data/historical-monthly-weather-data/wc2.1_cruts4.09_10m_prec_1958-05.asc
ncols        45
nrows        45
xllcorner    -63.500000000000
yllcorner    -7.500000000000
cellsize     0.166666666667
NODATA_value -9999
[rows 0 to 18 of 45, columns 0 to 43 of 45]
213.9499969482421875 212.100006103515625 210.2062530517578125 212.118743896484375 212.2624969482421875 211.8249969482421875 208.774993896484375 207.306243896484375 206.9562530517578125 208.568756103515625 209.28125 210.368743896484375 213 216.5124969482421875 221.725006103515625 228.587493896484375 234.412506103515625 239.0749969482421875 245.6687469482421875 253.5437469482421875 257.46875 260.36248779296875 266.42498779296875 270.337493896484375 275.70623779296875 283.08123779296875 290.89373779296875 300.743743896484375 307.36248779296875 310.9375 309.524993896484375 310.475006103515625 312.600006103515625 313.068756103515625 313.912506103515625 317.712493896484375 320.35626220703125 320.26251220703125 320.35626220703125 322.25 321.64373779296875 322.66876220703125 320.95001220703125 323.32501220703125
212.8249969482421875 210.100006103515625 210.681243896484375 213.6687469482421875 216.600006103515625 216.4812469482421875 213.087493896484375 211.368743896484375 211.5124969482421875 210.4875030517578125 210.493743896484375 210.725006103515625 211.2687530517578125 212.5625 216.1750030517578125 220.537506103515625 225.1937408447265625 231.2687530517578125 241.6437530517578125 251.9499969482421875 256.443756103515625 260.63751220703125 265.04998779296875 270.8125 275.412506103515625 280.475006103515625 289.46875 298.537506103515625 305.506256103515625 305.100006103515625 301.756256103515625 303.899993896484375 303.274993896484375 305.75 305.899993896484375 305.75 310.537506103515625 311.58123779296875 313.82501220703125 310.837493896484375 309.943756103515625 314.5 312.912506103515625 310.443756103515625
212.0625 211.868743896484375 214.287506103515625 216.4562530517578125 217.8625030517578125 218.0625 216.875 216.5500030517578125 216.556243896484375 214.818756103515625 213.056243896484375 211.1875 209.4875030517578125 207.4562530517578125 210.243743896484375 214.4375 217.0500030517578125 220.475006103515625 228.274993896484375 236.9499969482421875 240.850006103515625 246.056243896484375 250.3312530517578125 255.631256103515625 260.649993896484375 268.4375 279.23126220703125 287.58123779296875 293.23748779296875 292.51251220703125 289.443756103515625 289.34375 292.20623779296875 292.600006103515625 294.70623779296875 294.53125 298.274993896484375 300.96875 301.774993896484375 301.34375 303.431243896484375 302.79376220703125 303.493743896484375 301.39373779296875
208.7062530517578125 207.787506103515625 214.350006103515625 216.2062530517578125 217.8562469482421875 217.350006103515625 216.881256103515625 218.2062530517578125 220.6999969482421875 219.3125 214.787506103515625 210.850006103515625 205.631256103515625 201.9812469482421875 203.774993896484375 206.34375 207.337493896484375 208.8125 213.493743896484375 221.318756103515625 227.6999969482421875 230.9812469482421875 233.443756103515625 239.8000030517578125 245.631256103515625 252.40625 264.20001220703125 271.59375 277.743743896484375 279.57501220703125 277.368743896484375 276.84375 277.899993896484375 277.79376220703125 277.600006103515625 283.056243896484375 288.693756103515625 291.73748779296875 293.381256103515625 294.162506103515625 294.63751220703125 297.09375 293.875 290.85626220703125
218.3249969482421875 215.3562469482421875 210.837493896484375 212.25 215.350006103515625 214.212493896484375 214.7937469482421875 217.274993896484375 222.462493896484375 223.056243896484375 214.8937530517578125 206.78125 201.881256103515625 197.7312469482421875 198.4499969482421875 199.1999969482421875 198.506256103515625 197.9875030517578125 199.96875 206.306243896484375 211.9250030517578125 214.056243896484375 215.3000030517578125 224.46875 229.9187469482421875 237.100006103515625 244.9875030517578125 255.912506103515625 263.743743896484375 264.556243896484375 264.29376220703125 262.48126220703125 262.712493896484375 265.26251220703125 266.818756103515625 270.59375 277.931243896484375 283.71875 286.79376220703125 287.36248779296875 289.59375 288.1875 285.537506103515625 284.131256103515625
224.662506103515625 222.118743896484375 216.1062469482421875 208.368743896484375 211.7375030517578125 213.693756103515625 213.8562469482421875 214.0625 219.4812469482421875 220.84375 213.3125 204.0437469482421875 200.4375 197.15625 195.193756103515625 196.4375 193.4499969482421875 189.6062469482421875 189.6437530517578125 194.274993896484375 198 201.087493896484375 204.4437408447265625 209.725006103515625 216.056243896484375 223.087493896484375 231.4499969482421875 240.625 249.912506103515625 251.868743896484375 252.25 252.662506103515625 252.8874969482421875 254.7312469482421875 255.899993896484375 261.46875 267.712493896484375 273.350006103515625 280.274993896484375 281.806243896484375 281.66876220703125 281.0625 277.63751220703125 275.84375
232.868743896484375 229.03125 222.118743896484375 214.625 210.84375 207.9812469482421875 206.7062530517578125 205.931243896484375 203.662506103515625 205 202.25 198.149993896484375 196.84375 195.118743896484375 193.75 192.8249969482421875 191.787506103515625 187.212493896484375 183.587493896484375 185.1875 186.662506103515625 188.2687530517578125 189.287506103515625 196.0187530517578125 203.1437530517578125 211.8937530517578125 219.15625 227.6437530517578125 234.2687530517578125 237.34375 239.318756103515625 238.8874969482421875 238.493743896484375 240.350006103515625 242.774993896484375 250.118743896484375 255.662506103515625 261.743743896484375 269.568756103515625 274.162506103515625 273.33123779296875 270.600006103515625 267.537506103515625 267.29998779296875
239.8625030517578125 235.068756103515625 227.5187530517578125 221.443756103515625 216.8125 212.943756103515625 204.0187530517578125 191.537506103515625 183.0812530517578125 185.899993896484375 190.7375030517578125 192.1687469482421875 194.618743896484375 193.78125 192.693756103515625 192.125 190.15625 185.0500030517578125 178.931243896484375 174.8249969482421875 177.118743896484375 177.399993896484375 178.3000030517578125 182.3562469482421875 190.4812469482421875 195.3312530517578125 204.818756103515625 212.274993896484375 219.368743896484375 223.0812530517578125 225.4375 225.6374969482421875 226.5625 226.618743896484375 227.1437530517578125 233.337493896484375 240.5500030517578125 248.59375 254.3125 255.837493896484375 258.875 256.90625 255.3937530517578125 252.9187469482421875
245.068756103515625 239.875 233.524993896484375 226.212493896484375 220.2312469482421875 214.568756103515625 205.2937469482421875 194.024993896484375 181.556243896484375 176.556243896484375 181.912506103515625 188.3312530517578125 194.8249969482421875 194.806243896484375 191.943756103515625 190.0437469482421875 186.6750030517578125 182.09375 177.5 169.375 167.0749969482421875 168.8312530517578125 167.056243896484375 174.881256103515625 179.149993896484375 183.0812530517578125 189.931243896484375 199.649993896484375 209.318756103515625 211.8312530517578125 215.881256103515625 215.412506103515625 212.21875 210.375 212.5625 219.6062469482421875 227.412506103515625 235.756256103515625 243.28125 244.274993896484375 244.725006103515625 242.875 244.1999969482421875 245.0124969482421875
249.09375 244.8312530517578125 238.46875 232.2312469482421875 223.912506103515625 218.068756103515625 209.84375 200.225006103515625 192.5187530517578125 189.0749969482421875 189.5749969482421875 190.1374969482421875 197.412506103515625 197.243743896484375 193.149993896484375 186.65625 180.556243896484375 175.5437469482421875 171.368743896484375 166.006256103515625 161.84375 158.9375 157.6062469482421875 163.568756103515625 166.225006103515625 170.100006103515625 176.412506103515625 185.625 196.131256103515625 201.53125 202.8125 201.75 200.9875030517578125 199.8874969482421875 199.7874908447265625 206.25 213.181243896484375 221.850006103515625 229.743743896484375 235.524993896484375 239.806243896484375 240.875 236.40625 232.53125
252.7937469482421875 249.4875030517578125 242.318756103515625 236.46875 228.212493896484375 223.350006103515625 216.1374969482421875 205.875 199.9187469482421875 198.5437469482421875 199.368743896484375 201.6750030517578125 200.118743896484375 200.5749969482421875 192.162506103515625 182.2937469482421875 173.90625 169.087493896484375 164.4562530517578125 160.725006103515625 161.350006103515625 155.75 151.0749969482421875 148.381256103515625 154.71875 160.7062530517578125 166.8125 175.225006103515625 182.475006103515625 185.78125 188.837493896484375 189.756256103515625 188.6750030517578125 187.3874969482421875 186.743743896484375 191.15625 197.881256103515625 207.243743896484375 217.712493896484375 225.65625 231.587493896484375 231.4250030517578125 231.7937469482421875 225.25
257.33123779296875 252.493743896484375 245.993743896484375 240.162506103515625 233.4437408447265625 226.625 222.068756103515625 215.28125 211.818756103515625 208.037506103515625 208.3000030517578125 210.4812469482421875 202.8000030517578125 199.15625 191.443756103515625 179.7624969482421875 170.712493896484375 165.631256103515625 161.4812469482421875 159.65625 161.5500030517578125 158.162506103515625 151.9875030517578125 147.2937469482421875 146.587493896484375 148.21875 152.850006103515625 160.6687469482421875 169.21875 172.399993896484375 173.274993896484375 174.4187469482421875 173.693756103515625 172.6374969482421875 174.0437469482421875 180.6374969482421875 188.662506103515625 196.5124969482421875 205.4250030517578125 214.350006103515625 222.600006103515625 222.899993896484375 219.399993896484375 206.568756103515625
262.524993896484375 255.287506103515625 248.2062530517578125 242.725006103515625 235.75 231.368743896484375 225.568756103515625 218.9187469482421875 216.943756103515625 216.712493896484375 216.4250030517578125 214.4375 207.1875 193.493743896484375 183.7375030517578125 175.537506103515625 166.53125 161.5749969482421875 157.1937408447265625 155.118743896484375 158.25 153.850006103515625 147.75 142.8000030517578125 134.631256103515625 133.4562530517578125 141.6875 149.743743896484375 158.4562530517578125 162.40625 162.212493896484375 160.9499969482421875 159.649993896484375 158.2062530517578125 160.2937469482421875 168.712493896484375 177.725006103515625 187.84375 198.8249969482421875 207.7062530517578125 214.306243896484375 215.1062469482421875 205.2375030517578125 195.556243896484375
261.76251220703125 254.962493896484375 249.181243896484375 243.4187469482421875 238.024993896484375 232.912506103515625 227.181243896484375 222.162506103515625 222.256256103515625 222.1125030517578125 217.8312530517578125 211.3625030517578125 201.9812469482421875 190.2375030517578125 174.1750030517578125 168.15625 159.5625 153.8125 150.6062469482421875 148.6875 149.53125 145.8874969482421875 140.806243896484375 137.78125 132.1875 129.7375030517578125 134.2687530517578125 139.493743896484375 146.5437469482421875 148.881256103515625 151.2687530517578125 149.631256103515625 148.2937469482421875 147.2062530517578125 148.40625 158.4250030517578125 170.037506103515625 182.1875 194.3874969482421875 201.28125 200.3125 194.568756103515625 193.5812530517578125 194.568756103515625
259.006256103515625 253.712493896484375 248.943756103515625 243.024993896484375 237.15625 232.9499969482421875 230.037506103515625 226.875 224.975006103515625 221.9250030517578125 216.6062469482421875 208.09375 196.2062530517578125 183.631256103515625 165.506256103515625 158.9562530517578125 152.4187469482421875 149.006256103515625 145.8312530517578125 143.1374969482421875 143.662506103515625 141.181243896484375 137.9812469482421875 138.818756103515625 137.6875 136.5500030517578125 137.84375 140.9812469482421875 144.6437530517578125 145.3812408447265625 142.962493896484375 140.6374969482421875 141.149993896484375 137.6999969482421875 135.806243896484375 143.6062469482421875 161.15625 176.96875 187.056243896484375 190.524993896484375 188.412506103515625 188.2312469482421875 193.756256103515625 194.0812530517578125
255.1062469482421875 249.524993896484375 246.524993896484375 242.1125030517578125 236.056243896484375 233.881256103515625 232.037506103515625 228.818756103515625 225.056243896484375 222.1125030517578125 215.3937530517578125 204.943756103515625 192.243743896484375 180.40625 164.725006103515625 149.243743896484375 145.5812530517578125 145.6875 141.287506103515625 138.4562530517578125 138.649993896484375 138.9875030517578125 138.524993896484375 141.8625030517578125 141.8562469482421875 139.9812469482421875 139.912506103515625 140.5625 142.65625 143.7687530517578125 143.524993896484375 140.243743896484375 134.068756103515625 127.9875030517578125 125.1750030517578125 139.8937530517578125 152.712493896484375 166.462493896484375 177.662506103515625 184.681243896484375 186.15625 186.375 188.6750030517578125 185.46875
252.5812530517578125 247.6374969482421875 243.225006103515625 240.287506103515625 237.0625 233.5625 230.774993896484375 227.1875 224.7750091552734375 221.2624969482421875 215.412506103515625 205.537506103515625 191.75 178.5437469482421875 165.21875 152.2062530517578125 138.993743896484375 138.2687530517578125 136.649993896484375 134.5437469482421875 134.712493896484375 135.006256103515625 136.9812469482421875 143.274993896484375 146.100006103515625 139.9499969482421875 137.8937530517578125 138.399993896484375 139.943756103515625 140.962493896484375 141.6687469482421875 140.9812469482421875 135.712493896484375 130.75 134.6687469482421875 142.399993896484375 154.600006103515625 167.618743896484375 181.28125 183.274993896484375 183.1437530517578125 181.6062469482421875 179.118743896484375 178.881256103515625
248.068756103515625 244.8687591552734375 241.84375 238.125 234.9499969482421875 233.8000030517578125 229.693756103515625 224.9187469482421875 221.2624969482421875 218.4250030517578125 213.006256103515625 205.524993896484375 190.5500030517578125 179.1187591552734375 166.6374969482421875 155 142.5124969482421875 131.8312530517578125 135.274993896484375 132.4499969482421875 131.381256103515625 131.4875030517578125 132.8562469482421875 139.0749969482421875 142.6999969482421875 138.4375 134.3125 136.131256103515625 138.243743896484375 137.5187530517578125 133.9187469482421875 131.068756103515625 136.5812530517578125 137.9562530517578125 139.087493896484375 152.46875 164.2687530517578125 171.225006103515625 179.443756103515625 182.3874969482421875 177.2687530517578125 174.774993896484375 172.5812530517578125 172.943756103515625
243.3249969482421875 240.837493896484375 237.443756103515625 235.943756103515625 234.068756103515625 231.1875 227.931243896484375 224.3125 220.725006103515625 218.962493896484375 212.4499969482421875 199.8312530517578125 187.3625030517578125 177.381256103515625 165.90625 156.3937530517578125 146.787506103515625 134.3937530517578125 128.943756103515625 127.34375 126.34999847412109375 127.625 121.5625 128.193756103515625 131.8312530517578125 133.34375 133.5812530517578125 132.7062530517578125 134.8249969482421875 134.3874969482421875 133.037506103515625 134.46875 138.556243896484375 139.8000030517578125 142.681243896484375 153.212493896484375 160.0812530517578125 164.625 172.5124969482421875 172.899993896484375 169.368743896484375 165.9875030517578125 166.21875 168.618743896484375
