data/historical-monthly-weather-data/wc2.1_cruts4.09_10m_prec_1952-09.asc
ncols        51
nrows        45
xllcorner    -63.500000000000
yllcorner    -7.500000000000
cellsize     0.166666666667
NODATA_value -9999
[rows 0 to 18 of 45, columns 0 to 43 of 51]
104.69374847412109375 98.0437469482421875 96.93125152587890625 98.3625030517578125 98.68125152587890625 100.09375 99.21875 97.2687530517578125 96.90000152587890625 96.90625 98.28749847412109375 100.9187469482421875 103.63124847412109375 105.1062469482421875 107.4812469482421875 109.1687469482421875 111.77500152587890625 112.0124969482421875 113.0625 112.86875152587890625 111.78749847412109375 108.71250152587890625 106.49375152587890625 103.8000030517578125 100.625 99.09999847412109375 98.31874847412109375 97.49375152587890625 95.1437530517578125 91.88124847412109375 87.6687469482421875 84.7375030517578125 84.6687469482421875 83.40625 83.75 90.00624847412109375 98.3874969482421875 106.90625 115.02500152587890625 123.66249847412109375 132.2687530517578125 138 141.743743896484375 145.9187469482421875
100.6687469482421875 93.40625 93.15000152587890625 95.2062530517578125 97.86875152587890625 96.7375030517578125 94.52500152587890625 94.19374847412109375 93.8000030517578125 93.4875030517578125 94.3312530517578125 96.2375030517578125 98.3562469482421875 99.0812530517578125 101.2687530517578125 103.8562469482421875 105.65000152587890625 107.25 108.8000030517578125 109.66249847412109375 107.81874847412109375 106.25 103.77500152587890625 101.5749969482421875 97.63124847412109375 95.53125 95.3312530517578125 94.90625 92.02500152587890625 88.38124847412109375 84.27500152587890625 81.8312530517578125 81.84375 82.7624969482421875 84.56874847412109375 93.02500152587890625 103.78749847412109375 114.99375152587890625 123.97499847412109375 133.3937530517578125 143.0812530517578125 149.399993896484375 154.6999969482421875 157.662506103515625
97.6875 92.5187530517578125 91.90625 93.46250152587890625 94.77500152587890625 94.3125 92.21875 90.84375 90.5812530517578125 90.21875 90.5437469482421875 91.84999847412109375 93.47499847412109375 93.77500152587890625 95.4250030517578125 98.25624847412109375 99.8312530517578125 101.1750030517578125 102.25 102.94374847412109375 101.02500152587890625 98.7937469482421875 96.8249969482421875 94.8625030517578125 91.5 88.90625 90.0437469482421875 89.34375 87.21875 83.6125030517578125 79.46875 77.2624969482421875 79.6750030517578125 82.09999847412109375 85.6125030517578125 95.3937530517578125 107.7375030517578125 120.8625030517578125 131.399993896484375 142.3125 153.3312530517578125 159.068756103515625 165.337493896484375 169.181243896484375
93.0437469482421875 89.28125 91.02500152587890625 90.71875 90.5187530517578125 89.74375152587890625 88.4375 88.0749969482421875 88.03749847412109375 87.75 87.09375 87.8312530517578125 87.74375152587890625 88.2937469482421875 89.99375152587890625 92.4375 94.46250152587890625 95.2687530517578125 96.65625 97.41249847412109375 95.1374969482421875 91.6125030517578125 88.59999847412109375 86.8000030517578125 83.5187530517578125 81.59999847412109375 82.28749847412109375 81.09375 80.1750030517578125 77.63124847412109375 74.6999969482421875 72.40000152587890625 75.48749542236328125 79.44374847412109375 84.1125030517578125 97.30625152587890625 112.2624969482421875 126.93125152587890625 139.256256103515625 150.256256103515625 161.068756103515625 166.875 172.8000030517578125 177.7375030517578125
97.71250152587890625 91.6999969482421875 87.94374847412109375 86.65625 87.28749847412109375 86.72499847412109375 85.1687469482421875 84.6750030517578125 85.2062530517578125 84.6999969482421875 83.59999847412109375 82.90000152587890625 83.03125 84.1062469482421875 85.9250030517578125 88.05625152587890625 89.625 89.7312469482421875 90.1999969482421875 89.78749847412109375 88.11875152587890625 83.4375 80.7062530517578125 78.9499969482421875 76.09999847412109375 74.30625152587890625 73.9812469482421875 74.1125030517578125 73.5625 71.0812530517578125 68.96250152587890625 66.8937530517578125 70.83750152587890625 76.59375 83.5625 97.40625 113.5500030517578125 130.743743896484375 144.5124969482421875 156.774993896484375 168.1437530517578125 173.287506103515625 177.8937530517578125 183.962493896484375
101.8874969482421875 95.5749969482421875 90.1062469482421875 84.34999847412109375 85.16249847412109375 87.3125 86.65000152587890625 85.1437530517578125 85.15000152587890625 85.08750152587890625 83.3249969482421875 82.2062530517578125 82.21250152587890625 83.1125030517578125 83.99375152587890625 85.99375152587890625 86.9875030517578125 85.61875152587890625 84.71250152587890625 83.78749847412109375 80.7937469482421875 76.96250152587890625 73.99375152587890625 71.77500152587890625 69.91249847412109375 68.00624847412109375 67.71875 68.28749847412109375 67.75624847412109375 65.6750030517578125 64.0812530517578125 64.43125152587890625 69.3625030517578125 75.7062530517578125 83.0749969482421875 98.3000030517578125 114.81874847412109375 133.399993896484375 148.6687469482421875 161.1750030517578125 168.318756103515625 173.1750030517578125 177.6687469482421875 184.46875
107.6437530517578125 101.71250152587890625 95.8125 89.78749847412109375 87.4499969482421875 86.46250152587890625 86.3874969482421875 85.58124542236328125 84.50624847412109375 83.09375 81.93125152587890625 81.44374847412109375 81.77500152587890625 82.125 82.78125 84.06874847412109375 84.6125030517578125 82.7937469482421875 80.16249847412109375 77.40625 73.90000152587890625 70.36875152587890625 66.80625152587890625 64.78125 63.59375 62.36875152587890625 62.34999847412109375 62.856250762939453125 62.15625 60.5625 59.86875152587890625 60.24375152587890625 66.40625 74.0500030517578125 82.50624847412109375 96.625 113.2062530517578125 133.1875 151.225006103515625 160.631256103515625 166.8249969482421875 169.556243896484375 173.7687530517578125 181.1374969482421875
113.8249969482421875 107.875 101.91875457763671875 97.53749847412109375 94.8249969482421875 93.5124969482421875 90.09999847412109375 84.91875457763671875 81.6875 80.5124969482421875 80.51874542236328125 80.7062530517578125 81.24375152587890625 81.3000030517578125 82.0187530517578125 81.7624969482421875 81.5 79.11875152587890625 75.59375 70.66249847412109375 67.46250152587890625 63.91249847412109375 60.61875152587890625 58.549999237060546875 57.356250762939453125 56.43125152587890625 56.299999237060546875 56.4375 56.49375152587890625 55.65625 55.612499237060546875 56.52500152587890625 63.21875 71.71875 79.8937530517578125 93.2375030517578125 108.78125 126.22499847412109375 140.056243896484375 149.7937469482421875 155.649993896484375 157.806243896484375 161.931243896484375 167.375
119.9562530517578125 114.6750030517578125 109.5812530517578125 105.0749969482421875 101.93125152587890625 99.27500152587890625 95.5437469482421875 90.09375 85.1687469482421875 81.50624847412109375 81.2687530517578125 81.53125 82.94374847412109375 82.53125 81.7062530517578125 80.0625 78.36875152587890625 75.4499969482421875 72.1750030517578125 67.00624847412109375 62.96875 59.88124847412109375 55.81874847412109375 54.59375 52.987499237060546875 51.637500762939453125 51.65000152587890625 52.268749237060546875 53.012500762939453125 52.78749847412109375 53.78125 54.049999237060546875 59.58750152587890625 66.1750030517578125 73.83750152587890625 87.03125 101.3312530517578125 115.31874847412109375 125.4875030517578125 133.7624969482421875 139.0625 140.4812469482421875 144.0749969482421875 148.8249969482421875
124.78125 120.1750030517578125 115.59999847412109375 111.25 108.7062530517578125 105.9375 101.84999847412109375 95.80625152587890625 91.2062530517578125 87.71875 85.5812530517578125 84.44374847412109375 84.9375 84.8000030517578125 81.53749847412109375 78.6125030517578125 74.6999969482421875 71.27500152587890625 67.8312530517578125 63.68125152587890625 59.83750152587890625 55.831249237060546875 51.65625 50.00624847412109375 48.012500762939453125 46.77500152587890625 47.143749237060546875 47.924999237060546875 48.887500762939453125 49.893749237060546875 50.356250762939453125 50.875 55.887500762939453125 62.33750152587890625 69.2687530517578125 80.41249847412109375 92.96250152587890625 104.40625 111.46875 117.96250152587890625 122.40625 124.1875 123.52500152587890625 126.46875
131.399993896484375 126.8312530517578125 122.41249847412109375 117.94374847412109375 114.9812469482421875 113.00624847412109375 108.8937530517578125 101.2624969482421875 95.84375 92.28125 90.08750152587890625 88.97499847412109375 87.5625 85.81874847412109375 80.6875 75.6875 70.2062530517578125 66.56874847412109375 63.09999847412109375 59.65000152587890625 56.99375152587890625 53.09375 48.668750762939453125 44.96875 43.63124847412109375 43.706249237060546875 44.33750152587890625 44.612499237060546875 45.018749237060546875 46.299999237060546875 47.387500762939453125 48.262500762939453125 53.02500152587890625 58.393749237060546875 64.3874969482421875 73.65000152587890625 83.81874847412109375 92.9250030517578125 99.6062469482421875 103.5187530517578125 105.5749969482421875 105.86249542236328125 107.1062469482421875 106.74375152587890625
135.618743896484375 131.0625 126.84375 123.3874969482421875 120.3000030517578125 118.0437469482421875 114.72499847412109375 107.34375 100.9499969482421875 96.3249969482421875 93.80625152587890625 91.86875152587890625 87.7937469482421875 83.78749847412109375 79.27500152587890625 73.61875152587890625 68.27500152587890625 63.91249847412109375 60.5 58.075000762939453125 56.174999237060546875 52.09375 47.137500762939453125 43.03749847412109375 41.15000152587890625 40.55625152587890625 41 41.481250762939453125 41.6875 43.174999237060546875 44.25 45.268749237060546875 49.450000762939453125 54.55625152587890625 60.43125152587890625 68.38124847412109375 76.56874847412109375 84.1687469482421875 87.5124969482421875 89.0625 89.6125030517578125 88.6437530517578125 89.34375 88.3625030517578125
138.6999969482421875 134.1062469482421875 129.568756103515625 125.19374847412109375 121.52500152587890625 119.0124969482421875 114.9562530517578125 108.4562530517578125 103.68125152587890625 99.66249847412109375 96.1750030517578125 93.0749969482421875 88.22499847412109375 81.1125030517578125 75.36875152587890625 70.625 65.46250152587890625 61.456249237060546875 58.24375152587890625 55.63124847412109375 53.9375 50.34999847412109375 45.38124847412109375 41.69374847412109375 38.59375 37.50624847412109375 38.38124847412109375 39.15625 39.6875 40.924999237060546875 41.50624847412109375 42.30625152587890625 46.18125152587890625 50.018749237060546875 54.8125 62.375 71 78.4812469482421875 82.5500030517578125 80.6999969482421875 77.5437469482421875 77.41249847412109375 76.47499847412109375 69.26250457763671875
140.5749969482421875 135.5437469482421875 130.0749969482421875 125.31874847412109375 121.6687469482421875 117.90000152587890625 113.4812469482421875 108.72499847412109375 104.44374847412109375 101.18125152587890625 96.875 91.0749969482421875 85.2687530517578125 78.15000152587890625 70.99375152587890625 66.80625152587890625 62.08750152587890625 58.043750762939453125 54.47499847412109375 51.9375 49.924999237060546875 46.331249237060546875 42.4375 40.268749237060546875 37.831249237060546875 36.24375152587890625 36.75624847412109375 37.1875 37.36875152587890625 38.63124847412109375 39.88124847412109375 40.30625152587890625 43.206249237060546875 46.3125 50.59999847412109375 58.59375 68.09999847412109375 78.00624847412109375 83.30625152587890625 83.25 74.3625030517578125 67.9499969482421875 66.95000457763671875 65.4499969482421875
140.649993896484375 134.5812530517578125 128.743743896484375 123.96250152587890625 120.22499847412109375 114.7937469482421875 111.3562469482421875 106.63124847412109375 102.5 99.9499969482421875 95.0124969482421875 88.61875152587890625 81.96250152587890625 74.90625 67.4250030517578125 62.393749237060546875 58.47499847412109375 55.206249237060546875 51.512500762939453125 49.06874847412109375 47.112499237060546875 44.25624847412109375 41.24375152587890625 40.237499237060546875 39.3125 38.075000762939453125 38.012500762939453125 37.512500762939453125 37.02500152587890625 38.09999847412109375 38.09375 38.262500762939453125 41.06874847412109375 43.450000762939453125 45.99375152587890625 54.581249237060546875 67.25 82.15625 91.7375030517578125 91.2062530517578125 84.9812469482421875 77.1125030517578125 74.02500152587890625 70.30625152587890625
139.09375 132.4499969482421875 127.2375030517578125 122.1374969482421875 117.11875152587890625 113.1125030517578125 109.0437469482421875 104.30625152587890625 100.96875 98.49375152587890625 93.43125152587890625 86.0749969482421875 78.83750152587890625 71.9250030517578125 64.875 58.543750762939453125 54.768749237060546875 52.40625 49.0625 46.90000152587890625 44.643749237060546875 42.65000152587890625 40.918750762939453125 41.21875 41.012500762939453125 39.65000152587890625 39.018749237060546875 38.418750762939453125 37.887500762939453125 38.262500762939453125 38.84999847412109375 38.27500152587890625 39.86875152587890625 42.22499847412109375 43.61875152587890625 54.018749237060546875 69.7624969482421875 85.68125152587890625 99.25 102.2687530517578125 100.34999847412109375 90.19374847412109375 80.8249969482421875 73.02500152587890625
135.662506103515625 129.568756103515625 125.0187530517578125 120.16249847412109375 114.96250152587890625 111.3000030517578125 107.26250457763671875 103.2312469482421875 99.84375 96.56874847412109375 92.1374969482421875 84.40000152587890625 76.21875 68.9250030517578125 63.256252288818359375 57.65000152587890625 51.99375152587890625 49.293750762939453125 47.09375 44.90000152587890625 42.53749847412109375 40.893749237060546875 40.299999237060546875 42.125 42.875 40.86875152587890625 40.05625152587890625 39.418750762939453125 38.94374847412109375 39.512500762939453125 40.731250762939453125 41.768749237060546875 42.856250762939453125 44.481250762939453125 49.65000152587890625 59.3125 73.61875152587890625 95.09375 115.7624969482421875 113.24375152587890625 104.96250152587890625 93.91249847412109375 82.0124969482421875 75.3000030517578125
132.318756103515625 126.61875152587890625 121.1875 116.5 112.40625 108.9812469482421875 104.6750030517578125 100.30625152587890625 97.5625 93.83750152587890625 89.40000152587890625 82.09999847412109375 74.25 67.28125 61.75624847412109375 56.84375 51.6875 46.831249237060546875 45.53749847412109375 43.28125 41.174999237060546875 39.106250762939453125 38.643749237060546875 41.231250762939453125 42.862499237060546875 41.52500152587890625 41.450000762939453125 40.99375152587890625 40.25 40.19374847412109375 40.81874847412109375 41.762500762939453125 47.40000152587890625 53.456249237060546875 56.924999237060546875 63.0625 79.4250030517578125 99.2062530517578125 112.15000152587890625 112.375 101.2062530517578125 90.50624847412109375 80.875 77.0187530517578125
128.600006103515625 122.46875 117.00624847412109375 113.0437469482421875 108.8249969482421875 105.7687530517578125 101.6875 98.45000457763671875 95.4812469482421875 91.90000152587890625 87.41249847412109375 80.06874847412109375 72.375 65.91249847412109375 60.25624847412109375 56.1875 51.84375 46.731250762939453125 43.762500762939453125 41.68125152587890625 40.262500762939453125 40.13124847412109375 36.41249847412109375 38.8125 41.24375152587890625 42.375 43.28749847412109375 42.875 43.143749237060546875 42.543750762939453125 42.30625152587890625 46.268749237060546875 56.075000762939453125 62.84375 68.13124847412109375 75.21875 85.7624969482421875 96.6875 103.53125 102.21250152587890625 94.2062530517578125 85.90000152587890625 79.1437530517578125 76.65625
