data/historical-monthly-weather-data/wc2.1_cruts4.09_10m_prec_1954-05.asc
ncols        45
nrows        45
xllcorner    -63.500000000000
yllcorner    -7.500000000000
cellsize     0.166666666667
NODATA_value -9999
[rows 0 to 18 of 45, columns 0 to 43 of 45]
348.88751220703125 350.256256103515625 351.0625 358.26251220703125 362.056243896484375 361.975006103515625 356.993743896484375 354.07501220703125 349.46875 347.57501220703125 343.431243896484375 335.36248779296875 329.256256103515625 324.04998779296875 318.074981689453125 314.15625 309.287506103515625 304.54998779296875 302.70001220703125 303.16876220703125 302.92498779296875 302.100006103515625 304.818756103515625 304.65625 305.993743896484375 309.40625 312.51873779296875 317.59375 319.462493896484375 319.693756103515625 315.04376220703125 313.01873779296875 313.58123779296875 312.712493896484375 312.556243896484375 317.63751220703125 321.993743896484375 323.67498779296875 325.9375 330.068756103515625 331.524993896484375 334.01873779296875 333.524993896484375 337.274993896484375
343.20623779296875 342.96875 348.193756103515625 357.51873779296875 366.45001220703125 367.13751220703125 361.756256103515625 358.57501220703125 354.868743896484375 348.61248779296875 343.287506103515625 333.78125 324.337493896484375 315.756256103515625 307.725006103515625 300.725006103515625 294.350006103515625 289.33123779296875 289.76873779296875 291.08123779296875 291.024993896484375 291.443756103515625 292.03125 294.15625 294.98126220703125 296.25 301.837493896484375 307.4375 311.006256103515625 308.056243896484375 302.26251220703125 302.225006103515625 301.11248779296875 303.350006103515625 303.625 305.618743896484375 312.943756103515625 316.493743896484375 321.17498779296875 320.45623779296875 321.78125 327.962493896484375 327.61248779296875 326.337493896484375
326.35626220703125 328.774993896484375 336.28125 343.850006103515625 349.98748779296875 352.26251220703125 351.962493896484375 352.45623779296875 349.662506103515625 343.46875 336.481231689453125 324.899993896484375 313.23748779296875 300.96875 292.631256103515625 286.21875 278.1875 271.537506103515625 270.493743896484375 271.256256103515625 270.625 272.01251220703125 272.181243896484375 273.26873779296875 273.912506103515625 277.600006103515625 285.5625 291.16876220703125 294.193756103515625 291.712493896484375 287.03125 285.524993896484375 288.506256103515625 289.32501220703125 292.118743896484375 294.5 301.14373779296875 306.70001220703125 309.9375 311.856231689453125 316.23748779296875 316.975006103515625 318.95001220703125 317.95001220703125
304.95623779296875 304.86248779296875 317.506256103515625 323.625 329.556243896484375 331.65625 333.79376220703125 338.118743896484375 340.475006103515625 336.13751220703125 326.337493896484375 313.1875 297.931243896484375 284.85626220703125 276.20623779296875 268.618743896484375 259.774993896484375 252.9875030517578125 250.4812469482421875 252.03125 254.3125 253.350006103515625 251.3000030517578125 252.7937469482421875 253.5812530517578125 255.6062469482421875 265.01251220703125 270.33123779296875 274.587493896484375 275.412506103515625 272.399993896484375 271.23126220703125 272.987518310546875 273.85626220703125 274.89373779296875 283.1875 292.03125 298.1875 302.306243896484375 305.475006103515625 308.11248779296875 312.04376220703125 309.82501220703125 307.76873779296875
302.79376220703125 298.66876220703125 294.568756103515625 299.243743896484375 306.487518310546875 308.274993896484375 312.806243896484375 319.681243896484375 326.912506103515625 326.76873779296875 313.100006103515625 295.649993896484375 282.61248779296875 270.399993896484375 261.48748779296875 252.6999969482421875 243.0625 235.943756103515625 232.2375030517578125 233.743743896484375 235.212493896484375 232.7937469482421875 229.2062530517578125 233.09375 232.8937530517578125 234.8937530517578125 240.868743896484375 250.3562469482421875 256.962493896484375 257.4375 257.006256103515625 255.2687530517578125 256.65625 260.556243896484375 263.71875 270.63751220703125 281.368743896484375 290.537506103515625 296.168731689453125 299.087493896484375 303.57501220703125 303.36248779296875 301.681243896484375 301.274993896484375
293.48126220703125 289.71875 283.95001220703125 276.38751220703125 283.6875 289.90625 294.01873779296875 297.95623779296875 305.98126220703125 307.806243896484375 296.58123779296875 279.412506103515625 269.76251220703125 260.318756103515625 250.006256103515625 243.837493896484375 233.243743896484375 223.662506103515625 219.068756103515625 219.662506103515625 218.8249969482421875 217.1062469482421875 215.368743896484375 215.21875 216.0500030517578125 218.0749969482421875 224.9187469482421875 233.15625 241.5625 243.337493896484375 243.662506103515625 244.193756103515625 245.5124969482421875 248.649993896484375 251.3625030517578125 259.92498779296875 269.475006103515625 278.34375 287.92498779296875 291.88751220703125 293.95001220703125 294.60626220703125 292.193756103515625 291.40625
286.23126220703125 280.79376220703125 274.431243896484375 267.79376220703125 265.90625 265.91876220703125 268.193756103515625 270.79998779296875 268.91876220703125 271.36248779296875 267.837493896484375 259.42498779296875 254.287506103515625 248.368743896484375 241.0187530517578125 234.212493896484375 227.8000030517578125 218.725006103515625 211.056243896484375 209.1062469482421875 205.4499969482421875 201.6374969482421875 197.1750030517578125 198.6750030517578125 200.5625 204.506256103515625 210.65625 218.618743896484375 224.818756103515625 227.7687530517578125 229.662506103515625 229.368743896484375 229.9812469482421875 232.9187469482421875 236.693756103515625 246.78125 255.4250030517578125 264.59375 275.037506103515625 282.17498779296875 283.5625 282.087493896484375 280.09375 280.95623779296875
278.20001220703125 271.618743896484375 265 260.63751220703125 258.09375 256.96875 249.875 238.024993896484375 228.962493896484375 233.6374969482421875 240.399993896484375 240.3562469482421875 241.131256103515625 237.618743896484375 232.631256103515625 228.256256103515625 222.4562530517578125 213.9812469482421875 204.524993896484375 196.975006103515625 193.9499969482421875 188.3312530517578125 183.4250030517578125 182.368743896484375 185.462493896484375 185.931243896484375 194.5749969482421875 201.8937530517578125 208.8625030517578125 212.4562530517578125 214.7624969482421875 215.0625 216.8000030517578125 217.84375 219.587493896484375 228.306243896484375 238.3312530517578125 249.2062530517578125 257.5 261.462493896484375 266.831268310546875 266.20001220703125 265.82501220703125 264.381256103515625
271.443756103515625 265 259.899993896484375 254.21875 250.09375 246.912506103515625 239.65625 229.7062530517578125 216.3562469482421875 211.6125030517578125 219.056243896484375 225.756256103515625 232.100006103515625 230.618743896484375 225.53125 221.5500030517578125 215.850006103515625 208.618743896484375 201.318756103515625 189.5812530517578125 181.618743896484375 177.65625 170.15625 173.09375 172.5812530517578125 172.412506103515625 178.649993896484375 188.15625 197.568756103515625 199.9250030517578125 203.6750030517578125 203.2624969482421875 200.881256103515625 199.9000091552734375 202.993743896484375 212.274993896484375 222.618743896484375 233.5812530517578125 243.6374969482421875 247.1374969482421875 249.8874969482421875 249.4250030517578125 252.0749969482421875 254.087493896484375
264.10626220703125 259.15625 254.162506103515625 249.6875 243.024993896484375 239.712493896484375 233.875 226.2062530517578125 219.09375 216.5625 218.3249969482421875 218.59375 226.350006103515625 225.5749969482421875 220.850006103515625 213.462493896484375 206.3249969482421875 199.125 192.6374969482421875 184.34375 174.4499969482421875 165.6875 158.90625 160.181243896484375 158.3937530517578125 158.4250030517578125 164.2062530517578125 173.2375030517578125 183.4250030517578125 188.350006103515625 189.3625030517578125 188.25 187.975006103515625 187.5187530517578125 188.243743896484375 196.7312469482421875 205.975006103515625 216.9875030517578125 227.368743896484375 235.6999969482421875 242.40625 245.0124969482421875 241.8312530517578125 239.1062469482421875
257.01873779296875 253.5437469482421875 247.8000030517578125 243.681243896484375 237.225006103515625 234.96875 230.375 222.287506103515625 217.5374908447265625 217.5124969482421875 219.875 222.65625 221.0500030517578125 221.7624969482421875 213.618743896484375 204.03125 195.693756103515625 189.274993896484375 182.65625 176.524993896484375 171.9499969482421875 160.462493896484375 150.5 143.53125 145.6437530517578125 147.943756103515625 153.537506103515625 161.8125 168.8937530517578125 171.787506103515625 174.28125 174.9375 174.212493896484375 173.4187469482421875 173.462493896484375 179.7687530517578125 188.524993896484375 199.9562530517578125 212.7687530517578125 223.256256103515625 231.6875 233.1125030517578125 234.9375 229.600006103515625
253.90625 249.287506103515625 244.287506103515625 240.1875 235.256256103515625 230.7062530517578125 228.59375 224.03125 222.0187530517578125 219.506256103515625 221.181243896484375 224.15625 216.506256103515625 213.306243896484375 206.25 195.006256103515625 186.306243896484375 180.0437469482421875 174.5124969482421875 170.8874969482421875 168.2062530517578125 159.59375 148.600006103515625 140.243743896484375 136.1875 134.943756103515625 139.1687469482421875 146.7062530517578125 154.84375 157.524993896484375 157.96875 158.7624969482421875 158.2624969482421875 157.5124969482421875 159.274993896484375 167.3249969482421875 177.0187530517578125 186.7375030517578125 198.0749969482421875 209.65625 220.4562530517578125 222.3874969482421875 220.2937469482421875 208.600006103515625
251.90625 245.399993896484375 239.8625030517578125 236.0500030517578125 230.7687530517578125 228.399993896484375 224.662506103515625 220 219.4250030517578125 220.5625 221.625 220.493743896484375 213.875 200.556243896484375 191.5187530517578125 184.068756103515625 175.5749969482421875 169.931243896484375 164.649993896484375 161.28125 160.4937591552734375 151.649993896484375 141.4875030517578125 133.662506103515625 123.375 120.15000152587890625 127.5437469482421875 135.118743896484375 143.21875 146.506256103515625 145.975006103515625 144.5625 143.412506103515625 142.225006103515625 144.443756103515625 153.8312530517578125 164.1125030517578125 175.6875 189.068756103515625 200.7312469482421875 210.0812530517578125 212.5187530517578125 204.118743896484375 195.625
244.462493896484375 238.8000030517578125 234.53125 230.3625030517578125 226.537506103515625 223.15625 219.181243896484375 215.881256103515625 217.2624969482421875 218.3874969482421875 215.3874969482421875 209.84375 201.3312530517578125 190.431243896484375 175.1374969482421875 169.9375 161.962493896484375 155.9562530517578125 152.350006103515625 149.6374969482421875 147.2937469482421875 140.131256103515625 131.8874969482421875 126.5749969482421875 119.33750152587890625 115.44374847412109375 119.4187469482421875 124.30625152587890625 130.743743896484375 132.5437469482421875 134.3000030517578125 132.5437469482421875 131.318756103515625 130.337493896484375 131.6374969482421875 142.118743896484375 154.431243896484375 167.587493896484375 182.0437469482421875 191.8249969482421875 193.8562469482421875 189.96875 190.4187469482421875 192.6999969482421875
236.318756103515625 232.399993896484375 229.056243896484375 224.7062530517578125 220.3562469482421875 217.5625 216.0187530517578125 214.1875 213.40625 211.4875030517578125 207.274993896484375 199.34375 188.09375 176.193756103515625 159.0749969482421875 153.1125030517578125 147.056243896484375 143.662506103515625 140.4187469482421875 137.3625030517578125 135.818756103515625 131.118743896484375 125.8874969482421875 124.94374847412109375 122.4187469482421875 120.16249847412109375 121.2312469482421875 124.09999847412109375 127.3625030517578125 127.75624847412109375 125.34999847412109375 123.0437469482421875 123.3562469482421875 120.24375152587890625 118.6875 126.8312530517578125 143.943756103515625 159.84375 171.350006103515625 176.943756103515625 177.2937469482421875 179.475006103515625 187.1687469482421875 189.65625
227.5625 223.693756103515625 221.8874969482421875 218.818756103515625 214.2624969482421875 213.1125030517578125 212.2624969482421875 210.118743896484375 207.3312530517578125 205.2687530517578125 199.5562591552734375 189.399993896484375 177.0625 165.5749969482421875 150.9375 136.625 133.162506103515625 133.1750030517578125 129.0812530517578125 126.34375 125.50624847412109375 124.6125030517578125 123.0187530517578125 125.0437469482421875 124.1875 121.84375 121.66249847412109375 122.18125152587890625 123.94374847412109375 124.71250152587890625 124.22499847412109375 121.16249847412109375 115.63124847412109375 110.21250152587890625 107.7375030517578125 121.5500030517578125 134.037506103515625 147.537506103515625 158.90625 166.6062469482421875 169.59375 173.0437469482421875 178.6750030517578125 178.71875
220.0625 217.0124969482421875 213.9499969482421875 212.087493896484375 209.9812469482421875 207.375 205.3937530517578125 202.6875 200.962493896484375 198.1750030517578125 193.087493896484375 183.09375 169.4875030517578125 156.537506103515625 144.181243896484375 132.256256103515625 120.28125 119.6437530517578125 118.25624847412109375 116.44374847412109375 116.5812530517578125 116.7624969482421875 118.40625 123.66249847412109375 125.9250030517578125 120.44374847412109375 118.5 118.7624969482421875 119.9187469482421875 120.65000152587890625 121.08750152587890625 120.3000030517578125 115.5124969482421875 110.98749542236328125 114.18125152587890625 121.7312469482421875 133.375 145.7937469482421875 158.4562530517578125 160.881256103515625 161.90625 164.4375 166.375 169.850006103515625
209.9875030517578125 208.7375030517578125 206.8000030517578125 204.09375 201.850006103515625 200.943756103515625 197.4562530517578125 193.4375 190.59375 188.5187530517578125 183.931243896484375 175.8625030517578125 161.2375030517578125 149.8000030517578125 138.212493896484375 127.50624847412109375 116.31874847412109375 107.31874847412109375 109.9187469482421875 107.5500030517578125 107.94374847412109375 109.5500030517578125 112.16249847412109375 117.8937530517578125 121.25 117.8125 114.09375 115.34999847412109375 116.96875 116.3000030517578125 113.22499847412109375 110.7375030517578125 114.9812469482421875 115.68125152587890625 116.3625030517578125 128.5625 139.7687530517578125 146.90625 155.0187530517578125 158.5812530517578125 155.40625 156.6062469482421875 158.2062530517578125 161.756256103515625
199.8874969482421875 199.462493896484375 197.100006103515625 196.0812530517578125 194.693756103515625 191.9812469482421875 188.850006103515625 185.5124969482421875 182.8312530517578125 181.743743896484375 176.381256103515625 164.006256103515625 151.556243896484375 141.350006103515625 130.725006103515625 121.76250457763671875 112.90625 102.77500152587890625 98.1062469482421875 96.78125 98.43125152587890625 102.38124847412109375 100.30625152587890625 106.7312469482421875 110.4250030517578125 112.1750030517578125 112.1374969482421875 111.0749969482421875 112.61875152587890625 112.3000030517578125 111.2937469482421875 112.53125 115.43125152587890625 115.83750152587890625 117.8000030517578125 127.44374847412109375 134.3625030517578125 139.399993896484375 147.5500030517578125 149.3125 147.84375 147.537506103515625 150.5124969482421875 155.287506103515625
