data/historical-monthly-weather-data/wc2.1_cruts4.09_10m_prec_2002-01.asc
ncols        45
nrows        45
xllcorner    -63.500000000000
yllcorner    -7.500000000000
cellsize     0.166666666667
NODATA_value -9999
[rows 0 to 19 of 45, columns 0 to 44 of 45]
70.375 66.91249847412109375 63.22499847412109375 60.72499847412109375 57.90000152587890625 57.59375 56.793750762939453125 55.325000762939453125 55.450000762939453125 56.52500152587890625 58.356250762939453125 61.356250762939453125 64.0187530517578125 65.1437530517578125 67.7937469482421875 71.4499969482421875 75.0625 76.7062530517578125 81.71875 86.7937469482421875 91.80625152587890625 97.875 104.21875 110.3312530517578125 117.9875030517578125 125.25624847412109375 133.1374969482421875 142.337493896484375 152.3625030517578125 159.993743896484375 168.0500030517578125 176.337493896484375 182.7062530517578125 190.75 197.4250030517578125 204.1999969482421875 208.21875 210.9499969482421875 214.0812530517578125 216.649993896484375 218.28125 219.806243896484375 220.0625 220.78125 221.78125
74.1125030517578125 70.49375152587890625 67.5500030517578125 65.03749847412109375 63.143749237060546875 63.481250762939453125 63.231250762939453125 63.231250762939453125 64.84999847412109375 66.76874542236328125 68.46875 70.91249847412109375 72.9187469482421875 74.96875 77.3937530517578125 80.13124847412109375 82.9250030517578125 86.3562469482421875 91.875 98.7062530517578125 105.3000030517578125 112.0749969482421875 119.7062530517578125 127.52500152587890625 134.7624969482421875 142.1062469482421875 150.2312469482421875 158.6875 167.256256103515625 175.443756103515625 182.9375 189.993743896484375 195.7937469482421875 204.587493896484375 210.381256103515625 214.4499969482421875 220.4250030517578125 222.943756103515625 224.7249908447265625 226.431243896484375 228.306243896484375 229.193756103515625 227.774993896484375 227.6437530517578125 227.568756103515625
79.06874847412109375 76.125 74.4875030517578125 73.5124969482421875 73.1750030517578125 74.36875152587890625 75.4875030517578125 76.9562530517578125 79.4187469482421875 81.875 83.66249847412109375 85.4875030517578125 87.21875 88.3562469482421875 90.08750152587890625 91.53125 93.7375030517578125 97.1437530517578125 102.1374969482421875 109.8125 117.78749847412109375 126.7312469482421875 135.4562530517578125 143.40625 151.21875 158.8874969482421875 166.9875030517578125 175.03125 182.006256103515625 188.712493896484375 196.899993896484375 204.4375 211.59375 216.5500030517578125 223.756256103515625 227.3312530517578125 232.0437469482421875 235.4499969482421875 236.3937530517578125 236.375 237.9562530517578125 237.381256103515625 235.6999969482421875 234.212493896484375 231.6187591552734375
83.72499847412109375 81.6062469482421875 82.7312469482421875 83.8125 85.86875152587890625 86.75624847412109375 89.4562530517578125 92.9875030517578125 97.11875152587890625 100.78749847412109375 101.96250152587890625 102.6875 103.3125 103.61875152587890625 104.7062530517578125 105.2624969482421875 105.91249847412109375 107.7375030517578125 112.9562530517578125 122.19374847412109375 132.875 143.256256103515625 151.399993896484375 160.631256103515625 169.556243896484375 178 186.1437530517578125 191.743743896484375 197.8312530517578125 204.475006103515625 211.712493896484375 220.3312530517578125 226.443756103515625 231.337493896484375 236.2687530517578125 241.28125 244.3125 247.506256103515625 248.274993896484375 248.59375 247.149993896484375 246.625 244.1687469482421875 240.5500030517578125 236.931243896484375
91.66249847412109375 89 90.90000152587890625 94.43125152587890625 98.1875 100.9375 104.00624847412109375 109.25 115.71875 121.0124969482421875 121.21250152587890625 120.84999847412109375 121.1999969482421875 121.3125 121.55625152587890625 121.0437469482421875 120.15625 119.34375 125.90000152587890625 137.475006103515625 150.53125 161.34375 170.462493896484375 179.7062530517578125 188.881256103515625 199.125 203.9875030517578125 208.681243896484375 216.3312530517578125 221.975006103515625 228.65625 233.462493896484375 240.6374969482421875 246.8874969482421875 251.71875 255.6437530517578125 259.493743896484375 259.88751220703125 259.912506103515625 258.73748779296875 258.462493896484375 255.6125030517578125 252.6999969482421875 247.381256103515625 242.337493896484375
99.9250030517578125 98.47499847412109375 100.875 104.18125152587890625 108.3000030517578125 111.99375152587890625 116.2687530517578125 121.63124847412109375 128.693756103515625 135.225006103515625 135.4250030517578125 136.100006103515625 136.787506103515625 137.6750030517578125 137.6125030517578125 138.75 137.6999969482421875 136.7937469482421875 145.59375 158.1125030517578125 170.4250030517578125 180.587493896484375 190.7062530517578125 198.53125 207.756256103515625 217.21875 222.1437530517578125 225.8937530517578125 232.068756103515625 238.631256103515625 243.975006103515625 248.8937530517578125 253.1374969482421875 259.368743896484375 266.61248779296875 269.25 271.63751220703125 272.381256103515625 271.618743896484375 270.59375 266.79998779296875 263.85626220703125 259.23748779296875 253.5187530517578125 247.837493896484375
108.7937469482421875 108.34375 111.3874969482421875 114.1062469482421875 117.4250030517578125 120.5812530517578125 125.09999847412109375 130.2687530517578125 135.9187469482421875 140.649993896484375 145.225006103515625 148.837493896484375 152.618743896484375 155.3312530517578125 157.1125030517578125 159.875 162.818756103515625 168.2937469482421875 177.625 186.337493896484375 193.1437530517578125 202.1750030517578125 209.475006103515625 217.131256103515625 226.6437530517578125 234.743743896484375 239.125 242.9812469482421875 247.09375 252.8562469482421875 259.82501220703125 264.712493896484375 267.8125 272.04998779296875 277.368743896484375 281.34375 283.056243896484375 284.17498779296875 284.70623779296875 280.48748779296875 274.45001220703125 270.26251220703125 265.04998779296875 258.98748779296875 252.5500030517578125
118.8625030517578125 117.83750152587890625 120.875 124.2687530517578125 127.43125152587890625 131.149993896484375 134.4375 136.243743896484375 138.75 145.524993896484375 154.631256103515625 162.2312469482421875 169.212493896484375 173.4562530517578125 177.868743896484375 182.8000030517578125 189.6125030517578125 199.9499969482421875 213.0500030517578125 216.318756103515625 217.28125 222.9375 229.068756103515625 236.631256103515625 246.274993896484375 253.25 256.04998779296875 258.79376220703125 263.88751220703125 269.76251220703125 274.60626220703125 279.45623779296875 281.73126220703125 284.962493896484375 288.868743896484375 291.9375 293.64373779296875 294.4375 292.850006103515625 289.25 283.475006103515625 278.681243896484375 273.024993896484375 265.774993896484375 260.449981689453125
128.6750030517578125 128.0812530517578125 131.350006103515625 134.15625 137.7375030517578125 140.7375030517578125 143.5187530517578125 145.25 145.9875030517578125 151.3249969482421875 164.837493896484375 175.475006103515625 185.256256103515625 191.3125 196.8125 202.381256103515625 209.5500030517578125 220.618743896484375 232.9187469482421875 234.712493896484375 233.1999969482421875 238.6062469482421875 244.118743896484375 254.375 263.38751220703125 269.59375 271.88751220703125 272.743743896484375 277.368743896484375 283.5 288.881256103515625 291.287506103515625 293.212493896484375 294.82501220703125 297.524993896484375 299.13751220703125 301.51873779296875 302 299.88751220703125 296.21875 289.86248779296875 284.45001220703125 280.768768310546875 275.331268310546875 269.618743896484375
138.7687530517578125 138.631256103515625 141.1750030517578125 144.318756103515625 148.2062530517578125 151.8937530517578125 155.1125030517578125 158.4875030517578125 162.399993896484375 170.5625 182.4562530517578125 193.412506103515625 203.337493896484375 210.375 215.8312530517578125 221.1750030517578125 226.3874969482421875 233.975006103515625 240.662506103515625 243.725006103515625 243.943756103515625 249.9875030517578125 257.48748779296875 270.32501220703125 277.83123779296875 282.70001220703125 284.48748779296875 285.63751220703125 288.42498779296875 293.8125 298.006256103515625 300.63751220703125 302.79376220703125 304.693756103515625 307.04376220703125 307.225006103515625 308.087493896484375 308.5625 305.86248779296875 301.931243896484375 297.399993896484375 292.32501220703125 288 281.256256103515625 277.09375
149.975006103515625 150.381256103515625 152.274993896484375 155.125 158.524993896484375 163.2375030517578125 167.912506103515625 174.1937408447265625 181.1125030517578125 191.037506103515625 204.4875030517578125 215.756256103515625 223.6437530517578125 229.6687469482421875 233.837493896484375 237.3562469482421875 239.818756103515625 243.6687469482421875 246.399993896484375 247.9250030517578125 251.6687469482421875 258.34375 269.912506103515625 281.04998779296875 292.118743896484375 294.912506103515625 295.20623779296875 295.975006103515625 297.850006103515625 300.45623779296875 304.11248779296875 307.524993896484375 310.25 312.48126220703125 314.125 314.95001220703125 314.875 313.431243896484375 311.412506103515625 308.14373779296875 303.431243896484375 296.899993896484375 292.399993896484375 286.149993896484375 282.51873779296875
159.850006103515625 160.09375 162.4375 166.3125 170.3625030517578125 175.2687530517578125 181.5124969482421875 190.818756103515625 200.100006103515625 211.068756103515625 225.787506103515625 239.381256103515625 245.0749969482421875 248.6687469482421875 251.6187591552734375 252.556243896484375 253.631256103515625 253.1750030517578125 253.681243896484375 252.475006103515625 254.9187469482421875 263.04998779296875 278.38751220703125 294.381256103515625 302.95001220703125 301.11248779296875 300.59375 300.725006103515625 303.100006103515625 307.212493896484375 310.60626220703125 312.9375 315.64373779296875 317.6875 319.381256103515625 320.149993896484375 320.056243896484375 318.074981689453125 315.57501220703125 312.67498779296875 307.76873779296875 300.54998779296875 292.100006103515625 283.64373779296875 278.04376220703125
170.75 171.375 174.2125091552734375 178.03125 182.381256103515625 189.381256103515625 196.881256103515625 206.274993896484375 217.100006103515625 229.850006103515625 245.131256103515625 259.13751220703125 265.11248779296875 264.962493896484375 266.86248779296875 267.125 266.13751220703125 265.556243896484375 263.83123779296875 260.29376220703125 256.537506103515625 266.625 284.975006103515625 297.375 298.65625 297.65625 301.993743896484375 305.837493896484375 308.537506103515625 313.15625 316.48126220703125 318.0625 319.5 321.04376220703125 322.375 322.89373779296875 322.006256103515625 319.79998779296875 316.34375 312.96875 309.256256103515625 300.46875 285.79376220703125 272.17498779296875 265.225006103515625
180.462493896484375 181.7687530517578125 184.9812469482421875 189.2937469482421875 194.493743896484375 201.1687469482421875 209.8874969482421875 221.743743896484375 233.5500030517578125 247.09375 260.5625 272.35626220703125 277.225006103515625 279.306243896484375 279.23748779296875 280.350006103515625 278.39373779296875 277.90625 274.962493896484375 271.89373779296875 271.287506103515625 279.73748779296875 291.625 299.837493896484375 299.73126220703125 301.04376220703125 305.524993896484375 309.53125 314.45001220703125 318.46875 321.53125 322.76873779296875 322.931243896484375 322.743743896484375 324.16876220703125 323.79376220703125 323.118743896484375 321.70001220703125 316.40625 310.36248779296875 302.787506103515625 286.056243896484375 272.662506103515625 263.568756103515625 260.09375
187.8937530517578125 189.625 193.8625030517578125 198.8937530517578125 205.649993896484375 213.6437530517578125 224.1125030517578125 235.9187469482421875 247.662506103515625 260.08123779296875 273.625 283.931243896484375 289.95623779296875 293.28125 293.118743896484375 293.39373779296875 291.32501220703125 289.0875244140625 286.943756103515625 286.306243896484375 287.88751220703125 292.774993896484375 301.82501220703125 305.98126220703125 308.59375 310.693756103515625 313.556243896484375 317.662506103515625 321.40625 325.78125 327.34375 325.95623779296875 326.662506103515625 324.76251220703125 324.23126220703125 322.16876220703125 321.83123779296875 321.35626220703125 314.48126220703125 299.48126220703125 281.57501220703125 270.0625 264.40625 259.212493896484375 254.1437530517578125
194.25 196.125 201.2937469482421875 207.162506103515625 215.0187530517578125 224.1687469482421875 235.6999969482421875 247.90625 259.01251220703125 271.975006103515625 285.42498779296875 295.899993896484375 302.850006103515625 306.818756103515625 307.774993896484375 304.649993896484375 303.350006103515625 301.431243896484375 298.71875 298.8125 303.537506103515625 308.78125 315.33123779296875 317.21875 318.256256103515625 319.625 320.79998779296875 325.73126220703125 330.41876220703125 335.04998779296875 335.743743896484375 332.100006103515625 327.399993896484375 323.76251220703125 320.875 320.975006103515625 320.756256103515625 318.368743896484375 308.95623779296875 290.10626220703125 267.29998779296875 258.493743896484375 256.51251220703125 251.84375 248.306243896484375
198.8562469482421875 201.4875030517578125 206.78125 213.9250030517578125 223.2312469482421875 233.3249969482421875 245.96875 258.71875 270.1875 282.45001220703125 296.51873779296875 308.29998779296875 315.943756103515625 320.53125 322.01873779296875 319.66876220703125 311.868743896484375 309.3125 309.068756103515625 312.462493896484375 317.38751220703125 323.67498779296875 328.98126220703125 328.09375 328.868743896484375 327.806243896484375 327.26873779296875 331.881256103515625 338.693756103515625 344.40625 345.75 340.39373779296875 331.51873779296875 323.1875 321.63751220703125 321.51873779296875 319.4375 318.35626220703125 312.60626220703125 289.412506103515625 266.399993896484375 256.35626220703125 250.631256103515625 246.2375030517578125 243.399993896484375
202.493743896484375 205.568756103515625 211.5437469482421875 220.09375 229.7624969482421875 241.381256103515625 254.8874969482421875 268.29998779296875 279.78125 292.5 305.01873779296875 319.41876220703125 328.931243896484375 334.337493896484375 335.38751220703125 331.07501220703125 322.475006103515625 315.32501220703125 319.649993896484375 324.306243896484375 331.25 336.8125 340.73126220703125 338.287506103515625 336.493743896484375 335.149993896484375 331.82501220703125 338.25 347.79998779296875 355.068756103515625 353.83123779296875 339.11248779296875 328.287506103515625 321.181243896484375 316.85626220703125 315.71875 317.07501220703125 316.03125 306.95623779296875 290.41876220703125 268.493743896484375 255.818756103515625 248.193756103515625 243.3125 240.5124969482421875
203.5500030517578125 207.3562469482421875 214.53125 224.6999969482421875 235.975006103515625 248.618743896484375 261.51873779296875 276.493743896484375 288.712493896484375 301.45623779296875 313.756256103515625 326.17498779296875 338.33123779296875 348.899993896484375 348.0625 339.76873779296875 328.76873779296875 320.98126220703125 321.274993896484375 329.58123779296875 340.662506103515625 348.625 345.82501220703125 345.01251220703125 342.850006103515625 342.23126220703125 342.20001220703125 345.756256103515625 355.274993896484375 363.01251220703125 362.3125 342.17498779296875 326.056243896484375 311.04998779296875 303.337493896484375 305.70623779296875 309.318756103515625 308.01873779296875 302.54376220703125 288.23126220703125 269.54376220703125 255.443756103515625 246.3625030517578125 241.3562469482421875 238.318756103515625
204.0124969482421875 208.1875 216.3812408447265625 226.462493896484375 239.21875 254.1687469482421875 268.54998779296875 282.912506103515625 295.03125 307.431243896484375 318.756256103515625 331.70623779296875 347.86248779296875 363.98126220703125 357.95001220703125 341.875 327.587493896484375 324.76873779296875 326.53125 333.79998779296875 341.20001220703125 344.75 348.362518310546875 347.225006103515625 346.037506103515625 347.54998779296875 347.63751220703125 351.54376220703125 355.29376220703125 356.837493896484375 352.087493896484375 334.83123779296875 315.60626220703125 295.88751220703125 284.899993896484375 289.73126220703125 300.524993896484375 306.25 302.26873779296875 290.087493896484375 272.131256103515625 255.5187530517578125 247.1374969482421875 241.4187469482421875 237.774993896484375
