data/historical-monthly-weather-data/wc2.1_cruts4.09_10m_prec_1999-02.asc
ncols        45
nrows        45
xllcorner    -63.500000000000
yllcorner    -7.500000000000
cellsize     0.166666666667
NODATA_value -9999
[rows 20 to 39 of 45, columns 0 to 44 of 45]
305.20623779296875 310.412506103515625 316.57501220703125 323.381256103515625 333.350006103515625 341.631256103515625 350.46875 358.981231689453125 365.649993896484375 370.493743896484375 373.943756103515625 382.35626220703125 392.587493896484375 400.943756103515625 384.100006103515625 356.787506103515625 333.33123779296875 313.98748779296875 303.3125 294.23126220703125 289.91876220703125 285.17498779296875 279.412506103515625 275.818756103515625 273.087493896484375 271.399993896484375 271.693756103515625 272.08123779296875 273.38751220703125 273.88751220703125 268.3375244140625 256.5625 235.100006103515625 210.006256103515625 187.6125030517578125 196.75 216.8249969482421875 231.8187408447265625 240.78125 243.6750030517578125 241.7750091552734375 239.618743896484375 238.2062530517578125 236.4499969482421875 234.412506103515625
294.09375 301.243743896484375 308.837493896484375 318.64373779296875 328.556243896484375 338.16876220703125 347.818756103515625 357.118743896484375 363.95001220703125 366.15625 365.475006103515625 366.75 368.79998779296875 368.61248779296875 360.48748779296875 344.431243896484375 327.53125 311.693756103515625 299.57501220703125 290.100006103515625 282.318756103515625 276.29998779296875 272.51251220703125 268.506256103515625 266.149993896484375 265.662506103515625 267.36248779296875 268.65625 271.20623779296875 273.368743896484375 271.206268310546875 260.831268310546875 242.087493896484375 222.850006103515625 209.256256103515625 213.4375 226.3562469482421875 236.131256103515625 241.006256103515625 241.6687469482421875 240.03125 238.5 236.7062530517578125 234.2937469482421875 232.15625
287.21875 296.29998779296875 303.63751220703125 313.975006103515625 324.0625 335.443756103515625 344.056243896484375 354.29376220703125 361.931243896484375 359.91876220703125 353.756256103515625 347.73126220703125 342.10626220703125 339.78125 337.962493896484375 330.1875 318.60626220703125 306.125 293.95623779296875 282.712493896484375 274.70623779296875 267.4375 262.13751220703125 258.006256103515625 256.943756103515625 258 260.381256103515625 263.01251220703125 267.36248779296875 271.75 273.256256103515625 269.149993896484375 252.8937530517578125 238.787506103515625 232.975006103515625 236.9875030517578125 242.6374969482421875 245.34375 245.131256103515625 241.600006103515625 238.3937530517578125 236.6062469482421875 234.493743896484375 232.0749969482421875 229.875
282.868743896484375 290.975006103515625 298.96875 307.89373779296875 318.556243896484375 330.056243896484375 340.212493896484375 348.743743896484375 354.91876220703125 350.368743896484375 342.537506103515625 333.693756103515625 321.431243896484375 321.29998779296875 322.65625 318.193756103515625 309.975006103515625 300.431243896484375 289.118743896484375 277.53125 268 259.36248779296875 252.524993896484375 248.4812469482421875 247.931243896484375 248.0500030517578125 252.462493896484375 257.125 261.89373779296875 268 271.818756103515625 270.45623779296875 259.28125 250.2312469482421875 248.318756103515625 253.46875 255.1812591552734375 250.662506103515625 245.9499969482421875 240.34375 236.1687469482421875 233.3562469482421875 231.3000030517578125 229.568756103515625 228.5625
283.67498779296875 288.693756103515625 295.84375 305.34375 317.0625 326.03125 335.08123779296875 342.056243896484375 344.162506103515625 341.024993896484375 334.38751220703125 326.5 318.975006103515625 315.98748779296875 313.95623779296875 310.693756103515625 305.087493896484375 296.29376220703125 285.54376220703125 273.79998779296875 263.337493896484375 252.375 243.0500030517578125 237.8562469482421875 236.7062530517578125 240.3874969482421875 244.806243896484375 250.9499969482421875 256.087493896484375 261.943756103515625 265.48748779296875 265.087493896484375 259.287506103515625 254.1875 252.818756103515625 253.5625 252.662506103515625 247.2062530517578125 241.8562469482421875 236.368743896484375 232.087493896484375 229.193756103515625 227.693756103515625 227.462493896484375 225.818756103515625
291.90625 294.59375 298.92498779296875 307.09375 317.162506103515625 324.95001220703125 330.931243896484375 336.024993896484375 336.850006103515625 334.34375 329.17498779296875 323.774993896484375 319.243743896484375 314.625 311.78125 307.51251220703125 302.15625 293.6875 284.15625 272.381256103515625 260.162506103515625 246.4250030517578125 234.024993896484375 226.2687530517578125 227.7375030517578125 232.9812469482421875 240.15625 245.4187469482421875 250.8125 255.3125 258.237518310546875 258.931243896484375 255.4812469482421875 252.2062530517578125 250.412506103515625 248.6999969482421875 245.9375 241.0124969482421875 235 230.1875 226.375 224 222.34375 222.53125 222.881256103515625
305.13751220703125 305.60626220703125 307.506256103515625 313.82501220703125 320.03125 324.337493896484375 328.931243896484375 330.91876220703125 331.65625 331.01251220703125 328.53125 324.8125 321.868743896484375 318.58123779296875 314.5625 310.625 304.57501220703125 296.162506103515625 285.89373779296875 273.462493896484375 259.86248779296875 245.34375 230.225006103515625 220.6999969482421875 224.931243896484375 230.7375030517578125 237.34375 242.5812530517578125 246.6750030517578125 250.662506103515625 253.8249969482421875 253.71875 250.537506103515625 248.84375 245.068756103515625 242.34375 238.71875 232.9250030517578125 227.8562469482421875 223.03125 218.975006103515625 216.2312469482421875 214.2937469482421875 214.1125030517578125 216.662506103515625
319.850006103515625 317.381256103515625 317.84375 320.524993896484375 322.962493896484375 324.037506103515625 327.118743896484375 329.51251220703125 330.0625 330.60626220703125 328.8125 326.399993896484375 324.118743896484375 321.51251220703125 317.931243896484375 314.100006103515625 307.725006103515625 300.587493896484375 289.83123779296875 277.88751220703125 264.693756103515625 250.1437530517578125 238.006256103515625 229.6999969482421875 229.1999969482421875 232.78125 237.6687469482421875 241.8625030517578125 244.850006103515625 248.274993896484375 250.837493896484375 251.431243896484375 248.9875030517578125 244.5 239.4875030517578125 235.96875 230.631256103515625 225.4499969482421875 220.149993896484375 215 210.9187469482421875 208.625 206.6687469482421875 207.15625 211.412506103515625
332.40625 328.881256103515625 326.368743896484375 326.131256103515625 326.34375 325.57501220703125 326.88751220703125 327.90625 329.29998779296875 330.67498779296875 329.95001220703125 328.15625 326.07501220703125 325.29998779296875 322.36248779296875 319.54376220703125 314.574981689453125 306.32501220703125 297.193756103515625 284.975006103515625 272.40625 258.28125 248.1374969482421875 240.6062469482421875 236.743743896484375 236.8562469482421875 240.2937469482421875 243 245.9499969482421875 248.4875030517578125 249.46875 250.162506103515625 245.850006103515625 240.274993896484375 234.8312530517578125 229.5437469482421875 224.3937530517578125 218.9375 214.6062469482421875 208.6125030517578125 202.6687469482421875 199.774993896484375 199.6687469482421875 202.350006103515625 207.537506103515625
341.42498779296875 335.600006103515625 331.649993896484375 329.006256103515625 328.53125 327.54998779296875 327.51251220703125 328.03125 328.8125 330.931243896484375 331.587493896484375 331.350006103515625 330.36248779296875 330.42498779296875 328.46875 324.5625 320.73748779296875 315.34375 306.92498779296875 294.306243896484375 280.96875 268.287506103515625 258.57501220703125 250.4000091552734375 244.96875 243.306243896484375 245.0500030517578125 246.34375 248.09375 248.9875030517578125 250.006256103515625 249.90625 243.84375 237.412506103515625 230.3874969482421875 224.6875 218.131256103515625 212.5625 206.9562530517578125 200.8874969482421875 197.2375030517578125 195.693756103515625 195.1125030517578125 197.96875 199.056243896484375
346.837493896484375 340.20623779296875 333.75 330.306243896484375 327.912506103515625 327.54376220703125 327.53125 328.375 329.48126220703125 331.368743896484375 334.70623779296875 336.024993896484375 336.774993896484375 335.75 333.1875 330.631256103515625 327.631256103515625 323.54376220703125 317.10626220703125 304.42498779296875 290.54998779296875 277.287506103515625 266.881256103515625 258.3125 252.181243896484375 249.5500030517578125 249.850006103515625 250.524993896484375 251.21875 250.8874969482421875 250.712493896484375 249.7937469482421875 243.65625 236.2937469482421875 228.493743896484375 220.5500030517578125 213.40625 207.537506103515625 201.3312530517578125 194.6437530517578125 191.4375 191.5187530517578125 191.4375 191.59375 191.9250030517578125
346.5 339.90625 333.58123779296875 329.85626220703125 326.35626220703125 325.537506103515625 326.29998779296875 326.26873779296875 327.73126220703125 331.54998779296875 335.57501220703125 338.33123779296875 340.39373779296875 341.037506103515625 338.75 337.131256103515625 331.76251220703125 326.9375 320.41876220703125 310.14373779296875 297.256256103515625 285.068756103515625 273.806243896484375 265.412506103515625 259.40625 255.53125 254.5437469482421875 254.399993896484375 254.412506103515625 253.96875 252.9562530517578125 250.756256103515625 243.618743896484375 234.9812469482421875 226.3312530517578125 217.625 209.6999969482421875 202.3249969482421875 195.5187530517578125 190.71875 188.931243896484375 188.806243896484375 188.2687530517578125 188.3937530517578125 188.899993896484375
338.875 333.64373779296875 329.09375 325.537506103515625 321.79376220703125 321.25 321.118743896484375 321.912506103515625 324.84375 330.01873779296875 337.07501220703125 340.35626220703125 344.41876220703125 346.5625 344.681243896484375 340.975006103515625 335.01873779296875 330.4375 322.318756103515625 312.868743896484375 302.068756103515625 290.431243896484375 279.91876220703125 271.368743896484375 265.506256103515625 261.337493896484375 259.131256103515625 258.618743896484375 257.850006103515625 256.54376220703125 255.8312530517578125 253.0124969482421875 244.212493896484375 234.931243896484375 225.5749969482421875 216.34375 206.993743896484375 197.5 190.6999969482421875 187.9875030517578125 185.8625030517578125 185.225006103515625 185.1062469482421875 185.712493896484375 189.056243896484375
330.943756103515625 325.88751220703125 322.256256103515625 320.13751220703125 316.962493896484375 315.725006103515625 315.83123779296875 317.17498779296875 319.087493896484375 325.3125 334.287506103515625 341.006256103515625 347.993743896484375 350.787506103515625 349.056243896484375 344.9375 338.568756103515625 332.73126220703125 324.38751220703125 315.1875 304.63751220703125 293.53125 284.231231689453125 275.931243896484375 270.337493896484375 266.03125 263.25 261.42498779296875 260.381256103515625 259.618743896484375 258.943756103515625 256.17498779296875 246.993743896484375 236.087493896484375 224.537506103515625 214.399993896484375 203.5625 193.1062469482421875 186.912506103515625 183.693756103515625 180.649993896484375 179.9187469482421875 180.8312530517578125 181.693756103515625 185.056243896484375
322.412506103515625 318.931243896484375 316.3125 313.48748779296875 311.618743896484375 310.625 309.412506103515625 309.73748779296875 310.868743896484375 316.90625 329.08123779296875 341.08123779296875 352.0625 356.725006103515625 353.975006103515625 348.92498779296875 341.068756103515625 333.850006103515625 326.17498779296875 316.28125 307.212493896484375 296.131256103515625 286.89373779296875 278.493743896484375 273.70623779296875 269 266.337493896484375 264.475006103515625 263 262.712493896484375 261.649993896484375 260.13751220703125 249.7062530517578125 237.756256103515625 224.8125 212.5 199.9499969482421875 189.9812469482421875 183.993743896484375 178.9187469482421875 175.212493896484375 173.381256103515625 173.3937530517578125 173.774993896484375 175.5500030517578125
313.23748779296875 311.21875 308.962493896484375 305.9375 303.618743896484375 302.92498779296875 300.88751220703125 299.375 298.618743896484375 303.54998779296875 317.881256103515625 334.806243896484375 351.181243896484375 359.73126220703125 357.13751220703125 351.45623779296875 344.04998779296875 335.82501220703125 325.73126220703125 316.46875 307.29998779296875 297.86248779296875 288.381256103515625 281.725006103515625 276.774993896484375 272.881256103515625 270.20001220703125 269.25 267.59375 267.262481689453125 267.431243896484375 266.318756103515625 255.625 242.774993896484375 227.9250030517578125 213.899993896484375 202.0124969482421875 189.9250030517578125 182.787506103515625 177.7624969482421875 173.868743896484375 170.78125 169 168.756256103515625 169.037506103515625
305.381256103515625 304.212493896484375 301.587493896484375 300.76251220703125 298.368743896484375 296.91876220703125 294.306243896484375 291.300018310546875 287.787506103515625 285.625 305.443756103515625 332.806243896484375 350.61248779296875 359.225006103515625 358.287506103515625 352.537506103515625 345.068756103515625 336.09375 326.537506103515625 315.818756103515625 306.306243896484375 296.75 288.125 282.5625 278.475006103515625 276 273.587493896484375 272.225006103515625 271.45001220703125 271.70623779296875 272.61248779296875 271.89373779296875 261.26251220703125 247.5 232.2375030517578125 218.243743896484375 203.899993896484375 190.524993896484375 182.6999969482421875 176.34375 170.8000030517578125 167.25 164.71875 163.28125 163.03125
298.0625 297.774993896484375 296.068756103515625 295.16876220703125 294.068756103515625 292.381256103515625 290.287506103515625 287.90625 286.45001220703125 282.35626220703125 313.274993896484375 343.1875 355.23126220703125 360.375 358.818756103515625 352.912506103515625 343.787506103515625 334.78125 323.73748779296875 311.993743896484375 303.04998779296875 293.537506103515625 286.21875 281.725006103515625 279.318756103515625 278.056243896484375 275.85626220703125 275.14373779296875 274.85626220703125 276.649993896484375 277.193756103515625 277.20623779296875 266.25 252.59375 236.600006103515625 222.087493896484375 206.787506103515625 192.625 183.912506103515625 176.25 169.1812591552734375 165.0749969482421875 161.21875 158.5124969482421875 158.3312530517578125
294.931243896484375 293.01251220703125 290.75 290.850006103515625 289.45623779296875 288.79376220703125 289.274993896484375 290.662506103515625 295.86248779296875 312.66876220703125 346.475006103515625 354.28125 355.98126220703125 357.66876220703125 355.48748779296875 348.67498779296875 340.66876220703125 330.88751220703125 319.006256103515625 307.475006103515625 297.71875 288.756256103515625 283.181243896484375 279.25 277.818756103515625 278.64373779296875 277.881256103515625 278.443756103515625 279.71875 281.524993896484375 283.46875 283.118743896484375 273.056243896484375 261.03125 248.625 234.100006103515625 218.287506103515625 204.5187530517578125 194.8937530517578125 185.53125 178.1062469482421875 173.4875030517578125 169.787506103515625 167.024993896484375 167.318756103515625
292.493743896484375 289.34375 287.125 285.962493896484375 284.89373779296875 285.66876220703125 287.125 292.462493896484375 301.61248779296875 318.774993896484375 338.32501220703125 347.693756103515625 351.962493896484375 353.20001220703125 350.662506103515625 345.412506103515625 338.04376220703125 327.79376220703125 315.100006103515625 303.78125 291.975006103515625 283.08123779296875 277.381256103515625 274.65625 275.949981689453125 277.975006103515625 279.287506103515625 281.600006103515625 284.60626220703125 286.5625 287.774993896484375 289.431243896484375 283.15625 272.743743896484375 260.774993896484375 246.84375 230.943756103515625 216.3249969482421875 206.5500030517578125 196.1437530517578125 187.8562469482421875 183.4499969482421875 179.65625 176.350006103515625 177.506256103515625
