data/historical-monthly-weather-data/wc2.1_cruts4.09_10m_prec_1986-09.asc
ncols        51
nrows        45
xllcorner    -63.500000000000
yllcorner    -7.500000000000
cellsize     0.166666666667
NODATA_value -9999
[rows 19 to 37 of 45, columns 0 to 43 of 51]
182.587493896484375 183.2312469482421875 180.787506103515625 179.818756103515625 179.006256103515625 177.5812530517578125 173.931243896484375 168.693756103515625 164.2312469482421875 156.9250030517578125 148.662506103515625 139.7687530517578125 130.0187530517578125 120.38124847412109375 111.11875152587890625 103.80625152587890625 95.34375 92.05625152587890625 87.28125 86.68125152587890625 85.4187469482421875 85.8000030517578125 89.9499969482421875 93.18125152587890625 94.71250152587890625 93.11875152587890625 90.3000030517578125 87.46875 81.0625 74.2687530517578125 70.2312469482421875 75.6687469482421875 79.88124847412109375 85.78749847412109375 88.63124847412109375 83.19374847412109375 76.90000152587890625 71.78125 67.0187530517578125 60.55625152587890625 52.518749237060546875 45.06874847412109375 42.21875 41.09375
172.131256103515625 174.4499969482421875 174.2375030517578125 174.056243896484375 173.53125 171.2687530517578125 169.09375 165.625 162.8125 157.631256103515625 149.9250030517578125 142.4375 132.65625 121.46875 113.03749847412109375 103.58750152587890625 95.3312530517578125 89.71250152587890625 87.79999542236328125 84.4499969482421875 85.90000152587890625 88.2937469482421875 90.49375152587890625 93.1999969482421875 95.7375030517578125 94.94374847412109375 91.3249969482421875 86.71875 82.2624969482421875 80.47499847412109375 79.61875152587890625 83.65000152587890625 88.34999847412109375 95.40000152587890625 102.9375 93.72499847412109375 80.80625152587890625 72.0124969482421875 65.3625030517578125 59.24375152587890625 53.36875152587890625 48.03125 44.86875152587890625 43.231250762939453125
164.068756103515625 164.46875 164.75 165.375 166.9562530517578125 166.8249969482421875 165 163.71875 161.9812469482421875 158.1437530517578125 152.006256103515625 145.618743896484375 138.1125030517578125 128.1687469482421875 118.84375 108.0625 99.66249847412109375 93.38124847412109375 90.75624847412109375 87.3000030517578125 85.65625 87.16249847412109375 88.9562530517578125 90.96875 92.21875 92.3937530517578125 92.24375152587890625 88.7937469482421875 87.2687530517578125 86.74375152587890625 86.40000152587890625 88.31874847412109375 91.77500152587890625 96.7375030517578125 97.3125 90.46250152587890625 79.21875 71.125 64.56874847412109375 59.58750152587890625 55.41249847412109375 51.66249847412109375 49.450000762939453125 47.59375
157.131256103515625 159.287506103515625 158.5749969482421875 159.7937469482421875 161.431243896484375 161.7624969482421875 161.850006103515625 161.756256103515625 162.368743896484375 158.774993896484375 155.9187469482421875 151.100006103515625 146.6999969482421875 137.850006103515625 125.4187469482421875 113.90000152587890625 103.96250152587890625 97.96250152587890625 93.1437530517578125 89.33750152587890625 87.4875030517578125 87.96875 88.25624847412109375 88.40625 89.9875030517578125 90.24375152587890625 90.06874847412109375 90.31874847412109375 89.34375 88.5749969482421875 89.4187469482421875 91.5812530517578125 92.71875 93.40000152587890625 90.6999969482421875 82.68125152587890625 75.06874847412109375 68.4562530517578125 63.643749237060546875 60.90000152587890625 58.91249847412109375 55.918750762939453125 53.793750762939453125 51.793750762939453125
152.9499969482421875 152.662506103515625 153.243743896484375 153.8125 154.6125030517578125 157.0500030517578125 158.21875 158.368743896484375 159.131256103515625 156.9812469482421875 154.212493896484375 153.006256103515625 152.225006103515625 143.149993896484375 129.475006103515625 117.3625030517578125 107.7062530517578125 101.4375 96.4250030517578125 91.6374969482421875 89.3874969482421875 88.21250152587890625 88.5437469482421875 88.49375152587890625 88.8249969482421875 87.875 87.65000152587890625 88.0812530517578125 89.53125 89.78125 90.4812469482421875 92.53125 91.84999847412109375 90.58750152587890625 87.40625 79.40625 73.6687469482421875 69.5 65.97499847412109375 64.80625152587890625 63.28749847412109375 60.893749237060546875 59.543750762939453125 57.875
150.787506103515625 148.84375 148.318756103515625 148.4562530517578125 153.3687591552734375 154.962493896484375 155.46875 155.868743896484375 155.9499969482421875 155.0749969482421875 153.381256103515625 150.5 147.618743896484375 140.7312469482421875 130.0625 119.125 110.4562530517578125 103.61875152587890625 98.1062469482421875 93.83750152587890625 91.41249847412109375 89.3000030517578125 89.68125152587890625 89.33750152587890625 87.5 87.3562469482421875 87.1750030517578125 87.97499847412109375 89.4187469482421875 90.49375152587890625 91.03125 92.2062530517578125 92.06874847412109375 90.09999847412109375 86.1750030517578125 80.0187530517578125 76.38124847412109375 73.19374847412109375 70.2687530517578125 69.0437469482421875 67.84375 66.6125030517578125 65.77500152587890625 65.78749847412109375
152.193756103515625 151.3937530517578125 148.5 149.7312469482421875 151.6687469482421875 152.524993896484375 153.5124969482421875 153.537506103515625 153.1437530517578125 152.7624969482421875 149.6750030517578125 146.712493896484375 142.806243896484375 136.193756103515625 128.1125030517578125 119.5124969482421875 111.44374847412109375 105.47499847412109375 99.84999847412109375 95.3000030517578125 92.53749847412109375 89.90000152587890625 89.96250152587890625 89.4250030517578125 87.6437530517578125 86.1999969482421875 87.34375 89.18125152587890625 90.15625 91.34999847412109375 91.96250152587890625 93.46250152587890625 91.65000152587890625 89.40625 86.84375 83.88124847412109375 80.375 77.78749847412109375 76.28749847412109375 74.7312469482421875 74.2624969482421875 72.8937530517578125 72.24375152587890625 72.8937530517578125
158.337493896484375 155.625 152.993743896484375 153.1687469482421875 152.899993896484375 153.256256103515625 152.787506103515625 151.3625030517578125 149.181243896484375 148.4375 146.8000030517578125 143.7375030517578125 138.9250030517578125 133.181243896484375 126.49375152587890625 119.19374847412109375 113.11875152587890625 106.63124847412109375 101.2624969482421875 96.6437530517578125 93.96250152587890625 90.99375152587890625 89.9875030517578125 90.7062530517578125 88.46875 87.25 88.4499969482421875 89.41249847412109375 90.56874847412109375 91.5500030517578125 92.2062530517578125 92.6750030517578125 92.58750152587890625 90.90625 88.2375030517578125 86.5625 84.6750030517578125 82.3562469482421875 81.22499847412109375 80.27500152587890625 79.21250152587890625 78.2375030517578125 77.9375 77.16249847412109375
164.850006103515625 162.131256103515625 159.4375 156.443756103515625 155.412506103515625 153.9000091552734375 152.681243896484375 150.59375 147.3312530517578125 146.337493896484375 143.993743896484375 140.399993896484375 135.6750030517578125 131.2937469482421875 125.03749847412109375 118.8312530517578125 113.1062469482421875 107.25 102.0749969482421875 98.24375152587890625 95.05625152587890625 92.15625 90.66249847412109375 90.6437530517578125 89.6999969482421875 88.15000152587890625 88.9812469482421875 90.03749847412109375 91.15625 92.65625 92.5437469482421875 93.1062469482421875 93.64374542236328125 92.21250152587890625 90.58750152587890625 89.34999847412109375 89.28749847412109375 88.3874969482421875 87.4562530517578125 86.5625 85.71250152587890625 84.77500152587890625 82.41249847412109375 81.9562530517578125
171.743743896484375 168.3874969482421875 163.318756103515625 158.8000030517578125 155.875 152.975006103515625 150.5812530517578125 148.5812530517578125 145.7937469482421875 143.618743896484375 140.743743896484375 136.53125 133.337493896484375 128.287506103515625 122.70000457763671875 119.0625 115.5187530517578125 107.58750152587890625 102.3874969482421875 98.8625030517578125 96.03749847412109375 93.46250152587890625 91.9375 91.8312530517578125 89.9375 89.00624847412109375 89.78749847412109375 91.36875152587890625 93.41249847412109375 93.5437469482421875 92.9375 93.25624847412109375 93.34375 93.0500030517578125 93.40000152587890625 92.59375 93.84375 94.5124969482421875 94.4250030517578125 93.5124969482421875 90.4250030517578125 87.5749969482421875 86.40625 86.40625
175.962493896484375 172.0187530517578125 164.462493896484375 158.7562408447265625 154.6687469482421875 152.0124969482421875 149.725006103515625 147.46875 144.3249969482421875 141.25 137.931243896484375 134.9499969482421875 131.4499969482421875 127.03125 123.25 118.78125 114.2312469482421875 108.4812469482421875 102.74375152587890625 99.1687469482421875 97.00624847412109375 95.2312469482421875 92.9875030517578125 92.1062469482421875 91.41249847412109375 91.33750152587890625 91.625 92.4250030517578125 93.2375030517578125 93.9499969482421875 94.50624847412109375 95.03749847412109375 94.63124847412109375 94.3874969482421875 95.16249847412109375 95.4562530517578125 97.36875152587890625 99.83750152587890625 98.2624969482421875 99.21250152587890625 97.75624847412109375 93.78125 90.5187530517578125 89.65625
176.3312530517578125 172.3562469482421875 166.2937469482421875 158.6999969482421875 154.5625 152.3000030517578125 148.625 145.8937530517578125 143.100006103515625 140.2937469482421875 136.65625 133.318756103515625 132.03125 127.3562469482421875 122.9875030517578125 118.4875030517578125 115.28749847412109375 110.03749847412109375 104.4562530517578125 101.63124847412109375 99.2624969482421875 97.90625 95.96250152587890625 94.46250152587890625 93.1875 93.1125030517578125 93.1750030517578125 93.53749847412109375 94.15000152587890625 93.6062469482421875 94.97499847412109375 95.99375152587890625 95.43125152587890625 96.66249847412109375 97.5625 97.25624847412109375 99.63124847412109375 103.1750030517578125 103.91249847412109375 104.8125 103.2687530517578125 98.3874969482421875 94.09375 91.7375030517578125
177.0437469482421875 170.8562469482421875 164.1374969482421875 158.006256103515625 155.181243896484375 151.4562530517578125 148.1125030517578125 145.3625030517578125 142.8625030517578125 139.4187469482421875 136.2624969482421875 132.712493896484375 129.2312469482421875 126.53749847412109375 123.7375030517578125 121.3937530517578125 117.40625 112.6875 108.65625 106.6437530517578125 104.5124969482421875 100.97499847412109375 98.96875 96.72499847412109375 96.63124847412109375 94.68125152587890625 93.96875 95.0812530517578125 95.40000152587890625 95.08750152587890625 96.19374847412109375 96.1750030517578125 96.1875 97.13124847412109375 97.8125 97.86875152587890625 100.21875 102.7687530517578125 104.1875 105.65625 105.6687469482421875 100.75 96.6062469482421875 93.16249847412109375
169.037506103515625 164.7312469482421875 158.3562469482421875 153.693756103515625 151.1062469482421875 148.2062530517578125 145.90625 142.5124969482421875 140.0437469482421875 136.5124969482421875 137.1750030517578125 132.600006103515625 129.84375 129.506256103515625 126.8125 125.2624969482421875 122.1999969482421875 119.4875030517578125 115.88124847412109375 113.7624969482421875 110.46875 106.59999847412109375 102.74375152587890625 100.4812469482421875 99.72499847412109375 97.1999969482421875 96.2687530517578125 96.71250152587890625 96.8312530517578125 97.55625152587890625 97.5437469482421875 97.5187530517578125 96.52500152587890625 96.90000152587890625 97.71250152587890625 97.49375152587890625 98.58750152587890625 99.19374847412109375 100.4375 102.78125 103.13124847412109375 99.3000030517578125 96.08750152587890625 92.61875152587890625
158.5812530517578125 156.34375 152.78125 149.28125 146.59375 144.2375030517578125 142.7687530517578125 140.1374969482421875 137.162506103515625 135.4875030517578125 134.4937591552734375 133.90625 131.600006103515625 129.2687530517578125 128.7375030517578125 127.72499847412109375 127.27500152587890625 125.63124847412109375 123.4812469482421875 121.4187469482421875 117.5124969482421875 112.3562469482421875 107.6125030517578125 104.1062469482421875 101.78125 99.0625 97.90000152587890625 97.97499847412109375 97.53125 97.86875152587890625 98.2687530517578125 98.22499847412109375 97.03749847412109375 96.3625030517578125 96.59375 97.5749969482421875 96.8249969482421875 96.43125152587890625 97.58750152587890625 98.4187469482421875 98.41249847412109375 96.94374847412109375 95.2375030517578125 92.5124969482421875
149.4375 148.1062469482421875 146.162506103515625 144.84375 143.3000030517578125 140.6125030517578125 139.868743896484375 137.806243896484375 134.28125 133.256256103515625 134.1062469482421875 135.118743896484375 133.6374969482421875 132.087493896484375 131.993743896484375 132.21875 131.975006103515625 130.412506103515625 130.84375 128.6687469482421875 124.875 118.90625 112.1062469482421875 107.4375 103.3249969482421875 101.1999969482421875 100.3249969482421875 99.3937530517578125 98.59375 98.2687530517578125 98.30625152587890625 97.5187530517578125 96.2312469482421875 95.3125 94.40000152587890625 93.78125 93.5625 94.2624969482421875 94.21875 94.9375 93.36875152587890625 91.59375 91.44374847412109375 89.0812530517578125
139.3312530517578125 137.8937530517578125 137.306243896484375 136.774993896484375 135.8874969482421875 134.631256103515625 132.9375 132.712493896484375 130.5 129.3000030517578125 131.1062469482421875 132.568756103515625 133.881256103515625 134.4562530517578125 134.6750030517578125 135.506256103515625 135.337493896484375 135.443756103515625 136.2624969482421875 136.1374969482421875 130.5187530517578125 123.8937530517578125 115.6437530517578125 109.9187469482421875 106.09999847412109375 103.4250030517578125 101.81874847412109375 101.1125030517578125 100.36875152587890625 99.13124847412109375 98.58750152587890625 97.59375 95.1687469482421875 93.71875 92.1687469482421875 90.53749847412109375 91.2375030517578125 90.84999847412109375 90.33750152587890625 90.125 89.52500152587890625 87.5 86.05625152587890625 84.41249847412109375
129.306243896484375 128.587493896484375 128.1062469482421875 127.5 128.2937469482421875 127.79375457763671875 127.5 127.36875152587890625 126.52500152587890625 124.7687530517578125 128.3312530517578125 134.837493896484375 137.1687469482421875 138.0187530517578125 138.8249969482421875 138.65625 139.0500030517578125 138.2062530517578125 138.181243896484375 137.568756103515625 133.4625091552734375 125.06874847412109375 117.18125152587890625 111.09999847412109375 107.3000030517578125 104.96875 102.91249847412109375 101.71875 101.0124969482421875 99.66249847412109375 98.2312469482421875 96.8625030517578125 94.58750152587890625 92.6125030517578125 90.5437469482421875 89.18125152587890625 88.71875 88.375 86.7687530517578125 85.46250152587890625 84.2937469482421875 82.0124969482421875 81.0437469482421875 79.9187469482421875
119.4562530517578125 119.7375030517578125 119.91249847412109375 119.3562469482421875 120.75624847412109375 121.7312469482421875 122.65000152587890625 123.9187469482421875 124.60625457763671875 123.6999969482421875 134.9499969482421875 141.056243896484375 141.850006103515625 141.962493896484375 142.1437530517578125 142.212493896484375 140.1687469482421875 139.306243896484375 137.306243896484375 134.8000030517578125 131.5124969482421875 124.1062469482421875 117.19374847412109375 111.36875152587890625 107.375 104.75 103.56874847412109375 102.8249969482421875 102.05625152587890625 100.40000152587890625 97.0187530517578125 94.96250152587890625 92.6875 91.55625152587890625 89.59999847412109375 86.49375152587890625 85.5124969482421875 84.53125 83.96875 82.7375030517578125 80.0124969482421875 79.1687469482421875 76.6687469482421875 74.9562530517578125
