data/historical-monthly-weather-data/wc2.1_cruts4.09_10m_prec_1961-04.asc
ncols        51
nrows        45
xllcorner    -63.500000000000
yllcorner    -7.500000000000
cellsize     0.166666666667
NODATA_value -9999
[rows 0 to 19 of 45, columns 0 to 44 of 51]
138.149993896484375 134.774993896484375 131.712493896484375 131.381256103515625 128.9562530517578125 126.1437530517578125 123.03125 118.4250030517578125 117.6374969482421875 119.09375 122.65000152587890625 129.25 135.8125 141.8312530517578125 150.59375 160.25 170.556243896484375 177.78125 186.743743896484375 195.4187469482421875 201.28125 207.6999969482421875 213.875 223.368743896484375 231.5625 242.4187469482421875 253.15625 266.01873779296875 276.85626220703125 280.618743896484375 283.693756103515625 286.83123779296875 287.681243896484375 290.08123779296875 292.193756103515625 295.681243896484375 297.26873779296875 299.225006103515625 305.256256103515625 309.837493896484375 314.48126220703125 319.725006103515625 321.98748779296875 326.274993896484375 329.45001220703125
142.193756103515625 139.2312469482421875 140.125 141.0187530517578125 141.556243896484375 138.774993896484375 135.4250030517578125 133.3562469482421875 133.962493896484375 135.75 139.462493896484375 145.587493896484375 152.2062530517578125 158.4562530517578125 166.0437469482421875 175.6999969482421875 184.725006103515625 195.287506103515625 206.78125 217.1374969482421875 223.625 229.875 237.8874969482421875 246.475006103515625 256.45623779296875 266.78125 276.23126220703125 288.10626220703125 296.53125 300.79998779296875 306.32501220703125 312.618743896484375 314.756256103515625 318.899993896484375 320.95623779296875 324.89373779296875 329.506256103515625 332.568756103515625 338.181243896484375 341.693756103515625 345.181243896484375 350.306243896484375 352.149993896484375 353.46875 354.6875
144.03125 142.931243896484375 144.9875030517578125 148.8562469482421875 152.118743896484375 152.2312469482421875 151.96875 152.65625 156.3937530517578125 159.162506103515625 162.1999969482421875 167.28125 173.587493896484375 178.2375030517578125 185.3125 193.8625030517578125 202.0625 211.8249969482421875 221.59375 231.9187469482421875 239.868743896484375 247.8937530517578125 255.7937469482421875 265.962493896484375 278.399993896484375 290.337493896484375 301.193756103515625 309.53125 316.03125 321.88751220703125 327.649993896484375 333.51251220703125 339.29998779296875 343.850006103515625 345.61248779296875 349.10626220703125 356.01251220703125 361.462493896484375 366.03125 369.787506103515625 373.14373779296875 375.568756103515625 376.70623779296875 378.04376220703125 378.40625
143.25 143.287506103515625 149.225006103515625 154.412506103515625 159.9187469482421875 164.28125 168.024993896484375 172.40625 179.524993896484375 185.1999969482421875 188.212493896484375 191.4375 195.03125 199.431243896484375 205.350006103515625 213.131256103515625 221.0374908447265625 228.899993896484375 236.868743896484375 246.0749969482421875 255.8874969482421875 265.04376220703125 273.056243896484375 286.14373779296875 300.41876220703125 312.76251220703125 324.45623779296875 331.01251220703125 337.01873779296875 345.006256103515625 351.26873779296875 357.53125 361.1875 366.01251220703125 368.70623779296875 375.306243896484375 381.95623779296875 387.943756103515625 394.89373779296875 396.9375 399.975006103515625 403.162506103515625 400.962493896484375 399.5625 400.84375
149.3937530517578125 147.6750030517578125 151.2937469482421875 158.475006103515625 167.524993896484375 174.7937469482421875 181.006256103515625 189.46875 200.743743896484375 210.6500091552734375 212.725006103515625 212.2062530517578125 215.068756103515625 219.274993896484375 224.337493896484375 231.056243896484375 237.493743896484375 244.1374969482421875 250.431243896484375 258.056243896484375 269.631256103515625 279.42498779296875 289.212493896484375 305.743743896484375 319.568756103515625 333.54376220703125 342.993743896484375 352.90625 361.0625 367.25 374.131256103515625 377.475006103515625 381.41876220703125 387.743743896484375 392.65625 399.76251220703125 405.9375 413.1875 421.08123779296875 423.699981689453125 428.193756103515625 426.125 424.08123779296875 423.962493896484375 422.45623779296875
151.9812469482421875 151.6437530517578125 155.993743896484375 160.225006103515625 169.2687530517578125 178.649993896484375 186.5187530517578125 196.6374969482421875 209.100006103515625 221.787506103515625 222.649993896484375 222.8125 226.568756103515625 231.3125 235.600006103515625 242.1999969482421875 246.712493896484375 252.6875 260.35626220703125 268.568756103515625 279.725006103515625 290.59375 304.04376220703125 319.54998779296875 335.10626220703125 350.54376220703125 359.225006103515625 367.912506103515625 375.42498779296875 381.774993896484375 388.98126220703125 396.131256103515625 398.33123779296875 405.33123779296875 413.850006103515625 420.98748779296875 430.79376220703125 439.350006103515625 446.91876220703125 452.23126220703125 451.92498779296875 449.08123779296875 447.693756103515625 447.88751220703125 447.350006103515625
155.3249969482421875 155.4499969482421875 160.162506103515625 164.1062469482421875 169.0187530517578125 176.875 185.71875 195.9812469482421875 206.0625 215.2062530517578125 222.3937530517578125 228.162506103515625 235.7624969482421875 241.0500030517578125 245.8937530517578125 252.899993896484375 257.443756103515625 260.649993896484375 266.5 275.91876220703125 289.42498779296875 303.181243896484375 317.725006103515625 331.506256103515625 348.20623779296875 364.76873779296875 374.23126220703125 380.3125 386.88751220703125 394.63751220703125 403.86248779296875 411.037506103515625 416.36248779296875 421.681243896484375 430.79376220703125 439.4375 448.3125 459.26873779296875 470.51873779296875 475.006256103515625 469.9375 467.806243896484375 467.212493896484375 467.168731689453125 468.368743896484375
159.225006103515625 158.725006103515625 162.6062469482421875 167.6999969482421875 173.0500030517578125 180.1687469482421875 185.5749969482421875 190.537506103515625 195.9250030517578125 204.90625 218.71875 231.3125 242.056243896484375 250.3125 256.46875 262.08123779296875 266.01251220703125 268.79998779296875 272.26251220703125 282.068756103515625 298.556243896484375 315.006256103515625 329.993743896484375 344.493743896484375 363.100006103515625 377.23748779296875 385.58123779296875 391.587493896484375 398.356231689453125 407.618743896484375 414.587493896484375 422.40625 428.881256103515625 435.756256103515625 444.38751220703125 450.037506103515625 460.212493896484375 470.375 478.693756103515625 481.212493896484375 479.462493896484375 479.79376220703125 478.71875 476.756256103515625 474.725006103515625
163.056243896484375 163.1937408447265625 166.9187469482421875 171.118743896484375 176.21875 182.306243896484375 188.09375 191.9250030517578125 193.318756103515625 198.9187469482421875 215.443756103515625 230.9375 247.1437530517578125 256.91876220703125 261.76251220703125 267.037506103515625 271.462493896484375 276.01873779296875 282.10626220703125 290.787506103515625 303.193756103515625 322.79376220703125 338.631256103515625 356.20001220703125 373.98126220703125 385.78125 392.118743896484375 398.193756103515625 404.125 411.98126220703125 419.95623779296875 423.76251220703125 428.17498779296875 431.9375 440.63751220703125 447.95001220703125 459.04998779296875 467.006256103515625 475.443756103515625 478.09375 478.131256103515625 476.818756103515625 477.931243896484375 478.25 470.15625
166.8249969482421875 166.4499969482421875 170.59375 174.962493896484375 179.375 185.8312530517578125 192.318756103515625 196.712493896484375 202.1687469482421875 211.1687469482421875 225.274993896484375 238.256256103515625 252.8562469482421875 263.087493896484375 268.506256103515625 271.806243896484375 275.76251220703125 282.39373779296875 289.756256103515625 301.79998779296875 315.1875 331.79998779296875 347.693756103515625 367.11248779296875 380.931243896484375 390.212493896484375 395.23126220703125 400.09375 406.70623779296875 416.162506103515625 418.993743896484375 419.356231689453125 422.33123779296875 426.20623779296875 433.337493896484375 442.73748779296875 450.88751220703125 459.381256103515625 467.337493896484375 473.79376220703125 477.806243896484375 477.29998779296875 476.524993896484375 470.73748779296875 465.17498779296875
170.868743896484375 171.3312530517578125 175.118743896484375 179.1875 182.6125030517578125 189.5812530517578125 196.8625030517578125 202.693756103515625 211.4187469482421875 222.46875 236.774993896484375 251.0124969482421875 261.024993896484375 270.443756103515625 273.23748779296875 274.943756103515625 278.70001220703125 287.23748779296875 297.38751220703125 309.9375 328.6875 345.13751220703125 358.524993896484375 367.087493896484375 384.568756103515625 394.03125 395.412506103515625 398.42498779296875 402.23748779296875 409.9375 411.368743896484375 410.23126220703125 413.45001220703125 416.993743896484375 423.40625 429.14373779296875 437.006256103515625 446.29998779296875 456.087493896484375 464.162506103515625 468.693756103515625 468.3125 470.912506103515625 468.66876220703125 460.82501220703125
174.9187469482421875 175.068756103515625 178.6437530517578125 184.5124969482421875 188.912506103515625 195.037506103515625 203.6750030517578125 211.899993896484375 222.6125030517578125 234.8249969482421875 249.3312530517578125 262.73748779296875 267.725006103515625 273.01251220703125 275.193756103515625 277.40625 280.78125 289.92498779296875 301.381256103515625 315.41876220703125 334.568756103515625 352.125 367.068756103515625 378.48748779296875 385.98748779296875 388.350006103515625 387.993743896484375 388.162506103515625 391.07501220703125 394.4375 395.28125 394.63751220703125 395.76251220703125 399.131256103515625 404.462493896484375 411 420.03125 429.86248779296875 436.693756103515625 442.368743896484375 449.125 450.91876220703125 452.243743896484375 445.67498779296875 437.587493896484375
179.662506103515625 179.649993896484375 183.4499969482421875 188.662506103515625 194.087493896484375 202.6687469482421875 210.6437530517578125 218.84375 229.7437591552734375 244.087493896484375 258.46875 269.95001220703125 273.6875 271.181243896484375 272.975006103515625 277.318756103515625 280.125 289.60626220703125 302.67498779296875 315.76251220703125 335.79376220703125 352.46875 364.65625 374.118743896484375 372.11248779296875 371.11248779296875 373.95001220703125 373.431243896484375 377.01873779296875 378.181243896484375 377.98126220703125 376.17498779296875 376.306243896484375 379.01251220703125 382.29998779296875 390.85626220703125 400.193756103515625 409.79998779296875 418.89373779296875 425.60626220703125 426.45623779296875 431.20623779296875 429.28125 424.08123779296875 421.09375
183.381256103515625 183.3874969482421875 186.6374969482421875 191.6062469482421875 198.318756103515625 206.9250030517578125 214.9375 223.881256103515625 236.0437469482421875 249.4562530517578125 261.243743896484375 267.38751220703125 270.318756103515625 269.36248779296875 268.600006103515625 274.037506103515625 277.193756103515625 285.149993896484375 298.662506103515625 310.412506103515625 329.381256103515625 344.412506103515625 357.774993896484375 360.524993896484375 360.07501220703125 359.868743896484375 360.149993896484375 359.931243896484375 361.125 362.04376220703125 360.743743896484375 359.256256103515625 356.35626220703125 358.131256103515625 362.337493896484375 371.79376220703125 381.04998779296875 392.587493896484375 404.33123779296875 409.51873779296875 406.100006103515625 403.34375 409.162506103515625 415.98126220703125 417.45623779296875
183.9375 184.5124969482421875 188.524993896484375 194.125 201.587493896484375 210.2937469482421875 219.431243896484375 228.524993896484375 238.993743896484375 250.2375030517578125 260.57501220703125 265.399993896484375 266.46875 265.443756103515625 263.837493896484375 266.23748779296875 270.71875 281.806243896484375 294.28125 306.13751220703125 322.850006103515625 339.76873779296875 350.806243896484375 352.068756103515625 350.975006103515625 351.600006103515625 350.26873779296875 350.1875 351.04376220703125 349.6875 345.181243896484375 339.350006103515625 339.506256103515625 339.04376220703125 341.08123779296875 349.10626220703125 364.21875 380.100006103515625 390.04376220703125 390.60626220703125 387.32501220703125 391.225006103515625 404.162506103515625 408.16876220703125 406.068756103515625
182.9375 183.8874969482421875 189.5437469482421875 196.4375 203.8937530517578125 212.9562530517578125 222.15625 231.65625 242.8562469482421875 252.4812469482421875 261.08123779296875 264.274993896484375 264.73126220703125 262.13751220703125 258.95001220703125 255.912506103515625 263.79376220703125 278.337493896484375 289.475006103515625 301.71875 318.46875 333.381256103515625 343.537506103515625 344.29998779296875 342.07501220703125 343.13751220703125 340.068756103515625 340.431243896484375 340.693756103515625 339.587493896484375 337.0625 330.1875 322.725006103515625 319.58123779296875 318.11248779296875 333.20623779296875 348.1875 364.568756103515625 374.443756103515625 379.54376220703125 378.943756103515625 386.84375 395.6875 398.33123779296875 394.11248779296875
180.774993896484375 183.03125 189.9250030517578125 197.7687530517578125 205.4937591552734375 214.8125 225.568756103515625 235.337493896484375 244.693756103515625 253.993743896484375 261.193756103515625 263.59375 262.60626220703125 259.837493896484375 258.58123779296875 258.32501220703125 259.88751220703125 271.9375 285.350006103515625 298.662506103515625 315.125 331.087493896484375 341.018768310546875 337.01873779296875 334.056243896484375 333.006256103515625 330.91876220703125 330.649993896484375 332.037506103515625 332.0625 328.5625 321.850006103515625 315.024993896484375 310.6875 315.21875 325.29998779296875 340.881256103515625 358.23748779296875 372.931243896484375 375.056243896484375 375.40625 382.118743896484375 385.54998779296875 388.118743896484375 382.36248779296875
175.7375030517578125 179.818756103515625 187.1750030517578125 196.9187469482421875 205.375 215.693756103515625 227.243743896484375 236.3312530517578125 245.350006103515625 253.381256103515625 259.387481689453125 261.33123779296875 260.34375 259.23748779296875 258.96875 260.193756103515625 261.375 264.649993896484375 280.59375 294.32501220703125 312.774993896484375 327.587493896484375 337.36248779296875 332.931243896484375 330.29998779296875 328.899993896484375 323.36248779296875 325.70623779296875 328.087493896484375 326.5625 318.21875 303.462493896484375 303.60626220703125 304.51251220703125 306.837493896484375 320.649993896484375 335.79376220703125 351.5 363.95623779296875 373.125 371.381256103515625 375.25 377.600006103515625 378.11248779296875 373.524993896484375
169.743743896484375 175.287506103515625 184.4250030517578125 194.0812530517578125 203.6875 215.21875 226.4562530517578125 237.568756103515625 246.962493896484375 254.5187530517578125 259 258.024993896484375 257.70623779296875 258.787506103515625 256.66876220703125 257.943756103515625 260.149993896484375 264.40625 272.818756103515625 286.181243896484375 309.79998779296875 327.51873779296875 327.787506103515625 327.98748779296875 328.1875 329.774993896484375 327.712493896484375 327.15625 329.51251220703125 325.725006103515625 316.862518310546875 303.33123779296875 297.91876220703125 290.15625 291 305.100006103515625 321.38751220703125 336.350006103515625 352.70001220703125 361.04376220703125 366.48126220703125 369.662506103515625 369.34375 368.51873779296875 364.850006103515625
163.78125 170.75 180.256256103515625 189.693756103515625 201.3874969482421875 215.1687469482421875 228.212493896484375 238.3562469482421875 247.725006103515625 255.2062530517578125 258.600006103515625 259.01251220703125 258.59375 258.45623779296875 255.193756103515625 251.5437469482421875 251.212493896484375 261.1875 268.75 280.9375 298.962493896484375 313.568756103515625 325.8125 326.712493896484375 327.14373779296875 328.03125 327.868743896484375 330.475006103515625 329.33123779296875 321.600006103515625 309.181243896484375 302.14373779296875 291.6875 278.006256103515625 271.79998779296875 285.26873779296875 307.36248779296875 327.618743896484375 343.0625 354.043731689453125 359.28125 361.63751220703125 360.931243896484375 359.193756103515625 353.09375
