data/historical-monthly-weather-data/wc2.1_cruts4.09_10m_prec_2018-01.asc
ncols        51
nrows        45
xllcorner    -63.500000000000
yllcorner    -7.500000000000
cellsize     0.166666666667
NODATA_value -9999
[rows 0 to 19 of 45, columns 0 to 44 of 51]
141.725006103515625 140.899993896484375 136.412506103515625 133.8000030517578125 129.899993896484375 128.8562469482421875 126.2062530517578125 121.61875152587890625 117.3937530517578125 114.8249969482421875 113.4499969482421875 112.05625152587890625 109.7687530517578125 104.88124847412109375 101.8000030517578125 100.21875 98.88124847412109375 96.25624847412109375 98.0625 99.96875 103.1125030517578125 107.53749847412109375 112.06874847412109375 116.44374847412109375 122.3000030517578125 127.59999847412109375 133.631256103515625 140.881256103515625 148.681243896484375 153.587493896484375 158.725006103515625 164.024993896484375 168.193756103515625 173.975006103515625 178.462493896484375 183.3562469482421875 185.806243896484375 187.087493896484375 188.75 189.912506103515625 190.318756103515625 191.0124969482421875 190.7312469482421875 190.9187469482421875 192.3000030517578125
149.100006103515625 147.4562530517578125 144.09375 141.0187530517578125 138.6750030517578125 137.9499969482421875 135.431243896484375 132.9250030517578125 130.350006103515625 127.9187469482421875 124.7687530517578125 121.2062530517578125 116.86875152587890625 112.8312530517578125 109.0187530517578125 105.88124847412109375 103.0437469482421875 101.59375 102.6374969482421875 105.22499847412109375 109.38124847412109375 113.8249969482421875 119 124.61875152587890625 129.618743896484375 134.681243896484375 141.337493896484375 148.3562469482421875 155.2375030517578125 160.693756103515625 165.181243896484375 169.40625 173.774993896484375 180.962493896484375 185.412506103515625 188.118743896484375 192.399993896484375 193.6062469482421875 194 194.2687530517578125 194.7624969482421875 194.84375 193.056243896484375 192.4875030517578125 192.8562469482421875
155.1687469482421875 154.162506103515625 151.1875 148.912506103515625 147.46875 146.868743896484375 145.65625 144.71875 142.725006103515625 140.256256103515625 136.53125 131.6374969482421875 126.71250152587890625 121.25 116.55625152587890625 111.80625152587890625 108.3874969482421875 107 107.4187469482421875 110.69374847412109375 115.4875030517578125 121.24375152587890625 126.58750152587890625 131.5124969482421875 136.21875 140.9187469482421875 147.6999969482421875 154.71875 160.587493896484375 165.15625 170.7312469482421875 175.8499908447265625 181.8000030517578125 186.068756103515625 192.1875 194.6999969482421875 198.087493896484375 200.3125 200.287506103515625 199.431243896484375 199.9562530517578125 198.850006103515625 196.8937530517578125 195.243743896484375 193.631256103515625
159.65625 159.381256103515625 159.131256103515625 157.7375030517578125 158.006256103515625 155.0812530517578125 155.1750030517578125 156.212493896484375 155.943756103515625 154.4875030517578125 149.15625 142.5749969482421875 136.1687469482421875 129.7624969482421875 124.46250152587890625 118.88124847412109375 113.9250030517578125 111.22499847412109375 112.13124847412109375 116.90625 123.52500152587890625 129.5749969482421875 133.4499969482421875 138.618743896484375 143.3937530517578125 148.0124969482421875 155.024993896484375 160.3937530517578125 166.0187530517578125 171.056243896484375 176.399993896484375 183.0124969482421875 188.4875030517578125 193.1374969482421875 197.743743896484375 201.7312469482421875 203.9562530517578125 206.318756103515625 206.524993896484375 206.375 204.743743896484375 203.8000030517578125 201.2375030517578125 197.912506103515625 195.6437530517578125
169.4499969482421875 167.3562469482421875 165.8125 165.9875030517578125 166.524993896484375 165.0812530517578125 164.0812530517578125 166.09375 168.149993896484375 168.006256103515625 160.8312530517578125 152.9250030517578125 146.3249969482421875 139.8249969482421875 133.7375030517578125 127.2375030517578125 120.9250030517578125 115.97499847412109375 118.30625152587890625 125.05625152587890625 132.84375 138.2937469482421875 142.0625 146.3562469482421875 150.4875030517578125 155.8625030517578125 160.5 165.6374969482421875 173.037506103515625 177.8625030517578125 183.337493896484375 187.4499969482421875 194.243743896484375 200.4749908447265625 205.4562530517578125 208.8625030517578125 212.09375 212.46875 212.556243896484375 211.618743896484375 211.350006103515625 208.6437530517578125 205.78125 201.212493896484375 197.9499969482421875
176.837493896484375 176.0749969482421875 174.59375 173.493743896484375 173.6999969482421875 172.4250030517578125 171.8187408447265625 172.506256103515625 174.4562530517578125 175.2312469482421875 167.8312530517578125 161.2624969482421875 155.08123779296875 149.46875 143.2624969482421875 138.600006103515625 132.2062530517578125 126.94374847412109375 130.756256103515625 137.5749969482421875 143.774993896484375 147.8249969482421875 151.65625 154.4499969482421875 158.3000030517578125 162.818756103515625 167.712493896484375 172.4250030517578125 178.931243896484375 184.84375 189.6875 194.3625030517578125 199.28125 205.9187469482421875 213.350006103515625 216.2375030517578125 218.7937469482421875 220.0500030517578125 220.0500030517578125 219.8625030517578125 217.3125 214.75 210.7375030517578125 206 202.243743896484375
184.0812530517578125 184.09375 183.1374969482421875 180.6062469482421875 178.931243896484375 175.631256103515625 174.131256103515625 173.3625030517578125 172.881256103515625 171.03125 168.9562530517578125 165.9499969482421875 163.256256103515625 159.524993896484375 155.3562469482421875 152.3562469482421875 149.649993896484375 149.5812530517578125 152.837493896484375 155.306243896484375 155.975006103515625 158.256256103515625 159.2375030517578125 161.6750030517578125 165.59375 168.962493896484375 173.65625 178.725006103515625 183.9499969482421875 189.6125030517578125 196.118743896484375 201.212493896484375 205.756256103515625 211.375 217.7687530517578125 222.287506103515625 224.9187469482421875 227.087493896484375 228.8125 226.712493896484375 222.9562530517578125 219.6875 215.40625 210.5749969482421875 206.256256103515625
192.4499969482421875 190.600006103515625 189.09375 187.256256103515625 184.8249969482421875 181.2312469482421875 176.818756103515625 170.8000030517578125 166.2312469482421875 166.681243896484375 169.556243896484375 170.90625 171.431243896484375 169.131256103515625 167.618743896484375 166.662506103515625 167.2624969482421875 170.662506103515625 176.0500030517578125 173.15625 168.34375 167.2937469482421875 166.84375 169.006256103515625 172.8125 175.34375 179.149993896484375 183.693756103515625 189.899993896484375 196.087493896484375 201.462493896484375 207.0500030517578125 211.5124969482421875 216.90625 222.756256103515625 227.1437530517578125 230.4250030517578125 232.9812469482421875 233.6437530517578125 232.693756103515625 229.7937469482421875 226.3625030517578125 221.96875 216.4187469482421875 213
199.8625030517578125 198.0625 196.568756103515625 193.6062469482421875 191.46875 186.368743896484375 180.8874969482421875 174.412506103515625 167.6062469482421875 166.2312469482421875 173.556243896484375 177.8625030517578125 180.96875 180.3125 179.6437530517578125 179.09375 179.774993896484375 183.1437530517578125 187.162506103515625 182.59375 175.524993896484375 173.837493896484375 172.506256103515625 176.3937530517578125 179.568756103515625 181.462493896484375 185.068756103515625 188.5124969482421875 194.587493896484375 201.3874969482421875 207.725006103515625 212.0875091552734375 216.806243896484375 221.475006103515625 226.881256103515625 230.712493896484375 235.0500030517578125 237.943756103515625 238.662506103515625 238.15625 235.212493896484375 231.6687469482421875 229.287506103515625 225.5 221.625
206.96875 205.28125 202.4250030517578125 199.774993896484375 197.7937469482421875 193.15625 187.7375030517578125 182.8000030517578125 179.225006103515625 180.3249969482421875 185.068756103515625 189.2375030517578125 192.118743896484375 192.131256103515625 191.28125 190.40625 189.2375030517578125 189.243743896484375 188.350006103515625 184.631256103515625 178.6750030517578125 177.1437530517578125 176.943756103515625 182.337493896484375 184.3562469482421875 185.287506103515625 188.6999969482421875 192.5 197.475006103515625 204.2687530517578125 210.3000030517578125 215.4187469482421875 220.806243896484375 226.1687469482421875 231.8125 235.09375 238.837493896484375 242.337493896484375 243.0187530517578125 242.725006103515625 241.743743896484375 238.912506103515625 236.4187469482421875 231.881256103515625 229.0749969482421875
215.0625 213.6125030517578125 209.59375 206.28125 203.40625 199.631256103515625 195.4375 193.2312469482421875 192.431243896484375 194.631256103515625 200.0500030517578125 203.993743896484375 204.6062469482421875 203.506256103515625 201.4187469482421875 198.943756103515625 195.4375 192.1750030517578125 187.993743896484375 183.0250091552734375 179.5749969482421875 178.225006103515625 180.53125 184.618743896484375 188.8937530517578125 188.506256103515625 191.1062469482421875 194.806243896484375 199.368743896484375 204.6875 210.875 217.0812530517578125 223.337493896484375 229.381256103515625 234.962493896484375 239.2687530517578125 242.837493896484375 245.34375 247.0500030517578125 247.756256103515625 247.087493896484375 243.5124969482421875 241.2937469482421875 237.493743896484375 234.9375
221.4562530517578125 219.7624969482421875 216.1062469482421875 213.850006103515625 211.3874969482421875 207.412506103515625 204.53125 205.03125 206.162506103515625 208.818756103515625 214.8000030517578125 220.4562530517578125 218.78125 215.3249969482421875 211.9250030517578125 207.0437469482421875 202.28125 195.5437469482421875 189.71875 182.818756103515625 178.3125 177.756256103515625 182.3000030517578125 189.6687469482421875 192.53125 189.506256103515625 191.787506103515625 195.28125 200.3874969482421875 207.068756103515625 213.4499969482421875 219.2937469482421875 225.756256103515625 231.9375 237.806243896484375 242.225006103515625 246 248.3312530517578125 250.125 251.649993896484375 251.306243896484375 247.556243896484375 242.4187469482421875 237.006256103515625 232.4875030517578125
228.837493896484375 227.65625 224.381256103515625 221.618743896484375 219.1125030517578125 217.1125030517578125 215.056243896484375 215.0124969482421875 217.25 221.1062469482421875 227.006256103515625 232.756256103515625 231.21875 224.475006103515625 219.9875030517578125 214.3937530517578125 207.8562469482421875 201.0500030517578125 193.5749969482421875 185.0749969482421875 176.100006103515625 176.65625 182.9187469482421875 188.15625 186.8000030517578125 184.71875 190.2312469482421875 196.287506103515625 201.8125 209.1374969482421875 215.8249969482421875 221.4812469482421875 227.306243896484375 233.318756103515625 239.1125030517578125 243.493743896484375 246.7312469482421875 249.037506103515625 250.506256103515625 252.131256103515625 253.28125 248.568756103515625 238.5749969482421875 229 222.962493896484375
234.506256103515625 234.2312469482421875 231.0812530517578125 228.506256103515625 226.6125030517578125 223.743743896484375 222.493743896484375 224.381256103515625 227.1374969482421875 231.306243896484375 235.1125030517578125 238.6750030517578125 236.28125 231.524993896484375 225.3125 220.28125 212.9250030517578125 206.256256103515625 197.975006103515625 189.8625030517578125 182.8249969482421875 181.899993896484375 183.6875 186.524993896484375 184.71875 184.493743896484375 190.2687530517578125 196.568756103515625 203.7312469482421875 210.9562530517578125 217.8000030517578125 223.568756103515625 228.7062530517578125 233.6687469482421875 239.6875 243.462493896484375 246.8874969482421875 249.90625 250.3937530517578125 250.350006103515625 248.7624969482421875 237.7062530517578125 228.9375 223.256256103515625 219.8249969482421875
239.399993896484375 239.4812469482421875 237.08123779296875 234.743743896484375 234 232 231.9250030517578125 233.03125 235.318756103515625 238.056243896484375 241.587493896484375 243.5187530517578125 241.8562469482421875 237.962493896484375 231.556243896484375 225.743743896484375 218.28125 210.46875 203 196.71875 191.0749969482421875 187.6750030517578125 187.6062469482421875 188.40625 188.875 189.6437530517578125 194.6125030517578125 201.1374969482421875 207.7062530517578125 215.4375 221.568756103515625 225.787506103515625 231.4812469482421875 235.34375 240.0187530517578125 242.256256103515625 245.6374969482421875 249.1687469482421875 248.881256103515625 242.225006103515625 232.475006103515625 225.6437530517578125 223.2312469482421875 220.7624969482421875 215.756256103515625
243.09375 243.1374969482421875 241.350006103515625 239.412506103515625 239.3000030517578125 237.9499969482421875 238.40625 239.2937469482421875 240.6374969482421875 243.6062469482421875 246.78125 248.475006103515625 247.3249969482421875 243.725006103515625 238.0625 229.5749969482421875 222.7062530517578125 215.34375 207.6999969482421875 202.068756103515625 198.537506103515625 195.2375030517578125 193.6125030517578125 193.5500030517578125 193.6999969482421875 194.600006103515625 198.712493896484375 205.8937530517578125 213.225006103515625 221.412506103515625 227.306243896484375 230.2937469482421875 232.318756103515625 235.03125 237.9375 241.4812469482421875 244.59375 246.40625 244.5812530517578125 235.287506103515625 221.8625030517578125 217.181243896484375 217.743743896484375 215.600006103515625 211.6687469482421875
244.774993896484375 245.462493896484375 243.318756103515625 242.25 243.0812530517578125 242.2624969482421875 243.2312469482421875 244.100006103515625 245.537506103515625 247.618743896484375 251.0625 253.556243896484375 252.6374969482421875 249.3125 243.9562530517578125 235.975006103515625 224.381256103515625 216.84375 211.193756103515625 207.993743896484375 204.6125030517578125 202.03125 199.725006103515625 198.5625 199.1999969482421875 199.2062530517578125 202.4875030517578125 209.5749969482421875 218.4375 227.649993896484375 234.318756103515625 236.4562530517578125 235.712493896484375 235.068756103515625 238.9812469482421875 242.100006103515625 243.4812469482421875 246.09375 247.600006103515625 235.3249969482421875 222.1062469482421875 216.3874969482421875 213.7312469482421875 211.71875 208.256256103515625
246.5437469482421875 247.53125 245.4375 245.1437530517578125 245.524993896484375 245.7062530517578125 246.9562530517578125 247.9250030517578125 249.03125 251.243743896484375 253.131256103515625 257.524993896484375 257.85626220703125 254.943756103515625 249.149993896484375 239.71875 227.662506103515625 217.1437530517578125 214.7937469482421875 212.5812530517578125 210.96875 208.381256103515625 205.6750030517578125 204.1437530517578125 203.818756103515625 204.1750030517578125 205.9812469482421875 214.40625 225.287506103515625 235.875 241.181243896484375 237.0437469482421875 234.5812530517578125 234.4499969482421875 235.9812469482421875 238.318756103515625 242.3562469482421875 244.9875030517578125 243.5187530517578125 236.25 223.65625 215.7312469482421875 211.506256103515625 209.09375 205.8249969482421875
245.3874969482421875 246.975006103515625 245.631256103515625 246.306243896484375 247.5500030517578125 248.243743896484375 248.368743896484375 250.2687530517578125 251.806243896484375 253.8125 255.28125 257.82501220703125 260.0625 260.89373779296875 253.618743896484375 241.381256103515625 227.8000030517578125 217.162506103515625 212.318756103515625 212.7687530517578125 214.368743896484375 213.90625 207.75 207.787506103515625 207.7937469482421875 209.149993896484375 213.2687530517578125 220.1750030517578125 231.3312530517578125 242.556243896484375 248.59375 240.8874969482421875 234.28125 227.899993896484375 226.4499969482421875 231.368743896484375 237.181243896484375 239.631256103515625 240.493743896484375 234.4812469482421875 224.15625 215.0437469482421875 209.6125030517578125 207.149993896484375 203.8874969482421875
243.381256103515625 245.193756103515625 244.318756103515625 244.131256103515625 246.225006103515625 248.8125 249.9187469482421875 250.8874969482421875 252.193756103515625 253.8125 254.412506103515625 257.25 262.375 267.14373779296875 256.100006103515625 238.556243896484375 223.03125 216.0812530517578125 212.46875 212.4375 212.412506103515625 209.96875 208.46875 208.868743896484375 210.0124969482421875 213.162506103515625 217.631256103515625 224.962493896484375 232.618743896484375 239.962493896484375 243.318756103515625 237.5437469482421875 228.1750030517578125 217.7312469482421875 213.2687530517578125 219.9250030517578125 231.225006103515625 239.1062469482421875 240.78125 236.037506103515625 225.975006103515625 214.7624969482421875 209.993743896484375 207 203.4187469482421875
