data/historical-monthly-weather-data/wc2.1_cruts4.09_10m_prec_1984-10.asc
ncols        51
nrows        45
xllcorner    -63.500000000000
yllcorner    -7.500000000000
cellsize     0.166666666667
NODATA_value -9999
[rows 0 to 19 of 45, columns 0 to 43 of 51]
164.25 162.712493896484375 162.318756103515625 164.90625 166.34375 167.15625 165.6374969482421875 164.0437469482421875 161.6687469482421875 160.8125 161.7937469482421875 160.7062530517578125 158.59375 154.3562469482421875 149.8937530517578125 145.3125 140.774993896484375 135.212493896484375 130.75 126.46250152587890625 123.63124847412109375 120.5 118.05625152587890625 117.1062469482421875 116.8000030517578125 116.99375152587890625 117.75624847412109375 118.9562530517578125 121.77500152587890625 130.975006103515625 141.756256103515625 152.725006103515625 163.9812469482421875 176.0625 188.5437469482421875 197.1687469482421875 205.21875 212.350006103515625 214.1750030517578125 214.725006103515625 214.912506103515625 212.806243896484375 208.462493896484375 202.3874969482421875
160.774993896484375 158.6374969482421875 160.21875 164.818756103515625 169.6687469482421875 169.5749969482421875 168.493743896484375 168.5625 168.493743896484375 167.96875 167.506256103515625 164.568756103515625 160.850006103515625 156.3312530517578125 151.0749969482421875 146.318756103515625 140.506256103515625 134.7312469482421875 129.5749969482421875 125.21875 122.0187530517578125 119.4375 117.34375 117.0625 117.1437530517578125 117.09999847412109375 119.0124969482421875 121.0625 124.0437469482421875 132.125 143.087493896484375 154.868743896484375 166.756256103515625 180.0437469482421875 192.2062530517578125 199.625 207.6999969482421875 214.056243896484375 215.1750030517578125 214.4812469482421875 213.9562530517578125 212.0187530517578125 207.962493896484375 201.850006103515625
155.625 154.2375030517578125 155.4499969482421875 160.0749969482421875 164.868743896484375 166.625 168.537506103515625 171.65625 173.7312469482421875 173.818756103515625 172.0187530517578125 167.3249969482421875 162.149993896484375 156.318756103515625 150.5 145.1062469482421875 139.787506103515625 134.506256103515625 129.662506103515625 125.72499847412109375 123.2687530517578125 122.0625 120.81874847412109375 121.11875152587890625 121.8000030517578125 122.8249969482421875 124.7375030517578125 126.9375 129.0625 137.9562530517578125 149.7375030517578125 161.375 173.8312530517578125 188.15625 201.6687469482421875 209.6125030517578125 217.375 224.8249969482421875 226.243743896484375 225.306243896484375 224.3874969482421875 221.4187469482421875 216.6750030517578125 210.787506103515625
149.2062530517578125 147.681243896484375 149.8625030517578125 152.2375030517578125 156.524993896484375 160.1374969482421875 165.40625 171.7312469482421875 177.4499969482421875 178.96875 175.2312469482421875 168.3125 161.34375 154.8125 149.462493896484375 143.6624908447265625 138.25 134.087493896484375 130.2375030517578125 127.1999969482421875 125.97499847412109375 125 124.00624847412109375 125.44374847412109375 126.8874969482421875 128.287506103515625 130.1999969482421875 131.962493896484375 134.3125 143.4375 155.5500030517578125 168.412506103515625 180.4812469482421875 194.3874969482421875 207.756256103515625 218.443756103515625 227.962493896484375 236.25 238.3937530517578125 237.875 235.1062469482421875 231.631256103515625 226.243743896484375 220.3625030517578125
149.4187469482421875 144.3874969482421875 142.0500030517578125 143.125 147.5749969482421875 153.1999969482421875 160.1374969482421875 168.475006103515625 178.5 183.8874969482421875 177.0749969482421875 166.631256103515625 159.024993896484375 153.0500030517578125 147.4187469482421875 141.6062469482421875 136.7937469482421875 132.6437530517578125 129.287506103515625 126.9562530517578125 127.3874969482421875 127.1437530517578125 127.0124969482421875 129.537506103515625 131.787506103515625 133.818756103515625 134.962493896484375 137.1062469482421875 140.162506103515625 148.4375 160.306243896484375 172.881256103515625 185.912506103515625 200 214.6750030517578125 225.131256103515625 235.53125 245.59375 247.431243896484375 246.875 243.8874969482421875 238.4250030517578125 233.2624969482421875 226.90625
148.59375 143.4562530517578125 137.931243896484375 134.493743896484375 139.6875 147.5187530517578125 154.78125 162.9812469482421875 173.0500030517578125 181.087493896484375 172.556243896484375 162.306243896484375 156.212493896484375 150.818756103515625 145.7312469482421875 141.4250030517578125 136.78125 133.193756103515625 130.6750030517578125 128.8000030517578125 130.2624969482421875 131.4812469482421875 132.7062530517578125 134.9375 137.6687469482421875 139.9375 140.6125030517578125 141.649993896484375 144.787506103515625 151.7687530517578125 162.1999969482421875 174.5437469482421875 185.3562469482421875 197.931243896484375 210.962493896484375 221.131256103515625 231.0625 241.90625 246.65625 245.1750030517578125 239.2062530517578125 234.631256103515625 229.5124969482421875 225.09375
150.962493896484375 145.162506103515625 139.162506103515625 134.4875030517578125 136.8312530517578125 141.912506103515625 147.2312469482421875 151.9250030517578125 156.212493896484375 158.056243896484375 157.1875 153.8000030517578125 150.9250030517578125 147.850006103515625 144.0187530517578125 140.787506103515625 137.243743896484375 133.875 131.3937530517578125 130.5500030517578125 133.524993896484375 136.274993896484375 138.412506103515625 141.350006103515625 144.493743896484375 146.743743896484375 147.3874969482421875 147.4187469482421875 148.649993896484375 155.087493896484375 164.0187530517578125 173.90625 182.53125 193.2375030517578125 204.662506103515625 212.5749969482421875 221.412506103515625 231.34375 239.350006103515625 235.8000030517578125 229.4875030517578125 223.506256103515625 219.756256103515625 217.556243896484375
154.4812469482421875 147.75 142.962493896484375 140.162506103515625 139.524993896484375 141.71875 141.850006103515625 139.4250030517578125 135.318756103515625 135.556243896484375 140.850006103515625 143.4187469482421875 144.725006103515625 144.09375 142.649993896484375 140.368743896484375 137.7375030517578125 134.9499969482421875 133.068756103515625 133.1999969482421875 137.6687469482421875 141.5749969482421875 144.84375 148.475006103515625 151.71875 153.3937530517578125 152.881256103515625 151.4187469482421875 151.4375 155.306243896484375 162.9375 171.662506103515625 178.6875 187.3125 195.6750030517578125 201.5 206.6875 213.524993896484375 217.1374969482421875 215.131256103515625 209.868743896484375 203.9875030517578125 199.524993896484375 196.75
158.2624969482421875 152.568756103515625 149.0749969482421875 146.1374969482421875 144.681243896484375 144.243743896484375 141.912506103515625 135.40625 125.53749847412109375 122.3625030517578125 130.881256103515625 136.8562469482421875 140.837493896484375 141.806243896484375 141.9187469482421875 141.2375030517578125 139.743743896484375 139.100006103515625 139.09375 139.556243896484375 144.5812530517578125 149.6875 152.462493896484375 156.5812530517578125 158.506256103515625 158.6687469482421875 156.0187530517578125 155.056243896484375 154.2937469482421875 155.868743896484375 161.725006103515625 168.306243896484375 172.5187530517578125 177.875 182.9375 186.9812469482421875 190.350006103515625 192.5187530517578125 192.3249969482421875 190.03125 184.8874969482421875 178.318756103515625 173.943756103515625 168.8000030517578125
162.712493896484375 157.5124969482421875 154.0812530517578125 152.0437469482421875 150.931243896484375 149.743743896484375 146.21875 138.9812469482421875 130.8874969482421875 127.7937469482421875 131.243743896484375 135.1125030517578125 139.21875 141.2312469482421875 142.4499969482421875 142.9812469482421875 142.587493896484375 144.006256103515625 145.681243896484375 148.5687408447265625 153.9812469482421875 159.1125030517578125 161.5 163.6062469482421875 163.1687469482421875 162.243743896484375 159.7624969482421875 157.087493896484375 155.899993896484375 156.1999969482421875 158.8125 163.375 165.5374908447265625 168.868743896484375 172.212493896484375 173.693756103515625 173.71875 172.6687469482421875 170.9875030517578125 166.59375 160.8000030517578125 154.100006103515625 147.649993896484375 141.59375
167.34375 162.3312530517578125 158.899993896484375 157.0500030517578125 156.2624969482421875 157.2375030517578125 154.256256103515625 146.125 138.9562530517578125 135.6750030517578125 136.1125030517578125 137.8000030517578125 139.6999969482421875 141.9812469482421875 143.6875 144.475006103515625 145.506256103515625 148.6062469482421875 152.3625030517578125 157.28125 165.4499969482421875 170.0875091552734375 171.2687530517578125 169.4375 168.912506103515625 168.256256103515625 165.431243896484375 162.1875 158.756256103515625 157.5124969482421875 158.34375 160.5124969482421875 160.912506103515625 161.837493896484375 162.1687469482421875 160.774993896484375 158.3249969482421875 154.100006103515625 150.837493896484375 145.556243896484375 139.03125 132.375 126.5500030517578125 119.2624969482421875
170.9812469482421875 165.9562530517578125 162.899993896484375 161.6999969482421875 161.4812469482421875 163.068756103515625 161.6875 152.625 146.037506103515625 141.9250030517578125 140.5187530517578125 141.193756103515625 141.90625 143.756256103515625 146.024993896484375 146.84375 148.3125 152.21875 157.0187530517578125 164.09375 175.6437530517578125 180.6374969482421875 180.493743896484375 176.556243896484375 173.0500030517578125 169.787506103515625 165.3000030517578125 162.71875 160.125 158.368743896484375 156.75 156.912506103515625 155.368743896484375 154.8562469482421875 154.181243896484375 151 146.5812530517578125 141.65625 136.6687469482421875 130.818756103515625 122.90625 116.2312469482421875 110.39374542236328125 104.25
173.506256103515625 168.962493896484375 166.068756103515625 164.375 163.8874969482421875 164.243743896484375 161.193756103515625 155.243743896484375 149.837493896484375 146.850006103515625 145.125 144.556243896484375 145.087493896484375 145.1062469482421875 147.1125030517578125 148.881256103515625 150.0187530517578125 154.90625 160.5625 167.6437530517578125 181.8249969482421875 188.306243896484375 187.7937469482421875 183.087493896484375 173.3062591552734375 167.931243896484375 167.056243896484375 164.2687530517578125 162.118743896484375 158.943756103515625 155.5812530517578125 152.8249969482421875 150.53125 148.118743896484375 146.318756103515625 142.462493896484375 137.1062469482421875 132.1062469482421875 127.28125 119.09375 111.0625 105.6062469482421875 99.34999847412109375 88.71875
174.71875 170.212493896484375 167.5187530517578125 165.506256103515625 163.96875 163.212493896484375 160.2687530517578125 156.4812469482421875 152.931243896484375 149.8625030517578125 147.75 146.818756103515625 146.649993896484375 146.975006103515625 147.3249969482421875 149.212493896484375 150.125 154.7125091552734375 159.912506103515625 166.46875 179.7375030517578125 187.8312530517578125 191.5 188.725006103515625 181.806243896484375 176.9375 173.3562469482421875 168.7687530517578125 164.618743896484375 158.412506103515625 152.662506103515625 148.649993896484375 145.0749969482421875 141.96875 139.4875030517578125 135.5 130.412506103515625 126.03749847412109375 121.50624847412109375 114.41249847412109375 104.7687530517578125 96.4499969482421875 90.1374969482421875 83.375
174.306243896484375 170.21875 166.899993896484375 164.850006103515625 163.024993896484375 161.712493896484375 160.375 157.6999969482421875 154.243743896484375 151.631256103515625 149.743743896484375 148.399993896484375 147.6687469482421875 147.7062530517578125 147.4250030517578125 148.84375 149.0187530517578125 152.125 155.8125 162.0124969482421875 175.25 186.5749969482421875 194.8937530517578125 197.3312530517578125 196.056243896484375 191.9562530517578125 183.756256103515625 174.931243896484375 166.931243896484375 157.40625 149.21875 143.3874969482421875 139.5 137.225006103515625 134.7312469482421875 130.4375 126.88750457763671875 125.65625 124.72499847412109375 117.59999847412109375 106.69374847412109375 97.81874847412109375 91.6374969482421875 85.55625152587890625
172.443756103515625 168.1999969482421875 165.3312530517578125 163.4562530517578125 161.600006103515625 160.9375 159.7624969482421875 157.4250030517578125 154.8937530517578125 152.8249969482421875 150.287506103515625 147.837493896484375 146.868743896484375 146.8625030517578125 147.037506103515625 147.181243896484375 145.6374969482421875 147.7312469482421875 150.6687469482421875 155.818756103515625 168.9375 183.818756103515625 197.96875 207.306243896484375 209.756256103515625 205.350006103515625 194.556243896484375 182.09375 169.881256103515625 156.3312530517578125 145.7375030517578125 137.6062469482421875 132.9812469482421875 130.712493896484375 127.49375152587890625 122.6687469482421875 122.8937530517578125 123.75 126.4875030517578125 121.78125 113.6687469482421875 104.50624847412109375 96.34375 88.3937530517578125
168.71875 165 163.40625 162.256256103515625 160.5500030517578125 160.100006103515625 159.375 157.625 155.5500030517578125 152.7687530517578125 149.8000030517578125 146.8249969482421875 144.649993896484375 143.662506103515625 143.0625 142.162506103515625 139.1437530517578125 140.3249969482421875 143.0500030517578125 148.2312469482421875 161.7937469482421875 179.006256103515625 198.6125030517578125 214.475006103515625 222.4375 214.3937530517578125 201.8249969482421875 185.431243896484375 169.3562469482421875 153.462493896484375 141.84375 134.15625 126.625 120.94374847412109375 116.71250152587890625 115.9250030517578125 118.1875 126.3249969482421875 136.8125 130.7312469482421875 121.9187469482421875 111.6125030517578125 100.86875152587890625 92.4375
164.25 161.181243896484375 160.693756103515625 160.100006103515625 159.09375 159.5437469482421875 159.3625030517578125 157.7375030517578125 155.5625 152.9562530517578125 149.8937530517578125 145.5625 141.962493896484375 138.975006103515625 136.9875030517578125 134.618743896484375 131.306243896484375 131.1875 133.868743896484375 138.21875 151.9375 169.681243896484375 190.4812469482421875 207.7624969482421875 217.4187469482421875 213.381256103515625 203.6374969482421875 185.6437530517578125 166.493743896484375 147.774993896484375 134.7062530517578125 126.5625 122.3937530517578125 119.47499847412109375 112.53749847412109375 104.69374847412109375 113.50624847412109375 125.19374847412109375 133.4187469482421875 132.8375091552734375 125.43125152587890625 115.84999847412109375 105.3249969482421875 96.6750030517578125
158.537506103515625 157.056243896484375 157.59375 158.0749969482421875 158.25 158.9250030517578125 158.9812469482421875 158.024993896484375 156.6687469482421875 153.4375 148.9187469482421875 143.8562469482421875 138.4812469482421875 133.662506103515625 130.618743896484375 128.3249969482421875 124.90000152587890625 123.58750152587890625 125.3937530517578125 128.6374969482421875 141.7937469482421875 161.625 178.90625 194.4375 203.912506103515625 206.056243896484375 197.1062469482421875 181.2624969482421875 163.962493896484375 143.3312530517578125 127.44374847412109375 123.80625152587890625 126.40000152587890625 123.1062469482421875 117.2624969482421875 112.1999969482421875 116.71250152587890625 123.6125030517578125 129.537506103515625 130.475006103515625 126.1125030517578125 120.5812530517578125 109.8249969482421875 101.00624847412109375
152.1437530517578125 152.2937469482421875 153.6999969482421875 155.21875 156.6062469482421875 158.587493896484375 159.6999969482421875 159.475006103515625 157.881256103515625 154.75 149.506256103515625 142.6687469482421875 135.8125 129.3562469482421875 125.53749847412109375 122.8249969482421875 118.81874847412109375 118.88124847412109375 120.15625 123.99375152587890625 135.2937469482421875 151.46875 171.34375 184.5812530517578125 192.6374969482421875 194.0437469482421875 187.3125 177.193756103515625 161.0625 142.725006103515625 130 130.3249969482421875 132.3562469482421875 134.068756103515625 133.75 128.6687469482421875 126.65625 127.8562469482421875 129.6437530517578125 129.6062469482421875 127.6125030517578125 123.01874542236328125 113.97499847412109375 105.05625152587890625
