data/historical-monthly-weather-data/wc2.1_cruts4.09_10m_prec_2001-09.asc
ncols        51
nrows        45
xllcorner    -63.500000000000
yllcorner    -7.500000000000
cellsize     0.166666666667
NODATA_value -9999
[rows 0 to 19 of 45, columns 0 to 43 of 51]
207.993743896484375 205.225006103515625 204.625 207.7937469482421875 207.96875 205.8312530517578125 198.46875 189.2624969482421875 182.9187469482421875 177.399993896484375 174.381256103515625 172.618743896484375 170.7624969482421875 166.712493896484375 163.1750030517578125 158.537506103515625 155.5187530517578125 149.8125 145.5187530517578125 140.287506103515625 136.881256103515625 131.568756103515625 127.40625 122.9499969482421875 118.0187530517578125 115.0625 112.97499847412109375 110.8562469482421875 107.5124969482421875 105.8874969482421875 103.52500152587890625 102.4250030517578125 103.34999847412109375 102.56874847412109375 102.68125152587890625 103.34375 105.3249969482421875 107.03749847412109375 107.625 108.4812469482421875 109.5812530517578125 110.05625152587890625 109.27500152587890625 108.83750152587890625
197.71875 194.9499969482421875 198.6750030517578125 206.0749969482421875 214.037506103515625 207.8125 198.6062469482421875 193.381256103515625 187.462493896484375 181.7375030517578125 178.162506103515625 175.1687469482421875 172.4375 167.1062469482421875 162.9499969482421875 159.3625030517578125 154.6374969482421875 149.3937530517578125 144.28125 139.2687530517578125 134.8562469482421875 131.524993896484375 127.1999969482421875 123.5124969482421875 117.8249969482421875 114.3625030517578125 112.875 111.09999847412109375 107.0625 105.7062530517578125 104.3125 104.47499847412109375 104.6125030517578125 105.41875457763671875 105.9875030517578125 106.78125 108.75 110.97499847412109375 111.4499969482421875 112.3249969482421875 113.68125152587890625 114.3874969482421875 114.6125030517578125 113.15625
181.7937469482421875 182.3000030517578125 187.399993896484375 196.6062469482421875 204.806243896484375 203.1999969482421875 197.15625 192.3625030517578125 188.287506103515625 183.774993896484375 180.3625030517578125 176.8125 173.587493896484375 167.7312469482421875 162.3562469482421875 158.8874969482421875 153.712493896484375 148.78125 143.8125 139.3125 135.1374969482421875 131.2624969482421875 127.7312469482421875 124.09375 118.625 114.1125030517578125 113.78125 111.03125 107.22499847412109375 105.55625152587890625 103.71875 103.6687469482421875 105.36875152587890625 106.32500457763671875 107.25624847412109375 107.71250152587890625 109.59999847412109375 112.19374847412109375 113.36875152587890625 114.9250030517578125 116.78125 116.9375 117.83124542236328125 117.02500152587890625
163.1125030517578125 165.024993896484375 176.1999969482421875 183.9499969482421875 191.6687469482421875 192.625 191.4375 191.8625030517578125 190.0500030517578125 187.243743896484375 183.193756103515625 179.0749969482421875 173.024993896484375 167.9499969482421875 162.3625030517578125 157.9437408447265625 153.34375 148.7312469482421875 145.46875 142.0187530517578125 137.8312530517578125 132.4250030517578125 127.6750030517578125 123.83750152587890625 117.8562469482421875 113.7062530517578125 112.13124847412109375 107.94374847412109375 104.97499847412109375 104.02500152587890625 103.13750457763671875 102.18125152587890625 103.1437530517578125 104.31874847412109375 104.9375 107.8312530517578125 110.8312530517578125 113.38124847412109375 115.4375 116.52500152587890625 117.78749847412109375 117.9562530517578125 118.625 118.6875
162.1437530517578125 159.6999969482421875 161.9812469482421875 169.4375 180.65625 184.537506103515625 185.5812530517578125 188.462493896484375 189.8625030517578125 188.306243896484375 184.7312469482421875 178.25 173.2062530517578125 169.618743896484375 163.993743896484375 158.78125 153.4875030517578125 148.993743896484375 145.78125 141.7624969482421875 138.9375 131.8937530517578125 127.6374969482421875 123.4562530517578125 117.43125152587890625 112.89374542236328125 109.15625 106.03749847412109375 102.8312530517578125 101.21250152587890625 100.77500152587890625 99.26250457763671875 99.78749847412109375 101.6687469482421875 103.56874847412109375 105.8625030517578125 108.875 112.65000152587890625 115.375 117 118.3000030517578125 118.03749847412109375 117.8937530517578125 118.79999542236328125
162.2375030517578125 159.4812469482421875 158.975006103515625 158.037506103515625 169.125 179.337493896484375 183.556243896484375 185.618743896484375 187.087493896484375 187.7375030517578125 183.931243896484375 177.493743896484375 172.9375 169.8562469482421875 163.8874969482421875 159.8562469482421875 154.943756103515625 150.1374969482421875 146.8625030517578125 143.8249969482421875 138.662506103515625 132.3125 127.125 121.46250152587890625 116.34375 111.02500152587890625 106.9375 104.1437530517578125 100.53749847412109375 98.34999847412109375 97.46250152587890625 98.30625152587890625 98.61875152587890625 99.69374847412109375 100.73125457763671875 103.94374847412109375 106.78749847412109375 111.2312469482421875 114.7687530517578125 116.25 114.4187469482421875 114.15625 114.1750030517578125 115.7312469482421875
164.9875030517578125 163.225006103515625 162.381256103515625 161.2687530517578125 166.350006103515625 170.8625030517578125 177.037506103515625 181.5625 181.712493896484375 180.5500030517578125 179.212493896484375 175.087493896484375 172.056243896484375 168.7937469482421875 164.15625 160.5437469482421875 156.600006103515625 153.475006103515625 149.65625 145.375 138.8562469482421875 132.1875 125.09375 119.02500152587890625 114.3562469482421875 109.53749847412109375 105.53749847412109375 102.40625 98.08124542236328125 95.3874969482421875 94.6374969482421875 94.1999969482421875 94.9812469482421875 96.46250152587890625 97.69374847412109375 99.4187469482421875 102.1999969482421875 107.61875152587890625 113.05625152587890625 112.1750030517578125 109.7375030517578125 108.34999847412109375 108.41249847412109375 110.53125
168.5187530517578125 167.056243896484375 166.4749908447265625 168.600006103515625 173.431243896484375 178.181243896484375 178.743743896484375 175.2312469482421875 171.7312469482421875 171.881256103515625 173.8937530517578125 172.09375 170.28125 167.318756103515625 164.8687591552734375 160.3312530517578125 156.962493896484375 155.162506103515625 152.125 145.5 139.0749969482421875 131.4375 123.99375152587890625 117.02500152587890625 111.7062530517578125 106.83750152587890625 102.28749847412109375 98.34999847412109375 94.84375 92.15625 91.149993896484375 90.337493896484375 90.74375152587890625 92.375 92.47499847412109375 93.5187530517578125 95.5625 99.13124847412109375 101.7062530517578125 101.50624847412109375 99.3312530517578125 97.9499969482421875 98.3125 99.5500030517578125
173.78125 173.7687530517578125 174.649993896484375 176.6437530517578125 180.78125 183.399993896484375 183.78125 180.225006103515625 173.524993896484375 168.6062469482421875 170.149993896484375 168.7624969482421875 169.068756103515625 165.9875030517578125 163.78125 160.318756103515625 157.306243896484375 155.3125 153.100006103515625 146.0500030517578125 137.6062469482421875 130.625 121.13124847412109375 115.63124847412109375 109.24375152587890625 103.34999847412109375 98.90625 95.7312469482421875 93.15000152587890625 90.149993896484375 89.524993896484375 86.524993896484375 84.88750457763671875 83.96250152587890625 83.7937469482421875 85.5749969482421875 87.3937530517578125 88.93125152587890625 89.4250030517578125 88.88124847412109375 86.99375152587890625 85.50624847412109375 85.8000030517578125 86.90625
177.368743896484375 178.5437469482421875 180.181243896484375 182.3625030517578125 187.412506103515625 190.0500030517578125 190.118743896484375 185.8625030517578125 180.068756103515625 175.7062530517578125 173.337493896484375 169.287506103515625 167.8312530517578125 166 162.625 160.556243896484375 156.556243896484375 153.9875030517578125 151.3625030517578125 146.3874969482421875 138.037506103515625 128.7062530517578125 118.58750152587890625 112.0124969482421875 104.58750152587890625 98.8937530517578125 95.0625 92.09375 89.76250457763671875 87.6750030517578125 84.91875457763671875 81.3249969482421875 78.8312530517578125 77.8937530517578125 77.13124847412109375 77.649993896484375 78.81874847412109375 79.25624847412109375 78.11875152587890625 77.03125 75.1750030517578125 74.2375030517578125 72.28749847412109375 72.61875152587890625
183.3125 184.90625 186.787506103515625 188.712493896484375 192.90625 197.0749969482421875 197.40625 190.59375 183.399993896484375 178.9499969482421875 176.493743896484375 172.975006103515625 168.368743896484375 164.2687530517578125 160.2687530517578125 157.5124969482421875 153.09375 150.3625030517578125 147.6062469482421875 144.09375 138.462493896484375 129.087493896484375 117.97499847412109375 106.36875152587890625 100.31874847412109375 97.41249847412109375 93.9375 89.8125 86.13750457763671875 83.4875030517578125 80.6750030517578125 76.8625030517578125 74.037506103515625 71.91249847412109375 70.4375 69.9875030517578125 70.03749847412109375 69.54999542236328125 68.78125 66.5124969482421875 63.768749237060546875 62.24375152587890625 61.69374847412109375 60.362499237060546875
186.131256103515625 187.9375 189.975006103515625 193.368743896484375 197.2624969482421875 200.625 202.056243896484375 195.5749969482421875 186.493743896484375 179.8625030517578125 176.931243896484375 174.0812530517578125 166.9875030517578125 160.7937469482421875 158.493743896484375 154.556243896484375 150.568756103515625 146.1750030517578125 143.4250030517578125 142.3937530517578125 139.0500030517578125 129.6750030517578125 117.54375457763671875 104.7375030517578125 97.38124847412109375 92.9562530517578125 88.9499969482421875 85.11875152587890625 80.9375 78.1750030517578125 74.8874969482421875 71.1062469482421875 68.162506103515625 66.4250030517578125 65.4875030517578125 64.58750152587890625 63.78125 62.90625 60.200000762939453125 56.83750152587890625 53.643749237060546875 51.674999237060546875 51.0625 49.625
187.4375 189.1750030517578125 190.6687469482421875 192.3937530517578125 194.943756103515625 197.28125 196.7687530517578125 191.375 184.993743896484375 179.256256103515625 174.6437530517578125 172.125 166.462493896484375 156.71875 151.9187469482421875 149.287506103515625 145.21875 141.46875 139.068756103515625 137.568756103515625 135.28125 127.65000152587890625 115.83750152587890625 104 93.625 88.03749847412109375 84.92499542236328125 81.5749969482421875 77.8000030517578125 74.1437530517578125 69.6374969482421875 65.5124969482421875 62.83750152587890625 60.262500762939453125 58.950000762939453125 58.65625 59.075000762939453125 58.6875 56.66249847412109375 51.25624847412109375 46.081249237060546875 44.8125 43.450000762939453125 38.6875
187.21875 188.318756103515625 188.225006103515625 189.0500030517578125 191.2312469482421875 190.912506103515625 189.131256103515625 186.1750030517578125 180.4562530517578125 175.881256103515625 170 164.625 159.53125 151.6437530517578125 143.850006103515625 141.78125 138.131256103515625 134.024993896484375 130.5812530517578125 129.0812530517578125 126.49375152587890625 119.3125 110.56874847412109375 102.55625152587890625 93.74375152587890625 86.8562469482421875 82.625 78.3312530517578125 73.77500152587890625 69.83124542236328125 66.2624969482421875 61.481250762939453125 58.043750762939453125 55.24375152587890625 53.96875 54.91249847412109375 56.65625 58.4375 57.22499847412109375 52.8125 44.05625152587890625 39.1875 37.88124847412109375 36.418750762939453125
185.568756103515625 185.193756103515625 184.3249969482421875 184.756256103515625 186.412506103515625 182.9499969482421875 182.212493896484375 178.774993896484375 173.350006103515625 170.03125 163.2312469482421875 157.40625 151.40625 144.0437469482421875 135.118743896484375 130.6750030517578125 128.0187530517578125 125.34999847412109375 121.40625 119.96250152587890625 117.9562530517578125 113.3125 107.4250030517578125 102.3874969482421875 97.0749969482421875 90.8000030517578125 84.88124847412109375 78.25624847412109375 72.16249847412109375 67.9250030517578125 62.293750762939453125 57.34999847412109375 54.47499847412109375 51.41249847412109375 48.868747711181640625 51.19374847412109375 56.28125 62.21250152587890625 64.0625 59.13124847412109375 51.66249847412109375 45.34999847412109375 42.34375 39.28749847412109375
181.975006103515625 180.7062530517578125 180.4499969482421875 180.0749969482421875 179.3874969482421875 177.662506103515625 175.381256103515625 171.556243896484375 167.46875 164.3874969482421875 157.6062469482421875 150.475006103515625 143.681243896484375 136.7937469482421875 128.3625030517578125 120.68125152587890625 117.71875 116.625 113.27500152587890625 112.3562469482421875 110.0812530517578125 108.21250152587890625 106.16249847412109375 104.3312530517578125 100.55625152587890625 93.68125152587890625 86.05625152587890625 79.0812530517578125 72.73125457763671875 67.09375 62.4375 56.40625 52.274997711181640625 49.581249237060546875 46.1999969482421875 50.737499237060546875 58.818752288818359375 65.65000152587890625 70.65000152587890625 68.09999847412109375 62.90000152587890625 54.293750762939453125 46.893749237060546875 41.02500152587890625
176.0812530517578125 175.399993896484375 175.774993896484375 175.5124969482421875 174.225006103515625 172.662506103515625 170.037506103515625 167 162.8625030517578125 158.5187530517578125 152.868743896484375 145.3562469482421875 137.087493896484375 129.556243896484375 123.4187469482421875 116.78749847412109375 109.5187530517578125 107.52500152587890625 106.4562530517578125 105.3125 103.15625 102.65625 104.0124969482421875 105.91249847412109375 104.1687469482421875 95.4875030517578125 87.1750030517578125 79.88124847412109375 73.50624847412109375 68.0812530517578125 64.25 60.43125152587890625 55.46250152587890625 51.81874847412109375 52.325000762939453125 55.88124847412109375 62.456249237060546875 73.63124847412109375 83.84375 77.2062530517578125 67.625 57.71250152587890625 48.19374847412109375 42.549999237060546875
170.774993896484375 170.7062530517578125 169.8312530517578125 169.7624969482421875 170.131256103515625 168.90625 165.787506103515625 162.087493896484375 158.75 153.443756103515625 147.462493896484375 140.0437469482421875 131.725006103515625 124.2312469482421875 118.0500030517578125 112.52500152587890625 106.06874847412109375 99.28749847412109375 99.875 98.33750152587890625 97.21250152587890625 96.25624847412109375 98.40000152587890625 102 102.09999847412109375 94.7687530517578125 87.875 80.84375 73.81874847412109375 67.4250030517578125 62.887500762939453125 59.137500762939453125 60.325000762939453125 61.59375 59.71875 59.27500152587890625 67.46250152587890625 77.09375 81.41249847412109375 76.7062530517578125 65.21250152587890625 55.69374847412109375 47.674999237060546875 43.71875
165.1062469482421875 164.53125 163.631256103515625 164.6125030517578125 164.8249969482421875 164.0812530517578125 161.3125 159.375 155.40625 149.9812469482421875 143.600006103515625 135.4375 126.70000457763671875 119.52500152587890625 112.80625152587890625 108.66249847412109375 103.6374969482421875 96.3000030517578125 93.0437469482421875 91.69374847412109375 92.53125 96.68125152587890625 91.375 94.30625152587890625 96.125 94.31874847412109375 89.3312530517578125 82.11249542236328125 76.79999542236328125 69.44374847412109375 63.549999237060546875 64.05625152587890625 70.21250152587890625 71.6687469482421875 71.0124969482421875 70.55625152587890625 72.90000152587890625 75.2937469482421875 75.1437530517578125 69.56874847412109375 60.456249237060546875 52.799999237060546875 46.72499847412109375 43.7062530517578125
158.243743896484375 159.1125030517578125 158.256256103515625 158.8249969482421875 159.6437530517578125 160.318756103515625 159.0749969482421875 156.318756103515625 154.0187530517578125 148.9812469482421875 142.8874969482421875 135.6750030517578125 127.4187469482421875 119.1875 111.375 105.3874969482421875 98.0812530517578125 95.6374969482421875 91.59999847412109375 91.55625152587890625 88.81874847412109375 87.40000152587890625 89.90625 92.06874847412109375 92.58750152587890625 90.15000152587890625 86.96250152587890625 83.881256103515625 77.48749542236328125 71.21250152587890625 67.59375 73.1999969482421875 78.1999969482421875 85.15000152587890625 89.1999969482421875 85.0812530517578125 80.00624847412109375 75.86875152587890625 71.44374847412109375 64.9875030517578125 56.80625152587890625 49.200000762939453125 46.5625 45.856250762939453125
