data/historical-monthly-weather-data/wc2.1_cruts4.09_10m_prec_1971-11.asc
ncols        51
nrows        45
xllcorner    -63.500000000000
yllcorner    -7.500000000000
cellsize     0.166666666667
NODATA_value -9999
[rows 20 to 39 of 45, columns 0 to 43 of 51]
262.36248779296875 265.51251220703125 267.399993896484375 268.850006103515625 269.35626220703125 271.86248779296875 274.181243896484375 274.73748779296875 274.068756103515625 270.73126220703125 265.79376220703125 260.33123779296875 252.962493896484375 242.6624908447265625 234.912506103515625 226.75 219.9187469482421875 217.5749969482421875 220.6750030517578125 222.8562469482421875 226.443756103515625 227.2375030517578125 225.225006103515625 224.375 223.5812530517578125 220.0625 212.350006103515625 200.100006103515625 186.3625030517578125 175.7687530517578125 167.524993896484375 166.3000030517578125 169.443756103515625 174.493743896484375 179.5437469482421875 184.2687530517578125 186.806243896484375 189.2687530517578125 188.5749969482421875 187.6062469482421875 185.15625 182.212493896484375 177.75 172.4875030517578125
254.274993896484375 256.04998779296875 259.162506103515625 261.743743896484375 264.07501220703125 267.818756103515625 272.462493896484375 275.17498779296875 277.86248779296875 277.337493896484375 274.42498779296875 271.40625 265.46875 255.1687469482421875 245.65625 236.1750030517578125 229.5187530517578125 224.9499969482421875 223.8937530517578125 224.65625 224.006256103515625 223.7624969482421875 223.712493896484375 223.1687469482421875 221.9250030517578125 219.431243896484375 215.037506103515625 205.681243896484375 196.443756103515625 188.431243896484375 180.256256103515625 178.024993896484375 180.806243896484375 187.4187469482421875 194.306243896484375 198.600006103515625 200.912506103515625 202.21875 199.1687469482421875 197.03125 193.4499969482421875 189.681243896484375 185.2937469482421875 180.8937530517578125
246.618743896484375 250.09375 253.024993896484375 256.01251220703125 259.21875 263.63751220703125 268.41876220703125 274.53125 280.25 281.712493896484375 282.23748779296875 281.28125 281 271.850006103515625 257.73748779296875 245.2687530517578125 236.6374969482421875 231.0187530517578125 227.287506103515625 225.2937469482421875 223.8312530517578125 222.3874969482421875 221.25 220.8562469482421875 221.568756103515625 220.943756103515625 217.068756103515625 211.600006103515625 204.15625 197.287506103515625 191.625 189.3937530517578125 194.0124969482421875 201.4499969482421875 208.34375 213.162506103515625 215.506256103515625 214.3562469482421875 209.7312469482421875 206.118743896484375 202.443756103515625 197.7624969482421875 192.9499969482421875 188.287506103515625
239.25 242.8312530517578125 245.818756103515625 247.6437530517578125 251.162506103515625 257.481231689453125 263.806243896484375 271.34375 276.78125 280.0625 282.475006103515625 287.3125 291.087493896484375 281.056243896484375 264.91876220703125 251.774993896484375 242.287506103515625 236.0437469482421875 230.725006103515625 226.306243896484375 224.03125 221.818756103515625 219.274993896484375 219.2687530517578125 220.5 220.34375 220.59375 214.8562469482421875 210.375 205.15625 202.1062469482421875 201.125 205.9812469482421875 213.068756103515625 220.78125 227.2937469482421875 229.912506103515625 226.46875 221.1062469482421875 216.1312408447265625 211.1875 205.9187469482421875 200.6875 195.493743896484375
235.4375 237.462493896484375 239.78125 241.381256103515625 245.46875 251.1687469482421875 257.33123779296875 264.61248779296875 270.89373779296875 275.0625 279.13751220703125 281.506256103515625 283.23126220703125 276.57501220703125 264.943756103515625 253.84375 245.037506103515625 237.9250030517578125 232.4375 227.412506103515625 223.868743896484375 219.6999969482421875 217.65625 217.3375091552734375 218.125 220.875 221.2624969482421875 218.96875 215.4375 213.28125 210.78125 210.5749969482421875 215.693756103515625 222.7624969482421875 229.4875030517578125 234.399993896484375 237.3312530517578125 234.6374969482421875 229.7062530517578125 225.1999969482421875 219.4625091552734375 213.6999969482421875 209.212493896484375 205.118743896484375
235.0187530517578125 236.6875 234.962493896484375 236.5625 238.40625 243.412506103515625 249.0500030517578125 255.818756103515625 261.76251220703125 266.537506103515625 270.412506103515625 272.5 271.83123779296875 267.20001220703125 260.1875 252.625 246.0625 239.5749969482421875 234.1062469482421875 229.212493896484375 224.6374969482421875 219.818756103515625 215.9250030517578125 214.1875 216.537506103515625 220.962493896484375 223.350006103515625 223.2937469482421875 221.8874969482421875 220.881256103515625 218.868743896484375 218.818756103515625 224.2687530517578125 229.818756103515625 235.96875 239.8125 241.912506103515625 241.368743896484375 238.318756103515625 233.7937469482421875 228.662506103515625 222.5500030517578125 215.84375 212.693756103515625
233.9562530517578125 232.149993896484375 230.25 230.118743896484375 230.475006103515625 234.53125 241.28125 247.068756103515625 251.0437469482421875 255.9812469482421875 261.225006103515625 263.23126220703125 262.51251220703125 259.48126220703125 255.0500030517578125 248.881256103515625 244.09375 239.1750030517578125 234.6125030517578125 229.4250030517578125 224.681243896484375 219.6750030517578125 214.993743896484375 213.65625 217.774993896484375 222.3874969482421875 224.912506103515625 225.8125 226.399993896484375 224.837493896484375 224.162506103515625 224.4250030517578125 230.8937530517578125 237.0500030517578125 241.868743896484375 245.25 247.2312469482421875 246.7375030517578125 245.350006103515625 242.100006103515625 237.725006103515625 230.756256103515625 223.649993896484375 218.6750030517578125
232.3874969482421875 227.2312469482421875 224.5500030517578125 222.899993896484375 222.8000030517578125 225.850006103515625 231.618743896484375 237.6125030517578125 242.2375030517578125 247.0749969482421875 250.931243896484375 253.149993896484375 252.9375 250.9875030517578125 248.9187469482421875 244.96875 241.1062469482421875 238.125 234.3625030517578125 230.2937469482421875 226.625 221.7937469482421875 219.625 219.84375 222.649993896484375 225.8625030517578125 227.5124969482421875 229.024993896484375 229.5500030517578125 228.28125 226.8000030517578125 227.462493896484375 234.4812469482421875 240.4375 246.9250030517578125 250.1624908447265625 251.9875030517578125 253.256256103515625 251.068756103515625 250.8125 249.006256103515625 241.9812469482421875 230.225006103515625 223.568756103515625
230.787506103515625 222.6687469482421875 217.7937469482421875 215.3874969482421875 214.618743896484375 217.056243896484375 221.9187469482421875 227.5187530517578125 233.3625030517578125 237.993743896484375 242.0625 243.7687530517578125 244.5500030517578125 243.3249969482421875 242.412506103515625 241.40625 240.09375 237.1437530517578125 234.3562469482421875 231.5 229.225006103515625 225.78125 224.943756103515625 226.506256103515625 228.475006103515625 230.4499969482421875 232.1062469482421875 232.375 232.931243896484375 230.7062530517578125 229.287506103515625 229.3312530517578125 235.712493896484375 242.6750030517578125 250.568756103515625 253.9812469482421875 256.462493896484375 257.57501220703125 255.9375 254.850006103515625 255.46875 247.2312469482421875 237.381256103515625 234.9250030517578125
231.7624969482421875 221.7312469482421875 215.443756103515625 209.8125 208.3937530517578125 210.712493896484375 214.912506103515625 220.0500030517578125 225.443756103515625 229.2375030517578125 233.3312530517578125 235.881256103515625 237.568756103515625 238.28125 238.318756103515625 238.162506103515625 236.2937469482421875 235.537506103515625 233.2312469482421875 231.25 229.975006103515625 229.600006103515625 229.875 230.431243896484375 231.9562530517578125 234.024993896484375 234.7624969482421875 234.056243896484375 233.4250030517578125 232.6125030517578125 231.6062469482421875 232.037506103515625 238.5625 246.65625 254.4187469482421875 257.100006103515625 259.03125 262.03125 258.556243896484375 256.73126220703125 257.225006103515625 257.337493896484375 253.2062530517578125 254.15625
231.625 220.568756103515625 213.274993896484375 206.8125 203.431243896484375 206.087493896484375 209.631256103515625 213.568756103515625 217.4250030517578125 221.9875030517578125 226.368743896484375 229.556243896484375 232.6999969482421875 233.149993896484375 234.25 235.0187530517578125 235.1999969482421875 234.375 232.0812530517578125 232.837493896484375 233.350006103515625 234.056243896484375 235.1125030517578125 235.3249969482421875 235.475006103515625 237.2624969482421875 236.4812469482421875 235.3249969482421875 233.8125 233.287506103515625 233.5 235.162506103515625 241.587493896484375 250.9562530517578125 257.850006103515625 260.54998779296875 263.46875 268.38751220703125 264.1875 255.96875 258.868743896484375 266.10626220703125 268.78125 271.10626220703125
230.875 219.8312530517578125 212.068756103515625 206.306243896484375 203.212493896484375 202.9812469482421875 205.243743896484375 207.6125030517578125 210.9562530517578125 214.84375 219.2624969482421875 223.4875030517578125 226.943756103515625 229.337493896484375 232.2062530517578125 234 234.818756103515625 234.649993896484375 234.431243896484375 236.306243896484375 237.7624969482421875 238.618743896484375 239.524993896484375 239.068756103515625 239.587493896484375 239.774993896484375 237.6125030517578125 235.5124969482421875 233.100006103515625 234.118743896484375 235.462493896484375 237.3687591552734375 244.631256103515625 253.3249969482421875 262.1875 265.79376220703125 269.54998779296875 273.45001220703125 268.4375 264.662506103515625 272.243743896484375 283.318756103515625 290.399993896484375 299.899993896484375
231.381256103515625 221.8562469482421875 214.162506103515625 208.493743896484375 204.524993896484375 202.3625030517578125 202.5187530517578125 203.3249969482421875 205.274993896484375 208.3312530517578125 213.868743896484375 217.8249969482421875 222.65625 227.931243896484375 230.899993896484375 233.5687408447265625 234.462493896484375 237.068756103515625 238.774993896484375 241.125 242.556243896484375 242.3562469482421875 241.8000030517578125 240.712493896484375 240.6687469482421875 239.8249969482421875 237.056243896484375 233.9875030517578125 232.1750030517578125 234.1062469482421875 236.662506103515625 239.725006103515625 247.350006103515625 256.087493896484375 266.287506103515625 271.78125 277.912506103515625 282.100006103515625 279.61248779296875 285.1875 295.024993896484375 307.337493896484375 320.13751220703125 336.73126220703125
231.3937530517578125 223.756256103515625 216.3562469482421875 210.899993896484375 205.681243896484375 202.1687469482421875 199.631256103515625 199.056243896484375 200 201.90625 206.4187469482421875 212.693756103515625 219.5124969482421875 224.9875030517578125 228.9187469482421875 232.53125 235.4812469482421875 239.274993896484375 242.462493896484375 245.743743896484375 246.3312530517578125 245.5124969482421875 244.2312469482421875 241.931243896484375 240.78125 238.725006103515625 235.943756103515625 232.09375 230.0625 233.0437469482421875 237.1062469482421875 242.3562469482421875 250.756256103515625 260.100006103515625 271.13751220703125 278.98748779296875 285.41876220703125 289.600006103515625 294.61248779296875 305.54376220703125 316.96875 331.881256103515625 351.45623779296875 374.206268310546875
232.368743896484375 226.243743896484375 219.1437530517578125 212.6750030517578125 207.125 202.0124969482421875 197.399993896484375 195.1437530517578125 193.506256103515625 195.1687469482421875 200.15625 208.3937530517578125 216.6999969482421875 224.53125 229.875 232.743743896484375 236.712493896484375 241.556243896484375 245.681243896484375 249.3187408447265625 249.912506103515625 248.381256103515625 245.9187469482421875 241.818756103515625 238.6437530517578125 236.443756103515625 232.59375 229.318756103515625 226.881256103515625 231.25 237.493743896484375 244 252.837493896484375 263.875 274.08123779296875 281.79376220703125 289.274993896484375 300.79998779296875 310 321.568756103515625 336.212493896484375 351.774993896484375 372.743743896484375 396.32501220703125
234.118743896484375 228.4562530517578125 221.806243896484375 215.125 209.3000030517578125 203.600006103515625 198.100006103515625 192.9250030517578125 189.1437530517578125 188.693756103515625 194.34375 203.7937469482421875 214.65625 224.53125 229.4250030517578125 234.0437469482421875 236.9312591552734375 242.475006103515625 247.90625 252.943756103515625 252.6750030517578125 248.8125 244.912506103515625 240.149993896484375 236.0625 232.625 229.0749969482421875 226.2062530517578125 224.3562469482421875 228.7312469482421875 236.65625 243.868743896484375 253.8812408447265625 264.9375 274 281.787506103515625 295.412506103515625 307.67498779296875 317.03125 330.60626220703125 346.912506103515625 361.350006103515625 379.368743896484375 400.818756103515625
236 231.2937469482421875 225.375 219.2624969482421875 213.1062469482421875 206.818756103515625 199.818756103515625 192.943756103515625 186.556243896484375 181.568756103515625 188.8000030517578125 204.412506103515625 215.8937530517578125 224.0500030517578125 229.225006103515625 233.462493896484375 236.4875030517578125 241.837493896484375 247.5187530517578125 251.9875030517578125 250.7062530517578125 246.225006103515625 241.8249969482421875 236.256256103515625 231.3312530517578125 228.056243896484375 223.818756103515625 221.931243896484375 219.96875 226.212493896484375 234.6062469482421875 244.318756103515625 254.2937469482421875 265.75 275.118743896484375 285.53125 299.70623779296875 313.743743896484375 325.15625 336.337493896484375 350.71875 363.51873779296875 379.462493896484375 399.100006103515625
240.931243896484375 236.212493896484375 230.1687469482421875 224.5124969482421875 218.256256103515625 211.600006103515625 204.506256103515625 197.1062469482421875 189.975006103515625 182.787506103515625 195.9375 212.681243896484375 220.1687469482421875 225.8625030517578125 229.9187469482421875 233.2937469482421875 235.868743896484375 240.28125 244.6374969482421875 246.493743896484375 245.443756103515625 241.78125 237.6687469482421875 231.0187530517578125 226.0625 222.5 218.649993896484375 217.0625 216.118743896484375 224.056243896484375 231.0124969482421875 240.8937530517578125 252.0812530517578125 263.86248779296875 274.33123779296875 287.225006103515625 302.66876220703125 316.71875 330.8125 343.53125 353.268768310546875 365.693756103515625 376.712493896484375 390.71875
248.5 243.431243896484375 237.837493896484375 231.837493896484375 225.100006103515625 218.412506103515625 212.0437469482421875 205.8937530517578125 202.912506103515625 206.7312469482421875 221.443756103515625 225.056243896484375 227.037506103515625 230.3625030517578125 232.662506103515625 234.5625 236.337493896484375 239.3625030517578125 241.256256103515625 242.399993896484375 240.0812530517578125 236.0124969482421875 232.6437530517578125 227.1687469482421875 221.5187530517578125 218.337493896484375 215.4250030517578125 214.1437530517578125 214.0749969482421875 221.1374969482421875 228.6687469482421875 237.431243896484375 247.943756103515625 259.068756103515625 273.056243896484375 287.006256103515625 300.20623779296875 315.88751220703125 328.318756103515625 335.412506103515625 343.29376220703125 354.14373779296875 360.125 371.149993896484375
256.59375 251.53125 245.625 239.149993896484375 233.493743896484375 227.7937469482421875 221.71875 217.9562530517578125 217.350006103515625 220.65625 227.1374969482421875 231.162506103515625 232.53125 234.4375 235.806243896484375 236.431243896484375 237.8562469482421875 238.9250030517578125 239.149993896484375 238.96875 235.1687469482421875 230.8249969482421875 226.4437408447265625 221.125 217.25 213.9187469482421875 211.756256103515625 211.4875030517578125 211.8312530517578125 217.75 224.212493896484375 235.212493896484375 247.6875 258.96875 273.037506103515625 285.637481689453125 297.42498779296875 310.381256103515625 322.100006103515625 326.081268310546875 331.912506103515625 339.48748779296875 343.42498779296875 348.306243896484375
