data/historical-monthly-weather-data/wc2.1_cruts4.09_10m_prec_1981-12.asc
ncols        45
nrows        45
xllcorner    -63.500000000000
yllcorner    -7.500000000000
cellsize     0.166666666667
NODATA_value -9999
[rows 20 to 39 of 45, columns 0 to 43 of 45]
164.431243896484375 164.6500091552734375 164.4812469482421875 165.0437469482421875 166.3937530517578125 169.1374969482421875 171.6062469482421875 173.8874969482421875 177.399993896484375 179.7624969482421875 180.2687530517578125 178.25 175.34375 171.03125 164.943756103515625 157.837493896484375 151.0437469482421875 145.71875 142.337493896484375 139.100006103515625 136.8312530517578125 134.5500030517578125 132.34375 130.2937469482421875 128.9812469482421875 127.08750152587890625 123.59999847412109375 117.2375030517578125 109.65000152587890625 104.28749847412109375 100.78125 100.02500152587890625 97.8937530517578125 96.28749847412109375 95.33750152587890625 96.96875 100.1999969482421875 103.84999847412109375 106.91249847412109375 107.65625 106.25624847412109375 104.6687469482421875 104.34999847412109375 104.40000152587890625
160.087493896484375 159.8625030517578125 160.5812530517578125 162.618743896484375 164.712493896484375 167.712493896484375 170.943756103515625 173.96875 177.34375 179.53125 179.46875 177.1999969482421875 174.2375030517578125 169.8312530517578125 164.1750030517578125 157.649993896484375 151.412506103515625 146.5437469482421875 142.631256103515625 139.09375 135.7312469482421875 133.6750030517578125 132.4875030517578125 130.306243896484375 129.037506103515625 128.618743896484375 127.6125030517578125 122.1750030517578125 115.3874969482421875 111.7312469482421875 109.4187469482421875 108.31874847412109375 104.55625152587890625 101.71875 99.3249969482421875 100.1750030517578125 102.96875 106.4562530517578125 108.6125030517578125 108.0812530517578125 106.5625 105.0500030517578125 104.2375030517578125 103.93125152587890625
156.3625030517578125 157.2624969482421875 157.693756103515625 159.6374969482421875 162.462493896484375 166.5749969482421875 170.0187530517578125 173.837493896484375 178.162506103515625 179.5437469482421875 178.875 175.875 173.368743896484375 169.537506103515625 163.868743896484375 157.5500030517578125 151.34375 146.3249969482421875 142.3625030517578125 138.193756103515625 134.71875 132.3562469482421875 130.618743896484375 128.53125 127.7687530517578125 128.71875 129.899993896484375 125.74375152587890625 119.8625030517578125 117.97499847412109375 117.1999969482421875 116.5500030517578125 111.90000152587890625 107.0500030517578125 103.1062469482421875 102.125 104.6687469482421875 109.48749542236328125 111.13124847412109375 109.4562530517578125 107.2062530517578125 105.3312530517578125 104.2375030517578125 103.6125030517578125
153.6687469482421875 154.1875 154.3249969482421875 156.4375 159.8874969482421875 164.6437530517578125 169.350006103515625 173.399993896484375 177.4375 178.368743896484375 177.7624969482421875 175.875 174.006256103515625 171.1437530517578125 165.350006103515625 158.8874969482421875 152.806243896484375 147.9375 143.5625 139.0500030517578125 134.5187530517578125 131.350006103515625 128.5500030517578125 126.56874847412109375 125.6374969482421875 126.3000030517578125 127.78125 126.40000152587890625 123.84375 123.8312530517578125 124.90625 124.65000152587890625 119.6374969482421875 113.5187530517578125 108.28749847412109375 105.1750030517578125 106.08750152587890625 109.6750030517578125 111.0812530517578125 109.375 106.875 105.30625152587890625 104.06874847412109375 103.40000152587890625
153.0437469482421875 152.7375030517578125 152.100006103515625 155.506256103515625 160.03125 164.5625 169.03125 172.4187469482421875 175.5 177.1062469482421875 177.118743896484375 175.8000030517578125 174.5437469482421875 172.350006103515625 166.899993896484375 160.618743896484375 154.493743896484375 149.712493896484375 145.03125 140.1687469482421875 134.725006103515625 130.056243896484375 126.38124847412109375 123.71875 122.9562530517578125 124.0749969482421875 126.1437530517578125 126.80625152587890625 126.59375 129.006256103515625 131.90625 132.8125 127.4875030517578125 120.5 113.73125457763671875 110.0187530517578125 109.15000152587890625 108.96875 109.7062530517578125 108.81874847412109375 106.58750152587890625 105.28125 103.96875 104.0437469482421875
155.6062469482421875 156.818756103515625 156.056243896484375 158.6062469482421875 161.2062530517578125 165.1062469482421875 168.59375 171.3937530517578125 174.0437469482421875 175.3625030517578125 175.5124969482421875 175.5 174.9875030517578125 173.568756103515625 168.6750030517578125 162.6875 156.4187469482421875 151.625 146.8625030517578125 141.631256103515625 136.1374969482421875 129.881256103515625 124.3125 120.28749847412109375 120.6999969482421875 122.78125 126.1687469482421875 128.287506103515625 129.818756103515625 133.90625 138.256256103515625 141.3249969482421875 135.8312530517578125 127.3874969482421875 119.5812530517578125 114.5124969482421875 111.5187530517578125 109.22499847412109375 109.43125152587890625 108.9375 107.03125 105.21875 103.5 103.15625
157.625 159.100006103515625 160.337493896484375 162.818756103515625 164.9562530517578125 167.875 169.8312530517578125 171.5124969482421875 173.15625 174.806243896484375 176.15625 177.056243896484375 177.256256103515625 176.943756103515625 172.5 167.1125030517578125 161.3000030517578125 156.493743896484375 151.6125030517578125 145.7624969482421875 139.681243896484375 132.84375 126.1437530517578125 120.90000152587890625 122.3562469482421875 124.875 128.9375 132.024993896484375 135.024993896484375 139.8562469482421875 145.4250030517578125 149.381256103515625 143.3312530517578125 132.9375 123.28125 117.2937469482421875 112.46250152587890625 108.7062530517578125 108.75 108.78125 107.53125 105.61875152587890625 103.18125152587890625 102.8874969482421875
160.006256103515625 161.7937469482421875 164.5625 167.506256103515625 169.3937530517578125 171.3125 172.212493896484375 172.2937469482421875 173.21875 174.4250030517578125 175.618743896484375 177.537506103515625 179.6750030517578125 180.6374969482421875 176.8000030517578125 171.568756103515625 166.5124969482421875 161.5812530517578125 156.8125 151.03125 145.1125030517578125 138.725006103515625 133.4375 129.056243896484375 128.5625 130.056243896484375 133.5812530517578125 136.7624969482421875 140.1374969482421875 145.350006103515625 150.993743896484375 154.6062469482421875 146.9499969482421875 135.943756103515625 125.1437530517578125 118.2937469482421875 112.5749969482421875 107.99375152587890625 108.4499969482421875 109.3562469482421875 109.1437530517578125 107.84999847412109375 103.5812530517578125 103.44374847412109375
161.9499969482421875 164.306243896484375 168.625 173.09375 174.818756103515625 174.8312530517578125 174.0500030517578125 173.1437530517578125 173.475006103515625 173.9375 175.524993896484375 178.8000030517578125 182.0187530517578125 184.399993896484375 180.96875 177.024993896484375 172.587493896484375 168 163.274993896484375 157.712493896484375 152.1374969482421875 146.5812530517578125 142.412506103515625 138.0562591552734375 136.537506103515625 136.8874969482421875 139.850006103515625 142.943756103515625 146.4250030517578125 151.037506103515625 156.0187530517578125 158.725006103515625 149.71875 137.556243896484375 126.0124969482421875 118.63124847412109375 112.34375 106.9375 107.2624969482421875 108.84375 110.25624847412109375 109.27500152587890625 106.15000152587890625 108.65000152587890625
167.5437469482421875 170.2312469482421875 175.8125 181.631256103515625 184.1687469482421875 180.96875 177.631256103515625 175.4875030517578125 174.9375 174.875 176.412506103515625 179.8625030517578125 184.4812469482421875 188.2624969482421875 186.337493896484375 183.2687530517578125 180.28125 177.181243896484375 172.756256103515625 167.1062469482421875 161.587493896484375 156.6875 152.462493896484375 148.556243896484375 146.7312469482421875 146.6125030517578125 148.306243896484375 151.368743896484375 154.25 157.5187530517578125 160.8249969482421875 161.9562530517578125 152.649993896484375 140.21875 128.306243896484375 119.7312469482421875 112.2062530517578125 105.4562530517578125 104.88124847412109375 105.21250152587890625 105.24375152587890625 106.88124847412109375 107.125 110.7624969482421875
172.40625 175.2624969482421875 180.493743896484375 186.5500030517578125 188.5124969482421875 183.618743896484375 179.2375030517578125 175.8625030517578125 174.712493896484375 175.3000030517578125 177.0124969482421875 181.21875 186.787506103515625 191.318756103515625 190.693756103515625 189.5812530517578125 188.7312469482421875 185.6999969482421875 182.443756103515625 177.024993896484375 171.5500030517578125 166.850006103515625 163.1437530517578125 159.287506103515625 156.993743896484375 156.2937469482421875 157.6750030517578125 160.2375030517578125 162.568756103515625 164.5500030517578125 165.9250030517578125 165.3312530517578125 155.2312469482421875 142.837493896484375 130.4562530517578125 120.84375 112.06874847412109375 103.96875 101.90625 100.4187469482421875 99.8125 103.0749969482421875 106.09999847412109375 109.33750152587890625
177 178.8125 182.649993896484375 185.524993896484375 185.412506103515625 182.1999969482421875 178.337493896484375 174.5124969482421875 173.84375 174.3874969482421875 176.6374969482421875 182.0437469482421875 188.6687469482421875 194.181243896484375 195.774993896484375 196.431243896484375 195.8125 192.9812469482421875 189.7375030517578125 185.068756103515625 180.618743896484375 176.493743896484375 172.7937469482421875 169.125 167.59375 166.5 167.212493896484375 169.4499969482421875 171.475006103515625 171.96875 171.4812469482421875 169.256256103515625 157.868743896484375 145.181243896484375 132.649993896484375 122.38124847412109375 111.94374847412109375 102.33750152587890625 98.9250030517578125 96.34375 95.5812530517578125 100.13124847412109375 105.21875 110.3874969482421875
185.618743896484375 185.475006103515625 186.6062469482421875 187.8125 186.7687530517578125 183.568756103515625 179.2312469482421875 175.087493896484375 173.96875 174.6750030517578125 178.600006103515625 184.625 192.3625030517578125 199.8562469482421875 202.6374969482421875 204.09375 204.0749969482421875 202.0187530517578125 197.71875 193.4187469482421875 189.6687469482421875 186.4187469482421875 183.162506103515625 179.75 178.3625030517578125 177.881256103515625 178.493743896484375 179.7062530517578125 181.6437530517578125 180.350006103515625 178.4499969482421875 174.71875 163.0500030517578125 150.0625 137.256256103515625 126.11875152587890625 114.9250030517578125 104.4562530517578125 99.5500030517578125 96.5625 94.3625030517578125 98.4187469482421875 104.1437530517578125 111.5
194.1999969482421875 192.318756103515625 191.8874969482421875 190.818756103515625 187.881256103515625 184.2062530517578125 179.9499969482421875 175.568756103515625 173.8000030517578125 174.25 178.0749969482421875 186.7687530517578125 196.4187469482421875 204.3874969482421875 208.96875 211.506256103515625 212.96875 210.9875030517578125 206.25 202.006256103515625 198.75 195.6437530517578125 192.5 189.7937469482421875 188.506256103515625 188.256256103515625 189.2937469482421875 190.725006103515625 192.524993896484375 189.2375030517578125 185.4187469482421875 180.5124969482421875 168.4812469482421875 155.3249969482421875 142.0187530517578125 130.037506103515625 118.34375 106.625 100.8937530517578125 96.5437469482421875 93.00624847412109375 95.91249847412109375 100.84375 108.15000152587890625
202.287506103515625 199.4187469482421875 197.350006103515625 194.1875 190.212493896484375 185.618743896484375 180.5124969482421875 175.5625 172.4187469482421875 172.774993896484375 177.875 188.568756103515625 201.0749969482421875 211.493743896484375 217.21875 220.8000030517578125 222.5500030517578125 220.024993896484375 215.6437530517578125 210.3562469482421875 207.8625030517578125 204.412506103515625 202.1437530517578125 199.6062469482421875 198.287506103515625 198.4749908447265625 199.524993896484375 201.375 202.899993896484375 198.1750030517578125 192.774993896484375 186.34375 174.1875 161.087493896484375 147.4375 134.5124969482421875 121.8125 110.0812530517578125 103.3125 97.1437530517578125 92.1999969482421875 93.3125 96.33750152587890625 101.3625030517578125
211.993743896484375 208.274993896484375 204.8125 200.662506103515625 195.493743896484375 190.2624969482421875 183.8874969482421875 177.462493896484375 172.837493896484375 171.6062469482421875 178.2937469482421875 192.443756103515625 208.3187408447265625 220.2624969482421875 227.087493896484375 231.1875 232.9187469482421875 230.068756103515625 224.7312469482421875 218.899993896484375 216.056243896484375 213.506256103515625 210.5437469482421875 208.412506103515625 207.868743896484375 208.024993896484375 209.4375 211.243743896484375 212.5124969482421875 207.306243896484375 201.25 193.71875 181.9812469482421875 168.868743896484375 155.40625 142.493743896484375 130.9187469482421875 119.47499847412109375 112.2624969482421875 105.77500152587890625 100.3000030517578125 100.2312469482421875 101.15625 103.75
221.5625 217.274993896484375 213.1062469482421875 208.475006103515625 203.006256103515625 197.3125 190.7624969482421875 182.774993896484375 175.225006103515625 169.537506103515625 180.1062469482421875 201.975006103515625 218.756256103515625 230.118743896484375 237.493743896484375 241.818756103515625 243.850006103515625 240.193756103515625 234.7624969482421875 228.475006103515625 224.8874969482421875 221.618743896484375 218.5 216.7312469482421875 216.2062530517578125 216.9499969482421875 218.149993896484375 220.8562469482421875 222.618743896484375 216.868743896484375 209.7624969482421875 201.46875 189.8874969482421875 177.4187469482421875 164.131256103515625 152.4187469482421875 141.149993896484375 130.0187530517578125 122.10625457763671875 115.25624847412109375 109.18125152587890625 107.4499969482421875 106.50624847412109375 106.7937469482421875
229.899993896484375 225.649993896484375 221.6125030517578125 216.806243896484375 211.8249969482421875 205.90625 200.100006103515625 192.6999969482421875 185.4875030517578125 177.431243896484375 198.693756103515625 222.756256103515625 234.9499969482421875 243.4562530517578125 249.6999969482421875 253.756256103515625 254.975006103515625 251.1875 244.631256103515625 238.162506103515625 232.96875 228.806243896484375 225.7312469482421875 224.131256103515625 223.6750030517578125 224.693756103515625 227.056243896484375 229.90625 231.7624969482421875 226.037506103515625 217.9250030517578125 209.4312591552734375 198.3125 186.475006103515625 173.756256103515625 162.681243896484375 151.774993896484375 140.7624969482421875 132.8562469482421875 125.4499969482421875 118.625 115.3562469482421875 112.46875 110.69374847412109375
233.837493896484375 229.9812469482421875 226.9562530517578125 223.462493896484375 219.181243896484375 214.75 210.7687530517578125 207.5187530517578125 207.5812530517578125 216.8125 243.0437469482421875 250.399993896484375 254.118743896484375 259.13751220703125 263.306243896484375 266.100006103515625 266.412506103515625 261.068756103515625 253.881256103515625 246.5 239.943756103515625 234.2687530517578125 230.4812469482421875 229.0812530517578125 229.1125030517578125 230.287506103515625 232.2687530517578125 235.368743896484375 237.506256103515625 233.024993896484375 226.931243896484375 218.743743896484375 208.9875030517578125 198.431243896484375 187.975006103515625 177.6875 167.274993896484375 156.9250030517578125 148.962493896484375 141.4250030517578125 134.943756103515625 131.3874969482421875 128.28125 126.1999969482421875
238.1437530517578125 234.7624969482421875 232.6125030517578125 230.21875 227.493743896484375 225.6687469482421875 224.537506103515625 225.881256103515625 230.8249969482421875 242.3000030517578125 259.181243896484375 268.17498779296875 271.443756103515625 275.162506103515625 278.29376220703125 279.381256103515625 278.26251220703125 272.625 263.931243896484375 255.2687530517578125 245.90625 238.1750030517578125 233.1437530517578125 231.2937469482421875 232.4499969482421875 234.631256103515625 237.3937530517578125 240.8125 243.0124969482421875 240.212493896484375 235.1125030517578125 229.4875030517578125 221.600006103515625 212.4187469482421875 202.9375 192.78125 183.3249969482421875 173.475006103515625 165.5124969482421875 157.7687530517578125 150.943756103515625 147.6125030517578125 144.90625 142.899993896484375
