data/historical-monthly-weather-data/wc2.1_cruts4.09_10m_prec_1974-08.asc
ncols        51
nrows        45
xllcorner    -63.500000000000
yllcorner    -7.500000000000
cellsize     0.166666666667
NODATA_value -9999
[rows 0 to 18 of 45, columns 0 to 42 of 51]
184.8249969482421875 184.8625030517578125 187.337493896484375 195.15625 204.3249969482421875 215.5500030517578125 220.8937530517578125 228.3874969482421875 233.3562469482421875 235.274993896484375 230.037506103515625 226.412506103515625 225.2687530517578125 219.65625 214.524993896484375 204.931243896484375 198.693756103515625 192.1750030517578125 185.625 183.9562530517578125 180.6875 175.09375 169.7312469482421875 163.4812469482421875 155.6999969482421875 148.431243896484375 144.0500030517578125 141.431243896484375 132.649993896484375 129.193756103515625 121.69374847412109375 118.6374969482421875 116.53749847412109375 112.2062530517578125 109.5437469482421875 108.83750152587890625 107.06874847412109375 106.7687530517578125 107.56874847412109375 107.43125152587890625 107.96875 110.2375030517578125 110.08750152587890625
177.181243896484375 174.78125 180.1999969482421875 187.5437469482421875 197.100006103515625 205.3874969482421875 206.681243896484375 212 216.899993896484375 218.131256103515625 214.8625030517578125 212.90625 207.1999969482421875 199.7937469482421875 193.6999969482421875 189.024993896484375 181.368743896484375 174.8125 169.46875 166.274993896484375 162.462493896484375 156.7937469482421875 151.868743896484375 148.40625 142.15625 135.368743896484375 134.649993896484375 131.7062530517578125 124.90000152587890625 120.7937469482421875 117.1999969482421875 113.96875 112.5749969482421875 111.59999847412109375 109.4250030517578125 108.21875 104.97499847412109375 106.59999847412109375 106.46250152587890625 106.46875 109.5625 110.6374969482421875 112.46250152587890625
166.0124969482421875 166.1437530517578125 171.056243896484375 177.9250030517578125 184.8625030517578125 190.1437530517578125 192.53125 195.3000030517578125 196.556243896484375 196.1437530517578125 195.412506103515625 193.212493896484375 187.3249969482421875 178.399993896484375 172.506256103515625 167.743743896484375 162.431243896484375 156.306243896484375 151.1999969482421875 146.024993896484375 143.943756103515625 141.4187469482421875 137.274993896484375 135.5625 129.1125030517578125 124.9187469482421875 126.2624969482421875 122.81874847412109375 117.5437469482421875 115.40625 111.28125 108.875 108.15625 108.3874969482421875 105.59999847412109375 102.2687530517578125 101.0500030517578125 102.4499969482421875 102.0124969482421875 103.83750152587890625 108.46250152587890625 110.7687530517578125 114.5124969482421875
155.7937469482421875 153.8625030517578125 159.1374969482421875 164.631256103515625 167.337493896484375 170.2062530517578125 172.712493896484375 174.693756103515625 177.96875 176.912506103515625 173.3562469482421875 169.1875 164.6875 156.9875030517578125 151.868743896484375 147.25 143.618743896484375 138.931243896484375 134.6125030517578125 133.493743896484375 130.6374969482421875 126.69374847412109375 122.7312469482421875 121.9187469482421875 117.63124847412109375 114.16249847412109375 115.53125 111.2312469482421875 108.24375152587890625 107.46250152587890625 105.1062469482421875 102.30625152587890625 100.25 99.11875152587890625 97.5749969482421875 96.48125457763671875 97.99375152587890625 98.34999847412109375 97.18125152587890625 100.91249847412109375 104.52500152587890625 109.81874847412109375 113.8312530517578125
160.2062530517578125 153.59375 147.7624969482421875 148.068756103515625 151.1687469482421875 151.993743896484375 152.1437530517578125 156.1437530517578125 160.431243896484375 158.9562530517578125 153.5625 148.5625 144.162506103515625 138.6687469482421875 133.693756103515625 130.3562469482421875 126.3125 121.47499847412109375 117.7624969482421875 117.65000152587890625 117.74375152587890625 112.6687469482421875 109.84999847412109375 111.15000152587890625 106.6062469482421875 103.3874969482421875 103.06874847412109375 103.2937469482421875 101.49375152587890625 99.0500030517578125 99.56874847412109375 96.69374847412109375 95.86875152587890625 95.46250152587890625 94.1750030517578125 92.1062469482421875 92.1062469482421875 92.91249847412109375 92.2937469482421875 94.6687469482421875 101.1750030517578125 106.63124847412109375 113.66249847412109375
158.006256103515625 150.9375 142.8562469482421875 133.881256103515625 135.3937530517578125 141.4375 142.556243896484375 143.3249969482421875 147.3125 145.631256103515625 138.287506103515625 133.6999969482421875 130.75 126.52500152587890625 121.875 119.06874847412109375 114.2375030517578125 108.46250152587890625 106.03125 105.52500152587890625 105.89374542236328125 103.8937530517578125 102.22499847412109375 100.1750030517578125 98.7062530517578125 97.03125 97.0625 96.72499847412109375 96.1687469482421875 93.1437530517578125 93.3312530517578125 92.8249969482421875 90.5437469482421875 90.34999847412109375 87.78125 87.8249969482421875 86.81874847412109375 85.90000152587890625 86.96250152587890625 91.15000152587890625 95.33750152587890625 101.90000152587890625 109.24375152587890625
156.4250030517578125 150.53125 142.6062469482421875 134.3125 130.256256103515625 129.6125030517578125 129.375 129.149993896484375 126.4375 125.27500152587890625 121.80625152587890625 119.4812469482421875 118.91249847412109375 115.78125 112.83750152587890625 109.96875 105.3625030517578125 100.1875 96.2062530517578125 96.00624847412109375 95.90000152587890625 95.46250152587890625 94.6062469482421875 93.9812469482421875 92.66249847412109375 92.1125030517578125 91.9875030517578125 91.1062469482421875 88.81874847412109375 88.49375152587890625 87.71875 86.25 85.55625152587890625 84.9499969482421875 83.1125030517578125 82.1687469482421875 80.4250030517578125 80.05625152587890625 82.13124847412109375 86.40000152587890625 90.2687530517578125 96.50624847412109375 104.81874847412109375
155.75 147.9250030517578125 142.4812469482421875 135.618743896484375 132.118743896484375 130.412506103515625 123.08750152587890625 112.21250152587890625 105.75624847412109375 105.0812530517578125 107.36875152587890625 107.0749969482421875 106.83750152587890625 105.3125 103.58750152587890625 100.78749847412109375 97.40000152587890625 92.36875152587890625 87.86875152587890625 86.31874847412109375 87.7375030517578125 88.22499847412109375 87.09999847412109375 86.6687469482421875 87.4187469482421875 86.21875 85.61875152587890625 85.30625152587890625 84.0500030517578125 81.8125 82.69374847412109375 81.19374847412109375 79.3249969482421875 79.22499847412109375 76.24375152587890625 74.97499847412109375 73.59375 72.78125 73.9562530517578125 76.86875152587890625 81.31874847412109375 87.9499969482421875 95.53749847412109375
154.8249969482421875 147.3249969482421875 142.774993896484375 134.9250030517578125 129.993743896484375 125.8562469482421875 119.59375 110.46250152587890625 99.72499847412109375 94.34999847412109375 95.7062530517578125 96.6125030517578125 99.7624969482421875 98.9499969482421875 96.83750152587890625 93.84999847412109375 91.94374847412109375 88.08750152587890625 85.9499969482421875 82.6062469482421875 83.09999847412109375 84.3312530517578125 83.16249847412109375 85.2062530517578125 85.15000152587890625 82.7375030517578125 80.3562469482421875 81.06874847412109375 80.0500030517578125 77.84999847412109375 78.33750152587890625 75.3000030517578125 72.2312469482421875 69.6999969482421875 67.77500152587890625 68.00624847412109375 67.5500030517578125 67.1687469482421875 67.625 69.9812469482421875 73.1750030517578125 77.30625152587890625 82.34999847412109375
152.462493896484375 145.40625 139.8312530517578125 133.90625 128.78125 124.09999847412109375 119.88124847412109375 110.69374847412109375 101.5187530517578125 97.6750030517578125 95.4187469482421875 93.0625 95.38124847412109375 95.4250030517578125 91.6875 88.7687530517578125 85.5812530517578125 83.94374847412109375 82.2375030517578125 80.5500030517578125 81.0749969482421875 80.74375152587890625 79.4875030517578125 81.24375152587890625 80.65000152587890625 78.2624969482421875 76.2312469482421875 75.93125152587890625 73.8249969482421875 71.4375 69.7937469482421875 67.46875 66.3000030517578125 64.9375 63.793750762939453125 63.53749847412109375 62.325000762939453125 61.387500762939453125 62.549999237060546875 64.33750152587890625 66.28749847412109375 68.25624847412109375 70.81874847412109375
152.8625030517578125 145.431243896484375 138.131256103515625 131.6750030517578125 127.51250457763671875 124.8562469482421875 120.125 109.5500030517578125 101.8312530517578125 96.78125 95.19374847412109375 93.03125 92.3000030517578125 90.9875030517578125 85.8625030517578125 81.6750030517578125 78.8874969482421875 78.58750152587890625 77.4875030517578125 77.40625 80.49375152587890625 80.28125 78.5749969482421875 77.5124969482421875 78.59375 76.56874847412109375 74.65625 72.71250152587890625 68.8125 65.36875152587890625 64.56874847412109375 62.631252288818359375 62.52500152587890625 61.46250152587890625 59.28749847412109375 58.21875 56.88124847412109375 56.5 56.856250762939453125 57.581249237060546875 58.27500152587890625 59.575000762939453125 61.88124847412109375
151.2687530517578125 144.5 137.274993896484375 131.850006103515625 128.068756103515625 125.375 121.4812469482421875 112.34999847412109375 104.1125030517578125 98.38124847412109375 95.50624847412109375 92.4375 88.98125457763671875 85.0625 82.66249847412109375 78.4875030517578125 75.1062469482421875 73.8312530517578125 73.97499847412109375 75.5437469482421875 79.00624847412109375 79.3000030517578125 78.2312469482421875 77.69374847412109375 76.68125152587890625 71.0124969482421875 68.625 67.30625152587890625 64.1750030517578125 61.47499847412109375 59.78749847412109375 59.200000762939453125 57.65625 56.450000762939453125 55.450000762939453125 55.27500152587890625 54.18125152587890625 52.987499237060546875 51.56874847412109375 50.387500762939453125 50.63124847412109375 51.543750762939453125 52.518749237060546875
148.306243896484375 140.212493896484375 134.087493896484375 127.5625 124.84375 121.36875152587890625 115.2624969482421875 108.5812530517578125 101.3000030517578125 96.78125 93.96250152587890625 90.7062530517578125 85.53749847412109375 79.1999969482421875 75.15000152587890625 72.34375 68.86875152587890625 69.11875152587890625 69.375 69.9562530517578125 73.96250152587890625 74.99375152587890625 74.56874847412109375 72.06874847412109375 67.3625030517578125 63 62.86875152587890625 62.15625 61.40625 59.15625 56.893749237060546875 55.375 54.924999237060546875 52.28749847412109375 51.731250762939453125 52.700000762939453125 53.8125 52.22499847412109375 51.174999237060546875 47.674999237060546875 44.11875152587890625 45.706249237060546875 45.6875
144.068756103515625 134.7375030517578125 128.024993896484375 123.3937530517578125 119.34375 114.8125 109.31874847412109375 104.56874847412109375 98.02500152587890625 94.03125 90.25 84.96250152587890625 80.0812530517578125 74.05625152587890625 66.9562530517578125 65.3249969482421875 63.03125 63.1875 61.81874847412109375 61.987499237060546875 65.84999847412109375 67.0625 66.99375152587890625 65.7375030517578125 62.768749237060546875 60.05625152587890625 59.74375152587890625 59.456249237060546875 58.743747711181640625 57.237499237060546875 55.78125 53.16249847412109375 52.1875 50.25624847412109375 50.77500152587890625 53.237499237060546875 54.71875 55.768749237060546875 55.15625 50.237499237060546875 42 39.6875 41.475002288818359375
138.21875 130.6999969482421875 123.09999847412109375 117.05625152587890625 113.3874969482421875 108.9250030517578125 103.66249847412109375 98.19374847412109375 92.33750152587890625 88.78125 83.8312530517578125 79.4375 74.4562530517578125 67.86249542236328125 61.049999237060546875 57.52500152587890625 55.61875152587890625 54.88124847412109375 54.387500762939453125 55.125 58.78125 60.799999237060546875 61.81874847412109375 62.668750762939453125 62.174999237060546875 61.3125 60.19374847412109375 59.018749237060546875 57.375 55.59999847412109375 53.387500762939453125 51.731250762939453125 50.93125152587890625 50.231250762939453125 49.99375152587890625 52.893749237060546875 56.375 61.72499847412109375 62.78125 56.31874847412109375 50.74375152587890625 47.950000762939453125 49.33750152587890625
130.524993896484375 124.125 117.91249847412109375 112.0437469482421875 107.2687530517578125 103.9375 99.25624847412109375 92.5812530517578125 87.5625 83.6687469482421875 79.08750152587890625 73.625 67.91249847412109375 61.924999237060546875 56.03749847412109375 50.331249237060546875 48.36875152587890625 48 47.61875152587890625 48.78125 52.15000152587890625 55.31874847412109375 58.543750762939453125 61.63124847412109375 62.78749847412109375 62.25 61.05625152587890625 58.668750762939453125 56.40625 54.950000762939453125 53.606250762939453125 51.80625152587890625 50.174999237060546875 49.5 50.106250762939453125 56.52500152587890625 61.77500152587890625 67.08750152587890625 69.71250152587890625 67.1999969482421875 63.75 59.65625 56.168750762939453125
125.7375030517578125 119.78125 112.9875030517578125 107.6875 101.6437530517578125 98.90000152587890625 95.30625152587890625 89.90625 83.8000030517578125 80.18125152587890625 75.8562469482421875 69.21875 63.38124847412109375 57.40625 51.71250152587890625 46.375 41.581249237060546875 40.74375152587890625 41.637500762939453125 43.293750762939453125 45.762500762939453125 50.081249237060546875 55.21875 61.18125152587890625 64.3874969482421875 63.56874847412109375 60.49375152587890625 57.97499847412109375 54.78125 52.831249237060546875 52.625 52.8125 52.55625152587890625 52.53749847412109375 58.637500762939453125 64.9499969482421875 70.30625152587890625 77.9812469482421875 83.09999847412109375 77.41249847412109375 71.3249969482421875 64.4499969482421875 58.106250762939453125
117.94374847412109375 113.38124847412109375 107.72499847412109375 103.23125457763671875 97.5749969482421875 95.0187530517578125 89.9499969482421875 85.2312469482421875 80.0124969482421875 75.96875 71.90000152587890625 66.0500030517578125 59.081249237060546875 52.762500762939453125 47.49375152587890625 42.393749237060546875 37.77500152587890625 34.706249237060546875 36.299999237060546875 36.956249237060546875 40.16249847412109375 44.643749237060546875 50.956249237060546875 57.27500152587890625 62.5 63.143749237060546875 61.1875 58.15000152587890625 54.08750152587890625 51.3125 48.66249847412109375 48.081249237060546875 54.41249847412109375 61.143749237060546875 65.53749847412109375 73.1437530517578125 80.40000152587890625 85.78749847412109375 86.8312530517578125 82.65000152587890625 72.68125152587890625 66.21250152587890625 60.19374847412109375
110.33750152587890625 106.40625 101.96875 98.1125030517578125 94.03749847412109375 90.52500152587890625 86.38124847412109375 81.4875030517578125 78.38124847412109375 75.1437530517578125 70.65625 62.631252288818359375 56.05625152587890625 50.231250762939453125 44.112499237060546875 39.856250762939453125 35.262500762939453125 31.587499618530273438 30.899999618530273438 32.09999847412109375 37.174999237060546875 45.456249237060546875 45.206249237060546875 51.96250152587890625 57.58750152587890625 61.84375 61.418750762939453125 57.862499237060546875 55.1875 50.15000152587890625 46.90625 49.28125 57.143749237060546875 62.88124847412109375 68.6999969482421875 76.15625 80.21875 81.61875152587890625 83.0187530517578125 78.3562469482421875 72.125 66.18125152587890625 60.5625
