data/historical-monthly-weather-data/wc2.1_cruts4.09_10m_prec_1957-05.asc
ncols        51
nrows        45
xllcorner    -63.500000000000
yllcorner    -7.500000000000
cellsize     0.166666666667
NODATA_value -9999
[rows 0 to 18 of 45, columns 0 to 43 of 51]
537.5875244140625 545.39373779296875 544.1937255859375 551.36871337890625 552.65625 544.35626220703125 528.1187744140625 514.9312744140625 498.36248779296875 485.48126220703125 469.38751220703125 447.46875 428.29376220703125 410.42498779296875 391.48126220703125 375.225006103515625 358.28125 343.45623779296875 332.368743896484375 324.412506103515625 318.96875 313.4375 311.84375 309.131256103515625 308.256256103515625 309.85626220703125 313.86248779296875 320.287506103515625 323.83123779296875 327.63751220703125 326.8125 328.71875 333.149993896484375 336.087493896484375 339.368743896484375 345.54998779296875 350.46875 352.162506103515625 352.8125 355.193756103515625 354.693756103515625 355.256256103515625 352.64373779296875 354.67498779296875
532.8125 539.4625244140625 546.9437255859375 559.54998779296875 570.70001220703125 564.5562744140625 548.3687744140625 535.40625 520.13751220703125 500.96875 483.087493896484375 458.58123779296875 434.39373779296875 411.618743896484375 389.25 368.506256103515625 349.118743896484375 332.774993896484375 323.09375 315.07501220703125 310.01873779296875 306.162506103515625 302.71875 302.51251220703125 301.25 300.8125 306.96875 313.568756103515625 318.53125 319.618743896484375 318.212493896484375 322.8125 325.350006103515625 331.40625 334.86248779296875 337.1875 344.88751220703125 348.181243896484375 351.256256103515625 348.20001220703125 347.399993896484375 351.875 349.33123779296875 346.01251220703125
506.568756103515625 517.26873779296875 529.3187255859375 540.2874755859375 548.3812255859375 546.70001220703125 540.3125 534.7562255859375 521.95623779296875 503.787506103515625 484.287506103515625 456.96875 429.76873779296875 402.125 379.0625 358.79376220703125 337.26873779296875 319.57501220703125 309.01251220703125 301.20623779296875 295.85626220703125 293.26873779296875 289.46875 287.8125 285.88751220703125 287.41876220703125 295.51251220703125 301.54998779296875 305.399993896484375 306.73748779296875 306.318756103515625 309.131256103515625 315.76873779296875 319.85626220703125 325.76873779296875 328.212493896484375 334.88751220703125 340.20001220703125 341.70623779296875 341.600006103515625 344.162506103515625 342.79376220703125 342.806243896484375 339.837493896484375
472.600006103515625 478.975006103515625 499.8125 509.48748779296875 518.42498779296875 518.6500244140625 518.32501220703125 520.89373779296875 517.4749755859375 503.306243896484375 480.631256103515625 451.17498779296875 419.056243896484375 390.443756103515625 366.681243896484375 344.71875 322.243743896484375 305.28125 294.13751220703125 288.32501220703125 286.61248779296875 281.67498779296875 275.537506103515625 273.85626220703125 271.48748779296875 270.70623779296875 279.76873779296875 284.875 289.399993896484375 293.84375 294.850006103515625 297.71875 302.63751220703125 306.381256103515625 309.887481689453125 318.70623779296875 327.63751220703125 333.381256103515625 335.95001220703125 337.256256103515625 338.037506103515625 340.181243896484375 335.712493896484375 331.662506103515625
468.756256103515625 468.65625 463.725006103515625 471.85626220703125 483.76873779296875 485.36248779296875 490.89373779296875 499.475006103515625 505.243743896484375 498.774993896484375 471.256256103515625 435.71875 406.96875 379.71875 355.462493896484375 331.850006103515625 308.443756103515625 292.07501220703125 280.65625 275.993743896484375 273.8125 267.431243896484375 259.625 260.256256103515625 256.23748779296875 254.8937530517578125 259.743743896484375 268.73126220703125 275.193756103515625 278.89373779296875 282.337493896484375 284.16876220703125 288.274993896484375 295.01873779296875 300.556243896484375 307.5625 318.45001220703125 327.40625 331.662506103515625 332.79998779296875 335.70001220703125 333.399993896484375 329.524993896484375 327.350006103515625
454.70623779296875 454.381256103515625 446.48748779296875 435.03125 446.83123779296875 455.662506103515625 460.9375 465.399993896484375 473.26251220703125 470.79376220703125 447.88751220703125 413.399993896484375 390.26251220703125 367.54998779296875 342.600006103515625 323.693756103515625 300.225006103515625 282.381256103515625 271.58123779296875 267.34375 262.493743896484375 256.618743896484375 250.618743896484375 246.2062530517578125 242.8625030517578125 241.149993896484375 246.75 254.1374969482421875 262.381256103515625 267.131256103515625 271.01251220703125 274.95623779296875 278.61248779296875 284.118743896484375 288.76251220703125 297.5 306.92498779296875 315.4375 324.28125 326.6875 327.006256103515625 325.837493896484375 321.274993896484375 318.82501220703125
444.0625 440.25 430.962493896484375 420.506256103515625 417.41876220703125 416.57501220703125 419.087493896484375 421.73748779296875 415.100006103515625 414.631256103515625 404.45001220703125 384.037506103515625 368.306243896484375 351.53125 332.11248779296875 313.787506103515625 297.162506103515625 281.63751220703125 268.73126220703125 262.98748779296875 254.5 245.71875 236.006256103515625 233.1125030517578125 230.53125 230.537506103515625 235.162506103515625 242.1875 247.8562469482421875 253.506256103515625 258.70001220703125 261.29998779296875 263.693756103515625 268.587493896484375 274.07501220703125 284.46875 292.73748779296875 301.5625 311.51251220703125 317.64373779296875 317.3125 313.91876220703125 309.993743896484375 309.53125
432.006256103515625 425.54998779296875 415.38751220703125 408.14373779296875 403.6875 401.0625 389.01251220703125 369.350006103515625 352.431243896484375 356.287506103515625 362.618743896484375 355.568756103515625 349.175018310546875 336.625 322.13751220703125 308.712493896484375 294.42498779296875 281.26873779296875 267.662506103515625 256.14373779296875 248.306243896484375 236.7687530517578125 226.0437469482421875 219.681243896484375 218.181243896484375 213.899993896484375 221.2687530517578125 227.5 233.899993896484375 239.9187469482421875 245.118743896484375 247.8937530517578125 251.2062530517578125 253.537506103515625 256.318756103515625 265.056243896484375 274.89373779296875 285.649993896484375 293.287506103515625 295.98748779296875 300.32501220703125 298.04998779296875 296.125 293.26873779296875
420.975006103515625 414.006256103515625 406.0625 396.6875 389.693756103515625 383.681243896484375 371.287506103515625 354.475006103515625 330.90625 320.375 327.712493896484375 331.024993896484375 332.962493896484375 323.868743896484375 312.01251220703125 302.162506103515625 290.41876220703125 279.23126220703125 268.38751220703125 251.243743896484375 236.7312469482421875 227.131256103515625 212.962493896484375 211.6062469482421875 205.9562530517578125 201.125 205.96875 214.9499969482421875 224.3125 228.556243896484375 234.9187469482421875 236.368743896484375 234.6125030517578125 234.3000030517578125 238.443756103515625 247.8000030517578125 258.024993896484375 268.86248779296875 278.57501220703125 280.818756103515625 282.29376220703125 280.399993896484375 282.024993896484375 283.23126220703125
408.806243896484375 403.53125 395.63751220703125 388.11248779296875 377.125 370.73126220703125 360.387481689453125 346.943756103515625 332.6875 325.118743896484375 323.53125 317.23126220703125 321.056243896484375 313.399993896484375 304.95001220703125 293.600006103515625 282.600006103515625 271.587493896484375 261.568756103515625 248.6374969482421875 231.1875 215.0812530517578125 201.6999969482421875 198.53125 191.618743896484375 187.3562469482421875 191.9812469482421875 200.75 211.225006103515625 218.03125 220.7375030517578125 220.881256103515625 221.3000030517578125 221.3562469482421875 222.5 230.912506103515625 239.84375 250.8125 260.962493896484375 268.76873779296875 274.756256103515625 276.462493896484375 271.70623779296875 267.76873779296875
396.73126220703125 393.14373779296875 384 377.03125 366.3125 361.40625 352.79376220703125 338.51251220703125 327.587493896484375 323.45001220703125 322.32501220703125 319.712493896484375 310.350006103515625 305.475006103515625 294.79376220703125 283.15625 272.912506103515625 263.04998779296875 252.556243896484375 242.225006103515625 231.600006103515625 211.4187469482421875 193.65625 180.287506103515625 178.618743896484375 177.3937530517578125 182.100006103515625 190.256256103515625 197.3562469482421875 201.431243896484375 205.3937530517578125 207.1125030517578125 206.743743896484375 206.193756103515625 206.34375 212.1750030517578125 220.600006103515625 232.087493896484375 245.149993896484375 255.46875 263.443756103515625 263.993743896484375 265.068756103515625 258.287506103515625
388.79376220703125 383.40625 375.4375 368.53125 360.212493896484375 351.537506103515625 346.36248779296875 337.1875 329.98748779296875 321.712493896484375 319.51251220703125 319.28125 303.962493896484375 295.787506103515625 287.037506103515625 273.21875 262.48748779296875 252.65625 243.3625030517578125 236.3125 228 211.318756103515625 191.8874969482421875 177.0749969482421875 168.118743896484375 163.1750030517578125 166.6125030517578125 174.318756103515625 182.9250030517578125 186.493743896484375 187.65625 189.1750030517578125 188.8874969482421875 188.287506103515625 190.4187469482421875 198.431243896484375 208.03125 217.6062469482421875 228.962493896484375 240.5 251.21875 252.4875030517578125 249.3249969482421875 235.53125
382.23126220703125 373.993743896484375 365.29998779296875 358.881256103515625 350.100006103515625 344.42498779296875 336.5 326.875 321.51251220703125 318.21875 315.17498779296875 311.61248779296875 300.712493896484375 280.875 269.368743896484375 260.46875 249.6687469482421875 240.4812469482421875 231.306243896484375 224.431243896484375 218.625 201.462493896484375 183.0749969482421875 169.28125 153.162506103515625 146.3937530517578125 154.068756103515625 162.1875 171.037506103515625 175.09375 174.756256103515625 173.318756103515625 172.181243896484375 170.931243896484375 173.568756103515625 183.274993896484375 193.712493896484375 205.5500030517578125 219.256256103515625 230.84375 239.868743896484375 241.875 231.7249908447265625 221.6687469482421875
367.86248779296875 360.850006103515625 354.100006103515625 347.1875 340.556243896484375 333.13751220703125 324.57501220703125 316.681243896484375 313.95001220703125 310.42498779296875 301.806243896484375 294.337493896484375 283.45623779296875 269.20623779296875 248.818756103515625 242.7062530517578125 232.318756103515625 222.3562469482421875 215.462493896484375 209.3562469482421875 201.4375 186.6062469482421875 170.837493896484375 160.78125 148.931243896484375 141.756256103515625 145.5812530517578125 150.725006103515625 157.8625030517578125 159.8937530517578125 162.0124969482421875 159.90625 158.5437469482421875 157.506256103515625 158.962493896484375 170.1374969482421875 183.118743896484375 196.9187469482421875 211.912506103515625 221.381256103515625 222.0812530517578125 216.9562530517578125 216.962493896484375 219.149993896484375
354.73126220703125 350.0625 344.46875 337.056243896484375 329.42498779296875 322.5625 317.243743896484375 311.29998779296875 305.600006103515625 298.068756103515625 288.243743896484375 278.39373779296875 264.681243896484375 249.8312530517578125 226.5749969482421875 219.03125 210.993743896484375 204.7687530517578125 198.350006103515625 191.8125 185.1999969482421875 173.8874969482421875 162.3000030517578125 158.40625 152.943756103515625 148.149993896484375 148.59375 151.475006103515625 154.899993896484375 155.0625 151.8874969482421875 148.9375 149.4499969482421875 145.8625030517578125 143.962493896484375 152.5749969482421875 171.631256103515625 189.0124969482421875 201.1374969482421875 206.28125 205.431243896484375 206.899993896484375 214.71875 216.693756103515625
341.07501220703125 336.13751220703125 332.63751220703125 326.92498779296875 318.693756103515625 313.943756103515625 309.3125 302.63751220703125 294.39373779296875 287.131256103515625 275.67498779296875 263.45001220703125 248.9187469482421875 235.2375030517578125 215.306243896484375 195.4812469482421875 190.868743896484375 189.462493896484375 181.868743896484375 175.7687530517578125 170.350006103515625 164.34375 157.649993896484375 158.03125 155.225006103515625 150.774993896484375 149.8874969482421875 150.0625 151.75 152.193756103515625 151.162506103515625 147.0812530517578125 140.5437469482421875 134.162506103515625 131.25 146.9812469482421875 160.7937469482421875 175.6750030517578125 188.2937469482421875 196.587493896484375 199.2062530517578125 201.662506103515625 206.5625 205.193756103515625
329.65625 325.70001220703125 320.0625 315.931243896484375 311.11248779296875 303.96875 297.45001220703125 289.806243896484375 283.350006103515625 275.412506103515625 265.212493896484375 253.756256103515625 238.03125 222.6875 205.787506103515625 189.1062469482421875 172.0749969482421875 169.756256103515625 166.03125 161.3249969482421875 157.443756103515625 153.125 150.875 155.837493896484375 157.4562530517578125 149.5437469482421875 146.7062530517578125 146.6875 147.7687530517578125 148 147.875 146.4187469482421875 140.8125 135.618743896484375 139.681243896484375 147.9499969482421875 160.931243896484375 174.818756103515625 189.4875030517578125 192.0187530517578125 192.6062469482421875 193.6062469482421875 193.756256103515625 195.9875030517578125
316.39373779296875 314.975006103515625 310.98748779296875 305.59375 300.59375 296.08123779296875 287.46875 278.01873779296875 269.78125 262.587493896484375 252.8249969482421875 243.556243896484375 225.9562530517578125 212.34375 196.4375 181.3874969482421875 165.46875 151.3312530517578125 153.28125 147.962493896484375 144.78125 142.8125 142.274993896484375 148.212493896484375 151.5749969482421875 146.537506103515625 141.568756103515625 142.875 144.5 142.8874969482421875 138.3625030517578125 134.725006103515625 140.2125091552734375 141.5812530517578125 142.712493896484375 156.8000030517578125 169.3937530517578125 177.037506103515625 186.1687469482421875 189.868743896484375 185.350006103515625 184.9499969482421875 184.9562530517578125 187.412506103515625
303.331268310546875 303.01251220703125 298.39373779296875 295.587493896484375 291.912506103515625 284.90625 277.043731689453125 268.662506103515625 260.350006103515625 254.193756103515625 242.943756103515625 227.1062469482421875 211.8625030517578125 199.412506103515625 184.725006103515625 172.131256103515625 159.4875030517578125 143.881256103515625 135.7624969482421875 132.087493896484375 131.0749969482421875 132.6875 126.6875 133.899993896484375 138.006256103515625 139.756256103515625 139.40625 137.818756103515625 139.368743896484375 138.1062469482421875 135.9562530517578125 136.7687530517578125 140.756256103515625 141.943756103515625 144.8562469482421875 156 163.556243896484375 168.806243896484375 177.806243896484375 179.131256103515625 176.462493896484375 174.5812530517578125 176.537506103515625 180.6875
