data/historical-monthly-weather-data/wc2.1_cruts4.09_10m_prec_2006-05.asc
ncols        51
nrows        45
xllcorner    -63.500000000000
yllcorner    -7.500000000000
cellsize     0.166666666667
NODATA_value -9999
[rows 20 to 39 of 45, columns 0 to 43 of 51]
261.625 276.79376220703125 289.08123779296875 296.82501220703125 304.4375 320.89373779296875 333.381256103515625 341.09375 343.756256103515625 341.350006103515625 340.4375 341.125 335.806243896484375 329.524993896484375 318.837493896484375 311.26251220703125 298.618743896484375 297.337493896484375 305.1875 308.399993896484375 327.23748779296875 344.45623779296875 359.037506103515625 364.60626220703125 365.95001220703125 358.0625 340.774993896484375 331.943756103515625 324.16876220703125 316.10626220703125 312.162506103515625 313.40625 310.181243896484375 311.306243896484375 319.04376220703125 330.462493896484375 339.13751220703125 343.068756103515625 339.631256103515625 331.4375 323.54998779296875 313.73748779296875 309.46875 312.91876220703125
253.3937530517578125 259.993743896484375 276.881256103515625 292.90625 302.13751220703125 314.962493896484375 330.70001220703125 343.193756103515625 347.28125 346.15625 343.70623779296875 340.10626220703125 333.506256103515625 325.6875 321.587493896484375 311.32501220703125 314.84375 310.943756103515625 316.82501220703125 317.54376220703125 322.41876220703125 336.412506103515625 349.88751220703125 349.587493896484375 344.07501220703125 342.875 340.29376220703125 331.15625 331.33123779296875 325.506256103515625 315.41876220703125 307.125 309.493743896484375 314.693756103515625 316.193756103515625 321.462493896484375 330.131256103515625 333.975006103515625 330.51251220703125 323.8125 318.568756103515625 310.543731689453125 306.024993896484375 306.63751220703125
245.7062530517578125 260.45001220703125 275.962493896484375 292.11248779296875 301.868743896484375 313.58123779296875 319.350006103515625 333.85626220703125 346.70001220703125 347.493743896484375 342.568756103515625 337.4375 335.92498779296875 328.90625 324.98748779296875 318.806243896484375 316.64373779296875 316.09375 317.83123779296875 319.46875 326.75 330.17498779296875 338.79998779296875 337.01873779296875 338.45623779296875 335.556243896484375 328.337493896484375 328.10626220703125 329.07501220703125 321.54998779296875 309.48748779296875 305.493743896484375 311.681243896484375 315.07501220703125 318.662506103515625 314.100006103515625 316.681243896484375 323.431243896484375 326.524993896484375 320.32501220703125 313.03125 306.8125 301.84375 301.318756103515625
234.8562469482421875 252.243743896484375 271.431243896484375 285.20623779296875 294.524993896484375 303.09375 319.931243896484375 331.45623779296875 336.54998779296875 336.475006103515625 335.76873779296875 338.34375 335.09375 331.875 325.625 320.04998779296875 317.681243896484375 319.96875 323.20623779296875 326.506256103515625 326.90625 330.54998779296875 333.48126220703125 336.899993896484375 333.631256103515625 325.125 321.993743896484375 322.506256103515625 325.73126220703125 325.037506103515625 321.243743896484375 318.631256103515625 324.818756103515625 325.975006103515625 326.375 316.5625 322.25 324.51251220703125 323.368743896484375 318.399993896484375 310.006256103515625 306.11248779296875 302.48126220703125 298.506256103515625
229.568756103515625 247.75 264.743743896484375 282.725006103515625 294.899993896484375 305.09375 312.79998779296875 324.431243896484375 328.17498779296875 331.118743896484375 330.149993896484375 329.67498779296875 331.48748779296875 327.96875 321.818756103515625 319.73748779296875 321.88751220703125 323.256256103515625 324.20623779296875 327.475006103515625 331.381256103515625 331.006256103515625 335.39373779296875 335.368743896484375 331.068756103515625 331.899993896484375 328.26873779296875 329.443756103515625 331.087493896484375 335.681243896484375 333.29376220703125 338.087493896484375 342.287506103515625 341.65625 333.743743896484375 326.556243896484375 327.756256103515625 322.48126220703125 319.506256103515625 314.868743896484375 308.65625 302.63751220703125 298.993743896484375 291.96875
230.2375030517578125 249.743743896484375 260.08123779296875 276.29376220703125 284.73126220703125 293.462493896484375 300.38751220703125 310.5625 311.068756103515625 310.76873779296875 319.08123779296875 322.59375 320.54376220703125 319.037506103515625 321.10626220703125 319.90625 322.70623779296875 324.51873779296875 325.45001220703125 326.98748779296875 330.743743896484375 330.36248779296875 334.23126220703125 330.100006103515625 330.649993896484375 330.618743896484375 335.17498779296875 336.1875 336.681243896484375 342.0625 347.1875 361.04376220703125 366.212493896484375 355.38751220703125 343.28125 336.725006103515625 330.068756103515625 324.943756103515625 314.34375 308.5 303.850006103515625 295.53125 288.506256103515625 285.256256103515625
228.037506103515625 238.225006103515625 251.306243896484375 263.65625 271.29998779296875 279.85626220703125 286.08123779296875 290.943756103515625 294.20623779296875 303.61248779296875 309.70001220703125 309.73748779296875 311.493743896484375 312.537506103515625 314.962493896484375 317.631256103515625 318.10626220703125 318.01873779296875 325.681243896484375 326.36248779296875 326.51251220703125 327.993743896484375 331.412506103515625 332.89373779296875 332.95623779296875 333.618743896484375 337 337.662506103515625 339.51251220703125 341.73748779296875 352.26251220703125 366.23748779296875 378.46875 362.193756103515625 345.774993896484375 336.1875 333.03125 323.51873779296875 312.868743896484375 306.73126220703125 300.3125 292.38751220703125 285.743743896484375 279.181243896484375
227.162506103515625 232.006256103515625 241.65625 248.8125 256.83123779296875 266.29998779296875 273.53125 276.26251220703125 282.34375 291.36248779296875 296.350006103515625 296.89373779296875 299.600006103515625 300.931243896484375 306.375 306.712493896484375 311.756256103515625 318.46875 326.20001220703125 328.875 328.875 327.65625 334.23748779296875 333.54376220703125 334.34375 332.568756103515625 335.95623779296875 335.993743896484375 338.39373779296875 341.568756103515625 348.931243896484375 358.375 365.125 354.95623779296875 346.125 336.725006103515625 328.96875 323.681243896484375 315.837493896484375 305.5 296.537506103515625 291.618743896484375 285.46875 280.649993896484375
222.2312469482421875 225.1687469482421875 230.28125 236.181243896484375 242.412506103515625 246.53125 251.693756103515625 260.381256103515625 271.287506103515625 276.82501220703125 282.78125 286.193756103515625 288.41876220703125 293.618743896484375 301.931243896484375 308.25 313.350006103515625 317.9375 323.73126220703125 327.79998779296875 328.60626220703125 327.08123779296875 330.76251220703125 329.5625 329.4375 324.67498779296875 328.01873779296875 330.89373779296875 332.506256103515625 333.375 338.475006103515625 341.20623779296875 344.45623779296875 340.73126220703125 339.73748779296875 332.375 326.6875 318.975006103515625 311.431243896484375 301.33123779296875 288.125 280.64373779296875 280.70001220703125 282.837493896484375
217.443756103515625 217.40625 218.3625030517578125 218.9812469482421875 222.3312530517578125 229.837493896484375 235.993743896484375 247.1875 255.818756103515625 260.09375 267.875 273.193756103515625 277.88751220703125 285.20623779296875 293.71875 300.881256103515625 306.29998779296875 316.04998779296875 320.212493896484375 320.875 322.16876220703125 323.78125 326.04376220703125 322.4375 317.57501220703125 319.162506103515625 317.10626220703125 314.087493896484375 314.875 316.850006103515625 321.4375 321.75 325.181243896484375 327.07501220703125 328.662506103515625 321.131256103515625 322.6875 317.3125 308.53125 305.475006103515625 297.83123779296875 288.881256103515625 282.73126220703125 279.20623779296875
212.21875 209.0124969482421875 206.53125 207.350006103515625 210.212493896484375 216.587493896484375 225.368743896484375 233.125 241.4875030517578125 248.3874969482421875 256.037506103515625 260.61248779296875 269.881256103515625 274.212493896484375 282.993743896484375 292.881256103515625 300.8125 307.61248779296875 313.975006103515625 318.29376220703125 315.53125 314.84375 316.912506103515625 309.868743896484375 304.806243896484375 308.26251220703125 303.899993896484375 298.26873779296875 298.29376220703125 299.006256103515625 304.399993896484375 302.743743896484375 306.399993896484375 310.83123779296875 313.09375 306.899993896484375 309.14373779296875 310.368743896484375 308.10626220703125 303.631256103515625 302.375 292.912506103515625 285.5625 277.493743896484375
202.524993896484375 197.3937530517578125 195.03125 195.8874969482421875 199.318756103515625 203.8125 214.59375 219.09375 226.6750030517578125 233.0437469482421875 240.600006103515625 245.0500030517578125 254.0625 263.26251220703125 271.51873779296875 282.568756103515625 286.774993896484375 292.806243896484375 299.45001220703125 304.899993896484375 301.462493896484375 301.618743896484375 302.274993896484375 297.35626220703125 296.993743896484375 294.96875 290.26873779296875 282.556243896484375 277.837493896484375 280.48126220703125 280.774993896484375 282.087493896484375 285.243743896484375 290.41876220703125 295.818756103515625 293.131256103515625 294.899993896484375 298.774993896484375 297.149993896484375 300.881256103515625 300.5 294.006256103515625 288.306243896484375 285.46875
192.537506103515625 188.78125 186.03125 187.4375 187.868743896484375 191.287506103515625 198.881256103515625 203.806243896484375 210.943756103515625 219.1875 230.75 236.193756103515625 244.662506103515625 255.3499908447265625 261.712493896484375 267.51251220703125 271.568756103515625 280.45001220703125 283.243743896484375 287.73748779296875 283.78125 285.287506103515625 283.91876220703125 281.9375 280.33123779296875 278.95623779296875 271.84375 265.087493896484375 257.86248779296875 258.774993896484375 260.725006103515625 261.23748779296875 262.84375 272.162506103515625 276.806243896484375 280.20001220703125 279.4375 284.118743896484375 284.07501220703125 291.84375 292.15625 290.86248779296875 287.96875 288.82501220703125
183.4562530517578125 179.2624969482421875 178.84375 179.0500030517578125 180.28125 181.5 185.4812469482421875 188.412506103515625 194.4499969482421875 202.524993896484375 213.056243896484375 223.59375 231.412506103515625 239.649993896484375 247.431243896484375 254.993743896484375 259.787506103515625 266.08123779296875 266.1875 267.45623779296875 267.61248779296875 269.225006103515625 267.912506103515625 263.3125 261.975006103515625 258.649993896484375 250.837493896484375 243.3625030517578125 238.8625030517578125 239.4562530517578125 241.287506103515625 241.931243896484375 245.256256103515625 250.6750030517578125 257.387481689453125 260.456268310546875 263.850006103515625 264.774993896484375 270.0625 275.899993896484375 277.45001220703125 281.524993896484375 285.34375 288.306243896484375
173.4875030517578125 170.131256103515625 170.3874969482421875 171.5500030517578125 172.506256103515625 172.6875 172.162506103515625 174.40625 177.056243896484375 185.3312530517578125 197.2062530517578125 208.618743896484375 221.118743896484375 232.462493896484375 238.493743896484375 243.537506103515625 246.399993896484375 251.443756103515625 251.337493896484375 249.0562591552734375 249.118743896484375 248.2687530517578125 248.90625 244.1687469482421875 241.5187530517578125 238.193756103515625 233.7062530517578125 227.662506103515625 222.631256103515625 224.100006103515625 224.3125 224.8312530517578125 225.8000030517578125 231.8000030517578125 231.8937530517578125 237.149993896484375 238.84375 248.287506103515625 253.756256103515625 258.09375 261.350006103515625 263.475006103515625 268.60626220703125 275.618743896484375
167.225006103515625 165.587493896484375 164.287506103515625 164.350006103515625 164.056243896484375 163.399993896484375 161.412506103515625 162.975006103515625 165.118743896484375 169.3249969482421875 178.6374969482421875 194.375 210.287506103515625 220.568756103515625 227.631256103515625 230.975006103515625 232.8562469482421875 233.6437530517578125 235.287506103515625 232.28125 232.056243896484375 231.024993896484375 230.306243896484375 226.712493896484375 222.875 218.7062530517578125 217.3625030517578125 212.7375030517578125 205.9499969482421875 206.7937469482421875 208.037506103515625 208.4499969482421875 208.806243896484375 209.5 211.131256103515625 214.71875 224.243743896484375 227.8249969482421875 233.5500030517578125 242.149993896484375 244.7624969482421875 250.743743896484375 253.787506103515625 260.243743896484375
162.28125 161.899993896484375 160.243743896484375 159.78125 159.818756103515625 157.243743896484375 155.1999969482421875 153.4187469482421875 153.5812530517578125 152.4187469482421875 166.7062530517578125 190.1374969482421875 204.1687469482421875 212.368743896484375 217.1062469482421875 219.318756103515625 218.587493896484375 217.774993896484375 218.318756103515625 213.6687469482421875 214.037506103515625 213.1999969482421875 210.5812530517578125 207.087493896484375 203.899993896484375 202.306243896484375 199.6062469482421875 195.1875 189.806243896484375 191.524993896484375 193.943756103515625 195.5500030517578125 194.818756103515625 192.399993896484375 194.350006103515625 200.6062469482421875 207.4375 213.6062469482421875 217.600006103515625 222.7312469482421875 225.6999969482421875 228.649993896484375 237.5 245.0187530517578125
158 157.462493896484375 157.431243896484375 156.256256103515625 156.9875030517578125 154.8312530517578125 152.4375 149.2062530517578125 148.774993896484375 146.899993896484375 170.181243896484375 193.2937469482421875 202.181243896484375 208.3125 209.9499969482421875 209.993743896484375 207.556243896484375 206.625 203.743743896484375 200.6374969482421875 197.2624969482421875 195.962493896484375 193.462493896484375 189.943756103515625 186.774993896484375 184.649993896484375 180.618743896484375 180.96875 178 178.2062530517578125 179.149993896484375 181 181.524993896484375 177.90625 176.4499969482421875 182.787506103515625 191.568756103515625 196.9937591552734375 204.3562469482421875 206.9375 210.5437469482421875 214.3625030517578125 216.118743896484375 219.4562530517578125
151.6750030517578125 151.3562469482421875 151.4562530517578125 151.7375030517578125 150.5124969482421875 149.818756103515625 150.25 151.681243896484375 157.0500030517578125 170.181243896484375 196.7624969482421875 203.506256103515625 202.7312469482421875 205.2937469482421875 205.1125030517578125 203.743743896484375 201.4187469482421875 198.6875 195.368743896484375 190.0625 184.0187530517578125 179.4875030517578125 177.8562469482421875 176.3000030517578125 172.212493896484375 169.993743896484375 169.5124969482421875 170.243743896484375 166.743743896484375 168.7375030517578125 167.649993896484375 165.162506103515625 166.899993896484375 167.53125 170.5 174.881256103515625 179.850006103515625 187.4250030517578125 189.3874969482421875 189.368743896484375 195.118743896484375 197.712493896484375 197.40625 202.09375
147.693756103515625 146.931243896484375 148.25 148.631256103515625 148.96875 149.1062469482421875 149.46875 156 164.693756103515625 177.556243896484375 190.8937530517578125 199.118743896484375 198.71875 198.850006103515625 200.181243896484375 196.6687469482421875 192.7062530517578125 188.6062469482421875 183.4250030517578125 178.8249969482421875 170.868743896484375 166.181243896484375 161.350006103515625 159.8312530517578125 158.225006103515625 157.618743896484375 157.087493896484375 157.6687469482421875 155.837493896484375 157.274993896484375 158.15625 159.4749908447265625 160.5187530517578125 162.6437530517578125 165.443756103515625 168.118743896484375 171.3562469482421875 177.462493896484375 178.5812530517578125 175.2375030517578125 178.1687469482421875 180.256256103515625 178.2937469482421875 178.899993896484375
