data/historical-monthly-weather-data/wc2.1_cruts4.09_10m_prec_2010-10.asc
ncols        51
nrows        45
xllcorner    -63.500000000000
yllcorner    -7.500000000000
cellsize     0.166666666667
NODATA_value -9999
[rows 0 to 19 of 45, columns 0 to 43 of 51]
147.993743896484375 144.431243896484375 140.8625030517578125 139.774993896484375 137.6062469482421875 134.631256103515625 129.8249969482421875 125.3249969482421875 121.43125152587890625 118.91249847412109375 118.0437469482421875 117.09999847412109375 115.6374969482421875 112.8312530517578125 111.06874847412109375 109.33750152587890625 107.5625 104.8874969482421875 102.9375 100.8874969482421875 98.94374847412109375 96.56874847412109375 94.6062469482421875 92.93125152587890625 91.65000152587890625 90.8249969482421875 90.53125 90.63124847412109375 90.91249847412109375 89.6875 88.5 87.3937530517578125 86.4250030517578125 85.7312469482421875 85.43125152587890625 85.75 86.1062469482421875 86.4187469482421875 87.1750030517578125 87.84999847412109375 88.55625152587890625 89.34999847412109375 89.375 88.84999847412109375
145.6750030517578125 142.5625 141.743743896484375 143.350006103515625 144.993743896484375 141.618743896484375 137.381256103515625 134.40625 132.149993896484375 129.7624969482421875 127.7062530517578125 125.27500152587890625 122.46875 119.1999969482421875 116.47499847412109375 114.22499847412109375 111.1875 108.8562469482421875 107.0500030517578125 105.46875 103.1374969482421875 101.03125 99.11875152587890625 97.3312530517578125 95.6687469482421875 93.93125152587890625 93.65625 93.44374847412109375 93 90.65625 89.375 88.53749847412109375 87.93125152587890625 87.83750152587890625 87.3625030517578125 87.47499847412109375 88.22499847412109375 88.5812530517578125 89.5625 90.2624969482421875 91.1687469482421875 92.1875 92.4187469482421875 91.96250152587890625
139.0625 136.850006103515625 136.5749969482421875 139.193756103515625 141.806243896484375 141.3312530517578125 140.9499969482421875 141.6125030517578125 141.774993896484375 140.3625030517578125 137.6374969482421875 133.787506103515625 129.7687530517578125 125.3562469482421875 121.7687530517578125 118.6125030517578125 115.5437469482421875 112.97499847412109375 110.80625152587890625 108.96875 106.40000152587890625 104.61249542236328125 102.52500152587890625 100.1374969482421875 97.8874969482421875 96.0437469482421875 95.24375152587890625 94.7062530517578125 93.21875 91.22499847412109375 90.1875 88.96250152587890625 88.46250152587890625 88.61875152587890625 88.55625152587890625 88.97499847412109375 89.6750030517578125 90.65625 92.1750030517578125 93.3000030517578125 94.59999847412109375 95.90000152587890625 96.59999847412109375 96.90625
131.037506103515625 128.8000030517578125 130.162506103515625 131.7375030517578125 134.9187469482421875 137.5625 141.6125030517578125 146.5124969482421875 150.65625 151.1687469482421875 147.3874969482421875 141.631256103515625 135.96875 130.774993896484375 127.15000152587890625 123.2062530517578125 119.56874847412109375 117.09999847412109375 114.90000152587890625 112.9812469482421875 110.4187469482421875 107.7624969482421875 104.86875152587890625 102.25624847412109375 99.4812469482421875 96.93125152587890625 95.6875 94.5 92.90000152587890625 90.8874969482421875 89.80625152587890625 89.03125 88.125 87.8874969482421875 87.59999847412109375 89.22499847412109375 90.71875 92.13124847412109375 94.38124847412109375 96.2062530517578125 97.34999847412109375 99.25 100.58750152587890625 101.75624847412109375
128.8249969482421875 123.63124847412109375 121.77500152587890625 122.97499847412109375 127.15000152587890625 132.8249969482421875 139.7937469482421875 147.943756103515625 156.881256103515625 161.618743896484375 155.6999969482421875 146.8000030517578125 140.4187469482421875 135.5124969482421875 131.3249969482421875 126.90625 123.3249969482421875 120.03125 117.40625 115.27500152587890625 113.0749969482421875 109.96250152587890625 106.72499847412109375 103.8562469482421875 100.59999847412109375 97.625 95.4375 94.2312469482421875 92.88124847412109375 90.2687530517578125 88.99375152587890625 88.0124969482421875 87.6062469482421875 87.49375152587890625 87.78125 89.4499969482421875 91.5124969482421875 93.8249969482421875 96.40000152587890625 98.7312469482421875 100.3312530517578125 102.1687469482421875 104.3874969482421875 106.08750152587890625
125.3625030517578125 120.11249542236328125 115.74375152587890625 113.3000030517578125 118.2312469482421875 126.1437530517578125 133.8125 142.306243896484375 151.912506103515625 159.6999969482421875 152.881256103515625 144.556243896484375 139.8249969482421875 135.7312469482421875 132.0187530517578125 128.993743896484375 125.49375152587890625 122.28125 119.9499969482421875 117.6437530517578125 115.1750030517578125 112.09375 108.8874969482421875 104.8625030517578125 101.1750030517578125 97.68125152587890625 94.9875030517578125 92.90000152587890625 91.5812530517578125 88.9875030517578125 87.7624969482421875 87.52500152587890625 87.3249969482421875 87.78125 88.6750030517578125 91.3000030517578125 94.24375152587890625 97.96875 102.1437530517578125 104.3562469482421875 104.875 107 109.125 111.5812530517578125
124.46250152587890625 118.68125152587890625 114.0500030517578125 110.7312469482421875 113.3000030517578125 119.13124847412109375 125.36875152587890625 131.1125030517578125 136.1374969482421875 139.0062408447265625 139.4562530517578125 137.649993896484375 136.21875 134.537506103515625 132.100006103515625 130.118743896484375 127.6437530517578125 124.2312469482421875 121.5124969482421875 119.6437530517578125 117.2937469482421875 114.28125 110.6374969482421875 106.28125 102.09999847412109375 97.99375152587890625 95.0812530517578125 92.22499847412109375 89.77500152587890625 87.77500152587890625 86.69374847412109375 86.25 86.43125152587890625 87.61875152587890625 89.36875152587890625 92.2687530517578125 96.03749847412109375 100.6374969482421875 106.7062530517578125 108.13124847412109375 108.375 109.53125 111.90625 115.1374969482421875
124.46875 117.9250030517578125 114.4812469482421875 112.8249969482421875 113.11875152587890625 116.78125 118.94374847412109375 118.8625030517578125 116.97499847412109375 118.7687530517578125 124.96875 128.787506103515625 131.4812469482421875 132.337493896484375 132.181243896484375 131.1125030517578125 129.4812469482421875 126.2624969482421875 123.65000152587890625 122.16249847412109375 119.9187469482421875 116.58750152587890625 112.6999969482421875 108.03749847412109375 103.2312469482421875 98.1875 94.4250030517578125 90.65000152587890625 87.58750152587890625 85.11875152587890625 84.40625 84.4499969482421875 85.3000030517578125 87.0812530517578125 88.9875030517578125 92.1875 95.56874847412109375 100.03125 104.43125152587890625 106.49375152587890625 106.9812469482421875 107.5500030517578125 108.93125152587890625 111.1750030517578125
125.28125 119.7062530517578125 117.38750457763671875 115.74375152587890625 115.46875 117.08750152587890625 117.31874847412109375 113.9250030517578125 107.30625152587890625 106.18125152587890625 115.2375030517578125 122.1125030517578125 127.3125 129.756256103515625 130.90625 131.2624969482421875 130.568756103515625 129.024993896484375 127.80625152587890625 126.15000152587890625 123.34999847412109375 120.00624847412109375 114.86875152587890625 110.1687469482421875 104.1875 98.0625 93.15625 89.8937530517578125 86.7375030517578125 84.06874847412109375 83.59999847412109375 83.7687530517578125 84.50624847412109375 86.0437469482421875 87.75624847412109375 91.287506103515625 94.9562530517578125 98.25624847412109375 101.0812530517578125 102.93125152587890625 103.21250152587890625 102.4562530517578125 102.86875152587890625 102.6875
126.6374969482421875 121.5500030517578125 119.3937530517578125 118.5500030517578125 118.65625 119.8000030517578125 119.1750030517578125 115.34999847412109375 110.5124969482421875 109.6999969482421875 114.47499847412109375 119.58750152587890625 125.0124969482421875 128.462493896484375 130.493743896484375 131.8562469482421875 132.006256103515625 132.024993896484375 132.006256103515625 132.024993896484375 128.462493896484375 124.03125 117.81874847412109375 111.3562469482421875 103.72499847412109375 96.9499969482421875 92.4187469482421875 88.40625 85.375 83.15625 82.1875 82.5124969482421875 83.4187469482421875 85.2062530517578125 87.3312530517578125 90.6374969482421875 93.66249847412109375 96.21875 98.36875152587890625 98.9562530517578125 98.4875030517578125 96.6374969482421875 94.6875 92.7937469482421875
128.125 123.3000030517578125 121.28125 120.6875 121.1125030517578125 124.06874847412109375 124.03749847412109375 119.71875 115.96250152587890625 115.2624969482421875 117.6374969482421875 120.9499969482421875 124.4812469482421875 128.243743896484375 130.6374969482421875 132.125 133.4499969482421875 134.649993896484375 136.09375 137.4499969482421875 135.056243896484375 129.0749969482421875 121.16249847412109375 111.7624969482421875 104.09375 97.5 92.9875030517578125 88.9375 85.03749847412109375 83.0124969482421875 82.21875 82.43125152587890625 83.47499847412109375 85.11875152587890625 86.7937469482421875 89.44374847412109375 91.93125152587890625 93.31874847412109375 94.58750152587890625 94.36875152587890625 93.0187530517578125 90.1750030517578125 87.5500030517578125 83.80625152587890625
129.8874969482421875 125.19374847412109375 123.49375152587890625 123.42499542236328125 124.31874847412109375 127.7624969482421875 129.024993896484375 124.0625 120.96875 119.71875 120.6125030517578125 122.8625030517578125 125.09999847412109375 128.2312469482421875 131.1687469482421875 132.693756103515625 134.462493896484375 136.118743896484375 138.193756103515625 141.03125 140.6062469482421875 134.118743896484375 124.71250152587890625 113.9875030517578125 104.59999847412109375 96.7624969482421875 91.8249969482421875 88.59999847412109375 85.63124847412109375 84.125 82.8562469482421875 82.7937469482421875 83.3562469482421875 84.71875 86.3312530517578125 88.2062530517578125 89.71875 90.6999969482421875 90.75624847412109375 89.9375 87.21875 83.625 80.25 76.5749969482421875
130.96875 126.75 125.21875 124.7937469482421875 125.47499847412109375 127.8874969482421875 127.78125 125.30625152587890625 123.27500152587890625 123.06874847412109375 123.7687530517578125 124.69374847412109375 126.41249847412109375 127.65625 130.381256103515625 132.8562469482421875 134.3562469482421875 136.662506103515625 139.1999969482421875 141.725006103515625 142.8125 136.90625 126.92499542236328125 115.86875152587890625 102.99375152587890625 94.34375 91.9187469482421875 89.09375 86.84999847412109375 85.33750152587890625 83.9187469482421875 82.97499847412109375 83.53125 84.25624847412109375 85.5437469482421875 87.11875152587890625 88.03749847412109375 88.9562530517578125 89.0124969482421875 86.30625152587890625 83.08750152587890625 79.7624969482421875 75.4499969482421875 67.7624969482421875
130.975006103515625 126.93125152587890625 125.5749969482421875 124.9499969482421875 124.81874847412109375 126.3125 126.22499847412109375 125.3937530517578125 124.93125152587890625 124.7624969482421875 125.1125030517578125 125.4499969482421875 126.25 127.4812469482421875 128.787506103515625 131.412506103515625 132.787506103515625 134.6750030517578125 136.625 138.493743896484375 138.6437530517578125 133.837493896484375 126.75 117.3000030517578125 106.4250030517578125 98.30625152587890625 94.7937469482421875 91.40625 88.58750152587890625 86.1374969482421875 84.05625152587890625 83.06874847412109375 83.25624847412109375 83.8249969482421875 85.00624847412109375 86.5625 87.6437530517578125 88.9562530517578125 89.08750152587890625 86.96250152587890625 82.1750030517578125 76.13124847412109375 71.22499847412109375 66.0124969482421875
129.34375 125.84375 124.15000152587890625 123.5749969482421875 123.3249969482421875 124.34999847412109375 125.49375152587890625 125.5500030517578125 125.08750152587890625 125.1999969482421875 125.65000152587890625 125.3874969482421875 125.4812469482421875 126.24375152587890625 127 129.3125 130.0500030517578125 130.7624969482421875 131.5437469482421875 133.225006103515625 133.3937530517578125 130.9812469482421875 127.1125030517578125 121.625 114.68125152587890625 107.29375457763671875 101.56874847412109375 96.16249847412109375 91.53125 87.59999847412109375 84.4875030517578125 82.7375030517578125 82.78749847412109375 83.86875152587890625 85.0124969482421875 86.125 88 91.30625152587890625 93.74375152587890625 91.1687469482421875 85.0124969482421875 78.5500030517578125 73.8937530517578125 69.25624847412109375
126.55625152587890625 123.21875 122 121.6437530517578125 121.46250152587890625 122.96250152587890625 124.2062530517578125 124.5124969482421875 124.65000152587890625 125.09999847412109375 124.90000152587890625 123.4875030517578125 123.1125030517578125 123.59375 124.80625152587890625 126.02500152587890625 125.3937530517578125 125.40000152587890625 125.74375152587890625 126.74375152587890625 126.96250152587890625 127.25 127.3625030517578125 126.94374847412109375 122.875 115.8000030517578125 108.9812469482421875 101.83750152587890625 95.13124847412109375 89.19374847412109375 84.9562530517578125 81.9812469482421875 81.5437469482421875 82.5749969482421875 83.13124847412109375 83.6125030517578125 87.6999969482421875 92.28749847412109375 97.05625152587890625 95.84999847412109375 91.5500030517578125 85 78.96250152587890625 72.9812469482421875
122.2937469482421875 119.625 119.40000152587890625 119.6999969482421875 119.68125152587890625 121.34999847412109375 122.8937530517578125 123.65000152587890625 124.0749969482421875 123.88124847412109375 123.21875 121.1687469482421875 119.56874847412109375 119.06874847412109375 119.58750152587890625 119.9812469482421875 118.13124847412109375 117.59375 118.0437469482421875 119.34375 120.22499847412109375 122.41249847412109375 126.3125 130.7624969482421875 130.8000030517578125 122.24375152587890625 114.80625152587890625 105.71250152587890625 97 89.86875152587890625 85.11875152587890625 82.56874847412109375 80.2312469482421875 78.9499969482421875 78.61875152587890625 81.3937530517578125 86.69374847412109375 96.53749847412109375 107.06874847412109375 104.4187469482421875 99.25624847412109375 91.94374847412109375 84.0187530517578125 77.81874847412109375
116.6374969482421875 114.71875 115.3874969482421875 116.09999847412109375 116.6374969482421875 118.90625 120.81874847412109375 121.63124847412109375 122.09375 122.1750030517578125 121.5437469482421875 118.44374847412109375 115.68125152587890625 113.5625 112.8625030517578125 111.9562530517578125 109.90000152587890625 108.7687530517578125 109.6750030517578125 110.8125 112.53125 115.86249542236328125 121.3249969482421875 127.8000030517578125 129.96875 124.63124847412109375 119.0625 109.08750152587890625 98.5625 89.53125 83.71875 80.7312469482421875 80.24375152587890625 80.5437469482421875 78.05625152587890625 75.46875 85.18125152587890625 97.52500152587890625 106.2624969482421875 107.91249847412109375 103.78749847412109375 97.09999847412109375 89.3562469482421875 83.0187530517578125
110.08750152587890625 109.5500030517578125 110.9812469482421875 112.46250152587890625 113.8562469482421875 116.21875 118.2312469482421875 119.53125 120.77500152587890625 120.55625152587890625 118.94374847412109375 115.34999847412109375 111.2312469482421875 107.63124847412109375 106.05625152587890625 105.15625 103.0500030517578125 101.34999847412109375 102.0437469482421875 102.80625152587890625 104.84999847412109375 110.41249847412109375 114.34999847412109375 120.94374847412109375 124.25624847412109375 123.50624847412109375 118.69374847412109375 110 100.46875 89.94374847412109375 82.0749969482421875 81.83750152587890625 85.72499847412109375 85.58750152587890625 83.6875 82.9562530517578125 89.4875030517578125 98.03125 104.9812469482421875 107.7937469482421875 106.11875152587890625 102.8874969482421875 94.9562530517578125 88.4875030517578125
103.21250152587890625 104.0187530517578125 106.0749969482421875 108.2937469482421875 110.53749847412109375 113.7624969482421875 116.49375152587890625 118.3249969482421875 119.53125 119.5625 117.5749969482421875 112.6750030517578125 107.53125 102.7062530517578125 100.49375152587890625 99.1875 96.66249847412109375 96.4812469482421875 97.13124847412109375 98.78749847412109375 100.0625 103.7624969482421875 110.27500152587890625 116.4250030517578125 119.92499542236328125 119.58750152587890625 116.3000030517578125 111.1374969482421875 102.21250152587890625 92.84999847412109375 86.8312530517578125 89.34375 92.80625152587890625 96.16249847412109375 98.1875 97.4562530517578125 99.0625 103.125 106.75 108.75624847412109375 109.0625 106.6750030517578125 100.24375152587890625 93.74375152587890625
