data/historical-monthly-weather-data/wc2.1_cruts4.09_10m_prec_1982-10.asc
ncols        51
nrows        45
xllcorner    -63.500000000000
yllcorner    -7.500000000000
cellsize     0.166666666667
NODATA_value -9999
[rows 0 to 18 of 45, columns 0 to 43 of 51]
70.90000152587890625 65.4375 63.99375152587890625 64.28749847412109375 64.38124847412109375 65.81874847412109375 66.53749847412109375 67.2687530517578125 68.41249847412109375 70.1999969482421875 72.96875 75.8874969482421875 78.4250030517578125 79.9562530517578125 82.32500457763671875 84.6062469482421875 86.61875152587890625 87.47499847412109375 88.71875 89.5124969482421875 88.9499969482421875 87.7375030517578125 86.8312530517578125 86.1374969482421875 85.78125 85.8562469482421875 86.61875152587890625 87.77500152587890625 89.0124969482421875 88.2687530517578125 87.5 86.9375 87.1062469482421875 87.6875 88.59375 89.34999847412109375 90.0124969482421875 90.4250030517578125 90.0124969482421875 89.2937469482421875 88.4562530517578125 87.08750152587890625 84.88124847412109375 82.15000152587890625
69.8625030517578125 64.0625 62.862499237060546875 63.31874847412109375 64.1374969482421875 64.86875152587890625 65.5124969482421875 66.71250152587890625 68.6875 70.5749969482421875 72.6374969482421875 74.84999847412109375 76.74375152587890625 78.2624969482421875 80.4562530517578125 82.8249969482421875 84.3937530517578125 86.3312530517578125 88.4499969482421875 90.28749847412109375 89.4562530517578125 88.4562530517578125 87.59999847412109375 86.96875 86.4499969482421875 85.86875152587890625 87.0437469482421875 88.34375 89.34375 88.15625 87.94374847412109375 88.25624847412109375 89.3000030517578125 91.0124969482421875 92.28125 93.11875152587890625 94.4812469482421875 95.21875 95.09999847412109375 94.45000457763671875 93.8312530517578125 92.625 90.47499847412109375 87.66249847412109375
71.86875152587890625 66.96250152587890625 65.31874847412109375 65.4250030517578125 65.75 66.25624847412109375 67.0812530517578125 68.5500030517578125 70.7937469482421875 72.40000152587890625 73.43125152587890625 74.65625 75.71250152587890625 76.4812469482421875 78.47499847412109375 80.59375 82.46250152587890625 84.1125030517578125 85.7687530517578125 87.24375152587890625 86.22499847412109375 85.5187530517578125 84.59999847412109375 83.8562469482421875 83.2312469482421875 83.0187530517578125 84.18125152587890625 85.66249847412109375 86.1687469482421875 85.49375152587890625 85.66249847412109375 85.7312469482421875 86.8937530517578125 88.81874847412109375 90.46875 91.4250030517578125 92.46875 93.53749847412109375 93.5812530517578125 92.8874969482421875 92.25 91.0812530517578125 89.2375030517578125 87.06874847412109375
73.6062469482421875 69.31874847412109375 67.96875 66.8562469482421875 66.63124847412109375 66.9250030517578125 68.03749847412109375 69.78125 72.75 74.25 73.8625030517578125 73.8125 73.80625152587890625 74.02500152587890625 76.30625152587890625 78.34999847412109375 80.1062469482421875 81.5 82.7687530517578125 83.8625030517578125 82.83750152587890625 81.43125152587890625 79.97499847412109375 79.46250152587890625 78.90625 78.56874847412109375 79.8562469482421875 81.24375152587890625 82.0749969482421875 81.53125 81.71250152587890625 82.21875 82.86875152587890625 84.2687530517578125 85.5124969482421875 87.3000030517578125 88.75 89.83750152587890625 90.03125 89.4187469482421875 88.11875152587890625 87.31874847412109375 85.9250030517578125 84.3937530517578125
78.46875 72.93125152587890625 69.3125 67.43125152587890625 67.08750152587890625 67.5187530517578125 68.4499969482421875 70.09999847412109375 74.1062469482421875 76.4875030517578125 74.1062469482421875 72.2062530517578125 71.55625152587890625 71.74375152587890625 73.8562469482421875 75.8312530517578125 77.7375030517578125 78.09375 78.5500030517578125 79.0124969482421875 78.22499847412109375 76.55625152587890625 74.97499847412109375 74.71250152587890625 74.2687530517578125 74.0625 75.05625152587890625 76.8874969482421875 78.3000030517578125 77.3000030517578125 77.27500152587890625 77.52500152587890625 78.40000152587890625 79.56874847412109375 80.9875030517578125 82.34375 83.75624847412109375 85.1125030517578125 84.9812469482421875 84.24375152587890625 82.86875152587890625 81.8125 81.09375 79.94374847412109375
83.1374969482421875 77.8625030517578125 72.53125 68.38124847412109375 68.59999847412109375 69.8562469482421875 70.5749969482421875 71.78125 75.4250030517578125 78.375 74.5749969482421875 72.1125030517578125 71.61875152587890625 71.5500030517578125 73.05625152587890625 74.9875030517578125 76.1062469482421875 75.44374847412109375 74.99375152587890625 74.50624847412109375 73.7312469482421875 72.53125 71.3874969482421875 70.80625152587890625 70.53125 70.40000152587890625 71.2312469482421875 72.5124969482421875 74.06874847412109375 72.83750152587890625 72.43125152587890625 72.8249969482421875 72.8249969482421875 73.34375 74.0625 75.02500152587890625 75.96875 77.22499847412109375 77.71250152587890625 76.4375 73.96250152587890625 73.1374969482421875 72.34375 71.81874847412109375
89.77500152587890625 84.36875152587890625 78.59999847412109375 73.65625 72.4499969482421875 72.15625 71.7312469482421875 71.08750152587890625 71.78749847412109375 71.59375 70.5812530517578125 70.5124969482421875 70.93125152587890625 71.38124847412109375 72.52500152587890625 74.0124969482421875 74.72499847412109375 72.75 70.8312530517578125 69.59375 69.18125152587890625 68.5 67.5500030517578125 67.2687530517578125 67.1750030517578125 67.0187530517578125 67.9250030517578125 68.8249969482421875 69.5437469482421875 68.44374847412109375 67.75 67.3937530517578125 66.6374969482421875 66.4562530517578125 66.46875 66.44374847412109375 66.7312469482421875 67.30625152587890625 68.3874969482421875 66.32500457763671875 63.674999237060546875 62.299999237060546875 61.74375152587890625 61.731250762939453125
97.2062530517578125 91.43125152587890625 86.19374847412109375 82.0812530517578125 79.15625 76.9875030517578125 73.55625152587890625 69.1374969482421875 65.5124969482421875 64.3000030517578125 65.78749847412109375 67.99375152587890625 69.9375 71.0187530517578125 72.25624847412109375 73.1125030517578125 73.1875 70.1999969482421875 67.2375030517578125 65.31874847412109375 65.125 64.6687469482421875 64.06874847412109375 64.03749847412109375 64 63.66249847412109375 64.15000152587890625 64.5187530517578125 64.8125 63.09999847412109375 62.27500152587890625 61.78125 60.53125 59.581249237060546875 58.52500152587890625 57.65625 56.606250762939453125 56.018749237060546875 55.61875152587890625 53.90625 51.549999237060546875 50.15625 49.27500152587890625 48.950000762939453125
104.16249847412109375 98.99375152587890625 94.3562469482421875 89.96250152587890625 86.40000152587890625 82.5812530517578125 77.66249847412109375 70.9499969482421875 64.21250152587890625 61.24375152587890625 64.43125152587890625 68.1062469482421875 71.1750030517578125 72.63124847412109375 72.96875 72.74375152587890625 71.78749847412109375 69.22499847412109375 66.71875 64.4375 63.99375152587890625 63.625 62.450000762939453125 62.59375 62.043750762939453125 61.200000762939453125 60.90625 61.46875 61.55625152587890625 59.5 58.581249237060546875 57.831249237060546875 55.80625152587890625 53.950000762939453125 52 50.581249237060546875 49 47.125 45.637500762939453125 43.77500152587890625 41.47499847412109375 39.88124847412109375 38.91249847412109375 37.93125152587890625
111.6875 106.75 101.97499847412109375 97.96875 94.4562530517578125 90.03125 84.1875 76.7624969482421875 70.5625 67.43125152587890625 68.06874847412109375 70.6437530517578125 73.6750030517578125 75.28125 74.40000152587890625 72.81874847412109375 70.625 68.49375152587890625 66.3874969482421875 64.75624847412109375 63.950000762939453125 63.09375 61.46250152587890625 60.799999237060546875 59.44374847412109375 58.25624847412109375 58.081249237060546875 58.02500152587890625 58.043750762939453125 56.125 54.65000152587890625 53.74375152587890625 51.28125 48.97499847412109375 46.63124847412109375 44.518749237060546875 42.02500152587890625 39.356250762939453125 37.450000762939453125 35.131252288818359375 32.706249237060546875 31.081249237060546875 29.693750381469726562 28.53125
119.53125 114.6062469482421875 109.6687469482421875 105.65000152587890625 102.1875 98.96250152587890625 93.21250152587890625 84.875 78.8125 75.3625030517578125 74.2687530517578125 75.46250152587890625 77.0625 78.3625030517578125 76.1437530517578125 72.8874969482421875 69.75624847412109375 67.8625030517578125 66.2375030517578125 65.03749847412109375 64.75 63.168750762939453125 60.74375152587890625 58.6875 57.418750762939453125 56.43125152587890625 56.15625 55.956249237060546875 55.262500762939453125 53.34375 51.831249237060546875 50.612499237060546875 47.77500152587890625 44.86875152587890625 41.799999237060546875 38.96250152587890625 35.93125152587890625 32.59999847412109375 30.356250762939453125 27.887500762939453125 25.40625 23.887500762939453125 22.668750762939453125 21.356250762939453125
126.15000152587890625 120.96875 116.09375 112.44374847412109375 109.3000030517578125 106.65000152587890625 102 92.94374847412109375 87.08750152587890625 83.0749969482421875 80.83750152587890625 80.46250152587890625 80.19374847412109375 80.1687469482421875 77.8562469482421875 74.3125 71.09375 69.16875457763671875 67.625 66.8625030517578125 67.19374847412109375 65.03749847412109375 61.63124847412109375 58.71875 56.36875152587890625 54.512500762939453125 53.68125152587890625 53.637500762939453125 53.27500152587890625 51.59375 49.731250762939453125 48.268749237060546875 45.081249237060546875 41.97499847412109375 38.86875152587890625 35.77500152587890625 32.50624847412109375 29.237499237060546875 26.731250762939453125 24.237499237060546875 21.631250381469726562 20.112499237060546875 18.924999237060546875 17.793750762939453125
132.006256103515625 126.875 122.0124969482421875 117.8874969482421875 114.55625152587890625 111.3937530517578125 105.92499542236328125 98.9499969482421875 93.78749847412109375 90.46875 87.90625 85.53125 83.74375152587890625 81.46250152587890625 78.8312530517578125 75.7312469482421875 72.28749847412109375 70.46250152587890625 68.9375 67.75 68.40625 66.125 62.06874847412109375 58.75624847412109375 54.36875152587890625 51.8125 52.049999237060546875 51.887500762939453125 51.69374847412109375 49.924999237060546875 47.956249237060546875 45.96875 42.793750762939453125 39.375 36.231250762939453125 33.18125152587890625 29.912500381469726562 26.862499237060546875 24.431249618530273438 21.600000381469726562 19.037500381469726562 17.756250381469726562 16.493749618530273438 14.618749618530273438
136.774993896484375 131.412506103515625 126.59999847412109375 122.1999969482421875 118.1374969482421875 114.5187530517578125 109.3937530517578125 104.03749847412109375 100.09999847412109375 96.75 93.81874847412109375 90.03749847412109375 86.5187530517578125 83.2624969482421875 79.53125 76.5500030517578125 72.97499847412109375 70.77500152587890625 68.77500152587890625 67.0812530517578125 66.84375 64.6125030517578125 61.487499237060546875 58.65000152587890625 55.081249237060546875 52.58750152587890625 51.956249237060546875 51.19374847412109375 50.387500762939453125 48.075000762939453125 45.78749847412109375 43.80625152587890625 40.46875 37.075000762939453125 33.94374847412109375 31.056249618530273438 28.03125 25.243749618530273438 22.956249237060546875 20.34375 17.556249618530273438 15.787500381469726562 14.518750190734863281 13.300000190734863281
139.193756103515625 134.0124969482421875 128.71875 124.3562469482421875 120.18125152587890625 116.4187469482421875 112.6687469482421875 108.24375152587890625 104.30625152587890625 101.15000152587890625 98.22499847412109375 93.77500152587890625 89.46250152587890625 85.66249847412109375 81.6687469482421875 78.6062469482421875 74.7687530517578125 71.8000030517578125 69.06874847412109375 67.11875152587890625 66.30625152587890625 64.53125 62.30625152587890625 60.762500762939453125 58.625 56.081249237060546875 54 51.93125152587890625 49.96250152587890625 46.9375 44.25 42 38.69374847412109375 35.606250762939453125 32.56874847412109375 29.737499237060546875 27.15625 25.09375 23.5 20.881250381469726562 17.868749618530273438 15.96875 14.668749809265136719 13.524999618530273438
140.256256103515625 134.850006103515625 129.9812469482421875 125.80625152587890625 121.71875 118.68125152587890625 115.31874847412109375 111.3000030517578125 107.9187469482421875 105.0500030517578125 101.5500030517578125 96.11875152587890625 91.40625 87.40000152587890625 83.78749847412109375 80.2375030517578125 75.66249847412109375 72.21250152587890625 69.09999847412109375 66.68125152587890625 65.3125 64.21250152587890625 63.28125 63.512500762939453125 62.13124847412109375 59.168750762939453125 56.24375152587890625 53.075000762939453125 49.856250762939453125 45.9375 42.84999847412109375 40.15000152587890625 36.77500152587890625 33.75624847412109375 30.668750762939453125 27.850000381469726562 26.231250762939453125 24.700000762939453125 23.84375 21.643749237060546875 19.087499618530273438 17.087499618530273438 15.393750190734863281 13.899999618530273438
139.6750030517578125 134.662506103515625 130.8249969482421875 127.31874847412109375 123.40000152587890625 120.73125457763671875 117.9250030517578125 114.50624847412109375 111.40625 107.96250152587890625 104.1062469482421875 98.1125030517578125 92.47499847412109375 87.78125 83.93125152587890625 80.03125 74.8874969482421875 71.09375 68.03125 65.6687469482421875 64.09375 63.325000762939453125 63.575000762939453125 65.47499847412109375 65.3874969482421875 61.049999237060546875 57.5 53.15000152587890625 48.80625152587890625 44.512500762939453125 41.41249847412109375 39.106250762939453125 34.950000762939453125 31.1875 27.987499237060546875 26.243749618530273438 25.181249618530273438 25.21875 25.799999237060546875 23.274999618530273438 20.518749237060546875 18.256250381469726562 16.087499618530273438 14.46875
138.1437530517578125 133.787506103515625 130.8125 127.6062469482421875 124.1437530517578125 122.15000152587890625 119.71875 116.375 113.28125 110.05625152587890625 106.23125457763671875 99.57500457763671875 93.3312530517578125 87.74375152587890625 83.29999542236328125 78.8125 73.75 69.71250152587890625 67.1125030517578125 64.7062530517578125 62.768749237060546875 61.65000152587890625 61.75624847412109375 63.862499237060546875 64.09375 60.71875 57.887500762939453125 53.018749237060546875 47.831249237060546875 42.94374847412109375 39.65000152587890625 37.393749237060546875 34.19374847412109375 31.106250762939453125 27.206249237060546875 23.8125 24.21875 24.981250762939453125 25.131250381469726562 23.606250762939453125 21.075000762939453125 18.899999618530273438 16.743749618530273438 15.050000190734863281
135.3937530517578125 132.537506103515625 130.368743896484375 127.9375 125.27500152587890625 123.38124847412109375 121.0749969482421875 118.15625 115.77500152587890625 112.19374847412109375 107.46250152587890625 100.66249847412109375 93.6437530517578125 87.24375152587890625 82.3562469482421875 78.15625 73.2375030517578125 68.91249847412109375 66.36875152587890625 63.77500152587890625 61.24375152587890625 60.450000762939453125 58.825000762939453125 60.31874847412109375 60.41249847412109375 58.674999237060546875 56.012500762939453125 51.706249237060546875 47.049999237060546875 41.831249237060546875 37.91249847412109375 37.15625 35.825000762939453125 32.424999237060546875 28.600000381469726562 25.681249618530273438 24.993749618530273438 24.662500381469726562 24.387500762939453125 23.162500381469726562 21.112499237060546875 19.612499237060546875 17.399999618530273438 15.649999618530273438
