data/historical-monthly-weather-data/wc2.1_cruts4.09_10m_prec_1999-11.asc
ncols        51
nrows        45
xllcorner    -63.500000000000
yllcorner    -7.500000000000
cellsize     0.166666666667
NODATA_value -9999
[rows 19 to 37 of 45, columns 0 to 43 of 51]
162.3125 165.193756103515625 169.0437469482421875 173.681243896484375 178.2937469482421875 183.3312530517578125 187.4812469482421875 190.40625 192.1125030517578125 192.625 191.131256103515625 186.8937530517578125 180.96875 174.6437530517578125 170.375 166.9875030517578125 164.1062469482421875 168.2312469482421875 174.375 184.193756103515625 201.193756103515625 215.225006103515625 226.618743896484375 230.537506103515625 233.1374969482421875 232.5437469482421875 225.78125 215.774993896484375 197.912506103515625 176.84375 162.96875 163.59375 169.5187530517578125 176.7624969482421875 182.6750030517578125 188.475006103515625 195.1437530517578125 202.1437530517578125 206.8562469482421875 210.556243896484375 213.3874969482421875 214.912506103515625 211.9562530517578125 209.618743896484375
161.806243896484375 165.9562530517578125 171.306243896484375 176.7624969482421875 181.625 187.618743896484375 193.5187530517578125 198.1687469482421875 201.256256103515625 202.256256103515625 201.6750030517578125 198.631256103515625 193.78125 186.6125030517578125 181.5625 176.1437530517578125 171.9499969482421875 172.7937469482421875 178.2062530517578125 184.2062530517578125 199.3625030517578125 213.5625 223.9250030517578125 228.2687530517578125 231.431243896484375 231.2062530517578125 224.118743896484375 211.75 197.59375 185.8562469482421875 176.537506103515625 174.837493896484375 178.7312469482421875 184.7937469482421875 191.162506103515625 198.787506103515625 204.399993896484375 210.1750030517578125 213.8249969482421875 217.3937530517578125 219.1125030517578125 219.568756103515625 217.962493896484375 214.96875
162.3000030517578125 165.725006103515625 172.1374969482421875 178.71875 185.1062469482421875 191.837493896484375 199.225006103515625 205.193756103515625 210.412506103515625 213.100006103515625 213.6875 212.6374969482421875 208.9875030517578125 201.818756103515625 195.0437469482421875 188.1875 183.756256103515625 182.2375030517578125 183.7062530517578125 187.7062530517578125 197.1437530517578125 207.90625 217.84375 221.912506103515625 224.337493896484375 224.9812469482421875 221.4875030517578125 212.5 203.381256103515625 194.6999969482421875 185.725006103515625 183.0812530517578125 186.5437469482421875 194.162506103515625 202.3937530517578125 209.8000030517578125 215.493743896484375 220.4187469482421875 222.0250091552734375 224.837493896484375 225.75 225.3874969482421875 224.03125 222.181243896484375
163.03125 167.7312469482421875 174.4250030517578125 181.681243896484375 189.068756103515625 196.087493896484375 203.3125 211.556243896484375 218.7624969482421875 222.5124969482421875 225.412506103515625 226.125 227.1687469482421875 220.899993896484375 209.962493896484375 200.2312469482421875 193.7312469482421875 190.6374969482421875 189.1687469482421875 189.993743896484375 196.6750030517578125 204.0749969482421875 210.931243896484375 214.6062469482421875 218.6374969482421875 220.9812469482421875 218.1437530517578125 213.375 206.3937530517578125 199.1875 193.0500030517578125 190.5500030517578125 195.8625030517578125 204.212493896484375 212.381256103515625 220.556243896484375 226.618743896484375 229.2937469482421875 229.818756103515625 231.5625 232.9250030517578125 231.743743896484375 230.0500030517578125 228.024993896484375
164.7062530517578125 169.5187530517578125 176.631256103515625 183.4812469482421875 191.431243896484375 199.2937469482421875 206.943756103515625 215.568756103515625 222.0500030517578125 226.7687530517578125 230.7375030517578125 236.0124969482421875 240.306243896484375 233.03125 219.75 208.78125 200.943756103515625 196.399993896484375 192.7062530517578125 190.5437469482421875 195.068756103515625 200.243743896484375 204.375 207.875 212.0437469482421875 214.5812530517578125 216.0437469482421875 211.3625030517578125 207.743743896484375 202.587493896484375 199.462493896484375 198.4499969482421875 203.9250030517578125 211.71875 220.5749969482421875 230.618743896484375 237.1437530517578125 237.7687530517578125 238.087493896484375 238.943756103515625 239.381256103515625 237.943756103515625 236.1374969482421875 233.818756103515625
168.943756103515625 172.7062530517578125 179.7624969482421875 186.96875 195.6875 202.4562530517578125 209.09375 216.662506103515625 223.3125 228.2624969482421875 233.100006103515625 236.15625 238.600006103515625 233.787506103515625 223.5 213.524993896484375 205.5749969482421875 199.306243896484375 194.4562530517578125 190.806243896484375 192.881256103515625 194.9250030517578125 198.1999969482421875 200.9562530517578125 204.3125 209.318756103515625 211.056243896484375 210.0749969482421875 207.75 205.9812469482421875 203.774993896484375 203.84375 209.4562530517578125 217.037506103515625 224.712493896484375 233.193756103515625 240.15625 241.7687530517578125 243.056243896484375 244.96875 245.087493896484375 243.4812469482421875 242.962493896484375 242.28125
176.15625 179.712493896484375 183.962493896484375 191.4187469482421875 198.506256103515625 204 209.3312530517578125 215.681243896484375 221.53125 226.462493896484375 230.6374969482421875 233.256256103515625 233.475006103515625 230.0187530517578125 223.0437469482421875 215.399993896484375 208.6750030517578125 201.993743896484375 196.225006103515625 191.756256103515625 191.649993896484375 191.756256103515625 192.2062530517578125 193.193756103515625 197.6062469482421875 203.84375 207.600006103515625 208.975006103515625 208.9812469482421875 208.6687469482421875 207.287506103515625 207.7937469482421875 213.5812530517578125 219.4875030517578125 226.3937530517578125 233.8249969482421875 240 243.899993896484375 247.556243896484375 249.96875 251.256256103515625 249.6875 247.087493896484375 247.75
184.96875 186.243743896484375 189.1125030517578125 193.6437530517578125 198.056243896484375 202.09375 207.8937530517578125 212.875 216.600006103515625 221.193756103515625 226.1125030517578125 228.3562469482421875 228.256256103515625 225.8937530517578125 220.7312469482421875 213.931243896484375 208.3625030517578125 202.618743896484375 197.256256103515625 192.037506103515625 190.587493896484375 189.256256103515625 187.9250030517578125 188.8312530517578125 194.46875 200.5 204.3874969482421875 206.806243896484375 208.837493896484375 208.306243896484375 208.493743896484375 209.4812469482421875 215.8937530517578125 221.9562530517578125 227.1999969482421875 233.8625030517578125 239.6374969482421875 243.399993896484375 248.8249969482421875 252.743743896484375 255.09375 252.90625 250.1437530517578125 248.9875030517578125
194.2312469482421875 193.1437530517578125 193.7062530517578125 195.0437469482421875 197.3000030517578125 199.818756103515625 204.306243896484375 209.037506103515625 212.875 216.9499969482421875 220.21875 222.375 222.4187469482421875 220.6875 217.3125 212.100006103515625 207.056243896484375 202.681243896484375 197.693756103515625 193.024993896484375 191.2624969482421875 188.837493896484375 188.6125030517578125 190.475006103515625 194.5812530517578125 199.056243896484375 202.1875 205.2312469482421875 207.350006103515625 207.399993896484375 207.1374969482421875 208.7312469482421875 215.2687530517578125 220.6812591552734375 227.0500030517578125 233.21875 238.53125 243.75 248.381256103515625 255.431243896484375 260.631256103515625 258.743743896484375 251.2624969482421875 248.443756103515625
203.100006103515625 199.600006103515625 196.625 195.412506103515625 195.4187469482421875 196.8000030517578125 200.1062469482421875 204.0812530517578125 208.631256103515625 212.149993896484375 215.2062530517578125 216.649993896484375 217.3562469482421875 216.0124969482421875 213.431243896484375 210.568756103515625 207.506256103515625 202.899993896484375 198.506256103515625 194.462493896484375 192.7062530517578125 190.274993896484375 190.09375 192.625 195.6437530517578125 198.71875 201.8937530517578125 203.9499969482421875 206.1875 205.5812530517578125 205.625 206.7937469482421875 212.368743896484375 218.2624969482421875 225.4187469482421875 231.3625030517578125 236.868743896484375 241.5749969482421875 246.59375 252.6437530517578125 260.162506103515625 257.04376220703125 251.7624969482421875 253.5749969482421875
209.006256103515625 203.1125030517578125 198.0437469482421875 193.1374969482421875 191.9250030517578125 193.087493896484375 195.7687530517578125 199.34375 203.4187469482421875 206.068756103515625 209.0625 211.193756103515625 212.631256103515625 212.975006103515625 211.40625 209.475006103515625 206.0437469482421875 203.3000030517578125 199.256256103515625 195.787506103515625 194.131256103515625 193.431243896484375 193.4499969482421875 194.5749969482421875 196.6687469482421875 199.3249969482421875 201.6374969482421875 202.78125 203.96875 204.350006103515625 204.475006103515625 205.618743896484375 210.725006103515625 216.993743896484375 223.3874969482421875 227.931243896484375 232.1750030517578125 237.8000030517578125 240.162506103515625 244.4250030517578125 250.662506103515625 255.024993896484375 255 259.537506103515625
213.068756103515625 205.3125 198.681243896484375 192.462493896484375 188.993743896484375 190.4499969482421875 192.5812530517578125 195.118743896484375 197.75 201.0749969482421875 204.243743896484375 206.9187469482421875 209.6062469482421875 209.725006103515625 209.337493896484375 208.46875 207.056243896484375 204.2375030517578125 200.15625 198.899993896484375 198.0625 197.506256103515625 197.431243896484375 197.6374969482421875 197.9499969482421875 199.818756103515625 200.712493896484375 201.4875030517578125 201.8249969482421875 202.1125030517578125 202.9375 204.71875 209.1374969482421875 215.818756103515625 220.7937469482421875 224.59375 228.90625 235.3625030517578125 236.162506103515625 233.53125 240.7375030517578125 250.6062469482421875 256.08123779296875 260.90625
215.9250030517578125 207.350006103515625 199.725006103515625 193.7375030517578125 190.1687469482421875 188.962493896484375 190.006256103515625 191.162506103515625 193.34375 196.0124969482421875 199.25 202.8312530517578125 205.806243896484375 207.6750030517578125 209.1125030517578125 209.4562530517578125 208.78125 206.568756103515625 204.25 203.818756103515625 203.149993896484375 202.0187530517578125 201.149993896484375 200.149993896484375 200.162506103515625 200.15625 199.7375030517578125 199.6062469482421875 199 200.193756103515625 201.5 203.0124969482421875 207.4375 212.8625030517578125 218.7687530517578125 222.537506103515625 226.7937469482421875 231.475006103515625 230.631256103515625 230.9812469482421875 241.09375 253.0124969482421875 261.193756103515625 271.306243896484375
215.7687530517578125 208.125 200.8000030517578125 195.1750030517578125 191.0749969482421875 188.375 187.8125 187.868743896484375 189.0187530517578125 191.21875 195.725006103515625 199.212493896484375 203.53125 208.181243896484375 210.0124969482421875 211.431243896484375 211.1125030517578125 211.3874969482421875 210.7312469482421875 210.6750030517578125 210 208.006256103515625 205.837493896484375 203.9250030517578125 203 201.7062530517578125 200.28125 198.850006103515625 198.1875 199.087493896484375 200.306243896484375 201.6999969482421875 205.381256103515625 209.78125 215.8125 220.1437530517578125 225.337493896484375 229.1875 229.0062408447265625 235.681243896484375 245.743743896484375 256.756256103515625 268.037506103515625 282.274993896484375
214.5124969482421875 208.1750030517578125 201.4375 196.40625 191.5500030517578125 187.9875030517578125 185.3000030517578125 184.443756103515625 184.96875 186.399993896484375 190.2687530517578125 196.0437469482421875 202.337493896484375 207.3625030517578125 210.399993896484375 213.037506103515625 214.8625030517578125 216.2687530517578125 216.9187469482421875 217.6999969482421875 216.443756103515625 214.068756103515625 211.3625030517578125 208.024993896484375 205.7375030517578125 202.943756103515625 200.9499969482421875 198.25 196.743743896484375 197.350006103515625 198.53125 200.5124969482421875 203.71875 207.5749969482421875 213.1437530517578125 218.25 222.6125030517578125 225.3625030517578125 229.475006103515625 238.350006103515625 247.524993896484375 258.631256103515625 273.11248779296875 289.868743896484375
214.1750030517578125 208.837493896484375 202.649993896484375 197.0625 192.21875 187.556243896484375 183.3000030517578125 181.2375030517578125 179.662506103515625 181.162506103515625 185.7687530517578125 193.5625 201.412506103515625 208.806243896484375 213.4812469482421875 215.818756103515625 218.9250030517578125 221.381256103515625 222.90625 224.0625 223.006256103515625 220.15625 216.493743896484375 211.2937469482421875 206.931243896484375 203.662506103515625 200.1750030517578125 197.3937530517578125 194.850006103515625 195.368743896484375 197.056243896484375 198.787506103515625 201.2312469482421875 205.274993896484375 209.0812530517578125 213.0124969482421875 217.118743896484375 224.28125 229.818756103515625 237.100006103515625 246.5124969482421875 256.131256103515625 269.48126220703125 284.443756103515625
214.524993896484375 209.5500030517578125 203.899993896484375 198.193756103515625 193.2624969482421875 188.337493896484375 183.5625 179.056243896484375 175.7937469482421875 175.5812530517578125 181.1062469482421875 190.3000030517578125 200.8562469482421875 210.475006103515625 215.2062530517578125 219.625 222.131256103515625 225.4812469482421875 228.3937530517578125 231.0187530517578125 229.337493896484375 224.5 219.7375030517578125 214.25 209.443756103515625 205.375 201.84375 199.0500030517578125 196.475006103515625 195.5187530517578125 197.024993896484375 197.7937469482421875 199.931243896484375 202.8312530517578125 204.587493896484375 207.4375 214.899993896484375 221.350006103515625 225.8125 233.25 242.462493896484375 249.993743896484375 259.79376220703125 271.71875
215.0124969482421875 210.8937530517578125 205.9499969482421875 200.850006103515625 195.7312469482421875 190.53125 184.6437530517578125 178.875 173.4250030517578125 169.3249969482421875 176.5812530517578125 191.850006103515625 203.337493896484375 211.712493896484375 217.1687469482421875 221.725006103515625 224.8312530517578125 228.287506103515625 231.693756103515625 234.0500030517578125 231.6125030517578125 226.34375 221.306243896484375 215.5625 210.4875030517578125 206.962493896484375 202.5625 200.306243896484375 197.131256103515625 196.193756103515625 196.399993896484375 197.6374969482421875 198.443756103515625 200.3937530517578125 201.193756103515625 204.7624969482421875 211.28125 217.681243896484375 222.4499969482421875 227.03125 233.6999969482421875 239.0187530517578125 246.2687530517578125 255.7687530517578125
218.0625 213.9187469482421875 208.9812469482421875 204.399993896484375 199.3125 194.056243896484375 188.4187469482421875 182.431243896484375 176.6437530517578125 170.7624969482421875 183.9187469482421875 200.59375 208.6687469482421875 215.100006103515625 219.931243896484375 224.1437530517578125 227.274993896484375 230.1687469482421875 232.631256103515625 232.8312530517578125 230.8312530517578125 226.493743896484375 221.8937530517578125 215.5749969482421875 210.9562530517578125 207.53125 203.2375030517578125 200.9562530517578125 198.256256103515625 197.46875 194.993743896484375 195.087493896484375 195.806243896484375 196.9875030517578125 197.568756103515625 201.756256103515625 207.881256103515625 213.03125 218.524993896484375 223.0437469482421875 225.600006103515625 229.912506103515625 233.212493896484375 238.3562469482421875
