data/historical-monthly-weather-data/wc2.1_cruts4.09_10m_prec_1996-06.asc
ncols        51
nrows        45
xllcorner    -63.500000000000
yllcorner    -7.500000000000
cellsize     0.166666666667
NODATA_value -9999
[rows 0 to 18 of 45, columns 0 to 43 of 51]
499.181243896484375 503.26251220703125 502.462493896484375 517.13751220703125 524.0875244140625 532.23748779296875 529.65625 523.5562744140625 507.15625 507.98126220703125 512.4625244140625 505.756256103515625 498.98748779296875 485.662506103515625 466.10626220703125 448.70623779296875 427.78125 406.712493896484375 385.60626220703125 370.443756103515625 367.03125 353.29998779296875 341.756256103515625 325.850006103515625 312.76251220703125 301.493743896484375 293.54998779296875 287.899993896484375 275.125 267.368743896484375 254.9499969482421875 249.912506103515625 248.806243896484375 242.8312530517578125 237.6125030517578125 233.0625 227.818756103515625 224.5749969482421875 217.21875 212.6062469482421875 211.34375 215.0812530517578125 211.225006103515625 210
488.76251220703125 493.08123779296875 504.131256103515625 516.1875 532.16876220703125 540.41876220703125 537.73126220703125 530.9937744140625 527.77496337890625 527.85626220703125 526.70623779296875 515.6624755859375 495.07501220703125 477.86248779296875 455 434.63751220703125 410.28125 382.89373779296875 358.70623779296875 343.16876220703125 337.14373779296875 325.33123779296875 317.29998779296875 305.975006103515625 294.01873779296875 282.53125 276.350006103515625 268.91876220703125 258.712493896484375 248.7312469482421875 243.087493896484375 244.556243896484375 241.568756103515625 238.1374969482421875 235.0500030517578125 226.3874969482421875 221.7624969482421875 216.5625 209.712493896484375 205.8000030517578125 207.087493896484375 201.600006103515625 203.6875 202.399993896484375
462.38751220703125 479.368743896484375 490.6875 495.73748779296875 513.5374755859375 528.3375244140625 532.53125 541.9312744140625 541.33123779296875 540.63751220703125 533.71875 514.09375 495.225006103515625 466.287506103515625 439.34375 416.09375 388.693756103515625 364.5625 343.787506103515625 327.8125 323.506256103515625 319.8125 311.375 305.131256103515625 288.64373779296875 275.125 273.318756103515625 263.20001220703125 249.381256103515625 246.662506103515625 239.5187530517578125 237.2062530517578125 233.600006103515625 232 226.0749969482421875 212.587493896484375 209.625 207.162506103515625 201.1374969482421875 197.912506103515625 200.6999969482421875 197.9812469482421875 197.350006103515625 194.7062530517578125
433.050018310546875 440.79376220703125 461.3125 476.162506103515625 488.26251220703125 504.024993896484375 519.8687744140625 534.7874755859375 543.64373779296875 547.48126220703125 534.67498779296875 508.356231689453125 480.993743896484375 450.0625 423.39373779296875 398.34375 366.524993896484375 347.4375 330.287506103515625 326.66876220703125 320.65625 310.20623779296875 304.90625 300.681243896484375 283.45001220703125 269.90625 264.125 251.1687469482421875 242.0625 240.5749969482421875 236.493743896484375 231.1374969482421875 227.056243896484375 219.7312469482421875 213.875 211.024993896484375 207.8125 201.6875 194.943756103515625 191.568756103515625 192.443756103515625 194.2624969482421875 193.181243896484375 189.8000030517578125
437.568756103515625 439.20623779296875 432.34375 451.006256103515625 475.51251220703125 485.149993896484375 503.13751220703125 529.07501220703125 549.35626220703125 556.0999755859375 541.4625244140625 497.54998779296875 468.537506103515625 439.57501220703125 406.756256103515625 379.649993896484375 352.25 328.54376220703125 313.86248779296875 309.943756103515625 304.66876220703125 300.399993896484375 297.28125 291.11248779296875 274.350006103515625 262.48748779296875 253.056243896484375 247.0749969482421875 238.506256103515625 232.375 232.212493896484375 230.2062530517578125 223.5187530517578125 218.0500030517578125 215.462493896484375 206.7937469482421875 202.131256103515625 198.493743896484375 190.087493896484375 184.1437530517578125 185.131256103515625 186.65625 187.350006103515625 187.881256103515625
418.568756103515625 427.61248779296875 424.04376220703125 413.037506103515625 442.83123779296875 472.29998779296875 484.993743896484375 505.100006103515625 532.53125 543.2562255859375 519.0999755859375 478.462493896484375 451.25 423.59375 389.056243896484375 363.506256103515625 336.3125 316.350006103515625 308.76251220703125 303.568756103515625 302.29998779296875 296.625 291.431243896484375 278.712493896484375 268.40625 258.45001220703125 246.8625030517578125 241.1687469482421875 233.8625030517578125 228.287506103515625 230.662506103515625 229.09375 225.975006103515625 218.46875 210.131256103515625 208.587493896484375 199.8125 188.556243896484375 184.6437530517578125 184.7624969482421875 181.2624969482421875 184.1125030517578125 182.462493896484375 182.1875
409.73126220703125 413.46875 412.443756103515625 410.287506103515625 411.29376220703125 421.381256103515625 434.48126220703125 464.92498779296875 475.53125 485.024993896484375 475.125 445.225006103515625 426.79998779296875 406.26251220703125 376.443756103515625 351.1875 330.118743896484375 313.631256103515625 300.88751220703125 298.91876220703125 289.600006103515625 284.95623779296875 277.912506103515625 270.45623779296875 266.662506103515625 257.068756103515625 244.9499969482421875 236.3874969482421875 229.1125030517578125 232.1750030517578125 228.0812530517578125 222.625 217.462493896484375 215.25 213.7312469482421875 205.806243896484375 192.162506103515625 184.15625 178.881256103515625 179.587493896484375 175.600006103515625 176.368743896484375 177.568756103515625 177.537506103515625
396.287506103515625 391.774993896484375 392.493743896484375 401.95001220703125 404.568756103515625 419.787506103515625 411.962493896484375 405.88751220703125 399.07501220703125 415.08123779296875 422.28125 410.506256103515625 399.76251220703125 382.54998779296875 365.006256103515625 343.368743896484375 319.412506103515625 307.087493896484375 295.86248779296875 285.75 291.73126220703125 282.21875 272.79998779296875 264.6875 261.100006103515625 249.087493896484375 239.256256103515625 231.118743896484375 224.5437469482421875 221.8562469482421875 227.0812530517578125 220.9250030517578125 216.868743896484375 212.34375 204.475006103515625 195.462493896484375 186.0500030517578125 177.9187469482421875 168.712493896484375 164.193756103515625 162.65625 166.8874969482421875 164.125 161.1437530517578125
380.212493896484375 379.79376220703125 376.068756103515625 380.64373779296875 386.82501220703125 391.09375 398.57501220703125 400.61248779296875 379.23748779296875 367.581268310546875 369.57501220703125 367.67498779296875 370.993743896484375 360.068756103515625 349.10626220703125 330.868743896484375 322.681243896484375 315.51873779296875 307.85626220703125 292.95623779296875 278.931243896484375 281.66876220703125 265.368743896484375 265.35626220703125 255.3625030517578125 245.2375030517578125 236 230.975006103515625 229.7937469482421875 225.5437469482421875 230.662506103515625 215.037506103515625 202.381256103515625 195.931243896484375 194.318756103515625 192.818756103515625 186.881256103515625 181.1875 171.506256103515625 162.3874969482421875 156.1374969482421875 153.006256103515625 156.8125 153.5
365.38751220703125 366.399993896484375 364.125 367.818756103515625 372.13751220703125 374.09375 378.6875 374.28125 368.3125 360.037506103515625 350.443756103515625 332.306243896484375 339.818756103515625 337.35626220703125 334.493743896484375 327.899993896484375 319.125 322.98126220703125 317.10626220703125 308.75 288.48748779296875 276.48126220703125 257.587493896484375 253.3562469482421875 242.0749969482421875 237.868743896484375 230.787506103515625 224.162506103515625 218.899993896484375 220.5187530517578125 221.59375 210.8312530517578125 203.774993896484375 198.306243896484375 191.3625030517578125 187.21875 184.2375030517578125 181.125 173.743743896484375 169.8937530517578125 165.524993896484375 161.337493896484375 152.431243896484375 142.53125
355.618743896484375 353.63751220703125 350.962493896484375 351.67498779296875 351.86248779296875 358.17498779296875 354.006256103515625 350.20623779296875 349.16876220703125 345.556243896484375 340.92498779296875 325.75 315.11248779296875 315.774993896484375 316.087493896484375 316.76251220703125 314.29998779296875 311.6875 313.725006103515625 316.725006103515625 313.506256103515625 291.993743896484375 261.5 232.162506103515625 231.5187530517578125 239.743743896484375 235.3937530517578125 224.537506103515625 214.5812530517578125 212.943756103515625 212.368743896484375 205.6437530517578125 201.34375 197.225006103515625 192.1875 184.1374969482421875 181.2937469482421875 176.09375 175.7375030517578125 169.568756103515625 163.625 156.3125 150.9875030517578125 136.3562469482421875
338.70001220703125 338.57501220703125 341.0625 336.83123779296875 338.04998779296875 337.61248779296875 341.96875 341.01873779296875 338.024993896484375 325.162506103515625 325.29376220703125 317.58123779296875 297.08123779296875 299.087493896484375 308.993743896484375 308.79376220703125 306.95623779296875 307.54998779296875 313.306243896484375 328.45623779296875 327.26873779296875 308.91876220703125 275.32501220703125 238.100006103515625 227.975006103515625 225.056243896484375 217.631256103515625 213.0062408447265625 209.7312469482421875 205.2687530517578125 196.118743896484375 195.0187530517578125 192.9250030517578125 186.2375030517578125 185.71875 184.71875 184.9000091552734375 181.6062469482421875 171.9499969482421875 170.21875 164.71875 155.975006103515625 139.9250030517578125 118.4875030517578125
328.6875 326.60626220703125 326.17498779296875 322.318756103515625 325.0625 321.125 322.13751220703125 321.774993896484375 314.225006103515625 307.35626220703125 305.024993896484375 304.056243896484375 297.29376220703125 281.03125 284.34375 290.82501220703125 292.625 298.01251220703125 294.34375 306.618743896484375 312.125 296.83123779296875 272.28125 241.899993896484375 217.1125030517578125 210.493743896484375 209.162506103515625 206.9562530517578125 206.068756103515625 204.943756103515625 193.96875 185.318756103515625 187.399993896484375 179.1437530517578125 178.1062469482421875 180.3125 186.118743896484375 186.8125 188.0437469482421875 179.6750030517578125 165.3562469482421875 153.7624969482421875 130.8312530517578125 112.99375152587890625
316.006256103515625 314.63751220703125 311.98748779296875 309.29998779296875 306.25 304.787506103515625 301.98748779296875 303.756256103515625 299.868743896484375 290.60626220703125 286.65625 281.91876220703125 281.350006103515625 274.693756103515625 260.03125 271.51251220703125 271.993743896484375 273.131256103515625 274.274993896484375 283.149993896484375 286.09375 274.04376220703125 255.837493896484375 238.431243896484375 221.40625 207.7624969482421875 200.2937469482421875 195.087493896484375 193.306243896484375 190.84375 188.125 182.2687530517578125 180.287506103515625 179.181243896484375 173.912506103515625 183.9562530517578125 195.537506103515625 202.524993896484375 203.756256103515625 190.4875030517578125 160.475006103515625 141.7624969482421875 133 130.350006103515625
298.35626220703125 297.899993896484375 298.881256103515625 298.39373779296875 294.618743896484375 292.274993896484375 291.48126220703125 289.34375 284.45623779296875 277.92498779296875 271.41876220703125 268.8125 267.318756103515625 258.60626220703125 240.7375030517578125 247.8375091552734375 250.5124969482421875 257.15625 252.75 258.0625 263.53125 255.818756103515625 247.25 236.850006103515625 229.850006103515625 218.6437530517578125 211.1062469482421875 203.5124969482421875 202.3562469482421875 192.162506103515625 181.125 178.9187469482421875 184.4250030517578125 176.5749969482421875 166.21875 167.9499969482421875 190.2687530517578125 211.337493896484375 209.6750030517578125 192.056243896484375 173.443756103515625 161.162506103515625 156.337493896484375 141.493743896484375
285.381256103515625 282.21875 283.368743896484375 280.16876220703125 282.14373779296875 281.024993896484375 277.85626220703125 273.29376220703125 272.625 271.88751220703125 265.20623779296875 261.337493896484375 259.837493896484375 252.162506103515625 237.6437530517578125 218.1750030517578125 226.0062408447265625 237.3874969482421875 234.162506103515625 238.2375030517578125 241.5625 239.3187408447265625 238.4812469482421875 237.125 232.2062530517578125 222.899993896484375 212.100006103515625 206.850006103515625 202.0124969482421875 199.9875030517578125 191.7624969482421875 182.15625 171.9250030517578125 161.943756103515625 153.5437469482421875 176.3625030517578125 185.4875030517578125 199.306243896484375 206.59375 204.5812530517578125 197.274993896484375 184.8562469482421875 166.9562530517578125 145.1750030517578125
270.350006103515625 269.83123779296875 267.631256103515625 269.54998779296875 270.84375 270.86248779296875 267.412506103515625 264.73126220703125 258.25 254.975006103515625 254.1062469482421875 253.15625 247.662506103515625 240.875 235.71875 218.75 198.1687469482421875 206.8249969482421875 213.8937530517578125 216.15625 217.0625 221.875 223.9250030517578125 232.2624969482421875 228.912506103515625 213.8499908447265625 204.3812408447265625 198.7375030517578125 201.274993896484375 200.943756103515625 197.806243896484375 192.8000030517578125 182.5500030517578125 179.1687469482421875 187.818756103515625 194.7062530517578125 207.368743896484375 217.131256103515625 223.96875 210.3499908447265625 203.5500030517578125 184.943756103515625 161.243743896484375 144.256256103515625
253.84375 255.1062469482421875 258.23748779296875 260.537506103515625 262.96875 266.068756103515625 261.431243896484375 257.625 251.1437530517578125 243.1062469482421875 238.4562530517578125 241.118743896484375 234.0625 228.868743896484375 227.1437530517578125 216.1687469482421875 196.9499969482421875 178.618743896484375 197.537506103515625 193.631256103515625 195.1125030517578125 200.6999969482421875 211.3000030517578125 218.212493896484375 220.84375 207.2375030517578125 194.65625 197.756256103515625 199.068756103515625 194.375 182.4250030517578125 172.350006103515625 193.46875 196.9250030517578125 198.931243896484375 227.2624969482421875 235.5812530517578125 225.3937530517578125 221.693756103515625 211.3937530517578125 187.4562530517578125 166.8812408447265625 148.2062530517578125 136.0500030517578125
239.3312530517578125 244.318756103515625 247.912506103515625 252.0124969482421875 256.193756103515625 255.412506103515625 252.6125030517578125 248.2937469482421875 244.3125 239.193756103515625 232.2937469482421875 223.03125 217.850006103515625 215.631256103515625 210.037506103515625 202.9375 197.6750030517578125 176.0124969482421875 167.7687530517578125 168.0812530517578125 177.5187530517578125 190.587493896484375 182.6125030517578125 195.756256103515625 199.5 203.75 199.5500030517578125 192.3937530517578125 197.743743896484375 192.46875 183.5437469482421875 182.5812530517578125 192.774993896484375 193.774993896484375 203.5 222.5187530517578125 221.9562530517578125 210.5812530517578125 205.806243896484375 190.100006103515625 169.78125 147.693756103515625 136.5124969482421875 129.71875
