data/historical-monthly-weather-data/wc2.1_cruts4.09_10m_prec_1958-11.asc
ncols        45
nrows        45
xllcorner    -63.500000000000
yllcorner    -7.500000000000
cellsize     0.166666666667
NODATA_value -9999
[rows 0 to 19 of 45, columns 0 to 43 of 45]
168.962493896484375 165.5437469482421875 158.8125 155.600006103515625 152.0500030517578125 149.350006103515625 145.625 142.056243896484375 139.5625 136.4812469482421875 133.59375 130.53125 127.8249969482421875 123.40625 121.0124969482421875 118.3562469482421875 116.0124969482421875 112.6062469482421875 109.50624847412109375 107.0500030517578125 104.41249847412109375 101.71875 99.9562530517578125 99.63124847412109375 100.125 101.375 105.41249847412109375 109.8312530517578125 114.53125 123.65000152587890625 133.868743896484375 145.1687469482421875 156.993743896484375 170.1999969482421875 182.006256103515625 187.631256103515625 192.6437530517578125 195.9250030517578125 192.2062530517578125 187.587493896484375 181.3249969482421875 175.462493896484375 167.59375 160.1374969482421875
173.8249969482421875 169.631256103515625 165.5187530517578125 163.5562591552734375 162.65625 160.287506103515625 156.524993896484375 154.6062469482421875 152.1750030517578125 148.5625 145.09375 140.71875 136.1750030517578125 131.618743896484375 127.6687469482421875 124.9562530517578125 121.375 118.59375 115.7624969482421875 113.6062469482421875 110.88124847412109375 108.2312469482421875 106.72499847412109375 107.7937469482421875 108.0124969482421875 109.25 113.25624847412109375 116.96875 121.72499847412109375 132.649993896484375 145.274993896484375 158.8499908447265625 170.25 185.337493896484375 198.743743896484375 204.693756103515625 210.0625 213.787506103515625 209.399993896484375 204.375 198.7375030517578125 191.631256103515625 184 174.28125
175.09375 171.375 167.756256103515625 165.5625 165.5625 164.212493896484375 164.131256103515625 163.6062469482421875 162.8312530517578125 159.9875030517578125 155.7062530517578125 150.306243896484375 145.1437530517578125 139.631256103515625 134.8625030517578125 130.787506103515625 127.1374969482421875 124.25 120.7624969482421875 118.31874847412109375 116.36875152587890625 114.4375 113.65625 116.1125030517578125 117.94374847412109375 119.7375030517578125 123.34999847412109375 126.91249847412109375 130.725006103515625 141.09375 154.556243896484375 167.681243896484375 181.681243896484375 196.212493896484375 210.681243896484375 216.59375 222.3562469482421875 229.037506103515625 226.2062530517578125 222.7937469482421875 217.71875 209.2624969482421875 200.7624969482421875 191.287506103515625
171.8937530517578125 167.8562469482421875 166.8625030517578125 165.0124969482421875 165.868743896484375 166.4562530517578125 167.8874969482421875 170.681243896484375 172.600006103515625 171.53125 166.743743896484375 159.875 153.5500030517578125 147.125 141.84375 137.3000030517578125 133.443756103515625 129.537506103515625 125.97499847412109375 123.8874969482421875 122.8937530517578125 121.6437530517578125 120.8937530517578125 124.1875 127.51250457763671875 130.618743896484375 133.9187469482421875 135.631256103515625 139.3874969482421875 150.287506103515625 163.024993896484375 176.6687469482421875 189.2062530517578125 203.806243896484375 218.243743896484375 227.8937530517578125 236.337493896484375 243.78125 243.225006103515625 241.0124969482421875 235.287506103515625 228.0812530517578125 217.462493896484375 206.912506103515625
172.96875 166.3562469482421875 160.6125030517578125 160.875 164.2874908447265625 167.0187530517578125 170.375 175.7624969482421875 180.9250030517578125 182.787506103515625 175.9250030517578125 166.431243896484375 159.306243896484375 153.350006103515625 147.868743896484375 143.5 139.0625 135.350006103515625 131.3562469482421875 128.0625 128.9875030517578125 128.65625 128.931243896484375 134.087493896484375 137.3874969482421875 140.962493896484375 141.8874969482421875 144.256256103515625 148.1500091552734375 157.337493896484375 169.375 182.631256103515625 195.625 210.7312469482421875 226.1875 237.131256103515625 247.625 257.63751220703125 260.318756103515625 257.23748779296875 253.568756103515625 244.21875 233.7937469482421875 223.0124969482421875
170.2312469482421875 164.3687591552734375 158.962493896484375 154.46875 159.09375 165.1437530517578125 169.943756103515625 174.662506103515625 179.6687469482421875 182.9875030517578125 175.78125 166.912506103515625 161.03125 155.681243896484375 150.368743896484375 145.8000030517578125 142.100006103515625 138.881256103515625 136.0187530517578125 132.818756103515625 134.506256103515625 136.256256103515625 137.8125 142.243743896484375 146.8937530517578125 149.8874969482421875 150.5812530517578125 151.6062469482421875 154.412506103515625 162.3000030517578125 171.931243896484375 185.90625 197.774993896484375 212.84375 227.524993896484375 240.368743896484375 252.4250030517578125 264.5625 270.71875 270.693756103515625 263.66876220703125 255.2375030517578125 245.1750030517578125 235.537506103515625
168.7687530517578125 164.912506103515625 159.9812469482421875 155.625 156.7687530517578125 160.100006103515625 164.4875030517578125 168.243743896484375 169.787506103515625 168.712493896484375 167.068756103515625 162.774993896484375 159.649993896484375 155.943756103515625 152.1750030517578125 148.6875 145.350006103515625 142.475006103515625 139.212493896484375 138.3000030517578125 141.3312530517578125 144.3625030517578125 147.2312469482421875 151.662506103515625 156.118743896484375 159.90625 159.2937469482421875 158.6374969482421875 158.5187530517578125 165.3125 174.6374969482421875 186.1875 198.0812530517578125 212.693756103515625 228.068756103515625 240.3562469482421875 252.3937530517578125 266.45001220703125 278.98748779296875 279.67498779296875 272.28125 263.662506103515625 254.5124969482421875 245.0812530517578125
169.1750030517578125 165.1875 161.6437530517578125 160.100006103515625 160.84375 161.493743896484375 160.493743896484375 157.818756103515625 154.4250030517578125 153.7687530517578125 157.0124969482421875 157.6125030517578125 157.09375 155.381256103515625 153.006256103515625 150.912506103515625 148.1062469482421875 145.649993896484375 143.524993896484375 142.725006103515625 148.787506103515625 153.9499969482421875 157.2312469482421875 161.868743896484375 167.193756103515625 168.5187530517578125 166.306243896484375 163.6062469482421875 162.8874969482421875 167.118743896484375 174.6125030517578125 185.9875030517578125 197.399993896484375 210.6374969482421875 225.34375 236.725006103515625 249.931243896484375 262.40625 271.48748779296875 274.1875 270.881256103515625 264.21875 256.33123779296875 247.5
170.0124969482421875 167.4875030517578125 165.6875 164.662506103515625 164.65625 163.975006103515625 161.6999969482421875 157.21875 148.8000030517578125 144.837493896484375 149.881256103515625 152.6687469482421875 154.1875 153.806243896484375 152.6875 151.056243896484375 149.0749969482421875 148.5437469482421875 149.631256103515625 150.0437469482421875 155.850006103515625 162.6374969482421875 166.4437408447265625 172.787506103515625 176.506256103515625 176.524993896484375 172.1374969482421875 168.756256103515625 166.6999969482421875 167.412506103515625 173.7624969482421875 184.6437530517578125 193.631256103515625 204.475006103515625 216.625 228.181243896484375 239.9187469482421875 250.75 258.412506103515625 263.73748779296875 263.131256103515625 257.462493896484375 252.6062469482421875 245.8625030517578125
171.4875030517578125 169.03125 167.9375 167.6875 168.212493896484375 168.03125 164.868743896484375 159.46875 153.162506103515625 150.1062469482421875 150.875 150.962493896484375 152.712493896484375 152.662506103515625 151.818756103515625 150.931243896484375 149.962493896484375 152.024993896484375 154.7375030517578125 158.399993896484375 166.0749969482421875 173.368743896484375 177.3125 182.6374969482421875 184.431243896484375 184.2062530517578125 179.96875 174.399993896484375 170.2624969482421875 167.90625 172.125 180.912506103515625 188.8000030517578125 198.649993896484375 209.46875 220.0812530517578125 231.181243896484375 239.649993896484375 247.4562530517578125 253.4562530517578125 255.931243896484375 252.75 247.90625 240.912506103515625
173.4499969482421875 171.59375 170.399993896484375 170.40625 171.0500030517578125 172.5437469482421875 170.131256103515625 163.8937530517578125 157.9375 154.2687530517578125 153.756256103515625 152.693756103515625 152.4562530517578125 151.868743896484375 150.693756103515625 149.75 149.875 154.1875 159.475006103515625 166.5 179.78125 187.743743896484375 190.4562530517578125 190.6374969482421875 192.9562530517578125 194.350006103515625 189.5124969482421875 183.4250030517578125 176.7375030517578125 172.243743896484375 174.40625 180.493743896484375 187.5500030517578125 195.493743896484375 203.5500030517578125 211.693756103515625 220.243743896484375 228.3312530517578125 238.53125 245.75 249.0749969482421875 247.912506103515625 245.118743896484375 239.899993896484375
175.6875 173.9812469482421875 172.9250030517578125 173.8125 174.6750030517578125 176.21875 174.899993896484375 168.5124969482421875 162.475006103515625 158.337493896484375 156.087493896484375 154.3625030517578125 151.475006103515625 149.8874969482421875 148.8125 148.1374969482421875 149.024993896484375 154.59375 162.431243896484375 173.350006103515625 191.118743896484375 201.3312530517578125 203.412506103515625 200.8874969482421875 200.4250030517578125 200.3625030517578125 194.787506103515625 188.943756103515625 184.212493896484375 179.03125 177.6875 179.881256103515625 184.25 189.962493896484375 197.2062530517578125 204.3937530517578125 211.4000091552734375 219.4375 228.931243896484375 237.399993896484375 243.34375 243.1125030517578125 241.5437469482421875 237.8249969482421875
177.6374969482421875 176.649993896484375 175.8125 175.6750030517578125 175.65625 176.40625 174.399993896484375 169.662506103515625 164.368743896484375 160.712493896484375 157.65625 155.306243896484375 151.75 146.65625 144.818756103515625 144.59375 146.1750030517578125 154.2937469482421875 163.993743896484375 176.3874969482421875 197.8000030517578125 210.337493896484375 212.7687530517578125 211.368743896484375 207.78125 205.125 201.556243896484375 195.787506103515625 191.181243896484375 185.306243896484375 181.5625 180.3937530517578125 181.243743896484375 184.5124969482421875 190.056243896484375 196.1999969482421875 202.6125030517578125 209.78125 220.8187408447265625 228.524993896484375 236.868743896484375 239.2062530517578125 235.993743896484375 223.5812530517578125
179.15625 177.3000030517578125 176.368743896484375 175.743743896484375 175.4812469482421875 174.5625 172.618743896484375 169.368743896484375 165.6999969482421875 161.743743896484375 158.149993896484375 153.28125 148.8874969482421875 143.662506103515625 139.25 139.068756103515625 141.475006103515625 150.212493896484375 160.600006103515625 172.8625030517578125 193.5 208.568756103515625 215.9562530517578125 216.493743896484375 215.21875 213.6374969482421875 210.7312469482421875 205.212493896484375 199.181243896484375 191.118743896484375 185.4562530517578125 181.3125 179.2312469482421875 179.6687469482421875 184.306243896484375 190.4499969482421875 196.3000030517578125 205.1437530517578125 214.8562469482421875 225.306243896484375 231.743743896484375 227.9562530517578125 222.4812469482421875 219.3000030517578125
178.837493896484375 176.993743896484375 176.1437530517578125 175.493743896484375 174.850006103515625 173.524993896484375 172.1125030517578125 169.3562469482421875 165.493743896484375 161.3312530517578125 157.068756103515625 151.537506103515625 145.8000030517578125 139.806243896484375 133.40625 132.4812469482421875 135.506256103515625 144.5812530517578125 155.1125030517578125 167.0812530517578125 187.3249969482421875 204.774993896484375 216.6125030517578125 221.0187530517578125 223.96875 224.9250030517578125 220.9875030517578125 214.5812530517578125 207.506256103515625 196.8000030517578125 188.243743896484375 181.34375 178.506256103515625 177.868743896484375 180.1374969482421875 185.649993896484375 193.7937469482421875 205.181243896484375 217.274993896484375 224.6687469482421875 225.943756103515625 224.868743896484375 225.1875 224.712493896484375
177.3249969482421875 175.537506103515625 175.3312530517578125 174.631256103515625 174.0812530517578125 173.125 171.0749969482421875 168.46875 165.46875 162.149993896484375 157.1875 150.84375 144.337493896484375 136.787506103515625 129.5124969482421875 125.33750152587890625 129.9812469482421875 140.5187530517578125 150.7687530517578125 162.3312530517578125 183.8937530517578125 203.8874969482421875 218.6875 225.774993896484375 231.5 236.524993896484375 233.9562530517578125 226.65625 216.068756103515625 201.931243896484375 190.756256103515625 182.287506103515625 177.787506103515625 177.2062530517578125 176.84375 184.5500030517578125 195.0625 202.0749969482421875 213.0500030517578125 220.556243896484375 226.875 228.6687469482421875 228.631256103515625 222.5
175.3874969482421875 174.587493896484375 173.975006103515625 173.4250030517578125 173.3625030517578125 172.3125 171.056243896484375 168.4562530517578125 165.850006103515625 162.3125 157.875 151.381256103515625 144.125 136.4250030517578125 129.7375030517578125 125.86875152587890625 126.9250030517578125 136.212493896484375 147.0749969482421875 159.225006103515625 181.912506103515625 203.8562469482421875 221.1125030517578125 229 237.306243896484375 247.118743896484375 248.40625 237.8000030517578125 222.087493896484375 205.774993896484375 193.4499969482421875 186.162506103515625 180.181243896484375 177.8874969482421875 183.212493896484375 194.600006103515625 200.837493896484375 209.46875 221.84375 227.524993896484375 235.0812530517578125 236.3874969482421875 230.462493896484375 226.4375
172.212493896484375 171.712493896484375 171.8937530517578125 171.9375 171.65625 171.8874969482421875 171.225006103515625 168.975006103515625 166.6374969482421875 163.2375030517578125 158.881256103515625 152.568756103515625 144.5812530517578125 137.78125 132.6125030517578125 128.868743896484375 128.09375 132.4499969482421875 143.375 155.306243896484375 180.149993896484375 202.28125 220.6312408447265625 230.9562530517578125 241.75 252.975006103515625 259.681243896484375 245.40625 224.524993896484375 203.600006103515625 189.399993896484375 181.6875 182.412506103515625 188.850006103515625 196.6062469482421875 200.068756103515625 208.537506103515625 217.7062530517578125 224.1687469482421875 235.1062469482421875 240.625 239.556243896484375 235.1062469482421875 230.618743896484375
168.4187469482421875 168.993743896484375 169.4562530517578125 169.9812469482421875 170.5437469482421875 171.03125 170.5 169.4250030517578125 167.931243896484375 165.618743896484375 161.1374969482421875 154.524993896484375 146.806243896484375 140.375 134.84375 131.34375 129.9875030517578125 132.0437469482421875 139 150.350006103515625 178.15625 205.1062469482421875 219.587493896484375 231.131256103515625 243.09375 253.8000030517578125 255.84375 244.100006103515625 225.368743896484375 202.21875 184.71875 181.875 191.7687530517578125 198.5500030517578125 203.3874969482421875 211.350006103515625 218.3625030517578125 225.5187530517578125 234.0124969482421875 242.037506103515625 246.65625 248.2375030517578125 241.712493896484375 235.631256103515625
164.181243896484375 165.53125 166.181243896484375 167.3312530517578125 168.3874969482421875 169.7624969482421875 170.25 169.818756103515625 169.4499969482421875 168.274993896484375 165.243743896484375 159.21875 151.787506103515625 144.243743896484375 138.618743896484375 133.8562469482421875 129.868743896484375 132.943756103515625 137.868743896484375 147.368743896484375 172.493743896484375 196.8249969482421875 218.149993896484375 230.0812530517578125 240.2624969482421875 246.662506103515625 245.037506103515625 239.287506103515625 223.774993896484375 202.274993896484375 188.3125 190.8312530517578125 198.712493896484375 208.037506103515625 215.756256103515625 222.65625 230.493743896484375 238.7937469482421875 244.8625030517578125 249.837493896484375 253.3937530517578125 253.2937469482421875 247.618743896484375 242.4250030517578125
