data/historical-monthly-weather-data/wc2.1_cruts4.09_10m_prec_1993-02.asc
ncols        45
nrows        45
xllcorner    -63.500000000000
yllcorner    -7.500000000000
cellsize     0.166666666667
NODATA_value -9999
[rows 20 to 39 of 45, columns 0 to 44 of 45]
341.13751220703125 351.95623779296875 367.600006103515625 385.14373779296875 407.024993896484375 426.65625 447.59375 468.45623779296875 484.64373779296875 498.36248779296875 511.131256103515625 534.125 560.9437255859375 586.1624755859375 576.17498779296875 549.5687255859375 526.9375 507.48126220703125 501.04998779296875 495 484.9375 472.212493896484375 458.10626220703125 448.70001220703125 440.95001220703125 434.899993896484375 432.20623779296875 429.637481689453125 428.13751220703125 423.506256103515625 409.21875 386.475006103515625 353.868743896484375 316.45623779296875 282.40625 291.39373779296875 314.95623779296875 329.556243896484375 331.881256103515625 324.66876220703125 311.25 300.568756103515625 291.41876220703125 282.73126220703125 278.84375
330.90625 343.774993896484375 361.29998779296875 382.837493896484375 405.037506103515625 426.26251220703125 448.09375 469.85626220703125 486.149993896484375 496.20001220703125 502.975006103515625 514.82501220703125 528.45623779296875 539.51251220703125 541.0562744140625 530.5250244140625 517.45001220703125 502.868743896484375 493.431243896484375 486.212493896484375 471.225006103515625 457.5625 447.71875 437.96875 431 427.13751220703125 427.21875 426.63751220703125 427.60626220703125 425.443756103515625 416.04998779296875 395.118743896484375 366.943756103515625 338.82501220703125 318.306243896484375 319.625 332.524993896484375 339.524993896484375 335.875 325.462493896484375 312.28125 302.350006103515625 292.66876220703125 283.306243896484375 279.89373779296875
325.25 340.29376220703125 357.774993896484375 380.212493896484375 402.9375 426.287506103515625 446.600006103515625 469.36248779296875 486.64373779296875 490.8125 489.66876220703125 490.0625 491.1875 497.51251220703125 507.07501220703125 508.11248779296875 502.54376220703125 492.587493896484375 482.34375 471.6875 457.25 442.649993896484375 431.256256103515625 421.6875 417.100006103515625 416.01251220703125 417.625 419.693756103515625 423.931243896484375 425.16876220703125 421.181243896484375 409.537506103515625 385.681243896484375 366.006256103515625 357.931243896484375 358.681243896484375 360.53125 356.96875 345.618743896484375 329.01251220703125 313.59375 303.287506103515625 293.20623779296875 283.868743896484375 281.024993896484375
322.3125 336.08123779296875 353.868743896484375 374.09375 396.9375 419.88751220703125 441.618743896484375 461.60626220703125 476.79376220703125 477.399993896484375 473.6875 469.274993896484375 459.92498779296875 468.26251220703125 481.38751220703125 486.475006103515625 485.33123779296875 479.625 470.412506103515625 459.068756103515625 443.01251220703125 427.21875 414.368743896484375 405.38751220703125 402.006256103515625 399.67498779296875 404.54998779296875 409.75 414.524993896484375 418.368743896484375 417.850006103515625 410.42498779296875 395.368743896484375 384.61248779296875 383.693756103515625 386.850006103515625 383.36248779296875 369.643768310546875 351.54998779296875 331.837493896484375 314.95001220703125 303.26873779296875 293.25 284.875 284.068756103515625
325.20623779296875 335.337493896484375 351.65625 371.975006103515625 395.48126220703125 414.71875 434.399993896484375 451.725006103515625 461.29998779296875 463.70001220703125 461.4375 457.71875 454.39373779296875 457.92498779296875 465.318756103515625 471.381256103515625 473.61248779296875 468.79376220703125 460.26873779296875 448.631256103515625 432.01873779296875 413.462493896484375 397.42498779296875 387.056243896484375 383.08123779296875 386.85626220703125 391.61248779296875 398.95001220703125 404.08123779296875 407.48126220703125 406.475006103515625 400.693756103515625 394.86248779296875 391.475006103515625 392.6875 390.13751220703125 383.806243896484375 369.67498779296875 350.65625 331.043731689453125 313.96875 302.17498779296875 292.90625 286.51873779296875 285.524993896484375
336.725006103515625 344.03125 356.625 374.756256103515625 395.57501220703125 412.806243896484375 428.006256103515625 442.26873779296875 450.01873779296875 453.26251220703125 452.95001220703125 452.243743896484375 452.768768310546875 453.524993896484375 459.149993896484375 463.068756103515625 465.10626220703125 460.4375 453.54376220703125 441.78125 423.17498779296875 401.087493896484375 380.89373779296875 366.8125 367.41876220703125 373.92498779296875 382.95623779296875 388.61248779296875 393.912506103515625 395.212493896484375 393.368743896484375 389.48126220703125 388.42498779296875 389.23126220703125 391.1875 386.03125 377.975006103515625 365.65625 345.83123779296875 327.23126220703125 310.89373779296875 300 290.70001220703125 285.125 287.274993896484375
353.70001220703125 358.07501220703125 366.8125 381.54376220703125 396.39373779296875 408.600006103515625 421.381256103515625 431.04376220703125 438.84375 444.96875 448.75 451.04998779296875 454.51251220703125 457.806243896484375 461.337493896484375 465.162506103515625 465.475006103515625 459.98126220703125 450.95623779296875 437.462493896484375 417.087493896484375 394.399993896484375 370.40625 353.76873779296875 358.912506103515625 366.33123779296875 374.006256103515625 379.149993896484375 382.068756103515625 382.96875 382.056243896484375 377.818756103515625 379.35626220703125 385.08123779296875 386.29998779296875 380.70001220703125 372.225006103515625 359.36248779296875 341.337493896484375 322.98126220703125 306.725006103515625 296.256256103515625 287.625 282.48126220703125 288.056243896484375
372.506256103515625 372.95001220703125 378.86248779296875 387.85626220703125 396.78125 404.287506103515625 414.54998779296875 424.23126220703125 432.07501220703125 440.193756103515625 445.462493896484375 450.412506103515625 455.79376220703125 460.818756103515625 464.475006103515625 467.868743896484375 467.068756103515625 462.41876220703125 451.57501220703125 438.07501220703125 418.787506103515625 396.66876220703125 378 363.537506103515625 361.181243896484375 364.962493896484375 369.45623779296875 372.475006103515625 373.287506103515625 373.75 372.5625 370.225006103515625 375.28125 379.38751220703125 381.1875 375.4375 365.125 353.96875 336.01873779296875 317.506256103515625 301.649993896484375 292.875 285.34375 282.193756103515625 290.67498779296875
388.868743896484375 387.462493896484375 388.63751220703125 392.78125 397.64373779296875 402.23748779296875 409.712493896484375 417.13751220703125 426.29376220703125 435.83123779296875 442.9375 449.54998779296875 456.068756103515625 464.443756103515625 468.774993896484375 473.212493896484375 474.087493896484375 466.881256103515625 457.67498779296875 443.11248779296875 425.181243896484375 404.26873779296875 389.16876220703125 375.962493896484375 368.15625 366.28125 367.943756103515625 368.087493896484375 368.375 368.07501220703125 365.35626220703125 364.274993896484375 368.774993896484375 373.71875 377.15625 369.75 360.73748779296875 349.993743896484375 334.09375 314.79376220703125 296.75 288.29376220703125 284.649993896484375 285.850006103515625 296.51251220703125
400.76251220703125 395.681243896484375 394.006256103515625 394.10626220703125 397.03125 400.73126220703125 405.82501220703125 411.962493896484375 419.95623779296875 430.09375 438.78125 447.84375 456.412506103515625 466.57501220703125 473.01251220703125 476.58123779296875 479.850006103515625 477.212493896484375 469.36248779296875 454.443756103515625 435.212493896484375 416.475006103515625 401.73126220703125 386.431243896484375 374.96875 369.024993896484375 366.89373779296875 363.73748779296875 361.506256103515625 360.537506103515625 360.100006103515625 360.068756103515625 363.681243896484375 368.98748779296875 371.625 365.38751220703125 355.89373779296875 346.79998779296875 330.600006103515625 312.787506103515625 299.787506103515625 295.16876220703125 292.787506103515625 296.36248779296875 302.23126220703125
408.399993896484375 401.256256103515625 395.506256103515625 393.493743896484375 392.993743896484375 396.70001220703125 401.16876220703125 407.04998779296875 414.96875 424.35626220703125 436.15625 447.60626220703125 459.037506103515625 468.287506103515625 474.67498779296875 481.131256103515625 486.51873779296875 486.318756103515625 481.88751220703125 467.28125 447.07501220703125 427.15625 410.96875 393.725006103515625 379.65625 370.70623779296875 365.17498779296875 359.86248779296875 355.337493896484375 354.5625 354.90625 356.100006103515625 361.243743896484375 366.743743896484375 369.868743896484375 361.943756103515625 353.48748779296875 345.88751220703125 330.59375 313.51251220703125 303.10626220703125 303.13751220703125 303.79376220703125 305.46875 311.475006103515625
409.568756103515625 401.38751220703125 394.65625 391.193756103515625 388.318756103515625 390.71875 395.42498779296875 399.506256103515625 407.28125 418.48748779296875 430.63751220703125 444.125 457.70623779296875 469.76251220703125 477.25 485.850006103515625 488.493743896484375 487.53125 483.243743896484375 472.51251220703125 453.618743896484375 435.131256103515625 417.225006103515625 399.131256103515625 384.024993896484375 372.04376220703125 363.524993896484375 356.04998779296875 349.912506103515625 350.568756103515625 351.8125 353.1875 358.58123779296875 363.8125 367.42498779296875 360.35626220703125 352.76251220703125 344.837493896484375 330.63751220703125 318.787506103515625 312.756256103515625 314.76251220703125 317.08123779296875 321.04998779296875 328.881256103515625
403.82501220703125 396.368743896484375 390.962493896484375 386.89373779296875 382.943756103515625 384.875 387.631256103515625 391.756256103515625 399.98126220703125 411.41876220703125 426.068756103515625 440.318756103515625 456.9375 471.48126220703125 479.46875 484.912506103515625 486.54376220703125 485.568756103515625 478.59375 468.850006103515625 453 435.212493896484375 418.46875 400.96875 386.91876220703125 375.193756103515625 364.98748779296875 356.912506103515625 349.568756103515625 348.556243896484375 349.58123779296875 349.818756103515625 354.29998779296875 360.475006103515625 365.11248779296875 360.306243896484375 353.506256103515625 345.1875 334.412506103515625 329.60626220703125 326.53125 329.91876220703125 335.01873779296875 342.01873779296875 356.45001220703125
397.95001220703125 389.90625 384.84375 381.743743896484375 377.725006103515625 378 380.16876220703125 384.024993896484375 389.53125 400.625 416.181243896484375 434.70623779296875 455.40625 471.20001220703125 479.17498779296875 483.693756103515625 484.381256103515625 481.13751220703125 473.4375 463.73126220703125 448.037506103515625 430.95623779296875 416.125 400.15625 387.79998779296875 376.96875 366.20623779296875 356.45001220703125 348.70623779296875 347.537506103515625 347.5625 347.15625 352.66876220703125 358.475006103515625 362.04998779296875 358.9375 353.087493896484375 346.58123779296875 340.818756103515625 339.193756103515625 338.33123779296875 343.899993896484375 353.287506103515625 363.162506103515625 379.412506103515625
391.1875 384.4375 379.98126220703125 375.493743896484375 372.46875 372.23126220703125 371.95623779296875 373.67498779296875 376.90625 386.274993896484375 404.26873779296875 428.84375 454.431243896484375 472.54376220703125 478.725006103515625 481.48126220703125 479.58123779296875 473.88751220703125 466.75 455.71875 442.087493896484375 424.95623779296875 410.287506103515625 395.3125 385.26251220703125 374.899993896484375 364.83123779296875 355.318756103515625 347.14373779296875 345.73126220703125 344.1875 344.774993896484375 350.056243896484375 356.412506103515625 360.125 356.88751220703125 351.587493896484375 349.64373779296875 348.125 347.162506103515625 348.912506103515625 354.681243896484375 364.618743896484375 375.818756103515625 390.087493896484375
382.89373779296875 378.524993896484375 374.899993896484375 370.59375 367.26251220703125 366.725006103515625 364.73126220703125 363.40625 363.51873779296875 370.67498779296875 390.15625 418.125 447.28125 467.225006103515625 471.76251220703125 472.118743896484375 469.48748779296875 461.875 450.975006103515625 440.600006103515625 426.92498779296875 412.39373779296875 397.64373779296875 385.381256103515625 375.287506103515625 366.475006103515625 357.756256103515625 351 343.881256103515625 341.774993896484375 340.90625 341.318756103515625 347.61248779296875 354.462493896484375 357.524993896484375 354.962493896484375 354.61248779296875 352.60626220703125 351.73748779296875 353.61248779296875 357.67498779296875 362.38751220703125 369.9375 381.037506103515625 391.681243896484375
376.0625 373.54376220703125 370.08123779296875 368.975006103515625 365.943756103515625 363.89373779296875 360.412506103515625 356.51251220703125 352.493743896484375 350.162506103515625 375.35626220703125 413.225006103515625 440.51251220703125 456.8125 461.35626220703125 459.818756103515625 455.59375 446.38751220703125 435.92498779296875 423.33123779296875 409.42498779296875 395.07501220703125 381.76251220703125 371.1875 362.33123779296875 355.64373779296875 348.875 343.35626220703125 338.73748779296875 336.85626220703125 336 336.25 343.8125 351.118743896484375 355.6875 356.90625 356.375 355.862518310546875 356.381256103515625 358.23126220703125 361.318756103515625 366.375 373.35626220703125 382.66876220703125 391.381256103515625
369.48126220703125 368.993743896484375 367.274993896484375 366.65625 365.57501220703125 362.693756103515625 359.14373779296875 355.32501220703125 353.04376220703125 347.556243896484375 385.40625 423.61248779296875 440.274993896484375 448.73126220703125 450.243743896484375 446.54998779296875 438.5 428.662506103515625 415.881256103515625 401.73748779296875 388.90625 375.037506103515625 363.78125 354.84375 348.337493896484375 343.46875 338.331268310546875 335.181243896484375 332.431243896484375 332.11248779296875 330.243743896484375 330.98126220703125 338.78125 347.181243896484375 352.20623779296875 355.63751220703125 356.987518310546875 358.381256103515625 359.725006103515625 361.287506103515625 363.34375 368.006256103515625 372.774993896484375 379.59375 387.28125
365.34375 365.024993896484375 363.25 364.243743896484375 363.118743896484375 361.5 361.07501220703125 361.756256103515625 366.79376220703125 386.04998779296875 426.181243896484375 434.84375 436.118743896484375 437.506256103515625 435.287506103515625 427.51251220703125 418.274993896484375 406.54998779296875 392.193756103515625 378.04376220703125 364.79998779296875 352.38751220703125 343.92498779296875 336.181243896484375 331.29376220703125 329.225006103515625 326.34375 325.14373779296875 324.806243896484375 325.71875 326.875 328.14373779296875 335.162506103515625 343.149993896484375 350.9375 354.4375 355.418731689453125 357.962493896484375 358.29998779296875 357.193756103515625 358.90625 361.66876220703125 365.725006103515625 371.006256103515625 377.14373779296875
361.600006103515625 362.162506103515625 361.087493896484375 360.88751220703125 360.51251220703125 360.79998779296875 361.64373779296875 367.1875 376.21875 394.787506103515625 415.993743896484375 424.23748779296875 426.0625 424.28125 418.48748779296875 409.581268310546875 398.45001220703125 385.33123779296875 369.618743896484375 355.524993896484375 340.63751220703125 329.16876220703125 321.23748779296875 315.443756103515625 314.10626220703125 313.6875 313.54998779296875 314.618743896484375 316.70001220703125 319.23126220703125 321.23748779296875 325.975006103515625 335.23126220703125 342.443756103515625 348.09375 351.899993896484375 352.76251220703125 353.850006103515625 354.199981689453125 351.70001220703125 351.82501220703125 354.08123779296875 356.73126220703125 359.36248779296875 364.86248779296875
