data/historical-monthly-weather-data/wc2.1_cruts4.09_10m_prec_2019-03.asc
ncols        45
nrows        45
xllcorner    -63.500000000000
yllcorner    -7.500000000000
cellsize     0.166666666667
NODATA_value -9999
[rows 20 to 39 of 45, columns 0 to 44 of 45]
253.6062469482421875 271.943756103515625 290.51251220703125 310.087493896484375 330.618743896484375 349.60626220703125 367.71875 383.91876220703125 398.5 408.756256103515625 415.350006103515625 420.881256103515625 426.962493896484375 434.90625 428.3125 413.75 400.837493896484375 392.375 388.98748779296875 385.64373779296875 383.32501220703125 381.056243896484375 377.01251220703125 372.48748779296875 368.368743896484375 364.84375 361.556243896484375 357.70001220703125 353.45001220703125 348.649993896484375 338.32501220703125 323.04376220703125 301.881256103515625 277.412506103515625 254.8000030517578125 269.587493896484375 291.993743896484375 301.912506103515625 302.70623779296875 297.875 290.524993896484375 284.01251220703125 276.462493896484375 270.1875 267.45623779296875
248.600006103515625 266.993743896484375 287.6875 308.65625 330.86248779296875 352.8125 373.95623779296875 393.76251220703125 409.381256103515625 416.11248779296875 416.087493896484375 415.20001220703125 415.23748779296875 418.537506103515625 415.66876220703125 408.912506103515625 402.71875 395.3125 389.962493896484375 384.65625 377.756256103515625 372.21875 370.274993896484375 364.662506103515625 360.79376220703125 359.649993896484375 360.193756103515625 355.91876220703125 350.524993896484375 344.42498779296875 332.875 317.79998779296875 299.743743896484375 281.96875 270.649993896484375 277.875 293.712493896484375 303.068756103515625 303.70623779296875 297.60626220703125 289.199981689453125 282.381256103515625 275.15625 268.931243896484375 266.70623779296875
247.1437530517578125 266.73748779296875 287.48748779296875 309.79998779296875 332.649993896484375 355.08123779296875 377.33123779296875 402.3125 422.162506103515625 423 416.318756103515625 406.318756103515625 399.25 401.256256103515625 404.131256103515625 403.375 399.98126220703125 393.681243896484375 387.26873779296875 380.868743896484375 372.26873779296875 363.412506103515625 357.412506103515625 351.48748779296875 350.54998779296875 352.212493896484375 353.82501220703125 351.21875 345.412506103515625 338.29998779296875 328.412506103515625 318.149993896484375 307.818756103515625 297.16876220703125 293.912506103515625 298.431243896484375 306.39373779296875 310.493743896484375 307.54998779296875 299.431243896484375 289.40625 281.725006103515625 274.46875 267.418731689453125 265.48748779296875
251.368743896484375 271.318756103515625 293.45623779296875 317.29998779296875 341.431243896484375 363.024993896484375 386.350006103515625 410.649993896484375 427.09375 423.625 412.162506103515625 400.399993896484375 386.66876220703125 388.837493896484375 395.100006103515625 397.45623779296875 396.92498779296875 391.78125 383.36248779296875 375.181243896484375 364.5 353.350006103515625 344.8125 338.506256103515625 336.09375 338.024993896484375 341.087493896484375 342.03125 339.443756103515625 336.26873779296875 331.318756103515625 324.506256103515625 318.13751220703125 312.79376220703125 312.15625 316.45001220703125 320.07501220703125 317.21875 309.725006103515625 300.037506103515625 289.681243896484375 280.95001220703125 273.274993896484375 265.462493896484375 264.962493896484375
261.306243896484375 280.38751220703125 301.26873779296875 326.181243896484375 352.725006103515625 373.649993896484375 392.98126220703125 411.8125 421.806243896484375 420.681243896484375 413.63751220703125 401.287506103515625 392.631256103515625 391.149993896484375 392.86248779296875 395.875 395.306243896484375 390.51873779296875 382.662506103515625 371.306243896484375 356.756256103515625 342.9375 330.899993896484375 321.318756103515625 320.587493896484375 327.0625 330.756256103515625 335.431243896484375 335.662506103515625 337.693756103515625 335.59375 331.54998779296875 328.51251220703125 325.45623779296875 324.037506103515625 322.631256103515625 322.64373779296875 318.287506103515625 309.431243896484375 300.65625 290.32501220703125 280.862518310546875 271.274993896484375 265.068756103515625 261.399993896484375
276.243743896484375 296.056243896484375 314.399993896484375 338.993743896484375 363.193756103515625 381.381256103515625 397.625 412.29376220703125 418.16876220703125 417.61248779296875 413.1875 406.131256103515625 400.11248779296875 396.431243896484375 396.318756103515625 398.568756103515625 396.631256103515625 392.168731689453125 384.662506103515625 370.17498779296875 354.54376220703125 335.39373779296875 317.318756103515625 303.39373779296875 306.01873779296875 317.11248779296875 326.14373779296875 331.13751220703125 334.35626220703125 339.29376220703125 340.774993896484375 340.475006103515625 339.51251220703125 335.20623779296875 330.912506103515625 326.34375 322.98126220703125 317.443756103515625 309.337493896484375 300.14373779296875 290.45001220703125 280.024993896484375 268.04376220703125 260.806243896484375 258.03125
298.03125 314.85626220703125 332.76873779296875 352.91876220703125 373.006256103515625 387.837493896484375 399.89373779296875 410.48126220703125 414.83123779296875 416.66876220703125 415.993743896484375 411.931243896484375 408.087493896484375 405.73748779296875 405.64373779296875 405.912506103515625 405.67498779296875 398.756256103515625 388.868743896484375 375.61248779296875 356.337493896484375 334.806243896484375 310.625 294.25 302.0625 313.475006103515625 323.83123779296875 329.11248779296875 333.412506103515625 339.475006103515625 343.443756103515625 346.875 347.712493896484375 340.75 333.618743896484375 327.649993896484375 322.943756103515625 316.15625 308.600006103515625 300.481231689453125 289.975006103515625 278.96875 266.274993896484375 257.71875 261.350006103515625
322.65625 338.100006103515625 353.287506103515625 369.70001220703125 384.087493896484375 394.600006103515625 405.39373779296875 412.98126220703125 416.36248779296875 418.67498779296875 418.34375 416.32501220703125 415.20623779296875 414.693756103515625 414.60626220703125 414.274993896484375 414.29998779296875 409.60626220703125 399.66876220703125 386.23748779296875 367.03125 344.662506103515625 326.493743896484375 312.4375 313.024993896484375 320.03125 327.306243896484375 332.399993896484375 335.67498779296875 339.90625 343.475006103515625 345.85626220703125 346 339.243743896484375 332.26873779296875 326.17498779296875 319.306243896484375 313.34375 307.243743896484375 301.26251220703125 294.162506103515625 282.462493896484375 267.20623779296875 258.46875 269.993743896484375
346.225006103515625 361.03125 373.193756103515625 384.54376220703125 397.381256103515625 404.118743896484375 409.45623779296875 414.84375 418.306243896484375 419.98126220703125 421.60626220703125 421.65625 421.90625 423.46875 425.256256103515625 426.95001220703125 429.28125 424.91876220703125 416.54376220703125 404.07501220703125 385.024993896484375 363.84375 347.76251220703125 333.09375 329.774993896484375 330.537506103515625 333.82501220703125 336.912506103515625 338.693756103515625 341.65625 342.51251220703125 342.63751220703125 341.67498779296875 336.32501220703125 330.16876220703125 323.71875 315.76873779296875 309.475006103515625 304.20623779296875 298.5 295.237518310546875 284.131256103515625 269.818756103515625 268.04376220703125 282.306243896484375
363.98748779296875 376.95001220703125 385.6875 393.82501220703125 403.118743896484375 406.287506103515625 410.5625 414.91876220703125 418.256256103515625 419.837493896484375 422.112518310546875 425.337493896484375 429.16876220703125 432.88751220703125 436.350006103515625 439.89373779296875 443.53125 446.568756103515625 441.23748779296875 425.76873779296875 405.61248779296875 385.71875 368.943756103515625 354.0625 345.67498779296875 342.493743896484375 342.375 341.66876220703125 340.256256103515625 340.943756103515625 341.03125 339.1875 336.881256103515625 333.568756103515625 328.256256103515625 320.412506103515625 311.73748779296875 305.25 297.07501220703125 291.287506103515625 288.731231689453125 285.881256103515625 279.73126220703125 282.9375 290.993743896484375
377.787506103515625 388.524993896484375 394.42498779296875 401.068756103515625 408.09375 408.681243896484375 412.79376220703125 415.84375 418.29376220703125 420.20623779296875 423.243743896484375 427.412506103515625 433.475006103515625 438.225006103515625 444.17498779296875 450.95623779296875 459.76251220703125 465 465.693756103515625 449.79998779296875 428.17498779296875 406.256256103515625 389.693756103515625 372.625 360 354.54998779296875 349.850006103515625 345 341.631256103515625 340.625 339.78125 338.36248779296875 335.45001220703125 331.76873779296875 326.662506103515625 316.98748779296875 307.66876220703125 300.868743896484375 291.54998779296875 280.42498779296875 279.899993896484375 285.76873779296875 288.850006103515625 294.11248779296875 302.58123779296875
386.65625 395.59375 399.381256103515625 403.75 409.32501220703125 409.16876220703125 412.625 414.087493896484375 416.087493896484375 418.29998779296875 421.850006103515625 427.28125 433.850006103515625 442.368743896484375 451.64373779296875 461.506256103515625 468.318756103515625 473.58123779296875 474.8125 465.41876220703125 443.868743896484375 424.368743896484375 405.850006103515625 386.8125 374.587493896484375 364.66876220703125 355.818756103515625 349.51873779296875 342.337493896484375 340.90625 339.82501220703125 337.868743896484375 333.48748779296875 329.375 324.11248779296875 314.14373779296875 305.5625 297.306243896484375 286.181243896484375 278.58123779296875 281.67498779296875 292 299.774993896484375 310.83123779296875 322.38751220703125
380.95623779296875 389.53125 392.962493896484375 396.96875 400.82501220703125 402.41876220703125 404.13751220703125 405.04998779296875 406.53125 411.04376220703125 419.899993896484375 426.556243896484375 436.506256103515625 450.39373779296875 460.25 469.212493896484375 474.91876220703125 480.42498779296875 480 473.28125 456.725006103515625 438.493743896484375 419.76251220703125 402.524993896484375 388.524993896484375 376.41876220703125 364.88751220703125 355.475006103515625 347.35626220703125 343.85626220703125 341.20623779296875 338.03125 334.037506103515625 329.712493896484375 323.39373779296875 315.42498779296875 306.925018310546875 297.78125 289.3125 289.26873779296875 293.45001220703125 303.762481689453125 314.73126220703125 327.73126220703125 347.54376220703125
372.45623779296875 380.13751220703125 385.618743896484375 390.08123779296875 394.006256103515625 394.368743896484375 394.725006103515625 395.431243896484375 397.162506103515625 402.45001220703125 412.662506103515625 425.5625 439.41876220703125 453.10626220703125 462.88751220703125 473.556243896484375 482.131256103515625 486.399993896484375 484.193756103515625 478.662506103515625 465.76251220703125 449.04998779296875 432.90625 414.306243896484375 399.693756103515625 385.57501220703125 373 360.76251220703125 352.181243896484375 346.6875 341.67498779296875 338.5 335.04998779296875 330.28125 325.443756103515625 317.524993896484375 308.475006103515625 299.17498779296875 296.868743896484375 299.29998779296875 303.181243896484375 313.756256103515625 327.881256103515625 342.725006103515625 365.149993896484375
363.90625 371.806243896484375 378.056243896484375 382.431243896484375 384.5 385.38751220703125 384.54376220703125 385.837493896484375 386.10626220703125 390.631256103515625 403.79998779296875 422.01251220703125 441.287506103515625 457.78125 470.212493896484375 479.20001220703125 488 491.41876220703125 489.41876220703125 484.212493896484375 473.3125 457.1875 441.350006103515625 422.46875 408.10626220703125 394.225006103515625 379.11248779296875 366.3125 354.59375 348.71875 343.943756103515625 339.693756103515625 335.66876220703125 331.61248779296875 326.131256103515625 317.5 308.71875 303.71875 304.4375 307.4375 312.16876220703125 321.26873779296875 334.743743896484375 349.82501220703125 368.725006103515625
355.04998779296875 361.712493896484375 367.243743896484375 371.57501220703125 374.225006103515625 374.681243896484375 375.03125 374.01251220703125 372.1875 376.76251220703125 390.66876220703125 412.61248779296875 438.087493896484375 459.943756103515625 473.431243896484375 484.73748779296875 492.881256103515625 495.34375 494.774993896484375 491.09375 479 462.29376220703125 445.23748779296875 427.881256103515625 413.100006103515625 398.90625 383.48748779296875 370.649993896484375 358.60626220703125 351.21875 345.787506103515625 339.962493896484375 335.03125 332.1875 327.23126220703125 319.26251220703125 313.850006103515625 309.76251220703125 309.73126220703125 313.756256103515625 319.506256103515625 327.524993896484375 337.76873779296875 351.95001220703125 365.899993896484375
344.67498779296875 351.443756103515625 357.212493896484375 361.3125 365.04998779296875 366.943756103515625 367.056243896484375 366.037506103515625 361.75 360.70623779296875 379.13751220703125 411.36248779296875 440 461.693756103515625 477.61248779296875 488.76873779296875 496.66876220703125 498.256256103515625 498.26251220703125 491.86248779296875 480.03125 463.443756103515625 446.95001220703125 428.556243896484375 413.73748779296875 400.443756103515625 385.631256103515625 374.08123779296875 361.73126220703125 353.975006103515625 346.70001220703125 339.5 336.1875 333.98748779296875 329.206268310546875 323.600006103515625 319.4375 316.506256103515625 317.11248779296875 318.96875 323.01251220703125 329.9375 339.15625 350.962493896484375 362.51873779296875
335.5 342.493743896484375 347.76873779296875 352.60626220703125 358.03125 361.70623779296875 363.45623779296875 362.725006103515625 361.23126220703125 358.181243896484375 388.131256103515625 422.943756103515625 446.962493896484375 467.39373779296875 481.09375 492.76873779296875 498.79998779296875 498.95001220703125 496.45623779296875 488.29998779296875 473.850006103515625 458.17498779296875 444.506256103515625 426.59375 412.681243896484375 400.92498779296875 386.681243896484375 376.412506103515625 365.243743896484375 356.40625 346.95001220703125 338.399993896484375 335.712493896484375 334.618743896484375 330.09375 327.149993896484375 324.056243896484375 320.3125 322.256256103515625 324.90625 326.306243896484375 332.743743896484375 338.899993896484375 345.056243896484375 354.556243896484375
327.46875 334.243743896484375 340.625 346.54376220703125 352.79998779296875 356.84375 362.14373779296875 365.850006103515625 373.29998779296875 391.59375 426.04376220703125 443.712493896484375 457.65625 473.25 485.493743896484375 495.20001220703125 500.0625 497.42498779296875 491.46875 481.11248779296875 463.850006103515625 448.08123779296875 434.712493896484375 419.35626220703125 407.287506103515625 397.6875 385.92498779296875 375.912506103515625 366.274993896484375 357.29376220703125 348.48748779296875 338.41876220703125 335.024993896484375 334.212493896484375 333.46875 329.90625 326.443756103515625 324.57501220703125 324.6875 325.17498779296875 325.975006103515625 331.84375 336.07501220703125 341.40625 347.70001220703125
320.39373779296875 327.181243896484375 334.199981689453125 340.256256103515625 348.068756103515625 356.20001220703125 362.681243896484375 373.03125 386.462493896484375 405.756256103515625 430.087493896484375 450.568756103515625 466.306243896484375 479.600006103515625 491.243743896484375 498.818756103515625 502.33123779296875 496.556243896484375 486.29376220703125 474.59375 454.875 437.975006103515625 422.5625 408.71875 400.056243896484375 392.725006103515625 382.3125 374.618743896484375 366.15625 356.631256103515625 346.21875 338.850006103515625 338.425018310546875 336.79376220703125 335.67498779296875 333.412506103515625 329.318756103515625 326.96875 327.5625 325.36248779296875 324.28125 328.868743896484375 332.087493896484375 335.48126220703125 340.33123779296875
