data/historical-monthly-weather-data/wc2.1_cruts4.09_10m_prec_1991-08.asc
ncols        45
nrows        45
xllcorner    -63.500000000000
yllcorner    -7.500000000000
cellsize     0.166666666667
NODATA_value -9999
[rows 19 to 37 of 45, columns 0 to 43 of 45]
113.93125152587890625 113.2687530517578125 111.4250030517578125 110.43125152587890625 108.1875 106.03125 102.72499847412109375 98.81874847412109375 96.69374847412109375 92.88124847412109375 88.0749969482421875 81.16249847412109375 71.625 62.481250762939453125 55.3125 48.387500762939453125 40.71250152587890625 38.28125 37.706249237060546875 39.43125152587890625 40.887500762939453125 44.706249237060546875 52.49375152587890625 61.5 69.6750030517578125 75.36875152587890625 79.4187469482421875 80.7375030517578125 79.1875 73.5187530517578125 72.8937530517578125 85.375 97.7062530517578125 113 130.287506103515625 143.2375030517578125 153.5687408447265625 162.881256103515625 164.0437469482421875 158.6374969482421875 146.5749969482421875 135.212493896484375 126.53749847412109375 118.40000152587890625
103.22499847412109375 105.1875 105.80625152587890625 105.34999847412109375 102.27500152587890625 100.3249969482421875 98.5187530517578125 95.9812469482421875 94.5 91.0124969482421875 87.25624847412109375 81.88124847412109375 72.47499847412109375 63.21875 55.08750152587890625 48.09999847412109375 41.50624847412109375 37.543750762939453125 37.799999237060546875 38.5 42.30625152587890625 47.481250762939453125 53.862499237060546875 63.50624847412109375 74.08750152587890625 79.25624847412109375 79.96250152587890625 81.2062530517578125 82.0625 82.78749847412109375 85.6875 94.0187530517578125 102.49375152587890625 113.3125 129.2375030517578125 140.875 153.34375 162.0812530517578125 161.225006103515625 157.056243896484375 146.53125 137.524993896484375 130.056243896484375 121.09999847412109375
96.4812469482421875 96.9250030517578125 98.4499969482421875 99.78749847412109375 98.7312469482421875 96.3562469482421875 95.8562469482421875 92.84999847412109375 92.25624847412109375 89.03125 87.3125 84.9250030517578125 80.3000030517578125 71.53749847412109375 62.15625 52.58750152587890625 47.11875152587890625 43.22499847412109375 42.09999847412109375 42.399997711181640625 43.63124847412109375 47.674999237060546875 53.90625 63.125 72.1374969482421875 79.1374969482421875 86.4812469482421875 87.78125 90.2312469482421875 90.8562469482421875 92.875 97.38124847412109375 104.5187530517578125 114.3562469482421875 123.4375 134.6062469482421875 149.0437469482421875 160.75 161.5500030517578125 156.46875 147.0749969482421875 138.274993896484375 129.1437530517578125 123.78125
90.27500152587890625 93.55625152587890625 96.25 96.5749969482421875 96.46250152587890625 94.68125152587890625 91.86875152587890625 88.84375 89.6875 90 90.90625 90.8625030517578125 89.4375 81.5812530517578125 69.96875 59.325000762939453125 51.549999237060546875 47.43125152587890625 45.53749847412109375 44.668750762939453125 46.06874847412109375 49.71875 54.88124847412109375 61.15625 71.6125030517578125 81.40000152587890625 88.8937530517578125 93.72499847412109375 95.2687530517578125 93.8625030517578125 95.0187530517578125 99.4499969482421875 105.4562530517578125 111.3312530517578125 117.2062530517578125 122.3125 136 154.181243896484375 159.318756103515625 153.649993896484375 146.6687469482421875 137.068756103515625 128.618743896484375 123
86.3562469482421875 90.75 94.44374847412109375 93.1125030517578125 92.21250152587890625 91.15625 90.28125 89.2687530517578125 87.61875152587890625 89.3249969482421875 91.31874847412109375 95.2375030517578125 95.99375152587890625 87.5749969482421875 75.9250030517578125 65.22499847412109375 57.28125 52.34999847412109375 49.4375 48.31874847412109375 49.543750762939453125 52.375 55.799999237060546875 63.21875 72.19374847412109375 80.1875 89.5812530517578125 92.63124847412109375 95.75 96.1999969482421875 97.99375152587890625 101.09999847412109375 106.3562469482421875 108.8562469482421875 112.65000152587890625 115.21875 126.55625152587890625 144.3874969482421875 151.2937469482421875 147.475006103515625 141.149993896484375 133.443756103515625 125.24375152587890625 118.8249969482421875
84.3625030517578125 88.22499847412109375 91.4187469482421875 92.34999847412109375 92.21875 90.625 88.8874969482421875 88.2624969482421875 88.2937469482421875 90.00624847412109375 90.90000152587890625 92.90000152587890625 93.27500152587890625 87.24375152587890625 77.80625152587890625 68.9499969482421875 61.65000152587890625 56.34375 52.875 51.34999847412109375 52.41249847412109375 54.206249237060546875 57.09375 64.08750152587890625 71.3125 80.31874847412109375 86.625 90.6999969482421875 94.4375 96.25 97.74375152587890625 100.1374969482421875 104.90000152587890625 109.13124847412109375 111.93125152587890625 114.28749847412109375 124.2312469482421875 134.2312469482421875 139.806243896484375 139.537506103515625 135.1125030517578125 129.6687469482421875 122.9875030517578125 117.74375152587890625
84.59999847412109375 87.875 88.53125 90.7375030517578125 89.59375 88.2937469482421875 86.9562530517578125 87.41249847412109375 86.1437530517578125 86.38124847412109375 87.4812469482421875 88.5812530517578125 88.2624969482421875 83.03125 76.78125 69.1999969482421875 63.25 58.793750762939453125 54.80625152587890625 53.53125 54.58750152587890625 55.575000762939453125 58.46250152587890625 63.90000152587890625 70.3625030517578125 77.94374847412109375 84.56874847412109375 89.05625152587890625 93.6687469482421875 96.4562530517578125 97.74375152587890625 100.2937469482421875 103.61875152587890625 107.16249847412109375 109.7687530517578125 114.7624969482421875 122 127.56874847412109375 132.7624969482421875 131.337493896484375 129.03125 124.65000152587890625 120.36875152587890625 116.99375152587890625
85.33750152587890625 86.46875 87.6125030517578125 88.41249847412109375 87.59999847412109375 86.34999847412109375 86.28749847412109375 85.28749847412109375 83.1437530517578125 84.34375 85.4250030517578125 83.8625030517578125 82.30625152587890625 78.4250030517578125 74.00624847412109375 68.09375 63.481250762939453125 59.34375 56.46875 54.237499237060546875 54.16249847412109375 55.58750152587890625 57.387500762939453125 63.36875152587890625 69.27500152587890625 74.3937530517578125 81.6437530517578125 86.66249847412109375 90.7937469482421875 92.84999847412109375 95.6437530517578125 97.21250152587890625 101.7687530517578125 105.83750152587890625 108.03125 113.0625 117.25624847412109375 122.5625 124.7062530517578125 123.4812469482421875 121.5500030517578125 118.74375152587890625 118.15625 113.9875030517578125
87.5749969482421875 84.86875152587890625 85.74375152587890625 86.2937469482421875 86.0500030517578125 84.02500152587890625 83.7062530517578125 83.06874847412109375 81.8937530517578125 82.00624847412109375 80.83750152587890625 78.6374969482421875 76.75 74.2375030517578125 69.9875030517578125 65.88124847412109375 62.75 59.362499237060546875 56.918750762939453125 54.700000762939453125 54.65625 54.34999847412109375 56.84375 62.03125 66.94374847412109375 70.8562469482421875 77.75 83.58750152587890625 88.38124847412109375 90.90625 92.5625 93.9499969482421875 98.71250152587890625 102.15625 107.0437469482421875 110.28749847412109375 112.875 116.94374847412109375 119.65625 119.91249847412109375 117.91249847412109375 117.125 116.8312530517578125 117.36875152587890625
86.88124847412109375 85.6374969482421875 84.65000152587890625 84.61875152587890625 82.4375 80.8562469482421875 79.58750152587890625 78.1374969482421875 78.88124847412109375 77.7062530517578125 76.41249847412109375 73.8562469482421875 71.61875152587890625 69.65000152587890625 66.6437530517578125 63.456249237060546875 61.5625 59.125 56.924999237060546875 55.200000762939453125 54.78125 54.31874847412109375 55.88124847412109375 59.862499237060546875 64.65625 67.78125 74.56874847412109375 79.97499847412109375 84.4812469482421875 86.9875030517578125 88.53125 90.7312469482421875 94.19374847412109375 97.25 102.59375 108.0124969482421875 111.81874847412109375 115.84999847412109375 118.44374847412109375 117.44374847412109375 113.5812530517578125 113.55625152587890625 115.2624969482421875 118.81874847412109375
85.4499969482421875 84.58750152587890625 83.00624847412109375 80.6999969482421875 79.05625152587890625 77.7624969482421875 76 75.7375030517578125 75.0187530517578125 73.21875 72.27500152587890625 70.28125 67.9375 65.55625152587890625 63.09375 60.450000762939453125 58.106250762939453125 57.043750762939453125 56.22499847412109375 53.58750152587890625 52.84375 53.11875152587890625 54.456249237060546875 57.90625 61.706249237060546875 66.06874847412109375 70.88124847412109375 75.6875 78.43125152587890625 80.84375 83.2687530517578125 86.375 90.0625 94.3562469482421875 99.9250030517578125 104.27500152587890625 111.5 116.96250152587890625 118.3937530517578125 120.6999969482421875 120.1875 119.0812530517578125 116.93125152587890625 118.4375
83.5812530517578125 81.71875 78.6125030517578125 77.375 77.6062469482421875 75.52500152587890625 74.0124969482421875 72.28125 70.75 68.9812469482421875 67.3312530517578125 66.72499847412109375 65.5437469482421875 63.16249847412109375 59.72499847412109375 57.25 56.075000762939453125 55.200000762939453125 54.75624847412109375 52.90000152587890625 51.793750762939453125 50.50624847412109375 51.28749847412109375 54.65625 58.174999237060546875 62.71875 66.18125152587890625 70.88124847412109375 74.3312530517578125 77.21875 80.2937469482421875 82.88124847412109375 86.25 91.1374969482421875 98.4875030517578125 102.81874847412109375 109.875 116.15625 120.96250152587890625 126.27500152587890625 126.34999847412109375 120.84375 116.65625 119.5124969482421875
80.90000152587890625 79.18125152587890625 75.94374847412109375 74.2937469482421875 74.71250152587890625 72.63124847412109375 70.5812530517578125 67.9375 66.63124847412109375 65.2624969482421875 63.674999237060546875 62.55625152587890625 60.65625 59.106250762939453125 56.637500762939453125 55.706249237060546875 54.00624847412109375 52.793750762939453125 51.59375 50.3125 49.50624847412109375 49.34375 48.956249237060546875 51.0625 54.74375152587890625 58.75 62.11875152587890625 66.55625152587890625 69.49375152587890625 72.09999847412109375 75.91249847412109375 78.3000030517578125 82.3562469482421875 88.21875 93.0500030517578125 97.3937530517578125 104.68125152587890625 112.06874847412109375 118.0187530517578125 123.7375030517578125 124.25624847412109375 118.8312530517578125 116.70624542236328125 116.0812530517578125
75.27500152587890625 73.1687469482421875 70.88124847412109375 69.9250030517578125 68.8562469482421875 66.63124847412109375 65.47499847412109375 63.674999237060546875 61.862499237060546875 61.174999237060546875 61.16249847412109375 58.862499237060546875 56.575000762939453125 55.643749237060546875 53.49375152587890625 52.768749237060546875 51.200000762939453125 50.3125 48.84375 47.43125152587890625 46.47499847412109375 45.856250762939453125 45.625 48.831249237060546875 52.25624847412109375 55.137500762939453125 58.77500152587890625 61.38124847412109375 64.8125 67.0749969482421875 70.71875 72.9375 77.05625152587890625 82.1750030517578125 87.28749847412109375 91.77500152587890625 98.7312469482421875 105.18125152587890625 110.6062469482421875 115.7937469482421875 115.96250152587890625 113.19374847412109375 111.2375030517578125 109.59375
69.46250152587890625 68.52500152587890625 66.41249847412109375 66.2312469482421875 63.075000762939453125 61.731250762939453125 61.21875 59.72499847412109375 57.94374847412109375 56.825000762939453125 56.19374847412109375 54.737499237060546875 53.424999237060546875 50.66249847412109375 49.674999237060546875 48.41249847412109375 47.799999237060546875 46.4375 44.793750762939453125 43.8125 43.16249847412109375 42.5625 42.612499237060546875 45.112499237060546875 48.69374847412109375 51.81874847412109375 55.24375152587890625 57.61875152587890625 61.700000762939453125 64.28749847412109375 66.97499847412109375 68.69374847412109375 71.72499847412109375 75.59999847412109375 81.09999847412109375 85.66249847412109375 92.1062469482421875 97.59375 102.47499847412109375 105.33750152587890625 108.28749847412109375 107.5500030517578125 105.53125 103.2312469482421875
64.78749847412109375 63.575000762939453125 62.125 60.52500152587890625 58.700000762939453125 57.450000762939453125 56.625 55.456249237060546875 52.981250762939453125 52.456249237060546875 51.81874847412109375 51.168750762939453125 49.11875152587890625 47.606250762939453125 46.58750152587890625 45.84375 45.075000762939453125 43.53125 41.862499237060546875 40.856250762939453125 40.362499237060546875 39.53749847412109375 39.11875152587890625 41.831249237060546875 44.78125 48.09375 51.481250762939453125 54.22499847412109375 58.418750762939453125 61.112499237060546875 62.30625152587890625 63.18125152587890625 66.21250152587890625 69.3874969482421875 73.9375 78.25624847412109375 82.77500152587890625 88.95624542236328125 93.7312469482421875 96.36875152587890625 97.8249969482421875 97.69374847412109375 97.6374969482421875 96.31874847412109375
60.52500152587890625 59.512500762939453125 57.375 55.375 53.768749237060546875 51.78125 50.424999237060546875 48.65625 47 46.77500152587890625 47.21250152587890625 46.36875152587890625 45.768749237060546875 44.6875 43.90625 43.52500152587890625 42.237499237060546875 41.1875 39.0625 37.80625152587890625 37.65000152587890625 37.793750762939453125 37.3125 39.737499237060546875 41.918750762939453125 44.31874847412109375 47.418750762939453125 51.643749237060546875 54.58750152587890625 56.27500152587890625 57.19374847412109375 58.03125 59.200000762939453125 62.862499237060546875 66.1687469482421875 68.71875 74.19374847412109375 79.71875 82.5625 86.1687469482421875 87.84999847412109375 89.7687530517578125 88.36875152587890625 88.09999847412109375
54.9375 53.78749847412109375 51.52500152587890625 49.887500762939453125 48.293750762939453125 46.68125152587890625 45.34375 44.125 42.19374847412109375 41.15625 42.950000762939453125 44.075000762939453125 44.106250762939453125 42.956249237060546875 42.481250762939453125 41.21250152587890625 39.825000762939453125 38.362499237060546875 36.637500762939453125 35 35.012500762939453125 35.36875152587890625 35.27500152587890625 37.49375152587890625 39.625 40.97499847412109375 44.55625152587890625 48.34375 50.200000762939453125 51.65000152587890625 52.8125 52.91249847412109375 54.49375152587890625 56.58750152587890625 59.31874847412109375 62.075000762939453125 66.8125 72.25 74.4812469482421875 77.7375030517578125 78.9562530517578125 80.9187469482421875 79.9499969482421875 80.46250152587890625
50.456249237060546875 49.581249237060546875 46.88124847412109375 45.71875 44.28125 42.450000762939453125 41.049999237060546875 39.674999237060546875 38.72499847412109375 37.61875152587890625 41.46250152587890625 43.05625152587890625 42.049999237060546875 41.74375152587890625 41.325000762939453125 39.6875 37.668750762939453125 35.731250762939453125 34.69374847412109375 33.05625152587890625 33.09999847412109375 33.112499237060546875 33.28749847412109375 35.174999237060546875 37.043750762939453125 38.737499237060546875 42.33750152587890625 46.06874847412109375 48.487499237060546875 49.21250152587890625 49.206249237060546875 50.018749237060546875 51.918750762939453125 52.112499237060546875 53.487499237060546875 55.418750762939453125 60.96250152587890625 66.4250030517578125 69.09375 72.02500152587890625 70.65000152587890625 70.97499847412109375 70.9812469482421875 71.25
