data/historical-monthly-weather-data/wc2.1_cruts4.09_10m_prec_1958-03.asc
ncols        51
nrows        45
xllcorner    -63.500000000000
yllcorner    -7.500000000000
cellsize     0.166666666667
NODATA_value -9999
[rows 20 to 39 of 45, columns 0 to 44 of 51]
336.618743896484375 342.462493896484375 348.48126220703125 354.78125 361.65625 369.70001220703125 376.556243896484375 380.66876220703125 382.33123779296875 379.45001220703125 373.693756103515625 370.399993896484375 368.056243896484375 367.274993896484375 354.243743896484375 335.04376220703125 317.568756103515625 302.931243896484375 292.318756103515625 281.32501220703125 267.693756103515625 253.53125 240.943756103515625 244.5437469482421875 251.3874969482421875 259.73748779296875 273.95001220703125 289.118743896484375 303.899993896484375 315.181243896484375 320.850006103515625 320.76251220703125 310.975006103515625 295.9375 281.28125 306.96875 342.60626220703125 364.931243896484375 376 380.256256103515625 380.5625 376.82501220703125 370.806243896484375 365.818756103515625 361.75
335.89373779296875 342.84375 351.868743896484375 359.899993896484375 368.600006103515625 379.26251220703125 388.51251220703125 395.40625 397.54376220703125 390.806243896484375 378.568756103515625 369.01873779296875 361.0625 356.125 346.318756103515625 333.59375 321.368743896484375 306.743743896484375 293.76873779296875 280.712493896484375 264.475006103515625 249.006256103515625 238.649993896484375 241.306243896484375 247.8874969482421875 257.631256103515625 275.306243896484375 291.037506103515625 305.78125 316.28125 320.943756103515625 321.14373779296875 314.431243896484375 306.51873779296875 304.631256103515625 322.1875 350.58123779296875 372.25 382.95623779296875 385.256256103515625 383.850006103515625 380.16876220703125 375.181243896484375 370.71875 367.425018310546875
339.3125 348.36248779296875 357.41876220703125 366.85626220703125 376.01251220703125 386.625 396.4375 407.993743896484375 413.9375 401.20623779296875 382.46875 364.36248779296875 349.943756103515625 343.837493896484375 339.04998779296875 331.337493896484375 321.26873779296875 306.850006103515625 292.32501220703125 277.95001220703125 261.14373779296875 244.3249969482421875 232.118743896484375 234.287506103515625 242.40625 253.837493896484375 272.6875 290.368743896484375 305.412506103515625 315.21875 321.600006103515625 326.86248779296875 328.568756103515625 328.96875 337.04376220703125 352.337493896484375 372.08123779296875 387.693756103515625 393.76873779296875 393.118743896484375 389.225006103515625 384.725006103515625 380.024993896484375 374.79376220703125 371.95623779296875
348.087493896484375 355.82501220703125 364.943756103515625 374.48126220703125 383.506256103515625 392.850006103515625 403.65625 414.493743896484375 417.868743896484375 401.9375 379.66876220703125 360.412506103515625 340.46875 334.931243896484375 333.0625 327.881256103515625 319.931243896484375 305.850006103515625 289.16876220703125 273.118743896484375 255.443756103515625 237.899993896484375 224.7624969482421875 226.6437530517578125 233.524993896484375 244.912506103515625 264.58123779296875 285.03125 302.931243896484375 316.48748779296875 328 337.399993896484375 344.39373779296875 351.9375 364.51873779296875 380.774993896484375 396.42498779296875 404.14373779296875 403.975006103515625 400.493743896484375 395.33123779296875 388.54998779296875 382.51251220703125 375.506256103515625 374.66876220703125
364.45001220703125 368.45623779296875 373.868743896484375 382.625 392.5 400.76873779296875 407.32501220703125 412.818756103515625 410.975006103515625 398.681243896484375 381.587493896484375 362.25 347.100006103515625 338.54376220703125 332.61248779296875 327.8125 319.600006103515625 305.181243896484375 288.29376220703125 269.506256103515625 249.6437530517578125 231.0749969482421875 216.350006103515625 215.975006103515625 223.756256103515625 238.1687469482421875 258.149993896484375 281.58123779296875 302.100006103515625 320.76251220703125 335.53125 348.537506103515625 360.36248779296875 371.943756103515625 385.13751220703125 395.60626220703125 407.64373779296875 413.86248779296875 411.256256103515625 408.11248779296875 402.087493896484375 393.287506103515625 383.54376220703125 377.92498779296875 372.51873779296875
386.98748779296875 389.10626220703125 389.037506103515625 395.41876220703125 400.912506103515625 405.92498779296875 409.350006103515625 410.89373779296875 405.975006103515625 395.274993896484375 381.443756103515625 367.212493896484375 354.462493896484375 343.975006103515625 336.36248779296875 330.71875 321.181243896484375 306.524993896484375 289.412506103515625 267.962493896484375 247.7937469482421875 226.149993896484375 208.056243896484375 204.6875 214.537506103515625 232.0812530517578125 256.07501220703125 279.95623779296875 303.337493896484375 325.087493896484375 343.95001220703125 361.649993896484375 377.23748779296875 389.04998779296875 400.4375 407.98748779296875 416.587493896484375 421.75 419.45001220703125 414.875 408.76873779296875 397.443756103515625 383.09375 374.98748779296875 370.65625
413.35626220703125 409.85626220703125 408.693756103515625 409.5 410.33123779296875 411.837493896484375 410.931243896484375 408.556243896484375 402.0625 393.5 382.86248779296875 370.45623779296875 358.618743896484375 348.38751220703125 340.993743896484375 334.07501220703125 326.28125 310.118743896484375 291.63751220703125 271.48126220703125 248.9250030517578125 225.8874969482421875 203.96875 199.068756103515625 212.556243896484375 230.524993896484375 255.6937408447265625 280.018768310546875 304.625 327.54998779296875 349.0625 371.256256103515625 390.82501220703125 401.8125 411.850006103515625 419.36248779296875 427.881256103515625 432.71875 430.71875 426.89373779296875 418.662506103515625 404.34375 386.681243896484375 374.70623779296875 378.63751220703125
442.350006103515625 435.443756103515625 430.506256103515625 426.88751220703125 421.493743896484375 418.368743896484375 416.243743896484375 410.824981689453125 403.050018310546875 394.5 383.63751220703125 371.993743896484375 361.34375 351.681243896484375 344.556243896484375 337.61248779296875 330.506256103515625 316.681243896484375 298.66876220703125 278.774993896484375 256.29376220703125 232.6437530517578125 214.6875 211.8937530517578125 221.0749969482421875 236.399993896484375 259.850006103515625 284.587493896484375 308.75 330.162506103515625 351.35626220703125 372.743743896484375 393.28125 406.40625 418.524993896484375 427.54376220703125 434.82501220703125 442.131256103515625 441.774993896484375 440.337493896484375 436.149993896484375 418.462493896484375 394.51251220703125 380.087493896484375 394.48126220703125
468.67498779296875 459.89373779296875 451.20001220703125 441.943756103515625 435.20623779296875 427.931243896484375 420.10626220703125 412.443756103515625 404.39373779296875 394.837493896484375 385.23126220703125 374.38751220703125 363.78125 354.875 349.45001220703125 344.431243896484375 339.45001220703125 326.26873779296875 309.79376220703125 290.818756103515625 268.375 245.3312530517578125 228.6687469482421875 226.256256103515625 233.6062469482421875 245.21875 266.4375 290.181243896484375 313.59375 334.03125 352.631256103515625 371.868743896484375 392.743743896484375 409.26251220703125 424.17498779296875 434.475006103515625 442.03125 450.28125 450.912506103515625 449.368743896484375 450.256256103515625 431.29376220703125 406.29376220703125 400.23126220703125 417.743743896484375
481.79376220703125 472.40625 461.40625 450.337493896484375 441.45623779296875 430.337493896484375 421.08123779296875 412.08123779296875 403.5625 393.54376220703125 384.100006103515625 375.524993896484375 367.34375 359.5 354.818756103515625 350.681243896484375 346.118743896484375 338.54376220703125 324.256256103515625 303.04998779296875 279.85626220703125 257.681243896484375 240.693756103515625 239.46875 244.7937469482421875 254.96875 274.48126220703125 295.79376220703125 316.875 335.493743896484375 353.51873779296875 370.89373779296875 391.58123779296875 412.16876220703125 429.98126220703125 440.912506103515625 449.943756103515625 460.34375 457.28125 456.068756103515625 458.431243896484375 451.42498779296875 437.70001220703125 438.58123779296875 446.462493896484375
488.23126220703125 478.65625 466.70001220703125 456.32501220703125 447.006256103515625 433.037506103515625 423.212493896484375 412.537506103515625 402.79998779296875 392.662506103515625 383.506256103515625 375.25 368.45001220703125 360.837493896484375 357.46875 355.13751220703125 353.850006103515625 347.75 337.76873779296875 316.225006103515625 292.03125 268.54998779296875 251.912506103515625 250.712493896484375 254.7312469482421875 264.79376220703125 281.693756103515625 300.181243896484375 319.993743896484375 337.33123779296875 354.63751220703125 372.79998779296875 394.318756103515625 416.1875 436.125 447.11248779296875 457.89373779296875 470.26251220703125 466.13751220703125 456.756256103515625 463.024993896484375 469.881256103515625 470.28125 474.012481689453125 482.35626220703125
488.662506103515625 479.73126220703125 467.756256103515625 457.21875 448.368743896484375 433.65625 422.975006103515625 410.53125 400 389.76873779296875 380.66876220703125 373.07501220703125 366.118743896484375 361.01251220703125 359.59375 358.90625 355.35626220703125 349.29998779296875 339.881256103515625 323.17498779296875 299.32501220703125 277.649993896484375 260.01873779296875 258.79376220703125 264.524993896484375 272.65625 287.125 305.037506103515625 321.899993896484375 339.381256103515625 356.90625 375.024993896484375 396.318756103515625 419.274993896484375 440.806243896484375 453.681243896484375 468.10626220703125 480.537506103515625 474.131256103515625 470.962493896484375 484.087493896484375 498.774993896484375 507 520.3062744140625 533.625
474.45001220703125 467.73126220703125 457.037506103515625 447.65625 438.36248779296875 426.381256103515625 414.60626220703125 402.225006103515625 390.78125 382.1875 377.26873779296875 369.9375 365.056243896484375 363.40625 361.662506103515625 359.462493896484375 354.462493896484375 348.86248779296875 338.743743896484375 324.45623779296875 304.60626220703125 284.29998779296875 266.91876220703125 267.006256103515625 271.60626220703125 278.287506103515625 291.42498779296875 307.493743896484375 324.412506103515625 341.556243896484375 359.306243896484375 377.931243896484375 401.212493896484375 425.399993896484375 447.024993896484375 464.51251220703125 480.90625 493.693756103515625 492.29998779296875 502.774993896484375 519.1875 536.1937255859375 552.4375 571.6500244140625 600.3187255859375
457.39373779296875 452.243743896484375 445.506256103515625 438.056243896484375 430.14373779296875 417.681243896484375 405.350006103515625 393.46875 381.83123779296875 373.40625 369.17498779296875 366.587493896484375 364.068756103515625 361.368743896484375 358.85626220703125 357.26251220703125 353.818756103515625 347.618743896484375 336.82501220703125 323.98126220703125 307.274993896484375 288.58123779296875 273.34375 272.39373779296875 276.306243896484375 281.375 294.287506103515625 308.712493896484375 326.10626220703125 343.21875 360.58123779296875 381.193756103515625 406.649993896484375 431.78125 456.9375 476.306243896484375 493.649993896484375 507.76251220703125 517.79376220703125 533.5625 550.8187255859375 571.01873779296875 596.08123779296875 621.76251220703125 657.13751220703125
440.256256103515625 437.70623779296875 433.318756103515625 427.037506103515625 418.29376220703125 407.29376220703125 394.54998779296875 383.96875 370.693756103515625 361.287506103515625 359.45001220703125 360.881256103515625 362.131256103515625 360.837493896484375 359.57501220703125 355.84375 351.931243896484375 345.537506103515625 335.54998779296875 323.631256103515625 309.087493896484375 291.58123779296875 277.112518310546875 275.67498779296875 279.26251220703125 284.125 295.443756103515625 309.86248779296875 325.08123779296875 343.6875 363.4375 385.056243896484375 411.26251220703125 438.631256103515625 464.20001220703125 483.78125 502.743743896484375 525.39373779296875 541.57501220703125 559.33123779296875 579.3125 599.4437255859375 626.4937744140625 655.79998779296875 686.96875
422.32501220703125 419.412506103515625 414.84375 409.0625 401.568756103515625 390.76251220703125 379.993743896484375 367.9375 353.48748779296875 344.993743896484375 344.57501220703125 349.274993896484375 355.48748779296875 358.07501220703125 356.54376220703125 353.40625 348.181243896484375 341.92498779296875 334.087493896484375 324.399993896484375 310.681243896484375 294.45001220703125 280.443756103515625 279.149993896484375 281.318756103515625 284.85626220703125 294.98748779296875 308.443756103515625 322.85626220703125 342.162506103515625 363.98126220703125 386.48748779296875 412.162506103515625 441.20001220703125 467.462493896484375 486.91876220703125 509.98126220703125 533.23126220703125 548.33123779296875 568.2874755859375 590.70001220703125 610.8375244140625 634.21246337890625 664.3812255859375 688.9437255859375
402.51873779296875 400.64373779296875 396.83123779296875 391.1875 385.287506103515625 376.63751220703125 366.337493896484375 355.024993896484375 339.13751220703125 326.51873779296875 330.96875 344.4375 352.89373779296875 354.875 354.04376220703125 349.649993896484375 343.431243896484375 337.537506103515625 331.29998779296875 321.16876220703125 309.443756103515625 295.100006103515625 282.787506103515625 279.837493896484375 280.649993896484375 283.506256103515625 292.79376220703125 305.931243896484375 319.33123779296875 340.42498779296875 363.25 386.881256103515625 414.91876220703125 444.84375 471.162506103515625 492.79998779296875 516.3125 540.1312255859375 556.4312744140625 572.8125 592.5687255859375 612.5562744140625 636.2562255859375 664.36248779296875 687.0374755859375
385.20001220703125 384.368743896484375 380.337493896484375 375.79998779296875 371.95623779296875 365.556243896484375 357.337493896484375 346.76251220703125 334.100006103515625 320.21875 334.868743896484375 349.95001220703125 353.993743896484375 354.5 351.0625 346.09375 338.024993896484375 332.068756103515625 325.381256103515625 315.45001220703125 303.837493896484375 291.92498779296875 282.743743896484375 279.14373779296875 279.243743896484375 281.86248779296875 290.13751220703125 302.875 316.306243896484375 338.10626220703125 361.018768310546875 385.23126220703125 413.993743896484375 444.962493896484375 471.087493896484375 495.068756103515625 518.5875244140625 539.46875 558.0562744140625 576.0875244140625 591.4625244140625 612.13751220703125 631.9124755859375 651.1812744140625 671.9625244140625
375.58123779296875 374.625 371.61248779296875 367.962493896484375 364.63751220703125 358.037506103515625 352.6875 345.725006103515625 340.51251220703125 344.524993896484375 361.3125 360.86248779296875 356.537506103515625 353.368743896484375 349.0625 342.98748779296875 334.600006103515625 327.51251220703125 319.32501220703125 308.92498779296875 297.256256103515625 287.087493896484375 279.493743896484375 276.79376220703125 277.100006103515625 280.10626220703125 288.318756103515625 299.243743896484375 312.04376220703125 332.6875 355.45001220703125 377.16876220703125 402.881256103515625 431.662506103515625 460.668731689453125 481.9375 502.85626220703125 524.91876220703125 540.0999755859375 554.26873779296875 568.3812255859375 587.4312744140625 603.08123779296875 620.1624755859375 634.04376220703125
368.056243896484375 367.149993896484375 364.5625 360.712493896484375 358.493743896484375 355.1875 350.118743896484375 348.412506103515625 347.462493896484375 350.962493896484375 357.818756103515625 359.587493896484375 356.88751220703125 352.29376220703125 347.9375 340.925018310546875 332.28125 323.79998779296875 313.537506103515625 303.162506103515625 291.587493896484375 282.399993896484375 274.79376220703125 272.375 274.03125 277.556243896484375 284.774993896484375 295.35626220703125 306.993743896484375 325.58123779296875 345.28125 368.274993896484375 394.899993896484375 420.118743896484375 446.04376220703125 467.17498779296875 485.29376220703125 504.743743896484375 520.36248779296875 530.07501220703125 540.8375244140625 556.73126220703125 569.79998779296875 582.42498779296875 592.4937744140625
