data/historical-monthly-weather-data/wc2.1_cruts4.09_10m_prec_2001-08.asc
ncols        45
nrows        45
xllcorner    -63.500000000000
yllcorner    -7.500000000000
cellsize     0.166666666667
NODATA_value -9999
[rows 19 to 37 of 45, columns 0 to 42 of 45]
58.59375 57.768749237060546875 56.08750152587890625 54.768749237060546875 52.950000762939453125 51.53749847412109375 49.668750762939453125 47.65000152587890625 47.41249847412109375 46.450000762939453125 44.668750762939453125 40.13124847412109375 34.231250762939453125 28.8125 24.831249237060546875 21.15625 17.381250381469726562 16.256250381469726562 15.987500190734863281 16.887500762939453125 18.931249618530273438 22.481250762939453125 28.162500381469726562 33.5 38.206249237060546875 41.47499847412109375 43.15000152587890625 43.21250152587890625 41.84375 38.5 37.86875152587890625 43.825000762939453125 48.075000762939453125 53.075000762939453125 58.706249237060546875 62.825000762939453125 65.7937469482421875 68.3874969482421875 68.46250152587890625 65.96875 60.799999237060546875 56.387500762939453125 53.125
52.362499237060546875 52.93125152587890625 52.393749237060546875 51.22499847412109375 48.86875152587890625 47.543750762939453125 46.356250762939453125 45.00624847412109375 45.05625152587890625 44.25624847412109375 43.0625 39.637500762939453125 34.15625 28.962499618530273438 24.5625 20.862499237060546875 17.53125 15.743749618530273438 15.806249618530273438 16.256250381469726562 19.162500381469726562 23.15625 27.881250381469726562 33.40625 39.27500152587890625 42.18125152587890625 42.03749847412109375 42.125 42.081249237060546875 42.3125 43.71875 47.59999847412109375 49.731250762939453125 52.487499237060546875 57.38124847412109375 60.918750762939453125 64.8125 67.2062530517578125 66.49375152587890625 64.56874847412109375 60.125 56.65000152587890625 53.8125
48.30625152587890625 48.168750762939453125 47.97499847412109375 47.543750762939453125 46.03125 44.49375152587890625 43.91249847412109375 42.33750152587890625 42.737499237060546875 42.05625152587890625 41.887500762939453125 40.231250762939453125 37.36875152587890625 32.65000152587890625 27.59375 22.65625 19.700000762939453125 17.956251144409179688 17.443750381469726562 17.6875 19.3125 22.481250762939453125 26.774999618530273438 31.893749237060546875 36.862499237060546875 40.66249847412109375 43.981250762939453125 44.143749237060546875 44.97499847412109375 45.40625 46.61875152587890625 48.768749237060546875 50.16249847412109375 52.325000762939453125 54.106250762939453125 57.487499237060546875 62.293750762939453125 65.94374847412109375 65.94374847412109375 63.674999237060546875 59.74375152587890625 56.299999237060546875 52.72499847412109375
44.481250762939453125 45.768749237060546875 46.018749237060546875 45.00624847412109375 43.831249237060546875 42.55625152587890625 40.94374847412109375 39.38124847412109375 40.399997711181640625 41.331249237060546875 42.418750762939453125 42.19374847412109375 41.174999237060546875 37.15625 31.018749237060546875 25.462499618530273438 21.456249237060546875 19.581249237060546875 18.731250762939453125 18.431249618530273438 19.950000762939453125 22.6875 26.206251144409179688 29.75 35.27500152587890625 40.450000762939453125 43.825000762939453125 45.768749237060546875 46.25624847412109375 45.96875 47.012500762939453125 49.28749847412109375 50.08750152587890625 50.362499237060546875 50.75 51.63124847412109375 56.168750762939453125 62.518749237060546875 64.2937469482421875 61.83750152587890625 58.91249847412109375 55.13124847412109375 51.80625152587890625
41.30625152587890625 42.856250762939453125 43.6875 42.06874847412109375 40.75624847412109375 39.950000762939453125 39.362499237060546875 38.8125 38.78125 40.393749237060546875 42.06874847412109375 44 44.33750152587890625 40.299999237060546875 34.08750152587890625 28.387500762939453125 24.1875 21.887500762939453125 20.5625 20.106250762939453125 21.4375 23.668750762939453125 26.1875 30.168750762939453125 34.86875152587890625 39.012500762939453125 43.38124847412109375 44.581249237060546875 45.956249237060546875 46.75624847412109375 48.28749847412109375 50.05625152587890625 50.387500762939453125 49.03125 48.4375 48.11875152587890625 51.53749847412109375 57.543750762939453125 60.018749237060546875 58.393749237060546875 55.8125 52.893749237060546875 49.78749847412109375
39.012500762939453125 40.012500762939453125 40.69374847412109375 40.325000762939453125 39.5625 38.72499847412109375 37.91249847412109375 37.6875 38.47499847412109375 40.15000152587890625 41.450000762939453125 42.78125 43.3125 40.66249847412109375 35.456249237060546875 30.493749618530273438 26.481250762939453125 23.931249618530273438 22.274999618530273438 21.556249618530273438 22.731250762939453125 24.34375 26.462499618530273438 30.100000381469726562 33.80625152587890625 38.325000762939453125 41.27500152587890625 43.09999847412109375 44.88124847412109375 46.5 48.0625 49.581249237060546875 49.63124847412109375 48.981250762939453125 47.856250762939453125 47.237499237060546875 49.84375 52.50624847412109375 54.450000762939453125 54.262500762939453125 52.512500762939453125 50.61875152587890625 48.25
37.84375 38.3125 38.00624847412109375 38.375 37.40625 36.84999847412109375 36.38124847412109375 36.731250762939453125 36.987499237060546875 37.987499237060546875 39.387500762939453125 40.55625152587890625 41 38.97499847412109375 35.325000762939453125 30.987499237060546875 27.556249618530273438 25.350000381469726562 23.431249618530273438 22.774999618530273438 23.806249618530273438 24.931249618530273438 26.881250381469726562 29.681249618530273438 32.90625 36.637500762939453125 39.80625152587890625 41.94374847412109375 44.28749847412109375 46.46875 48.043750762939453125 49.74375152587890625 48.956249237060546875 47.88124847412109375 46.55625152587890625 46.887500762939453125 48.18125152587890625 48.96875 50.72499847412109375 50.143749237060546875 49.262500762939453125 47.887500762939453125 46.53125
37.44374847412109375 36.99375152587890625 37.012500762939453125 36.956249237060546875 36.299999237060546875 35.86875152587890625 36.00624847412109375 35.81874847412109375 35.49375152587890625 36.637500762939453125 37.731250762939453125 37.44374847412109375 37.11875152587890625 35.58750152587890625 33.16249847412109375 30 27.543750762939453125 25.774999618530273438 24.618749618530273438 23.8125 24.387500762939453125 25.681249618530273438 27.131250381469726562 30.118749618530273438 32.97499847412109375 35.46875 39.00624847412109375 41.46250152587890625 43.58750152587890625 45.375 47.581249237060546875 48.65000152587890625 48.06874847412109375 46.81874847412109375 44.956249237060546875 45.1875 45.237499237060546875 45.90000152587890625 46.49375152587890625 46.043750762939453125 45.331249237060546875 44.53749847412109375 44.581249237060546875
37.75624847412109375 35.75624847412109375 35.80625152587890625 35.77500152587890625 35.487499237060546875 34.84999847412109375 34.96250152587890625 34.97499847412109375 34.77500152587890625 35.137500762939453125 34.9375 34.08750152587890625 33.31874847412109375 32.268749237060546875 30.3125 28.431249618530273438 27.012500762939453125 25.924999237060546875 25.306249618530273438 24.8125 25.4375 25.950000762939453125 27.75 30.28125 32.59375 34.450000762939453125 37.84999847412109375 40.77500152587890625 43.28749847412109375 45.168750762939453125 46.69374847412109375 47.47499847412109375 46.643749237060546875 44.69374847412109375 43.606250762939453125 43.075000762939453125 42.49375152587890625 42.706249237060546875 43.49375152587890625 43.606250762939453125 42.93125152587890625 42.83750152587890625 42.96875
37.137500762939453125 35.799999237060546875 35.15625 35.00624847412109375 34.02500152587890625 33.58750152587890625 33.34375 32.99375152587890625 33.36875152587890625 32.875 32.331249237060546875 31.112501144409179688 29.981250762939453125 29.037500381469726562 27.924999237060546875 26.787500381469726562 26.268749237060546875 25.899999618530273438 25.674999237060546875 25.649999618530273438 26.181249618530273438 26.662500381469726562 28.043750762939453125 29.987499237060546875 32.231250762939453125 33.6875 37.13124847412109375 39.950000762939453125 42.331249237060546875 44.06874847412109375 45.3125 46.293750762939453125 44.49375152587890625 42.09999847412109375 40.97499847412109375 41.237499237060546875 41.09999847412109375 41.237499237060546875 41.956249237060546875 41.606250762939453125 40.25 40.40000152587890625 41.200000762939453125
38.075000762939453125 36.8125 35.77500152587890625 34.549999237060546875 33.61875152587890625 33.043750762939453125 32.293750762939453125 32.15625 31.699998855590820312 30.756250381469726562 30.1875 29.15625 28.006250381469726562 26.887500762939453125 26.012500762939453125 25.100000381469726562 24.350000381469726562 24.549999237060546875 24.899999618530273438 24.443750381469726562 24.962499618530273438 25.96875 27.450000762939453125 29.487499237060546875 31.618749618530273438 34.06874847412109375 36.856250762939453125 39.63124847412109375 41.28749847412109375 42.387500762939453125 43.46250152587890625 44.387500762939453125 42.53749847412109375 40.543750762939453125 39.40000152587890625 39.125 40.06874847412109375 40.55625152587890625 40.700000762939453125 41.31874847412109375 40.987499237060546875 40.637500762939453125 39.9375
39.106250762939453125 37.299999237060546875 35.393749237060546875 34.4375 34.143749237060546875 32.924999237060546875 31.949998855590820312 30.893749237060546875 29.893749237060546875 28.799999237060546875 27.774999618530273438 27.34375 26.700000762939453125 25.600000381469726562 24.287500381469726562 23.387500762939453125 23.049999237060546875 23.225000381469726562 23.625 23.475000381469726562 24.006250381469726562 24.462499618530273438 25.825000762939453125 28.243749618530273438 30.662500381469726562 33.61875152587890625 35.96875 39.012500762939453125 41.15625 41.987499237060546875 42.78125 42.84375 40.6875 38.90625 38.362499237060546875 37.912502288818359375 38.643749237060546875 39.24375152587890625 40.3125 41.706249237060546875 41.38124847412109375 39.4375 37.918750762939453125
40.08750152587890625 38.21250152587890625 36.00624847412109375 34.637500762939453125 34.237499237060546875 32.66249847412109375 31.125 29.362499237060546875 28.293750762939453125 27.181249618530273438 26.068750381469726562 25.393749237060546875 24.475000381469726562 23.712499618530273438 22.737499237060546875 22.412500381469726562 21.825000762939453125 21.743749618530273438 21.75 21.774999618530273438 22.556249618530273438 23.668750762939453125 24.668750762939453125 26.737499237060546875 29.556249618530273438 32.549999237060546875 35.09999847412109375 38.21875 40.206249237060546875 40.50624847412109375 41.243747711181640625 40.84375 38.91249847412109375 37.50624847412109375 35.91249847412109375 35.393749237060546875 36.112499237060546875 36.9375 38.174999237060546875 39.46250152587890625 39.09999847412109375 37.081249237060546875 36.13124847412109375
41.706249237060546875 39.418750762939453125 37.231250762939453125 35.78749847412109375 34.268749237060546875 32.112499237060546875 30.512500762939453125 28.700000762939453125 27.131250381469726562 26.125 25.4375 24.15625 22.96875 22.350000381469726562 21.475000381469726562 21.206249237060546875 20.662500381469726562 20.643749237060546875 20.475000381469726562 20.387500762939453125 21.074998855590820312 21.962499618530273438 22.975000381469726562 25.575000762939453125 28.25 30.600000381469726562 33.375 35.549999237060546875 37.90625 38.25624847412109375 39.200000762939453125 38.90000152587890625 37.03749847412109375 35.268749237060546875 33.768749237060546875 33.193752288818359375 33.668750762939453125 34.049999237060546875 34.887500762939453125 35.75 35.06874847412109375 33.78749847412109375 32.77500152587890625
43.18125152587890625 41.362499237060546875 38.78125 37.30625152587890625 34.21875 32.03125 30.306249618530273438 28.174999237060546875 26.375 24.975000381469726562 23.850000381469726562 22.837499618530273438 21.893749237060546875 20.4375 19.993749618530273438 19.487499237060546875 19.28125 19.043750762939453125 18.71875 18.774999618530273438 19.524999618530273438 20.34375 21.449998855590820312 23.587499618530273438 26.243749618530273438 28.662500381469726562 31.368749618530273438 33.450000762939453125 36.28749847412109375 37.13124847412109375 37.84999847412109375 37.5625 35.13124847412109375 32.825000762939453125 31.53125 30.912500381469726562 31.131250381469726562 31.081249237060546875 31.537500381469726562 31.481250762939453125 31.456249237060546875 30.674999237060546875 29.575000762939453125
44.91249847412109375 42.762500762939453125 40.19374847412109375 37.487499237060546875 34.737499237060546875 32.231250762939453125 29.987499237060546875 27.700000762939453125 25.306249618530273438 24 22.725000381469726562 21.893749237060546875 20.537500381469726562 19.456249237060546875 18.918750762939453125 18.556249618530273438 18.231250762939453125 17.850000381469726562 17.493749618530273438 17.481250762939453125 18.262500762939453125 18.943750381469726562 19.743749618530273438 21.931249618530273438 24.193750381469726562 26.649999618530273438 29.34375 31.649999618530273438 34.637500762939453125 35.825000762939453125 36.02500152587890625 35.53125 33.1875 30.618749618530273438 29 28.299999237060546875 27.825000762939453125 28 28.287500381469726562 28.018749237060546875 27.431249618530273438 26.743749618530273438 26.131250381469726562
46.56874847412109375 44.52500152587890625 41.31874847412109375 38.25 35.487499237060546875 32.487499237060546875 29.918750762939453125 27.287500381469726562 25.149999618530273438 23.90625 23.012500762939453125 21.84375 20.799999237060546875 19.575000762939453125 18.768749237060546875 18.181249618530273438 17.299999237060546875 17.106250762939453125 16.549999237060546875 16.450000762939453125 17.331249237060546875 18.4375 19.243749618530273438 21.412500381469726562 23.424999237060546875 25.481250762939453125 27.918750762939453125 30.918750762939453125 33.08750152587890625 34.09375 34.575000762939453125 34.418750762939453125 31.15625 28.956249237060546875 26.956249237060546875 25.643749237060546875 25.537500381469726562 25.5 25.200000762939453125 25.206249237060546875 24.65625 24.493749618530273438 23.5
46.700000762939453125 44.59999847412109375 41.25 38.41249847412109375 35.66249847412109375 32.887500762939453125 30.375 28.043750762939453125 25.556249618530273438 23.725000381469726562 23.537500381469726562 23.068750381469726562 21.975000381469726562 20.293750762939453125 19.243749618530273438 17.831249237060546875 16.581249237060546875 16.162500381469726562 15.800000190734863281 15.518750190734863281 16.475000381469726562 17.65625 18.631250381469726562 20.881250381469726562 23.037500381469726562 24.649999618530273438 27.206249237060546875 29.806249618530273438 31.225000381469726562 32.462497711181640625 33.49375152587890625 33.206249237060546875 30.225000381469726562 27.331249237060546875 25.200000762939453125 23.981250762939453125 23.643749237060546875 23.606250762939453125 23.112499237060546875 22.993749618530273438 22.3125 22.15625 21.237499237060546875
47.15000152587890625 45.28125 41.5625 39.174999237060546875 36.55625152587890625 33.581249237060546875 31.024999618530273438 28.5625 26.575000762939453125 24.5625 25.65625 25.168750762939453125 23.081249237060546875 21.443750381469726562 20 18.006250381469726562 16.075000762939453125 15.393750190734863281 15.300000190734863281 15.012499809265136719 15.987500190734863281 16.975000381469726562 18.087499618530273438 20.293750762939453125 22.481250762939453125 24.443750381469726562 26.931249618530273438 29.40625 31.100000381469726562 32.15625 32.75 33.174999237060546875 30.393749237060546875 26.487499237060546875 23.856250762939453125 22.356250762939453125 22.418750762939453125 22.393749237060546875 22.012500762939453125 21.787500381469726562 20.325000762939453125 19.712499618530273438 19.075000762939453125
