data/historical-monthly-weather-data/wc2.1_cruts4.09_10m_prec_1957-12.asc
ncols        51
nrows        45
xllcorner    -63.500000000000
yllcorner    -7.500000000000
cellsize     0.166666666667
NODATA_value -9999
[rows 0 to 19 of 45, columns 0 to 43 of 51]
138.75 134.899993896484375 127.6750030517578125 122.00624847412109375 115.34999847412109375 109.1437530517578125 102.5749969482421875 95.66249847412109375 90.50624847412109375 85.9875030517578125 83.125 81.4375 80.5500030517578125 79.03125 79.15000152587890625 79.6125030517578125 80.41249847412109375 80.77500152587890625 82.08750152587890625 83.34375 84.59999847412109375 85.5187530517578125 86.55625152587890625 88.27500152587890625 90.0749969482421875 91.91249847412109375 95.78125 100.15625 104.1999969482421875 105.125 104.9250030517578125 105.15000152587890625 103.8874969482421875 102.08750152587890625 100.25624847412109375 100.68125152587890625 100.3000030517578125 99.9499969482421875 100.1875 100.88124847412109375 101.34375 101.7312469482421875 102.1125030517578125 101.75
140.7937469482421875 137.5812530517578125 133.212493896484375 129.3874969482421875 125.06874847412109375 118.43125152587890625 111.08750152587890625 105.43125152587890625 101.0625 96.71250152587890625 93.11875152587890625 90.5 88.9875030517578125 87.41249847412109375 86.9875030517578125 87.0124969482421875 87.5187530517578125 88.9812469482421875 90.9812469482421875 93.6687469482421875 94.8874969482421875 95.7312469482421875 97.1374969482421875 98.53125 99.8937530517578125 101.31874847412109375 104.40000152587890625 107.6999969482421875 110.5625 110.2312469482421875 108.375 107.0500030517578125 104.33750152587890625 101.9812469482421875 100.03125 98.9812469482421875 99.53125 99.4562530517578125 99.4187469482421875 99.9812469482421875 100.3874969482421875 100.75 101.1374969482421875 99.9812469482421875
139.4562530517578125 137.4187469482421875 134.6374969482421875 131.9562530517578125 129.037506103515625 123.36875152587890625 118.1062469482421875 114.0625 110.5625 106.63124847412109375 102.72499847412109375 100.00624847412109375 98.4562530517578125 96.74375152587890625 96.25 95.7375030517578125 96.11875152587890625 97.1875 99.02500152587890625 101.06874847412109375 101.9250030517578125 102.7624969482421875 103.77500152587890625 104.31874847412109375 104.94374847412109375 106.36875152587890625 109.03749847412109375 111.75 114.375 112.52500152587890625 110.15000152587890625 108.08750152587890625 106.03749847412109375 102.625 100.09375 99.83750152587890625 99.63124847412109375 99.3312530517578125 99.78125 100.30625152587890625 100.46875 100.53749847412109375 100.16249847412109375 99.75624847412109375
136.350006103515625 135.975006103515625 135.4875030517578125 133.2624969482421875 131.9375 128.087493896484375 124.78749847412109375 122.30625152587890625 119.65000152587890625 117.0187530517578125 113.47499847412109375 110.78125 108.625 106.88124847412109375 105.9375 105.57500457763671875 105.625 105.5187530517578125 106.72499847412109375 108.97499847412109375 109.49375152587890625 109.625 109.25624847412109375 109.24375152587890625 108.84375 109.8312530517578125 112.2375030517578125 114.21875 116.65000152587890625 114.8000030517578125 111.56874847412109375 108.28749847412109375 106.21250152587890625 103.46250152587890625 100.3937530517578125 99.8562469482421875 99.15625 98.9499969482421875 99.90000152587890625 100.25624847412109375 99.9187469482421875 99.75 99.19374847412109375 98.84375
139.2937469482421875 136.6687469482421875 134.4812469482421875 134.350006103515625 134.662506103515625 132.943756103515625 130.8874969482421875 129.693756103515625 128.9250030517578125 127.41249847412109375 123.84375 120.6999969482421875 118.9875030517578125 117.40000152587890625 116.19374847412109375 115.55625152587890625 115.07500457763671875 114.3625030517578125 115.1374969482421875 117.18125152587890625 117.15625 115.83750152587890625 114.5 113.61249542236328125 112.47499847412109375 112.81874847412109375 113.9499969482421875 115.61875152587890625 117.6125030517578125 115.63124847412109375 112.2375030517578125 108.21875 105.59999847412109375 102.8312530517578125 99.7937469482421875 99.49375152587890625 99.38124847412109375 98.9875030517578125 99.875 100.02500152587890625 99.52500152587890625 99.0124969482421875 98.5 97.3125
142.28125 140.475006103515625 137.4812469482421875 135.024993896484375 136.13751220703125 136.256256103515625 135.375 134.256256103515625 133.493743896484375 132.3874969482421875 129.3125 127.02500152587890625 126.25624847412109375 125.16249847412109375 124.9187469482421875 124.5500030517578125 124.47499847412109375 122.8125 123.93125152587890625 124.6999969482421875 122.8125 120.90000152587890625 118.41249847412109375 116.5625 114.65000152587890625 113.53749847412109375 115.09999847412109375 116.46875 117.5812530517578125 115.5124969482421875 112.5124969482421875 109.31874847412109375 105.96875 102.875 101.3874969482421875 101.5437469482421875 101.59999847412109375 102.4187469482421875 103.44374847412109375 102.7624969482421875 100.7624969482421875 99.9250030517578125 98.3625030517578125 97.3249969482421875
146.8312530517578125 145.2375030517578125 142.524993896484375 139.6062469482421875 138.818756103515625 138.193756103515625 137.806243896484375 136.681243896484375 135.2312469482421875 133.1750030517578125 132.5437469482421875 131.9375 132.912506103515625 132.7437591552734375 133.0625 133.587493896484375 134.725006103515625 134.912506103515625 135.4375 133.9562530517578125 129.5812530517578125 126.08750152587890625 121.9375 118.625 116.2312469482421875 113.84999847412109375 114.5500030517578125 116.49375152587890625 117.3562469482421875 115.0124969482421875 112.1750030517578125 109.2062530517578125 106.84999847412109375 104.087493896484375 102.28125 102.65625 103.6687469482421875 104.8312530517578125 106.9499969482421875 105.36875152587890625 102.24375152587890625 100.28749847412109375 98.71250152587890625 96.9187469482421875
151.5187530517578125 149.84375 147.587493896484375 146.149993896484375 145.5625 143.625 140.931243896484375 137.34375 134.1750030517578125 133.6062469482421875 135.475006103515625 137.6062469482421875 139.3249969482421875 141.087493896484375 141.6999969482421875 142.9499969482421875 144.3937530517578125 145.693756103515625 146.0187530517578125 141.34375 134.9499969482421875 129.15625 123.6687469482421875 119.08750152587890625 116.28125 113.66249847412109375 113.66249847412109375 114.9875030517578125 116.6062469482421875 114.8312530517578125 111.44374847412109375 108.75 107.09999847412109375 104.78125 103.78749847412109375 103.66249847412109375 104.8125 105.8125 106.66249847412109375 105.25624847412109375 102.65625 100.3312530517578125 98.3937530517578125 96.1437530517578125
157.6875 156.25 154.568756103515625 153.462493896484375 152.4250030517578125 150.8125 147.90625 143.4562530517578125 138.118743896484375 136.350006103515625 139.756256103515625 143.337493896484375 146.1062469482421875 147.9187469482421875 148.399993896484375 149.125 150.09375 150.8312530517578125 150.350006103515625 144.59375 135.9499969482421875 129.274993896484375 123.44374847412109375 119.71250152587890625 116.06874847412109375 112.86875152587890625 112.78125 114.22499847412109375 115.40000152587890625 113.81874847412109375 112.06874847412109375 109.4812469482421875 108.0500030517578125 106.77500152587890625 105.78749847412109375 106.11875152587890625 106.65625 107.00624847412109375 107.00624847412109375 106.02500152587890625 103.28749847412109375 100.9375 99.22499847412109375 97.1374969482421875
162.9375 162.1125030517578125 161.024993896484375 160.6875 159.7687530517578125 158.306243896484375 155.84375 152.1999969482421875 148.9812469482421875 147.399993896484375 148.756256103515625 150.5500030517578125 153.8249969482421875 154.71875 154.8562469482421875 154.493743896484375 153.912506103515625 152.1999969482421875 149.524993896484375 144.21875 135.7312469482421875 128.4375 122.40000152587890625 118.90625 114.7687530517578125 111.2062530517578125 111.24375152587890625 112.4812469482421875 113.95624542236328125 113.0500030517578125 111.4375 109.7062530517578125 108.65625 107.5124969482421875 107.2312469482421875 108.47499847412109375 108.86875152587890625 108.9875030517578125 107.9812469482421875 106.63124847412109375 104.47499847412109375 102.50624847412109375 99.99375152587890625 97.78125
169.287506103515625 168.537506103515625 167.28125 166.4875030517578125 166.625 166.462493896484375 164.818756103515625 161.3249969482421875 158.6062469482421875 157.681243896484375 158.4250030517578125 160.024993896484375 161.743743896484375 162.443756103515625 160.84375 159.1437530517578125 156.693756103515625 153.0812530517578125 148.4250030517578125 142.618743896484375 135.0749969482421875 127.53125 121.3125 116.34375 113.68125152587890625 110.13124847412109375 109.74375152587890625 110.1374969482421875 110.71875 110.55625152587890625 109.8874969482421875 109.4187469482421875 108.97499847412109375 108.4499969482421875 108.4562530517578125 109.48125457763671875 110.2062530517578125 110.4875030517578125 110.03125 108.3125 106.09999847412109375 103.74375152587890625 101.5187530517578125 99.4499969482421875
175.15625 174.1062469482421875 173.1750030517578125 173.2062530517578125 173.46875 173.7312469482421875 173.1999969482421875 170.4937591552734375 168.1437530517578125 168.0124969482421875 168.8562469482421875 170.1374969482421875 169.5 168.6374969482421875 166.3937530517578125 163.0500030517578125 159.5 153.943756103515625 148.3000030517578125 142.2937469482421875 133.84375 126.50624847412109375 120.97499847412109375 116.65000152587890625 113.69374847412109375 110.18125152587890625 109.31874847412109375 109.15000152587890625 109.1750030517578125 109.4562530517578125 109.375 109.63124847412109375 109.5812530517578125 109.69374847412109375 110.24375152587890625 111.6125030517578125 112.5500030517578125 113.2375030517578125 112.3312530517578125 110.5500030517578125 108.22499847412109375 105.75 103.22499847412109375 100.75624847412109375
180.712493896484375 179.9375 179.431243896484375 179.181243896484375 179.8937530517578125 179.875 179.193756103515625 177.899993896484375 176.40625 177.024993896484375 178.25 178.8562469482421875 177.118743896484375 173.8874969482421875 171.068756103515625 166.931243896484375 162.21875 156.318756103515625 149.75 142.5562591552734375 132.256256103515625 125.2312469482421875 120.63124847412109375 116.91249847412109375 112.86875152587890625 108.74375152587890625 107.97499847412109375 108.0187530517578125 108.18125152587890625 108.09375 108.44374847412109375 109.03125 109.24375152587890625 109.96250152587890625 111.09999847412109375 113.40000152587890625 115.1999969482421875 116.28749847412109375 115.125 112.625 109.81874847412109375 107.6875 104.3625030517578125 99.7687530517578125
184.9875030517578125 184.2375030517578125 183.712493896484375 183.78125 184.125 184.2312469482421875 183.7624969482421875 184.0124969482421875 184.243743896484375 184.6437530517578125 184.6999969482421875 184.1312408447265625 182.368743896484375 178.9812469482421875 174.462493896484375 170.8562469482421875 165.4812469482421875 158.4812469482421875 151.2687530517578125 143.7624969482421875 134.03125 126.1875 120.2937469482421875 115.9562530517578125 111.74375152587890625 107.8125 107.49375152587890625 106.7624969482421875 106.3562469482421875 106.36875152587890625 107.0500030517578125 107.74375152587890625 108.68125152587890625 109.6875 111.7375030517578125 114.59375 117.40000152587890625 119.84375 119.38124847412109375 117.58750152587890625 113.00624847412109375 107.9812469482421875 103.69374847412109375 100.24375152587890625
188.3312530517578125 187.59375 187.6875 187.774993896484375 188.4749908447265625 188.556243896484375 189.28125 189.850006103515625 190.125 190 189.774993896484375 188.8937530517578125 186.350006103515625 183.1875 178.25 174.3625030517578125 168.2687530517578125 160.9250030517578125 153.5437469482421875 146.96875 137.037506103515625 128.368743896484375 121.0625 116.5124969482421875 112.6125030517578125 108.81874847412109375 108.3000030517578125 107.5437469482421875 106.6374969482421875 105.72499847412109375 105.7062530517578125 106.7375030517578125 107.94374847412109375 109.58124542236328125 112.1750030517578125 114.84999847412109375 119.0124969482421875 123.71250152587890625 126.08750152587890625 124.44374847412109375 118.9375 112.80625152587890625 107.59999847412109375 103.3562469482421875
190.28125 189.975006103515625 190.443756103515625 191.3874969482421875 192.256256103515625 192.9375 193.84375 193.899993896484375 194.243743896484375 195.100006103515625 194.506256103515625 192.90625 190.212493896484375 186.7312469482421875 182.09375 176.462493896484375 170.2687530517578125 163.681243896484375 156.3312530517578125 149.5625 139.931243896484375 130.274993896484375 122.15625 117.47499847412109375 113.9562530517578125 111.1437530517578125 110.3874969482421875 109.19374847412109375 107.3125 105.19374847412109375 104.53125 104.8000030517578125 105.31874847412109375 106.9875030517578125 109.30625152587890625 112.97499847412109375 118.84999847412109375 126.1750030517578125 131.868743896484375 131.524993896484375 126.02500152587890625 118.375 111.3874969482421875 104.4562530517578125
191.462493896484375 191.78125 191.5749969482421875 193.225006103515625 194.9875030517578125 195.493743896484375 196.9250030517578125 198.2437591552734375 199.306243896484375 199.587493896484375 198.9875030517578125 196.537506103515625 193.4812469482421875 189.681243896484375 185.125 179.0124969482421875 171.34375 164.9250030517578125 158.78125 152.0625 142.2375030517578125 132.1750030517578125 123.56874847412109375 118.8562469482421875 115.84999847412109375 113.8937530517578125 113.53125 111.40000152587890625 107.4812469482421875 104.25 102.8312530517578125 103.18125152587890625 102.68125152587890625 102.2937469482421875 103.50624847412109375 108.2062530517578125 116.59999847412109375 128.649993896484375 141.28125 138.9812469482421875 131.5562591552734375 122.27500152587890625 112.9375 106.11875152587890625
191.087493896484375 192.03125 192.3312530517578125 194.493743896484375 196.625 198.1999969482421875 199.568756103515625 200.4499969482421875 201.493743896484375 202.7312469482421875 202.7937469482421875 200.193756103515625 196.28125 192.381256103515625 187.3000030517578125 180.850006103515625 173.2687530517578125 164.8125 160.5250091552734375 154.25 145.0187530517578125 134.875 125.8937530517578125 121.8625030517578125 119.3312530517578125 117.931243896484375 118.55625152587890625 114.65625 108.5500030517578125 103.41249847412109375 100.6875 100.43125152587890625 100.7687530517578125 100.96875 99.9875030517578125 100.3000030517578125 112.8125 127.47499847412109375 137.556243896484375 137.743743896484375 130.556243896484375 121.9375 114.3562469482421875 108.55625152587890625
189.4812469482421875 190.9375 192.2937469482421875 194.8125 197.4812469482421875 199.5 200.943756103515625 202.875 204.3937530517578125 205.868743896484375 205.181243896484375 201.7624969482421875 198.5500030517578125 195.1875 189.46875 182.5625 175.149993896484375 166.8874969482421875 160.350006103515625 155.068756103515625 147.0437469482421875 138.4499969482421875 127.83750152587890625 124.7062530517578125 123.1687469482421875 122.03125 121.72499847412109375 118.0124969482421875 111.11875152587890625 104.02500152587890625 99.02500152587890625 101.15000152587890625 103.3937530517578125 103.2624969482421875 101.66249847412109375 103.72499847412109375 113.6374969482421875 124.4562530517578125 132.0124969482421875 132.2062530517578125 127.15000152587890625 120.5124969482421875 114.75624847412109375 110.5500030517578125
186.9875030517578125 189.2687530517578125 190.59375 193.5749969482421875 197.0812530517578125 200.131256103515625 202.537506103515625 204.7937469482421875 207.024993896484375 207.725006103515625 207.53125 205.3562469482421875 202.412506103515625 198.0625 191.193756103515625 182.868743896484375 174.7624969482421875 168.1374969482421875 162.1999969482421875 156.806243896484375 147.618743896484375 137.850006103515625 129.8312530517578125 127.63124847412109375 126.56874847412109375 125.4812469482421875 124.84999847412109375 122.2937469482421875 116.2062530517578125 109.1437530517578125 105.3874969482421875 107.90625 109.34999847412109375 110.25624847412109375 111.0625 113.09999847412109375 119.1999969482421875 126.1374969482421875 130.100006103515625 129.6750030517578125 125.2375030517578125 118.83750152587890625 115.50624847412109375 113.03749847412109375
