data/historical-monthly-weather-data/wc2.1_cruts4.09_10m_prec_1978-08.asc
ncols        51
nrows        45
xllcorner    -63.500000000000
yllcorner    -7.500000000000
cellsize     0.166666666667
NODATA_value -9999
[rows 0 to 18 of 45, columns 0 to 43 of 51]
136.7062530517578125 138.462493896484375 141.7937469482421875 149.162506103515625 157.6687469482421875 168.056243896484375 173.931243896484375 181.6999969482421875 188.568756103515625 193.15625 191.8125 192.287506103515625 194.8562469482421875 193.4562530517578125 192.46875 187.2624969482421875 184.7687530517578125 181.0500030517578125 176.993743896484375 177.443756103515625 175.881256103515625 171.912506103515625 168.1437530517578125 163.71875 157.681243896484375 152.006256103515625 149.056243896484375 147.875 140.46875 140.25 135.6374969482421875 135.78125 136.993743896484375 135.462493896484375 135.975006103515625 139.962493896484375 142.743743896484375 147.5437469482421875 154.4562530517578125 160.2937469482421875 167.225006103515625 176.725006103515625 182.537506103515625 187.743743896484375
128.493743896484375 128.9187469482421875 134.943756103515625 142.4250030517578125 151.743743896484375 160.068756103515625 162.931243896484375 169.162506103515625 176.3000030517578125 180.693756103515625 181.368743896484375 183.462493896484375 182.2687530517578125 179.306243896484375 177.256256103515625 176.318756103515625 172.25 168.524993896484375 165.7624969482421875 164.8625030517578125 162.774993896484375 158.662506103515625 155.15625 152.837493896484375 147.5124969482421875 141.568756103515625 141.787506103515625 139.649993896484375 133.618743896484375 131.9875030517578125 131.0500030517578125 130.381256103515625 131.8874969482421875 133.818756103515625 134.4499969482421875 137.787506103515625 138.6687469482421875 145.96875 151.0625 156.462493896484375 166.649993896484375 173.5812530517578125 181.912506103515625 188.912506103515625
119.46875 122.3125 129.4499969482421875 138.5124969482421875 147.6687469482421875 153.931243896484375 157.537506103515625 161.6687469482421875 165.59375 168.21875 170.618743896484375 172.0625 170.149993896484375 165.1750030517578125 162.6999969482421875 161.056243896484375 158.6687469482421875 155.0187530517578125 152.181243896484375 149.09375 148.837493896484375 147.975006103515625 145.368743896484375 144.725006103515625 138.8874969482421875 135.28125 137.087493896484375 133.556243896484375 128.3312530517578125 128.1750030517578125 125.9875030517578125 125.80625152587890625 128.4875030517578125 132.431243896484375 132.84375 133.96875 138.006256103515625 145.5 150.181243896484375 158.3000030517578125 170.912506103515625 179.287506103515625 190.1062469482421875 196.006256103515625
111.4875030517578125 113.27500152587890625 122.1687469482421875 132.0500030517578125 139.7687530517578125 144.3000030517578125 147.9875030517578125 151.4250030517578125 156.818756103515625 158.4875030517578125 157.9187469482421875 156.9250030517578125 155.5500030517578125 150.9124908447265625 148.46875 146.3312530517578125 144.96875 142.34375 139.962493896484375 140.8625030517578125 139.8937530517578125 137.7312469482421875 135.2750091552734375 135.568756103515625 131.78125 128.681243896484375 129.8000030517578125 124.41249847412109375 120.84999847412109375 121.5500030517578125 120.71875 119.5749969482421875 121.125 123.9187469482421875 126.33750152587890625 130.7937469482421875 139.09375 145.743743896484375 149.350006103515625 160.59375 171.875 184.6437530517578125 195.368743896484375 205.056243896484375
114.50624847412109375 113.5749969482421875 115.3249969482421875 122.5124969482421875 131.9812469482421875 135.0749969482421875 136.84375 142.25 148.4250030517578125 149.40625 146.6125030517578125 144.1750030517578125 142.1999969482421875 138.9499969482421875 135.962493896484375 134.46875 132.1125030517578125 128.975006103515625 126.881256103515625 128.712493896484375 131.037506103515625 127.6125030517578125 126.4562530517578125 129.0437469482421875 124.65625 121.4250030517578125 119.9375 118.8562469482421875 115.90625 114.125 116.0437469482421875 114.4250030517578125 117.8312530517578125 122.11875152587890625 125.4187469482421875 128.993743896484375 135.600006103515625 143.2937469482421875 147.6374969482421875 156.8000030517578125 172.9250030517578125 185.649993896484375 201.1125030517578125 211.462493896484375
115.69374847412109375 115.1374969482421875 115.2375030517578125 114.72499847412109375 122.7312469482421875 130.8312530517578125 133.7937469482421875 136.5500030517578125 142.3562469482421875 142.78125 137.5187530517578125 134.84375 133.693756103515625 131.1374969482421875 127.93125152587890625 126.5500030517578125 122.9562530517578125 118.7312469482421875 118.1374969482421875 119.6125030517578125 122.24375152587890625 122.0812530517578125 122.0812530517578125 120.3937530517578125 119.2062530517578125 117.4187469482421875 115.95624542236328125 113.8562469482421875 111.97499847412109375 109.25624847412109375 110.59375 111.59375 113.6125030517578125 118.5749969482421875 120.5 127.03749847412109375 132.1750030517578125 137.068756103515625 143.7312469482421875 155.5500030517578125 167.537506103515625 181.8937530517578125 197.6687469482421875 213.3187408447265625
117.71250152587890625 118.78749847412109375 119.1437530517578125 119.1875 122.29375457763671875 124.4875030517578125 126.43125152587890625 128.443756103515625 127.46875 127.9499969482421875 126.0500030517578125 125.125 125.94374847412109375 124.0187530517578125 122.21250152587890625 120.36875152587890625 116.68125152587890625 113.1687469482421875 111.00624847412109375 113.11875152587890625 115.0749969482421875 116.55625152587890625 117.2312469482421875 116.90000152587890625 115.4562530517578125 114.6687469482421875 112.68125152587890625 109.625 105.40625 105.6999969482421875 105.71875 105.45624542236328125 109.6875 114.46875 117.5812530517578125 122.71875 126.56874847412109375 132.125 140.0124969482421875 151.631256103515625 162.6750030517578125 176.274993896484375 193.618743896484375 212.399993896484375
120.4375 120.61875152587890625 123.05625152587890625 124.36875152587890625 128.1687469482421875 129.7312469482421875 125.0124969482421875 116.27500152587890625 111.0187530517578125 111.65625 115.4562530517578125 116.2937469482421875 117.125 116.52500152587890625 115.7375030517578125 113.70000457763671875 111.15000152587890625 107.8125 105.15625 105.875 109.5749969482421875 111.9562530517578125 112.02500152587890625 111.5437469482421875 112.375 110.38750457763671875 107.4812469482421875 104.875 101.68125152587890625 99.4875030517578125 101.40000152587890625 101 103.84999847412109375 109.50624847412109375 111.09999847412109375 115.46875 119.50624847412109375 123.9375 129.7937469482421875 138.53125 150.056243896484375 164.0374908447265625 179.7937469482421875 195.524993896484375
123.4875030517578125 124.1437530517578125 127.1750030517578125 127.2312469482421875 129.337493896484375 128.5625 124.9187469482421875 117.90625 107.77500152587890625 103.11875152587890625 105.71250152587890625 107.4875030517578125 111.7687530517578125 111.71250152587890625 110.6125030517578125 108.5437469482421875 107.8562469482421875 105.7375030517578125 105.81874847412109375 104.2312469482421875 106.5812530517578125 109.74375152587890625 109.5124969482421875 112.125 111.72499847412109375 107.96875 102.75624847412109375 101.39374542236328125 98.4250030517578125 96.3125 97.8249969482421875 95.49375152587890625 96.4187469482421875 98.34999847412109375 100.90000152587890625 106.9812469482421875 111.9562530517578125 116.6750030517578125 120.8249969482421875 128.15625 136.875 145.8625030517578125 156.3625030517578125 167.287506103515625
125.4499969482421875 126.5500030517578125 128.287506103515625 129.649993896484375 131.25 129.9187469482421875 128.4875030517578125 121.36875152587890625 112.6062469482421875 109.41249847412109375 107.8874969482421875 105.78749847412109375 108.94374847412109375 109.61875152587890625 106.90000152587890625 105.1875 103.2312469482421875 103.65625 104.06874847412109375 104.375 106.6437530517578125 107.53749847412109375 106.9187469482421875 109.0437469482421875 107.83124542236328125 103.9875030517578125 99.162506103515625 96.59375 92.31874847412109375 89.9875030517578125 88.8312530517578125 87.30625152587890625 90.34375 93.53749847412109375 96.96875 101.93125152587890625 105.31874847412109375 108.63124847412109375 113.63124847412109375 119.5437469482421875 125.5437469482421875 130.0625 135.5 139.28125
129.556243896484375 130.4499969482421875 130.28125 130.6999969482421875 132.899993896484375 133.7375030517578125 131.8562469482421875 123.09999847412109375 115.6687469482421875 110.8937530517578125 110 107.90000152587890625 107.40000152587890625 106.40625 102.16249847412109375 99.125 97.8000030517578125 99.72499847412109375 100.71250152587890625 102.97499847412109375 108.46875 109.34375 107.90625 106.06874847412109375 107.00624847412109375 103.5 98.78749847412109375 94.03125 87.46875 83.7624969482421875 83.71875 82.625 86.8625030517578125 90.25 91.875 95.18125152587890625 97.8562469482421875 101.66249847412109375 104.8874969482421875 108.41249847412109375 111.6687469482421875 114.55625152587890625 119.1687469482421875 119.68125152587890625
131.318756103515625 132.4499969482421875 132.0625 133.125 135.493743896484375 136.3125 135.3562469482421875 128.1125030517578125 119.8874969482421875 114.1374969482421875 111.6062469482421875 108.69374847412109375 105.2937469482421875 101.4499969482421875 100.38124847412109375 97.2937469482421875 95.11875152587890625 95.56874847412109375 97.9562530517578125 102.19374847412109375 108.1999969482421875 109.7312469482421875 109.06874847412109375 107.8249969482421875 105.71250152587890625 97.05625152587890625 91.8312530517578125 88.0500030517578125 82.53125 79.7062530517578125 78.44374847412109375 79.0437469482421875 80.9375 83.6374969482421875 86.5500030517578125 90.90000152587890625 93.625 95.66249847412109375 95.50624847412109375 95.33750152587890625 97.47499847412109375 99.40625 101.2312469482421875 96.7062530517578125
131.78125 131.1437530517578125 131.318756103515625 130.8625030517578125 133.9499969482421875 133.71875 130.1374969482421875 125.43125152587890625 118.02500152587890625 113.4375 110.88124847412109375 108.03125 102.90000152587890625 96.3874969482421875 93.15000152587890625 91.5187530517578125 88.9875030517578125 91.16249847412109375 93.41249847412109375 96.0500030517578125 102.8000030517578125 105.3000030517578125 105.43125152587890625 101.28125 93.9187469482421875 86.9875030517578125 84.96875 82.1999969482421875 79.81874847412109375 77.5437469482421875 75.46875 74.75624847412109375 77.81874847412109375 78.03749847412109375 81.2062530517578125 87.00624847412109375 93.1875 94.43125152587890625 94.97499847412109375 90.46250152587890625 85.2375030517578125 88.3125 88.05625152587890625 82.2624969482421875
130.7624969482421875 128.4375 127.5124969482421875 128.462493896484375 129.6875 128.0749969482421875 124.8937530517578125 122.1750030517578125 115.3937530517578125 111.25624847412109375 107.41249847412109375 102.3874969482421875 97.86875152587890625 91.84375 84.6125030517578125 84.21875 82.97499847412109375 84.75624847412109375 84.49375152587890625 86.28749847412109375 92.7062530517578125 95.34375 95.8874969482421875 93.43125152587890625 88.375 83.69374847412109375 81.5812530517578125 79.40625 77.16249847412109375 75.83750152587890625 74.78125 72.49375152587890625 74.56874847412109375 75.4812469482421875 80.09999847412109375 88.1125030517578125 94.8249969482421875 100.6999969482421875 102.24375152587890625 95.2375030517578125 81.05625152587890625 76.59375 79.8125 85.36875152587890625
127.2624969482421875 126.1374969482421875 123.93125152587890625 122.97499847412109375 124.18125152587890625 122.34375 119.21250152587890625 115.41249847412109375 109.31874847412109375 105.6062469482421875 100.3312530517578125 96.43125152587890625 91.84999847412109375 85.125 78.0124969482421875 74.99375152587890625 73.93125152587890625 74.24375152587890625 74.7937469482421875 77.02500152587890625 82.8937530517578125 86.3937530517578125 88.3312530517578125 88.9499969482421875 87.5500030517578125 85.53749847412109375 82.4562530517578125 79.22499847412109375 75.8625030517578125 74.03125 71.84375 70.6687469482421875 72.71875 75.27500152587890625 78.5187530517578125 86.9187469482421875 96.7624969482421875 110.03125 114.1374969482421875 104.0625 95.0812530517578125 90.36875152587890625 93.41249847412109375 93.3125
121.75 121.19374847412109375 119.91249847412109375 118.71250152587890625 118.28125 117.46250152587890625 114.7624969482421875 109.3249969482421875 104.16249847412109375 100 95.1374969482421875 89.9499969482421875 84.48125457763671875 78.4375 72.3000030517578125 66.19374847412109375 64.83750152587890625 65.33750152587890625 65.7624969482421875 68.3000030517578125 73.53125 78.41249847412109375 83.3312530517578125 87.22499847412109375 88.2687530517578125 86.84375 83.78749847412109375 79.11875152587890625 75.05625152587890625 73.49375152587890625 72.30625152587890625 70.80625152587890625 71.5437469482421875 73.90625 78.24375152587890625 92.1062469482421875 104.75 117.7375030517578125 123.83750152587890625 120.3125 115.1374969482421875 109.30625152587890625 104.3874969482421875 98.3000030517578125
118.6999969482421875 118.21250152587890625 115.9875030517578125 115.03749847412109375 112.86875152587890625 112.49375152587890625 110.8125 106.71875 100.18125152587890625 96.31874847412109375 91.6999969482421875 85.1125030517578125 79.4562530517578125 73.40000152587890625 67.3000030517578125 61.512500762939453125 56.13124847412109375 55.774997711181640625 57.66249847412109375 60.65000152587890625 64.40625 70.74375152587890625 78.15625 86.22499847412109375 90.25624847412109375 88.53749847412109375 83.0812530517578125 78.4562530517578125 73.28125 70.93125152587890625 71.0812530517578125 72.1437530517578125 74.7312469482421875 78.08750152587890625 91 104.77500152587890625 117.69374847412109375 134.662506103515625 144.274993896484375 134.600006103515625 124.5625 114.9812469482421875 106.1062469482421875 101.55625152587890625
112.02500152587890625 112.5749969482421875 111.31874847412109375 111.0749969482421875 109.22499847412109375 108.97499847412109375 105.4375 101.9875030517578125 96.34375 91.8874969482421875 87.46875 81.6437530517578125 74.41249847412109375 67.7375030517578125 62.012500762939453125 56.27500152587890625 51.03125 47.40000152587890625 50.143749237060546875 51.53125 56.09375 62.362499237060546875 71.13124847412109375 79.69374847412109375 86.68125152587890625 87.1875 83.6062469482421875 78.52500152587890625 72.3312530517578125 68.7937469482421875 65.52500152587890625 65.36875152587890625 76.88124847412109375 90.06874847412109375 100.5437469482421875 116.51250457763671875 132.662506103515625 145.8937530517578125 148.96875 142.5 126.2312469482421875 117.38124847412109375 109.0187530517578125 104.34375
105.34999847412109375 106.22499847412109375 106.02500152587890625 106.34999847412109375 106.1374969482421875 104.6999969482421875 102.11875152587890625 98.30625152587890625 95.11875152587890625 91.53749847412109375 86.50624847412109375 77.83750152587890625 70.90625 64.6437530517578125 57.706249237060546875 52.94374847412109375 47.5625 43.043750762939453125 42.52500152587890625 44.46250152587890625 51.40625 62.700000762939453125 62.137500762939453125 71.33750152587890625 78.91249847412109375 84.56874847412109375 83.34999847412109375 77.84999847412109375 73.75 67.1062469482421875 62.90625 66.6062469482421875 80.06874847412109375 91.71250152587890625 104.16249847412109375 119.66249847412109375 130.399993896484375 136.681243896484375 140.9562530517578125 134.4937591552734375 125.1999969482421875 116.9499969482421875 109 102.90625
