data/historical-monthly-weather-data/wc2.1_cruts4.09_10m_prec_1976-09.asc
ncols        51
nrows        45
xllcorner    -63.500000000000
yllcorner    -7.500000000000
cellsize     0.166666666667
NODATA_value -9999
[rows 0 to 18 of 45, columns 0 to 43 of 51]
144.056243896484375 145.243743896484375 144.193756103515625 145.15625 143.8874969482421875 140.350006103515625 133.1999969482421875 125.05625152587890625 119.3874969482421875 114.375 111.25624847412109375 110.34999847412109375 109.625 107.7375030517578125 107.75 107.2062530517578125 107.7375030517578125 106.5437469482421875 106.2937469482421875 104.9499969482421875 102.9499969482421875 99.1999969482421875 96.34375 93.4375 90.16249847412109375 88.56874847412109375 88.6875 88.875 87.2624969482421875 82.63124847412109375 76.80625152587890625 72.0625 69.08750152587890625 65.02500152587890625 61.6875 59.53125 58.1875 56.78125 55.581249237060546875 54.637500762939453125 53.831249237060546875 52.981250762939453125 51.543750762939453125 50.47499847412109375
137.381256103515625 138.4875030517578125 140.7624969482421875 145.024993896484375 149.4437408447265625 143.0124969482421875 134.4875030517578125 128.84375 123.03125 117.44374847412109375 113.5625 111.59999847412109375 110.0500030517578125 107.09999847412109375 106.49375152587890625 106.4562530517578125 105.83750152587890625 105.9562530517578125 106.2375030517578125 105.96250152587890625 103.2312469482421875 100.86875152587890625 97.7062530517578125 94.8625030517578125 90.4562530517578125 87.94374847412109375 88.0437469482421875 88.06874847412109375 85.6062469482421875 81.18125152587890625 76.15625 72.3937530517578125 69.08750152587890625 66.30625152587890625 63.46250152587890625 61.59999847412109375 60.518749237060546875 59.65000152587890625 58.69374847412109375 58.0625 57.6875 57.00624847412109375 56.0625 54.49375152587890625
126.9187469482421875 129.618743896484375 132.256256103515625 137.131256103515625 141.125 138.0625 132.0124969482421875 126.90000152587890625 122.4187469482421875 117.7624969482421875 114.0812530517578125 111.7937469482421875 109.9499969482421875 106.69374847412109375 105.28125 105.3249969482421875 104.25624847412109375 103.88124847412109375 103.4499969482421875 102.7375030517578125 99.55625152587890625 96.19374847412109375 93.09999847412109375 89.96250152587890625 85.53749847412109375 82.0812530517578125 83.03125 82.3937530517578125 80.27500152587890625 75.71875 70.46875 66.5749969482421875 64.19374847412109375 61.356250762939453125 58.612499237060546875 56.512500762939453125 55.268749237060546875 54.44374847412109375 53.862499237060546875 53.575000762939453125 53.46875 52.887500762939453125 52.66249847412109375 51.80625152587890625
114.44374847412109375 117.41249847412109375 123.6750030517578125 126.78749847412109375 129.8000030517578125 128.71875 126.2624969482421875 124.86875152587890625 122.09375 118.7312469482421875 114.84999847412109375 112.2687530517578125 108.6999969482421875 106 104.50624847412109375 103.9375 103.13124847412109375 101.96250152587890625 101.5625 100.5812530517578125 96.65625 91.5437469482421875 86.9875030517578125 83.4187469482421875 78.53125 75.18125152587890625 75.31874847412109375 73.90625 72.5625 68.65625 64.1687469482421875 59.78125 56.831249237060546875 53.99375152587890625 50.981250762939453125 49.981250762939453125 49.049999237060546875 48.018749237060546875 47.71875 47.206249237060546875 46.83750152587890625 46.6875 46.856250762939453125 46.83750152587890625
114.1750030517578125 113.5124969482421875 112.9562530517578125 115.3249969482421875 120.21250152587890625 121.1999969482421875 120.4875030517578125 120.8937530517578125 120.40000152587890625 118.03125 114.6374969482421875 110.71250152587890625 107.8562469482421875 106.15000152587890625 104.68125152587890625 103.61875152587890625 102.1999969482421875 100.0500030517578125 98.55625152587890625 96.125 92.40625 85.65000152587890625 80.9499969482421875 76.91249847412109375 71.84999847412109375 68.18125152587890625 67.0500030517578125 66.53749847412109375 65.25 61.08750152587890625 57.05625152587890625 52.512500762939453125 49.33750152587890625 46.78125 44.27500152587890625 42.83750152587890625 41.737499237060546875 41.00624847412109375 40.862499237060546875 40.5 40.15000152587890625 40.25 40.55625152587890625 41.21875
113.8625030517578125 112.2375030517578125 109.5 106.0500030517578125 110.71250152587890625 115.69374847412109375 116.8562469482421875 116.59999847412109375 116.3249969482421875 115.5437469482421875 112.2312469482421875 108.5812530517578125 106.3000030517578125 105.08750152587890625 103.1687469482421875 102.5812530517578125 101.0437469482421875 97.6374969482421875 94.96250152587890625 92.19374847412109375 86.59999847412109375 80.15625 74.7375030517578125 69.80625152587890625 65.3874969482421875 61.3125 60.0625 59.825000762939453125 58.418750762939453125 54.31874847412109375 50.40625 47.43125152587890625 44.18125152587890625 41.231250762939453125 38.38124847412109375 37.206249237060546875 35.950000762939453125 35.262500762939453125 35.25624847412109375 34.762500762939453125 33.4375 33.575000762939453125 33.950000762939453125 34.78749847412109375
115.2312469482421875 113.5812530517578125 110.34375 106.6125030517578125 107.125 108.22499847412109375 110.41249847412109375 111.5500030517578125 110.5749969482421875 108.91249847412109375 107.3562469482421875 105.3937530517578125 104.30625152587890625 103.1687469482421875 101.80625152587890625 101.14374542236328125 99.77500152587890625 96.3937530517578125 92.1999969482421875 87.6374969482421875 80.9812469482421875 74.3125 67.76874542236328125 62.700000762939453125 58.643749237060546875 54.94374847412109375 53.84375 53.46250152587890625 51.831249237060546875 47.862499237060546875 44.44374847412109375 41.1875 38.3125 35.637500762939453125 32.93125152587890625 31.193750381469726562 29.862499237060546875 29.306249618530273438 29.668750762939453125 28.487499237060546875 27.106250762939453125 26.899999618530273438 27.237499237060546875 28.100000381469726562
117.08750152587890625 114.8874969482421875 111.58750152587890625 109.83750152587890625 109.9250030517578125 110.8937530517578125 109.3125 105.40625 102.40625 101.7624969482421875 102.3874969482421875 102.0500030517578125 101.93125152587890625 101.1437530517578125 100.6999969482421875 98.9812469482421875 97.4499969482421875 93.8874969482421875 89.1374969482421875 82.375 75.5749969482421875 68.36875152587890625 61.668750762939453125 56.28749847412109375 51.975002288818359375 48.375 47.11875152587890625 46.38124847412109375 45.331249237060546875 41.825000762939453125 38.72499847412109375 35.69374847412109375 32.825000762939453125 30.3125 27.399999618530273438 25.524999618530273438 24.012500762939453125 22.918748855590820312 22.450000762939453125 21.524999618530273438 20.331249237060546875 20.118749618530273438 20.40625 20.956249237060546875
119.8000030517578125 117.9812469482421875 115.5749969482421875 113.68125152587890625 113.2624969482421875 112.78749847412109375 111.03125 107.08750152587890625 102.3312530517578125 98.84999847412109375 99.38750457763671875 99.46875 100.7624969482421875 99.8874969482421875 98.44374847412109375 96.05625152587890625 93.60625457763671875 89.6687469482421875 85.27500152587890625 78.2937469482421875 70.4375 63.581249237060546875 56.00624847412109375 51.47499847412109375 46.875 43 41.875 41.52500152587890625 41 37.88124847412109375 35.44374847412109375 32.043750762939453125 28.743749618530273438 25.668750762939453125 23 21.512500762939453125 20.106250762939453125 18.700000762939453125 17.8125 16.837499618530273438 15.762499809265136719 15.487500190734863281 15.650000572204589844 16.049999237060546875
121.21250152587890625 119.6437530517578125 117.7062530517578125 115.9499969482421875 116.08750152587890625 115.56874847412109375 113.61875152587890625 109.25 105.1999969482421875 102.19374847412109375 100.59375 99.3000030517578125 99.7375030517578125 99.5812530517578125 96.16249847412109375 93.1875 88.9375 84.5437469482421875 79.97499847412109375 74.2312469482421875 66.46875 58.549999237060546875 50.893749237060546875 46.075000762939453125 41.28749847412109375 37.69374847412109375 36.875 36.65000152587890625 36.299999237060546875 34.081249237060546875 31.356250762939453125 28.331249237060546875 25.081249237060546875 22.3125 19.75 18.131250381469726562 16.743749618530273438 15.28125 14.143750190734863281 13.143750190734863281 12.112500190734863281 11.868749618530273438 11.587499618530273438 11.743749618530273438
124.3249969482421875 122.4812469482421875 120.6062469482421875 118.69374847412109375 118.28125 118.6750030517578125 116.84375 111.0187530517578125 106.3249969482421875 103.41249847412109375 101.91249847412109375 100.9875030517578125 99.5749969482421875 97.90000152587890625 93.0437469482421875 88.4875030517578125 83.0812530517578125 78.5625 74.05625152587890625 69.125 62.71875 54.831249237060546875 46.918750762939453125 40.362499237060546875 36.34999847412109375 33.9375 33.331249237060546875 32.71875 31.962499618530273438 30.006250381469726562 27.825000762939453125 25.21875 22.181249618530273438 19.350000381469726562 16.875 15.225000381469726562 13.806249618530273438 12.350000381469726562 11.356249809265136719 10.225000381469726562 9.1374998092651367188 8.78125 8.6687498092651367188 8.4875001907348632812
126 124 122.21250152587890625 121.2312469482421875 120.625 120.6062469482421875 119.53125 113.99375152587890625 108.3937530517578125 104.44374847412109375 102.6687469482421875 101.13124847412109375 97.1687469482421875 93.3125 89.36875152587890625 84.1875 79.09375 73.84999847412109375 69.5124969482421875 65.90625 60.47499847412109375 52.52500152587890625 44.262500762939453125 37.55625152587890625 33.28749847412109375 30.53125 29.743749618530273438 29.225000381469726562 28.325000762939453125 26.693750381469726562 24.768749237060546875 22.587499618530273438 19.837499618530273438 17.393749237060546875 15.356249809265136719 13.818750381469726562 12.412500381469726562 11.112500190734863281 9.875 8.6312503814697265625 7.5687499046325683594 7.1125001907348632812 6.9437499046325683594 6.6999998092651367188
126.72499847412109375 124.53125 122.38124847412109375 120.3874969482421875 119.0437469482421875 118.5625 116.50624847412109375 111.8312530517578125 107.9875030517578125 104.77500152587890625 102.03125 99.52500152587890625 95.1125030517578125 88.2062530517578125 82.9812469482421875 78.8312530517578125 73.97499847412109375 69.28125 65.28749847412109375 61.581249237060546875 56.59999847412109375 49.450000762939453125 41.424999237060546875 35.325000762939453125 30.287500381469726562 27.337499618530273438 26.837499618530273438 26.46875 25.762500762939453125 24.149999618530273438 22.174999237060546875 20.21875 17.84375 15.481249809265136719 13.631250381469726562 12.462499618530273438 11.506250381469726562 10.449999809265136719 9.3562498092651367188 7.8375000953674316406 6.53125 6.1624999046325683594 5.8312501907348632812 5.1312499046325683594
126.3249969482421875 123.59375 120.46875 118.0124969482421875 116.5625 114.65625 112.0437469482421875 108.9812469482421875 105.69374847412109375 103.3000030517578125 99.8000030517578125 94.66249847412109375 89.46875 82.84375 76.15625 72.625 68.28749847412109375 63.68125152587890625 59.44374847412109375 55.950000762939453125 51.012500762939453125 44.24375152587890625 37.549999237060546875 33.03125 28.737499237060546875 25.53125 24.706249237060546875 24.050001144409179688 23.149999618530273438 21.75 20.362499237060546875 18.493749618530273438 16.143749237060546875 13.975000381469726562 12.34375 11.606249809265136719 11.0625 10.5 9.5687503814697265625 8.1625003814697265625 6.3000001907348632812 5.4000000953674316406 5.0625 4.7687501907348632812
124.34999847412109375 120.7624969482421875 117.28125 114.7375030517578125 113.1062469482421875 109.46875 107.6374969482421875 104.44374847412109375 101.2624969482421875 99.46875 95.2937469482421875 89.52500152587890625 83.4875030517578125 76.90625 69.90625 65.4375 61.9375 58.325000762939453125 54.18125152587890625 51.03125 46.5625 40.96875 35.418750762939453125 32.03749847412109375 28.975000381469726562 26.03125 24.71875 23.368749618530273438 21.993749618530273438 20.725000381469726562 18.950000762939453125 17.206249237060546875 15.162500381469726562 13.050000190734863281 11.243749618530273438 10.918749809265136719 11.149999618530273438 11.425000190734863281 11.006250381469726562 9.5062503814697265625 7.7375001907348632812 6.5062499046325683594 5.8375000953674316406 5.2375001907348632812
121 116.97499847412109375 114.0812530517578125 111.19374847412109375 108.3249969482421875 105.88124847412109375 103.28749847412109375 99.9562530517578125 97.4375 95.66249847412109375 91.34999847412109375 84.5812530517578125 77.86875152587890625 71.44374847412109375 64.9499969482421875 59.15000152587890625 55.78749847412109375 53.25 49.66249847412109375 47.00624847412109375 42.637500762939453125 38.24375152587890625 34.075000762939453125 31.837499618530273438 29.362499237060546875 26.318750381469726562 24.518749237060546875 23.0625 21.643749237060546875 20.125 18.856250762939453125 16.96875 14.631250381469726562 12.649999618530273438 10.743750572204589844 10.981249809265136719 11.875 12.337499618530273438 12.53125 11.399999618530273438 9.8937501907348632812 8.1437501907348632812 6.6812500953674316406 5.5999999046325683594
116.03749847412109375 112.59375 110.25 107.5625 104.4562530517578125 102.22499847412109375 99.52500152587890625 96.75 94.15000152587890625 91.5500030517578125 87.7937469482421875 80.6437530517578125 73.02500152587890625 66.2375030517578125 61.11875152587890625 56.0625 50.875 48.18125152587890625 45.887500762939453125 43.375 39.25624847412109375 35.512500762939453125 32.606250762939453125 31.59375 29.824998855590820312 26.381250381469726562 24.393749237060546875 22.806249618530273438 21.412500381469726562 20.174999237060546875 19.356250762939453125 18.28125 15.637499809265136719 13.362500190734863281 12.300000190734863281 12.268750190734863281 12.831250190734863281 14.143750190734863281 15.300000190734863281 13.381249427795410156 11.087499618530273438 8.9750003814697265625 7.0749998092651367188 5.96875
110.8000030517578125 107.8625030517578125 104.71875 102.1437530517578125 99.9812469482421875 97.84999847412109375 94.78125 91.59375 89.6062469482421875 86.65000152587890625 82.9499969482421875 76.21250152587890625 68.94374847412109375 62.5 57.549999237060546875 53.1875 48.56874847412109375 43.93125152587890625 42.59999847412109375 40.15000152587890625 36.68125152587890625 33.049999237060546875 30.606250762939453125 30.28125 29.174999237060546875 26.212499618530273438 24.612499237060546875 23.09375 21.518749237060546875 20.149999618530273438 19.28125 18.337499618530273438 17.456249237060546875 16.306249618530273438 14.425000190734863281 13.331250190734863281 14.168749809265136719 15.100000381469726562 15.09375 13.493749618530273438 10.84375 8.8312501907348632812 7.1937499046325683594 6.3312501907348632812
105.3625030517578125 102.2062530517578125 99.0187530517578125 97.0124969482421875 94.7062530517578125 92.75 89.78125 87.52500152587890625 85.34375 82.59999847412109375 78.9250030517578125 72.2375030517578125 65.125 59.206249237060546875 54.174999237060546875 50.606250762939453125 46.78125 42.075000762939453125 39.299999237060546875 37.16249847412109375 34.6875 33.0625 28.28125 27.950000762939453125 27.481250762939453125 26.174999237060546875 25.112499237060546875 23.549999237060546875 22.5 21.012500762939453125 19.887500762939453125 20.412500381469726562 20.899999618530273438 19.524999618530273438 17.631250381469726562 16.293750762939453125 15.662500381469726562 15.024999618530273438 14.149999618530273438 12.362500190734863281 10.131250381469726562 8.5 7.2312498092651367188 6.5437498092651367188
