data/historical-monthly-weather-data/wc2.1_cruts4.09_10m_prec_2005-06.asc
ncols        51
nrows        45
xllcorner    -63.500000000000
yllcorner    -7.500000000000
cellsize     0.166666666667
NODATA_value -9999
[rows 19 to 37 of 45, columns 0 to 42 of 51]
113.4187469482421875 117.8125 118.3937530517578125 117.22499847412109375 117.84999847412109375 119.21875 116.9562530517578125 113.1999969482421875 113.30625152587890625 111.66249847412109375 108.46250152587890625 102.65625 95.3000030517578125 87.8125 81.15625 71.21250152587890625 64.53125 63.581249237060546875 58.53749847412109375 57.581249237060546875 53.49375152587890625 54.86875152587890625 60.125 64.9187469482421875 66.93125152587890625 69.53749847412109375 74.68125152587890625 85.06874847412109375 89.2062530517578125 92.1437530517578125 97.88750457763671875 114.53125 122.53125 127.59375 134.5250091552734375 147.96875 157.868743896484375 158.59375 158.193756103515625 154.90625 144.0812530517578125 130.4375 133.212493896484375
98.9250030517578125 108.43125152587890625 112.0124969482421875 111.6750030517578125 108.625 107.6687469482421875 107.8937530517578125 106.13124847412109375 105.34999847412109375 103.09999847412109375 101.52500152587890625 96.21875 89.6062469482421875 81.53125 73.9375 68.28749847412109375 61.549999237060546875 58.424999237060546875 58.4375 56.28749847412109375 59.112499237060546875 61.33750152587890625 65.1999969482421875 72.3000030517578125 76.19374847412109375 77.0625 76.40625 82 88.15000152587890625 95.53749847412109375 103.1125030517578125 115.22499847412109375 115.1750030517578125 118.56874847412109375 123.46875 135.8000030517578125 146.90625 151.381256103515625 147.850006103515625 143.6750030517578125 137.8937530517578125 128.28125 128.681243896484375
91.4499969482421875 95.5749969482421875 100.91249847412109375 103.6750030517578125 102.47499847412109375 99.94374847412109375 99.125 97.2312469482421875 96.21875 96.41249847412109375 94.90625 89.03749847412109375 83.09375 78.6062469482421875 73.7375030517578125 66.11875152587890625 65.24375152587890625 61.08750152587890625 61.31874847412109375 59.96875 59.731250762939453125 64.63124847412109375 68.97499847412109375 72.59375 75.03125 76.9375 82.3937530517578125 84.86249542236328125 93.625 101.09999847412109375 104.8625030517578125 107.46250152587890625 109.65625 116.0500030517578125 118.6437530517578125 125.63124847412109375 134.6062469482421875 142.3312530517578125 142.743743896484375 140.5625 135.1062469482421875 129.475006103515625 129.5437469482421875
84.65000152587890625 93.8625030517578125 98.4187469482421875 100.31874847412109375 99.2062530517578125 95.4875030517578125 89.5500030517578125 86.8562469482421875 89.18125152587890625 89.08750152587890625 87.5749969482421875 85.2687530517578125 83.81874847412109375 81.1374969482421875 75.9250030517578125 70.04999542236328125 64.47499847412109375 61.38124847412109375 61.075000762939453125 61.65625 64.9812469482421875 66.75 68.4187469482421875 72.9375 79.15625 81.47499847412109375 83.75624847412109375 88.05625152587890625 94.6999969482421875 96.80625152587890625 99.59375 104.16249847412109375 104.66249847412109375 106.53125 113.3937530517578125 116.4875030517578125 121.55625152587890625 129.681243896484375 135.556243896484375 137.2062530517578125 133.2062530517578125 130.0374908447265625 129.2375030517578125
75.63124847412109375 84.8562469482421875 92.3125 92.3874969482421875 90.7375030517578125 87.5812530517578125 86.4499969482421875 83.80625152587890625 82.36875152587890625 80.71875 82.99375152587890625 85.02500152587890625 82.94374847412109375 82.40000152587890625 75.53125 70.22499847412109375 65.75624847412109375 65.1687469482421875 64.49375152587890625 64.27500152587890625 67.0124969482421875 70.68125152587890625 71.78125 79.24375152587890625 82.56874847412109375 83.61875152587890625 89.28749847412109375 88.46875 90.9875030517578125 94.2375030517578125 96.2937469482421875 99.68125152587890625 101.63124847412109375 101.4562530517578125 106.52500152587890625 108.38124847412109375 115.13124847412109375 122.96250152587890625 127.0124969482421875 128.443756103515625 127.56874847412109375 126.8625030517578125 127.1062469482421875
66.41249847412109375 75.5625 81.71250152587890625 85.69374847412109375 86.02500152587890625 83.38124847412109375 81.38124847412109375 80.47499847412109375 78.86875152587890625 79.9499969482421875 80.0124969482421875 80.47499847412109375 81.91249847412109375 79.16249847412109375 73.21250152587890625 68.7375030517578125 65.8937530517578125 64.36875152587890625 64.90000152587890625 66.5812530517578125 69.3125 71.5437469482421875 76.34999847412109375 82.7937469482421875 83.625 84.81874847412109375 87.09375 88.38124847412109375 89.52500152587890625 92.4499969482421875 91.28125 91.55625152587890625 93.0625 96.25624847412109375 99.56874847412109375 103.71250152587890625 109.1750030517578125 113.88124847412109375 120.2312469482421875 122.96250152587890625 123.3000030517578125 124.58750152587890625 126.84375
60.762500762939453125 70.2624969482421875 72.6062469482421875 76.69374847412109375 77.1687469482421875 76.13124847412109375 74.18125152587890625 74.0437469482421875 71.2624969482421875 70.5437469482421875 73.6374969482421875 75.02500152587890625 76.9187469482421875 76.19374847412109375 72.5625 67.16249847412109375 64.84375 65.43125152587890625 66.46875 66.38124847412109375 69.7062530517578125 72.94374847412109375 77.0812530517578125 82.28749847412109375 85.53749847412109375 85.38124847412109375 87.09999847412109375 88.18125152587890625 86.90625 88.0187530517578125 86.4499969482421875 86.05625152587890625 87.3625030517578125 89.46875 92.28125 98.84999847412109375 104.5500030517578125 107.46875 111.15625 116.95624542236328125 117.99375152587890625 113.0500030517578125 114.5124969482421875
56.237499237060546875 60.84375 65.2624969482421875 68.1687469482421875 68.8562469482421875 68.75624847412109375 67.80625152587890625 65.0437469482421875 64.3874969482421875 67.66249847412109375 71.2687530517578125 73.18125152587890625 74.30625152587890625 75.3562469482421875 73.1062469482421875 70.18125152587890625 66.80625152587890625 65.15625 66.7937469482421875 66.86249542236328125 68.7312469482421875 72.18125152587890625 77.0124969482421875 85.03749847412109375 84.9562530517578125 84.9875030517578125 86.68125152587890625 86.1374969482421875 84.875 84.4875030517578125 84.3249969482421875 81.3000030517578125 81.74375152587890625 84.1062469482421875 87.34999847412109375 92.3937530517578125 99.55625152587890625 102.6437530517578125 104.56874847412109375 111.1437530517578125 114.69374847412109375 112.0124969482421875 109.21875
52.58750152587890625 54.424999237060546875 57.637500762939453125 58.731250762939453125 59.5 60.8125 61.03749847412109375 59.72499847412109375 60.63124847412109375 64.1750030517578125 66.7624969482421875 69.8874969482421875 71.55625152587890625 72.68125152587890625 70.7375030517578125 68.36875152587890625 65.74375152587890625 65.8125 64.9499969482421875 66.3625030517578125 69 70.72499847412109375 76.30625152587890625 81.21875 82.80625152587890625 82.34375 83.7375030517578125 83.09375 84.16249847412109375 84.7062530517578125 83.0749969482421875 81.3562469482421875 80.4250030517578125 79.49375152587890625 84.5 89.02500152587890625 95.88124847412109375 98.4812469482421875 102.25624847412109375 107.3312530517578125 111.03125 111.66249847412109375 103.81874847412109375
48.049999237060546875 50.668750762939453125 50.700000762939453125 50.768749237060546875 52.19374847412109375 51.80625152587890625 53.06874847412109375 54.625 57.31874847412109375 59.69374847412109375 62.88124847412109375 66.0625 69.4875030517578125 71.6875 70.16249847412109375 68.3312530517578125 66.9812469482421875 65.78125 66.2937469482421875 67.4812469482421875 68.2375030517578125 69.3562469482421875 72.1999969482421875 76.11875152587890625 78.3125 77.90000152587890625 81.1437530517578125 82.99375152587890625 83.1125030517578125 81.3312530517578125 78.8625030517578125 78.25624847412109375 76.96875 78.59375 80.75 84.75624847412109375 92.56874847412109375 93.41249847412109375 97.40000152587890625 100.78749847412109375 102.5124969482421875 100.96875 98.7375030517578125
45.200000762939453125 46.08750152587890625 46.25 45.84999847412109375 46.49375152587890625 47.83750152587890625 49.0625 52.15000152587890625 54.456249237060546875 57.575000762939453125 60.80625152587890625 64.84999847412109375 68.8000030517578125 71.6875 69.99375152587890625 67.84999847412109375 66.43125152587890625 66.91249847412109375 64.9375 63.700000762939453125 66.16249847412109375 67.4875030517578125 69.78749847412109375 73.28125 74.1374969482421875 76.69374847412109375 78.72499847412109375 79.625 80.125 77.75 75.8000030517578125 74.5749969482421875 75.0625 76.9875030517578125 80.41249847412109375 82.4499969482421875 91.00624847412109375 91.9375 90.9499969482421875 97.7312469482421875 98.4499969482421875 96.31874847412109375 96.78125
43.299999237060546875 43.043750762939453125 42.53749847412109375 42.55625152587890625 43.125 44.40625 46.637500762939453125 49.1875 51.61875152587890625 55.418750762939453125 59.200000762939453125 62.49375152587890625 67.5749969482421875 67.81874847412109375 67.7062530517578125 68.6750030517578125 68.41249847412109375 66.65000152587890625 64.9562530517578125 64.3562469482421875 65.0500030517578125 64.90000152587890625 66.78749847412109375 70.31874847412109375 71.80625152587890625 74.3562469482421875 75.61875152587890625 76.94374847412109375 76.8562469482421875 75.0437469482421875 75.5124969482421875 74.52500152587890625 74.03749847412109375 74.22499847412109375 77 79.3562469482421875 86.02500152587890625 88.9812469482421875 88.21875 87.4499969482421875 90.3625030517578125 88.6062469482421875 88.2937469482421875
41.21250152587890625 40.5625 39.49375152587890625 39.97499847412109375 41.5 42.83750152587890625 44.63124847412109375 46.799999237060546875 49.84375 52.649997711181640625 55.200000762939453125 59.16249847412109375 62.19374847412109375 65.6875 67.3312530517578125 67.93125152587890625 66.19374847412109375 64.49375152587890625 63.36875152587890625 62.96250152587890625 63.168750762939453125 63.575000762939453125 63.424999237060546875 65.96875 69.00624847412109375 70.63124847412109375 72.6999969482421875 74.05625152587890625 73.8562469482421875 75.4812469482421875 74.4499969482421875 72.9875030517578125 73.2062530517578125 72.96250152587890625 74.72499847412109375 75.90000152587890625 79.99375152587890625 80.69374847412109375 82.27500152587890625 82.78125 85.6750030517578125 84.52500152587890625 82.8874969482421875
39.762500762939453125 39.106250762939453125 38.97499847412109375 39.512500762939453125 39.75624847412109375 41.28749847412109375 43.174999237060546875 45.58750152587890625 47.887500762939453125 50.768749237060546875 55.262500762939453125 58.50624847412109375 62.09999847412109375 66.9875030517578125 69.1687469482421875 67.98749542236328125 66.2624969482421875 66.0625 64.75624847412109375 63.78125 62.25 61.581249237060546875 62.174999237060546875 64.5 66.28749847412109375 68.08750152587890625 69.6062469482421875 70.5 71.5625 73.0749969482421875 73.0124969482421875 70.4875030517578125 71.06874847412109375 72.71250152587890625 73.1750030517578125 73.88124847412109375 74.93125152587890625 75.28125 76.4187469482421875 79.8562469482421875 82.0625 80.40000152587890625 77.3000030517578125
38.25 38.125 39.00624847412109375 39.200000762939453125 39.16249847412109375 40.30625152587890625 42.549999237060546875 43.9375 46 48.487499237060546875 53.043750762939453125 58.13124847412109375 62.231250762939453125 65.50624847412109375 66.9375 68.31874847412109375 68.74375152587890625 66.84999847412109375 63.918750762939453125 62.78749847412109375 61.99375152587890625 60.71875 61.768749237060546875 62.3125 64.3625030517578125 64.7375030517578125 67.28749847412109375 68.40000152587890625 70.65625 71.43125152587890625 72.1437530517578125 71.5812530517578125 69.2624969482421875 69.41249847412109375 71.0625 71.5812530517578125 71.6687469482421875 71.4250030517578125 72.52500152587890625 74.1750030517578125 74.1125030517578125 74.3562469482421875 72.84375
37.72499847412109375 36.83750152587890625 38.18125152587890625 39.293750762939453125 39.299999237060546875 39.28749847412109375 40.268749237060546875 42.168750762939453125 44.418750762939453125 46.90625 52.84999847412109375 58.612499237060546875 63.331249237060546875 69.22499847412109375 71.02500152587890625 70.8562469482421875 69.71250152587890625 65.8874969482421875 62.8125 59.31874847412109375 60.40625 58.325000762939453125 58.043750762939453125 58.668750762939453125 62.081249237060546875 63.262500762939453125 64.90000152587890625 65.22499847412109375 66.7624969482421875 67.2937469482421875 68.6750030517578125 69.3312530517578125 66.59999847412109375 66.36875152587890625 66.3312530517578125 67.46875 66.11875152587890625 68.84999847412109375 67.66249847412109375 68.74375152587890625 68.4875030517578125 66.80625152587890625 66.15625
38.34999847412109375 37.325000762939453125 38.06874847412109375 39.13124847412109375 39.606250762939453125 39.97499847412109375 40.80625152587890625 41.71875 43.262500762939453125 45.456249237060546875 49.674999237060546875 58.143749237060546875 64.9812469482421875 69.9375 72.19374847412109375 72.47499847412109375 70.7312469482421875 65.28125 61.40625 57.25 56.52500152587890625 57.08750152587890625 56.09375 56.44374847412109375 59.174999237060546875 60.02500152587890625 61.25 61.668750762939453125 63.91249847412109375 64 64.0187530517578125 64.81874847412109375 63.65000152587890625 62.41249847412109375 60.956249237060546875 61.93125152587890625 63.61875152587890625 63.012500762939453125 62.94374847412109375 64.28125 63.96250152587890625 61.674999237060546875 60.59375
37.831249237060546875 38.243747711181640625 37.99375152587890625 39.106250762939453125 40.16249847412109375 40.581249237060546875 41.15625 42.606250762939453125 43.737499237060546875 43.55625152587890625 49.549999237060546875 60.018749237060546875 67.5500030517578125 70.8312530517578125 73.03749847412109375 73.15000152587890625 71.90625 67.13124847412109375 62.518749237060546875 56.481250762939453125 54.549999237060546875 55.56874847412109375 54.375 55 55.612499237060546875 56.424999237060546875 58.93125152587890625 59.19374847412109375 59.549999237060546875 58.66249847412109375 60.43125152587890625 59.84999847412109375 59.606250762939453125 59.174999237060546875 57.65000152587890625 58.143749237060546875 59.512500762939453125 60.50624847412109375 59.03749847412109375 58.268749237060546875 57.69374847412109375 57.4375 54.950000762939453125
36.987499237060546875 37.581249237060546875 38.237499237060546875 39.793750762939453125 40.46875 41.299999237060546875 42.549999237060546875 43.856250762939453125 45.71250152587890625 45.268749237060546875 54.78749847412109375 64.8625030517578125 69.7375030517578125 73.36875152587890625 73.3625030517578125 73.1125030517578125 71.4187469482421875 67.46250152587890625 63.549999237060546875 58.46875 55.231250762939453125 54.34999847412109375 52.268749237060546875 52.84375 52.75624847412109375 54.450000762939453125 56.46250152587890625 56.40625 56.375 54.80625152587890625 54.893749237060546875 56.52500152587890625 56.69374847412109375 55.1875 53.97499847412109375 54.61875152587890625 55.200000762939453125 55.068752288818359375 56.887500762939453125 55.02500152587890625 53.59375 53.950000762939453125 51.049999237060546875
