data/historical-monthly-weather-data/wc2.1_cruts4.09_10m_prec_1962-07.asc
ncols        45
nrows        45
xllcorner    -63.500000000000
yllcorner    -7.500000000000
cellsize     0.166666666667
NODATA_value -9999
[rows 0 to 18 of 45, columns 0 to 42 of 45]
466.07501220703125 457.61248779296875 443.537506103515625 437.54376220703125 424.90625 411.23126220703125 397.13751220703125 379.625 369.306243896484375 361.881256103515625 347.912506103515625 333.462493896484375 317.48126220703125 306.524993896484375 297.100006103515625 284.48126220703125 271.8125 255.8499908447265625 242.837493896484375 233.8249969482421875 228.1875 217.28125 208.3937530517578125 201.6750030517578125 197.662506103515625 190.5437469482421875 188.1374969482421875 186.524993896484375 182.7687530517578125 182.693756103515625 175.3125 172.412506103515625 174.618743896484375 173.2687530517578125 171.493743896484375 167.912506103515625 161.131256103515625 162.899993896484375 157.037506103515625 152.524993896484375 153.59375 155.4812469482421875 152.5187530517578125
449.943756103515625 441.618743896484375 429.82501220703125 427.056243896484375 420.818756103515625 408.66876220703125 394.28125 380.100006103515625 369.71875 357.6875 342.649993896484375 325.54376220703125 309.10626220703125 294.90625 281.037506103515625 268.037506103515625 254.0124969482421875 239.381256103515625 227.7687530517578125 217.4312591552734375 206.21875 199.96875 193.556243896484375 191.6875 183.962493896484375 179 178.0812530517578125 177.8874969482421875 173.5500030517578125 170.2312469482421875 167.462493896484375 169.693756103515625 170.9375 173.1437530517578125 172.493743896484375 166.3249969482421875 160.0124969482421875 159.1750030517578125 152.875 150.2312469482421875 152.84375 151.8562469482421875 150.28125
405.837493896484375 408.48748779296875 406.98748779296875 401.04998779296875 392.193756103515625 378.881256103515625 368.787506103515625 362.79376220703125 354.76873779296875 342.83123779296875 328.125 308.73126220703125 295.36248779296875 276.41876220703125 261.13751220703125 246.8312530517578125 234.118743896484375 220.381256103515625 208.212493896484375 200.118743896484375 190.006256103515625 184.9875030517578125 180.4250030517578125 177.7312469482421875 172.6437530517578125 165.975006103515625 170.25 169.712493896484375 167.431243896484375 166.306243896484375 164.6125030517578125 161.506256103515625 164.118743896484375 169.40625 163.90625 156.9250030517578125 154.631256103515625 155.837493896484375 148.993743896484375 146.90625 148.3562469482421875 148.375 145.337493896484375
366.712493896484375 363.71875 369.668731689453125 372.95623779296875 363.45623779296875 348.95001220703125 338.8125 339.131256103515625 337.13751220703125 328.45001220703125 308.743743896484375 289.912506103515625 274.8125 261.95001220703125 244.037506103515625 227.0812530517578125 212.6062469482421875 201.0625 192.5187530517578125 189.3249969482421875 181.15625 171.7312469482421875 166.7624969482421875 165.9499969482421875 162.6687469482421875 158.056243896484375 159.537506103515625 156.568756103515625 158.0437469482421875 162.3187408447265625 161.8125 158.693756103515625 156.8937530517578125 156.15625 152.8874969482421875 154.3562469482421875 154.631256103515625 149.587493896484375 145.1437530517578125 142.1687469482421875 145.5437469482421875 147.506256103515625 144.5812530517578125
367.01873779296875 349.51251220703125 330.67498779296875 334.28125 337.85626220703125 323.66876220703125 318.36248779296875 318.306243896484375 314.962493896484375 305.09375 294.181243896484375 274.36248779296875 259.399993896484375 245.0812530517578125 227.087493896484375 210.943756103515625 195.931243896484375 186.8000030517578125 175.7312469482421875 171.6687469482421875 167.0187530517578125 158.318756103515625 152.537506103515625 155.9875030517578125 152.493743896484375 147.9187469482421875 147.6437530517578125 150.631256103515625 151.881256103515625 152.375 154.306243896484375 154.649993896484375 155.8125 154.0500030517578125 150.962493896484375 147.100006103515625 147.162506103515625 145.7687530517578125 140.399993896484375 139.256256103515625 141.40625 139.7312469482421875 140.287506103515625
344.26873779296875 337.76251220703125 323.71875 293.225006103515625 301.5625 309.381256103515625 303.100006103515625 298.556243896484375 298.07501220703125 287.5 274.04998779296875 257.412506103515625 244.1999969482421875 225.318756103515625 212.1687469482421875 197.53125 181.181243896484375 169.59375 162.368743896484375 159.774993896484375 155.0124969482421875 148.962493896484375 145.78125 143.725006103515625 143.274993896484375 140.756256103515625 141.03125 143.256256103515625 143.493743896484375 144.493743896484375 146.475006103515625 150.649993896484375 149.5749969482421875 150.46875 146.0812530517578125 144.056243896484375 138.2375030517578125 137.25 137.0812530517578125 138.6437530517578125 135.493743896484375 136.3000030517578125 134.943756103515625
327.07501220703125 322.32501220703125 311.274993896484375 296.33123779296875 284.037506103515625 272.506256103515625 274.9375 276.36248779296875 270.54376220703125 263.98748779296875 254.9562530517578125 235.681243896484375 226.3125 211.2624969482421875 195.899993896484375 184.3312530517578125 172.225006103515625 157.84375 146.9562530517578125 147.6125030517578125 143.1125030517578125 137.5187530517578125 133.493743896484375 134.5625 133.8625030517578125 134.3000030517578125 137.850006103515625 136.212493896484375 134.868743896484375 139.837493896484375 141.100006103515625 140.7312469482421875 139.6687469482421875 142.556243896484375 142.5812530517578125 138.587493896484375 132.7062530517578125 130.0437469482421875 131.475006103515625 134.2375030517578125 130.868743896484375 128.8000030517578125 129.1062469482421875
315.618743896484375 306.29376220703125 299.131256103515625 290.88751220703125 283.725006103515625 281.33123779296875 266.118743896484375 244.381256103515625 234.6125030517578125 230.3249969482421875 224.7624969482421875 214.84375 205.8312530517578125 192.34375 181.8000030517578125 171.1875 158.943756103515625 146.899993896484375 137.5437469482421875 131.6062469482421875 132.3312530517578125 130.1999969482421875 125.7687530517578125 126.6374969482421875 128.4499969482421875 125.7937469482421875 128.774993896484375 126.46875 128.787506103515625 130.1875 135.5437469482421875 135.6437530517578125 135.818756103515625 135.1062469482421875 133.3125 127.8312530517578125 123.25 121.3125 120 119.50624847412109375 118.2937469482421875 118.74375152587890625 118.5500030517578125
303.850006103515625 296.42498779296875 287.40625 284.01251220703125 280.631256103515625 272.024993896484375 260.25 246.5 229.256256103515625 211.975006103515625 202.818756103515625 191 189.5124969482421875 177.4375 167.78125 158.024993896484375 149.787506103515625 142.5625 138.287506103515625 126.99375152587890625 122.49375152587890625 124.09999847412109375 120.6125030517578125 123.44374847412109375 124.5437469482421875 119.375 119.09375 123.08750152587890625 126.02500152587890625 126.15625 131.75 128.5437469482421875 123.1750030517578125 120.28749847412109375 119.80625152587890625 120.16249847412109375 119.0187530517578125 118.59375 115.33750152587890625 112.28125 110.11875152587890625 109.5124969482421875 110.0812530517578125
288.337493896484375 283.975006103515625 278.962493896484375 276.16876220703125 272.931243896484375 268.42498779296875 256.556243896484375 243.5749969482421875 229.4187469482421875 216.631256103515625 199.875 180.9562530517578125 175.431243896484375 166.493743896484375 158.462493896484375 151.337493896484375 141.350006103515625 138.5625 135.1687469482421875 128.350006103515625 123.21250152587890625 117.4875030517578125 112.3874969482421875 115.3625030517578125 115.56874847412109375 115.43125152587890625 115.03125 117.6374969482421875 118.46875 119.2312469482421875 122.03125 118.75624847412109375 116.05625152587890625 112.6999969482421875 110.3874969482421875 111.7937469482421875 112.03125 112.22499847412109375 109.8249969482421875 109.8562469482421875 109.81874847412109375 107.40625 103.56874847412109375
278.90625 275.868743896484375 269.943756103515625 269.23748779296875 265.29998779296875 261.0625 251.381256103515625 233.631256103515625 215.5749969482421875 203.537506103515625 192.475006103515625 177.743743896484375 161.850006103515625 155.4375 145.5500030517578125 138.6875 133.881256103515625 131.662506103515625 128.5749969482421875 127.6999969482421875 126.53125 119.38124847412109375 109.84375 104.0124969482421875 109.5625 115.84999847412109375 116.1750030517578125 116.00624847412109375 112.49375152587890625 112.70000457763671875 113.33750152587890625 113.1687469482421875 111.3562469482421875 107.00624847412109375 106.06874847412109375 105.8874969482421875 106.28125 103.91249847412109375 106.84999847412109375 105.72499847412109375 103.1687469482421875 100.13124847412109375 99.09375
268.837493896484375 263.51873779296875 259.043731689453125 259.3125 257.48126220703125 253.443756103515625 246.125 229.556243896484375 208.7937469482421875 191.006256103515625 178.524993896484375 169.5749969482421875 152.25 143.162506103515625 139.306243896484375 130.4562530517578125 125.90000152587890625 123.90625 121.9499969482421875 123.24375152587890625 126.41249847412109375 121.3874969482421875 115.71250152587890625 107.8874969482421875 106.77500152587890625 104.16249847412109375 104.84999847412109375 107.16249847412109375 106.16249847412109375 105.34375 102.80625152587890625 102.47499847412109375 102.125 100.43125152587890625 100.97499847412109375 102.2375030517578125 101.0187530517578125 101.9562530517578125 98.7937469482421875 98.1437530517578125 95.23749542236328125 94.5500030517578125 89.49375152587890625
250.96875 250.225006103515625 248.850006103515625 245.78125 241.631256103515625 238.3249969482421875 228.774993896484375 211.8562469482421875 193.662506103515625 181.1999969482421875 170.9875030517578125 159.3625030517578125 149.65625 131.9875030517578125 124.18125152587890625 121.75 117.58750152587890625 117.0625 115.86875152587890625 115.2312469482421875 116.25624847412109375 112.5812530517578125 109.9187469482421875 104.83750152587890625 98.6374969482421875 96.40000152587890625 97.99375152587890625 100.5749969482421875 100.2624969482421875 98.22499847412109375 95.33750152587890625 91.96875 93.4562530517578125 92.88124847412109375 93.0749969482421875 95.0749969482421875 97.5 100.61875152587890625 101.95000457763671875 96.86875152587890625 90.5 87.5124969482421875 79.88124847412109375
236.4187469482421875 235.149993896484375 234.3249969482421875 230.25 224.837493896484375 218.306243896484375 208.443756103515625 194.5437469482421875 183.7312469482421875 169.431243896484375 159.068756103515625 149.8249969482421875 137.850006103515625 125.0124969482421875 110.375 110.43125152587890625 105.90625 106.6062469482421875 104.65000152587890625 104.90625 104.875 103.8937530517578125 102.1875 99.6062469482421875 94.4812469482421875 91.34999847412109375 91.0500030517578125 90.44374847412109375 89.88124847412109375 88.21875 89.0500030517578125 87.2062530517578125 85.5437469482421875 85.03749847412109375 85.75624847412109375 90.8562469482421875 96.96875 103.24375152587890625 106.6687469482421875 100.875 86.4875030517578125 78.4250030517578125 77.94374847412109375
226.1374969482421875 221.837493896484375 218.375 215.631256103515625 208.0812530517578125 199.774993896484375 194.7312469482421875 181.75 169.7375030517578125 156.943756103515625 146.9375 136.8249969482421875 127.71875 118.00624847412109375 100.625 97.09375 93.9875030517578125 94.06874847412109375 93.2375030517578125 94.375 96.51874542236328125 95.77500152587890625 94.8874969482421875 95.44374847412109375 93.9250030517578125 92.16249847412109375 91.0749969482421875 88.65625 88.33750152587890625 87.46250152587890625 83.875 82.97499847412109375 84.6125030517578125 82.61875152587890625 79.25 82.96875 93.88124847412109375 105.4187469482421875 109.88124847412109375 103.1687469482421875 94.0625 88.27500152587890625 92.6875
211.2375030517578125 207.556243896484375 204.931243896484375 199.5187530517578125 193.4562530517578125 188.9875030517578125 178.1750030517578125 166.7687530517578125 156.625 147.6750030517578125 136.6999969482421875 127.8125 119.75624847412109375 110.6687469482421875 96.78125 81.34999847412109375 80.93125152587890625 82.84999847412109375 81.90625 83.7312469482421875 85.4250030517578125 87.4562530517578125 88.77500152587890625 93.9812469482421875 94.4562530517578125 92.4562530517578125 89.15625 84.53125 84.25624847412109375 83.7687530517578125 85.31874847412109375 80.94374847412109375 78.06874847412109375 75.15625 73.0749969482421875 83.625 92.625 102.47499847412109375 109.625 111.06874847412109375 107.08750152587890625 102.2375030517578125 99.03125
197.3937530517578125 194.212493896484375 192.4250030517578125 188.943756103515625 184.2937469482421875 174.9187469482421875 167.0500030517578125 156.6437530517578125 147.4562530517578125 139.1062469482421875 129.618743896484375 119.7937469482421875 110.6062469482421875 103.75 96.8937530517578125 85.18125152587890625 73.97499847412109375 71.8937530517578125 75.0500030517578125 76.30625152587890625 77.77500152587890625 80.56874847412109375 85.0812530517578125 92.5625 96.28749847412109375 88.5812530517578125 81.8625030517578125 77.8874969482421875 79.2312469482421875 81.1437530517578125 83.0500030517578125 83.8249969482421875 80.3937530517578125 78.0437469482421875 83.9875030517578125 89.9812469482421875 100.9375 114.84999847412109375 124.7937469482421875 116.5437469482421875 109.68125152587890625 102.75624847412109375 95.00624847412109375
184.6374969482421875 184.2937469482421875 180.5500030517578125 178.8125 173.962493896484375 163.162506103515625 154.3874969482421875 146.131256103515625 137.662506103515625 126.4375 118.19374847412109375 112.22499847412109375 104.21875 97.8125 93.36875152587890625 86.4562530517578125 76.625 65.47499847412109375 69.65625 70.1687469482421875 71.5437469482421875 74.0124969482421875 81.05625152587890625 87.34375 89.81874847412109375 82.3249969482421875 75.40625 73.30625152587890625 75.36875152587890625 75.6062469482421875 73.66249847412109375 73.625 83.86875152587890625 87.4562530517578125 86.7375030517578125 96.7062530517578125 110.24375152587890625 118.96250152587890625 123.6687469482421875 117.84999847412109375 105.03125 97.83750152587890625 90.4812469482421875
172.943756103515625 172.625 167.337493896484375 164.193756103515625 161.625 153.28125 143.0500030517578125 136.493743896484375 129.6875 119.8125 111.7375030517578125 103.50624847412109375 97.3562469482421875 93.23749542236328125 86.21875 82.1750030517578125 76.0749969482421875 67.72499847412109375 62 61.293750762939453125 65.875 73.6125030517578125 68.0187530517578125 74.94374847412109375 78.0625 77.3249969482421875 73.46250152587890625 70.15625 72.3625030517578125 73.6999969482421875 73.5500030517578125 75.2687530517578125 82.4250030517578125 83.8562469482421875 85.9187469482421875 93.97499847412109375 100.8937530517578125 106.3312530517578125 111.1437530517578125 104.46250152587890625 97.61875152587890625 89.52500152587890625 84.25
