data/historical-monthly-weather-data/wc2.1_cruts4.09_10m_prec_2006-01.asc
ncols        45
nrows        45
xllcorner    -63.500000000000
yllcorner    -7.500000000000
cellsize     0.166666666667
NODATA_value -9999
[rows 0 to 19 of 45, columns 0 to 44 of 45]
196.2375030517578125 194.837493896484375 188.59375 184.9812469482421875 179.4812469482421875 177.318756103515625 172.868743896484375 165.693756103515625 158.3312530517578125 153.15625 149.4812469482421875 145.28125 139.868743896484375 131.1750030517578125 124.65000152587890625 119.9499969482421875 115.59375 109.9875030517578125 109.4875030517578125 109.03125 110.40625 113.05625152587890625 115.71250152587890625 118.22499847412109375 122.13124847412109375 125.5500030517578125 131.0437469482421875 137.9562530517578125 145.125 147.943756103515625 150.6062469482421875 153.3562469482421875 155.287506103515625 158.649993896484375 160.90625 164.5 166.0625 166.662506103515625 168.3125 169.6437530517578125 170.3937530517578125 171.975006103515625 172.7937469482421875 174.2312469482421875 177.8125
206.662506103515625 204.1687469482421875 199.3937530517578125 195.03125 191.556243896484375 189.6750030517578125 185.212493896484375 180.65625 175.2624969482421875 169.943756103515625 163.649993896484375 156.4250030517578125 148.2312469482421875 140.4875030517578125 133 126.375 120.27500152587890625 116.0812530517578125 114.7375030517578125 115.0625 117.41249847412109375 119.99375152587890625 123.11875152587890625 126.5187530517578125 129.0625 131.818756103515625 137.818756103515625 144.4812469482421875 150.6750030517578125 153.5687408447265625 155.100006103515625 156.306243896484375 157.96875 162.100006103515625 163.899993896484375 165.462493896484375 168.662506103515625 169.21875 169.818756103515625 170.46875 171.375 172.506256103515625 172.087493896484375 172.975006103515625 176.0500030517578125
214.1062469482421875 212.09375 207.25 203.3562469482421875 200.6062469482421875 198.881256103515625 196.350006103515625 194 189.462493896484375 184.1687469482421875 177.181243896484375 168.375 159.5437469482421875 150.15625 141.6437530517578125 133.1750030517578125 126.4499969482421875 122.3874969482421875 120.3937530517578125 121.5 124.30625152587890625 127.8937530517578125 130.806243896484375 133.0749969482421875 134.881256103515625 136.8562469482421875 142.8937530517578125 149.524993896484375 154.693756103515625 156.462493896484375 158.693756103515625 160.3937530517578125 163.056243896484375 164.15625 167.0437469482421875 168.4375 170.8562469482421875 172.412506103515625 172.881256103515625 172.7624969482421875 173.9562530517578125 174.225006103515625 173.7937469482421875 173.9562530517578125 175.9499969482421875
219.0437469482421875 217.568756103515625 215.65625 212.15625 211.0124969482421875 206.243743896484375 205.59375 206.03125 203.9562530517578125 200.131256103515625 191.306243896484375 180.53125 170.1125030517578125 159.7624969482421875 150.6374969482421875 141.2937469482421875 132.8937530517578125 127.40625 126.06874847412109375 128.899993896484375 133.3000030517578125 136.78125 137.649993896484375 139.6999969482421875 141.1062469482421875 142.5500030517578125 148.7062530517578125 153.7062530517578125 158.5812530517578125 160.5500030517578125 162.2624969482421875 165 166.8125 167.787506103515625 168.9562530517578125 171.618743896484375 173.1437530517578125 174.8874969482421875 175.837493896484375 176.6312408447265625 176.225006103515625 176.806243896484375 176.09375 175.0187530517578125 177.25
231.09375 226.5500030517578125 222.1062469482421875 219.9000091552734375 218.3249969482421875 215.587493896484375 213.6687469482421875 215.524993896484375 216.625 214.75 203.8312530517578125 191.7312469482421875 181.337493896484375 171.15625 161.2312469482421875 150.9375 141.056243896484375 133.03125 133.368743896484375 138.399993896484375 143.681243896484375 145.96875 146.1750030517578125 146.8000030517578125 147.0437469482421875 148.7375030517578125 152.537506103515625 157.3249969482421875 163.818756103515625 165.337493896484375 166.8937530517578125 167.0812530517578125 169.631256103515625 171.568756103515625 172.681243896484375 174.875 177.3000030517578125 177.524993896484375 178.6687469482421875 179.100006103515625 180.1999969482421875 179.5 178.6750030517578125 176.8000030517578125 178.9250030517578125
239.037506103515625 235.881256103515625 231.3249969482421875 227.243743896484375 225.1062469482421875 222.53125 221.0500030517578125 221.149993896484375 222.2624969482421875 221.7312469482421875 210.7937469482421875 200.662506103515625 191.0500030517578125 182.162506103515625 172.2562408447265625 164.287506103515625 154.3562469482421875 145.7312469482421875 147.46875 152.2312469482421875 155.15625 155.287506103515625 154.9875030517578125 153.662506103515625 153.256256103515625 153.7937469482421875 157.787506103515625 162.131256103515625 167.774993896484375 170.2624969482421875 171.2062530517578125 171.8312530517578125 172.568756103515625 174.6374969482421875 177.6374969482421875 179.5 181.5437469482421875 182.7312469482421875 184.193756103515625 185.71875 185.2624969482421875 184.818756103515625 183.118743896484375 181.2687530517578125 183.568756103515625
246.462493896484375 243.868743896484375 239.899993896484375 233.9187469482421875 229.337493896484375 224.0812530517578125 221.40625 219.6062469482421875 217.8312530517578125 214.256256103515625 210.350006103515625 204.962493896484375 199.912506103515625 193.568756103515625 186.3062591552734375 180.431243896484375 174.8937530517578125 171.8249969482421875 172.3625030517578125 171.6875 167.818756103515625 165.3687591552734375 161.443756103515625 159.3874969482421875 158.6875 157.8249969482421875 161.600006103515625 166.3000030517578125 170.71875 173.006256103515625 175.506256103515625 176.5437469482421875 176.76873779296875 177.774993896484375 179.8249969482421875 183.181243896484375 185.4875030517578125 187.662506103515625 191.0124969482421875 191.412506103515625 190.337493896484375 189.443756103515625 187.600006103515625 185.8625030517578125 188.193756103515625
255.1374969482421875 249.618743896484375 244.8937530517578125 239.837493896484375 234.287506103515625 228.65625 222.2687530517578125 213.8312530517578125 207.1750030517578125 206.8125 209.3000030517578125 209.556243896484375 208.712493896484375 204.375 200.5124969482421875 197.2312469482421875 195.6125030517578125 196.100006103515625 198.4250030517578125 191.118743896484375 180.4499969482421875 173.6999969482421875 167.6875 165.006256103515625 163.84375 161.9187469482421875 164.850006103515625 169.056243896484375 174.4187469482421875 177.2375030517578125 178.806243896484375 180.350006103515625 180.412506103515625 181.087493896484375 182.5500030517578125 185.975006103515625 189 191.756256103515625 194.6374969482421875 196.493743896484375 196.59375 195.71875 193.90625 191.6812591552734375 195.4562530517578125
262.524993896484375 256.818756103515625 252.131256103515625 245.6750030517578125 240.587493896484375 233.256256103515625 225.743743896484375 216.962493896484375 207.681243896484375 205.118743896484375 213.1750030517578125 217.2062530517578125 219.625 217.318756103515625 214.443756103515625 211.5812530517578125 209.912506103515625 209.881256103515625 210.1125030517578125 200.4250030517578125 186.787506103515625 178.837493896484375 171.4812469482421875 170.2624969482421875 168.34375 165.71875 168.537506103515625 171.912506103515625 177.2937469482421875 180.912506103515625 183.587493896484375 184.306243896484375 184.618743896484375 184.6750030517578125 185.837493896484375 188.881256103515625 192.8937530517578125 196.0625 199.3249969482421875 201.9437408447265625 202.375 201.5749969482421875 201.649993896484375 201.15625 204.8874969482421875
269.350006103515625 263.524993896484375 257.100006103515625 251.149993896484375 246.375 239.8874969482421875 232.71875 226.100006103515625 220.931243896484375 221.412506103515625 226.3125 230.2312469482421875 232.443756103515625 231.0187530517578125 227.868743896484375 224.537506103515625 220.5625 216.2062530517578125 210.443756103515625 201.350006103515625 188.6125030517578125 180.40625 173.787506103515625 173.8874969482421875 170.8125 167.28125 170.087493896484375 173.943756103515625 178.5124969482421875 182.4187469482421875 185.15625 186.8937530517578125 187.850006103515625 188.568756103515625 189.993743896484375 192.681243896484375 196.287506103515625 200.068756103515625 203.6750030517578125 206.8312530517578125 209.274993896484375 209.287506103515625 209.4375 208.4375 213.4250030517578125
277.20623779296875 271.381256103515625 263.556243896484375 256.899993896484375 251.131256103515625 246 240.6437530517578125 237.649993896484375 235.9499969482421875 237.8312530517578125 243.568756103515625 247.225006103515625 246.774993896484375 244.0812530517578125 239.337493896484375 234.0124969482421875 227.212493896484375 218.7062530517578125 208.9250030517578125 198.1999969482421875 187.8937530517578125 179.568756103515625 175.0749969482421875 173.8625030517578125 172.9187469482421875 168.2624969482421875 170.5124969482421875 174.46875 178.8625030517578125 181.8249969482421875 185.068756103515625 188.118743896484375 189.9562530517578125 191.350006103515625 192.8125 196.4187469482421875 200 203.118743896484375 207.837493896484375 212.2062530517578125 215.2375030517578125 214.7687530517578125 215.2937469482421875 215.125 220.5187530517578125
282.568756103515625 276.45001220703125 269.29998779296875 264.14373779296875 259.056243896484375 253.850006103515625 250.2937469482421875 250.7624969482421875 251.4812469482421875 253.9187469482421875 260.318756103515625 266.01251220703125 262.79998779296875 257.243743896484375 250.649993896484375 242.1999969482421875 233.6437530517578125 220.9250030517578125 209.1437530517578125 196.1999969482421875 184.5749969482421875 176.8249969482421875 174.25 176.3249969482421875 174.368743896484375 167.71875 169.9250030517578125 173.90625 179 183.5187530517578125 187.381256103515625 190.46875 192.6687469482421875 194.3000030517578125 196.125 199.96875 203.850006103515625 206.912506103515625 211.78125 216.868743896484375 220.274993896484375 219.71875 217.7375030517578125 216.100006103515625 219.40625
289 283.537506103515625 277.04998779296875 271.5 266.587493896484375 263.962493896484375 261.53125 261.46875 263.5625 267.524993896484375 273.84375 279.61248779296875 276.53125 267.03125 258.83123779296875 249.1999969482421875 238.3125 225.306243896484375 211.5437469482421875 196.7375030517578125 180.21875 173.3562469482421875 172.1875 172.6125030517578125 167.375 162.1687469482421875 167.431243896484375 173.881256103515625 179.6062469482421875 185.068756103515625 189.6125030517578125 192.9375 194.756256103515625 196.368743896484375 198.318756103515625 202.256256103515625 205.8312530517578125 209 213.568756103515625 218.71875 223.3625030517578125 222.006256103515625 215.662506103515625 210.149993896484375 211.5187530517578125
293.11248779296875 288.84375 282.75 277.625 273.64373779296875 270.100006103515625 268.82501220703125 271.21875 274.006256103515625 278.35626220703125 282.15625 285.26251220703125 281.14373779296875 273.993743896484375 263.46875 254.1999969482421875 242.087493896484375 229.0500030517578125 214.318756103515625 199.7687530517578125 184.8625030517578125 176.03125 170.2624969482421875 168.8499908447265625 163.774993896484375 160.71875 166.4562530517578125 173.3000030517578125 180.6875 186.4499969482421875 191.587493896484375 195.412506103515625 196.7937469482421875 197.6875 199.962493896484375 203.5812530517578125 207.493743896484375 211.3874969482421875 215.118743896484375 218.75 220.881256103515625 213.725006103515625 208.306243896484375 206.1374969482421875 209.493743896484375
296.86248779296875 292.881256103515625 287.83123779296875 283.15625 280.66876220703125 278.162506103515625 278.23748779296875 279.631256103515625 281.8125 284.412506103515625 287.82501220703125 288.70001220703125 285.1875 278.75 267.756256103515625 257.3125 244.8562469482421875 230.6062469482421875 216.787506103515625 204.212493896484375 190.568756103515625 179.037506103515625 171.431243896484375 168.693756103515625 166.318756103515625 164.693756103515625 169.9187469482421875 177.068756103515625 184.09375 190.649993896484375 195.5124969482421875 198.34375 200.350006103515625 200.3874969482421875 201.7062530517578125 204.4499969482421875 208.787506103515625 213.53125 216.587493896484375 214.256256103515625 208.7687530517578125 204.75 204.4875030517578125 204.6999969482421875 205.962493896484375
299.14373779296875 295.01251220703125 290.76873779296875 286.693756103515625 285.037506103515625 283.287506103515625 283.88751220703125 284.943756103515625 285.98748779296875 288.8125 291.70001220703125 292 288.70623779296875 282.29998779296875 271.88751220703125 258.118743896484375 246.1875 232.524993896484375 218.625 206.818756103515625 195.181243896484375 183.5812530517578125 174.4250030517578125 171.462493896484375 169.4875030517578125 168.600006103515625 173.256256103515625 181.1062469482421875 188.931243896484375 196.25 201.28125 203.375 202.2937469482421875 201.475006103515625 201.4562530517578125 205.7937469482421875 210.399993896484375 214.1062469482421875 215.7937469482421875 210.8625030517578125 201.71875 199 200.7937469482421875 200.681243896484375 202.28125
298.818756103515625 295.431243896484375 290.85626220703125 287.931243896484375 287.45001220703125 286.23748779296875 287.350006103515625 288.23748779296875 289.34375 291.100006103515625 294.25 295.09375 291.756256103515625 285.3125 274.975006103515625 261.58123779296875 244.287506103515625 230.59375 219.0124969482421875 209.75 198.2312469482421875 187.25 177.4875030517578125 174.15625 173.28125 172.25 176.3625030517578125 184.243743896484375 193.587493896484375 202.149993896484375 208.28125 209.975006103515625 206.5749969482421875 202.975006103515625 204.0124969482421875 208.399993896484375 212.024993896484375 216.8625030517578125 221.3937530517578125 213.587493896484375 204.2937469482421875 200.09375 198.4187469482421875 197.881256103515625 199.274993896484375
298.45001220703125 295.40625 290.899993896484375 288.881256103515625 287.8125 287.51873779296875 288.618743896484375 289.337493896484375 289.931243896484375 291.71875 292.881256103515625 295.67498779296875 293.524993896484375 287.39373779296875 276.45001220703125 261.42498779296875 243.6999969482421875 227.056243896484375 219.056243896484375 210.9499969482421875 201.524993896484375 190.9875030517578125 181.3562469482421875 178.1437530517578125 176.9499969482421875 176.6687469482421875 179.6687469482421875 188.8125 200.09375 210.274993896484375 215.587493896484375 212.037506103515625 207.46875 204.649993896484375 203.9562530517578125 207.8125 213.8375091552734375 218.756256103515625 220.34375 216.5562591552734375 207.40625 200.962493896484375 197.649993896484375 196.506256103515625 197.4250030517578125
294.51251220703125 292.23748779296875 288.60626220703125 287.699981689453125 287.54998779296875 287.537506103515625 286.98748779296875 288.4375 289.34375 290.76251220703125 291.29376220703125 291.76251220703125 291.5625 289.42498779296875 276.78125 258.756256103515625 239.587493896484375 223.1125030517578125 212.8000030517578125 207.6125030517578125 201.9250030517578125 193.9875030517578125 181.875 180.6125030517578125 180.162506103515625 181.193756103515625 186.34375 194.2937469482421875 205.9562530517578125 217.100006103515625 223.493743896484375 217.0749969482421875 209.149993896484375 201.1999969482421875 198.287506103515625 204.4375 212.09375 216.8000030517578125 220.09375 216.975006103515625 209.475006103515625 201.725006103515625 197.1750030517578125 195.78125 196.0500030517578125
289.40625 287.39373779296875 284.337493896484375 282.350006103515625 283.03125 284.931243896484375 285.15625 285.20623779296875 285.743743896484375 286.61248779296875 286.11248779296875 286.75 289.625 291.63751220703125 274.931243896484375 251.4187469482421875 230.5124969482421875 218.193756103515625 209.375 203.962493896484375 197.46875 188.5749969482421875 181.4562530517578125 180.962493896484375 181.962493896484375 184.9187469482421875 190.5187530517578125 198.943756103515625 207.6750030517578125 215.6875 220.0500030517578125 215.6875 205.662506103515625 194.4187469482421875 189.1875 196.912506103515625 209.5124969482421875 219.131256103515625 222.787506103515625 220.40625 212.75 202.8249969482421875 198.743743896484375 196.662506103515625 196.0250091552734375
