data/historical-monthly-weather-data/wc2.1_cruts4.09_10m_prec_1967-04.asc
ncols        51
nrows        45
xllcorner    -63.500000000000
yllcorner    -7.500000000000
cellsize     0.166666666667
NODATA_value -9999
[rows 20 to 39 of 45, columns 0 to 44 of 51]
206.03125 211.118743896484375 220.3625030517578125 230.100006103515625 239.318756103515625 256.125 273.375 286.51251220703125 297.01873779296875 303.4375 306.64373779296875 306.25 305.662506103515625 306.962493896484375 305.962493896484375 306.887481689453125 310.181243896484375 319.975006103515625 333.40625 346.23748779296875 365.100006103515625 381.412506103515625 393.243743896484375 397.20001220703125 404.61248779296875 410.26873779296875 407.725006103515625 403.274993896484375 395.91876220703125 387.225006103515625 372.850006103515625 359.212493896484375 337.693756103515625 314.08123779296875 294.068756103515625 303.36248779296875 320.381256103515625 330.537506103515625 330.962493896484375 324.131256103515625 312.725006103515625 303.506256103515625 289.600006103515625 278.45001220703125 269.32501220703125
195.524993896484375 198.3125 208.5625 222.5500030517578125 235.131256103515625 251.03125 269.087493896484375 285.34375 296.375 300.162506103515625 298.46875 291.850006103515625 287.850006103515625 288.41876220703125 293.36248779296875 296.881256103515625 304.46875 313.95001220703125 326.98126220703125 339.10626220703125 350.850006103515625 365.743743896484375 382.01873779296875 389.443756103515625 399.806243896484375 414.837493896484375 430.38751220703125 424.83123779296875 415.03125 404.193756103515625 387.10626220703125 369.20001220703125 350.79376220703125 334.54376220703125 324.712493896484375 324.806243896484375 334.774993896484375 341.54998779296875 337.70623779296875 328.149993896484375 316.381256103515625 305.537506103515625 291.743743896484375 279.649993896484375 269.79998779296875
186.2312469482421875 192.7312469482421875 204.162506103515625 218.0124969482421875 231.2937469482421875 247.818756103515625 264.1875 282.83123779296875 299.38751220703125 297.91876220703125 289.71875 278.149993896484375 271.07501220703125 272.993743896484375 281.57501220703125 290.20001220703125 297.506256103515625 306.32501220703125 317.225006103515625 327.162506103515625 339.17498779296875 352.15625 363.868743896484375 374.13751220703125 391.399993896484375 412.41876220703125 431.38751220703125 431.443756103515625 424.225006103515625 411.5 397.243743896484375 382.537506103515625 373.100006103515625 363.975006103515625 359.40625 353.79376220703125 355.212493896484375 356.54376220703125 348.29376220703125 333.787506103515625 319.287506103515625 306 292.09375 279.493743896484375 269.89373779296875
178.9812469482421875 186.0812530517578125 198.693756103515625 210.618743896484375 222.975006103515625 239.381256103515625 257.88751220703125 274.95001220703125 289.09375 287.08123779296875 278.6875 269.88751220703125 258.537506103515625 264.131256103515625 274.6875 283.399993896484375 290.25 301.25 310.524993896484375 320.649993896484375 330.068756103515625 338.443756103515625 348.056243896484375 361.024993896484375 377.96875 393.10626220703125 407.42498779296875 418.350006103515625 419.88751220703125 416.512481689453125 409.41876220703125 403.51251220703125 399.1875 392.4375 389.274993896484375 382.087493896484375 379.34375 372.85626220703125 358.006256103515625 338.875 321.92498779296875 306.337493896484375 291.29998779296875 277.23126220703125 269.068756103515625
174.149993896484375 181.693756103515625 192.8562469482421875 204.943756103515625 217.600006103515625 232.743743896484375 248.881256103515625 264.01251220703125 273.199981689453125 276.51251220703125 272.03125 264.712493896484375 262.07501220703125 263.006256103515625 270.4375 278.412506103515625 287.51251220703125 298.087493896484375 307.3125 314.568756103515625 320.98748779296875 326.8125 334.743743896484375 344.556243896484375 358.76251220703125 380.350006103515625 397.181243896484375 409.39373779296875 418.26251220703125 425.79998779296875 427.1875 427.90625 427.29376220703125 421.4375 415.024993896484375 402.16876220703125 394.35626220703125 381.51873779296875 363.86248779296875 344.53125 325.17498779296875 307.38751220703125 292.3125 276.29376220703125 262.65625
173.8312530517578125 180.131256103515625 187.212493896484375 197.806243896484375 208.3000030517578125 222.7375030517578125 237.78125 251.1125030517578125 257.600006103515625 260.975006103515625 262.70001220703125 262.79376220703125 262.82501220703125 265.75 270.60626220703125 279.36248779296875 287.45001220703125 297.40625 304.837493896484375 309.068756103515625 315.92498779296875 318.118743896484375 321.0625 323.96875 342.83123779296875 368.90625 392.48126220703125 406.712493896484375 422.118743896484375 432.01873779296875 442.76873779296875 451.75 454.9375 445.193756103515625 432.850006103515625 417.48748779296875 405.04376220703125 390.28125 369.57501220703125 348.79998779296875 329 309.037506103515625 291.20001220703125 273.11248779296875 261.100006103515625
166.493743896484375 167.8125 175.4812469482421875 184.743743896484375 193.6750030517578125 208.662506103515625 222.693756103515625 234.5 242.318756103515625 251.399993896484375 258.26873779296875 260.800018310546875 263.89373779296875 268.606231689453125 274.399993896484375 282.04998779296875 289.375 297.45623779296875 305.850006103515625 311.57501220703125 314.32501220703125 314.45623779296875 312.78125 313.88751220703125 336.39373779296875 360.756256103515625 385.26873779296875 401.431243896484375 419.056243896484375 432.20623779296875 448.20001220703125 462.681243896484375 471.92498779296875 460.20001220703125 446.01873779296875 428.32501220703125 413.931243896484375 398.20001220703125 375.181243896484375 353.625 331.63751220703125 312.318756103515625 293.23126220703125 276.04376220703125 269.100006103515625
158.7624969482421875 155.5 162.1875 170.6687469482421875 180.162506103515625 194.100006103515625 208.868743896484375 220.125 231.0812530517578125 242.306243896484375 249.931243896484375 256.82501220703125 262.73748779296875 270.506256103515625 277.4375 283.54376220703125 291.61248779296875 302.818756103515625 309.60626220703125 316.818756103515625 320.88751220703125 320.274993896484375 325.181243896484375 327.07501220703125 342.26873779296875 363.649993896484375 381.993743896484375 398.07501220703125 413.556243896484375 427.931243896484375 441.125 453.193756103515625 461.75 457.287506103515625 450.21875 433.16876220703125 420.274993896484375 405.51251220703125 382.57501220703125 359.75 338.006256103515625 318.26873779296875 298.88751220703125 283.225006103515625 283.70001220703125
150.087493896484375 143.7687530517578125 149.2937469482421875 157.7375030517578125 166.5062408447265625 179.181243896484375 193.368743896484375 207.837493896484375 221.8562469482421875 233.412506103515625 244.6687469482421875 253.712493896484375 261.35626220703125 271.087493896484375 280.83123779296875 290.587493896484375 299.83123779296875 308.03125 317.462493896484375 324.274993896484375 329.850006103515625 331.15625 337.53125 342.3125 352.625 369.63751220703125 384.45001220703125 396.63751220703125 408.83123779296875 420.64373779296875 428.32501220703125 436.337493896484375 442.15625 446.056243896484375 445.39373779296875 433.443756103515625 423.681243896484375 411.70001220703125 390.225006103515625 365.850006103515625 341.206268310546875 321.85626220703125 304.493743896484375 297.568756103515625 299.04998779296875
147.5812530517578125 139.149993896484375 143.1437530517578125 148.337493896484375 155.8874969482421875 168.9375 183.1750030517578125 198.118743896484375 212.100006103515625 224.787506103515625 238.368743896484375 249.40625 261.875 273.868743896484375 284.3125 293.881256103515625 303.67498779296875 316.23126220703125 324.86248779296875 329.681243896484375 333.41876220703125 339.59375 348.618743896484375 350.89373779296875 356.931243896484375 369.60626220703125 381.54998779296875 388.61248779296875 397.587493896484375 406.475006103515625 412.9375 417.11248779296875 424.23126220703125 432.26873779296875 436.600006103515625 429.193756103515625 424.15625 416.056243896484375 395.54998779296875 377 358.375 342.287506103515625 326.162506103515625 320.40625 316.23748779296875
144.8249969482421875 134.3874969482421875 136.618743896484375 140.850006103515625 147.318756103515625 159.5 173.899993896484375 187.5124969482421875 201.9499969482421875 216.8625030517578125 232.068756103515625 245.7937469482421875 261.89373779296875 274.3125 286.45623779296875 297.337493896484375 309.712493896484375 322.92498779296875 333.399993896484375 339.8125 343.64373779296875 348.29998779296875 355.5 353.95001220703125 355.681243896484375 369.95623779296875 374.82501220703125 380.39373779296875 385.66876220703125 390.78125 396.943756103515625 401.21875 411.04998779296875 420.42498779296875 425.899993896484375 423.399993896484375 418.61248779296875 414.46875 402.15625 387.76873779296875 373.17498779296875 358.931243896484375 347.01251220703125 338.350006103515625 335.162506103515625
142.40625 130.743743896484375 131.7062530517578125 135.625 140.4187469482421875 150.993743896484375 164.493743896484375 177.2375030517578125 191.9375 207.21875 224.0812530517578125 242.0749969482421875 258.375 274.068756103515625 286.82501220703125 299.26873779296875 309.65625 323.662506103515625 334.01251220703125 345.16876220703125 350.399993896484375 355.29376220703125 359.725006103515625 357.65625 361.568756103515625 368.54998779296875 368.625 371.787506103515625 372.54998779296875 377.993743896484375 384.67498779296875 389.399993896484375 396.881256103515625 406.79998779296875 414.35626220703125 414.23748779296875 414.125 410.45001220703125 401.45001220703125 390.86248779296875 385.087493896484375 375.443756103515625 365.256256103515625 358.26251220703125 355.506256103515625
149.2375030517578125 137.3249969482421875 136.818756103515625 138.21875 141.431243896484375 149.743743896484375 159.46875 170.65625 183.943756103515625 199.712493896484375 219.100006103515625 236.625 256.04376220703125 274.70001220703125 287.5 299.01873779296875 311 325.17498779296875 334.25 343.57501220703125 351.287506103515625 356.23748779296875 359.36248779296875 357.13751220703125 359.79998779296875 360.32501220703125 359.64373779296875 358.07501220703125 357.51873779296875 364.29998779296875 369.600006103515625 373.475006103515625 380.71875 391.212493896484375 399.89373779296875 403.375 404.54376220703125 404.35626220703125 396.84375 397.60626220703125 393.899993896484375 387.14373779296875 381.975006103515625 379.39373779296875 378.46875
156.412506103515625 145.9187469482421875 143.912506103515625 142.84375 143.1437530517578125 149.9187469482421875 157.3000030517578125 164.9437408447265625 176.875 191.774993896484375 209.25 230.4562530517578125 252.475006103515625 270.65625 284.899993896484375 296.024993896484375 308.85626220703125 322.318756103515625 332.256256103515625 341.26873779296875 348.33123779296875 353.64373779296875 357.056243896484375 350.79998779296875 352.506256103515625 350.79376220703125 346.28125 342.66876220703125 341.381256103515625 346.34375 352.21875 358.86248779296875 366.46875 376.318756103515625 385.787506103515625 389.79376220703125 393.368743896484375 391.556243896484375 394.61248779296875 398.25 397.15625 396.125 395.95001220703125 397.518768310546875 399.48126220703125
162.7375030517578125 154.243743896484375 151.4562530517578125 147.8000030517578125 145.75 149.625 154.225006103515625 160.0625 169.556243896484375 181.9562530517578125 200.462493896484375 224.4375 249.8562469482421875 272.399993896484375 285.60626220703125 296.8125 307.23126220703125 317.23748779296875 329.15625 335.756256103515625 344.125 347.11248779296875 350.287506103515625 341.625 339.962493896484375 339.399993896484375 334.024993896484375 327.399993896484375 325.36248779296875 332.181243896484375 337.818756103515625 345.4375 351.625 362.068756103515625 370.225006103515625 374.100006103515625 376.193756103515625 385.056243896484375 390.88751220703125 395.743743896484375 397.66876220703125 400.54998779296875 404.649993896484375 408.4375 408.306243896484375
173.2062530517578125 166.6374969482421875 163.3249969482421875 159.431243896484375 156.2312469482421875 157.2312469482421875 159.6687469482421875 162.318756103515625 167.84375 176.90625 192.318756103515625 217.375 245.649993896484375 268.54998779296875 282.024993896484375 293.14373779296875 303.65625 313.212493896484375 323.45001220703125 332.212493896484375 336.89373779296875 340.024993896484375 337.58123779296875 330.29376220703125 325.45623779296875 323.29998779296875 318.787506103515625 313.66876220703125 311.28125 316.943756103515625 323.35626220703125 329.71875 335.98126220703125 346.76873779296875 353.20001220703125 354.618743896484375 364.0625 373.64373779296875 378.699981689453125 385.256256103515625 391.39373779296875 394.962493896484375 398.837493896484375 404.475006103515625 403.568756103515625
184.1875 179.4562530517578125 175.662506103515625 172.0124969482421875 168.09375 167.1374969482421875 167.40625 166.0437469482421875 166.9875030517578125 170.84375 186.2062530517578125 215.068756103515625 240.4250030517578125 260.193756103515625 275.63751220703125 287.48126220703125 295.912506103515625 305.25 315.10626220703125 320.53125 324.41876220703125 325.287506103515625 322.118743896484375 315.38751220703125 308.899993896484375 305.6875 302.875 299.225006103515625 296.493743896484375 301.625 309.681243896484375 317.45001220703125 323.84375 331.28125 336.79998779296875 342.20623779296875 352.256256103515625 363.443756103515625 371.66876220703125 375.399993896484375 382.09375 386.0625 392.524993896484375 398.125 400.212493896484375
196.131256103515625 191.0124969482421875 186.649993896484375 183.4875030517578125 179.4187469482421875 177.34375 175.03125 171.2312469482421875 171.243743896484375 171.787506103515625 190.4375 217.6999969482421875 238.46875 255.662506103515625 269.42498779296875 281.04376220703125 288.068756103515625 297.01251220703125 302.42498779296875 305.412506103515625 307.537506103515625 306.431243896484375 305.16876220703125 298.443756103515625 291.65625 289.693756103515625 285.01873779296875 284.01873779296875 283.03125 289.5 295.59375 303.899993896484375 312.16876220703125 318.181243896484375 320.98748779296875 331.58123779296875 341.868743896484375 350.88751220703125 361.85626220703125 367.29376220703125 371.618743896484375 377.193756103515625 381.03125 385.26873779296875 390.125
203.006256103515625 196.8000030517578125 193.3312530517578125 191.3125 188.9499969482421875 186.0187530517578125 184.287506103515625 182.4812469482421875 186.3625030517578125 196.125 214.899993896484375 230.8874969482421875 242.6750030517578125 256.25 267.70001220703125 275.725006103515625 281.868743896484375 287.64373779296875 288.600006103515625 291.368743896484375 290.73748779296875 287.88751220703125 285.98748779296875 282.13751220703125 277.662506103515625 273.89373779296875 271.625 271.5 271.39373779296875 279.11248779296875 286.04998779296875 290.975006103515625 298.65625 306.443756103515625 315.58123779296875 322.57501220703125 329.837493896484375 339.587493896484375 346.48126220703125 349.024993896484375 353.912506103515625 359.63751220703125 361.67498779296875 366.86248779296875 370.412506103515625
208.337493896484375 203.368743896484375 201.03125 200.0124969482421875 198.506256103515625 197.3312530517578125 195.131256103515625 197.21875 203.21875 212.568756103515625 224.975006103515625 238.306243896484375 247.5437469482421875 257.51873779296875 266.15625 271.73748779296875 276.068756103515625 279.274993896484375 277.475006103515625 276.493743896484375 273.03125 271.42498779296875 265.993743896484375 262.51873779296875 262.10626220703125 260.3125 259.84375 261.04376220703125 262.21875 269.037506103515625 273.412506103515625 282.850006103515625 293.10626220703125 300.92498779296875 309.931243896484375 315.962493896484375 321.493743896484375 329.39373779296875 333.36248779296875 332.63751220703125 335.306243896484375 339.875 339.88751220703125 343.42498779296875 348.118743896484375
