data/historical-monthly-weather-data/wc2.1_cruts4.09_10m_prec_2022-11.asc
ncols        45
nrows        45
xllcorner    -63.500000000000
yllcorner    -7.500000000000
cellsize     0.166666666667
NODATA_value -9999
[rows 19 to 37 of 45, columns 0 to 43 of 45]
207 209.787506103515625 210.1125030517578125 210.7937469482421875 211.125 210.1999969482421875 207.912506103515625 204.162506103515625 198.5 191.6062469482421875 182.8687591552734375 171.568756103515625 159.1999969482421875 146.9562530517578125 136.40625 126.94374847412109375 118.06874847412109375 113.46875 109.9375 107.7687530517578125 106.0749969482421875 102.15000152587890625 98.21250152587890625 97.13124847412109375 96.52500152587890625 95.0187530517578125 92.97499847412109375 89.88124847412109375 83.61875152587890625 77.27500152587890625 73.8249969482421875 76.61875152587890625 81.02500152587890625 85.96875 89.96875 91.77500152587890625 93.625 95.7375030517578125 97.86875152587890625 99.7062530517578125 101.18125152587890625 102.44374847412109375 101.59999847412109375 101.0500030517578125
197.6750030517578125 201.681243896484375 203.506256103515625 204.8249969482421875 205.118743896484375 205.125 204.600006103515625 202.5124969482421875 197.96875 191.274993896484375 183.1750030517578125 172.75 161.131256103515625 148.125 136.975006103515625 126.06874847412109375 116.47499847412109375 110.28125 106.96875 103.4499969482421875 102.56874847412109375 100.71250152587890625 97.94374847412109375 97.49375152587890625 97.3937530517578125 96.24375152587890625 94.11875152587890625 89.9812469482421875 85.2375030517578125 82.9812469482421875 81.7937469482421875 83.68125152587890625 86.69374847412109375 90.46875 94.1437530517578125 96.59999847412109375 97.72499847412109375 99.1062469482421875 100.66249847412109375 102.3874969482421875 103.30625152587890625 104.08750152587890625 103.96250152587890625 103.1374969482421875
189.7375030517578125 192.462493896484375 195.25 197.4875030517578125 199.181243896484375 199.743743896484375 200.5437469482421875 199.5500030517578125 196.6999969482421875 191.225006103515625 183.8312530517578125 174.8249969482421875 163.931243896484375 150.8125 138.4499969482421875 126.69374847412109375 117.13124847412109375 110.0437469482421875 105.05625152587890625 101.3249969482421875 99.3312530517578125 97.88124847412109375 96.7312469482421875 96.55625152587890625 96.2687530517578125 95.5812530517578125 94.97499847412109375 92.25 89.6687469482421875 88.9250030517578125 88.1125030517578125 89.7312469482421875 91.96250152587890625 95.8249969482421875 99.78125 101.83750152587890625 102.77500152587890625 103.54375457763671875 104.03749847412109375 105.31874847412109375 105.8249969482421875 106.28125 106.3312530517578125 106.125
182.3937530517578125 186.1999969482421875 188.84375 191.4187469482421875 193.7312469482421875 194.3937530517578125 194.787506103515625 195.712493896484375 194.2687530517578125 189.375 183.5812530517578125 175.681243896484375 168.03125 155.3874969482421875 140.306243896484375 126.8874969482421875 116.3562469482421875 109.19374847412109375 103.4187469482421875 99 97.3625030517578125 96.1875 95.24375152587890625 95.2624969482421875 95.8312530517578125 95.99375152587890625 95.6875 94.80625152587890625 93.1687469482421875 93.22499847412109375 93.93125152587890625 95.75624847412109375 98.27500152587890625 101.71250152587890625 104.88124847412109375 106.99375152587890625 107.84999847412109375 107.3000030517578125 107.2062530517578125 107.91875457763671875 108.5437469482421875 108.7062530517578125 108.7062530517578125 108.47499847412109375
176.649993896484375 180.46875 183.068756103515625 184.693756103515625 187.087493896484375 188.40625 189.056243896484375 190.09375 187.868743896484375 183.7062530517578125 178.71875 174.4875030517578125 169.350006103515625 156.3625030517578125 140.568756103515625 127.1999969482421875 116.65000152587890625 109.83750152587890625 104.0187530517578125 99.15625 97.40625 96.06874847412109375 94.6875 94.91249847412109375 95.77500152587890625 96.19374847412109375 97.90000152587890625 97.06874847412109375 97.00624847412109375 98.0749969482421875 100.3625030517578125 103.00624847412109375 104.8625030517578125 107.15625 109.81874847412109375 112.3562469482421875 112.97499847412109375 111.0749969482421875 110.71875 110.8625030517578125 110.9875030517578125 111.16249847412109375 111.27500152587890625 111.08750152587890625
173.756256103515625 176.381256103515625 178.399993896484375 179.78125 182.368743896484375 182.443756103515625 182.056243896484375 182.03125 179.868743896484375 175.8874969482421875 171.625 166.15625 160.2375030517578125 149.7312469482421875 137.0812530517578125 125.38124847412109375 115.75 109.33124542236328125 104.1875 99.74375152587890625 97.6062469482421875 95.46875 94.38124847412109375 94.52500152587890625 95.2375030517578125 97.0187530517578125 98.97499847412109375 99.9250030517578125 100.53125 103.3125 106.16249847412109375 109.3874969482421875 110.49375152587890625 111.7375030517578125 112.93125152587890625 114.1750030517578125 114.6125030517578125 112.78125 112.68125152587890625 113.1687469482421875 113.03125 113.2937469482421875 114.21250152587890625 115.0124969482421875
173.7624969482421875 176.118743896484375 174.9499969482421875 176.100006103515625 176.7375030517578125 175.5812530517578125 174.0187530517578125 172.90625 170.1999969482421875 166.381256103515625 161.8562469482421875 156.693756103515625 150.03125 141.34375 131.8874969482421875 122.6437530517578125 114.6750030517578125 109.2375030517578125 104.8125 100.97499847412109375 98.50624847412109375 96.1374969482421875 94.2687530517578125 93.8625030517578125 95.2937469482421875 97.90000152587890625 100.96250152587890625 103.19374847412109375 105.0124969482421875 108.59375 111.9875030517578125 115.40625 115.74375152587890625 115.0812530517578125 114.9562530517578125 115.1875 114.83750152587890625 113.75 114.53125 115.08750152587890625 115.3874969482421875 115.8249969482421875 115.96250152587890625 117.58750152587890625
175.587493896484375 175.65625 173.506256103515625 172.350006103515625 170.975006103515625 168.756256103515625 167.71875 165.78125 162.037506103515625 158.6875 155.506256103515625 151.25 145.6125030517578125 138.75 131.2312469482421875 123.15625 116.41249847412109375 111.71875 107.6374969482421875 103.59375 100.90000152587890625 98.28749847412109375 95.9562530517578125 95.74375152587890625 98.08750152587890625 100.8874969482421875 104.3000030517578125 107.25 110.2624969482421875 113.5500030517578125 117.5124969482421875 120.8937530517578125 120.61875152587890625 118.99375152587890625 117.05625152587890625 116.50624847412109375 115.66249847412109375 114.2312469482421875 115.68125152587890625 116.80625152587890625 117.4875030517578125 117.68125152587890625 117.8000030517578125 118.65000152587890625
177.5749969482421875 175.443756103515625 171.6687469482421875 168.1875 165.4187469482421875 162.21875 160.34375 158.5 155.556243896484375 152.5749969482421875 149.1125030517578125 146.006256103515625 141.75 136.462493896484375 130.8000030517578125 124.31874847412109375 118.38124847412109375 114.5187530517578125 110.61875152587890625 106.90000152587890625 104.5124969482421875 101.77500152587890625 100.4250030517578125 100.9812469482421875 102.83750152587890625 105.1374969482421875 108.4499969482421875 112.0187530517578125 115.2937469482421875 118.6062469482421875 121.96250152587890625 125.22499847412109375 124.0812530517578125 121.05625152587890625 118.78749847412109375 117.6437530517578125 116.25624847412109375 115.2624969482421875 116.19374847412109375 118.63124847412109375 120.52500152587890625 120.875 118.81874847412109375 118.9499969482421875
179.274993896484375 175.0500030517578125 168.75 163.75 159.6999969482421875 155.943756103515625 153.4812469482421875 151.46875 149.743743896484375 147.118743896484375 144.3312530517578125 141.806243896484375 139.0437469482421875 135.0437469482421875 130.5500030517578125 126.03125 121.71875 117.75 114.1374969482421875 110.7937469482421875 108.8562469482421875 106.5812530517578125 105.71250152587890625 106.93125152587890625 108.50624847412109375 110.4187469482421875 114.03125 117.3249969482421875 120.86875152587890625 123.40000152587890625 126.47499847412109375 128.943756103515625 126.34999847412109375 122.69374847412109375 120.0749969482421875 118.4375 116.8874969482421875 115.3874969482421875 116.34999847412109375 118.15625 121.0124969482421875 120.7687530517578125 119.7937469482421875 122.18125152587890625
180.4499969482421875 174.3562469482421875 167.399993896484375 160.524993896484375 156.631256103515625 153.524993896484375 151.4250030517578125 149.912506103515625 148.631256103515625 146.193756103515625 144.1125030517578125 142.5 140.556243896484375 137.931243896484375 134.2312469482421875 130.4250030517578125 125.9562530517578125 122.9187469482421875 119.34375 116.21875 114.61875152587890625 113.69374847412109375 113.2687530517578125 114.09999847412109375 115.6062469482421875 117.69374847412109375 121.0437469482421875 123.96250152587890625 126.8937530517578125 129.125 131.1999969482421875 132.712493896484375 129.600006103515625 126.06874847412109375 122.875 120.24375152587890625 117.78749847412109375 116.46250152587890625 115.88124847412109375 116.61875152587890625 118.625 121.81874847412109375 123.27500152587890625 127.06874847412109375
180.3312530517578125 172.9187469482421875 165.8937530517578125 159.2062530517578125 154.6437530517578125 152.65625 150.975006103515625 149.4812469482421875 147.899993896484375 146.712493896484375 145.4812469482421875 144.5625 143.71875 141.0812530517578125 138.306243896484375 135.287506103515625 132.0749969482421875 128.84375 125.0187530517578125 123.15625 122.3249969482421875 121.81874847412109375 121.71875 122.4875030517578125 123.46250152587890625 125.5500030517578125 128.2312469482421875 131.0500030517578125 133.3625030517578125 134.5 135.8000030517578125 136.6875 133.006256103515625 129.75 125.75624847412109375 122.40000152587890625 119.71875 118.52500152587890625 116.84375 113.93125152587890625 116.1875 121.96875 126.09375 130.037506103515625
178.4250030517578125 170.681243896484375 164.118743896484375 158.90625 155.46875 152.3312530517578125 150.756256103515625 149.181243896484375 147.993743896484375 147.0812530517578125 146.5812530517578125 146.6687469482421875 146.318756103515625 145.131256103515625 143.8000030517578125 141.681243896484375 139.03125 136.037506103515625 133.162506103515625 131.7062530517578125 131.28125 130.787506103515625 130.5625 131.0625 132.337493896484375 133.725006103515625 135.7312469482421875 138.0500030517578125 139.65625 140.375 140.7937469482421875 140.4499969482421875 136.6875 132.7312469482421875 129.337493896484375 125.7375030517578125 122.6875 120.34999847412109375 117.49375152587890625 115.6999969482421875 119.2062530517578125 126.00624847412109375 131.46875 138.1999969482421875
169.787506103515625 163.8249969482421875 158.881256103515625 155.3625030517578125 152.8625030517578125 150.5625 149.8249969482421875 149.34375 148.1875 147.568756103515625 148.71875 149.3562469482421875 150.587493896484375 151.9562530517578125 151.2375030517578125 150.193756103515625 147.9812469482421875 146.6374969482421875 144.7375030517578125 143.5 143.09375 141.9875030517578125 140.943756103515625 141.0749969482421875 142.0437469482421875 142.8312530517578125 144.381256103515625 146.006256103515625 147.6437530517578125 147.40625 146.9187469482421875 145.7687530517578125 141.75 137.5437469482421875 134.5625 131.256256103515625 128.6750030517578125 125.74375152587890625 122.875 124.08750152587890625 127.3937530517578125 133.7937469482421875 140.837493896484375 149.806243896484375
159.7375030517578125 155.881256103515625 152.774993896484375 151.056243896484375 149.3625030517578125 148.6125030517578125 148.46875 149.306243896484375 148.4562530517578125 147.8874969482421875 149.256256103515625 152.2937469482421875 155.725006103515625 158.0124969482421875 158.6062469482421875 158.837493896484375 158.46875 157.962493896484375 156.943756103515625 156.243743896484375 155.40625 153.962493896484375 152.4875030517578125 151.837493896484375 152.1125030517578125 152.118743896484375 153.5 154.3874969482421875 155.5124969482421875 154.337493896484375 152.9875030517578125 151.6750030517578125 147.5625 143.4187469482421875 140.556243896484375 137.7874908447265625 134.649993896484375 131.0124969482421875 130.2937469482421875 132.556243896484375 135.2937469482421875 141.71875 150.5437469482421875 161.0500030517578125
150.337493896484375 148.131256103515625 146.6999969482421875 145.774993896484375 145.375 145.787506103515625 146.4875030517578125 148.1687469482421875 146.625 146.9875030517578125 149.8562469482421875 155.3249969482421875 160.78125 165.787506103515625 168.1750030517578125 168.6062469482421875 169.587493896484375 169.975006103515625 169.631256103515625 169.2312469482421875 168.4499969482421875 166.5625 164.306243896484375 162.431243896484375 161.3625030517578125 161.1875 161.618743896484375 162.631256103515625 162.962493896484375 161.09375 159.431243896484375 157.3312530517578125 153.0500030517578125 149.587493896484375 146.0124969482421875 142.618743896484375 139.431243896484375 138.524993896484375 138.5437469482421875 139.850006103515625 142.7312469482421875 148.350006103515625 156.6062469482421875 166.225006103515625
140.274993896484375 138.7375030517578125 138.21875 137.787506103515625 137.899993896484375 138.993743896484375 140.1750030517578125 140.962493896484375 140.306243896484375 141.6687469482421875 147.5437469482421875 155.6875 164.875 173.1875 176.493743896484375 179.412506103515625 180.631256103515625 181.9812469482421875 182.875 183.75 182.381256103515625 178.7312469482421875 175.350006103515625 172.912506103515625 171.149993896484375 170.0437469482421875 170.25 171.125 171.3562469482421875 168.1875 166.4187469482421875 163.6750030517578125 159.875 156.3625030517578125 152.024993896484375 148.4250030517578125 148.0562591552734375 147.162506103515625 146.7687530517578125 148.4812469482421875 151.587493896484375 156.037506103515625 162.34375 170.3125
130.1374969482421875 129.4875030517578125 129.881256103515625 130.287506103515625 130.725006103515625 132.3937530517578125 133.506256103515625 134.2937469482421875 134.3937530517578125 135.1875 144.8625030517578125 159.6374969482421875 171.287506103515625 180.243743896484375 185.1750030517578125 189.09375 191.6125030517578125 193.3937530517578125 194.9562530517578125 195.7687530517578125 193.6687469482421875 189.3874969482421875 185.506256103515625 182.337493896484375 179.868743896484375 178.8249969482421875 178.024993896484375 179.1875 178.71875 175.725006103515625 173.006256103515625 170.9562530517578125 166.8625030517578125 163.53125 159.2687530517578125 156.818756103515625 156.524993896484375 156.2624969482421875 156.4375 156.649993896484375 158.53125 161.625 166.318756103515625 172.8249969482421875
121.3249969482421875 121.00624847412109375 121.8625030517578125 123.0625 124.0500030517578125 126.40000152587890625 128.5 130.15625 132.3562469482421875 134.1999969482421875 150.9562530517578125 168.7312469482421875 179.3249969482421875 188.3937530517578125 193.9812469482421875 198.6875 202.212493896484375 203.912506103515625 204.96875 204.1437530517578125 202.287506103515625 198.568756103515625 194.774993896484375 190.587493896484375 188.03125 186.662506103515625 185.59375 186.493743896484375 186.2375030517578125 183.5187530517578125 178.6062469482421875 175.8937530517578125 172.600006103515625 169.5749969482421875 166.0187530517578125 164.875 165.1437530517578125 164.725006103515625 165.899993896484375 166.4812469482421875 165.8000030517578125 168.131256103515625 169.993743896484375 173.462493896484375
