data/historical-monthly-weather-data/wc2.1_cruts4.09_10m_prec_1983-06.asc
ncols        51
nrows        45
xllcorner    -63.500000000000
yllcorner    -7.500000000000
cellsize     0.166666666667
NODATA_value -9999
[rows 19 to 37 of 45, columns 0 to 42 of 51]
64.9375 66.1374969482421875 68.3000030517578125 69.8937530517578125 72.86875152587890625 78.34999847412109375 81.8125 84.1062469482421875 89.4562530517578125 93.40625 95.65000152587890625 94.1374969482421875 90.7375030517578125 86.97499847412109375 84.4187469482421875 77.8874969482421875 74.31874847412109375 77.6374969482421875 75.8000030517578125 79.06874847412109375 77.86875152587890625 84.5625 96.5749969482421875 101.94374847412109375 101.8125 102.13124847412109375 103.15625 110.4375 109.2375030517578125 106.9812469482421875 108.1062469482421875 120.5812530517578125 123.30625152587890625 122.7375030517578125 123.90000152587890625 130.6687469482421875 133.7687530517578125 128.837493896484375 122.36875152587890625 114.09375 101.1750030517578125 87.7937469482421875 86.0749969482421875
58.112499237060546875 62.44374847412109375 66.5749969482421875 68.94374847412109375 69.8312530517578125 73.73125457763671875 78.72499847412109375 82.3125 86.5812530517578125 89.58750152587890625 92.78749847412109375 91.50624847412109375 88.53125 83.83750152587890625 79.78125 77.46875 73.4562530517578125 73.75 77.99375152587890625 79.36875152587890625 87.47499847412109375 95.0625 104.4187469482421875 112.7375030517578125 114.7375030517578125 111.81874847412109375 104.3000030517578125 105.25 106.8312530517578125 110.0437469482421875 113.2687530517578125 121.02500152587890625 115.8874969482421875 114.3625030517578125 114.2375030517578125 120.40000152587890625 124.86875152587890625 123.28125 114.63124847412109375 105.9875030517578125 97.02500152587890625 86.6750030517578125 83.625
55.431247711181640625 56.674999237060546875 62.06874847412109375 66.6062469482421875 68.84375 71.59375 75.7687530517578125 79.0500030517578125 82.68125152587890625 87.2375030517578125 90.1062469482421875 87.93125152587890625 85.25624847412109375 83.8874969482421875 82.46875 77.63124847412109375 80.4812469482421875 79.44374847412109375 84.0625 86.41249847412109375 89.52500152587890625 100.40625 109.75624847412109375 112.1125030517578125 111.75624847412109375 110.28749847412109375 111.2312469482421875 107.84375 112.3937530517578125 115.6687469482421875 114.6687469482421875 112.56874847412109375 110.3125 112.21250152587890625 110.27500152587890625 111.81874847412109375 114.75624847412109375 116.1687469482421875 110.8937530517578125 103.9375 95.28125 87.8249969482421875 84.65000152587890625
53.05625152587890625 57.59375 62.91249847412109375 67.2937469482421875 69.84999847412109375 71.72499847412109375 71.7687530517578125 74.05625152587890625 80.125 83.99375152587890625 86.36875152587890625 87.43125152587890625 89.22499847412109375 89.6999969482421875 87.83750152587890625 84.9499969482421875 81.97499847412109375 82.0625 85.8000030517578125 90.59375 98.4187469482421875 103.77500152587890625 108.1374969482421875 111.59375 116.65000152587890625 115.4875030517578125 111.8000030517578125 110.8249969482421875 112.71875 110.0124969482421875 108.3937530517578125 108.7937469482421875 105.2687530517578125 103.22499847412109375 105.7937469482421875 104.0437469482421875 103.90000152587890625 106.0437469482421875 105.49375152587890625 101.61875152587890625 94.1125030517578125 88.4812469482421875 84.86875152587890625
49.91249847412109375 55.15000152587890625 62.50624847412109375 65.56874847412109375 67.5124969482421875 69.2062530517578125 72.5500030517578125 74.47499847412109375 76.77500152587890625 78.66249847412109375 84.36875152587890625 89.5625 90.4250030517578125 92.9499969482421875 88.9499969482421875 86.4812469482421875 84.71875 87.9499969482421875 91.0187530517578125 94.55625152587890625 101.28125 109.2687530517578125 112.4812469482421875 120.1374969482421875 120.58750152587890625 117.44374847412109375 118.21875 110.47499847412109375 107.53749847412109375 106.46250152587890625 104.2937469482421875 103.7624969482421875 102.0437469482421875 98.28125 99.5124969482421875 96.88124847412109375 98.4250030517578125 100.4875030517578125 98.77500152587890625 95.0437469482421875 90.0500030517578125 86.34999847412109375 83.6125030517578125
46.36875152587890625 52.43125152587890625 58.99375152587890625 64.71250152587890625 67.875 69.46250152587890625 71.53125 74.46875 76.25624847412109375 80.52500152587890625 83.72499847412109375 86.96250152587890625 91.22499847412109375 90.875 87.4875030517578125 85.6750030517578125 85.7312469482421875 87.375 91.78749847412109375 97.8125 104.3000030517578125 109.8625030517578125 118.6437530517578125 124.40625 121.0437469482421875 118.08750152587890625 114.40000152587890625 109.53125 105.1125030517578125 103.84375 98.4250030517578125 94.96250152587890625 93.22499847412109375 93.1999969482421875 93.1125030517578125 92.73749542236328125 93.3125 92.9499969482421875 93.3874969482421875 90.86875152587890625 86.93125152587890625 84.79375457763671875 83.53749847412109375
44.75 51.74375152587890625 55.61875152587890625 61.28125 64.28749847412109375 66.59999847412109375 68.1125030517578125 71.1687469482421875 71.28749847412109375 73.25624847412109375 79.15000152587890625 82.94374847412109375 87.24375152587890625 88.74375152587890625 87.69374847412109375 84.4562530517578125 84.84999847412109375 89.03749847412109375 93.9499969482421875 97.1437530517578125 104.2624969482421875 111.1437530517578125 118.6125030517578125 122.4812469482421875 122.63124847412109375 117.77500152587890625 113.4875030517578125 108.4562530517578125 101.3874969482421875 98.2937469482421875 92.75624847412109375 88.90625 87.3000030517578125 86.5625 86.2937469482421875 88.40000152587890625 89.3125 87.65000152587890625 86.2687530517578125 86.34375 83.09999847412109375 76.96875 75.5500030517578125
41.71875 45.18125152587890625 50.46250152587890625 55.03749847412109375 57.987499237060546875 60.84375 62.987499237060546875 63.24375152587890625 65.0812530517578125 70.8937530517578125 77.1125030517578125 81.1374969482421875 84.16249847412109375 87.27500152587890625 87.59999847412109375 87.25624847412109375 86.19374847412109375 87.3625030517578125 92.9499969482421875 96.28125 101.2062530517578125 108.33750152587890625 116.83750152587890625 124.93125152587890625 120.36875152587890625 115.96875 111.8000030517578125 104.96250152587890625 98.13124847412109375 93.66249847412109375 89.94374847412109375 83.61875152587890625 81.33750152587890625 81.09375 81.4250030517578125 82.3937530517578125 84.8625030517578125 83.6437530517578125 81.1374969482421875 82.13124847412109375 80.97499847412109375 76.5437469482421875 72.3937530517578125
39.012500762939453125 40.40000152587890625 44.581249237060546875 47.518749237060546875 50.28749847412109375 54.112499237060546875 57.081249237060546875 58.47499847412109375 61.65000152587890625 67.5812530517578125 72.47499847412109375 77.4250030517578125 80.6687469482421875 83.47499847412109375 83.8249969482421875 83.81874847412109375 83.4499969482421875 86.6999969482421875 88.83750152587890625 93.9250030517578125 99.9375 104.52500152587890625 114.06874847412109375 117.74375152587890625 115.8874969482421875 111.1374969482421875 106.90625 100.30625152587890625 96.46250152587890625 93.22499847412109375 88.0812530517578125 83.24375152587890625 79.6875 76.3000030517578125 78.44374847412109375 79.1687469482421875 81.5625 80.13124847412109375 79.34999847412109375 79.4187469482421875 78.58750152587890625 76.6125030517578125 69.16249847412109375
35.50624847412109375 37.424999237060546875 39.06874847412109375 40.97499847412109375 44.081249237060546875 46.143749237060546875 49.75624847412109375 53.66249847412109375 58.46250152587890625 62.94374847412109375 68.28125 73 77.8625030517578125 81.5749969482421875 82.15625 82.5500030517578125 83.5749969482421875 85.15625 89.0124969482421875 93.75624847412109375 97.06874847412109375 100.78749847412109375 106.21250152587890625 108.7624969482421875 108.15000152587890625 103.84999847412109375 102.46875 99.19374847412109375 94.40625 88.8249969482421875 83.1125030517578125 79.69374847412109375 75.91249847412109375 75.1062469482421875 74.69374847412109375 75.125 78.5749969482421875 75.96250152587890625 75.6750030517578125 74.80625152587890625 72.90625 69.7062530517578125 66.28749847412109375
32.52500152587890625 33.143749237060546875 34.643749237060546875 35.94374847412109375 38.137500762939453125 41.512500762939453125 44.950000762939453125 50.174999237060546875 54.49375152587890625 59.63124847412109375 64.90000152587890625 70.5187530517578125 75.99375152587890625 80.4187469482421875 80.55625152587890625 80.27500152587890625 80.86875152587890625 84.34375 84.78125 85.94374847412109375 91.49375152587890625 95.3937530517578125 100.03125 102.2375030517578125 100.24375152587890625 100.28125 97.78749847412109375 93.91249847412109375 90.0437469482421875 84.21875 79.3562469482421875 75.56874847412109375 73.6999969482421875 73.2375030517578125 73.99375152587890625 72.8874969482421875 77.25624847412109375 74.97499847412109375 71.15625 73.375 71.15000152587890625 67.7937469482421875 66.4812469482421875
30.206249237060546875 29.975000381469726562 30.831249237060546875 32.231250762939453125 34.143749237060546875 37.356250762939453125 41.549999237060546875 46.143749237060546875 50.481250762939453125 56.206249237060546875 61.96250152587890625 66.77500152587890625 73.4562530517578125 74.96250152587890625 76.58750152587890625 79.5749969482421875 81.2624969482421875 81.84999847412109375 82.5 84.33750152587890625 87.41249847412109375 89.2312469482421875 93.22499847412109375 95.8000030517578125 94.97499847412109375 95.36875152587890625 92.40625 89.5 85.4499969482421875 80.61875152587890625 78.5500030517578125 75.16249847412109375 72.3312530517578125 70.24375152587890625 70.53125 70.00624847412109375 73.03749847412109375 72.7937469482421875 69.59375 66.5625 66.46250152587890625 63.762500762939453125 62.262500762939453125
27.987499237060546875 27.475000381469726562 27.768749237060546875 29.306249618530273438 31.743749618530273438 34.9375 38.625 42.737499237060546875 47.56874847412109375 52.21250152587890625 56.612499237060546875 62.08750152587890625 66.53125 71.5124969482421875 74.8874969482421875 77.15625 76.84999847412109375 77.2312469482421875 78.31874847412109375 80.24375152587890625 82.53125 85.0437469482421875 86.19374847412109375 87.6750030517578125 89.25 88.77500152587890625 87.3625030517578125 84.9875030517578125 81.1999969482421875 80.375 76.9499969482421875 73.2312469482421875 71.18125152587890625 68.74375152587890625 68.1437530517578125 66.84999847412109375 68.00624847412109375 66.27500152587890625 65.50624847412109375 63.90000152587890625 64.25624847412109375 62.262500762939453125 60.03749847412109375
27.043750762939453125 26.512500762939453125 27.1875 28.5 29.712499618530273438 32.674999237060546875 36.143749237060546875 40.16249847412109375 44.21875 48.93125152587890625 55.21875 60.03749847412109375 65.15625 71.7062530517578125 75.45624542236328125 75.53125 75.03125 76.91249847412109375 77.66249847412109375 78.6687469482421875 78.6125030517578125 79.49375152587890625 81.49375152587890625 82.93125152587890625 83.24375152587890625 83.38124847412109375 81.8312530517578125 79.5124969482421875 77.63124847412109375 77.0500030517578125 74.9250030517578125 70.4250030517578125 68.875 68.34999847412109375 66.6875 65.21250152587890625 64.0500030517578125 62.393749237060546875 61.75624847412109375 62.96875 63.268749237060546875 61.11875152587890625 58.03125
26.149999618530273438 25.987499237060546875 27.118749618530273438 27.893749237060546875 28.625 31.024999618530273438 34.4375 37.299999237060546875 41.087497711181640625 45.356250762939453125 51.637500762939453125 58.34999847412109375 64.06874847412109375 68.9562530517578125 71.6999969482421875 74.2937469482421875 76.0187530517578125 75.8562469482421875 74.50624847412109375 75.1374969482421875 75.77500152587890625 75.71250152587890625 78.1125030517578125 77.55625152587890625 78.4812469482421875 77.19374847412109375 77.40000152587890625 75.7937469482421875 75.63124847412109375 74.5437469482421875 73.5 71.1687469482421875 66.91249847412109375 65.1437530517578125 64.7312469482421875 63.34999847412109375 61.637500762939453125 59.75 59.5625 59.856250762939453125 58.825000762939453125 58.41249847412109375 56.75
26.075000762939453125 25.337499618530273438 26.59375 27.774999618530273438 28.299999237060546875 29.587499618530273438 31.706249237060546875 34.65625 38.50624847412109375 42.69374847412109375 50.206249237060546875 57.549999237060546875 64.00624847412109375 71.6750030517578125 74.71250152587890625 75.5749969482421875 75.4375 73.00624847412109375 71.3125 68.97499847412109375 71.625 70.41249847412109375 70.99375152587890625 70.76250457763671875 73.6125030517578125 73.5500030517578125 73.09375 71.09375 70.5625 69.5187530517578125 69.49375152587890625 68.63124847412109375 64.18125152587890625 62.18125152587890625 60.46875 59.956249237060546875 57.268749237060546875 58.231250762939453125 56.487499237060546875 56.768749237060546875 55.96250152587890625 54.21875 53.40625
27.418750762939453125 26.549999237060546875 27.337499618530273438 28.387500762939453125 29.143749237060546875 30.462499618530273438 32.206249237060546875 34.112499237060546875 37.06874847412109375 40.68125152587890625 46.24375152587890625 55.956249237060546875 64.3874969482421875 71.05625152587890625 74.5187530517578125 75.86875152587890625 75.0437469482421875 70.7062530517578125 67.9375 64.63124847412109375 64.8874969482421875 66.55625152587890625 66.13124847412109375 65.8249969482421875 68.03125 67.90000152587890625 67.4499969482421875 66.03749847412109375 66.68125152587890625 65.5187530517578125 64.34375 63.91249847412109375 61.30625152587890625 58.65000152587890625 55.90000152587890625 55.59375 55.91249847412109375 54.325000762939453125 53.706249237060546875 54.33750152587890625 53.61875152587890625 51.46875 50.375
27.975000381469726562 28.15625 28.149999618530273438 29.193750381469726562 30.28125 31.387500762939453125 32.706249237060546875 34.799999237060546875 37.16249847412109375 38.450000762939453125 45.28749847412109375 56.69374847412109375 65.6999969482421875 70.6374969482421875 74.06874847412109375 75.25 74.99375152587890625 71.2062530517578125 67.5 62.02500152587890625 60.74375152587890625 62.674999237060546875 61.887500762939453125 62.043750762939453125 62.03125 62.112499237060546875 63.481250762939453125 62.34375 61.362499237060546875 59.49375152587890625 60.375 58.83750152587890625 57.40625 55.81874847412109375 53.231250762939453125 52.78749847412109375 53.125 53.22499847412109375 51.50624847412109375 50.456249237060546875 49.61875152587890625 49.21875 47
27.962499618530273438 28.293750762939453125 28.931249618530273438 30.293750762939453125 31.087499618530273438 32.34999847412109375 34.03125 35.86875152587890625 38.65000152587890625 39.543750762939453125 49.362499237060546875 60.31874847412109375 66.75624847412109375 72.0187530517578125 73.24375152587890625 74.0500030517578125 73.3249969482421875 70.2624969482421875 67.1750030517578125 62.66249847412109375 59.83750152587890625 59.4375 57.59375 57.825000762939453125 57.21875 58.46250152587890625 59.625 58.481250762939453125 57.450000762939453125 55.106250762939453125 54.518749237060546875 55.41249847412109375 54.63124847412109375 52.22499847412109375 50.174999237060546875 50.143749237060546875 50.0625 49.38124847412109375 50.69374847412109375 48.768749237060546875 47.24375152587890625 47.46875 44.86875152587890625
