data/historical-monthly-weather-data/wc2.1_cruts4.09_10m_prec_1959-12.asc
ncols        51
nrows        45
xllcorner    -63.500000000000
yllcorner    -7.500000000000
cellsize     0.166666666667
NODATA_value -9999
[rows 0 to 19 of 45, columns 0 to 43 of 51]
90.0500030517578125 81.6999969482421875 75.53125 71.03125 66.375 63.91249847412109375 61.49375152587890625 58.84375 57.61875152587890625 56.78749847412109375 57.043750762939453125 58.46250152587890625 60.44374847412109375 61.981250762939453125 64.875 68.0187530517578125 71.38124847412109375 73.9187469482421875 77.25624847412109375 80.4499969482421875 83 85.125 87.41249847412109375 90.4250030517578125 93.5500030517578125 96.6687469482421875 101.4499969482421875 106.7062530517578125 111.9499969482421875 115.74375152587890625 118.7375030517578125 122.4250030517578125 124.90000152587890625 126.9812469482421875 128.46875 128.875 127.55625152587890625 125.83750152587890625 122.19374847412109375 118.66249847412109375 114.9562530517578125 111.78125 108.7062530517578125 105.05625152587890625
93.78749847412109375 84.8625030517578125 79.375 74.9375 70.74375152587890625 67.93125152587890625 65.0500030517578125 63.19374847412109375 62.65000152587890625 62.174999237060546875 62.168750762939453125 63.19374847412109375 65.0187530517578125 66.7687530517578125 69.5187530517578125 72.63124847412109375 76.09999847412109375 80.0500030517578125 84.4250030517578125 89.3312530517578125 91.9499969482421875 94.125 96.90625 99.9187469482421875 103.00624847412109375 106.1437530517578125 110.5437469482421875 115.09375 119.6437530517578125 123.25 125.77500152587890625 129.0437469482421875 130.34375 132.1875 133.9187469482421875 131.850006103515625 131.024993896484375 128.8874969482421875 124.1687469482421875 119.8249969482421875 115.40625 111.7687530517578125 108.3874969482421875 103.61875152587890625
98.8937530517578125 90.5500030517578125 84.96875 80.06874847412109375 75.6750030517578125 72.81874847412109375 70.6687469482421875 69.36875152587890625 69.2062530517578125 68.8562469482421875 68.53125 69.4812469482421875 71.25 72.96250152587890625 75.8312530517578125 78.71875 82.25 85.8937530517578125 90.1374969482421875 94.52500152587890625 97.18125152587890625 99.75 102.66249847412109375 105.63124847412109375 108.81874847412109375 112.77500152587890625 117.19374847412109375 121.52500152587890625 126.25 128.6750030517578125 131.1374969482421875 134.006256103515625 136.125 136.493743896484375 137.25 135.6875 133.225006103515625 130.1687469482421875 125.78125 121.09999847412109375 116.1750030517578125 111.96875 107.5749969482421875 103.40625
103.38124847412109375 96.2062530517578125 91.1062469482421875 85.28749847412109375 80.75624847412109375 78.31874847412109375 76.75624847412109375 75.90000152587890625 75.9812469482421875 76.2312469482421875 75.96875 76.84375 78.13124847412109375 79.77500152587890625 82.47499847412109375 85.66249847412109375 89.0625 91.63124847412109375 95.2624969482421875 99.81874847412109375 102.6125030517578125 105.05625152587890625 107.22499847412109375 110.5749969482421875 113.7687530517578125 118.21250152587890625 122.84999847412109375 126.78749847412109375 131.725006103515625 134.5749969482421875 136.443756103515625 138.181243896484375 140.068756103515625 141 140.7062530517578125 138.1687469482421875 134.3562469482421875 130.8125 126.82500457763671875 121.78125 116.06874847412109375 111.44374847412109375 106.66249847412109375 102.46250152587890625
112.3125 103.24375152587890625 95.9562530517578125 90.4187469482421875 85.9499969482421875 84.15625 82.8312530517578125 82.22499847412109375 83.21875 83.93125152587890625 83.40625 83.8562469482421875 85.34999847412109375 87.06874847412109375 89.6437530517578125 92.7375030517578125 95.78749847412109375 97.7687530517578125 100.88124847412109375 105.22499847412109375 108.03125 109.7375030517578125 111.66249847412109375 115.13124847412109375 118.625 123.41249847412109375 127.15000152587890625 131.1875 136.0500030517578125 139.0437469482421875 141.068756103515625 142.1125030517578125 142.931243896484375 143.3562469482421875 142.6125030517578125 139.7687530517578125 136.068756103515625 131.631256103515625 127.3625030517578125 121.9375 115.8937530517578125 110.7687530517578125 105.9562530517578125 100.77500152587890625
119.75624847412109375 110.91249847412109375 102.52500152587890625 94.98125457763671875 90.7375030517578125 89.8312530517578125 88.9187469482421875 88.0749969482421875 88.86875152587890625 89.625 89.1999969482421875 90.0500030517578125 92.0812530517578125 93.9375 97.00624847412109375 100.0749969482421875 103.22499847412109375 104.15625 107.3562469482421875 110.5124969482421875 112.28749847412109375 114.3312530517578125 115.9875030517578125 119.34375 122.86875152587890625 126.90625 131.4875030517578125 135.4187469482421875 139.5124969482421875 142.2062530517578125 144.4187469482421875 146.162506103515625 145.006256103515625 143.881256103515625 144.1687469482421875 141.2937469482421875 137.1875 133.8000030517578125 129.7062530517578125 123.4375 115.81874847412109375 110.61875152587890625 104.9499969482421875 100.20624542236328125
128.5 119.3937530517578125 110.7687530517578125 102.46250152587890625 96.61875152587890625 94.9187469482421875 94.0749969482421875 92.9499969482421875 93.00624847412109375 92.875 93.86875152587890625 95.6875 98.78749847412109375 101.1374969482421875 104.2687530517578125 107.6750030517578125 111.4562530517578125 113.6750030517578125 116.1374969482421875 117.19374847412109375 117.6437530517578125 119.1999969482421875 120.25 122.9499969482421875 126.83750152587890625 130.2937469482421875 134.1875 139.09375 143.0500030517578125 145.1062469482421875 147.0437469482421875 148.4499969482421875 147.506256103515625 145.4375 144.0437469482421875 140.774993896484375 137.34375 133.90625 131.3249969482421875 124.1999969482421875 115.61875152587890625 109.5437469482421875 104.27500152587890625 99.125
137.5187530517578125 127.91249847412109375 119.25 111.66875457763671875 105.5749969482421875 102.65000152587890625 99.8625030517578125 96.7062530517578125 95.30625152587890625 95.94374847412109375 98.5124969482421875 102.09999847412109375 105.5625 109.1750030517578125 112.08750152587890625 115.59999847412109375 119.1999969482421875 122.06874847412109375 124.08750152587890625 122.31874847412109375 121.84999847412109375 122.2687530517578125 122.9562530517578125 125.1437530517578125 129.337493896484375 133.274993896484375 136.6437530517578125 141.056243896484375 146.118743896484375 148.4562530517578125 149.0812530517578125 150.100006103515625 148.8625030517578125 146.0812530517578125 144.4812469482421875 139.8249969482421875 136.0749969482421875 131.943756103515625 128.056243896484375 121.55625152587890625 114.0187530517578125 108.0124969482421875 102.8249969482421875 97.6062469482421875
146.306243896484375 136.65625 128.3937530517578125 121 114.44374847412109375 111.45624542236328125 108.13124847412109375 104.02500152587890625 100.90625 100.6437530517578125 104.3625030517578125 109 113.24375152587890625 116.7687530517578125 118.9250030517578125 121.21875 123.77500152587890625 126.2375030517578125 127.78749847412109375 125.3562469482421875 123.5437469482421875 123.77500152587890625 124.74375152587890625 128.21875 131.881256103515625 135.46875 138.7687530517578125 143.3249969482421875 147.6999969482421875 149.412506103515625 151.1374969482421875 151.25 149.3249969482421875 146.96875 144.3625030517578125 139.875 134.9375 129.7375030517578125 125.08750152587890625 119.40625 112.16249847412109375 106.7624969482421875 102.36875152587890625 97.80625152587890625
154.212493896484375 144.962493896484375 137.25 130.524993896484375 124.05625152587890625 120.8249969482421875 117.4250030517578125 113.53125 111.88124847412109375 111.78749847412109375 114.0500030517578125 117.36875152587890625 122.02500152587890625 124.68125152587890625 125.7624969482421875 126.2687530517578125 126.78749847412109375 127.3562469482421875 127.30625152587890625 125.5749969482421875 124.40000152587890625 124.6437530517578125 125.9375 129.962493896484375 133.399993896484375 136.756256103515625 140.1687469482421875 144.350006103515625 148.912506103515625 150.53125 151.256256103515625 151.306243896484375 148.90625 145.774993896484375 143.274993896484375 139.568756103515625 134.0749969482421875 128.4250030517578125 122.8249969482421875 117.1125030517578125 110.875 106.44374847412109375 101.8249969482421875 97.63124847412109375
163.2687530517578125 153.943756103515625 146.131256103515625 139.1437530517578125 133.556243896484375 131.024993896484375 127.86875152587890625 123.71250152587890625 122.38124847412109375 122.7937469482421875 124.625 127.75 131.1125030517578125 133.412506103515625 132.3000030517578125 130.875 129.1125030517578125 128.243743896484375 126.7624969482421875 124.84375 125.02500152587890625 125.58750152587890625 127.24375152587890625 129.912506103515625 135.149993896484375 138.743743896484375 141.5187530517578125 144.475006103515625 147.6062469482421875 149.1374969482421875 149.8937530517578125 150.475006103515625 148.006256103515625 144.868743896484375 141.9250030517578125 137.600006103515625 132.34375 126.77500152587890625 121.96250152587890625 116.13124847412109375 110.15625 105.86875152587890625 102.08750152587890625 98.52500152587890625
171.337493896484375 161.75 154.2375030517578125 147.9812469482421875 142.475006103515625 140.2375030517578125 137.84375 134.162506103515625 133.1437530517578125 134.2687530517578125 136.2062530517578125 138.5749969482421875 139.4375 139.931243896484375 138.1437530517578125 135.256256103515625 132.5500030517578125 130.15625 127.9562530517578125 126.0625 125.6875 126.81874847412109375 129.5812530517578125 132.818756103515625 137.587493896484375 141.0187530517578125 142.881256103515625 144.7624969482421875 146.7312469482421875 147.9875030517578125 148.600006103515625 149.225006103515625 146.8625030517578125 144.212493896484375 141.6437530517578125 137.681243896484375 132.6437530517578125 127.5187530517578125 122.3125 116.4875030517578125 110.5187530517578125 106.59375 103.0437469482421875 99.5124969482421875
179.1125030517578125 169.8874969482421875 162.7937469482421875 156.3000030517578125 151.225006103515625 148.725006103515625 146.193756103515625 143.59375 143.274993896484375 145.0749969482421875 147.3312530517578125 148.5437469482421875 147.743743896484375 145.59375 143.2687530517578125 139.7687530517578125 136.162506103515625 133.618743896484375 130.774993896484375 127.93125152587890625 126.16249847412109375 127.9250030517578125 131.9875030517578125 135.756256103515625 138.975006103515625 141.25 142.850006103515625 144.6374969482421875 146.318756103515625 146.2375030517578125 146.5 146.756256103515625 144.381256103515625 142.3000030517578125 140.2312469482421875 137.40625 133.4562530517578125 128.78125 123.3562469482421875 116.8312530517578125 110.5 107.3874969482421875 103.5 98.3000030517578125
185.725006103515625 176.625 169.625 163.5124969482421875 158.1875 155.806243896484375 153.493743896484375 152.15625 153.306243896484375 154.9812469482421875 156.212493896484375 155.850006103515625 154.3000030517578125 151.3937530517578125 147.59375 144.5812530517578125 140.462493896484375 137.1062469482421875 133.806243896484375 130.8125 129.9375 131.375 134.475006103515625 137.2624969482421875 139.8249969482421875 141.90625 143.681243896484375 144.056243896484375 144.53125 143.78125 143.662506103515625 143.3312530517578125 141.693756103515625 139.774993896484375 138.75 136.65625 133.943756103515625 130.881256103515625 126.30625152587890625 120.61875152587890625 112.625 106.93125152587890625 102.43125152587890625 98.59999847412109375
191.350006103515625 182.068756103515625 175.6062469482421875 169.493743896484375 164.475006103515625 162.1750030517578125 160.931243896484375 159.9875030517578125 161.1812591552734375 162.475006103515625 163.462493896484375 162.681243896484375 160.306243896484375 157.412506103515625 153.3312530517578125 150.193756103515625 145.5124969482421875 141.78125 138.2062530517578125 136.0437469482421875 135.225006103515625 136.1374969482421875 137.899993896484375 139.7937469482421875 141.9375 143.4250030517578125 144.5437469482421875 144.59375 144.068756103515625 141.712493896484375 140.3125 140.131256103515625 138.90625 137.9375 137.756256103515625 135.7937469482421875 135.0625 134.9562530517578125 134.118743896484375 129.350006103515625 120.9187469482421875 113.50624847412109375 107.3562469482421875 102.08750152587890625
195.587493896484375 186.53125 180.3874969482421875 175.056243896484375 170.225006103515625 168.568756103515625 167.6374969482421875 166.3625030517578125 167.662506103515625 169.7937469482421875 170.46875 169.0187530517578125 166.412506103515625 163.1999969482421875 159.4499969482421875 154.881256103515625 150.15625 147.0124969482421875 143.350006103515625 140.9187469482421875 140.5749969482421875 140.712493896484375 141.6999969482421875 142.756256103515625 144.4812469482421875 146.381256103515625 146.8562469482421875 146.0124969482421875 143.912506103515625 139.6437530517578125 137.118743896484375 135.756256103515625 133.818756103515625 133.131256103515625 132.881256103515625 132.6062469482421875 134.40625 137.712493896484375 141.3625030517578125 138.868743896484375 131.03125 121.3000030517578125 112.41249847412109375 103.65625
199.162506103515625 190.4812469482421875 183.693756103515625 179.024993896484375 175.0187530517578125 173.3625030517578125 173.068756103515625 173.037506103515625 175.024993896484375 176.681243896484375 177.3625030517578125 175.15625 172.1875 168.6999969482421875 165.0812530517578125 160.212493896484375 154.2062530517578125 151.068756103515625 148.3625030517578125 145.850006103515625 145.375 145.243743896484375 145.712493896484375 146.006256103515625 147.4875030517578125 149.6750030517578125 150.287506103515625 147.9250030517578125 142.868743896484375 136.9562530517578125 133.25 131.850006103515625 128.818756103515625 125.83750152587890625 124.61875152587890625 126.1875 131.4499969482421875 140.5500030517578125 152.4499969482421875 148.5812530517578125 139.193756103515625 127.0812530517578125 114.9875030517578125 105.66249847412109375
201.5437469482421875 192.9562530517578125 186.4250030517578125 182.1062469482421875 178.3000030517578125 177.75 177.5812530517578125 177.350006103515625 179.4562530517578125 182.1125030517578125 183.5187530517578125 181.40625 177.912506103515625 174.5 170.568756103515625 165.4187469482421875 159.462493896484375 154.1374969482421875 152.881256103515625 150.5124969482421875 150.2687530517578125 149.6750030517578125 149.3249969482421875 149.6999969482421875 151.0187530517578125 153.225006103515625 154.881256103515625 150.056243896484375 142.0625 133.6999969482421875 128.3874969482421875 126.31874847412109375 124.6999969482421875 122.8874969482421875 119.4499969482421875 116.49375152587890625 127.1374969482421875 139.7062530517578125 148.7375030517578125 147.337493896484375 137.975006103515625 126.5437469482421875 116.2624969482421875 107.9375
202.693756103515625 194.0749969482421875 188.3874969482421875 184.2687530517578125 180.8125 180.8125 180.9375 181.8499908447265625 184.53125 187.600006103515625 188.53125 185.9375 183.34375 180.681243896484375 176.225006103515625 170.71875 164.8625030517578125 159.4250030517578125 155.681243896484375 153.8874969482421875 154.3562469482421875 154.931243896484375 152.212493896484375 152.943756103515625 154.7375030517578125 156.53125 156.7312469482421875 152.09375 143.056243896484375 132.2624969482421875 124.2062530517578125 125.1687469482421875 126.25624847412109375 124.38124847412109375 120.5749969482421875 120.0625 128.125 136.850006103515625 142.962493896484375 141.1999969482421875 133.84375 124.56874847412109375 116.28125 109.6687469482421875
202.943756103515625 194.6875 188.8249969482421875 185.056243896484375 182.34375 183.4812469482421875 184.6999969482421875 186.118743896484375 189.631256103515625 192.100006103515625 193.6437530517578125 192.40625 190.3312530517578125 187.006256103515625 181.53125 174.6437530517578125 168.1062469482421875 163.8312530517578125 160.3249969482421875 158.0625 156.6750030517578125 155.256256103515625 154.7687530517578125 155.9250030517578125 157.5500030517578125 158.774993896484375 158.337493896484375 155.118743896484375 147.125 136.506256103515625 130.0187530517578125 131.4375 131.8000030517578125 131.4250030517578125 130.787506103515625 130.443756103515625 134.4562530517578125 139.162506103515625 141.149993896484375 138.443756103515625 131.4812469482421875 122.52500152587890625 116.8249969482421875 111.9499969482421875
