data/historical-monthly-weather-data/wc2.1_cruts4.09_10m_prec_1965-03.asc
ncols        51
nrows        45
xllcorner    -63.500000000000
yllcorner    -7.500000000000
cellsize     0.166666666667
NODATA_value -9999
[rows 20 to 39 of 45, columns 0 to 44 of 51]
318.649993896484375 341.993743896484375 363.09375 384.931243896484375 407.568756103515625 427.131256103515625 445.14373779296875 459.8125 467.5625 469.23748779296875 467.79376220703125 471.83123779296875 477.61248779296875 485.818756103515625 479.649993896484375 464.774993896484375 451.631256103515625 443.29998779296875 440.649993896484375 437.75 434.631256103515625 431.32501220703125 427.40625 431.493743896484375 437.78125 444.86248779296875 451.5625 457.662506103515625 462.912506103515625 463.625 456.26873779296875 442.412506103515625 422.274993896484375 396.78125 372.04376220703125 397.756256103515625 434.59375 453.237518310546875 457.350006103515625 452.875 444.375 435.46875 424.67498779296875 415.64373779296875 410.725006103515625
305.274993896484375 329.8125 353.993743896484375 377.787506103515625 402.63751220703125 424.912506103515625 445.48126220703125 463.46875 472.274993896484375 470.03125 461.256256103515625 457.006256103515625 454.787506103515625 456.64373779296875 454.75 449.03125 443.9375 437.787506103515625 433.90625 429.881256103515625 423.01873779296875 417.506256103515625 417.28125 420.64373779296875 427.51251220703125 437.881256103515625 450.212493896484375 456.806243896484375 461.524993896484375 460.350006103515625 450.98748779296875 437.068756103515625 421.42498779296875 405.8125 398.100006103515625 413.08123779296875 440.600006103515625 458.662506103515625 462.787506103515625 456.587493896484375 446.64373779296875 437.90625 428.350006103515625 420.006256103515625 416.16876220703125
295.57501220703125 322.087493896484375 346.524993896484375 372.131256103515625 397.8125 419.86248779296875 440.837493896484375 463.96875 477.712493896484375 469.375 453.76873779296875 438.962493896484375 428.16876220703125 427.868743896484375 432.32501220703125 433.475006103515625 431.912506103515625 427.9375 423.85626220703125 419.53125 412.11248779296875 404.243743896484375 400.625 403.83123779296875 414.231231689453125 428.15625 442.36248779296875 451.875 456.725006103515625 454.01251220703125 446.5625 439.068756103515625 434.75 430.212493896484375 435.33123779296875 447.068756103515625 463.40625 474.04376220703125 472.9375 463.681243896484375 451.34375 441.756256103515625 432.625 423.46875 420.33123779296875
287.125 311.29376220703125 336.75 363.943756103515625 390.95001220703125 411.850006103515625 433.881256103515625 456.29998779296875 467.84375 457.17498779296875 438.818756103515625 423.35626220703125 406.51873779296875 407.14373779296875 415.818756103515625 421.04998779296875 423.29998779296875 421.25 415.70001220703125 410.13751220703125 401.13751220703125 391.41876220703125 385.46875 388.006256103515625 396.17498779296875 409.931243896484375 425.462493896484375 439.09375 447.943756103515625 450.462493896484375 449.79376220703125 447.40625 449.931243896484375 454.556243896484375 465.274993896484375 478.193756103515625 489.556243896484375 490.79998779296875 482.45001220703125 470.23748779296875 456.78125 444.818756103515625 434.368743896484375 423.41876220703125 422.63751220703125
284.024993896484375 304.04998779296875 327.5 355.67498779296875 385.212493896484375 405.356231689453125 423.01873779296875 439.8125 446.28125 440.850006103515625 429.693756103515625 415.09375 404.712493896484375 402.41876220703125 407.125 413.84375 416.850006103515625 415.899993896484375 411.587493896484375 403.225006103515625 390.65625 378.58123779296875 369.125 367.537506103515625 377.04998779296875 395.649993896484375 411.443756103515625 429.38751220703125 441.625 451.118743896484375 454.475006103515625 456.29998779296875 464.91876220703125 474.58123779296875 485.931243896484375 491.875 499.28125 499.368743896484375 488.493743896484375 477.07501220703125 462.9375 448.912506103515625 434.5 425.337493896484375 419.54376220703125
285.96875 303.850006103515625 324.1875 351.787506103515625 378.57501220703125 395.89373779296875 410.60626220703125 423.537506103515625 427.54376220703125 425.006256103515625 418.693756103515625 410.681243896484375 403.881256103515625 400.16876220703125 403.89373779296875 410.662506103515625 413.13751220703125 413.318756103515625 410.1875 399.23126220703125 386.20001220703125 368.899993896484375 353.20001220703125 346.25 359.0625 382.53125 404.399993896484375 422.368743896484375 438.212493896484375 451.6875 460.068756103515625 467.46875 480.712493896484375 490.568756103515625 499.57501220703125 502.318756103515625 505.993743896484375 505.431243896484375 495.350006103515625 482.625 468.774993896484375 452.193756103515625 432.85626220703125 421.20623779296875 416.76873779296875
296.45623779296875 309.587493896484375 328.34375 350.13751220703125 371.600006103515625 385.962493896484375 397.17498779296875 406.95623779296875 410.57501220703125 411.73126220703125 410.39373779296875 405.631256103515625 401.03125 398.743743896484375 403.5625 409.493743896484375 414.975006103515625 413.993743896484375 409.693756103515625 401.39373779296875 385.48748779296875 366.54998779296875 344.743743896484375 334.73748779296875 352.90625 376.193756103515625 398.95001220703125 416.54998779296875 433.16876220703125 448.1875 460.21875 473.45623779296875 491.98748779296875 501.16876220703125 508.82501220703125 511.337493896484375 514.71875 513.64373779296875 504.212493896484375 492.65625 476.76251220703125 457.58123779296875 435.306243896484375 419.962493896484375 424.98748779296875
309.21875 319.58123779296875 334.39373779296875 351.14373779296875 365.9375 376.618743896484375 387.51873779296875 395.337493896484375 399.08123779296875 401.756256103515625 401.70001220703125 398.91876220703125 396.79376220703125 396.243743896484375 402.131256103515625 408.725006103515625 415.70623779296875 418.493743896484375 415.71875 408.75 394.225006103515625 375.54376220703125 361.32501220703125 354.1875 364.087493896484375 381.912506103515625 400.412506103515625 417.181243896484375 431.92498779296875 444.70623779296875 456.51873779296875 468.943756103515625 489.09375 501.53125 512.28125 516.4625244140625 518.09375 519.7874755859375 512.54376220703125 504.068756103515625 493.118743896484375 470.9375 442.45623779296875 425.087493896484375 442.006256103515625
321.243743896484375 329.67498779296875 340.381256103515625 351.149993896484375 363.399993896484375 370.98748779296875 377.493743896484375 384.01251220703125 388.631256103515625 391.600006103515625 394.1875 393.306243896484375 392.29376220703125 393.662506103515625 402.08123779296875 411.57501220703125 421.91876220703125 426.399993896484375 426.73748779296875 422.33123779296875 409.41876220703125 393.399993896484375 382.67498779296875 375.368743896484375 381.07501220703125 391.625 405.04998779296875 418.850006103515625 431.318756103515625 442.75 451.4375 461.600006103515625 482.524993896484375 499.61248779296875 514.15625 519.71875 521.4625244140625 524.1312255859375 518.35626220703125 510.09375 505.28125 482.475006103515625 453.67498779296875 446.337493896484375 466.912506103515625
334.368743896484375 340.212493896484375 346.475006103515625 352.86248779296875 360.568756103515625 364.26873779296875 369.212493896484375 374.256256103515625 378.79998779296875 381.868743896484375 385.21875 387.45001220703125 389.868743896484375 393.20001220703125 402.350006103515625 412.66876220703125 423.41876220703125 435.26251220703125 439.162506103515625 432.51873779296875 419.92498779296875 406.818756103515625 396.82501220703125 390.850006103515625 392.225006103515625 399.337493896484375 408.96875 418.23126220703125 426.88751220703125 436.5625 445.60626220703125 454.493743896484375 474.975006103515625 496.537506103515625 514.17498779296875 520.2125244140625 523.5 528.51873779296875 518.9749755859375 511.64373779296875 509.068756103515625 500.375 484.962493896484375 485.9375 495.8125
344.86248779296875 347.90625 350.25 353.85626220703125 358.131256103515625 358.725006103515625 362.71875 365.91876220703125 369.618743896484375 372.98748779296875 377.10626220703125 380.32501220703125 384.962493896484375 389.181243896484375 399.38751220703125 411.28125 425.57501220703125 439.243743896484375 449.14373779296875 442.78125 430.256256103515625 416.681243896484375 408.41876220703125 401.875 400.181243896484375 406.068756103515625 410.78125 415.25 421.79376220703125 430.693756103515625 440.04998779296875 451.04998779296875 472.162506103515625 494.6875 514.3187255859375 520.20001220703125 525.29998779296875 532.53125 522.29376220703125 506.506256103515625 508.8125 516.0999755859375 517.01251220703125 521.75 532.20001220703125
352.60626220703125 353.34375 352.36248779296875 352.41876220703125 353.993743896484375 353 355.5 356.53125 359.475006103515625 362.85626220703125 367.14373779296875 371.45623779296875 376.45623779296875 383.76873779296875 395.5625 408.693756103515625 419.82501220703125 433.024993896484375 443.20623779296875 443.431243896484375 432.243743896484375 422.41876220703125 413.38751220703125 406.3125 406.506256103515625 408.600006103515625 409.09375 412.256256103515625 414.71875 424.76251220703125 435.67498779296875 447.73126220703125 468.274993896484375 491.51873779296875 512.5250244140625 520.45623779296875 529.66876220703125 536.9437255859375 524.79376220703125 516.57501220703125 526.92498779296875 543.2437744140625 553.3125 569.0250244140625 585.0062255859375
357.818756103515625 357.899993896484375 354.743743896484375 352.462493896484375 350.59375 349.32501220703125 348.61248779296875 347.431243896484375 348.04376220703125 351.46875 358.41876220703125 362.568756103515625 369.34375 379.943756103515625 390.67498779296875 401.36248779296875 410.04376220703125 422.787506103515625 431.118743896484375 433.70623779296875 427.375 418.993743896484375 410.04998779296875 405.09375 403.54376220703125 403.48748779296875 402.32501220703125 403.350006103515625 406.412506103515625 417.181243896484375 429.70623779296875 443.54998779296875 466.056243896484375 490.125 510.79998779296875 524.1187744140625 535.79998779296875 543.83123779296875 538.3125 546.04998779296875 560.7125244140625 579.5687255859375 598.2562255859375 620.26873779296875 652.73748779296875
362.16876220703125 361.23126220703125 358.01251220703125 354.037506103515625 350.16876220703125 345.881256103515625 342.125 338.92498779296875 337.662506103515625 339.59375 345.60626220703125 353.631256103515625 362.306243896484375 371.29376220703125 380.35626220703125 390.71875 400.26251220703125 411.29376220703125 417.70001220703125 421.13751220703125 417.84375 410.756256103515625 404.23126220703125 397.962493896484375 395.65625 393.51873779296875 392.65625 392.225006103515625 396.58123779296875 408.5625 422.04998779296875 439.493743896484375 464.17498779296875 488.73748779296875 512.92498779296875 528.54376220703125 541.5875244140625 551.57501220703125 559.5875244140625 574.14373779296875 590.6812744140625 612.9000244140625 640.86248779296875 669.60626220703125 708.9937744140625
366.131256103515625 365.33123779296875 361.1875 355.149993896484375 347.73748779296875 342.056243896484375 335.4375 330.95001220703125 326.524993896484375 325.881256103515625 332.40625 343.350006103515625 355.01251220703125 364.693756103515625 374.07501220703125 381.193756103515625 389.212493896484375 398.818756103515625 405.0625 408.462493896484375 406.60626220703125 399.88751220703125 393.475006103515625 386.83123779296875 384.399993896484375 382.412506103515625 380.306243896484375 380.73126220703125 383.412506103515625 398.4375 416.15625 435.90625 461.193756103515625 487.76251220703125 512.11248779296875 528.29376220703125 543.6812744140625 563.4625244140625 579.09375 596.86248779296875 617.2437744140625 639.3812255859375 669.2125244140625 701.5625 736.01251220703125
368.90625 367.01873779296875 361.681243896484375 355.04376220703125 347.40625 339.67498779296875 332.34375 324.212493896484375 316.493743896484375 314.48748779296875 320.17498779296875 332.375 346.975006103515625 358.66876220703125 366.13751220703125 372.21875 377.068756103515625 384.975006103515625 391.806243896484375 396.068756103515625 393.131256103515625 386.04376220703125 378.64373779296875 372.78125 369.25 366.350006103515625 364.600006103515625 365.73126220703125 369.181243896484375 386.03125 406.96875 428.506256103515625 453.3125 481.67498779296875 506.899993896484375 524.25 545.39373779296875 567.07501220703125 582.26873779296875 602.98748779296875 626.4437255859375 648.40625 673.9937744140625 706.85626220703125 733.70623779296875
369.89373779296875 368.32501220703125 363.03125 355.756256103515625 348.556243896484375 340.45001220703125 331.08123779296875 321.26251220703125 309.95623779296875 301.912506103515625 309.993743896484375 328.631256103515625 343.5 352.631256103515625 359.04998779296875 362.07501220703125 364.024993896484375 370.318756103515625 376.96875 378.662506103515625 375.818756103515625 368.931243896484375 362.01873779296875 354.63751220703125 350.13751220703125 347.3125 346.58123779296875 349.375 353.493743896484375 373.287506103515625 396.14373779296875 419.712493896484375 447.225006103515625 476.58123779296875 502.14373779296875 523.20623779296875 546.32501220703125 569.9749755859375 587.125 604.5875244140625 625.6624755859375 647.2750244140625 672.90625 703.16876220703125 727.4375
372.725006103515625 371.59375 365.38751220703125 358.4375 352.26873779296875 344.131256103515625 334.38751220703125 323.01251220703125 312.40625 301.04998779296875 316.912506103515625 335.46875 344.3125 350.0625 352.118743896484375 352.774993896484375 351 355.1875 359.162506103515625 358.962493896484375 353.95001220703125 347.76251220703125 342.98126220703125 335.399993896484375 330.881256103515625 328.662506103515625 328.76873779296875 333.09375 339.09375 360.54376220703125 384.26873779296875 409.20001220703125 437.70623779296875 468.3125 494.012481689453125 518.7874755859375 543.2874755859375 565.15625 585.29998779296875 604.95623779296875 621.8375244140625 644.01873779296875 665.23748779296875 685.86248779296875 707.7437744140625
380.73126220703125 378.85626220703125 373.162506103515625 366.556243896484375 360.350006103515625 351.16876220703125 343.306243896484375 334.28125 329.07501220703125 333.131256103515625 349.83123779296875 351.993743896484375 350.8125 350.92498779296875 350.399993896484375 348.20623779296875 344.21875 344.71875 344.45623779296875 341.16876220703125 333.881256103515625 327.57501220703125 322.89373779296875 317.33123779296875 314.20623779296875 313.6875 315.95001220703125 320.631256103515625 327.95001220703125 348.537506103515625 372.193756103515625 394.649993896484375 420.6875 449.79376220703125 479.28125 501.70001220703125 523.95001220703125 547.4625244140625 564.125 579.82501220703125 595.38751220703125 615.79998779296875 632.5999755859375 650.85626220703125 665.41876220703125
390.475006103515625 388.04998779296875 382.35626220703125 375.118743896484375 369.65625 363.20623779296875 355.037506103515625 350.48748779296875 347.92498779296875 349.962493896484375 355.556243896484375 357.912506103515625 356.149993896484375 352.64373779296875 350.274993896484375 345.35626220703125 339.23748779296875 335.79998779296875 330.73126220703125 324.98126220703125 315.75 308.587493896484375 302.381256103515625 297.993743896484375 297.462493896484375 298.65625 302.0625 308.681243896484375 316.8125 335.48126220703125 355.875 379.681243896484375 407.399993896484375 433.693756103515625 460.79376220703125 483.475006103515625 503.125 524.16876220703125 541.2874755859375 552.2750244140625 564.33123779296875 581.4000244140625 595.48126220703125 609.04998779296875 619.58123779296875
