data/historical-monthly-weather-data/wc2.1_cruts4.09_10m_prec_2015-05.asc
ncols        51
nrows        45
xllcorner    -63.500000000000
yllcorner    -7.500000000000
cellsize     0.166666666667
NODATA_value -9999
[rows 19 to 37 of 45, columns 0 to 43 of 51]
219.493743896484375 224.8625030517578125 231.9875030517578125 238.600006103515625 247.818756103515625 259.23126220703125 267.381256103515625 272.96875 276.14373779296875 277.899993896484375 279.89373779296875 279.318756103515625 277.850006103515625 270.95623779296875 263.868743896484375 251.850006103515625 242.5625 247.131256103515625 248.3562469482421875 255.3874969482421875 261.32501220703125 276.1875 294.48748779296875 297.82501220703125 294.20623779296875 284.28125 274.725006103515625 267.131256103515625 251.8874969482421875 235.8000030517578125 227.056243896484375 230.5500030517578125 227.5625 222.537506103515625 223.681243896484375 225.8625030517578125 223.6750030517578125 219.0124969482421875 212.6687469482421875 203.8249969482421875 188.962493896484375 180.462493896484375 179.818756103515625 179.318756103515625
206.568756103515625 219.068756103515625 229.618743896484375 236.65625 243.6062469482421875 257.73126220703125 268.78125 276.037506103515625 279.693756103515625 279.28125 279.79998779296875 279.82501220703125 274.681243896484375 268.82501220703125 259.5 252.7687530517578125 242.0500030517578125 241.09375 247.59375 250.4375 266.350006103515625 281.068756103515625 293.131256103515625 294.45623779296875 291.71875 281.73126220703125 264.35626220703125 253.7312469482421875 244.25 235.881256103515625 230.837493896484375 229.0500030517578125 220.774993896484375 215.1750030517578125 214.125 215.568756103515625 214.943756103515625 211.2624969482421875 204.0437469482421875 194.28125 185.318756103515625 177.774993896484375 173.8499908447265625 174.4562530517578125
200.587493896484375 206.3312530517578125 220.587493896484375 234.21875 242.506256103515625 253.618743896484375 267.14373779296875 278.13751220703125 282.837493896484375 283.350006103515625 282.493743896484375 279.33123779296875 273.493743896484375 266.67498779296875 262.662506103515625 253.625 255.9250030517578125 252.725006103515625 257.53125 258.14373779296875 262.29376220703125 273.85626220703125 284.45001220703125 280.59375 272.0625 267.09375 261.193756103515625 250.318756103515625 246.8062591552734375 240.475006103515625 231.287506103515625 222.8874969482421875 218.6374969482421875 215.712493896484375 210.350006103515625 207.8312530517578125 207.3625030517578125 203.881256103515625 197.0437469482421875 188.5749969482421875 181.4812469482421875 174.993743896484375 170.90625 169.868743896484375
195.024993896484375 207.3000030517578125 220.524993896484375 234.337493896484375 243.0625 253.1999969482421875 258.54998779296875 271.04998779296875 282.681243896484375 284.618743896484375 281.63751220703125 277.57501220703125 276.29998779296875 270.381256103515625 266.443756103515625 260.58123779296875 258.149993896484375 257.524993896484375 258.82501220703125 260.03125 265.66876220703125 268.162506103515625 274.34375 268.88751220703125 265.506256103515625 258.88751220703125 249.399993896484375 245.3625030517578125 242.4375 235.2624969482421875 225.1437530517578125 220.225006103515625 218.625 214.2687530517578125 210.131256103515625 201.2624969482421875 197.1125030517578125 195.625 193.0437469482421875 185.1999969482421875 177.212493896484375 171.8249969482421875 167.506256103515625 165.774993896484375
187.162506103515625 201.524993896484375 217.774993896484375 229.806243896484375 238.225006103515625 245.725006103515625 259.868743896484375 269.818756103515625 275.056243896484375 276.131256103515625 276.5625 279.09375 276.743743896484375 274.21875 268.20001220703125 262.649993896484375 259.881256103515625 261.368743896484375 263.743743896484375 266.118743896484375 265.84375 268.17498779296875 269.42498779296875 267.73748779296875 260.29998779296875 249.100006103515625 242.868743896484375 239.4875030517578125 238.3312530517578125 236.4562530517578125 232.662506103515625 228.9562530517578125 226.9250030517578125 220.6062469482421875 213.931243896484375 201.28125 198.6374969482421875 194.0625 188.993743896484375 182.037506103515625 173.587493896484375 169.6437530517578125 166.15625 162.568756103515625
183.7312469482421875 198.7375030517578125 213.318756103515625 228.837493896484375 239.6374969482421875 248.3625030517578125 254.96875 264.88751220703125 268.899993896484375 272.33123779296875 272.5 272.806243896484375 274.95623779296875 272.45623779296875 266.36248779296875 263.48748779296875 264.212493896484375 264.787506103515625 265.10626220703125 267.26873779296875 269.5625 268.29376220703125 270.381256103515625 265.587493896484375 256.95623779296875 252.625 245.9562530517578125 243.024993896484375 240.75 242.9562530517578125 240.4875030517578125 242.274993896484375 238.2937469482421875 230.1875 217.5500030517578125 205.975006103515625 200.0187530517578125 190.5625 184.493743896484375 177.875 170.818756103515625 165.806243896484375 162.443756103515625 157.3249969482421875
185.1374969482421875 201.243743896484375 210.4875030517578125 224.681243896484375 232.46875 239.881256103515625 245.7375030517578125 254.318756103515625 255.5625 256.193756103515625 263.962493896484375 267.82501220703125 267.11248779296875 266.51873779296875 267.15625 264.8125 265.90625 266.64373779296875 266.806243896484375 267.350006103515625 269.25 267.712493896484375 269.087493896484375 260.725006103515625 255.556243896484375 250.25 249.743743896484375 246.65625 243.556243896484375 246.537506103515625 249.7062530517578125 258.10626220703125 254.087493896484375 238.25 222.274993896484375 210.556243896484375 199.256256103515625 189.600006103515625 179.1999969482421875 172.068756103515625 166.0437469482421875 159.931243896484375 154.881256103515625 151.8937530517578125
184.712493896484375 193.3625030517578125 204.65625 215.475006103515625 222.3937530517578125 229.6125030517578125 234.8249969482421875 239.037506103515625 242.493743896484375 251.100006103515625 257.04998779296875 258.3125 261.07501220703125 262.88751220703125 263.79998779296875 264.59375 263.712493896484375 262.774993896484375 268.36248779296875 268.068756103515625 266.899993896484375 266.774993896484375 267.70001220703125 263.631256103515625 257.875 252.8874969482421875 251.475006103515625 248.118743896484375 245.962493896484375 246.600006103515625 253.618743896484375 261.89373779296875 261.631256103515625 240.875 221.181243896484375 207.3249969482421875 198.0124969482421875 185.6999969482421875 175.3937530517578125 168.193756103515625 161.3125 155.431243896484375 150.587493896484375 145.84375
185.4250030517578125 189.837493896484375 198.149993896484375 204.412506103515625 211.3874969482421875 219.3000030517578125 225.318756103515625 227.75 233.4875030517578125 241.774993896484375 246.806243896484375 248.7375030517578125 252.618743896484375 254.9187469482421875 258.4375 257.28125 260.149993896484375 264.774993896484375 270.29376220703125 271.537506103515625 270.10626220703125 267.681243896484375 271.07501220703125 265.087493896484375 259.73748779296875 252.7687530517578125 251.34375 247.5437469482421875 245.8125 247.056243896484375 251.681243896484375 256.443756103515625 251.475006103515625 233.993743896484375 218.443756103515625 204.5749969482421875 192.4499969482421875 182.5749969482421875 173.931243896484375 164.5437469482421875 156.412506103515625 152.1125030517578125 147.5187530517578125 143.6374969482421875
183.006256103515625 185.850006103515625 190.225006103515625 195.225006103515625 200.475006103515625 203.90625 208.1750030517578125 215.46875 225.1875 230.5437469482421875 236.40625 240.962493896484375 244.6750030517578125 250.524993896484375 256.53125 260.431243896484375 263.36248779296875 266.10626220703125 269.931243896484375 272.21875 271.40625 268.63751220703125 269.618743896484375 263.181243896484375 257.07501220703125 247.78125 246.431243896484375 244.818756103515625 242.5187530517578125 241.875 244.625 244.2687530517578125 236.287506103515625 222.587493896484375 211.5749969482421875 198.875 187.9499969482421875 176.71875 168.337493896484375 159.243743896484375 149.0250091552734375 143.4250030517578125 141.993743896484375 141.618743896484375
181.350006103515625 181.556243896484375 182.350006103515625 182.8312530517578125 185.5500030517578125 191.618743896484375 196.506256103515625 205.693756103515625 213.462493896484375 217.75 225.118743896484375 231.318756103515625 237.162506103515625 244.9250030517578125 251.537506103515625 256.61248779296875 260.15625 267.28125 269.649993896484375 269.0625 268.78125 268.787506103515625 268.79376220703125 260.5625 250.912506103515625 246.693756103515625 241.34375 235.431243896484375 232.537506103515625 231.7375030517578125 232.9875030517578125 229.850006103515625 221.7687530517578125 211.712493896484375 202.131256103515625 189.28125 182.3874969482421875 172.3000030517578125 163.149993896484375 157.618743896484375 150.162506103515625 143.7687530517578125 139.09375 135.787506103515625
179.4375 176.7249908447265625 174.46875 175.0187530517578125 177.2062530517578125 182.118743896484375 189.0187530517578125 195.15625 202.681243896484375 209.125 216.3874969482421875 221.9375 231.75 237.0187530517578125 244.318756103515625 252.25 258.38751220703125 263.056243896484375 267.28125 269.756256103515625 266.20623779296875 264.48126220703125 264.54376220703125 253.71875 244.181243896484375 241.774993896484375 234.712493896484375 226.943756103515625 223.4499969482421875 220.693756103515625 221.3000030517578125 215.6875 207.662506103515625 199.3249969482421875 190.1125030517578125 178.1062469482421875 171.600006103515625 165.0124969482421875 159.193756103515625 152.7687530517578125 148.3249969482421875 141.6437530517578125 136.3562469482421875 130.837493896484375
173.75 169.149993896484375 166.868743896484375 167.34375 169.931243896484375 173.1374969482421875 181.5812530517578125 184.868743896484375 191.6437530517578125 197.59375 204.6999969482421875 210.09375 219.6437530517578125 229.181243896484375 236.4562530517578125 245.943756103515625 249.28125 253.40625 257.86248779296875 261.36248779296875 257.381256103515625 256.54376220703125 255.693756103515625 246.96875 241.5812530517578125 235.1125030517578125 227.875 218.5625 211.4562530517578125 209.212493896484375 204.975006103515625 200.5625 192.274993896484375 184.5749969482421875 177.4250030517578125 167.568756103515625 160.7312469482421875 155.5187530517578125 149.993743896484375 147.5500030517578125 143.431243896484375 138.131256103515625 133.5749969482421875 130.40625
168.3125 164.6875 161.96875 162.881256103515625 162.931243896484375 165.34375 171.306243896484375 175.068756103515625 181.287506103515625 188.5500030517578125 198.8562469482421875 204.8874969482421875 213.725006103515625 224.4562530517578125 230.493743896484375 235.881256103515625 239.568756103515625 246.318756103515625 247.524993896484375 250.274993896484375 246.024993896484375 246.5749969482421875 244.2062530517578125 238.6125030517578125 232.931243896484375 227.625 218.59375 210.0500030517578125 200.912506103515625 196.3249969482421875 192.1999969482421875 186.3000030517578125 176.975006103515625 172.1437530517578125 164.6062469482421875 158.25 149.9812469482421875 145.1437530517578125 140.4499969482421875 140.0124969482421875 136.181243896484375 133.193756103515625 129.774993896484375 128.125
163.46875 159.2937469482421875 158.5812530517578125 158.4499969482421875 159.1999969482421875 159.881256103515625 162.9562530517578125 165.1750030517578125 170.225006103515625 177.0749969482421875 186.2375030517578125 196.431243896484375 204.4499969482421875 212.8625030517578125 220.5437469482421875 228 232.7624969482421875 237.381256103515625 236.274993896484375 236.306243896484375 235.806243896484375 236.6687469482421875 234.6374969482421875 227.462493896484375 222.806243896484375 216.5500030517578125 207.037506103515625 197.943756103515625 190.90625 185.1125030517578125 179.837493896484375 173.1687469482421875 165.0812530517578125 157.9375 151.84375 145.399993896484375 139.443756103515625 132.6999969482421875 130.75 129.462493896484375 126.28749847412109375 125.63124847412109375 125.06874847412109375 124.11875152587890625
157.6125030517578125 154.0124969482421875 153.9187469482421875 154.681243896484375 155.21875 155.1062469482421875 154.3625030517578125 156.09375 157.975006103515625 164.8625030517578125 175.056243896484375 185.850006103515625 197.8312530517578125 208.8562469482421875 215.306243896484375 220.9250030517578125 224.2937469482421875 227.975006103515625 226.7375030517578125 223.649993896484375 223.2375030517578125 222.09375 222.0187530517578125 215.3937530517578125 210.3562469482421875 204.78125 198.212493896484375 190.3562469482421875 182.7375030517578125 176.7624969482421875 169.306243896484375 161.7937469482421875 152.212493896484375 145.756256103515625 136.0124969482421875 131.1875 124.6750030517578125 122.4875030517578125 120.74375152587890625 118.8249969482421875 116.53749847412109375 114.94374847412109375 114.84375 115.5187530517578125
155.162506103515625 153.1187591552734375 151.5500030517578125 151.2937469482421875 150.6687469482421875 149.818756103515625 147.743743896484375 148.899993896484375 150.46875 153.912506103515625 162.056243896484375 176.6875 191.662506103515625 201.5749969482421875 208.9250030517578125 212.993743896484375 215.4375 215.350006103515625 215.8312530517578125 212.1374969482421875 211.5437469482421875 210.256256103515625 209.087493896484375 204.1750030517578125 198.912506103515625 193.3312530517578125 189.84375 183.475006103515625 174.5124969482421875 167.506256103515625 160.2687530517578125 152.25 142.556243896484375 133.149993896484375 124.9562530517578125 119.8249969482421875 118.09999847412109375 113.43125152587890625 111.97499847412109375 112.1374969482421875 109.5812530517578125 109.6687469482421875 108.6062469482421875 109.06874847412109375
153.7624969482421875 152.9375 150.96875 150.15625 149.84375 147.181243896484375 145.0124969482421875 143.1125030517578125 143.0187530517578125 141.693756103515625 154.774993896484375 176.6374969482421875 189.8125 197.6750030517578125 202.850006103515625 205.743743896484375 205.6750030517578125 204.1687469482421875 203.75 198.625 198.6125030517578125 197.5187530517578125 194.71875 190.5500030517578125 186.631256103515625 184.0437469482421875 179.7687530517578125 173.8937530517578125 166.2687530517578125 159.6125030517578125 152.743743896484375 145.2375030517578125 134.9749908447265625 123.90625 116.40000152587890625 113.3000030517578125 110.7062530517578125 107.81874847412109375 105.625 104.1999969482421875 101.90000152587890625 100.6999969482421875 102.1999969482421875 103.1437530517578125
153.056243896484375 152.0500030517578125 151.59375 150.0187530517578125 150.318756103515625 147.9812469482421875 145.4375 142.118743896484375 141.568756103515625 139.6750030517578125 161.681243896484375 183.4562530517578125 191.725006103515625 197.493743896484375 199.65625 200.3625030517578125 198.53125 197.006256103515625 193.493743896484375 189.84375 186.3312530517578125 184.8312530517578125 182.2312469482421875 178.631256103515625 175.287506103515625 172.850006103515625 167.6437530517578125 166.412506103515625 161.100006103515625 152.84375 144.5437469482421875 137.1437530517578125 128.1687469482421875 116.75624847412109375 107.63124847412109375 105.25 104.2687530517578125 101.5124969482421875 101.1687469482421875 98.59999847412109375 96.625 95.86875152587890625 94.31874847412109375 93.625
