data/historical-monthly-weather-data/wc2.1_cruts4.09_10m_prec_1957-11.asc
ncols        51
nrows        45
xllcorner    -63.500000000000
yllcorner    -7.500000000000
cellsize     0.166666666667
NODATA_value -9999
[rows 20 to 39 of 45, columns 0 to 43 of 51]
273.92498779296875 273.618743896484375 270.92498779296875 267.53125 263.11248779296875 260.431243896484375 257.412506103515625 252.7375030517578125 247.46875 239.9187469482421875 230.975006103515625 221.1687469482421875 210.0124969482421875 196.6062469482421875 184.5625 172.4562530517578125 161.5562591552734375 152.649993896484375 147.2937469482421875 139.9375 125.8562469482421875 108.625 91.8312530517578125 85.8249969482421875 81.5625 77.34999847412109375 76.9375 75.4499969482421875 73.1687469482421875 72.49375152587890625 72.5749969482421875 74.80625152587890625 74.9375 75.1687469482421875 75.4187469482421875 75.9875030517578125 75.65000152587890625 75.2687530517578125 73.5625 71.74375152587890625 69.38124847412109375 66.94374847412109375 63.97499847412109375 60.887500762939453125
275.537506103515625 273.881256103515625 272.381256103515625 270.01251220703125 267.1875 265.48748779296875 264.431243896484375 261.443756103515625 258.92498779296875 253.443756103515625 245.787506103515625 237.943756103515625 227.71875 213.850006103515625 199.662506103515625 185.837493896484375 174.3249969482421875 162.493743896484375 153.125 144.03125 127.8937530517578125 111.0812530517578125 95.96250152587890625 89.44374847412109375 84.25 79.68125152587890625 80.34999847412109375 79.9875030517578125 79.53125 80.43125152587890625 81.1125030517578125 83.46875 83.33750152587890625 84.1125030517578125 84.9812469482421875 85.1125030517578125 84.3874969482421875 83.2375030517578125 80.15625 77.4875030517578125 74.31874847412109375 71.4375 68.4250030517578125 65.5437469482421875
277.537506103515625 277.83123779296875 276.10626220703125 274.03125 271.95001220703125 270.662506103515625 269.506256103515625 269.51873779296875 269.587493896484375 265.48126220703125 260.443756103515625 254.2937469482421875 248.7937469482421875 235.3562469482421875 216.3312530517578125 199.212493896484375 185.3625030517578125 171.4375 158.9875030517578125 147.243743896484375 130.993743896484375 114.31874847412109375 99.40625 92.4812469482421875 87.33750152587890625 82.875 83.6875 84.83750152587890625 85.25 87.09999847412109375 89.4812469482421875 92.40625 93.05625152587890625 94.02500152587890625 94.7312469482421875 94.7687530517578125 93.69374847412109375 91.08750152587890625 86.90625 83.1750030517578125 79.58750152587890625 76.1875 72.90000152587890625 69.8125
280.787506103515625 281.256256103515625 279.67498779296875 276.38751220703125 274.71875 275.03125 274.90625 275.806243896484375 275.07501220703125 272.106231689453125 268.23748779296875 266.89373779296875 264.475006103515625 249.3249969482421875 227.368743896484375 208.6062469482421875 193.131256103515625 177.756256103515625 163.3000030517578125 149.40625 133.181243896484375 116.84375 101.99375152587890625 95.2624969482421875 90.25624847412109375 85.90625 88.46250152587890625 89.58750152587890625 91.3874969482421875 94.1750030517578125 98.1062469482421875 101.96875 102.6875 103.44374847412109375 104.38124847412109375 104.6125030517578125 102.96250152587890625 98.6687469482421875 93.65625 88.91249847412109375 84.3937530517578125 80.49375152587890625 76.78125 73.2937469482421875
288.39373779296875 287.01251220703125 284.712493896484375 281.26873779296875 280.23748779296875 279.399993896484375 278.506256103515625 278.59375 278.20001220703125 275.54998779296875 272.66876220703125 268.556243896484375 263.837493896484375 251.087493896484375 232.125 214.1062469482421875 198.337493896484375 181.4562530517578125 166.1687469482421875 151.4250030517578125 134.9375 118.3312530517578125 104.4875030517578125 97.7375030517578125 92.5749969482421875 89.46875 92.22499847412109375 94.96250152587890625 97.31874847412109375 101.7375030517578125 106.21875 110.78749847412109375 111.6374969482421875 112.33750152587890625 112.71250152587890625 111.55625152587890625 109.28749847412109375 104.5749969482421875 99.2687530517578125 94.25624847412109375 89.0124969482421875 84.6125030517578125 80.90625 77.59999847412109375
301.04998779296875 299.193756103515625 291.774993896484375 288.225006103515625 284.475006103515625 282.243743896484375 280.13751220703125 279.13751220703125 277.875 275.293731689453125 271.64373779296875 266.875 259.46875 248.0500030517578125 232.5 216.7937469482421875 202.100006103515625 184.993743896484375 169.056243896484375 153.9499969482421875 137.306243896484375 120.96250152587890625 106.81874847412109375 99.5625 95.21250152587890625 92.95000457763671875 96.7687530517578125 100.72499847412109375 104.2687530517578125 109.4812469482421875 114.4562530517578125 119.3562469482421875 120.3125 120.09999847412109375 120.00624847412109375 117.77500152587890625 114.5 110.1125030517578125 105.1875 99.75624847412109375 94.30625152587890625 89.4187469482421875 84.5 81.28125
316.193756103515625 311.006256103515625 302.368743896484375 295.48748779296875 288.837493896484375 284.537506103515625 282.868743896484375 279.91876220703125 275.662506103515625 272.399993896484375 269.35626220703125 263.70001220703125 255.46875 244.78125 231.1437530517578125 216.25 202.6999969482421875 186.5749969482421875 171.100006103515625 155.649993896484375 139.2312469482421875 123.24375152587890625 109.1875 102.5749969482421875 99.5187530517578125 97.81874847412109375 102.13124847412109375 106.94374847412109375 111.80625152587890625 116.65625 122.1875 127.06874847412109375 128.03125 127.5437469482421875 126.25624847412109375 123.75 120.47499847412109375 116.125 111.69374847412109375 106.53749847412109375 101.06874847412109375 95.2375030517578125 89.5812530517578125 85.1437530517578125
332.09375 323.524993896484375 312.46875 302.01873779296875 293.4375 286.850006103515625 283.149993896484375 279.58123779296875 275.14373779296875 270.88751220703125 265.475006103515625 259.28125 250.756256103515625 240.337493896484375 228.600006103515625 215.3874969482421875 202.337493896484375 187.6437530517578125 172.600006103515625 157.84375 142.4250030517578125 126.8249969482421875 114.40625 108.9375 105.69374847412109375 103.8312530517578125 108.25624847412109375 113.86875152587890625 119.1125030517578125 123.9499969482421875 128.7937469482421875 133.618743896484375 134.225006103515625 132.931243896484375 131.96875 129.462493896484375 126.2687530517578125 122.8874969482421875 117.93125152587890625 113.84375 109.16249847412109375 102.6750030517578125 94.41249847412109375 88.6999969482421875
346.899993896484375 335.04376220703125 319.58123779296875 306.693756103515625 296.03125 287.78125 282.26873779296875 277.57501220703125 273.85626220703125 268.537506103515625 262.568756103515625 255.1374969482421875 246.912506103515625 236.53125 225.618743896484375 214.850006103515625 203.725006103515625 188.912506103515625 174.4875030517578125 160.4875030517578125 146.21875 131.725006103515625 120.21875 115.8874969482421875 112.7312469482421875 110.8000030517578125 115.75624847412109375 121.2687530517578125 126.9499969482421875 130.9875030517578125 135.475006103515625 139.506256103515625 139.1687469482421875 137.8562469482421875 137.2312469482421875 134.931243896484375 132.274993896484375 128.9375 124.13124847412109375 119.5500030517578125 115.75624847412109375 108.2687530517578125 100.21250152587890625 95.69374847412109375
353.61248779296875 339.756256103515625 322.71875 305.76873779296875 294.899993896484375 286.83123779296875 280.774993896484375 275.83123779296875 271.38751220703125 264.84375 258.625 251.662506103515625 243.8249969482421875 234.8937530517578125 224.9375 215.024993896484375 203.4499969482421875 190.556243896484375 176.568756103515625 163.256256103515625 149.962493896484375 137.537506103515625 126.9375 122.7687530517578125 120.22499847412109375 119.1062469482421875 124.05625152587890625 129.318756103515625 134.5124969482421875 138.506256103515625 142.1687469482421875 145.53125 145.181243896484375 144.625 144.0500030517578125 141.6374969482421875 139.037506103515625 136.993743896484375 131.412506103515625 126.69374847412109375 123.125 119.46875 113.8312530517578125 110.71875
356.66876220703125 341.98748779296875 324.36248779296875 307.09375 294.29376220703125 287.212493896484375 280.75 274.63751220703125 268.193756103515625 262.368743896484375 256.23126220703125 249.5437469482421875 242.7062530517578125 233.037506103515625 224.2624969482421875 215.3249969482421875 205.6374969482421875 192.774993896484375 178.837493896484375 167.618743896484375 155.7437591552734375 144.181243896484375 134.225006103515625 130.712493896484375 128.318756103515625 127.8937530517578125 132.40625 137.7312469482421875 142.462493896484375 145.5749969482421875 148.78125 151.8062591552734375 151.431243896484375 151.84375 151 148.84375 147.0812530517578125 146.399993896484375 140.5625 132.693756103515625 130.693756103515625 130.787506103515625 128.443756103515625 126.0437469482421875
356.54376220703125 342.649993896484375 325.42498779296875 310.368743896484375 298.975006103515625 288.36248779296875 280.70623779296875 273.081268310546875 266.024993896484375 259.387481689453125 253.274993896484375 247.4250030517578125 240.5437469482421875 232.462493896484375 225.556243896484375 217.6999969482421875 208.6062469482421875 196.34375 184.056243896484375 173.65625 162.6125030517578125 151.3499908447265625 141.631256103515625 138.556243896484375 137.3312530517578125 136.912506103515625 140.9562530517578125 145.962493896484375 150.118743896484375 153.131256103515625 155.787506103515625 157.881256103515625 158.024993896484375 158.256256103515625 158.818756103515625 157.4375 156.381256103515625 155.412506103515625 149.243743896484375 143.850006103515625 144.600006103515625 146.993743896484375 147.0500030517578125 148.318756103515625
345.04998779296875 333.899993896484375 319.381256103515625 307.087493896484375 296.79998779296875 285.41876220703125 276.79998779296875 268.98126220703125 261.287506103515625 254.662506103515625 250.78125 244.931243896484375 239.6750030517578125 234.6687469482421875 228.006256103515625 221.087493896484375 212.15625 202.493743896484375 191.837493896484375 181.875 171.225006103515625 159.6750030517578125 149.4812469482421875 146.881256103515625 146.2062530517578125 145.9875030517578125 149.818756103515625 154.243743896484375 158.6999969482421875 161.318756103515625 163.65625 165.59375 166.100006103515625 166.662506103515625 168.431243896484375 168.287506103515625 168.743743896484375 168.0749969482421875 163.5 163.6937408447265625 166.225006103515625 170.056243896484375 173.9250030517578125 179.7062530517578125
330.90625 322.86248779296875 311.443756103515625 302.318756103515625 292.89373779296875 281.868743896484375 271.75 264.118743896484375 256.39373779296875 249.5500030517578125 245.5749969482421875 242.8312530517578125 240.006256103515625 235.375 229.9250030517578125 224.131256103515625 217.162506103515625 208.7937469482421875 199.5437469482421875 190.4875030517578125 179.71875 168.2375030517578125 158.15625 155.662506103515625 155.243743896484375 155.03125 158.9812469482421875 162.84375 166.96875 169.274993896484375 171.46875 173.9250030517578125 175.09375 176.40625 179.0625 180.506256103515625 181.1999969482421875 180.5625 180.8312530517578125 184.6999969482421875 188.7624969482421875 194.9187469482421875 203.662506103515625 213.993743896484375
318.07501220703125 312.40625 303.818756103515625 295.79998779296875 288.26873779296875 277.287506103515625 266.493743896484375 258.568756103515625 248.881256103515625 243.0124969482421875 240.8249969482421875 240.943756103515625 240.1750030517578125 238.34375 234.6062469482421875 228.306243896484375 222.5 215.399993896484375 207.25 198.8125 188.7312469482421875 177.375 167.125 164.2687530517578125 163.3874969482421875 163.78125 166.9875030517578125 171.09375 174.5812530517578125 176.84375 179.46875 181.8874969482421875 183.493743896484375 186.3562469482421875 188.8000030517578125 190.2062530517578125 191.6125030517578125 195.8249969482421875 199.0625 203.8125 210.475006103515625 217.9250030517578125 228.568756103515625 240.649993896484375
304.3125 299.524993896484375 292.41876220703125 285.07501220703125 278.26251220703125 268.506256103515625 258.618743896484375 248.850006103515625 238.274993896484375 231.5625 231.875 234.7687530517578125 238.1687469482421875 239.71875 236.3562469482421875 232.5187530517578125 226.3874969482421875 220.8874969482421875 214.7937469482421875 208.431243896484375 198.787506103515625 186.7624969482421875 176.475006103515625 173.4749908447265625 172.1687469482421875 171.850006103515625 174.7062530517578125 178.5 181.837493896484375 183.443756103515625 186.837493896484375 189.3312530517578125 192.1062469482421875 195.4375 197.381256103515625 198.868743896484375 204.4875030517578125 209.212493896484375 212.6687469482421875 218.993743896484375 227.1125030517578125 234.600006103515625 244.399993896484375 256.38751220703125
290.475006103515625 287.100006103515625 281.556243896484375 275.618743896484375 269.212493896484375 260.693756103515625 250.9499969482421875 241.0187530517578125 229.100006103515625 218.725006103515625 222.5875091552734375 233.962493896484375 239.3125 240.2624969482421875 238.131256103515625 234.8000030517578125 229.681243896484375 225.131256103515625 220.46875 214.8125 205.7375030517578125 194.587493896484375 185.0562591552734375 181.693756103515625 179.8874969482421875 179.7375030517578125 181.399993896484375 185.212493896484375 187.743743896484375 190.274993896484375 193.493743896484375 197.6062469482421875 200.662506103515625 204.75 207.28125 210.6062469482421875 216.662506103515625 222.6687469482421875 227.65625 232.5437469482421875 239.6999969482421875 246.8000030517578125 256.14373779296875 268.03125
280.875 277.662506103515625 272.51251220703125 267.6875 261.931243896484375 254.6750030517578125 246.725006103515625 237.931243896484375 226.8874969482421875 215.5 227.6062469482421875 241.212493896484375 243.193756103515625 242.71875 240.3937530517578125 237.100006103515625 232.5625 228.412506103515625 223.868743896484375 217.3249969482421875 210.0625 201.0812530517578125 192.975006103515625 188.90625 187.162506103515625 186.7687530517578125 187.912506103515625 191.181243896484375 193.7937469482421875 197.212493896484375 198.681243896484375 202.6875 207.0749969482421875 211.868743896484375 215.600006103515625 220.9375 228.0374908447265625 234.1437530517578125 241.1750030517578125 247.3000030517578125 251.431243896484375 258.82501220703125 265.399993896484375 274.287506103515625
277.54376220703125 274.037506103515625 269.506256103515625 264.368743896484375 258.225006103515625 251.350006103515625 244.7375030517578125 238 232.8937530517578125 235.1999969482421875 249.368743896484375 248.943756103515625 246.131256103515625 244.59375 241.6999969482421875 238.225006103515625 234.3000030517578125 230.506256103515625 225.475006103515625 220.03125 213.381256103515625 205.618743896484375 199.381256103515625 195.9375 193.0124969482421875 192.350006103515625 193.056243896484375 195.34375 197.6875 200.493743896484375 202.806243896484375 206.1374969482421875 210.25 214.787506103515625 221.6374969482421875 228.068756103515625 233.7937469482421875 241.493743896484375 247.506256103515625 249.6875 252.625 259.10626220703125 262.16876220703125 269.10626220703125
275.17498779296875 271.73748779296875 266.79376220703125 261.131256103515625 256.162506103515625 250.600006103515625 244.493743896484375 240.6999969482421875 239.0625 241.4562530517578125 247.024993896484375 248.46875 246.662506103515625 245.2624969482421875 242.8249969482421875 239.443756103515625 236.693756103515625 232.8249969482421875 228.0500030517578125 223.243743896484375 216.9250030517578125 210.493743896484375 204.649993896484375 200.8562469482421875 198.850006103515625 197.34375 197.368743896484375 199.21875 200.8125 202.931243896484375 204.818756103515625 210.7062530517578125 216.8249969482421875 221.6687469482421875 228.8562469482421875 234.568756103515625 239.5437469482421875 245.5 251.287506103515625 251.1750030517578125 252.7062530517578125 256.83123779296875 258.34375 260.787506103515625
