data/historical-monthly-weather-data/wc2.1_cruts4.09_10m_prec_2023-02.asc
ncols        45
nrows        45
xllcorner    -63.500000000000
yllcorner    -7.500000000000
cellsize     0.166666666667
NODATA_value -9999
[rows 20 to 39 of 45, columns 0 to 44 of 45]
207.4562530517578125 215.5625 230.6875 247.962493896484375 269.11248779296875 293.181243896484375 319.71875 346.962493896484375 370.70623779296875 393.149993896484375 414.037506103515625 434.649993896484375 456.931243896484375 477.537506103515625 467.46875 443.743743896484375 423.85626220703125 408.98126220703125 404.931243896484375 402.149993896484375 402.01873779296875 400.61248779296875 396.64373779296875 389.39373779296875 382.350006103515625 376.212493896484375 369.506256103515625 362.20623779296875 355.818756103515625 347.306243896484375 330.962493896484375 307.8125 276.15625 241.5500030517578125 210.8562469482421875 214.318756103515625 228.318756103515625 234.7375030517578125 229.2062530517578125 216.118743896484375 198.65625 182.868743896484375 168.131256103515625 154.8312530517578125 150.9875030517578125
200.0625 209.5 225.618743896484375 245.274993896484375 266.475006103515625 291.212493896484375 317.875 345.34375 368.84375 388.125 404.131256103515625 417.318756103515625 430.818756103515625 441.79376220703125 441.95001220703125 431.837493896484375 420.11248779296875 409.66876220703125 403.76873779296875 400.375 394.962493896484375 391.225006103515625 389.556243896484375 381.65625 375.11248779296875 370.6875 365.987518310546875 359.96875 355.256256103515625 349.10626220703125 337.162506103515625 315.75 287.54376220703125 259.92498779296875 239.087493896484375 236.587493896484375 242.6125030517578125 243.375 233.1750030517578125 217.4812469482421875 199.78125 184.0625 168.587493896484375 154.587493896484375 150.868743896484375
195.65625 206.4812469482421875 222.46875 242.556243896484375 263.899993896484375 289.60626220703125 314.73748779296875 342.40625 366.33123779296875 380.837493896484375 390.412506103515625 395.787506103515625 400.85626220703125 409.556243896484375 417.11248779296875 417.068756103515625 412.03125 405.818756103515625 399.70623779296875 393.67498779296875 387.51251220703125 381.475006103515625 377.16876220703125 369.087493896484375 364.48748779296875 362.256256103515625 358.63751220703125 354.54998779296875 352.337493896484375 349.32501220703125 342.16876220703125 328.5 303.57501220703125 282.20623779296875 270.39373779296875 267.037506103515625 264.54998779296875 257.33123779296875 241.15625 220.7687530517578125 201.243743896484375 184.90625 168.8312530517578125 154.5625 151.024993896484375
193.7062530517578125 204.100006103515625 220.1062469482421875 238.4812469482421875 259.524993896484375 284.337493896484375 309.73748779296875 334.756256103515625 356.82501220703125 368.350006103515625 375.8125 378.48126220703125 376.28125 387.837493896484375 399.33123779296875 403.48126220703125 402.76873779296875 400.131256103515625 394.8125 388.006256103515625 379.45623779296875 371.26873779296875 364.649993896484375 356.79376220703125 353.100006103515625 349.743743896484375 349.08123779296875 347.818756103515625 346.1875 345.475006103515625 341.287506103515625 331.03125 312.76251220703125 297.868743896484375 290.993743896484375 288.912506103515625 281.95623779296875 266.95001220703125 246.0187530517578125 223.725006103515625 203.4812469482421875 186.2062530517578125 170.1125030517578125 156.243743896484375 153.6750030517578125
195.40625 204.0187530517578125 218.943756103515625 237.1062469482421875 258.25 280.006256103515625 303.29998779296875 325.693756103515625 343.29998779296875 355.90625 364.462493896484375 368.756256103515625 372.787506103515625 381.6875 389.368743896484375 395.243743896484375 398.09375 396.212493896484375 391.33123779296875 384.01251220703125 373.993743896484375 362.34375 352.006256103515625 342.66876220703125 338.3125 340.26251220703125 339.693756103515625 340.51873779296875 339.38751220703125 338.443756103515625 333.975006103515625 325.100006103515625 314.01251220703125 304.54376220703125 298.92498779296875 292.1875 282.79998779296875 267.25 246.0625 224.2687530517578125 204.3000030517578125 187.037506103515625 171.3249969482421875 158.524993896484375 155.7062530517578125
201.9875030517578125 209.2937469482421875 221.9499969482421875 238.631256103515625 257.84375 277.78125 297.412506103515625 316.993743896484375 332.912506103515625 345.84375 355.818756103515625 363.45623779296875 371.73126220703125 379.431243896484375 386.6875 391.743743896484375 395.306243896484375 393.756256103515625 390.34375 382.8125 370.256256103515625 354.556243896484375 339.67498779296875 326.774993896484375 326.412506103515625 330.743743896484375 334.09375 333.681243896484375 332.912506103515625 330.3125 325.256256103515625 317.975006103515625 310.475006103515625 304.01251220703125 298.631256103515625 289.668731689453125 278.76251220703125 264.431243896484375 243.100006103515625 222.537506103515625 203.5437469482421875 187.0124969482421875 171.475006103515625 159.2312469482421875 158.0187530517578125
210.1062469482421875 215.4812469482421875 226.243743896484375 241.3562469482421875 257.181243896484375 273.63751220703125 291.256256103515625 307.149993896484375 322.28125 336.462493896484375 348.818756103515625 358.42498779296875 368.79376220703125 378.54998779296875 385.35626220703125 391.899993896484375 395.568756103515625 394.649993896484375 390.67498779296875 382.65625 368.4375 351.86248779296875 333.23126220703125 317.82501220703125 321.40625 326.493743896484375 328.943756103515625 328.368743896484375 325.8125 322.82501220703125 318.45001220703125 310.63751220703125 304.46875 300.98748779296875 294.23126220703125 284.70623779296875 273.35626220703125 258.625 239.0187530517578125 219.149993896484375 200.7624969482421875 185.337493896484375 171.100006103515625 159.8937530517578125 160.631256103515625
218.78125 221.600006103515625 231.243743896484375 243.4875030517578125 256.106231689453125 269.35626220703125 284.943756103515625 300.475006103515625 314.818756103515625 329.60626220703125 342.225006103515625 353.3125 364.618743896484375 375.51251220703125 383.806243896484375 391.70001220703125 396.118743896484375 397.48126220703125 393.475006103515625 386.67498779296875 373.48126220703125 357.25 343.25 329.53125 326.181243896484375 327.95623779296875 327.76251220703125 325.5625 321.399993896484375 317.98126220703125 313.1875 306.6875 302.40625 296.60626220703125 289.40625 279.54998779296875 266.76251220703125 253.274993896484375 234.1750030517578125 214.725006103515625 197.15625 183.756256103515625 171.1437530517578125 161.962493896484375 164.4250030517578125
225.993743896484375 227.524993896484375 234.787506103515625 244.625 255.149993896484375 266.375 279.818756103515625 293.399993896484375 307.943756103515625 322.9375 336.131256103515625 348.006256103515625 359.725006103515625 373.03125 383.10626220703125 393.368743896484375 400.73748779296875 401.39373779296875 400.212493896484375 393.70623779296875 381.88751220703125 366.76251220703125 356.056243896484375 343.381256103515625 335.056243896484375 331.73126220703125 329.25 324.8125 320.4375 316.13751220703125 309.787506103515625 303.98126220703125 298.375 292.29376220703125 285.5625 274.17498779296875 262.212493896484375 248.9499969482421875 231.6875 212.1687469482421875 193.71875 181.4812469482421875 172.21875 166.40625 170.1875
231.524993896484375 230.881256103515625 236.193756103515625 243.2062530517578125 252.15625 262.48126220703125 274.03125 286.3125 299.537506103515625 314.42498779296875 328.36248779296875 342.07501220703125 355.48126220703125 370.287506103515625 382.16876220703125 391.818756103515625 401.350006103515625 406.068756103515625 406.26873779296875 399.850006103515625 387.662506103515625 375.29998779296875 365.76873779296875 352.32501220703125 341.850006103515625 335.962493896484375 330.84375 324.25 318.29998779296875 312.962493896484375 307.91876220703125 302.34375 295.368743896484375 288.993743896484375 281.09375 270.131256103515625 257.399993896484375 245.0500030517578125 228 210.0812530517578125 195.556243896484375 186.625 179.0812530517578125 175.524993896484375 176.5812530517578125
234.712493896484375 232.850006103515625 235.3125 240.5 246.774993896484375 256.725006103515625 267.475006103515625 279.181243896484375 291.9375 305.79376220703125 321.63751220703125 337.1875 352.98748779296875 367.256256103515625 378.96875 390.850006103515625 402.01873779296875 408.6875 411.83123779296875 405.91876220703125 393.774993896484375 381.39373779296875 371.537506103515625 357.76873779296875 346.38751220703125 339.14373779296875 331.86248779296875 324.225006103515625 316.92498779296875 311.212493896484375 306.09375 300.84375 294.568756103515625 287.712493896484375 279.57501220703125 266.837493896484375 254.375 242.756256103515625 226.7312469482421875 209.8625030517578125 197.6062469482421875 192.537506103515625 187.818756103515625 184.024993896484375 185.2062530517578125
233.8625030517578125 231.412506103515625 232.8312530517578125 236.5749969482421875 240.818756103515625 249.506256103515625 259.89373779296875 269.943756103515625 282.11248779296875 296.806243896484375 312.51873779296875 329.681243896484375 347.32501220703125 364.01873779296875 376.506256103515625 389.9375 398.73126220703125 404.65625 407.84375 405.368743896484375 395.1875 384.931243896484375 374.46875 361.212493896484375 350.1875 341.443756103515625 332.35626220703125 323.65625 315.63751220703125 310.84375 305.96875 300.375 293.712493896484375 286.100006103515625 277.79998779296875 265.181243896484375 252.8937530517578125 240.6875 225.84375 212.9812469482421875 204.1374969482421875 201.1374969482421875 198.3312530517578125 196.725006103515625 199.0500030517578125
227.3562469482421875 225.7937469482421875 227.625 230.5 233.568756103515625 241.0437469482421875 249.21875 258.36248779296875 270.60626220703125 285.32501220703125 302.774993896484375 321.20623779296875 342.01873779296875 361.48748779296875 374.256256103515625 384.89373779296875 392.61248779296875 398.743743896484375 399.98126220703125 398.65625 391.368743896484375 382.01873779296875 372.79998779296875 360.01251220703125 349.82501220703125 341.26873779296875 331.48748779296875 323.1875 315.04998779296875 309.725006103515625 305.649993896484375 299.912506103515625 292.48748779296875 285.45623779296875 277.75 266.51251220703125 254.46875 241.818756103515625 229.6937408447265625 222.03125 215.587493896484375 213.931243896484375 213.3625030517578125 214.0437469482421875 220.6062469482421875
220.5250091552734375 219.125 220.806243896484375 223.806243896484375 226.28125 231.7937469482421875 238.5500030517578125 246.5812530517578125 256.79998779296875 271.09375 289.0625 311.225006103515625 336.01251220703125 357.38751220703125 370.006256103515625 379.556243896484375 386.29998779296875 390.83123779296875 391.82501220703125 390.875 383.89373779296875 375.29998779296875 367.818756103515625 356.118743896484375 347.037506103515625 339.08123779296875 329.60626220703125 320.774993896484375 313.32501220703125 309.08123779296875 305.412506103515625 300.20623779296875 293.67498779296875 286.149993896484375 277.443756103515625 267.21875 255.600006103515625 244.0625 235.725006103515625 230.743743896484375 226.2375030517578125 226.4250030517578125 229.0749969482421875 232.037506103515625 240.03125
213.2687530517578125 212.90625 214.537506103515625 216.2062530517578125 218.712493896484375 223.149993896484375 227.587493896484375 233.5124969482421875 242.0749969482421875 255.09375 274.57501220703125 301.34375 330.29998779296875 354.17498779296875 365.556243896484375 373.71875 378.45623779296875 381.3125 383.09375 381.337493896484375 376.162506103515625 367.57501220703125 360.25 349.125 341.76251220703125 334.01251220703125 325.912506103515625 318.212493896484375 311.306243896484375 308.01873779296875 304.15625 300.875 294.23126220703125 287.10626220703125 278.381256103515625 267.84375 256.4375 248.0437469482421875 242.943756103515625 238.75 236.431243896484375 237.1687469482421875 240.649993896484375 244.9499969482421875 252.09375
205.368743896484375 205.6687469482421875 206.9499969482421875 207.90625 209.506256103515625 213.899993896484375 217.587493896484375 221.9250030517578125 228.9499969482421875 240.8625030517578125 261.462493896484375 289.65625 320.087493896484375 344.71875 356.350006103515625 364.5625 370.41876220703125 372.256256103515625 371.25 370.20623779296875 364.587493896484375 357.756256103515625 349.943756103515625 341.131256103515625 333.693756103515625 327.29998779296875 320.61248779296875 315.61248779296875 309.95623779296875 306.606231689453125 303.975006103515625 301.1875 295.95001220703125 289.75 280.931243896484375 271.037506103515625 263.45001220703125 255.0812530517578125 250.256256103515625 247.806243896484375 246.962493896484375 247.2062530517578125 249.3874969482421875 254.0437469482421875 259.443756103515625
198.287506103515625 198.7687530517578125 199.3000030517578125 201.1437530517578125 202.25 206.087493896484375 209.40625 212.6999969482421875 217.75 224.068756103515625 248.506256103515625 282.23748779296875 310.118743896484375 331.256256103515625 344.53125 353.46875 360.0625 361.11248779296875 360.756256103515625 358.01251220703125 351.681243896484375 344.375 337.324981689453125 329.9375 323.61248779296875 319.131256103515625 314.28125 310.51873779296875 307.29998779296875 304.662506103515625 302.59375 300.23748779296875 296.76251220703125 291.60626220703125 284.5625 277.75 270.118743896484375 262.96875 258.850006103515625 256.07501220703125 254.337493896484375 254.9812469482421875 257.0625 260.90625 265.63751220703125
191.2937469482421875 192.0812530517578125 192.818756103515625 194.1999969482421875 195.8249969482421875 199.556243896484375 203.3312530517578125 207.1875 213.9875030517578125 219.068756103515625 252.2062530517578125 285.75 305.75 320.95623779296875 333.556243896484375 342.806243896484375 348.13751220703125 349.056243896484375 346.875 342.787506103515625 336.73748779296875 329.118743896484375 323.243743896484375 317.193756103515625 312.962493896484375 310.131256103515625 306.850006103515625 305.34375 303.98126220703125 303.131256103515625 300.556243896484375 299.13751220703125 296.66876220703125 293.29998779296875 287.3125 282.475006103515625 276.449981689453125 270.837493896484375 267.04376220703125 263.76873779296875 261.08123779296875 261.63751220703125 262.42498779296875 264.875 269.48748779296875
185.3937530517578125 185.5812530517578125 186.399993896484375 188.8562469482421875 190.6687469482421875 195.2937469482421875 201.056243896484375 207.8625030517578125 219.75 241.337493896484375 277.443756103515625 293.756256103515625 305.39373779296875 317.537506103515625 328.181243896484375 334.8125 339.54998779296875 338.568756103515625 334.51251220703125 329.706268310546875 322.04998779296875 314.38751220703125 309.90625 304.71875 301.86248779296875 301.54998779296875 300.368743896484375 300.73748779296875 301.625 301.587493896484375 301.39373779296875 300.256256103515625 298.399993896484375 296.25 294.006256103515625 289.600006103515625 283.537506103515625 279.037506103515625 274.48126220703125 269.193756103515625 266.29376220703125 265.625 266.10626220703125 267.712493896484375 271.568756103515625
179.5625 179.568756103515625 181 183.1875 185.7624969482421875 191.59375 198.25 208.0625 222.9250030517578125 244.8312530517578125 269.712493896484375 287.787506103515625 302.23126220703125 314.3125 322.90625 328.95001220703125 332.287506103515625 329.649993896484375 323.725006103515625 318.149993896484375 307.63751220703125 299.42498779296875 294.256256103515625 290.568756103515625 290.881256103515625 292.08123779296875 293.45623779296875 296.037506103515625 299.1875 300.212493896484375 300.20623779296875 301.993743896484375 303.600006103515625 302.40625 299.8125 296.17498779296875 290.243743896484375 284.84375 280.368743896484375 273.98126220703125 269.962493896484375 269.07501220703125 268.67498779296875 268.5625 272.243743896484375
