data/historical-monthly-weather-data/wc2.1_cruts4.09_10m_prec_1994-06.asc
ncols        45
nrows        45
xllcorner    -63.500000000000
yllcorner    -7.500000000000
cellsize     0.166666666667
NODATA_value -9999
[rows 20 to 39 of 45, columns 0 to 43 of 45]
225.5187530517578125 239.1875 243.806243896484375 240.5437469482421875 231.993743896484375 230.4499969482421875 231.774993896484375 228.5124969482421875 225.100006103515625 218.3000030517578125 213.818756103515625 206.5187530517578125 196.868743896484375 183.443756103515625 170.243743896484375 161.037506103515625 148.46875 142.8000030517578125 144.4875030517578125 140.21875 144.600006103515625 146.8000030517578125 152.3249969482421875 163.743743896484375 167.287506103515625 164.0625 156.25 161.287506103515625 167.0875091552734375 173.9875030517578125 180.681243896484375 195.4812469482421875 193.850006103515625 198.868743896484375 206.225006103515625 225.131256103515625 241.6999969482421875 246.78125 236.0812530517578125 224.4562530517578125 210.787506103515625 190.806243896484375 186.193756103515625 186.4187469482421875
220.125 221.78125 231.09375 235.28125 230.8312530517578125 226.0500030517578125 225.399993896484375 221.943756103515625 218.056243896484375 216.4499969482421875 211.7375030517578125 201.243743896484375 190.8937530517578125 183.78125 176.3874969482421875 162.0875091552734375 163.649993896484375 154.568756103515625 156.162506103515625 153.100006103515625 148.9562530517578125 156.8000030517578125 162.537506103515625 165.0500030517578125 164.78125 163.337493896484375 168.0625 166.6374969482421875 177.1999969482421875 183.84375 183.375 181.899993896484375 184.568756103515625 195.1125030517578125 199.0749969482421875 209.03125 221.993743896484375 232.375 228.2312469482421875 219.943756103515625 206.943756103515625 193.5625 189.0124969482421875 190.618743896484375
215.5124969482421875 229.8625030517578125 238.024993896484375 240.5749969482421875 236.4187469482421875 228.618743896484375 215.8125 210.337493896484375 214.3125 211.96875 206.65625 202.5812530517578125 200.881256103515625 196.5187530517578125 188.03125 177.8312530517578125 167.3562469482421875 160.15625 159.631256103515625 160.71875 164.6437530517578125 163.7937469482421875 162.3625030517578125 166.3000030517578125 173.7375030517578125 172.412506103515625 170.2437591552734375 172.4562530517578125 178.90625 175.631256103515625 173.6750030517578125 175.743743896484375 176.0124969482421875 179.412506103515625 190.9250030517578125 194.4375 200.9375 212.0437469482421875 217.0812530517578125 215.0187530517578125 204.443756103515625 195.2937469482421875 190.006256103515625 187.5187530517578125
206.1437530517578125 222.868743896484375 238.9875030517578125 236.5749969482421875 230.306243896484375 222.618743896484375 220.462493896484375 214.0124969482421875 207.8937530517578125 200.9187469482421875 204.125 208.337493896484375 202.756256103515625 201.59375 188.587493896484375 179.6062469482421875 171.8000030517578125 170.5500030517578125 168.3874969482421875 166.84375 169 172.556243896484375 169.462493896484375 179.59375 180.068756103515625 175.712493896484375 180.2624969482421875 172.131256103515625 170.7312469482421875 169.787506103515625 166.6999969482421875 166.993743896484375 170.0124969482421875 170.337493896484375 179.1875 180.96875 190.618743896484375 201.6062469482421875 203.9250030517578125 201.806243896484375 196.287506103515625 191.15625 187.6875 187.0500030517578125
194.40625 214.3312530517578125 227.743743896484375 235.40625 233.2624969482421875 225.4499969482421875 219.681243896484375 216.5437469482421875 208.84375 208.0500030517578125 204.625 202.8562469482421875 203.53125 194.806243896484375 183.3874969482421875 176.243743896484375 172.4187469482421875 168.162506103515625 168.5812530517578125 171.4250030517578125 173.368743896484375 173.3249969482421875 178.96875 186.28125 181.03125 176.8562469482421875 174.5437469482421875 170.6750030517578125 166.787506103515625 165.3125 156.8000030517578125 152.181243896484375 154.7687530517578125 160.9875030517578125 167.193756103515625 173.162506103515625 181.0625 187.2687530517578125 193.618743896484375 193.693756103515625 190.1999969482421875 188.306243896484375 187.993743896484375 182.4812469482421875
191.149993896484375 214.7687530517578125 217.618743896484375 225.7937469482421875 223.556243896484375 218.787506103515625 211.8000030517578125 209.587493896484375 197.7062530517578125 191.399993896484375 195.3125 193.850006103515625 193.53125 187.787506103515625 181.600006103515625 171.78125 168.962493896484375 169.7624969482421875 171.0625 168.9187469482421875 172.381256103515625 174.756256103515625 178.75 183.2687530517578125 183.2687530517578125 176.2687530517578125 172.962493896484375 168.6999969482421875 160.493743896484375 156 147.243743896484375 141.84375 144.399993896484375 149.1374969482421875 154.7624969482421875 165.162506103515625 173.756256103515625 177.274993896484375 179.587493896484375 184.787506103515625 182.524993896484375 171.524993896484375 170.4562530517578125 171.912506103515625
184.78125 195.3125 205.5812530517578125 210.71875 209.1062469482421875 206.2624969482421875 201.056243896484375 190.256256103515625 183.4562530517578125 187.4250030517578125 191.6750030517578125 189.193756103515625 184.431243896484375 180.96875 177.537506103515625 173.7687530517578125 168.1062469482421875 163.3125 166.100006103515625 164.506256103515625 164.4812469482421875 167.600006103515625 173.2937469482421875 184.256256103515625 177.59375 171.587493896484375 168.475006103515625 161.4812469482421875 153.712493896484375 147.1875 141.5187530517578125 132.4375 134.1999969482421875 139.9812469482421875 146.943756103515625 154.962493896484375 166.1750030517578125 170.1437530517578125 169.837493896484375 176.6687469482421875 178.6062469482421875 171.1999969482421875 163.868743896484375 161.75
179.8249969482421875 182.8125 189.9250030517578125 189.912506103515625 188.9187469482421875 189.9375 187.53125 180.056243896484375 176.8937530517578125 180.9375 181.375 180.024993896484375 174.4812469482421875 169.431243896484375 166.0749969482421875 163.1687469482421875 159.037506103515625 158.618743896484375 155.5437469482421875 157.381256103515625 159.381256103515625 158.649993896484375 166.162506103515625 170.8125 168.46875 162.25 159.037506103515625 152.350006103515625 149.21875 144.9375 137.2937469482421875 130.899993896484375 131.149993896484375 132.100006103515625 142.631256103515625 149.975006103515625 160.7687530517578125 164.0749969482421875 167.03125 171.6500091552734375 174.087493896484375 171.9375 157.1125030517578125 157.337493896484375
170.1437530517578125 177.193756103515625 174.1875 171.1687469482421875 172.6687469482421875 167.756256103515625 168.1125030517578125 168.899993896484375 170.4812469482421875 170.46875 171.8249969482421875 169.09375 166.1999969482421875 162.131256103515625 159.0625 156.8625030517578125 155.4250030517578125 152.1125030517578125 152.4812469482421875 153.868743896484375 151.6875 149.90625 151.625 154.8937530517578125 154.6437530517578125 149.3874969482421875 150.2312469482421875 148.537506103515625 144.0812530517578125 136.4875030517578125 128.3249969482421875 124.42499542236328125 124.66249847412109375 130.40625 136.6437530517578125 143.306243896484375 155.9499969482421875 156.462493896484375 160.131256103515625 162.431243896484375 162.1374969482421875 157.03125 151.0749969482421875 155.350006103515625
160.662506103515625 162.756256103515625 160.568756103515625 156.3000030517578125 155.4499969482421875 155.850006103515625 155.53125 160.5437469482421875 160.443756103515625 162.024993896484375 162.931243896484375 162.087493896484375 160.068756103515625 156.9875030517578125 152.181243896484375 147.756256103515625 144.8000030517578125 145.2687530517578125 140.2937469482421875 136.5124969482421875 138.4250030517578125 137.4499969482421875 138.3562469482421875 141.34375 139.399993896484375 140.5437469482421875 139.8625030517578125 137.274993896484375 134.3249969482421875 127.2375030517578125 121.28749847412109375 117.50624847412109375 120.90000152587890625 127.3000030517578125 135.868743896484375 139.618743896484375 154.068756103515625 155.2062530517578125 151.3125 159.993743896484375 158.787506103515625 153.243743896484375 151.975006103515625 148
153.806243896484375 152.649993896484375 148.5187530517578125 145.9375 144.9812469482421875 144.8125 147.25 149.9499969482421875 149.90625 153.037506103515625 155.006256103515625 152.181243896484375 152.8312530517578125 143.818756103515625 141.0812530517578125 141.712493896484375 139.8874969482421875 135.6687469482421875 131.625 129.4250030517578125 127.875 124.30625152587890625 124.6999969482421875 128.318756103515625 128.2125091552734375 129.9875030517578125 128.649993896484375 127.4375 124.36875152587890625 119.6437530517578125 118.83750152587890625 116.4562530517578125 118.53125 122.24375152587890625 129.850006103515625 134.59375 146.2937469482421875 151.4562530517578125 148.6437530517578125 145.6687469482421875 148.868743896484375 144.5625 142.6999969482421875 141.0812530517578125
145.712493896484375 143.8874969482421875 138.1125030517578125 137.3625030517578125 139.7687530517578125 139.318756103515625 139.875 140.96875 142.337493896484375 142.337493896484375 140.9499969482421875 140.1125030517578125 136.431243896484375 134.587493896484375 134.306243896484375 132.75 127.0124969482421875 122.99375152587890625 120.34999847412109375 118.8249969482421875 116.55625152587890625 114.41249847412109375 111.4562530517578125 113.6750030517578125 116.8625030517578125 117.5437469482421875 118.25624847412109375 117.75624847412109375 115.19374847412109375 117.0749969482421875 115.11875152587890625 113 116.46250152587890625 119.6125030517578125 125.6687469482421875 128.850006103515625 136.6750030517578125 138.4562530517578125 140.399993896484375 140.3249969482421875 144.243743896484375 141.443756103515625 137.8562469482421875 135.96875
136.9937591552734375 135.506256103515625 133.368743896484375 133.0500030517578125 131.3937530517578125 131.46875 132.09375 133.78125 132.6750030517578125 132.618743896484375 135.8249969482421875 133.03125 130.5500030517578125 131.118743896484375 130.475006103515625 124.24375152587890625 117.6999969482421875 116.44374847412109375 113.7312469482421875 111.2687530517578125 106.3625030517578125 102.8000030517578125 101.4812469482421875 103.68125152587890625 105.1999969482421875 106.625 107.02500152587890625 106.49375152587890625 106.59375 109.4250030517578125 110.16249847412109375 107.5437469482421875 111.90625 118.2624969482421875 122.4187469482421875 125.30625152587890625 128.4499969482421875 130.1999969482421875 132.181243896484375 137.9499969482421875 141.600006103515625 138.3562469482421875 132.6374969482421875 129.506256103515625
128.056243896484375 128.6374969482421875 130.118743896484375 128.9187469482421875 126.5500030517578125 125.3125 126.8874969482421875 125.3562469482421875 123.40000152587890625 122.2312469482421875 125.3125 126.80625152587890625 125.22499847412109375 122.3937530517578125 119.3312530517578125 116.69374847412109375 113.11875152587890625 109.02500152587890625 103.8562469482421875 101.4187469482421875 98.125 93.99375152587890625 93.61875152587890625 93.3937530517578125 95.5812530517578125 95.22499847412109375 97.65625 97.9562530517578125 100.3000030517578125 103.0749969482421875 106.1437530517578125 107.5124969482421875 107.74375152587890625 111.93125152587890625 118.1999969482421875 121.21875 123.25624847412109375 124.4875030517578125 127.2062530517578125 130.712493896484375 131.1062469482421875 131.65625 129.0625 120.02500152587890625
122.1125030517578125 120.3249969482421875 123.59999847412109375 125.55625152587890625 123.49375152587890625 118.6999969482421875 116.53125 116.52500152587890625 115.16249847412109375 113.8000030517578125 119.8249969482421875 122.47499847412109375 121.91249847412109375 123.3249969482421875 119.65625 113.28125 106.49375152587890625 99.6687469482421875 94.63124847412109375 88.84375 88.8249969482421875 83.9812469482421875 82 82.16249847412109375 86.4250030517578125 87.4562530517578125 88.90000152587890625 88.55625152587890625 90.34999847412109375 93.53749847412109375 98.43125152587890625 102.4812469482421875 102.34375 105.93125152587890625 109.6125030517578125 114.02500152587890625 113.94374847412109375 120.74375152587890625 120.0749969482421875 123.28125 123.96875 121.41249847412109375 120.6437530517578125 115.6125030517578125
115.8625030517578125 113.93125152587890625 115.28749847412109375 117.1437530517578125 116.75624847412109375 113.47499847412109375 111.21875 108.78125 105.93125152587890625 104.2687530517578125 106.6062469482421875 114.94374847412109375 118.3625030517578125 117.90000152587890625 114.3249969482421875 108.15625 100.1999969482421875 91.46875 85.6750030517578125 79.4562530517578125 77.1999969482421875 76.61875152587890625 74.0749969482421875 74.05625152587890625 77.25624847412109375 77.96875 79.0812530517578125 79.18125152587890625 82.09999847412109375 85.3125 88.8562469482421875 93.56874847412109375 95.9562530517578125 98.09375 99.50624847412109375 103.7375030517578125 109.0500030517578125 110.3249969482421875 111.8249969482421875 115.6875 116.5187530517578125 113.0812530517578125 111.78749847412109375 111.08750152587890625
106.4187469482421875 108.8312530517578125 107.2937469482421875 109.3562469482421875 110.78125 108 105.4187469482421875 104.58750152587890625 101.02500152587890625 94.3874969482421875 100.3562469482421875 112.21250152587890625 116.4375 112.875 108.78749847412109375 102.0500030517578125 94.7062530517578125 87.30625152587890625 80.96875 72.7312469482421875 69.38124847412109375 69.6875 67.3125 67.7062530517578125 68.18125152587890625 68.875 71.72499847412109375 71.84999847412109375 72.58750152587890625 74.8937530517578125 81.1687469482421875 84.30625152587890625 88.0625 91.4812469482421875 92.8312530517578125 96.4375 101.30625152587890625 105.5749969482421875 104.75 105.0437469482421875 105.5 105.96875 102.3125 108.93125152587890625
97.8000030517578125 100.5124969482421875 101.5124969482421875 104.53125 104.84375 103.34999847412109375 102.56874847412109375 101.53749847412109375 99.5749969482421875 92.46250152587890625 104.625 114.625 113.7624969482421875 110.6687469482421875 103.0187530517578125 95.68125152587890625 87.8937530517578125 81.93125152587890625 76.80625152587890625 70.25 65.72499847412109375 63.981250762939453125 60.9375 61.293750762939453125 60.956249237060546875 62.68125152587890625 64.98125457763671875 64.86875152587890625 65.31874847412109375 67.0124969482421875 71.25 77.5124969482421875 81.81874847412109375 83.61875152587890625 85.4187469482421875 89.2937469482421875 92.97499847412109375 95.3937530517578125 100.46250152587890625 98.90625 97.9499969482421875 99.78125 95.4499969482421875 95.3312530517578125
90.99375152587890625 91.7312469482421875 93.56874847412109375 95.84375 97.34999847412109375 98.84999847412109375 98.04375457763671875 99.22499847412109375 100.6437530517578125 109.53125 124.68125152587890625 120.5 110.81874847412109375 103.53749847412109375 96.0187530517578125 87.84375 81.99375152587890625 76.4812469482421875 71.4875030517578125 66.8937530517578125 61.93125152587890625 59.15000152587890625 56.575000762939453125 56.24375152587890625 56.27500152587890625 58.30625152587890625 59.0625 58.33750152587890625 58.68125152587890625 61.774997711181640625 65.96875 69.43125152587890625 72.11875152587890625 75.21875 79.8562469482421875 81.03749847412109375 84.1750030517578125 86.00624847412109375 85.40625 84.78125 87.86875152587890625 90.03125 88.58750152587890625 88.4812469482421875
82.1374969482421875 84.38124847412109375 86.86875152587890625 87.59999847412109375 91.6999969482421875 94.68125152587890625 92.96875 97.7624969482421875 101.5 108.96875 112.40625 111.77500152587890625 104.71875 97.6999969482421875 91.0124969482421875 85.27500152587890625 77.9187469482421875 72.15625 66.71875 62.71250152587890625 58.56874847412109375 56.043750762939453125 51.96875 52.06874847412109375 50.93125152587890625 51.268749237060546875 52.8125 52.56874847412109375 52.53125 54.331249237060546875 57.05625152587890625 60.86875152587890625 62.168750762939453125 66.6687469482421875 68.08750152587890625 70.46250152587890625 72.9562530517578125 76.5437469482421875 76.4187469482421875 76.44374847412109375 80.19374847412109375 81.16249847412109375 78.13124847412109375 76.80625152587890625
