data/historical-monthly-weather-data/wc2.1_cruts4.09_10m_prec_2018-02.asc
ncols        45
nrows        45
xllcorner    -63.500000000000
yllcorner    -7.500000000000
cellsize     0.166666666667
NODATA_value -9999
[rows 0 to 19 of 45, columns 0 to 44 of 45]
28.90625 21.024999618530273438 18.018749237060546875 16.193750381469726562 14.612500190734863281 15.550000190734863281 16.71875 17.856250762939453125 20.674999237060546875 24.081249237060546875 28.40625 34.393749237060546875 40.55625152587890625 45.53749847412109375 52.08750152587890625 58.737499237060546875 65.47499847412109375 69.7375030517578125 75.56874847412109375 81.4562530517578125 85.97499847412109375 90.3312530517578125 95.88124847412109375 101.625 108.1437530517578125 115.375 123.1750030517578125 131.5437469482421875 140.4875030517578125 147.6750030517578125 155.5437469482421875 163.8125 169.4499969482421875 175.368743896484375 181.65625 184.993743896484375 186.09375 186.4375 185.9250030517578125 183.5500030517578125 182.0500030517578125 179.6125030517578125 175.600006103515625 174.15625 171.806243896484375
30.268749237060546875 21.993749618530273438 18.9375 16.6875 15.09375 16.681249618530273438 18.53125 20.825000762939453125 25.162500381469726562 29.799999237060546875 34.893749237060546875 41.375 47.887500762939453125 53.88124847412109375 60.700000762939453125 67.3125 74.09375 80.6999969482421875 88.375 95.78749847412109375 100.80625152587890625 106.27500152587890625 112.55625152587890625 118.69374847412109375 125.01250457763671875 132.6687469482421875 139.9562530517578125 148.3562469482421875 156.649993896484375 163.1437530517578125 169.15625 177.2062530517578125 182.087493896484375 187.625 192.087493896484375 194.03125 194.212493896484375 193.0812530517578125 191.3874969482421875 188.0812530517578125 185.337493896484375 181.71875 176.587493896484375 173.6875 170.8000030517578125
33.03125 24.75 21.875 19.956249237060546875 18.787500381469726562 21.487499237060546875 24.956249237060546875 29.043750762939453125 35.143749237060546875 41.13124847412109375 46.99375152587890625 53.8125 60.33750152587890625 66.1750030517578125 72.6687469482421875 78.90625 85.02500152587890625 91.69374847412109375 98.90625 106.22499847412109375 111.9499969482421875 119.0187530517578125 125.71250152587890625 132.6999969482421875 141.1687469482421875 148.850006103515625 156.118743896484375 164.537506103515625 171.493743896484375 176.3249969482421875 182.256256103515625 188.681243896484375 193.368743896484375 196.875 201.350006103515625 201.7062530517578125 201.8937530517578125 201.556243896484375 198.4499969482421875 194.5625 190.837493896484375 186.056243896484375 180.375 175.3125 173.131256103515625
35.875 27.706249237060546875 25.412500381469726562 24 23.737499237060546875 27.774999618530273438 33.19374847412109375 39.59999847412109375 47.90625 55.90625 62.637500762939453125 69.03749847412109375 74.65625 79.8625030517578125 86.02500152587890625 91.8125 97.43125152587890625 102.3625030517578125 108.96875 117.0812530517578125 124.19374847412109375 131.65625 138.712493896484375 147.03125 156.2062530517578125 165.0500030517578125 172.962493896484375 180.556243896484375 186.743743896484375 191.0437469482421875 194.9187469482421875 201.2375030517578125 204.0437469482421875 207.0749969482421875 209.6437530517578125 210.625 210.6437530517578125 209.65625 206.899993896484375 202.6687469482421875 196.993743896484375 191.25 184.8625030517578125 178.493743896484375 176.1062469482421875
39.8125 31.262500762939453125 29.106250762939453125 28.443750381469726562 29.03125 34.81874847412109375 42.03125 51.02500152587890625 62.418750762939453125 73.3249969482421875 79.6374969482421875 84.59999847412109375 89.9562530517578125 94.88124847412109375 100.06874847412109375 105.31874847412109375 110.44374847412109375 113.77500152587890625 120.13124847412109375 128.274993896484375 136.662506103515625 144.09375 152.3562469482421875 162.0500030517578125 171.975006103515625 182.056243896484375 188.09375 194.46875 202.25 205.9250030517578125 209.0625 212.587493896484375 215.6062469482421875 217.943756103515625 219.40625 220.193756103515625 220.868743896484375 220.181243896484375 217.006256103515625 211.1437530517578125 205.149993896484375 197.4812469482421875 189.3625030517578125 182.2312469482421875 178.5812530517578125
44.28125 36.34999847412109375 34.61875152587890625 34.418750762939453125 35.72499847412109375 42.549999237060546875 51.00624847412109375 61.13124847412109375 74.1750030517578125 87.2624969482421875 92.86875152587890625 97.4875030517578125 102.96250152587890625 108.2624969482421875 113.46250152587890625 119.16249847412109375 123.5625 126.8000030517578125 133.4625091552734375 141.8562469482421875 150.006256103515625 158.225006103515625 167 176.375 185.787506103515625 196.399993896484375 202.6374969482421875 208.1999969482421875 214.600006103515625 217.787506103515625 220.587493896484375 223.71875 225.193756103515625 228.9375 230.962493896484375 232.037506103515625 233.524993896484375 233.524993896484375 231.256256103515625 225.3125 217.2624969482421875 208.493743896484375 199.568756103515625 191.5187530517578125 185.712493896484375
49.331249237060546875 41.90000152587890625 40.99375152587890625 41.25624847412109375 43.200000762939453125 50.356250762939453125 59.25 69.04999542236328125 81.31874847412109375 92.4250030517578125 100.96250152587890625 107.9812469482421875 114.5749969482421875 120.9250030517578125 127.0625 133.1999969482421875 139.1374969482421875 144.287506103515625 150.6062469482421875 156.9250030517578125 163.78125 172.3249969482421875 180.375 189.399993896484375 200.693756103515625 210.587493896484375 216.5500030517578125 222.431243896484375 226.5812530517578125 228.625 232.21875 235.118743896484375 237.149993896484375 238.0500030517578125 239.8562469482421875 243.2312469482421875 245.2312469482421875 246.725006103515625 246.2874908447265625 240.1875 230.037506103515625 220.649993896484375 211.399993896484375 202.40625 195.4375
54.61875152587890625 47.53125 47.31874847412109375 48.768749237060546875 51.41249847412109375 58.5625 66.8125 75.40625 85.3562469482421875 95.8874969482421875 107.09999847412109375 117.3000030517578125 126.1374969482421875 133.337493896484375 140.0437469482421875 147.056243896484375 153.9499969482421875 161 168.2937469482421875 171.7937469482421875 177.1687469482421875 185.193756103515625 193.34375 203.056243896484375 214.5749969482421875 224.587493896484375 230.193756103515625 234.84375 239.46875 240.9375 242.556243896484375 245.875 247.3937530517578125 248.6437530517578125 249.743743896484375 252.693756103515625 255.600006103515625 257.537506103515625 256.45001220703125 251.274993896484375 242.6750030517578125 233.8562469482421875 224.5437469482421875 214.493743896484375 208.4499969482421875
60.72499847412109375 54.33750152587890625 54.58750152587890625 56.581249237060546875 59.456249237060546875 66.19374847412109375 74.1374969482421875 81.875 90.2624969482421875 100.3937530517578125 112.96875 125.38124847412109375 135.8874969482421875 144.350006103515625 150.4250030517578125 157.256256103515625 163.6687469482421875 170.600006103515625 178.6062469482421875 181.8125 186.399993896484375 194.5500030517578125 203.537506103515625 215.7624969482421875 227.806243896484375 238.03125 242.524993896484375 246.6687469482421875 251.4625091552734375 252.2624969482421875 253.9812469482421875 256.899993896484375 257.806243896484375 258.087493896484375 258.774993896484375 262.5625 266 268.34375 268.625 264.89373779296875 257.662506103515625 249.84375 241.837493896484375 232.9562530517578125 228.375
67.1875 61.612499237060546875 62.46875 64.6750030517578125 67.71875 74.3562469482421875 82.375 90.1437530517578125 99.8249969482421875 110.58750152587890625 123.3000030517578125 135.068756103515625 146.787506103515625 155.412506103515625 160.943756103515625 165.618743896484375 170.375 176.75 182.28125 186.7937469482421875 193.131256103515625 202.600006103515625 213.5812530517578125 228.443756103515625 241.2375030517578125 251.4250030517578125 256.08123779296875 258.850006103515625 263.912506103515625 264.5 264.443756103515625 266.274993896484375 267.125 268.274993896484375 269.34375 273.01873779296875 276.82501220703125 278.725006103515625 279.774993896484375 278.45623779296875 274.26251220703125 268.162506103515625 260.4375 251.381256103515625 248.9250030517578125
73.84999847412109375 69.0500030517578125 70.4250030517578125 73.00624847412109375 76.2312469482421875 83.00624847412109375 91.03125 99.65000152587890625 110.4187469482421875 122.24375152587890625 135.556243896484375 147.6999969482421875 158.6374969482421875 166.9562530517578125 171.0187530517578125 173.8625030517578125 176.399993896484375 181.1999969482421875 185.693756103515625 190.8625030517578125 197.743743896484375 208.381256103515625 222.7375030517578125 237.412506103515625 254.21875 264.54998779296875 267.86248779296875 271.26873779296875 274.662506103515625 274.181243896484375 274.475006103515625 275.556243896484375 275.71875 276.66876220703125 279.04376220703125 283.524993896484375 286.350006103515625 289.64373779296875 291.57501220703125 290.98126220703125 288.65625 283.45623779296875 277.100006103515625 269.350006103515625 267.20623779296875
81.6687469482421875 77.3625030517578125 78.9499969482421875 82 85.78125 92.86875152587890625 101.2624969482421875 111.02500152587890625 122.4875030517578125 135.131256103515625 149.21875 161.087493896484375 169.787506103515625 176.1750030517578125 179.962493896484375 181.8625030517578125 183.931243896484375 187.462493896484375 190.6437530517578125 194.5500030517578125 201.2062530517578125 213.381256103515625 231.5124969482421875 250.412506103515625 267.10626220703125 275.70623779296875 277.725006103515625 280.375 283.725006103515625 284.131256103515625 284.17498779296875 284.087493896484375 284.21875 284.60626220703125 286.524993896484375 291.54376220703125 296.506256103515625 300.587493896484375 303.45623779296875 304.20623779296875 303.5 298.243743896484375 289.912506103515625 280.100006103515625 276.256256103515625
88.9812469482421875 85.4875030517578125 87.7312469482421875 91.1687469482421875 95.7312469482421875 103.47499847412109375 112.6687469482421875 122.80625152587890625 134.75 148.6750030517578125 163.006256103515625 173.837493896484375 180.712493896484375 184.3000030517578125 187.53125 188.9812469482421875 190.7937469482421875 194.587493896484375 198.162506103515625 201.149993896484375 205.7312469482421875 219.3187408447265625 239.681243896484375 258.337493896484375 272.412506103515625 281.26251220703125 285.368743896484375 288.54376220703125 291.57501220703125 292.14373779296875 292.33123779296875 292.100006103515625 290.5625 291.024993896484375 293.01873779296875 297.881256103515625 303.17498779296875 309.66876220703125 314.32501220703125 316.64373779296875 318.28125 311.993743896484375 299.84375 287.431243896484375 280.76251220703125
96.46250152587890625 93.78125 96.63124847412109375 100.7375030517578125 106.1062469482421875 114.34375 124.44374847412109375 135.2375030517578125 147.837493896484375 161.7062530517578125 175.4375 183.84375 189.056243896484375 192.4812469482421875 194.46875 196.6125030517578125 198.024993896484375 202.6437530517578125 206.587493896484375 211.3562469482421875 219.3874969482421875 232.6687469482421875 250.1374969482421875 264.76873779296875 277.1875 286.431243896484375 291.618743896484375 295.04376220703125 298.774993896484375 298.11248779296875 298.25 297.39373779296875 295.287506103515625 295.556243896484375 297.024993896484375 302.881256103515625 310.5625 318.725006103515625 326.006256103515625 329.537506103515625 329.33123779296875 318.506256103515625 307.0625 296.36248779296875 290.0625
106.50624847412109375 104.5124969482421875 108.1062469482421875 113.3625030517578125 119.03125 128.056243896484375 139.006256103515625 149.96875 162.399993896484375 175.46875 187.59375 195.625 200.600006103515625 203.90625 206.40625 208.1875 210.2375030517578125 214.71875 219.5 225.8562469482421875 235.4250030517578125 247.506256103515625 262.618743896484375 274.662506103515625 284.868743896484375 294.65625 299.725006103515625 302.5 305.54998779296875 305.14373779296875 303.212493896484375 300.587493896484375 298.131256103515625 296.65625 297.88751220703125 303.92498779296875 314.568756103515625 326.274993896484375 334.90625 337.837493896484375 333.14373779296875 324.368743896484375 314.90625 303.850006103515625 296.35626220703125
116.5187530517578125 115.32500457763671875 119.7624969482421875 125.8312530517578125 132.6374969482421875 142.2687530517578125 153.6687469482421875 164.662506103515625 176.78125 189.65625 201.149993896484375 209.1437530517578125 214.3562469482421875 217.225006103515625 219.6750030517578125 220.100006103515625 223.3625030517578125 229.100006103515625 234.9250030517578125 242.1125030517578125 251.2312469482421875 262.4375 275.57501220703125 286.59375 294.318756103515625 301.681243896484375 305.431243896484375 308.98748779296875 312.83123779296875 312.212493896484375 310.15625 305 298.14373779296875 294.006256103515625 292.631256103515625 300.443756103515625 314.068756103515625 330.25 343.01873779296875 346.48748779296875 340.931243896484375 330.506256103515625 319.693756103515625 308.318756103515625 299.131256103515625
125.8562469482421875 126.14374542236328125 131.28125 138.181243896484375 146.0500030517578125 156.2312469482421875 168.006256103515625 179.7312469482421875 191.556243896484375 204.125 216.0812530517578125 224.850006103515625 230.96875 234.368743896484375 236.4812469482421875 236.7375030517578125 238.3249969482421875 243.462493896484375 249.59375 257.63751220703125 267.48748779296875 278.131256103515625 289.11248779296875 298.14373779296875 304.98126220703125 308.41876220703125 309.962493896484375 314.443756103515625 319.618743896484375 320.587493896484375 317.46875 310.28125 299.28125 288.375 285.07501220703125 293.256256103515625 308.73126220703125 332.056243896484375 353.54998779296875 352.818756103515625 343.09375 332.087493896484375 319.66876220703125 308.03125 299.993743896484375
136.5 137.868743896484375 144.0749969482421875 151.8312530517578125 160.131256103515625 170.5500030517578125 182.5749969482421875 194.5812530517578125 206.6125030517578125 219.2062530517578125 232.3125 244.3937530517578125 254.181243896484375 259.26251220703125 262.20001220703125 262.76873779296875 261.350006103515625 262.54998779296875 270.23126220703125 278.193756103515625 288.693756103515625 296.96875 303.53125 308.068756103515625 312.04998779296875 314.068756103515625 314.0625 319.79998779296875 326.556243896484375 328.587493896484375 324.20001220703125 309.9375 295.631256103515625 282.118743896484375 275.04376220703125 279.73748779296875 300.4375 324.806243896484375 344.32501220703125 346.8125 337.73126220703125 327.131256103515625 316.212493896484375 306.20001220703125 298.85626220703125
146.6374969482421875 149.306243896484375 156.0749969482421875 163.9375 172.993743896484375 184.4187469482421875 196.1687469482421875 208.975006103515625 221.9250030517578125 234.631256103515625 249.09375 263.70001220703125 277.70623779296875 288.412506103515625 290.618743896484375 288.024993896484375 284.79376220703125 283.10626220703125 288.29376220703125 297.21875 307.5625 314.45001220703125 314.125 315.54376220703125 317.381256103515625 319.4375 321.46875 326.90625 334.625 338.35626220703125 334.475006103515625 316.5625 296.118743896484375 275.23748779296875 262.368743896484375 268.53125 289.75 312.862518310546875 329.618743896484375 333.4375 328.725006103515625 319.04998779296875 310.64373779296875 302.89373779296875 296.45623779296875
156.28125 159.381256103515625 166.6437530517578125 174.993743896484375 185.1062469482421875 197.212493896484375 209.993743896484375 222.399993896484375 235.6687469482421875 249 263.506256103515625 280.75 300.100006103515625 318.23748779296875 317.962493896484375 308.618743896484375 301.162506103515625 300.29376220703125 304.649993896484375 312.743743896484375 317.118743896484375 319.21875 321.5625 321.100006103515625 321.34375 322.399993896484375 326.65625 333.88751220703125 339.524993896484375 341.837493896484375 335.46875 320.806243896484375 295.70623779296875 268.568756103515625 249.03125 258.493743896484375 284.11248779296875 307.725006103515625 321.375 325.412506103515625 320.46875 311.20623779296875 306.51873779296875 301.23748779296875 295.85626220703125
