data/historical-monthly-weather-data/wc2.1_cruts4.09_10m_prec_1998-08.asc
ncols        51
nrows        45
xllcorner    -63.500000000000
yllcorner    -7.500000000000
cellsize     0.166666666667
NODATA_value -9999
[rows 19 to 37 of 45, columns 0 to 42 of 51]
70.25624847412109375 70.91249847412109375 70.84375 71.34375 71.0625 71.1437530517578125 70.46875 69.375 69.88124847412109375 69.1437530517578125 67.3937530517578125 62.987499237060546875 56.268749237060546875 49.737499237060546875 45.05625152587890625 40.40625 34.875 33.78749847412109375 34.3125 36.77500152587890625 37.59375 40.331249237060546875 46.049999237060546875 50.174999237060546875 52.55625152587890625 52.75624847412109375 51.96250152587890625 49.58750152587890625 45.88124847412109375 41.02500152587890625 39.299999237060546875 44.34999847412109375 47.606250762939453125 51.424999237060546875 55.481250762939453125 57.293750762939453125 57.768749237060546875 57.78749847412109375 55.331249237060546875 50.96875 45.05625152587890625 40.793750762939453125 37.649997711181640625
63.44374847412109375 65.93125152587890625 67.3874969482421875 68.1750030517578125 67.30625152587890625 67.43125152587890625 67.7062530517578125 67.5124969482421875 68.4499969482421875 67.9375 67.0187530517578125 64 57.53125 51.0625 45.637500762939453125 40.950000762939453125 36.350002288818359375 34.05625152587890625 35.46875 37.21250152587890625 40.512500762939453125 44.793750762939453125 49.53749847412109375 53.88124847412109375 57.606250762939453125 56.77500152587890625 53.16249847412109375 50.331249237060546875 47.6875 46.30625152587890625 46.387500762939453125 49.049999237060546875 50.081249237060546875 51.59999847412109375 54.97499847412109375 56.28749847412109375 57.65625 57.481250762939453125 54.375 50.450000762939453125 45.03749847412109375 41.362499237060546875 38.418750762939453125
59.15000152587890625 60.90625 62.887500762939453125 64.7375030517578125 65.13124847412109375 64.9250030517578125 66.03749847412109375 65.4875030517578125 67.0500030517578125 66.7312469482421875 67.40000152587890625 66.9499969482421875 64.5625 58.762500762939453125 52.47499847412109375 45.72499847412109375 42.293750762939453125 40.28749847412109375 40.84999847412109375 42.53125 43.575000762939453125 47.13124847412109375 52.13124847412109375 55.831249237060546875 58.012500762939453125 58.075000762939453125 58.52500152587890625 55 52.706249237060546875 51.081249237060546875 50.5625 51.137500762939453125 51.299999237060546875 52.200000762939453125 52.53749847412109375 53.793750762939453125 56.08750152587890625 57.06874847412109375 54.543750762939453125 50.299999237060546875 45.19374847412109375 41.4375 37.875
55.299999237060546875 59.049999237060546875 61.75 62.875 63.80625152587890625 63.97499847412109375 63.49375152587890625 62.875 65.4499969482421875 67.78749847412109375 70.56874847412109375 72.3000030517578125 72.88124847412109375 68.1437530517578125 60.25 52.75624847412109375 47.41249847412109375 45.518749237060546875 45.625 46.46250152587890625 47.918750762939453125 51.40000152587890625 55.66249847412109375 56.375 59.50624847412109375 61.325000762939453125 61.3125 59.5 56.11875152587890625 53.16249847412109375 52.106250762939453125 52.58750152587890625 52.03749847412109375 50.981250762939453125 49.9375 48.90625 51.19374847412109375 54.731250762939453125 53.768749237060546875 49.356250762939453125 45.012500762939453125 40.887500762939453125 37.46875
53.36875152587890625 58.081249237060546875 61.30625152587890625 61.081249237060546875 61.27500152587890625 61.93125152587890625 62.799999237060546875 63.66249847412109375 64.4812469482421875 67.875 71.59999847412109375 76.8000030517578125 79.5625 74.65625 66.90625 59.487499237060546875 54.15625 51.668750762939453125 51.043750762939453125 51.86875152587890625 53.27500152587890625 56.112499237060546875 58.71250152587890625 60.4375 62.25624847412109375 62.674999237060546875 63.825000762939453125 60.46250152587890625 57.706249237060546875 55.643749237060546875 54.78125 54.375 53.174999237060546875 50.31874847412109375 48.24375152587890625 46.143749237060546875 47.47499847412109375 50.862499237060546875 50.68125152587890625 47.03749847412109375 42.99375152587890625 39.575000762939453125 36.356250762939453125
52.69374847412109375 57.34999847412109375 60.106250762939453125 61.106250762939453125 61.581249237060546875 61.90000152587890625 62.28125 63.49375152587890625 65.58750152587890625 69.06874847412109375 72.05625152587890625 75.96875 78.68125152587890625 75.94374847412109375 70.16249847412109375 64.49375152587890625 59.918750762939453125 57.19374847412109375 56.18125152587890625 56.768749237060546875 58.21250152587890625 60.06874847412109375 62.262500762939453125 63.549999237060546875 63.81874847412109375 65.1750030517578125 63.83750152587890625 60.9375 58.34999847412109375 56.950000762939453125 55.762500762939453125 54.825000762939453125 53.200000762939453125 50.97499847412109375 48.21875 45.825000762939453125 46.41249847412109375 46.88124847412109375 46.38124847412109375 44.100002288818359375 40.8125 38.25 35.581249237060546875
53.25 57.8125 58.799999237060546875 60.5 60.137500762939453125 60.706249237060546875 61.418750762939453125 63.481250762939453125 64.6125030517578125 66.94374847412109375 70.09375 73.4499969482421875 75.75 73.7624969482421875 70.83750152587890625 66.375 63.15625 61.36875152587890625 59.875 60.918750762939453125 62.481250762939453125 63.606250762939453125 65.9562530517578125 65.65000152587890625 65.3000030517578125 65.63124847412109375 64.44374847412109375 61.59999847412109375 59.481250762939453125 58.43125152587890625 56.94374847412109375 55.924999237060546875 53.28749847412109375 50.52500152587890625 47.49375152587890625 46 45.356250762939453125 44.15000152587890625 43.63124847412109375 41.125 38.63124847412109375 36.543750762939453125 34.68125152587890625
53.16249847412109375 56.15000152587890625 57.793750762939453125 59.018749237060546875 59.293750762939453125 60 61.63124847412109375 62.668750762939453125 63.08750152587890625 66.1062469482421875 69.1875 70.43125152587890625 71.74375152587890625 70.96250152587890625 69.76250457763671875 66.9562530517578125 65.13124847412109375 63.59375 63.21250152587890625 63.15000152587890625 63.53125 65.3562469482421875 66.71250152587890625 67.3000030517578125 66.7062530517578125 65.19374847412109375 64.71250152587890625 62.28749847412109375 59.768749237060546875 58.143749237060546875 57.36875152587890625 55.55625152587890625 53.143749237060546875 50.206249237060546875 46.606250762939453125 44.956249237060546875 43.112499237060546875 41.799999237060546875 40.40625 38.16249847412109375 35.96875 34.49375152587890625 33.84375
53.825000762939453125 54.15000152587890625 56.03749847412109375 57.625 58.768749237060546875 59.03125 60.518749237060546875 61.831249237060546875 62.875 64.9812469482421875 66.1875 66.90000152587890625 67.90625 68.3874969482421875 67.3874969482421875 66.36875152587890625 66.11875152587890625 65.24375152587890625 65.22499847412109375 65.0500030517578125 65.61875152587890625 65.56874847412109375 67.96875 68.03749847412109375 66.84375 64.6062469482421875 64.03749847412109375 62.40625 60.393749237060546875 58.862499237060546875 57.19374847412109375 55.03125 52.362499237060546875 48.674999237060546875 45.9375 43.46875 41.012500762939453125 39.274997711181640625 38.206249237060546875 36.5625 34.481250762939453125 33.706249237060546875 33.25
52.78749847412109375 53.84999847412109375 54.93125152587890625 56.637500762939453125 56.893749237060546875 57.481250762939453125 58.262500762939453125 58.91249847412109375 61.331249237060546875 62.3125 63.28125 63.700000762939453125 64.43125152587890625 65.41249847412109375 65.6062469482421875 65.5625 66.6437530517578125 66.69374847412109375 66.8125 67.13124847412109375 67.36875152587890625 67.28125 68.7687530517578125 67.7937469482421875 66.90625 64.2375030517578125 63.83750152587890625 62.049999237060546875 59.924999237060546875 58.268749237060546875 56.30625152587890625 54.43125152587890625 50.71250152587890625 46.612499237060546875 43.887500762939453125 42.262500762939453125 40.143749237060546875 38.356250762939453125 37.299999237060546875 35.356250762939453125 32.825000762939453125 32.375 32.568752288818359375
52.012500762939453125 53.40625 54.362499237060546875 54.762500762939453125 55.53125 56.22499847412109375 56.5 57.93125152587890625 59.125 59.518749237060546875 60.6875 61.65000152587890625 62.40625 63.131252288818359375 63.81874847412109375 64.24375152587890625 64.83750152587890625 66.3562469482421875 68.0500030517578125 67.22499847412109375 67.1437530517578125 68.0749969482421875 69.4812469482421875 67.99375152587890625 66.1999969482421875 64.9499969482421875 63.162502288818359375 61.262500762939453125 58.15625 56.16249847412109375 54.52500152587890625 52.9375 49.268749237060546875 45.700000762939453125 42.981250762939453125 40.78125 39.793750762939453125 38.3125 36.83750152587890625 35.875 34.293750762939453125 33.5625 32.69374847412109375
51.112499237060546875 51.99375152587890625 52.0625 53.34999847412109375 55.549999237060546875 55.575000762939453125 55.9375 56.075000762939453125 56.549999237060546875 56.84375 57.362499237060546875 59.59375 61.537502288818359375 62.36875152587890625 62.09375 62.674999237060546875 64.55625152587890625 66.25624847412109375 68.4375 68.5812530517578125 68.11875152587890625 67.11875152587890625 67.8937530517578125 66.54375457763671875 64.69374847412109375 63.9375 61.293750762939453125 59.831249237060546875 57.575000762939453125 55.65625 54.081249237060546875 51.837497711181640625 47.91249847412109375 44.61875152587890625 42.65000152587890625 40.262500762939453125 39.03125 37.643749237060546875 37.174999237060546875 37.09375 35.61875152587890625 33.668750762939453125 32.268749237060546875
49.875 50.91249847412109375 50.981250762939453125 52.049999237060546875 54.487499237060546875 54.40625 54.21875 53.50624847412109375 54.05625152587890625 54.55625152587890625 55.0625 56.94374847412109375 58.31874847412109375 60.043750762939453125 60.643749237060546875 62.893749237060546875 64.19374847412109375 65.5124969482421875 66.6875 67.4875030517578125 67.4812469482421875 68.0500030517578125 67.34999847412109375 64.5437469482421875 63.200000762939453125 62.168750762939453125 59.81874847412109375 58.481250762939453125 56.081249237060546875 53.8125 52.575000762939453125 50.043750762939453125 46.50624847412109375 43.737499237060546875 40.65625 38.262500762939453125 37.075000762939453125 36.043750762939453125 35.99375152587890625 36.02500152587890625 34.71875 32.799999237060546875 32.018749237060546875
47.768749237060546875 48.44374847412109375 48.862499237060546875 50.168750762939453125 51.25624847412109375 50.90625 51.262500762939453125 51.11875152587890625 51.13124847412109375 52.09375 53.856250762939453125 55.02500152587890625 56.41249847412109375 59.112499237060546875 59.83750152587890625 62.0625 63.293750762939453125 64.9562530517578125 65.7937469482421875 66.43125152587890625 66.24375152587890625 66.1999969482421875 65.78749847412109375 64.71250152587890625 63.231250762939453125 61.106250762939453125 58.887500762939453125 55.81874847412109375 53.862499237060546875 51.53749847412109375 50.418750762939453125 47.96875 44.668750762939453125 41.6875 38.91249847412109375 36.600002288818359375 35.34999847412109375 34.049999237060546875 33.956249237060546875 33.96875 32.65000152587890625 31.456249237060546875 30.637500762939453125
45.581249237060546875 46.90625 47.143749237060546875 48.706249237060546875 47.918750762939453125 48.143749237060546875 48.924999237060546875 48.918750762939453125 48.825000762939453125 49.28749847412109375 50.44374847412109375 52.65625 55.362499237060546875 56.387500762939453125 58.143749237060546875 59.40625 61.49375152587890625 62.4375 62.96875 64.1437530517578125 64.38124847412109375 64.3874969482421875 64.49375152587890625 62.78749847412109375 61.887500762939453125 60.25 57.65625 54.15625 52.6875 50.793750762939453125 49.15000152587890625 46.5625 42.71875 39.268749237060546875 36.91249847412109375 34.768749237060546875 33.40625 31.862499237060546875 31.737499237060546875 31.200000762939453125 30.818750381469726562 30.143749237060546875 29.243749618530273438
44.106250762939453125 45.106250762939453125 45.53749847412109375 45.71875 45.68125152587890625 45.862499237060546875 46.34999847412109375 46.543750762939453125 45.731250762939453125 46.581249237060546875 47.674999237060546875 50.74375152587890625 52.899997711181640625 55.40000152587890625 57 58.737499237060546875 60.487499237060546875 61.137500762939453125 61.581249237060546875 62.674999237060546875 63.125 62.825000762939453125 62.174999237060546875 61.19374847412109375 59.856250762939453125 58.78125 56.03125 52.75624847412109375 51.362499237060546875 49.6875 47.13124847412109375 44.174999237060546875 40.5625 36.97499847412109375 34.44374847412109375 32.393749237060546875 30.512500762939453125 29.456249237060546875 29.431249618530273438 28.993749618530273438 28.274999618530273438 27.731250762939453125 27.34375
43.40625 44.174999237060546875 43.83750152587890625 43.506252288818359375 43.450000762939453125 43.043750762939453125 43.106250762939453125 42.825000762939453125 42.706249237060546875 43.887500762939453125 45.96250152587890625 48.356250762939453125 51.375 53.8125 55.956249237060546875 58.50624847412109375 59.88124847412109375 61.268749237060546875 60.96250152587890625 61.637500762939453125 62.3125 63.1875 62.21250152587890625 61.24375152587890625 59.33750152587890625 57.518749237060546875 54.47499847412109375 52.66249847412109375 50.05625152587890625 47.700000762939453125 45.125 42.325000762939453125 37.762500762939453125 34.8125 32.02500152587890625 29.59375 28.5 27.5625 27.100000381469726562 27.100000381469726562 26.524999618530273438 26.600000381469726562 25.737499237060546875
41.637500762939453125 41.893749237060546875 41.174999237060546875 40.875 40.668750762939453125 40.606250762939453125 40.75 40.987499237060546875 40.637500762939453125 41.09375 44.63124847412109375 48.55625152587890625 51.668750762939453125 53.481250762939453125 56.325000762939453125 58.174999237060546875 59.731250762939453125 60.5625 60.799999237060546875 60.731250762939453125 61.356250762939453125 62.231250762939453125 61.643749237060546875 60.91249847412109375 59.450000762939453125 56.59999847412109375 54.112499237060546875 51.768749237060546875 48.11875152587890625 45.725002288818359375 43.549999237060546875 40.34375 36.231250762939453125 32.63124847412109375 29.862499237060546875 27.856250762939453125 26.84375 26.193750381469726562 25.662500381469726562 25.643749237060546875 25.03125 25.075000762939453125 24.293750762939453125
40.331249237060546875 40.49375152587890625 39.22499847412109375 39.237499237060546875 39.043750762939453125 38.78749847412109375 38.94374847412109375 39.06874847412109375 39.731250762939453125 40.21875 46.24375152587890625 50.46875 51.84375 54.206249237060546875 57.44374847412109375 59.18125152587890625 60.03125 60.02500152587890625 61.299999237060546875 61.05625152587890625 61.34999847412109375 61.231250762939453125 60.793750762939453125 60.02500152587890625 58.78125 56.8125 54.34999847412109375 51.918750762939453125 48.68125152587890625 45.61875152587890625 42.41249847412109375 39.80625152587890625 36.043750762939453125 31.34375 28.137500762939453125 26.037500381469726562 25.731250762939453125 25.356250762939453125 25.081249237060546875 25.043750762939453125 23.59375 23.112499237060546875 22.625
