data/historical-monthly-weather-data/wc2.1_cruts4.09_10m_prec_1958-10.asc
ncols        51
nrows        45
xllcorner    -63.500000000000
yllcorner    -7.500000000000
cellsize     0.166666666667
NODATA_value -9999
[rows 0 to 18 of 45, columns 0 to 43 of 51]
300.41876220703125 302.556243896484375 294.818756103515625 290.58123779296875 283.45623779296875 269.96875 252.3062591552734375 235.431243896484375 218.712493896484375 204.587493896484375 193.462493896484375 182.3249969482421875 170.600006103515625 157.337493896484375 146.587493896484375 136.368743896484375 126.7062530517578125 117.99375152587890625 110.69374847412109375 103.77500152587890625 98.59999847412109375 93.40625 88.8937530517578125 85.72499847412109375 83.15000152587890625 81.2624969482421875 81.4499969482421875 82.25 82.99375152587890625 81.1437530517578125 79.13124847412109375 77.1125030517578125 74.83750152587890625 72.65000152587890625 70.75 69.1875 67.59375 65.9875030517578125 65.3249969482421875 64.7062530517578125 64.21875 64.58750152587890625 64.55625152587890625 63.912502288818359375
297.26251220703125 301.51873779296875 301.23126220703125 304.618743896484375 306.96875 292.41876220703125 275.38751220703125 260.8125 245.818756103515625 230.462493896484375 215.96875 201.1687469482421875 186.25 171.3125 158.274993896484375 146.4875030517578125 134.462493896484375 125.43125152587890625 117.6062469482421875 110.6374969482421875 104.94374847412109375 99.94374847412109375 95.38124847412109375 91.78125 88.5 85.44374847412109375 85.21875 85.31874847412109375 84.96250152587890625 81.4499969482421875 78.66249847412109375 76.19374847412109375 73.77500152587890625 71.6875 69.18125152587890625 66.9499969482421875 65.09375 62.97499847412109375 62.174999237060546875 61.31874847412109375 60.74375152587890625 61.237499237060546875 61.36875152587890625 60.83750152587890625
279.9375 285.368743896484375 286.42498779296875 292.20623779296875 296.95001220703125 289.15625 280.54998779296875 273.57501220703125 263.131256103515625 249.443756103515625 233.7062530517578125 216.3187408447265625 199.2937469482421875 182.4499969482421875 167.9187469482421875 154.618743896484375 142.318756103515625 132.881256103515625 124.50624847412109375 117.05625152587890625 110.59375 105.3625030517578125 100.03125 95.1374969482421875 90.53749847412109375 86.7062530517578125 85.66249847412109375 85.1687469482421875 83.6374969482421875 80.25 77.4812469482421875 74.47499847412109375 71.8562469482421875 69.66249847412109375 67.15000152587890625 64.69374847412109375 62.331249237060546875 60.168750762939453125 59.34999847412109375 58.41249847412109375 57.731250762939453125 58.21875 58.50624847412109375 58.424999237060546875
259.131256103515625 263.51251220703125 267.850006103515625 271.443756103515625 277.5 276.95623779296875 278.118743896484375 280.162506103515625 277.5625 267.587493896484375 250.21875 229.6437530517578125 210.0812530517578125 192.1750030517578125 177.431243896484375 162.899993896484375 149.7062530517578125 140.350006103515625 131.90625 124.25624847412109375 117.21875 110.41875457763671875 103.63124847412109375 97.6374969482421875 91.6687469482421875 86.4375 84.7062530517578125 83.38124847412109375 81.49375152587890625 78.00624847412109375 75.09375 72.3249969482421875 69.1687469482421875 66.375 63.362499237060546875 61.40000152587890625 59.125 56.75 55.97499847412109375 55.0625 53.918750762939453125 54.543750762939453125 55.03749847412109375 55.356250762939453125
250.2375030517578125 248.0250091552734375 245.75 248.5625 256.64373779296875 262.899993896484375 270.51873779296875 279.475006103515625 286.26251220703125 284.243743896484375 263.518768310546875 237.9875030517578125 217.5625 200.368743896484375 184.7687530517578125 169.618743896484375 156.5 146.181243896484375 137.350006103515625 129.4250030517578125 122.2312469482421875 114.3000030517578125 106.5 99.44374847412109375 92.21875 85.875 82.9875030517578125 81.4375 79.55625152587890625 75.49375152587890625 72.34375 69.34375 66.3625030517578125 63.40625 60.518749237060546875 58.21250152587890625 55.84375 53.52500152587890625 52.487499237060546875 51.40625 50.168750762939453125 50.512500762939453125 51.293750762939453125 51.762500762939453125
239.9875030517578125 237.162506103515625 229.743743896484375 225.100006103515625 234.4000091552734375 244.756256103515625 253.3312530517578125 262.57501220703125 270.90625 274.73748779296875 253.443756103515625 229.9499969482421875 213.131256103515625 198.006256103515625 184.03125 171.537506103515625 159.2062530517578125 149.412506103515625 141.2312469482421875 133.318756103515625 125.2062530517578125 116.63124847412109375 108.13124847412109375 99.39374542236328125 91.25 83.97499847412109375 80.5437469482421875 78.19374847412109375 76.33750152587890625 72.4375 69.4875030517578125 67.19374847412109375 64.36875152587890625 61.84999847412109375 59.38124847412109375 57.53749847412109375 55.506252288818359375 53.768749237060546875 53.09375 51.456249237060546875 49.21250152587890625 49.375 49.825000762939453125 50.418750762939453125
234.6687469482421875 230.475006103515625 222.5 216.0812530517578125 220.3874969482421875 226.131256103515625 231.568756103515625 235.4562530517578125 236.337493896484375 232.975006103515625 225.5500030517578125 214.0749969482421875 203.493743896484375 192.943756103515625 181.8000030517578125 171.6999969482421875 161.568756103515625 151.993743896484375 143.75 136.556243896484375 128.0187530517578125 118.7062530517578125 109.05625152587890625 99.44374847412109375 90.34375 82.125 78.4562530517578125 75.45000457763671875 72.65625 69.43125152587890625 66.8000030517578125 64.4812469482421875 62.08750152587890625 60.16249847412109375 58.34999847412109375 56.5625 54.94374847412109375 53.549999237060546875 53.393749237060546875 50.918750762939453125 48.15625 47.581249237060546875 47.84375 48.481250762939453125
231.03125 225.0812530517578125 219.2312469482421875 215.9375 215.5437469482421875 216.649993896484375 214.1062469482421875 207.587493896484375 197.587493896484375 193.806243896484375 197.024993896484375 195.6374969482421875 192.3312530517578125 186.4187469482421875 179.5187530517578125 171.662506103515625 163.4375 154.5124969482421875 146.6999969482421875 140.118743896484375 131.0500030517578125 120.68125152587890625 110.0749969482421875 99.65000152587890625 89.5 80.1125030517578125 75.72499847412109375 72 68.8125 65.43125152587890625 63.30625152587890625 61.606250762939453125 59.81874847412109375 58.40000152587890625 56.825000762939453125 55.237499237060546875 53.40625 51.94374847412109375 50.69374847412109375 48.27500152587890625 45.418750762939453125 44.393749237060546875 43.950000762939453125 44.018749237060546875
229.118743896484375 224.6062469482421875 220.71875 217.181243896484375 215.431243896484375 212.6437530517578125 206.7312469482421875 194.75 177.212493896484375 169.287506103515625 177.399993896484375 181.25 182.1062469482421875 178.96875 175.0124969482421875 170.1750030517578125 164.087493896484375 157.0500030517578125 150.568756103515625 143.3874969482421875 133.15625 122.1687469482421875 109.8312530517578125 99.25624847412109375 88.08750152587890625 77.84375 72.78749847412109375 69.6750030517578125 66.58750152587890625 63.393749237060546875 61.77500152587890625 60.47499847412109375 58.768749237060546875 57.450000762939453125 55.99375152587890625 54.768749237060546875 53.268749237060546875 51.40625 49.34375 46.78125 43.81874847412109375 42.03125 41.02500152587890625 39.96875
228.0500030517578125 224.0437469482421875 220.1750030517578125 217.84375 216.5124969482421875 212.8000030517578125 205.506256103515625 193.0124969482421875 178.431243896484375 170.84375 172 173.25 174.5812530517578125 173.243743896484375 171.5437469482421875 169.149993896484375 165.087493896484375 159.743743896484375 154.149993896484375 148.34375 136.59375 123.8312530517578125 109.9875030517578125 97.7937469482421875 85.33750152587890625 74.80625152587890625 70.28125 66.875 64.11875152587890625 61.59999847412109375 59.94374847412109375 59.075000762939453125 57.737499237060546875 56.8125 55.84999847412109375 54.66249847412109375 52.987499237060546875 50.924999237060546875 48.53125 45.375 42.081249237060546875 39.71250152587890625 37.612499237060546875 35.78749847412109375
226.9250030517578125 222.962493896484375 219.006256103515625 216.84375 215.8312530517578125 215.274993896484375 209.024993896484375 195.787506103515625 182.8562469482421875 175.1437530517578125 172.375 171.0124969482421875 169.868743896484375 169.2937469482421875 168.962493896484375 167.71875 165.9187469482421875 161.7375030517578125 157.40625 152.537506103515625 141.2937469482421875 126.25624847412109375 110.28749847412109375 95.5625 83.28749847412109375 73.1125030517578125 68.8937530517578125 65.68125152587890625 62.5625 60.487499237060546875 59.293750762939453125 58.637500762939453125 57.612499237060546875 56.768749237060546875 55.737499237060546875 54.293750762939453125 52.549999237060546875 50.09999847412109375 47.262500762939453125 43.75 40.09999847412109375 37.231250762939453125 34.768749237060546875 32.19374847412109375
225.2750091552734375 221.3249969482421875 217.84375 216.506256103515625 216.181243896484375 216.337493896484375 212.243743896484375 198.037506103515625 186.1687469482421875 177.5437469482421875 172.5124969482421875 170.381256103515625 168.3000030517578125 167.6437530517578125 168.024993896484375 166.8000030517578125 165.443756103515625 161.600006103515625 157.7375030517578125 154.162506103515625 144.3937530517578125 128.1750030517578125 110.4499969482421875 94.9499969482421875 81.78125 71.1437530517578125 66.90625 64.5812530517578125 62.40000152587890625 61.012500762939453125 59.74375152587890625 59.174999237060546875 57.950000762939453125 57.112499237060546875 56.237499237060546875 54.65000152587890625 52.668750762939453125 50.293750762939453125 46.762500762939453125 42.84999847412109375 38.49375152587890625 35.28125 32.52500152587890625 29.943750381469726562
222.131256103515625 218.78125 215.5500030517578125 213.4812469482421875 212.6875 211.1374969482421875 204.9250030517578125 195.006256103515625 184.9375 177.8937530517578125 172.6687469482421875 169.556243896484375 167.850006103515625 165.5749969482421875 165.6062469482421875 165.3125 163.4250030517578125 160.125 156.600006103515625 152.4499969482421875 143.75 127.68125152587890625 109.21875 93.9875030517578125 78.7062530517578125 68.0812530517578125 65.99375152587890625 64.21250152587890625 62.81874847412109375 61.700000762939453125 60.606250762939453125 59.674999237060546875 58.606250762939453125 57.450000762939453125 56.55625152587890625 55.106250762939453125 53.106250762939453125 50.96875 47.293750762939453125 42.262500762939453125 37.549999237060546875 34.418750762939453125 31.225000381469726562 27.056249618530273438
217.3249969482421875 214.0500030517578125 211.024993896484375 208.506256103515625 206.28125 203.274993896484375 197.2687530517578125 190.162506103515625 182.649993896484375 175.712493896484375 170.2687530517578125 167.2624969482421875 165.287506103515625 163.84375 161.9499969482421875 161.649993896484375 159.375 155.5124969482421875 151.3000030517578125 146.399993896484375 136.625 121.6437530517578125 105.86875152587890625 92.5812530517578125 79.50624847412109375 69.7312469482421875 67.1750030517578125 65.27500152587890625 63.706249237060546875 62.16249847412109375 60.90625 60.15000152587890625 58.956249237060546875 57.84375 57.02500152587890625 55.81874847412109375 54.21250152587890625 52.55625152587890625 48.86875152587890625 43.99375152587890625 38.41249847412109375 33.84999847412109375 30.274999618530273438 26.975000381469726562
211.899993896484375 209.3000030517578125 205.40625 202.756256103515625 200.0437469482421875 196.193756103515625 192.0187530517578125 186.2375030517578125 178.9875030517578125 172.75 167.631256103515625 164.131256103515625 161.537506103515625 159.681243896484375 156.9875030517578125 156.037506103515625 152.912506103515625 147.806243896484375 142.568756103515625 137.78125 128.3249969482421875 115.93125152587890625 103.2375030517578125 93.90625 84.5124969482421875 75.7937469482421875 71.9250030517578125 68.80625152587890625 66.09999847412109375 63.68125152587890625 61.80625152587890625 60.63124847412109375 59.43125152587890625 58.793750762939453125 58.0625 56.84375 55.99375152587890625 55.887500762939453125 54.24375152587890625 49.69374847412109375 43.625 37.981250762939453125 33.58750152587890625 29.75624847412109375
204.96875 202.318756103515625 198.943756103515625 196.3562469482421875 193.4875030517578125 190.243743896484375 186.1062469482421875 180.649993896484375 174.587493896484375 169.118743896484375 163.3625030517578125 158.59375 155.631256103515625 153.587493896484375 151.28125 148.850006103515625 144.0500030517578125 138.462493896484375 133.0625 127.96250152587890625 119.04375457763671875 109.53749847412109375 100.53749847412109375 95.9499969482421875 89.46875 81.6125030517578125 77.27500152587890625 73.11875152587890625 69.08750152587890625 65.3562469482421875 62.75624847412109375 60.825000762939453125 59.362499237060546875 58.77500152587890625 57.799999237060546875 56.393749237060546875 57.325000762939453125 58.418750762939453125 59.16249847412109375 56.1875 51.450000762939453125 44.58750152587890625 38.299999237060546875 32.94374847412109375
195.9375 194.068756103515625 192.09375 190.256256103515625 187.4375 184.2624969482421875 180.46875 175.5500030517578125 170.1062469482421875 163.9812469482421875 157.931243896484375 152.5625 148.1999969482421875 145.068756103515625 141.9187469482421875 138.4437408447265625 132.3375091552734375 126.5812530517578125 121.78125 117.46250152587890625 109.75 102.4562530517578125 97 96.875 94.25 86.1125030517578125 81.625 76.25 70.91249847412109375 66.40625 63.55625152587890625 62.012500762939453125 59.21250152587890625 57.0625 55.600002288818359375 56.03125 58.05625152587890625 62.924999237060546875 68.09375 64.86875152587890625 59.799999237060546875 51.518749237060546875 43.15625 36.81874847412109375
186.100006103515625 185.4812469482421875 184.712493896484375 183.3312530517578125 181.15625 178.7562408447265625 175.287506103515625 170.318756103515625 164.8000030517578125 158.9499969482421875 152.84375 146.024993896484375 140.1750030517578125 134.9562530517578125 130.493743896484375 125.69374847412109375 119.66249847412109375 113.7624969482421875 110 106.09375 100.1687469482421875 94.9875030517578125 91.7937469482421875 94.00624847412109375 93.7687530517578125 88.53125 85.5625 79.61875152587890625 72.9812469482421875 67.09999847412109375 63.46875 61.59999847412109375 60.25624847412109375 59.28125 56.268749237060546875 52.93125152587890625 58.08750152587890625 64.7062530517578125 68.65625 67.90000152587890625 63.30625152587890625 55.71875 47.75 41.53125
175.0625 176.7062530517578125 177.024993896484375 176.649993896484375 175.600006103515625 173.149993896484375 169.6875 165.21875 160.5500030517578125 154.131256103515625 146.6374969482421875 139.087493896484375 131.475006103515625 124.5124969482421875 119.11875152587890625 114.5749969482421875 108.75 102.78125 99.25 95.5437469482421875 90.93125152587890625 88.75 85.46875 88.5124969482421875 89.86875152587890625 88.625 86.2937469482421875 81.27500152587890625 75.3874969482421875 68.3874969482421875 63.168750762939453125 63.47499847412109375 65.46250152587890625 64.13124847412109375 61.46250152587890625 59.237499237060546875 62.05625152587890625 66.03125 68.5500030517578125 68.24375152587890625 64.9875030517578125 60.05625152587890625 52.581249237060546875 46.68125152587890625
