data/historical-monthly-weather-data/wc2.1_cruts4.09_10m_prec_2010-05.asc
ncols        45
nrows        45
xllcorner    -63.500000000000
yllcorner    -7.500000000000
cellsize     0.166666666667
NODATA_value -9999
[rows 0 to 19 of 45, columns 0 to 43 of 45]
289.256256103515625 283.125 284.51251220703125 292.41876220703125 298.26251220703125 305 308.16876220703125 313.118743896484375 317.162506103515625 323.71875 328.056243896484375 327.53125 328.63751220703125 330.23748779296875 329.14373779296875 329.8125 329.07501220703125 326.625 326.90625 329.756256103515625 332.3125 334.350006103515625 340.024993896484375 340.5625 342.462493896484375 346.09375 345.9375 347.29376220703125 345.85626220703125 347.23748779296875 344.04998779296875 343.79376220703125 346.556243896484375 347.84375 349.53125 354.79376220703125 358.850006103515625 359.73126220703125 360.10626220703125 362.356231689453125 361.64373779296875 361.82501220703125 358.787506103515625 360.462493896484375
285.587493896484375 276.73748779296875 279.725006103515625 287.212493896484375 295.287506103515625 302.16876220703125 304.931243896484375 309.662506103515625 315.243743896484375 318.70623779296875 322.76873779296875 321.743743896484375 320.34375 319.29998779296875 316.73748779296875 314.743743896484375 312.76873779296875 309.46875 311.54998779296875 314.681243896484375 317.318756103515625 320.6875 324.0625 327.649993896484375 329.587493896484375 331.5 334.774993896484375 337.493743896484375 338.76873779296875 338.337493896484375 335.725006103515625 339.35626220703125 340.600006103515625 345.45001220703125 347.587493896484375 348.524993896484375 354.993743896484375 357.04376220703125 359.787506103515625 356.399993896484375 355.28125 359.431243896484375 356.443756103515625 352.625
279.08123779296875 273.181243896484375 277.29998779296875 282.35626220703125 287.068756103515625 293.78125 299.337493896484375 305.95001220703125 311.587493896484375 314.48126220703125 316.45001220703125 313.118743896484375 309.256256103515625 304.125 301.10626220703125 299.600006103515625 295.83123779296875 291.41876220703125 292.60626220703125 295.931243896484375 298.82501220703125 304.20623779296875 308.056243896484375 311.25 313.67498779296875 318.931243896484375 324.943756103515625 327.53125 328.131256103515625 328.39373779296875 327.125 329.274993896484375 334.943756103515625 337.899993896484375 342.587493896484375 343.068756103515625 347.868743896484375 351.368743896484375 352.1875 351.493743896484375 353.59375 351.725006103515625 351.3125 347.806243896484375
269.10626220703125 262.181243896484375 270.39373779296875 273.631256103515625 277.33123779296875 282.375 288.3125 296.70623779296875 305.82501220703125 309.46875 307.91876220703125 302.51251220703125 294.568756103515625 288.037506103515625 284.39373779296875 281.36248779296875 276.600006103515625 272.76873779296875 273.3125 278.48126220703125 285.706268310546875 289.63751220703125 292.0625 296.51251220703125 299.78125 303.743743896484375 311.40625 313.375 315.131256103515625 318.98126220703125 319.48126220703125 321.868743896484375 325.868743896484375 328.475006103515625 330.61248779296875 337.25 343.725006103515625 347.068756103515625 348.568756103515625 349.037506103515625 349.03125 350.725006103515625 345.61248779296875 340.975006103515625
275.67498779296875 265.89373779296875 259.29998779296875 260.85626220703125 265.162506103515625 268.631256103515625 275.287506103515625 284.587493896484375 297.03125 303.5 297.337493896484375 287.04998779296875 280.51251220703125 274.20001220703125 269.95001220703125 265.375 259.54376220703125 256.08123779296875 256.162506103515625 262.23748779296875 269.600006103515625 272.899993896484375 274.51873779296875 282.600006103515625 285.33123779296875 289.83123779296875 293.21875 299.912506103515625 304.100006103515625 307.35626220703125 310.681243896484375 312.11248779296875 315.33123779296875 321.256256103515625 325.57501220703125 329.73126220703125 337.66876220703125 343.78125 346.70001220703125 346.61248779296875 348.475006103515625 345.493743896484375 340.98126220703125 338.1875
275.587493896484375 266.506256103515625 258.274993896484375 248.84375 253.3874969482421875 260.743743896484375 267.01251220703125 273.556243896484375 286.149993896484375 293.59375 288.587493896484375 277.20001220703125 272.84375 268.26873779296875 261.881256103515625 259.45623779296875 252.2062530517578125 246.693756103515625 246.6687469482421875 252.681243896484375 258.131256103515625 262.837493896484375 267.34375 270.931243896484375 275.243743896484375 280.07501220703125 284.443756103515625 289.431243896484375 295.662506103515625 299.993743896484375 303.66876220703125 307.306243896484375 310.149993896484375 314.931243896484375 318.40625 324.15625 330.13751220703125 335.431243896484375 342.70623779296875 343.41876220703125 342.131256103515625 340.125 334.76251220703125 331.54998779296875
277.412506103515625 267.006256103515625 258.100006103515625 249.3312530517578125 245.6062469482421875 247.4187469482421875 252.068756103515625 257.4375 259.881256103515625 266.912506103515625 268.15625 264.01251220703125 262.96875 260.90625 256.868743896484375 253.1750030517578125 250.0437469482421875 245.8000030517578125 243.375 247.662506103515625 250.462493896484375 253.2375030517578125 254.712493896484375 260.66876220703125 266.63751220703125 274.212493896484375 277.506256103515625 281.98126220703125 285.243743896484375 290.475006103515625 295.475006103515625 297.462493896484375 299.01873779296875 303.381256103515625 307.95001220703125 315.337493896484375 319.83123779296875 325.09375 333.11248779296875 337.26873779296875 334.78125 330.25 325.412506103515625 324.162506103515625
278.08123779296875 266.84375 257.5625 250.7937469482421875 246.3937530517578125 247.287506103515625 243.1125030517578125 234.2687530517578125 228.7062530517578125 237.0562591552734375 247.7687530517578125 251.0437469482421875 255.0812530517578125 254.600006103515625 252.587493896484375 251.09375 248.4562530517578125 245.681243896484375 242.2375030517578125 240.9562530517578125 245.225006103515625 246.1437530517578125 247.4187469482421875 250.1687469482421875 258.006256103515625 260.931243896484375 267.53125 271.037506103515625 275.09375 280.649993896484375 285.54998779296875 287.618743896484375 290.38751220703125 292 293.631256103515625 299.08123779296875 305.16876220703125 312.34375 317.51251220703125 317.51873779296875 319.587493896484375 316.0625 313.181243896484375 309.32501220703125
277.88751220703125 266.96875 259.35626220703125 251.475006103515625 245.75 244.443756103515625 239.6875 232.2937469482421875 221.899993896484375 220.318756103515625 231.3000030517578125 241.0812530517578125 250.5187530517578125 251.7312469482421875 249.9875030517578125 249.600006103515625 247.65625 246.6875 246.1500091552734375 240.03125 238.1437530517578125 241.399993896484375 239.0812530517578125 247.3000030517578125 249.868743896484375 251.625 254.9875030517578125 261.725006103515625 269.23126220703125 272.63751220703125 278.91876220703125 279.36248779296875 276.268768310546875 274.912506103515625 278.26251220703125 284.524993896484375 291.08123779296875 298.38751220703125 305.431243896484375 304.46875 303.006256103515625 299.725006103515625 300.537506103515625 300.850006103515625
276.631256103515625 267.51873779296875 260.243743896484375 253.7937469482421875 245.6687469482421875 244 240.28125 234.78125 230.443756103515625 231.024993896484375 236.068756103515625 238.5749969482421875 249.162506103515625 250.787506103515625 250.125 246.787506103515625 244 243.2687530517578125 243.868743896484375 242.181243896484375 237.837493896484375 234.53125 232.912506103515625 238.5812530517578125 238.9499969482421875 240.6875 243.5500030517578125 249.962493896484375 258.806243896484375 265.33123779296875 267.243743896484375 266.08123779296875 265.587493896484375 264.73748779296875 264.625 269.89373779296875 275.131256103515625 282.63751220703125 289.912506103515625 294.5625 297.54998779296875 297.95623779296875 291.73748779296875 286.475006103515625
275.25 267.962493896484375 260.13751220703125 254.3312530517578125 246.493743896484375 245.7312469482421875 242.9562530517578125 236.6062469482421875 234.4875030517578125 237.59375 243.1999969482421875 248.287506103515625 248.2687530517578125 251.3625030517578125 247.493743896484375 242.3312530517578125 238.9187469482421875 239.21875 239.6750030517578125 240.868743896484375 243.9812469482421875 236.84375 230.3937530517578125 223.100006103515625 229.0187530517578125 234.0124969482421875 236.7312469482421875 242.3000030517578125 246.899993896484375 250.1374969482421875 253.59375 254.34375 252.9375 251.4187469482421875 250.2062530517578125 252.59375 257.45001220703125 265.743743896484375 276.024993896484375 283.09375 287.90625 286.82501220703125 286.75 278.28125
276.131256103515625 267.881256103515625 261.03125 255.431243896484375 249.3562469482421875 246.0749969482421875 245.774993896484375 243.0124969482421875 243.600006103515625 243.756256103515625 248.600006103515625 254.6687469482421875 248.587493896484375 247.9250030517578125 245.462493896484375 238.3874969482421875 234.4562530517578125 234.681243896484375 236.1437530517578125 240.568756103515625 246.5500030517578125 243.743743896484375 235.6999969482421875 225.524993896484375 220.9875030517578125 219.7687530517578125 220.8249969482421875 226.1125030517578125 232.881256103515625 235.5124969482421875 235.5124969482421875 236.03125 234.84375 233.3625030517578125 234.7312469482421875 240.149993896484375 246.787506103515625 253.15625 261.193756103515625 269.20623779296875 276.631256103515625 276.23126220703125 271.48748779296875 255.412506103515625
277.881256103515625 267.79376220703125 260.600006103515625 255.4875030517578125 249.21875 248.15625 246.006256103515625 242.90625 244.8249969482421875 248.743743896484375 252.7937469482421875 255.125 251.193756103515625 239.5124969482421875 234.59375 231.8874969482421875 227.9562530517578125 228.493743896484375 229.78125 234.118743896484375 242.931243896484375 239.537506103515625 232.412506103515625 222.0500030517578125 206.2937469482421875 201.212493896484375 208.118743896484375 214.21875 221.5187530517578125 224.8312530517578125 222.868743896484375 219.649993896484375 217.475006103515625 215.3000030517578125 217.493743896484375 225.506256103515625 233.6750030517578125 243.0749969482421875 253.506256103515625 261.08123779296875 266.149993896484375 266.45001220703125 253.96875 241.8937530517578125
273.5625 264.63751220703125 258.98126220703125 253.693756103515625 249.1437530517578125 246.90625 244.3312530517578125 242.5437469482421875 246.443756103515625 250.149993896484375 249.443756103515625 247.431243896484375 242.1062469482421875 233.962493896484375 221.087493896484375 220.8937530517578125 217.2624969482421875 216.625 219.568756103515625 224.256256103515625 230.381256103515625 229.0625 224.34375 217.274993896484375 205.6062469482421875 198.7687530517578125 200.350006103515625 202.693756103515625 208.006256103515625 208.756256103515625 209.931243896484375 205.7937469482421875 203.431243896484375 201.59375 202.493743896484375 212.868743896484375 224.65625 236.8000030517578125 248.600006103515625 253.431243896484375 248.8687591552734375 241.087493896484375 239.6062469482421875 240.818756103515625
268.17498779296875 261.149993896484375 256.60626220703125 251.1999969482421875 246.1437530517578125 244.5625 244.6875 244.6125030517578125 246.1437530517578125 246.443756103515625 244.40625 240.125 232 222.912506103515625 207.125 205.631256103515625 204.0500030517578125 206.318756103515625 209.087493896484375 212.475006103515625 218.912506103515625 220.443756103515625 219.8000030517578125 219.46875 215.1687469482421875 210.5749969482421875 207.2624969482421875 206.568756103515625 207.068756103515625 205.181243896484375 199.2624969482421875 193.875 193.993743896484375 188.90625 185.662506103515625 193.4812469482421875 213.6750030517578125 231.0187530517578125 240.5625 241.5 235.8562469482421875 234.506256103515625 240.5625 240.3937530517578125
261.875 254.837493896484375 252.1437530517578125 248.28125 243 243.274993896484375 244.25 243.84375 243.162506103515625 243.4250030517578125 239.71875 233.21875 224.1999969482421875 215.975006103515625 203.006256103515625 189.7937469482421875 191.3312530517578125 197.96875 198.756256103515625 201.837493896484375 208.462493896484375 215.368743896484375 220.15625 224.431243896484375 222.350006103515625 216.9812469482421875 211.7062530517578125 207.40625 205.743743896484375 204 200.649993896484375 193.568756103515625 184.4562530517578125 175.7937469482421875 171.3312530517578125 188.8937530517578125 203.15625 218.287506103515625 229.8874969482421875 235.90625 235.056243896484375 233.65625 235.037506103515625 230.006256103515625
257.024993896484375 250.899993896484375 246.8000030517578125 244.4187469482421875 242.0124969482421875 240.71875 240.46875 239.4499969482421875 240.068756103515625 239.5124969482421875 236.6437530517578125 230.75 220.5437469482421875 210.681243896484375 200.4562530517578125 190.181243896484375 179.1750030517578125 184.3000030517578125 188.524993896484375 192.3937530517578125 199.6999969482421875 207.443756103515625 217.068756103515625 226.6687469482421875 229.59375 217.9187469482421875 209.818756103515625 205.5 203.1437530517578125 200.9499969482421875 198.53125 194.6687469482421875 186.756256103515625 179.649993896484375 184.4499969482421875 192.59375 206.21875 220.618743896484375 235.7687530517578125 235.6875 232.9875030517578125 228.9187469482421875 223.8312530517578125 222.0500030517578125
250 245.78125 243.131256103515625 240.0187530517578125 237.712493896484375 238.806243896484375 237.181243896484375 234.931243896484375 234.087493896484375 234.162506103515625 231.6374969482421875 227.962493896484375 216.0187530517578125 207.84375 198.399993896484375 189.618743896484375 179.443756103515625 171.3125 181.7062530517578125 184.2062530517578125 190.600006103515625 199.2687530517578125 209.1999969482421875 219.3000030517578125 224 215.7624969482421875 204.6125030517578125 202.3937530517578125 200.931243896484375 195.8625030517578125 187.131256103515625 180.125 187.118743896484375 188.84375 189.8937530517578125 205.725006103515625 218.8249969482421875 225.2375030517578125 233.28125 234.4875030517578125 225.462493896484375 220.3562469482421875 215.774993896484375 214.8312530517578125
242.8312530517578125 239.3874969482421875 236.431243896484375 235.6125030517578125 234.6437530517578125 234.037506103515625 233.3125 232.2687530517578125 231.462493896484375 232.587493896484375 228.7687530517578125 219.024993896484375 209.3562469482421875 202.306243896484375 193.78125 187.3312530517578125 180.53125 170.25 168.46875 172.149993896484375 179.3562469482421875 190.6062469482421875 190.125 201.3562469482421875 206.5812530517578125 207.837493896484375 203.600006103515625 197.412506103515625 196.0124969482421875 191.0437469482421875 185.149993896484375 183.774993896484375 188.8625030517578125 190.524993896484375 194.09375 206.118743896484375 212.78125 216.25 223.96875 221.9562530517578125 215.1125030517578125 209.1374969482421875 207.8125 209.618743896484375
234.75 232.287506103515625 230.587493896484375 228.0500030517578125 227.9562530517578125 231.4250030517578125 232.037506103515625 230.7624969482421875 229.962493896484375 228.431243896484375 226.8312530517578125 221.3562469482421875 215.006256103515625 204.6687469482421875 194.3625030517578125 180.8874969482421875 169.931243896484375 169.1437530517578125 166.21875 167.256256103515625 168.2249908447265625 174.943756103515625 184.5437469482421875 189.725006103515625 191.381256103515625 189.15625 188.9562530517578125 190.3312530517578125 185.868743896484375 179.75 178.7062530517578125 187.2375030517578125 188.899993896484375 188.6750030517578125 194.0749969482421875 202.5999908447265625 207.962493896484375 211.181243896484375 212.931243896484375 212.0437469482421875 203.818756103515625 198.243743896484375 200.59375 202.943756103515625
