data/historical-monthly-weather-data/wc2.1_cruts4.09_10m_prec_1966-11.asc
ncols        51
nrows        45
xllcorner    -63.500000000000
yllcorner    -7.500000000000
cellsize     0.166666666667
NODATA_value -9999
[rows 20 to 39 of 45, columns 0 to 44 of 51]
200.7687530517578125 216.212493896484375 227.9562530517578125 239.0749969482421875 248.712493896484375 255.75 261.912506103515625 266.20623779296875 267.5 265.875 262.662506103515625 258.75 252.912506103515625 244.0625 238.1750030517578125 231.8249969482421875 226.9187469482421875 227.9875030517578125 234.9562530517578125 242.181243896484375 258.13751220703125 272.306243896484375 281.98126220703125 286.443756103515625 289.84375 288.943756103515625 278.95623779296875 262.40625 243.875 228.912506103515625 216.993743896484375 214.756256103515625 221.1374969482421875 230.4812469482421875 240.1374969482421875 250.5500030517578125 258.3125 266.11248779296875 270.04998779296875 273.67498779296875 274.98126220703125 274.73748779296875 271.96875 267.537506103515625 261.65625
186.34375 200.743743896484375 213.5124969482421875 225.631256103515625 237.006256103515625 244.9499969482421875 253.0437469482421875 259.21875 263.931243896484375 265.39373779296875 264.51251220703125 263.29376220703125 259.162506103515625 250.774993896484375 243.618743896484375 236.375 232.118743896484375 231.7375030517578125 235.1374969482421875 241.40625 252.3249969482421875 264.568756103515625 276.01251220703125 281.274993896484375 284.625 285.5625 280.0625 267.506256103515625 254.931243896484375 243.193756103515625 231.181243896484375 227.412506103515625 233.306243896484375 244.725006103515625 256.850006103515625 266.96875 274.71875 281.306243896484375 282.36248779296875 284.743743896484375 284.75 283.412506103515625 280.85626220703125 277.8125 272.84375
172.181243896484375 187.743743896484375 200.475006103515625 213.1374969482421875 225.431243896484375 233.8125 241.8000030517578125 250.9499969482421875 258.6875 262.368743896484375 265.15625 266.20623779296875 267.8125 261.04376220703125 250.0124969482421875 240.412506103515625 234.6999969482421875 234.1374969482421875 235.59375 239.524993896484375 249.21875 259.48126220703125 269.09375 274.881256103515625 281.17498779296875 284.95001220703125 280.26251220703125 272.82501220703125 262.662506103515625 252.2687530517578125 243.2937469482421875 239.306243896484375 247.5437469482421875 260.04376220703125 272.23126220703125 283.29998779296875 291.45623779296875 295.018768310546875 294.38751220703125 295.125 295.412506103515625 292.90625 289.82501220703125 286.524993896484375 281.29376220703125
156.6750030517578125 171.006256103515625 184.28125 196.818756103515625 210.1062469482421875 220.3125 229.756256103515625 240.3125 248.2062530517578125 254.0749969482421875 259.1875 266.26251220703125 272.381256103515625 265.57501220703125 253.4375 243.875 237.9250030517578125 237.3249969482421875 237.6687469482421875 239.368743896484375 247.6437530517578125 256.306243896484375 263.53125 269.75 276.75 281.20001220703125 281.86248779296875 274.162506103515625 267.931243896484375 259.60626220703125 253.875 251.337493896484375 259.875 271.86248779296875 285.07501220703125 298.73748779296875 307.649993896484375 308.631256103515625 307.5 306.84375 305.818756103515625 302.83123779296875 299.51251220703125 295.76873779296875 296.48126220703125
143.2062530517578125 155.1750030517578125 168.53125 181.9250030517578125 196.5437469482421875 206.53125 216.0437469482421875 226.5500030517578125 235.5749969482421875 242.806243896484375 249.9812469482421875 255.399993896484375 260.1875 257.337493896484375 250.181243896484375 243.2312469482421875 238.568756103515625 237.625 238.193756103515625 239.5187530517578125 245.8125 251.506256103515625 258.587493896484375 264.36248779296875 270.75 278.881256103515625 279.725006103515625 276.5 271.506256103515625 267 261.89373779296875 260.26873779296875 269.03125 280.9375 292.837493896484375 304.662506103515625 314.3125 316.63751220703125 316.625 317.13751220703125 315.462493896484375 312.15625 310.34375 308.693756103515625 308.162506103515625
132.381256103515625 142.96875 154.306243896484375 168.4250030517578125 181.962493896484375 191.7062530517578125 200.9812469482421875 211.2937469482421875 220.475006103515625 228.712493896484375 236.2375030517578125 242 245.2687530517578125 244.962493896484375 242.712493896484375 239.6750030517578125 237.7062530517578125 237.8000030517578125 238.806243896484375 240.4562530517578125 245.100006103515625 249.3937530517578125 253.681243896484375 257.61248779296875 265.85626220703125 275.98126220703125 279.350006103515625 278.931243896484375 276.625 273.506256103515625 268.95001220703125 267.431243896484375 276.57501220703125 286.51873779296875 297.631256103515625 308.256256103515625 317.024993896484375 322.45623779296875 325.399993896484375 326.368743896484375 326.07501220703125 322.743743896484375 318.1875 318.33123779296875 320.3125
126.3125 133.9937591552734375 144.2062530517578125 155.90625 167.2312469482421875 176.4499969482421875 187.0500030517578125 197.0625 205.25 214.243743896484375 223.649993896484375 230.125 234.212493896484375 236.149993896484375 236.662506103515625 235.256256103515625 235.225006103515625 236.943756103515625 238.9250030517578125 240.212493896484375 244.131256103515625 247.556243896484375 250.3874969482421875 254.4187469482421875 264.48748779296875 274.556243896484375 277.881256103515625 278.54998779296875 278.618743896484375 274.98126220703125 272.21875 271.21875 281.774993896484375 292.625 302.16876220703125 311.95001220703125 320.29998779296875 325.59375 330.912506103515625 333.89373779296875 335.01873779296875 331.23748779296875 326.88751220703125 325.04376220703125 328.118743896484375
120.65000152587890625 125.5625 134.03125 143.287506103515625 152.912506103515625 161.6875 172 182.631256103515625 192 201.631256103515625 210.5500030517578125 217.9875030517578125 223.318756103515625 226.9875030517578125 230.0124969482421875 230.9499969482421875 232.0437469482421875 235.6374969482421875 238.3874969482421875 240.774993896484375 245.3249969482421875 248.3874969482421875 253.6374969482421875 259.26251220703125 267.46875 275.506256103515625 277.57501220703125 278.818756103515625 278.693756103515625 275.58123779296875 272.07501220703125 271.79376220703125 283.1875 293.962493896484375 305.65625 314.962493896484375 322.75 330.04998779296875 334.40625 341.59375 346.65625 343.681243896484375 333.53125 330.01873779296875 340.82501220703125
115.72499847412109375 118.02500152587890625 123.94374847412109375 131.256256103515625 139.131256103515625 147.693756103515625 157.7624969482421875 168.4562530517578125 179.306243896484375 189.368743896484375 199.087493896484375 206.7937469482421875 213.7312469482421875 218.75 223.068756103515625 227.0187530517578125 230.743743896484375 234.40625 238.125 241.6750030517578125 247.193756103515625 251.337493896484375 257.631256103515625 264.45623779296875 271.38751220703125 277.649993896484375 279.537506103515625 279.100006103515625 278.89373779296875 274.837493896484375 271.66876220703125 270.931243896484375 281.70623779296875 293.837493896484375 307.28125 316.46875 324.64373779296875 331.337493896484375 336.368743896484375 342.443756103515625 350.83123779296875 346.75 340.09375 343.337493896484375 358.92498779296875
118.28125 117.59999847412109375 121.0625 124.875 130.84375 139.0749969482421875 148.587493896484375 158.90625 169.6062469482421875 179.2937469482421875 189.3249969482421875 198.100006103515625 206.1750030517578125 213.306243896484375 218.6999969482421875 223.587493896484375 226.9375 232.6374969482421875 236.7687530517578125 241.100006103515625 247.25 254.306243896484375 261.475006103515625 266.57501220703125 272.40625 278.193756103515625 278.76873779296875 276.931243896484375 275.28125 273.33123779296875 271.162506103515625 271.287506103515625 282.16876220703125 295.506256103515625 308.54998779296875 316.306243896484375 323.193756103515625 331.618743896484375 333.59375 337.90625 345.287506103515625 352.20623779296875 353.399993896484375 361.36248779296875 370.318756103515625
121.4250030517578125 117.93125152587890625 119.0812530517578125 120.8000030517578125 124.19374847412109375 132.3125 141.243743896484375 150.600006103515625 160.368743896484375 170.837493896484375 181.34375 190.931243896484375 200.6374969482421875 207.881256103515625 214.3874969482421875 220.28125 225.774993896484375 231.34375 235.375 242.4812469482421875 250.1125030517578125 257.98126220703125 265.587493896484375 269.70001220703125 273.23748779296875 278.037506103515625 276.57501220703125 274.11248779296875 271.34375 270.23748779296875 270.068756103515625 272.11248779296875 282.818756103515625 297.443756103515625 309.212493896484375 316.41876220703125 323.90625 334.04376220703125 334.443756103515625 329.743743896484375 339.318756103515625 354.962493896484375 364.875 374.274993896484375 385.243743896484375
125.0625 119.4375 118.6125030517578125 119.15000152587890625 121.36875152587890625 127.3625030517578125 135.225006103515625 143.274993896484375 152.7687530517578125 162.868743896484375 173.53125 184.1999969482421875 194.431243896484375 203.6687469482421875 211.96875 219.037506103515625 225.2937469482421875 231.5124969482421875 237.587493896484375 245.7375030517578125 254.0187530517578125 261.66876220703125 268.73748779296875 271.36248779296875 274.57501220703125 276.89373779296875 273.58123779296875 269.88751220703125 266.024993896484375 267.20001220703125 268.899993896484375 271.70623779296875 283.25 296.88751220703125 310.712493896484375 318.48748779296875 326.431243896484375 334.706268310546875 333.443756103515625 333.662506103515625 348.36248779296875 368.193756103515625 383.25 401.725006103515625 420.15625
134.131256103515625 128.1999969482421875 125.71875 124.6750030517578125 124.93125152587890625 128.625 134.1062469482421875 140.1374969482421875 148.0437469482421875 157.024993896484375 168.09375 178.506256103515625 189.90625 201.75 210.3625030517578125 218.493743896484375 225.1062469482421875 233.8812408447265625 241.7937469482421875 250.318756103515625 258.32501220703125 264.5625 269.63751220703125 270.806243896484375 272.568756103515625 273.006256103515625 268.76873779296875 263.82501220703125 260.556243896484375 263.01873779296875 266.443756103515625 270.84375 282.5625 295.86248779296875 310.90625 320.58123779296875 331.006256103515625 339.193756103515625 340.04998779296875 350.86248779296875 367.10626220703125 386.993743896484375 407.962493896484375 434.13751220703125 472.0625
143.5124969482421875 137.75 133.8000030517578125 131.3000030517578125 129.3249969482421875 130.9375 133.475006103515625 137.493743896484375 144.006256103515625 151.5500030517578125 161.287506103515625 173.368743896484375 186.431243896484375 198.5124969482421875 208.1750030517578125 217.4499969482421875 226.25 236.0875091552734375 245.318756103515625 254.693756103515625 261.5 266.73126220703125 270.625 269.66876220703125 269.32501220703125 267.631256103515625 263.13751220703125 257.162506103515625 253.59375 257.506256103515625 262.95001220703125 270 282.36248779296875 296.024993896484375 311.65625 323.756256103515625 334.212493896484375 341.98748779296875 350.76873779296875 366.6875 383.431243896484375 404.85626220703125 432.337493896484375 464.26873779296875 507.1875
153.4875030517578125 147.84375 142.693756103515625 138.1062469482421875 134.5749969482421875 133.9375 133.9499969482421875 135.7312469482421875 139.7312469482421875 146.431243896484375 155.931243896484375 169.350006103515625 183.5500030517578125 197.6999969482421875 208.8125 217.6875 227.6875 238.381256103515625 248.375 257.868743896484375 264.306243896484375 268.399993896484375 270.600006103515625 266.84375 263.45623779296875 260.84375 255 249.5625 245.4812469482421875 251.2062530517578125 259.34375 268 280.568756103515625 295.756256103515625 310.04376220703125 321.631256103515625 332.95001220703125 348.85626220703125 361.46875 376.837493896484375 395.912506103515625 416.45623779296875 443.65625 474.34375 508.92498779296875
165.1062469482421875 159.5124969482421875 154.0749969482421875 148.8000030517578125 144.46875 142.306243896484375 140.53125 139.1687469482421875 140.5749969482421875 144.681243896484375 153.806243896484375 167.5437469482421875 183.25 198.6374969482421875 209.2062530517578125 219.6437530517578125 228.524993896484375 239.5 250.350006103515625 260.868743896484375 265.756256103515625 266.662506103515625 266.681243896484375 261.88751220703125 257.16876220703125 252.9812469482421875 247.4812469482421875 242.59375 239.1875 244.9187469482421875 254.8187408447265625 264.125 277.54376220703125 292.3125 304.787506103515625 316.07501220703125 333.95623779296875 350.256256103515625 362.58123779296875 379.681243896484375 399.9375 418.04998779296875 440.381256103515625 466.88751220703125 490.118743896484375
176.943756103515625 171.868743896484375 166.5749969482421875 161.287506103515625 156.256256103515625 152.5437469482421875 148.4812469482421875 144.78125 143.149993896484375 142.756256103515625 152.243743896484375 170.381256103515625 186.09375 199.4250030517578125 210.0187530517578125 219.9562530517578125 228.8249969482421875 239.125 249.6875 259.056243896484375 262.056243896484375 261.51873779296875 260.287506103515625 254.306243896484375 248.46875 244.28125 238.15625 234.3937530517578125 231.0187530517578125 238.649993896484375 248.943756103515625 260.78125 273.693756103515625 288.337493896484375 300.712493896484375 314.493743896484375 332.51251220703125 350.32501220703125 364.58123779296875 378.506256103515625 396.01251220703125 411.1875 429.943756103515625 452.881256103515625 469.15625
190.53125 185.3000030517578125 179.649993896484375 174.4187469482421875 168.8937530517578125 163.9499969482421875 158.8249969482421875 153.71875 150.59375 147.5812530517578125 161.3874969482421875 180.118743896484375 191.962493896484375 202.600006103515625 211.943756103515625 220.84375 229.037506103515625 237.868743896484375 246.506256103515625 252.5437469482421875 254.875 254.2937469482421875 252.59375 245.21875 239.1937408447265625 234.524993896484375 228.975006103515625 225.6999969482421875 223.5187530517578125 232.8812408447265625 241.587493896484375 253.4250030517578125 267.20001220703125 281.649993896484375 294.743743896484375 310.774993896484375 329.65625 347.006256103515625 363.82501220703125 379.04376220703125 390.875 404.85626220703125 417.131256103515625 432.631256103515625 443.375
202.5749969482421875 197.2624969482421875 192.193756103515625 186.881256103515625 181.1374969482421875 176.181243896484375 171.59375 167.431243896484375 167.3249969482421875 173.1437530517578125 188.5 195.975006103515625 202.3874969482421875 210.243743896484375 217.225006103515625 224.037506103515625 230.65625 237.3625030517578125 242.787506103515625 247.28125 247.399993896484375 245.462493896484375 243.818756103515625 237.743743896484375 231.1687469482421875 227.09375 222.931243896484375 220.40625 219.475006103515625 227.837493896484375 236.9812469482421875 247.462493896484375 260.274993896484375 273.75 290.35626220703125 307.11248779296875 323.1875 341.881256103515625 356.59375 365.46875 375.068756103515625 387.17498779296875 393.88751220703125 405.993743896484375 413.57501220703125
214.5187530517578125 209.5124969482421875 204.475006103515625 199.1374969482421875 194.5437469482421875 190.6437530517578125 186.53125 184.5187530517578125 186.28125 191.6374969482421875 200.056243896484375 207.2062530517578125 212.274993896484375 217.9499969482421875 223.256256103515625 227.96875 233.3562469482421875 237.3562469482421875 240.318756103515625 242.712493896484375 240.34375 237.21875 233.774993896484375 227.975006103515625 223.462493896484375 219.493743896484375 216.568756103515625 215.5625 215.4375 222.53125 230.381256103515625 242.975006103515625 257.568756103515625 270.993743896484375 287.412506103515625 302.381256103515625 316.5625 331.899993896484375 345.600006103515625 350.9375 358.131256103515625 366.76873779296875 371.350006103515625 376.85626220703125 380.51251220703125
