data/historical-monthly-weather-data/wc2.1_cruts4.09_10m_prec_1967-02.asc
ncols        51
nrows        45
xllcorner    -63.500000000000
yllcorner    -7.500000000000
cellsize     0.166666666667
NODATA_value -9999
[rows 20 to 39 of 45, columns 0 to 44 of 51]
159.7937469482421875 167.6687469482421875 174.962493896484375 182.6437530517578125 192.1999969482421875 199.9875030517578125 208.1437530517578125 216.5187530517578125 225.006256103515625 232.8125 239.493743896484375 246.3249969482421875 253.837493896484375 260.4375 252.0500030517578125 236.787506103515625 224.131256103515625 215.9562530517578125 213.756256103515625 212.7687530517578125 216.306243896484375 219.6125030517578125 222.0437469482421875 226.3625030517578125 231.40625 237.225006103515625 244.3312530517578125 251.5812530517578125 259.88751220703125 267.79376220703125 269.79998779296875 265.41876220703125 251.4562530517578125 232.3625030517578125 214.818756103515625 233.5124969482421875 266.568756103515625 294.8125 314.20001220703125 325.931243896484375 330.6875 331.04376220703125 331.681243896484375 331.524993896484375 329.125
147.1437530517578125 156.0625 163.875 172.881256103515625 182.037506103515625 190.1437530517578125 198.2937469482421875 206.693756103515625 215.0500030517578125 221.09375 225.225006103515625 228.2062530517578125 231.318756103515625 233.181243896484375 230.6999969482421875 223.1437530517578125 215.3000030517578125 210.4875030517578125 208.3000030517578125 208.006256103515625 209.931243896484375 213.1875 218.09375 223.274993896484375 229.837493896484375 237.899993896484375 246.787506103515625 255.287506103515625 265.225006103515625 274.756256103515625 280.024993896484375 276.837493896484375 265.506256103515625 252.7687530517578125 245.46875 259.03125 284.01251220703125 305.850006103515625 319.5625 327.600006103515625 332.006256103515625 333.306243896484375 333.61248779296875 332.86248779296875 331.337493896484375
136.84375 146.725006103515625 154.1374969482421875 163.03125 171.90625 180.587493896484375 187.8125 196.34375 205 208.6374969482421875 209.65625 208.9812469482421875 208.287506103515625 209.5812530517578125 211.2375030517578125 209.181243896484375 205.1437530517578125 203.3937530517578125 202.068756103515625 201.3000030517578125 203.899993896484375 206.9499969482421875 211.381256103515625 217.412506103515625 226.181243896484375 236.6437530517578125 246.5749969482421875 256.73126220703125 268.787506103515625 280.54998779296875 289.51873779296875 292.83123779296875 284.1875 277.462493896484375 279.868743896484375 293.98748779296875 310.75 323.818756103515625 330.45001220703125 332.10626220703125 333.71875 334.625 334.60626220703125 334.037506103515625 333.51251220703125
127.1687469482421875 136.1125030517578125 143.46875 151.2375030517578125 160.0124969482421875 168.8312530517578125 177.131256103515625 185.037506103515625 193.225006103515625 195.912506103515625 196.600006103515625 195.556243896484375 192.21875 195.962493896484375 200 200.40625 198.90625 199.5187530517578125 199.2312469482421875 198.65625 200.337493896484375 202.462493896484375 205.8312530517578125 212.462493896484375 222.318756103515625 232.568756103515625 244.65625 256.962493896484375 269.64373779296875 282.98126220703125 294.068756103515625 300.07501220703125 297.25 296.75 304.5625 321.04376220703125 333.58123779296875 337.631256103515625 337.89373779296875 336.181243896484375 335.90625 334.88751220703125 334.54998779296875 334.76873779296875 337.25
119.5812530517578125 126.7062530517578125 133.3562469482421875 141 149.96875 157.7687530517578125 165.850006103515625 173.3937530517578125 179.818756103515625 183.806243896484375 185.8874969482421875 186.756256103515625 187.6750030517578125 191 193.53125 195.0812530517578125 195.681243896484375 197.21875 197.75 197.40625 198.556243896484375 198.9250030517578125 200.34375 206.399993896484375 216.1999969482421875 230.318756103515625 242.625 256.600006103515625 269.82501220703125 282.649993896484375 293.024993896484375 299.70623779296875 302.975006103515625 307.493743896484375 316.51251220703125 327.85626220703125 337.23748779296875 339.98748779296875 338.82501220703125 336.66876220703125 335.63751220703125 333.96875 333.899993896484375 336.100006103515625 338.912506103515625
114.78749847412109375 120.59999847412109375 125.90000152587890625 132.78125 140.7624969482421875 148.34375 155.4562530517578125 162.556243896484375 168.8125 173.6999969482421875 177.287506103515625 180.8874969482421875 185.024993896484375 188.71875 191.3625030517578125 192.7937469482421875 194.037506103515625 196.243743896484375 197.993743896484375 198 198 196.274993896484375 195.1687469482421875 199.256256103515625 211.8249969482421875 227.90625 243.1750030517578125 256.51251220703125 270.162506103515625 281.29376220703125 290.59375 298.11248779296875 304.274993896484375 311.337493896484375 320.243743896484375 328.631256103515625 335.600006103515625 338.96875 336.274993896484375 334.45001220703125 333.524993896484375 332.162506103515625 331.443756103515625 334.106231689453125 341.037506103515625
112.0124969482421875 116.1125030517578125 120.6875 127.15000152587890625 133.84375 140.4749908447265625 147.5625 153.8562469482421875 160.649993896484375 167.1062469482421875 172.899993896484375 178.78125 185.318756103515625 191.28125 194.0749969482421875 196.46875 197.9562530517578125 200.462493896484375 201.8874969482421875 201.53125 200.5812530517578125 198.28125 194.881256103515625 197.381256103515625 212.475006103515625 229.350006103515625 244.256256103515625 257.71875 270.162506103515625 280.61248779296875 289.98748779296875 296.556243896484375 303.90625 314.068756103515625 321.59375 329.21875 335.4375 337.76873779296875 336.162506103515625 333.943756103515625 332.40625 330.57501220703125 329.59375 331.875 342.48126220703125
109.16249847412109375 111.3000030517578125 115.72499847412109375 121.2687530517578125 126.98125457763671875 132.9499969482421875 140.056243896484375 147.2312469482421875 154.587493896484375 162.3312530517578125 169.274993896484375 177.2624969482421875 185.6999969482421875 193.524993896484375 197.4499969482421875 200.743743896484375 202.774993896484375 206.3874969482421875 207.65625 207.8249969482421875 207.381256103515625 205.2312469482421875 204.59375 208.5437469482421875 219.787506103515625 234.84375 248.318756103515625 260.95623779296875 272.33123779296875 282.15625 290.78125 298.14373779296875 307.54998779296875 315.556243896484375 322.75 329.89373779296875 334.14373779296875 337.631256103515625 335.45001220703125 332.412506103515625 330.587493896484375 329.662506103515625 328.899993896484375 332.631256103515625 346.16876220703125
106.3125 107.16249847412109375 110.875 115.80625152587890625 121.11875152587890625 126.9875030517578125 133.9812469482421875 141.15625 149.493743896484375 158.256256103515625 166.4875030517578125 176.100006103515625 186.100006103515625 196.431243896484375 201.7312469482421875 206.5625 210.368743896484375 213.53125 216.1750030517578125 216.3562469482421875 216.65625 215.131256103515625 216.5625 221.6750030517578125 230.2624969482421875 242.28125 254.556243896484375 265.881256103515625 277.40625 286.337493896484375 293.23748779296875 300.993743896484375 309.29376220703125 317.337493896484375 325.25 330.625 335.725006103515625 339.225006103515625 338.524993896484375 334.04998779296875 329.125 327.51251220703125 330.17498779296875 338.09375 353.837493896484375
110.56874847412109375 109.6999969482421875 112.41249847412109375 116.09375 120.71875 126.33750152587890625 132.600006103515625 139.40625 147.71875 157.0812530517578125 166.3937530517578125 177.662506103515625 189.225006103515625 201.1437530517578125 208.2062530517578125 213.5437469482421875 219.1875 224.5 227.681243896484375 227.5749969482421875 227.28125 227 228.90625 233.493743896484375 240.6687469482421875 250.912506103515625 261.35626220703125 271.03125 281.212493896484375 289.175018310546875 297.181243896484375 305.21875 313.01251220703125 321.75 329.25 335.48126220703125 339.806243896484375 344.493743896484375 342.524993896484375 338.568756103515625 338.181243896484375 339.743743896484375 342.693756103515625 352.337493896484375 362.10626220703125
115.1999969482421875 113.0124969482421875 114.21875 116.96250152587890625 120.28749847412109375 125.7687530517578125 131.6812591552734375 138.3375091552734375 146.9812469482421875 156.4875030517578125 167.431243896484375 180.3000030517578125 193.84375 206.181243896484375 214.100006103515625 221.6125030517578125 228.975006103515625 235.368743896484375 239.993743896484375 239.7937469482421875 239.0625 238.2687530517578125 239.6062469482421875 243.7375030517578125 250.056243896484375 259.1875 267.98748779296875 276.79376220703125 285.725006103515625 293.337493896484375 301.26251220703125 309.712493896484375 319.225006103515625 328.70623779296875 337.11248779296875 341.70001220703125 346.71875 352.518768310546875 350.618743896484375 346.368743896484375 347.90625 353.61248779296875 358.818756103515625 365.09375 374.76873779296875
119.40625 116.25624847412109375 116.6687469482421875 118.53749847412109375 120.7312469482421875 125.5500030517578125 131.306243896484375 137.1812591552734375 145.96875 156.431243896484375 167.8625030517578125 182.15625 197.306243896484375 211.6875 220.9812469482421875 230.4250030517578125 237.256256103515625 243.1999969482421875 247.618743896484375 249.0812530517578125 248.90625 248.8562469482421875 249.2624969482421875 253.2624969482421875 259.4375 267.037506103515625 274.36248779296875 282.181243896484375 290.399993896484375 298.89373779296875 307.100006103515625 315.3125 325.54998779296875 335.42498779296875 344.8125 350.024993896484375 355.64373779296875 360.70623779296875 358.84375 359.23748779296875 364.79376220703125 371.70623779296875 377.725006103515625 385.67498779296875 397.368743896484375
129.7062530517578125 126.4375 126.1125030517578125 126.59375 127.28749847412109375 131.1374969482421875 135.475006103515625 140.649993896484375 149.193756103515625 159.4812469482421875 171.743743896484375 186.7375030517578125 203.75 219.9562530517578125 230.537506103515625 239.537506103515625 246.7687530517578125 252.850006103515625 255.8312530517578125 257.61248779296875 258.4375 258.106231689453125 258.462493896484375 261.375 266.743743896484375 273.29376220703125 279.66876220703125 287.59375 295.462493896484375 303.61248779296875 312.806243896484375 321.17498779296875 331.587493896484375 343.306243896484375 354.493743896484375 361.818756103515625 367.943756103515625 372.01251220703125 371.71875 377.73748779296875 384.76873779296875 392.70623779296875 401.6875 412.91876220703125 432.443756103515625
141.225006103515625 137.4875030517578125 136.0625 135.53125 134.9187469482421875 137.2375030517578125 140.506256103515625 144.743743896484375 151.806243896484375 161.556243896484375 173.943756103515625 191.09375 210.5 228.0124969482421875 239.631256103515625 249.2624969482421875 256.899993896484375 262.006256103515625 264.537506103515625 266.181243896484375 266.33123779296875 265.57501220703125 266.14373779296875 268.14373779296875 272.631256103515625 278.125 284.29376220703125 291.381256103515625 299.54998779296875 308.92498779296875 318.75 328.01251220703125 340.537506103515625 352.975006103515625 364.024993896484375 372.92498779296875 379.649993896484375 384.95001220703125 387.88751220703125 395 402.25 412.256256103515625 426.087493896484375 440.524993896484375 462.15625
152.868743896484375 149.306243896484375 146.9562530517578125 144.625 143.1437530517578125 144.399993896484375 145.8937530517578125 148.5500030517578125 154.1750030517578125 162.850006103515625 176.0625 196.1875 218.4499969482421875 237.75 249.568756103515625 259.368743896484375 266.48748779296875 270.38751220703125 273.21875 273.881256103515625 274.412506103515625 272.681243896484375 272.306243896484375 272.868743896484375 276.818756103515625 280.806243896484375 287.381256103515625 294.943756103515625 303.162506103515625 313.600006103515625 323.475006103515625 335.10626220703125 348.493743896484375 362.524993896484375 374.53125 382.90625 389.54376220703125 399.09375 404.556243896484375 409.9375 418.024993896484375 427.6875 441.89373779296875 457.64373779296875 476.693756103515625
167.118743896484375 163.806243896484375 160.962493896484375 157.881256103515625 155.493743896484375 156.0749969482421875 156.3249969482421875 157.212493896484375 161.0625 168.506256103515625 182.368743896484375 203.9812469482421875 227.8249969482421875 247.9499969482421875 259.806243896484375 269.375 276.962493896484375 279.89373779296875 280.40625 281.181243896484375 280.46875 278.98748779296875 277.100006103515625 277.39373779296875 279.20001220703125 282.29998779296875 288.63751220703125 297.26873779296875 305.45001220703125 315.9375 327.40625 339.88751220703125 354.92498779296875 370.08123779296875 381.631256103515625 389.100006103515625 399.243743896484375 406.818756103515625 411.73748779296875 419.225006103515625 428.993743896484375 437.193756103515625 448.431243896484375 464.01873779296875 478.399993896484375
182.4812469482421875 179.243743896484375 175.618743896484375 173.162506103515625 170.15625 169.59375 168.6374969482421875 167.899993896484375 169.3249969482421875 171.9375 188.7687530517578125 215.4499969482421875 238.2687530517578125 256.1875 268.943756103515625 278.48748779296875 286.024993896484375 288.08123779296875 288.76873779296875 287.806243896484375 285.537506103515625 282.61248779296875 280.14373779296875 279.45001220703125 279.92498779296875 282.600006103515625 288.90625 297.03125 306.16876220703125 317.399993896484375 329.79376220703125 342.975006103515625 359.875 376.024993896484375 389.3125 399.04376220703125 406.76873779296875 413.912506103515625 419.26873779296875 425.70623779296875 433.368743896484375 441.818756103515625 452.350006103515625 465.71875 477.51873779296875
197.225006103515625 194.21875 190.725006103515625 187.868743896484375 185.2062530517578125 183.8625030517578125 182.53125 181.4875030517578125 183.493743896484375 184.2312469482421875 208.7312469482421875 236.3937530517578125 253.524993896484375 266.850006103515625 278.649993896484375 287.743743896484375 293.475006103515625 295.01873779296875 293.850006103515625 291.23748779296875 288.181243896484375 283.90625 281.26251220703125 279.693756103515625 279.868743896484375 282.006256103515625 287.98748779296875 296.53125 305.91876220703125 318.83123779296875 330.70623779296875 344.88751220703125 362.36248779296875 380 393.71875 404.081268310546875 411.78125 419.125 424.375 429.537506103515625 435.11248779296875 442.95001220703125 450.774993896484375 460.95623779296875 471.318756103515625
208.3562469482421875 205 201.756256103515625 200.243743896484375 197.9499969482421875 197.743743896484375 198.5812530517578125 200.431243896484375 207.2062530517578125 222.806243896484375 251.3625030517578125 264.0625 272.899993896484375 282.29998779296875 291.39373779296875 297.125 301.181243896484375 300.29998779296875 296.693756103515625 292.63751220703125 287.212493896484375 281.912506103515625 279.5625 277.51873779296875 277.75 280.9375 286.88751220703125 295.131256103515625 304.693756103515625 316.875 329.86248779296875 342.743743896484375 358.287506103515625 374.399993896484375 390.225006103515625 399.79998779296875 406.29376220703125 414.25 418.14373779296875 420.0625 425.10626220703125 430.5 437.29376220703125 445.381256103515625 453.524993896484375
219.1875 215.8562469482421875 213.46875 211.912506103515625 210.681243896484375 212.25 214.568756103515625 220.131256103515625 230.556243896484375 247.75 267.431243896484375 280.76873779296875 290.48748779296875 298.11248779296875 304.13751220703125 308.08123779296875 309.649993896484375 306.337493896484375 300.14373779296875 294.48126220703125 285.431243896484375 278.649993896484375 274.787506103515625 273.100006103515625 275.28125 278.774993896484375 285.193756103515625 293.399993896484375 303 314.556243896484375 326.01873779296875 340.17498779296875 356.743743896484375 370.850006103515625 383.17498779296875 392.40625 398.14373779296875 403.899993896484375 407.774993896484375 408.15625 411.368743896484375 416.01873779296875 420.92498779296875 425.649993896484375 432.64373779296875
