data/historical-monthly-weather-data/wc2.1_cruts4.09_10m_prec_2004-12.asc
ncols        51
nrows        45
xllcorner    -63.500000000000
yllcorner    -7.500000000000
cellsize     0.166666666667
NODATA_value -9999
[rows 0 to 19 of 45, columns 0 to 43 of 51]
87.5625 83.28125 78.125 74.1437530517578125 69.7062530517578125 66.34375 62.84999847412109375 59.200000762939453125 57.137500762939453125 55.512500762939453125 55.02500152587890625 55.88124847412109375 57.375 58.46875 61.16249847412109375 64.1437530517578125 67.34375 69.8625030517578125 73.1374969482421875 76.2687530517578125 78.59375 80.46250152587890625 82.5 85.25624847412109375 88.15625 91.125 96.00624847412109375 101.3937530517578125 107.0812530517578125 113.03749847412109375 118.59999847412109375 124.9375 130.0749969482421875 134.8937530517578125 139.318756103515625 143.850006103515625 146.8249969482421875 149.375 149.4812469482421875 149.71875 149.399993896484375 147.84375 146.162506103515625 143.5749969482421875
89.15000152587890625 85.16249847412109375 81.56874847412109375 78.5124969482421875 75.3625030517578125 71.7062530517578125 67.7624969482421875 64.9187469482421875 63.44374847412109375 62.03125 61.206249237060546875 61.612499237060546875 62.84375 64.05625152587890625 66.50624847412109375 69.3562469482421875 72.56874847412109375 76.5812530517578125 81.0500030517578125 85.96875 88.41249847412109375 90.31874847412109375 92.83750152587890625 95.53125 98.3000030517578125 101.15625 105.65000152587890625 110.3562469482421875 115.41249847412109375 121.5 126.9812469482421875 133.2937469482421875 137.662506103515625 142.6687469482421875 148.0187530517578125 151.149993896484375 156.225006103515625 159.8125 159.350006103515625 159.149993896484375 158.46875 156.4875030517578125 154.4187469482421875 150.2375030517578125
90.61875152587890625 87.4875030517578125 84.875 82.4812469482421875 80.11875152587890625 76.8625030517578125 73.96875 71.9499969482421875 70.8874969482421875 69.6687469482421875 68.53749847412109375 68.8249969482421875 70.0124969482421875 71.15625 73.66249847412109375 76.22499847412109375 79.4375 83.0500030517578125 87.2624969482421875 91.5812530517578125 93.8937530517578125 96.0749969482421875 98.5437469482421875 101.03125 103.71875 107.2062530517578125 111.6125030517578125 116.0187530517578125 121.17499542236328125 126.3312530517578125 132.0187530517578125 138.318756103515625 144.46875 148.975006103515625 154.381256103515625 159.462493896484375 164.125 167.9875030517578125 168.1437530517578125 167.587493896484375 166.21875 163.2312469482421875 159.3937530517578125 155.850006103515625
91.27500152587890625 89.4187469482421875 88.3000030517578125 86.2062530517578125 84.80625152587890625 82.4499969482421875 80.49375152587890625 79.2375030517578125 78.58750152587890625 78.0437469482421875 77.0124969482421875 77.2624969482421875 77.9499969482421875 79.02500152587890625 81.3125 84.08750152587890625 87.11875152587890625 89.4875030517578125 92.9250030517578125 97.21250152587890625 99.4812469482421875 101.3625030517578125 102.93125152587890625 105.59375 108.08750152587890625 111.88124847412109375 116.3249969482421875 120.21250152587890625 125.4875030517578125 131.28125 136.662506103515625 142.193756103515625 149.1687469482421875 155.5187530517578125 161.125 166.568756103515625 171.1999969482421875 175.8625030517578125 176.75 175.6125030517578125 173 169.0187530517578125 164.212493896484375 160.2624969482421875
96.08750152587890625 92.8562469482421875 90.61875152587890625 89.875 89.5124969482421875 88.30625152587890625 86.93125152587890625 86.2624969482421875 86.6687469482421875 86.7312469482421875 85.4875030517578125 85.30625152587890625 86.22499847412109375 87.3562469482421875 89.47499847412109375 92.1062469482421875 94.7375030517578125 96.34999847412109375 99.0749969482421875 102.99375152587890625 105.0500030517578125 105.9875030517578125 107.15625 109.72499847412109375 112.28749847412109375 116.19374847412109375 119.6437530517578125 123.4875030517578125 128.587493896484375 134.6750030517578125 140.4499969482421875 145.649993896484375 152.5500030517578125 159.59375 165.975006103515625 172.5625 178.912506103515625 183.899993896484375 184.462493896484375 182.568756103515625 179.1999969482421875 173.993743896484375 168.6875 162.8125
101.3000030517578125 98.6687469482421875 95.7687530517578125 93.34375 93.4875030517578125 93.3874969482421875 92.7062530517578125 91.9562530517578125 92.25624847412109375 92.4250030517578125 91.3625030517578125 91.65625 93.11875152587890625 94.4812469482421875 97.09375 99.72499847412109375 102.40625 102.90000152587890625 105.625 108.22499847412109375 109.125 110.1687469482421875 110.8249969482421875 113.0812530517578125 115.46875 118.44374847412109375 122.5812530517578125 126.2312469482421875 130.506256103515625 136.3937530517578125 142.3937530517578125 148.4562530517578125 153.8874969482421875 159.9187469482421875 168.1750030517578125 175.4499969482421875 182.0749969482421875 189.087493896484375 189.287506103515625 185.2312469482421875 178.59375 172.7624969482421875 165.6875 160.125
107.88124847412109375 105.44374847412109375 102.6062469482421875 99.74375152587890625 98.46875 97.7624969482421875 97.3312530517578125 96.46875 96.11875152587890625 95.45000457763671875 95.94374847412109375 97.27500152587890625 99.90625 101.7624969482421875 104.4812469482421875 107.46250152587890625 110.7937469482421875 112.49375152587890625 114.3874969482421875 114.79999542236328125 114.1437530517578125 114.4812469482421875 114.33750152587890625 115.7312469482421875 118.24375152587890625 120.4562530517578125 123.84375 128.2937469482421875 132.3625030517578125 137.6374969482421875 143.4250030517578125 149.25 155.3937530517578125 161.09375 168.0437469482421875 175.3312530517578125 183.3312530517578125 190.662506103515625 192.1374969482421875 185.6750030517578125 176.5124969482421875 168.787506103515625 161.8874969482421875 155.2624969482421875
114.7687530517578125 112.30625152587890625 109.6875 107.75 106.52500152587890625 104.77500152587890625 102.5500030517578125 99.79999542236328125 98.03125 98.25624847412109375 100.43125152587890625 103.6374969482421875 106.69374847412109375 109.90625 112.40000152587890625 115.5 118.65000152587890625 120.91249847412109375 122.2375030517578125 119.78125 117.9812469482421875 116.96875 116.25 116.96250152587890625 119.5437469482421875 122.0187530517578125 124.7937469482421875 128.631256103515625 133.6062469482421875 139.1062469482421875 143.6062469482421875 149.03125 155.368743896484375 160.8125 168.1374969482421875 174.056243896484375 181.875 188.3249969482421875 186.8000030517578125 180.006256103515625 171.3312530517578125 163.1750030517578125 155.8625030517578125 148.7937469482421875
122.3874969482421875 120.06874847412109375 117.81874847412109375 116.0437469482421875 114.4250030517578125 112.8562469482421875 110.38124847412109375 106.875 103.41249847412109375 102.69374847412109375 106.06874847412109375 110.3312530517578125 114.1999969482421875 117.3249969482421875 119.03125 120.8874969482421875 122.94374847412109375 124.71250152587890625 125.4812469482421875 122.2375030517578125 118.9375 117.5812530517578125 116.96250152587890625 118.78125 120.77500152587890625 122.8312530517578125 125.31874847412109375 129.0749969482421875 133.131256103515625 137.59375 142.625 146.7687530517578125 152.5124969482421875 158.65625 164.943756103515625 170.2937469482421875 175.6062469482421875 179.5187530517578125 175.875 169.431243896484375 160.4187469482421875 152.649993896484375 146.162506103515625 139.7624969482421875
129.4562530517578125 127.56874847412109375 125.7375030517578125 124.52500152587890625 122.96875 121.41249847412109375 119.1750030517578125 116.1750030517578125 114.2375030517578125 113.7062530517578125 115.55625152587890625 118.4812469482421875 122.72499847412109375 124.9562530517578125 125.5812530517578125 125.6125030517578125 125.6125030517578125 125.3874969482421875 124.4812469482421875 121.83750152587890625 118.9875030517578125 117.47499847412109375 116.99375152587890625 119.2624969482421875 120.9562530517578125 122.7375030517578125 125.11875152587890625 128.3000030517578125 132.212493896484375 136.024993896484375 139.53125 143.1062469482421875 148.3874969482421875 153.8312530517578125 160.1374969482421875 165.412506103515625 168.899993896484375 170.975006103515625 165.1374969482421875 157.7937469482421875 149.53125 142.65625 135.40625 129.2375030517578125
137.5812530517578125 135.6875 133.6999969482421875 132.1125030517578125 131.3562469482421875 130.756256103515625 129.0749969482421875 126.1062469482421875 124.5187530517578125 124.51250457763671875 125.8937530517578125 128.6125030517578125 131.53125 133.399993896484375 131.818756103515625 129.8874969482421875 127.58750152587890625 125.84375 123.4499969482421875 120.52500152587890625 118.80625152587890625 117.4250030517578125 117.125 118.05625152587890625 121.3874969482421875 123.25 124.8000030517578125 126.58750152587890625 128.8874969482421875 132.068756103515625 134.975006103515625 138.4875030517578125 143.681243896484375 149.131256103515625 154.8249969482421875 158.256256103515625 160.6374969482421875 161.5124969482421875 155.868743896484375 147.65625 139.149993896484375 132.006256103515625 125.4375 119.7687530517578125
145.149993896484375 142.8937530517578125 141.1125030517578125 140.149993896484375 139.506256103515625 139.34375 138.6062469482421875 136.28125 135.0500030517578125 135.7312469482421875 137.2312469482421875 139.1999969482421875 139.6062469482421875 139.65625 137.375 133.9250030517578125 130.65625 127.3625030517578125 124.2062530517578125 121.22499847412109375 118.8625030517578125 117.83750152587890625 118.40000152587890625 119.77500152587890625 122.53749847412109375 124.11875152587890625 124.4187469482421875 124.7624969482421875 125.55625152587890625 127.96875 130.2062530517578125 133.2375030517578125 138.274993896484375 144.0187530517578125 149.6750030517578125 151.850006103515625 152.587493896484375 152.3000030517578125 145.712493896484375 137.381256103515625 128.7687530517578125 121.74375152587890625 115.13124847412109375 109.3625030517578125
152.5625 150.40625 148.9375 147.7624969482421875 147.4875030517578125 147.193756103515625 146.462493896484375 145.3562469482421875 144.875 146.274993896484375 148.0812530517578125 148.8625030517578125 147.625 145.0187530517578125 142.149993896484375 138.131256103515625 133.9562530517578125 130.3874969482421875 126.55625152587890625 122.5500030517578125 118.7375030517578125 118.15000152587890625 119.7687530517578125 121.4875030517578125 122.75 123.18125152587890625 122.7687530517578125 122.5187530517578125 122.5625 123.31874847412109375 124.74375152587890625 126.91249847412109375 131.631256103515625 137.618743896484375 143.2750091552734375 144.850006103515625 144.8000030517578125 143.287506103515625 136.0812530517578125 126.84999847412109375 117.7937469482421875 111.41249847412109375 104.21250152587890625 96.6374969482421875
158.9499969482421875 156.6999969482421875 155.193756103515625 154.3249969482421875 153.75 153.681243896484375 153.25 153.53125 154.5625 155.837493896484375 156.65625 155.850006103515625 153.8625030517578125 150.5 146.162506103515625 142.6125030517578125 137.8937530517578125 133.4562530517578125 129.0749969482421875 124.90000152587890625 121.7375030517578125 120.6750030517578125 121.21875 121.9187469482421875 122.5 122.56874847412109375 121.8312530517578125 119.86875152587890625 118.4250030517578125 118.19374847412109375 118.78749847412109375 120.0187530517578125 125.03749847412109375 130.8625030517578125 136.9562530517578125 137.5187530517578125 136.7062530517578125 135.068756103515625 128.1750030517578125 119.5187530517578125 108.6687469482421875 99.71250152587890625 92.06874847412109375 86.03749847412109375
163.899993896484375 161.5749969482421875 160.6062469482421875 159.78125 159.59375 159.6374969482421875 160.3625030517578125 161.0812530517578125 162.1687469482421875 163.024993896484375 163.6062469482421875 162.3625030517578125 159.506256103515625 156.149993896484375 151.506256103515625 147.806243896484375 142.5187530517578125 137.7125091552734375 133.0437469482421875 129.587493896484375 126.38124847412109375 124.71250152587890625 123.8874969482421875 123.46875 123.30625152587890625 122.5187530517578125 120.83750152587890625 118.2312469482421875 115.6437530517578125 113.7624969482421875 113 114.0124969482421875 119.03749847412109375 125.3249969482421875 131.631256103515625 130.5 129.5124969482421875 128.59375 123.7687530517578125 114.72499847412109375 102.91249847412109375 93.6687469482421875 85.86875152587890625 79.7687530517578125
167.524993896484375 165.5437469482421875 164.9499969482421875 164.9187469482421875 164.9562530517578125 165.7062530517578125 166.7375030517578125 167.1374969482421875 168.3125 170.0124969482421875 170.2624969482421875 168.3125 165.243743896484375 161.5500030517578125 157.225006103515625 152.100006103515625 146.7624969482421875 142.4812469482421875 137.712493896484375 133.9499969482421875 131.1062469482421875 128.6125030517578125 126.97499847412109375 125.41249847412109375 124.4812469482421875 123.625 121.00624847412109375 117.30625152587890625 113.1374969482421875 109.50624847412109375 107.56874847412109375 107.3312530517578125 111.3937530517578125 117.4375 122.97499847412109375 121.6437530517578125 120.90000152587890625 120.83750152587890625 118.1750030517578125 109.7687530517578125 97.9499969482421875 88.18125152587890625 79.75 72.28749847412109375
170.5500030517578125 169.024993896484375 167.8874969482421875 168.53125 169.431243896484375 170.15625 171.8625030517578125 173.5187530517578125 175.3562469482421875 176.5749969482421875 176.8000030517578125 174.087493896484375 170.6312408447265625 166.6125030517578125 162.431243896484375 157 150.375 146.125 142.2312469482421875 138.3625030517578125 135.3249969482421875 132.5124969482421875 130.256256103515625 127.625 126.05625152587890625 124.96250152587890625 122.0625 116.8125 110.03749847412109375 104.9375 101.8874969482421875 101.3562469482421875 104.09375 107.5749969482421875 111.3874969482421875 110.3249969482421875 110.7937469482421875 113.5124969482421875 115.7062530517578125 105.2624969482421875 92.13124847412109375 81.86875152587890625 72.46875 65.6750030517578125
172.0500030517578125 170.9499969482421875 170.25 171.375 172.625 174.381256103515625 176.131256103515625 177.5437469482421875 179.46875 181.625 182.568756103515625 179.9250030517578125 175.9187469482421875 172.006256103515625 167.4499969482421875 161.725006103515625 155.181243896484375 148.8125 146.381256103515625 142.6750030517578125 139.8562469482421875 136.587493896484375 133.493743896484375 130.443756103515625 128.1875 126.6062469482421875 124.23749542236328125 116.84375 107.69374847412109375 100.63124847412109375 96.29999542236328125 94.98749542236328125 97.77500152587890625 101.03749847412109375 101.86875152587890625 96.46875 100.71875 105.3312530517578125 105.50624847412109375 97.6687469482421875 85.46250152587890625 75.875 67.7312469482421875 61.625
172.399993896484375 171.649993896484375 171.881256103515625 173.3562469482421875 175.09375 177.350006103515625 179.2937469482421875 181.7375030517578125 184.21875 186.725006103515625 187.131256103515625 184.0187530517578125 180.881256103515625 177.6999969482421875 172.6374969482421875 166.556243896484375 160.09375 153.6750030517578125 148.881256103515625 145.7937469482421875 143.6687469482421875 141.46875 136.15625 132.9250030517578125 130.4562530517578125 128.024993896484375 124.1875 116.7687530517578125 106.80625152587890625 97.90625 91.4562530517578125 92.18125152587890625 96.02500152587890625 98.1750030517578125 97.80625152587890625 93.9499969482421875 95.3562469482421875 96.4250030517578125 94.97499847412109375 88 78.09999847412109375 69.94374847412109375 62.924999237060546875 57.72499847412109375
172.068756103515625 171.9375 172.1687469482421875 174.087493896484375 176.6437530517578125 179.9375 182.84375 185.7312469482421875 188.9187469482421875 190.806243896484375 191.806243896484375 190.0187530517578125 187.412506103515625 183.5437469482421875 177.4499969482421875 170.03125 162.9250030517578125 157.693756103515625 153.1687469482421875 149.6875 145.84375 141.875 138.524993896484375 135.162506103515625 132.006256103515625 128.5749969482421875 124.0437469482421875 117.6125030517578125 108.28125 99.4499969482421875 94.09999847412109375 94.90000152587890625 97.2937469482421875 99.6437530517578125 100.86875152587890625 96.5124969482421875 94.03125 91.625 87.78749847412109375 81.00624847412109375 72.19374847412109375 64.38124847412109375 58.78125 54.493747711181640625
