data/historical-monthly-weather-data/wc2.1_cruts4.09_10m_prec_2020-12.asc
ncols        45
nrows        45
xllcorner    -63.500000000000
yllcorner    -7.500000000000
cellsize     0.166666666667
NODATA_value -9999
[rows 0 to 19 of 45, columns 0 to 44 of 45]
370.600006103515625 371.837493896484375 356.8125 344.899993896484375 329.462493896484375 312.625 294.212493896484375 274.45001220703125 257.21875 241.6062469482421875 230.1437530517578125 218.4187469482421875 208.3562469482421875 196.149993896484375 184.9250030517578125 173.931243896484375 163.837493896484375 153.7937469482421875 145.65625 138.21875 135.59375 133.1374969482421875 130.8625030517578125 130.1125030517578125 129.493743896484375 128.806243896484375 130.524993896484375 132.7062530517578125 134.9875030517578125 137.256256103515625 138.8125 141.0749969482421875 141.787506103515625 141.9187469482421875 141.4187469482421875 140.15625 137.0500030517578125 133.3249969482421875 126.75 120.15625 113.11875152587890625 104.99375152587890625 96.8562469482421875 88.65625 83.1687469482421875
377.46875 380.037506103515625 373.04376220703125 366.46875 357.73748779296875 339.48126220703125 318.6875 302.39373779296875 287.506256103515625 272.34375 258.82501220703125 244.243743896484375 232.181243896484375 219.4499969482421875 206.274993896484375 193.743743896484375 182.024993896484375 170.8249969482421875 160.34375 152.118743896484375 148.931243896484375 146.2937469482421875 144.6750030517578125 144.100006103515625 143.65625 143.149993896484375 144.568756103515625 146.087493896484375 147.7624969482421875 150.274993896484375 151.7312469482421875 153.850006103515625 152.6999969482421875 151.8937530517578125 150.993743896484375 146.256256103515625 142.912506103515625 137.8874969482421875 129.1687469482421875 120.69374847412109375 111.93125152587890625 102.4875030517578125 93.21250152587890625 83.28749847412109375 76.4499969482421875
373.600006103515625 378.975006103515625 376.42498779296875 373.125 368.39373779296875 352.5 337.17498779296875 325.01251220703125 312.2874755859375 298.162506103515625 283.462493896484375 268.375 255.8874969482421875 242.53125 228.506256103515625 214.0500030517578125 201.625 190.506256103515625 180.78125 172.537506103515625 169.7312469482421875 168.056243896484375 166.7312469482421875 165.2062530517578125 163.899993896484375 163.6062469482421875 164.337493896484375 164.84375 166.1062469482421875 166.600006103515625 167.4250030517578125 168.506256103515625 167.2687530517578125 163.556243896484375 160.368743896484375 155.6062469482421875 149.8625030517578125 143.1437530517578125 133.225006103515625 122.71875 111.90625 101.2062530517578125 90.4812469482421875 80.63124847412109375 73.0500030517578125
364.66876220703125 374.13751220703125 377.95623779296875 375.975006103515625 375.76873779296875 364.54376220703125 354.16876220703125 345.91876220703125 335.256256103515625 324.36248779296875 310.350006103515625 295.125 280.8125 267.056243896484375 251.318756103515625 236.4375 222.8937530517578125 211.3125 202.7312469482421875 196.993743896484375 195.087493896484375 193.568756103515625 191.149993896484375 189.0562591552734375 186.25 185.5 185.5437469482421875 184.5124969482421875 185.2125091552734375 185.506256103515625 184.8312530517578125 183.5812530517578125 180.962493896484375 176.587493896484375 170.8625030517578125 164.3625030517578125 156.5749969482421875 148.5500030517578125 137.3312530517578125 124.50624847412109375 111.1374969482421875 99.3249969482421875 87.7687530517578125 77.4875030517578125 69.7312469482421875
371.5 374.756256103515625 373.95623779296875 377.837493896484375 382.274993896484375 376.662506103515625 369.431243896484375 364.306243896484375 358.568756103515625 350.412506103515625 336.03125 319.32501220703125 305.9375 292.29998779296875 275.381256103515625 259.29376220703125 244.5187530517578125 234.006256103515625 227.21875 223.8312530517578125 222.537506103515625 219.8000030517578125 216.912506103515625 213.7312469482421875 209.837493896484375 208.3312530517578125 205.931243896484375 204.0625 203.7687530517578125 203.53125 202.149993896484375 199.0124969482421875 193.850006103515625 187.600006103515625 180.0437469482421875 172.662506103515625 164.568756103515625 154.850006103515625 141.5187530517578125 126.2937469482421875 110.78125 97.7312469482421875 85.58750152587890625 74.13124847412109375 66.6875
376.3125 381.4375 378.79998779296875 376.681243896484375 383.693756103515625 383.51873779296875 379.850006103515625 375.112518310546875 369.243743896484375 361.91876220703125 348.66876220703125 333.83123779296875 322.4375 309.64373779296875 295.76251220703125 281.068756103515625 268.125 258.48748779296875 255.7562408447265625 252.8937530517578125 248.9812469482421875 245.8874969482421875 241.34375 236.743743896484375 231.868743896484375 228.024993896484375 226.46875 223.90625 221.818756103515625 219.975006103515625 217.5749969482421875 214.118743896484375 205.193756103515625 195.837493896484375 188.8000030517578125 181.3874969482421875 172.8937530517578125 164.3562469482421875 149.9875030517578125 132.287506103515625 113.78749847412109375 99.8562469482421875 86.3125 74.65625 67.68125152587890625
384.54998779296875 389.96875 388.64373779296875 385.85626220703125 388.01873779296875 386.193756103515625 384.32501220703125 379.95001220703125 372.01873779296875 361.98126220703125 355.162506103515625 344.48126220703125 337.024993896484375 326.193756103515625 314.6875 303.287506103515625 294.462493896484375 292.25 292.25 288.14373779296875 280.0625 274.29376220703125 266.85626220703125 259.725006103515625 254.462493896484375 248.5500030517578125 245.2687530517578125 243.9375 241.068756103515625 236.8874969482421875 232.6125030517578125 227.2062530517578125 217.537506103515625 205.9187469482421875 195.78125 187.9499969482421875 180.6125030517578125 172.100006103515625 158.4812469482421875 138.3625030517578125 117.4812469482421875 101.8562469482421875 87.94374847412109375 75.4250030517578125 68.2624969482421875
392.79998779296875 397.66876220703125 398.01873779296875 399.96875 403.287506103515625 398.28125 390.38751220703125 379.51251220703125 366.875 360.774993896484375 360.48748779296875 356.48748779296875 350.39373779296875 344.087493896484375 334.84375 327 321.03125 325.006256103515625 328.63751220703125 321.01873779296875 309.475006103515625 299.23126220703125 289.375 280.037506103515625 274.57501220703125 268.73748779296875 263.98748779296875 261.399993896484375 260 254.875 246.7937469482421875 239.2312469482421875 228.2687530517578125 214.693756103515625 203.524993896484375 193.881256103515625 186.381256103515625 177.131256103515625 161.125 140.7375030517578125 119.96875 103.6374969482421875 89.0812530517578125 75.9812469482421875 68.55625152587890625
403.756256103515625 409.40625 411.868743896484375 415.256256103515625 417.850006103515625 414.08123779296875 405.868743896484375 392.818756103515625 373.85626220703125 364.100006103515625 367.443756103515625 366.53125 362.36248779296875 356.181243896484375 350.943756103515625 346.89373779296875 344.46875 348.625 351.29998779296875 341.662506103515625 325.537506103515625 314.01251220703125 304.0625 297.318756103515625 290.48126220703125 283.71875 278.631256103515625 276.256256103515625 273.350006103515625 265.59375 257.65625 247.006256103515625 234.431243896484375 221.181243896484375 208.337493896484375 198.881256103515625 189.806243896484375 179.149993896484375 162.274993896484375 143.037506103515625 122.50624847412109375 106.13124847412109375 91.625 78.49375152587890625 71.91249847412109375
411.875 419.17498779296875 423.743743896484375 429.79998779296875 433.29376220703125 430.125 423.368743896484375 412.73126220703125 398.95623779296875 388.95623779296875 385.95001220703125 379.58123779296875 375.725006103515625 367.38751220703125 366.537506103515625 366.04998779296875 365.51873779296875 364.91876220703125 362.475006103515625 353.868743896484375 338.60626220703125 326.29998779296875 316.63751220703125 311.20623779296875 303.78125 296.58123779296875 291.64373779296875 288.53125 285.84375 276.318756103515625 264.82501220703125 252.4875030517578125 238.806243896484375 224.2062530517578125 211.399993896484375 203.087493896484375 193.225006103515625 181.912506103515625 163.9812469482421875 144.931243896484375 125.6687469482421875 109.68125152587890625 94.18125152587890625 80.77500152587890625 75.06874847412109375
421.90625 429.60626220703125 434.20623779296875 439.61248779296875 446.462493896484375 447.01251220703125 442.681243896484375 432.59375 419.568756103515625 410.48748779296875 405.04376220703125 397.850006103515625 389.975006103515625 381.78125 381.86248779296875 384.037506103515625 384.08123779296875 379.662506103515625 372.29376220703125 362.3125 350.0625 338.04998779296875 328.8125 320.07501220703125 317.243743896484375 310.568756103515625 304.15625 298.48748779296875 292.774993896484375 281.850006103515625 268.85626220703125 256.08123779296875 242 227.28125 213.7375030517578125 204.46875 194.8562469482421875 183.649993896484375 167.0812530517578125 148.118743896484375 129.243743896484375 112.81874847412109375 97.4562530517578125 84.00624847412109375 78.46250152587890625
428.29376220703125 435.63751220703125 441.493743896484375 449.462493896484375 457.024993896484375 458.625 457.13751220703125 449 436.149993896484375 428.16876220703125 422.65625 418.443756103515625 409.524993896484375 401.850006103515625 401.381256103515625 400.006256103515625 397.67498779296875 388.29998779296875 378.26251220703125 367.79998779296875 353.9375 343.38751220703125 337.056243896484375 330.375 326.98126220703125 320.462493896484375 311.725006103515625 303.42498779296875 295.04376220703125 283.01251220703125 269.1875 256.04998779296875 242.1687469482421875 228.3562469482421875 215.4187469482421875 206.2937469482421875 196.5124969482421875 185.6125030517578125 169.1374969482421875 151.024993896484375 132.806243896484375 116.5 101.00624847412109375 87.2937469482421875 81.09999847412109375
432.95001220703125 441.443756103515625 448.79376220703125 456.431243896484375 465.42498779296875 466.15625 464.056243896484375 459.34375 447.943756103515625 440.824981689453125 436.07501220703125 435.368743896484375 429.912506103515625 421.774993896484375 420.193756103515625 416.243743896484375 410.475006103515625 399.98748779296875 387.462493896484375 373.76251220703125 355.88751220703125 347.118743896484375 344.443756103515625 339.743743896484375 333.399993896484375 324.931243896484375 315.42498779296875 306.57501220703125 297.274993896484375 282.212493896484375 267.39373779296875 253.3625030517578125 239.649993896484375 226.962493896484375 215.024993896484375 207.131256103515625 198.412506103515625 187.8249969482421875 171.7624969482421875 153.587493896484375 135.6062469482421875 120.1437530517578125 104.0187530517578125 88.5812530517578125 82.21250152587890625
433.70623779296875 442.58123779296875 450.162506103515625 458.868743896484375 467.09375 467.92498779296875 466.21875 465.20623779296875 457.756256103515625 449.51873779296875 442.149993896484375 443.875 444.51251220703125 441.28125 435.649993896484375 432.306243896484375 424.212493896484375 410.65625 396.21875 381.6875 366.23748779296875 356.537506103515625 351.350006103515625 344.98748779296875 337.98748779296875 329.8125 320.51251220703125 308.225006103515625 296.20001220703125 279.556243896484375 263.84375 248.725006103515625 236.475006103515625 224.3937530517578125 214.212493896484375 207.006256103515625 199.524993896484375 190.850006103515625 176.287506103515625 159.6062469482421875 139.850006103515625 121.46250152587890625 104.91249847412109375 90.96875 85.40000152587890625
430.006256103515625 438.975006103515625 447.9375 456.5625 465.475006103515625 466.024993896484375 467.006256103515625 466.92498779296875 461.837493896484375 455.01251220703125 449.66876220703125 453.375 454.931243896484375 454.59375 447.649993896484375 442.92498779296875 432.29998779296875 417.42498779296875 402.08123779296875 389.86248779296875 375.15625 364.67498779296875 356.600006103515625 348.82501220703125 341.6875 332.89373779296875 322.024993896484375 308.931243896484375 294.76873779296875 275.04376220703125 257.212493896484375 242.7687530517578125 231.568756103515625 221.3125 212.65625 205.0812530517578125 199.8000030517578125 194.4375 183.1875 165.6999969482421875 144.125 125.40625 108.8937530517578125 94.99375152587890625 87.7062530517578125
422.26251220703125 432.23126220703125 441.79998779296875 452.16876220703125 461.26251220703125 463.056243896484375 464.1875 463.01251220703125 460.98748779296875 459.84375 456.91876220703125 461.337493896484375 464.92498779296875 465.70623779296875 459.149993896484375 449.23748779296875 437.58123779296875 424.16876220703125 408.46875 395.48748779296875 382.975006103515625 371.23748779296875 362.037506103515625 352.98748779296875 345.743743896484375 338.631256103515625 326.20001220703125 310.98126220703125 293.45623779296875 270.100006103515625 250.537506103515625 234.5187530517578125 222.5625 213.287506103515625 204.9250030517578125 199.431243896484375 197.1999969482421875 195.756256103515625 188.375 171.4187469482421875 149.162506103515625 129.7312469482421875 112.56874847412109375 97.02500152587890625 89.8562469482421875
412.162506103515625 423.33123779296875 431.13751220703125 442.78125 453.61248779296875 454.956268310546875 457.256256103515625 459.46875 462.243743896484375 463.3125 463.806243896484375 468.4375 473.100006103515625 474.850006103515625 468.037506103515625 456.15625 440.024993896484375 426.51251220703125 413.46875 400.399993896484375 388.57501220703125 377.256256103515625 367.71875 357.662506103515625 350.64373779296875 344.868743896484375 332.568756103515625 313.82501220703125 290.0625 263.70623779296875 242.4812469482421875 226.962493896484375 213.6374969482421875 201.2375030517578125 191.9375 189.006256103515625 191.40625 197.3562469482421875 198.9250030517578125 177.9562530517578125 152.6062469482421875 132.2624969482421875 113.66249847412109375 99.0749969482421875 91.6374969482421875
396.23126220703125 408.337493896484375 417.01251220703125 429.475006103515625 441.125 446.11248779296875 449.787506103515625 452.79376220703125 458.96875 466.131256103515625 471.48126220703125 476.006256103515625 478.243743896484375 479.306243896484375 470.881256103515625 457.8125 441.631256103515625 422.381256103515625 413.6875 401.587493896484375 392.16876220703125 381.65625 371.76873779296875 362.662506103515625 355.806243896484375 350.431243896484375 339.91876220703125 315.456268310546875 285.54376220703125 254.8812408447265625 231.3562469482421875 215.462493896484375 205.306243896484375 195.53125 183.53125 173.8562469482421875 184.1437530517578125 194.9562530517578125 193.162506103515625 175.837493896484375 150.743743896484375 130.4375 112.99375152587890625 98.84999847412109375 91.9499969482421875
377.20623779296875 389.8125 400.41876220703125 413.3125 425.962493896484375 433.4375 439 446.41876220703125 457.38751220703125 469.13751220703125 476.29376220703125 478.649993896484375 481.631256103515625 483.256256103515625 472.88751220703125 458.48126220703125 442.412506103515625 423.38751220703125 408.4375 398.53125 393.056243896484375 387.618743896484375 373.756256103515625 366.287506103515625 361.09375 355.131256103515625 341 316.46875 284.35626220703125 249.3937530517578125 221.4250030517578125 211.3937530517578125 206.2375030517578125 196.8937530517578125 184.756256103515625 178.5625 184.774993896484375 190.03125 185.225006103515625 168.600006103515625 146.4812469482421875 127.61875152587890625 111.09999847412109375 97.78749847412109375 92.2624969482421875
356.38751220703125 369.712493896484375 379.837493896484375 393.17498779296875 407.45001220703125 418.818756103515625 428.625 439.243743896484375 455.193756103515625 468.86248779296875 480.35626220703125 485.26251220703125 488.09375 486.5625 473.09375 455 437.1875 421.943756103515625 408.26251220703125 397.91876220703125 389.70623779296875 381.59375 375.225006103515625 369.462493896484375 364.26251220703125 357.29998779296875 341.368743896484375 319.475006103515625 289.131256103515625 254.3562469482421875 229.131256103515625 219.5812530517578125 213.4187469482421875 206.7937469482421875 199.6750030517578125 193.2937469482421875 192.9875030517578125 192.28125 182.4187469482421875 165.34375 144.125 124.77500152587890625 109.91249847412109375 97.5 92.90625
