data/historical-monthly-weather-data/wc2.1_cruts4.09_10m_prec_2014-10.asc
ncols        45
nrows        45
xllcorner    -63.500000000000
yllcorner    -7.500000000000
cellsize     0.166666666667
NODATA_value -9999
[rows 20 to 39 of 45, columns 0 to 43 of 45]
144.9187469482421875 154.6125030517578125 165.0625 175.287506103515625 184.8625030517578125 191.8249969482421875 198.1374969482421875 202.087493896484375 201.7375030517578125 197.743743896484375 191.6437530517578125 183.975006103515625 176.4499969482421875 168.4562530517578125 165.037506103515625 162.3625030517578125 159.162506103515625 158.4187469482421875 161.6687469482421875 164.3249969482421875 169.34375 176.399993896484375 183.6875 189.34375 193.193756103515625 192.4875030517578125 185.006256103515625 171.9499969482421875 159.024993896484375 148.806243896484375 141.462493896484375 140.037506103515625 142.875 148.0749969482421875 153.8249969482421875 149.4499969482421875 144.118743896484375 142.71875 141.71875 140.712493896484375 138.787506103515625 134.8562469482421875 127.9875030517578125 121.15625
136.162506103515625 147.975006103515625 160.1374969482421875 172.0625 183.631256103515625 192.09375 199.25 204.75 205.9875030517578125 201.6374969482421875 194.1999969482421875 185.4187469482421875 177.125 170.193756103515625 166.006256103515625 163.399993896484375 161.6374969482421875 161.5749969482421875 163.787506103515625 166.899993896484375 169.6750030517578125 175.274993896484375 182.3937530517578125 186.4375 188.306243896484375 187.90625 183.631256103515625 175.0500030517578125 166.899993896484375 159.8312530517578125 154.149993896484375 151.8874969482421875 153.806243896484375 158.125 160.5124969482421875 157.8249969482421875 152.287506103515625 148 145.181243896484375 143.5625 141.225006103515625 137.493743896484375 132.493743896484375 126.4187469482421875
129.75 143.6999969482421875 157.3562469482421875 170.556243896484375 182.399993896484375 191.46875 199.75 207.3562469482421875 211.4875030517578125 205.662506103515625 196.9812469482421875 186.6999969482421875 178.90625 173.149993896484375 168.8062591552734375 165.868743896484375 164.1750030517578125 165.274993896484375 167.1875 169.5625 172.875 176.53125 181.3125 184.524993896484375 185.587493896484375 183.4499969482421875 181.350006103515625 178.1687469482421875 172.40625 167.806243896484375 164.693756103515625 163.1999969482421875 163.743743896484375 166.28125 167.006256103515625 163.8000030517578125 158.4499969482421875 152.4562530517578125 148.912506103515625 148.5625 146.912506103515625 143.431243896484375 138.78125 132.8562469482421875
125.46875 140.4250030517578125 155.975006103515625 168.8562469482421875 180.7687530517578125 189.7624969482421875 197.587493896484375 205.625 209.375 204.681243896484375 195.943756103515625 187.2937469482421875 180.350006103515625 175.125 171.9875030517578125 169.556243896484375 168.6374969482421875 169.8125 171.524993896484375 173.506256103515625 176.6875 180.5500030517578125 183.2062530517578125 184.8125 184.3000030517578125 180.381256103515625 176.6875 176.6437530517578125 175.875 173.975006103515625 172.1374969482421875 170.943756103515625 171.4812469482421875 172.6062469482421875 172.9562530517578125 171.0749969482421875 166.600006103515625 160.5437469482421875 157.5812530517578125 156.368743896484375 154.681243896484375 151.3249969482421875 146.412506103515625 140.0749969482421875
125.27500152587890625 139.318756103515625 155.493743896484375 167.4187469482421875 179 187.1875 193.9875030517578125 200.006256103515625 202.506256103515625 200.443756103515625 195.2562408447265625 188.40625 182.78125 178.350006103515625 175.725006103515625 174.412506103515625 173.725006103515625 175.162506103515625 176.912506103515625 179.03125 181.6687469482421875 183.6875 186.5187530517578125 186.8625030517578125 186.068756103515625 184.600006103515625 181.28125 180.600006103515625 180.256256103515625 179.09375 177.493743896484375 175.475006103515625 177.006256103515625 177.7624969482421875 178.381256103515625 176.5812530517578125 174.475006103515625 171.693756103515625 168.556243896484375 167.368743896484375 165.40625 161.462493896484375 156.0500030517578125 150.5625
126.66249847412109375 138.556243896484375 151.6062469482421875 164.5625 175.712493896484375 182.993743896484375 188.9187469482421875 193.9562530517578125 196.8125 197.006256103515625 192.912506103515625 188.6687469482421875 184.21875 180.6999969482421875 179.65625 178.9875030517578125 179.225006103515625 180.556243896484375 182.65625 184.743743896484375 187.1437530517578125 188.600006103515625 190.756256103515625 191.0124969482421875 190.7312469482421875 190.131256103515625 187.9875030517578125 186.118743896484375 185 183.9250030517578125 180.9250030517578125 179.975006103515625 182.056243896484375 182.7687530517578125 184.193756103515625 183.4562530517578125 182.6999969482421875 182.2375030517578125 180.3625030517578125 179.3249969482421875 177.6687469482421875 173.7937469482421875 167.9187469482421875 162.6374969482421875
130.2624969482421875 137.9875030517578125 148.7624969482421875 159.662506103515625 169.375 176.7687530517578125 182.537506103515625 187.6062469482421875 190.2062530517578125 190.681243896484375 190.3000030517578125 188.1437530517578125 185.5500030517578125 183.4812469482421875 182.8625030517578125 183.2937469482421875 183.28125 185.4812469482421875 187.475006103515625 189.443756103515625 191.8874969482421875 193.2062530517578125 194.806243896484375 196.462493896484375 195.625 195.100006103515625 192.524993896484375 190.1999969482421875 188.8312530517578125 187.0500030517578125 185.256256103515625 183.068756103515625 186.0437469482421875 188.15625 189.625 190.3562469482421875 191.037506103515625 191.8125 191.78125 192.756256103515625 192.3000030517578125 189.78125 185.100006103515625 180.0812530517578125
133.462493896484375 138.368743896484375 146.6750030517578125 155.475006103515625 163.412506103515625 170.337493896484375 176.6999969482421875 181.46875 184.34375 186.4187469482421875 187.0749969482421875 186.6687469482421875 186.412506103515625 185.193756103515625 185.78125 186.850006103515625 188.118743896484375 189.6687469482421875 192.1999969482421875 195.037506103515625 196.8125 198.0187530517578125 200.4250030517578125 200.899993896484375 200.100006103515625 199.806243896484375 197.53125 195.068756103515625 192.0437469482421875 189.8187408447265625 187.1999969482421875 185.631256103515625 189.274993896484375 192.2624969482421875 195.7937469482421875 196.96875 198.1125030517578125 201.274993896484375 202.556243896484375 205.875 209.368743896484375 207.4375 201.9562530517578125 199.2062530517578125
136.5187530517578125 139.225006103515625 144.850006103515625 151.8187408447265625 158.149993896484375 164.0625 169.7375030517578125 175.0749969482421875 178.837493896484375 182.462493896484375 185.0124969482421875 186.0625 186.818756103515625 186.8125 188.625 190.28125 192.4499969482421875 194.3562469482421875 196.78125 199.75 201.1374969482421875 202.774993896484375 204.8937530517578125 204.8625030517578125 203.931243896484375 203.8937530517578125 201.381256103515625 198.3625030517578125 196.125 193.0187530517578125 189.306243896484375 187.6687469482421875 191.975006103515625 196.037506103515625 200.475006103515625 203 205.09375 208.3625030517578125 210.256256103515625 214.7624969482421875 220.8874969482421875 219.943756103515625 215.875 217.1999969482421875
139.493743896484375 140.318756103515625 144.068756103515625 148.368743896484375 153.350006103515625 158.125 163.787506103515625 169.6374969482421875 174.6999969482421875 178.625 182.9250030517578125 184.8000030517578125 187.306243896484375 188.8000030517578125 190.806243896484375 193.368743896484375 194.943756103515625 197.9250030517578125 200.118743896484375 201.8312530517578125 203.8812408447265625 205.756256103515625 207.256256103515625 206.287506103515625 205.693756103515625 206.3125 203.3312530517578125 199.725006103515625 196.381256103515625 193.725006103515625 191.4187469482421875 190.2062530517578125 194.6875 199.975006103515625 204.631256103515625 207.5749969482421875 210.03125 214.212493896484375 214.337493896484375 217.2062530517578125 222.743743896484375 227.1062469482421875 227.618743896484375 233.118743896484375
142.006256103515625 140.8000030517578125 143.15625 145.037506103515625 148.6125030517578125 153.962493896484375 159.3562469482421875 165.1687469482421875 170.3625030517578125 174.9875030517578125 180.625 184.350006103515625 188.65625 191.46875 193.1875 195.9187469482421875 198.475006103515625 200.7312469482421875 202.743743896484375 204.78125 206.131256103515625 208.024993896484375 209.537506103515625 208.1062469482421875 207.3062591552734375 206.975006103515625 203.8000030517578125 199.881256103515625 196.1437530517578125 194.024993896484375 193.037506103515625 192.662506103515625 197.5812530517578125 203.6437530517578125 208.962493896484375 211.3937530517578125 214.6374969482421875 219.225006103515625 218.1125030517578125 215.21875 221.21875 230.6999969482421875 237.756256103515625 244.2624969482421875
143.506256103515625 140.712493896484375 140.993743896484375 142.431243896484375 145.756256103515625 149.649993896484375 154.6687469482421875 160.40625 166.0187530517578125 171.618743896484375 177.8125 183.306243896484375 188.2624969482421875 192.84375 196 198.7937469482421875 200.524993896484375 201.8562469482421875 204.90625 206.881256103515625 208.006256103515625 209.5437469482421875 211 208.9375 207.962493896484375 206.8562469482421875 203.3125 199.337493896484375 195.350006103515625 194.4562530517578125 194.3000030517578125 194.318756103515625 199.8937530517578125 207.0187530517578125 212.125 215.34375 219.181243896484375 223.787506103515625 221.3625030517578125 220.225006103515625 227.5187530517578125 239.0124969482421875 247.743743896484375 257.100006103515625
145.743743896484375 142.087493896484375 141.368743896484375 142.1437530517578125 143.587493896484375 146.693756103515625 150.587493896484375 155.149993896484375 160.6125030517578125 166.9187469482421875 176.125 181.993743896484375 188.931243896484375 195.625 198.5749969482421875 200.475006103515625 201.181243896484375 202.712493896484375 205.0500030517578125 206.912506103515625 207.5625 208.6125030517578125 209.2062530517578125 207.5250091552734375 205.9499969482421875 204.3937530517578125 200.8249969482421875 196.5 192.8937530517578125 193.912506103515625 194.8937530517578125 196.256256103515625 200.8000030517578125 208.399993896484375 215.7062530517578125 221.256256103515625 225.243743896484375 228.65625 228.5812530517578125 233.006256103515625 241.131256103515625 251.4499969482421875 261.256256103515625 270.82501220703125
146.9875030517578125 143.350006103515625 142.212493896484375 141.9499969482421875 141.375 143.7375030517578125 146.625 150.2687530517578125 154.8937530517578125 161.712493896484375 170.412506103515625 180 190.274993896484375 196.725006103515625 200.2624969482421875 201.4375 201.8312530517578125 203.4562530517578125 204.46875 206.625 206.71875 206.96875 207.1062469482421875 204.2375030517578125 202.8562469482421875 201.068756103515625 196.975006103515625 192.75 189.8937530517578125 192.0500030517578125 195.056243896484375 198.2437591552734375 204.25 210.8687591552734375 219.5 225.65625 230.006256103515625 234.1999969482421875 237.787506103515625 244.774993896484375 252.118743896484375 262.45001220703125 274.3125 285.20623779296875
148.2375030517578125 144.9187469482421875 142.4499969482421875 141.274993896484375 139.6125030517578125 141.0187530517578125 142.7687530517578125 145.6437530517578125 149 155.5749969482421875 165.412506103515625 177.212493896484375 190.09375 199.5124969482421875 201.100006103515625 201.774993896484375 202.0500030517578125 203.193756103515625 204.225006103515625 205.087493896484375 205.09375 204.4187469482421875 203.9375 200.399993896484375 198.5437469482421875 196.537506103515625 192.9812469482421875 189.618743896484375 187.09375 190.149993896484375 194.212493896484375 199.306243896484375 206.0187530517578125 214.037506103515625 222.0124969482421875 227.6999969482421875 232.7062530517578125 239.9562530517578125 245.65625 252.9937591552734375 261.162506103515625 270.493743896484375 282.649993896484375 293.6875
149.71875 146.493743896484375 144.3937530517578125 142.162506103515625 140.193756103515625 140.787506103515625 140.9875030517578125 142.0812530517578125 144.2312469482421875 149.149993896484375 159.443756103515625 172.600006103515625 187.375 197.5625 200.09375 200.600006103515625 200.462493896484375 201.65625 202.4562530517578125 202.600006103515625 202.318756103515625 201.587493896484375 199.399993896484375 195.9499969482421875 193.5 190.8375091552734375 187.5 184.7312469482421875 182.8000030517578125 187.274993896484375 192.2687530517578125 198.149993896484375 205.337493896484375 214.4187469482421875 221.725006103515625 227.0187530517578125 235.4187469482421875 242.3812408447265625 248.962493896484375 256.4375 265.53125 274.837493896484375 283.10626220703125 294
151.337493896484375 148.412506103515625 146.1437530517578125 143.8312530517578125 141.6437530517578125 140.868743896484375 139.7312469482421875 139.149993896484375 139.681243896484375 141.600006103515625 152.681243896484375 170.09375 183.7312469482421875 192.9562530517578125 196.899993896484375 198.40625 198.1687469482421875 199.2312469482421875 199.2312469482421875 198.6750030517578125 197.7312469482421875 196.2312469482421875 194.399993896484375 190.3125 187.1687469482421875 184.5187530517578125 181.493743896484375 179.350006103515625 178.587493896484375 183.84375 190.25 196.21875 205.1374969482421875 214.4812469482421875 220.943756103515625 228.6125030517578125 236.881256103515625 245.4375 252.21875 259.212493896484375 267.76251220703125 274.26873779296875 282.79998779296875 293.32501220703125
153.0625 150.4875030517578125 148.024993896484375 145.7062530517578125 143.524993896484375 141.8125 140.618743896484375 139.1999969482421875 139.475006103515625 139.2687530517578125 154.4375 171.71875 182.506256103515625 190.90625 194.4562530517578125 196.03125 195.693756103515625 196.1875 196.0500030517578125 194.6125030517578125 192.6687469482421875 189.806243896484375 187.443756103515625 183.100006103515625 180.4562530517578125 177.993743896484375 175.243743896484375 173.837493896484375 173.75 180.181243896484375 186.587493896484375 194.0187530517578125 203.524993896484375 212.5 220.4562530517578125 227.556243896484375 237.1875 245.337493896484375 253.75 261.60626220703125 267.3125 274.20623779296875 279.95623779296875 287.54998779296875
155.318756103515625 152.6999969482421875 150.78125 148.6750030517578125 146.5812530517578125 145.0124969482421875 144 144.431243896484375 146.756256103515625 154.287506103515625 169.787506103515625 178.087493896484375 183.912506103515625 189.868743896484375 193.4875030517578125 195.3000030517578125 195.0875091552734375 194.5812530517578125 192.7937469482421875 191.1062469482421875 187.2062530517578125 183.4187469482421875 180.6750030517578125 176.78125 173.8125 172.3249969482421875 171.181243896484375 171.037506103515625 171.4562530517578125 177.4250030517578125 184.6875 191.6437530517578125 199.8312530517578125 208 217.2624969482421875 225.65625 233.1437530517578125 241.225006103515625 248.9812469482421875 253.1687469482421875 259.20623779296875 264.837493896484375 268.6875 274.693756103515625
158 155.493743896484375 154.03125 152.4187469482421875 150.3125 149.71875 148.975006103515625 150.75 154.600006103515625 162.256256103515625 171.8562469482421875 179.8000030517578125 185.618743896484375 189.9875030517578125 193.524993896484375 194.78125 194.8687591552734375 193.556243896484375 190.306243896484375 186.681243896484375 181.6750030517578125 176.7312469482421875 172.875 169.506256103515625 168.0124969482421875 166.90625 166.8625030517578125 168.1062469482421875 169.625 175.399993896484375 181.6125030517578125 188.962493896484375 198.256256103515625 206.03125 215.212493896484375 222.1062469482421875 228.15625 235.274993896484375 242.4187469482421875 244.337493896484375 248.3125 253.3000030517578125 255.9562530517578125 260.21875
