data/historical-monthly-weather-data/wc2.1_cruts4.09_10m_prec_1987-12.asc
ncols        51
nrows        45
xllcorner    -63.500000000000
yllcorner    -7.500000000000
cellsize     0.166666666667
NODATA_value -9999
[rows 20 to 39 of 45, columns 0 to 43 of 51]
200.256256103515625 200.337493896484375 201.256256103515625 203.306243896484375 206.399993896484375 211.337493896484375 215.962493896484375 220.21875 224.6750030517578125 227.4812469482421875 228.25 227.8125 226.5812530517578125 223.4499969482421875 217.8874969482421875 210.806243896484375 204.006256103515625 199.1125030517578125 196.71875 195.125 198.8249969482421875 203.03125 206.912506103515625 209.4499969482421875 212.9375 215.1062469482421875 212.4250030517578125 204.3249969482421875 193.100006103515625 181.649993896484375 173.0187530517578125 169.6687469482421875 166.3937530517578125 164.462493896484375 162.8249969482421875 160.725006103515625 160.162506103515625 159.7312469482421875 157.2624969482421875 151.1374969482421875 142.087493896484375 132.4875030517578125 124.77500152587890625 117.8874969482421875
198.7437591552734375 198.2937469482421875 200.5124969482421875 204.649993896484375 208.975006103515625 214.3937530517578125 220.1875 225.53125 229.8312530517578125 232.318756103515625 232.1687469482421875 230.837493896484375 228.818756103515625 224.962493896484375 219.774993896484375 213.3937530517578125 207.21875 202.506256103515625 199.024993896484375 196.5124969482421875 197.587493896484375 200.9562530517578125 205.4562530517578125 207.931243896484375 211.7687530517578125 216.75 218.4250030517578125 212.068756103515625 202.375 193.462493896484375 186.287506103515625 182.0437469482421875 177.131256103515625 174.40625 171.556243896484375 168.8000030517578125 168.25 168.25 164.5 156.5500030517578125 147.21875 137.4499969482421875 128.875 121.25
197.993743896484375 199 201.068756103515625 205.443756103515625 211 217.993743896484375 224.1875 230.6687469482421875 236.1687469482421875 237.4875030517578125 236.287506103515625 233.306243896484375 231.131256103515625 227.3312530517578125 221.975006103515625 215.774993896484375 209.506256103515625 204.225006103515625 200.1875 196.2937469482421875 196.212493896484375 198.006256103515625 200.71875 203.318756103515625 208.1875 215.6125030517578125 221.0812530517578125 217.006256103515625 208.9375 202.662506103515625 197.6875 193.931243896484375 188.818756103515625 184.125 179.975006103515625 175.0500030517578125 174.975006103515625 178.0437469482421875 173.6062469482421875 163.7375030517578125 153.2312469482421875 142.65625 133.4250030517578125 125.08750152587890625
199.0437469482421875 199.7375030517578125 201.59375 206.4250030517578125 213.0187530517578125 220.6750030517578125 228.1687469482421875 234.618743896484375 239.475006103515625 239.8625030517578125 238.3249969482421875 235.84375 233.506256103515625 230.125 224.443756103515625 217.993743896484375 211.8312530517578125 206.337493896484375 201.3312530517578125 196.53125 194.3000030517578125 194.2375030517578125 194.693756103515625 197.287506103515625 201.725006103515625 208.5 214.25 214.837493896484375 212.4875030517578125 209.431243896484375 207.4187469482421875 204.412506103515625 200.15625 195.0437469482421875 190.3312530517578125 183.375 182.443756103515625 185.3125 180.649993896484375 170.5 159.25 148.5812530517578125 138.71875 129.71875
202.9375 202.712493896484375 203.7375030517578125 210.5749969482421875 218.875 225.912506103515625 232.693756103515625 237.774993896484375 241.006256103515625 241.931243896484375 240.7687530517578125 238.0187530517578125 235.46875 232.037506103515625 226.6437530517578125 220.412506103515625 214.087493896484375 208.3312530517578125 202.5187530517578125 196.787506103515625 192.7062530517578125 189.868743896484375 188.475006103515625 189.7937469482421875 194.3000030517578125 201.537506103515625 208.0187530517578125 211.8625030517578125 213.4749908447265625 214.4499969482421875 215.462493896484375 214.5 211.337493896484375 206.625 201.15625 195.1999969482421875 193.306243896484375 191.725006103515625 186.149993896484375 177.056243896484375 165.850006103515625 154.975006103515625 144.4187469482421875 135.712493896484375
211.25 213.3249969482421875 214.3625030517578125 220.2937469482421875 226.162506103515625 232.0187530517578125 236.931243896484375 240.662506103515625 242.9250030517578125 243.0500030517578125 241.5749969482421875 239.587493896484375 236.8937530517578125 233.5812530517578125 228.78125 222.875 216.25 210.193756103515625 203.881256103515625 197.3125 192.618743896484375 186.9499969482421875 182.287506103515625 181.337493896484375 187.350006103515625 195.8249969482421875 204.2062530517578125 210.2375030517578125 214.625 218.40625 221.774993896484375 224.537506103515625 223.0187530517578125 218.087493896484375 213.0749969482421875 207.0062408447265625 203.6687469482421875 200.4187469482421875 194.0124969482421875 185.28125 174.1437530517578125 161.556243896484375 149.556243896484375 139.5124969482421875
219.1437530517578125 222.0437469482421875 225.475006103515625 230.8874969482421875 235.537506103515625 239.5124969482421875 241.787506103515625 243.4250030517578125 243.71875 243.8562469482421875 243.40625 241.5 238.59375 235.7312469482421875 231.306243896484375 226.181243896484375 220.15625 214.09375 207.6750030517578125 200.2375030517578125 194.225006103515625 187.212493896484375 180.46875 177.4499969482421875 184.65625 193.3625030517578125 202.368743896484375 209.59375 216.15625 221.431243896484375 227.0812530517578125 231.9875030517578125 232.537506103515625 227.9250030517578125 223.0625 217.806243896484375 213.4250030517578125 209.4562530517578125 202.806243896484375 194.681243896484375 183.8562469482421875 168.75 153.40625 141.71875
227.96875 231.8625030517578125 236.962493896484375 242.337493896484375 245.8874969482421875 247.899993896484375 248.068756103515625 246.90625 245.625 244.537506103515625 243.2375030517578125 241.5812530517578125 240.100006103515625 237.9187469482421875 234.0500030517578125 229.0437469482421875 224.006256103515625 217.881256103515625 211.7624969482421875 204.4562530517578125 198.1374969482421875 191.2312469482421875 186.056243896484375 184.2687530517578125 188.381256103515625 195.162506103515625 202.9812469482421875 209.993743896484375 216.84375 223.0437469482421875 229.2375030517578125 234.412506103515625 235.506256103515625 233.493743896484375 230.3249969482421875 226.0625 222.462493896484375 219.0437469482421875 213.2312469482421875 206.3625030517578125 196.4875030517578125 179.3312530517578125 158.2312469482421875 144.743743896484375
235.53125 240.8874969482421875 247.743743896484375 254.5625 257.162506103515625 255.8000030517578125 253.100006103515625 249.975006103515625 247.2687530517578125 244.6687469482421875 243.34375 242.5 241.3625030517578125 240.1062469482421875 236.4812469482421875 232.993743896484375 228.6687469482421875 223.0749969482421875 217.100006103515625 210.162506103515625 203.8125 197.5124969482421875 193.443756103515625 191.5500030517578125 194.0124969482421875 198.868743896484375 205.4562530517578125 212.0500030517578125 218.806243896484375 224.600006103515625 230.431243896484375 235.243743896484375 236.9375 236.287506103515625 235.225006103515625 232.75 230.8125 228.2062530517578125 222.662506103515625 217.21875 209.8937530517578125 190.274993896484375 167.8562469482421875 155.8937530517578125
242.100006103515625 248.0812530517578125 256.67498779296875 265.375 269.04998779296875 263.087493896484375 256.8125 252.024993896484375 247.850006103515625 244.1875 242.5437469482421875 241.5812530517578125 242.0124969482421875 242.1437530517578125 239.725006103515625 236.59375 233.475006103515625 229.912506103515625 224.587493896484375 217.6750030517578125 211.0500030517578125 205.21875 200.6687469482421875 199.024993896484375 200.556243896484375 204.181243896484375 208.693756103515625 214.899993896484375 220.7375030517578125 226.100006103515625 231.3562469482421875 235.649993896484375 238.1687469482421875 238.4250030517578125 238.4875030517578125 236.962493896484375 236.2062530517578125 234.4812469482421875 229.850006103515625 224.5500030517578125 216.649993896484375 201.337493896484375 183.162506103515625 171.8249969482421875
246.3874969482421875 252.7062530517578125 260.76873779296875 269.743743896484375 272.61248779296875 264.5 257.04376220703125 250.712493896484375 245.5500030517578125 242.625 240.993743896484375 240.8937530517578125 242.3000030517578125 243.0999908447265625 241.5 239.912506103515625 238.806243896484375 235.412506103515625 231.7624969482421875 225.34375 218.40625 212.412506103515625 208.068756103515625 206.068756103515625 206.443756103515625 208.693756103515625 212.506256103515625 217.75 222.837493896484375 228.0187530517578125 232.59375 236.3937530517578125 238.725006103515625 240.037506103515625 240.693756103515625 240.59375 241.2375030517578125 240.693756103515625 236.306243896484375 230.375 224.03125 212.2624969482421875 198.4375 185.649993896484375
249.181243896484375 254.0500030517578125 260.10626220703125 264.51873779296875 264.48748779296875 259.15625 252.78125 246.149993896484375 241.6875 238.65625 237.743743896484375 239.125 241.806243896484375 243.59375 243.943756103515625 243.681243896484375 242.0812530517578125 238.975006103515625 235.5625 230.1750030517578125 224.193756103515625 218.5187530517578125 213.7937469482421875 211.5 212.2375030517578125 213.412506103515625 216.1125030517578125 220.649993896484375 225.3000030517578125 230.087493896484375 234.068756103515625 237.5124969482421875 238.8625030517578125 240.5 242.131256103515625 243.943756103515625 244.962493896484375 245.024993896484375 241.5187530517578125 236.912506103515625 233.6999969482421875 225.7687530517578125 216.2312469482421875 206.6125030517578125
251.568756103515625 253.6125030517578125 256 258.256256103515625 257.28125 252.431243896484375 245.8874969482421875 239.318756103515625 235.09375 233.118743896484375 235.0749969482421875 237.649993896484375 242.0124969482421875 246.399993896484375 247.375 247.15625 245.46875 243.3000030517578125 238.7062530517578125 233.9562530517578125 228.8562469482421875 224.2687530517578125 219.9812469482421875 217.493743896484375 217.774993896484375 219.0500030517578125 221.243743896484375 224.118743896484375 228.4562530517578125 232.1750030517578125 235.8562469482421875 238.75 240.056243896484375 241.412506103515625 243.068756103515625 244.90625 246.368743896484375 247.1437530517578125 244.693756103515625 244.15625 242.743743896484375 238.6062469482421875 234.993743896484375 233.3874969482421875
252.8562469482421875 252.4875030517578125 253.0374908447265625 252.5625 249.443756103515625 244.381256103515625 238.4187469482421875 232.037506103515625 227.850006103515625 226.381256103515625 228.912506103515625 235.399993896484375 242.462493896484375 247.587493896484375 249.912506103515625 250.0625 249.375 247.2062530517578125 242.2312469482421875 237.649993896484375 233.243743896484375 228.90625 224.7375030517578125 222.556243896484375 222.2312469482421875 223.1125030517578125 225.399993896484375 228.1437530517578125 232.125 234.5500030517578125 237.2687530517578125 240.0124969482421875 241.056243896484375 242.2624969482421875 243.274993896484375 244.868743896484375 246.993743896484375 247.274993896484375 247.78125 249.5124969482421875 250.7062530517578125 250.21875 251.3312530517578125 255.756256103515625
253.256256103515625 251.6062469482421875 250.2937469482421875 247.4499969482421875 243.3937530517578125 237.556243896484375 230.943756103515625 224.337493896484375 219.1374969482421875 218.2624969482421875 223.037506103515625 232.350006103515625 243.25 251.4499969482421875 254.412506103515625 254.975006103515625 253.931243896484375 251.1125030517578125 246.6750030517578125 241 237.5749969482421875 232.90625 229.756256103515625 227.2437591552734375 226.25 227.0187530517578125 228.9250030517578125 231.756256103515625 235.1624908447265625 236.90625 238.9875030517578125 241.0124969482421875 241.962493896484375 243.1374969482421875 243.7375030517578125 244.53125 245.8562469482421875 247.962493896484375 250.368743896484375 252.693756103515625 255.9499969482421875 257.78125 261.475006103515625 267.89373779296875
254.3062591552734375 251.5812530517578125 248.65625 244.71875 239.40625 233.212493896484375 225.462493896484375 217.4875030517578125 210.993743896484375 208.524993896484375 215.381256103515625 229.287506103515625 244.6125030517578125 255 259.15625 260.212493896484375 259.100006103515625 255.943756103515625 250.4875030517578125 244.3125 240.65625 237.21875 233.4375 231.15625 230.71875 231.131256103515625 233.1374969482421875 235.6062469482421875 238.475006103515625 240.03125 241.818756103515625 242.8312530517578125 243.662506103515625 243.9187469482421875 243.868743896484375 243.618743896484375 245.8312530517578125 247.59375 249.6437530517578125 252.3000030517578125 255.75 259.162506103515625 262.806243896484375 268.71875
255.0625 251.6687469482421875 247.9812469482421875 243.625 238.1687469482421875 231.8125 224.3562469482421875 215.024993896484375 205.5187530517578125 198.15625 209.5187530517578125 232.568756103515625 249.21875 259.350006103515625 264.16876220703125 265.462493896484375 264.73748779296875 260.712493896484375 255.25 248.681243896484375 244.4187469482421875 240.3937530517578125 236.6062469482421875 234.5500030517578125 233.899993896484375 234.662506103515625 236.149993896484375 239.3000030517578125 242.46875 243.625 244.53125 244.8625030517578125 245.0812530517578125 245.181243896484375 244.2937469482421875 244.71875 245.993743896484375 246.943756103515625 247.649993896484375 249.681243896484375 252.4812469482421875 255.9250030517578125 259.89373779296875 265.431243896484375
255.03125 251.712493896484375 248.225006103515625 243.774993896484375 239.0625 232.756256103515625 226.46875 218.2687530517578125 209.600006103515625 199.9187469482421875 223.068756103515625 248.3937530517578125 260.07501220703125 267.350006103515625 271.037506103515625 272.10626220703125 270.649993896484375 266.550018310546875 259.92498779296875 253.3000030517578125 247.5187530517578125 242.756256103515625 239.15625 237.1687469482421875 236.368743896484375 237.1750030517578125 239.6875 242.7375030517578125 245.7687530517578125 246.9875030517578125 246.8937530517578125 246.9812469482421875 246.8562469482421875 246.618743896484375 245.350006103515625 245.350006103515625 245.681243896484375 245.4562530517578125 245.9812469482421875 246.90625 248.46875 251.618743896484375 254.9875030517578125 259.90625
253.34375 250.2937469482421875 247.75 244.6125030517578125 240.524993896484375 235.84375 231.587493896484375 228.0187530517578125 227.506256103515625 236.899993896484375 264.73748779296875 271.3125 273.8125 277.54376220703125 279.537506103515625 279.9375 278.100006103515625 272.443756103515625 265.212493896484375 257.693756103515625 250.65625 244.4812469482421875 240.3125 238.5187530517578125 238.21875 239.193756103515625 241.350006103515625 244.787506103515625 248.0625 249.8125 250.96875 250.375 250.274993896484375 249.868743896484375 249.75 249.3312530517578125 248.818756103515625 248.1062469482421875 247.6999969482421875 247.600006103515625 248.806243896484375 250.806243896484375 253.162506103515625 256.681243896484375
252.5500030517578125 249.8874969482421875 248.0500030517578125 245.912506103515625 243.34375 241.368743896484375 240.0187530517578125 241.2687530517578125 245.850006103515625 257.29998779296875 274.368743896484375 282.743743896484375 285.006256103515625 287.675018310546875 289.243743896484375 288.649993896484375 286.03125 280.17498779296875 271.42498779296875 262.631256103515625 252.912506103515625 244.8312530517578125 239.5124969482421875 237.318756103515625 238.162506103515625 240.149993896484375 243.287506103515625 247.1687469482421875 250.524993896484375 253.149993896484375 254.225006103515625 255.225006103515625 255.693756103515625 255.193756103515625 254.506256103515625 252.7750091552734375 252.1125030517578125 250.618743896484375 249.381256103515625 248.0812530517578125 247.7312469482421875 249.243743896484375 251.3125 253.931243896484375
