data/historical-monthly-weather-data/wc2.1_cruts4.09_10m_prec_2022-05.asc
ncols        51
nrows        45
xllcorner    -63.500000000000
yllcorner    -7.500000000000
cellsize     0.166666666667
NODATA_value -9999
[rows 0 to 18 of 45, columns 0 to 43 of 51]
335.95001220703125 343.14373779296875 348.91876220703125 360.931243896484375 369.79376220703125 375.54998779296875 376.26251220703125 378.993743896484375 379.35626220703125 382.54998779296875 382.98126220703125 377.125 373.100006103515625 369.6875 363.100006103515625 358.524993896484375 352.693756103515625 346.09375 342.662506103515625 342.100006103515625 342.29376220703125 342.087493896484375 345.58123779296875 343.63751220703125 343.024993896484375 344.256256103515625 342.5625 342.493743896484375 339.943756103515625 341.993743896484375 339.84375 340.65625 344.70623779296875 347.33123779296875 349.256256103515625 347.96875 344.16876220703125 336.818756103515625 326.45001220703125 317.32501220703125 305.443756103515625 293.850006103515625 279.65625 269.45623779296875
326.10626220703125 331.787506103515625 341.4375 355.037506103515625 368.587493896484375 374.943756103515625 375.256256103515625 377.76251220703125 379.600006103515625 378.693756103515625 378.412506103515625 371.537506103515625 364.29998779296875 357.587493896484375 349.212493896484375 341.63751220703125 334.375 326.4375 324.350006103515625 323.58123779296875 323.65625 324.65625 325.524993896484375 326.006256103515625 324.70623779296875 323.46875 324.48748779296875 325.037506103515625 324.725006103515625 326.056243896484375 325.850006103515625 331.774993896484375 335.39373779296875 342.662506103515625 345.73748779296875 338.45001220703125 334.89373779296875 326.618743896484375 316.67498779296875 301.01251220703125 287.38751220703125 277.96875 262.962493896484375 247.9499969482421875
308.89373779296875 317.725006103515625 330.48126220703125 343.35626220703125 354.943756103515625 361.84375 366.006256103515625 371.118743896484375 373.14373779296875 371.618743896484375 368.89373779296875 359.58123779296875 349.75 338.73126220703125 330.118743896484375 323.3125 314.40625 305.58123779296875 302.85626220703125 302.4375 302.125 304.381256103515625 304.83123779296875 303.59375 301.42498779296875 302.13751220703125 305.1875 305.26251220703125 304.23126220703125 307.475006103515625 310.118743896484375 315.95001220703125 324.850006103515625 331.068756103515625 337.287506103515625 328.787506103515625 322.60626220703125 314.649993896484375 301.83123779296875 287.375 275.26873779296875 260.73748779296875 247.5 232.600006103515625
287.931243896484375 294.86248779296875 313.58123779296875 326.23748779296875 338.587493896484375 344.09375 349.193756103515625 356.84375 363.26251220703125 362.71875 356.100006103515625 344.712493896484375 330.67498779296875 318.54376220703125 309.568756103515625 301.475006103515625 291.89373779296875 284.162506103515625 281.162506103515625 282.868743896484375 286.193756103515625 286.0625 284.118743896484375 282.725006103515625 279.912506103515625 278.0625 282.15625 281.45623779296875 281.51873779296875 289.337493896484375 295.16876220703125 302.681243896484375 310.774993896484375 317.443756103515625 321.76873779296875 318.67498779296875 313.1875 304.162506103515625 290.8125 276.100006103515625 261.29376220703125 249.087493896484375 232.462493896484375 216.8125
285.493743896484375 289.318756103515625 292.45623779296875 304.524993896484375 318.875 323.10626220703125 329.506256103515625 338.61248779296875 349.193756103515625 352.17498779296875 340.48126220703125 324.03125 312.100006103515625 300.67498779296875 291.431243896484375 282.07501220703125 271.78125 264.8125 261.71875 264.51873779296875 267.23748779296875 265.57501220703125 261.92498779296875 262.75 258.13751220703125 255.631256103515625 255.631256103515625 259.01873779296875 261.350006103515625 269.70001220703125 279.375 287.20623779296875 295.381256103515625 306 313.07501220703125 307.23748779296875 302.493743896484375 295.25 281.92498779296875 265.64373779296875 251.181243896484375 235.381256103515625 219.162506103515625 204.6875
277.912506103515625 282.056243896484375 283.34375 282.64373779296875 296.73126220703125 305.98126220703125 312.48126220703125 318.92498779296875 330.07501220703125 334.712493896484375 325.087493896484375 308.1875 299.350006103515625 290.45001220703125 279.600006103515625 273.16876220703125 261.9375 252.975006103515625 249.8000030517578125 252.381256103515625 252.2937469482421875 250.962493896484375 249.0749969482421875 245.03125 241.4250030517578125 238.818756103515625 239.8000030517578125 241.9562530517578125 246.193756103515625 255.6125030517578125 265.70001220703125 275.79998779296875 284.462493896484375 294.88751220703125 302.04998779296875 298.5 292.787506103515625 285.5 275.29376220703125 258.881256103515625 241.568756103515625 226.625 210.181243896484375 195.8312530517578125
272.57501220703125 274.975006103515625 275.29376220703125 275.087493896484375 279.29376220703125 282.53125 287.787506103515625 293.475006103515625 293.60626220703125 298.431243896484375 296.65625 288.65625 284.11248779296875 278.625 270.981231689453125 263.850006103515625 257.443756103515625 249.84375 244.1062469482421875 244.649993896484375 240.9499969482421875 236.71875 231.068756103515625 228.818756103515625 226.306243896484375 225.75 226.037506103515625 228.056243896484375 230.1374969482421875 240.1750030517578125 251.2624969482421875 259.912506103515625 268.149993896484375 278.95001220703125 288.006256103515625 287.03125 281.08123779296875 274.693756103515625 264.837493896484375 250.6500091552734375 232.131256103515625 215.8125 200.21875 187.53125
266.45623779296875 267.53125 267.20001220703125 268.912506103515625 272.20001220703125 274.82501220703125 270.66876220703125 261.04376220703125 252.9499969482421875 259.82501220703125 269.03125 269.756256103515625 271.274993896484375 268 263.11248779296875 258.89373779296875 253.4375 247.287506103515625 240.375 235.0875091552734375 231.8375091552734375 224.90625 218.2375030517578125 212.806243896484375 211.6062469482421875 207.118743896484375 210.3125 211.8937530517578125 214.881256103515625 225.068756103515625 235.8874969482421875 244.587493896484375 254.4875030517578125 263.550018310546875 270.65625 269.068756103515625 265.83123779296875 262.16876220703125 250.118743896484375 232.818756103515625 217.875 202.84375 189.125 175.5749969482421875
261.36248779296875 262.09375 263.024993896484375 263.14373779296875 264.556243896484375 265.056243896484375 260.88751220703125 253.4000091552734375 240.4187469482421875 236.71875 246.5 254.6374969482421875 262.256256103515625 261.20001220703125 257.07501220703125 254.3562469482421875 249.912506103515625 245.3562469482421875 240.993743896484375 230.6750030517578125 221.131256103515625 215.8874969482421875 205.7687530517578125 204.8249969482421875 199.212493896484375 193.8874969482421875 194.818756103515625 199.15625 204.96875 213.3125 225.037506103515625 232.3125 237.412506103515625 244.087493896484375 253.0749969482421875 253.524993896484375 252.1999969482421875 250 239.9875030517578125 222.399993896484375 205.4875030517578125 191.28125 180.4562530517578125 169.881256103515625
255.6437530517578125 257.32501220703125 258.11248779296875 259.256256103515625 257.8125 258.21875 255.625 250.712493896484375 244.6687469482421875 243.4499969482421875 246.912506103515625 247.6999969482421875 256.774993896484375 256.54998779296875 253.868743896484375 248.443756103515625 243.368743896484375 238.837493896484375 235.337493896484375 228.993743896484375 216.6750030517578125 205.1687469482421875 195.537506103515625 192.4562530517578125 185.1687469482421875 180.03125 180.8562469482421875 185.131256103515625 192.087493896484375 202.6062469482421875 210.59375 216.3625030517578125 223.837493896484375 231.1687469482421875 237.412506103515625 238.243743896484375 237.2062530517578125 236.59375 227.475006103515625 214.6374969482421875 201.087493896484375 189.493743896484375 174.6374969482421875 161.3249969482421875
250.0500030517578125 252.6999969482421875 252.4812469482421875 253.7687530517578125 252.337493896484375 253.931243896484375 252.787506103515625 247.4562530517578125 244.03125 245.6125030517578125 249.7375030517578125 253.3874969482421875 251.875 253.4812469482421875 247.8000030517578125 240.84375 235.3125 231.65625 227.743743896484375 223.8312530517578125 217.8874969482421875 202.537506103515625 188.587493896484375 175.15625 172.5187530517578125 169.9562530517578125 170.9250030517578125 174.818756103515625 178.787506103515625 186.5437469482421875 195.318756103515625 202.3312530517578125 209.100006103515625 215.9375 221.412506103515625 220.7687530517578125 220.65625 221.9562530517578125 216.1437530517578125 205.8125 194.068756103515625 181.9562530517578125 171.287506103515625 156.5124969482421875
247.8312530517578125 248.875 249.1875 250.350006103515625 250.4375 249.556243896484375 251.1125030517578125 249.712493896484375 249.2312469482421875 247.9250030517578125 251.287506103515625 255.943756103515625 248.4250030517578125 246.3312530517578125 242.0812530517578125 233.225006103515625 227.212493896484375 223.3874969482421875 220.337493896484375 219.256256103515625 215.712493896484375 203.962493896484375 188.5625 173.162506103515625 162.943756103515625 156.4562530517578125 156.6687469482421875 160.7312469482421875 166.53125 173.3625030517578125 178.912506103515625 185.125 191.568756103515625 197.9499969482421875 205.2937469482421875 207.5437469482421875 209.28125 209.412506103515625 203.337493896484375 195.4562530517578125 187.15625 176.100006103515625 163.068756103515625 144.556243896484375
246.618743896484375 245.3249969482421875 244.912506103515625 246.193756103515625 245.7937469482421875 247.1875 246.962493896484375 245.3625030517578125 246.3937530517578125 248.993743896484375 251.6687469482421875 252.568756103515625 247.287506103515625 234.3562469482421875 227.6999969482421875 223.149993896484375 217.131256103515625 213.587493896484375 210.350006103515625 209.15625 208.1125030517578125 196.068756103515625 181.756256103515625 166.837493896484375 149.0749969482421875 140.5437469482421875 145.2937469482421875 150.3000030517578125 156.71875 163.6374969482421875 167.25 170.024993896484375 175.15625 180.431243896484375 188.03125 192.6374969482421875 195.84375 198.787506103515625 195.9875030517578125 189.381256103515625 180.875 170.881256103515625 153.5625 137.9250030517578125
240.431243896484375 239.443756103515625 240.0500030517578125 240.8125 241.787506103515625 242.0625 241.493743896484375 241.3125 244.306243896484375 246.681243896484375 244.65625 241.2375030517578125 234.6374969482421875 225.2375030517578125 211.0187530517578125 208.868743896484375 203.181243896484375 198.6125030517578125 196.975006103515625 196.15625 193.100006103515625 183.3000030517578125 171.4625091552734375 159.78125 145.6687469482421875 136.4187469482421875 137.84375 140.537506103515625 145.7624969482421875 150.3937530517578125 155.7624969482421875 157.3625030517578125 161.912506103515625 167 173.0812530517578125 179.6125030517578125 185.743743896484375 190.96875 190.337493896484375 183.024993896484375 169.368743896484375 155.15625 145.6687469482421875 138.381256103515625
235.774993896484375 235.962493896484375 237.3000030517578125 237.6750030517578125 237.9187469482421875 238.787506103515625 240.899993896484375 242.318756103515625 242.243743896484375 240.431243896484375 236.40625 230.46875 220.993743896484375 210.587493896484375 193.756256103515625 190.3249969482421875 186.5812530517578125 184.8937530517578125 183.2312469482421875 181.537506103515625 179.368743896484375 172.6374969482421875 164.625 158.9375 150.9250030517578125 143.774993896484375 142.1125030517578125 142.931243896484375 144.931243896484375 147.4875030517578125 147.3312530517578125 147.5749969482421875 153.556243896484375 155.5500030517578125 157.524993896484375 160.931243896484375 172.8000030517578125 181.0124969482421875 179.162506103515625 170.131256103515625 157.1999969482421875 149.1374969482421875 146.125 139.5
230.6999969482421875 230.368743896484375 233.0812530517578125 234.625 234.4250030517578125 237.068756103515625 239.9875030517578125 240.9812469482421875 237.912506103515625 235.131256103515625 228.712493896484375 220.3312530517578125 209.774993896484375 200.03125 185.912506103515625 171.7687530517578125 170.875 173.1750030517578125 170.0124969482421875 168.287506103515625 166.8937530517578125 165.024993896484375 161.6750030517578125 160.181243896484375 154.625 147.693756103515625 144.96875 143.5 144.056243896484375 146.556243896484375 148.0500030517578125 146.8249969482421875 145.375 144.0124969482421875 144.3562469482421875 154.8000030517578125 160.3562469482421875 165.5187530517578125 165.8125 161.399993896484375 152.7062530517578125 146.4875030517578125 142.537506103515625 134.7937469482421875
227.2624969482421875 227.3312530517578125 228.5187530517578125 231.2312469482421875 233.6125030517578125 234.6437530517578125 236.2687530517578125 236.443756103515625 233.756256103515625 229.1875 222.625 214.462493896484375 202.5500030517578125 191.1062469482421875 179.53125 168.100006103515625 156.0749969482421875 157.225006103515625 157.2312469482421875 156.4375 156.149993896484375 155.5625 156.4250030517578125 159.618743896484375 158.462493896484375 148.0124969482421875 143.59375 142.2312469482421875 142.4187469482421875 144.368743896484375 146.28125 147.2624969482421875 146.537506103515625 146.318756103515625 154.1437530517578125 155.4187469482421875 158.8562469482421875 162.006256103515625 164.84375 156.725006103515625 147.7062530517578125 141.46875 135.28125 131.03125
224.087493896484375 225.774993896484375 228.350006103515625 230.4499969482421875 232.9499969482421875 235.9875030517578125 235.8937530517578125 234.225006103515625 228.46875 222.7062530517578125 214.899993896484375 208.125 194.287506103515625 184.056243896484375 173.1687469482421875 163.09375 151.943756103515625 142.131256103515625 147.5 145.9875030517578125 145.8000030517578125 146.806243896484375 148.806243896484375 153.368743896484375 154.4812469482421875 147.256256103515625 140.850006103515625 140.9250030517578125 141.725006103515625 141.381256103515625 138.350006103515625 136.475006103515625 146.181243896484375 152.149993896484375 156.162506103515625 162.9375 165.1875 161.850006103515625 159.8312530517578125 153.2062530517578125 140.743743896484375 134.256256103515625 128.7375030517578125 125.3937530517578125
220.96875 223.318756103515625 225.662506103515625 230.0812530517578125 233.9875030517578125 234.9812469482421875 235.3249969482421875 234.212493896484375 226.681243896484375 219.975006103515625 209.193756103515625 196.3249969482421875 184.193756103515625 174.693756103515625 164.6750030517578125 156.6437530517578125 148.3874969482421875 137.1999969482421875 132.96875 132.868743896484375 134.1687469482421875 138.056243896484375 133.625 140.006256103515625 142.5500030517578125 142.6875 141.1125030517578125 138.4250030517578125 139.1875 138.6875 137.46875 139.537506103515625 146.868743896484375 151.7312469482421875 156.818756103515625 160.1875 157.4375 152.181243896484375 150.631256103515625 142.65625 132.4187469482421875 125.6062469482421875 122.16249847412109375 120.5812530517578125
