data/historical-monthly-weather-data/wc2.1_cruts4.09_10m_prec_2008-11.asc
ncols        45
nrows        45
xllcorner    -63.500000000000
yllcorner    -7.500000000000
cellsize     0.166666666667
NODATA_value -9999
[rows 0 to 19 of 45, columns 0 to 43 of 45]
135.118743896484375 130.8562469482421875 130.681243896484375 134.2624969482421875 137.912506103515625 145.212493896484375 151.9250030517578125 158.556243896484375 165.6374969482421875 171.8562469482421875 177.71875 179.7312469482421875 181.5500030517578125 180.1437530517578125 177.756256103515625 174.350006103515625 171.1437530517578125 165.2312469482421875 159.65625 155.2624969482421875 151.818756103515625 148.493743896484375 145.7312469482421875 140.287506103515625 135.5 131.1062469482421875 125.88124847412109375 120.53125 115.2312469482421875 112.28125 110.1999969482421875 109.0187530517578125 108.2062530517578125 108.28125 108.1875 109.493743896484375 111.25624847412109375 112.56874847412109375 113.40625 114.3312530517578125 114.25 114.4499969482421875 113.3000030517578125 112.0437469482421875
134.850006103515625 128.431243896484375 128.743743896484375 131.7062530517578125 136.181243896484375 143.462493896484375 150.125 158.5812530517578125 166.7062530517578125 173.568756103515625 179.9375 181.4562530517578125 181.9375 181.53125 178.287506103515625 176.056243896484375 171.975006103515625 165.693756103515625 158.9375 153.5749969482421875 149.506256103515625 145.8187408447265625 142.943756103515625 138.8625030517578125 133.243743896484375 128.5812530517578125 124.0124969482421875 118.80625152587890625 114.22499847412109375 112.09375 110.96875 110.69374847412109375 109.71875 111.08750152587890625 112.05625152587890625 113.75 115.9375 117.74375152587890625 118.6062469482421875 119.6999969482421875 120.4562530517578125 120.2312469482421875 119.59375 117.21875
134.2375030517578125 128.212493896484375 128.556243896484375 130.931243896484375 135.6062469482421875 142.7375030517578125 151.6875 160.524993896484375 169.962493896484375 177.4499969482421875 182.743743896484375 183.4812469482421875 183.7062530517578125 182.59375 178.9937591552734375 175.59375 172.2687530517578125 167.2687530517578125 161.0749969482421875 156.368743896484375 152.7062530517578125 149.1437530517578125 146.2687530517578125 142.15625 136.7937469482421875 131.4812469482421875 126.4562530517578125 121.3562469482421875 116.18125152587890625 113.86875152587890625 113.69374847412109375 113.375 114.46250152587890625 115.80625152587890625 117.6687469482421875 119.3874969482421875 121.77500152587890625 125.24375152587890625 126.9250030517578125 128.975006103515625 130.1374969482421875 129.431243896484375 128.6437530517578125 126.77500152587890625
130.618743896484375 124.71250152587890625 126.8562469482421875 129.243743896484375 134.181243896484375 141.681243896484375 150.5625 161.100006103515625 172.350006103515625 181.056243896484375 185.412506103515625 184.868743896484375 184.125 182.399993896484375 178.7687530517578125 175.4499969482421875 172.649993896484375 168.2937469482421875 164.068756103515625 161.4375 158.3249969482421875 154.6999969482421875 150.7375030517578125 145.712493896484375 140.2062530517578125 134.850006103515625 129.506256103515625 122.8625030517578125 117.9250030517578125 116.58750152587890625 116.33750152587890625 116.8249969482421875 117.4812469482421875 119.33750152587890625 121.58750152587890625 125.41249847412109375 129.2312469482421875 133.068756103515625 135.9375 138.5812530517578125 139.3312530517578125 139.71875 137.993743896484375 135.756256103515625
130.243743896484375 122.7312469482421875 121.15000152587890625 124.875 131.4375 139.587493896484375 148.837493896484375 160.4437408447265625 173.8249969482421875 184.7062530517578125 186.443756103515625 183.34375 182.024993896484375 181.149993896484375 177.9375 175.4375 172.6687469482421875 170.3874969482421875 167.568756103515625 164.8625030517578125 163.3625030517578125 159.8249969482421875 155.9875030517578125 151.2687530517578125 144.006256103515625 137.8874969482421875 130.318756103515625 124.59999847412109375 120.09999847412109375 117.97499847412109375 117.82500457763671875 118.63124847412109375 120.19374847412109375 123.00624847412109375 126.3125 131.006256103515625 136.0437469482421875 141.287506103515625 145.868743896484375 147.881256103515625 149.6999969482421875 149.024993896484375 147.725006103515625 145.5625
127.13124847412109375 120.65000152587890625 119.46875 119.61875152587890625 127.1875 138.34375 149.1999969482421875 160.537506103515625 173.3562469482421875 185.118743896484375 185.8937530517578125 182.8874969482421875 182.412506103515625 181.8625030517578125 179.0187530517578125 176.5500030517578125 174.943756103515625 173.8874969482421875 173.15625 170.881256103515625 168.7062530517578125 165.90625 162.024993896484375 155.65625 149.2624969482421875 142.1999969482421875 134.5 127.7312469482421875 122.56874847412109375 120.09375 118.8874969482421875 120.8937530517578125 122.96875 127.02500152587890625 131.1437530517578125 137.6374969482421875 144.2375030517578125 151.3125 157.756256103515625 161.1875 160.59375 160.09375 158.600006103515625 156.743743896484375
124.96875 120.38750457763671875 119.84999847412109375 120.33750152587890625 125.4375 134.875 145.9499969482421875 156.774993896484375 165.71875 172.1687469482421875 177.7062530517578125 178.6999969482421875 180.53125 181.2687530517578125 180.318756103515625 179.3312530517578125 178.4187469482421875 178.21875 177.412506103515625 178.1374969482421875 175.818756103515625 172.53125 168.5 161.4375 154.4375 147.837493896484375 139.037506103515625 130.975006103515625 123.72499847412109375 121.16249847412109375 120.4499969482421875 121.6125030517578125 125.0187530517578125 130.25 136.2062530517578125 143.243743896484375 150.6687469482421875 159.65625 169.78125 173.1875 171.774993896484375 170.524993896484375 169.0500030517578125 166.71875
124.2624969482421875 120.06874847412109375 120.8312530517578125 123.75 128.875 136.837493896484375 143.8249969482421875 148.975006103515625 152.3937530517578125 158.256256103515625 167.9499969482421875 173.443756103515625 177.462493896484375 179.9187469482421875 180.756256103515625 181.725006103515625 181.743743896484375 182.412506103515625 183.4000091552734375 184.225006103515625 183.787506103515625 180.975006103515625 175.681243896484375 168.1125030517578125 161.5124969482421875 152.274993896484375 142.193756103515625 132.6750030517578125 125.25 121.5812530517578125 120.3562469482421875 122.24375152587890625 126.65625 132.4875030517578125 139.4812469482421875 146.837493896484375 155.818756103515625 164.59375 172.4375 176.5124969482421875 176.912506103515625 176.193756103515625 174.75 172.0625
124.625 121.97499847412109375 124.2937469482421875 127.84375 132.6125030517578125 139.681243896484375 145.6875 149.212493896484375 147.59375 149.806243896484375 161.0625 168.6750030517578125 174.7312469482421875 178.6687469482421875 181.7624969482421875 184.193756103515625 186 188.712493896484375 193.337493896484375 195.09375 192.431243896484375 189.7375030517578125 183.493743896484375 176.9375 168.125 157.34375 145.4375 135.5 127.3312530517578125 122.02500152587890625 121.1125030517578125 123.78125 127.69374847412109375 133.181243896484375 139.7687530517578125 148.0625 156.90625 165.375 172.274993896484375 177.78125 179.462493896484375 178.3937530517578125 177.931243896484375 175.6750030517578125
125.5625 123.5187530517578125 126.5625 130.881256103515625 136.28125 143.8874969482421875 149.225006103515625 151.962493896484375 152.600006103515625 155.9187469482421875 162.8562469482421875 167.4875030517578125 173.774993896484375 178.15625 182.4562530517578125 186.8249969482421875 190.693756103515625 196.318756103515625 202.40625 207.587493896484375 205.21875 201.03125 193.3249969482421875 184.8249969482421875 173.537506103515625 162.21875 150.462493896484375 138.8625030517578125 129.3625030517578125 122.81874847412109375 121.53749847412109375 123.90000152587890625 128.1374969482421875 134.087493896484375 140.9499969482421875 149.399993896484375 158.625 166.125 173.1437530517578125 178.9499969482421875 182.3312530517578125 181.962493896484375 180.40625 176.8874969482421875
126.9875030517578125 125.90625 129.1062469482421875 133.806243896484375 139.46875 148.6062469482421875 154.7062530517578125 156.8312530517578125 157.9499969482421875 160.8625030517578125 166.587493896484375 170.068756103515625 174.181243896484375 178.0812530517578125 182.78125 188 194.0187530517578125 202.087493896484375 210.90625 219.631256103515625 222.125 216.3562469482421875 205.462493896484375 190.7624969482421875 179.5812530517578125 169.2937469482421875 157.0625 145.087493896484375 133.7624969482421875 126.58750152587890625 124.8125 126.3125 130.9250030517578125 136.587493896484375 142.5812530517578125 150.0437469482421875 158.1624908447265625 165.962493896484375 174.7312469482421875 181.2624969482421875 184.9187469482421875 185.03125 183.8937530517578125 180.71875
129.4187469482421875 128.8249969482421875 132.2687530517578125 137.78125 143.7312469482421875 152.8249969482421875 159.787506103515625 161.649993896484375 162.6750030517578125 165.0749969482421875 168.9562530517578125 172.131256103515625 173.6999969482421875 176.787506103515625 181.8937530517578125 187.65625 194.7937469482421875 203.90625 215.381256103515625 228.4187469482421875 235.0124969482421875 230.243743896484375 217.4187469482421875 199.4875030517578125 185.3000030517578125 173.7062530517578125 161.1374969482421875 149.6374969482421875 140.1437530517578125 133.0812530517578125 129.46875 128.899993896484375 132.193756103515625 136.881256103515625 142.8625030517578125 150.056243896484375 157.4375 165.587493896484375 173.9875030517578125 181.493743896484375 187 186.9875030517578125 185.881256103515625 182.90625
131.8249969482421875 132.0812530517578125 135.8625030517578125 140.6875 145.9562530517578125 154.09375 160.0812530517578125 163.1437530517578125 164.681243896484375 167.3874969482421875 170.337493896484375 173.318756103515625 174.6374969482421875 174.087493896484375 178.3312530517578125 184.681243896484375 192.6875 204.556243896484375 217.7312469482421875 231.868743896484375 241.837493896484375 238.75 225.4250030517578125 208.3312530517578125 191.056243896484375 177.100006103515625 166.59375 155.493743896484375 146.3937530517578125 139.4499969482421875 134.7375030517578125 132.3937530517578125 133.625 136.9562530517578125 142.1875 148.9562530517578125 156.28125 164.09375 173.8312530517578125 180.787506103515625 188.0749969482421875 189.3249969482421875 185.9499969482421875 175.40625
133.7937469482421875 133.787506103515625 137.5749969482421875 142.1062469482421875 147.1687469482421875 153.568756103515625 159.181243896484375 163.274993896484375 166.181243896484375 168.375 170.65625 171.1999969482421875 171.9499969482421875 171.53125 172.6750030517578125 179.024993896484375 187.9499969482421875 200.1125030517578125 213.537506103515625 226.850006103515625 235.4187469482421875 235.03125 226.912506103515625 211.943756103515625 196.9812469482421875 183.9812469482421875 174.2937469482421875 163.6125030517578125 153.681243896484375 145.6875 140.162506103515625 136.1999969482421875 135.600006103515625 137.181243896484375 142.1374969482421875 149.212493896484375 156.3312530517578125 165.7937469482421875 174.4875030517578125 183.600006103515625 189.1750030517578125 184.875 179.03125 175.1687469482421875
133.725006103515625 134.024993896484375 138.0437469482421875 142.681243896484375 147.556243896484375 153.4375 159.3874969482421875 163.787506103515625 166.34375 168.181243896484375 169.625 169.524993896484375 168.8625030517578125 167.556243896484375 166.125 171.28125 180.78125 193.2937469482421875 206.837493896484375 219.618743896484375 227.46875 229.5625 226.118743896484375 215.78125 205.2687530517578125 194.7624969482421875 184.3562469482421875 173.100006103515625 162.4562530517578125 152.59375 145.0124969482421875 139.100006103515625 137.962493896484375 138.7375030517578125 141.881256103515625 148.2937469482421875 157.100006103515625 168.3874969482421875 178.2312469482421875 183.818756103515625 184.375 182.78125 182.3125 181.2375030517578125
132.6437530517578125 133.256256103515625 137.943756103515625 142.6875 147.725006103515625 153.84375 159.0875091552734375 163.475006103515625 166.756256103515625 169.350006103515625 169.931243896484375 169.0437469482421875 167.6125030517578125 164.556243896484375 161.8312530517578125 162.6062469482421875 174.0124969482421875 188.475006103515625 201.681243896484375 213.8937530517578125 222.912506103515625 227.443756103515625 226.8562469482421875 219.962493896484375 212.712493896484375 206.1999969482421875 197.125 185.1875 171.818756103515625 159.337493896484375 149.8312530517578125 142.7687530517578125 140.25 141.006256103515625 142.0187530517578125 150.03125 160.5625 167.8937530517578125 175.8312530517578125 180.4187469482421875 184.2062530517578125 185.6125030517578125 185.7562408447265625 180.912506103515625
131.0749969482421875 132.7312469482421875 137.28125 142.2624969482421875 147.8625030517578125 153.8562469482421875 159.7375030517578125 164.1125030517578125 167.625 169.8874969482421875 170.9499969482421875 170.03125 167.8312530517578125 164.6875 162.6750030517578125 163.850006103515625 170.5187530517578125 183.381256103515625 197.537506103515625 210.537506103515625 220.431243896484375 226.6437530517578125 228.3625030517578125 223.006256103515625 218.9187469482421875 217.1999969482421875 211.6062469482421875 196.993743896484375 179.53125 165.2937469482421875 154.8937530517578125 148.8125 145.0124969482421875 144.3125 149.850006103515625 160.7624969482421875 167.587493896484375 176 184.21875 186.2937469482421875 190.3000030517578125 191.868743896484375 188.006256103515625 185.6125030517578125
127.63124847412109375 129.756256103515625 135.212493896484375 141.037506103515625 146.7312469482421875 154.0187530517578125 160.6750030517578125 165.556243896484375 169.412506103515625 171.787506103515625 172.9499969482421875 172.0812530517578125 168.9375 166.7312469482421875 166.6062469482421875 167.9875030517578125 172.375 179.306243896484375 194.381256103515625 207.8562469482421875 220.1999969482421875 226.2624969482421875 229.0562591552734375 226.9187469482421875 226.0187530517578125 226.2375030517578125 225.4875030517578125 207.53125 185.506256103515625 167.087493896484375 154.84375 148.1750030517578125 149.475006103515625 155.649993896484375 162.993743896484375 166.975006103515625 175.2375030517578125 183.7062530517578125 187.1687469482421875 193.8249969482421875 196.381256103515625 196.0124969482421875 193.2687530517578125 190.5187530517578125
123.5812530517578125 126.75 132.7312469482421875 139.2624969482421875 146.03125 153.774993896484375 160.8125 167.0437469482421875 171.806243896484375 175.3937530517578125 176.462493896484375 175.131256103515625 172.118743896484375 170.243743896484375 169.7062530517578125 171.4499969482421875 175.1750030517578125 179.8249969482421875 190.5124969482421875 204.0749969482421875 219.9875030517578125 231.25 229.5124969482421875 229.506256103515625 230.712493896484375 231.274993896484375 226.7312469482421875 210.9499969482421875 190.4812469482421875 169.662506103515625 154.2624969482421875 151.306243896484375 159.9375 166.125 170.725006103515625 178.0187530517578125 184.568756103515625 190.90625 196.3874969482421875 201.118743896484375 203.318756103515625 205.024993896484375 200.375 196.193756103515625
119.2687530517578125 123.19374847412109375 129.6125030517578125 136.9812469482421875 144.5124969482421875 153.2375030517578125 161.4250030517578125 168.53125 174.506256103515625 179.337493896484375 182.056243896484375 181.2937469482421875 178.568756103515625 175.3125 174.7062530517578125 174.912506103515625 175.2687530517578125 182.068756103515625 190.9375 202.78125 215.587493896484375 224.037506103515625 230.2687530517578125 231.53125 231.931243896484375 229.381256103515625 221.8562469482421875 211.443756103515625 193.53125 173.5437469482421875 160.618743896484375 161.975006103515625 168.6437530517578125 176.6687469482421875 183.318756103515625 189.1999969482421875 195.868743896484375 202.7312469482421875 206.4375 208.9875030517578125 210.6437530517578125 210.8937530517578125 206.7624969482421875 203.256256103515625
