data/historical-monthly-weather-data/wc2.1_cruts4.09_10m_prec_1952-05.asc
ncols        45
nrows        45
xllcorner    -63.500000000000
yllcorner    -7.500000000000
cellsize     0.166666666667
NODATA_value -9999
[rows 19 to 37 of 45, columns 0 to 43 of 45]
195.8249969482421875 199.1374969482421875 204.462493896484375 209.4562530517578125 216.8249969482421875 227 234.4812469482421875 239.8562469482421875 243.931243896484375 246.8874969482421875 249.8125 249.1437530517578125 247.4812469482421875 241.0500030517578125 234.90625 224.412506103515625 216.368743896484375 220.7312469482421875 222.125 228.6374969482421875 233.631256103515625 246.4875030517578125 262.45623779296875 265.35626220703125 262.100006103515625 253.2624969482421875 245.037506103515625 238.600006103515625 225.431243896484375 212.181243896484375 205.537506103515625 210.1437530517578125 209.4375 206.9875030517578125 210.631256103515625 217.0749969482421875 219.8937530517578125 220.3874969482421875 219.4375 215.837493896484375 205.318756103515625 200.15625 203.3937530517578125 206.6999969482421875
182.5437469482421875 192.162506103515625 200.462493896484375 205.78125 211.118743896484375 223.6374969482421875 233.649993896484375 240.506256103515625 245.024993896484375 246.068756103515625 247.71875 247.850006103515625 243.2062530517578125 237.9562530517578125 229.881256103515625 224.09375 214.837493896484375 214.412506103515625 220.6687469482421875 223.600006103515625 237.774993896484375 250.84375 261.5625 262.89373779296875 260.6875 251.96875 236.818756103515625 227.6875 219.6875 213.318756103515625 210.03125 209.8125 204.037506103515625 200.725006103515625 202.006256103515625 207.4187469482421875 211.350006103515625 212.475006103515625 210.2062530517578125 205.2062530517578125 200.618743896484375 196.162506103515625 195.350006103515625 199.59375
175.524993896484375 179.25 190.75 201.6875 208.162506103515625 218.0500030517578125 230.2062530517578125 240.318756103515625 245.743743896484375 247.618743896484375 248.125 245.7062530517578125 240.7937469482421875 234.975006103515625 231.6125030517578125 223.837493896484375 226.1125030517578125 223.881256103515625 228.8125 229.9875030517578125 233.9375 244.4875030517578125 254.21875 251.1437530517578125 243.931243896484375 239.8937530517578125 235.024993896484375 225.7062530517578125 223.100006103515625 218.6062469482421875 211.5625 205.2375030517578125 202.875 201.84375 198.743743896484375 200.1062469482421875 203.8562469482421875 204.806243896484375 202.5187530517578125 198.4499969482421875 195.46875 191.931243896484375 190.712493896484375 192.8937530517578125
169 178.350006103515625 188.8249969482421875 199.8249969482421875 206.6374969482421875 215.681243896484375 220.84375 232.225006103515625 243.625 246.7375030517578125 245.4812469482421875 242.568756103515625 241.96875 237.25 234.006256103515625 229.037506103515625 227.15625 227.3874969482421875 229.4187469482421875 231.287506103515625 236.868743896484375 239.600006103515625 245.6374969482421875 241.3312530517578125 238.9187469482421875 233.5500030517578125 225.506256103515625 222.3562469482421875 220.3562469482421875 215.0187530517578125 207.056243896484375 203.881256103515625 203.725006103515625 201.0500030517578125 198.868743896484375 193.881256103515625 193.693756103515625 196.243743896484375 197.90625 194.162506103515625 189.9375 187.3937530517578125 185.7312469482421875 186.9812469482421875
160.5187530517578125 171.756256103515625 184.6687469482421875 193.899993896484375 200.3000030517578125 207.225006103515625 220.037506103515625 229.412506103515625 235.368743896484375 237.881256103515625 239.6875 242.90625 241.78125 240.3562469482421875 235.375 230.681243896484375 228.5 230.774993896484375 233.899993896484375 236.993743896484375 237.493743896484375 240.2624969482421875 242.0500030517578125 241.318756103515625 235.381256103515625 225.96875 220.881256103515625 218.3562469482421875 217.9812469482421875 217.4250030517578125 215.2312469482421875 213.0812530517578125 212.318756103515625 207.5187530517578125 202.681243896484375 193.787506103515625 194.7624969482421875 193.962493896484375 193.056243896484375 190.1999969482421875 185.4375 184.5124969482421875 183.850006103515625 183.1687469482421875
155.9250030517578125 167.8000030517578125 179.09375 191.0500030517578125 199.2687530517578125 207.3562469482421875 213.9875030517578125 223.5124969482421875 228.53125 233.1437530517578125 234.912506103515625 236.5500030517578125 239.7312469482421875 238.6999969482421875 233.6875 231.34375 232.287506103515625 233.90625 235.375 238.4187469482421875 241.3625030517578125 241.1125030517578125 243.84375 240.4250030517578125 233.524993896484375 230.4875030517578125 225.0437469482421875 222.9875030517578125 221.618743896484375 224.7937469482421875 223.7624969482421875 226.693756103515625 223.868743896484375 217.087493896484375 206.274993896484375 198.1750030517578125 195.6437530517578125 189.725006103515625 187.743743896484375 185.2062530517578125 181.90625 179.931243896484375 179.524993896484375 177.21875
155.243743896484375 168.0625 174.78125 185.4499969482421875 191.1125030517578125 198.2624969482421875 204.431243896484375 212.9812469482421875 215.743743896484375 218.024993896484375 226.3874969482421875 231.4562530517578125 232.524993896484375 233.5 234.443756103515625 232.587493896484375 233.881256103515625 235.774993896484375 237.225006103515625 238.975006103515625 241.7312469482421875 241.399993896484375 243.65625 237.118743896484375 233.5187530517578125 229.6875 229.943756103515625 227.806243896484375 225.6999969482421875 229.587493896484375 233.7687530517578125 242.850006103515625 239.681243896484375 225.256256103515625 210.962493896484375 202.4187469482421875 194.40625 188.006256103515625 181.625 178.493743896484375 176.2624969482421875 173.21875 171.0625 171.2687530517578125
151.7312469482421875 158.09375 166.850006103515625 175.256256103515625 180.6999969482421875 187.899993896484375 193.7312469482421875 198.818756103515625 203.556243896484375 212.7624969482421875 219.774993896484375 223.006256103515625 227.537506103515625 231 232.306243896484375 233.2375030517578125 232.850006103515625 233.21875 239.4875030517578125 240.5124969482421875 240.693756103515625 241.7624969482421875 243.7562408447265625 241.2312469482421875 237.1750030517578125 233.71875 233.181243896484375 230.837493896484375 229.649993896484375 231.274993896484375 239.024993896484375 247.9187469482421875 247.96875 228.431243896484375 210.193756103515625 199.1687469482421875 192.649993896484375 183.2937469482421875 176.9812469482421875 173.7937469482421875 170.6999969482421875 168.4375 167.068756103515625 165.743743896484375
148.9499969482421875 151.5625 158.2937469482421875 163.600006103515625 169.65625 177.6374969482421875 184.3312530517578125 188.1125030517578125 194.931243896484375 203.9875030517578125 210.4250030517578125 214.6125030517578125 220.524993896484375 224.787506103515625 228.475006103515625 227.743743896484375 230.712493896484375 235.993743896484375 242.193756103515625 244.5812530517578125 244.693756103515625 243.8562469482421875 248.256256103515625 244.0812530517578125 240.462493896484375 235.2624969482421875 234.78125 232.03125 231.274993896484375 233.4187469482421875 238.818756103515625 244.306243896484375 239.4875030517578125 222.600006103515625 207.8874969482421875 196.3874969482421875 186.7062530517578125 179.3562469482421875 174.681243896484375 169.3125 165.0187530517578125 165 164.53125 164.75
143.6374969482421875 144.84375 148.881256103515625 153.6999969482421875 158.84375 163.4499969482421875 168.8562469482421875 176.7937469482421875 187.056243896484375 193.7937469482421875 201.087493896484375 207.8562469482421875 213.96875 221.7062530517578125 227.71875 231.5812530517578125 234.65625 238.2874908447265625 242.9375 246.287506103515625 247.068756103515625 246.068756103515625 248.4375 243.8937530517578125 239.625 232.28125 231.8874969482421875 231.2312469482421875 229.931243896484375 230.1999969482421875 233.756256103515625 234.1624908447265625 226.1687469482421875 212.524993896484375 201.7312469482421875 190.8874969482421875 181.8874969482421875 172.8249969482421875 168.3125 163.118743896484375 156.587493896484375 155.53125 159.006256103515625 163.618743896484375
139.4250030517578125 138.7312469482421875 140.2062530517578125 141.6687469482421875 145.0437469482421875 152.03125 158.2624969482421875 168.068756103515625 176.9187469482421875 182.90625 191.625 199.868743896484375 207.962493896484375 217.524993896484375 224.375 229.5812530517578125 233.5124969482421875 241.0187530517578125 244.34375 244.9875030517578125 246.274993896484375 247.84375 249.34375 243.149993896484375 235.568756103515625 232.993743896484375 228.8312530517578125 224.09375 222.1999969482421875 222.1999969482421875 224.125 221.7062530517578125 213.5812530517578125 203.3937530517578125 193.84375 182.337493896484375 176.712493896484375 168.28125 162.5500030517578125 160.5500030517578125 156.65625 154.818756103515625 154.7937469482421875 156.0187530517578125
135.0749969482421875 132.4375 131.787506103515625 133.462493896484375 136.5812530517578125 142.9812469482421875 151.193756103515625 158.837493896484375 167.649993896484375 175.625 184.40625 192.181243896484375 203.7937469482421875 211.25 219.0437469482421875 227.162506103515625 233.7312469482421875 239.024993896484375 243.90625 247.287506103515625 245.5812530517578125 245.537506103515625 247.09375 238.431243896484375 230.912506103515625 230.0625 224.256256103515625 217.7062530517578125 215.212493896484375 213.1687469482421875 214.337493896484375 209.368743896484375 201.2937469482421875 192.756256103515625 183.537506103515625 172.337493896484375 166.5500030517578125 161 158.006256103515625 154.649993896484375 153.462493896484375 151.225006103515625 150.4375 149.1125030517578125
128.25 124.4875030517578125 123.9375 125.63124847412109375 129.1374969482421875 134.443756103515625 144.09375 149.7249908447265625 158.0812530517578125 165.818756103515625 174.6125030517578125 182.306243896484375 193.7375030517578125 205.0749969482421875 213.131256103515625 223 227.287506103515625 232.056243896484375 237.068756103515625 241.3000030517578125 239.0999908447265625 239.837493896484375 240.493743896484375 233.7312469482421875 230.100006103515625 225.337493896484375 219.368743896484375 211.2687530517578125 205.2312469482421875 203.5749969482421875 199.8937530517578125 195.9375 187.6374969482421875 179.787506103515625 172.524993896484375 162.9875030517578125 156.4812469482421875 151.818756103515625 148.537506103515625 148.5625 147.2062530517578125 146.1875 146.0124969482421875 147.212493896484375
123.15625 120.24375152587890625 119.24375152587890625 121.1062469482421875 122.50624847412109375 126.96875 134.399993896484375 140.225006103515625 148.4187469482421875 157.6125030517578125 169.556243896484375 178.1062469482421875 189.256256103515625 202.024993896484375 209.2937469482421875 215.75 220.600006103515625 227.7312469482421875 229.681243896484375 233.0812530517578125 230.4250030517578125 232.274993896484375 231.3249969482421875 227.337493896484375 223.2624969482421875 219.4812469482421875 211.712493896484375 204.375 196.34375 192.34375 188.75 183.306243896484375 174.118743896484375 169.25 161.756256103515625 155.5749969482421875 147.53125 143.0437469482421875 139.9187469482421875 141.225006103515625 139.3937530517578125 139.9875030517578125 140.287506103515625 142.53125
118.81874847412109375 115.625 115.93125152587890625 116.78749847412109375 118.5124969482421875 121.40625 126.31874847412109375 130.662506103515625 138.15625 147.350006103515625 158.6500091552734375 171.056243896484375 181.78125 192.75 201.774993896484375 210.443756103515625 216.524993896484375 221.6750030517578125 221.350006103515625 222.100006103515625 222.7375030517578125 224.693756103515625 223.850006103515625 218.15625 214.850006103515625 209.9749908447265625 201.7312469482421875 193.8312530517578125 187.8125 182.600006103515625 177.8312530517578125 171.631256103515625 163.8125 156.806243896484375 150.8937530517578125 144.6125030517578125 138.8125 132.337493896484375 131.274993896484375 130.96875 129.0500030517578125 131.125 133.537506103515625 135.818756103515625
114.0812530517578125 111.3937530517578125 111.96875 113.28125 114.66249847412109375 116.71875 118.4375 122.19374847412109375 127.2937469482421875 136.662506103515625 149.006256103515625 162.0875091552734375 176.5500030517578125 190.225006103515625 198.462493896484375 205.743743896484375 210.774993896484375 215.03125 214.4499969482421875 212.1437530517578125 212.6750030517578125 212.5124969482421875 213.368743896484375 207.9499969482421875 204.0749969482421875 199.6750030517578125 194.225006103515625 187.506256103515625 180.931243896484375 175.53125 168.556243896484375 161.53125 152.287506103515625 146.1687469482421875 136.725006103515625 132.0625 125.6437530517578125 123.6374969482421875 122.28125 120.7687530517578125 119.06874847412109375 119.3125 121.2937469482421875 124.4250030517578125
113.3625030517578125 111.7375030517578125 111.1750030517578125 111.69374847412109375 112.125 113.40625 113.8562469482421875 116.93125152587890625 121.41249847412109375 127.5749969482421875 137.806243896484375 154.1750030517578125 171.3625030517578125 184.2062530517578125 193.6999969482421875 200 204.556243896484375 205.212493896484375 206.1374969482421875 203.118743896484375 203.2624969482421875 202.787506103515625 202.3625030517578125 198.368743896484375 193.975006103515625 189.318756103515625 186.7624969482421875 181.3937530517578125 173.3874969482421875 167.0124969482421875 160.3249969482421875 152.850006103515625 143.6437530517578125 134.681243896484375 126.90000152587890625 121.97499847412109375 120.50624847412109375 116.00624847412109375 114.8562469482421875 115.38124847412109375 113.25624847412109375 114.66249847412109375 115.03749847412109375 117.19374847412109375
113.59375 112.7687530517578125 111.875 111.9562530517578125 112.59999847412109375 112.30625152587890625 112.50624847412109375 112.9562530517578125 115.7375030517578125 117.5187530517578125 131.5500030517578125 154.162506103515625 169.962493896484375 181.1750030517578125 189.068756103515625 194.743743896484375 197.2624969482421875 196.537506103515625 196.53125 191.9875030517578125 192.493743896484375 192.0124969482421875 189.806243896484375 186.274993896484375 182.9499969482421875 180.943756103515625 177.5 172.475006103515625 165.681243896484375 159.712493896484375 153.4812469482421875 146.600006103515625 136.9187469482421875 126.41875457763671875 119.4250030517578125 116.625 114.28749847412109375 111.6875 109.78125 108.6875 106.7375030517578125 106.3000030517578125 108.80625152587890625 110.84375
113.4250030517578125 112.5 112.7937469482421875 112.3937530517578125 113.5437469482421875 113.50624847412109375 113.38124847412109375 112.7062530517578125 114.90000152587890625 116.05625152587890625 137.53125 160.337493896484375 172.087493896484375 181.6374969482421875 187.118743896484375 191.1062469482421875 192.2312469482421875 191.443756103515625 188.381256103515625 185.181243896484375 182.125 181.0812530517578125 178.90625 175.649993896484375 172.6875 170.618743896484375 166.1125030517578125 165.5625 160.962493896484375 153.3937530517578125 145.8125 139.0749969482421875 130.78125 119.96250152587890625 111.36875152587890625 109.3625030517578125 108.76874542236328125 106.3312530517578125 106.3312530517578125 104.00624847412109375 102.375 102.00624847412109375 100.83750152587890625 100.58750152587890625
