data/historical-monthly-weather-data/wc2.1_cruts4.09_10m_prec_1964-02.asc
ncols        51
nrows        45
xllcorner    -63.500000000000
yllcorner    -7.500000000000
cellsize     0.166666666667
NODATA_value -9999
[rows 0 to 19 of 45, columns 0 to 43 of 51]
153.7375030517578125 151.21875 145.725006103515625 142.600006103515625 137.6125030517578125 134.9499969482421875 130.9375 124.9812469482421875 119.16249847412109375 115.6125030517578125 114.9562530517578125 114.00624847412109375 112.5437469482421875 107.56874847412109375 104.77500152587890625 102.38124847412109375 100.86875152587890625 97.83750152587890625 97.59375 97.8312530517578125 98.49375152587890625 99.2312469482421875 101.31874847412109375 104.49375152587890625 108.53125 113.40000152587890625 120.38124847412109375 128.1875 136.087493896484375 139.399993896484375 142.6374969482421875 146.21875 148.8937530517578125 151.931243896484375 155.46875 157.962493896484375 158.8249969482421875 159.15625 159.506256103515625 158.381256103515625 158.0812530517578125 157.21875 155.0500030517578125 155.162506103515625
161.306243896484375 159.28125 156.4187469482421875 152.8562469482421875 149.9562530517578125 149.3625030517578125 146.412506103515625 143.9375 140.9375 137.375 134.587493896484375 130.943756103515625 126.96875 121.86875152587890625 117.6125030517578125 113.53125 110.51250457763671875 108.69374847412109375 108.71875 108.9875030517578125 109.5437469482421875 110.875 113.09375 116.15625 119.4187469482421875 124.18125152587890625 130.5437469482421875 138.3000030517578125 145.6062469482421875 149.212493896484375 151.8937530517578125 156.5187530517578125 160.100006103515625 164.5 168.149993896484375 170.806243896484375 172.1437530517578125 172.40625 172.59375 171.399993896484375 170.756256103515625 169.3312530517578125 166.506256103515625 165.75
167.975006103515625 166.4375 163.8000030517578125 161.256256103515625 159.7937469482421875 160.0500030517578125 160.6062469482421875 161.912506103515625 161.7937469482421875 158.84375 154.3562469482421875 148.875 142.8625030517578125 136.024993896484375 130.118743896484375 124.6875 120.1374969482421875 118.16249847412109375 117.30625152587890625 117.0749969482421875 117.44374847412109375 119.38124847412109375 120.9499969482421875 123.7375030517578125 127.91249847412109375 131.7312469482421875 138.100006103515625 146.0187530517578125 152.4375 155.4499969482421875 159.118743896484375 163.399993896484375 167.7375030517578125 171.375 176.0124969482421875 177.9250030517578125 179.912506103515625 181.53125 181.037506103515625 179.899993896484375 178.9187469482421875 176.743743896484375 173.6999969482421875 171.068756103515625
172.6062469482421875 171.681243896484375 170.7937469482421875 169.3375091552734375 170.8874969482421875 171.774993896484375 175.0500030517578125 179.868743896484375 183.0187530517578125 182.1875 176.3562469482421875 167.618743896484375 158.1437530517578125 149.15625 142.274993896484375 135.774993896484375 130.2937469482421875 126.2937469482421875 124.90625 125.41249847412109375 126.11875152587890625 127.19374847412109375 127.78749847412109375 130.625 134.225006103515625 138.0187530517578125 145.037506103515625 152.506256103515625 158.681243896484375 162.2312469482421875 165.2687530517578125 170.5749969482421875 174.2062530517578125 178.375 182.2687530517578125 185.350006103515625 187.774993896484375 189.40625 189.787506103515625 188.9375 186.649993896484375 183.90625 180.475006103515625 176.75
181.15625 178.274993896484375 175.7687530517578125 175.943756103515625 179.037506103515625 182.5 186.96875 195.4375 203.8249969482421875 206.912506103515625 196.5500030517578125 183.28125 172.631256103515625 162.71875 154.006256103515625 146.6374969482421875 140.40625 134.6750030517578125 133.087493896484375 133.462493896484375 134.28125 133.9875030517578125 134.4499969482421875 137.2624969482421875 140.350006103515625 144.1999969482421875 149.8625030517578125 156.693756103515625 164.600006103515625 168.7062530517578125 172.337493896484375 176.506256103515625 181.3312530517578125 185.9187469482421875 189.881256103515625 193.46875 197.09375 199.6999969482421875 200.3249969482421875 198.5812530517578125 196.5625 192.318756103515625 187.4250030517578125 183.037506103515625
187.4875030517578125 185.8062591552734375 182.3125 181.131256103515625 183.681243896484375 188.625 194.631256103515625 203.131256103515625 213.1999969482421875 219.53125 206.4812469482421875 192.4562530517578125 182.087493896484375 172.8625030517578125 164.5500030517578125 157.993743896484375 150.8874969482421875 144.6750030517578125 142.818756103515625 142.65625 142.056243896484375 141.3562469482421875 141.2062530517578125 143.118743896484375 145.193756103515625 149.024993896484375 155.0437469482421875 161.524993896484375 168.7249908447265625 173.381256103515625 177.8499908447265625 182.8562469482421875 187.5124969482421875 194.462493896484375 200.1437530517578125 204.75 209.8562469482421875 213.8000030517578125 215.9250030517578125 214.65625 211.1437530517578125 205.693756103515625 199.8249969482421875 194.2937469482421875
194.350006103515625 192.681243896484375 189.7375030517578125 186.96875 188.34375 191.712493896484375 196.681243896484375 201.875 208.2312469482421875 209.162506103515625 203.7624969482421875 195.6125030517578125 187.787506103515625 180.5500030517578125 174.225006103515625 168.65625 163.5500030517578125 158.8249969482421875 155.631256103515625 152.337493896484375 149.337493896484375 147.8312530517578125 146.1374969482421875 147.2624969482421875 150.350006103515625 153.2687530517578125 159.3125 166.350006103515625 172.25 177.0500030517578125 183.28125 189.287506103515625 195.6750030517578125 201.537506103515625 208.3000030517578125 215.7687530517578125 222.087493896484375 228.181243896484375 232.649993896484375 231.8249969482421875 226.7062530517578125 220.462493896484375 213.9562530517578125 207.1687469482421875
200.6062469482421875 197.71875 194.5437469482421875 193.4562530517578125 194.1437530517578125 194.9875030517578125 195.993743896484375 196.40625 196.712493896484375 196.993743896484375 197.787506103515625 196.3562469482421875 192.6875 187.1125030517578125 182.2312469482421875 178.306243896484375 174.506256103515625 171.1374969482421875 167.943756103515625 160.9375 155.506256103515625 152.537506103515625 150.162506103515625 151.368743896484375 154.181243896484375 156.881256103515625 162.943756103515625 169.4562530517578125 176.181243896484375 181.649993896484375 187.5749969482421875 195.125 202.3937530517578125 209.899993896484375 217.412506103515625 225.34375 233.318756103515625 240.587493896484375 245.037506103515625 245.587493896484375 242.368743896484375 236.493743896484375 229.625 221.431243896484375
207.024993896484375 204.056243896484375 200.618743896484375 199.40625 198.912506103515625 197.40625 196.9375 194.8625030517578125 191.681243896484375 191.431243896484375 194.975006103515625 197.5437469482421875 196.649993896484375 193.09375 188.068756103515625 184.431243896484375 180.3000030517578125 175.9562530517578125 172.4375 164.412506103515625 157.75 154.3937530517578125 152.212493896484375 155.0187530517578125 157.993743896484375 160.7312469482421875 166.431243896484375 173.100006103515625 180.5124969482421875 186.5437469482421875 193.662506103515625 202.087493896484375 209.9812469482421875 217.8312530517578125 226.068756103515625 235.7062530517578125 245.068756103515625 253.6125030517578125 259.787506103515625 262.118743896484375 260.48126220703125 255.59375 249.993743896484375 242.8687591552734375
213.125 210.068756103515625 206.931243896484375 204.6875 202.9875030517578125 200.600006103515625 199.868743896484375 197.6125030517578125 196.756256103515625 197.024993896484375 199.9625091552734375 201.2375030517578125 202.0187530517578125 198.818756103515625 193.774993896484375 188.212493896484375 182.5749969482421875 176.850006103515625 170.193756103515625 162.875 157.4875030517578125 154.8562469482421875 153.8625030517578125 158.3000030517578125 161.59375 164.2312469482421875 170.537506103515625 176.850006103515625 185.0812530517578125 192.0749969482421875 199.056243896484375 207.8125 216.7375030517578125 226.399993896484375 236.181243896484375 246.7062530517578125 257.412506103515625 266.462493896484375 273.76873779296875 278.774993896484375 280.45623779296875 277.33123779296875 271.98748779296875 264.568756103515625
218.2624969482421875 214.899993896484375 211.59375 208.8937530517578125 206.3562469482421875 203.881256103515625 202.774993896484375 202.0500030517578125 202.6750030517578125 204.056243896484375 207.15625 208.712493896484375 208.34375 204.931243896484375 198.600006103515625 191.4124908447265625 183.65625 175.787506103515625 167.6374969482421875 160.5124969482421875 155.4187469482421875 153.462493896484375 154.5749969482421875 158.743743896484375 164.6125030517578125 167.3937530517578125 173.4187469482421875 180.837493896484375 188.631256103515625 195.912506103515625 204.3249969482421875 213.6437530517578125 223.0812530517578125 233.65625 245.6125030517578125 257.868743896484375 268.58123779296875 279.82501220703125 288.375 294.29998779296875 298.100006103515625 295.912506103515625 291.95001220703125 285.8125
223.443756103515625 219.7312469482421875 215.7937469482421875 213.21875 211.006256103515625 208.8000030517578125 207.9250030517578125 208.8874969482421875 210.125 212.2312469482421875 215.8937530517578125 217.681243896484375 215.21875 210.1062469482421875 203.0812530517578125 194.368743896484375 185.725006103515625 176.287506103515625 166.7375030517578125 158.46875 153.03125 151.931243896484375 155.256256103515625 162.4875030517578125 168.631256103515625 170.8625030517578125 176.9812469482421875 184.8562469482421875 193.556243896484375 202.306243896484375 211.3249969482421875 220.5500030517578125 230.5812530517578125 241.3249969482421875 253.5124969482421875 266.743743896484375 280 292.5 301.9375 309.131256103515625 314.46875 312.40625 306.58123779296875 298.39373779296875
225.9812469482421875 222.743743896484375 219.475006103515625 216.756256103515625 215.5 214.1750030517578125 214.34375 215.25 216.8000030517578125 220.2937469482421875 223.912506103515625 225.1687469482421875 221.5500030517578125 213.9812469482421875 205.8312530517578125 196.09375 186.7687530517578125 177.3249969482421875 167.9812469482421875 158.787506103515625 151.5187530517578125 151.006256103515625 155.443756103515625 162.8562469482421875 167.9187469482421875 171.0437469482421875 179.399993896484375 188.5812530517578125 198.0625 207.681243896484375 217.5437469482421875 227.3312530517578125 236.587493896484375 247.875 260.625 274.131256103515625 288.13751220703125 303.3125 314.38751220703125 322.92498779296875 330.5625 327.618743896484375 317.91876220703125 307.149993896484375
227.3249969482421875 224.3562469482421875 221.524993896484375 219.412506103515625 218.9187469482421875 218.193756103515625 219.5749969482421875 221.09375 223.3874969482421875 226.46875 229.2312469482421875 228.256256103515625 223.7687530517578125 216.943756103515625 207.100006103515625 197.618743896484375 187.475006103515625 178.6624908447265625 169.5187530517578125 161.587493896484375 156.412506103515625 155.0187530517578125 157.03125 162.368743896484375 167.118743896484375 171.318756103515625 181.256256103515625 191.5625 202.412506103515625 211.8874969482421875 222.350006103515625 232.2312469482421875 241.462493896484375 253.037506103515625 265.76251220703125 280.51251220703125 297.14373779296875 314.39373779296875 328.443756103515625 338.60626220703125 344.556243896484375 336.61248779296875 327.399993896484375 318.1875
228.5187530517578125 225.2874908447265625 223.181243896484375 222.5749969482421875 221.75 222.2375030517578125 224.649993896484375 226.274993896484375 229.006256103515625 231.8312530517578125 233.2375030517578125 231.71875 226.837493896484375 219.78125 210.1374969482421875 199.943756103515625 190.21875 181.462493896484375 173.2062530517578125 166.587493896484375 162.381256103515625 159.9875030517578125 160.4499969482421875 165.337493896484375 170.15625 175.962493896484375 186.6875 197.350006103515625 208.493743896484375 218.631256103515625 227.993743896484375 236.8625030517578125 246.131256103515625 256.53125 269.29376220703125 284.399993896484375 304.0625 325.524993896484375 344.274993896484375 357.568756103515625 361.63751220703125 353.45001220703125 343.175018310546875 330.868743896484375
228.318756103515625 225.1750030517578125 223.8125 223.850006103515625 224.2624969482421875 225.5 228.306243896484375 229.931243896484375 233.149993896484375 236.787506103515625 238.3000030517578125 236.431243896484375 231.40625 223.524993896484375 213.493743896484375 201.7375030517578125 192.90625 185.431243896484375 178.181243896484375 172.212493896484375 167.681243896484375 164.6687469482421875 164.0812530517578125 169.649993896484375 174.4875030517578125 180.306243896484375 191.024993896484375 202.90625 215.25 225.75 235.443756103515625 242.6687469482421875 248.631256103515625 256.90625 267.38751220703125 284.16876220703125 306.78125 333.33123779296875 360.11248779296875 378.42498779296875 384.806243896484375 372.01873779296875 356.631256103515625 340.89373779296875
225.912506103515625 224.1125030517578125 223.287506103515625 223.9812469482421875 225.4250030517578125 227.3562469482421875 230.53125 233.125 236.774993896484375 240.9562530517578125 243.7375030517578125 242.2624969482421875 237.600006103515625 229.725006103515625 218.868743896484375 206.5749969482421875 195.9875030517578125 188.2062530517578125 181.3874969482421875 176.162506103515625 172.3625030517578125 169.212493896484375 167.7375030517578125 173.618743896484375 179.6437530517578125 184.6750030517578125 194.875 208.037506103515625 221.993743896484375 234.100006103515625 243.4250030517578125 249.3874969482421875 252.149993896484375 254.59375 263.21875 280.225006103515625 304.59375 338.831268310546875 377.88751220703125 395.28125 399.45623779296875 383.975006103515625 364.07501220703125 345.76873779296875
221.556243896484375 220.8249969482421875 221.5625 223.412506103515625 225.274993896484375 227.6125030517578125 231.125 234.1374969482421875 238.1687469482421875 242.5124969482421875 246.587493896484375 247.506256103515625 245.350006103515625 238.1374969482421875 227.2062530517578125 214.587493896484375 201.1125030517578125 190.225006103515625 184.431243896484375 179.1437530517578125 177.037506103515625 173.881256103515625 171.3312530517578125 176.7687530517578125 183.3000030517578125 189.5437469482421875 199.6999969482421875 214.475006103515625 230.318756103515625 243.625 252.2624969482421875 252.6750030517578125 252.368743896484375 252.0437469482421875 256.618743896484375 270.01873779296875 299.33123779296875 334.36248779296875 369.86248779296875 389 392.83123779296875 379.962493896484375 364.35626220703125 350.024993896484375
216.306243896484375 216.899993896484375 218.412506103515625 220.2312469482421875 222.9250030517578125 226.662506103515625 229.875 233.818756103515625 238.931243896484375 243.475006103515625 248.787506103515625 251.024993896484375 251.5437469482421875 248.2312469482421875 235.8625030517578125 220.1687469482421875 205.0749969482421875 192.1750030517578125 184.59375 180.0749969482421875 179.3874969482421875 177.1875 172.618743896484375 178.493743896484375 186.0812530517578125 194.4375 206.9000091552734375 222.368743896484375 239.7687530517578125 254.818756103515625 264.21875 261.84375 256.11248779296875 248.7312469482421875 247.274993896484375 261.737518310546875 291.39373779296875 324.70623779296875 355.08123779296875 373.01873779296875 380.037506103515625 370.931243896484375 361.54376220703125 352.58123779296875
211.4187469482421875 212.0124969482421875 214.0124969482421875 216.375 220.2312469482421875 224.712493896484375 229.03125 232.462493896484375 237.7937469482421875 242.8937530517578125 248.006256103515625 251.7062530517578125 255.7562408447265625 257.51251220703125 242.65625 221.8562469482421875 204.037506103515625 192.118743896484375 184.1999969482421875 179.475006103515625 176.943756103515625 173.8874969482421875 172.6875 179.5625 188.3249969482421875 198.0187530517578125 212.8000030517578125 230.350006103515625 247.125 261.45001220703125 268.993743896484375 269.17498779296875 259.07501220703125 245.443756103515625 236.9812469482421875 254.212493896484375 288.13751220703125 321.693756103515625 347.131256103515625 363.28125 368.58123779296875 362.256256103515625 360.100006103515625 356.53125
