data/historical-monthly-weather-data/wc2.1_cruts4.09_10m_prec_1982-04.asc
ncols        51
nrows        45
xllcorner    -63.500000000000
yllcorner    -7.500000000000
cellsize     0.166666666667
NODATA_value -9999
[rows 20 to 39 of 45, columns 0 to 43 of 51]
312.337493896484375 326.975006103515625 336.625 344.71875 350.53125 359.618743896484375 367.125 368.243743896484375 364.84375 356.399993896484375 345.068756103515625 332.84375 321.381256103515625 311.962493896484375 298.26251220703125 286.73126220703125 277.61248779296875 272.162506103515625 269.35626220703125 264.8125 258.32501220703125 248.600006103515625 237.6062469482421875 231.587493896484375 229.068756103515625 226.40625 224.693756103515625 222.8625030517578125 219.818756103515625 218.375 214.0187530517578125 209.412506103515625 197.162506103515625 183.225006103515625 172.024993896484375 182.100006103515625 198.212493896484375 211.162506103515625 219.9499969482421875 224.59375 226.09375 228.40625 226.9499969482421875 226.9875030517578125
305.5625 317.225006103515625 328.28125 342.58123779296875 352.818756103515625 359.95623779296875 367.962493896484375 372.53125 369.67498779296875 358.100006103515625 341.1875 322.100006103515625 307.20001220703125 297.412506103515625 290.162506103515625 281.51873779296875 276.431243896484375 270.08123779296875 266.243743896484375 260.76251220703125 250.1374969482421875 240.9562530517578125 233.850006103515625 228.8125 226.5749969482421875 227.78125 235.7937469482421875 233.3625030517578125 229.1125030517578125 227.162506103515625 222.056243896484375 215.475006103515625 204.412506103515625 194.024993896484375 188.162506103515625 192.631256103515625 204.131256103515625 214.5 220.318756103515625 222.8874969482421875 223.8874969482421875 224.618743896484375 222.8312530517578125 221.7937469482421875
300.193756103515625 318.412506103515625 331.32501220703125 345.149993896484375 356.09375 363.45623779296875 368.3125 375.45623779296875 379.61248779296875 361.274993896484375 336.5625 311.76873779296875 293.61248779296875 285.556243896484375 282.42498779296875 279.03125 273.774993896484375 266.287506103515625 260.15625 252.837493896484375 243.5124969482421875 234.368743896484375 225.443756103515625 221.3874969482421875 222.0625 225.4812469482421875 235.1687469482421875 235.8562469482421875 233.1374969482421875 230.75 227.868743896484375 223.681243896484375 217.1687469482421875 210.024993896484375 206.40625 207.28125 213.3125 219.943756103515625 222.8625030517578125 222.1062469482421875 221.0812530517578125 219.7687530517578125 217.6125030517578125 215.9187469482421875
297.73126220703125 316.287506103515625 331.95001220703125 343.756256103515625 354.20623779296875 361.34375 369.024993896484375 373.625 374.431243896484375 354.91876220703125 329.506256103515625 307.20623779296875 283.725006103515625 279.29376220703125 278.1875 274.82501220703125 269.0625 263.3125 255.625 248.381256103515625 237.912506103515625 226.568756103515625 217.2375030517578125 214.75 214.9312591552734375 214.943756103515625 222.2624969482421875 229.1125030517578125 231.4562530517578125 234.5500030517578125 236.1750030517578125 237.412506103515625 232.9812469482421875 226.09375 222.1999969482421875 221.1687469482421875 223.6750030517578125 224.5625 223.46875 219.9499969482421875 217.462493896484375 214.9187469482421875 212.306243896484375 209.875
299.17498779296875 317.725006103515625 331.899993896484375 345.29998779296875 357.29376220703125 362.1875 366.01873779296875 367.73748779296875 361.89373779296875 348.84375 327.506256103515625 305.98748779296875 291.33123779296875 281.024993896484375 276.337493896484375 272.01873779296875 268.1875 261.76873779296875 253.774993896484375 244.181243896484375 232.1374969482421875 219.90625 210.274993896484375 205.899993896484375 204.53125 208.100006103515625 217.006256103515625 224.875 231.5500030517578125 241.0749969482421875 248.024993896484375 253.4812469482421875 250.193756103515625 242.5500030517578125 235.5625 230.0124969482421875 228.1875 224.131256103515625 221.368743896484375 218.0187530517578125 214.212493896484375 210.662506103515625 208.5124969482421875 205.1875
310.65625 326.98748779296875 334.59375 346.318756103515625 355.38751220703125 358.88751220703125 360.712493896484375 359.51873779296875 349.6875 336.45623779296875 322.34375 308.649993896484375 295.975006103515625 286.912506103515625 278.962493896484375 275.03125 269.837493896484375 262.412506103515625 252.5812530517578125 240.4875030517578125 229.3000030517578125 215.1437530517578125 202.993743896484375 194.6062469482421875 196.1062469482421875 202.2937469482421875 215.162506103515625 224.4562530517578125 235.1125030517578125 246.306243896484375 259.068756103515625 269.70001220703125 267.33123779296875 255.8687591552734375 244.03125 235.693756103515625 229.8000030517578125 223.4812469482421875 219.006256103515625 214.9812469482421875 211.162506103515625 206.7937469482421875 203.3249969482421875 199.0437469482421875
322.412506103515625 333.88751220703125 341.59375 349.131256103515625 353.568756103515625 356.40625 354.96875 350.04376220703125 340.65625 333.681243896484375 324.45623779296875 312.04376220703125 301.256256103515625 292.73748779296875 285.16876220703125 279.681243896484375 273.40625 263.95001220703125 254.7312469482421875 243.6062469482421875 229.28125 213.90625 199.087493896484375 190.125 194.34375 200.149993896484375 214.09375 225.037506103515625 237.46875 250.5250091552734375 266.28125 279.868743896484375 278.71875 263.375 248.193756103515625 237.243743896484375 229.125 221.318756103515625 215.5749969482421875 211.256256103515625 206.381256103515625 203.5500030517578125 200.4875030517578125 197.975006103515625
336.962493896484375 344.71875 348.73748779296875 352.04376220703125 354.931243896484375 353.67498779296875 351.556243896484375 343.83123779296875 337.368743896484375 331.75 321.84375 313.23748779296875 304.09375 297.5625 290.631256103515625 283.212493896484375 277.306243896484375 270.337493896484375 259.25 248.962493896484375 235.3249969482421875 219.1374969482421875 208.337493896484375 199.84375 199.931243896484375 204.4375 215.5500030517578125 227.0812530517578125 238.881256103515625 252.5437469482421875 266.45623779296875 277.975006103515625 274.14373779296875 260.5 247.024993896484375 235.181243896484375 226.787506103515625 218.618743896484375 212.9499969482421875 208.131256103515625 203.8000030517578125 201.975006103515625 200.118743896484375 200.0187530517578125
348.03125 354.193756103515625 354.006256103515625 354.76873779296875 353.76873779296875 348.3125 343.71875 339.76251220703125 336.48748779296875 329.75 323.10626220703125 315.5 306.84375 301.125 296.63751220703125 292.40625 287.037506103515625 276.725006103515625 267.493743896484375 256.34375 243.4499969482421875 228.15625 217.993743896484375 211.337493896484375 208.6687469482421875 211.0437469482421875 220.7687530517578125 230.712493896484375 241.181243896484375 253.024993896484375 263.04376220703125 271.26251220703125 263.931243896484375 253.1750030517578125 241.381256103515625 230.9875030517578125 223.118743896484375 215.4499969482421875 210.431243896484375 204.725006103515625 198.774993896484375 198.037506103515625 198.5749969482421875 205.4375
352.73748779296875 356.91876220703125 355.10626220703125 350.287506103515625 348.61248779296875 344.600006103515625 340.618743896484375 337.70623779296875 333.556243896484375 327.51251220703125 322.993743896484375 316.57501220703125 312.28125 307.712493896484375 303.350006103515625 298.41876220703125 293.14373779296875 286.70001220703125 276.475006103515625 263.537506103515625 249.2125091552734375 237.381256103515625 228.9562530517578125 221.212493896484375 216.725006103515625 217.4562530517578125 226.125 233.5437469482421875 242.3312530517578125 250.9499969482421875 258.193756103515625 262.037506103515625 254.837493896484375 246.0187530517578125 236.25 226.65625 219.4875030517578125 212.1437530517578125 206.125 202.1687469482421875 198.4875030517578125 199.3562469482421875 200.5124969482421875 207.7312469482421875
353.274993896484375 354.98126220703125 351.59375 347.318756103515625 345.73126220703125 340.92498779296875 338.050018310546875 333.39373779296875 329.5 325.98748779296875 322.82501220703125 318.61248779296875 317.306243896484375 311.84375 308.774993896484375 304.774993896484375 301.61248779296875 295.600006103515625 286.8125 274.899993896484375 260.4375 247.3625030517578125 237.774993896484375 228.2937469482421875 222.03125 224.7937469482421875 229.78125 236.725006103515625 243.34375 247.8874969482421875 252.743743896484375 254.5812530517578125 248.53125 240.193756103515625 230.5500030517578125 221.9187469482421875 213.09375 206.024993896484375 202.4375 199.0124969482421875 196.03125 197.2062530517578125 200.21875 204.9187469482421875
349.806243896484375 350.037506103515625 346.524993896484375 344.79376220703125 342.16876220703125 335.28125 332.306243896484375 327.29376220703125 323.837493896484375 320.70623779296875 319.600006103515625 320.17498779296875 318.01251220703125 315.26873779296875 312.42498779296875 309.662506103515625 304.23126220703125 299.225006103515625 290.5625 282.76873779296875 269.48126220703125 256.63751220703125 245.3937530517578125 236.40625 232.4812469482421875 231.774993896484375 234.1750030517578125 239.975006103515625 243.743743896484375 246.6999969482421875 249.787506103515625 249.8874969482421875 241.9187469482421875 233.6875 224.774993896484375 215.975006103515625 208.006256103515625 199.556243896484375 195.8125 192.4562530517578125 192.2624969482421875 194.8000030517578125 197.850006103515625 202.6062469482421875
339.600006103515625 337.3125 334.962493896484375 332.625 331.756256103515625 325.4375 319.875 316.67498779296875 313.29998779296875 313.04998779296875 317.306243896484375 317.462493896484375 319.17498779296875 319.556243896484375 316.45001220703125 312.375 308.337493896484375 303.962493896484375 294.65625 285.912506103515625 275.65625 263.78125 252.4812469482421875 244.587493896484375 241.2687530517578125 237.587493896484375 239.693756103515625 242.40625 244.943756103515625 246.9187469482421875 246.8625030517578125 244.4250030517578125 236.03125 228.2687530517578125 219.90625 212.2312469482421875 203.9375 196.09375 190.8249969482421875 190.5500030517578125 188.9375 190.6437530517578125 193.9625091552734375 198.8625030517578125
326.54998779296875 325.34375 323.975006103515625 321.618743896484375 319.53125 315.75 310.95623779296875 305.88751220703125 302.962493896484375 303.6875 307.29376220703125 313.29998779296875 318.59375 318.51251220703125 316.899993896484375 312.274993896484375 309.037506103515625 304.743743896484375 296.96875 288.725006103515625 279.20623779296875 268.837493896484375 258.86248779296875 249.4875030517578125 247.0500030517578125 243.1437530517578125 242.6687469482421875 243.774993896484375 245.3874969482421875 244.1999969482421875 242.3562469482421875 239.818756103515625 231.4562530517578125 223.3874969482421875 215.506256103515625 207.40625 199.587493896484375 190.024993896484375 187.6125030517578125 186.2375030517578125 183.4375 185.399993896484375 188.6062469482421875 193.15625
311.587493896484375 312.38751220703125 312.837493896484375 309.40625 306.806243896484375 302.462493896484375 297.493743896484375 293.86248779296875 289.649993896484375 289.118743896484375 296.787506103515625 307.84375 318.118743896484375 323.537506103515625 320.556243896484375 315.83123779296875 310.14373779296875 303.34375 298.368743896484375 288.962493896484375 282.050018310546875 271.256256103515625 262.45623779296875 252.618743896484375 249.274993896484375 247.46875 246.3249969482421875 244.943756103515625 245.506256103515625 243.8562469482421875 239.774993896484375 236.118743896484375 226.65625 219.125 210.5437469482421875 201.899993896484375 192.8000030517578125 187.7687530517578125 184.8000030517578125 181.8937530517578125 178.375 179.8249969482421875 182.6437530517578125 185.8937530517578125
298.01251220703125 300.212493896484375 299.787506103515625 296.83123779296875 293.375 287.912506103515625 283.6875 278.85626220703125 272.39373779296875 270.58123779296875 277.39373779296875 292.818756103515625 309.46875 317.681243896484375 316.34375 312.60626220703125 308.17498779296875 302.5625 297.6875 291.787506103515625 283.67498779296875 274.85626220703125 263.274993896484375 255.5749969482421875 251.0124969482421875 249.024993896484375 248.243743896484375 247.4812469482421875 247.1999969482421875 243.3625030517578125 238.4562530517578125 232.84375 223.5812530517578125 216.65625 207.443756103515625 197.5500030517578125 192.53125 187.899993896484375 183.9812469482421875 181.243743896484375 178.875 179.0812530517578125 180.037506103515625 182.306243896484375
285.337493896484375 288.57501220703125 287.162506103515625 284.850006103515625 281.0625 276.17498779296875 272.4375 265.14373779296875 255.59375 249.975006103515625 260.0625 283.34375 298.76251220703125 305.837493896484375 308.45001220703125 306.912506103515625 301.743743896484375 297.850006103515625 294.537506103515625 287.51251220703125 280.943756103515625 272.35626220703125 261.993743896484375 255.8562469482421875 250.9812469482421875 249.125 249.337493896484375 249.2375030517578125 248.0437469482421875 242.587493896484375 237.618743896484375 232.006256103515625 222.8562469482421875 214.1687469482421875 204.743743896484375 197.3000030517578125 192.806243896484375 189.1750030517578125 186.4812469482421875 181.9187469482421875 179.2624969482421875 178.2312469482421875 178.78125 179.3625030517578125
276.54998779296875 277.34375 274.875 273.38751220703125 269.90625 266.33123779296875 261.90625 254.318756103515625 246.868743896484375 239.681243896484375 256.524993896484375 279.42498779296875 291.29376220703125 297.73126220703125 300.125 299.899993896484375 294.806243896484375 292.54998779296875 287.006256103515625 279.78125 273.95001220703125 265.86248779296875 258.975006103515625 253.7624969482421875 249.493743896484375 249.4250030517578125 247.65625 249.21875 248.868743896484375 243.537506103515625 236.087493896484375 230.162506103515625 222.681243896484375 213.4187469482421875 202.631256103515625 198.5812530517578125 194.431243896484375 189.75 188.287506103515625 184.21875 179.9375 178.4812469482421875 176.53125 175.181243896484375
269.63751220703125 267.375 265.20001220703125 264.337493896484375 262.618743896484375 257.84375 254.34375 250.131256103515625 249.493743896484375 255.837493896484375 272.89373779296875 282.381256103515625 285.587493896484375 290.48748779296875 292.75 291.100006103515625 287.60626220703125 284.60626220703125 277.181243896484375 272.068756103515625 266.04376220703125 258.51873779296875 252.8312530517578125 250.1437530517578125 247.662506103515625 245.7687530517578125 245.243743896484375 246.631256103515625 246.431243896484375 243.287506103515625 237.743743896484375 230.34375 223.6687469482421875 216.8625030517578125 211.15625 205.243743896484375 199.712493896484375 195.9562530517578125 192.493743896484375 186.9875030517578125 183.15625 181.90625 179.125 178.337493896484375
262.318756103515625 260.32501220703125 258.556243896484375 257.962493896484375 256.5 253.6437530517578125 249.243743896484375 249.868743896484375 252.725006103515625 259.118743896484375 268.631256103515625 276.98126220703125 279.92498779296875 283.42498779296875 285.087493896484375 283.36248779296875 280.53125 277.36248779296875 269.58123779296875 263.15625 256.63751220703125 252.350006103515625 245.0749969482421875 242.6125030517578125 243.4812469482421875 242.9812469482421875 243.193756103515625 244.837493896484375 245.1750030517578125 242.6125030517578125 236.5 234.46875 231.0625 225.3125 220.5124969482421875 214.34375 208 203.5187530517578125 198.524993896484375 191.1750030517578125 186.318756103515625 184.806243896484375 181.1875 179.912506103515625
