data/historical-monthly-weather-data/wc2.1_cruts4.09_10m_prec_1977-04.asc
ncols        45
nrows        45
xllcorner    -63.500000000000
yllcorner    -7.500000000000
cellsize     0.166666666667
NODATA_value -9999
[rows 20 to 39 of 45, columns 0 to 44 of 45]
356.3125 365.662506103515625 371.1875 375.068756103515625 376.65625 384.07501220703125 390.100006103515625 389.368743896484375 384.89373779296875 375.3125 362.76251220703125 349.881256103515625 337.91876220703125 328.0625 313.631256103515625 301.51251220703125 291.8125 285.537506103515625 281.962493896484375 276.29376220703125 266.931243896484375 253.899993896484375 240.2624969482421875 235.7312469482421875 235.4875030517578125 235.3125 237.3000030517578125 239.3249969482421875 239.774993896484375 240.787506103515625 238.2937469482421875 235.443756103515625 224.1687469482421875 210.7312469482421875 200 212.587493896484375 232.056243896484375 247.743743896484375 257.318756103515625 261.79998779296875 262.4375 262.993743896484375 259.03125 256.98748779296875 254.462493896484375
349.11248779296875 354.818756103515625 361.75 372.25 378.38751220703125 383.837493896484375 390.63751220703125 393.83123779296875 390.04376220703125 377.15625 358.79376220703125 338.618743896484375 322.931243896484375 312.59375 304.96875 295.88751220703125 290.46875 283.28125 278.70001220703125 272.13751220703125 259.09375 247.3312530517578125 238.3125 235.181243896484375 235.6374969482421875 239.9562530517578125 252.568756103515625 254.2624969482421875 253.6875 254.03125 250.493743896484375 245.3249969482421875 235.5812530517578125 226.431243896484375 222.1374969482421875 228.274993896484375 242.5 255.243743896484375 261.26251220703125 263.1875 263.162506103515625 262.23126220703125 258.29998779296875 255.368743896484375 252.53125
343.64373779296875 356.48126220703125 365.100006103515625 374.631256103515625 381.13751220703125 386.98748779296875 390.681243896484375 396.818756103515625 400.493743896484375 380.54376220703125 354.03125 327.743743896484375 308.537506103515625 299.95623779296875 296.67498779296875 293.125 287.57501220703125 279.243743896484375 272.28125 263.96875 252.8249969482421875 241.725006103515625 231.443756103515625 229.71875 233.5500030517578125 240.649993896484375 255.3312530517578125 260.600006103515625 261.850006103515625 261.54376220703125 260.3125 257.693756103515625 253.443756103515625 248.524993896484375 247.337493896484375 249.350006103515625 257.23126220703125 265.59375 268.024993896484375 265.78125 263.20623779296875 260.08123779296875 255.9875030517578125 252.524993896484375 250.375
342.381256103515625 356.056243896484375 367.01873779296875 373.3125 378.39373779296875 384.125 391.07501220703125 394.76873779296875 394.98748779296875 373.84375 346.600006103515625 322.84375 297.931243896484375 293.08123779296875 291.943756103515625 288.45623779296875 282.375 275.993743896484375 267.5 259.412506103515625 247.46875 234.5749969482421875 224.337493896484375 224.524993896484375 228.2312469482421875 231.96875 244.0625 255.9562530517578125 262.725006103515625 268.48748779296875 272.26251220703125 275.85626220703125 274.618743896484375 270.725006103515625 269.931243896484375 270.15625 274.287506103515625 276.118743896484375 273.368743896484375 267.368743896484375 262.60626220703125 257.45001220703125 252.256256103515625 247.524993896484375 247.524993896484375
345.78125 359.962493896484375 368.412506103515625 375.29376220703125 380.96875 384.36248779296875 387.5 388.431243896484375 381.67498779296875 367.40625 344.475006103515625 321.443756103515625 305.693756103515625 294.600006103515625 289.70001220703125 285.243743896484375 281.26251220703125 274.225006103515625 265.51873779296875 255.118743896484375 241.912506103515625 228.5187530517578125 218.3625030517578125 216.881256103515625 219.1687469482421875 227.0124969482421875 240.84375 253.8312530517578125 265.431243896484375 278.48748779296875 288.3125 296.86248779296875 297.73126220703125 293.756256103515625 289.98748779296875 285.28125 284.6875 280.806243896484375 275.64373779296875 269.337493896484375 262.443756103515625 255.40625 250.09375 243.743743896484375 239.6875
360.162506103515625 371.96875 372.29376220703125 376.45001220703125 378.243743896484375 380.26251220703125 381.524993896484375 379.625 368.73126220703125 354.29376220703125 338.98748779296875 324.131256103515625 310.32501220703125 300.45001220703125 292.131256103515625 288.118743896484375 282.743743896484375 274.756256103515625 264.20623779296875 251.306243896484375 239.34375 224.287506103515625 211.8625030517578125 206.34375 211.8937530517578125 222.850006103515625 241.087493896484375 255.725006103515625 271.92498779296875 286.875 303.399993896484375 318.11248779296875 321.03125 313.4375 304.65625 297.04998779296875 291.975006103515625 285.618743896484375 277.881256103515625 270.256256103515625 262.85626220703125 254.056243896484375 246.4250030517578125 238.3375091552734375 236.4499969482421875
370.693756103515625 376.35626220703125 377.45623779296875 378 375.8125 377.375 375.318756103515625 369.568756103515625 359.16876220703125 351.3125 341.100006103515625 327.431243896484375 315.51251220703125 306.068756103515625 298.17498779296875 292.556243896484375 286.08123779296875 276.01873779296875 266.17498779296875 254.3625030517578125 239.34375 223.25 208.21875 202.15625 210.756256103515625 221.3937530517578125 240.90625 257.40625 275.71875 292.850006103515625 312.943756103515625 331.443756103515625 337.443756103515625 326.95623779296875 315.53125 305.431243896484375 298.162506103515625 290.412506103515625 280.65625 272.20001220703125 262.89373779296875 254.96875 246.7624969482421875 239.8562469482421875 242.375
383.618743896484375 384.20623779296875 382.15625 379.399993896484375 376.78125 374.256256103515625 371.59375 362.993743896484375 355.649993896484375 349.1875 338.23126220703125 328.431243896484375 318.100006103515625 310.625 303.39373779296875 295.774993896484375 289.70623779296875 282.29998779296875 270.54998779296875 259.712493896484375 245.6062469482421875 228.868743896484375 218.25 212.962493896484375 217.3874969482421875 226.8625030517578125 243.306243896484375 260.524993896484375 278.15625 296.0625 314.024993896484375 330.33123779296875 334.57501220703125 327.774993896484375 320.006256103515625 309.506256103515625 302.587493896484375 294.881256103515625 284.86248779296875 275.20623779296875 266 258.23126220703125 250.3562469482421875 245.3125 254.2624969482421875
392.17498779296875 390.39373779296875 384.725006103515625 380.53125 375.01251220703125 368.29998779296875 363.125 358.625 354.64373779296875 346.98748779296875 339.381256103515625 330.54998779296875 320.57501220703125 313.84375 309.16876220703125 304.875 299.381256103515625 288.524993896484375 278.78125 267.131256103515625 253.9749908447265625 238.337493896484375 228.5749969482421875 225.5124969482421875 227.3000030517578125 234.649993896484375 249.6750030517578125 265.17498779296875 281.318756103515625 297.26251220703125 310.82501220703125 323.512481689453125 324.693756103515625 322.76873779296875 318.48126220703125 310.73126220703125 305.29998779296875 298.88751220703125 289.524993896484375 278.375 266.61248779296875 259.375 253.5625 256.350006103515625 266.10626220703125
392.48126220703125 388.78125 382.41876220703125 373.462493896484375 368.36248779296875 363.568756103515625 359.28125 356.07501220703125 351.23126220703125 344.32501220703125 339.006256103515625 331.368743896484375 325.912506103515625 320.26873779296875 315.618743896484375 310.475006103515625 304.962493896484375 298.149993896484375 287.399993896484375 273.899993896484375 259.26873779296875 247.256256103515625 239.3312530517578125 235.28125 235.162506103515625 240.7375030517578125 254.537506103515625 267.11248779296875 281.337493896484375 294.256256103515625 305.618743896484375 314.118743896484375 316.125 317.318756103515625 316.5 311.243743896484375 308.399993896484375 303.943756103515625 294.17498779296875 286.243743896484375 278.1875 273.07501220703125 267.9375 271.318756103515625 275.962493896484375
387.95001220703125 382.10626220703125 375.15625 368.01251220703125 364.07501220703125 358.82501220703125 355.9375 351.131256103515625 346.60626220703125 342.412506103515625 338.53125 333.181243896484375 330.806243896484375 324.20001220703125 320.73126220703125 316.368743896484375 312.91876220703125 306.568756103515625 297.318756103515625 284.90625 270.10626220703125 256.774993896484375 247.625 241.774993896484375 239.8000030517578125 247.537506103515625 257.212493896484375 269.13751220703125 280.912506103515625 290.01251220703125 299.60626220703125 306.787506103515625 310.837493896484375 313.23748779296875 313.32501220703125 310.9375 307.431243896484375 304.975006103515625 300.006256103515625 293.95001220703125 287.850006103515625 283.48748779296875 281.118743896484375 281.412506103515625 286.57501220703125
378.90625 372.20623779296875 366.20623779296875 362.850006103515625 358.86248779296875 351.75 348.993743896484375 344.006256103515625 340.068756103515625 336.33123779296875 334.70001220703125 334.399993896484375 331.131256103515625 327.29998779296875 323.912506103515625 320.70623779296875 314.73748779296875 309.412506103515625 300.337493896484375 292.1875 278.60626220703125 265.48748779296875 254.556243896484375 249.2624969482421875 249.78125 253.6750030517578125 260.462493896484375 271.03125 279.556243896484375 287.756256103515625 296.350006103515625 302.54998779296875 304.818756103515625 307.899993896484375 309.649993896484375 308.38751220703125 307.57501220703125 304.66876220703125 300.82501220703125 296.29376220703125 295.65625 293.98748779296875 292.17498779296875 293.068756103515625 298.23126220703125
362.100006103515625 353.9375 349.881256103515625 346.556243896484375 344.92498779296875 338.662506103515625 333.375 330.462493896484375 326.975006103515625 326.681243896484375 331.01251220703125 330.48126220703125 331.462493896484375 331.0625 327.29376220703125 322.54998779296875 317.912506103515625 313.21875 303.493743896484375 294.381256103515625 283.79376220703125 271.568756103515625 260.48126220703125 255.9812469482421875 256.71875 257.03125 263.42498779296875 270.48126220703125 277.712493896484375 285.82501220703125 291.993743896484375 296.32501220703125 298.625 302.67498779296875 305.64373779296875 306.79376220703125 306.54376220703125 305.6875 301.45001220703125 303.88751220703125 303.256256103515625 302.287506103515625 302.92498779296875 305.88751220703125 311.75
342.412506103515625 336.618743896484375 334.212493896484375 331.412506103515625 329.01251220703125 325.600006103515625 321.26251220703125 316.631256103515625 313.96875 315.112518310546875 319.13751220703125 324.993743896484375 329.89373779296875 329.23748779296875 326.912506103515625 321.462493896484375 317.51251220703125 312.881256103515625 304.743743896484375 296.131256103515625 286.212493896484375 275.42498779296875 265.51251220703125 259.068756103515625 260.21875 259.86248779296875 263.350006103515625 268.600006103515625 274.875 280.36248779296875 285.649993896484375 291 293.79376220703125 297.86248779296875 301.84375 303.17498779296875 304.46875 301.806243896484375 304.16876220703125 307.193756103515625 306.9375 308.75 311.631256103515625 316.318756103515625 323.537506103515625
321.11248779296875 318.518768310546875 318.568756103515625 315.162506103515625 312.70623779296875 308.912506103515625 304.556243896484375 301.54376220703125 297.95623779296875 298.149993896484375 306.712493896484375 317.98748779296875 328.306243896484375 333.51873779296875 329.693756103515625 324.04376220703125 317.493743896484375 310.29376220703125 305.068756103515625 295.26251220703125 287.91876220703125 276.556243896484375 267.70623779296875 260.34375 260.006256103515625 261.375 264.006256103515625 266.46875 271.57501220703125 277.506256103515625 281.34375 286.4375 288.28125 293.26873779296875 296.556243896484375 297.58123779296875 297.36248779296875 302.58123779296875 305.84375 308.375 309 312.35626220703125 317.04998779296875 321.987518310546875 326.4375
302.33123779296875 301.818756103515625 301.26873779296875 298.58123779296875 295.45001220703125 290.681243896484375 287.20623779296875 283.118743896484375 277.318756103515625 276.306243896484375 283.993743896484375 299.975006103515625 317.15625 325.57501220703125 323.70001220703125 319.29998779296875 314.21875 308.3125 303.20001220703125 297.01251220703125 288.48126220703125 279.162506103515625 267.431243896484375 261.64373779296875 259.29376220703125 259.73748779296875 262.33123779296875 265.07501220703125 269.01251220703125 273.28125 277.04998779296875 280.537506103515625 282.618743896484375 288.274993896484375 290.42498779296875 289.125 294.493743896484375 299.975006103515625 302.23126220703125 305.70623779296875 309.131256103515625 312.23126220703125 315.89373779296875 321.287506103515625 323.66876220703125
284.831268310546875 285.88751220703125 284.54376220703125 282.70623779296875 279.381256103515625 275.36248779296875 272.524993896484375 266.09375 257.34375 252.4812469482421875 263.506256103515625 287.61248779296875 303.787506103515625 311.40625 313.875 311.98748779296875 306.412506103515625 302.318756103515625 298.850006103515625 291.587493896484375 284.662506103515625 275.63751220703125 265.131256103515625 260.23126220703125 256.837493896484375 256.662506103515625 259.79998779296875 262.787506103515625 265.475006103515625 268.57501220703125 273.17498779296875 277.393768310546875 279.725006103515625 282.86248779296875 284.431243896484375 286.10626220703125 291.64373779296875 298.1875 302.76251220703125 303.70623779296875 307.26873779296875 310.006256103515625 314.95623779296875 319.48126220703125 322.78125
271.350006103515625 270.506256103515625 268.350006103515625 267.46875 264.67498779296875 262.131256103515625 258.75 252.193756103515625 245.712493896484375 239.4375 257.20001220703125 281.024993896484375 293.86248779296875 301.15625 303.66876220703125 303.35626220703125 298.17498779296875 295.806243896484375 290.11248779296875 282.6875 276.57501220703125 268.175018310546875 261.118743896484375 256.59375 253.118743896484375 254.118743896484375 254.71875 258.98126220703125 262.23748779296875 265.943756103515625 268.256256103515625 272.54998779296875 276.6875 278.79376220703125 278.14373779296875 284.04376220703125 289.556243896484375 294.04998779296875 300.725006103515625 302.86248779296875 304.243743896484375 307.67498779296875 309.837493896484375 312.51251220703125 316.818756103515625
259.868743896484375 256.51873779296875 254.9499969482421875 254.9250030517578125 254.0812530517578125 250.5437469482421875 248.2687530517578125 245.25 245.725006103515625 253.1062469482421875 271.162506103515625 281.649993896484375 285.875 291.73748779296875 294.375 292.96875 289.675018310546875 286.71875 279.243743896484375 274.07501220703125 267.868743896484375 260.125 254.3499908447265625 252.0500030517578125 250.0437469482421875 248.84375 250.28125 253.90625 256.71875 261.756256103515625 265.125 266.587493896484375 270.318756103515625 274.09375 279.024993896484375 281.850006103515625 284.868743896484375 290.131256103515625 293.506256103515625 293.306243896484375 295.23748779296875 298.756256103515625 299.35626220703125 302.756256103515625 305.743743896484375
248.0437469482421875 245.4562530517578125 244.5812530517578125 245.0500030517578125 244.712493896484375 243.2375030517578125 240.287506103515625 242.1687469482421875 246.243743896484375 253.8249969482421875 264.51251220703125 273.9375 278 282.587493896484375 284.850006103515625 283.693756103515625 281.35626220703125 278.381256103515625 270.6875 264.350006103515625 257.76251220703125 253.3625030517578125 246.03125 243.7312469482421875 244.818756103515625 244.6875 246.475006103515625 249.931243896484375 252.7687530517578125 257.162506103515625 258.59375 264.75 270.881256103515625 274.65625 279.48748779296875 281.556243896484375 283.181243896484375 286.993743896484375 287.975006103515625 285.04998779296875 285.21875 287.86248779296875 286.73126220703125 288.78125 292.70623779296875
