data/historical-monthly-weather-data/wc2.1_cruts4.09_10m_prec_2012-04.asc
ncols        51
nrows        45
xllcorner    -63.500000000000
yllcorner    -7.500000000000
cellsize     0.166666666667
NODATA_value -9999
[rows 0 to 19 of 45, columns 0 to 43 of 51]
388.962493896484375 401.95623779296875 406.337493896484375 417.78125 421.600006103515625 415.6875 407.368743896484375 392.068756103515625 378.375 370.34375 366.837493896484375 360.86248779296875 352.67498779296875 341.73748779296875 330.39373779296875 319.8125 311.125 300.71875 293.95001220703125 287.70001220703125 284.03125 282.131256103515625 279.41876220703125 279.399993896484375 277.287506103515625 278.1875 279.67498779296875 283.26251220703125 284.91876220703125 282.774993896484375 280.3125 277.881256103515625 274.67498779296875 273.04376220703125 271.29376220703125 272.125 271.412506103515625 270.931243896484375 273.53125 274.662506103515625 275.9375 278.25 278.15625 280.287506103515625
399.48748779296875 411.70623779296875 426.225006103515625 439.5625 450.625 441.70001220703125 429.368743896484375 419.199981689453125 406.225006103515625 395.28125 388.28125 377.587493896484375 366.53125 353.82501220703125 338.993743896484375 327.837493896484375 315.40625 305.118743896484375 296.131256103515625 286.96875 282 278.08123779296875 276.04376220703125 274.068756103515625 273.25 273.024993896484375 275.17498779296875 280.100006103515625 281.23126220703125 277.40625 274.29998779296875 272.09375 269.91876220703125 269.975006103515625 268.26873779296875 268.95623779296875 270.225006103515625 270.149993896484375 271.881256103515625 271.86248779296875 271.96875 274.5 274.625 274.90625
398.8125 413.64373779296875 424.600006103515625 438.83123779296875 450.08123779296875 444.39373779296875 436.42498779296875 429.76873779296875 422.462493896484375 411.1875 399.46875 385.212493896484375 372.8125 356.568756103515625 341.35626220703125 328.73126220703125 315.725006103515625 305.631256103515625 295.587493896484375 287.181243896484375 281.943756103515625 277.54998779296875 272.625 269.1875 267.45623779296875 265.993743896484375 270.056243896484375 272.881256103515625 273.57501220703125 271.23126220703125 268.14373779296875 265.38751220703125 265.76873779296875 265.568756103515625 263.29376220703125 263.57501220703125 266.48748779296875 268.33123779296875 269.57501220703125 270.23748779296875 270.725006103515625 271.61248779296875 271.743743896484375 272.66876220703125
389.85626220703125 404.79376220703125 418.98126220703125 427.899993896484375 436.493743896484375 436.787506103515625 434.318756103515625 432.1875 429.881256103515625 422.725006103515625 408.65625 390.21875 372.59375 356.618743896484375 340.537506103515625 327.48126220703125 315.256256103515625 305.056243896484375 295.318756103515625 287.368743896484375 282.08123779296875 276.024993896484375 268.306243896484375 264.068756103515625 260.26251220703125 255.9562530517578125 261.181243896484375 263.85626220703125 265.475006103515625 265.331268310546875 262.96875 260.818756103515625 259.131256103515625 258.54376220703125 256.587493896484375 259.0625 261.79998779296875 264.087493896484375 267.462493896484375 267.574981689453125 268.46875 270.36248779296875 268.79376220703125 268.524993896484375
399.14373779296875 406.631256103515625 407.462493896484375 414.03125 424.25 426.225006103515625 424.6875 427.225006103515625 430.6875 429.54376220703125 411.88751220703125 386.95623779296875 368.912506103515625 353.493743896484375 337.45001220703125 324.087493896484375 311.212493896484375 301.79376220703125 292.462493896484375 284.34375 278.78125 270.681243896484375 261.98126220703125 257.51873779296875 249.975006103515625 244.375 248.4187469482421875 254.9250030517578125 259.45623779296875 258.337493896484375 256.837493896484375 253.0187530517578125 251.2062530517578125 251.0812530517578125 250.25 252.9812469482421875 255.399993896484375 258.59375 263.037506103515625 264.318756103515625 266.850006103515625 265.899993896484375 265.024993896484375 266.256256103515625
395.975006103515625 404.54998779296875 405.368743896484375 402.41876220703125 410.368743896484375 414 412.76873779296875 415.337493896484375 418.90625 421.287506103515625 400.681243896484375 377.912506103515625 361.98748779296875 348.056243896484375 332.45623779296875 320.42498779296875 306.399993896484375 296.38751220703125 288.64373779296875 280.75 272.59375 263.26873779296875 255.756256103515625 249.3312530517578125 242.3625030517578125 237.1374969482421875 241.0749969482421875 247.40625 252.09375 251 249.4875030517578125 248 244.5812530517578125 244.21875 245.03125 247.7375030517578125 252.443756103515625 256.556243896484375 261.45623779296875 265.29376220703125 265.85626220703125 265.01251220703125 265.037506103515625 266.943756103515625
394 401.10626220703125 401.67498779296875 397.225006103515625 393.993743896484375 391.475006103515625 389.75 389.993743896484375 387.76251220703125 382.9375 374.181243896484375 362.006256103515625 352.818756103515625 340.32501220703125 327.16876220703125 317.13751220703125 304.4375 291.04376220703125 280.89373779296875 273.556243896484375 265.725006103515625 256.774993896484375 248.100006103515625 239.725006103515625 233.2312469482421875 228.5124969482421875 233.431243896484375 238.6687469482421875 243.3125 243.037506103515625 242.5625 240.8937530517578125 238.9187469482421875 237.0124969482421875 237.649993896484375 241.243743896484375 245.506256103515625 251.1687469482421875 258.850006103515625 263.15625 262.10626220703125 262.20001220703125 263.08123779296875 265.306243896484375
392.868743896484375 395.85626220703125 393.33123779296875 390.95001220703125 387.75 381.11248779296875 369.774993896484375 357.98126220703125 347.225006103515625 342.58123779296875 345.13751220703125 344.5 340.493743896484375 332.774993896484375 322.85626220703125 312.61248779296875 300.45001220703125 286.45001220703125 273.324981689453125 265.625 258.524993896484375 249.649993896484375 239.368743896484375 231.087493896484375 225.375 218.90625 223.6125030517578125 229.475006103515625 234.84375 235.6374969482421875 233.975006103515625 232.7937469482421875 231.212493896484375 229.8625030517578125 229.90625 232.0500030517578125 237.09375 242.5 249.193756103515625 253.287506103515625 254.9562530517578125 256.82501220703125 257.79998779296875 259.337493896484375
390.3125 392.75 389.20623779296875 384.337493896484375 380.28125 371.118743896484375 360.54998779296875 346.6875 329.125 319.23126220703125 326.318756103515625 330.587493896484375 334.618743896484375 329.399993896484375 319.125 309.693756103515625 299.006256103515625 285.881256103515625 274.0625 263.774993896484375 251.318756103515625 243.1875 232 225.337493896484375 218.8312530517578125 210.9875030517578125 214.9812469482421875 221.3562469482421875 226.850006103515625 228.118743896484375 228.5 226.46875 224.212493896484375 221.4562530517578125 221.7624969482421875 224.78125 230.306243896484375 234.600006103515625 241.431243896484375 245.743743896484375 248.5625 249.806243896484375 252.1750030517578125 255.118743896484375
387.100006103515625 386.38751220703125 383.274993896484375 378.524993896484375 372.725006103515625 364.41876220703125 355.306243896484375 342.59375 331.70001220703125 326.568756103515625 328.73748779296875 329.03125 330.76873779296875 326.51251220703125 318.04376220703125 307.51251220703125 297.0625 285 272.925018310546875 264.07501220703125 250.412506103515625 237.9812469482421875 225.4562530517578125 219.4812469482421875 210.462493896484375 201.412506103515625 205.1062469482421875 211.2624969482421875 217.693756103515625 221.28125 220.59375 218.3312530517578125 215.881256103515625 213.5812530517578125 213.431243896484375 217.537506103515625 221.5749969482421875 226.125 232.7062530517578125 238.9875030517578125 243.899993896484375 245.7937469482421875 247.4187469482421875 247.3000030517578125
383.90625 383.375 378.881256103515625 373.16876220703125 365.193756103515625 357.993743896484375 350.40625 340.243743896484375 334.274993896484375 331.51251220703125 332.975006103515625 334.681243896484375 330.3125 325.45001220703125 314.774993896484375 303.412506103515625 293.462493896484375 282.318756103515625 271.57501220703125 261.59375 250.318756103515625 235.6437530517578125 219.8249969482421875 207.256256103515625 200.7062530517578125 192.1687469482421875 194.5187530517578125 200.181243896484375 205.725006103515625 209.7624969482421875 210.0500030517578125 208.59375 206.837493896484375 204.8375091552734375 204.7312469482421875 207.181243896484375 211.1062469482421875 216.125 223.600006103515625 230.631256103515625 235.8562469482421875 237.962493896484375 241.462493896484375 243.3125
378.82501220703125 377.01251220703125 371.98748779296875 369.90625 363.73126220703125 354.881256103515625 349.61248779296875 343.33123779296875 340.09375 338.443756103515625 339.587493896484375 340.73748779296875 331.131256103515625 322.23748779296875 310.693756103515625 299.556243896484375 288.79376220703125 277.65625 267.45001220703125 257.962493896484375 245.2687530517578125 229.725006103515625 213.6437530517578125 203.537506103515625 192.818756103515625 182.2375030517578125 184.4812469482421875 189.28125 194.9499969482421875 197.9875030517578125 199.2687530517578125 199.3125 197.287506103515625 195.899993896484375 195.9187469482421875 199.149993896484375 204.056243896484375 209.6374969482421875 215.625 221.337493896484375 227.5374908447265625 230.7249908447265625 233.5625 233.006256103515625
374.71875 372.231231689453125 367.587493896484375 364.04376220703125 359.78125 355.42498779296875 348.850006103515625 342.375 339.23748779296875 340.32501220703125 341.15625 340.912506103515625 331.274993896484375 314.40625 302.25 292.993743896484375 281.26873779296875 270.125 261.0625 250.2624969482421875 236.9499969482421875 219.6875 201.462493896484375 191.787506103515625 178.2687530517578125 167.9812469482421875 172.3125 177.2375030517578125 183.7687530517578125 186.756256103515625 188.6750030517578125 189.243743896484375 187.5 186.462493896484375 186.149993896484375 190.787506103515625 196.2375030517578125 202.0812530517578125 209.118743896484375 215.2375030517578125 218.28125 222.912506103515625 224.037506103515625 223.962493896484375
369.318756103515625 366.45001220703125 360.54376220703125 356.39373779296875 354.41876220703125 350.08123779296875 343.618743896484375 338.34375 337.0625 336.75 334.35626220703125 328.73126220703125 319.84375 306.28125 291.23748779296875 282.881256103515625 271.256256103515625 258.70001220703125 250.0749969482421875 238.243743896484375 223.6750030517578125 205.0812530517578125 187.65625 176.3000030517578125 165.649993896484375 157.5124969482421875 161.2375030517578125 166.65625 172.475006103515625 176.256256103515625 178.6687469482421875 180.3562469482421875 177.7375030517578125 176.8874969482421875 177.5749969482421875 183.0625 188.8625030517578125 196.024993896484375 204.462493896484375 209.837493896484375 210.6374969482421875 211.2062530517578125 216.118743896484375 222.100006103515625
362.92498779296875 360.506256103515625 355.4375 351.8125 350.412506103515625 345.75 340.63751220703125 335.212493896484375 331.600006103515625 328.662506103515625 324.79998779296875 317.875 307.256256103515625 294.09375 278.23748779296875 266.67498779296875 256.53125 247.5437469482421875 238.6125030517578125 227.4562530517578125 211.53125 194.462493896484375 176.53125 166.6062469482421875 157.9562530517578125 152.0812530517578125 155.4375 161.0124969482421875 166.837493896484375 170.212493896484375 171.7687530517578125 171.9375 171.25 169.631256103515625 169.625 174.6937408447265625 183.756256103515625 193.5749969482421875 202.0500030517578125 205.9250030517578125 207.34375 210.431243896484375 218.024993896484375 221.350006103515625
354.54376220703125 352.01873779296875 349.399993896484375 347.350006103515625 345.162506103515625 340.5625 335.162506103515625 329.96875 327.568756103515625 322.75 317.037506103515625 308.337493896484375 297.181243896484375 282.506256103515625 265.100006103515625 248.2624969482421875 241.631256103515625 236.3312530517578125 226.96875 216.7937469482421875 201.274993896484375 183.475006103515625 165.993743896484375 157.96875 151.0437469482421875 147.1875 150.100006103515625 155.9187469482421875 161.568756103515625 165.6437530517578125 168.8937530517578125 169.149993896484375 164.912506103515625 162.2062530517578125 160.7312469482421875 169.6999969482421875 179.0500030517578125 189.649993896484375 199.087493896484375 206.4375 210.056243896484375 214.287506103515625 218.3312530517578125 219.5749969482421875
344.60626220703125 343.875 342.84375 341.662506103515625 339.20623779296875 334.51873779296875 330.943756103515625 325.70001220703125 320.881256103515625 315.96875 308.84375 299.32501220703125 286.66876220703125 272.03125 256.631256103515625 242.40625 229.837493896484375 222.975006103515625 216.193756103515625 207.4375 192.162506103515625 175.412506103515625 158.59375 150.2624969482421875 145.056243896484375 141.9812469482421875 145.5500030517578125 151.1062469482421875 157.40625 162.6374969482421875 166.0437469482421875 166.96875 163.287506103515625 160.1687469482421875 162 168.725006103515625 178.7624969482421875 190.337493896484375 203.28125 209.9812469482421875 214.75 217.462493896484375 217.381256103515625 217.5
332.899993896484375 335.14373779296875 334.131256103515625 335.32501220703125 333.149993896484375 329.318756103515625 326.15625 319.212493896484375 313.631256103515625 306.868743896484375 298.274993896484375 288.04376220703125 275.39373779296875 262.5 248.28125 235.5812530517578125 222.8000030517578125 209.3937530517578125 205.375 197.774993896484375 185.1062469482421875 169.256256103515625 153.899993896484375 146.90625 143.181243896484375 141.162506103515625 143.4562530517578125 150.3125 157.287506103515625 162.337493896484375 163.850006103515625 160.9375 160.993743896484375 160.6062469482421875 161.337493896484375 170.15625 180.125 190.875 202.024993896484375 211.875 214.787506103515625 216.25 216.087493896484375 215.3625030517578125
320.09375 324.57501220703125 326.037506103515625 326.243743896484375 325.024993896484375 322.38751220703125 318.068756103515625 313.256256103515625 307.649993896484375 299.943756103515625 289.318756103515625 275.743743896484375 263.76873779296875 253.0437469482421875 237.3625030517578125 225.037506103515625 213.462493896484375 201.618743896484375 192.7062530517578125 185.881256103515625 177.9875030517578125 165.40625 147.162506103515625 143.649993896484375 142.443756103515625 142.7687530517578125 146.9499969482421875 152.7624969482421875 160.0500030517578125 164.6374969482421875 166.5 164.6875 161.7937469482421875 156.75 156.7062530517578125 165.725006103515625 176.40625 186.681243896484375 199.1062469482421875 207.3937530517578125 213.5749969482421875 215.212493896484375 214.274993896484375 213.3874969482421875
306.912506103515625 313.712493896484375 315.024993896484375 313.993743896484375 315.25 315.45001220703125 312.962493896484375 306.15625 300.20001220703125 292.243743896484375 280.38751220703125 268.26873779296875 256.024993896484375 244.1125030517578125 227.7062530517578125 211.5437469482421875 198.556243896484375 192.0500030517578125 183.3312530517578125 176.5187530517578125 167.2312469482421875 155.1062469482421875 144.5749969482421875 142.5 142.475006103515625 143.412506103515625 148.774993896484375 156.2937469482421875 162.2375030517578125 165.462493896484375 166 168.1437530517578125 162.399993896484375 153.9875030517578125 150.037506103515625 158.725006103515625 172.681243896484375 185.8874969482421875 197.0437469482421875 205.8625030517578125 211.118743896484375 212.71875 212.2375030517578125 211.2624969482421875
