data/historical-monthly-weather-data/wc2.1_cruts4.09_10m_prec_2015-09.asc
ncols        51
nrows        45
xllcorner    -63.500000000000
yllcorner    -7.500000000000
cellsize     0.166666666667
NODATA_value -9999
[rows 19 to 37 of 45, columns 0 to 42 of 51]
22.9375 21.893749237060546875 21.431249618530273438 21.274999618530273438 21.34375 22.393749237060546875 23.387500762939453125 24.375 26.8125 28.962499618530273438 30.09375 27.15625 23.581249237060546875 20.40625 18.256250381469726562 16.606250762939453125 14.918749809265136719 14.574999809265136719 14.0625 14.15625 13.824999809265136719 13.6875 14.162500381469726562 14.475000381469726562 14.512499809265136719 14.175000190734863281 14.287500381469726562 14.40625 14 13.96875 14.40625 16.431249618530273438 15.899999618530273438 15.050000190734863281 13.587499618530273438 11.631250381469726562 9.8187503814697265625 8.3187503814697265625 7.2249999046325683594 6.0812501907348632812 4.9187498092651367188 4.1374998092651367188 3.7999999523162841797
20.625 19.912500381469726562 19.700000762939453125 19.643749237060546875 19.706249237060546875 20.524999618530273438 21.543750762939453125 22.606250762939453125 25.112499237060546875 27.462499618530273438 28.71875 26.681249618530273438 23.768749237060546875 20.825000762939453125 18.78125 16.693750381469726562 14.962499618530273438 14.225000381469726562 14.15625 13.824999809265136719 13.981249809265136719 14.256250381469726562 14.487500190734863281 14.793749809265136719 15.074999809265136719 14.956250190734863281 14.987500190734863281 14.875 14.862500190734863281 16.100000381469726562 17.606250762939453125 19.762500762939453125 19.168750762939453125 18.243749618530273438 17.162500381469726562 14.231249809265136719 11.118749618530273438 8.9187498092651367188 7.4562501907348632812 6.1875 5.1125001907348632812 4.4375 4.0374999046325683594
18.850000381469726562 18.043750762939453125 17.924999237060546875 17.956249237060546875 18.21875 19.137500762939453125 20.043750762939453125 21.237499237060546875 23.643749237060546875 26.006250381469726562 27.462499618530273438 26.318750381469726562 24.556249618530273438 22.356250762939453125 20.087499618530273438 17.600000381469726562 15.731249809265136719 14.875 14.699999809265136719 14.356249809265136719 14.056249618530273438 14.25 14.506249427795410156 14.806249618530273438 15.006250381469726562 15.125 15.774999618530273438 15.925000190734863281 16.587499618530273438 18.481250762939453125 20.606250762939453125 22.71875 21.6875 20.174999237060546875 17.706249237060546875 14.918749809265136719 11.806249618530273438 9.4624996185302734375 7.7937498092651367188 6.5062499046325683594 5.4437499046325683594 4.8125 4.40625
17.368749618530273438 16.84375 16.612499237060546875 16.693750381469726562 16.931249618530273438 17.78125 18.774999618530273438 19.956249237060546875 22.493749618530273438 24.668750762939453125 26.674999237060546875 26.456249237060546875 26.049999237060546875 24.649999618530273438 21.706249237060546875 18.893749237060546875 16.618749618530273438 15.768750190734863281 15.25 14.824999809265136719 14.574999809265136719 14.65625 14.737500190734863281 14.831250190734863281 15.212499618530273438 15.431249618530273438 16.174999237060546875 17.0625 17.924999237060546875 20.168750762939453125 22.96875 25.575000762939453125 23.799999237060546875 21.168750762939453125 17.943750381469726562 14.725000381469726562 11.981249809265136719 9.6812496185302734375 8.09375 6.8812499046325683594 5.8874998092651367188 5.2249999046325683594 4.7562499046325683594
16.543750762939453125 15.899999618530273438 15.774999618530273438 15.706250190734863281 15.793749809265136719 16.806249618530273438 17.868749618530273438 19.043750762939453125 21.5 23.818750381469726562 25.875 27.03125 28.075000762939453125 27.262500762939453125 23.875 20.612499237060546875 18.112499237060546875 17.149999618530273438 16.53125 15.918749809265136719 15.649999618530273438 15.5625 15.712499618530273438 15.912500381469726562 16.206249237060546875 16.350000381469726562 17.181249618530273438 18.206249237060546875 19.71875 22.368749618530273438 25.399999618530273438 28.143749237060546875 25.731250762939453125 22.443750381469726562 18.931249618530273438 15.175000190734863281 12.287500381469726562 9.9499998092651367188 8.3687496185302734375 7.2125000953674316406 6.1500000953674316406 5.5187501907348632812 5.0812501907348632812
16.006250381469726562 15.324999809265136719 15.043749809265136719 14.850000381469726562 15.262499809265136719 16.181249618530273438 17.162500381469726562 18.362499237060546875 20.674999237060546875 23.112499237060546875 25.40625 26.962499618530273438 28.431249618530273438 28.662500381469726562 25.600000381469726562 22.225000381469726562 19.637500762939453125 18.462499618530273438 17.706249237060546875 17.143749237060546875 16.887500762939453125 16.65625 16.962499618530273438 17.256250381469726562 17.262500762939453125 17.706249237060546875 18.674999237060546875 19.9375 21.618749618530273438 24.643749237060546875 27.818750381469726562 30.450000762939453125 28.012500762939453125 24.299999237060546875 20.325000762939453125 16.368749618530273438 13.25 10.53125 8.8062496185302734375 7.5124998092651367188 6.34375 5.8249998092651367188 5.4437499046325683594
15.743749618530273438 15.293749809265136719 14.731249809265136719 14.612500190734863281 14.6875 15.550000190734863281 16.587499618530273438 17.737499237060546875 19.981250762939453125 22.450000762939453125 24.59375 26.8125 28.837499618530273438 29.6875 27.018749237060546875 23.825000762939453125 21.087499618530273438 19.981250762939453125 19.112499237060546875 18.412500381469726562 18.1875 17.956249237060546875 18.3125 18.693750381469726562 18.837499618530273438 19.137500762939453125 20.556249618530273438 22.231250762939453125 23.96875 27.206249237060546875 30.568750381469726562 33.41249847412109375 30.137500762939453125 26.043750762939453125 22.03125 18.174999237060546875 14.462499618530273438 11.287500381469726562 9.5249996185302734375 8 6.7375001907348632812 6.1812500953674316406 5.8000001907348632812
15.393750190734863281 14.675000190734863281 14.318750381469726562 14.274999618530273438 14.34375 15.3125 16.356250762939453125 17.493749618530273438 19.600000381469726562 22.106250762939453125 24.668750762939453125 27.612499237060546875 30.25 31.956249237060546875 29.549999237060546875 26.493749618530273438 23.981250762939453125 22.575000762939453125 21.587499618530273438 20.793750762939453125 20.674999237060546875 20.487499237060546875 20.793750762939453125 21.618749618530273438 21.768749237060546875 22.268749237060546875 23.924999237060546875 25.600000381469726562 27.581249237060546875 30.662500381469726562 33.862499237060546875 36.11875152587890625 32.78749847412109375 28.056249618530273438 23.287500381469726562 19.40625 15.65625 12.225000381469726562 10.3125 8.6937503814697265625 7.21875 6.6500000953674316406 6.2874999046325683594
14.949999809265136719 14.118749618530273438 13.956250190734863281 13.875 14.100000381469726562 15.081250190734863281 16.237499237060546875 17.475000381469726562 19.587499618530273438 22.193750381469726562 24.818750381469726562 28.387500762939453125 31.856250762939453125 34.543750762939453125 32.262500762939453125 29.337499618530273438 26.825000762939453125 25.356250762939453125 24.206249237060546875 23.475000381469726562 23.325000762939453125 23.318750381469726562 23.700000762939453125 24.53125 25.137500762939453125 25.668750762939453125 27.462499618530273438 29.424999237060546875 31.581249237060546875 34.731250762939453125 37.4375 39.43125152587890625 35.56874847412109375 30.043750762939453125 24.737499237060546875 20.600000381469726562 16.931249618530273438 13.399999618530273438 11.324999809265136719 9.5124998092651367188 7.8937501907348632812 7.2750000953674316406 6.7062501907348632812
14.681249618530273438 13.706250190734863281 13.543749809265136719 13.5625 13.850000381469726562 14.837499618530273438 16.043750762939453125 17.450000762939453125 19.737499237060546875 22.299999237060546875 25.043750762939453125 29.106250762939453125 33.58750152587890625 36.71875 34.72499847412109375 32.50624847412109375 30.5 28.318750381469726562 27.006250381469726562 26.225000381469726562 26.3125 26.549999237060546875 27.106250762939453125 28.131250381469726562 28.606250762939453125 29.487499237060546875 31.481250762939453125 33.875 36.53125 38.981250762939453125 41.137500762939453125 42.65625 37.924999237060546875 32.018749237060546875 26.581249237060546875 22.168750762939453125 18.456249237060546875 14.856249809265136719 12.649999618530273438 10.587499618530273438 8.5249996185302734375 7.6937499046325683594 7.1937499046325683594
15.587499618530273438 14.4375 14.131250381469726562 14.131250381469726562 14.381250381469726562 15.550000190734863281 16.875 18.399999618530273438 20.850000381469726562 23.493749618530273438 26.350000381469726562 30.868749618530273438 35.543750762939453125 39.143749237060546875 38.34999847412109375 36.581249237060546875 34.887500762939453125 33.137500762939453125 31.40625 30.5 30.837499618530273438 31.475000381469726562 31.956249237060546875 32.93125152587890625 34 35.38124847412109375 37.34999847412109375 39.575000762939453125 41.768749237060546875 43.700000762939453125 45.52500152587890625 46.412502288818359375 41.106250762939453125 34.956249237060546875 29.337499618530273438 24.881250381469726562 20.96875 17.325000762939453125 14.524999618530273438 12.40625 10.193750381469726562 9.1000003814697265625 8.3000001907348632812
16.399999618530273438 15.168749809265136719 15.006250381469726562 14.868749618530273438 15.1875 16.506250381469726562 17.799999237060546875 19.387500762939453125 22.112499237060546875 25.006250381469726562 28.043750762939453125 32.68125152587890625 38.168750762939453125 42 41.78749847412109375 40.83750152587890625 40.24375152587890625 38.52500152587890625 36.63124847412109375 35.84999847412109375 36.25624847412109375 37.1875 37.950000762939453125 38.924999237060546875 39.987499237060546875 41.606250762939453125 43.581249237060546875 45.69374847412109375 47.793750762939453125 48.262500762939453125 49.55625152587890625 49.831249237060546875 44.1875 38.46875 32.68125152587890625 27.662500381469726562 23.575000762939453125 19.818750381469726562 17.043748855590820312 14.524999618530273438 11.96875 10.600000381469726562 9.5749998092651367188
17.700000762939453125 16.137498855590820312 15.899999618530273438 15.912500381469726562 16.381250381469726562 17.662500381469726562 19.087499618530273438 20.806249618530273438 23.768749237060546875 26.806249618530273438 30.143751144409179688 34.90625 39.9375 44.674999237060546875 45.825000762939453125 46.518749237060546875 46.393749237060546875 44.78749847412109375 43.237499237060546875 42.71875 43.34375 43.58750152587890625 44.52500152587890625 45.325000762939453125 47.143749237060546875 48.08750152587890625 49.74375152587890625 52.393749237060546875 54.28749847412109375 54.012500762939453125 54.237499237060546875 53.106250762939453125 47.575000762939453125 41.6875 35.6875 30.524999618530273438 26.174999237060546875 22.006250381469726562 19.118749618530273438 16.443750381469726562 13.800000190734863281 12.225000381469726562 11.087499618530273438
20.6875 19.112499237060546875 18.712499618530273438 18.681249618530273438 19.068750381469726562 20.462499618530273438 22.125 23.774999618530273438 26.806249618530273438 29.850000381469726562 34.112499237060546875 38.71875 44.112499237060546875 50.018749237060546875 52.16249847412109375 54.325000762939453125 55.46875 54.737499237060546875 53.21875 52.61875152587890625 52.74375152587890625 52.799999237060546875 52.80625152587890625 53.59375 55.15000152587890625 55.75 57.34999847412109375 59.793750762939453125 61.59375 61.262500762939453125 60.05625152587890625 58.22499847412109375 52.125 46.09999847412109375 40.268749237060546875 34.887500762939453125 30.03125 25.268749237060546875 22.318750381469726562 19.743749618530273438 17.006250381469726562 15.306249618530273438 14.006250381469726562
23.674999237060546875 22.243749618530273438 21.950000762939453125 21.837499618530273438 22.03125 23.512500762939453125 25.331249237060546875 27.125 30.087499618530273438 33.53125 37.47499847412109375 43.28749847412109375 48.987499237060546875 54.38124847412109375 58.481250762939453125 62.09375 65.6062469482421875 65.49375152587890625 64.6125030517578125 64 63.75 62.96250152587890625 62.362499237060546875 62.31874847412109375 62.918750762939453125 63.28125 64.8312530517578125 67.1687469482421875 68.61875152587890625 67.4499969482421875 65.75624847412109375 63.293750762939453125 57.137500762939453125 50.737499237060546875 44.81874847412109375 39.84375 34.21250152587890625 29.043750762939453125 26.006250381469726562 23.081249237060546875 20.193750381469726562 18.643749237060546875 17.331249237060546875
27.15625 25.725000381469726562 25.4375 25.462499618530273438 25.649999618530273438 27.03125 28.993749618530273438 30.912500381469726562 33.71250152587890625 37.325000762939453125 41.825000762939453125 48.31874847412109375 54.456249237060546875 60.50624847412109375 65.90625 71.4562530517578125 76.2937469482421875 76.38124847412109375 76.97499847412109375 76.25 75.91249847412109375 74.3937530517578125 72.2062530517578125 71.2312469482421875 70.47499847412109375 71.0749969482421875 72.86875152587890625 74.6374969482421875 75.83750152587890625 73.6750030517578125 71.15000152587890625 67.6125030517578125 61.56874847412109375 55.33750152587890625 49.13124847412109375 43.50624847412109375 38.137500762939453125 33.356250762939453125 29.943750381469726562 26.962499618530273438 23.612499237060546875 21.78125 20.59375
32.78749847412109375 31.181249618530273438 30.993749618530273438 31.024999618530273438 31.206251144409179688 32.69374847412109375 34.28749847412109375 36.46875 39.456249237060546875 42.94374847412109375 47.78749847412109375 54.418750762939453125 61.612499237060546875 68.65000152587890625 74.93125152587890625 81.69374847412109375 87.3562469482421875 88.6374969482421875 89.625 90.1875 88.30625152587890625 85.7937469482421875 82.0187530517578125 79.7937469482421875 78.7687530517578125 78.61875152587890625 79.65000152587890625 81.41249847412109375 82.52500152587890625 79.5812530517578125 76.5500030517578125 72.8625030517578125 66.43125152587890625 60.450000762939453125 54.40625 48.59375 44.049999237060546875 39.106250762939453125 35.59375 32.418750762939453125 29.34375 27.293750762939453125 25.668750762939453125
38.575000762939453125 37.043750762939453125 36.75 36.606250762939453125 37.106250762939453125 38.61875152587890625 40.387500762939453125 42.418750762939453125 45.69374847412109375 48.825000762939453125 54.443752288818359375 63.30625152587890625 71.0437469482421875 78.31874847412109375 85.6437530517578125 92.61875152587890625 99.34999847412109375 100.13124847412109375 100.61875152587890625 100.8312530517578125 99.4562530517578125 94.9562530517578125 90.63124847412109375 87.43125152587890625 85.90000152587890625 85.55625152587890625 85.96875 87.11875152587890625 88.09375 85.05625152587890625 81.3562469482421875 77.4812469482421875 71.6999969482421875 65.9499969482421875 60.11875152587890625 54.793750762939453125 50.03125 45.456249237060546875 41.5625 38.02500152587890625 34.799999237060546875 32.518749237060546875 30.993749618530273438
44.375 43.05625152587890625 42.875 42.58750152587890625 43.24375152587890625 45.049999237060546875 47.03125 49.4375 53.200000762939453125 56.5625 66.09375 75.1437530517578125 82.1374969482421875 88.9812469482421875 96.4812469482421875 104.21875 109.6062469482421875 110.3937530517578125 109.36875152587890625 108.0500030517578125 106.72499847412109375 102.125 97.7687530517578125 94.05625152587890625 91.7937469482421875 90.7312469482421875 91.5812530517578125 92.875 93.6125030517578125 90.36875152587890625 85.0749969482421875 80.8000030517578125 75.59375 71.1687469482421875 65.9875030517578125 59.918750762939453125 55.331249237060546875 50.83750152587890625 47.668750762939453125 44.28749847412109375 40.31874847412109375 38.56874847412109375 36.262500762939453125
