data/historical-monthly-weather-data/wc2.1_cruts4.09_10m_prec_1959-08.asc
ncols        51
nrows        45
xllcorner    -63.500000000000
yllcorner    -7.500000000000
cellsize     0.166666666667
NODATA_value -9999
[rows 0 to 18 of 45, columns 0 to 43 of 51]
263.48126220703125 274.11248779296875 277.306243896484375 286.537506103515625 296.82501220703125 305.21875 304.287506103515625 306.36248779296875 305.40625 300.59375 287.01251220703125 276.681243896484375 269.73126220703125 257.662506103515625 246.8249969482421875 231.1750030517578125 219.71875 208.5625 197.65625 192.381256103515625 187.0625 179.693756103515625 172.8125 166.0625 157.912506103515625 150.431243896484375 146.475006103515625 144.412506103515625 135.9562530517578125 132.524993896484375 124.875 121.875 120.4375 116.7624969482421875 115.4187469482421875 119.77500152587890625 123.55625152587890625 129.149993896484375 136.96875 143.943756103515625 151.6750030517578125 159.931243896484375 164.5124969482421875 168.818756103515625
250.193756103515625 259.212493896484375 270.09375 282.23126220703125 296.806243896484375 303.131256103515625 298.0625 298.875 298.98126220703125 294.03125 283.381256103515625 275.21875 262.58123779296875 248.100006103515625 235.4375 224.8000030517578125 210.9562530517578125 199.118743896484375 188.975006103515625 181.6999969482421875 175.8937530517578125 168.493743896484375 161.9187469482421875 156.7937469482421875 148.743743896484375 140.4250030517578125 139.1750030517578125 135.78125 128.4250030517578125 124.0749969482421875 120.25 116.91249847412109375 116.0812530517578125 115.77500152587890625 114.96875 119.7312469482421875 122.83750152587890625 131.631256103515625 138.6125030517578125 145.8562469482421875 157.4187469482421875 163.9124908447265625 171.3874969482421875 177.8249969482421875
224.875 236.587493896484375 249.3125 264.36248779296875 278.881256103515625 284.587493896484375 284.75 285.33123779296875 282.556243896484375 277.26251220703125 271.61248779296875 263.818756103515625 251.212493896484375 234.774993896484375 221.931243896484375 210.818756103515625 199.443756103515625 188.1437530517578125 178.46875 169.2062530517578125 165.256256103515625 161.03125 154.962493896484375 150.693756103515625 141.1750030517578125 134.40625 134.2375030517578125 129.0749969482421875 122.24375152587890625 119.2937469482421875 114.4499969482421875 111.65625 112.03749847412109375 113.59999847412109375 112.72499847412109375 115.53125 121.2624969482421875 130.100006103515625 136.4499969482421875 146.024993896484375 159.649993896484375 167.84375 178.100006103515625 183.90625
201.0437469482421875 208.6687469482421875 223.8874969482421875 239.756256103515625 251.4499969482421875 257.28125 261.493743896484375 264.556243896484375 267.350006103515625 263.23126220703125 255.287506103515625 245.375 235.0749969482421875 220.274993896484375 208.0500030517578125 196.681243896484375 187.162506103515625 177.806243896484375 169.306243896484375 165.2062530517578125 160.118743896484375 153.9812469482421875 147.587493896484375 143.4187469482421875 135.087493896484375 128.0437469482421875 126.74375152587890625 119.49375152587890625 114.03125 111.9375 108.4499969482421875 104.9187469482421875 104.44374847412109375 105.2062530517578125 106.15625 111.5625 120.72499847412109375 128.493743896484375 133.59375 145.59375 157.6125030517578125 170.118743896484375 180.6687469482421875 190.3625030517578125
197.2937469482421875 198.53125 200.306243896484375 210.875 225.4187469482421875 231.131256103515625 234.9812469482421875 244.4250030517578125 251.256256103515625 248.5625 239.34375 228.78125 219.0187530517578125 207.4875030517578125 195.1437530517578125 185.225006103515625 175 165.65625 158.274993896484375 155.962493896484375 154.53125 146.4562530517578125 140.993743896484375 138.5749969482421875 128.743743896484375 120.8937530517578125 116.71250152587890625 113.40000152587890625 108.33750152587890625 104.03125 103.15000152587890625 99.3312530517578125 100.5749969482421875 102.69374847412109375 104.4375 108.90625 116.3000030517578125 124.6374969482421875 130.056243896484375 139.7624969482421875 155.7624969482421875 168.375 183.475006103515625 194.056243896484375
187.3000030517578125 187.712493896484375 186.787506103515625 184.40625 196.09375 210.3000030517578125 216.787506103515625 222.5812530517578125 230.274993896484375 228.625 217.681243896484375 208.756256103515625 202.1125030517578125 193.3625030517578125 182.5437469482421875 174.524993896484375 164.1374969482421875 154.600006103515625 150.1999969482421875 148.368743896484375 146.875 141.962493896484375 137.1999969482421875 129.65625 122.90625 116.2624969482421875 112.08750152587890625 107.7937469482421875 103.78749847412109375 98.83750152587890625 97.61249542236328125 96.28125 96.375 99.09375 99.68125152587890625 106.16249847412109375 111.8125 117.25624847412109375 124.28125 135.90625 147.756256103515625 161.5187530517578125 176.6437530517578125 191.806243896484375
178.5749969482421875 180.2312469482421875 179.6374969482421875 178.46875 182.25 187.2375030517578125 192.4437408447265625 197.381256103515625 195.6750030517578125 195.8312530517578125 191.9812469482421875 187.59375 185.568756103515625 179.3874969482421875 172.412506103515625 165.4812469482421875 156.4812469482421875 149.0124969482421875 143.625 143.4499969482421875 140.681243896484375 137.037506103515625 132.4562530517578125 126.0187530517578125 118.6875 112.8249969482421875 108.16249847412109375 102.9812469482421875 96.9187469482421875 94.8937530517578125 92.74375152587890625 90.49375152587890625 92.53749847412109375 95.11875152587890625 96.6750030517578125 101.53749847412109375 105.6062469482421875 111.1125030517578125 118.8312530517578125 129.8625030517578125 140.462493896484375 153.2062530517578125 169.3249969482421875 186.90625
171.3625030517578125 170.618743896484375 173.0625 173.912506103515625 178.681243896484375 182.96875 178.8125 168.5124969482421875 161.71875 163.212493896484375 168.9875030517578125 168.556243896484375 167.8249969482421875 164.96875 161.100006103515625 155.5500030517578125 149.556243896484375 143.28125 138.1374969482421875 136.899993896484375 135.943756103515625 132.850006103515625 127.02500152587890625 120.2062530517578125 115.06874847412109375 107.88124847412109375 102.3874969482421875 97.7624969482421875 92.78749847412109375 88.72499847412109375 88.44374847412109375 86.24375152587890625 87.1875 90.58750152587890625 90.8625030517578125 94.72499847412109375 98.49375152587890625 102.65000152587890625 108.3125 116.46875 127.0187530517578125 139.7375030517578125 154.1125030517578125 168.65625
165.912506103515625 165.5187530517578125 168.78125 168.1999969482421875 170.7937469482421875 171.850006103515625 169.4875030517578125 162.212493896484375 149.212493896484375 143.587493896484375 147.8625030517578125 149.46875 154.212493896484375 152.96875 150.287506103515625 146.337493896484375 144.21875 140 138.649993896484375 134.53125 131.787506103515625 129.53125 123.27500152587890625 119.86875152587890625 113.4875030517578125 104.69374847412109375 97.1687469482421875 93.90625 89.3125 85.53125 85.08750152587890625 81.4250030517578125 80.9187469482421875 81.375 82.5749969482421875 87.59375 91.88124847412109375 95.9875030517578125 99.96250152587890625 106.6125030517578125 114.49375152587890625 122.69374847412109375 132.243743896484375 142.287506103515625
159.381256103515625 159.3000030517578125 161.03125 162.4187469482421875 164.4499969482421875 164.912506103515625 165.59375 158.6750030517578125 148.46875 145.34375 144.1999969482421875 140.962493896484375 144.524993896484375 144.9187469482421875 141.5 139.5124969482421875 136.9875030517578125 136.3937530517578125 135.587493896484375 133.993743896484375 130.9875030517578125 125.88124847412109375 119.28125 115.5500030517578125 108.59375 99.9812469482421875 93.09999847412109375 88.8937530517578125 83.31874847412109375 79.58750152587890625 77.0812530517578125 74.375 75.8125 77.49375152587890625 79.47499847412109375 83.40000152587890625 86.1687469482421875 88.9187469482421875 93.34375 98.55625152587890625 103.8625030517578125 108.125 113.1374969482421875 116.93125152587890625
155.9250030517578125 155.3874969482421875 154.975006103515625 155.399993896484375 158.274993896484375 161.462493896484375 161.6999969482421875 153.212493896484375 145.381256103515625 140.6125030517578125 140.556243896484375 137.9499969482421875 137.1999969482421875 136.0124969482421875 131.7687530517578125 129.2375030517578125 128.5500030517578125 130.1687469482421875 130.21875 131.212493896484375 132.1437530517578125 126.83750152587890625 119.1750030517578125 111.3125 106.81874847412109375 98.72499847412109375 92.0625 86 78.5187530517578125 73.8125 72.4562530517578125 70.3249969482421875 72.9187469482421875 74.86875152587890625 75.4187469482421875 77.8625030517578125 79.86875152587890625 82.8562469482421875 85.6125030517578125 88.6437530517578125 91.49375152587890625 94.2062530517578125 98.41249847412109375 99.2687530517578125
151.462493896484375 151.493743896484375 150.993743896484375 152.4187469482421875 155.556243896484375 158.4875030517578125 159.6687469482421875 153.243743896484375 144.7937469482421875 139.131256103515625 137.225006103515625 134.2624969482421875 130.556243896484375 126.42499542236328125 126.44374847412109375 124.03749847412109375 122.4375 122.34375 124.36875152587890625 127.97499847412109375 129.65625 125.25624847412109375 118.6750030517578125 111.8000030517578125 104.5500030517578125 91.9875030517578125 85.13124847412109375 80.1687469482421875 73.81874847412109375 70.09999847412109375 67.84999847412109375 67.31874847412109375 68.0437469482421875 69.5187530517578125 71.25624847412109375 74.5500030517578125 76.59999847412109375 78.1062469482421875 78 77.93125152587890625 79.7687530517578125 81.5625 83.2937469482421875 79.83750152587890625
145.90625 144.3125 144.712493896484375 144.556243896484375 148.5187530517578125 150.024993896484375 147.9187469482421875 144.375 137.162506103515625 133.0749969482421875 131.2687530517578125 129.0749969482421875 124.03125 117.2312469482421875 114.66249847412109375 114.03125 111.99375152587890625 114.21250152587890625 116.2312469482421875 118.0437469482421875 121 118.1875 112.94374847412109375 103.72499847412109375 92.08750152587890625 81.9187469482421875 78.38124847412109375 74.5124969482421875 71.16249847412109375 68.0500030517578125 65.22499847412109375 63.69374847412109375 65.53125 65.02500152587890625 67.05625152587890625 71.58750152587890625 76.4812469482421875 77.30625152587890625 77.75 74.03125 69.78125 72.40000152587890625 72.28749847412109375 67.6687469482421875
139.2375030517578125 136.193756103515625 135.59375 137.15625 139.118743896484375 138.875 137.03125 135.600006103515625 129.3125 125.8312530517578125 122.71250152587890625 118.4250030517578125 114.6750030517578125 109.0124969482421875 101.6875 102.48125457763671875 102.02500152587890625 103.8562469482421875 102.9875030517578125 104.0124969482421875 107.15000152587890625 105.2312469482421875 101.15625 94.5187530517578125 85.8874969482421875 78.38124847412109375 74.9187469482421875 71.72499847412109375 68.58750152587890625 66.43125152587890625 64.6062469482421875 61.793750762939453125 62.887500762939453125 63.03749847412109375 66.3312530517578125 72.69374847412109375 78.02500152587890625 82.65625 83.8125 77.96250152587890625 66.2937469482421875 62.6875 65.33750152587890625 69.97499847412109375
131.4250030517578125 130.1687469482421875 128.5124969482421875 128.2687530517578125 130.306243896484375 129.693756103515625 127.7312469482421875 124.9499969482421875 119.46875 116.4499969482421875 111.6875 108.69374847412109375 104.875 98.44374847412109375 91.2937469482421875 88.81874847412109375 88.46250152587890625 88.65625 89.0124969482421875 90.86875152587890625 94.0187530517578125 93.8249969482421875 91.9875030517578125 89.2312469482421875 84.68125152587890625 80.03125 75.6750030517578125 71.52500152587890625 67.40000152587890625 64.86875152587890625 62.125 60.34999847412109375 61.424999237060546875 62.90625 65.0500030517578125 71.7062530517578125 79.56874847412109375 90.2062530517578125 93.21875 84.68125152587890625 77.1687469482421875 73.4562530517578125 76.09375 76.1999969482421875
122.1125030517578125 121.88124847412109375 121.4250030517578125 121.125 121.625 121.94374847412109375 120.27500152587890625 115.68125152587890625 111.18125152587890625 107.6374969482421875 103.34375 98.875 94 88.3625030517578125 82.3625030517578125 76.2312469482421875 75.40625 75.9875030517578125 76.3625030517578125 78.78125 81.80625152587890625 83.81874847412109375 85.6875 86.78125 85.0749969482421875 81.24375152587890625 76.9187469482421875 71.4250030517578125 66.65000152587890625 64.4187469482421875 62.58750152587890625 60.575000762939453125 60.49375152587890625 61.80625152587890625 64.8249969482421875 75.9499969482421875 86.05625152587890625 96.34375 100.69374847412109375 97.1875 92.53749847412109375 88.1687469482421875 84.53125 79.93125152587890625
115.6374969482421875 115.8937530517578125 114.75 114.88124847412109375 113.75 114.38124847412109375 113.6687469482421875 110.4375 104.5124969482421875 101.30625152587890625 97.27500152587890625 91.25624847412109375 86.18125152587890625 80.5 74.6062469482421875 68.8937530517578125 63.481250762939453125 63.206249237060546875 65.40625 68.5 70.4250030517578125 74.61875152587890625 79.6437530517578125 85.33750152587890625 86.84999847412109375 82.94374847412109375 76.375 70.88124847412109375 65.1062469482421875 62.22499847412109375 61.61875152587890625 61.80625152587890625 63.268749237060546875 65.34375 75.375 86.31874847412109375 96.5500030517578125 109.96875 116.74375152587890625 107.9250030517578125 99.15000152587890625 92 85.46875 82.28749847412109375
106.2062530517578125 107.88124847412109375 107.83750152587890625 108.75 108.03749847412109375 108.7375030517578125 106.11875152587890625 103.5 98.56874847412109375 94.74375152587890625 90.9187469482421875 85.6687469482421875 78.81874847412109375 72.46250152587890625 67.0187530517578125 61.481250762939453125 56.30625152587890625 52.56874847412109375 55.856250762939453125 57.41249847412109375 61 66 73.28125 79.78749847412109375 84.33750152587890625 82.53749847412109375 77.53125 71.3937530517578125 64.5187530517578125 60.549999237060546875 56.96875 56.13124847412109375 65.15000152587890625 75.3562469482421875 83.18125152587890625 95.7375030517578125 108.43125152587890625 118.61875152587890625 120.125 113.9875030517578125 100.32500457763671875 93.7375030517578125 87.5749969482421875 84.28749847412109375
97.1750030517578125 99.53125 100.59999847412109375 102.1062469482421875 103.0749969482421875 102.53749847412109375 100.8562469482421875 97.91249847412109375 95.46875 92.55625152587890625 88.1374969482421875 79.91249847412109375 73.375 67.46250152587890625 60.831249237060546875 56.40625 51.21875 46.737499237060546875 46.56874847412109375 48.91249847412109375 55.71250152587890625 66.8000030517578125 64.9562530517578125 72.4812469482421875 77.83750152587890625 81.05625152587890625 78.0812530517578125 71.30625152587890625 66.09375 59.293750762939453125 54.868747711181640625 57.31874847412109375 67.91249847412109375 76.70000457763671875 85.99375152587890625 98.03749847412109375 106.1374969482421875 110.55625152587890625 113.26250457763671875 107.34999847412109375 99.46875 93.27500152587890625 87.375 82.8874969482421875
