data/historical-monthly-weather-data/wc2.1_cruts4.09_10m_prec_2002-11.asc
ncols        45
nrows        45
xllcorner    -63.500000000000
yllcorner    -7.500000000000
cellsize     0.166666666667
NODATA_value -9999
[rows 20 to 39 of 45, columns 0 to 43 of 45]
167.9375 165.0749969482421875 161.631256103515625 157.868743896484375 153.7687530517578125 152.40625 151.1374969482421875 149.21875 148.59375 146.8625030517578125 143.774993896484375 137.6687469482421875 130.3249969482421875 121.6687469482421875 114.30625152587890625 106.95624542236328125 100.4875030517578125 96.19374847412109375 94.3000030517578125 91.50624847412109375 86.4562530517578125 79.75 72.68125152587890625 69.7062530517578125 67.34375 64.6999969482421875 63.399997711181640625 61.05625152587890625 58.268749237060546875 57.40000152587890625 57.231250762939453125 58.65625 57.618747711181640625 56.50624847412109375 55.518749237060546875 55.706249237060546875 55.418750762939453125 55.19374847412109375 54.59375 54.03749847412109375 53.081249237060546875 52.424999237060546875 51.38124847412109375 50.46875
165.693756103515625 161.9875030517578125 159.1687469482421875 155.9250030517578125 152.6750030517578125 151.90625 151.8562469482421875 150.9375 151.8937530517578125 151.4187469482421875 149.2687530517578125 144.943756103515625 138.84375 130.524993896484375 121.91249847412109375 113.5500030517578125 106.7687530517578125 100.9812469482421875 96.84375 93.16249847412109375 86.65625 80 73.96875 70.8249969482421875 68.0124969482421875 65.3625030517578125 65.0500030517578125 63.625 62.36875152587890625 62.893749237060546875 63.424999237060546875 65.0500030517578125 63.625 62.65000152587890625 61.887500762939453125 61.66249847412109375 61.03125 60.174999237060546875 58.56874847412109375 57.31874847412109375 55.74375152587890625 54.53749847412109375 53.24375152587890625 52.34375
163.743743896484375 161.21875 158.149993896484375 154.943756103515625 151.975006103515625 151.4812469482421875 151.4250030517578125 152.243743896484375 154.65625 154.975006103515625 154.524993896484375 151.875 149.3562469482421875 141.9499969482421875 130.5812530517578125 120.2375030517578125 112.08124542236328125 105.3000030517578125 99.52500152587890625 94.40625 87.7687530517578125 81.02500152587890625 74.9250030517578125 71.625 69.15000152587890625 66.81874847412109375 66.6750030517578125 66.5124969482421875 65.9499969482421875 67.4250030517578125 69.4562530517578125 71.6437530517578125 70.59999847412109375 69.4875030517578125 68.3249969482421875 67.90000152587890625 66.88124847412109375 64.90000152587890625 62.46250152587890625 60.44374847412109375 58.512500762939453125 56.793750762939453125 55.15000152587890625 53.956249237060546875
162.71875 160.618743896484375 157.3625030517578125 153.1437530517578125 150.125 150.6875 151.443756103515625 153.0500030517578125 155.1125030517578125 156.21875 156.712493896484375 157.71875 157.96875 150.350006103515625 137.2687530517578125 125.91249847412109375 116.8000030517578125 109.27500152587890625 102.44374847412109375 96.0187530517578125 89.25 82.4875030517578125 76.1875 73.03749847412109375 70.72499847412109375 68.55625152587890625 69.84999847412109375 69.72499847412109375 70.3000030517578125 72.63124847412109375 75.96875 78.96875 77.69374847412109375 76.0625 74.7062530517578125 74.06874847412109375 72.2624969482421875 68.7687530517578125 65.8125 63.21250152587890625 60.768749237060546875 58.924999237060546875 57.22499847412109375 55.950000762939453125
164.256256103515625 161.40625 157.5187530517578125 152.7687530517578125 149.774993896484375 149.899993896484375 150.5625 151.993743896484375 154.368743896484375 155.7937469482421875 157.100006103515625 157.287506103515625 157.0625 151.681243896484375 140.4875030517578125 129.53125 120.22499847412109375 111.8625030517578125 104.61875152587890625 97.71875 90.6125030517578125 83.3874969482421875 77.53749847412109375 74.36875152587890625 71.9250030517578125 70.78749847412109375 72.28749847412109375 73.4875030517578125 74.58750152587890625 78.24375152587890625 82.1437530517578125 85.75624847412109375 84.2687530517578125 82.25 80.1125030517578125 78.0625 75.4187469482421875 71.3249969482421875 68.2312469482421875 65.59999847412109375 62.774997711181640625 60.90625 59.53749847412109375 58.72499847412109375
168.131256103515625 165.2937469482421875 158.4124908447265625 153.40625 148.7937469482421875 148.412506103515625 148.71875 149.8312530517578125 151.881256103515625 153.462493896484375 154.5437469482421875 155.125 154.1999969482421875 150.3562469482421875 141.3000030517578125 131.6999969482421875 123.03125 114.6062469482421875 107.03749847412109375 99.9499969482421875 92.5749969482421875 85.3000030517578125 79.00624847412109375 75.4250030517578125 73.6062469482421875 73.1062469482421875 75.5124969482421875 77.68125152587890625 79.7687530517578125 84.13124847412109375 88.4875030517578125 92.40000152587890625 90.6374969482421875 87.53125 84.6750030517578125 81.4187469482421875 77.65000152587890625 73.44374847412109375 70.68125152587890625 67.875 65.125 63.22499847412109375 61.38124847412109375 60.956249237060546875
170.850006103515625 165.931243896484375 159.21875 153.4250030517578125 148.2375030517578125 147.21875 148.068756103515625 148.46875 149.162506103515625 150.618743896484375 152.40625 153.3687591552734375 152.9250030517578125 150.375 142.618743896484375 133.506256103515625 125.5187530517578125 117.5812530517578125 110.1875 102.75 95.40000152587890625 88.21250152587890625 81.78749847412109375 78.5437469482421875 77.6437530517578125 77.5 80.28749847412109375 83.16249847412109375 86.22499847412109375 90.28125 95.03125 98.78125 96.3249969482421875 92.2062530517578125 87.74375152587890625 83.90000152587890625 79.7624969482421875 75.28749847412109375 72.93125152587890625 70.41249847412109375 67.7937469482421875 65.78749847412109375 63.956249237060546875 63.09375
173.2375030517578125 166.28125 159.3562469482421875 152.96875 147.9187469482421875 146.1687469482421875 146.256256103515625 146.6750030517578125 147.5625 148.75 149.59375 151.09375 151.412506103515625 149.868743896484375 143.4250030517578125 135.375 127.68125152587890625 120.50624847412109375 113.2375030517578125 106.125 99.30625152587890625 92.2624969482421875 86.9187469482421875 84.46875 83.33750152587890625 82.9875030517578125 85.84999847412109375 89.34375 92.71875 96.68125152587890625 100.84999847412109375 104.34999847412109375 100.8874969482421875 95.3249969482421875 90.31874847412109375 86.05625152587890625 81.61875152587890625 77.50624847412109375 74.81874847412109375 73.1062469482421875 71.2062530517578125 69.3000030517578125 66.2687530517578125 64.9875030517578125
175.4375 166.6875 158.537506103515625 152.1125030517578125 147.0187530517578125 144.8000030517578125 144.243743896484375 144.3125 145.806243896484375 146.71875 147.5812530517578125 149.087493896484375 150.4250030517578125 149.6374969482421875 143.9499969482421875 137.568756103515625 131.181243896484375 123.8000030517578125 116.78749847412109375 110.04375457763671875 103.90625 97.53749847412109375 92.8562469482421875 91.1374969482421875 89.96250152587890625 89.4562530517578125 92.71875 96.11875152587890625 99.78749847412109375 103.0124969482421875 106.74375152587890625 109.3874969482421875 104.49375152587890625 98.15000152587890625 92.65000152587890625 88.08124542236328125 83.65000152587890625 79.25624847412109375 76.65000152587890625 74.58750152587890625 73.3125 71.1437530517578125 68.78749847412109375 68.7624969482421875
177.493743896484375 167.9812469482421875 159.4812469482421875 151.3937530517578125 146.5374908447265625 144.4499969482421875 143.6437530517578125 143.587493896484375 144.8874969482421875 145.337493896484375 146.274993896484375 148.34375 150.1999969482421875 150.6875 146.306243896484375 141.1750030517578125 135.0437469482421875 128.818756103515625 121.86875152587890625 115.43125152587890625 109.8625030517578125 104.97499847412109375 100.88124847412109375 99.1437530517578125 98.21875 98.16249847412109375 101.34999847412109375 104.55625152587890625 107.74375152587890625 110.34999847412109375 112.7687530517578125 114.25624847412109375 108.86875152587890625 102.63124847412109375 96.71875 91.47499847412109375 86.5 82.3562469482421875 78.8249969482421875 76.2375030517578125 74.66249847412109375 74.7687530517578125 73.9499969482421875 74.84375
178.381256103515625 168.787506103515625 160.274993896484375 152.28125 146.65625 145.0812530517578125 144.0187530517578125 143.381256103515625 143.8000030517578125 144.818756103515625 146.0187530517578125 148.462493896484375 151.1875 151.5625 148.6812591552734375 145.024993896484375 140.8312530517578125 134.53125 127.38124847412109375 122.28125 117.69374847412109375 113.41249847412109375 109.8249969482421875 108.34999847412109375 107.3125 107.6062469482421875 110.3625030517578125 113.55625152587890625 116.2312469482421875 117.46250152587890625 118.7624969482421875 119.29375457763671875 113.40000152587890625 107.4499969482421875 100.9562530517578125 95.28749847412109375 90.2062530517578125 86.30625152587890625 82.11875152587890625 77.1999969482421875 76.00624847412109375 78.06874847412109375 79.1062469482421875 80.22499847412109375
178.537506103515625 169.600006103515625 161.4499969482421875 154.693756103515625 149.9250030517578125 146.5625 144.850006103515625 143.3874969482421875 143.587493896484375 144.3312530517578125 145.6875 148.7937469482421875 151.6999969482421875 153.4187469482421875 152.5625 150.493743896484375 147.443756103515625 141.524993896484375 135.375 130.75 126.74375152587890625 122.6750030517578125 119.1875 117.83750152587890625 117.4562530517578125 117.47499847412109375 119.7624969482421875 122.61875152587890625 124.68125152587890625 125.1374969482421875 125.19374847412109375 124.2375030517578125 118.28125 111.8562469482421875 105.93125152587890625 100.1437530517578125 94.86875152587890625 90.22499847412109375 85.3312530517578125 81.3312530517578125 81.19374847412109375 84.1999969482421875 86.38124847412109375 89.46250152587890625
177.9875030517578125 170.4562530517578125 163.2062530517578125 157.412506103515625 152.8249969482421875 148.7937469482421875 146.399993896484375 144.631256103515625 144.287506103515625 144.8125 147.287506103515625 150.3562469482421875 154.3125 158.243743896484375 158.4187469482421875 158 155.881256103515625 151.806243896484375 146.7687530517578125 142.3562469482421875 138.5187530517578125 134.0437469482421875 130 128.7375030517578125 128.493743896484375 128.368743896484375 130.368743896484375 132.662506103515625 134.7937469482421875 134.125 133.056243896484375 131.1437530517578125 125.00624847412109375 118.46250152587890625 113.0500030517578125 107.53125 102.69374847412109375 97.65000152587890625 92.9875030517578125 91.43125152587890625 91.52500152587890625 94.56874847412109375 98.1437530517578125 103.0812530517578125
176.8000030517578125 170.8937530517578125 164.7062530517578125 160 155.34375 151.212493896484375 147.712493896484375 145.7687530517578125 145.149993896484375 145.2624969482421875 147.4499969482421875 152.337493896484375 157.8625030517578125 162.243743896484375 164.162506103515625 165.59375 165.868743896484375 162.84375 158.6999969482421875 154.9250030517578125 150.806243896484375 146.1687469482421875 141.931243896484375 140.368743896484375 140.0124969482421875 139.59375 141.5500030517578125 143.243743896484375 144.90625 143.15625 141.006256103515625 138.6750030517578125 132.556243896484375 126.19374847412109375 121.0124969482421875 116.0187530517578125 110.75624847412109375 105.2375030517578125 102.5625 102.25624847412109375 102.33750152587890625 105.8125 111.09375 117.59375
176.5749969482421875 171.90625 166.743743896484375 162.100006103515625 157.96875 153.46875 149.274993896484375 146.8562469482421875 144.78125 145.1687469482421875 148.181243896484375 154.78125 161.6875 168.2062530517578125 172.2624969482421875 174.350006103515625 176.4812469482421875 174.46875 171.1374969482421875 167.6999969482421875 163.875 159.03125 154.306243896484375 152.0124969482421875 150.8562469482421875 150.693756103515625 151.8562469482421875 153.6875 154.6374969482421875 152.0187530517578125 149.350006103515625 146.100006103515625 139.90625 134.3249969482421875 128.662506103515625 123.2375030517578125 118.03125 114.875 113.18125152587890625 112.5749969482421875 113.25 116.5500030517578125 121.90625 128.34375
178.1374969482421875 173.774993896484375 169.149993896484375 164.568756103515625 160.5187530517578125 156.2687530517578125 152.09375 148.118743896484375 145.0749969482421875 144.556243896484375 148.850006103515625 156.96875 166.3937530517578125 175.1125030517578125 179.868743896484375 184.4187469482421875 186.75 185.943756103515625 184.09375 182.1687469482421875 178.1062469482421875 171.90625 166.4250030517578125 163.8249969482421875 162.212493896484375 161.318756103515625 162.256256103515625 163.931243896484375 164.7062530517578125 160.818756103515625 158.056243896484375 154.225006103515625 148.6687469482421875 143.28125 137.193756103515625 131.7624969482421875 129.212493896484375 126.3000030517578125 124.40000152587890625 124.375 125.54375457763671875 128.2687530517578125 132.524993896484375 138.2312469482421875
179.9875030517578125 176.3125 172.337493896484375 168.3125 164.2312469482421875 160.1687469482421875 155.5124969482421875 150.912506103515625 146.4812469482421875 143.118743896484375 149.4625091552734375 163.15625 173.787506103515625 181.90625 187.943756103515625 193.350006103515625 196.875 196.75 195.8249969482421875 194.162506103515625 189.8125 183.443756103515625 177.8249969482421875 174.75 172.600006103515625 171.899993896484375 171.868743896484375 173.725006103515625 173.818756103515625 170.0749969482421875 166.412506103515625 163.2937469482421875 157.681243896484375 152.743743896484375 146.9499969482421875 142.78125 140.5749969482421875 138.4187469482421875 137.181243896484375 136.0749969482421875 136.4499969482421875 138.368743896484375 141.756256103515625 146.75
183.5749969482421875 179.90625 176.0437469482421875 172.568756103515625 168.6999969482421875 165 161.0124969482421875 156.65625 152.3562469482421875 147.899993896484375 160.037506103515625 175.5124969482421875 183.6687469482421875 190.556243896484375 196.6750030517578125 202.443756103515625 206.65625 206.6374969482421875 205.53125 202.59375 198.962493896484375 193.5812530517578125 188.4749908447265625 184.568756103515625 182.462493896484375 181.568756103515625 181.1750030517578125 182.743743896484375 182.96875 179.5124969482421875 173.7312469482421875 170.0625 165.4875030517578125 161.09375 156.1875 153.524993896484375 152.068756103515625 150.0749969482421875 149.912506103515625 149.28125 147.59375 149.15625 150.4187469482421875 153.1687469482421875
185.625 182.28125 179.375 176.287506103515625 172.65625 169.681243896484375 166.96875 164.368743896484375 164.3625030517578125 169.9375 184.7062530517578125 190.3625030517578125 194.7062530517578125 200.350006103515625 205.3312530517578125 210.068756103515625 213.9562530517578125 213.881256103515625 211.975006103515625 209.631256103515625 205.59375 200.375 196.2375030517578125 192.9187469482421875 189.78125 188.743743896484375 188.1125030517578125 188.9187469482421875 189.087493896484375 185.568756103515625 181.0749969482421875 177.350006103515625 173.1750030517578125 169.21875 167.1750030517578125 165.5187530517578125 163.337493896484375 162.600006103515625 161.8562469482421875 158.7624969482421875 156.3874969482421875 157.5625 156.875 158.7062530517578125
187.375 184.743743896484375 182.318756103515625 179.568756103515625 177.443756103515625 176.037506103515625 174.3125 174.4562530517578125 177.4812469482421875 183.90625 193.15625 200.0437469482421875 204.6687469482421875 209.837493896484375 214.21875 217.931243896484375 221.756256103515625 221.1687469482421875 219.125 216.875 212.2375030517578125 207.2937469482421875 202.6437530517578125 198.975006103515625 196.899993896484375 195.193756103515625 194.087493896484375 194.65625 194.375 190.962493896484375 186.8000030517578125 186.1062469482421875 184.412506103515625 181.337493896484375 180.225006103515625 178.21875 175.6750030517578125 173.9187469482421875 173.162506103515625 168.524993896484375 165.318756103515625 165.25 163.725006103515625 163.087493896484375
