data/historical-monthly-weather-data/wc2.1_cruts4.09_10m_prec_1981-10.asc
ncols        45
nrows        45
xllcorner    -63.500000000000
yllcorner    -7.500000000000
cellsize     0.166666666667
NODATA_value -9999
[rows 19 to 37 of 45, columns 0 to 43 of 45]
140.8000030517578125 144.8000030517578125 147.131256103515625 149.100006103515625 150.631256103515625 150.7312469482421875 149.6437530517578125 147.287506103515625 143.4875030517578125 138.375 131.4187469482421875 122.75 114.2312469482421875 106.3125 100.56874847412109375 95.83750152587890625 90.15625 87 84.6750030517578125 83.4562530517578125 83.1437530517578125 85.05625152587890625 89.3312530517578125 93.9812469482421875 96.58750152587890625 96.1750030517578125 93.59999847412109375 89.5437469482421875 82.46250152587890625 75.1125030517578125 70.44374847412109375 72.7062530517578125 75.9250030517578125 79.03749847412109375 81.3000030517578125 82.5625 86 91.65000152587890625 97.4875030517578125 101.99375152587890625 104.8874969482421875 105.24375152587890625 101.3937530517578125 97.1062469482421875
134.162506103515625 140.2375030517578125 144.5749969482421875 148.056243896484375 150.75 151.162506103515625 150.9562530517578125 149.1437530517578125 145.65625 139.881256103515625 132.65625 123.40000152587890625 114.5 105.6374969482421875 99.59999847412109375 94.19374847412109375 88.7937469482421875 85.2375030517578125 83.9250030517578125 82.47499847412109375 83.3625030517578125 85.38124847412109375 87.72499847412109375 90.8625030517578125 93.43125152587890625 93.99375152587890625 92.36875152587890625 87.90625 83.3125 80.3125 78.71250152587890625 80.0749969482421875 82.74375152587890625 86.59999847412109375 91.21250152587890625 91.9562530517578125 92.28749847412109375 95.02500152587890625 98.6687469482421875 102.34999847412109375 105.18125152587890625 105.53125 103.24375152587890625 100.4375
128.0500030517578125 136.318756103515625 142.0124969482421875 146.6374969482421875 150.618743896484375 152.037506103515625 152.2312469482421875 151.318756103515625 148.818756103515625 142.6750030517578125 134.4187469482421875 124.77500152587890625 115.7312469482421875 107.83750152587890625 101.21875 95.75624847412109375 91.03749847412109375 87.5187530517578125 85.34999847412109375 83.8562469482421875 83.4499969482421875 84.58750152587890625 86.68125152587890625 88.7687530517578125 90.0812530517578125 90.53749847412109375 90.52500152587890625 88.47499847412109375 86.5812530517578125 85.6875 85.46250152587890625 86.77500152587890625 88.8000030517578125 91.94374847412109375 94.36875152587890625 96.1687469482421875 96.3937530517578125 97.2937469482421875 99.71875 103 105.53749847412109375 106.03749847412109375 105.25624847412109375 103.15000152587890625
124.0124969482421875 134.46875 141.3312530517578125 146.756256103515625 150.6125030517578125 152.34375 153.2312469482421875 153.6687469482421875 153.1062469482421875 145.71875 136.5 126.15625 117.7937469482421875 110.8937530517578125 104.06874847412109375 98.22499847412109375 93.3562469482421875 90.16249847412109375 87.46875 85.30625152587890625 84.94374847412109375 84.96875 85.7375030517578125 87.19374847412109375 87.8625030517578125 87.28125 88.3625030517578125 89.1374969482421875 88.65000152587890625 89.4499969482421875 91.07500457763671875 93.25 94.3312530517578125 96.1750030517578125 97.40000152587890625 98.75624847412109375 99.06874847412109375 98.84999847412109375 100.8562469482421875 105.0812530517578125 108.1999969482421875 109.00624847412109375 108.58750152587890625 106.75
122.1374969482421875 133.6999969482421875 142.193756103515625 147.131256103515625 150.90625 152.5500030517578125 153.1125030517578125 153.8937530517578125 152.9562530517578125 146.212493896484375 136.850006103515625 127.83750152587890625 120.2624969482421875 113.8249969482421875 107.4875030517578125 101.61875152587890625 96.86875152587890625 93.3249969482421875 90.16249847412109375 87.46875 86.75624847412109375 86.6125030517578125 86.1374969482421875 86.71250152587890625 86.53749847412109375 85.0625 85.5124969482421875 88.01250457763671875 90.30625152587890625 92.80625152587890625 95.5 98.1062469482421875 98.96250152587890625 99.65625 100.3125 102.1437530517578125 102.6875 102.21875 104.8249969482421875 108.7062530517578125 112.0625 113.25 112.96875 111.1437530517578125
124.30625152587890625 135.056243896484375 144.006256103515625 147.84375 151.1999969482421875 152.21875 152.0437469482421875 151.381256103515625 149.4875030517578125 144.5500030517578125 137.618743896484375 129.993743896484375 123.52500152587890625 117.72499847412109375 111.3874969482421875 105.7937469482421875 100.8125 97.00624847412109375 93.4499969482421875 90.43125152587890625 89.15000152587890625 87.80625152587890625 87.19374847412109375 87.0500030517578125 86.6999969482421875 86.34375 87.2312469482421875 89.7312469482421875 92.52500152587890625 95.71250152587890625 98.8625030517578125 101.27500152587890625 102.3874969482421875 102.49375152587890625 102.94374847412109375 104.3937530517578125 105.9499969482421875 107.25624847412109375 110.03749847412109375 114.3249969482421875 117.84375 119.00624847412109375 118.74375152587890625 118.00624847412109375
128.337493896484375 137.125 143.024993896484375 147.7687530517578125 150.7125091552734375 150.993743896484375 150.181243896484375 148.806243896484375 147.087493896484375 143.681243896484375 137.3625030517578125 131.7937469482421875 126.3312530517578125 121.2624969482421875 115.59999847412109375 110.0500030517578125 105.25624847412109375 100.9250030517578125 97.15625 93.74375152587890625 91.9562530517578125 90.0124969482421875 88.77500152587890625 88.5124969482421875 88.31874847412109375 88.40000152587890625 90.1374969482421875 92.40625 95.1374969482421875 98.6687469482421875 101.33750152587890625 104.53125 105.59375 105.21250152587890625 105.6750030517578125 107.2687530517578125 109.1999969482421875 111.65000152587890625 115.50624847412109375 120.2312469482421875 124.38124847412109375 126.0625 125.9875030517578125 125.88124847412109375
135.65625 141.03125 145.181243896484375 148.399993896484375 150.375 150.6062469482421875 149.3937530517578125 147.756256103515625 145.5437469482421875 141.9875030517578125 138.087493896484375 134.0437469482421875 129.96875 125.89374542236328125 120.27500152587890625 115.15000152587890625 109.90625 105.72499847412109375 101.52500152587890625 97.6687469482421875 95.4562530517578125 93.00624847412109375 91.1125030517578125 91.5187530517578125 91.1125030517578125 91.3125 93.1999969482421875 95.6125030517578125 98.5812530517578125 101.84375 105.2312469482421875 107.6687469482421875 108.41249847412109375 107.9187469482421875 107.53749847412109375 109.5500030517578125 111.96875 114.875 120.0625 126.4187469482421875 131.774993896484375 135.131256103515625 136.75 137.631256103515625
143.0124969482421875 146.3125 148.46875 150.1374969482421875 150.818756103515625 150.3625030517578125 149.306243896484375 147.0812530517578125 144.725006103515625 141.993743896484375 138.568756103515625 135.8125 133.46875 130.037506103515625 125.03749847412109375 120.08750152587890625 115.3562469482421875 110.4187469482421875 106.15625 102.41249847412109375 99.3249969482421875 96.25624847412109375 94.3562469482421875 94.21250152587890625 93.9250030517578125 94.34999847412109375 96.7312469482421875 99.53125 102.00624847412109375 105.08750152587890625 108 110.6374969482421875 110.86875152587890625 109.81874847412109375 109.6687469482421875 111.4562530517578125 113.7624969482421875 117.7624969482421875 123.875 131.943756103515625 140.34375 144.9375 146.8874969482421875 150.3249969482421875
150.3000030517578125 152.125 151.9812469482421875 152.28125 151.7687530517578125 150.193756103515625 148.25 146.1999969482421875 144.2062530517578125 142.337493896484375 140.0187530517578125 138.3874969482421875 136.8562469482421875 134.287506103515625 129.9812469482421875 125.25 120.90625 115.81874847412109375 111.125 107.0749969482421875 103.2687530517578125 99.9187469482421875 97.44374847412109375 97.08750152587890625 96.8125 97.5 100.13124847412109375 103.0124969482421875 106.25624847412109375 108.8000030517578125 110.9812469482421875 113.33750152587890625 113.04375457763671875 111.61875152587890625 111.08750152587890625 113.09375 115.50624847412109375 119.11875152587890625 125.5437469482421875 134.3312530517578125 144.506256103515625 150.287506103515625 153.9250030517578125 161.056243896484375
156.4812469482421875 157.225006103515625 155.7375030517578125 153.96875 152.756256103515625 150.162506103515625 148.21875 146.59375 145.5 143.6374969482421875 142.4187469482421875 141.162506103515625 140.693756103515625 139.068756103515625 135.1687469482421875 131.34375 126.81874847412109375 122.22499847412109375 117.15625 112.1875 108.41249847412109375 104.8125 101.75 100.9812469482421875 100.9499969482421875 102.0437469482421875 104.65625 107.43125152587890625 110.15000152587890625 112.1999969482421875 114.2937469482421875 116.0625 115.3874969482421875 114.2312469482421875 113.34999847412109375 114.83750152587890625 116.6125030517578125 119.93125152587890625 124.4812469482421875 131.350006103515625 140.1125030517578125 148.7624969482421875 155.2062530517578125 164.9375
162.087493896484375 161.5625 159.243743896484375 155.6437530517578125 153.6374969482421875 151.712493896484375 149.4812469482421875 147.8000030517578125 146.662506103515625 145.1875 144.84375 144.75 145.3874969482421875 144.53125 140.743743896484375 137.4812469482421875 133.912506103515625 128.712493896484375 123.3312530517578125 118.3249969482421875 113.80625152587890625 109.90000152587890625 106.5812530517578125 105.6062469482421875 105.5500030517578125 106.28749847412109375 108.9375 111.71875 114.19374847412109375 115.66249847412109375 117.46875 118.75 117.88124847412109375 116.8312530517578125 115.875 116.2687530517578125 117.5749969482421875 120.1999969482421875 123.15000152587890625 125.58750152587890625 133.3874969482421875 144.318756103515625 154.2687530517578125 164.0437469482421875
166.181243896484375 164.75 160.9562530517578125 157.6687469482421875 156.125 152.8562469482421875 150.3625030517578125 148.71875 147.8625030517578125 147.087493896484375 147.024993896484375 148.100006103515625 149.006256103515625 149.3000030517578125 147.006256103515625 144.274993896484375 140.46875 134.556243896484375 129.6875 124.4499969482421875 119.53125 115.15000152587890625 111.56874847412109375 110.3000030517578125 110.2624969482421875 110.7062530517578125 113.25 116.0812530517578125 118.34375 119.58750152587890625 120.72499847412109375 121.1750030517578125 120.2624969482421875 119.5 118.0124969482421875 117.99375152587890625 118.74375152587890625 120.4375 121.6437530517578125 124.02500152587890625 131.399993896484375 142.5749969482421875 152.65625 163.3874969482421875
168.5812530517578125 166.3562469482421875 162.568756103515625 159.774993896484375 157.3562469482421875 154.0749969482421875 151.2687530517578125 149.243743896484375 148.4562530517578125 148.3937530517578125 151 152.212493896484375 154.493743896484375 156.3000030517578125 154.3312530517578125 151.4499969482421875 147.381256103515625 141.631256103515625 136.287506103515625 130.9875030517578125 125.9187469482421875 121.4250030517578125 117.53125 116.50624847412109375 116.19374847412109375 116.4187469482421875 118.7937469482421875 121.1687469482421875 123.3000030517578125 124.4875030517578125 125.00624847412109375 125.0812530517578125 123.06874847412109375 122.28125 121.7062530517578125 122.25624847412109375 122.27500152587890625 122.46250152587890625 123.36875152587890625 127.16249847412109375 133.25 142.1687469482421875 151.2937469482421875 160.5812530517578125
169.368743896484375 167.2624969482421875 164.21875 161.6125030517578125 158.2062530517578125 155.087493896484375 152.131256103515625 149.993743896484375 148.649993896484375 149.2624969482421875 151.65625 155.9812469482421875 160.8937530517578125 162.375 161.40625 158.600006103515625 154.78125 149.15625 142.912506103515625 137.875 132.662506103515625 127.93125152587890625 123.96250152587890625 122.3312530517578125 122.2312469482421875 122.3562469482421875 124.1062469482421875 126.25624847412109375 128.40625 129.0187530517578125 129.399993896484375 129.34375 127.72499847412109375 126.02500152587890625 125.8312530517578125 125.96250152587890625 125.38124847412109375 125.0812530517578125 126.22499847412109375 129.475006103515625 133.1999969482421875 140.3874969482421875 148.8312530517578125 157.15625
169.9375 168.25 164.8000030517578125 162.4187469482421875 158.975006103515625 155.7624969482421875 152.5437469482421875 150.4875030517578125 148.1875 148.9250030517578125 152.6812591552734375 159.068756103515625 166.2375030517578125 170.193756103515625 168.1374969482421875 165.524993896484375 162.1125030517578125 156.28125 150.09375 144.3000030517578125 139.3249969482421875 134.243743896484375 130.2062530517578125 128.193756103515625 127.90625 127.9562530517578125 129.756256103515625 132.09375 133.993743896484375 133.875 133.5124969482421875 133.3625030517578125 131.725006103515625 130.5500030517578125 129.5812530517578125 128.7062530517578125 127.72499847412109375 128.162506103515625 128.756256103515625 130.34375 132.65625 137.65625 144.4812469482421875 151.131256103515625
169.556243896484375 167.806243896484375 165.193756103515625 162.1125030517578125 158.9250030517578125 156.0500030517578125 152.4250030517578125 149.6875 147.0187530517578125 146.9499969482421875 152.0500030517578125 160.212493896484375 169.493743896484375 174.462493896484375 173.6750030517578125 171.381256103515625 168.0500030517578125 162.725006103515625 156.8000030517578125 150.881256103515625 146.162506103515625 141.5 136.6750030517578125 134.8125 134.274993896484375 133.9375 135.3937530517578125 137.5812530517578125 139.2687530517578125 139.087493896484375 138.2312469482421875 137.681243896484375 135.962493896484375 135.1999969482421875 133.5187530517578125 131.7937469482421875 132.0437469482421875 131.649993896484375 131.931243896484375 132.8000030517578125 134.725006103515625 138.5500030517578125 142.149993896484375 147.381256103515625
169.1687469482421875 167.5187530517578125 165.056243896484375 162.2687530517578125 159.3000030517578125 156.1374969482421875 152.3937530517578125 149.09375 145.600006103515625 143.3625030517578125 150.306243896484375 163.1999969482421875 171.9562530517578125 176.4499969482421875 177.4499969482421875 176.4812469482421875 173.46875 168.6687469482421875 162.649993896484375 156.7062530517578125 152.0625 147.350006103515625 143.15625 141.0124969482421875 140.100006103515625 139.8249969482421875 140.962493896484375 143.03125 144.962493896484375 144.337493896484375 143.399993896484375 141.868743896484375 140.9875030517578125 140.1374969482421875 137.5749969482421875 136.6437530517578125 136.1750030517578125 135.975006103515625 135.6999969482421875 135.6437530517578125 136.5749969482421875 137.90625 140.443756103515625 144.1999969482421875
168.725006103515625 167.306243896484375 164.8562469482421875 162.3937530517578125 159.8874969482421875 156.8625030517578125 154.225006103515625 151.118743896484375 148.118743896484375 144.475006103515625 156.475006103515625 169.868743896484375 176.34375 180.462493896484375 181.6062469482421875 181.1750030517578125 178.493743896484375 173.850006103515625 168.381256103515625 162.287506103515625 157.431243896484375 152.21875 148.118743896484375 145.84375 145.4187469482421875 145.287506103515625 146.0250091552734375 148.006256103515625 149.84375 149.2687530517578125 147.3937530517578125 146.181243896484375 145.4875030517578125 144.1999969482421875 142.375 140.537506103515625 140.306243896484375 139.306243896484375 139.3249969482421875 139.1374969482421875 137.975006103515625 138.5500030517578125 138.6875 139.9812469482421875
