data/historical-monthly-weather-data/wc2.1_cruts4.09_10m_prec_2002-12.asc
ncols        45
nrows        45
xllcorner    -63.500000000000
yllcorner    -7.500000000000
cellsize     0.166666666667
NODATA_value -9999
[rows 20 to 39 of 45, columns 0 to 44 of 45]
254.2937469482421875 254.524993896484375 258.006256103515625 263.356231689453125 270.243743896484375 280.03125 289.568756103515625 298.4375 305.756256103515625 310.57501220703125 313.04376220703125 316.64373779296875 319.60626220703125 319.86248779296875 316.65625 311 305.10626220703125 299.681243896484375 297.61248779296875 295.193756103515625 291.712493896484375 287.6875 283.78125 279.90625 277.60626220703125 273.693756103515625 264.64373779296875 249.350006103515625 230.9812469482421875 214.34375 201.556243896484375 195.681243896484375 193.462493896484375 193.3562469482421875 193.725006103515625 193.712493896484375 195.806243896484375 197.9812469482421875 196.4562530517578125 190.181243896484375 180.443756103515625 171.381256103515625 164.78125 159.3125 156.2687530517578125
255.5 254.9812469482421875 260.462493896484375 269.01251220703125 277.98126220703125 288.70623779296875 300.08123779296875 310.70001220703125 317.88751220703125 322.28125 323.318756103515625 324.912506103515625 325.83123779296875 324.193756103515625 321.38751220703125 316.71875 311.73748779296875 306.600006103515625 302.8125 299.068756103515625 292.431243896484375 288.131256103515625 285.6875 281.587493896484375 279.431243896484375 278.850006103515625 274.912506103515625 261.20001220703125 244.037506103515625 229.5625 217.6437530517578125 209.9812469482421875 205.3125 203.7937469482421875 202.212493896484375 201.1062469482421875 202.78125 205.118743896484375 202.21875 193.962493896484375 184.287506103515625 175.556243896484375 168.4375 162.59375 159.71875
257.70001220703125 259.07501220703125 264.71875 274.024993896484375 285.0625 298.15625 310.306243896484375 322.71875 331.61248779296875 334.318756103515625 333.743743896484375 332.10626220703125 331.86248779296875 329.41876220703125 326.25 321.837493896484375 316.725006103515625 310.6875 306.10626220703125 300.35626220703125 292.818756103515625 287.0625 282.931243896484375 278.98126220703125 278.068756103515625 280.51251220703125 281.087493896484375 269.70623779296875 253.9562530517578125 241.7937469482421875 231.6062469482421875 223.6875 218.2062530517578125 213.8562469482421875 210.2062530517578125 206.1750030517578125 207.9812469482421875 213.6374969482421875 210.024993896484375 199.787506103515625 188.9875030517578125 179.78125 172.3125 166.100006103515625 162.7937469482421875
262.631256103515625 263.962493896484375 269.506256103515625 279.63751220703125 292.318756103515625 306.09375 319.787506103515625 331.837493896484375 339.64373779296875 340.82501220703125 339.375 337.41876220703125 335.76251220703125 332.975006103515625 329.23748779296875 324.59375 319.768768310546875 313.725006103515625 307.96875 301.25 291.443756103515625 284.09375 277.73126220703125 273.943756103515625 272.587493896484375 274.274993896484375 275 269.087493896484375 259.79376220703125 250.806243896484375 243.3625030517578125 235.6062469482421875 230.5500030517578125 225.212493896484375 220.40625 213.7312469482421875 214.181243896484375 219.162506103515625 215.274993896484375 204.7375030517578125 193.149993896484375 183.8000030517578125 175.506256103515625 168.6687469482421875 166.537506103515625
271.475006103515625 271.987518310546875 276.600006103515625 289.725006103515625 305.024993896484375 317.743743896484375 329.993743896484375 339.71875 344.975006103515625 346.662506103515625 345.318756103515625 341.90625 338.693756103515625 334.82501220703125 331.48748779296875 327.29998779296875 322.40625 316.350006103515625 309.67498779296875 301.98748779296875 290.4375 280.068756103515625 272.03125 266.6875 265.600006103515625 268.037506103515625 269.556243896484375 267.412506103515625 262.48748779296875 257.743743896484375 253.1687469482421875 247.024993896484375 242.618743896484375 237.1875 231 225.1750030517578125 224.1875 223.587493896484375 218.5 209.2687530517578125 197.75 188.087493896484375 178.8562469482421875 172.5124969482421875 169.0749969482421875
286.225006103515625 290.20623779296875 295.100006103515625 307.34375 319.475006103515625 330.225006103515625 339.51251220703125 346.88751220703125 350.475006103515625 350.71875 348.5625 345.04998779296875 340.493743896484375 335.73126220703125 333.212493896484375 329.61248779296875 324.431243896484375 318.256256103515625 311.25 302.73748779296875 291.29998779296875 277.8125 265.88751220703125 257.625 258.868743896484375 263.181243896484375 266.931243896484375 267.225006103515625 265.26251220703125 263.34375 260.88751220703125 258.33123779296875 255.2312469482421875 248.9875030517578125 242.818756103515625 236.46875 233.4250030517578125 230.524993896484375 224.375 215.5625 204.193756103515625 192.5812530517578125 181.649993896484375 173.868743896484375 171.618743896484375
299.4375 304.774993896484375 312.787506103515625 324.006256103515625 334.16876220703125 342.037506103515625 347.318756103515625 351.42498779296875 351.881256103515625 351.850006103515625 350.75 346.243743896484375 340.131256103515625 335.024993896484375 332.88751220703125 330.431243896484375 326.225006103515625 320.5 313.8125 304.54998779296875 292.39373779296875 278.193756103515625 264.274993896484375 253.337493896484375 256.51251220703125 261.274993896484375 265.60626220703125 266.98748779296875 267.32501220703125 266.943756103515625 266.96875 266.631256103515625 265.649993896484375 259.51251220703125 253.2375030517578125 247.09375 242.0437469482421875 237.6125030517578125 231.037506103515625 222.9499969482421875 212.0812530517578125 198.5437469482421875 184.6687469482421875 175.6875 177.65625
313.975006103515625 320.90625 330.88751220703125 341.649993896484375 349.84375 354.681243896484375 356.787506103515625 356.606231689453125 354.48748779296875 352.40625 349.65625 344.38751220703125 339.08123779296875 333.912506103515625 332.35626220703125 330.09375 327.42498779296875 321.98748779296875 316.256256103515625 307.79998779296875 296.48748779296875 283.8125 273.23126220703125 264.087493896484375 262.83123779296875 264.943756103515625 267.26251220703125 267.92498779296875 268.16876220703125 268.787506103515625 269.318756103515625 269.14373779296875 268.618743896484375 265.26873779296875 260.649993896484375 254.806243896484375 249.712493896484375 245.1125030517578125 239.318756103515625 232.5749969482421875 223.0437469482421875 208.4375 189.1062469482421875 178.931243896484375 187.399993896484375
327.024993896484375 336.100006103515625 348.16876220703125 360.48126220703125 366.75 366.48126220703125 364.07501220703125 360.787506103515625 356.3125 351.712493896484375 348.54376220703125 343.42498779296875 337.537506103515625 332.6875 331.20623779296875 330.92498779296875 329.225006103515625 325 319.931243896484375 312.65625 302.625 292.149993896484375 284.243743896484375 275.04998779296875 271.42498779296875 270.78125 271.006256103515625 270.59375 270.306243896484375 270.33123779296875 270.431243896484375 269.8125 269.83123779296875 267.899993896484375 265.40625 260.73748779296875 256.60626220703125 252.0500030517578125 246.337493896484375 241.1125030517578125 234.5124969482421875 218.412506103515625 198.993743896484375 191.8249969482421875 200.587493896484375
339.3125 348.89373779296875 362.70001220703125 376.84375 383.787506103515625 376.04376220703125 367.712493896484375 361.21875 354.162506103515625 347.66876220703125 343.67498779296875 338.162506103515625 334.20623779296875 330.92498779296875 330.15625 329.36248779296875 328.5625 327.431243896484375 323.63751220703125 316.918731689453125 307.54998779296875 298.84375 291.17498779296875 282.787506103515625 278.149993896484375 276.0625 273.35626220703125 272.274993896484375 270.73748779296875 270.681243896484375 270.662506103515625 269.98126220703125 270.993743896484375 270.03125 268.681243896484375 264.375 260.743743896484375 256.4375 251.274993896484375 245.7937469482421875 238.34375 227.7937469482421875 214.274993896484375 208.75 211.1062469482421875
348.6875 358.181243896484375 370.412506103515625 384.01251220703125 388.806243896484375 377 365.993743896484375 356.45623779296875 347.54998779296875 341.73126220703125 337.375 332.91876220703125 330.256256103515625 327.618743896484375 326.899993896484375 327.037506103515625 328.03125 327.162506103515625 326.056243896484375 320.506256103515625 311.73748779296875 303.868743896484375 297.475006103515625 289.10626220703125 283.287506103515625 279.693756103515625 275.962493896484375 273.493743896484375 271.01873779296875 271.3125 271.181243896484375 270.53125 271.381256103515625 271.618743896484375 270.774993896484375 267.39373779296875 264.51873779296875 260.75 255.381256103515625 248.787506103515625 242.7312469482421875 236.631256103515625 228.96875 222.4812469482421875 222.287506103515625
356.17498779296875 363.09375 371.64373779296875 377.79376220703125 377.46875 368.61248779296875 358.23748779296875 347.368743896484375 338.993743896484375 332.51251220703125 328.774993896484375 326.20001220703125 325.068756103515625 323.45623779296875 324.212493896484375 324.90625 324.181243896484375 323.6875 323.100006103515625 319.32501220703125 312.899993896484375 306.45623779296875 300.39373779296875 292.28125 287.51873779296875 282.92498779296875 277.725006103515625 274.3125 271.36248779296875 271.8125 271.762481689453125 271.36248779296875 271.225006103515625 271.8125 272.01251220703125 270.1875 267.087493896484375 263.36248779296875 258.537506103515625 252.993743896484375 250.024993896484375 248.53125 246.3625030517578125 244.350006103515625 247.181243896484375
363.91876220703125 366.71875 369.337493896484375 371.66876220703125 369.125 360.01251220703125 348.431243896484375 336.78125 327.618743896484375 321.57501220703125 320.73126220703125 319.162506103515625 319.73126220703125 320.774993896484375 321.10626220703125 320.53125 318.59375 319.20623779296875 317.068756103515625 314.33123779296875 309.337493896484375 304.65625 299.543731689453125 292 287.42498779296875 283.73748779296875 278.350006103515625 273.26873779296875 270.4375 270.67498779296875 271.4375 271.5 271.631256103515625 272.168731689453125 272.625 271.087493896484375 268.73748779296875 266.024993896484375 262.48126220703125 261.40625 260.331268310546875 262.243743896484375 265.95001220703125 272.64373779296875 287.32501220703125
370.29376220703125 369.51251220703125 368.83123779296875 366.42498779296875 360.01873779296875 349.75 338.118743896484375 325.85626220703125 315.693756103515625 309.212493896484375 308.09375 311.11248779296875 314.524993896484375 315.73126220703125 316.5 315.08123779296875 313.243743896484375 313.712493896484375 311.149993896484375 308.73748779296875 304.73748779296875 300.475006103515625 295.75 289.518768310546875 285.100006103515625 281.712493896484375 277.04376220703125 272.35626220703125 269.71875 269.556243896484375 270.4375 271.48126220703125 271.71875 272.32501220703125 272.368743896484375 271.006256103515625 269.837493896484375 266.993743896484375 266.868743896484375 268.41876220703125 270.20001220703125 275.01251220703125 282.76873779296875 295.16876220703125 314.42498779296875
374.66876220703125 371.962493896484375 367.975006103515625 361.48126220703125 353.056243896484375 340.88751220703125 327.5625 314.26251220703125 301.8125 295.256256103515625 296.1875 302.29376220703125 309.899993896484375 314.10626220703125 314.34375 311.993743896484375 308.618743896484375 308.037506103515625 306.20623779296875 302.48748779296875 299.78125 295.20001220703125 291.912506103515625 286.118743896484375 281.712493896484375 278.96875 274.524993896484375 270.568756103515625 267.92498779296875 268.13751220703125 269.512481689453125 270.85626220703125 271.443756103515625 272.350006103515625 272.28125 270.57501220703125 269.131256103515625 268.818756103515625 271.037506103515625 273.54376220703125 277.649993896484375 283.899993896484375 293.17498779296875 306.29376220703125 322.693756103515625
375.993743896484375 371.899993896484375 365.48126220703125 357.34375 346.98748779296875 333.881256103515625 318.587493896484375 303.04998779296875 288.53125 279.54376220703125 282.92498779296875 294.26251220703125 306.587493896484375 312.45623779296875 312.60626220703125 309.318756103515625 304.48748779296875 303.162506103515625 299.962493896484375 295.54998779296875 292.524993896484375 289.506256103515625 285.53125 280.45623779296875 277.16876220703125 274.475006103515625 270.92498779296875 267.45001220703125 265.10626220703125 266.100006103515625 268.23126220703125 269.51251220703125 270.631256103515625 271.118743896484375 271.037506103515625 269.431243896484375 270.32501220703125 270.91876220703125 273.5 277.04998779296875 281.931243896484375 289.256256103515625 297.524993896484375 308.95001220703125 320.556243896484375
376.193756103515625 371.40625 363.931243896484375 355.181243896484375 344.57501220703125 330.91876220703125 315.63751220703125 297.881256103515625 279.01251220703125 263.34375 272.287506103515625 294.5625 307.41876220703125 311.71875 311.03125 306.45001220703125 300.71875 297.98748779296875 294.64373779296875 289.67498779296875 285.943756103515625 282.20623779296875 278.287506103515625 273.875 270.693756103515625 268.8125 265.59375 263.8125 262.76873779296875 264.337493896484375 266.51873779296875 268.04998779296875 269.193756103515625 270.1875 269.95623779296875 270.5 271.837493896484375 273.006256103515625 274.95623779296875 278.59375 283.318756103515625 290.08123779296875 297.756256103515625 307.587493896484375 315.1875
376.962493896484375 372.231231689453125 364.818756103515625 355.71875 345.91876220703125 331.78125 317.618743896484375 300.868743896484375 282.600006103515625 263.3125 286.64373779296875 310.431243896484375 315.6875 315.3125 311.79376220703125 305.493743896484375 297.65625 294.42498779296875 289.54376220703125 284.33123779296875 278.850006103515625 274.26873779296875 270.59375 266.63751220703125 263.70001220703125 262.3125 261.13751220703125 260.181243896484375 259.912506103515625 262.4375 264.412506103515625 266.54998779296875 267.96875 269.21875 269.34375 270.66876220703125 272.368743896484375 273.54376220703125 276.04998779296875 279.17498779296875 283.01873779296875 288.806243896484375 294.89373779296875 302.84375 309.625
385.17498779296875 379.16876220703125 371.51251220703125 362.649993896484375 352.181243896484375 338.756256103515625 325.86248779296875 314.01873779296875 305.100006103515625 308.95623779296875 335.65625 334 327.07501220703125 321.79998779296875 315.98126220703125 308.60626220703125 300.068756103515625 294.256256103515625 287.79376220703125 280.86248779296875 273.84375 267.681243896484375 263.39373779296875 260.07501220703125 258.14373779296875 257.39373779296875 256.8125 257.337493896484375 258.243743896484375 261.337493896484375 264.51873779296875 265.89373779296875 267.618743896484375 269.08123779296875 270.875 272.28125 273.65625 274.8125 276.51251220703125 278.568756103515625 282.125 286.23126220703125 290.76873779296875 296.625 301.8125
396.381256103515625 389 380.51251220703125 371.225006103515625 361.11248779296875 349.78125 339.256256103515625 332.20001220703125 328.087493896484375 332.337493896484375 343.04376220703125 342.79376220703125 335.0625 328.01873779296875 321.54376220703125 312.993743896484375 303.42498779296875 296.42498779296875 287.306243896484375 278.20001220703125 268.21875 260 254.462493896484375 251.1875 250.9187469482421875 251.75 253.1437530517578125 255.1875 257.07501220703125 260.9375 263.76251220703125 266.59375 269.212493896484375 270.931243896484375 272.462493896484375 272.9375 274.54998779296875 275.29376220703125 276.162506103515625 276.95001220703125 278.73748779296875 282.056243896484375 285.931243896484375 290.38751220703125 295.07501220703125
