data/historical-monthly-weather-data/wc2.1_cruts4.09_10m_prec_1956-04.asc
ncols        51
nrows        45
xllcorner    -63.500000000000
yllcorner    -7.500000000000
cellsize     0.166666666667
NODATA_value -9999
[rows 20 to 39 of 45, columns 0 to 44 of 51]
325.45001220703125 334.45001220703125 338.58123779296875 340.92498779296875 341.274993896484375 348.25 354.212493896484375 354.23748779296875 351.73748779296875 344.70001220703125 334.75 323.59375 313.09375 304.5625 292.131256103515625 281.837493896484375 273.9375 270.40625 269.64373779296875 267.86248779296875 268.399993896484375 266.41876220703125 263.087493896484375 264.931243896484375 270.818756103515625 276.35626220703125 281.225006103515625 285.618743896484375 287.881256103515625 289.225006103515625 286.100006103515625 283.024993896484375 272.431243896484375 259.306243896484375 249.0124969482421875 267.39373779296875 294.693756103515625 317.524993896484375 332.57501220703125 341.181243896484375 344.506256103515625 346.118743896484375 341.493743896484375 339.056243896484375 334.112518310546875
315.368743896484375 321.725006103515625 327.29998779296875 335.70001220703125 340.29998779296875 345.61248779296875 352.3125 355.96875 354.13751220703125 344.15625 328.98748779296875 311.26873779296875 297.54998779296875 288.743743896484375 282.625 275.181243896484375 271.3125 267.056243896484375 265.42498779296875 262.837493896484375 258.881256103515625 257.08123779296875 257.70001220703125 261.42498779296875 268.649993896484375 279.975006103515625 297.537506103515625 301.693756103515625 302.806243896484375 303.193756103515625 298.600006103515625 292.649993896484375 284.28125 276.90625 275.125 285.84375 306.806243896484375 326.21875 336.899993896484375 342.412506103515625 345.0625 344.82501220703125 340.29998779296875 336.76251220703125 331.399993896484375
306.65625 320.068756103515625 327.40625 335.04998779296875 340.149993896484375 345.899993896484375 349.9375 356.35626220703125 361.28125 345.037506103515625 322.58123779296875 299.556243896484375 282.8125 275.774993896484375 273.65625 271.337493896484375 267.350006103515625 262.13751220703125 258.381256103515625 254.006256103515625 251.118743896484375 248.962493896484375 247.3125 252.6374969482421875 264 278.875 298.90625 307.32501220703125 310.681243896484375 310.11248779296875 308.13751220703125 305.09375 303.743743896484375 302.068756103515625 304.71875 310.84375 324.337493896484375 338.54998779296875 344.96875 345.32501220703125 344.850006103515625 341.837493896484375 337.149993896484375 332.993743896484375 328.4375
299.787506103515625 314.51251220703125 324.57501220703125 330.13751220703125 334.71875 340.61248779296875 347.806243896484375 352.23126220703125 354.16876220703125 337.037506103515625 314.13751220703125 293.818756103515625 272.23748779296875 268.86248779296875 268.79998779296875 266.568756103515625 262.15625 258.67498779296875 253.4187469482421875 249.087493896484375 244.71875 239.837493896484375 237.3249969482421875 244.493743896484375 255.568756103515625 266.412506103515625 283.25 299.38751220703125 309.256256103515625 315.862518310546875 319.743743896484375 324.08123779296875 326.76873779296875 326.85626220703125 330.58123779296875 335.35626220703125 345.024993896484375 351.73126220703125 351.89373779296875 347.64373779296875 344.537506103515625 338.92498779296875 332.89373779296875 327.03125 324.975006103515625
296.70623779296875 312.45001220703125 321.04998779296875 327.962493896484375 333.912506103515625 338.11248779296875 342.162506103515625 344.38751220703125 340.212493896484375 329.39373779296875 310.600006103515625 291.36248779296875 278.524993896484375 269.79376220703125 266.350006103515625 263.29376220703125 260.83123779296875 256.71875 251.1875 244.493743896484375 238.225006103515625 232.0187530517578125 228.787506103515625 233.8874969482421875 243.125 258.381256103515625 277.09375 294.40625 309.9375 325.024993896484375 335.943756103515625 346.131256103515625 351.73126220703125 352.318756103515625 353.03125 352.63751220703125 357.287506103515625 357.54376220703125 354.962493896484375 350.54998779296875 344.91876220703125 336.91876220703125 330.79998779296875 322.78125 314.98126220703125
302.837493896484375 317.256256103515625 319.65625 325.08123779296875 328.493743896484375 331.82501220703125 334.46875 334.45001220703125 326.756256103515625 315.9375 304.193756103515625 292.675018310546875 282.01873779296875 274.743743896484375 268.306243896484375 265.73126220703125 262.037506103515625 257.01251220703125 249.6687469482421875 240.475006103515625 234.787506103515625 226.2375030517578125 219.9375 220.431243896484375 232.8937530517578125 251.3000030517578125 274.90625 294.056243896484375 314.875 332.100006103515625 350.78125 368.125 376.625 373.556243896484375 368.837493896484375 365.76873779296875 365.63751220703125 363.48748779296875 357.95001220703125 352.0625 345.96875 335.681243896484375 326.543731689453125 316.20623779296875 310.92498779296875
305.493743896484375 315.17498779296875 319.131256103515625 322.41876220703125 323.32501220703125 326.618743896484375 326.681243896484375 323.587493896484375 316.60626220703125 311.86248779296875 305.01251220703125 295.043731689453125 286.54998779296875 280.087493896484375 274.162506103515625 270.16876220703125 265.5 258.506256103515625 251.774993896484375 243.5062408447265625 234.3562469482421875 224.131256103515625 214.556243896484375 214.100006103515625 229.40625 247.0500030517578125 271.76873779296875 292.850006103515625 315.912506103515625 335.73126220703125 358.60626220703125 380.506256103515625 393.375 387.818756103515625 380.725006103515625 375.125 372.67498779296875 369.087493896484375 361.14373779296875 354.375 345.90625 336.693756103515625 326.662506103515625 317.8125 318.58123779296875
309.787506103515625 315.84375 318.13751220703125 319.64373779296875 321.13751220703125 321.29998779296875 321.13751220703125 315.868743896484375 311.875 308.662506103515625 301.45001220703125 295.381256103515625 288.79998779296875 284.54998779296875 279.350006103515625 273.568756103515625 269.375 264.806243896484375 256.274993896484375 248.837493896484375 240.09375 228.75 223.3125 223.6687469482421875 234.3562469482421875 250.4375 271.51251220703125 293.17498779296875 315.29998779296875 336.0625 356.625 376.23748779296875 387.61248779296875 387.04998779296875 385 379.225006103515625 377.48748779296875 374.181243896484375 366.15625 358.024993896484375 349.8125 340.693756103515625 330.95623779296875 324.51251220703125 333.95623779296875
311.48126220703125 316.225006103515625 316.337493896484375 317.48126220703125 317.25 314.11248779296875 311.943756103515625 310.399993896484375 309.57501220703125 305.537506103515625 301.59375 296.818756103515625 290.98748779296875 287.8125 285.100006103515625 282.493743896484375 278.912506103515625 271.16876220703125 264.493743896484375 256.15625 247.943756103515625 237.28125 232.318756103515625 234.9187469482421875 242.725006103515625 256.29998779296875 275.60626220703125 295.17498779296875 315.42498779296875 334.10626220703125 349.912506103515625 365.67498779296875 373.850006103515625 379.41876220703125 381.90625 379.6875 379.962493896484375 378.51251220703125 371.493743896484375 361.600006103515625 350.16876220703125 341.625 334.48748779296875 338.306243896484375 348.993743896484375
314.318756103515625 317.787506103515625 316.82501220703125 313.318756103515625 312.725006103515625 310.649993896484375 308.693756103515625 307.82501220703125 306.16876220703125 302.8125 300.90625 297.40625 295.931243896484375 294.04998779296875 291.61248779296875 288.53125 285.162506103515625 281.16876220703125 273.54376220703125 263.38751220703125 253.2937469482421875 245.774993896484375 242.28125 243.4250030517578125 248.7687530517578125 259.881256103515625 277.57501220703125 293.71875 311.65625 327.399993896484375 341.26251220703125 352.818756103515625 361.88751220703125 370.89373779296875 377.45001220703125 378.23126220703125 381.66876220703125 382.73126220703125 375.287506103515625 369.6875 363.21875 357.475006103515625 351.15625 355.64373779296875 359.806243896484375
314.59375 316.42498779296875 314.1875 311.23748779296875 310.73748779296875 307.5625 306.212493896484375 303.368743896484375 301.875 300.875 300.26251220703125 298.96875 300.475006103515625 297.975006103515625 296.95623779296875 294.88751220703125 293.71875 290.20001220703125 283.98126220703125 274.774993896484375 264.15625 254.90625 249.7624969482421875 248.5812530517578125 251.368743896484375 264.131256103515625 277.100006103515625 292.306243896484375 307.41876220703125 319.368743896484375 331.92498779296875 342.53125 353.84375 364.068756103515625 371.53125 375.662506103515625 378.23748779296875 381.725006103515625 380.38751220703125 377.287506103515625 373.48748779296875 368.64373779296875 365.88751220703125 366.3125 371.26873779296875
312.225006103515625 313.23748779296875 310.91876220703125 310.212493896484375 308.71875 303.29998779296875 301.40625 297.83123779296875 296.568756103515625 295.78125 297.024993896484375 300.274993896484375 301.07501220703125 301.23126220703125 300.58123779296875 299.868743896484375 296.63751220703125 294.068756103515625 287.899993896484375 282.70623779296875 272.818756103515625 263.34375 255.975006103515625 254.7687530517578125 259.5625 267.618743896484375 277.29998779296875 290.83123779296875 302.29376220703125 313.70623779296875 325.6875 335.725006103515625 344.95623779296875 355.71875 364.95001220703125 370.26873779296875 376 378.78125 378.837493896484375 377.61248779296875 380.79998779296875 379.4375 377.36248779296875 378.51251220703125 383.618743896484375
309.524993896484375 308.287506103515625 306.45623779296875 304.587493896484375 304.056243896484375 298.587493896484375 293.818756103515625 291.34375 289.431243896484375 290.568756103515625 296.08123779296875 298.51873779296875 302.649993896484375 305.53125 304.75 302.931243896484375 301.1875 299.17498779296875 292.29998779296875 286.03125 278.743743896484375 269.806243896484375 261.89373779296875 260.787506103515625 264.987518310546875 268.587493896484375 277.493743896484375 286.98126220703125 296.8125 308.39373779296875 318.118743896484375 326.36248779296875 335.306243896484375 346.787506103515625 356.993743896484375 364.899993896484375 371.04998779296875 376.056243896484375 375.162506103515625 382.26251220703125 385.04376220703125 384.6875 385.881256103515625 389.837493896484375 395.98126220703125
304.96875 304.64373779296875 303.112518310546875 300.48748779296875 298.13751220703125 294.431243896484375 289.818756103515625 285.024993896484375 282.73748779296875 283.975006103515625 288.09375 295.587493896484375 302.662506103515625 304.78125 305.48748779296875 303.29998779296875 302.46875 300.4375 294.9375 288.975006103515625 282.024993896484375 274.17498779296875 267.08123779296875 263.20001220703125 266.962493896484375 269.03125 274.556243896484375 281.850006103515625 290.42498779296875 299.431243896484375 308.475006103515625 318.04998779296875 327.274993896484375 338.350006103515625 349.318756103515625 357.087493896484375 364.756256103515625 367.25 373.943756103515625 381.1875 383.98126220703125 387.225006103515625 391.443756103515625 397.712493896484375 405.731231689453125
298.274993896484375 299.818756103515625 299.4375 295.118743896484375 291.693756103515625 286.88751220703125 281.54998779296875 277.5625 273.38751220703125 272.71875 280.01251220703125 291.774993896484375 303.162506103515625 310.118743896484375 309.524993896484375 307.33123779296875 304.16876220703125 299.54376220703125 296.67498779296875 289.381256103515625 284.60626220703125 275.850006103515625 269.41876220703125 263.818756103515625 265.1875 268.26251220703125 272.57501220703125 276.681243896484375 283.82501220703125 293.45623779296875 301.225006103515625 310.67498779296875 318.5625 330.225006103515625 340.006256103515625 347 352.475006103515625 364.068756103515625 371.337493896484375 377.462493896484375 380.91876220703125 386.118743896484375 392.70623779296875 399.368743896484375 404.131256103515625
292.66876220703125 295.431243896484375 294.08123779296875 290.01251220703125 285.506256103515625 279.20001220703125 274.131256103515625 268.59375 261.756256103515625 259.51873779296875 265.66876220703125 281.11248779296875 297.962493896484375 306.83123779296875 307.274993896484375 305.5 303.04376220703125 299.350006103515625 296.35626220703125 292.34375 286.01251220703125 278.90625 269.17498779296875 264.618743896484375 263.399993896484375 265.024993896484375 268.943756103515625 273.04998779296875 278.73748779296875 286.53125 294.20001220703125 301.83123779296875 309.475006103515625 321.28125 329.149993896484375 332.79998779296875 344.068756103515625 355.26251220703125 360.90625 367.787506103515625 374.368743896484375 379.181243896484375 384.418731689453125 391.61248779296875 393.91876220703125
287.693756103515625 291.375 288.92498779296875 285.375 280.33123779296875 274.15625 269.14373779296875 260.70623779296875 250.4499969482421875 244.1374969482421875 253.2687530517578125 275.86248779296875 290.91876220703125 297.993743896484375 301.618743896484375 301.34375 297.537506103515625 295.26251220703125 293.600006103515625 288.181243896484375 283.056243896484375 275.837493896484375 266.850006103515625 262.73126220703125 259.95001220703125 260.48126220703125 264.64373779296875 268.6875 272.76251220703125 279.318756103515625 287.756256103515625 296.037506103515625 303.48748779296875 311.962493896484375 318.600006103515625 324.962493896484375 335.66876220703125 347.399993896484375 355.40625 358.98126220703125 365.41876220703125 369.71875 376.475006103515625 382.51251220703125 386.08123779296875
286.4375 287.53125 283.837493896484375 280.98126220703125 276.04376220703125 270.73126220703125 264.587493896484375 255.350006103515625 246.6999969482421875 238.4250030517578125 254.037506103515625 275.96875 286.96875 292.71875 295.51251220703125 295.92498779296875 291.618743896484375 290.61248779296875 286.443756103515625 280.51251220703125 275.79376220703125 268.681243896484375 262.79998779296875 258.58123779296875 255.3125 256.618743896484375 257.899993896484375 262.95623779296875 267.36248779296875 274.412506103515625 280.36248779296875 288.5625 297.475006103515625 304.29376220703125 307.943756103515625 318.350006103515625 328.34375 337.08123779296875 347.181243896484375 351.868743896484375 355.524993896484375 360.59375 364 367.875 372.725006103515625
287.225006103515625 284.693756103515625 280.95623779296875 278.462493896484375 275.03125 268.125 262.600006103515625 256.40625 254.149993896484375 258.993743896484375 274.556243896484375 282.881256103515625 284.912506103515625 288.73126220703125 290.8125 289.15625 285.78125 283.58123779296875 277.024993896484375 272.76251220703125 267.46875 260.60626220703125 255.556243896484375 253.4875030517578125 251.556243896484375 250.5187530517578125 252.524993896484375 256.79998779296875 260.618743896484375 268.61248779296875 275.25 280.01873779296875 287.83123779296875 295.806243896484375 304.98748779296875 311.568756103515625 318.3125 327.42498779296875 333.51251220703125 335.381256103515625 339.524993896484375 344.65625 346.256256103515625 350.943756103515625 354.34375
287.45001220703125 284.73126220703125 281.10626220703125 278.600006103515625 275.10626220703125 269.89373779296875 263.0625 261.58123779296875 262.462493896484375 266.962493896484375 274.600006103515625 281.48748779296875 282.899993896484375 284.91876220703125 285.806243896484375 283.45001220703125 280.10626220703125 277.21875 269.83123779296875 263.787506103515625 257.649993896484375 253.725006103515625 246.787506103515625 244.587493896484375 245.6875 245.7062530517578125 247.943756103515625 251.9375 255.6062469482421875 262.54998779296875 266.71875 275.837493896484375 285.618743896484375 293 301.51251220703125 306.83123779296875 311.649993896484375 318.76251220703125 321.98748779296875 320.70623779296875 322.725006103515625 326.79376220703125 326.431243896484375 329.59375 334.100006103515625
