data/historical-monthly-weather-data/wc2.1_cruts4.09_10m_prec_2008-05.asc
ncols        51
nrows        45
xllcorner    -63.500000000000
yllcorner    -7.500000000000
cellsize     0.166666666667
NODATA_value -9999
[rows 0 to 19 of 45, columns 0 to 43 of 51]
490.04998779296875 496.9375 498.381256103515625 508.0625 512.83123779296875 511.51251220703125 503.13751220703125 497.73748779296875 489.98748779296875 486.037506103515625 478.65625 463.98126220703125 451.787506103515625 440.443756103515625 425.381256103515625 412.756256103515625 398.850006103515625 384.649993896484375 374.15625 367.40625 364.76251220703125 362.243743896484375 363.85626220703125 361.36248779296875 360.556243896484375 361.850006103515625 361.04376220703125 362.149993896484375 360.975006103515625 366.71875 368.33123779296875 373.056243896484375 380.5625 386.412506103515625 392.506256103515625 401.024993896484375 407.95623779296875 411.056243896484375 412.5625 416.01251220703125 415.84375 415.556243896484375 411.350006103515625 412.3125
484.462493896484375 489.193756103515625 497.587493896484375 511.181243896484375 524.1875 525.26251220703125 517.6624755859375 513.26873779296875 508.34375 499.82501220703125 492.23748779296875 476.193756103515625 459.9375 444.412506103515625 426.256256103515625 409.243743896484375 392.86248779296875 375.98748779296875 365.962493896484375 358.1875 355.91876220703125 355.4375 355.09375 356.1875 355.618743896484375 355.193756103515625 357.45623779296875 359.29998779296875 360.506256103515625 365.1875 368.412506103515625 378.350006103515625 383.931243896484375 393.35626220703125 399.506256103515625 402.868743896484375 412.381256103515625 416.681243896484375 420.899993896484375 417.79998779296875 417.149993896484375 421.51251220703125 417.23126220703125 411.76873779296875
460.98748779296875 469.225006103515625 482.14373779296875 494.774993896484375 505.54376220703125 511.26873779296875 513.40625 516.66876220703125 514.7562255859375 507.79376220703125 499.08123779296875 480.331268310546875 460.96875 440.125 420.91876220703125 404.056243896484375 385.0625 367.54998779296875 357.71875 351.443756103515625 350.212493896484375 352.70001220703125 353.418731689453125 353.58123779296875 352.9375 355.493743896484375 359.625 360.03125 359.21875 364.125 368.399993896484375 376.287506103515625 386.71875 393.8125 402.725006103515625 405.28125 412.712493896484375 418.5 420.324981689453125 420.243743896484375 423.29998779296875 420.537506103515625 419.29376220703125 414.14373779296875
430.725006103515625 434.98748779296875 456.48126220703125 468.67498779296875 480.98748779296875 488.91876220703125 497.26251220703125 508.88751220703125 516.5625 513.9625244140625 502.23126220703125 481.149993896484375 456.29998779296875 434 413.443756103515625 394.08123779296875 373.600006103515625 358.07501220703125 349.04998779296875 346.712493896484375 351.60626220703125 353.13751220703125 352.600006103515625 353.67498779296875 353.14373779296875 353.40625 358.20001220703125 356.493743896484375 355.58123779296875 363.76251220703125 369.29998779296875 376.91876220703125 385.20623779296875 391.67498779296875 397.431243896484375 407.125 416.399993896484375 421.774993896484375 424.26251220703125 425.40625 425.78125 427.350006103515625 420.462493896484375 413.84375
427.70001220703125 426.006256103515625 424.5 435.85626220703125 451.537506103515625 461.15625 475.51873779296875 493.57501220703125 510.73126220703125 516.29376220703125 499.58123779296875 471.6875 450.024993896484375 428.774993896484375 407.193756103515625 385.399993896484375 363.54376220703125 349.84375 341.96875 342.70623779296875 348.649993896484375 349.91876220703125 348.712493896484375 353.806243896484375 351.76251220703125 351.787506103515625 350.41876220703125 352.899993896484375 353.54998779296875 360.350006103515625 368.462493896484375 374.26251220703125 381.41876220703125 391.818756103515625 400.01251220703125 406.51873779296875 417.48748779296875 426.125 430.162506103515625 430.39373779296875 432.88751220703125 428.6875 422.537506103515625 418.07501220703125
414.54376220703125 412.587493896484375 408.48748779296875 401.912506103515625 417.61248779296875 434.83123779296875 449.92498779296875 464.89373779296875 484.381256103515625 494.068756103515625 481.92498779296875 454.33123779296875 438.08123779296875 421.36248779296875 398.875 382.59375 360.837493896484375 347.131256103515625 342.100006103515625 345.53125 349.131256103515625 351.76873779296875 353.6875 352.125 351.1875 350.82501220703125 350.07501220703125 350.08123779296875 352.6875 360.181243896484375 368.131256103515625 376.068756103515625 382.71875 391.73126220703125 398.899993896484375 407.29998779296875 415.787506103515625 423.26873779296875 432.537506103515625 433.431243896484375 431.649993896484375 428.57501220703125 421.1875 416.162506103515625
404.32501220703125 399.131256103515625 393.86248779296875 388.306243896484375 390.318756103515625 399.0625 412.243743896484375 426.07501220703125 430.4375 441.54998779296875 442.181243896484375 428.86248779296875 420 409.33123779296875 393.25 377.806243896484375 364.618743896484375 355.82501220703125 350.600006103515625 354.6875 354.32501220703125 353.53125 350.4375 351.243743896484375 351.5 353.837493896484375 351.212493896484375 350.1875 348.868743896484375 356.943756103515625 365.962493896484375 371.3125 376.21875 384.725006103515625 393.243743896484375 403.70001220703125 410.21875 417.54376220703125 427.54998779296875 432.45623779296875 428.806243896484375 422.35626220703125 415.5 412.85626220703125
392.88751220703125 385.274993896484375 379.29998779296875 376.8125 377.79998779296875 385.743743896484375 385.57501220703125 377.26873779296875 370.131256103515625 384.875 402.61248779296875 403.243743896484375 404.26873779296875 397.9375 387.95001220703125 378.83123779296875 369.16876220703125 365.462493896484375 361.84375 360.412506103515625 361.90625 357.587493896484375 353.399993896484375 348.881256103515625 350.98126220703125 346.45623779296875 347.875 345.399993896484375 344.76873779296875 352.76873779296875 361.07501220703125 365.96875 372.28125 377.225006103515625 381.92498779296875 389.837493896484375 398.287506103515625 408.04376220703125 414.14373779296875 413.368743896484375 415.26873779296875 409.95001220703125 405.51873779296875 399.412506103515625
382.506256103515625 374.8125 371.09375 366.83123779296875 365.60626220703125 370.1875 369.431243896484375 363.756256103515625 349.39373779296875 348.26251220703125 366.399993896484375 378.10626220703125 388.243743896484375 385.82501220703125 380.65625 377.912506103515625 373.350006103515625 373.45623779296875 374.78125 366.60626220703125 358.79376220703125 357.899993896484375 348.33123779296875 351.66876220703125 346.54376220703125 340.587493896484375 338.07501220703125 340.20001220703125 344.23748779296875 349.04376220703125 358.587493896484375 360.774993896484375 359.26873779296875 360.181243896484375 366.962493896484375 375.837493896484375 384.8125 394.625 403.0625 400.725006103515625 397.806243896484375 392.618743896484375 392.8125 392.01873779296875
371.125 365.381256103515625 361.96875 359.649993896484375 354.837493896484375 358.85626220703125 359.79998779296875 357.306243896484375 352.79998779296875 355.162506103515625 363.76251220703125 364.41876220703125 376.57501220703125 375.899993896484375 376.806243896484375 374.48748779296875 372.98126220703125 374.243743896484375 377.54376220703125 376.29998779296875 364.5625 353.600006103515625 345.0625 345.09375 337.17498779296875 331.625 328.9375 331.193756103515625 337.381256103515625 345.787506103515625 349.04998779296875 348.51873779296875 350.162506103515625 351.5 353.524993896484375 360.98126220703125 368.149993896484375 378.149993896484375 386.75 391.712493896484375 394.45623779296875 393.899993896484375 384.66876220703125 376.431243896484375
359.931243896484375 356.14373779296875 351.806243896484375 350.212493896484375 345.76873779296875 350.975006103515625 353.368743896484375 349.85626220703125 348.787506103515625 354.931243896484375 364.306243896484375 369.375 366.3125 369.087493896484375 369.0625 368.28125 369.493743896484375 373.13751220703125 376.431243896484375 379.83123779296875 379.5625 362.46875 346.54998779296875 327.73748779296875 328.36248779296875 327.83123779296875 325.306243896484375 326.90625 327.899993896484375 331.54376220703125 336.28125 337.681243896484375 337.83123779296875 338.07501220703125 338.40625 341.893768310546875 348.462493896484375 359.45623779296875 372.08123779296875 380.15625 385.149993896484375 382.51251220703125 381.193756103515625 368.51251220703125
353.07501220703125 348.01251220703125 344.899993896484375 343.48126220703125 341.350006103515625 342.493743896484375 347.787506103515625 349.0625 351.743743896484375 353.21875 361.318756103515625 370.17498779296875 361.1875 361.087493896484375 363.893768310546875 360.725006103515625 361.59375 365.29376220703125 370.399993896484375 379.13751220703125 383.90625 373.95623779296875 355.98126220703125 333.36248779296875 319.38751220703125 310.899993896484375 306.774993896484375 308.743743896484375 313.25 315.837493896484375 315.462493896484375 316.125 316.274993896484375 316.287506103515625 319.899993896484375 327.40625 336.306243896484375 344.66876220703125 354.29376220703125 363.649993896484375 372.17498779296875 370.3125 362.681243896484375 339.73126220703125
347.537506103515625 340.25 336.60626220703125 335.71875 333.131256103515625 336.712493896484375 338.693756103515625 338.86248779296875 342.95001220703125 349.381256103515625 356.287506103515625 362.41876220703125 359.91876220703125 346.64373779296875 345.993743896484375 349.01251220703125 349.662506103515625 354.006256103515625 358.993743896484375 367.85626220703125 377.70623779296875 367.662506103515625 351.837493896484375 329.662506103515625 300.162506103515625 287.0625 291.993743896484375 295.75 301.53125 304.774993896484375 301.36248779296875 296.600006103515625 295.10626220703125 293.92498779296875 298.46875 309.45001220703125 320.38751220703125 332.837493896484375 345.756256103515625 354.58123779296875 359.88751220703125 358.89373779296875 340.71875 323.03125
334.82501220703125 329.006256103515625 327.23748779296875 325.95001220703125 325.42498779296875 326.774993896484375 327.5 328.83123779296875 335.212493896484375 340.90625 341.212493896484375 343.51251220703125 341.8125 336 323.806243896484375 330.068756103515625 330.8125 333.337493896484375 340.975006103515625 350.556243896484375 357.068756103515625 351.193756103515625 339.993743896484375 323.66876220703125 300.88751220703125 285.85626220703125 283.70623779296875 282.756256103515625 286.32501220703125 285.818756103515625 286.318756103515625 279.943756103515625 277.95001220703125 277.03125 279.61248779296875 293.85626220703125 309.76873779296875 325.975006103515625 340.774993896484375 345.774993896484375 338.03125 326.0625 322.75 322.73748779296875
322.83123779296875 319.475006103515625 318.875 317.1875 315.73748779296875 317.35626220703125 321.03125 324.15625 327.181243896484375 328.21875 326.84375 326.493743896484375 321.53125 314.875 298.118743896484375 301.6875 304.79998779296875 311.631256103515625 318.96875 326.70001220703125 334.82501220703125 334.731231689453125 331.037506103515625 326.037506103515625 315.056243896484375 303.9375 294.962493896484375 289.9375 287 282.5625 272.962493896484375 264.556243896484375 265.85626220703125 260.35626220703125 257.09375 267.70623779296875 295.23748779296875 318.59375 330.131256103515625 329.662506103515625 320.34375 317.318756103515625 324.381256103515625 322.76251220703125
310.29376220703125 306.98126220703125 308.381256103515625 308.350006103515625 306.32501220703125 309.79376220703125 313.943756103515625 316.0625 316.16876220703125 317.181243896484375 313.70623779296875 310.625 304.70001220703125 299.4375 286.524993896484375 272.725006103515625 279.70001220703125 292.79998779296875 297.193756103515625 304.53125 314.04376220703125 323.36248779296875 329.13751220703125 332.15625 325.48126220703125 314.13751220703125 302.66876220703125 292.70001220703125 286.91876220703125 282.399993896484375 275.91876220703125 264.837493896484375 253.381256103515625 242.8249969482421875 237.7375030517578125 261.875 281.13751220703125 301.35626220703125 315.61248779296875 321.92498779296875 319.006256103515625 316.131256103515625 317.15625 309.256256103515625
299.6875 297.537506103515625 297.07501220703125 298.625 299.9375 300.943756103515625 302.95623779296875 303.84375 305.493743896484375 305.45623779296875 303.131256103515625 301.01251220703125 293.73748779296875 286.38751220703125 277.16876220703125 267.3125 255.931243896484375 266.59375 275.875 284.45001220703125 296.03125 307.86248779296875 322.15625 334.193756103515625 335.962493896484375 316.34375 301.13751220703125 291.45001220703125 284.88751220703125 279.41876220703125 273.84375 266.85626220703125 256.993743896484375 248.556243896484375 256.36248779296875 267.381256103515625 285.73748779296875 304.881256103515625 323.818756103515625 321.54998779296875 316.01251220703125 309.70001220703125 302.193756103515625 298.88751220703125
286.76873779296875 287.09375 288.42498779296875 289.087493896484375 290.53125 294.318756103515625 294.475006103515625 293.63751220703125 293.212493896484375 293.725006103515625 291.556243896484375 291.57501220703125 281.431243896484375 275.73126220703125 267.337493896484375 259.4375 249.21875 240.943756103515625 258.60626220703125 265.162506103515625 276.818756103515625 291.818756103515625 308.32501220703125 322.14373779296875 327.443756103515625 313.662506103515625 294.225006103515625 287.6875 282.42498779296875 272.63751220703125 258 246.5124969482421875 257.100006103515625 260.98748779296875 263.71875 285.399993896484375 302.962493896484375 311.056243896484375 320.32501220703125 320.01873779296875 305.993743896484375 298.28125 291.399993896484375 289.21875
273.95001220703125 275.38751220703125 276.399993896484375 279.787506103515625 282.850006103515625 284.475006103515625 285.600006103515625 286.13751220703125 285.537506103515625 287.0625 283 274.60626220703125 266.51873779296875 261.54998779296875 254.162506103515625 249.1750030517578125 243.4562530517578125 232.3562469482421875 232.693756103515625 240.7624969482421875 254.962493896484375 275.287506103515625 278.243743896484375 294.681243896484375 301.65625 302.45001220703125 293.23748779296875 281.125 276.01251220703125 266.04376220703125 255.0124969482421875 250.912506103515625 258.943756103515625 262.85626220703125 269.1875 285.63751220703125 294.287506103515625 298.375 307.45623779296875 303.024993896484375 292.21875 283.23748779296875 280.70623779296875 282.15625
260.056243896484375 262.78125 265.212493896484375 266.600006103515625 270.662506103515625 277.024993896484375 279.681243896484375 279.84375 279.11248779296875 277.243743896484375 275.693756103515625 271.95001220703125 267.45001220703125 257.89373779296875 248.0812530517578125 233.931243896484375 222.625 224.368743896484375 223.1374969482421875 227.6750030517578125 234.225006103515625 249.368743896484375 268.193756103515625 276.59375 279.106231689453125 275.556243896484375 272.54998779296875 271.4375 262.087493896484375 250.2937469482421875 245.7624969482421875 254.881256103515625 258.287506103515625 259.73748779296875 268.67498779296875 280.29376220703125 287.199981689453125 291.037506103515625 292.125 289.524993896484375 277.03125 268.618743896484375 271.006256103515625 273.21875
