data/historical-monthly-weather-data/wc2.1_cruts4.09_10m_prec_2002-07.asc
ncols        51
nrows        45
xllcorner    -63.500000000000
yllcorner    -7.500000000000
cellsize     0.166666666667
NODATA_value -9999
[rows 0 to 18 of 45, columns 0 to 43 of 51]
236.7312469482421875 221.287506103515625 211.6750030517578125 207.337493896484375 200.412506103515625 196.1437530517578125 192.1125030517578125 186.399993896484375 184.8937530517578125 184.943756103515625 181.875 179.8625030517578125 177.100006103515625 177.381256103515625 180.0812530517578125 181.118743896484375 181.993743896484375 179.6875 178.912506103515625 180.181243896484375 179.71875 174.2687530517578125 170.15625 166.774993896484375 165.3937530517578125 161.3000030517578125 160.7937469482421875 160.8499908447265625 158.1062469482421875 153.225006103515625 141.5500030517578125 133.899993896484375 130.5437469482421875 124.49375152587890625 118.6062469482421875 113.50624847412109375 106.7375030517578125 105.91249847412109375 101.59375 98.33750152587890625 98.9250030517578125 101.1750030517578125 100.40625 101.38124847412109375
231.6437530517578125 215.5187530517578125 205.28125 200.681243896484375 195.149993896484375 190.600006103515625 185.556243896484375 180.631256103515625 178.368743896484375 175.375 171.131256103515625 167.3937530517578125 164.087493896484375 162.1624908447265625 162.056243896484375 162.631256103515625 162.5500030517578125 162.4812469482421875 164.256256103515625 165.8249969482421875 160.725006103515625 158.431243896484375 155.6875 155.274993896484375 149.8625030517578125 146.65625 146.9875030517578125 147.96875 144.3562469482421875 135.5625 126.38124847412109375 121.38124847412109375 116.9812469482421875 113.59999847412109375 108.66249847412109375 102.36875152587890625 96.46875 94.16249847412109375 89.9375 88.09375 89.53749847412109375 89.8937530517578125 90.09375 89.53749847412109375
219.53125 210.0812530517578125 203.274993896484375 195.0187530517578125 186.118743896484375 178.8000030517578125 173.59375 170.5812530517578125 167.9499969482421875 163.7062530517578125 158.475006103515625 152.8249969482421875 150.368743896484375 145.25 144.0500030517578125 143.5 143.662506103515625 142.693756103515625 142.40625 143.875 138.71875 136.40625 134.287506103515625 132.818756103515625 129.412506103515625 124.9562530517578125 129.5437469482421875 130.59375 129.212493896484375 122.2624969482421875 114.11875152587890625 105.5625 102.3000030517578125 100.8000030517578125 93.33750152587890625 87.3000030517578125 84.34375 83.5749969482421875 79.7937469482421875 78.75 79.78125 80.8249969482421875 80.34999847412109375 80.8562469482421875
209.600006103515625 198.46875 194.3937530517578125 189.100006103515625 177.8874969482421875 167.7624969482421875 160.34375 158.225006103515625 156.9499969482421875 152.875 144.068756103515625 137.9562530517578125 133.875 131.1750030517578125 128.4187469482421875 126.1999969482421875 124.71875 123.40000152587890625 123.53749847412109375 126.40000152587890625 121.7687530517578125 115.5625 112.40000152587890625 111.91249847412109375 109.80625152587890625 107.03125 109.86875152587890625 109.7312469482421875 111.61875152587890625 108.9562530517578125 102.125 94.1125030517578125 88.3125 83.50624847412109375 77.8874969482421875 76.94374847412109375 75.78749847412109375 72.24375152587890625 70.3249969482421875 69.3312530517578125 71.53125 73.71875 73.5500030517578125 73.8249969482421875
221.149993896484375 202.006256103515625 183.21875 176.9875030517578125 171.1374969482421875 159.1812591552734375 152.193756103515625 148.087493896484375 144.84375 138.9562530517578125 133.118743896484375 125.86875152587890625 121.1875 117.1875 114.11875152587890625 111.96250152587890625 109.66249847412109375 108.19374847412109375 105.08124542236328125 105.53125 102.34999847412109375 96.15000152587890625 91.84375 93.6875 91.4187469482421875 88.9187469482421875 90.9499969482421875 95.2624969482421875 97.3937530517578125 92.7937469482421875 88.06874847412109375 82.68125152587890625 78.78125 73.75624847412109375 68.66249847412109375 65.5812530517578125 64.63124847412109375 63.25 61.512500762939453125 61.793750762939453125 63.61875152587890625 64.15000152587890625 65.74375152587890625 67.1875
217.443756103515625 205.2624969482421875 188.725006103515625 163.40625 160.40625 158.9812469482421875 150.4499969482421875 143.15625 140.375 133.243743896484375 125.3312530517578125 118.77500152587890625 114.1875 107.2312469482421875 105.1374969482421875 102.3562469482421875 97.90000152587890625 93.0812530517578125 90.1750030517578125 89.5437469482421875 85.9250030517578125 81.34375 78.47499847412109375 77.11875152587890625 76.7375030517578125 75.6062469482421875 78.0749969482421875 82.00624847412109375 83.75624847412109375 80.2312469482421875 76.4499969482421875 73.88124847412109375 69.5812530517578125 66.375 61.34999847412109375 59.55625152587890625 56.59375 55.83750152587890625 56.63124847412109375 58.36875152587890625 58.143749237060546875 59.793750762939453125 60.518749237060546875 61.18125152587890625
216.3874969482421875 205.8125 190.850006103515625 173.9187469482421875 159.337493896484375 146.962493896484375 142.350006103515625 137.462493896484375 131.412506103515625 125.45624542236328125 118.80625152587890625 110.25 106.75624847412109375 100.81874847412109375 96.21250152587890625 93.52500152587890625 89.8312530517578125 81.8312530517578125 75.1875 74.41249847412109375 70.78125 66.6062469482421875 63.34375 63.612499237060546875 63.21875 63.737499237060546875 67.9562530517578125 69.93125152587890625 71.0437469482421875 70.36875152587890625 67 63.049999237060546875 59.55625152587890625 57.80625152587890625 55.231250762939453125 53.168750762939453125 50.72499847412109375 49.731250762939453125 51.46875 53.91249847412109375 53.91249847412109375 54.331249237060546875 55.731250762939453125 56.231250762939453125
218.274993896484375 205.0187530517578125 192.5124969482421875 179.412506103515625 167.287506103515625 159.09375 143.993743896484375 126.3249969482421875 117.8249969482421875 112.53749847412109375 107.09375 102.31874847412109375 98.3937530517578125 92.4875030517578125 88.7375030517578125 85.03125 79.8625030517578125 71.6687469482421875 64.43125152587890625 59.112499237060546875 57.71250152587890625 55.13124847412109375 51.81874847412109375 51.93125152587890625 52.668750762939453125 51.96250152587890625 55.831249237060546875 57.65625 60.74375152587890625 59.02500152587890625 58.293750762939453125 55.362499237060546875 52.97499847412109375 50.34999847412109375 47.66249847412109375 45.53749847412109375 44.0625 43.6875 44.5625 45.90000152587890625 46.90000152587890625 48.299999237060546875 49.40000152587890625 49.637500762939453125
217.25 205.375 191.7937469482421875 181.9812469482421875 172.28125 160.2062530517578125 146.625 132.7624969482421875 120.03125 108 100.6999969482421875 94.61875152587890625 94.09999847412109375 88.2062530517578125 82.8562469482421875 77.40625 72.40625 66.03125 60.768749237060546875 52.793750762939453125 48.84999847412109375 47.487499237060546875 44.362499237060546875 45.112499237060546875 45.47499847412109375 43.91249847412109375 46.375 50.84375 54.293750762939453125 52.86875152587890625 53.09999847412109375 49.831249237060546875 45.91249847412109375 43.09375 41.40000152587890625 41.674999237060546875 41.700000762939453125 42.11875152587890625 42.418750762939453125 42.887500762939453125 43.543750762939453125 44.46250152587890625 45.825000762939453125 45.606250762939453125
212.7312469482421875 203.2937469482421875 192.6875 183.506256103515625 174.15625 164.4875030517578125 150.5625 136.75 125.28125 115.22499847412109375 103.6875 93.6062469482421875 90.8249969482421875 85.93125152587890625 79.4499969482421875 73.15625 65.56874847412109375 60.80625152587890625 55.65625 49.274997711181640625 44.81874847412109375 40.4375 36.706249237060546875 37.28125 37.18125152587890625 37.424999237060546875 39.862499237060546875 43.706249237060546875 46.331249237060546875 46.09375 46.125 43.831249237060546875 41.53749847412109375 39.03749847412109375 37.18125152587890625 38.02500152587890625 38.75624847412109375 39.606250762939453125 40.325000762939453125 42.012500762939453125 43.59999847412109375 43.81874847412109375 43.33750152587890625 42.09375
212.21875 203.8625030517578125 192.837493896484375 185.399993896484375 175.774993896484375 166.28125 153.5437469482421875 136.743743896484375 122.84999847412109375 113.1062469482421875 104.4187469482421875 95.94374847412109375 87.19374847412109375 83.0500030517578125 74.0124969482421875 66.30625152587890625 59.81874847412109375 54.93125152587890625 49.737499237060546875 45.424999237060546875 41.96875 36.80625152587890625 31.518749237060546875 29.412500381469726562 30.856250762939453125 32.84375 35.61875152587890625 38.5625 39.80625152587890625 40.081249237060546875 40.16249847412109375 39.84375 38.34375 35.90000152587890625 34.856250762939453125 35.43125152587890625 36.4375 36.58750152587890625 39.28749847412109375 40.59999847412109375 41.206249237060546875 41.15000152587890625 41.75624847412109375 39.55625152587890625
209.6687469482421875 199.6999969482421875 189.9499969482421875 183.5437469482421875 175.65625 166.7937469482421875 155.912506103515625 139.8625030517578125 124.27500152587890625 111.1999969482421875 101.6437530517578125 95.09999847412109375 84.1437530517578125 77.49375152587890625 71.4562530517578125 62.668750762939453125 56.237499237060546875 51.40625 46.581249237060546875 42.862499237060546875 40.34375 35.25 30.537500381469726562 27.875 27.40625 26.956249237060546875 29.6875 33.231250762939453125 35.418750762939453125 35.875 35.4375 35.606250762939453125 34.956249237060546875 33.71250152587890625 33.424999237060546875 34.63124847412109375 35.21875 36.66249847412109375 37.112499237060546875 38.518749237060546875 38.887500762939453125 39.706249237060546875 38.50624847412109375 35.825000762939453125
200.46875 194.21875 187.1437530517578125 178.6750030517578125 169.5500030517578125 161.881256103515625 150.15625 134.3562469482421875 120.38124847412109375 110.55625152587890625 102.1999969482421875 92.7937469482421875 84.65000152587890625 72.1750030517578125 64.15625 58.924999237060546875 52.88124847412109375 48.674999237060546875 44.075000762939453125 39.59999847412109375 36 31.006250381469726562 26.793750762939453125 24.868749618530273438 23.1875 22.831249237060546875 25.681249618530273438 29.200000762939453125 31.637500762939453125 32.16249847412109375 32.143749237060546875 31.737499237060546875 32.00624847412109375 31.393749237060546875 31.193750381469726562 32.78125 34.75 37.143749237060546875 39.34999847412109375 39.03749847412109375 37.893749237060546875 37.637500762939453125 35.206249237060546875 33.65000152587890625
193.3312530517578125 186.8562469482421875 180.5812530517578125 171.787506103515625 162.162506103515625 152.881256103515625 141.6374969482421875 128.2375030517578125 119.06874847412109375 108.1062469482421875 99.56874847412109375 90.49375152587890625 79.90625 69.1999969482421875 57.700000762939453125 54.049999237060546875 48.15000152587890625 44.668750762939453125 39.90625 35.862499237060546875 31.71875 27.243749618530273438 23.006250381469726562 21.662500381469726562 20.318750381469726562 19.78125 22.081249237060546875 24.606250762939453125 26.887500762939453125 27.856250762939453125 29.475000381469726562 30.012500762939453125 29.418750762939453125 29.043750762939453125 29.231250762939453125 32.012500762939453125 35.481250762939453125 39.262500762939453125 42.456249237060546875 41.893749237060546875 37.331249237060546875 34.737499237060546875 35.3125 38.40000152587890625
188.3937530517578125 179.5 171.4812469482421875 164.068756103515625 153.2937469482421875 143.2937469482421875 135.943756103515625 123.5 113.52500152587890625 103.4812469482421875 95.1437530517578125 85.33750152587890625 76.2624969482421875 67.16249847412109375 54.22499847412109375 49.13124847412109375 44.36875152587890625 40.96250152587890625 37.018749237060546875 33.55625152587890625 29.956249237060546875 25.212499618530273438 20.893749237060546875 20.200000762939453125 19.643749237060546875 19.424999237060546875 21.575000762939453125 23.643749237060546875 26.0625 27.612499237060546875 28.106250762939453125 29.231250762939453125 29.931249618530273438 29.106250762939453125 27.96875 30.34375 35.75624847412109375 41.825000762939453125 45.887500762939453125 45.25 43.012500762939453125 41.081249237060546875 43.61875152587890625 43.03125
179.125 170.8312530517578125 163.8125 154.693756103515625 145.4312591552734375 138.6999969482421875 127.6374969482421875 116.61875152587890625 107.96250152587890625 100.46250152587890625 91.4187469482421875 82.30625152587890625 73.7375030517578125 64.9375 53.9375 42.75624847412109375 39.80625152587890625 37.72499847412109375 34.0625 31.212499618530273438 27.450000762939453125 23.331249237060546875 19.306249618530273438 19.5625 19.431249618530273438 19.162500381469726562 20.8125 22.3125 24.6875 26.587499618530273438 29.118749618530273438 29.337499618530273438 28.518749237060546875 27.431249618530273438 26.806249618530273438 31.887500762939453125 36.84999847412109375 42.606250762939453125 48.28749847412109375 51.71875 52.27500152587890625 50.1875 48.53749847412109375 45.375
170.40625 162.6062469482421875 156.6062469482421875 149.2624969482421875 141.3000030517578125 131.225006103515625 122.66249847412109375 112.6062469482421875 104.5812530517578125 97.49375152587890625 89.40625 79.5625 70.28749847412109375 62.831249237060546875 55.918750762939453125 46.625 38.06874847412109375 34.268749237060546875 32.831249237060546875 30 25.987501144409179688 21.912500381469726562 18.356250762939453125 19.049999237060546875 19.587499618530273438 18.162500381469726562 18.950000762939453125 20.443750381469726562 23.193750381469726562 26.037500381469726562 28.981250762939453125 31.40625 30.424999237060546875 29.606250762939453125 32.137500762939453125 35.793750762939453125 42.012500762939453125 50.03749847412109375 57.90000152587890625 57.47499847412109375 56.84999847412109375 53.043750762939453125 48.46250152587890625 45.99375152587890625
162.412506103515625 156.962493896484375 149.368743896484375 143.556243896484375 135.4812469482421875 124.44374847412109375 115.3312530517578125 106.94374847412109375 99.58750152587890625 90.52500152587890625 83.44374847412109375 76.65625 68.4375 61.575000762939453125 56.268749237060546875 49.668750762939453125 41.71250152587890625 33.27500152587890625 32.66249847412109375 29.831249237060546875 25.612499237060546875 21.181249618530273438 18.037500381469726562 18.462499618530273438 18.768749237060546875 17.331249237060546875 17.943750381469726562 19.806249618530273438 22.78125 25.25 26.987499237060546875 29.087499618530273438 33.543750762939453125 34.981250762939453125 34.9375 40.481250762939453125 48.075000762939453125 54.137500762939453125 59.47499847412109375 59.768749237060546875 55.6875 51.80625152587890625 47.543750762939453125 45.09999847412109375
155 149.568756103515625 140.7312469482421875 133.9250030517578125 127.8125 118.71875 108.5625 101.55625152587890625 95.5625 87.5437469482421875 80.69374847412109375 72.71250152587890625 66.15625 61.112499237060546875 54.325000762939453125 49.59999847412109375 43.75 36.71250152587890625 31.325000762939453125 28.306249618530273438 25.225000381469726562 22.487499237060546875 15.699999809265136719 16.362499237060546875 16.856250762939453125 16.831249237060546875 18.112499237060546875 19.643749237060546875 22.737499237060546875 25.78125 28.40625 31.506250381469726562 34.875 35.47499847412109375 36.55625152587890625 41.387500762939453125 46.174999237060546875 50.56874847412109375 55.27500152587890625 54.25 52.56874847412109375 48.43125152587890625 45.512500762939453125 43.375
