data/historical-monthly-weather-data/wc2.1_cruts4.09_10m_prec_1955-06.asc
ncols        51
nrows        45
xllcorner    -63.500000000000
yllcorner    -7.500000000000
cellsize     0.166666666667
NODATA_value -9999
[rows 0 to 18 of 45, columns 0 to 43 of 51]
354.92498779296875 355.181243896484375 350.618743896484375 356.60626220703125 356.931243896484375 356.91876220703125 349.462493896484375 339.956268310546875 324.71875 320.73748779296875 319.45623779296875 314.100006103515625 309.21875 300.90625 292.46875 285.9375 277.243743896484375 269.243743896484375 261.13751220703125 256.225006103515625 255.2375030517578125 246.368743896484375 239.443756103515625 231.84375 226.475006103515625 222.912506103515625 225.743743896484375 231.1437530517578125 229.743743896484375 226.28125 217.693756103515625 215.3249969482421875 216.3249969482421875 213.03125 210.4187469482421875 208.868743896484375 206.743743896484375 206.2624969482421875 201.3874969482421875 198.875 199.4875030517578125 204.8562469482421875 202.9812469482421875 203.568756103515625
348.881256103515625 350.34375 355.04998779296875 360.09375 367.45001220703125 367.524993896484375 359.82501220703125 349.60626220703125 341.95623779296875 336.506256103515625 330.75 321.962493896484375 307.774993896484375 296.381256103515625 285.100006103515625 275.931243896484375 264.61248779296875 254.412506103515625 246.5062408447265625 243.3312530517578125 240.8874969482421875 233.243743896484375 228.631256103515625 223.4375 217.9812469482421875 213.256256103515625 215.875 218.09375 216.8937530517578125 209.4562530517578125 204.600006103515625 205.9812469482421875 204.9250030517578125 203.7375030517578125 203.0437469482421875 198.712493896484375 198.024993896484375 196.600006103515625 192.5 190.8312530517578125 194.0062408447265625 190.65625 194.4875030517578125 195.056243896484375
331.88751220703125 342.774993896484375 347.61248779296875 347.600006103515625 356.162506103515625 360.83123779296875 357.86248779296875 358.306243896484375 352.13751220703125 345.912506103515625 336.287506103515625 321.84375 308.46875 289.524993896484375 275.475006103515625 264.149993896484375 250.306243896484375 240.21875 232.34375 226.75 224.475006103515625 221.8625030517578125 216.381256103515625 214.9875030517578125 206.662506103515625 200.78125 206.587493896484375 206.662506103515625 202.5124969482421875 200.818756103515625 194.46875 192.381256103515625 191 191.493743896484375 188.681243896484375 180.96875 182.368743896484375 184.006256103515625 181.162506103515625 180.5687408447265625 185.4499969482421875 184.712493896484375 185.8249969482421875 185.037506103515625
312.70623779296875 317.25 328.57501220703125 335.256256103515625 339.649993896484375 345.181243896484375 350.29998779296875 354.524993896484375 354.587493896484375 351.274993896484375 337.84375 318.993743896484375 300.100006103515625 279.79998779296875 265.70001220703125 253.0437469482421875 235.8249969482421875 226.5812530517578125 218.462493896484375 218.7062530517578125 214.2062530517578125 206.243743896484375 202.3249969482421875 202.431243896484375 194.1687469482421875 188.743743896484375 191.6125030517578125 189.587493896484375 189.243743896484375 188.4875030517578125 184.631256103515625 180.149993896484375 178.5437469482421875 174.618743896484375 172.1374969482421875 173.943756103515625 175.818756103515625 174.975006103515625 172.024993896484375 171.75 175.149993896484375 178.5500030517578125 179.1374969482421875 177.568756103515625
317.943756103515625 318.287506103515625 309.75 318.943756103515625 331.899993896484375 333.20001220703125 339.83123779296875 351.46875 359.04998779296875 357.54998779296875 342.83123779296875 312.743743896484375 292.70623779296875 273.475006103515625 255.2937469482421875 241.0187530517578125 226.0749969482421875 211.7062530517578125 202.8562469482421875 200.6875 195.931243896484375 191.556243896484375 188.556243896484375 187.337493896484375 179.868743896484375 175.84375 176.131256103515625 179.2375030517578125 179.399993896484375 175.100006103515625 174.287506103515625 172.4187469482421875 169.024993896484375 166.8562469482421875 167.181243896484375 164.8125 166.006256103515625 167.756256103515625 163.8874969482421875 161.850006103515625 165.631256103515625 168.6687469482421875 170.7937469482421875 172.7624969482421875
306.475006103515625 312.23126220703125 305.899993896484375 293.9375 310.65625 325.3125 327.76251220703125 334.98748779296875 347.26251220703125 348.368743896484375 327.76251220703125 299.993743896484375 281.33123779296875 263.01251220703125 243.0187530517578125 228.868743896484375 213.100006103515625 199.431243896484375 193.225006103515625 188.5749969482421875 186.256256103515625 181.193756103515625 177.0437469482421875 171.756256103515625 168.337493896484375 165.5437469482421875 164.21875 167.212493896484375 168.1062469482421875 164.6999969482421875 166.162506103515625 165.0187530517578125 164.149993896484375 160.3000030517578125 156.1437530517578125 159.34375 157.3312530517578125 153 153.3937530517578125 157.0187530517578125 157.3874969482421875 161.7687530517578125 161.899993896484375 163.306243896484375
302.46875 304.318756103515625 299.73126220703125 293.943756103515625 290.212493896484375 291.149993896484375 293.65625 307.625 309.13751220703125 309.9375 298.818756103515625 278.23748779296875 265.38751220703125 251.6125030517578125 233.8000030517578125 219 206.2062530517578125 193.118743896484375 182.125 177.9812469482421875 170.9250030517578125 166.8562469482421875 161.899993896484375 159.6374969482421875 160.0500030517578125 157.4250030517578125 155.7375030517578125 156.5875091552734375 157.3562469482421875 160.368743896484375 157.6875 154.15625 151.6999969482421875 151.3874969482421875 151.9499969482421875 150.2937469482421875 144.65625 142.962493896484375 142.725006103515625 147.1687469482421875 147.6062469482421875 150.287506103515625 153.068756103515625 154.806243896484375
294.9375 290.618743896484375 287.26251220703125 289.837493896484375 287.04376220703125 290.98748779296875 278.65625 268.13751220703125 258.868743896484375 264.506256103515625 264.83123779296875 255.912506103515625 248.131256103515625 236.506256103515625 225.375 211.875 196.3625030517578125 184.5749969482421875 173.25 163.40625 165.193756103515625 158.6374969482421875 152.59375 149.8937530517578125 150.1687469482421875 146.0187530517578125 145.5625 146.381256103515625 147.443756103515625 146.84375 150.7375030517578125 147.1875 145.3000030517578125 143.1750030517578125 139.1125030517578125 136.537506103515625 133.912506103515625 132.0812530517578125 129.1125030517578125 129.618743896484375 132.2375030517578125 137.8249969482421875 137.3312530517578125 136.6374969482421875
284.837493896484375 283.28125 276.618743896484375 275.66876220703125 275.5625 272.118743896484375 270.524993896484375 265.506256103515625 246.8062591552734375 235.0187530517578125 232.5625 230.03125 231.181243896484375 223.2687530517578125 214.306243896484375 200.868743896484375 193.3125 184.28125 174.875 162.2312469482421875 152.8625030517578125 153.1374969482421875 143.4812469482421875 145.2375030517578125 141.90625 138.8562469482421875 138.462493896484375 140.9187469482421875 145.193756103515625 143.7312469482421875 147.625 138.181243896484375 130.587493896484375 126.9499969482421875 126.7937469482421875 129.1062469482421875 128.8937530517578125 128.850006103515625 126.0625 123.4812469482421875 122.6687469482421875 122.44374847412109375 127.55625152587890625 126.7687530517578125
275.524993896484375 274.712493896484375 269.068756103515625 267.48748779296875 266.11248779296875 261.306243896484375 258.09375 249.118743896484375 240.6999969482421875 231.21875 221.5 208.9187469482421875 212.806243896484375 209.993743896484375 204.1062469482421875 195.631256103515625 186.0187530517578125 183.162506103515625 174.774993896484375 165.71875 153.15625 145.53125 134.850006103515625 134.193756103515625 130.100006103515625 130.181243896484375 130.743743896484375 131.818756103515625 133.1687469482421875 135.3625030517578125 136.7062530517578125 130.7062530517578125 126.6125030517578125 123.47499847412109375 119.8000030517578125 120.1875 121.72499847412109375 123.40000152587890625 122.625 124.4187469482421875 125.59375 125.06874847412109375 120.40625 114.63124847412109375
269.962493896484375 266.58123779296875 260.58123779296875 256.88751220703125 252.618743896484375 251.25 242.368743896484375 234.225006103515625 229.3625030517578125 223.1374969482421875 216.6750030517578125 205.806243896484375 198.149993896484375 197.024993896484375 191.59375 185.899993896484375 178.631256103515625 172.0500030517578125 168.1750030517578125 165.2624969482421875 161.6875 149.212493896484375 132.7375030517578125 119.24375152587890625 120.66249847412109375 127.1062469482421875 128.9562530517578125 127.49375152587890625 125.8562469482421875 126.06874847412109375 126.46875 123.06874847412109375 120.5812530517578125 118.1125030517578125 115.4562530517578125 113.28125 114.7062530517578125 114.875 119.0749969482421875 119.59999847412109375 119.96250152587890625 117.3937530517578125 115.91249847412109375 106.8312530517578125
258.931243896484375 256.66876220703125 254.5500030517578125 247.225006103515625 243.850006103515625 238.1875 235.7687530517578125 229.96875 224.181243896484375 212.212493896484375 209.03125 201.649993896484375 186.4875030517578125 185.056243896484375 185.375 179.09375 172.2062530517578125 167.524993896484375 165.71875 169.0437469482421875 166.193756103515625 155.125 137.0437469482421875 119.75 116.3000030517578125 116.7624969482421875 116.40000152587890625 117.7062530517578125 119.4187469482421875 117.99375152587890625 113.43125152587890625 113.41249847412109375 112.1125030517578125 108.0625 107.96250152587890625 109.77500152587890625 112.8249969482421875 114.0749969482421875 112.52500152587890625 116.40625 117.4499969482421875 114.09375 104.7624969482421875 90.6750030517578125
253.087493896484375 249.006256103515625 244.712493896484375 237.743743896484375 235.625 227.943756103515625 223.806243896484375 218.993743896484375 210.6062469482421875 203 198.368743896484375 194.0437469482421875 186.0749969482421875 172.1750030517578125 168.6999969482421875 166.818756103515625 162.3562469482421875 160.5500030517578125 154 156.0625 156.4499969482421875 146.7687530517578125 133.1687469482421875 119.44374847412109375 108.6875 107.05625152587890625 109.3249969482421875 111.4499969482421875 114.0500030517578125 114.47499847412109375 109.0500030517578125 104.75624847412109375 105.77500152587890625 100.8000030517578125 100.2624969482421875 103.56874847412109375 109.53749847412109375 113.02500152587890625 118.88124847412109375 119.09375 114.7937469482421875 109.6750030517578125 95.59375 84.4562530517578125
244.962493896484375 241.1999969482421875 235.2624969482421875 229.2375030517578125 223.03125 217.65625 211.3625030517578125 208.5625 203.006256103515625 194.100006103515625 188.5875091552734375 180.806243896484375 175.6062469482421875 166.743743896484375 152.712493896484375 154.1687469482421875 149.431243896484375 145.6999969482421875 142.09375 142.65625 141.6750030517578125 133.5500030517578125 123.06874847412109375 115.7062530517578125 108.8249969482421875 103.6374969482421875 102.41249847412109375 102.4187469482421875 104.03125 103.6750030517578125 102.8874969482421875 100.2375030517578125 98.88124847412109375 97.8562469482421875 94.8625030517578125 102.21250152587890625 111.05625152587890625 118.09999847412109375 124.3312530517578125 122.13124847412109375 107.91875457763671875 98.21875 94.6374969482421875 95.05625152587890625
232.131256103515625 229.056243896484375 226.006256103515625 221.7937469482421875 215.1999969482421875 209.53125 205.0124969482421875 199.787506103515625 193.6750030517578125 186.6875 179.5 172.8000030517578125 166.6999969482421875 156.3937530517578125 140.8937530517578125 140.21875 137.1437530517578125 136.743743896484375 130.568756103515625 129.631256103515625 129.931243896484375 123.90000152587890625 117.9875030517578125 113.8312530517578125 111.6750030517578125 107.58750152587890625 106.1437530517578125 104.71875 106.41249847412109375 102.0812530517578125 96.97499847412109375 96.46875 99.0749969482421875 94.33750152587890625 88.5812530517578125 90.9875030517578125 105.1750030517578125 119.50624847412109375 123.0500030517578125 117.4187469482421875 110.50624847412109375 106.46250152587890625 107.0500030517578125 100.1374969482421875
222.71875 217.537506103515625 214.837493896484375 208.774993896484375 206.6437530517578125 202.162506103515625 196.2687530517578125 189.662506103515625 186.5437469482421875 183.5 176.131256103515625 168.318756103515625 161.9187469482421875 152.0749969482421875 138.6875 123.1687469482421875 123.46875 126 120.75 119.46250152587890625 118.71875 115.34999847412109375 113.0749969482421875 113.00624847412109375 111.6374969482421875 108.25624847412109375 104.9375 104.41249847412109375 103.90625 103.9812469482421875 100.63124847412109375 96.33750152587890625 90.5500030517578125 84.71875 80 93.21250152587890625 99.74375152587890625 109.2687530517578125 116.5 118.8937530517578125 118.4375 115.93125152587890625 109.7312469482421875 99.49375152587890625
211.6125030517578125 208.4875030517578125 203.34375 201.25 198.75 195.3249969482421875 189.4812469482421875 184.412506103515625 177.350006103515625 172.71875 169.287506103515625 163.274993896484375 154.256256103515625 144.9187469482421875 137.2312469482421875 123.28749847412109375 108.1125030517578125 109.59375 110.15000152587890625 108.25624847412109375 106.38124847412109375 106.46250152587890625 105.50624847412109375 109.7624969482421875 108.8937530517578125 102.55625152587890625 99.4875030517578125 98.3937530517578125 101.3125 102.3125 101.83750152587890625 100.1437530517578125 94.34999847412109375 91.83750152587890625 95.77500152587890625 100.47499847412109375 108.63124847412109375 115.5812530517578125 121.59375 116.59999847412109375 115.7937469482421875 110.65625 101.86875152587890625 95.74375152587890625
198.9499969482421875 197.2375030517578125 196.09375 194.1875 192.3625030517578125 191.118743896484375 184.3562469482421875 178.4375 171.59375 163.9562530517578125 158.28125 155.1999969482421875 145.681243896484375 137.806243896484375 132.431243896484375 122.06874847412109375 107.7624969482421875 94.8937530517578125 101.96250152587890625 97.1875 95.6374969482421875 96.13124847412109375 99.1687469482421875 102.4187469482421875 104.0500030517578125 98.11875152587890625 93.40000152587890625 96.3312530517578125 98.4187469482421875 97.4250030517578125 92.66249847412109375 88.5437469482421875 98.75624847412109375 99.6062469482421875 99.94374847412109375 115.4375 121.41249847412109375 118.0187530517578125 118.5124969482421875 115.5 105.13124847412109375 97.88124847412109375 91.2687530517578125 87.56874847412109375
187.78125 188.943756103515625 188.0625 187.3562469482421875 186.6999969482421875 182.524993896484375 177 170.712493896484375 165.8000030517578125 160.3625030517578125 153.46875 143.162506103515625 135.5124969482421875 129.9875030517578125 122.71250152587890625 114.90625 108.4812469482421875 93.84999847412109375 86.875 84.5812530517578125 87.03125 91.2375030517578125 85.40000152587890625 91.3000030517578125 93.09999847412109375 95.27500152587890625 94.3625030517578125 92.22499847412109375 96.08750152587890625 95.03749847412109375 92.08750152587890625 92.84375 97.34375 96.77500152587890625 100.8000030517578125 111.41249847412109375 112.68125152587890625 108.6374969482421875 108.68125152587890625 102.96875 94.50624847412109375 85.3874969482421875 82.09375 80.9250030517578125
