data/historical-monthly-weather-data/wc2.1_cruts4.09_10m_prec_1992-09.asc
ncols        45
nrows        45
xllcorner    -63.500000000000
yllcorner    -7.500000000000
cellsize     0.166666666667
NODATA_value -9999
[rows 0 to 18 of 45, columns 0 to 43 of 45]
212.4875030517578125 212.8000030517578125 209.943756103515625 210.0187530517578125 206.6687469482421875 199.0749969482421875 186.274993896484375 172.375 162.462493896484375 153.631256103515625 147.375 143.9375 140.712493896484375 135.9375 133.068756103515625 129.53125 127.3249969482421875 123.13124847412109375 120.09999847412109375 116.21250152587890625 113.2062530517578125 108.5749969482421875 104.9812469482421875 101.5187530517578125 97.71875 95.71875 95.43125152587890625 95.2687530517578125 93.6374969482421875 91.3625030517578125 88.125 85.81874847412109375 84.1125030517578125 80.8000030517578125 78.18125152587890625 75.7687530517578125 74.21250152587890625 72.53749847412109375 71.0749969482421875 69.9375 69.08750152587890625 68.7937469482421875 67.8249969482421875 67.06874847412109375
202.8937530517578125 204.15625 207.381256103515625 213.5625 219.7687530517578125 208.6374969482421875 194.3562469482421875 184.4499969482421875 174.7687530517578125 165.600006103515625 158.7375030517578125 154.1125030517578125 149.993743896484375 143.837493896484375 139.875 136.6125030517578125 132.5812530517578125 129.1437530517578125 125.9812469482421875 122.6687469482421875 118.8312530517578125 115.84375 111.91249847412109375 108.5124969482421875 103.30625152587890625 100.2062530517578125 99.44374847412109375 98.52500152587890625 95.25624847412109375 92.05625152587890625 88.50624847412109375 86.1437530517578125 82.9562530517578125 80.13124847412109375 77.0437469482421875 73.9812469482421875 71.6062469482421875 69.53749847412109375 67.71875 66.34375 65.4250030517578125 65.125 64.71875 63.36875152587890625
184.4812469482421875 188.78125 194.2624969482421875 203.3312530517578125 211 206.3874969482421875 197.0187530517578125 189.0749969482421875 182 174.6750030517578125 168.6374969482421875 163.6062469482421875 159.09375 152.3874969482421875 146.931243896484375 143.40625 138.4875030517578125 134.712493896484375 131.0187530517578125 127.53125 123.4562530517578125 119.50624847412109375 115.84375 111.81874847412109375 106.13124847412109375 101.5124969482421875 101.19374847412109375 98.78749847412109375 95.15000152587890625 91.21250152587890625 86.8937530517578125 83.96875 81.59375 78.4499969482421875 75.1999969482421875 71.3562469482421875 68.3312530517578125 65.90000152587890625 64.1062469482421875 62.77500152587890625 61.78125 61.125 61.075000762939453125 60.137500762939453125
163.15625 168.3625030517578125 180.618743896484375 189.0124969482421875 197.193756103515625 197.131256103515625 194.65625 193.71875 189.9812469482421875 185.2312469482421875 179.350006103515625 173.9375 166.774993896484375 160.693756103515625 154.6750030517578125 149.875 145.0187530517578125 140.7062530517578125 137.725006103515625 134.5 129.806243896484375 123.9187469482421875 118.5812530517578125 113.78749847412109375 107 102.1062469482421875 100.1125030517578125 95.91249847412109375 92.5187530517578125 88.94374847412109375 85.1687469482421875 81.24375152587890625 78.03125 74.75624847412109375 70.9812469482421875 68.31874847412109375 65.4375 62.387500762939453125 60.668750762939453125 58.674999237060546875 56.99375152587890625 56.3125 56.174999237060546875 55.75
159.6500091552734375 160.212493896484375 163.899993896484375 172.681243896484375 185.2375030517578125 189.75 191.2937469482421875 194.524993896484375 195.1999969482421875 192.631256103515625 188.006256103515625 180.4187469482421875 174.28125 169.681243896484375 163.3125 157.412506103515625 151.462493896484375 146.5124969482421875 142.881256103515625 138.381256103515625 134.4499969482421875 126.41875457763671875 121.0812530517578125 115.3249969482421875 107.8874969482421875 102.02500152587890625 97.63124847412109375 93.91249847412109375 89.90000152587890625 85.56874847412109375 81.97499847412109375 77.47499847412109375 73.75624847412109375 70.83750152587890625 67.69374847412109375 64.25624847412109375 60.97499847412109375 58.16249847412109375 56.38124847412109375 54.28749847412109375 52.28749847412109375 51.38124847412109375 50.875 50.84375
156.3499908447265625 156.2062530517578125 157.4375 158.1062469482421875 170.774993896484375 182.162506103515625 187.4562530517578125 190.4499969482421875 191.899993896484375 192.3000030517578125 188.15625 181.037506103515625 175.8625030517578125 172.2062530517578125 165.6437530517578125 161.0749969482421875 155.6374969482421875 150.3000030517578125 146.53125 142.850006103515625 136.0749969482421875 128.068756103515625 121.25 113.59999847412109375 106.49375152587890625 99.52500152587890625 94.5812530517578125 90.9812469482421875 86.4812469482421875 81.8125 78.05625152587890625 75.5625 71.71250152587890625 68.24375152587890625 64.5749969482421875 61.71875 58.293750762939453125 55.71250152587890625 54 51.46875 47.793750762939453125 46.831249237060546875 46.28125 46.4375
155.368743896484375 155.8312530517578125 157.09375 158.0500030517578125 164.993743896484375 170.9000091552734375 178.462493896484375 184.3125 184.9875030517578125 184.2062530517578125 183.1875 179 175.8874969482421875 172.493743896484375 167.5749969482421875 163.6999969482421875 159.431243896484375 155.8625030517578125 151.5437469482421875 146.524993896484375 137.837493896484375 128.912506103515625 119.6687469482421875 111.16249847412109375 104.0500030517578125 97.16249847412109375 92.09999847412109375 88.0437469482421875 82.8625030517578125 77.96250152587890625 74.5625 71.31874847412109375 68 64.9499969482421875 61.581249237060546875 57.93125152587890625 54.637500762939453125 52.5625 51.46875 47.61875152587890625 43.5 41.99375152587890625 41.41249847412109375 41.700000762939453125
155.1374969482421875 155.5500030517578125 157.40625 161.962493896484375 169.024993896484375 175.53125 177.850006103515625 175.9812469482421875 173.4875030517578125 174.5625 177.443756103515625 176.118743896484375 174.7062530517578125 172.068756103515625 169.65625 165.0749969482421875 161.625 159.4375 155.9499969482421875 148.431243896484375 139.3000030517578125 128.875 118.80625152587890625 109.0124969482421875 100.9499969482421875 93.7312469482421875 88.0812530517578125 83.22499847412109375 78.71250152587890625 74.06874847412109375 70.72499847412109375 67.4187469482421875 64.04999542236328125 61.331249237060546875 57.43125152587890625 53.61875152587890625 50.13124847412109375 47.38124847412109375 45 41.450000762939453125 37.5 35.96875 35.43125152587890625 35.331249237060546875
157.006256103515625 158.6687469482421875 162.212493896484375 166.9812469482421875 173.7312469482421875 178.350006103515625 180.6687469482421875 179.09375 173.568756103515625 169.6750030517578125 172.2375030517578125 171.475006103515625 172.3874969482421875 169.7937469482421875 167.8874969482421875 164.6437530517578125 161.7624969482421875 159.3874969482421875 156.6875 148.7375030517578125 137.3125 127.2937469482421875 115.0812530517578125 106.65000152587890625 97.66249847412109375 89.5437469482421875 84.0812530517578125 79.9499969482421875 76.28125 71.61875152587890625 68.80625152587890625 64.0812530517578125 59.5625 55.50624847412109375 51.893749237060546875 48.97499847412109375 45.862499237060546875 42.612499237060546875 39.487499237060546875 36.043750762939453125 32.43125152587890625 30.837499618530273438 30.193750381469726562 29.918750762939453125
157.287506103515625 160.006256103515625 164.5 169.7375030517578125 177.59375 182.443756103515625 184.787506103515625 182.743743896484375 178.306243896484375 175.1062469482421875 173.8562469482421875 170.537506103515625 169.7687530517578125 168.59375 165.7312469482421875 164.131256103515625 160.443756103515625 157.493743896484375 154.318756103515625 148.4250030517578125 136.9250030517578125 124.41249847412109375 111.5437469482421875 102.1750030517578125 92.36875152587890625 84.58750152587890625 79.75624847412109375 75.9187469482421875 72.56874847412109375 68.8562469482421875 64.6374969482421875 59.81874847412109375 55.049999237060546875 51.325000762939453125 47.737499237060546875 44.518749237060546875 41.53125 38.168750762939453125 34.606250762939453125 31.231250762939453125 27.893749237060546875 26.456249237060546875 24.956249237060546875 24.393749237060546875
159.725006103515625 162.8125 167.7687530517578125 173.0749969482421875 180.375 186.881256103515625 189.6999969482421875 185.4562530517578125 179.806243896484375 176.6374969482421875 175.3874969482421875 172.75 168.96875 165.625 162.3249969482421875 160.2312469482421875 156.28125 153.1750030517578125 149.8937530517578125 145.4250030517578125 136.4812469482421875 123.7687530517578125 109.8625030517578125 95.96250152587890625 87.55625152587890625 82.3000030517578125 77.83750152587890625 73.1125030517578125 68.78749847412109375 64.90000152587890625 60.93125152587890625 56.1875 51.47499847412109375 47.331249237060546875 43.606250762939453125 40.237499237060546875 37.09999847412109375 33.74375152587890625 30.631250381469726562 27.012500762939453125 23.575000762939453125 21.987499237060546875 20.96875 19.84375
160.4187469482421875 163.725006103515625 168.931243896484375 175.662506103515625 182.8312530517578125 188.65625 192.59375 188.7937469482421875 181.3874969482421875 176.1374969482421875 174.431243896484375 172.4875030517578125 166.243743896484375 160.850006103515625 159.3249969482421875 156.1125030517578125 152.681243896484375 147.912506103515625 144.631256103515625 142.6999969482421875 136.024993896484375 123.2687530517578125 108.43125152587890625 93.6687469482421875 84.30625152587890625 77.9375 73.13124847412109375 68.74375152587890625 64.13124847412109375 60.36875152587890625 56.31874847412109375 51.86875152587890625 47.41249847412109375 43.8125 40.799999237060546875 37.49375152587890625 34.30625152587890625 31.137500762939453125 27.325000762939453125 23.462499618530273438 20.100000381469726562 18.431249618530273438 17.450000762939453125 16.325000762939453125
159.899993896484375 163.2562408447265625 168.0187530517578125 173.2937469482421875 179.2062530517578125 184.0437469482421875 186.1125030517578125 183.3312530517578125 178.5687408447265625 174.2062530517578125 170.8562469482421875 169.2312469482421875 164.4187469482421875 155.537506103515625 151.5437469482421875 149.6999969482421875 146.225006103515625 142.125 139.2375030517578125 136.8625030517578125 131.287506103515625 120.3249969482421875 105.91249847412109375 92.21250152587890625 80.41249847412109375 73.3000030517578125 69.3249969482421875 65.40625 61.1875 56.950000762939453125 52.174999237060546875 47.706249237060546875 43.75 39.90000152587890625 36.97499847412109375 34.44374847412109375 32.28125 29.668750762939453125 26.262500762939453125 21.5625 17.549999237060546875 16.174999237060546875 14.987500190734863281 12.8125
158.118743896484375 160.993743896484375 164.3874969482421875 168.818756103515625 174.337493896484375 176.662506103515625 177.4562530517578125 176.9499969482421875 172.818756103515625 169.59375 165.006256103515625 160.5749969482421875 156.274993896484375 149.2624969482421875 142.350006103515625 141.087493896484375 138.068756103515625 133.662506103515625 129.78125 127.4499969482421875 121.7937469482421875 111.5187530517578125 100.1687469482421875 90.18125152587890625 79.90000152587890625 71.8312530517578125 67.0124969482421875 62.387500762939453125 57.65625 53.40000152587890625 49.481250762939453125 44.706249237060546875 40.450000762939453125 36.71250152587890625 34.081249237060546875 32.59999847412109375 31.4375 30.15625 27.075000762939453125 22.681249618530273438 17.118749618530273438 14.381250381469726562 13.225000381469726562 12.15625
155.40625 157.0500030517578125 159.6750030517578125 163.618743896484375 168.5 167.78125 169.412506103515625 168.3625030517578125 164.5812530517578125 162.6374969482421875 157.2375030517578125 152.287506103515625 147.0749969482421875 140.506256103515625 132.46875 128.806243896484375 126.75624847412109375 123.875 119.63124847412109375 117.4875030517578125 112.7312469482421875 105.1875 96.6999969482421875 89.5187530517578125 82.40000152587890625 74.8625030517578125 68.6125030517578125 62.13124847412109375 56.237499237060546875 51.84375 46.53125 41.799999237060546875 38.09375 34.34375 31.049999237060546875 30.674999237060546875 31.625 32.674999237060546875 31.081249237060546875 26.293750762939453125 20.981250762939453125 17.331251144409179688 15.268750190734863281 13.425000190734863281
151.125 152.056243896484375 155.024993896484375 158.1374969482421875 160.75 161.506256103515625 161.556243896484375 160.056243896484375 157.6125030517578125 155.943756103515625 150.65625 144.412506103515625 138.3625030517578125 132.1999969482421875 124.65625 117.78749847412109375 115.3874969482421875 114.18125152587890625 110.65000152587890625 109.1687469482421875 104.43125152587890625 99.75624847412109375 94.99375152587890625 90.7624969482421875 85.0124969482421875 76.9812469482421875 69.36875152587890625 62.58750152587890625 56.53125 51.15000152587890625 46.6875 41.237499237060546875 36.68125152587890625 33.262500762939453125 29.53125 30.668750762939453125 33.5 35.043750762939453125 35.15625 31.381250381469726562 26.712499618530273438 21.65625 17.506250381469726562 14.393750190734863281
144.96875 146.375 149.7312469482421875 152.7375030517578125 154.6374969482421875 155.40625 155.0500030517578125 154.1999969482421875 151.7937469482421875 149.0812530517578125 144.96875 138.337493896484375 130.8249969482421875 124.03125 118.7062530517578125 112.875 106.27500152587890625 104.27500152587890625 103.0500030517578125 101.46250152587890625 97.15625 94.0437469482421875 92.57500457763671875 91.74375152587890625 87.78749847412109375 78.2937469482421875 70.11875152587890625 63.09999847412109375 56.987499237060546875 51.893749237060546875 48.09999847412109375 44.30625152587890625 39.08750152587890625 34.94374847412109375 33.66249847412109375 34.05625152587890625 35.950000762939453125 39.90000152587890625 42.612499237060546875 36.66249847412109375 29.831249237060546875 23.818750381469726562 18.543750762939453125 15.318750381469726562
139.1750030517578125 140.9499969482421875 142.962493896484375 145.787506103515625 148.850006103515625 149.7624969482421875 148.850006103515625 147.3312530517578125 145.9499969482421875 142.631256103515625 138.4812469482421875 132.024993896484375 124.53749847412109375 117.81874847412109375 112.44374847412109375 107.66249847412109375 101.86875152587890625 95.3312530517578125 95.75624847412109375 93.90625 90.9499969482421875 87.84375 87.49375152587890625 88.3625030517578125 86.13124847412109375 77.84375 70.77500152587890625 63.931247711181640625 57.28749847412109375 51.46250152587890625 47.22499847412109375 43.543750762939453125 42.71250152587890625 41.75 38.66249847412109375 36.34999847412109375 39.043750762939453125 41.97499847412109375 41.61875152587890625 36.65625 29.037500381469726562 23.28125 18.668750762939453125 16.09375
133.162506103515625 134.318756103515625 136.0124969482421875 139.3874969482421875 142.0124969482421875 143.2062530517578125 142.462493896484375 142.4562530517578125 140.7687530517578125 137.75 133.506256103515625 126.46875 118.6437530517578125 112.2687530517578125 106.38124847412109375 102.91249847412109375 98.5187530517578125 91.53125 88.34999847412109375 86.7687530517578125 86 87.96875 81.21250152587890625 81.75624847412109375 81.2062530517578125 77.66249847412109375 72.11875152587890625 65.02500152587890625 59.6875 53.143749237060546875 47.91249847412109375 47.393749237060546875 49.99375152587890625 48.856250762939453125 46.21875 43.49375152587890625 42.375 41.15000152587890625 38.53749847412109375 33.331249237060546875 26.993749618530273438 22.262500762939453125 18.587499618530273438 16.456249237060546875
