data/historical-monthly-weather-data/wc2.1_cruts4.09_10m_prec_1971-12.asc
ncols        45
nrows        45
xllcorner    -63.500000000000
yllcorner    -7.500000000000
cellsize     0.166666666667
NODATA_value -9999
[rows 19 to 37 of 45, columns 0 to 43 of 45]
107.5187530517578125 107.3562469482421875 107.8000030517578125 109.34999847412109375 111.40625 114.40000152587890625 117.2624969482421875 120.33750152587890625 124.77500152587890625 128.625 131.2624969482421875 128.7062530517578125 125.0124969482421875 120.6437530517578125 115.68125152587890625 110.0500030517578125 104.83750152587890625 101.99375152587890625 99.75 98.4812469482421875 98.8937530517578125 99.5 100.4250030517578125 101.0812530517578125 101.86875152587890625 102.3937530517578125 101.9250030517578125 99.6687469482421875 94.47499847412109375 88.21875 84.6750030517578125 85.84999847412109375 84.08750152587890625 81.43125152587890625 78.75624847412109375 77.4250030517578125 78.8000030517578125 80.63124847412109375 81.78125 80.3562469482421875 76.59375 72.2624969482421875 69.8874969482421875 68.0625
106.27500152587890625 106.99375152587890625 108.08750152587890625 109.8000030517578125 112.0812530517578125 115.36875152587890625 118.50624847412109375 121.6875 126.30625152587890625 130.25 132.4375 130.3562469482421875 127.21250152587890625 123.06874847412109375 117.83750152587890625 111.90625 106.4250030517578125 102.78749847412109375 100.61875152587890625 98.81874847412109375 99.375 100.1374969482421875 100.9250030517578125 101.86875152587890625 103.4250030517578125 104.5500030517578125 104.6437530517578125 102.18125152587890625 98.22499847412109375 95.1750030517578125 93.5187530517578125 93.9499969482421875 90.78749847412109375 87.7312469482421875 85.1125030517578125 83.86875152587890625 83.7687530517578125 83.84999847412109375 83.5 81.33750152587890625 77.59375 73.71250152587890625 70.8312530517578125 68.3625030517578125
105.30625152587890625 105.7687530517578125 107.53125 110.30625152587890625 113.1999969482421875 116.55625152587890625 120.08750152587890625 123.625 127.9187469482421875 131.475006103515625 133.068756103515625 131.2062530517578125 128.4875030517578125 124.6875 119.6437530517578125 113.9250030517578125 108.59375 104.93125152587890625 102.0749969482421875 99.75624847412109375 99.03749847412109375 99.49375152587890625 100.65625 101.5749969482421875 103.28125 105.78749847412109375 108.1687469482421875 106.73749542236328125 103.77500152587890625 102.6437530517578125 102.4875030517578125 102.96250152587890625 98.5500030517578125 94.6374969482421875 90.93125152587890625 89.1062469482421875 88.77500152587890625 88.81874847412109375 87.55625152587890625 84.11875152587890625 80.0124969482421875 75.8874969482421875 72.4250030517578125 69.44374847412109375
104.75624847412109375 106.03749847412109375 107.6999969482421875 110.5812530517578125 114.0625 118.08750152587890625 121.61875152587890625 125.5625 130.306243896484375 133.024993896484375 133.9875030517578125 131.943756103515625 130.0500030517578125 127.0187530517578125 121.78749847412109375 116 110.43125152587890625 106.3312530517578125 103.1062469482421875 99.9875030517578125 98.7624969482421875 98.5187530517578125 98.8874969482421875 99.8874969482421875 102.1125030517578125 105.84999847412109375 110.2312469482421875 110.125 108.22499847412109375 109.09375 110.78125 112.0625 107.15000152587890625 101.61875152587890625 96.77500152587890625 93.4562530517578125 93.03125 94.38124847412109375 92.4562530517578125 87.7624969482421875 82.77500152587890625 78.09375 74.19374847412109375 70.7375030517578125
105.5187530517578125 106.4875030517578125 108.03749847412109375 111.2062530517578125 115.28125 119.59375 123.75 127.5749969482421875 131.912506103515625 134.0812530517578125 134.9250030517578125 133.9875030517578125 132.90625 130.868743896484375 125.25624847412109375 118.9875030517578125 113.1437530517578125 108.75624847412109375 104.84999847412109375 101.11875152587890625 98.83750152587890625 97.71875 97.02500152587890625 98.15625 100.31874847412109375 103.90000152587890625 108.6750030517578125 111.1125030517578125 112.3625030517578125 115.27500152587890625 118.97499847412109375 121.0124969482421875 116.16249847412109375 109.86875152587890625 104.16249847412109375 98.96250152587890625 97.24375152587890625 97.7062530517578125 95.41249847412109375 90.4187469482421875 84.93125152587890625 80.2937469482421875 76.09999847412109375 72.3874969482421875
107.84999847412109375 108.15000152587890625 109.28749847412109375 113.5812530517578125 118.6750030517578125 122.6062469482421875 126.2687530517578125 129.3000030517578125 132.71875 135.149993896484375 136.3062591552734375 136.0437469482421875 135.78125 134.4375 128.7937469482421875 122.25624847412109375 116.0187530517578125 111.27500152587890625 106.7312469482421875 102.36875152587890625 99.16249847412109375 96.6875 95.1374969482421875 95.75 98.1125030517578125 102.13124847412109375 107.50624847412109375 111.86875152587890625 115.4562530517578125 120.84375 126.6125030517578125 130.1125030517578125 125.43125152587890625 118.8249969482421875 112.0749969482421875 106.43125152587890625 103.1999969482421875 100.4250030517578125 97.375 92.8125 87.25 82.59375 78.15000152587890625 74.7375030517578125
112.7312469482421875 114.0625 115.22499847412109375 119.1125030517578125 122.90625 126.1374969482421875 128.7624969482421875 131 133.8874969482421875 135.8625030517578125 136.9375 137.9562530517578125 138.5562591552734375 138.03125 132.5500030517578125 125.875 119.15625 114.02500152587890625 109.02500152587890625 104.0500030517578125 100.52500152587890625 96.625 93.4499969482421875 93.0437469482421875 96.3125 101.18125152587890625 107.83750152587890625 113.66249847412109375 119.03749847412109375 126.2312469482421875 133.6750030517578125 139.5749969482421875 135.337493896484375 127.8562469482421875 120.61875152587890625 113.90000152587890625 108.875 104.2937469482421875 100.5625 96.05625152587890625 90.46250152587890625 85.0124969482421875 79.9375 75.9375
118.43125152587890625 120.1750030517578125 122.43125152587890625 125.8249969482421875 128.774993896484375 131.024993896484375 132.2937469482421875 133.4562530517578125 135.368743896484375 137.462493896484375 139.337493896484375 141.3000030517578125 142.743743896484375 143.2937469482421875 138.0124969482421875 131.625 125.02500152587890625 119.63124847412109375 114.34375 108.66249847412109375 104.375 99.71875 95.4375 94.0500030517578125 98.22499847412109375 103.52500152587890625 110.90000152587890625 117.8000030517578125 124.75624847412109375 132.7312469482421875 141.4250030517578125 148.431243896484375 144.243743896484375 135.506256103515625 127.05625152587890625 120.0625 113.8937530517578125 108.40625 104.40000152587890625 100.125 94.6374969482421875 88.11875152587890625 81.53125 76.83750152587890625
124.96250152587890625 127.22499847412109375 130.149993896484375 133.2375030517578125 135.318756103515625 136.53125 136.743743896484375 136.462493896484375 137.625 139.1437530517578125 140.7624969482421875 143.787506103515625 147.037506103515625 148.84375 143.9250030517578125 137.462493896484375 131.2937469482421875 125.59999847412109375 120.19374847412109375 114.3125 109.8125 105.15625 101.71250152587890625 101.06874847412109375 103.86875152587890625 108.47499847412109375 115.6687469482421875 122.9187469482421875 130.412506103515625 138.806243896484375 147.6125030517578125 154.412506103515625 149.2624969482421875 140.6187591552734375 131.774993896484375 124.6999969482421875 118.4250030517578125 112.8000030517578125 109.0749969482421875 105.3249969482421875 100.30625152587890625 93.00624847412109375 83.6875 78.25624847412109375
131.1875 134.2062530517578125 137.8625030517578125 141.475006103515625 142.7624969482421875 142.125 140.774993896484375 139.4812469482421875 140.006256103515625 140.7624969482421875 142.59375 146.8625030517578125 151.2624969482421875 154.3937530517578125 149.7687530517578125 144.287506103515625 138.4812469482421875 132.8625030517578125 127.24375152587890625 121.33750152587890625 116.75 112.38124847412109375 109.5187530517578125 109.0124969482421875 111.15625 115.0124969482421875 121.96875 129.4250030517578125 137.2312469482421875 145.1374969482421875 153.318756103515625 159.34375 153.431243896484375 144.318756103515625 135.493743896484375 128.806243896484375 122.90000152587890625 117.1999969482421875 113.38124847412109375 110.1875 106.34375 98.0124969482421875 88.28749847412109375 83.9375
138.4562530517578125 141.681243896484375 146.2312469482421875 150.806243896484375 152.5625 149.1875 145.743743896484375 143.4187469482421875 143.193756103515625 143.5 145.2937469482421875 149.71875 155.3000030517578125 159.712493896484375 156.71875 152.368743896484375 148.09375 143.6125030517578125 138.087493896484375 131.8625030517578125 126.97499847412109375 122.7687530517578125 119.5812530517578125 119.41249847412109375 121.31874847412109375 124.8125 130.8562469482421875 138.3937530517578125 145.743743896484375 152.3562469482421875 158.9187469482421875 163.399993896484375 157.6374969482421875 148.8000030517578125 140.212493896484375 133.4562530517578125 127.5500030517578125 121.7062530517578125 117.75624847412109375 114.0187530517578125 109.34375 103.01874542236328125 95.44374847412109375 91.3562469482421875
144.868743896484375 148.118743896484375 152.274993896484375 156.9250030517578125 158.087493896484375 153.318756103515625 149 145.6687469482421875 144.9499969482421875 145.78125 147.712493896484375 152.7874908447265625 159.1687469482421875 164.3000030517578125 162.8625030517578125 160.631256103515625 158.6125030517578125 154.1374969482421875 149.4187469482421875 143.225006103515625 137.993743896484375 133.618743896484375 130.537506103515625 130.34375 131.818756103515625 134.837493896484375 140.693756103515625 147.8937530517578125 154.806243896484375 160.1437530517578125 164.8249969482421875 167.6750030517578125 161.493743896484375 153.181243896484375 144.7062530517578125 138.162506103515625 132.3937530517578125 126.50624847412109375 121.97499847412109375 117.2375030517578125 112.7312469482421875 107.88124847412109375 102.3625030517578125 97.40625
150.962493896484375 153.1437530517578125 156.056243896484375 157.9812469482421875 157.3125 153.993743896484375 150.1687469482421875 146.506256103515625 146.2062530517578125 146.993743896484375 149.3937530517578125 155.4812469482421875 162.7624969482421875 168.818756103515625 169.743743896484375 169.568756103515625 168.1437530517578125 163.868743896484375 159.118743896484375 153.337493896484375 148.6437530517578125 144.431243896484375 141.0812530517578125 140.8874969482421875 142.9375 145.556243896484375 150.8562469482421875 157.8125 164.46875 168.381256103515625 171.2062530517578125 172.5 165.4375 157.2375030517578125 149.25 143.256256103515625 137.037506103515625 130.8312530517578125 126.06874847412109375 121.2687530517578125 117.66249847412109375 114.3874969482421875 110.75 107.25
159.4250030517578125 159.693756103515625 160.4499969482421875 161.15625 159.943756103515625 156.912506103515625 152.943756103515625 149.243743896484375 148.649993896484375 149.681243896484375 153.6125030517578125 160.25 168.5500030517578125 176.4499969482421875 178.8937530517578125 179.9499969482421875 179.5 175.9499969482421875 170.274993896484375 164.8000030517578125 160.59375 156.962493896484375 153.8562469482421875 153.5124969482421875 155.40625 158.243743896484375 163.3312530517578125 169.225006103515625 175.649993896484375 177.78125 179.181243896484375 179.03125 171.912506103515625 163.743743896484375 155.837493896484375 149.568756103515625 143.2062530517578125 136.912506103515625 131.912506103515625 128.4124908447265625 124.88124847412109375 122.83750152587890625 121.53125 121.5625
167.6750030517578125 166.1437530517578125 165.756256103515625 164.7937469482421875 162.21875 159.087493896484375 155.4875030517578125 151.787506103515625 150.743743896484375 151.662506103515625 155.6374969482421875 164.6750030517578125 174.712493896484375 183.193756103515625 187.7062530517578125 190.28125 191.587493896484375 188.1750030517578125 182.1062469482421875 176.649993896484375 172.8000030517578125 169.25 166.1437530517578125 166.0187530517578125 167.5625 170.2687530517578125 175.524993896484375 181.443756103515625 187.587493896484375 187.71875 187.243743896484375 185.9375 178.6999969482421875 170.65625 162.506256103515625 155.8312530517578125 149.568756103515625 142.5500030517578125 138.381256103515625 135.2375030517578125 132.1999969482421875 131.2062530517578125 131.53125 133.931243896484375
175.6125030517578125 172.9625091552734375 171.318756103515625 168.75 165.524993896484375 161.868743896484375 157.7687530517578125 153.806243896484375 151.65625 152.600006103515625 157.8312530517578125 168.7375030517578125 181.475006103515625 192.2937469482421875 198.34375 202.337493896484375 204.3125 200.524993896484375 194.774993896484375 188.368743896484375 185.1875 181.274993896484375 178.84375 178.4812469482421875 179.59375 182.3000030517578125 187.3312530517578125 193.3874969482421875 199.0625 197.7312469482421875 195.662506103515625 192.8625030517578125 185.712493896484375 177.975006103515625 169.774993896484375 162.368743896484375 155.3937530517578125 149.131256103515625 145.350006103515625 141.774993896484375 139.0500030517578125 138.4812469482421875 139.350006103515625 141.993743896484375
185.59375 182.1062469482421875 179.28125 175.9250030517578125 171.712493896484375 167.662506103515625 162.587493896484375 157.4562530517578125 154.1125030517578125 153.7624969482421875 160.6374969482421875 174.818756103515625 190.7687530517578125 203.2312469482421875 210.6687469482421875 215.5562591552734375 217.850006103515625 213.9375 207.375 200.5437469482421875 197.0812530517578125 194.024993896484375 190.943756103515625 190.59375 192 194.306243896484375 199.2062530517578125 204.7687530517578125 209.774993896484375 207.899993896484375 205.181243896484375 201.256256103515625 194.493743896484375 186.6687469482421875 178.537506103515625 170.693756103515625 164.524993896484375 158.225006103515625 154.1062469482421875 150.6125030517578125 147.84375 147.75 148.1437530517578125 150.181243896484375
195.53125 191.506256103515625 188.0812530517578125 184.306243896484375 179.84375 175.5 170.4562530517578125 164.0187530517578125 158.1687469482421875 153.9250030517578125 164.53125 186.0124969482421875 203.131256103515625 215.287506103515625 223.618743896484375 229.0749969482421875 231.9875030517578125 227.4499969482421875 220.9375 213.75 209.6750030517578125 205.9875030517578125 202.7312469482421875 202.368743896484375 203.40625 205.850006103515625 210.056243896484375 215.9499969482421875 221.0187530517578125 218.5 214.725006103515625 210.0124969482421875 203.318756103515625 196.0687408447265625 187.90625 180.899993896484375 174.3937530517578125 167.818756103515625 162.875 158.9875030517578125 155.8312530517578125 155.40625 155.600006103515625 157.03125
203.975006103515625 200.006256103515625 196.743743896484375 192.875 188.9562530517578125 184.5812530517578125 180.34375 174.6125030517578125 169.212493896484375 162.9812469482421875 183.806243896484375 207.712493896484375 220.837493896484375 230.600006103515625 238.2312469482421875 243.7624969482421875 246.1999969482421875 241.71875 234.2312469482421875 226.993743896484375 221.4499969482421875 216.975006103515625 213.7624969482421875 213.193756103515625 213.9187469482421875 216.2062530517578125 221.0187530517578125 226.537506103515625 231.1999969482421875 228.6062469482421875 223.743743896484375 218.774993896484375 212.40625 205.587493896484375 197.787506103515625 190.8874969482421875 184.1125030517578125 177.037506103515625 172.068756103515625 167.524993896484375 163.6125030517578125 162.71875 162.1750030517578125 162.8874969482421875
