data/historical-monthly-weather-data/wc2.1_cruts4.09_10m_prec_1981-01.asc
ncols        51
nrows        45
xllcorner    -63.500000000000
yllcorner    -7.500000000000
cellsize     0.166666666667
NODATA_value -9999
[rows 20 to 39 of 45, columns 0 to 44 of 51]
258.006256103515625 258.11248779296875 257.9375 259.13751220703125 260.65625 264.556243896484375 269.08123779296875 271.337493896484375 272.875 272.38751220703125 270.868743896484375 269.6875 270.89373779296875 272.38751220703125 259.118743896484375 238.2312469482421875 222.2312469482421875 211.493743896484375 205.96875 200.712493896484375 200.100006103515625 198.8562469482421875 197.2624969482421875 199.712493896484375 203.306243896484375 207.5 212.899993896484375 219.0500030517578125 224.8562469482421875 230.0749969482421875 230.193756103515625 225.9812469482421875 214.3562469482421875 201.899993896484375 191.1999969482421875 201.46875 218.5749969482421875 230.006256103515625 232.712493896484375 227.4875030517578125 217.0437469482421875 205.837493896484375 197.556243896484375 190.8249969482421875 184.524993896484375
255.381256103515625 254.600006103515625 254.40625 256.818756103515625 260.53125 265.125 269.66876220703125 273.931243896484375 275.63751220703125 271.36248779296875 265.037506103515625 256.881256103515625 251.7312469482421875 249.412506103515625 242.28125 230.3062591552734375 220.568756103515625 212.125 205.6437530517578125 200.506256103515625 197.3562469482421875 195.662506103515625 195.100006103515625 197.743743896484375 201.5187530517578125 206.337493896484375 213.9499969482421875 218.8937530517578125 222.568756103515625 225.0124969482421875 222.7687530517578125 218.600006103515625 211.274993896484375 205.9187469482421875 203.15625 212.725006103515625 230.399993896484375 244.53125 246.818756103515625 238.725006103515625 225.712493896484375 212.5749969482421875 202.34375 193.8625030517578125 185.993743896484375
252.9812469482421875 252.5812530517578125 250.743743896484375 253.0187530517578125 258.35626220703125 265.14373779296875 270.33123779296875 275.493743896484375 279.32501220703125 270.73748779296875 257.09375 241.5437469482421875 230.46875 227.600006103515625 226.931243896484375 223 216.712493896484375 210.1437530517578125 203.84375 198.1999969482421875 195.068756103515625 192.4250030517578125 190.662506103515625 192.912506103515625 197.8874969482421875 204.381256103515625 212.9812469482421875 217.7312469482421875 219.975006103515625 219.693756103515625 216.818756103515625 214.118743896484375 213.556243896484375 213.5625 216.6500091552734375 225.8312530517578125 243.6750030517578125 264.04376220703125 264.0625 248.6750030517578125 232.5 218.350006103515625 205.287506103515625 195.3937530517578125 186.649993896484375
250.6750030517578125 248.8625030517578125 246.0124969482421875 249.28125 256.756256103515625 263.60626220703125 269.875 274.975006103515625 276.65625 265.48126220703125 249.131256103515625 232.181243896484375 214.4562530517578125 214.3312530517578125 218.3562469482421875 217.5500030517578125 213.3874969482421875 207.6937408447265625 201.743743896484375 196.21875 191.7687530517578125 188.193756103515625 185.743743896484375 187.493743896484375 193.1062469482421875 199.6687469482421875 209.631256103515625 214.287506103515625 216.7249908447265625 218.4875030517578125 218.381256103515625 218.931243896484375 220.5 223.0812530517578125 227.90625 236.899993896484375 251.631256103515625 268.600006103515625 267.67498779296875 252.381256103515625 235.75 220.712493896484375 207.5500030517578125 197.2062530517578125 188.4250030517578125
249.6750030517578125 247.21875 243.068756103515625 249.21875 259.91876220703125 265.524993896484375 269.587493896484375 272.25 270.03125 260.693756103515625 246.7062530517578125 232.2062530517578125 219.912506103515625 216.868743896484375 216.868743896484375 215.9375 212.618743896484375 207.743743896484375 201.125 193.8125 188.46875 183.2312469482421875 179.631256103515625 180.756256103515625 185.8125 193.4187469482421875 202.625 210.5 215.350006103515625 220.4375 224.0749969482421875 228.40625 229.912506103515625 232.9875030517578125 237.681243896484375 243.5749969482421875 253.5124969482421875 260.23748779296875 258.462493896484375 248.587493896484375 234.375 220.5124969482421875 208.1687469482421875 199.1125030517578125 188.1437530517578125
254.7937469482421875 255.618743896484375 253.15625 258.693756103515625 265.54998779296875 269.399993896484375 270.84375 269.65625 265.42498779296875 257.037506103515625 246.7624969482421875 237.0749969482421875 228.225006103515625 223.568756103515625 220.15625 217.5124969482421875 214.193756103515625 208.943756103515625 201.806243896484375 193.2937469482421875 187.1374969482421875 179.3874969482421875 174.024993896484375 173.318756103515625 178.806243896484375 187.46875 198.912506103515625 208.225006103515625 216.037506103515625 222.0812530517578125 230.3000030517578125 237.7687530517578125 240.506256103515625 241.8937530517578125 245.3625030517578125 248.256256103515625 252.7624969482421875 254.118743896484375 251.024993896484375 242.7312469482421875 231.2062530517578125 218.2937469482421875 205.9875030517578125 197.875 188.9250030517578125
264.381256103515625 267.506256103515625 268.36248779296875 271.8125 275.131256103515625 276.16876220703125 275.475006103515625 270.993743896484375 265.443756103515625 259.024993896484375 251.03125 243.875 237.1750030517578125 232.4499969482421875 227.306243896484375 223.5124969482421875 219.3000030517578125 213.3625030517578125 206.34375 196.4499969482421875 187.8562469482421875 179.7937469482421875 171.3874969482421875 169.587493896484375 176.84375 185.506256103515625 197.243743896484375 208.0124969482421875 217.78125 225.912506103515625 236.28125 245.0749969482421875 248.71875 249.125 249.568756103515625 251.28125 253.100006103515625 251.256256103515625 246.1437530517578125 238.9875030517578125 228.2375030517578125 214.8937530517578125 203.193756103515625 195.7624969482421875 192.8625030517578125
276.84375 281.0625 283.73126220703125 286.225006103515625 287.787506103515625 285.09375 281.09375 274.681243896484375 268.850006103515625 262.149993896484375 255.3187408447265625 250.125 244.462493896484375 239.9312591552734375 234.337493896484375 229.8249969482421875 224.8000030517578125 220.0500030517578125 211.193756103515625 201.6750030517578125 193.306243896484375 183.2937469482421875 176.868743896484375 175.681243896484375 180.3874969482421875 187.3000030517578125 198.59375 209.375 220.0812530517578125 230.5 240.556243896484375 249.6875 252.556243896484375 251.8562469482421875 251.6999969482421875 252.431243896484375 251.9875030517578125 249.868743896484375 245.2062530517578125 237.3874969482421875 227.9562530517578125 215.1750030517578125 202.3000030517578125 195.912506103515625 202.0124969482421875
287.850006103515625 294.53125 297.618743896484375 300.60626220703125 301.118743896484375 295.100006103515625 286.59375 279.375 272.39373779296875 266.01873779296875 260.212493896484375 255.5749969482421875 251.100006103515625 248.34375 243.006256103515625 238.71875 235.1750030517578125 228.600006103515625 219.8874969482421875 209.881256103515625 200.2687530517578125 189.9875030517578125 183.3125 182.8625030517578125 185.9250030517578125 191.024993896484375 201.850006103515625 212.725006103515625 224.3125 234.850006103515625 244.1374969482421875 252.59375 254.556243896484375 254.3312530517578125 254.09375 253.6374969482421875 253.375 250.899993896484375 246.725006103515625 239.087493896484375 228.381256103515625 216.4812469482421875 206.8625030517578125 205.4875030517578125 213.131256103515625
297.850006103515625 305.57501220703125 310.475006103515625 314.60626220703125 314.087493896484375 304.28125 292.96875 284.53125 276.98126220703125 269.875 265.037506103515625 262.29376220703125 259.32501220703125 257.287506103515625 253.600006103515625 249.462493896484375 245.318756103515625 239.443756103515625 231.787506103515625 220.631256103515625 209.993743896484375 200.4812469482421875 192.7687530517578125 191.7687530517578125 194.287506103515625 198.7375030517578125 208.587493896484375 218.9250030517578125 230.0749969482421875 239.2312469482421875 248.256256103515625 255.8625030517578125 256.61248779296875 257.068756103515625 256.399993896484375 256.068756103515625 255.1875 254.1374969482421875 249.8562469482421875 243.625 235.9375 226.899993896484375 220.181243896484375 219.5187530517578125 221.1125030517578125
305.193756103515625 313.912506103515625 317.337493896484375 321.51251220703125 322.287506103515625 308.943756103515625 297.412506103515625 287.66876220703125 280.087493896484375 273.95623779296875 270.193756103515625 268.625 267.10626220703125 265.16876220703125 262.92498779296875 259.524993896484375 256.475006103515625 251.3249969482421875 243.756256103515625 232.5812530517578125 220.743743896484375 210.006256103515625 202.524993896484375 201.0500030517578125 202.4375 207.0500030517578125 216.443756103515625 226.1750030517578125 237.2687530517578125 244.774993896484375 252.6999969482421875 259.475006103515625 259.493743896484375 259.60626220703125 258.91876220703125 258.625 257.600006103515625 257.681243896484375 255.100006103515625 250.125 245.0437469482421875 238.225006103515625 233.181243896484375 230.0124969482421875 230.212493896484375
309.20623779296875 317.568756103515625 319.756256103515625 321.5 319.881256103515625 308.73748779296875 299.5 289.1875 282.274993896484375 276.806243896484375 273.65625 273.16876220703125 273.10626220703125 273.32501220703125 272.33123779296875 269.64373779296875 265.73126220703125 260.07501220703125 251.475006103515625 241.4187469482421875 229.2624969482421875 218.375 211 209.3000030517578125 211.4187469482421875 215.2687530517578125 223.6999969482421875 233.524993896484375 243.1125030517578125 250.6125030517578125 257.26251220703125 262.85626220703125 262.868743896484375 262.712493896484375 262.08123779296875 261.243743896484375 261.774993896484375 260.61248779296875 257.83123779296875 254.8625030517578125 253.875 249.1875 245.381256103515625 244.5124969482421875 244.8562469482421875
309.056243896484375 316.23126220703125 318.36248779296875 318.9375 315.693756103515625 306.35626220703125 296.993743896484375 288.26251220703125 280.850006103515625 277.95001220703125 277.85626220703125 278.975006103515625 282.068756103515625 285.01251220703125 283.524993896484375 280.5625 276 268.556243896484375 259.368743896484375 249.9499969482421875 238.806243896484375 228.568756103515625 221.024993896484375 220.8125 222.524993896484375 226.368743896484375 234.162506103515625 242.118743896484375 251.024993896484375 258.51873779296875 263.61248779296875 266.993743896484375 267.14373779296875 267.36248779296875 265.962493896484375 265.58123779296875 265.20001220703125 263.899993896484375 260.287506103515625 260.662506103515625 260.15625 257.48126220703125 256.14373779296875 257.66876220703125 263.03125
307.375 313.48126220703125 314.73748779296875 314.79998779296875 310.524993896484375 302.662506103515625 294.66876220703125 286.412506103515625 279.9375 276.60626220703125 278.21875 284.681243896484375 291.493743896484375 295.32501220703125 294.225006103515625 290.600006103515625 286.67498779296875 278.95001220703125 268.33123779296875 257.975006103515625 247.9250030517578125 238.75 231.84375 231.537506103515625 233.3249969482421875 236.475006103515625 243.318756103515625 251.5625 260.54376220703125 265.712493896484375 270.243743896484375 272.818756103515625 272.21875 272.550018310546875 271.17498779296875 270.087493896484375 268.48126220703125 265.63751220703125 263.90625 264.181243896484375 263.41876220703125 262.8125 263.768768310546875 267.01873779296875 273.79998779296875
307.15625 311.068756103515625 311.65625 310.056243896484375 306.45623779296875 299.73126220703125 291.350006103515625 283.475006103515625 275.23126220703125 273.28125 278.70623779296875 289.14373779296875 301.59375 308.462493896484375 306.8125 301.78125 296.73126220703125 287.51873779296875 276.649993896484375 264.868743896484375 256.35626220703125 248.181243896484375 241.962493896484375 241.524993896484375 243.5437469482421875 245.600006103515625 252.78125 261.20623779296875 269.493743896484375 272.90625 276.20001220703125 278.8125 278.29998779296875 277.3125 275.375 273.350006103515625 270.14373779296875 268.91876220703125 267.23126220703125 265.806243896484375 265.09375 264.54998779296875 266.4375 269.66876220703125 274.568756103515625
307.26251220703125 309.32501220703125 308.63751220703125 306.106231689453125 302.17498779296875 294.3125 286.61248779296875 277.51873779296875 268.34375 265.64373779296875 274.23126220703125 290.806243896484375 307.98748779296875 317.45001220703125 316.693756103515625 312.03125 305.66876220703125 295.975006103515625 284.82501220703125 273.006256103515625 264.53125 257.79376220703125 251.743743896484375 251.1374969482421875 253.1437530517578125 256.23748779296875 262.79998779296875 270.875 278.962493896484375 281.3125 284.20001220703125 285.65625 285.581268310546875 284.54998779296875 281.92498779296875 277.76873779296875 275.774993896484375 272.53125 268.40625 266.193756103515625 264.95623779296875 264.67498779296875 265.475006103515625 268.14373779296875 270.881256103515625
307.26251220703125 308.149993896484375 305.6875 302.4375 298.087493896484375 291.056243896484375 284.48748779296875 274.912506103515625 263.16876220703125 255.25 269.806243896484375 297.725006103515625 316.649993896484375 324.10626220703125 324.67498779296875 320.90625 314.51251220703125 304.45001220703125 292.975006103515625 280.78125 273.20623779296875 265.837493896484375 260.681243896484375 260.41876220703125 262.962493896484375 266.899993896484375 273.274993896484375 281.506256103515625 289.04376220703125 290.818756103515625 292.45001220703125 293.087493896484375 293.287506103515625 292.337493896484375 289.13751220703125 284.243743896484375 279.83123779296875 274.337493896484375 269.64373779296875 265.48748779296875 261.84375 261 262.350006103515625 263.90625 265.381256103515625
307.65625 307.287506103515625 303.875 300.78125 296.82501220703125 291.993743896484375 286.0625 278.193756103515625 268.368743896484375 258.881256103515625 288.57501220703125 318.15625 329.912506103515625 333.475006103515625 333.524993896484375 329.60626220703125 322.46875 313.056243896484375 302.056243896484375 289.86248779296875 281.67498779296875 273.73748779296875 268.399993896484375 268.59375 271.59375 276.462493896484375 282.225006103515625 290.037506103515625 297.51873779296875 299.537506103515625 299.925018310546875 298.9375 298.98126220703125 298.475006103515625 294.92498779296875 289.006256103515625 281.943756103515625 275.506256103515625 270.03125 264.29376220703125 258.818756103515625 258.162506103515625 257.787506103515625 257.28125 259.20623779296875
311.95623779296875 308.4375 305.181243896484375 301.625 298.037506103515625 293.96875 289.20001220703125 286.82501220703125 288.32501220703125 302.82501220703125 338.600006103515625 343.88751220703125 343.118743896484375 342.9375 341.54376220703125 336.73126220703125 330.51251220703125 320.25 308.787506103515625 297.100006103515625 287.125 279.125 274.137481689453125 274.40625 277.10626220703125 281.743743896484375 287.85626220703125 295.618743896484375 303.4375 306.86248779296875 307.399993896484375 306.39373779296875 305.07501220703125 302.306243896484375 300.48748779296875 293.787506103515625 285.375 278.38751220703125 271.568756103515625 263.962493896484375 258.087493896484375 256.368743896484375 254.912506103515625 255.068756103515625 256.98126220703125
317.274993896484375 312.51873779296875 307.89373779296875 302.8125 300.681243896484375 298.350006103515625 296.274993896484375 298.943756103515625 307.212493896484375 323.82501220703125 343.45001220703125 352.16876220703125 352.524993896484375 352.03125 349.318756103515625 345.04376220703125 338.86248779296875 329.07501220703125 316.07501220703125 303.462493896484375 290.818756103515625 283.03125 278.274993896484375 278.443756103515625 281.618743896484375 286.006256103515625 292.431243896484375 300.774993896484375 308.287506103515625 311.818756103515625 312.58123779296875 313.506256103515625 312.912506103515625 309.23748779296875 304.287506103515625 296.86248779296875 287.962493896484375 279.875 271.975006103515625 263.431243896484375 257.26251220703125 254.8874969482421875 252.462493896484375 251.975006103515625 254.2375030517578125
