data/historical-monthly-weather-data/wc2.1_cruts4.09_10m_prec_1997-03.asc
ncols        51
nrows        45
xllcorner    -63.500000000000
yllcorner    -7.500000000000
cellsize     0.166666666667
NODATA_value -9999
[rows 0 to 19 of 45, columns 0 to 44 of 51]
229.375 224.881256103515625 219.756256103515625 221.0124969482421875 220.024993896484375 219.212493896484375 214.600006103515625 209.6687469482421875 205.0124969482421875 204.131256103515625 207.2375030517578125 211.1875 215.3625030517578125 216.5812530517578125 218.2312469482421875 219.631256103515625 223.556243896484375 222.7312469482421875 224.7312469482421875 226.506256103515625 230.7375030517578125 234.0812530517578125 238.125 238.9812469482421875 241.9375 244.600006103515625 245.9562530517578125 250.443756103515625 254.1437530517578125 256.962493896484375 264.33123779296875 268.912506103515625 274.6875 282.73748779296875 290.09375 297.26873779296875 303.118743896484375 309.58123779296875 317.274993896484375 323.493743896484375 329.98748779296875 335.4375 339.037506103515625 343.48126220703125 342.57501220703125
242.524993896484375 238.306243896484375 238.75 240.850006103515625 242.0437469482421875 240.556243896484375 235.649993896484375 231.899993896484375 230.618743896484375 230.443756103515625 232.993743896484375 235.375 237.975006103515625 238.975006103515625 239.412506103515625 240.3625030517578125 242.7624969482421875 243.131256103515625 243.243743896484375 243.9875030517578125 247.3249969482421875 250.6750030517578125 254.9562530517578125 256.5 258.431243896484375 260.756256103515625 261.443756103515625 265.57501220703125 268.17498779296875 271.899993896484375 278.01873779296875 285.46875 290.225006103515625 299.818756103515625 305.40625 313.006256103515625 320.26873779296875 326.35626220703125 333.70001220703125 339.21875 346.29998779296875 351.20001220703125 354.29998779296875 357.78125 357.38751220703125
257.556243896484375 255.600006103515625 258.725006103515625 262.537506103515625 264 262.743743896484375 261.45001220703125 260.82501220703125 260.65625 261.67498779296875 261.23748779296875 260.912506103515625 262.11248779296875 262.243743896484375 261.725006103515625 263.04376220703125 264.51251220703125 265.725006103515625 265.85626220703125 266.8125 270.837493896484375 275.3125 278.40625 280.181243896484375 281.943756103515625 281.9375 282.024993896484375 284.60626220703125 285.024993896484375 287.75 294.537506103515625 301.568756103515625 307.662506103515625 314.556243896484375 323.4375 328.79998779296875 336.556243896484375 345.01251220703125 351.881256103515625 358.868743896484375 365.66876220703125 369.506256103515625 371.91876220703125 373.618743896484375 373.868743896484375
270.89373779296875 272.443756103515625 280.287506103515625 285.056243896484375 287.91876220703125 286.756256103515625 287.29376220703125 289.318756103515625 292.5 294.04998779296875 291.60626220703125 287.524993896484375 285.04376220703125 283.38751220703125 282.91876220703125 283.506256103515625 286.412506103515625 289.26873779296875 291.03125 292.45001220703125 298.024993896484375 301.631256103515625 302.98748779296875 303.899993896484375 304.787506103515625 303.875 302.78125 301.29376220703125 300.25 303.712493896484375 308.36248779296875 316.98126220703125 322.76251220703125 329.493743896484375 337.73126220703125 345.837493896484375 354.67498779296875 363.912506103515625 372.84375 379.443756103515625 384.256256103515625 388.51251220703125 390.712493896484375 390.76873779296875 389.76873779296875
292.831268310546875 293.51251220703125 298.681243896484375 305.98748779296875 310.368743896484375 310.056243896484375 309.96875 313.712493896484375 320.65625 325.29998779296875 320.131256103515625 311.431243896484375 306.84375 305.875 303.90625 305.20623779296875 307.65625 313.04376220703125 314.912506103515625 316.28125 322.681243896484375 325.443756103515625 328.056243896484375 328.76873779296875 328.1875 326.54376220703125 321.83123779296875 318.337493896484375 318.48126220703125 319.11248779296875 324.712493896484375 330.568756103515625 338.975006103515625 347.14373779296875 355.63751220703125 364.912506103515625 374.13751220703125 383.39373779296875 393.58123779296875 399.5 405.625 407.48748779296875 408.350006103515625 408.82501220703125 404.86248779296875
314.20623779296875 316.51873779296875 323.64373779296875 327.26873779296875 327.23126220703125 327.21875 327.01873779296875 329.42498779296875 337.024993896484375 343.712493896484375 335.037506103515625 325.5 322.443756103515625 320.38751220703125 319.868743896484375 321.556243896484375 325.03125 331.4375 336.368743896484375 338.76251220703125 344.14373779296875 348.20623779296875 351.25 350.462493896484375 349.10626220703125 348.11248779296875 342.631256103515625 336.70623779296875 333.399993896484375 335.07501220703125 338.899993896484375 345.03125 352.20623779296875 364.66876220703125 376.45001220703125 385.95001220703125 398.34375 408.962493896484375 419.493743896484375 427.26251220703125 430.59375 432.131256103515625 432.131256103515625 430.98748779296875 424.5
334.100006103515625 336.46875 342.13751220703125 342.53125 339.10626220703125 336.962493896484375 335.375 333.443756103515625 333.8125 334.39373779296875 334.056243896484375 331.0625 330.774993896484375 330.899993896484375 332.306243896484375 334.79376220703125 339.04998779296875 345.63751220703125 351.79998779296875 359.42498779296875 364.14373779296875 369.73748779296875 372.618743896484375 371.818756103515625 370.662506103515625 368.1875 361.95001220703125 354.318756103515625 347.462493896484375 347.01873779296875 353.20001220703125 358.51873779296875 367.006256103515625 378.493743896484375 392.39373779296875 405.274993896484375 418.07501220703125 430.73126220703125 445.76251220703125 451.64373779296875 450.70623779296875 452.01251220703125 451.29998779296875 449.54376220703125 444.524993896484375
349.48748779296875 351.42498779296875 353.850006103515625 353.8125 351.48748779296875 347.59375 340.100006103515625 329.53125 320.57501220703125 320.34375 327.84375 332.36248779296875 337.087493896484375 340.48126220703125 343.318756103515625 347.149993896484375 350.16876220703125 356.774993896484375 365.3125 375.23748779296875 382.506256103515625 389.08123779296875 393.5 392.04998779296875 392.67498779296875 388.14373779296875 378.962493896484375 369.67498779296875 360.09375 358.806243896484375 362.46875 370.76251220703125 379.381256103515625 391.96875 406.85626220703125 420.662506103515625 435.14373779296875 448.837493896484375 462.600006103515625 467.5 467.45001220703125 467.96875 466.774993896484375 464.068756103515625 456.631256103515625
361.85626220703125 362.98126220703125 365.5 365.45623779296875 362.04376220703125 356.63751220703125 347.20623779296875 333.21875 316.08123779296875 311.29376220703125 324.53125 333.993743896484375 342.40625 346.118743896484375 351.83123779296875 358.29998779296875 363.14373779296875 369.79376220703125 380.15625 390.04998779296875 394.39373779296875 403.10626220703125 408.149993896484375 413.17498779296875 413.65625 407.13751220703125 393.631256103515625 380.95001220703125 372.006256103515625 368.91876220703125 372.51251220703125 380.381256103515625 389.79376220703125 402.125 416.181243896484375 431.875 449.4375 463.600006103515625 476.79376220703125 481.475006103515625 481.84375 481.25 479.9375 476.01251220703125 464.243743896484375
373.98126220703125 374.337493896484375 375.76873779296875 375.375 372.98748779296875 367.61248779296875 359.16876220703125 346.60626220703125 333.443756103515625 329.306243896484375 336.14373779296875 341.25 348.64373779296875 353.38751220703125 360.71875 369.58123779296875 377.38751220703125 383.899993896484375 392.662506103515625 401.70623779296875 406.21875 415.693756103515625 425.29998779296875 434.70623779296875 432.63751220703125 424.85626220703125 409.837493896484375 394.64373779296875 382.350006103515625 377.118743896484375 378.70623779296875 388.024993896484375 399.46875 413.693756103515625 427.98126220703125 443.4375 460.60626220703125 476.67498779296875 490.318756103515625 497.04376220703125 498.912506103515625 498.181243896484375 492.581268310546875 481.78125 469.98126220703125
385.337493896484375 385.681243896484375 385.712493896484375 385.5625 384.618743896484375 381.068756103515625 374.14373779296875 362.79998779296875 353.712493896484375 350.712493896484375 352.5 355.318756103515625 358.83123779296875 363.850006103515625 372.462493896484375 381.881256103515625 390.631256103515625 396.83123779296875 402.993743896484375 410.78125 418.100006103515625 428.46875 442.837493896484375 450.35626220703125 453.91876220703125 441.506256103515625 424.16876220703125 410.08123779296875 395.225006103515625 386.975006103515625 388.73748779296875 395.91876220703125 407.17498779296875 421.76251220703125 437.274993896484375 452.33123779296875 469.068756103515625 485.75 500.04998779296875 509.899993896484375 512.76251220703125 508.899993896484375 499.375 485.79376220703125 472.04998779296875
392.4375 393.14373779296875 393.23748779296875 394.23126220703125 392.662506103515625 391.45623779296875 387.57501220703125 378.9375 371.787506103515625 367.76873779296875 367.318756103515625 369.20001220703125 371.83123779296875 376.85626220703125 388.09375 397.306243896484375 402.76251220703125 406.58123779296875 411.443756103515625 417.04998779296875 421.212493896484375 433.15625 451.806243896484375 467.493743896484375 468.1875 447.774993896484375 428.975006103515625 415.087493896484375 404.54376220703125 400.556243896484375 398.11248779296875 401.88751220703125 411.693756103515625 424.91876220703125 439.024993896484375 456.5625 474.92498779296875 492.13751220703125 505.850006103515625 518.1312255859375 523.0625 515.6624755859375 499.4375 476.381256103515625 456.462493896484375
398.725006103515625 399.149993896484375 400.08123779296875 400.149993896484375 399.90625 400.39373779296875 397.34375 391.899993896484375 385.587493896484375 382.95623779296875 383.53125 385.881256103515625 390.48748779296875 393.57501220703125 403.26251220703125 411.29998779296875 415.162506103515625 418.337493896484375 422.79376220703125 424.84375 423.76873779296875 434.57501220703125 452.0625 463.912506103515625 455.756256103515625 439.09375 430.36248779296875 421.51251220703125 414.193756103515625 411.73126220703125 409.46875 408.63751220703125 415.39373779296875 427.0625 440.29376220703125 456.399993896484375 475.350006103515625 493.64373779296875 510.03125 525.4625244140625 533.85626220703125 522.29998779296875 493.087493896484375 463.881256103515625 438.993743896484375
403 404.29376220703125 405.10626220703125 405.35626220703125 406.42498779296875 405.5 404.95623779296875 403.48748779296875 400.837493896484375 398.67498779296875 398.475006103515625 402.662506103515625 407.63751220703125 413.868743896484375 417.85626220703125 425.08123779296875 427.881256103515625 429.068756103515625 431.524993896484375 433.92498779296875 435.412506103515625 441.693756103515625 451.14373779296875 454.54376220703125 447.57501220703125 438.20001220703125 432.493743896484375 426.29376220703125 420.75 419.09375 418.65625 416.931243896484375 419.15625 426.381256103515625 437.84375 455.3125 476.04998779296875 494.16876220703125 509.85626220703125 523.9749755859375 531.29998779296875 510.912506103515625 484.100006103515625 459.98126220703125 437.75
405.96875 405.34375 406.40625 408.8125 410.70623779296875 410.431243896484375 412.20001220703125 413.29376220703125 411.61248779296875 410.48126220703125 411.88751220703125 416.962493896484375 422.881256103515625 428.993743896484375 429.67498779296875 434.912506103515625 436.61248779296875 438.59375 439.181243896484375 440.36248779296875 442.04376220703125 444.86248779296875 448.537506103515625 449.71875 447.17498779296875 444.13751220703125 439.70001220703125 434.70623779296875 431.23126220703125 430.225006103515625 425.837493896484375 421.64373779296875 423.399993896484375 423.993743896484375 430.381256103515625 450.212493896484375 473.306243896484375 491.65625 500.83123779296875 504.875 500.48748779296875 488.8125 476.20623779296875 457.38751220703125 439.274993896484375
405.58123779296875 405.243743896484375 407.412506103515625 410.38751220703125 413.29376220703125 416.46875 418.431243896484375 419.84375 421.962493896484375 423.556243896484375 424.64373779296875 431.8125 439.01873779296875 444.8125 445.306243896484375 445.57501220703125 445.399993896484375 446.76873779296875 446.29998779296875 447.381256103515625 446.46875 445.787506103515625 446.399993896484375 447.13751220703125 446.48748779296875 447.056243896484375 445.29376220703125 443.4375 443.399993896484375 441.98126220703125 438.40625 432.100006103515625 429.16876220703125 428.5625 431.806243896484375 458.83123779296875 478.875 486.40625 487.17498779296875 485.91876220703125 479.662506103515625 473.40625 465.45623779296875 452.48126220703125 437.274993896484375
405.70001220703125 406.20623779296875 407.54376220703125 411.66876220703125 416.381256103515625 420.5 425.54998779296875 428.587493896484375 431.73748779296875 434.91876220703125 436.75 446.04998779296875 455.14373779296875 460.01251220703125 461.66876220703125 458.881256103515625 453.04998779296875 450.95623779296875 451.506256103515625 451.162506103515625 448.443756103515625 446.20001220703125 445.60626220703125 446.61248779296875 448.318756103515625 448.162506103515625 448.837493896484375 450.63751220703125 451.58123779296875 452.70001220703125 450.274993896484375 444.162506103515625 441.98126220703125 446.3125 465.85626220703125 487.48126220703125 493.774993896484375 489.462493896484375 480.41876220703125 472.225006103515625 467.54376220703125 463.087493896484375 455.01251220703125 445.04998779296875 434.181243896484375
403.662506103515625 404.693756103515625 408.681243896484375 414.91876220703125 420.943756103515625 426.306243896484375 431.86248779296875 437.28125 441.95001220703125 445.51873779296875 448.925018310546875 460.21875 467.70623779296875 473.725006103515625 473.48748779296875 467.84375 460.73126220703125 448.66876220703125 452.20001220703125 450.943756103515625 448.84375 444.4375 440.70623779296875 441.63751220703125 443.975006103515625 448.16876220703125 448.70623779296875 453.912506103515625 459.17498779296875 460.962493896484375 457.050018310546875 444.118743896484375 444.46875 456.375 483.962493896484375 517.53125 507.04998779296875 489.868743896484375 474.875 466.8125 458.21875 453.14373779296875 446.84375 437.981231689453125 428.100006103515625
400.48748779296875 402.3125 407.33123779296875 415.193756103515625 424.03125 432.618743896484375 440.375 447.3125 452.01251220703125 456.15625 460 467.787506103515625 478.162506103515625 485.8125 481.681243896484375 473.23748779296875 463.23126220703125 449.51873779296875 445.04998779296875 444.274993896484375 443.84375 440.70001220703125 429.70001220703125 432.131256103515625 437.20623779296875 444.125 448.65625 453.537506103515625 461.40625 465.975006103515625 464.21875 446.431243896484375 439.024993896484375 439.475006103515625 457.23748779296875 485.01873779296875 483.625 475.04998779296875 467.556243896484375 459.03125 451.98126220703125 445.443756103515625 439.82501220703125 432.662506103515625 423.931243896484375
393.024993896484375 397.125 403.725006103515625 413.399993896484375 424.73748779296875 437 447.587493896484375 456.5625 461.98748779296875 465.287506103515625 468.287506103515625 474.899993896484375 486.193756103515625 496.07501220703125 486.681243896484375 470.41876220703125 454.600006103515625 447.118743896484375 439.6875 436.568756103515625 430.91876220703125 423.274993896484375 418.193756103515625 420.399993896484375 426.431243896484375 433.46875 440.60626220703125 449.375 455.943756103515625 457.131256103515625 451.71875 438.34375 421.21875 405.78125 400.11248779296875 421.118743896484375 445.29998779296875 454.54998779296875 455.95623779296875 452.95623779296875 446.5 439.975006103515625 435.431243896484375 429.649993896484375 422.943756103515625
