data/historical-monthly-weather-data/wc2.1_cruts4.09_10m_prec_1972-08.asc
ncols        45
nrows        45
xllcorner    -63.500000000000
yllcorner    -7.500000000000
cellsize     0.166666666667
NODATA_value -9999
[rows 0 to 18 of 45, columns 0 to 42 of 45]
359.01873779296875 370.61248779296875 367.125 370.568756103515625 374.59375 373.59375 360.5 350.92498779296875 338.17498779296875 321.149993896484375 295.649993896484375 276.28125 260.90625 241.318756103515625 225.743743896484375 206.5124969482421875 191.600006103515625 178.6062469482421875 166.2687530517578125 158.818756103515625 151.65625 142.9875030517578125 135.2624969482421875 130.024993896484375 124.0625 119.09375 119.8937530517578125 122.63124847412109375 119.19374847412109375 116.5437469482421875 109.58750152587890625 106.63124847412109375 104.36875152587890625 100.125 97.55625152587890625 97.6125030517578125 96.875 97.7062530517578125 100.8937530517578125 103.4875030517578125 106.84999847412109375 112.2624969482421875 115.3562469482421875
347.631256103515625 358.23126220703125 366.83123779296875 375.95001220703125 387.39373779296875 385.23126220703125 368.10626220703125 358.274993896484375 347.04376220703125 329.89373779296875 307.037506103515625 289.350006103515625 267.662506103515625 244.993743896484375 226.693756103515625 211.037506103515625 193.125 179.818756103515625 168.649993896484375 160.087493896484375 152.787506103515625 144.225006103515625 136.6687469482421875 131.649993896484375 124.41249847412109375 117.4250030517578125 118.93125152587890625 118.96250152587890625 115 111.16249847412109375 107.43125152587890625 103.96250152587890625 101.6437530517578125 99.68125152587890625 96.91249847412109375 96.6999969482421875 94.91249847412109375 97.69374847412109375 100.1437530517578125 102.94374847412109375 108.90000152587890625 112.875 117.7375030517578125
314.1875 328.399993896484375 340.20623779296875 353.993743896484375 366.318756103515625 365.58123779296875 357.381256103515625 349.53125 336.67498779296875 320.787506103515625 304.91876220703125 288.23126220703125 266.912506103515625 242.3625030517578125 223.587493896484375 207.1687469482421875 191.225006103515625 177.6999969482421875 166.256256103515625 155.3187408447265625 149.274993896484375 143.0187530517578125 135.3937530517578125 130.318756103515625 120.9375 114.41249847412109375 115.91249847412109375 113.40000152587890625 108.96875 105.91249847412109375 100.86875152587890625 97.5 95.72499847412109375 94.7937469482421875 91.625 90.05625152587890625 90.6437530517578125 93.75624847412109375 96.25624847412109375 101.1750030517578125 108.9812469482421875 114.30625152587890625 121.25624847412109375
281.85626220703125 290.07501220703125 305.89373779296875 321.45623779296875 330.89373779296875 332.756256103515625 332.36248779296875 330.15625 326.20001220703125 313.48126220703125 296.53125 278.243743896484375 260.006256103515625 237.4875030517578125 219.149993896484375 202.3000030517578125 187.875 175.3625030517578125 164.131256103515625 157.2937469482421875 149.6062469482421875 141.0625 132.5812530517578125 126.91249847412109375 117.8125 110.28125 109.96250152587890625 104.75 100.6999969482421875 97.96875 93.72499847412109375 89.34375 86.4499969482421875 84.53125 82.6750030517578125 83.5749969482421875 87.09999847412109375 89.8000030517578125 91.99375152587890625 99.09375 106.2624969482421875 114.78125 122.18125152587890625
277.087493896484375 276.03125 273.64373779296875 282.70623779296875 296.79376220703125 300.412506103515625 301.71875 309.743743896484375 312.725006103515625 303.462493896484375 286.375 268.050018310546875 251.006256103515625 232.4562530517578125 213.8625030517578125 198.399993896484375 183.056243896484375 169.881256103515625 159.0749969482421875 153.4812469482421875 148.850006103515625 137.962493896484375 129.818756103515625 125.09999847412109375 113.9187469482421875 105.06874847412109375 101.50624847412109375 98.97499847412109375 94.65000152587890625 89.65000152587890625 87.40000152587890625 82.52500152587890625 80.8874969482421875 79.8562469482421875 78.5437469482421875 79.08750152587890625 81.8000030517578125 85.36875152587890625 88.24375152587890625 94.2624969482421875 104.58750152587890625 113.3937530517578125 124.0500030517578125
260.83123779296875 258.48126220703125 252.756256103515625 244.8937530517578125 255.7687530517578125 270.725006103515625 275.63751220703125 279.350006103515625 284.462493896484375 277.75 259.90625 244.693756103515625 232.3937530517578125 217.9812469482421875 201.787506103515625 189.006256103515625 174.056243896484375 160.8562469482421875 153.287506103515625 148.318756103515625 143.34375 135.0500030517578125 127.0749969482421875 117.1437530517578125 108.2312469482421875 99.96875 96.0812530517578125 92.4375 88.90000152587890625 83.53749847412109375 81.24375152587890625 78.80625152587890625 76.9187469482421875 77.1437530517578125 75.71250152587890625 78.6374969482421875 80.96875 83.3125 87.68125152587890625 95.41249847412109375 103.3249969482421875 113.1374969482421875 124.0124969482421875
245.943756103515625 245.131256103515625 240.1125030517578125 234.1687469482421875 234.8874969482421875 237.9562530517578125 241.256256103515625 244.087493896484375 238.59375 235.381256103515625 227.3562469482421875 218.693756103515625 212.8562469482421875 202.381256103515625 191.2375030517578125 180.3249969482421875 167.46875 156.693756103515625 148.318756103515625 145.25 138.7312469482421875 131.243743896484375 123.0187530517578125 113.5500030517578125 103.625 95.625 91.05625152587890625 86.5500030517578125 81.1999969482421875 78.59999847412109375 75.8312530517578125 73.02500152587890625 73.5500030517578125 74.5437469482421875 74.71250152587890625 77.3125 79.3312530517578125 82.53749847412109375 87.74375152587890625 95.46250152587890625 102.86875152587890625 112.18125152587890625 124.03749847412109375
233.1875 229.0749969482421875 228.318756103515625 225.28125 227.3937530517578125 229.34375 220.8249969482421875 205.1062469482421875 194.443756103515625 193.8625030517578125 198.28125 195.2062530517578125 191.78125 185.9375 179.006256103515625 170.2624969482421875 161.193756103515625 151.943756103515625 144.0187530517578125 139.993743896484375 135.056243896484375 127.77500152587890625 118.03125 107.8312530517578125 99.4812469482421875 90.0437469482421875 84.72499847412109375 80.5812530517578125 76.13124847412109375 72.2062530517578125 71.3312530517578125 68.99375152587890625 69.3937530517578125 71.83750152587890625 71.71875 74.34999847412109375 76.89374542236328125 79.7375030517578125 83.74375152587890625 89.65625 97.41249847412109375 106.96875 117.75624847412109375
222.7062530517578125 219.100006103515625 219.631256103515625 214.9875030517578125 214.4875030517578125 212.5124969482421875 206.399993896484375 194.6062469482421875 176.868743896484375 168.181243896484375 171.1374969482421875 170.912506103515625 174.1062469482421875 170.53125 165.4250030517578125 158.993743896484375 154.5749969482421875 147.5437469482421875 143.5500030517578125 136.537506103515625 129.6750030517578125 123.09375 112.90000152587890625 105.8562469482421875 96.46875 85.8312530517578125 79.24375152587890625 76.5749969482421875 72.86875152587890625 69.8562469482421875 69.625 66.7312469482421875 66.625 67.2687530517578125 68.4875030517578125 72.5500030517578125 75.9562530517578125 79.18125152587890625 81.9812469482421875 86.9187469482421875 92.8125 99.02500152587890625 106.28749847412109375
210.787506103515625 207.78125 206.5187530517578125 204.65625 203.693756103515625 201.056243896484375 198.743743896484375 187.5812530517578125 173.368743896484375 167.7312469482421875 164.4375 158.875 160.90625 159.4250030517578125 153.931243896484375 150.09375 145.618743896484375 142.5 139.024993896484375 134.493743896484375 127.25 117.84999847412109375 107.3874969482421875 100.2375030517578125 90.59375 80.4499969482421875 74.81874847412109375 71.80625152587890625 67.69374847412109375 65.50624847412109375 64.2624969482421875 62.8125 64.84375 67.06874847412109375 69.46875 73.0625 75.53749847412109375 77.9187469482421875 81.22499847412109375 85.09999847412109375 89.05625152587890625 92.0500030517578125 95.7062530517578125
203.0437469482421875 199.537506103515625 195.71875 192.9375 193.225006103515625 193.975006103515625 191.212493896484375 178.4375 167.243743896484375 159.868743896484375 157.90625 153.243743896484375 150.693756103515625 147.7062530517578125 141.71875 137.7312469482421875 135.568756103515625 134.850006103515625 132.256256103515625 130.3125 126.75 116.96250152587890625 105.46875 94.83750152587890625 87.5124969482421875 78.05625152587890625 73.1062469482421875 69.03749847412109375 63.825000762939453125 61.393749237060546875 61.737499237060546875 61.3125 64.875 67.81874847412109375 69.34999847412109375 71.9812469482421875 74.0749969482421875 76.9562530517578125 78.8312530517578125 80.83750152587890625 82.69374847412109375 84.36875152587890625 87.3249969482421875
194.4187469482421875 191.8000030517578125 188.100006103515625 186.756256103515625 187.506256103515625 188.118743896484375 186.693756103515625 176.5500030517578125 164.8625030517578125 156.618743896484375 152.7062530517578125 147.899993896484375 142.381256103515625 136.5187530517578125 135.28125 131.46875 128.4187469482421875 125.9187469482421875 125.375 126.02500152587890625 123 113.90625 103.28749847412109375 93.9375 84.7624969482421875 72.3125 67.83750152587890625 65.22499847412109375 61.40000152587890625 60.143749237060546875 60.05625152587890625 61.34375 63.46250152587890625 66.1750030517578125 68.99375152587890625 72.625 74.8937530517578125 76.46875 75.41249847412109375 74.3000030517578125 75.1062469482421875 76.0187530517578125 76.84375
184.506256103515625 180.100006103515625 177.8000030517578125 174.7375030517578125 176.725006103515625 175.9562530517578125 171.0500030517578125 164.649993896484375 154.618743896484375 148.381256103515625 144.7937469482421875 141.09375 134.443756103515625 125.9875030517578125 122.09375 120.28125 116.8625030517578125 116.84375 116.3874969482421875 115.3249969482421875 113.53125 105.9875030517578125 96.68125152587890625 85.9375 73.9562530517578125 64.15625 62.86875152587890625 61.668750762939453125 60.806247711181640625 60.424999237060546875 60.11875152587890625 60.793750762939453125 64.1437530517578125 65.0437469482421875 68.33750152587890625 73.43125152587890625 78.77500152587890625 79.71250152587890625 78.8249969482421875 73.71875 68.30625152587890625 70.03125 69.21875
173.6062469482421875 167.65625 164.431243896484375 163.7687530517578125 163.649993896484375 161.125 156.8874969482421875 153.2312469482421875 144.524993896484375 139.149993896484375 134.3125 128.662506103515625 123.7062530517578125 116.75 107.90625 107.6999969482421875 106.0187530517578125 105.78125 102.56874847412109375 100.96875 99.63124847412109375 93.1999969482421875 85.2937469482421875 77.4562530517578125 68.56874847412109375 61.393749237060546875 60.700000762939453125 60.55625152587890625 60.3125 61.0625 62.049999237060546875 61.737499237060546875 64.5187530517578125 66.2062530517578125 71.0500030517578125 78.4499969482421875 84.6062469482421875 89.75 89.375 81.46875 68.02500152587890625 63.375 65.16249847412109375
162.868743896484375 159.506256103515625 155.337493896484375 152.881256103515625 153.212493896484375 150.5500030517578125 146.3937530517578125 141.46875 133.8125 129.087493896484375 122.6125030517578125 118.5124969482421875 113.65625 106 97.3937530517578125 93.77500152587890625 92.3000030517578125 90.6999969482421875 89.09375 88.65000152587890625 87.71250152587890625 83.2062530517578125 77.58750152587890625 73.6750030517578125 68.75624847412109375 64.38124847412109375 63.31874847412109375 62.68125152587890625 61.793750762939453125 62.33750152587890625 62.456249237060546875 63.256252288818359375 66.1875 69.4375 73.2624969482421875 81.43125152587890625 90.9562530517578125 103.55625152587890625 106.3874969482421875 95.9812469482421875 86.68125152587890625 80.3000030517578125 80.6875
150.618743896484375 148.90625 146.568756103515625 144.3937530517578125 143.2062530517578125 141.875 138.3000030517578125 131.475006103515625 125.0812530517578125 119.88124847412109375 114.0124969482421875 108.4250030517578125 102.55625152587890625 95.81874847412109375 88.4250030517578125 81 79.16249847412109375 78.1999969482421875 76.96250152587890625 77.4250030517578125 76.75624847412109375 74.5812530517578125 72.5 72.4499969482421875 70.5124969482421875 67.34375 66.66249847412109375 65.08750152587890625 63.78749847412109375 64.75 65.94374847412109375 66.5500030517578125 68.3874969482421875 71.625 76.7312469482421875 90.8562469482421875 103.69374847412109375 117.00624847412109375 123.49375152587890625 120.3312530517578125 114.84999847412109375 104.8125 95.6437530517578125
142.2624969482421875 141.4562530517578125 138.5812530517578125 137.225006103515625 134.3874969482421875 133.649993896484375 131.350006103515625 126.18125152587890625 118.25 113.5 107.9812469482421875 100.7937469482421875 94.7624969482421875 88.0625 80.7937469482421875 73.80625152587890625 67.1875 65.6374969482421875 66.5812530517578125 68.0812530517578125 66.7375030517578125 66.9875030517578125 67.97499847412109375 72.4375 73.8625030517578125 71.125 68.74375152587890625 67.30625152587890625 65.1062469482421875 65.4250030517578125 67.96875 71.1750030517578125 74.99375152587890625 79.5 93.8000030517578125 108.5625 122.5625 141.0437469482421875 153.1875 144.912506103515625 134.6374969482421875 118.13124847412109375 102.84999847412109375
132.09375 133.40625 132.0187530517578125 131.743743896484375 129.506256103515625 128.9562530517578125 124.5437469482421875 120.2062530517578125 113.3249969482421875 107.8000030517578125 102.46250152587890625 96.08750152587890625 88.0500030517578125 80.59375 73.91249847412109375 67.1687469482421875 60.875 55.99375152587890625 58.53749847412109375 58.96250152587890625 59.956249237060546875 61.668750762939453125 65.4562530517578125 71.1687469482421875 75.65625 74.9562530517578125 73.875 71.6687469482421875 68.1687469482421875 67.03749847412109375 65.9375 67.7375030517578125 81.0437469482421875 96.1875 108.56874847412109375 126.3562469482421875 144.193756103515625 159.037506103515625 163.568756103515625 157.600006103515625 139.587493896484375 124.31874847412109375 109.96875
122.53749847412109375 125.03125 125.15000152587890625 125.7062530517578125 125.59999847412109375 123.7312469482421875 120.5 115.8249969482421875 111.71875 107.1437530517578125 101.0187530517578125 91.19374847412109375 83.43125152587890625 76.3937530517578125 68.40000152587890625 62.96875 56.74375152587890625 51.1875 50.424999237060546875 52.168750762939453125 56.950000762939453125 65.33750152587890625 60.924999237060546875 68.1125030517578125 73.84999847412109375 78.0187530517578125 78.78125 75.69374847412109375 73.7624969482421875 69.09999847412109375 66.6875 72.4562530517578125 88.46250152587890625 102.63124847412109375 117.81874847412109375 135.537506103515625 147.75 154.818756103515625 159.3312530517578125 151.65625 140.2624969482421875 126.8312530517578125 114.05625152587890625
