data/historical-monthly-weather-data/wc2.1_cruts4.09_10m_prec_2001-08.asc
ncols        45
nrows        45
xllcorner    -63.500000000000
yllcorner    -7.500000000000
cellsize     0.166666666667
NODATA_value -9999
[rows 0 to 18 of 45, columns 0 to 42 of 45]
143.0812530517578125 145.0124969482421875 148.225006103515625 155.587493896484375 163.9499969482421875 173.28125 177.7624969482421875 184.0500030517578125 188.506256103515625 190.587493896484375 186.912506103515625 185.1750030517578125 185.5437469482421875 182.3000030517578125 180.125 174.149993896484375 170.9375 167.381256103515625 163.662506103515625 163.9812469482421875 161.8249969482421875 157.3625030517578125 153.2687530517578125 149.5124969482421875 144.3937530517578125 139.6999969482421875 138.3125 138.6750030517578125 132.681243896484375 130.8937530517578125 124.7312469482421875 123.1750030517578125 123.4187469482421875 121.3312530517578125 120.9375 122.6125030517578125 123.06874847412109375 125.0812530517578125 127.6750030517578125 129.0749969482421875 131.2312469482421875 135.0187530517578125 135.837493896484375
134.068756103515625 134.5187530517578125 140.5 147.9499969482421875 157.100006103515625 164.037506103515625 165.1875 169.568756103515625 173.78125 175.100006103515625 172.8874969482421875 172.3937530517578125 168.9562530517578125 164.131256103515625 161.0500030517578125 159.1687469482421875 154.7312469482421875 151.65625 149.600006103515625 149.0625 146.399993896484375 141.787506103515625 137.912506103515625 135.7624969482421875 131.100006103515625 126.02500152587890625 127.625 127.27500152587890625 122.90625 120.46875 118.36875152587890625 116.68125152587890625 117.59375 119.02500152587890625 119.13124847412109375 120.4875030517578125 119.5749969482421875 123.9812469482421875 125.4375 126.84375 132 134.118743896484375 137.149993896484375
121.58750152587890625 123.88124847412109375 129.75 137.3249969482421875 144.881256103515625 149.600006103515625 151.7375030517578125 154.193756103515625 155.5 155.506256103515625 155.3312530517578125 154.631256103515625 151.056243896484375 145.0437469482421875 142.118743896484375 140.125 137.5437469482421875 134.40625 132.0437469482421875 129.3000030517578125 128.03125 126.125 122.8937530517578125 122.25624847412109375 117.375 114.63124847412109375 117.8562469482421875 116.6999969482421875 113.59999847412109375 112.84999847412109375 110.0187530517578125 108.99375152587890625 110.625 113.3125 112.83750152587890625 112.03125 113.4812469482421875 117.7312469482421875 118.8562469482421875 122.4562530517578125 129.375 132.75 137.7937469482421875
110.22499847412109375 110.86875152587890625 117.1750030517578125 123.91249847412109375 128.568756103515625 131.4875030517578125 133.7937469482421875 135.725006103515625 138.6125030517578125 138.125 135.8000030517578125 133.5500030517578125 131.068756103515625 126.09375 123.78749847412109375 121.90000152587890625 120.6374969482421875 118.15625 115.84375 116.1062469482421875 113.96250152587890625 110.7687530517578125 107.5812530517578125 107.8312530517578125 105.00624847412109375 102.9875030517578125 105.9875030517578125 103.7624969482421875 102.5812530517578125 102.875 101.5625 99.9375 100.1750030517578125 101.41249847412109375 102.21250152587890625 103.8625030517578125 108.41249847412109375 111.5625 111.90000152587890625 117.75 123.4187469482421875 130.09375 135.1374969482421875
109.69374847412109375 107.1374969482421875 105.6062469482421875 108.6687469482421875 113.72499847412109375 115.1125030517578125 115.6750030517578125 119.1374969482421875 122.7624969482421875 121.9875030517578125 118.25624847412109375 115.38124847412109375 113.0124969482421875 109.8249969482421875 107.65625 106.75624847412109375 105.0625 101.93125152587890625 99.5625 100.1750030517578125 100.43125152587890625 96.19374847412109375 94 96.11875152587890625 93.24375152587890625 91.50624847412109375 92.77500152587890625 94.53125 94.2375030517578125 92.7937469482421875 93.99375152587890625 92.1999969482421875 93.56874847412109375 95.5437469482421875 96.65625 97.31874847412109375 100.19374847412109375 103.80625152587890625 104.71875 108.9812469482421875 117.88124847412109375 124.50624847412109375 132.743743896484375
105.69374847412109375 103.00624847412109375 99.9875030517578125 96.3000030517578125 99.96250152587890625 105.2375030517578125 106.5749969482421875 107.6875 111.06874847412109375 110.13124847412109375 105.03125 102.53749847412109375 101.3312530517578125 99.1875 97.10625457763671875 96.43125152587890625 93.84375 89.50624847412109375 87.7624969482421875 87.5749969482421875 88.0812530517578125 86.5749969482421875 85.5124969482421875 84.83750152587890625 84.6875 84.3562469482421875 85.84999847412109375 87.02500152587890625 87.77500152587890625 85.71875 86.46250152587890625 86.78125 86.5749969482421875 88.47499847412109375 88.05625152587890625 90.48749542236328125 91.83750152587890625 93.1374969482421875 95.72499847412109375 101.66249847412109375 107.5812530517578125 115.1374969482421875 123.43125152587890625
102.33750152587890625 100.65625 97.83750152587890625 94.77500152587890625 94.375 94.74375152587890625 95.15625 95.55625152587890625 93.9375 93.40000152587890625 91.2312469482421875 90.4812469482421875 91.13124847412109375 89.84999847412109375 88.90000152587890625 87.99375152587890625 85.375 81.125 77.6750030517578125 77.31874847412109375 77.4812469482421875 77.4375 77.1750030517578125 77.81874847412109375 77.90000152587890625 78.59999847412109375 79.9499969482421875 80.5500030517578125 79.67499542236328125 79.99375152587890625 79.77500152587890625 79.0625 80.09999847412109375 81.3312530517578125 81.33750152587890625 82.3312530517578125 82.46250152587890625 83.84375 87.2312469482421875 92.9375 98.18125152587890625 105.09999847412109375 114.09999847412109375
99.81874847412109375 97.03749847412109375 95.9562530517578125 93.91249847412109375 93.99375152587890625 93.6875 89.0625 81.7687530517578125 77.3937530517578125 77.22499847412109375 79.31874847412109375 80.09375 81.02500152587890625 80.96250152587890625 80.68125152587890625 79.53125 77.6374969482421875 73.1687469482421875 68.9499969482421875 67.2312469482421875 68.6374969482421875 69.4812469482421875 69.15625 70.06874847412109375 71.93125152587890625 72.1750030517578125 73.03749847412109375 74.08750152587890625 74.11875152587890625 72.65000152587890625 73.8312530517578125 73.0124969482421875 72.7062530517578125 74.13124847412109375 72.81874847412109375 73.03125 73.08750152587890625 73.6062469482421875 75.77500152587890625 79.71875 85.19374847412109375 92.21250152587890625 100.16249847412109375
98.1374969482421875 95.6125030517578125 95.0124969482421875 92.1999969482421875 91.16249847412109375 89.19374847412109375 85.4875030517578125 79.65000152587890625 72.28749847412109375 68.75624847412109375 70.21875 71.90000152587890625 75.3937530517578125 75.81874847412109375 74.65000152587890625 72.73125457763671875 71.4812469482421875 67.97499847412109375 65.71875 62.6875 63.5 65.0437469482421875 64.7937469482421875 67.71250152587890625 68.96875 68.25624847412109375 67.59375 69.43125152587890625 69.625 68.2375030517578125 69.13124847412109375 66.9812469482421875 65.31874847412109375 64.21250152587890625 63.5625 64.875 65.4875030517578125 66.1125030517578125 67.2624969482421875 70.25 74.0437469482421875 78.3312530517578125 83.43125152587890625
95.75 93.46250152587890625 92.03749847412109375 90.40000152587890625 89.0749969482421875 86.83750152587890625 84.71250152587890625 79 72.96875 70.6999969482421875 69.63124847412109375 68.99375152587890625 71.93125152587890625 72.96875 69.97499847412109375 67.43125152587890625 64.65625 62.9375 61.168750762939453125 59.543750762939453125 60.52500152587890625 61.012500762939453125 60.83750152587890625 63.512500762939453125 64.34999847412109375 63.637500762939453125 63.21875 64.1374969482421875 63.356250762939453125 61.86875152587890625 60.91249847412109375 59.393749237060546875 59.22499847412109375 58.93125152587890625 58.78749847412109375 59.34375 58.96875 58.793750762939453125 60.331249237060546875 62.456249237060546875 64.7062530517578125 66.71250152587890625 69.2624969482421875
95.2375030517578125 92.7062530517578125 90.0500030517578125 87.8874969482421875 87.09375 86.34375 84.0187530517578125 77.4875030517578125 72.65000152587890625 69.6062469482421875 69.1437530517578125 68.6750030517578125 69.32500457763671875 69.25 64.7312469482421875 60.69374847412109375 57.78749847412109375 57.15000152587890625 55.987499237060546875 55.72499847412109375 58.706249237060546875 59.4375 59.09375 59.643749237060546875 61.78749847412109375 61.41249847412109375 61.05625152587890625 60.581249237060546875 58.25 55.893749237060546875 55.706249237060546875 54.549999237060546875 55.125 54.924999237060546875 53.65000152587890625 53.231250762939453125 52.5 52.59999847412109375 53.19374847412109375 54.03749847412109375 54.887500762939453125 56.1875 58.47499847412109375
94.3625030517578125 92.08750152587890625 89.34999847412109375 87.74375152587890625 87.09999847412109375 86.38124847412109375 84.7062530517578125 79.28749847412109375 74.19374847412109375 70.78125 69.3874969482421875 67.75 65.78125 63.28125 60.793750762939453125 56.793750762939453125 53.518749237060546875 52.31874847412109375 52.22499847412109375 53.28125 56.66249847412109375 57.9375 58.237499237060546875 59.206249237060546875 59.71250152587890625 56.418750762939453125 55.61875152587890625 55.549999237060546875 53.77500152587890625 52.081249237060546875 51.137500762939453125 51.125 50.356250762939453125 49.875 49.53749847412109375 49.83750152587890625 49.268749237060546875 48.549999237060546875 47.362499237060546875 46.325000762939453125 46.59999847412109375 47.53125 48.52500152587890625
92.78125 89.46250152587890625 87.28749847412109375 84.75 84.69374847412109375 83.4250030517578125 80.2312469482421875 76.5437469482421875 72.19374847412109375 69.72499847412109375 68.3249969482421875 65.96250152587890625 62.125 57.331249237060546875 53.71250152587890625 50.887500762939453125 47.72499847412109375 47.731250762939453125 47.875 48.375 52.243747711181640625 54.15625 54.99375152587890625 54.4375 52.018749237060546875 49.643749237060546875 50.487499237060546875 50.8125 50.96875 49.637500762939453125 48.21875 47.424999237060546875 47.512500762939453125 45.69374847412109375 45.65000152587890625 46.887500762939453125 48.237499237060546875 47.137500762939453125 46.174999237060546875 42.962497711181640625 39.75 41.268749237060546875 41.33750152587890625
90.25624847412109375 85.96875 83.22499847412109375 81.78749847412109375 80.6687469482421875 78.6687469482421875 75.8937530517578125 73.56874847412109375 69.77500152587890625 67.72499847412109375 65.55625152587890625 61.21875 57.049999237060546875 52.106250762939453125 46.4375 44.58750152587890625 42.393749237060546875 42.47499847412109375 41.637500762939453125 41.99375152587890625 45.737499237060546875 47.825000762939453125 48.987499237060546875 49.237499237060546875 48.0625 46.918750762939453125 47.5625 48.125 48.28125 47.59375 46.887500762939453125 45.15000152587890625 44.71250152587890625 43.43125152587890625 44.237499237060546875 46.731250762939453125 48.38124847412109375 49.549999237060546875 48.956249237060546875 44.47499847412109375 37.09375 35.143749237060546875 36.84375
85.99375152587890625 82.8125 79.4375 77.00624847412109375 76.0500030517578125 74.06874847412109375 71.44374847412109375 68.59375 65.19374847412109375 63.299999237060546875 60.18125152587890625 56.28749847412109375 51.81874847412109375 46.34999847412109375 41.03125 38.049999237060546875 36.24375152587890625 35.825000762939453125 35.63124847412109375 36.387500762939453125 40.02500152587890625 42.75 44.78749847412109375 46.575000762939453125 47.25624847412109375 47.59375 47.58750152587890625 47.40625 46.78749847412109375 45.90625 44.59375 43.66249847412109375 43.3125 43.02500152587890625 43.137500762939453125 45.99375152587890625 49.44374847412109375 54.50624847412109375 55.450000762939453125 49.768749237060546875 44.83750152587890625 42.36875152587890625 43.56874847412109375
80.52500152587890625 78.0437469482421875 75.4875030517578125 73.09375 71.3125 70.0812530517578125 67.84375 64.15625 61.22499847412109375 58.981250762939453125 56.03125 51.21250152587890625 46.09999847412109375 40.987499237060546875 36.46875 32.21875 30.512498855590820312 30.362499237060546875 30.268749237060546875 31.337499618530273438 34.80625152587890625 38.356250762939453125 42.03749847412109375 45.4375 47.40000152587890625 48.00624847412109375 47.924999237060546875 46.78125 45.66249847412109375 45.049999237060546875 44.481250762939453125 43.481250762939453125 42.36875152587890625 42.043750762939453125 42.8125 48.75624847412109375 53.77500152587890625 58.88124847412109375 61.450000762939453125 59.43125152587890625 56.518749237060546875 52.75 49.431247711181640625
76.7375030517578125 74.5625 71.59999847412109375 69.49375152587890625 66.8312530517578125 65.9499969482421875 64.41249847412109375 61.56874847412109375 57.84999847412109375 55.737499237060546875 52.90625 47.18125152587890625 41.924999237060546875 36.83750152587890625 32.56874847412109375 28.743749618530273438 25.375 24.956249237060546875 25.637500762939453125 26.987499237060546875 29.84375 34.16249847412109375 39.19374847412109375 44.668750762939453125 48.1875 48.66249847412109375 47.112499237060546875 45.875 44.00624847412109375 43 43.36875152587890625 44.03749847412109375 44.05625152587890625 44.25 49.668750762939453125 55.53749847412109375 60.75 68.0187530517578125 73.0124969482421875 68.4812469482421875 63.40000152587890625 56.96250152587890625 51.012500762939453125
70.2687530517578125 68.9562530517578125 66.65000152587890625 64.99375152587890625 62.5 61.581249237060546875 58.97499847412109375 56.518749237060546875 53.52500152587890625 51.287502288818359375 48.737499237060546875 43.72499847412109375 37.950000762939453125 32.862499237060546875 28.987499237060546875 25.368749618530273438 22.231250762939453125 20.412500381469726562 21.40625 22.018749237060546875 25.162500381469726562 29.456249237060546875 35.137500762939453125 40.84375 45.93125152587890625 47.66249847412109375 47.11875152587890625 45.56874847412109375 43.09375 41.5 39.924999237060546875 39.96875 45.4375 51.237499237060546875 55.174999237060546875 62.125 68.95000457763671875 74.24375152587890625 75.74375152587890625 72.6125030517578125 64.2375030517578125 58.34999847412109375 52.83750152587890625
63.97499847412109375 63.05625152587890625 61.41249847412109375 60.03749847412109375 58.481250762939453125 56.825000762939453125 54.668750762939453125 52.043750762939453125 50.59999847412109375 49.03125 46.40000152587890625 40.19374847412109375 34.93125152587890625 30.331249237060546875 26.0625 23.043750762939453125 19.96875 17.799999237060546875 17.375 18.174999237060546875 22.274999618530273438 28.806249618530273438 30.1875 36.112499237060546875 41.456249237060546875 45.99375152587890625 46.706249237060546875 44.88124847412109375 43.637500762939453125 40.31874847412109375 38.299999237060546875 40.831249237060546875 47.52500152587890625 52.46250152587890625 57.5 64.27500152587890625 68.28125 70.0625 71.82500457763671875 68.3125 63.28125 58.112499237060546875 53.16249847412109375
