data/historical-monthly-weather-data/wc2.1_cruts4.09_10m_prec_2007-09.asc
ncols        45
nrows        45
xllcorner    -63.500000000000
yllcorner    -7.500000000000
cellsize     0.166666666667
NODATA_value -9999
[rows 0 to 18 of 45, columns 0 to 43 of 45]
130.5124969482421875 130.09375 130.256256103515625 132.693756103515625 133.337493896484375 133.243743896484375 129.8249969482421875 125.22499847412109375 123.04999542236328125 121.3625030517578125 121.4875030517578125 123.02500152587890625 124.65000152587890625 124.7062530517578125 125.5625 125.5812530517578125 126.7312469482421875 125.0749969482421875 124.3937530517578125 122.59999847412109375 120.97499847412109375 117.3937530517578125 114.7312469482421875 111.46875 107.68125152587890625 105.6374969482421875 104.26874542236328125 102.8249969482421875 99.99375152587890625 97.2937469482421875 93.7375030517578125 91.3125 90.4562530517578125 88.0625 86.5124969482421875 85.9375 86.47499847412109375 86.875 86.96250152587890625 87.3562469482421875 88 88.5437469482421875 88.1374969482421875 88.1125030517578125
123.83750152587890625 122.88124847412109375 125.40625 130.1437530517578125 135.4250030517578125 132.71875 128.212493896484375 126.2937469482421875 124.4875030517578125 122.86875152587890625 122.71875 123.5187530517578125 124.58750152587890625 123.8000030517578125 124.21875 125.09999847412109375 125.00624847412109375 124.3249969482421875 123.6374969482421875 122.54999542236328125 120.0625 118.21250152587890625 115.31874847412109375 112.52500152587890625 107.78125 105.0625 104.03749847412109375 102.6875 99.03125 96.0500030517578125 92.78749847412109375 90.9499969482421875 89.1875 88.0124969482421875 86.6750030517578125 86.0625 86.4562530517578125 87.16249847412109375 87.15625 87.56874847412109375 88.4250030517578125 89.1750030517578125 89.63124847412109375 88.8312530517578125
114.84999847412109375 115.50624847412109375 118.41249847412109375 123.75624847412109375 128.662506103515625 128.90625 126.53125 125.0124969482421875 124.50624847412109375 123.75 123.77500152587890625 124.27500152587890625 125 123.8562469482421875 123.36875152587890625 124.33750152587890625 123.8000030517578125 123.0437469482421875 122.06874847412109375 121.05625152587890625 118.61875152587890625 116.09375 113.79375457763671875 111.0187530517578125 106.53749847412109375 102.8937530517578125 102.9375 100.7687530517578125 97.36875152587890625 94.07500457763671875 90.4187469482421875 88.375 87.9187469482421875 86.80625152587890625 85.74375152587890625 84.96875 85.36875152587890625 86.4499969482421875 87.2937469482421875 88.5749969482421875 90.15000152587890625 90.71875 91.9375 91.78125
104.15000152587890625 105.31874847412109375 111.625 115.5437469482421875 119.7062530517578125 121.5187530517578125 122.31874847412109375 124.22499847412109375 125.28125 125.78125 125.47499847412109375 125.6062469482421875 124.3562469482421875 123.75624847412109375 123.09999847412109375 123.3125 123.1437530517578125 122.1437530517578125 122.02500152587890625 121.4562530517578125 118.77500152587890625 114.8000030517578125 111.28125 108.38124847412109375 103.53125 100.2687530517578125 99.25 95.90000152587890625 93.3249969482421875 90.7937469482421875 88.06874847412109375 85.3249969482421875 84.25624847412109375 83.33750152587890625 82.0749969482421875 83.3249969482421875 84.7062530517578125 85.8937530517578125 87.75624847412109375 89.0812530517578125 90.60625457763671875 91.46875 92.7687530517578125 93.4499969482421875
104.4562530517578125 102.46875 102.74375152587890625 106.13124847412109375 112.1062469482421875 115.7312469482421875 118.00624847412109375 121.56874847412109375 124.78125 126.16249847412109375 126.2687530517578125 124.77500152587890625 124.25 124.74375152587890625 124.1062469482421875 123.6999969482421875 122.8562469482421875 121.4375 120.8125 119.2624969482421875 117.55625152587890625 112.0500030517578125 108.875 105.66875457763671875 100.83750152587890625 97.3000030517578125 94.5 92.18125152587890625 89.5187530517578125 86.52500152587890625 84.3000030517578125 81.2375030517578125 79.9375 79.66249847412109375 79.5124969482421875 80.44374847412109375 82.0500030517578125 84.375 87.11875152587890625 89.28125 91.2062530517578125 92.03125 92.94374847412109375 94.43125152587890625
104.47499847412109375 101.7687530517578125 100.1125030517578125 98.18125152587890625 104 111.58124542236328125 115.94374847412109375 119.13124847412109375 122.4875030517578125 125.44374847412109375 125.5187530517578125 124.1062469482421875 124.0187530517578125 124.91875457763671875 123.8125 124.09999847412109375 123.3562469482421875 121.2312469482421875 120.0749969482421875 118.90625 115.18125152587890625 110.2937469482421875 106.34375 101.9562530517578125 97.9375 93.75624847412109375 90.68125152587890625 88.71875 85.7687530517578125 82.59999847412109375 80.28125 79.4562530517578125 78.38124847412109375 77.91249847412109375 77.53749847412109375 79.72499847412109375 81.7624969482421875 85.21250152587890625 89.15625 91.7312469482421875 91.6437530517578125 92.61875152587890625 93.77500152587890625 95.8625030517578125
106.02500152587890625 103.3625030517578125 101.375 99.2624969482421875 101.31874847412109375 105.44374847412109375 111.08750152587890625 115.9375 118.5 120.31874847412109375 122.08750152587890625 122.34375 123.3625030517578125 124.15000152587890625 123.81874847412109375 124.1750030517578125 123.9375 122.71250152587890625 120.6437530517578125 118.05625152587890625 113.19374847412109375 108.11875152587890625 102.65000152587890625 97.9375 94.34999847412109375 90.63124847412109375 87.6875 85.4562530517578125 81.97499847412109375 78.6875 76.8249969482421875 75.28749847412109375 75.0437469482421875 75.38124847412109375 75.6750030517578125 77.2687530517578125 79.88124847412109375 84.75624847412109375 90.7624969482421875 91.9250030517578125 91.6875 91.81874847412109375 93.1062469482421875 95.7937469482421875
108.02500152587890625 105.0187530517578125 103.0500030517578125 102.8562469482421875 104.7062530517578125 109.08750152587890625 111.4499969482421875 111.30625152587890625 111.53749847412109375 114.2375030517578125 118.28749847412109375 120.15000152587890625 122.09999847412109375 123.09375 124.13124847412109375 123.4499969482421875 123.33750152587890625 122.7624969482421875 120.8874969482421875 116.1125030517578125 111.34375 105.55625152587890625 99.8562469482421875 94.4875030517578125 90.375 86.6750030517578125 83.3312530517578125 80.4250030517578125 77.75624847412109375 74.7624969482421875 73.0187530517578125 71.56874847412109375 71.44374847412109375 72.36875152587890625 72.2375030517578125 73.80625152587890625 76.33750152587890625 80.28125 84.3562469482421875 86.3625030517578125 86.50624847412109375 86.625 88.1687469482421875 90.13124847412109375
110.84999847412109375 108.3874969482421875 107.38124847412109375 107.1437530517578125 108.6687469482421875 111.78749847412109375 114.03125 113.9250030517578125 112.2624969482421875 111.7624969482421875 115.5749969482421875 117.8000030517578125 121.30625152587890625 122.21875 122.77500152587890625 122.1750030517578125 121.7062530517578125 121 119.90625 114.9812469482421875 108.71250152587890625 103.5437469482421875 96.30625152587890625 92.1125030517578125 87.18125152587890625 82.6687469482421875 79.46250152587890625 77.28749847412109375 75.47499847412109375 72.6687469482421875 71.68125152587890625 68.875 67.5625 66.88124847412109375 66.9187469482421875 69.3937530517578125 72.0749969482421875 74.70000457763671875 77.1875 78.90625 79.2375030517578125 79.18125152587890625 80.6437530517578125 82.46250152587890625
112.46875 110.5124969482421875 110.0437469482421875 110.09999847412109375 112.24375152587890625 115.38124847412109375 117.4499969482421875 116.93125152587890625 116.07500457763671875 116.15625 117.56874847412109375 118.1125030517578125 120.48749542236328125 122.34375 121.3249969482421875 120.97499847412109375 119.09375 118.00624847412109375 116.83750152587890625 113.75 107.6875 100.75624847412109375 93.1687469482421875 88.11875152587890625 82.3937530517578125 78.03125 75.4187469482421875 73.47499847412109375 71.96250152587890625 70.2937469482421875 68.02500152587890625 65.18125152587890625 63.549999237060546875 63.19374847412109375 63.081249237060546875 64.77500152587890625 67.1687469482421875 69.03125 70.11875152587890625 71.3125 71.59375 71.91249847412109375 71.09999847412109375 72.125
115.7375030517578125 113.74375152587890625 113.4875030517578125 113.52500152587890625 115.24375152587890625 119.31874847412109375 121.5500030517578125 119.46875 117.90000152587890625 118.09375 119.6125030517578125 120.61875152587890625 120.80625152587890625 120.88124847412109375 118.81874847412109375 117.27500152587890625 114.55625152587890625 113.43125152587890625 112.3312530517578125 110.5500030517578125 106.71875 99.9187469482421875 91.6687469482421875 82.74375152587890625 78.09375 75.9375 73.68125152587890625 70.9187469482421875 68.4812469482421875 66.74375152587890625 64.8249969482421875 62.125 60.5 59.44374847412109375 59 60.018749237060546875 61.5625 62.71250152587890625 64.0812530517578125 64.0500030517578125 63.28749847412109375 62.88124847412109375 63.28125 62.581249237060546875
117.7937469482421875 115.84375 115.77500152587890625 116.7624969482421875 118.38124847412109375 121.96250152587890625 124.81874847412109375 122.9250030517578125 120.25 119.13124847412109375 120.2937469482421875 121.0500030517578125 118.66249847412109375 116.55625152587890625 115.65625 113.34375 111.00624847412109375 108.83750152587890625 107.8874969482421875 108.1687469482421875 106.25624847412109375 99.6687469482421875 90.8249969482421875 81.0437469482421875 75.43125152587890625 72.1437530517578125 69.63124847412109375 67.25624847412109375 64.5625 62.96875 60.91249847412109375 58.44374847412109375 56.793750762939453125 56.15625 56.25 56.875 57.643749237060546875 58.387500762939453125 57.8125 56.518749237060546875 55.049999237060546875 54.03125 54.24375152587890625 53.27500152587890625
119.02500152587890625 117.0749969482421875 116.7062530517578125 116.7624969482421875 117.6687469482421875 120.53749847412109375 122.08750152587890625 120.7375030517578125 119.78749847412109375 119.28749847412109375 119.21250152587890625 119.3312530517578125 117 111.59375 108.9562530517578125 107.75 105.5437469482421875 103.9875030517578125 103.44374847412109375 103.52500152587890625 102.59999847412109375 97.53125 89.1125030517578125 80.15625 72.25624847412109375 68.125 66.4562530517578125 64.6125030517578125 62.399997711181640625 60.3125 57.46875 54.793750762939453125 53.456249237060546875 52.09999847412109375 51.86875152587890625 52.987499237060546875 54.825000762939453125 56 56.012500762939453125 52.518749237060546875 48.78749847412109375 48.362499237060546875 47.668750762939453125 42.93125152587890625
119.1374969482421875 116.8562469482421875 115.61875152587890625 115.22499847412109375 116.0124969482421875 117.19374847412109375 117.8249969482421875 117.88124847412109375 117.24375152587890625 117.4562530517578125 116.38124847412109375 113.72499847412109375 110.90000152587890625 106.11875152587890625 101.4375 100.7624969482421875 99.00624847412109375 97.28125 96.09375 96.21250152587890625 95.1999969482421875 90.63124847412109375 84.7062530517578125 78.7937469482421875 72.125 67.0749969482421875 64.6999969482421875 62.293750762939453125 59.59375 57.418750762939453125 55.4375 52.362499237060546875 50.362499237060546875 48.83750152587890625 48.674999237060546875 50.856250762939453125 53.956249237060546875 57.25 58.16249847412109375 55.700000762939453125 48.06874847412109375 43.59375 42.875 41.68125152587890625
117.56874847412109375 114.5749969482421875 113.02500152587890625 112.55625152587890625 113.13124847412109375 112.41249847412109375 113.65000152587890625 113.3249969482421875 112.65000152587890625 113.38124847412109375 111.38124847412109375 107.99375152587890625 104.16249847412109375 99.4250030517578125 94 91.6875 90.68125152587890625 90 88.4499969482421875 88.65000152587890625 88.1875 85.70000457763671875 82.09999847412109375 78.6999969482421875 74.99375152587890625 70.60625457763671875 67.06874847412109375 62.93125152587890625 59.075000762939453125 56.72499847412109375 53.08750152587890625 49.856250762939453125 48.31874847412109375 46.53125 45.137500762939453125 48.575000762939453125 54.90000152587890625 62.450000762939453125 66.7375030517578125 63.9375 57.72499847412109375 51.612499237060546875 48.9375 45.84375
114.63750457763671875 111.34999847412109375 110.31874847412109375 109.52500152587890625 108.81874847412109375 109.1875 109.46875 108.875 108.7624969482421875 109.3562469482421875 107.05625152587890625 102.47499847412109375 97.8000030517578125 93.16249847412109375 88.15000152587890625 83.625 82.41249847412109375 82.86875152587890625 81.7624969482421875 82.34375 81.7624969482421875 81.4812469482421875 80.97499847412109375 80.30625152587890625 78.0437469482421875 73.43125152587890625 68.7062530517578125 64.375 60.393749237060546875 56.950000762939453125 54.21250152587890625 50.05625152587890625 47.362499237060546875 45.893749237060546875 43.65625 49.331249237060546875 58.762500762939453125 67.49375152587890625 75.34999847412109375 75.34999847412109375 71.9562530517578125 63.112499237060546875 55.21250152587890625 48.77500152587890625
110.15000152587890625 107.49375152587890625 107.0187530517578125 106.41249847412109375 105.4562530517578125 105.9375 105.99375152587890625 105.86249542236328125 105.53125 105.05625152587890625 103.28749847412109375 98.2062530517578125 92.3125 87.09375 83.6750030517578125 79.96250152587890625 75.8125 75.6062469482421875 76.09999847412109375 76.49375152587890625 76.125 76.9562530517578125 79.22499847412109375 81.69374847412109375 81.3000030517578125 75.4812469482421875 70.3625030517578125 65.88124847412109375 61.9375 58.793750762939453125 56.856250762939453125 54.737499237060546875 51.362499237060546875 49.043750762939453125 50.668750762939453125 55.543750762939453125 63.84999847412109375 77.46250152587890625 91.4250030517578125 87.2624969482421875 78.9499969482421875 68.3562469482421875 57.737499237060546875 51.393749237060546875
105.25624847412109375 103.11875152587890625 101.94374847412109375 101.49375152587890625 101.5500030517578125 102.15000152587890625 101.83750152587890625 101.24375152587890625 101.4562530517578125 100.38124847412109375 98.4812469482421875 93.59375 87.81874847412109375 82.7312469482421875 79.2937469482421875 76.3000030517578125 72.6875 69.1374969482421875 70.6999969482421875 70.7687530517578125 71.28125 71.96250152587890625 75.00624847412109375 79.06874847412109375 80.4375 75.96250152587890625 72.06874847412109375 67.8625030517578125 63.424999237060546875 59.387500762939453125 56.80625152587890625 54.71250152587890625 57.11875152587890625 59.65000152587890625 59.168750762939453125 60.393749237060546875 70.65625 82.99375152587890625 90.53749847412109375 88.125 77.15000152587890625 66.7312469482421875 57.706249237060546875 53.293750762939453125
100.1437530517578125 97.81874847412109375 96.6687469482421875 96.84999847412109375 96.8125 97.6125030517578125 97.40625 97.8312530517578125 97.72499847412109375 96.7312469482421875 94.6687469482421875 89.49375152587890625 83.61875152587890625 78.90625 75.0749969482421875 73.00624847412109375 70.375 66.375 65.2062530517578125 65.3312530517578125 67.4187469482421875 72.0500030517578125 69.71875 73.53749847412109375 76.52500152587890625 76.71250152587890625 74.50624847412109375 70.2062530517578125 67.31874847412109375 62.44374847412109375 58.606250762939453125 60.5625 67.9875030517578125 70.97499847412109375 72 73.5812530517578125 78.15000152587890625 82.9562530517578125 85.2062530517578125 81.1750030517578125 72.38124847412109375 63.918750762939453125 57.081249237060546875 53.700000762939453125
