data/historical-monthly-weather-data/wc2.1_cruts4.09_10m_prec_1978-02.asc
ncols        51
nrows        45
xllcorner    -63.500000000000
yllcorner    -7.500000000000
cellsize     0.166666666667
NODATA_value -9999
[rows 20 to 39 of 45, columns 0 to 43 of 51]
218.46875 223.5187530517578125 229.6062469482421875 236.3312530517578125 245.4812469482421875 253.4499969482421875 261.96875 270.5 278.225006103515625 284.76251220703125 290.04998779296875 297.118743896484375 305.193756103515625 311.91876220703125 299.662506103515625 279.26873779296875 262.03125 249.3125 243.568756103515625 239.431243896484375 241.412506103515625 243.34375 244.681243896484375 249.9187469482421875 256.23126220703125 263.556243896484375 273.118743896484375 283.03125 293.88751220703125 302.59375 304.337493896484375 298.86248779296875 282.26873779296875 260.04376220703125 239.4875030517578125 258.04998779296875 291.899993896484375 320.068756103515625 338.85626220703125 349.26251220703125 351.899993896484375 348.350006103515625 344.912506103515625 340.356231689453125
211.212493896484375 217.868743896484375 225.125 234.21875 243.462493896484375 252.4187469482421875 261.493743896484375 270.537506103515625 278.181243896484375 282.537506103515625 284.53125 286.506256103515625 288.881256103515625 289.524993896484375 284.149993896484375 272.5 260.34375 250.2937469482421875 243.375 238.78125 237.381256103515625 237.6437530517578125 240.2312469482421875 245.5749969482421875 252.899993896484375 262.08123779296875 273.45001220703125 284.70001220703125 297.33123779296875 307.86248779296875 313.33123779296875 309.39373779296875 296.537506103515625 282.20623779296875 273.681243896484375 286.912506103515625 312.35626220703125 334.07501220703125 346.88751220703125 353.4375 355.76873779296875 352.98126220703125 348.850006103515625 343.368743896484375
207.1999969482421875 215.524993896484375 222.756256103515625 232.3125 241.7937469482421875 252.0187530517578125 260.23748779296875 269.875 278.037506103515625 278.95001220703125 276.493743896484375 273.20623779296875 270.04998779296875 269.48748779296875 269.15625 264.0625 256.100006103515625 248.631256103515625 241.537506103515625 235.3312530517578125 233.2312469482421875 231.84375 232.618743896484375 238.1750030517578125 247.212493896484375 258.381256103515625 270.76873779296875 283.743743896484375 298.681243896484375 311.71875 321.35626220703125 324.88751220703125 315.84375 309.01251220703125 312.024993896484375 326.368743896484375 343.225006103515625 355.868743896484375 361.08123779296875 360.818756103515625 360.20001220703125 356.806243896484375 352.09375 346.506256103515625
206.524993896484375 214.6875 222.21875 230.4375 240.037506103515625 250.1687469482421875 259.381256103515625 267.556243896484375 274.493743896484375 273.29376220703125 269.399993896484375 264.11248779296875 255.975006103515625 257.399993896484375 259.693756103515625 257.306243896484375 251.993743896484375 246.65625 239.9562530517578125 233.162506103515625 229.381256103515625 226.399993896484375 225.493743896484375 231.100006103515625 240.6875 251.037506103515625 265.63751220703125 280.95623779296875 296.568756103515625 311.48126220703125 323.70001220703125 330.51251220703125 328.625 329.48126220703125 339.256256103515625 357.03125 370.11248779296875 373.63751220703125 372.131256103515625 368.375 365.89373779296875 360.600006103515625 355.743743896484375 350.89373779296875
209.8562469482421875 216.4250030517578125 223.100006103515625 231.381256103515625 241.431243896484375 249.4499969482421875 257.587493896484375 264.35626220703125 268.03125 267.774993896484375 264.743743896484375 260.412506103515625 256.287506103515625 255.6999969482421875 255.3874969482421875 253.993743896484375 250.8312530517578125 245.8562469482421875 239.3249969482421875 232.100006103515625 227.181243896484375 221.8125 218.3625030517578125 222.806243896484375 231.743743896484375 245.712493896484375 260.41876220703125 277.51251220703125 293.712493896484375 308.23748779296875 319.86248779296875 327.73126220703125 333.243743896484375 340.337493896484375 352.212493896484375 365.23126220703125 375.881256103515625 378.881256103515625 376.131256103515625 372.10626220703125 369.024993896484375 363.29376220703125 359 356.21875
218.6750030517578125 224.0437469482421875 228.4375 235.4187469482421875 243.912506103515625 250.868743896484375 256.48748779296875 261.59375 264.149993896484375 264.23748779296875 262.23126220703125 260.0625 258.57501220703125 256.90625 256.068756103515625 253.962493896484375 251.087493896484375 246.2062530517578125 240.4499969482421875 232.9375 226.2062530517578125 218.100006103515625 211.568756103515625 213.431243896484375 224.8062591552734375 240.337493896484375 258.068756103515625 274.42498779296875 291.0625 303.90625 314.568756103515625 323.625 332.899993896484375 343.462493896484375 355.9375 366.6875 375.66876220703125 380.26873779296875 376.16876220703125 372.712493896484375 370.01251220703125 364.725006103515625 359.875 357.506256103515625
230.100006103515625 233.681243896484375 236.337493896484375 242.1062469482421875 247.787506103515625 252.131256103515625 256.725006103515625 259.39373779296875 261.618743896484375 262.90625 262.743743896484375 261.75 261.40625 260.774993896484375 259.306243896484375 257.86248779296875 254.743743896484375 250.131256103515625 243.9187469482421875 235.96875 227.8625030517578125 218.7624969482421875 209.5124969482421875 209.40625 223.100006103515625 239.03125 256.212493896484375 272.58123779296875 287.787506103515625 300.04998779296875 311 319.26873779296875 330.462493896484375 345.13751220703125 356.83123779296875 367.649993896484375 376.73748779296875 381.04376220703125 378.45001220703125 374.79376220703125 371.45001220703125 364.96875 359.01251220703125 355.58123779296875
242.5437469482421875 243.600006103515625 245.368743896484375 248.556243896484375 251.6374969482421875 253.5187530517578125 257.01873779296875 260.056243896484375 261.85626220703125 263.76251220703125 263.881256103515625 263.725006103515625 263.76251220703125 263.58123779296875 262.787506103515625 261.86248779296875 258.88751220703125 255.631256103515625 249.287506103515625 241.912506103515625 234.0187530517578125 224.725006103515625 218.068756103515625 219.1374969482421875 228.34375 241.975006103515625 257.48748779296875 272.84375 286.86248779296875 298.54998779296875 308.88751220703125 318.32501220703125 332.368743896484375 345.399993896484375 357.462493896484375 368.63751220703125 376.45623779296875 382.90625 379.96875 375.587493896484375 371.962493896484375 365.64373779296875 358.962493896484375 356.33123779296875
253.3937530517578125 253.3625030517578125 253.0124969482421875 254.2375030517578125 255.78125 256.306243896484375 258.48748779296875 260.4375 262.712493896484375 265 265.66876220703125 265.881256103515625 265.931243896484375 267.1875 267.274993896484375 267.587493896484375 266.181243896484375 262.28125 257.59375 250.1875 242.743743896484375 233.7312469482421875 228.84375 230.71875 236.7624969482421875 246.931243896484375 261.037506103515625 274.91876220703125 289.01873779296875 299.912506103515625 308.631256103515625 318.725006103515625 332.162506103515625 345.83123779296875 359.306243896484375 369.40625 379.09375 386.35626220703125 385.41876220703125 379.66876220703125 372.65625 364.90625 361.16876220703125 362.381256103515625
261.15625 259.25 257.95001220703125 257.5625 258.76873779296875 259.149993896484375 260.17498779296875 261.67498779296875 263.368743896484375 266.125 267.83123779296875 269.41876220703125 270.54376220703125 272.70001220703125 273.75 273.306243896484375 273.006256103515625 271.58123779296875 267.556243896484375 259.84375 251.6437530517578125 243.875 239.350006103515625 240.7624969482421875 245.3625030517578125 253.6750030517578125 265.70623779296875 277.63751220703125 290.087493896484375 300.04376220703125 310.08123779296875 320.587493896484375 333.5625 348 361.17498779296875 373 382.668731689453125 392.08123779296875 390.350006103515625 385.70623779296875 384.318756103515625 379.975006103515625 376.23126220703125 379.149993896484375
266.07501220703125 263.46875 260.45623779296875 259.649993896484375 259.524993896484375 260.350006103515625 261.33123779296875 263.01873779296875 264.875 267.350006103515625 271.181243896484375 274.243743896484375 277.0625 278.568756103515625 279.225006103515625 280.024993896484375 280.53125 280.25 277.931243896484375 270.13751220703125 261.40625 253.0749969482421875 247.90625 248.943756103515625 252.8249969482421875 260.07501220703125 270.243743896484375 280.98748779296875 291.912506103515625 301.587493896484375 311.662506103515625 322.71875 337.53125 352.756256103515625 367 377.79998779296875 389.125 400.662506103515625 399.64373779296875 395.306243896484375 396.60626220703125 396.85626220703125 395.42498779296875 394.556243896484375
266.649993896484375 263.96875 261.15625 260.300018310546875 259.431243896484375 259.850006103515625 261.375 262.287506103515625 264.35626220703125 268.36248779296875 272.75 277.212493896484375 281.41876220703125 284.63751220703125 285.63751220703125 287.32501220703125 285.875 284.962493896484375 282.537506103515625 276.806243896484375 268.86248779296875 261.39373779296875 255.3312530517578125 256.412506103515625 260.318756103515625 266.181243896484375 274.662506103515625 284.149993896484375 294.11248779296875 304.67498779296875 315.04998779296875 325.88751220703125 341.39373779296875 356.993743896484375 372.34375 384.5625 397.350006103515625 408.8125 408.45623779296875 409.95623779296875 416.35626220703125 417.975006103515625 417.350006103515625 418.256256103515625
261.787506103515625 260.006256103515625 258.412506103515625 257.48748779296875 256.26873779296875 256.850006103515625 257.649993896484375 259.193756103515625 262.61248779296875 267.88751220703125 274.993743896484375 280.462493896484375 287.04376220703125 292.13751220703125 293.54998779296875 293.39373779296875 291.381256103515625 290.756256103515625 287.01251220703125 281.993743896484375 275.712493896484375 268.45001220703125 262.78125 263.20623779296875 266.681243896484375 271.8125 279.36248779296875 288.89373779296875 298.34375 307.88751220703125 318.48748779296875 328.73748779296875 344.03125 361.225006103515625 378.193756103515625 392.79376220703125 406.33123779296875 416.85626220703125 418.524993896484375 426.681243896484375 435.04998779296875 438.743743896484375 442.39373779296875 447.868743896484375
256.693756103515625 254.9250030517578125 253.8000030517578125 253.756256103515625 252.7624969482421875 252.75 253.6999969482421875 255.7312469482421875 258.46875 264.818756103515625 273.774993896484375 282.712493896484375 292.462493896484375 298.84375 300.4375 299.806243896484375 297.32501220703125 295.693756103515625 291.850006103515625 287.09375 280.70623779296875 273.618743896484375 268.743743896484375 268.70623779296875 271.787506103515625 276.243743896484375 283.587493896484375 292.25 301.868743896484375 311.818756103515625 322.11248779296875 332.40625 349.4375 367.01873779296875 383.51873779296875 399.806243896484375 414.04998779296875 426.024993896484375 431.51251220703125 441.037506103515625 449.98748779296875 457.07501220703125 467.40625 477.681243896484375
251.3000030517578125 250.524993896484375 249.9187469482421875 249.037506103515625 248.8249969482421875 248.9812469482421875 248.868743896484375 250.09375 252.375 258.76873779296875 270.58123779296875 284.462493896484375 298.274993896484375 306.9375 307.78125 306.39373779296875 302.61248779296875 299.83123779296875 296.70001220703125 291.350006103515625 286.01873779296875 278.587493896484375 273.36248779296875 272.40625 275.381256103515625 278.725006103515625 286.51251220703125 295.60626220703125 305.13751220703125 315.256256103515625 324.54998779296875 336.28125 353.71875 372.537506103515625 389.681243896484375 405.350006103515625 419.45623779296875 436.03125 444.443756103515625 452.162506103515625 462.20001220703125 470.07501220703125 482.16876220703125 495.212493896484375
246.3625030517578125 246.0437469482421875 245.131256103515625 243.537506103515625 242.5 242.962493896484375 242.381256103515625 242.287506103515625 243.3125 249.087493896484375 262.96875 280.887481689453125 299.162506103515625 311.162506103515625 312.962493896484375 312.01251220703125 309.462493896484375 306.08123779296875 300.86248779296875 296.13751220703125 290.35626220703125 284.03125 278.006256103515625 277.23748779296875 278.462493896484375 281.28125 288.912506103515625 299.13751220703125 308.475006103515625 317.38751220703125 326.76251220703125 337.88751220703125 356.33123779296875 375.76873779296875 391.92498779296875 405.98748779296875 423.118743896484375 436.91876220703125 444.32501220703125 453.91876220703125 465.493743896484375 472.431243896484375 482.09375 495.868743896484375
242.618743896484375 242.21875 240.368743896484375 239.90625 238.34375 238.3312530517578125 237.4562530517578125 236.3562469482421875 235.431243896484375 235.6374969482421875 254.3562469482421875 280.881256103515625 300.212493896484375 312.15625 316.33123779296875 316.38751220703125 314.76873779296875 310.96875 306.41876220703125 300.38751220703125 293.868743896484375 286.96875 281.13751220703125 279.83123779296875 280.125 282.85626220703125 290.54998779296875 300.38751220703125 310.537506103515625 318.79376220703125 327.4375 337.73126220703125 357.350006103515625 377.20623779296875 394.556243896484375 410.20623779296875 424.024993896484375 436.63751220703125 443.98126220703125 451.912506103515625 460.85626220703125 468.67498779296875 478.40625 490.75
239.006256103515625 238.75 237.087493896484375 236.068756103515625 235.100006103515625 234.962493896484375 234.712493896484375 234.306243896484375 235.3562469482421875 234.318756103515625 262.756256103515625 291.63751220703125 306.056243896484375 315.037506103515625 319.53125 320.45623779296875 318.212493896484375 314.54998779296875 308.662506103515625 301.59375 295.16876220703125 287.787506103515625 282.5625 280.756256103515625 281.068756103515625 283.54998779296875 290.962493896484375 301.181243896484375 311.462493896484375 320.23126220703125 326.987518310546875 336.962493896484375 356.41876220703125 377.13751220703125 394.29998779296875 409.75 422.73126220703125 434.743743896484375 441.5 447.64373779296875 454.056243896484375 461.831268310546875 469.45001220703125 479.368743896484375
236.7937469482421875 236.1062469482421875 234.056243896484375 233.7312469482421875 232.462493896484375 233.15625 234.9875030517578125 237.7624969482421875 244.6437530517578125 261.550018310546875 293.306243896484375 304.431243896484375 310.681243896484375 317.212493896484375 321.70623779296875 322.181243896484375 321.20001220703125 316.64373779296875 309.58123779296875 302.306243896484375 294.350006103515625 286.73126220703125 282.493743896484375 280.181243896484375 280.41876220703125 283.78125 290.806243896484375 300.287506103515625 310.375 318.60626220703125 326.743743896484375 335.537506103515625 352.431243896484375 370.881256103515625 389.34375 403.087493896484375 413.899993896484375 425.71875 430.774993896484375 433.350006103515625 439.04998779296875 444.506256103515625 451.26873779296875 459.26873779296875
234.850006103515625 234.28125 232.40625 231.0500030517578125 230.0500030517578125 231.8874969482421875 234.524993896484375 240.5749969482421875 251.1437530517578125 268.92498779296875 289.29998779296875 302.462493896484375 311.643768310546875 318.443756103515625 322.962493896484375 325.16876220703125 324.89373779296875 319.57501220703125 311.32501220703125 303.76251220703125 292.96875 284.625 279.48126220703125 277.41876220703125 279.45001220703125 282.912506103515625 289.931243896484375 298.88751220703125 308.681243896484375 316.681243896484375 323.850006103515625 334.29998779296875 351.54998779296875 367.225006103515625 381.350006103515625 393.79376220703125 402.91876220703125 411.662506103515625 416.412506103515625 417.23126220703125 420.899993896484375 425.66876220703125 430.662506103515625 435.412506103515625
