data/historical-monthly-weather-data/wc2.1_cruts4.09_10m_prec_2023-06.asc
ncols        45
nrows        45
xllcorner    -63.500000000000
yllcorner    -7.500000000000
cellsize     0.166666666667
NODATA_value -9999
[rows 19 to 37 of 45, columns 0 to 43 of 45]
141.34375 145.118743896484375 140.225006103515625 132.6999969482421875 127.16249847412109375 121.96875 112.90625 102.81874847412109375 97.7062530517578125 91.34999847412109375 84.4250030517578125 78.7687530517578125 72.5 66.3625030517578125 61.97499847412109375 55.143749237060546875 50.75 51.237499237060546875 48.40625 48.875 46.43125152587890625 48.700000762939453125 54.4375 59.75 62.512500762939453125 65.7624969482421875 71.2937469482421875 81.8562469482421875 86.375 89.58750152587890625 95.5 111.99375152587890625 119.28125 123.55625152587890625 129.475006103515625 140.4562530517578125 147.6687469482421875 146.243743896484375 143.756256103515625 138.78125 127.34999847412109375 113.875 114.90000152587890625 115.7687530517578125
129 139.243743896484375 138.193756103515625 131.6374969482421875 122.14374542236328125 115.0500030517578125 109.1125030517578125 101.33750152587890625 95.5 88.59999847412109375 82.9562530517578125 77.21875 70.99375152587890625 63.931247711181640625 58.518749237060546875 54.80625152587890625 50.137500762939453125 48.606250762939453125 49.731250762939453125 48.96875 52.27500152587890625 55.112499237060546875 59.46875 66.8874969482421875 71.3874969482421875 73.03749847412109375 73.0749969482421875 79.06874847412109375 85.53125 93.09375 100.8249969482421875 112.91249847412109375 112.34375 115.03125 119.03749847412109375 129.1125030517578125 137.6687469482421875 139.8874969482421875 134.6374969482421875 129.006256103515625 122.1875 112.28125 111.3562469482421875 113.0124969482421875
125.2312469482421875 128.3249969482421875 130.0500030517578125 127.6875 120.38124847412109375 111.9375 105.41249847412109375 97.93125152587890625 92.05625152587890625 87.43125152587890625 81.7687530517578125 74.9875030517578125 68.6687469482421875 63.950000762939453125 60.46875 54.924999237060546875 54.956249237060546875 52.34375 53.50624847412109375 53.237499237060546875 53.637500762939453125 58.63124847412109375 63.206249237060546875 67.38124847412109375 70.46875 73.05625152587890625 78.9499969482421875 81.9499969482421875 91.0124969482421875 98.71250152587890625 102.7375030517578125 105.52500152587890625 107.1875 112.81874847412109375 114.6374969482421875 119.6999969482421875 126.4187469482421875 131.8312530517578125 130.3000030517578125 126.52500152587890625 120.05625152587890625 113.6750030517578125 112.4375 114.6374969482421875
122.02500152587890625 132.2687530517578125 133.0749969482421875 129.5437469482421875 122.27500152587890625 112.40625 100.44374847412109375 92.5187530517578125 90.2312469482421875 85.4250030517578125 79.65000152587890625 75.4250030517578125 72.30625152587890625 68.4875030517578125 64.4875030517578125 60.16249847412109375 56.043750762939453125 54.08750152587890625 54.575000762939453125 55.80625152587890625 59.18125152587890625 61.08750152587890625 63.012500762939453125 67.9375 74.55625152587890625 77.4875030517578125 80.375 85.1875 92.2312469482421875 94.69374847412109375 97.78125 102.4875030517578125 102.53749847412109375 103.7937469482421875 109.80625152587890625 111.27500152587890625 114.44374847412109375 120.40625 124.0812530517578125 123.84999847412109375 118.69374847412109375 114.52500152587890625 112.5625 112.0124969482421875
116.34999847412109375 127.75 133.0625 126.83750152587890625 118.56874847412109375 109.3312530517578125 102.9499969482421875 94.875 88.38124847412109375 81.875 79.69374847412109375 78.7624969482421875 74.27500152587890625 71.625 65.81874847412109375 61.72499847412109375 58.299999237060546875 58.34375 58.28125 58.581249237060546875 61.38124847412109375 64.96875 66.28749847412109375 73.99375152587890625 77.93125152587890625 79.6999969482421875 85.83750152587890625 85.71250152587890625 88.78125 92.31874847412109375 94.6875 98.2624969482421875 99.8125 99.1750030517578125 103.53125 103.9562530517578125 108.86875152587890625 114.71250152587890625 116.77500152587890625 116.44374847412109375 114.15000152587890625 112.2687530517578125 111.30625152587890625 111.8125
109.43125152587890625 122.46250152587890625 126.3625030517578125 125.69374847412109375 119.69374847412109375 110.74375152587890625 103.06874847412109375 96.875 89.8000030517578125 85.90625 81.11875152587890625 78.05625152587890625 76.0749969482421875 70.7624969482421875 65.3249969482421875 61.668750762939453125 59.4375 58.41249847412109375 59.174999237060546875 61.03125 63.75 65.97499847412109375 70.7062530517578125 77.4562530517578125 79.0749969482421875 80.94374847412109375 83.8562469482421875 85.7687530517578125 87.47499847412109375 90.71875 89.90000152587890625 90.40000152587890625 91.625 94.3874969482421875 97.1687469482421875 99.88124847412109375 103.7375030517578125 106.7687530517578125 111.05625152587890625 111.96875 110.8125 110.8000030517578125 111.71875 109.28749847412109375
107.21250152587890625 122.13124847412109375 120.1875 120.1062469482421875 114.3625030517578125 107.59999847412109375 99.9250030517578125 94.7375030517578125 86.1125030517578125 80.2312469482421875 78.7624969482421875 76.0749969482421875 73.9812469482421875 69.91249847412109375 66.2312469482421875 61.424999237060546875 59.43125152587890625 60.075000762939453125 61.143749237060546875 61.174999237060546875 64.36875152587890625 67.5124969482421875 71.55625152587890625 77.18125152587890625 81.0500030517578125 81.625 83.9875030517578125 85.6875 85.0437469482421875 86.5 85.27500152587890625 85.1062469482421875 86.2062530517578125 88.03125 90.40625 95.65625 99.8562469482421875 101.3000030517578125 103.24375152587890625 107.0437469482421875 106.5625 101.11875152587890625 101.49375152587890625 103.16249847412109375
102.53749847412109375 109.4875030517578125 112.375 111.55625152587890625 107.0812530517578125 102.08750152587890625 96.03125 87.58750152587890625 81.7062530517578125 80.6750030517578125 79.74375152587890625 76.9375 73.4250030517578125 70.46875 67.71250152587890625 64.91249847412109375 61.700000762939453125 60.22499847412109375 61.77500152587890625 61.90000152587890625 63.762500762939453125 67.09375 71.8249969482421875 80.0625 80.7687530517578125 81.5 83.78749847412109375 83.8937530517578125 83.19374847412109375 83.1437530517578125 83.28749847412109375 80.52500152587890625 80.8562469482421875 83.0500030517578125 85.97499847412109375 89.93125152587890625 95.7624969482421875 97.5500030517578125 97.9875030517578125 102.6999969482421875 104.63124847412109375 101.2624969482421875 97.88124847412109375 97.34375
98.6062469482421875 100.8937530517578125 102.6875 100.0812530517578125 96.9250030517578125 94.6999969482421875 90.75624847412109375 84.5124969482421875 80.65000152587890625 80.0812530517578125 77.94374847412109375 76.0124969482421875 72.46250152587890625 69.1062469482421875 66.375 63.831249237060546875 61.125 61.15625 60.40625 61.71875 64.28749847412109375 66.0500030517578125 71.46875 76.75624847412109375 78.96875 79.1750030517578125 81.1687469482421875 81.1125030517578125 82.65625 83.5 82.1750030517578125 80.69374847412109375 79.7375030517578125 78.75 83.5500030517578125 87.1875 92.91249847412109375 94.43125152587890625 96.7312469482421875 100.18125152587890625 102.375 102.03749847412109375 94.125 94.9499969482421875
92.33750152587890625 96.3937530517578125 93.28749847412109375 89.90000152587890625 88.8625030517578125 84.38124847412109375 82.5187530517578125 80.8562469482421875 79.66249847412109375 77.6687469482421875 76.36875152587890625 74.1687469482421875 72.05625152587890625 69.38124847412109375 66.72499847412109375 64.43125152587890625 62.65625 61.47499847412109375 61.956249237060546875 63.081249237060546875 63.90625 65.0625 67.90000152587890625 72.22499847412109375 74.94374847412109375 75.15000152587890625 78.8562469482421875 81.1875 81.74375152587890625 80.2687530517578125 78.1062469482421875 77.71250152587890625 76.46875 78.125 80.21250152587890625 83.4875030517578125 90.36875152587890625 90.34999847412109375 93.03125 95.05625152587890625 95.5812530517578125 93.3625030517578125 90.59375 93.78125
86.7687530517578125 87.875 85.8562469482421875 82.59375 81.08750152587890625 79.8562469482421875 78.19374847412109375 79.15000152587890625 77.6125030517578125 76.875 75.875 74.8249969482421875 73.3562469482421875 71.3125 68.0187530517578125 64.9250030517578125 62.6875 62.99375152587890625 61.137500762939453125 59.96875 62.40000152587890625 63.762500762939453125 66.1062469482421875 69.96250152587890625 71.33750152587890625 74.28125 76.72499847412109375 78.06874847412109375 78.9375 76.84999847412109375 75.15625 74.13124847412109375 74.71250152587890625 76.7062530517578125 80.1062469482421875 81.6437530517578125 89.5625 89.84999847412109375 87.9250030517578125 93.4375 93.1875 90.38124847412109375 90.09375 88.05625152587890625
82.7312469482421875 81.91249847412109375 79.3937530517578125 77.6750030517578125 76.75 75.6999969482421875 75.88124847412109375 76.18125152587890625 75.1374969482421875 75.68125152587890625 75.6750030517578125 73.9250030517578125 74 69.28749847412109375 67.1999969482421875 66.61875152587890625 65.05625152587890625 63.206249237060546875 61.606250762939453125 61.018749237060546875 61.77500152587890625 61.737499237060546875 63.668750762939453125 67.5 69.3937530517578125 72.34999847412109375 73.9562530517578125 75.59375 75.8312530517578125 74.2937469482421875 74.95624542236328125 74.18125152587890625 73.7937469482421875 74.1062469482421875 76.94374847412109375 79.03749847412109375 85.34375 87.88124847412109375 86.38124847412109375 84.84375 86.8937530517578125 84.47499847412109375 83.5 82.5812530517578125
78.0187530517578125 76.69374847412109375 73.74375152587890625 73.5437469482421875 74.93125152587890625 74.1875 73.86875152587890625 73.8000030517578125 73.9375 73.3312530517578125 72.1062469482421875 71.59375 69.74375152587890625 68.77500152587890625 68.1374969482421875 66.75624847412109375 63.412502288818359375 61.56874847412109375 60.487499237060546875 60.112499237060546875 60.38124847412109375 60.86875152587890625 60.862499237060546875 63.66249847412109375 67.00624847412109375 68.9562530517578125 71.30625152587890625 72.9187469482421875 72.99375152587890625 74.8125 73.99375152587890625 72.7312469482421875 73.0812530517578125 72.97499847412109375 74.8312530517578125 75.94374847412109375 79.9499969482421875 80.46250152587890625 81.4875030517578125 81.41249847412109375 83.6437530517578125 81.8312530517578125 79.5625 78.24375152587890625
72.5187530517578125 71.50624847412109375 70.71250152587890625 71.0187530517578125 70.5500030517578125 70.8874969482421875 71.5 72.61875152587890625 71.88124847412109375 71.6750030517578125 73.25624847412109375 72.03749847412109375 71.00624847412109375 71.625 71.19374847412109375 67.65000152587890625 64.00624847412109375 63.55625152587890625 62.299999237060546875 61.362499237060546875 59.97499847412109375 59.40000152587890625 60.09375 62.612499237060546875 64.66249847412109375 66.7312469482421875 68.47499847412109375 69.59375 70.88124847412109375 72.5500030517578125 72.65000152587890625 70.28125 71.0187530517578125 72.80625152587890625 73.36875152587890625 74.0749969482421875 75.09999847412109375 75.3937530517578125 76.18125152587890625 79.1750030517578125 80.9499969482421875 78.75624847412109375 75.18125152587890625 73.0625
66.90000152587890625 67.1687469482421875 68.4812469482421875 68.50624847412109375 67.9375 68.3312530517578125 70.3562469482421875 70.5625 69.75624847412109375 69.25 71.21250152587890625 72.6437530517578125 72.4250030517578125 71.4187469482421875 69.96875 68.71875 66.90625 64.7624969482421875 61.91249847412109375 60.84375 60.137500762939453125 58.96250152587890625 60.081249237060546875 60.831249237060546875 63.03749847412109375 63.61875152587890625 66.34999847412109375 67.69374847412109375 70.1125030517578125 71.0124969482421875 71.8625030517578125 71.40625 69.21875 69.5437469482421875 71.2937469482421875 71.8625030517578125 71.99375152587890625 71.7312469482421875 72.6999969482421875 74.13124847412109375 73.84999847412109375 73.68125152587890625 71.7687530517578125 66.3562469482421875
63.043750762939453125 62.16249847412109375 64.5749969482421875 66.40625 66.25 65.33750152587890625 65.94374847412109375 67.6437530517578125 67.53125 67.28749847412109375 71.5187530517578125 74.05625152587890625 74.75624847412109375 76.71875 75.2312469482421875 71.96250152587890625 68.28749847412109375 64.2312469482421875 61.231250762939453125 57.84375 58.96250152587890625 56.981250762939453125 56.77500152587890625 57.50624847412109375 61.049999237060546875 62.38124847412109375 64.18125152587890625 64.6999969482421875 66.3937530517578125 67.02500152587890625 68.4875030517578125 69.24375152587890625 66.63124847412109375 66.5 66.58750152587890625 67.83750152587890625 66.53749847412109375 69.34999847412109375 68.15000152587890625 69.1999969482421875 68.8562469482421875 66.90000152587890625 65.9562530517578125 62.762500762939453125
59.418750762939453125 58.53125 59.90625 61.700000762939453125 62.4375 62.40000152587890625 63.02500152587890625 63.4375 63.0625 63.362499237060546875 66.16249847412109375 72.96875 76.8937530517578125 78.3249969482421875 77.1875 74.16249847412109375 69.69374847412109375 64 60.206249237060546875 56.137500762939453125 55.46875 56.06874847412109375 55.15625 55.612499237060546875 58.40000152587890625 59.36875152587890625 60.706249237060546875 61.293750762939453125 63.643749237060546875 63.83750152587890625 63.91249847412109375 64.78125 63.731250762939453125 62.59375 61.231250762939453125 62.299999237060546875 64.0625 63.512500762939453125 63.46250152587890625 64.78125 64.43125152587890625 61.9375 60.700000762939453125 59.831249237060546875
54.25624847412109375 55.581249237060546875 55.49375152587890625 57.362499237060546875 59.049999237060546875 59.21875 59.59375 60.981250762939453125 60.856250762939453125 58.799999237060546875 64.6999969482421875 74.6687469482421875 79.9875030517578125 80 78.7375030517578125 75.36875152587890625 71.25624847412109375 66.1437530517578125 61.606250762939453125 55.643749237060546875 53.793750762939453125 54.84375 53.72499847412109375 54.387500762939453125 55.06874847412109375 55.956249237060546875 58.549999237060546875 58.94374847412109375 59.38124847412109375 58.575000762939453125 60.41249847412109375 59.88124847412109375 59.74375152587890625 59.41249847412109375 57.956249237060546875 58.52500152587890625 59.93125152587890625 61.00624847412109375 59.518749237060546875 58.756252288818359375 58.16249847412109375 57.799999237060546875 55.25624847412109375 58.293750762939453125
49.643749237060546875 51.125 52.3125 54.68125152587890625 55.768749237060546875 56.612499237060546875 57.96875 59.299999237060546875 60.700000762939453125 58.987499237060546875 69.8625030517578125 79.58750152587890625 82.18125152587890625 83.125 79.43125152587890625 75.66249847412109375 71.16249847412109375 66.8249969482421875 62.90625 57.88124847412109375 54.700000762939453125 53.84999847412109375 51.825000762939453125 52.424999237060546875 52.40000152587890625 54.137500762939453125 56.21875 56.237499237060546875 56.293750762939453125 54.762500762939453125 54.91249847412109375 56.612499237060546875 56.856250762939453125 55.44374847412109375 54.28125 54.981250762939453125 55.59999847412109375 55.512500762939453125 57.375 55.512500762939453125 54.0625 54.41249847412109375 51.52500152587890625 50.918750762939453125
