data/historical-monthly-weather-data/wc2.1_cruts4.09_10m_prec_2017-04.asc
ncols        51
nrows        45
xllcorner    -63.500000000000
yllcorner    -7.500000000000
cellsize     0.166666666667
NODATA_value -9999
[rows 0 to 19 of 45, columns 0 to 44 of 51]
204.75 202.2062530517578125 202.1437530517578125 206.6999969482421875 207.96875 207.475006103515625 206.243743896484375 201.6999969482421875 200.09375 201.7375030517578125 206.193756103515625 211.306243896484375 215.5437469482421875 218.3312530517578125 221.9375 226.25 231.618743896484375 233.600006103515625 237.993743896484375 242.431243896484375 246.193756103515625 251.056243896484375 255.287506103515625 261.5 265.79376220703125 272.91876220703125 279.318756103515625 287.774993896484375 294.86248779296875 300.85626220703125 307.306243896484375 313.89373779296875 317.568756103515625 322.943756103515625 327.41876220703125 329.11248779296875 327.91876220703125 326.40625 325.212493896484375 321.631256103515625 317.76251220703125 312.850006103515625 304.86248779296875 298.98126220703125 293.081268310546875
208.71875 205.9375 210.850006103515625 216.243743896484375 221.100006103515625 219.7937469482421875 217.3062591552734375 216.2312469482421875 216.256256103515625 217.681243896484375 221.5437469482421875 225.125 228.8125 231.5 233.4562530517578125 237.962493896484375 241.3562469482421875 245.3562469482421875 250.25 254.431243896484375 257.993743896484375 261.90625 267.57501220703125 272.73748779296875 279.07501220703125 285.78125 292.087493896484375 300.91876220703125 306.60626220703125 311.57501220703125 318.51873779296875 326.3125 329.931243896484375 335.71875 338.54376220703125 338.493743896484375 338.149993896484375 335.54998779296875 332.33123779296875 326.368743896484375 320.16876220703125 314.693756103515625 306.10626220703125 297.4375 290.118743896484375
208.3937530517578125 208.056243896484375 212.962493896484375 220.7624969482421875 227.600006103515625 228.881256103515625 229.443756103515625 231.0437469482421875 234.850006103515625 236.8312530517578125 238.71875 240.5124969482421875 243.600006103515625 244.100006103515625 245.65625 249 251.78125 255.681243896484375 259.42498779296875 264.25 269.01873779296875 274.26251220703125 279.0625 284.912506103515625 292.756256103515625 300.225006103515625 308.149993896484375 313.71875 317.6875 323.306243896484375 329.26251220703125 335.23126220703125 341.03125 345.54998779296875 346.556243896484375 345.1875 346.3125 345.4375 341.0625 335.41876220703125 329.256256103515625 321.79998779296875 313.256256103515625 305.100006103515625 297.35626220703125
204.0562591552734375 205.162506103515625 213.84375 221.337493896484375 229.149993896484375 234.6062469482421875 239.0187530517578125 244.0625 251.412506103515625 256.48126220703125 257.506256103515625 256.6875 256.225006103515625 256.63751220703125 257.23126220703125 259.95001220703125 262.912506103515625 266.037506103515625 269.243743896484375 274.03125 280.45001220703125 286.26251220703125 290.412506103515625 298.09375 306.5625 313.29998779296875 322.11248779296875 326.162506103515625 329.82501220703125 336.65625 341.91876220703125 347.100006103515625 349.181243896484375 352.212493896484375 352.625 353.631256103515625 353.95623779296875 353.118743896484375 351.087493896484375 344.256256103515625 338.212493896484375 332.0625 321.54998779296875 311.95001220703125 305.20623779296875
209.381256103515625 207.84375 211.8000030517578125 220.3562469482421875 231.318756103515625 238.8874969482421875 244.837493896484375 253.618743896484375 265.1875 274.662506103515625 273.76251220703125 268.26873779296875 267.118743896484375 267.5 267.537506103515625 269.46875 271.3125 274.36248779296875 277.16876220703125 281.35626220703125 289.243743896484375 295.03125 300.381256103515625 310.537506103515625 317.399993896484375 324.881256103515625 331.524993896484375 339.149993896484375 345.01873779296875 349.11248779296875 353.82501220703125 354.98126220703125 355.806243896484375 358.568756103515625 359.57501220703125 360.4375 359.92498779296875 359.91876220703125 359.04998779296875 353.306243896484375 349.08123779296875 339.462493896484375 329.993743896484375 322.20001220703125 313.725006103515625
208.899993896484375 209.4375 214.9375 220.037506103515625 231.3625030517578125 240.975006103515625 248.09375 257.975006103515625 270.100006103515625 282.17498779296875 279.01873779296875 274.23126220703125 273.943756103515625 274.837493896484375 274.287506103515625 276.399993896484375 276.41876220703125 279.04376220703125 283.66876220703125 288.61248779296875 295.41876220703125 301.631256103515625 310.131256103515625 319.03125 327.506256103515625 336.337493896484375 342.318756103515625 348.875 354.11248779296875 357.15625 360.76873779296875 364.10626220703125 362.04376220703125 364.149993896484375 367.287506103515625 368.35626220703125 371.42498779296875 373.04376220703125 373.08123779296875 370.98748779296875 364.225006103515625 355.243743896484375 347.5 341.03125 334.024993896484375
209.2249908447265625 210.587493896484375 217.475006103515625 223.225006103515625 229.693756103515625 236.6437530517578125 244.274993896484375 253.506256103515625 261.837493896484375 268.743743896484375 273.037506103515625 274.95623779296875 278.98126220703125 280.29376220703125 280.6875 283.568756103515625 283.899993896484375 283.600006103515625 286.412506103515625 292.66876220703125 301.33123779296875 309.75 318.65625 325.837493896484375 335.54376220703125 345.54998779296875 352.381256103515625 356.57501220703125 360.850006103515625 364.006256103515625 368.04376220703125 370 369.625 369.01251220703125 371.712493896484375 374.443756103515625 377.29998779296875 381.70001220703125 386.23126220703125 385.07501220703125 376.125 369.10626220703125 363.306243896484375 357.912506103515625 353.100006103515625
210.2624969482421875 211.0500030517578125 217.6687469482421875 225.9499969482421875 233.7687530517578125 239.2312469482421875 241.6125030517578125 243.4250030517578125 245.4187469482421875 251.75 263.76251220703125 273.631256103515625 281.11248779296875 285.625 287.818756103515625 289.51251220703125 289.48748779296875 288.88751220703125 289.149993896484375 295.76251220703125 306.86248779296875 317.23126220703125 325.943756103515625 333.837493896484375 345.45623779296875 353.26251220703125 359.23748779296875 363.60626220703125 368.131256103515625 371.85626220703125 372.818756103515625 374.375 373.98126220703125 373.73748779296875 375.125 375.662506103515625 380.14373779296875 384.58123779296875 388.0625 386.931243896484375 382.25 378.625 373.774993896484375 368.21875 362.006256103515625
211.90625 213.9187469482421875 220.787506103515625 228.2937469482421875 236.2062530517578125 240.4562530517578125 243.556243896484375 244.087493896484375 240.899993896484375 242.962493896484375 258.13751220703125 271.41876220703125 285.118743896484375 291.306243896484375 292.631256103515625 294.58123779296875 295.59375 296.51873779296875 299.07501220703125 303.90625 309.993743896484375 322.774993896484375 331.61248779296875 342.36248779296875 353.149993896484375 358.881256103515625 363.79998779296875 369.181243896484375 373.96875 377.693756103515625 380.993743896484375 380.09375 377.58123779296875 374.07501220703125 375.0625 376.625 381.556243896484375 383.98748779296875 388.256256103515625 388.006256103515625 385.618743896484375 381.88751220703125 380.04376220703125 377.51873779296875 367.82501220703125
213.5124969482421875 215.274993896484375 223.056243896484375 231.1687469482421875 238.493743896484375 243.5749969482421875 247.8937530517578125 249.368743896484375 251.0437469482421875 256.899993896484375 268.743743896484375 278.76251220703125 290.38751220703125 297.03125 299.625 300.100006103515625 301.100006103515625 303.818756103515625 307.09375 314.79376220703125 320.975006103515625 329.82501220703125 338.006256103515625 350.39373779296875 357.375 360.962493896484375 365.59375 370.89373779296875 377.475006103515625 384.399993896484375 384.806243896484375 382.29376220703125 378.28125 374.412506103515625 373.643768310546875 376.537506103515625 378.5625 381.15625 385.51873779296875 389.037506103515625 390.51251220703125 388.5625 386.412506103515625 380.1875 373.70001220703125
215.4187469482421875 218.7062530517578125 226.3874969482421875 234.4187469482421875 240.8249969482421875 246.868743896484375 252.5187530517578125 256.037506103515625 261.524993896484375 269.524993896484375 281.23126220703125 292.51251220703125 298.67498779296875 304.42498779296875 304.60626220703125 303.912506103515625 305.1875 309.506256103515625 315.16876220703125 322.725006103515625 333.48126220703125 341.1875 346.09375 348.037506103515625 358.725006103515625 362.774993896484375 365.100006103515625 369.89373779296875 375.14373779296875 382.149993896484375 383 380.54376220703125 376.64373779296875 372.168731689453125 370.506256103515625 369.98748779296875 371.51873779296875 374.649993896484375 380.98126220703125 386.29998779296875 388.806243896484375 387.912506103515625 389.587493896484375 387.21875 379.912506103515625
217.4812469482421875 220.7937469482421875 228.399993896484375 238.9375 246.7687530517578125 251.8874969482421875 259.4375 266.131256103515625 273.89373779296875 283.01873779296875 294.76873779296875 305.618743896484375 306.743743896484375 308.443756103515625 307.931243896484375 307.712493896484375 308.45623779296875 313.08123779296875 319.743743896484375 328.45001220703125 338.66876220703125 346.48126220703125 352.13751220703125 357.32501220703125 359.368743896484375 357.82501220703125 360.33123779296875 364.36248779296875 370.64373779296875 375.056243896484375 376.6875 375.85626220703125 370.368743896484375 365.95623779296875 363.649993896484375 364.368743896484375 367.54998779296875 371.67498779296875 375.41876220703125 378.53125 382.806243896484375 384.118743896484375 385.256256103515625 379.625 372.58123779296875
220.381256103515625 223.9499969482421875 232.0187530517578125 241.8312530517578125 251.1125030517578125 259.600006103515625 266.462493896484375 273.1875 281.08123779296875 292.600006103515625 304.149993896484375 313.568756103515625 314.20623779296875 307.82501220703125 306.818756103515625 308.818756103515625 308.70001220703125 313.443756103515625 321.58123779296875 328.899993896484375 339.20001220703125 345.287506103515625 347.76251220703125 351.881256103515625 346.04998779296875 342.51873779296875 349.70001220703125 354.95001220703125 363.6875 367.287506103515625 369.131256103515625 368.20623779296875 362.1875 357.51251220703125 353.79998779296875 357.068756103515625 361.300018310546875 365.91876220703125 371.51251220703125 375.23126220703125 374.0625 378.225006103515625 376.868743896484375 372.67498779296875 370.45001220703125
222.681243896484375 226.618743896484375 234.068756103515625 243.5687408447265625 254.556243896484375 263.17498779296875 270.212493896484375 278.006256103515625 287.36248779296875 297.64373779296875 306.181243896484375 310.25 310.912506103515625 307.125 303.225006103515625 306.306243896484375 306.412506103515625 309.32501220703125 317.79998779296875 323.51873779296875 332.17498779296875 336.087493896484375 339.381256103515625 338.087493896484375 334.79376220703125 333.13751220703125 339.46875 346.649993896484375 354.67498779296875 359.17498779296875 360.96875 361.287506103515625 352.631256103515625 347.46875 345.01251220703125 349.993743896484375 355.100006103515625 362.287506103515625 370.350006103515625 372.51873779296875 367.23748779296875 364.681243896484375 370.212493896484375 376.725006103515625 378.850006103515625
225.15625 229.4812469482421875 237.412506103515625 247.2375030517578125 258.71875 267.23748779296875 275.46875 283.26251220703125 290.48126220703125 298.162506103515625 305.056243896484375 307.993743896484375 307.037506103515625 303.587493896484375 298.73748779296875 298.368743896484375 299.975006103515625 306.475006103515625 314 319.89373779296875 325.756256103515625 331.04998779296875 331.95001220703125 330.66876220703125 328.39373779296875 329.024993896484375 335.037506103515625 343.46875 352.306243896484375 355.36248779296875 354.556243896484375 350.96875 345.662506103515625 338.42498779296875 334.28125 339.287506103515625 351.63751220703125 364.681243896484375 372.29998779296875 370.98748779296875 366.056243896484375 367.774993896484375 377.79998779296875 379.8125 378.39373779296875
226.412506103515625 230.7312469482421875 240.15625 251.037506103515625 261.975006103515625 270.618743896484375 278.71875 286.774993896484375 294.85626220703125 300.53125 305.41876220703125 306.837493896484375 305.59375 300.65625 294.01873779296875 287.506256103515625 293.006256103515625 303.5 309.76251220703125 316.181243896484375 321.662506103515625 324.5 324.399993896484375 324.11248779296875 322.41876220703125 324.95623779296875 330.381256103515625 340.287506103515625 349.51251220703125 353.543731689453125 355.412506103515625 351.17498779296875 337.912506103515625 328.04376220703125 320.8125 334.36248779296875 348.40625 363.831268310546875 372.8125 377.037506103515625 375.10626220703125 378.53125 382.21875 380.631256103515625 376.756256103515625
226.693756103515625 232.1999969482421875 242.618743896484375 254.100006103515625 264.82501220703125 273.475006103515625 283.23126220703125 291.306243896484375 297.01251220703125 302.28125 305.51251220703125 306.306243896484375 303.70001220703125 298.86248779296875 294.40625 290.98126220703125 289.41876220703125 297.38751220703125 306.368743896484375 314.04376220703125 318.85626220703125 322.212493896484375 321.743743896484375 318.26251220703125 317.368743896484375 319.256256103515625 326.58123779296875 336.774993896484375 348.068756103515625 353.943756103515625 355.35626220703125 351.71875 339.14373779296875 328.07501220703125 327.26873779296875 337.04376220703125 353.368743896484375 371.53125 386.6875 388.774993896484375 388.0625 388.40625 384.58123779296875 380.962493896484375 375.03125
226.662506103515625 233.8937530517578125 244.2062530517578125 257.42498779296875 268.35626220703125 277.76873779296875 288.006256103515625 294.725006103515625 299.57501220703125 302.881256103515625 304.36248779296875 304.556243896484375 301.95623779296875 299.037506103515625 295.774993896484375 294.13751220703125 292.21875 290.79376220703125 302.931243896484375 311.41876220703125 318.274993896484375 320.51251220703125 319.993743896484375 317.118743896484375 317.631256103515625 320.28125 324.75 338.20623779296875 351.16876220703125 355.868743896484375 352.318756103515625 339.962493896484375 336.04376220703125 331.60626220703125 329.462493896484375 344.0625 360.774993896484375 377.899993896484375 390.243743896484375 398.756256103515625 394.85626220703125 392.4375 387.787506103515625 382.125 376.212493896484375
225.625 234.2624969482421875 246.21875 258.63751220703125 270.33123779296875 280.79376220703125 290.09375 298.79998779296875 303.58123779296875 305.806243896484375 305.01873779296875 301.65625 299.78125 299.350006103515625 294.08123779296875 292.66876220703125 292.04998779296875 292.03125 296.324981689453125 304.79998779296875 317.231231689453125 322.45623779296875 312.91876220703125 315.399993896484375 319.712493896484375 326.29998779296875 334.98748779296875 346.26251220703125 360.068756103515625 362.787506103515625 358.91876220703125 348.212493896484375 338.943756103515625 325.899993896484375 323.28125 338.91876220703125 357.681243896484375 374.5625 390.443756103515625 396.89373779296875 399.587493896484375 396.943756103515625 390.193756103515625 383.60626220703125 377.412506103515625
224.03125 234.306243896484375 246.03125 257.34375 271.068756103515625 283.993743896484375 295.125 302.024993896484375 306.375 308.118743896484375 305.71875 303.899993896484375 301.78125 299.89373779296875 293.399993896484375 286.506256103515625 283.23748779296875 289.92498779296875 293.58123779296875 301.11248779296875 308.20001220703125 310.71875 313.274993896484375 317.3125 322.881256103515625 329.6875 341.006256103515625 356.337493896484375 367.04376220703125 365.78125 358.04376220703125 355.09375 340.868743896484375 321.943756103515625 312.256256103515625 327.98748779296875 354.1875 377.73748779296875 391.98126220703125 400.318756103515625 401.787506103515625 398.649993896484375 392.01251220703125 384.6875 374.86248779296875
