data/historical-monthly-weather-data/wc2.1_cruts4.09_10m_prec_1982-03.asc
ncols        45
nrows        45
xllcorner    -63.500000000000
yllcorner    -7.500000000000
cellsize     0.166666666667
NODATA_value -9999
[rows 20 to 39 of 45, columns 0 to 44 of 45]
260.337493896484375 270.45623779296875 281.1875 292.556243896484375 304.881256103515625 318.73126220703125 332.09375 343.337493896484375 351.868743896484375 356.29376220703125 357.91876220703125 361.087493896484375 365.149993896484375 371.037506103515625 366.162506103515625 354.65625 344.67498779296875 339.412506103515625 338.631256103515625 338.23748779296875 341.168731689453125 344.568756103515625 346.631256103515625 350.193756103515625 354.649993896484375 359.381256103515625 361.45623779296875 362.57501220703125 362.993743896484375 360.17498779296875 351.1875 336.806243896484375 314.92498779296875 289.356231689453125 265.58123779296875 279.79998779296875 301.537506103515625 310.51251220703125 311.95623779296875 307.931243896484375 301.53125 296.943756103515625 291.368743896484375 286.743743896484375 283.29376220703125
251.53125 262.712493896484375 275.73748779296875 288.431243896484375 302.21875 318.15625 333.53125 347.306243896484375 356.4375 357.587493896484375 353.399993896484375 350.649993896484375 349.08123779296875 350.58123779296875 348.712493896484375 343.850006103515625 339.59375 335.318756103515625 332.912506103515625 330.774993896484375 329.11248779296875 328.881256103515625 332.131256103515625 334.29376220703125 338.59375 345.306243896484375 351.92498779296875 353.681243896484375 354.03125 350.662506103515625 341.17498779296875 327.76873779296875 309.587493896484375 291.45001220703125 279.818756103515625 286.32501220703125 301.475006103515625 310.087493896484375 311.59375 306.556243896484375 299.21875 294.08123779296875 288.600006103515625 283.712493896484375 280.618743896484375
245.756256103515625 258.681243896484375 271.693756103515625 285.475006103515625 299.61248779296875 315.399993896484375 331.1875 348.9375 361.537506103515625 357.787506103515625 348.162506103515625 337.66876220703125 330.04376220703125 330.243743896484375 333.03125 333.087493896484375 331.149993896484375 327.83123779296875 324.568756103515625 321.41876220703125 317.79376220703125 314.068756103515625 313.100006103515625 314.42498779296875 320.83123779296875 329.75 337.881256103515625 342.11248779296875 342.962493896484375 339.26873779296875 332.243743896484375 324.45623779296875 314.756256103515625 304.38751220703125 301.41876220703125 305.35626220703125 312.556243896484375 316.043731689453125 314.162506103515625 307.274993896484375 298.48126220703125 292.33123779296875 286.600006103515625 280.67498779296875 277.625
241.381256103515625 253.2312469482421875 266.51251220703125 280.71875 295.0625 310.024993896484375 326.743743896484375 344.03125 354.875 349.143768310546875 337.256256103515625 326.67498779296875 314.75 316.04998779296875 321.73748779296875 324.431243896484375 324.912506103515625 322.45001220703125 317.36248779296875 312.59375 306.84375 300.725006103515625 297.024993896484375 297.23126220703125 301.28125 309.4375 318.712493896484375 326.375 330.587493896484375 331.493743896484375 330.256256103515625 326.868743896484375 321.79998779296875 317.42498779296875 317.63751220703125 321.568756103515625 324.61248779296875 321.33123779296875 315.01251220703125 306.71875 297.76873779296875 290.8125 284.9375 278.381256103515625 276.375
241.693756103515625 250.90625 261.89373779296875 275.90625 291.337493896484375 305.693756103515625 319.26873779296875 332.42498779296875 339.26873779296875 337.3125 330.837493896484375 321.274993896484375 314.837493896484375 314.193756103515625 316.431243896484375 319.756256103515625 320.29376220703125 317.993743896484375 313.23126220703125 305.6875 296.412506103515625 287.743743896484375 280.64373779296875 277.181243896484375 281.66876220703125 292.85626220703125 302.40625 313.46875 320.48748779296875 327.068756103515625 329.46875 329.73126220703125 328.63751220703125 327.162506103515625 327.11248779296875 325.61248779296875 325.337493896484375 320.837493896484375 313.34375 306.162506103515625 297.46875 290.0625 282.57501220703125 277.899993896484375 272.13751220703125
245.6999969482421875 253.75 261.54998779296875 274.318756103515625 287.01873779296875 299.23126220703125 310.631256103515625 320.95001220703125 325.78125 325.82501220703125 322.975006103515625 318.95001220703125 315.774993896484375 314.42498779296875 315.493743896484375 318.38751220703125 318.006256103515625 315.943756103515625 311.41876220703125 301.3125 290.962493896484375 277.64373779296875 265.193756103515625 257.350006103515625 263.76251220703125 278.01251220703125 292 303.23126220703125 313.068756103515625 322.95001220703125 329.54376220703125 334.25 335.79998779296875 333.649993896484375 331.25 327.006256103515625 323.631256103515625 318.3125 311.774993896484375 304.318756103515625 296.443756103515625 288.399993896484375 278.73126220703125 273.181243896484375 268.04376220703125
252.837493896484375 257.01251220703125 264.21875 273.36248779296875 282.86248779296875 292.868743896484375 301.475006103515625 309.212493896484375 313.631256103515625 316.40625 317.368743896484375 316.443756103515625 315.75 316.118743896484375 317.881256103515625 319.8125 321.40625 317.88751220703125 311.95623779296875 303.256256103515625 290.056243896484375 274.818756103515625 257.256256103515625 246.9187469482421875 257.068756103515625 270.86248779296875 285.48126220703125 296.487518310546875 306.975006103515625 318.03125 327.337493896484375 336.04376220703125 339.66876220703125 335.256256103515625 330.375 325.11248779296875 320.850006103515625 314.725006103515625 308.89373779296875 302.625 294.04376220703125 285.54376220703125 275.29998779296875 268.53125 270.399993896484375
261.006256103515625 262.837493896484375 267.893768310546875 274.29376220703125 279.806243896484375 287 295.162506103515625 301.21875 305.63751220703125 309.475006103515625 311.462493896484375 312.743743896484375 314.73748779296875 317.13751220703125 319.58123779296875 321.787506103515625 324.25 323.11248779296875 317.756256103515625 309.48748779296875 296.51251220703125 280.743743896484375 268.25 259.64373779296875 263.29998779296875 272.787506103515625 284.3125 294.774993896484375 303.962493896484375 313.475006103515625 322.63751220703125 330.60626220703125 333.743743896484375 329.76873779296875 325.35626220703125 320.39373779296875 314.4375 309.524993896484375 305.25 301.243743896484375 296.243743896484375 287.193756103515625 274.462493896484375 267.637481689453125 278.15625
268.11248779296875 268.506256103515625 271.375 274.350006103515625 279.068756103515625 283.91876220703125 288.568756103515625 293.45623779296875 298.46875 302.46875 306.51251220703125 309.85626220703125 313.431243896484375 317.96875 322.475006103515625 326.868743896484375 331.79998779296875 331.45623779296875 327.881256103515625 320.943756103515625 308.368743896484375 293.79998779296875 283.21875 274.024993896484375 274.17498779296875 278.068756103515625 285.95001220703125 294.34375 301.95001220703125 310.36248779296875 317.125 323.11248779296875 325.32501220703125 322.868743896484375 319.475006103515625 314.537506103515625 307.962493896484375 303.03125 299.67498779296875 295.943756103515625 294.79998779296875 286.431243896484375 274.76251220703125 275.21875 288.899993896484375
274.850006103515625 273.8125 274.375 275.274993896484375 277.70001220703125 279.76873779296875 283.274993896484375 287.09375 291.98126220703125 295.96875 300.58123779296875 306.48748779296875 313.01873779296875 319.475006103515625 325.48748779296875 331.543731689453125 337.668731689453125 343.087493896484375 342.04998779296875 333.006256103515625 320.100006103515625 307.149993896484375 296.537506103515625 287.787506103515625 284.306243896484375 285.381256103515625 290.587493896484375 295.868743896484375 300.70623779296875 306.524993896484375 311.89373779296875 315.368743896484375 316.0625 315.41876220703125 312.8125 306.79998779296875 299.806243896484375 294.943756103515625 288.412506103515625 284.212493896484375 283.26873779296875 282.693756103515625 278.931243896484375 284.09375 291.506256103515625
279.037506103515625 276.60626220703125 275.399993896484375 275.537506103515625 276.5625 276.48748779296875 279.337493896484375 281.8125 285.98126220703125 290.162506103515625 295.33123779296875 302.11248779296875 310.48748779296875 317.92498779296875 325.912506103515625 334.51251220703125 344.64373779296875 351.66876220703125 355.21875 346.087493896484375 332.64373779296875 318.712493896484375 308.899993896484375 299.14373779296875 292.9375 292.756256103515625 294.45001220703125 296.36248779296875 299.5625 303.28125 307.024993896484375 310.125 309.98748779296875 308.881256103515625 306.33123779296875 298.850006103515625 291.556243896484375 286.54376220703125 278.60626220703125 268.82501220703125 269.287506103515625 276.60626220703125 281.375 288.08123779296875 295.962493896484375
280.95623779296875 277.59375 275.09375 273.824981689453125 273.89373779296875 272.875 274.725006103515625 275.61248779296875 279.243743896484375 283.39373779296875 288.693756103515625 296.431243896484375 305.212493896484375 315.443756103515625 325.875 336.8125 345.5 352.39373779296875 356.21875 352.11248779296875 339.225006103515625 327.743743896484375 316.912506103515625 306.318756103515625 301.13751220703125 297.91876220703125 296.5 297.48748779296875 297.524993896484375 300.412506103515625 303.36248779296875 305.375 303.63751220703125 301.881256103515625 299.04376220703125 291.4375 285.037506103515625 278.774993896484375 268.8125 261.95623779296875 265.29998779296875 276.1875 284.85626220703125 296.48748779296875 307.337493896484375
281.42498779296875 278.337493896484375 274.899993896484375 272.51873779296875 270.59375 269.881256103515625 269.662506103515625 269.306243896484375 271.368743896484375 275.837493896484375 283.506256103515625 291.443756103515625 302.03125 315.475006103515625 326.10626220703125 336.225006103515625 343.98126220703125 350.756256103515625 353.10626220703125 350.881256103515625 341.931243896484375 331.66876220703125 320.9375 312.193756103515625 305.98126220703125 301.381256103515625 298.45623779296875 297.53125 297.431243896484375 298.962493896484375 300.9375 302.162506103515625 300.256256103515625 297.631256103515625 293.225006103515625 287.274993896484375 280.84375 273.58123779296875 265.587493896484375 265.09375 268.60626220703125 278.5625 289.318756103515625 301.868743896484375 319.975006103515625
281.3125 278.212493896484375 275.399993896484375 272.29376220703125 269.431243896484375 266.875 264.818756103515625 263.33123779296875 264.26873779296875 267.875 275.149993896484375 286.53125 299.056243896484375 311.693756103515625 321.98126220703125 333.056243896484375 342.64373779296875 348.256256103515625 349.056243896484375 347.556243896484375 341.35626220703125 332.3125 323.743743896484375 314.29998779296875 307.943756103515625 302.131256103515625 299.056243896484375 296.57501220703125 296.79998779296875 297.225006103515625 297.73748779296875 299.399993896484375 297.381256103515625 293.631256103515625 289.88751220703125 283.725006103515625 276.587493896484375 268.975006103515625 265.975006103515625 266.912506103515625 269.28125 278.54376220703125 291.118743896484375 304.29998779296875 324.100006103515625
281.38751220703125 279.024993896484375 276.01251220703125 271.868743896484375 266.73748779296875 263.587493896484375 259.76251220703125 257.712493896484375 256.462493896484375 258.33123779296875 266.287506103515625 280.318756103515625 295.649993896484375 309.35626220703125 321.04376220703125 330.57501220703125 339.975006103515625 344.64373779296875 345.39373779296875 343.962493896484375 339.26873779296875 330.806243896484375 322.618743896484375 313.36248779296875 307.51251220703125 302.274993896484375 297.899993896484375 295.67498779296875 294.006256103515625 294.881256103515625 296.36248779296875 297.66876220703125 294.60626220703125 290.73126220703125 285.70623779296875 278.625 271.51873779296875 267.443756103515625 266.493743896484375 267.16876220703125 269.462493896484375 276.53125 287.54376220703125 299.88751220703125 315.88751220703125
283 279.806243896484375 275.84375 271.15625 265.868743896484375 261.33123779296875 257.225006103515625 252.5812530517578125 249 250.0124969482421875 257.53125 272.51873779296875 290.26873779296875 305.86248779296875 316.868743896484375 326.66876220703125 334.381256103515625 338.07501220703125 339.712493896484375 339.350006103515625 334.11248779296875 325.65625 317.03125 309.54376220703125 304 299.09375 295.087493896484375 293.399993896484375 292.181243896484375 293.40625 296.20623779296875 297.75 293.443756103515625 289.79376220703125 284.475006103515625 277.46875 272.85626220703125 269.11248779296875 267.131256103515625 268.287506103515625 270.98748779296875 276.45001220703125 283.837493896484375 294.57501220703125 305.63751220703125
283.63751220703125 280.625 276.51873779296875 271.20001220703125 266.13751220703125 261.506256103515625 256.04998779296875 250.3312530517578125 244.1750030517578125 240.618743896484375 250.274993896484375 270.46875 288.475006103515625 302.08123779296875 313.181243896484375 321.431243896484375 327.66876220703125 330.493743896484375 332.399993896484375 330.20623779296875 325.431243896484375 317.5 309.73126220703125 302.1875 297.23126220703125 293.550018310546875 290.53125 290.28125 289.524993896484375 292.21875 295.51251220703125 297.631256103515625 294.28125 290.375 284.399993896484375 278.931243896484375 274.912506103515625 271.65625 269.868743896484375 268.837493896484375 269.712493896484375 273.58123779296875 279.4375 287.38751220703125 295.75
284.85626220703125 282.243743896484375 277.4375 272.33123779296875 268.04376220703125 263.65625 258.21875 251.5625 246.3312530517578125 240.5 256.82501220703125 277.11248779296875 290.225006103515625 301.125 309.287506103515625 316.431243896484375 320.17498779296875 321.743743896484375 321.837493896484375 318.493743896484375 312.29998779296875 305.375 299.92498779296875 293.350006103515625 289.625 287.58123779296875 285.48748779296875 286.66876220703125 287.54376220703125 291.056243896484375 294.42498779296875 297.037506103515625 294.03125 290.568756103515625 284.274993896484375 280.600006103515625 276.975006103515625 272.5625 271.58123779296875 270.931243896484375 269.274993896484375 272.256256103515625 275.006256103515625 277.8125 284.043731689453125
285.0625 282.868743896484375 279.181243896484375 275.04376220703125 271.431243896484375 266.89373779296875 263.54376220703125 259.38751220703125 259.11248779296875 266.399993896484375 284.33123779296875 291.53125 296.28125 302.29376220703125 307.89373779296875 312.15625 313.75 313.04998779296875 310.59375 305.63751220703125 298.131256103515625 291.70623779296875 286.993743896484375 282.67498779296875 280.693756103515625 280.6875 280.95623779296875 282.98748779296875 285.67498779296875 290.23126220703125 295.41876220703125 298.04998779296875 295.662506103515625 293.66876220703125 291.6875 287.15625 282.693756103515625 279.431243896484375 276.70623779296875 274.162506103515625 271.91876220703125 274.60626220703125 275.943756103515625 278.306243896484375 282.381256103515625
285.73748779296875 284.23126220703125 281.4375 277.64373779296875 275.356231689453125 273.63751220703125 270.756256103515625 270.8125 273.46875 280.0625 289.79998779296875 297.1875 301.306243896484375 304.056243896484375 307.57501220703125 308.85626220703125 308.193756103515625 305.03125 299.60626220703125 293.66876220703125 285.162506103515625 278.600006103515625 273.09375 270.212493896484375 270.95623779296875 272.931243896484375 274.743743896484375 279.056243896484375 283.306243896484375 288.399993896484375 293.33123779296875 299.53125 301.243743896484375 300.068756103515625 299.08123779296875 295.40625 289.8125 285.63751220703125 283.20001220703125 278.23748779296875 274.399993896484375 276.243743896484375 277.056243896484375 278.15625 281.53125
