data/historical-monthly-weather-data/wc2.1_cruts4.09_10m_prec_1995-05.asc
ncols        51
nrows        45
xllcorner    -63.500000000000
yllcorner    -7.500000000000
cellsize     0.166666666667
NODATA_value -9999
[rows 19 to 37 of 45, columns 0 to 43 of 51]
318.95623779296875 322.868743896484375 325.64373779296875 326.96875 331.368743896484375 337.149993896484375 338.13751220703125 335.818756103515625 330.85626220703125 324.39373779296875 318.693756103515625 312.51873779296875 305.875 293.21875 279.29376220703125 260.537506103515625 245.024993896484375 242.375 236.3000030517578125 234.868743896484375 227.21875 225.993743896484375 228.5625 229.03125 225.7937469482421875 218.3249969482421875 214.600006103515625 212.8937530517578125 204.912506103515625 195.84375 192.568756103515625 199.625 199.9562530517578125 198.381256103515625 202.5437469482421875 208.9375 211.7687530517578125 212.3562469482421875 211.2312469482421875 207.4812469482421875 196.9187469482421875 190.1999969482421875 191.306243896484375 192.756256103515625
302.82501220703125 317.10626220703125 324.399993896484375 325.73748779296875 326.649993896484375 336 340.649993896484375 340.32501220703125 336.0625 327.15625 319.868743896484375 314.274993896484375 303.40625 291.868743896484375 275.662506103515625 262.58123779296875 245.6437530517578125 237.3874969482421875 236.3249969482421875 230.962493896484375 232.975006103515625 232.3562469482421875 230.5187530517578125 229.28125 226.462493896484375 218.6374969482421875 208.78125 204.631256103515625 201.2687530517578125 198.59375 198.6437530517578125 201.3249969482421875 196.9812469482421875 194.756256103515625 196.837493896484375 202.375 206.375 207.5500030517578125 204.9250030517578125 199.5625 194.46875 188.506256103515625 185.9499969482421875 188.462493896484375
296.649993896484375 301.11248779296875 313.524993896484375 323.70001220703125 325.899993896484375 331.25 339.17498779296875 343.506256103515625 340.65625 332.993743896484375 324.26873779296875 314.90625 303.07501220703125 290.368743896484375 279.91876220703125 264.443756103515625 260.76251220703125 249.631256103515625 246.2937469482421875 238.524993896484375 230.78125 228.787506103515625 226.975006103515625 221.556243896484375 213.818756103515625 209.568756103515625 208.6374969482421875 204.34375 206.0124969482421875 205.2624969482421875 201.96875 198.9812469482421875 198.118743896484375 198.28125 196.337493896484375 197.943756103515625 201.8312530517578125 202.837493896484375 200.024993896484375 195.3625030517578125 191.65625 186.631256103515625 183.7624969482421875 184.3937530517578125
290.90625 304.90625 315.34375 325.16876220703125 327.431243896484375 331.41876220703125 328.943756103515625 335.45623779296875 341.412506103515625 335.6875 324.60626220703125 314.056243896484375 307.13751220703125 295.212493896484375 284.79998779296875 272.64373779296875 263.993743896484375 255.09375 248.024993896484375 240.693756103515625 235.068756103515625 226.381256103515625 222.006256103515625 215.21875 211.243743896484375 205.4187469482421875 201.587493896484375 202.7937469482421875 205.0625 203.6374969482421875 199.5187530517578125 199.6687469482421875 201.181243896484375 200 199.131256103515625 194.4875030517578125 194.46875 197.1062469482421875 198.087493896484375 193.5437469482421875 188.4499969482421875 184.368743896484375 181.118743896484375 180.912506103515625
281.39373779296875 298.443756103515625 313.13751220703125 320.212493896484375 321.912506103515625 322.774993896484375 332.056243896484375 335.61248779296875 333.881256103515625 327.26251220703125 320.256256103515625 316.975006103515625 308.42498779296875 299.86248779296875 287.131256103515625 275.21875 266.125 259.26873779296875 253.0500030517578125 246.6999969482421875 236.212493896484375 228.0437469482421875 220.2062530517578125 216.600006103515625 209.4375 199.9812469482421875 198.756256103515625 200.587493896484375 204.4375 207.568756103515625 209.068756103515625 210.4375 211.7375030517578125 208.7937469482421875 205.59375 197.09375 198.431243896484375 197.8000030517578125 196.0437469482421875 192.118743896484375 186.2687530517578125 183.625 181.21875 178.9562530517578125
278.38751220703125 296.3125 308.42498779296875 320.212493896484375 324.881256103515625 327.51251220703125 327.318756103515625 331.25 328.11248779296875 324.42498779296875 317.11248779296875 310.98748779296875 307.212493896484375 298.35626220703125 285.5 276.39373779296875 270.89373779296875 262.95001220703125 254.6437530517578125 248.1125030517578125 240.4562530517578125 229.693756103515625 223.1062469482421875 217.1062469482421875 209.068756103515625 205.2375030517578125 203.8312530517578125 206.3249969482421875 209.4562530517578125 216.2687530517578125 219.0812530517578125 225.7062530517578125 225.4187469482421875 220.9187469482421875 212 204.4250030517578125 202.337493896484375 196.524993896484375 193.4499969482421875 189.6437530517578125 185.024993896484375 181.149993896484375 178.806243896484375 174.787506103515625
282.931243896484375 302.41876220703125 306.493743896484375 316.306243896484375 316.82501220703125 318.11248779296875 317.399993896484375 320.087493896484375 313.79998779296875 306.975006103515625 308.76251220703125 306.54998779296875 299.256256103515625 292.26873779296875 286.681243896484375 278.118743896484375 272.92498779296875 265.100006103515625 256.600006103515625 248.5749969482421875 241.1187591552734375 230.6687469482421875 223.9875030517578125 215.2624969482421875 210.1999969482421875 205.756256103515625 209.625 212.274993896484375 214.9250030517578125 222.587493896484375 230.6687469482421875 243.7312469482421875 243.649993896484375 231.8625030517578125 219.681243896484375 211.8312530517578125 204.21875 197.9812469482421875 190.149993896484375 185.506256103515625 181.743743896484375 176.5437469482421875 172.2375030517578125 170.5124969482421875
286.149993896484375 295.20623779296875 303.04998779296875 308.78125 308.70623779296875 309.681243896484375 307.91876220703125 304.899993896484375 301.162506103515625 303.76873779296875 303.04998779296875 297.34375 293.493743896484375 288.71875 283.42498779296875 278.193756103515625 270.98126220703125 261.5625 258.399993896484375 249.693756103515625 239.6750030517578125 230.8562469482421875 224.1125030517578125 219.287506103515625 214.118743896484375 210.2624969482421875 213.7375030517578125 216.475006103515625 220.3125 225.8937530517578125 237.5124969482421875 250.587493896484375 254.318756103515625 237.725006103515625 221.8562469482421875 211.7937469482421875 206.1999969482421875 197.1125030517578125 189.1687469482421875 184.2937469482421875 179.443756103515625 174.4250030517578125 170.287506103515625 166.4875030517578125
291.475006103515625 294.756256103515625 298.850006103515625 298.76251220703125 299.48126220703125 301.337493896484375 300.42498779296875 294.756256103515625 293.618743896484375 295.556243896484375 293.40625 288.068756103515625 285.04376220703125 280.42498779296875 277.98126220703125 270.79376220703125 267.587493896484375 263.875 260.600006103515625 253.2937469482421875 243.212493896484375 232.506256103515625 228.1062469482421875 222.087493896484375 217.6437530517578125 212.5124969482421875 216.3249969482421875 219.0062408447265625 223.506256103515625 229.618743896484375 238.96875 248.6374969482421875 247.8000030517578125 234.28125 222.46875 212.318756103515625 203.7312469482421875 197.193756103515625 190.8937530517578125 183.4499969482421875 177.0437469482421875 173.743743896484375 169.837493896484375 166.9187469482421875
291.14373779296875 292.91876220703125 291.743743896484375 290.60626220703125 289.587493896484375 285.274993896484375 282.07501220703125 282.850006103515625 286.73126220703125 284.787506103515625 283.431243896484375 280.787506103515625 277.149993896484375 276.087493896484375 276.306243896484375 274.41876220703125 271.13751220703125 265.51873779296875 260.662506103515625 254.399993896484375 245.068756103515625 234.2624969482421875 228.0749969482421875 222.0625 217.412506103515625 210.6999969482421875 214.78125 219.6062469482421875 223.837493896484375 228.0749969482421875 235.4875030517578125 239.9812469482421875 236.100006103515625 226.225006103515625 218.899993896484375 209.899993896484375 202.537506103515625 194.4250030517578125 188.256256103515625 180.9187469482421875 171.912506103515625 167.0187530517578125 166.743743896484375 167.850006103515625
288.068756103515625 286.82501220703125 281.35626220703125 274.71875 271.38751220703125 271.618743896484375 269.82501220703125 273.70001220703125 275.131256103515625 271.88751220703125 272.375 271.48748779296875 270 270.76251220703125 271.537506103515625 270.787506103515625 268.068756103515625 267.04998779296875 260.98126220703125 252.21875 243.6437530517578125 235.462493896484375 228.65625 221.5625 214.3249969482421875 212.3312530517578125 213.056243896484375 214.03125 217.587493896484375 221.537506103515625 227.3125 228.8562469482421875 225.0187530517578125 218.962493896484375 213.3000030517578125 204.0812530517578125 201.131256103515625 194.3000030517578125 187.1437530517578125 183.8312530517578125 177.912506103515625 172 167.8937530517578125 165.4812469482421875
283.86248779296875 279.25 270.318756103515625 265.08123779296875 262.17498779296875 261.399993896484375 262.98126220703125 263.17498779296875 264.45001220703125 263.975006103515625 264.26873779296875 262.41876220703125 265.225006103515625 262.9375 264.38751220703125 266.60626220703125 266.51251220703125 263.225006103515625 259.28125 253.6750030517578125 242.25 232.8000030517578125 226.3625030517578125 217.4375 210.6875 210.649993896484375 209.8937530517578125 209.0625 211.943756103515625 213.8312530517578125 218.806243896484375 217.6999969482421875 214.024993896484375 209.9499969482421875 204.868743896484375 196.431243896484375 193.8874969482421875 190.993743896484375 187.600006103515625 183.181243896484375 180.8937530517578125 174.4937591552734375 169.556243896484375 164.2624969482421875
272.712493896484375 266.21875 258.57501220703125 254.5500030517578125 253.4562530517578125 250.84375 255.3125 252.149993896484375 252.712493896484375 251.806243896484375 252.149993896484375 250.087493896484375 252.631256103515625 255.0625 256.462493896484375 260.29376220703125 257.32501220703125 253.931243896484375 250.743743896484375 246.6062469482421875 235.2312469482421875 227.006256103515625 220.181243896484375 213.412506103515625 210.6374969482421875 207.368743896484375 206.4187469482421875 203.9875030517578125 203.2687530517578125 205.4187469482421875 205.3874969482421875 205.243743896484375 201.34375 198.100006103515625 195.337493896484375 189.15625 186.25 184.96875 181.806243896484375 182.15625 180.181243896484375 175.4250030517578125 171.3000030517578125 168.9499969482421875
256.125 251.725006103515625 245.087493896484375 243.368743896484375 240.006256103515625 237.506256103515625 239.6062469482421875 238.306243896484375 238.96875 240.6125030517578125 245.631256103515625 244.5437469482421875 246.4875030517578125 250.381256103515625 250.3874969482421875 249.84375 247.2687530517578125 247.118743896484375 241.274993896484375 237.0437469482421875 226.1437530517578125 219.90625 212.3874969482421875 208.4875030517578125 205.5437469482421875 203.3874969482421875 200.493743896484375 198.4562530517578125 195.412506103515625 195.1750030517578125 195.1687469482421875 193.4250030517578125 188.568756103515625 188.5749969482421875 185.5749969482421875 183.368743896484375 178.7937469482421875 177.943756103515625 175.59375 178.274993896484375 176.5 174.6875 172.0500030517578125 171.7375030517578125
240.193756103515625 235.4499969482421875 233.3125 231.6687469482421875 230.8249969482421875 227 226.162506103515625 223.875 223.943756103515625 225.9499969482421875 230.443756103515625 234.9562530517578125 236.3000030517578125 237.9562530517578125 239.9250030517578125 241.618743896484375 240.212493896484375 238.40625 230.90625 224.71875 218.087493896484375 212.8562469482421875 206.21875 201.056243896484375 199.037506103515625 195.9875030517578125 192.3000030517578125 189.2375030517578125 187.8000030517578125 186.28125 185.0500030517578125 182.443756103515625 179.006256103515625 176.631256103515625 175.399993896484375 173.0500030517578125 171.1750030517578125 167.931243896484375 168.8000030517578125 170.212493896484375 169.0749969482421875 170.3312530517578125 171.568756103515625 172.3874969482421875
223.1875 219.681243896484375 219.65625 220.5625 220.681243896484375 216.8874969482421875 211.8562469482421875 210.03125 206.850006103515625 209.84375 216.5124969482421875 222.3312530517578125 228.78125 233.71875 234.350006103515625 234.100006103515625 231.3937530517578125 229.193756103515625 222.1437530517578125 213.5625 207.850006103515625 201.5812530517578125 197.3874969482421875 192.7062530517578125 190.306243896484375 187.774993896484375 186.375 184.03125 181.6875 179.931243896484375 176.4187469482421875 172.912506103515625 167.850006103515625 166.318756103515625 160.850006103515625 160.181243896484375 157.318756103515625 159.6875 160.65625 161.0500030517578125 160.8562469482421875 160.8625030517578125 162.8125 165.975006103515625
209.75 208.5437469482421875 206.837493896484375 206.7312469482421875 205.756256103515625 202.2062530517578125 196.681243896484375 195.287506103515625 192.7687530517578125 192.3562469482421875 197.462493896484375 208.868743896484375 219.631256103515625 224.1687469482421875 226.3312530517578125 224.9250030517578125 221.8249969482421875 216.568756103515625 212.068756103515625 203.743743896484375 198.78125 193.3562469482421875 188.899993896484375 185.5749969482421875 182.600006103515625 179.65625 180.4499969482421875 178.8125 174.4875030517578125 171.625 168.4187469482421875 164.381256103515625 159.118743896484375 154.068756103515625 150.100006103515625 148.568756103515625 151.2062530517578125 149.8874969482421875 151.0812530517578125 154.225006103515625 153.6374969482421875 155.9812469482421875 156.6374969482421875 159.475006103515625
198.0749969482421875 198.4812469482421875 196.556243896484375 196.024993896484375 195.8562469482421875 190.975006103515625 186.59375 182.306243896484375 178.7062530517578125 173.3625030517578125 185.28125 205.837493896484375 215.21875 218.15625 218.462493896484375 216.3312530517578125 211.225006103515625 205.368743896484375 200.8125 191.912506103515625 188.462493896484375 184.1687469482421875 178.962493896484375 176.087493896484375 173.962493896484375 173.3249969482421875 172.693756103515625 170.743743896484375 167 164.4812469482421875 161.7312469482421875 158.3125 152.350006103515625 145.256256103515625 141.8375091552734375 142.375 143.399993896484375 143.9875030517578125 144.0749969482421875 145.0500030517578125 144.693756103515625 145.2062530517578125 149.5124969482421875 153.0749969482421875
188.006256103515625 188.1437530517578125 188.3874969482421875 187.100006103515625 187.975006103515625 184.524993896484375 180.6374969482421875 175.5625 172.1750030517578125 166.9562530517578125 189.743743896484375 210.462493896484375 214.756256103515625 216.037506103515625 213.5749969482421875 209.649993896484375 203.318756103515625 198.162506103515625 191.2624969482421875 184.5124969482421875 178.568756103515625 174.75 170.4250030517578125 167.787506103515625 165.84375 164.931243896484375 162.7062530517578125 164.53125 162.462493896484375 158.21875 153.962493896484375 150.5749969482421875 145.8249969482421875 138.0625 132.368743896484375 133.3312530517578125 135.975006103515625 136.28125 138.743743896484375 138.0625 138.15625 139.243743896484375 139.087493896484375 140.0812530517578125
