data/historical-monthly-weather-data/wc2.1_cruts4.09_10m_prec_2015-10.asc
ncols        45
nrows        45
xllcorner    -63.500000000000
yllcorner    -7.500000000000
cellsize     0.166666666667
NODATA_value -9999
[rows 19 to 37 of 45, columns 0 to 43 of 45]
56.61875152587890625 54.40625 53.424999237060546875 52.61875152587890625 51.950000762939453125 52.9375 53.88124847412109375 54.65000152587890625 56.5625 58.08750152587890625 58.00624847412109375 53.331249237060546875 48.268749237060546875 43.71250152587890625 40.96250152587890625 38.75 36.231250762939453125 34.99375152587890625 34.16249847412109375 33.424999237060546875 31.024999618530273438 29.056249618530273438 27.918750762939453125 28.225000381469726562 28.081249237060546875 27.318750381469726562 27.424999237060546875 27.25 26.081249237060546875 25.149999618530273438 24.931249618530273438 26.549999237060546875 25.418750762939453125 23.681249618530273438 21.71875 19.924999237060546875 18.818750381469726562 18.181249618530273438 17.768749237060546875 17.137500762939453125 16.287500381469726562 15.399999618530273438 14.050000190734863281 12.862500190734863281
54.825000762939453125 53.49375152587890625 53.31874847412109375 53.03125 52.78125 53.8125 55.018749237060546875 55.90000152587890625 57.768749237060546875 58.875 58.56874847412109375 54.15625 49.46875 44.9375 41.956249237060546875 39.325000762939453125 36.768749237060546875 35.28125 34.75 33.84999847412109375 32 30.181249618530273438 28.581249237060546875 28.518749237060546875 28.456249237060546875 28.03125 28.40625 28.068750381469726562 27.668750762939453125 28.506250381469726562 29.806249618530273438 31.512500762939453125 30 28.181249618530273438 26.537500381469726562 24.162500381469726562 21.912500381469726562 20.34375 19.25 18.212499618530273438 17.100000381469726562 16.137500762939453125 14.881250381469726562 13.78125
53.34999847412109375 53.03749847412109375 53.393749237060546875 53.5625 53.77500152587890625 55.11875152587890625 56.40625 57.575000762939453125 59.606250762939453125 60.268749237060546875 59.40625 55.34999847412109375 51.168750762939453125 47.47499847412109375 44.106250762939453125 41.25 38.793750762939453125 37.174999237060546875 36.18125152587890625 35.15625 32.90000152587890625 30.975000381469726562 29.493749618530273438 29.181249618530273438 28.793750762939453125 28.381250381469726562 29.268749237060546875 29.674999237060546875 30.256250381469726562 32.268749237060546875 34.58750152587890625 36.74375152587890625 34.78125 32.47499847412109375 29.887500762939453125 27.456249237060546875 24.774999618530273438 22.487499237060546875 20.837499618530273438 19.4375 18.024999618530273438 16.90625 15.737500190734863281 14.574999809265136719
52.825000762939453125 53.50624847412109375 54.356250762939453125 54.825000762939453125 54.9375 56.325000762939453125 57.83750152587890625 59.418750762939453125 61.99375152587890625 61.918750762939453125 60.50624847412109375 56.65000152587890625 53.33750152587890625 50.512500762939453125 46.91249847412109375 43.668750762939453125 40.94374847412109375 39.299999237060546875 37.94374847412109375 36.56874847412109375 34.456249237060546875 32.24375152587890625 30.487499237060546875 30.050001144409179688 29.543750762939453125 28.84375 30.131250381469726562 31.512500762939453125 32.643749237060546875 35.737499237060546875 39.30625152587890625 42.28125 39.737499237060546875 36.668750762939453125 33.418750762939453125 30.481250762939453125 27.431249618530273438 24.487499237060546875 22.412500381469726562 20.893749237060546875 19.325000762939453125 18.056249618530273438 16.78125 15.487500190734863281
53.950000762939453125 55.59999847412109375 56.987499237060546875 56.956249237060546875 56.75 58.02500152587890625 59.30625152587890625 60.924999237060546875 63.149997711181640625 63.09999847412109375 61.5 58.71250152587890625 56.28125 54.05625152587890625 50.418750762939453125 46.8125 43.84375 41.91249847412109375 40.21250152587890625 38.53125 36.44374847412109375 34.4375 32.450000762939453125 31.868749618530273438 31.193750381469726562 30.306249618530273438 31.4375 33.53749847412109375 35.84999847412109375 39.8125 44.143749237060546875 47.549999237060546875 44.731250762939453125 41.018749237060546875 37.30625152587890625 33.862499237060546875 30.168750762939453125 26.518749237060546875 24.181249618530273438 22.28125 20.443750381469726562 19.137500762939453125 17.793750762939453125 16.418750762939453125
57.043750762939453125 58.84375 60.25 59.418750762939453125 58.71250152587890625 59.59999847412109375 60.49375152587890625 61.393749237060546875 63.018749237060546875 63.47499847412109375 62.80625152587890625 61.15000152587890625 59.77500152587890625 58.24375152587890625 54.30625152587890625 50.487499237060546875 47.09375 44.856250762939453125 42.862499237060546875 40.94374847412109375 38.83750152587890625 36.581249237060546875 34.793750762939453125 34.106250762939453125 33.487499237060546875 33.106250762939453125 34.5625 36.84375 39.53125 44 48.77500152587890625 52.262500762939453125 49.49375152587890625 45.34375 41.30625152587890625 37.049999237060546875 32.924999237060546875 28.993749618530273438 26.256250381469726562 24.043750762939453125 21.887500762939453125 20.443750381469726562 19 17.731250762939453125
60.768749237060546875 62.081249237060546875 62.081249237060546875 61.375 60.262500762939453125 60.75624847412109375 61.299999237060546875 61.78749847412109375 63.293750762939453125 64.19374847412109375 63.71250152587890625 63.49375152587890625 63.174999237060546875 62.450000762939453125 58.59375 54.418750762939453125 50.799999237060546875 48.174999237060546875 45.918750762939453125 43.75 41.637500762939453125 39.387500762939453125 37.58750152587890625 37.012500762939453125 36.612499237060546875 36.543750762939453125 38.5 40.84999847412109375 43.69374847412109375 48.518749237060546875 53.21875 57.24375152587890625 54.299999237060546875 49.71250152587890625 45.40000152587890625 40.549999237060546875 35.8125 31.53125 28.587499618530273438 26.049999237060546875 23.65625 22.137500762939453125 20.568750381469726562 19.287500381469726562
63.9375 63.581249237060546875 63.15625 62.331249237060546875 61.28125 61.856250762939453125 62.25 62.65625 63.91249847412109375 64.71875 65.375 66.4499969482421875 67.44374847412109375 67.72499847412109375 63.77500152587890625 59.59999847412109375 55.5625 52.862499237060546875 50.299999237060546875 47.875 45.825000762939453125 43.625 41.831249237060546875 41.762500762939453125 41.43125152587890625 41.61875152587890625 43.83750152587890625 46.518749237060546875 49.65625 54.24375152587890625 59.174999237060546875 62.5625 58.96875 53.69374847412109375 48.46875 43.53749847412109375 38.731250762939453125 34.3125 31.40625 28.943750381469726562 26.412500381469726562 24.875 23.256250381469726562 21.806249618530273438
66.72499847412109375 65.2687530517578125 64.43125152587890625 63.52500152587890625 62.487499237060546875 62.91249847412109375 63.443752288818359375 63.625 64.8249969482421875 66.0124969482421875 66.96250152587890625 69.22499847412109375 71.78125 72.9499969482421875 69.25624847412109375 64.9875030517578125 61.00624847412109375 57.8125 55.11875152587890625 52.68125152587890625 50.5 48.34375 46.862499237060546875 46.768749237060546875 46.68125152587890625 47.168750762939453125 49.856250762939453125 52.981250762939453125 56.043750762939453125 60.375 64.78125 67.9875030517578125 63.53125 57.34375 51.61875152587890625 46.418750762939453125 41.46250152587890625 37.25 34.356250762939453125 32 29.756250381469726562 28.043750762939453125 26.075000762939453125 24.674999237060546875
69.3625030517578125 67.125 65.75 64.84375 63.862499237060546875 63.9375 64.16249847412109375 64.5124969482421875 65.9187469482421875 67.52500152587890625 69.13124847412109375 72.5124969482421875 76.09999847412109375 78.30625152587890625 75.0187530517578125 70.7937469482421875 66.9499969482421875 63.556247711181640625 60.512500762939453125 57.875 55.612499237060546875 53.625 52.19374847412109375 52.231250762939453125 52.362499237060546875 53.200000762939453125 56.237499237060546875 59.625 63.25624847412109375 67.0625 70.65625 73.3249969482421875 68.05625152587890625 61.118747711181640625 54.706249237060546875 49.518749237060546875 44.53125 40.11875152587890625 37.09375 34.74375152587890625 32.700000762939453125 30.918750762939453125 28.899999618530273438 27.799999237060546875
71.09375 68.625 67.06874847412109375 65.72499847412109375 64.8562469482421875 64.8312530517578125 65.33750152587890625 66.1374969482421875 68.15625 69.9812469482421875 72.375 76.2312469482421875 80.6875 83.7624969482421875 81.3000030517578125 78.24375152587890625 74.78749847412109375 71.58124542236328125 68.17499542236328125 64.90000152587890625 62.8125 60.91249847412109375 59.38124847412109375 59.4375 59.987499237060546875 61.362499237060546875 64.53125 67.94374847412109375 71.2624969482421875 74.0437469482421875 76.8000030517578125 78.4187469482421875 72.78125 65.91249847412109375 59.28749847412109375 54.00624847412109375 48.918750762939453125 44.512500762939453125 40.93125152587890625 38.112499237060546875 35.86875152587890625 34.793750762939453125 33.325000762939453125 32.731250762939453125
72.43125152587890625 69.7624969482421875 68.2937469482421875 66.5625 65.75624847412109375 66.3562469482421875 67.03749847412109375 68.13124847412109375 70.3937530517578125 72.6750030517578125 75.78749847412109375 80.46250152587890625 85.8125 89.6687469482421875 88.0187530517578125 86.0812530517578125 83.86875152587890625 80.21875 76.4187469482421875 72.95000457763671875 70.6062469482421875 68.7312469482421875 67.25624847412109375 67.4875030517578125 68.34999847412109375 69.7937469482421875 73.0812530517578125 76.56874847412109375 79.68125152587890625 81.2937469482421875 82.99375152587890625 83.53125 77.68125152587890625 70.96250152587890625 64.3312530517578125 58.6875 53.606250762939453125 49.15000152587890625 45.05625152587890625 40.924999237060546875 38.6875 38.46875 37.97499847412109375 37.487499237060546875
73.3312530517578125 70.61875152587890625 68.90625 67.6875 67.46875 67.78125 68.65625 70.0625 72.7312469482421875 75.63124847412109375 79.1750030517578125 84.7624969482421875 90.5500030517578125 95.5 95.5500030517578125 94.75 93.0812530517578125 88.8937530517578125 85.21875 81.5 79.0124969482421875 77.02500152587890625 75.5812530517578125 75.8937530517578125 77.05625152587890625 78.5749969482421875 81.9250030517578125 85.5 88.41249847412109375 89.1125030517578125 89.49375152587890625 88.69374847412109375 82.81874847412109375 76.3562469482421875 69.53125 63.90625 58.77500152587890625 54.15000152587890625 49.456249237060546875 45.418750762939453125 43.293750762939453125 43.456249237060546875 43.237499237060546875 43.200000762939453125
75.02500152587890625 72.1750030517578125 70.61875152587890625 69.8000030517578125 69.34999847412109375 69.875 70.81874847412109375 72.2687530517578125 75.3249969482421875 79 84.4375 90.4875030517578125 97.5187530517578125 103.99375152587890625 105.1437530517578125 105.1687469482421875 104.03125 99.88124847412109375 95.75624847412109375 91.8312530517578125 89.09999847412109375 86.9375 85.1750030517578125 85.7312469482421875 86.8249969482421875 88.3249969482421875 91.6999969482421875 95.11875152587890625 97.97499847412109375 98.18125152587890625 97.50624847412109375 95.9499969482421875 89.4187469482421875 83.2687530517578125 77.28125 72.125 66.7375030517578125 61.549999237060546875 57.18125152587890625 54.193752288818359375 52.200000762939453125 52.237499237060546875 52.27500152587890625 52.34375
76.25 73.6437530517578125 72.53749847412109375 71.9562530517578125 71.2062530517578125 71.97499847412109375 73.0187530517578125 74.625 77.7624969482421875 82.18125152587890625 87.9562530517578125 96.22499847412109375 105.4375 112.28125 115.0500030517578125 116.03749847412109375 115.81874847412109375 111.7375030517578125 106.75624847412109375 102.88124847412109375 99.84999847412109375 97.3125 95.375 95.4875030517578125 96.8249969482421875 98.3937530517578125 101.50624847412109375 104.90000152587890625 107.90000152587890625 107.1999969482421875 105.90625 103.78749847412109375 97.72499847412109375 91.2062530517578125 85.78749847412109375 80.59375 75 69.7624969482421875 66.15625 63.706249237060546875 61.481250762939453125 61.55625152587890625 62.112499237060546875 62.543750762939453125
77.84999847412109375 75.61875152587890625 74.43125152587890625 74.02500152587890625 73.3625030517578125 74.25 75.30625152587890625 77.1062469482421875 80.00624847412109375 84.84999847412109375 91.78125 101.72499847412109375 112.90000152587890625 122.0500030517578125 124.9875030517578125 127.05625152587890625 127.88124847412109375 123.5812530517578125 118.47499847412109375 113.84375 110.78125 107.77500152587890625 105.6062469482421875 105.4250030517578125 106.6750030517578125 108.21875 111.52500152587890625 115.2687530517578125 118.1687469482421875 116.4875030517578125 114.13124847412109375 111.6437530517578125 105.83750152587890625 100.03749847412109375 94.46250152587890625 88.84999847412109375 83.22499847412109375 78.7375030517578125 75.56874847412109375 73.1125030517578125 71.0812530517578125 70.93125152587890625 71.65000152587890625 72.21875
81.8125 79.53125 78.71875 77.96250152587890625 77.36875152587890625 78.38124847412109375 79.21875 80.59999847412109375 83.27500152587890625 87.6437530517578125 95.5 106.8125 119.7687530517578125 129.993743896484375 134.6062469482421875 137.6875 139.1875 135.28125 130.2624969482421875 125.36875152587890625 122.24375152587890625 119.28125 116.1750030517578125 115.875 116.6875 117.7062530517578125 120.63124847412109375 124.25 126.9499969482421875 125.3000030517578125 122.5437469482421875 119.8000030517578125 114.4499969482421875 109.65625 104.0625 98.30625152587890625 94 89.40000152587890625 86.4375 84 82.2687530517578125 82.33750152587890625 82.28749847412109375 83.1750030517578125
86.1750030517578125 83.93125152587890625 83.13124847412109375 82.46875 81.9375 82.77500152587890625 83.4375 84.43125152587890625 86.50624847412109375 89.4375 98.4875030517578125 113.22499847412109375 126.15625 136.34375 142.9812469482421875 147.881256103515625 150.2687530517578125 146.756256103515625 141.5500030517578125 136.443756103515625 133.09375 129.756256103515625 126.8874969482421875 125.99375152587890625 126.22499847412109375 127.08750152587890625 129.631256103515625 133.0625 135.993743896484375 134.0500030517578125 131.399993896484375 127.97499847412109375 123.97499847412109375 119.8000030517578125 114.1374969482421875 109.4875030517578125 105.15625 101.1999969482421875 98.24375152587890625 95.5749969482421875 93.71250152587890625 93.03125 93.28749847412109375 94.43125152587890625
89.36875152587890625 87.38124847412109375 86.7062530517578125 86.3312530517578125 86.13124847412109375 87.0812530517578125 88.40000152587890625 89.56874847412109375 91.96250152587890625 94.0437469482421875 106.80625152587890625 122.4187469482421875 134.0749969482421875 144.306243896484375 151.6374969482421875 157.587493896484375 160.7062530517578125 157.381256103515625 152.5187530517578125 147.181243896484375 143.34375 139.2062530517578125 136.09375 134.787506103515625 135.1999969482421875 135.943756103515625 137.962493896484375 141.28125 144.0812530517578125 142.3312530517578125 138.975006103515625 136.0999908447265625 132.9250030517578125 129.056243896484375 124.61875152587890625 119.8249969482421875 116.3125 112.2624969482421875 109.96875 107.6062469482421875 104.6437530517578125 104.21250152587890625 103.63124847412109375 104.0437469482421875
