data/historical-monthly-weather-data/wc2.1_cruts4.09_10m_prec_1978-09.asc
ncols        51
nrows        45
xllcorner    -63.500000000000
yllcorner    -7.500000000000
cellsize     0.166666666667
NODATA_value -9999
[rows 0 to 18 of 45, columns 0 to 43 of 51]
202.0812530517578125 193.181243896484375 188.03125 186.587493896484375 182.693756103515625 178.6374969482421875 170.4187469482421875 161.03125 155.7375030517578125 151.375 149.3249969482421875 149.4375 149.6875 148.068756103515625 147.2624969482421875 145.4562530517578125 144.9187469482421875 140.90625 137.9812469482421875 134.1687469482421875 131.993743896484375 127.91249847412109375 124.7687530517578125 120.50624847412109375 115.65625 112.6062469482421875 109.71875 106.71875 102.28749847412109375 97.80625152587890625 92.46250152587890625 88.28125 85.81874847412109375 81.90625 79.0187530517578125 78.4375 79.08750152587890625 79.81874847412109375 81.25 83.1750030517578125 85.375 87.50624847412109375 88.66249847412109375 90.15000152587890625
195.4875030517578125 186.84375 186.100006103515625 188.881256103515625 192.3625030517578125 185.649993896484375 176.7624969482421875 171.7687530517578125 167.587493896484375 163.787506103515625 161.9875030517578125 161.4875030517578125 161.337493896484375 158.662506103515625 156.899993896484375 155.649993896484375 153.149993896484375 149.493743896484375 145.8562469482421875 142.1999969482421875 138.9875030517578125 136.84375 133.3625030517578125 129.318756103515625 122.94374847412109375 118.75 115.4375 111.6750030517578125 105.59375 101.06874847412109375 96.44374847412109375 93.2312469482421875 89.8562469482421875 87.0124969482421875 84.2624969482421875 83.71250152587890625 84.3874969482421875 85.50624847412109375 86.9250030517578125 88.8937530517578125 91.3312530517578125 93.46250152587890625 95.2687530517578125 95.72499847412109375
181.037506103515625 175.774993896484375 177.1062469482421875 182.40625 187.1437530517578125 186.587493896484375 182.53125 179.75 178.3562469482421875 176.6687469482421875 175.9812469482421875 175.21875 174.756256103515625 171.46875 167.899993896484375 166.212493896484375 162.625 159.0187530517578125 155.2624969482421875 151.912506103515625 148.7624969482421875 145.8249969482421875 142.9375 138.225006103515625 131.2312469482421875 125.11875152587890625 122.1875 116.4375 109.65625 104.41249847412109375 99.03749847412109375 95.3937530517578125 93.1999969482421875 90.3000030517578125 87.59375 86.5187530517578125 86.90625 88.09375 89.93125152587890625 92.40625 95.1999969482421875 96.97499847412109375 99.4375 100.4812469482421875
163.337493896484375 159.8000030517578125 167.681243896484375 172.506256103515625 177.912506103515625 181.7062530517578125 184.287506103515625 188.4375 190.5812530517578125 191.756256103515625 191.4562530517578125 190.34375 186.9375 184.3249969482421875 179.8937530517578125 176.5 172.8874969482421875 169.287506103515625 167.15625 164.787506103515625 161.3937530517578125 156.4875030517578125 151.8874969482421875 146.21875 137.7687530517578125 131.28125 126.09999847412109375 117.90000152587890625 111.16249847412109375 106.3125 101.59999847412109375 96.8312530517578125 93.86875152587890625 91.0124969482421875 87.9562530517578125 88.61875152587890625 89.59375 90.46250152587890625 92.93125152587890625 94.93125152587890625 97.19374847412109375 99.06874847412109375 101.4499969482421875 103.3000030517578125
162.806243896484375 154.8312530517578125 154.7312469482421875 160.024993896484375 169.625 177.8625030517578125 184.524993896484375 193.087493896484375 199.84375 203.475006103515625 204.65625 201.1125030517578125 198.84375 197.875 192.8937530517578125 188.0812530517578125 183.1437530517578125 179.4562530517578125 177.3000030517578125 174.087493896484375 172.087493896484375 164.756256103515625 160.399993896484375 153.59375 144.193756103515625 136.4375 127.97499847412109375 120.15625 112.4875030517578125 106.69374847412109375 102.2687530517578125 96.83750152587890625 93.5187530517578125 91.38124847412109375 89.40625 89.3562469482421875 90.1687469482421875 91.83750152587890625 94.68125152587890625 96.97499847412109375 99.1374969482421875 100.66875457763671875 102.3937530517578125 104.99375152587890625
160.5187530517578125 151.8874969482421875 149.3125 146.9562530517578125 156.65625 171.5625 182.25 191.0437469482421875 198.818756103515625 205.7624969482421875 207.5625 204.4562530517578125 203.118743896484375 203.15625 198.131256103515625 195.15625 191.1374969482421875 187.8249969482421875 186.46875 185.056243896484375 179.4812469482421875 172.0625 165.693756103515625 156.1687469482421875 147.0625 137.6687469482421875 128.40625 120.7062530517578125 112.3562469482421875 106.25 101.7375030517578125 99.0625 96.125 93.96875 91.8625030517578125 92.7687530517578125 93.42499542236328125 95.65000152587890625 98.77500152587890625 100.4187469482421875 99.3312530517578125 100.5 102.02500152587890625 104.93125152587890625
160.3125 152.1999969482421875 149.3625030517578125 147.0124969482421875 151.2937469482421875 161.381256103515625 174.6062469482421875 186.618743896484375 193.725006103515625 199.431243896484375 204.6437530517578125 204.6374969482421875 205.4875030517578125 205.7312469482421875 202.8874969482421875 201.03125 198.837493896484375 198.6437530517578125 197.618743896484375 195.318756103515625 187.1374969482421875 178.287506103515625 168.4250030517578125 157.537506103515625 148.274993896484375 138.8312530517578125 129.375 121.0437469482421875 111.71875 105.3874969482421875 101.46250152587890625 98.0124969482421875 96.3249969482421875 95.40625 94.25624847412109375 93.9250030517578125 94.63124847412109375 97.84375 102.28749847412109375 101.19374847412109375 98.8937530517578125 98.6125030517578125 99.84999847412109375 102.9812469482421875
160.7624969482421875 152.5812530517578125 150.0625 150.8000030517578125 155.0437469482421875 166.21875 174.9499969482421875 179.5749969482421875 183.3312530517578125 190.9250030517578125 200.4250030517578125 203.443756103515625 206.1187591552734375 207.1687469482421875 207.6999969482421875 205.3312530517578125 204.5500030517578125 207.0625 207.975006103515625 203.037506103515625 194.2687530517578125 183.1437530517578125 171.90625 158.975006103515625 148.2312469482421875 138.162506103515625 127.84375 118.3625030517578125 110.02500152587890625 104.03125 100.25624847412109375 96.8625030517578125 95.49375152587890625 95.5187530517578125 93.8874969482421875 93.11875152587890625 93.27500152587890625 94.9499969482421875 96.46875 95.4812469482421875 92.84375 92.13124847412109375 93.2312469482421875 95.1875
162.693756103515625 155.9875030517578125 155.15625 156.1125030517578125 160.0500030517578125 169.381256103515625 177.9499969482421875 182.6750030517578125 183.412506103515625 185.6687469482421875 194.649993896484375 198.2937469482421875 203.618743896484375 204.84375 206.818756103515625 207.0437469482421875 207.850006103515625 210.4875030517578125 212.8312530517578125 207.46875 195.475006103515625 184.8874969482421875 170.431243896484375 159.28125 146.84375 135.2687530517578125 125.1437530517578125 116.75624847412109375 109.6125030517578125 103.5124969482421875 100.47499847412109375 94.9812469482421875 91.90000152587890625 89.8125 88.4562530517578125 88.8625030517578125 89.22499847412109375 89.3125 88.71875 87.15000152587890625 84.4875030517578125 83.18125152587890625 83.7687530517578125 85.16875457763671875
162.875 157.6374969482421875 157.868743896484375 159.443756103515625 164.5124969482421875 173.84375 182.0500030517578125 186.0625 188.1062469482421875 191.337493896484375 196.2687530517578125 197.056243896484375 200.46875 203.5437469482421875 205.25 208.618743896484375 209.25 211.40625 213.3125 210.962493896484375 198.818756103515625 184.556243896484375 168.881256103515625 156.0812530517578125 142.131256103515625 130.8249969482421875 121.6374969482421875 113.71250152587890625 107.0187530517578125 102.25624847412109375 97.0500030517578125 91.22499847412109375 87.63124847412109375 85.94374847412109375 84.40000152587890625 83.86875152587890625 83.93125152587890625 83.21250152587890625 80.8937530517578125 78.66249847412109375 75.8125 74.66875457763671875 72.63124847412109375 72.8874969482421875
165.306243896484375 160.75 161.600006103515625 163.3562469482421875 168.037506103515625 178.649993896484375 186.993743896484375 188.475006103515625 189.3000030517578125 192.649993896484375 197.6875 199.443756103515625 199.4562530517578125 200.1062469482421875 202.087493896484375 205.600006103515625 206.5625 208.6750030517578125 210.4562530517578125 210.1999969482421875 201.806243896484375 187.25 169.9187469482421875 149.8312530517578125 137.75 130.1750030517578125 121.5187530517578125 112.1750030517578125 104.05625152587890625 98.8874969482421875 93.875 87.99375152587890625 84.3312530517578125 81.65000152587890625 79.6374969482421875 78.31874847412109375 77.49375152587890625 76.02500152587890625 74.0437469482421875 70.4812469482421875 66.53749847412109375 64.52500152587890625 63.606250762939453125 61.93125152587890625
165.96875 162.100006103515625 163.431243896484375 166.743743896484375 171.375 180.9187469482421875 189.8874969482421875 191.412506103515625 190.274993896484375 191.243743896484375 195.6687469482421875 198.5812530517578125 196.162506103515625 194.7062530517578125 198.96875 201.193756103515625 202.868743896484375 202.6999969482421875 204.4250030517578125 207.7937469482421875 203.087493896484375 188.8562469482421875 170.243743896484375 148.4875030517578125 134.6062469482421875 125.08750152587890625 115.9812469482421875 107.34375 98.80625152587890625 93.6999969482421875 88.38124847412109375 82.75 79 76.82500457763671875 75.5187530517578125 73.80625152587890625 72.16249847412109375 70.40625 66.3125 61.5625 57.16249847412109375 54.53125 53.43125152587890625 51.50624847412109375
165.3625030517578125 162.1374969482421875 163.2937469482421875 165.399993896484375 169.006256103515625 177.100006103515625 183.5437469482421875 185.40625 186.568756103515625 188.181243896484375 190.59375 194.243743896484375 193.943756103515625 188.59375 189.78125 193.5625 195.0250091552734375 195.6437530517578125 197.7687530517578125 200.431243896484375 197.6687469482421875 186.431243896484375 168.600006103515625 148.25 130.181243896484375 119.24375152587890625 111.5625 103.78125 95.97499847412109375 89.95000457763671875 83.3312530517578125 77.34999847412109375 74 70.84999847412109375 69.1374969482421875 68.27500152587890625 68.1374969482421875 67.0437469482421875 63.6875 56.59999847412109375 50.00624847412109375 48.02500152587890625 46.03749847412109375 40.55625152587890625
163.462493896484375 160.337493896484375 160.4375 162.0124969482421875 165.40625 170.5749969482421875 175.125 178.568756103515625 179.9499969482421875 182.3562469482421875 183.0812530517578125 183.725006103515625 184.256256103515625 181.2937469482421875 178.6750030517578125 182.9375 184.774993896484375 184.6687469482421875 185.1062469482421875 187.6062469482421875 184.743743896484375 174.5625 161.5749969482421875 146.881256103515625 131.037506103515625 118.33750152587890625 109.34999847412109375 100.53125 91.93125152587890625 85.72499847412109375 80.26874542236328125 73.59375 69.3249969482421875 65.9499969482421875 64.33750152587890625 64.97499847412109375 66.5187530517578125 67.97499847412109375 65.44374847412109375 59.27500152587890625 48.543750762939453125 42.56874847412109375 40.59375 38.53125
160.4812469482421875 156.5500030517578125 156.1875 157.556243896484375 160.556243896484375 162.600006103515625 167.5812530517578125 170.1437530517578125 171.3562469482421875 174.5625 173.912506103515625 173.837493896484375 173.1437530517578125 170.5124969482421875 166.149993896484375 166.931243896484375 169.556243896484375 171.087493896484375 170.556243896484375 172.90625 171.2624969482421875 165.2375030517578125 156.818756103515625 146.7437591552734375 136.0625 124.2624969482421875 112.96250152587890625 101.15625 90.71250152587890625 84.09999847412109375 76.1437530517578125 69.3000030517578125 65.6875 61.94374847412109375 58.74375152587890625 61.06874847412109375 66.5437469482421875 72.84375 73.55625152587890625 66.4187469482421875 56.793750762939453125 49.22499847412109375 45.47499847412109375 41.71875
155.8562469482421875 151.625 151.912506103515625 152.756256103515625 153.8249969482421875 157.0625 160.274993896484375 162.0625 164.125 167.162506103515625 166.162506103515625 164.462493896484375 162.6125030517578125 160.243743896484375 156.1750030517578125 152.462493896484375 154.1750030517578125 157.506256103515625 157.568756103515625 160.475006103515625 158.7375030517578125 157.100006103515625 154.7062530517578125 149.5374908447265625 141.212493896484375 128.7062530517578125 115.16249847412109375 102.9187469482421875 92.1750030517578125 83.7624969482421875 76.96875 68.74375152587890625 63.493747711181640625 60.168750762939453125 55.90625 60.924999237060546875 70 77.2687530517578125 81.2624969482421875 76.3625030517578125 68.8249969482421875 58.799999237060546875 50.375 43.706249237060546875
149.225006103515625 145.9250030517578125 146.943756103515625 147.975006103515625 148.600006103515625 151.743743896484375 154.350006103515625 156.59375 158.287506103515625 159.6875 159.5437469482421875 157.212493896484375 153.506256103515625 150.149993896484375 148.5124969482421875 145.8625030517578125 141.78125 143.618743896484375 146.53125 148.9562530517578125 147.681243896484375 148.381256103515625 151.3249969482421875 151.837493896484375 146.6125030517578125 131.75 117.3000030517578125 104.6875 93.90000152587890625 85.6875 79.83750152587890625 74.21250152587890625 67.8625030517578125 63.3125 63.762500762939453125 67.4562530517578125 74.6875 86.97499847412109375 96.5500030517578125 86.46875 73.71250152587890625 62.375 51.768749237060546875 45.43125152587890625
142.5625 140 140.162506103515625 141.5187530517578125 143.6687469482421875 147.1125030517578125 149.256256103515625 150.875 153.162506103515625 153.375 152.693756103515625 150.0812530517578125 145.96875 142.306243896484375 140.2937469482421875 138.6750030517578125 135.381256103515625 130.8249969482421875 135.6875 137.40625 137.96875 138.475006103515625 143.03125 146.462493896484375 144.25 131.53125 119.0437469482421875 106.75 95.0625 85.46250152587890625 78.5437469482421875 72.90000152587890625 74.08750152587890625 75.46875 72.9562530517578125 71.6687469482421875 80.625 90.90625 93.7375030517578125 86.0437469482421875 71.34999847412109375 60.38124847412109375 51.362499237060546875 46.78749847412109375
135.6750030517578125 132.8562469482421875 133.1687469482421875 135.537506103515625 137.7062530517578125 141.568756103515625 144.037506103515625 147.256256103515625 148.818756103515625 148.84375 147.5749969482421875 143.8562469482421875 138.9312591552734375 135.28125 132.318756103515625 132.0812530517578125 130.381256103515625 125.0625 124.7062530517578125 126.4812469482421875 130.1750030517578125 138.40625 132.7312469482421875 135.65625 136.318756103515625 131.7062530517578125 121.90625 109.24375152587890625 99.6999969482421875 88.61875152587890625 79.80625152587890625 79.25624847412109375 86.4875030517578125 88.02500152587890625 86.86875152587890625 85.30625152587890625 87.00624847412109375 88.5749969482421875 86.47499847412109375 78.18125152587890625 66.4375 57.46250152587890625 50.487499237060546875 46.88124847412109375
