data/historical-monthly-weather-data/wc2.1_cruts4.09_10m_prec_1983-07.asc
ncols        51
nrows        45
xllcorner    -63.500000000000
yllcorner    -7.500000000000
cellsize     0.166666666667
NODATA_value -9999
[rows 19 to 37 of 45, columns 0 to 42 of 51]
80.33750152587890625 83.2624969482421875 86.46875 89.8937530517578125 92.77500152587890625 98.83750152587890625 100.03749847412109375 103.13124847412109375 105.53749847412109375 104.6374969482421875 104.34375 106.7687530517578125 105.8125 104.61875152587890625 100.2312469482421875 94.21875 91.33750152587890625 100.90625 97.27500152587890625 96.40000152587890625 90.65625 95.78749847412109375 104.9875030517578125 108.5500030517578125 106.96875 99.59999847412109375 95.09999847412109375 94.65625 90.6125030517578125 86.71250152587890625 88.4375 95.5187530517578125 95.24375152587890625 94.02500152587890625 93.59999847412109375 93.77500152587890625 90.3000030517578125 84.3937530517578125 77.3874969482421875 67.3937530517578125 55.674999237060546875 47.63124847412109375 43.200000762939453125
72.03749847412109375 79.34375 86.2312469482421875 88.27500152587890625 89.9250030517578125 95.74375152587890625 98.53125 102.03749847412109375 103.33750152587890625 103.59999847412109375 102.0812530517578125 104.21250152587890625 104.66249847412109375 102.43125152587890625 98.3125 94.21250152587890625 92.875 95.06874847412109375 99.34375 95.3000030517578125 99.40000152587890625 104.0187530517578125 109.9812469482421875 114.53749847412109375 112.1374969482421875 103.13124847412109375 92.83750152587890625 91.2375030517578125 90.66875457763671875 89.09375 92.61875152587890625 95.94374847412109375 91.66249847412109375 91.1875 90.91249847412109375 89.66249847412109375 86.52500152587890625 79.3249969482421875 71.00624847412109375 61.59999847412109375 52.50624847412109375 46.81874847412109375 41.65625
69.2624969482421875 72.11875152587890625 80.1062469482421875 85.4250030517578125 89.36875152587890625 91.47499847412109375 94.7687530517578125 98.18125152587890625 100.5500030517578125 101.03125 101.52500152587890625 100.3874969482421875 99.50624847412109375 101.8249969482421875 101.99375152587890625 98.1750030517578125 99.8249969482421875 99.99375152587890625 102.2375030517578125 102.52500152587890625 101.0625 104.8312530517578125 110.58750152587890625 109.2062530517578125 104.0437469482421875 97.5437469482421875 96.09999847412109375 90.6437530517578125 92.69374847412109375 94.5187530517578125 94.00624847412109375 92.88124847412109375 89.34375 87.15000152587890625 84.40000152587890625 84.13124847412109375 81.02500152587890625 74.78125 67.2624969482421875 59.075000762939453125 51.0625 46.018749237060546875 41.456249237060546875
66.3874969482421875 72.6374969482421875 79.25 83.7375030517578125 87.3125 90.61875152587890625 89.22499847412109375 92.30625152587890625 95.9499969482421875 100.6437530517578125 102.52500152587890625 101.47499847412109375 103.0187530517578125 103.58750152587890625 105.86875152587890625 106.24375152587890625 103.6750030517578125 101.6125030517578125 102.3312530517578125 105.1750030517578125 109.3562469482421875 109.09375 110.3874969482421875 108.0124969482421875 106.16249847412109375 98.05625152587890625 92.66249847412109375 91.33750152587890625 89.8625030517578125 89.30625152587890625 88.6875 88.7937469482421875 84.6999969482421875 80.3562469482421875 78.8625030517578125 75.7624969482421875 74.03125 67.8312530517578125 62.799999237060546875 56.668750762939453125 49.768749237060546875 44.168750762939453125 40.075000762939453125
61.3125 69.40625 78.21875 82.52500152587890625 86.2062530517578125 87.4562530517578125 90.6062469482421875 91.75 92.53749847412109375 93.74375152587890625 96.6687469482421875 102.2312469482421875 103.8562469482421875 106.16249847412109375 105.6125030517578125 105.9250030517578125 102.84375 104.75624847412109375 105.03125 110.03125 110.2937469482421875 113.78749847412109375 114.2687530517578125 114.6062469482421875 110.7687530517578125 101.22499847412109375 97.36875152587890625 90.09999847412109375 86.38124847412109375 84.83750152587890625 84.19374847412109375 83.16249847412109375 77.75624847412109375 72.44374847412109375 72.67499542236328125 68.21875 67.1125030517578125 63.706249237060546875 59.08750152587890625 53.13124847412109375 47.393749237060546875 42.46875 38.90000152587890625
58.237499237060546875 67.0749969482421875 77.16249847412109375 82.7624969482421875 87.2062530517578125 86.9375 88.93125152587890625 90.1125030517578125 90.91249847412109375 94.1687469482421875 97.1437530517578125 97.1875 102.65625 104.18125152587890625 103.1750030517578125 101.33750152587890625 101.27500152587890625 104.6125030517578125 107.3625030517578125 110.8000030517578125 113.4875030517578125 115.59999847412109375 121.2062530517578125 117.96875 110.0625 105.65625 95.6750030517578125 87.97499847412109375 82 79.9562530517578125 75.63124847412109375 72.3125 70 66.09375 63.643749237060546875 61.84375 61.40000152587890625 57.83750152587890625 54.47499847412109375 49.893749237060546875 44.18125152587890625 40.543750762939453125 37.53125
58.44374847412109375 67.1999969482421875 73.7062530517578125 80.63124847412109375 85.0437469482421875 85.6374969482421875 86.9375 87.5749969482421875 87.41249847412109375 87.05625152587890625 93.96250152587890625 96.2062530517578125 96.75 99.08750152587890625 99.68125152587890625 99.6374969482421875 99.09999847412109375 102.61875152587890625 106.8312530517578125 109.49375152587890625 115.67499542236328125 119.1999969482421875 124.3937530517578125 121 111.72499847412109375 103.18125152587890625 94.74375152587890625 85.09999847412109375 76.75624847412109375 72.00624847412109375 67.49375152587890625 63.15625 59.893749237060546875 57.90000152587890625 57.75 56.625 55.81874847412109375 53.825000762939453125 50.61875152587890625 46.5625 42.643749237060546875 38.50624847412109375 35.38124847412109375
55.13124847412109375 60.96875 68.65000152587890625 75.4875030517578125 79.5625 81.3937530517578125 83.49375152587890625 83.80625152587890625 82.3249969482421875 86.8249969482421875 91.9499969482421875 94.09375 95.25624847412109375 95.21875 95.0437469482421875 97.50624847412109375 97.46250152587890625 99.125 104.21875 108.84375 111.96875 116.53749847412109375 123.44374847412109375 122.81874847412109375 111.0124969482421875 98.61875152587890625 89.65625 81.0812530517578125 73.11875152587890625 65.5812530517578125 61.71875 55.387500762939453125 51.88124847412109375 52.90000152587890625 52.05625152587890625 52.11875152587890625 49.950000762939453125 48.31874847412109375 46.049999237060546875 43.174999237060546875 40.46875 37.19374847412109375 33.875
52.012500762939453125 55.293750762939453125 61.918750762939453125 69.3874969482421875 73.49375152587890625 76.03749847412109375 78.375 79 80.2062530517578125 83.6374969482421875 87.125 87.99375152587890625 89.6062469482421875 90.3937530517578125 89.9562530517578125 91.19374847412109375 92.4812469482421875 95.34375 97.5 103.1437530517578125 109.6062469482421875 113.0812530517578125 115.1875 114.0437469482421875 105.96875 94.88124847412109375 85.6750030517578125 77.09999847412109375 69.14374542236328125 63.325000762939453125 58.09375 53.30625152587890625 49.91249847412109375 48.137500762939453125 47.59999847412109375 47.27500152587890625 45.21250152587890625 43.97499847412109375 42.4375 40.918750762939453125 38.36875152587890625 36.637500762939453125 32.78749847412109375
48.356250762939453125 51.28125 57.78749847412109375 61.674999237060546875 66.58124542236328125 68.25 70.30625152587890625 73.1687469482421875 74.7375030517578125 78.8874969482421875 81.71875 82.7375030517578125 84.69374847412109375 86.7062530517578125 86.7624969482421875 87.5437469482421875 89.9375 90.22499847412109375 93.65000152587890625 98.7937469482421875 103.4812469482421875 106.875 110.19374847412109375 106.3874969482421875 99.30625152587890625 90.1125030517578125 81.3125 73.03125 67.20624542236328125 61.518749237060546875 55.606250762939453125 51.15625 47.362499237060546875 44.825000762939453125 43.793750762939453125 43.21875 41.518749237060546875 40.21875 38.81874847412109375 36.59375 35.362499237060546875 33.00624847412109375 30.524999618530273438
44.362499237060546875 48 52.71250152587890625 56.049999237060546875 58.81874847412109375 61.43125152587890625 63.19374847412109375 67.47499847412109375 70.6125030517578125 73.40000152587890625 76.3874969482421875 79.2937469482421875 81.24375152587890625 81.8937530517578125 82.3125 83.15625 83.7937469482421875 85.9499969482421875 87.71250152587890625 91.03125 96.31874847412109375 99.1875 102.40625 96.9812469482421875 91.3000030517578125 84.13124847412109375 75.6999969482421875 68.625 63.262500762939453125 57.706249237060546875 52.78749847412109375 48.1875 44.34999847412109375 41.981250762939453125 40.11875152587890625 38.90625 38.41249847412109375 36.362499237060546875 34.137500762939453125 32.5 31.774999618530273438 30.256250381469726562 28.28125
41.40000152587890625 44.137500762939453125 46.081249237060546875 50.262500762939453125 53.47499847412109375 56.68125152587890625 58.71875 61.768749237060546875 65.09999847412109375 68.4499969482421875 72.125 74.27500152587890625 78.22499847412109375 77.40000152587890625 77.0500030517578125 78.4499969482421875 81.0749969482421875 80.33750152587890625 80.1062469482421875 84.9562530517578125 90.2687530517578125 92.9875030517578125 94.66249847412109375 88.25 82.16249847412109375 78.52500152587890625 71.09375 63.450000762939453125 57.237499237060546875 53.31874847412109375 49.200000762939453125 45.75 42.424999237060546875 40.112499237060546875 37.831249237060546875 35.706249237060546875 34.36875152587890625 33.28125 30.59375 28.118749618530273438 27.15625 26.875 25.556249618530273438
38.643749237060546875 39.16249847412109375 40.53125 43.043750762939453125 46.512500762939453125 50.268749237060546875 53.793750762939453125 56.53749847412109375 60.450000762939453125 62.918750762939453125 66.90000152587890625 70.78749847412109375 72.9375 75.27500152587890625 75.38124847412109375 75.90625 76.80625152587890625 75.9875030517578125 74.8249969482421875 79.30625152587890625 82.09375 85.15625 85.7062530517578125 80.0187530517578125 76.28749847412109375 71.24375152587890625 65.0187530517578125 59.49375152587890625 52.700000762939453125 49.33750152587890625 46.61875152587890625 43.331249237060546875 39.825000762939453125 37.43125152587890625 35.47499847412109375 32.893749237060546875 31.625 28.825000762939453125 26.706249237060546875 25.412500381469726562 24.487499237060546875 23.737499237060546875 22.71875
36.356250762939453125 36.206249237060546875 36.518749237060546875 38.02500152587890625 40.700000762939453125 43.81874847412109375 47.362499237060546875 50.40625 52.887500762939453125 57.549999237060546875 62.862499237060546875 65.21875 68.47499847412109375 72.2687530517578125 73.00624847412109375 71.8937530517578125 70.84999847412109375 72.5187530517578125 72.9250030517578125 75.91249847412109375 77.2312469482421875 77.7375030517578125 76.7062530517578125 72.94374847412109375 70.41249847412109375 65.52500152587890625 60.956249237060546875 54.924999237060546875 50.068752288818359375 46.268749237060546875 43.44374847412109375 40.200000762939453125 36.41249847412109375 34.24375152587890625 32.825000762939453125 31.118749618530273438 28.393749237060546875 25.84375 24.262500762939453125 23.862499237060546875 23.075000762939453125 22.662500381469726562 21.137500762939453125
34.25624847412109375 33.956249237060546875 34.41249847412109375 35.331249237060546875 36.450000762939453125 37.88124847412109375 40.575000762939453125 42.34375 46.6875 50.262500762939453125 55.612499237060546875 60.043750762939453125 64.59999847412109375 67.44374847412109375 68.15000152587890625 66.6437530517578125 66.65000152587890625 67.5625 67.9812469482421875 69.83750152587890625 71.5749969482421875 70.15625 70.5 67.6062469482421875 63.63124847412109375 59.231250762939453125 55.200000762939453125 51.137500762939453125 46.71250152587890625 43.518749237060546875 40.78749847412109375 37.44374847412109375 33.90000152587890625 32.112499237060546875 30.4375 28.268749237060546875 25.293750762939453125 23.268749237060546875 22.618749618530273438 22.043750762939453125 21.649999618530273438 21.631250381469726562 21.143749237060546875
32.700000762939453125 31.331249237060546875 32.1875 32.40000152587890625 33.33750152587890625 34.418750762939453125 35.59375 36.96250152587890625 39.456249237060546875 43.168750762939453125 48.893749237060546875 55 61.96250152587890625 66.1062469482421875 64.96250152587890625 63.674999237060546875 63.00624847412109375 63.075000762939453125 64.3125 64.53749847412109375 65.5749969482421875 65.9562530517578125 65.0124969482421875 62.06874847412109375 58.36875152587890625 54.19374847412109375 50.75624847412109375 47.21250152587890625 43.262500762939453125 38.543750762939453125 36.206249237060546875 34.53749847412109375 31.831249237060546875 29.799999237060546875 27.424999237060546875 25.393749237060546875 23.299999237060546875 21.912500381469726562 21.0625 20.28125 19.787500381469726562 19.431249618530273438 19.9375
31.256250381469726562 30.518749237060546875 31.450000762939453125 30.912500381469726562 31.34375 31.768749237060546875 32.643749237060546875 33.41249847412109375 35.174999237060546875 37.575000762939453125 42.34999847412109375 49.09375 57.362499237060546875 60.081249237060546875 60.75 60.06874847412109375 59.90000152587890625 59.231250762939453125 58.81874847412109375 59.15625 57.424999237060546875 58.987499237060546875 57.362499237060546875 54.44374847412109375 50.59999847412109375 48.91249847412109375 46.09999847412109375 43.168750762939453125 39.71250152587890625 35.72499847412109375 33.46250152587890625 32.1875 29.59375 27.818750381469726562 25.78125 23.587499618530273438 22.087499618530273438 20.725000381469726562 20.487499237060546875 19.856250762939453125 18.912500381469726562 18.8125 18.424999237060546875
29.606250762939453125 29.53125 29.987499237060546875 29.21875 29.424999237060546875 30.100000381469726562 30.5 30.756250381469726562 31.512498855590820312 32.043750762939453125 36.53125 43.643749237060546875 50.387500762939453125 53.581249237060546875 55.41249847412109375 55.72499847412109375 55.356250762939453125 53.96250152587890625 53.1875 53.44374847412109375 51.424999237060546875 50.700000762939453125 49.612499237060546875 48.09999847412109375 44.94374847412109375 43.18125152587890625 41.09375 38.44374847412109375 35.737499237060546875 33.331249237060546875 31.024999618530273438 29.149999618530273438 26.799999237060546875 25.299999237060546875 23.575000762939453125 21.506250381469726562 20.231250762939453125 19.887500762939453125 19.931249618530273438 19.075000762939453125 18.037500381469726562 17.899999618530273438 17.462499618530273438
27.306249618530273438 27.737499237060546875 27.412500381469726562 27.649999618530273438 27.793750762939453125 28.168750762939453125 28.412500381469726562 28.424999237060546875 28.987499237060546875 28.75 34.83750152587890625 41.012500762939453125 45.375 48.65000152587890625 50.987499237060546875 51.700000762939453125 50.075000762939453125 50.200000762939453125 48.543750762939453125 48.200000762939453125 46.94374847412109375 45.5 43.46250152587890625 42.362499237060546875 40.575000762939453125 38.918750762939453125 36.887500762939453125 34.83750152587890625 32.706249237060546875 30.206249237060546875 27.075000762939453125 25.899999618530273438 23.981250762939453125 22.893749237060546875 20.9375 19.143749237060546875 18.987499237060546875 18.625 18.693750381469726562 18.149999618530273438 17.318750381469726562 17.618749618530273438 17.081249237060546875
