data/historical-monthly-weather-data/wc2.1_cruts4.09_10m_prec_2020-02.asc
ncols        51
nrows        45
xllcorner    -63.500000000000
yllcorner    -7.500000000000
cellsize     0.166666666667
NODATA_value -9999
[rows 20 to 39 of 45, columns 0 to 44 of 51]
162.3125 166.9562530517578125 173.506256103515625 180.899993896484375 190.4562530517578125 200.399993896484375 211.2375030517578125 222.2312469482421875 231.6687469482421875 240.149993896484375 247.993743896484375 259.181243896484375 271.9375 284.10626220703125 280.8125 269.53125 260.26873779296875 254.056243896484375 254.412506103515625 255.1875 255.681243896484375 254.9812469482421875 253.149993896484375 252.0500030517578125 251.5124969482421875 252.287506103515625 256.91876220703125 262.07501220703125 268.212493896484375 273.41876220703125 272.54998779296875 264.850006103515625 245.1687469482421875 221.0124969482421875 198.881256103515625 207.1750030517578125 226.1875 238.96875 241.7687530517578125 237.5187530517578125 228.2937469482421875 218.53125 209.4875030517578125 200.8625030517578125 196.1437530517578125
166.524993896484375 172.9562530517578125 180.162506103515625 188.9499969482421875 198.2312469482421875 208.868743896484375 220.125 231.6374969482421875 241.912506103515625 249.4562530517578125 255.2437591552734375 262.431243896484375 270.34375 277.006256103515625 279.01873779296875 274.84375 269.4375 264.412506103515625 262.15625 261.274993896484375 257.681243896484375 254.9875030517578125 254.2312469482421875 252.9562530517578125 253.21875 255.493743896484375 261.375 267.20623779296875 274.48126220703125 281.26873779296875 283.65625 277.13751220703125 260.149993896484375 242.087493896484375 229.3562469482421875 232.8625030517578125 245.1687469482421875 253.1437530517578125 251.399993896484375 244.28125 234.6125030517578125 224.5437469482421875 214.1875 204.2312469482421875 199.1750030517578125
172.287506103515625 180.649993896484375 187.662506103515625 196.618743896484375 205.8874969482421875 217.6062469482421875 228.162506103515625 240.3375091552734375 251.875 257.056243896484375 259.35626220703125 261.712493896484375 264.28125 269.54376220703125 275.66876220703125 276.993743896484375 274.86248779296875 271.1875 267.443756103515625 263.600006103515625 258.9375 254.2687530517578125 251.443756103515625 250.287506103515625 252.225006103515625 256.412506103515625 262.86248779296875 269.88751220703125 278.86248779296875 287.91876220703125 294.0625 294.056243896484375 279.82501220703125 267.58123779296875 263.881256103515625 267.756256103515625 272.850006103515625 273.618743896484375 265.806243896484375 253.506256103515625 241.5812530517578125 230.350006103515625 218.818756103515625 208.0187530517578125 202.693756103515625
177.4250030517578125 185.7687530517578125 193.3937530517578125 201.6999969482421875 211.556243896484375 223.631256103515625 235.412506103515625 246.65625 257.368743896484375 260.70623779296875 261.5625 261.34375 258.243743896484375 264.787506103515625 272.631256103515625 275.70623779296875 275.381256103515625 273.25 269.212493896484375 264.162506103515625 257.818756103515625 251.7312469482421875 247.4562530517578125 246.725006103515625 249.625 253.28125 261.818756103515625 270.92498779296875 280.306243896484375 290.98748779296875 299.337493896484375 302.112518310546875 294.15625 288.40625 290.237518310546875 296.649993896484375 298.4375 291.875 278.9375 264.243743896484375 251.0625 238.0500030517578125 225.7937469482421875 214.9375 210.431243896484375
185.537506103515625 192.475006103515625 199.8312530517578125 208.774993896484375 219.65625 230.2687530517578125 241.524993896484375 251.787506103515625 259.64373779296875 263.84375 265.33123779296875 265.443756103515625 265.70623779296875 269.631256103515625 273.931243896484375 277.118743896484375 278.20001220703125 275.818756103515625 271.38751220703125 265.36248779296875 258.0625 249.681243896484375 243 241.4250030517578125 244.131256103515625 251.962493896484375 260.58123779296875 271.25 281.01251220703125 291.21875 298.89373779296875 302.524993896484375 301.318756103515625 301.13751220703125 304.79998779296875 307.33123779296875 307.29998779296875 300.556243896484375 286.993743896484375 272.399993896484375 259.056243896484375 245.3000030517578125 232.881256103515625 222.8312530517578125 217.462493896484375
198.9562530517578125 204.96875 210.7312469482421875 219.068756103515625 229.15625 239.1062469482421875 248.256256103515625 257.149993896484375 263.912506103515625 268.34375 270.64373779296875 272.40625 274.83123779296875 277.04376220703125 280.04998779296875 281.66876220703125 282.26251220703125 279.399993896484375 275.318756103515625 268.587493896484375 259.45001220703125 248.318756103515625 238.5124969482421875 234.53125 240.3562469482421875 250.274993896484375 261.98748779296875 271.756256103515625 281.818756103515625 290.29376220703125 296.96875 301.60626220703125 303.98748779296875 307.10626220703125 311.48748779296875 312.33123779296875 311.25 306.16876220703125 291.98748779296875 278.26251220703125 265.537506103515625 251.912506103515625 238.8125 228.8312530517578125 225.2687530517578125
216.3000030517578125 221.8249969482421875 226.46875 234.1437530517578125 241.975006103515625 249.1999969482421875 256.912506103515625 262.88751220703125 268.57501220703125 273.412506103515625 276.79376220703125 279.149993896484375 282.212493896484375 284.96875 286.837493896484375 288.6875 288.51873779296875 285.618743896484375 280.693756103515625 273.181243896484375 262.70001220703125 250.806243896484375 238.212493896484375 232.4187469482421875 241.3125 252.1374969482421875 263.368743896484375 273.23748779296875 281.92498779296875 289.67498779296875 296.42498779296875 300.14373779296875 304.431243896484375 311.462493896484375 315.368743896484375 316.67498779296875 316.125 311.29998779296875 298.86248779296875 285.506256103515625 272.92498779296875 259.28125 246.3125 236.318756103515625 235.1999969482421875
235.40625 239.899993896484375 244.15625 249.774993896484375 255.274993896484375 259.64373779296875 265.712493896484375 271.39373779296875 275.837493896484375 280.46875 283.23126220703125 285.837493896484375 288.70623779296875 291.39373779296875 293.524993896484375 295.54376220703125 295.125 293.45623779296875 288.056243896484375 281.006256103515625 271.04376220703125 259.20001220703125 249.8249969482421875 245.4875030517578125 249.6750030517578125 258.35626220703125 267.90625 276.76873779296875 284.26873779296875 291.287506103515625 297.17498779296875 301.774993896484375 308.818756103515625 314.48126220703125 318.91876220703125 320.975006103515625 319.78125 317.20001220703125 305.056243896484375 291.70623779296875 279.53125 267.068756103515625 254.65625 246.0562591552734375 247.131256103515625
253.3562469482421875 258.04376220703125 260.587493896484375 264.48748779296875 268.625 271.056243896484375 275.15625 279.056243896484375 283.225006103515625 287.40625 289.98126220703125 292.412506103515625 294.806243896484375 298.61248779296875 301.350006103515625 304.42498779296875 305.4375 302.787506103515625 299.024993896484375 291.756256103515625 282.568756103515625 271.29376220703125 264.16876220703125 260.84375 261.631256103515625 266.70623779296875 274.774993896484375 282.037506103515625 289.556243896484375 295.587493896484375 299.625 304.64373779296875 311.15625 317.524993896484375 323.443756103515625 324.875 325.73126220703125 324.29998779296875 314.28125 300.3125 286.125 273.618743896484375 264.431243896484375 259.45001220703125 262.25
267.09375 270.35626220703125 271.95623779296875 274.125 277.83123779296875 279.5625 281.79376220703125 284.58123779296875 287.462493896484375 291.57501220703125 294.71875 298.57501220703125 302.131256103515625 306.962493896484375 310.95001220703125 313.324981689453125 315.806243896484375 316.03125 313.068756103515625 305.443756103515625 295.39373779296875 285.58123779296875 278.868743896484375 274.66876220703125 273.54376220703125 276.412506103515625 282.13751220703125 287.318756103515625 293.13751220703125 298.100006103515625 303.306243896484375 308.61248779296875 314.64373779296875 321.725006103515625 327.41876220703125 330.73748779296875 332.006256103515625 332.88751220703125 322.850006103515625 310.4375 301.26251220703125 291.96875 283.40625 280.36248779296875 278.84375
278.068756103515625 280.83123779296875 280.493743896484375 282.118743896484375 284.212493896484375 285.818756103515625 287.39373779296875 289.70001220703125 292.212493896484375 295.41876220703125 300.36248779296875 305.82501220703125 311.375 315.58123779296875 319.36248779296875 323.48126220703125 327.14373779296875 328.83123779296875 327.95623779296875 320.25 309.57501220703125 299.04998779296875 291.524993896484375 286.5625 284.306243896484375 285.73748779296875 289.29998779296875 293.17498779296875 297.38751220703125 301.943756103515625 307.068756103515625 312.76873779296875 320.475006103515625 328.256256103515625 334.899993896484375 337.568756103515625 340.66876220703125 343.83123779296875 334.975006103515625 323.39373779296875 317.01873779296875 311.95001220703125 305.774993896484375 300.431243896484375 299.10626220703125
284.38751220703125 287.13751220703125 286.912506103515625 288.3125 289.412506103515625 290.03125 291.61248779296875 292.493743896484375 294.70001220703125 299.0625 304.15625 311.225006103515625 318.48126220703125 324.76873779296875 329.1875 334.568756103515625 336.13751220703125 337.162506103515625 336.1875 330.912506103515625 321.125 311.63751220703125 303 297.850006103515625 295.34375 294.98126220703125 296.57501220703125 298.96875 302.04376220703125 307.337493896484375 312.60626220703125 317.962493896484375 326.20623779296875 334.225006103515625 341.868743896484375 346.03125 350.70001220703125 354.125 346.493743896484375 340.46875 338.88751220703125 335.51873779296875 330.568756103515625 327.162506103515625 327.70623779296875
283.568756103515625 286.774993896484375 287.73748779296875 289.01251220703125 289.631256103515625 290.34375 290.975006103515625 292.443756103515625 295.868743896484375 301.399993896484375 309.33123779296875 317.98126220703125 328.443756103515625 337.412506103515625 342.243743896484375 345.337493896484375 346.0625 347.26873779296875 344.556243896484375 339.993743896484375 332.08123779296875 322.693756103515625 314.45001220703125 308.649993896484375 305.868743896484375 304.774993896484375 304.881256103515625 306.85626220703125 308.95001220703125 312.899993896484375 318.09375 322.600006103515625 330.45623779296875 339.818756103515625 348.78125 354.88751220703125 359.98126220703125 362.57501220703125 357.91876220703125 358.85626220703125 360.193756103515625 359.03125 357.96875 358.61248779296875 366.4375
282.26873779296875 284.82501220703125 286.181243896484375 288.39373779296875 289.193756103515625 289.181243896484375 289.92498779296875 291.85626220703125 294.33123779296875 300.806243896484375 310.70001220703125 323.76251220703125 338.54376220703125 349.59375 354.493743896484375 356.79376220703125 356.70623779296875 356.512481689453125 353.45623779296875 349.006256103515625 340.84375 331.556243896484375 324.20623779296875 318.149993896484375 315.16876220703125 313.51873779296875 312.95623779296875 313.41876220703125 315.162506103515625 319.225006103515625 323.83123779296875 328.04998779296875 337.33123779296875 346.850006103515625 355.15625 362.493743896484375 367.91876220703125 371.73126220703125 371.681243896484375 375.39373779296875 378.64373779296875 380.899993896484375 385.787506103515625 390.76251220703125 401.368743896484375
280.462493896484375 283.54376220703125 285.38751220703125 286.618743896484375 288.28125 288.475006103515625 288.024993896484375 289.04376220703125 290.83123779296875 297.25 310.412506103515625 329.462493896484375 349.4375 363.568756103515625 367.45623779296875 368.537506103515625 366.587493896484375 364.8125 362.412506103515625 357.006256103515625 349.98126220703125 340.125 332.256256103515625 325.40625 322.693756103515625 320.01251220703125 319.5625 320.037506103515625 321.20001220703125 325.100006103515625 328.35626220703125 333.66876220703125 343.131256103515625 353.60626220703125 362.306243896484375 368.82501220703125 373.91876220703125 381.73748779296875 385.475006103515625 389.068756103515625 394.662506103515625 398.149993896484375 405.056243896484375 412.88751220703125 422.524993896484375
278.243743896484375 281.76251220703125 283.425018310546875 284.0625 285.024993896484375 286.04376220703125 285.53125 285.475006103515625 286.17498779296875 292.337493896484375 308.38751220703125 331.71875 356.225006103515625 373.493743896484375 378.006256103515625 379.100006103515625 378.15625 375.45001220703125 370.33123779296875 365.506256103515625 357.54998779296875 348.712493896484375 339.625 333.29998779296875 328.868743896484375 325.84375 325.162506103515625 326.774993896484375 327.568756103515625 329.6875 332.462493896484375 336.65625 346.95001220703125 357.91876220703125 365.58123779296875 370.76251220703125 378.693756103515625 384.274993896484375 387.537506103515625 393.26251220703125 400.66876220703125 404.0625 409.70001220703125 418.98126220703125 426.35626220703125
277.23126220703125 280.587493896484375 281.45001220703125 283.725006103515625 284.375 285.337493896484375 285.037506103515625 284.306243896484375 283.07501220703125 283.100006103515625 305.53125 338.693756103515625 363.556243896484375 379.63751220703125 386.42498779296875 388.20001220703125 387.88751220703125 384.41876220703125 379.943756103515625 373.26251220703125 364.0625 354.131256103515625 345.037506103515625 338.36248779296875 333.225006103515625 330.42498779296875 329.88751220703125 331 332.587493896484375 333.58123779296875 335.04998779296875 337.89373779296875 349.1875 360.475006103515625 369.243743896484375 376.024993896484375 381.149993896484375 385.875 389.381256103515625 393.993743896484375 399.506256103515625 404.399993896484375 410.90625 419.79376220703125 426.85626220703125
276.493743896484375 279.88751220703125 281.1875 283.10626220703125 284.818756103515625 286.1875 287.125 287.75 289.29376220703125 288.16876220703125 323.3125 359.037506103515625 377.056243896484375 388.46875 394.975006103515625 397.17498779296875 395.41876220703125 391.806243896484375 385.36248779296875 377.08123779296875 367.631256103515625 356.73748779296875 348.17498779296875 341.20001220703125 336.51251220703125 333.73748779296875 333.01251220703125 334.70623779296875 336.412506103515625 337.51873779296875 336.506256103515625 338.537506103515625 349.625 361.76873779296875 370.375 377.243743896484375 381.912506103515625 386.381256103515625 389.649993896484375 392.96875 396.649993896484375 402.131256103515625 407.556243896484375 415.04998779296875 422.58123779296875
278.20623779296875 280.01251220703125 280.943756103515625 284.037506103515625 285.70623779296875 288.53125 292.556243896484375 297.587493896484375 306.89373779296875 328.63751220703125 368.96875 382.95001220703125 390.70001220703125 398.774993896484375 404.20001220703125 404.600006103515625 403.181243896484375 397.46875 388.65625 379.33123779296875 367.54376220703125 356.01251220703125 348.35626220703125 341.01873779296875 336.48748779296875 335.087493896484375 334.48748779296875 335.975006103515625 337.943756103515625 338.193756103515625 338.17498779296875 338.63751220703125 347.556243896484375 357.92498779296875 368.17498779296875 374.10626220703125 377.399993896484375 382.21875 384.118743896484375 384.35626220703125 387.475006103515625 391.056243896484375 395.875 401.91876220703125 408.162506103515625
280.40625 281.100006103515625 282.368743896484375 284.54376220703125 286.90625 291.63751220703125 297.17498779296875 306.931243896484375 321.54376220703125 345.23126220703125 372.20001220703125 388.912506103515625 400.29376220703125 408.45623779296875 412.712493896484375 413.875 411.96875 404.23126220703125 392.912506103515625 382.34375 366.556243896484375 353.75 344.79376220703125 337.95001220703125 335.83123779296875 334.875 335 336.60626220703125 338.79998779296875 338.54998779296875 337.118743896484375 338.962493896484375 348.64373779296875 356.73126220703125 363.32501220703125 368.76251220703125 371.225006103515625 373.868743896484375 375.600006103515625 374.274993896484375 375.64373779296875 378.66876220703125 382.01873779296875 385.23126220703125 390.9375
