data/historical-monthly-weather-data/wc2.1_cruts4.09_10m_prec_1999-06.asc
ncols        45
nrows        45
xllcorner    -63.500000000000
yllcorner    -7.500000000000
cellsize     0.166666666667
NODATA_value -9999
[rows 20 to 39 of 45, columns 0 to 43 of 45]
181.75 193.056243896484375 198.1750030517578125 197.0749969482421875 191.681243896484375 192.600006103515625 196.03125 195.6374969482421875 195.287506103515625 191.975006103515625 190.493743896484375 185.756256103515625 178.6750030517578125 168.037506103515625 157.8249969482421875 151.1125030517578125 141.1374969482421875 138.3000030517578125 142.6750030517578125 141.537506103515625 151.3562469482421875 159.6750030517578125 170.8000030517578125 180.631256103515625 180.1687469482421875 172.1437530517578125 157.46875 155.7312469482421875 154.8562469482421875 155.881256103515625 156.712493896484375 164.03125 156.725006103515625 154.806243896484375 154.725006103515625 162.9375 168.806243896484375 166.506256103515625 154.9812469482421875 143.5187530517578125 131.625 118.28749847412109375 114.91249847412109375 114.65000152587890625
175.1374969482421875 176.7624969482421875 185.6374969482421875 190.631256103515625 188.756256103515625 187.037506103515625 188.84375 188.2687530517578125 187.412506103515625 188.5 186.78125 179.306243896484375 171.71875 166.9562530517578125 162.131256103515625 150.8000030517578125 154.25 148.5812530517578125 153.2937469482421875 153.7062530517578125 154.537506103515625 168.3125 179.1437530517578125 178.5687408447265625 173.6750030517578125 167.381256103515625 165.2687530517578125 156.9187469482421875 159.9812469482421875 160.71875 155.3625030517578125 149.149993896484375 145.787506103515625 148.431243896484375 145.9875030517578125 148.0812530517578125 151.96875 153.931243896484375 147.375 138.6062469482421875 127.5812530517578125 118.3312530517578125 114.83750152587890625 115.22499847412109375
169.337493896484375 180.9562530517578125 188.943756103515625 192.75 191.2624969482421875 187.256256103515625 179.0625 176.787506103515625 182.4812469482421875 182.850006103515625 180.5812530517578125 178.8562469482421875 179.1750030517578125 177.1062469482421875 171.475006103515625 164.125 156.5 152.9187469482421875 155.881256103515625 160.5625 169.381256103515625 173.5749969482421875 176.006256103515625 176.46875 179.2375030517578125 172.6750030517578125 163.399993896484375 158.4250030517578125 157.4875030517578125 149.8249969482421875 143.7062530517578125 140.8874969482421875 135.9875030517578125 133.443756103515625 136.90625 134.8125 134.806243896484375 137.8312530517578125 137.818756103515625 133.5124969482421875 124.36875152587890625 117.71875 113.68125152587890625 111.4562530517578125
159.8312530517578125 173.337493896484375 187.431243896484375 187.2687530517578125 184.0749969482421875 180.2375030517578125 180.943756103515625 178.03125 175.3000030517578125 171.75 176.84375 182.6062469482421875 179.8000030517578125 180.818756103515625 171.2687530517578125 165.149993896484375 160.149993896484375 162.4562530517578125 164.100006103515625 166.431243896484375 173.024993896484375 181.4187469482421875 181.5812530517578125 187.868743896484375 182.6687469482421875 172.53125 169.5749969482421875 154.8937530517578125 147.1437530517578125 141.962493896484375 135.4250030517578125 131.5500030517578125 128.9812469482421875 124.3249969482421875 125.9875030517578125 122.9875030517578125 125.27500152587890625 128.381256103515625 127.0437469482421875 123.11875152587890625 117.5187530517578125 113.52500152587890625 110.7687530517578125 109.74375152587890625
148.787506103515625 164.6875 176.462493896484375 184.0625 184.1687469482421875 180.4187469482421875 178.337493896484375 178.306243896484375 174.4250030517578125 176.243743896484375 175.8125 176.5812530517578125 179.4562530517578125 174 165.9499969482421875 161.5500030517578125 160.318756103515625 159.868743896484375 164.068756103515625 170.787506103515625 176.78125 180.8562469482421875 189.75 192.256256103515625 180.6125030517578125 170.4187469482421875 160.9875030517578125 150.46875 140.8874969482421875 135.5812530517578125 125.1437530517578125 117.8937530517578125 115.36875152587890625 115.33750152587890625 115.28749847412109375 115.2937469482421875 116.56874847412109375 116.75624847412109375 118.2624969482421875 116.0749969482421875 112.0437469482421875 110.19374847412109375 109.46875 105.77500152587890625
144.243743896484375 162.850006103515625 166.4250030517578125 174.2312469482421875 174.2312469482421875 172.96875 170.0124969482421875 170.7937469482421875 163.5124969482421875 160.6750030517578125 166.4562530517578125 167.5812530517578125 169.7312469482421875 167.087493896484375 163.787506103515625 157.0625 156.75 161.125 166.2624969482421875 168.087493896484375 175.09375 181.15625 187.7062530517578125 186.8312530517578125 180.068756103515625 166.7937469482421875 156.587493896484375 145.9250030517578125 132.931243896484375 125.59375 115.46875 108.0625 105.74375152587890625 104.8249969482421875 104.56874847412109375 107.65625 109.4375 108.09999847412109375 107.4250030517578125 108.61875152587890625 105.6374969482421875 98.7624969482421875 97.81874847412109375 98.30625152587890625
136.5625 144.8125 153.9250030517578125 159.5 160.125 160.475006103515625 159.056243896484375 153.0437469482421875 150.0437469482421875 155.8625030517578125 162.0500030517578125 162.6062469482421875 161.131256103515625 160.7312469482421875 160.006256103515625 158.8125 155.993743896484375 155.024993896484375 161.4875030517578125 163.71875 166.943756103515625 173.412506103515625 181.4499969482421875 186.875 173.2375030517578125 160.78125 150.850006103515625 137.9562530517578125 125.60625457763671875 116.90000152587890625 109.5187530517578125 99.55625152587890625 96.5749969482421875 96.28749847412109375 96.7375030517578125 98.3249969482421875 101.7624969482421875 100.8625030517578125 98.80625152587890625 101.1062469482421875 100.75624847412109375 96.2375030517578125 92 90.65625
130.03125 132.3562469482421875 139.0749969482421875 140.899993896484375 142.0562591552734375 145.34375 146.15625 142.899993896484375 143 148.9875030517578125 152.125 153.837493896484375 151.931243896484375 150.3000030517578125 149.600006103515625 149.149993896484375 147.681243896484375 150.6437530517578125 151.2937469482421875 156.6500091552734375 161.7312469482421875 164.037506103515625 173.6999969482421875 172.6125030517578125 163.28125 150.78125 140.9812469482421875 128.681243896484375 120.36875152587890625 113.625 104.91249847412109375 97.09999847412109375 92.72499847412109375 88.84375 91.4250030517578125 92.53749847412109375 95.66249847412109375 94.38124847412109375 94.3874969482421875 95.5437469482421875 95.59375 94.3000030517578125 86.21250152587890625 86.34999847412109375
120.5812530517578125 125.51250457763671875 124.9250030517578125 124.56874847412109375 127.59999847412109375 126.34999847412109375 129.15625 132.3625030517578125 136.2687530517578125 139.0500030517578125 143.0437469482421875 143.6750030517578125 144.2312469482421875 143.6437530517578125 143.21875 143.431243896484375 144.443756103515625 144.587493896484375 148.3625030517578125 153.212493896484375 153.9250030517578125 154.943756103515625 158.368743896484375 156.0437469482421875 149.1125030517578125 137.756256103515625 131.9875030517578125 124.1875 114.90000152587890625 105.72499847412109375 96.8125 91.0500030517578125 86.56874847412109375 85.71250152587890625 85.28749847412109375 85.9375 90.0500030517578125 87.2624969482421875 87.78749847412109375 87.7062530517578125 86.46875 83.7312469482421875 80.71875 83.15000152587890625
112.63124847412109375 113.91249847412109375 113.77500152587890625 112.34999847412109375 113.49375152587890625 116.02500152587890625 118.1999969482421875 124.55625152587890625 127.13750457763671875 131.181243896484375 134.806243896484375 137.100006103515625 138.506256103515625 138.875 136.962493896484375 135.181243896484375 134.774993896484375 138.3000030517578125 136.712493896484375 136.1062469482421875 140.756256103515625 142.537506103515625 145.1125030517578125 142.8874969482421875 134.725006103515625 129.7312469482421875 122.86875152587890625 114.66249847412109375 106.8874969482421875 97.9375 90.5 84.6687469482421875 82.28125 81.6687469482421875 82.4375 81.1062469482421875 85.90625 83.40625 79.7375030517578125 82.97499847412109375 81.21250152587890625 78.27500152587890625 77.7062530517578125 75.7062530517578125
106.8125 105.7624969482421875 104.13124847412109375 103.77500152587890625 104.65625 106.65625 110.74375152587890625 115.22499847412109375 117.77500152587890625 123.0124969482421875 127.4812469482421875 128.1437530517578125 131.8249969482421875 127.04375457763671875 126.9250030517578125 129.7624969482421875 130.4562530517578125 129.375 128.462493896484375 129.2062530517578125 130.3937530517578125 129.399993896484375 131.443756103515625 130.3000030517578125 124.33750152587890625 120.3249969482421875 113.2312469482421875 106.5437469482421875 98.90625 91.56874847412109375 87.71250152587890625 82.61875152587890625 79.0500030517578125 76.49375152587890625 76.52500152587890625 75.6999969482421875 78.71875 78.27500152587890625 75.1999969482421875 72.375 72.7624969482421875 70.5 69.5749969482421875 68.72499847412109375
100.46875 98.91249847412109375 95.99375152587890625 96.77500152587890625 99.875 101.59999847412109375 104.1875 107.34999847412109375 110.93125152587890625 113.6125030517578125 115.27500152587890625 117.47499847412109375 117.36875152587890625 118.72499847412109375 120.81874847412109375 121.6750030517578125 118.6875 117.52500152587890625 117.66249847412109375 118.80625152587890625 119.1437530517578125 119.5625 118.05625152587890625 115.93125152587890625 113.7937469482421875 109.21250152587890625 104.3874969482421875 98.66249847412109375 91.66249847412109375 89.1875 84.09999847412109375 78.8874969482421875 76.1125030517578125 73.0437469482421875 71.9187469482421875 70.15000152587890625 70.94374847412109375 68.78749847412109375 68.13124847412109375 66.71250152587890625 67.375 65.78749847412109375 64.02500152587890625 63
94.8937530517578125 93.5812530517578125 92.8874969482421875 93.6875 93.61875152587890625 95.4562530517578125 97.91249847412109375 101.25624847412109375 102.8000030517578125 105.3312530517578125 110.5749969482421875 111.19374847412109375 112.0812530517578125 115.65000152587890625 117.49375152587890625 114.16249847412109375 110.4187469482421875 111.6437530517578125 111.4562530517578125 111.46250152587890625 108.91249847412109375 107.6125030517578125 107.72499847412109375 106.3249969482421875 103.33750152587890625 100.2062530517578125 95.5124969482421875 90.15625 85.55625152587890625 83.52500152587890625 80.02500152587890625 74.125 71.7937469482421875 70.57500457763671875 68.2062530517578125 66.1374969482421875 64.43125152587890625 62.299999237060546875 61.65625 62.931247711181640625 63.318752288818359375 61.4375 58.63124847412109375 56.981250762939453125
89.2624969482421875 89.4375 91.0437469482421875 90.86875152587890625 90.02500152587890625 90.71875 93.63124847412109375 94.34999847412109375 95.125 96.59999847412109375 101.59999847412109375 105.6750030517578125 107.34999847412109375 107.9375 107.59999847412109375 107.53749847412109375 106.53125 104.90625 102.0500030517578125 101.78749847412109375 100.6437530517578125 98.5437469482421875 99.59999847412109375 96.30625152587890625 94.76874542236328125 90.6437530517578125 88.2937469482421875 83.9375 81.38124847412109375 78.90625 76.69374847412109375 73.1687469482421875 67.9499969482421875 65.30625152587890625 64.06874847412109375 62.02500152587890625 59.71875 57.34999847412109375 56.96875 57.15625 56.106250762939453125 55.77500152587890625 54.21250152587890625 50.043750762939453125
85.8125 84.34999847412109375 86.9562530517578125 88.75624847412109375 87.8562469482421875 85.78749847412109375 85.71875 87.3562469482421875 88.41249847412109375 89.6062469482421875 96.8312530517578125 101.8249969482421875 104.4187469482421875 108.7937469482421875 108.0749969482421875 104.71875 100.75624847412109375 96.25624847412109375 93.24375152587890625 89.3249969482421875 91.21250152587890625 88.1374969482421875 87.3249969482421875 85.08750152587890625 86.4812469482421875 84.34375 81.50624847412109375 76.9499969482421875 74.24375152587890625 71.9875030517578125 70.8937530517578125 68.97499847412109375 63.47499847412109375 60.52500152587890625 57.91249847412109375 56.69374847412109375 53.481250762939453125 53.731250762939453125 51.83750152587890625 51.86875152587890625 50.91249847412109375 49.21250152587890625 48.362499237060546875 45.84999847412109375
82.7687530517578125 81.18125152587890625 82.34375 83.96875 84.09999847412109375 82.84999847412109375 82.40625 81.94374847412109375 81.625 82.33750152587890625 86.34375 95.78125 101.6374969482421875 104.2937469482421875 103.65625 100.46875 95.34375 88.7624969482421875 84.6687469482421875 80 79.1875 80.06874847412109375 78.41249847412109375 76.69374847412109375 77.80625152587890625 76.16249847412109375 73.74375152587890625 70.3000030517578125 69.125 66.75624847412109375 64.5 62.956249237060546875 59.30625152587890625 55.706249237060546875 52.09375 51.11875152587890625 50.75 48.69374847412109375 47.81874847412109375 48.112499237060546875 47.21875 45.09375 43.93125152587890625 43.09375
77.40000152587890625 78.9375 77.9562530517578125 79.6374969482421875 80.95000457763671875 79.77500152587890625 78.8125 79.27500152587890625 78.21875 74.84999847412109375 81.59375 93.83750152587890625 100.2937469482421875 100.1750030517578125 99.0500030517578125 95.3125 90.69374847412109375 85.1437530517578125 80.28125 73.3125 71.03749847412109375 72.44374847412109375 70.75 70.0187530517578125 69.0749969482421875 68.15625 68.09999847412109375 65.2937469482421875 62.75624847412109375 59.71875 59.47499847412109375 56.862499237060546875 54.34999847412109375 51.71875 48.293750762939453125 47.25 46.9375 46.43125152587890625 44.575000762939453125 43.387500762939453125 42.38124847412109375 41.77500152587890625 39.625 41.487499237060546875
72.53125 74.2937469482421875 75.1062469482421875 77.4499969482421875 77.84999847412109375 77.41249847412109375 77.5437469482421875 77.63124847412109375 77.69374847412109375 73.7937469482421875 85.5500030517578125 96.31874847412109375 98.43125152587890625 98.63124847412109375 94.25 89.875 84.71250152587890625 80.28125 76.375 70.8874969482421875 67.13124847412109375 66.1374969482421875 63.543750762939453125 63.262500762939453125 62.0625 62.762500762939453125 62.793750762939453125 60.30625152587890625 58.018749237060546875 54.581249237060546875 52.893749237060546875 52.65000152587890625 50.78125 47.418750762939453125 44.53125 43.875 43.237499237060546875 42.125 42.86875152587890625 40.90625 39.30625152587890625 39.16249847412109375 36.72499847412109375 35.993747711181640625
69.28749847412109375 69.625 71.0625 72.8874969482421875 74.1999969482421875 75.94374847412109375 75.96250152587890625 77.65000152587890625 80.21250152587890625 89.06874847412109375 103.5124969482421875 102.6062469482421875 96.9250030517578125 93.09999847412109375 88.5 83.05625152587890625 79.43125152587890625 75.2062530517578125 71.19374847412109375 67.46875 63.018749237060546875 60.6875 58.418750762939453125 57.668750762939453125 57.1875 58.518749237060546875 57.5625 55.06874847412109375 53.25 51.71875 50.6875 49.05625152587890625 46.80625152587890625 44.918750762939453125 44.03125 42.125 41.387500762939453125 40.125 38.393749237060546875 36.856250762939453125 36.99375152587890625 37.09375 35.75624847412109375 35.06874847412109375
64.34999847412109375 65.86875152587890625 67.86875152587890625 68.55625152587890625 71.9375 74.7687530517578125 74 78.53125 82.81874847412109375 90.44374847412109375 95 96.6374969482421875 92.75 88.71250152587890625 84.58750152587890625 81.16249847412109375 75.875 71.16249847412109375 66.53125 63.181247711181640625 59.350002288818359375 57.05625152587890625 53.075000762939453125 52.97499847412109375 51.543750762939453125 51.481250762939453125 51.84999847412109375 50.34375 48.71875 46.84375 45.53749847412109375 45.049999237060546875 42.56874847412109375 42.28125 40.15000152587890625 39.137500762939453125 38.28125 38.03125 36.549999237060546875 35.268749237060546875 35.75 35.44374847412109375 33.456249237060546875 32.3125
