data/historical-monthly-weather-data/wc2.1_cruts4.09_10m_prec_1951-04.asc
ncols        45
nrows        45
xllcorner    -63.500000000000
yllcorner    -7.500000000000
cellsize     0.166666666667
NODATA_value -9999
[rows 0 to 19 of 45, columns 0 to 44 of 45]
201.881256103515625 203.1437530517578125 205.806243896484375 213.0437469482421875 217.087493896484375 220.2125091552734375 222.59375 221.1999969482421875 222.4812469482421875 227.2375030517578125 234.993743896484375 242.1999969482421875 248.28125 252.381256103515625 255.868743896484375 259.95623779296875 265.16876220703125 266.01251220703125 269.60626220703125 273.40625 277.6875 283.40625 288.29998779296875 294.64373779296875 298.65625 305.54376220703125 309.681243896484375 315.625 320.83123779296875 329.79998779296875 340.29998779296875 351.23748779296875 359.95001220703125 370.92498779296875 380.649993896484375 384.79376220703125 385.225006103515625 385.17498779296875 384.71875 381.3125 377.76873779296875 374.32501220703125 367.38751220703125 362.90625 358.043731689453125
206.681243896484375 206.4250030517578125 213 219.9875030517578125 226.7874908447265625 228.9250030517578125 230.037506103515625 232.4812469482421875 235.993743896484375 240.943756103515625 248.375 254.1687469482421875 259.837493896484375 264.15625 266.10626220703125 270.725006103515625 273.83123779296875 276.100006103515625 279.13751220703125 281.64373779296875 285.462493896484375 289.98748779296875 296.4375 301.96875 308.774993896484375 315.693756103515625 320.51251220703125 327.712493896484375 332.42498779296875 342.59375 356.20001220703125 371.024993896484375 380.88751220703125 393.475006103515625 402.256256103515625 404.475006103515625 405.86248779296875 404.54998779296875 402.125 396.39373779296875 390.59375 387.01251220703125 379.850006103515625 372.399993896484375 366.043731689453125
210.381256103515625 211.756256103515625 217.318756103515625 225.6374969482421875 233.3625030517578125 237.46875 241.149993896484375 245.9250030517578125 253.350006103515625 258.83123779296875 263.975006103515625 267.831268310546875 272.92498779296875 274.82501220703125 276.54376220703125 279.96875 282.625 285.40625 287.875 291.774993896484375 297.524993896484375 304.118743896484375 310.15625 316.92498779296875 325.84375 334.056243896484375 340.912506103515625 344.79376220703125 347.975006103515625 359.84375 373.412506103515625 387.1875 400.10626220703125 411.631256103515625 418.51251220703125 418.53125 420.881256103515625 420.83123779296875 416.475006103515625 410.58123779296875 404.26251220703125 397.912506103515625 390.38751220703125 383.32501220703125 376.368743896484375
210.5749969482421875 212.6875 221.1062469482421875 227.975006103515625 235.537506103515625 243.056243896484375 249.9250030517578125 257.60626220703125 268.431243896484375 277 281.006256103515625 282.056243896484375 283.25 285.15625 285.89373779296875 288.8125 291.931243896484375 294.806243896484375 297.73748779296875 302.64373779296875 310.98748779296875 318.931243896484375 324.975006103515625 334.287506103515625 344.39373779296875 352.21875 360.26251220703125 362.631256103515625 365.712493896484375 379.65625 393.412506103515625 407.10626220703125 416.037506103515625 426.100006103515625 432.38751220703125 434.475006103515625 434.88751220703125 433.943756103515625 431.64373779296875 423.506256103515625 416.600006103515625 411.28125 400.8125 391.4375 385.64373779296875
220.78125 219.3874969482421875 221.7375030517578125 228.53125 238.1687469482421875 247.068756103515625 254.8125 265.70623779296875 280.587493896484375 293.53125 295.26251220703125 291.26251220703125 291.75 293.70001220703125 294.006256103515625 296.23126220703125 298.399993896484375 302.181243896484375 305.774993896484375 311.0625 321.82501220703125 330.493743896484375 338.568756103515625 351.21875 360.006256103515625 369.149993896484375 375.01251220703125 381.506256103515625 387.28125 398.806243896484375 412.631256103515625 422.243743896484375 429.79998779296875 439.65625 446.600006103515625 447.600006103515625 445.806243896484375 444.6875 442.875 435.118743896484375 429.51873779296875 419.26251220703125 409.45623779296875 401.78125 393.693756103515625
224.225006103515625 224.024993896484375 226.78125 228.712493896484375 237.6187591552734375 248.568756103515625 257.625 269.756256103515625 285.131256103515625 300.75 300.03125 296.712493896484375 298.03125 300.45001220703125 300.36248779296875 303.056243896484375 303.54998779296875 307.70001220703125 314.193756103515625 321.23748779296875 331.368743896484375 341.056243896484375 353.23748779296875 365.0625 376.3125 387.568756103515625 392.86248779296875 398.33123779296875 403.412506103515625 413.381256103515625 425.350006103515625 436.88751220703125 439.993743896484375 447.90625 456.243743896484375 455.54376220703125 456.10626220703125 454.868743896484375 452.20623779296875 446.993743896484375 436.64373779296875 426.16876220703125 417.61248779296875 410.75 404.193756103515625
228.5500030517578125 228.149993896484375 231.0500030517578125 232.337493896484375 235.1437530517578125 243.3937530517578125 253.181243896484375 264.8125 276.087493896484375 286.04376220703125 293.149993896484375 296.850006103515625 302.73748779296875 305.53125 306.712493896484375 310.51251220703125 311.712493896484375 313.493743896484375 318.837493896484375 328.16876220703125 340.95001220703125 353.681243896484375 366.90625 377.368743896484375 390.681243896484375 403.88751220703125 410.399993896484375 413.287506103515625 417.318756103515625 426.725006103515625 438.412506103515625 447.431243896484375 451.29376220703125 454.58123779296875 460.85626220703125 460.131256103515625 458.23126220703125 458.10626220703125 458.743743896484375 452.681243896484375 438.024993896484375 428.881256103515625 421.66876220703125 415.16876220703125 410.90625
233.4375 231.3249969482421875 232.75 235.475006103515625 238.65625 245.3625030517578125 249.868743896484375 253.868743896484375 258.34375 267.5 282.649993896484375 294.75 304.225006103515625 310.45623779296875 313.912506103515625 316.774993896484375 318.01251220703125 320.20623779296875 323.587493896484375 334.13751220703125 350.21875 365.76873779296875 379.32501220703125 391.17498779296875 407.306243896484375 418.443756103515625 424.07501220703125 427.20623779296875 431.46875 440.649993896484375 447.681243896484375 455.09375 457.71875 460.162506103515625 463.462493896484375 458.23126220703125 456.337493896484375 454.26251220703125 451.83123779296875 444.01873779296875 432.82501220703125 426.524993896484375 419.506256103515625 412.01873779296875 405.79376220703125
237.1062469482421875 235.4250030517578125 236.618743896484375 238.118743896484375 241.037506103515625 246.1062469482421875 250.9749908447265625 253.2937469482421875 252.40625 257.056243896484375 275.537506103515625 291.337493896484375 307.51251220703125 315.756256103515625 318.96875 322.90625 326.03125 330.40625 336.79998779296875 345.88751220703125 356.943756103515625 375.90625 390.23126220703125 405.61248779296875 420.91876220703125 429.60626220703125 433.34375 436.90625 440.537506103515625 447.82501220703125 455.51251220703125 458.006256103515625 457.28125 455.1875 457.318756103515625 452.71875 450.6875 445.475006103515625 442.399993896484375 434.162506103515625 424.162506103515625 416.71875 412.01251220703125 406.975006103515625 396.54998779296875
240.443756103515625 237.625 239.4499969482421875 241.3000030517578125 243.350006103515625 248.818756103515625 254.5 257.39373779296875 261.693756103515625 270.53125 285.63751220703125 298.07501220703125 312.14373779296875 321.07501220703125 326.46875 329.66876220703125 333.61248779296875 340.443756103515625 348.087493896484375 360.9375 372.787506103515625 387.962493896484375 402.10626220703125 419.59375 430.41876220703125 436.350006103515625 438.962493896484375 441.60626220703125 446.32501220703125 455.287506103515625 457.193756103515625 455.649993896484375 452.48748779296875 449.54376220703125 449.07501220703125 445.65625 439.79376220703125 434.32501220703125 430.09375 424.649993896484375 417.63751220703125 411.125 405.14373779296875 395.39373779296875 388.024993896484375
243.931243896484375 241.975006103515625 243.318756103515625 244.875 245.6624908447265625 251.6875 258.25 262.91876220703125 271.243743896484375 282.48748779296875 297.61248779296875 311.57501220703125 319.98126220703125 328.23126220703125 331.725006103515625 334.443756103515625 339.399993896484375 348.5 359.25 372.39373779296875 390.32501220703125 404.943756103515625 415.88751220703125 420.875 436.043731689453125 442.32501220703125 441.287506103515625 442.29376220703125 444.33123779296875 451.36248779296875 451.61248779296875 448.25 444.712493896484375 440.70001220703125 438.86248779296875 431.181243896484375 424.60626220703125 419.462493896484375 416.45001220703125 411.90625 404.96875 398.8125 396.08123779296875 389.71875 381.26873779296875
246.3562469482421875 243.9875030517578125 245.2062530517578125 249.318756103515625 251.493743896484375 256.274993896484375 264.39373779296875 271.96875 282.587493896484375 295.037506103515625 310.25 324.149993896484375 327.65625 331.98748779296875 334.931243896484375 338.36248779296875 342.85626220703125 352.48748779296875 364.64373779296875 379.381256103515625 397.524993896484375 413.17498779296875 425.756256103515625 434.29376220703125 438.462493896484375 437.14373779296875 434.79376220703125 433.306243896484375 434.95623779296875 437.431243896484375 437.14373779296875 434.46875 429.162506103515625 425.5625 423.25 417.287506103515625 412.837493896484375 408.962493896484375 402.83123779296875 395.618743896484375 390.26873779296875 386.16876220703125 382.631256103515625 372.92498779296875 364.600006103515625
249.506256103515625 247.037506103515625 248.693756103515625 252.0500030517578125 255.6750030517578125 263.53125 270.600006103515625 277.89373779296875 288.537506103515625 303.34375 318.337493896484375 331.13751220703125 334.675018310546875 330.76873779296875 333.26251220703125 339.087493896484375 342.70623779296875 352.618743896484375 366.54998779296875 379.98748779296875 398.9375 413.38751220703125 422.70001220703125 429.48748779296875 423.32501220703125 418.818756103515625 420.73748779296875 419.17498779296875 422.212493896484375 422.45001220703125 421.13751220703125 417.381256103515625 411.693756103515625 408.193756103515625 404.5625 401.899993896484375 398.962493896484375 395.850006103515625 391.54998779296875 384.78125 373.76873779296875 372.38751220703125 366.34375 358.03125 354.256256103515625
251.5437469482421875 249.181243896484375 250.1750030517578125 253.3000030517578125 258.681243896484375 266.42498779296875 273.36248779296875 281.443756103515625 293.475006103515625 306.95623779296875 318.756256103515625 326.21875 330.193756103515625 329.399993896484375 328.78125 335.743743896484375 339.61248779296875 347.524993896484375 361.875 373.61248779296875 391.212493896484375 403.693756103515625 414.42498779296875 414.006256103515625 410.25 407.243743896484375 406.837493896484375 406.243743896484375 407.17498779296875 407.33123779296875 404.95623779296875 401.75 393.35626220703125 389.631256103515625 387.79376220703125 387.287506103515625 385.48748779296875 385.350006103515625 383.73126220703125 375.51251220703125 360.618743896484375 352.600006103515625 353.08123779296875 354.818756103515625 354.91876220703125
251.0187530517578125 249.274993896484375 251.149993896484375 254.962493896484375 261.14373779296875 268.84375 276.993743896484375 285.100006103515625 295.087493896484375 306 316.20623779296875 322.537506103515625 324.79998779296875 324.39373779296875 322.66876220703125 325.71875 331.037506103515625 342.756256103515625 355.881256103515625 367.71875 382.649993896484375 397.412506103515625 405.625 404.274993896484375 400.556243896484375 399.256256103515625 397.5625 397.587493896484375 398.61248779296875 396.4375 390.568756103515625 382.70001220703125 378.38751220703125 372.868743896484375 369.54998779296875 368.943756103515625 374.774993896484375 380.725006103515625 380.33123779296875 370.70001220703125 357.975006103515625 353.78125 357.83123779296875 354.618743896484375 350.88751220703125
248.78125 247.28125 251.1687469482421875 256.48748779296875 262.475006103515625 270.381256103515625 278.48748779296875 286.9375 297.9375 307 315.306243896484375 320.04998779296875 322 319.962493896484375 316.23126220703125 312.46875 321.79998779296875 337.70623779296875 349.20623779296875 361.54376220703125 376.5625 389.04376220703125 396.42498779296875 395.274993896484375 391.087493896484375 391.01873779296875 387.84375 388.868743896484375 389.63751220703125 387.931243896484375 384.487518310546875 375.587493896484375 363.17498779296875 355.318756103515625 348.943756103515625 357.399993896484375 364.625 372.90625 375.818756103515625 374.03125 366.11248779296875 363.162506103515625 360.29998779296875 352.962493896484375 346.475006103515625
245.15625 245.1750030517578125 250.5625 256.95001220703125 263.125 271.21875 281.09375 289.73126220703125 298.53125 307.33123779296875 314.100006103515625 318.1875 318.662506103515625 316.6875 315.20623779296875 314.693756103515625 316.193756103515625 329.100006103515625 343.381256103515625 357.024993896484375 371.8125 385.556243896484375 392.88751220703125 386.931243896484375 382.681243896484375 380.850006103515625 379.26873779296875 379.98126220703125 382.443756103515625 382.23126220703125 377.787506103515625 369.225006103515625 357.9375 349.23126220703125 350.08123779296875 354.100006103515625 363.131256103515625 373.92498779296875 384.4375 382.34375 377.15625 370.95623779296875 360.443756103515625 350.756256103515625 342.04998779296875
239.21875 241.3125 247.149993896484375 255.8937530517578125 262.912506103515625 272.32501220703125 283.23126220703125 291.04376220703125 299.29376220703125 306.39373779296875 311.5625 314.806243896484375 315.006256103515625 314.82501220703125 314.462493896484375 315.712493896484375 316.725006103515625 319.125 336.568756103515625 350.875 368.29376220703125 381.0625 388.600006103515625 382.774993896484375 379.537506103515625 377.95001220703125 372.6875 376.70623779296875 380.574981689453125 378.66876220703125 368.681243896484375 350.881256103515625 348.1875 346.01251220703125 344.98748779296875 353.76873779296875 362.95001220703125 372.524993896484375 380.17498779296875 384.475006103515625 376.543731689453125 368.787506103515625 358.774993896484375 348.35626220703125 340.25
232.1687469482421875 235.850006103515625 243.931243896484375 252.524993896484375 260.943756103515625 271.95623779296875 282.587493896484375 292.962493896484375 301.493743896484375 307.79376220703125 310.868743896484375 310.25 310.88751220703125 313.01251220703125 310.368743896484375 311.693756103515625 313.931243896484375 317.649993896484375 326.15625 340.193756103515625 364.100006103515625 380.64373779296875 377.60626220703125 377.76873779296875 378.399993896484375 380.82501220703125 379.850006103515625 380.8125 384.98126220703125 380.51873779296875 369.875 353.524993896484375 344.88751220703125 333.3125 331.274993896484375 341.10626220703125 352.35626220703125 361.65625 372.506256103515625 374.66876220703125 373.149993896484375 366.493743896484375 356.04998779296875 346.162506103515625 338.506256103515625
224.96875 230.243743896484375 238.6875 246.9250030517578125 257.92498779296875 271.92498779296875 284.931243896484375 294.1875 302.51873779296875 308.53125 310.14373779296875 310.84375 311 311.35626220703125 307.287506103515625 302.681243896484375 301.912506103515625 312.61248779296875 320.25 333.0625 350.79998779296875 364.20623779296875 375.51251220703125 377.037506103515625 378.5625 380.66876220703125 382.23748779296875 387.181243896484375 387.46875 378.412506103515625 363.537506103515625 354.806243896484375 340.743743896484375 322.86248779296875 313.23126220703125 323.17498779296875 341.743743896484375 357.381256103515625 366.51873779296875 370.318756103515625 367.818756103515625 361.92498779296875 353.068756103515625 343.84375 333.5
