data/historical-monthly-weather-data/wc2.1_cruts4.09_10m_prec_2018-04.asc
ncols        51
nrows        45
xllcorner    -63.500000000000
yllcorner    -7.500000000000
cellsize     0.166666666667
NODATA_value -9999
[rows 20 to 39 of 45, columns 0 to 44 of 51]
349.118743896484375 360.51251220703125 366.631256103515625 370.89373779296875 373.10626220703125 382.6875 391.318756103515625 393.475006103515625 392.837493896484375 387.125 377.368743896484375 361.806243896484375 346.443756103515625 333.17498779296875 314.337493896484375 297.837493896484375 284.274993896484375 275.899993896484375 270.4375 264.587493896484375 265.11248779296875 263.86248779296875 261.712493896484375 267.306243896484375 277.443756103515625 287.35626220703125 296.86248779296875 305.90625 312.350006103515625 316.59375 315.61248779296875 314.29998779296875 302.881256103515625 288.33123779296875 277.293731689453125 300.600006103515625 334.73126220703125 364.34375 385.850006103515625 400.193756103515625 408.34375 414.04376220703125 412.21875 412.33123779296875 405.868743896484375
325.96875 332.07501220703125 339.625 350.600006103515625 357.975006103515625 367.368743896484375 378.73126220703125 386.60626220703125 386.137481689453125 376.39373779296875 360.243743896484375 337.64373779296875 319.056243896484375 305.73126220703125 294.1875 281.212493896484375 272.274993896484375 264.34375 259.25 253.8937530517578125 251.46875 251.837493896484375 254.90625 262.962493896484375 274.931243896484375 291.26251220703125 314.212493896484375 323.131256103515625 328.475006103515625 331.64373779296875 329.068756103515625 324.631256103515625 316.256256103515625 308.756256103515625 307.787506103515625 322.98748779296875 350.4375 376.493743896484375 393.04376220703125 403.70001220703125 410.875 413.787506103515625 411.381256103515625 409.51873779296875 402.193756103515625
305.40625 316.23126220703125 325.4375 335.95623779296875 344.45001220703125 355.662506103515625 365.73748779296875 377.818756103515625 383.943756103515625 366.84375 342.587493896484375 314.76873779296875 293.412506103515625 282.243743896484375 275.34375 268.07501220703125 259.57501220703125 251.9499969482421875 246.100006103515625 240.3562469482421875 240.225006103515625 241.475006103515625 243.40625 253.3937530517578125 269.86248779296875 290.1875 315.693756103515625 329.037506103515625 336.79376220703125 338.850006103515625 339.0625 337.9375 338.068756103515625 337.662506103515625 342.399993896484375 353.006256103515625 372.40625 392.90625 404.57501220703125 409.125 412.4375 411.51251220703125 408.32501220703125 405.149993896484375 398.381256103515625
290.36248779296875 300.1875 312.475006103515625 321.962493896484375 330.806243896484375 341.26873779296875 353.368743896484375 362.243743896484375 364.506256103515625 346.41876220703125 322.01251220703125 298.024993896484375 272.787506103515625 266.006256103515625 262.1875 256.1875 248.475006103515625 244.068756103515625 238.381256103515625 234.1437530517578125 233.024993896484375 231.912506103515625 233.1437530517578125 244.8937530517578125 260.89373779296875 276.850006103515625 298.600006103515625 319.774993896484375 334.29998779296875 343.993743896484375 350.57501220703125 357.6875 363.26873779296875 365.95001220703125 372.881256103515625 382.41876220703125 397.82501220703125 409.899993896484375 414.350006103515625 413.48126220703125 413.63751220703125 409.568756103515625 404.70001220703125 399.350006103515625 395.100006103515625
279.60626220703125 288.08123779296875 299.51873779296875 311.46875 322.60626220703125 330.29376220703125 337.67498779296875 342.82501220703125 338.26873779296875 326.51873779296875 306.6875 284.806243896484375 269.193756103515625 257.76873779296875 251.78125 246.1875 241.6374969482421875 238.1999969482421875 233.899993896484375 228.8312530517578125 226.21875 223.90625 224.4812469482421875 233.9812469482421875 247.850006103515625 268.068756103515625 291.462493896484375 313.618743896484375 333.899993896484375 352.712493896484375 366.875 380.54998779296875 390.493743896484375 394.993743896484375 399.6875 403.756256103515625 413.59375 418.3125 419.54376220703125 418.506256103515625 415.63751220703125 408.70623779296875 403.79376220703125 395.787506103515625 384.03125
277.975006103515625 283.068756103515625 289.25 300.53125 309.82501220703125 315.63751220703125 320.243743896484375 321.943756103515625 313.70001220703125 302.024993896484375 289.350006103515625 275.899993896484375 263.256256103515625 254.006256103515625 246.3562469482421875 242.3312530517578125 237.8312530517578125 234.975006103515625 230.4562530517578125 224.287506103515625 222.4875030517578125 218.0124969482421875 215.600006103515625 220.2624969482421875 237.125 260.29376220703125 288.506256103515625 312.318756103515625 338.04998779296875 359.04998779296875 381.54998779296875 403.181243896484375 417.48748779296875 419.274993896484375 418.92498779296875 420.256256103515625 424.818756103515625 426.83123779296875 424.64373779296875 421.818756103515625 418.40625 408.73748779296875 400.162506103515625 389.23748779296875 380.181243896484375
277.162506103515625 277.58123779296875 283.65625 291.17498779296875 296.35626220703125 301.368743896484375 303.068756103515625 301.556243896484375 294.587493896484375 289.45001220703125 282.26873779296875 271.76251220703125 262.600006103515625 255.431243896484375 249.28125 244.975006103515625 240.5 236.256256103515625 232.556243896484375 227.475006103515625 222.4250030517578125 216.2687530517578125 210.53125 213.962493896484375 233.28125 255.3125 284.318756103515625 309.787506103515625 337.57501220703125 361.256256103515625 388.306243896484375 415.01251220703125 434.95001220703125 434.92498779296875 432.756256103515625 431.693756103515625 433.993743896484375 434.66876220703125 429.8125 426.03125 419.787506103515625 411.337493896484375 401.53125 392.36248779296875 390.83123779296875
278.46875 275.38751220703125 278.225006103515625 282 285.65625 287.26251220703125 288.399993896484375 284.76251220703125 281.274993896484375 278.3125 271.76873779296875 266.368743896484375 260.506256103515625 256.774993896484375 252.3937530517578125 247.4875030517578125 244.2687530517578125 242.4875030517578125 237.2375030517578125 233.03125 228.3874969482421875 221.149993896484375 219.443756103515625 223.524993896484375 238.068756103515625 258.212493896484375 283.11248779296875 308.850006103515625 335.256256103515625 359.875 384.381256103515625 408.63751220703125 427.475006103515625 433.600006103515625 437.73748779296875 436.95001220703125 440.45001220703125 441.89373779296875 437.07501220703125 431.818756103515625 425.98126220703125 417.51873779296875 407.962493896484375 401.693756103515625 411.11248779296875
277.03125 272.71875 272.125 273.743743896484375 274.21875 272.524993896484375 271.75 271.431243896484375 271.34375 268.399993896484375 265.63751220703125 262.71875 258.95001220703125 257.48748779296875 256.3125 255.212493896484375 253.3874969482421875 248.8874969482421875 245.4562530517578125 240.5625 236.412506103515625 229.868743896484375 228.649993896484375 234.837493896484375 246.274993896484375 263.64373779296875 286.42498779296875 309.64373779296875 333.73748779296875 356.068756103515625 375.4375 395.556243896484375 411.193756103515625 424.506256103515625 434.149993896484375 437.79998779296875 444.01873779296875 447.925018310546875 444.443756103515625 437.14373779296875 427.4375 419.5 412.95001220703125 419.29998779296875 430.51251220703125
274.95001220703125 269.943756103515625 268.38751220703125 265.85626220703125 265.943756103515625 265.649993896484375 265.64373779296875 266.506256103515625 266.399993896484375 264.73748779296875 264.45001220703125 263.131256103515625 263.66876220703125 263.806243896484375 263.131256103515625 261.83123779296875 260.41876220703125 259.39373779296875 255.1125030517578125 248.462493896484375 242.46875 238.8312530517578125 238.9875030517578125 243.537506103515625 252.181243896484375 266.67498779296875 287.431243896484375 306.649993896484375 327.95623779296875 347.1875 364.618743896484375 380.287506103515625 396.76873779296875 413.78125 427.95623779296875 435.162506103515625 445.26251220703125 452.256256103515625 448.118743896484375 445.837493896484375 441.993743896484375 437.01873779296875 431 437.71875 441.01873779296875
270.34375 264.5625 262.125 260.1875 260.53125 259.962493896484375 261.118743896484375 260.98748779296875 261.6875 262.75 264.206268310546875 265.16876220703125 268.70623779296875 268.556243896484375 269.33123779296875 269.08123779296875 269.79998779296875 269.20001220703125 266.20623779296875 260.443756103515625 253.875 248.53125 246.993743896484375 248.875 254.568756103515625 270.34375 285.850006103515625 303.71875 321.70001220703125 337.01873779296875 353.20001220703125 367.9375 386.70623779296875 404.875 419.96875 431.0625 440.26251220703125 450.168731689453125 453.04998779296875 453.54998779296875 452.70001220703125 448.25 445.95001220703125 447.162506103515625 451.625
262.95001220703125 257.306243896484375 255.100006103515625 255.2375030517578125 254.9812469482421875 253.212493896484375 254.662506103515625 254.59375 256.087493896484375 257.98126220703125 261.618743896484375 266.95623779296875 270.20001220703125 272.82501220703125 274.0625 275.20623779296875 274.125 274.36248779296875 271.34375 269.28125 263.287506103515625 257.63751220703125 253.75 255.2624969482421875 262.61248779296875 273.21875 285.006256103515625 300.725006103515625 314.57501220703125 329.375 345.068756103515625 359.28125 375.59375 394.15625 410.98748779296875 423.41876220703125 436.25 445.29998779296875 449.506256103515625 451.881256103515625 459.100006103515625 458.287506103515625 456.25 457.82501220703125 462.63751220703125
252.25 246.1687469482421875 245.1750030517578125 245.0187530517578125 246.274993896484375 245.493743896484375 245.5749969482421875 247.399993896484375 248.818756103515625 252.7624969482421875 260.600006103515625 265.837493896484375 272.66876220703125 278.35626220703125 279.743743896484375 280.068756103515625 280.51873779296875 281.20623779296875 277.38751220703125 274.15625 270.42498779296875 265.03125 260.350006103515625 261.524993896484375 267.85626220703125 273.475006103515625 284.087493896484375 295.26873779296875 307.08123779296875 321.943756103515625 335.131256103515625 347.29376220703125 362.8125 381.462493896484375 398.837493896484375 413.58123779296875 426.29376220703125 437.33123779296875 439.787506103515625 451.337493896484375 457.45001220703125 457.60626220703125 459.25 464.006256103515625 470.10626220703125
239.850006103515625 235.96875 236.0124969482421875 236.0187530517578125 236.5500030517578125 238.2624969482421875 239.556243896484375 240.412506103515625 241.9562530517578125 246.3312530517578125 253.3687591552734375 263.587493896484375 273.75 279.350006103515625 282.375 282.493743896484375 283.95001220703125 284.537506103515625 281.881256103515625 278.76873779296875 275.068756103515625 270.41876220703125 266.25 264.1875 269.568756103515625 273.20001220703125 280.006256103515625 288.587493896484375 298.70001220703125 310.73126220703125 323.087493896484375 336.45001220703125 351.6875 369.33123779296875 386.89373779296875 400.774993896484375 414.53125 422.0625 432.58123779296875 443.462493896484375 448.95623779296875 453.15625 458.16876220703125 465.443756103515625 473.837493896484375
226.181243896484375 225.024993896484375 226.712493896484375 226.0500030517578125 226.4250030517578125 228.1125030517578125 229.6999969482421875 231.9812469482421875 232.412506103515625 235.59375 245.818756103515625 260.399993896484375 275.08123779296875 285.8125 287.98126220703125 288.375 287.818756103515625 285.84375 285.506256103515625 280.931243896484375 279.01873779296875 273.14373779296875 269.26873779296875 265.006256103515625 267.493743896484375 271.662506103515625 276.912506103515625 281.912506103515625 290.25 302.76251220703125 313.625 326.649993896484375 339.90625 357.54376220703125 373.118743896484375 385.46875 396.04998779296875 413.20001220703125 423.693756103515625 432.600006103515625 438.243743896484375 444.45623779296875 452.04376220703125 459.625 464.26251220703125
213.8562469482421875 214.3625030517578125 215.600006103515625 215.431243896484375 215.2062530517578125 215.868743896484375 217.7375030517578125 218.9437408447265625 218.318756103515625 221.381256103515625 231.6750030517578125 250.0437469482421875 270.21875 283.431243896484375 287.15625 288.556243896484375 289.17498779296875 287.931243896484375 287.21875 285.506256103515625 281.67498779296875 276.98126220703125 269.39373779296875 265.787506103515625 265.306243896484375 267.681243896484375 272.32501220703125 277.14373779296875 283.79998779296875 294.08123779296875 304.475006103515625 315.07501220703125 327.26251220703125 344.14373779296875 356.75 364.54998779296875 380.65625 396.506256103515625 404.70001220703125 414.04376220703125 422.86248779296875 428.48748779296875 434.399993896484375 442.41876220703125 444.1875
202.3000030517578125 204.087493896484375 204.7687530517578125 205.1687469482421875 204.7687530517578125 205.6125030517578125 207.4875030517578125 206.6125030517578125 204.4499969482421875 205.318756103515625 219.212493896484375 244.3937530517578125 263.556243896484375 275.737518310546875 283.056243896484375 286.46875 286.306243896484375 286.23748779296875 286.51251220703125 283.125 279.962493896484375 274.6875 267.381256103515625 263.82501220703125 261.45001220703125 262.39373779296875 267.11248779296875 271.73748779296875 276.59375 285.1875 295.95623779296875 306.76873779296875 317.9375 330.40625 340.79998779296875 350.73126220703125 365.3125 380.86248779296875 391.256256103515625 396.57501220703125 404.95623779296875 409.86248779296875 417.381256103515625 423.962493896484375 427.11248779296875
193.318756103515625 193.8874969482421875 194.024993896484375 195.1374969482421875 195.0625 196.6687469482421875 197.7937469482421875 196.5749969482421875 196.8874969482421875 197.3625030517578125 217.8000030517578125 243.0124969482421875 259.26873779296875 270.98126220703125 278.162506103515625 282.86248779296875 282.76251220703125 283.768768310546875 281.318756103515625 277.10626220703125 273.868743896484375 268.212493896484375 263.537506103515625 259.60626220703125 256.40625 257.850006103515625 259.54998779296875 265.024993896484375 270.037506103515625 278.806243896484375 286.649993896484375 296.92498779296875 308.86248779296875 318.79376220703125 325.256256103515625 338.693756103515625 351.681243896484375 363.23126220703125 375.475006103515625 381.73748779296875 386.756256103515625 392.45623779296875 396.26873779296875 400.42498779296875 404.975006103515625
184.2062530517578125 183 183.6999969482421875 185.5500030517578125 187.056243896484375 187.9375 189.90625 191.46875 197.318756103515625 209.2062530517578125 230.3562469482421875 244.943756103515625 254.3125 265.256256103515625 272.76873779296875 276.506256103515625 278.131256103515625 278.018768310546875 273.181243896484375 270.462493896484375 266.243743896484375 260.368743896484375 256.1875 254.2312469482421875 252.34375 251.375 253.6750030517578125 258.318756103515625 262.643768310546875 272.11248779296875 280.36248779296875 286.84375 297.09375 307.631256103515625 319.39373779296875 328.28125 337.32501220703125 348.79998779296875 356.462493896484375 359.524993896484375 364.91876220703125 370.73126220703125 372.631256103515625 377.78125 380.95623779296875
174.618743896484375 173.96875 175.3000030517578125 177.6750030517578125 179.7062530517578125 182.28125 183.818756103515625 189.256256103515625 197.9562530517578125 209.9562530517578125 224.8937530517578125 239.1687469482421875 249.0500030517578125 259.45001220703125 266.85626220703125 270.91876220703125 273.4375 272.76873779296875 267.01873779296875 262.45001220703125 257.04376220703125 253.662506103515625 247.2062530517578125 245.056243896484375 246.193756103515625 246.21875 248.7062530517578125 253 257.087493896484375 265.256256103515625 270.737518310546875 281.35626220703125 293.11248779296875 302.53125 313.09375 320.26873779296875 326.86248779296875 335.82501220703125 340.28125 339.875 342.881256103515625 347.58123779296875 347.53125 351.118743896484375 355.71875
