data/historical-monthly-weather-data/wc2.1_cruts4.09_10m_prec_1991-03.asc
ncols        51
nrows        45
xllcorner    -63.500000000000
yllcorner    -7.500000000000
cellsize     0.166666666667
NODATA_value -9999
[rows 20 to 39 of 45, columns 0 to 44 of 51]
229.25 247.625 262.193756103515625 276.83123779296875 292.51251220703125 309.29376220703125 325.71875 339.83123779296875 348.66876220703125 353 354.29376220703125 355.57501220703125 357.40625 360.931243896484375 353.20623779296875 339.181243896484375 326.79376220703125 318.912506103515625 315.32501220703125 311.76251220703125 308.875 305.993743896484375 302.399993896484375 302.84375 304.45001220703125 306.806243896484375 310.23126220703125 313.46875 316.40625 318.14373779296875 314.625 306.118743896484375 290.462493896484375 270.868743896484375 252.5437469482421875 271.568756103515625 298.975006103515625 314.462493896484375 321.76873779296875 323.42498779296875 322.125 319.712493896484375 315.70623779296875 312.631256103515625 310.475006103515625
227.350006103515625 245.09375 262.087493896484375 278.649993896484375 296.318756103515625 314.662506103515625 332.36248779296875 348.32501220703125 357.76251220703125 358.881256103515625 354.41876220703125 350.15625 346.89373779296875 346.568756103515625 342.037506103515625 334.543731689453125 327.71875 320.818756103515625 315.73126220703125 310.76251220703125 304.73126220703125 299.837493896484375 298.41876220703125 297.600006103515625 298.912506103515625 302.787506103515625 309.58123779296875 312.649993896484375 314.8125 315.375 310.712493896484375 302.287506103515625 289.375 276.1875 269.056243896484375 280.662506103515625 301.556243896484375 316.48748779296875 323.61248779296875 323.89373779296875 321.375 318.61248779296875 315.068756103515625 312.006256103515625 310.41876220703125
228.2937469482421875 246.4250030517578125 263.76873779296875 282.04998779296875 300.60626220703125 318.39373779296875 335.78125 355.10626220703125 367.993743896484375 364.03125 353.89373779296875 342 332.912506103515625 331.64373779296875 332.006256103515625 329.53125 325.100006103515625 319.181243896484375 313.35626220703125 307.631256103515625 300.6875 293.649993896484375 289.35626220703125 287.88751220703125 291.10626220703125 296.931243896484375 304.61248779296875 309.287506103515625 311.193756103515625 310.787506103515625 307.61248779296875 303.75 298.21875 291.993743896484375 293.01251220703125 302.26251220703125 315.443756103515625 325.14373779296875 328.58123779296875 326.6875 322.32501220703125 318.65625 315.056243896484375 311.100006103515625 309.725006103515625
232.5625 249.774993896484375 267.712493896484375 286.76873779296875 305.85626220703125 322.34375 340.087493896484375 358.28125 368.693756103515625 361.756256103515625 348.368743896484375 335.78125 321.88751220703125 321.443756103515625 324.88751220703125 325.1875 323.274993896484375 318.32501220703125 310.86248779296875 303.73748779296875 295.225006103515625 286.42498779296875 280.149993896484375 278.15625 279.850006103515625 285.600006103515625 294.274993896484375 301.83123779296875 306.46875 309.681243896484375 311.21875 310.84375 309.318756103515625 308.51251220703125 312.45001220703125 321.83123779296875 330.881256103515625 333.54376220703125 332.10626220703125 328.36248779296875 323.475006103515625 318.54998779296875 314.443756103515625 309.48748779296875 309.54376220703125
241.787506103515625 256.868743896484375 272.787506103515625 292.03125 312.475006103515625 327.83123779296875 341.63751220703125 354.79998779296875 360.23126220703125 356.212493896484375 347.431243896484375 335.212493896484375 326.33123779296875 323.53125 323.462493896484375 324.556243896484375 322.76251220703125 318.149993896484375 311.11248779296875 301.40625 289.787506103515625 278.86248779296875 269.76251220703125 264.85626220703125 267.662506103515625 276.993743896484375 285.987518310546875 296.61248779296875 303.66876220703125 311.70623779296875 316.08123779296875 318.568756103515625 320.493743896484375 322.225006103515625 325.66876220703125 329.5 334.98748779296875 336.100006103515625 333.068756103515625 330.118743896484375 325.068756103515625 319.25 312.86248779296875 309.66876220703125 305.76251220703125
255.274993896484375 269.67498779296875 282.48748779296875 300.6875 318.318756103515625 330.881256103515625 341.662506103515625 351.04376220703125 353.58123779296875 350.787506103515625 344.95001220703125 337.89373779296875 331.88751220703125 327.86248779296875 326.600006103515625 327.256256103515625 324.58123779296875 320.274993896484375 313.568756103515625 301.35626220703125 288.89373779296875 273.649993896484375 259.625 250.9250030517578125 256.287506103515625 269.287506103515625 282.668731689453125 293.462493896484375 303.118743896484375 313.931243896484375 321.818756103515625 328.15625 332.368743896484375 333.131256103515625 333.98748779296875 334.76873779296875 336.881256103515625 336.8125 334.40625 330.774993896484375 326.225006103515625 319.15625 309.850006103515625 305.26251220703125 302.162506103515625
272.681243896484375 283.65625 295.6875 309.60626220703125 323.36248779296875 333.087493896484375 340.399993896484375 346.506256103515625 348.08123779296875 347.693756103515625 345.36248779296875 341.07501220703125 337.118743896484375 334.40625 333.537506103515625 332.95623779296875 332.04376220703125 326.125 317.881256103515625 306.98748779296875 291.67498779296875 274.556243896484375 255.506256103515625 244.6374969482421875 254.1999969482421875 267.39373779296875 281.806243896484375 292.725006103515625 303.225006103515625 314.98748779296875 325.20623779296875 335.17498779296875 341.493743896484375 339.975006103515625 338.3125 338.037506103515625 339.125 338.03125 336.0625 333.38751220703125 327.65625 319.35626220703125 308.61248779296875 301.91876220703125 306.15625
292.068756103515625 301.1875 310.493743896484375 320.84375 329.493743896484375 335.625 342.068756103515625 345.86248779296875 346.9375 347.20623779296875 345.443756103515625 343.037506103515625 341.48126220703125 340.46875 339.98126220703125 339.35626220703125 339.09375 335.462493896484375 327.61248779296875 316.931243896484375 301.82501220703125 284.14373779296875 270.10626220703125 261.17498779296875 264.78125 274.26251220703125 286.024993896484375 296.743743896484375 306.262481689453125 316.32501220703125 326.118743896484375 335.01251220703125 340.881256103515625 339.84375 338.587493896484375 338.54998779296875 337.70623779296875 337.774993896484375 337.20001220703125 336.6875 334.556243896484375 324.86248779296875 310.506256103515625 303.01873779296875 316.33123779296875
310.45623779296875 318.48126220703125 324.875 330.67498779296875 337.850006103515625 340.88751220703125 342.912506103515625 345.07501220703125 346.443756103515625 346.475006103515625 346.5625 345.95623779296875 345.649993896484375 346.5 347.90625 349.3125 351.3125 348.368743896484375 342.20001220703125 332.65625 317.89373779296875 301.3125 289.162506103515625 279.85626220703125 280.32501220703125 284.600006103515625 293.012481689453125 301.943756103515625 310.11248779296875 318.91876220703125 326.037506103515625 332.70623779296875 337.681243896484375 338.274993896484375 338.131256103515625 338.024993896484375 336.412506103515625 336.368743896484375 336.54998779296875 336.100006103515625 338.01251220703125 328.337493896484375 314.36248779296875 314.475006103515625 330.88751220703125
324.70001220703125 331.056243896484375 334.54998779296875 337.662506103515625 341.95623779296875 342.04376220703125 343.20001220703125 344.556243896484375 345.931243896484375 346.024993896484375 346.75 348.8125 351.42498779296875 354.0625 356.850006103515625 359.73126220703125 362.8125 365.881256103515625 362.20623779296875 350.256256103515625 334.79998779296875 319.53125 307.118743896484375 298.17498779296875 294.95623779296875 296.425018310546875 302.087493896484375 307.774993896484375 313.056243896484375 319.506256103515625 325.568756103515625 329.98126220703125 333.85626220703125 336.79998779296875 337.90625 336.83123779296875 334.90625 335.068756103515625 331.725006103515625 330.70623779296875 332.95001220703125 332.068756103515625 326.84375 332.243743896484375 341.21875
335.51873779296875 340 341.212493896484375 343.225006103515625 345.787506103515625 343.70623779296875 344.75 345.03125 345.76873779296875 346.212493896484375 347.681243896484375 350.51873779296875 355.01873779296875 358.45623779296875 363.193756103515625 368.662506103515625 375.85626220703125 380.65625 381.8125 369.48748779296875 353.07501220703125 336.443756103515625 324.537506103515625 314.399993896484375 308.26251220703125 308.431243896484375 310.3125 312.38751220703125 315.90625 320.506256103515625 325.26873779296875 329.79998779296875 333.337493896484375 336.274993896484375 337.993743896484375 335.5 333.38751220703125 333.60626220703125 328.63751220703125 321.056243896484375 325.125 333.65625 338.45623779296875 345.649993896484375 355.04998779296875
342.45001220703125 345.493743896484375 345.04998779296875 345.33123779296875 346.82501220703125 344.149993896484375 344.649993896484375 343.662506103515625 344.09375 344.79376220703125 346.725006103515625 350.59375 355.462493896484375 361.95001220703125 369.34375 377.25 382.756256103515625 387.443756103515625 388.92498779296875 381.85626220703125 365.756256103515625 351.36248779296875 338.10626220703125 326.86248779296875 321.70001220703125 318.556243896484375 316.98126220703125 317.899993896484375 317.92498779296875 321.95623779296875 326.193756103515625 329.90625 332.256256103515625 335.131256103515625 337.056243896484375 334.649993896484375 333.787506103515625 332.756256103515625 325.368743896484375 321.36248779296875 329.20001220703125 342.368743896484375 352.0625 365.462493896484375 378.38751220703125
339.41876220703125 342.350006103515625 341.6875 341.73126220703125 341.84375 340.725006103515625 339.79998779296875 338.35626220703125 338.068756103515625 340.425018310546875 346.41876220703125 351.037506103515625 358.46875 369.13751220703125 376.9375 384.0625 388.60626220703125 393.45623779296875 393.51251220703125 388.568756103515625 376.48748779296875 363.100006103515625 349.618743896484375 339.899993896484375 333.23126220703125 328.225006103515625 324.66876220703125 323.23126220703125 322.800018310546875 325.04376220703125 327.95623779296875 330.66876220703125 333.662506103515625 336.59375 337.67498779296875 337.53125 336.95001220703125 335.03125 330.087493896484375 334.15625 342.75 355.793731689453125 369.16876220703125 384.79376220703125 407.41876220703125
334.368743896484375 336.774993896484375 337.98126220703125 338.5 338.725006103515625 336.524993896484375 334.48126220703125 332.84375 332.475006103515625 335.125 341.91876220703125 351.45001220703125 361.76873779296875 372.04998779296875 379.71875 388.21875 395.08123779296875 398.837493896484375 397.39373779296875 393.35626220703125 384.16876220703125 371.88751220703125 360.45001220703125 349.475006103515625 342.149993896484375 335.34375 331.243743896484375 327.693756103515625 327.25 327.91876220703125 328.79376220703125 331.76251220703125 335.524993896484375 338.26251220703125 341.100006103515625 341.21875 340.16876220703125 338.068756103515625 339.57501220703125 345.82501220703125 353.537506103515625 366.79376220703125 383.88751220703125 401.712493896484375 427.475006103515625
329.3125 332.16876220703125 334.131256103515625 334.625 333.26873779296875 331.556243896484375 328.48748779296875 327.29998779296875 325.443756103515625 327.193756103515625 336.225006103515625 349.899993896484375 364.4375 376.787506103515625 386.53125 393.54998779296875 400.51873779296875 403.54376220703125 402.21875 398.375 390.70623779296875 378.82501220703125 367.506256103515625 356.11248779296875 348.75 342.03125 336.006256103515625 332.337493896484375 329.399993896484375 329.96875 331.33123779296875 333.51873779296875 336.92498779296875 340.58123779296875 342.943756103515625 342.3125 341.537506103515625 344.225006103515625 348.649993896484375 354.95001220703125 363.056243896484375 374.556243896484375 390.91876220703125 409.024993896484375 430.712493896484375
324.59375 326.48748779296875 327.86248779296875 328.3125 327.48748779296875 325.29376220703125 323.193756103515625 320.03125 316.39373779296875 318.28125 328.07501220703125 344.774993896484375 364.32501220703125 380.868743896484375 391.07501220703125 399.556243896484375 405.568756103515625 407.756256103515625 407.57501220703125 405.01251220703125 396.350006103515625 383.95623779296875 371.54998779296875 361.100006103515625 353.056243896484375 345.73748779296875 339.40625 335.73126220703125 332.587493896484375 332.04376220703125 333.17498779296875 334.1875 336.64373779296875 341.32501220703125 344 343.51251220703125 345.84375 349.037506103515625 352.318756103515625 359.48748779296875 368.5 378.787506103515625 391.4375 408.5625 424.5625
318.506256103515625 320.70001220703125 322.350006103515625 322.587493896484375 322.693756103515625 321.681243896484375 319.256256103515625 316.01251220703125 310.3125 307.524993896484375 321.32501220703125 346.631256103515625 368.6875 384.83123779296875 396.59375 404.431243896484375 409.78125 411.20001220703125 411.53125 406.70001220703125 398.23748779296875 385.912506103515625 373.91876220703125 362.1875 353.693756103515625 346.774993896484375 340.88751220703125 338.26251220703125 334.83123779296875 334.268768310546875 334.09375 334.13751220703125 338.037506103515625 343.1875 345.756256103515625 347.20001220703125 350.25 354.07501220703125 357.806243896484375 362.287506103515625 369.14373779296875 378.193756103515625 389.79998779296875 404.26873779296875 417.53125
313.41876220703125 316.04998779296875 317.306243896484375 318.20001220703125 319.79998779296875 320.26873779296875 319.162506103515625 316.037506103515625 312.70001220703125 308.20001220703125 331.931243896484375 359.38751220703125 377.3125 392.149993896484375 401.60626220703125 409.40625 412.73748779296875 412.899993896484375 411.14373779296875 404.868743896484375 394.20001220703125 382.587493896484375 372.875 361.181243896484375 353.024993896484375 347.0625 341.45001220703125 339.83123779296875 337.412506103515625 336.131256103515625 334.23126220703125 333.29998779296875 337.631256103515625 343.618743896484375 346.10626220703125 349.743743896484375 353.256256103515625 355.54998779296875 360.51251220703125 365.67498779296875 369.337493896484375 377.931243896484375 386.07501220703125 394.149993896484375 405.10626220703125
308.76251220703125 311.63751220703125 314.01251220703125 316.037506103515625 318.4375 319.162506103515625 321.087493896484375 321.73748779296875 325.95001220703125 339.618743896484375 367.024993896484375 379.587493896484375 388.818756103515625 399.45623779296875 407.568756103515625 413.54376220703125 415.76873779296875 413.475006103515625 408.681243896484375 400.375 387.36248779296875 375.71875 366.225006103515625 356.39373779296875 349.5 345.0625 341.0625 339.125 337.57501220703125 336.1875 335.068756103515625 332.743743896484375 335.95001220703125 341.67498779296875 347.53125 349.91876220703125 352.350006103515625 356.068756103515625 358.8125 361.475006103515625 364.36248779296875 372.20623779296875 378.068756103515625 385.100006103515625 392.350006103515625
304.875 308.23748779296875 311.42498779296875 313.66876220703125 317.54376220703125 321.899993896484375 324.83123779296875 331.225006103515625 340.40625 354.6875 373.162506103515625 388.01251220703125 398.6875 407.256256103515625 414.73126220703125 418.806243896484375 419.82501220703125 414.693756103515625 406.087493896484375 396.493743896484375 381.412506103515625 368.79998779296875 357.5625 348.73748779296875 344.48748779296875 341.70001220703125 338.274993896484375 337.75 336.67498779296875 334.73748779296875 332.13751220703125 332.45623779296875 338.16876220703125 342.54998779296875 347.48748779296875 350.58123779296875 351.712493896484375 354.274993896484375 357.39373779296875 357.03125 357.76251220703125 364.03125 368.70623779296875 373.462493896484375 379
