data/historical-monthly-weather-data/wc2.1_cruts4.09_10m_prec_1982-08.asc
ncols        45
nrows        45
xllcorner    -63.500000000000
yllcorner    -7.500000000000
cellsize     0.166666666667
NODATA_value -9999
[rows 19 to 37 of 45, columns 0 to 42 of 45]
102.75624847412109375 101.25624847412109375 97.88124847412109375 95.125 91.3312530517578125 87.97499847412109375 83.74375152587890625 79.19374847412109375 76.84375 73.2687530517578125 68.8937530517578125 62.28125 53.768749237060546875 45.825000762939453125 39.59375 33.75624847412109375 27.600000381469726562 25.018749237060546875 23.668750762939453125 23.493749618530273438 21.825000762939453125 20.912500381469726562 21.3125 22.09375 22.237499237060546875 21.600000381469726562 22.056249618530273438 22.037500381469726562 21.40625 20.456249237060546875 20.9375 24.987499237060546875 27.412500381469726562 30.174999237060546875 33.331249237060546875 36.30625152587890625 38.762500762939453125 41.02500152587890625 41.512500762939453125 40.362499237060546875 37.53749847412109375 35.16249847412109375 33.450000762939453125
93.8125 94.84999847412109375 93.68125152587890625 91.375 86.8625030517578125 83.74375152587890625 80.7937469482421875 77.40000152587890625 75.5812530517578125 72.27500152587890625 68.6875 63.40625 55.0625 47.0625 40.09999847412109375 34.15000152587890625 28.681249618530273438 25.100000381469726562 24.362499237060546875 23.6875 23.662500381469726562 23.75 23.8125 24.818750381469726562 25.556249618530273438 24.46875 23.625 23.306249618530273438 23.100000381469726562 23.96875 25.649999618530273438 28.649999618530273438 29.787500381469726562 31.081249237060546875 33.71250152587890625 36.19374847412109375 39.02500152587890625 40.96250152587890625 40.8125 39.88124847412109375 37.387500762939453125 35.52500152587890625 34.018749237060546875
88.3937530517578125 88.2062530517578125 87.93125152587890625 87.19374847412109375 84.3874969482421875 80.94374847412109375 79.1437530517578125 75.38124847412109375 74.3000030517578125 71.19374847412109375 69.28749847412109375 66.43125152587890625 61.8125 54.11875152587890625 46.00624847412109375 38.00624847412109375 33.1875 29.556249618530273438 27.868749618530273438 26.949998855590820312 25.581249237060546875 25.487499237060546875 26.024999618530273438 26.818750381469726562 26.9375 26.25 27.1875 26.506250381469726562 26.46875 27.424999237060546875 29 30.96875 31.50624847412109375 32.30625152587890625 32.90625 35.13124847412109375 38.34375 40.862499237060546875 40.97499847412109375 39.66249847412109375 37.331249237060546875 35.424999237060546875 33.44374847412109375
83.4187469482421875 85.9812469482421875 86.7687530517578125 85.1437530517578125 83.09999847412109375 80.1687469482421875 76.4875030517578125 72.75624847412109375 72.84999847412109375 72.58750152587890625 72.74375152587890625 71.83750152587890625 69.77500152587890625 62.71250152587890625 52.6875 43.66249847412109375 37.018749237060546875 33.1875 30.956249237060546875 29.325000762939453125 28.299999237060546875 28.331249237060546875 28.712499618530273438 28.125 28.818750381469726562 28.975000381469726562 29.700000762939453125 29.8125 29.21875 29.575000762939453125 30.975000381469726562 33.00624847412109375 32.97499847412109375 32.375 31.943750381469726562 32.424999237060546875 35.325000762939453125 39.31874847412109375 40.41249847412109375 38.799999237060546875 36.987499237060546875 34.8125 32.96250152587890625
80.625 84.40625 86.28749847412109375 83.27500152587890625 80.72499847412109375 78.4875030517578125 76.4812469482421875 74.4250030517578125 72.3937530517578125 73.22499847412109375 74.1999969482421875 76.50624847412109375 76.15000152587890625 68.5437469482421875 58.299999237060546875 49.043750762939453125 42.09999847412109375 37.59375 34.65000152587890625 32.856250762939453125 31.806249618530273438 31.506250381469726562 31.118749618530273438 31.15625 31.350000381469726562 30.993749618530273438 32.41249847412109375 31.75 31.5 32.299999237060546875 33.8125 35.299999237060546875 34.72499847412109375 32.84375 31.568750381469726562 31.018749237060546875 32.93125152587890625 36.487499237060546875 37.893749237060546875 36.72499847412109375 35.02500152587890625 33.387500762939453125 31.631250381469726562
79.6374969482421875 83.06874847412109375 84.68125152587890625 83.90000152587890625 82.1437530517578125 79.46250152587890625 76.75624847412109375 75.02500152587890625 74.3249969482421875 75.05625152587890625 75.0749969482421875 75.88124847412109375 75.30625152587890625 69.5500030517578125 60.9375 52.956249237060546875 46.375 41.543750762939453125 38.1875 36.15000152587890625 35.08750152587890625 34.30625152587890625 33.793750762939453125 33.77500152587890625 33.30625152587890625 33.606250762939453125 33.83750152587890625 33.450000762939453125 33.331249237060546875 34.41249847412109375 35.65625 36.74375152587890625 35.75 34.137500762939453125 32.268749237060546875 31.231250762939453125 32.356250762939453125 33.549999237060546875 34.512500762939453125 34.19374847412109375 32.956249237060546875 31.90625 30.606250762939453125
80.7375030517578125 83.77500152587890625 83.1687469482421875 83.7687530517578125 81.25624847412109375 78.8937530517578125 76.5625 75.8562469482421875 73.94374847412109375 73.33750152587890625 73.46875 73.59375 72.5187530517578125 67.3937530517578125 61.30625152587890625 54.25624847412109375 48.65000152587890625 44.481250762939453125 40.768749237060546875 38.956249237060546875 38.081249237060546875 36.96875 36.6875 35.90625 35.293750762939453125 35.22499847412109375 35.612499237060546875 35.30625152587890625 35.43125152587890625 36.69374847412109375 37.674999237060546875 38.61875152587890625 36.83750152587890625 34.65625 32.44374847412109375 31.75 31.799999237060546875 31.53125 32.31874847412109375 31.700000762939453125 30.943750381469726562 30.212499618530273438 29.537500381469726562
82.2375030517578125 83.3625030517578125 83.5124969482421875 83.09375 81.1687469482421875 78.96875 77.8125 75.84375 73.0437469482421875 73.15625 73.16249847412109375 70.90625 68.6875 64.53125 59.987499237060546875 54.293750762939453125 49.762500762939453125 45.94374847412109375 43.15625 40.793750762939453125 39.362499237060546875 38.862499237060546875 38.231250762939453125 38.16249847412109375 37.581249237060546875 36.69374847412109375 37.581249237060546875 37.56874847412109375 37.49375152587890625 38.1875 39.450000762939453125 39.65625 37.75 35.200000762939453125 32.28749847412109375 31.387500762939453125 30.456249237060546875 30 30 29.40625 28.756250381469726562 28.462499618530273438 28.756250381469726562
85.2375030517578125 82.72499847412109375 82.90625 82.6125030517578125 81.5187530517578125 78.65000152587890625 77.3249969482421875 75.75 73.6437530517578125 72.68125152587890625 70.6125030517578125 67.68125152587890625 65.03749847412109375 61.93125152587890625 57.549999237060546875 53.38124847412109375 50.112499237060546875 46.96250152587890625 44.668750762939453125 42.43125152587890625 41.293750762939453125 39.887500762939453125 40.09375 39.93125152587890625 39.1875 38.03125 38.981250762939453125 39.46875 39.72499847412109375 40.34375 40.799999237060546875 40.53749847412109375 38.1875 34.825000762939453125 32.27500152587890625 30.681249618530273438 29.193750381469726562 28.331249237060546875 28.456249237060546875 28.237499237060546875 27.549999237060546875 27.799999237060546875 28.21875
85.4812469482421875 84.4812469482421875 83.09375 82.53749847412109375 79.81874847412109375 77.4187469482421875 75.30625152587890625 72.9812469482421875 72.6125030517578125 70.4187469482421875 68.1374969482421875 64.7624969482421875 61.731250762939453125 58.981250762939453125 55.68125152587890625 52.30625152587890625 50.081249237060546875 47.799999237060546875 45.793750762939453125 44.08750152587890625 42.918750762939453125 41.668750762939453125 41.53749847412109375 40.987499237060546875 40.643749237060546875 39.375 40.53749847412109375 40.99375152587890625 41.168750762939453125 41.49375152587890625 41.50624847412109375 41.262500762939453125 37.924999237060546875 34.043750762939453125 31.331249237060546875 30.206249237060546875 28.881250381469726562 27.887500762939453125 27.918750762939453125 27.362499237060546875 26.25 26.674999237060546875 27.612499237060546875
85.4250030517578125 84.8249969482421875 82.9375 80.19374847412109375 78.09375 76.0187530517578125 73.4499969482421875 72.30625152587890625 70.6437530517578125 67.9562530517578125 66.0500030517578125 63.174999237060546875 59.987499237060546875 56.88124847412109375 53.9375 50.93125152587890625 48.25624847412109375 47.087497711181640625 46.200000762939453125 43.762500762939453125 42.56874847412109375 42.168750762939453125 42.24375152587890625 41.799999237060546875 41.375 41.41249847412109375 41.86875152587890625 42.393749237060546875 41.887500762939453125 41.625 41.481250762939453125 41.137500762939453125 37.762500762939453125 34.25 31.549999237060546875 29.9375 29.331249237060546875 28.450000762939453125 28.043750762939453125 28.09375 27.600000381469726562 27.731250762939453125 27.693750381469726562
85.02500152587890625 83.41249847412109375 79.96875 78.375 78.1875 75.33750152587890625 73.03749847412109375 70.51874542236328125 68.16249847412109375 65.5749969482421875 63.09999847412109375 61.512500762939453125 59.362499237060546875 56.18125152587890625 52.299999237060546875 49.34375 47.59375 46.53749847412109375 45.9375 44.125 42.856250762939453125 41.46875 41.418750762939453125 41.518749237060546875 41.487499237060546875 42.25624847412109375 42.28125 43.174999237060546875 43.30625152587890625 42.787502288818359375 42.362499237060546875 41.200000762939453125 37.606250762939453125 34.331249237060546875 32.18125152587890625 30.362499237060546875 29.524999618530273438 28.637500762939453125 28.84375 29.412500381469726562 28.868749618530273438 27.893749237060546875 27.299999237060546875
83.90000152587890625 82.38124847412109375 78.8125 76.80625152587890625 76.875 74.0437469482421875 71.2062530517578125 67.78749847412109375 65.7375030517578125 63.59375 61.231250762939453125 59.1875 56.362499237060546875 53.9375 50.83750152587890625 49.18125152587890625 46.90625 45.5625 44.30625152587890625 42.987499237060546875 42.1875 41.956249237060546875 41.206249237060546875 40.75624847412109375 41.418750762939453125 42.30625152587890625 42.637500762939453125 43.706249237060546875 43.71250152587890625 42.6875 42.28749847412109375 40.65625 37.356250762939453125 34.518749237060546875 31.537500381469726562 29.643749237060546875 28.78125 28.087499618530273438 28.443750381469726562 28.9375 28.362499237060546875 27.293750762939453125 27.100000381469726562
80.55625152587890625 78.5 75.8625030517578125 74.625 73.16249847412109375 70.13124847412109375 68.2312469482421875 65.65625 63.018749237060546875 61.53125 60.68125152587890625 57.418750762939453125 54.18125152587890625 52.256252288818359375 49.487499237060546875 48.02500152587890625 45.924999237060546875 44.918750762939453125 43.5 42.143749237060546875 41.31874847412109375 40.78125 40.287502288818359375 40.956249237060546875 41.59375 41.8125 42.356250762939453125 42.206249237060546875 42.625 41.61875152587890625 41.40625 39.9375 36.893749237060546875 33.96875 31.299999237060546875 29.424999237060546875 28.456249237060546875 27.46875 27.637500762939453125 27.931249618530273438 27.143749237060546875 26.462499618530273438 26.09375
76.90625 76.0124969482421875 73.5124969482421875 73.06874847412109375 69.31874847412109375 67.2312469482421875 66.02500152587890625 63.737499237060546875 61.05625152587890625 59.0625 57.581249237060546875 55.106250762939453125 52.762500762939453125 49.018749237060546875 47.36875152587890625 45.481250762939453125 44.30625152587890625 42.956249237060546875 41.46875 40.59375 40.112499237060546875 39.65625 39.518749237060546875 39.768749237060546875 40.768749237060546875 41.30625152587890625 41.65625 41.27500152587890625 42.168750762939453125 41.63124847412109375 41.143749237060546875 39.66249847412109375 36.25 33 30.756250381469726562 28.931249618530273438 27.84375 26.600000381469726562 26.600000381469726562 26.262500762939453125 26.049999237060546875 25.662500381469726562 25.081249237060546875
74.24375152587890625 72.9875030517578125 71.2062530517578125 69.1999969482421875 66.9250030517578125 64.94374847412109375 63.418750762939453125 61.49375152587890625 57.950000762939453125 56.55625152587890625 55.049999237060546875 53.393749237060546875 50.25 47.706249237060546875 46.018749237060546875 44.674999237060546875 43.38124847412109375 41.924999237060546875 40.44374847412109375 39.63124847412109375 39.33750152587890625 38.762500762939453125 38.22499847412109375 38.899997711181640625 39.575000762939453125 40.4375 40.706249237060546875 40.53749847412109375 41.53749847412109375 41.331249237060546875 40.16249847412109375 38.46250152587890625 35.262500762939453125 31.962499618530273438 29.612499237060546875 27.862499237060546875 26.28125 25.393749237060546875 25.356250762939453125 24.950000762939453125 24.306249618530273438 23.918750762939453125 23.668750762939453125
71.61875152587890625 70.74375152587890625 68.40625 66.1999969482421875 64.40625 61.72499847412109375 59.75624847412109375 57.28749847412109375 54.65625 53.68125152587890625 53.418750762939453125 51.59375 49.950000762939453125 47.793750762939453125 46.206249237060546875 45.081249237060546875 43.143749237060546875 42.200000762939453125 40.30625152587890625 39.25624847412109375 39.237499237060546875 39.549999237060546875 38.88124847412109375 39.53749847412109375 39.762500762939453125 40.049999237060546875 39.987499237060546875 40.825000762939453125 40.8125 40.16249847412109375 39.13124847412109375 37.637500762939453125 33.612499237060546875 30.90625 28.350000381469726562 26.212499618530273438 25.274999618530273438 24.450000762939453125 23.993749618530273438 23.912500381469726562 23.350000381469726562 23.424999237060546875 22.700000762939453125
67.1125030517578125 66.28749847412109375 64.0625 62.5625 61.049999237060546875 59.012500762939453125 57.200000762939453125 55.50624847412109375 52.518749237060546875 50.625 52.16249847412109375 52.56874847412109375 51.581249237060546875 49.206249237060546875 47.80625152587890625 45.512500762939453125 43.30625152587890625 41.93125152587890625 40.4375 38.96875 39.09999847412109375 39.53125 39.25 39.97499847412109375 40.418750762939453125 39.924999237060546875 40.143749237060546875 40.487499237060546875 39.52500152587890625 38.96250152587890625 38.38124847412109375 36.606250762939453125 33 29.706249237060546875 27.162500381469726562 25.356250762939453125 24.443750381469726562 23.862499237060546875 23.299999237060546875 23.181249618530273438 22.506250381469726562 22.543750762939453125 21.837499618530273438
63.80625152587890625 63.38124847412109375 60.8125 60.25 59.200000762939453125 57 55.262500762939453125 53.450000762939453125 51.75 49.8125 54.28749847412109375 55.293750762939453125 52.84999847412109375 51.34999847412109375 49.862499237060546875 46.93125152587890625 43.793750762939453125 41.799999237060546875 41.049999237060546875 39.53125 39.575000762939453125 39.5 39.41249847412109375 40.09375 40.568752288818359375 40.59999847412109375 40.78125 40.96875 40.30625152587890625 39.27500152587890625 37.91249847412109375 36.768749237060546875 33.475002288818359375 29.15625 26.168750762939453125 24.256250381469726562 23.975000381469726562 23.618749618530273438 23.262500762939453125 23.100000381469726562 21.649999618530273438 21.174999237060546875 20.662500381469726562
