data/historical-monthly-weather-data/wc2.1_cruts4.09_10m_prec_1988-05.asc
ncols        45
nrows        45
xllcorner    -63.500000000000
yllcorner    -7.500000000000
cellsize     0.166666666667
NODATA_value -9999
[rows 20 to 39 of 45, columns 0 to 44 of 45]
359.45623779296875 369.8125 376.23126220703125 376.5 376.73748779296875 390.01251220703125 398.54376220703125 401.243743896484375 398.61248779296875 390.29376220703125 384.125 381.26251220703125 372.068756103515625 361.806243896484375 345.725006103515625 333.25 315.48126220703125 308.756256103515625 311.35626220703125 308.88751220703125 319.76251220703125 328.225006103515625 334.88751220703125 339.368743896484375 341.03125 334.556243896484375 322.16876220703125 318 314.57501220703125 309.931243896484375 309.149993896484375 313.58123779296875 313.85626220703125 318.556243896484375 330.162506103515625 346.787506103515625 360.962493896484375 370.225006103515625 371.29998779296875 367.006256103515625 362.5625 354.149993896484375 351.649993896484375 357.662506103515625 359.26873779296875
359.693756103515625 358.57501220703125 371.63751220703125 382.850006103515625 385 394.087493896484375 406.868743896484375 415.38751220703125 414.14373779296875 406.881256103515625 398.399993896484375 390.1875 378.875 366.32501220703125 357.03125 341.11248779296875 340.162506103515625 329.131256103515625 328.26251220703125 321.868743896484375 318.16876220703125 323.04998779296875 328.162506103515625 326.40625 320.8125 319.868743896484375 321.16876220703125 316.79998779296875 321.17498779296875 318.84375 312.11248779296875 307.131256103515625 312.96875 321.787506103515625 326.962493896484375 337.01251220703125 350.9375 359.868743896484375 360.79998779296875 358.04998779296875 356.46875 350.1875 347.48748779296875 350.34375 351.568756103515625
360.17498779296875 370.95623779296875 382.181243896484375 393.506256103515625 396.15625 403.818756103515625 404.20623779296875 415.493743896484375 424.83123779296875 419.381256103515625 407.36248779296875 396.743743896484375 390.725006103515625 378.39373779296875 368.78125 356.818756103515625 349.087493896484375 340.3125 333.79998779296875 327.225006103515625 325.17498779296875 319.193756103515625 319.256256103515625 315.45623779296875 315.625 312.475006103515625 309.34375 313.412506103515625 318.625 314.65625 306.006256103515625 305.32501220703125 315 321.943756103515625 329.231231689453125 328.95623779296875 336.243743896484375 348.0625 355.975006103515625 353.71875 349.83123779296875 345.59375 342.46875 344.04998779296875 344.63751220703125
357.149993896484375 373.256256103515625 390.056243896484375 397.92498779296875 399.5625 402.8125 417.100006103515625 424.13751220703125 423.25 415.9375 408.21875 405.600006103515625 396.306243896484375 387.149993896484375 374.08123779296875 362.11248779296875 353.493743896484375 346.79998779296875 340.79998779296875 334.943756103515625 325.54998779296875 319.57501220703125 314.03125 314.850006103515625 310.39373779296875 301.83123779296875 302.57501220703125 307.475006103515625 314.98126220703125 317.78125 317.4375 318.34375 328.1875 332.9375 337.04376220703125 331.35626220703125 341.962493896484375 348.943756103515625 352.23126220703125 351.26873779296875 346.11248779296875 344.399993896484375 342.6875 340.26251220703125 339.15625
362.0625 381.0625 394.82501220703125 408.506256103515625 413.4375 418.23748779296875 419.84375 426.618743896484375 423.26873779296875 419 410.056243896484375 402.59375 398.14373779296875 387.462493896484375 373.73126220703125 365.08123779296875 360.85626220703125 352.13751220703125 342.66876220703125 335.90625 329.79998779296875 319.649993896484375 315.32501220703125 312.73126220703125 307.118743896484375 307.08123779296875 307.587493896484375 313.475006103515625 319.73126220703125 327.875 329.149993896484375 337.681243896484375 345.70623779296875 348.82501220703125 344.5 341.66876220703125 347.600006103515625 346.53125 347.806243896484375 347.118743896484375 344.28125 340.081268310546875 338.21875 332.193756103515625 324.48748779296875
376.056243896484375 398.556243896484375 402 413.20001220703125 412.475006103515625 414.86248779296875 415.01873779296875 419.475006103515625 411.287506103515625 402.243743896484375 404.4375 400.881256103515625 390.600006103515625 381.225006103515625 376.53125 368.23748779296875 364.10626220703125 355.006256103515625 344.649993896484375 335.350006103515625 328.84375 318.51873779296875 313.568756103515625 307 305.774993896484375 304.86248779296875 313.193756103515625 319.25 324.725006103515625 333.82501220703125 342.675018310546875 360.506256103515625 369.76873779296875 362.75 354.243743896484375 352.20001220703125 349.92498779296875 349.01873779296875 341.96875 339.86248779296875 338.63751220703125 331.712493896484375 325.824981689453125 323.962493896484375 319.193756103515625
384.11248779296875 393.556243896484375 402.443756103515625 408.625 407.33123779296875 408.912506103515625 407.16876220703125 403.556243896484375 398.100006103515625 400.86248779296875 399.0625 389.756256103515625 382.743743896484375 375.09375 370.306243896484375 366.16876220703125 359.07501220703125 347.75 344.48126220703125 334.09375 323.60626220703125 314.899993896484375 309.225006103515625 308.04376220703125 306.537506103515625 306.45623779296875 313.975006103515625 320 327.100006103515625 333.287506103515625 347.57501220703125 365.73126220703125 382.287506103515625 369.88751220703125 357.056243896484375 351.850006103515625 353.243743896484375 347.618743896484375 340.40625 337.806243896484375 334.475006103515625 327.743743896484375 322.07501220703125 316.256256103515625 311.837493896484375
394.350006103515625 396.600006103515625 400.912506103515625 399.76873779296875 399.79998779296875 402.262481689453125 401.13751220703125 393.54376220703125 390.975006103515625 392.29376220703125 387.931243896484375 377.975006103515625 370.82501220703125 362.29998779296875 360.79998779296875 353.73126220703125 351.681243896484375 347.85626220703125 344.443756103515625 335.89373779296875 324.8125 312.975006103515625 309.975006103515625 306.912506103515625 306.337493896484375 304.243743896484375 312.04998779296875 317.76873779296875 325.70001220703125 332.943756103515625 344.212493896484375 357.89373779296875 368.943756103515625 362.743743896484375 357.71875 352.65625 349.149993896484375 347.962493896484375 343.66876220703125 336.399993896484375 330.08123779296875 326.46875 321.14373779296875 317.11248779296875 307.9375
396.462493896484375 397.1875 394.756256103515625 392.4375 390.412506103515625 384.287506103515625 379.693756103515625 380.306243896484375 384 379.6875 375.8125 368.45623779296875 359.5 354.60626220703125 356.037506103515625 355.5625 353.149993896484375 346.76251220703125 341.23126220703125 334.03125 323.40625 310.92498779296875 304.931243896484375 301.60626220703125 300.45623779296875 295.962493896484375 303.837493896484375 312.38751220703125 319.73126220703125 324.79376220703125 333.850006103515625 340.8125 348.25 348.493743896484375 351.41876220703125 348.38751220703125 346.98126220703125 343.10626220703125 338.95001220703125 331.725006103515625 320.493743896484375 313.73126220703125 315.13751220703125 318.712493896484375 313.225006103515625
391.6875 388.837493896484375 380.8125 371.318756103515625 366.28125 366.04376220703125 363.056243896484375 367.51251220703125 367.63751220703125 361.26873779296875 359.5625 354.32501220703125 347.975006103515625 345.087493896484375 346.40625 346.53125 344.09375 343.618743896484375 336.625 326.193756103515625 316.118743896484375 306.600006103515625 299.225006103515625 294 288.850006103515625 290.375 293.375 296.368743896484375 302.8125 308.82501220703125 317.23126220703125 321.587493896484375 329.074981689453125 334.943756103515625 340.46875 337.08123779296875 343.20001220703125 341.73126220703125 335.98126220703125 336.21875 330.95001220703125 322.34375 316.506256103515625 313.443756103515625 309.743743896484375
384.84375 378.01251220703125 365.51251220703125 358.0625 353.73126220703125 351.88751220703125 353.162506103515625 352.39373779296875 352.03125 349.11248779296875 346.90625 340.35626220703125 339.40625 332.40625 333.725006103515625 336.63751220703125 336.70001220703125 333.29376220703125 329.131256103515625 322.76251220703125 308.681243896484375 297.024993896484375 289.59375 281.51873779296875 276.524993896484375 280.01251220703125 280.88751220703125 281.381256103515625 286.95623779296875 291.587493896484375 300.618743896484375 302.79998779296875 310.38751220703125 318.71875 324.850006103515625 322.63751220703125 329.29998779296875 334.66876220703125 335.6875 334.10626220703125 335.681243896484375 326.181243896484375 318.70001220703125 310.28125 309.23126220703125
368.475006103515625 359.65625 349.056243896484375 343.40625 341.568756103515625 337.056243896484375 341.96875 336.46875 334.949981689453125 331.274993896484375 328.95623779296875 322.11248779296875 320.79998779296875 319.631256103515625 320.09375 324.03125 319.71875 316.087493896484375 312.899993896484375 308.39373779296875 294.04998779296875 283.5625 275.20001220703125 269.375 268.95001220703125 267.70001220703125 268.212493896484375 266.59375 267.46875 273.76873779296875 277.53125 282.368743896484375 289.26873779296875 298.1875 307.42498779296875 308.63751220703125 314.524993896484375 322.537506103515625 323.868743896484375 330.88751220703125 333.087493896484375 326.61248779296875 320.70001220703125 317.868743896484375 316.1875
343.787506103515625 338.08123779296875 328.98126220703125 326.462493896484375 321.556243896484375 317.14373779296875 318.725006103515625 315.61248779296875 314.181243896484375 313.743743896484375 317.34375 311.70623779296875 309.556243896484375 310.01873779296875 307.912506103515625 305.51251220703125 300.875 301.07501220703125 294.66876220703125 290.03125 276.32501220703125 268.20001220703125 258.881256103515625 256.0625 254.756256103515625 254.256256103515625 252.149993896484375 250.912506103515625 248.8874969482421875 253.1437530517578125 258.1875 261.875 266.95623779296875 279.91876220703125 288.17498779296875 295.443756103515625 298.368743896484375 306.868743896484375 309.3125 320.14373779296875 322.54998779296875 321.649993896484375 318.73126220703125 319.88751220703125 328.89373779296875
320.006256103515625 314.09375 311.08123779296875 308.649993896484375 307.13751220703125 300.88751220703125 298.48126220703125 294.01251220703125 291.743743896484375 291.75 294.64373779296875 296.1875 293.3125 290.90625 290.45001220703125 289.850006103515625 285.931243896484375 283.943756103515625 275.600006103515625 268.64373779296875 260.162506103515625 253.25 244.931243896484375 240.0500030517578125 239.181243896484375 237.0187530517578125 233.787506103515625 231.2624969482421875 231.25 234.8562469482421875 239.431243896484375 242.899993896484375 249.493743896484375 258.274993896484375 268.46875 275.024993896484375 281.98748779296875 286.0625 293.70001220703125 301.76873779296875 304.98126220703125 309.787506103515625 314.14373779296875 317.51251220703125 332.149993896484375
294.787506103515625 290.76251220703125 290.59375 291.54376220703125 291.337493896484375 285.118743896484375 277.13751220703125 273.23748779296875 266.774993896484375 268.07501220703125 273.743743896484375 276.962493896484375 280.431243896484375 281.86248779296875 279.09375 275.35626220703125 269.20623779296875 266.61248779296875 258.90625 249.225006103515625 241.899993896484375 233.8249969482421875 228.3562469482421875 223.6374969482421875 221.756256103515625 219.7062530517578125 219.068756103515625 217.34375 216.306243896484375 220.443756103515625 223.1125030517578125 226.15625 230.1125030517578125 239.243743896484375 242.256256103515625 250.712493896484375 255.3874969482421875 268.193756103515625 275.462493896484375 281.34375 285.90625 288.412506103515625 294.087493896484375 301.79376220703125 314.21875
273.106231689453125 272.162506103515625 269.84375 269.475006103515625 267.875 262.04998779296875 253.6125030517578125 250.3937530517578125 244.8937530517578125 241.9562530517578125 245.7062530517578125 255.9250030517578125 264.73748779296875 265.712493896484375 264.381256103515625 258.90625 252.006256103515625 245.850006103515625 241.0812530517578125 231.806243896484375 225.5625 218.6999969482421875 213.131256103515625 209.7062530517578125 206.818756103515625 203.9812469482421875 205.681243896484375 204.618743896484375 201.256256103515625 204.381256103515625 207.725006103515625 210.28125 213.2312469482421875 216.53125 220.6999969482421875 226.75 239.118743896484375 245.037506103515625 252.2624969482421875 262.431243896484375 266.056243896484375 272.743743896484375 276.13751220703125 283.21875 287.375
253.7624969482421875 254.931243896484375 252.3937530517578125 251.475006103515625 250.9187469482421875 243.524993896484375 236.712493896484375 229.931243896484375 223.25 214.3562469482421875 226.475006103515625 247.75 254.7624969482421875 253.850006103515625 250.0625 243.4812469482421875 234.1125030517578125 227.2687530517578125 222.4375 212.681243896484375 208.368743896484375 203.0625 196.837493896484375 193.725006103515625 191.5250091552734375 191.024993896484375 190.8874969482421875 189.3312530517578125 186.631256103515625 190.3000030517578125 194.475006103515625 197.899993896484375 199.3937530517578125 199.118743896484375 203.21875 211.5500030517578125 220.4875030517578125 228.618743896484375 233.681243896484375 239.875 243.649993896484375 247.0500030517578125 256.75 264.962493896484375 267.9375
237.337493896484375 238.162506103515625 238.287506103515625 236.381256103515625 237.0812530517578125 231.556243896484375 225.3937530517578125 217.7062530517578125 211.350006103515625 202.681243896484375 227.556243896484375 248.5437469482421875 249.4250030517578125 246.568756103515625 239.4187469482421875 230.6750030517578125 219.931243896484375 213.8625030517578125 206.4875030517578125 199.1750030517578125 192.4250030517578125 187.881256103515625 182.837493896484375 179.8562469482421875 177.662506103515625 176.618743896484375 174.631256103515625 177.03125 176.1437530517578125 177.943756103515625 180.375 183.725006103515625 186.1374969482421875 184.306243896484375 184.462493896484375 192.381256103515625 202.8249969482421875 209.6875 218.149993896484375 221.412506103515625 225.7312469482421875 230.0437469482421875 232.118743896484375 235.8312530517578125 240.4250030517578125
225.5 225.7375030517578125 225.181243896484375 224.625 221.631256103515625 217.806243896484375 215.40625 214.024993896484375 215.743743896484375 227.0749969482421875 254.9499969482421875 254.4250030517578125 244.149993896484375 238.212493896484375 230.068756103515625 220.9250030517578125 211.3874969482421875 204.3312530517578125 197.306243896484375 188.6374969482421875 180.243743896484375 173.65625 170.3249969482421875 169.1374969482421875 165.8625030517578125 164.462493896484375 165.375 167.618743896484375 165.6374969482421875 168.9562530517578125 169.0749969482421875 167.774993896484375 171 173.1687469482421875 177.5749969482421875 183.1999969482421875 189.375 198.2687530517578125 200.90625 201.337493896484375 207.875 210.868743896484375 210.712493896484375 215.8625030517578125 217.4812469482421875
218.3937530517578125 217.03125 217.243743896484375 215.881256103515625 214.1687469482421875 210.8249969482421875 207.5625 212.4812469482421875 218.225006103515625 228.5187530517578125 238.53125 241.024993896484375 232.84375 225.568756103515625 220.443756103515625 210.28125 200.3312530517578125 192.743743896484375 184.6125030517578125 177.46875 168.1875 162.368743896484375 156.693756103515625 155.4499969482421875 154.3312530517578125 154.2375030517578125 154.6437530517578125 156.212493896484375 155.3937530517578125 157.8562469482421875 159.7375030517578125 162.0437469482421875 164.2687530517578125 167.5749969482421875 171.53125 175.1437530517578125 179.3249969482421875 186.493743896484375 188.162506103515625 185.100006103515625 188.587493896484375 191.024993896484375 189.118743896484375 189.943756103515625 194.7624969482421875
