data/historical-monthly-weather-data/wc2.1_cruts4.09_10m_prec_1999-05.asc
ncols        51
nrows        45
xllcorner    -63.500000000000
yllcorner    -7.500000000000
cellsize     0.166666666667
NODATA_value -9999
[rows 20 to 39 of 45, columns 0 to 44 of 51]
295.76251220703125 316.70001220703125 334.46875 347.100006103515625 359.36248779296875 380.41876220703125 396.568756103515625 406.756256103515625 409.087493896484375 405.087493896484375 403.21875 404.88751220703125 399.63751220703125 393.13751220703125 381.13751220703125 372.725006103515625 358.17498779296875 357.17498779296875 367.08123779296875 371.84375 397.881256103515625 422.61248779296875 443.75 450.54376220703125 451.587493896484375 441.03125 417.712493896484375 404.631256103515625 392.82501220703125 380.04376220703125 372.17498779296875 370.79998779296875 366.26251220703125 367.20001220703125 375.84375 388.26251220703125 397.3125 400.82501220703125 396.08123779296875 385.912506103515625 376.193756103515625 364.78125 359.899993896484375 363.92498779296875 364.506256103515625
290.13751220703125 301.3125 324.61248779296875 347.162506103515625 361.556243896484375 378.29376220703125 398.28125 414.09375 418.0625 415.48748779296875 411.537506103515625 407.58123779296875 400.193756103515625 391.35626220703125 387.037506103515625 375.287506103515625 380.056243896484375 375.51873779296875 382.693756103515625 383.975006103515625 392.16876220703125 411.774993896484375 430.41876220703125 429.39373779296875 421.54998779296875 418.837493896484375 413.493743896484375 400.056243896484375 397.756256103515625 387.54376220703125 372.15625 359.4375 361.5625 367.443756103515625 368.899993896484375 374.318756103515625 383.54376220703125 387.26251220703125 382.993743896484375 375.074981689453125 368.875 359.83123779296875 354.86248779296875 355.75 355.91876220703125
284.98126220703125 305.71875 327.774993896484375 350.92498779296875 366.23126220703125 381.57501220703125 389.33123779296875 407.48126220703125 422.01251220703125 421.60626220703125 414.42498779296875 408.07501220703125 406.225006103515625 397.8125 393.54998779296875 386.631256103515625 384.42498779296875 383.5 385.28125 387.17498779296875 397.350006103515625 403.04376220703125 414.71875 411.337493896484375 411.537506103515625 406.40625 395.399993896484375 392.693756103515625 391.29376220703125 379 361.32501220703125 353.57501220703125 360.23748779296875 364.125 368.149993896484375 362.443756103515625 364.899993896484375 372.256256103515625 375.98126220703125 369.100006103515625 360.975006103515625 354.20623779296875 348.899993896484375 348.600006103515625 348.09375
276.149993896484375 299.743743896484375 326.66876220703125 347.5 362.600006103515625 373.787506103515625 394.568756103515625 408.625 413.443756103515625 411.66876220703125 409.28125 411.537506103515625 406.85626220703125 402.36248779296875 395.10626220703125 388.787506103515625 386.193756103515625 388.35626220703125 391.568756103515625 395.08123779296875 396.25 401.53125 405.58123779296875 408.068756103515625 402.131256103515625 389.91876220703125 383.84375 382.068756103515625 383.28125 379.15625 371.212493896484375 365.068756103515625 371.756256103515625 373.118743896484375 373.618743896484375 362.28125 368.65625 371.149993896484375 370.26251220703125 365.03125 355.850006103515625 351.850006103515625 348.11248779296875 343.79998779296875 341.375
273.662506103515625 298.08123779296875 322.79998779296875 349.39373779296875 368.431243896484375 381.212493896484375 390.193756103515625 403.912506103515625 406.71875 408.368743896484375 405.318756103515625 403.149993896484375 403.85626220703125 398.35626220703125 391.006256103515625 388.78125 391.537506103515625 392.25 392.29376220703125 395.34375 400.14373779296875 399.92498779296875 405.13751220703125 402.975006103515625 395.40625 394.01251220703125 387.23748779296875 386.13751220703125 385.42498779296875 387.42498779296875 381.162506103515625 383.431243896484375 387.868743896484375 387.32501220703125 378.54376220703125 370.61248779296875 372.256256103515625 366.5625 363.806243896484375 359.15625 352.662506103515625 346.256256103515625 342.5 334.668731689453125 325.368743896484375
278.65625 304.70623779296875 321.58123779296875 346.36248779296875 360.850006103515625 371.38751220703125 378.88751220703125 390.306243896484375 388.79376220703125 386.20001220703125 394.306243896484375 396.39373779296875 391.66876220703125 387.95623779296875 390.399993896484375 389.11248779296875 392.51251220703125 393.40625 393.131256103515625 393.73748779296875 397.75 396.912506103515625 400.85626220703125 393.38751220703125 391.20623779296875 388.4375 391.212493896484375 389.78125 387.61248779296875 390.524993896484375 392.8125 405.225006103515625 410.818756103515625 398.98748779296875 385.731231689453125 379 372.149993896484375 367 355.818756103515625 349.993743896484375 345.40625 336.399993896484375 328.76873779296875 325.23748779296875 318.743743896484375
282.787506103515625 297.899993896484375 317.274993896484375 335.9375 348.100006103515625 357.90625 364.01251220703125 368.337493896484375 369.943756103515625 379.16876220703125 384.08123779296875 381.10626220703125 380.23126220703125 378.88751220703125 381.54998779296875 384.89373779296875 385.38751220703125 383.95623779296875 391.75 391.1875 390.368743896484375 391.225006103515625 394.118743896484375 393.068756103515625 390.0625 387.818756103515625 389.006256103515625 387 386.225006103515625 385.649993896484375 394.149993896484375 406.774993896484375 420.431243896484375 402.91876220703125 385.23748779296875 375.23126220703125 372.40625 362.45623779296875 351.337493896484375 345.256256103515625 338.76251220703125 330.07501220703125 322.78125 315.375 309.3125
289.01251220703125 297.96875 311.875 322.412506103515625 333.61248779296875 344.04376220703125 351.043731689453125 352.21875 357.09375 365.506256103515625 368.65625 365.600006103515625 365.100006103515625 363.399993896484375 369.54376220703125 369.98126220703125 375.89373779296875 382.681243896484375 390.48748779296875 392.212493896484375 390.73126220703125 387.83123779296875 393.98748779296875 390.0625 387.66876220703125 382.399993896484375 383.36248779296875 380.45623779296875 380.181243896484375 380.850006103515625 385.993743896484375 393.76873779296875 401.57501220703125 391.26873779296875 382.350006103515625 372.6875 364.76873779296875 359.58123779296875 351.712493896484375 341.0625 331.75 326.350006103515625 319.48126220703125 313.912506103515625 303.28125
290.01873779296875 296.774993896484375 303.681243896484375 311.162506103515625 318.76251220703125 321.706268310546875 325.71875 334.193756103515625 344.931243896484375 348.649993896484375 352.6875 352.57501220703125 350.806243896484375 353.1875 362.462493896484375 369.95623779296875 375.82501220703125 379.993743896484375 385.45623779296875 388.79998779296875 387.818756103515625 384.087493896484375 386.33123779296875 381.61248779296875 377.975006103515625 369.149993896484375 369.912506103515625 370.08123779296875 368.79376220703125 367.125 370.056243896484375 370.78125 374.9375 371.975006103515625 371.88751220703125 364.53125 358.943756103515625 351.118743896484375 343.681243896484375 333.36248779296875 319.412506103515625 311.03125 310.95001220703125 312.975006103515625 306.0625
290.243743896484375 292.35626220703125 292.95001220703125 292.618743896484375 295.64373779296875 302.5 307.1875 318.337493896484375 325.818756103515625 327.65625 333.70001220703125 335.79376220703125 336.850006103515625 341.493743896484375 350.51873779296875 358.475006103515625 364.23126220703125 374.5625 378.149993896484375 377.556243896484375 377 376.787506103515625 377.15625 369.58123779296875 360.443756103515625 358.73126220703125 353.412506103515625 347.01873779296875 344.875 344.73126220703125 347.45623779296875 345.86248779296875 350.04376220703125 352.92498779296875 355.41876220703125 347.90625 350.137481689453125 344.88751220703125 336.0625 333.4375 325.625 315.618743896484375 308.556243896484375 304.1875 299.068756103515625
289.625 286.54998779296875 281.681243896484375 280.943756103515625 282.693756103515625 287.4375 295.006256103515625 301.100006103515625 307.91876220703125 312.79376220703125 318.39373779296875 319.4375 325.92498779296875 326.774993896484375 335.587493896484375 346.125 354.337493896484375 361.16876220703125 367.493743896484375 371.243743896484375 365.899993896484375 362.88751220703125 362.931243896484375 351.39373779296875 342.03125 342.36248779296875 334.48748779296875 325.36248779296875 322.48748779296875 321.29376220703125 325.21875 321.86248779296875 326.01251220703125 331.287506103515625 334.243743896484375 328.118743896484375 331 332.78125 330.899993896484375 326.65625 325.71875 315.100006103515625 306.649993896484375 297.32501220703125 294.73126220703125
282.3125 275.73748779296875 270.38751220703125 269.181243896484375 271.212493896484375 272.975006103515625 282.73126220703125 284.131256103515625 289.61248779296875 293.51251220703125 298.70001220703125 299.48748779296875 305.600006103515625 312.10626220703125 319.75 331.056243896484375 334.375 340.337493896484375 347.068756103515625 352.306243896484375 346.181243896484375 344.125 342.54998779296875 333.48748779296875 329.42498779296875 323.618743896484375 315.48126220703125 304.17498779296875 296.350006103515625 297.53125 296.35626220703125 296.48126220703125 299.850006103515625 305.54998779296875 311.5 309.024993896484375 311.243743896484375 315.70623779296875 314.40625 318.725006103515625 318.600006103515625 311.125 304.40625 300.5625 297.28125
272.29998779296875 267.21875 261.337493896484375 261 259.0625 259.40625 265.056243896484375 267.01873779296875 271.375 276.993743896484375 286.48748779296875 287.90625 292.837493896484375 300.5 305.287506103515625 309.818756103515625 312.4375 321.693756103515625 324.162506103515625 328.399993896484375 322.08123779296875 321.875 318.29998779296875 312.92498779296875 307.82501220703125 303.006256103515625 292.3125 282.11248779296875 271.681243896484375 271.037506103515625 271.71875 271.03125 272.412506103515625 281.943756103515625 286.649993896484375 290.274993896484375 289.662506103515625 294.66876220703125 294.79998779296875 303.087493896484375 303.48126220703125 301.41876220703125 297.618743896484375 297.568756103515625 304.256256103515625
262.88751220703125 256.850006103515625 254.4375 252.65625 252 249.4499969482421875 250.399993896484375 249.7937469482421875 252.2375030517578125 256.95623779296875 264.57501220703125 271.83123779296875 275.493743896484375 279.79376220703125 285.681243896484375 291.618743896484375 294.556243896484375 300.86248779296875 300.45001220703125 301.212493896484375 299.899993896484375 300.11248779296875 296.95623779296875 289.100006103515625 284.681243896484375 278.118743896484375 266.8125 255.912506103515625 248.40625 247.5187530517578125 248.1125030517578125 247.587493896484375 250.375 255.4250030517578125 261.86248779296875 264.86248779296875 268.243743896484375 269.1875 274.53125 280.48126220703125 281.98126220703125 285.33123779296875 288.3125 290.3125 302.07501220703125
251.40625 246.350006103515625 245.0812530517578125 244.9250030517578125 244.09375 240.21875 235.15625 233.756256103515625 231.4250030517578125 236.1062469482421875 245.0187530517578125 253.0187530517578125 261.899993896484375 269.256256103515625 272.493743896484375 274.89373779296875 275.131256103515625 280.03125 279.524993896484375 276.506256103515625 275.412506103515625 273.225006103515625 272.54376220703125 264.98748779296875 259.59375 253.46875 245.818756103515625 236.537506103515625 228.568756103515625 228.5812530517578125 227.568756103515625 226.931243896484375 227.03125 232.2562408447265625 231.6374969482421875 236.6125030517578125 238.087493896484375 247.306243896484375 252.5749969482421875 256.78125 259.76251220703125 261.07501220703125 265.26873779296875 271.193756103515625 280.912506103515625
242.318756103515625 239.881256103515625 236.5 234.9250030517578125 232.5 227.850006103515625 221.1687469482421875 219.1687469482421875 216.5124969482421875 216.3312530517578125 222.3625030517578125 235.6437530517578125 248.2687530517578125 254 257.662506103515625 257.36248779296875 255.8562469482421875 255.993743896484375 257.54998779296875 253.9250030517578125 252.8000030517578125 250.693756103515625 248.875 243.1750030517578125 237.1374969482421875 230.712493896484375 226.7375030517578125 219.3000030517578125 209.837493896484375 209.0437469482421875 208.868743896484375 207.912506103515625 207.118743896484375 206.7375030517578125 207.3937530517578125 210.4875030517578125 219.5124969482421875 222.693756103515625 228.037506103515625 236.15625 238.3874969482421875 243.4250030517578125 245.5187530517578125 250.84375 253.350006103515625
234.6999969482421875 234.25 230.5 228.2624969482421875 226.524993896484375 219.4375 212.9562530517578125 206.78125 201.931243896484375 195.2312469482421875 207.9499969482421875 230.462493896484375 240.3874969482421875 243.1750030517578125 243.4499969482421875 241.0749969482421875 236.087493896484375 234.4812469482421875 234.90625 229.6999969482421875 229.4812469482421875 227.8937530517578125 224.3375091552734375 219.3562469482421875 214.6437530517578125 211.5 206.5187530517578125 199.693756103515625 191.9875030517578125 191.975006103515625 192.71875 192.7312469482421875 190.5812530517578125 186.90625 187.600006103515625 193.149993896484375 199.3125 204.837493896484375 208.2937469482421875 212.8562469482421875 215.256256103515625 217.381256103515625 225.0124969482421875 231.28125 232.943756103515625
229.0625 228.34375 226.9562530517578125 223.6374969482421875 222.837493896484375 216.4375 209.587493896484375 201.506256103515625 195.9499969482421875 188.4562530517578125 212.4250030517578125 234.0187530517578125 237.212493896484375 237.0500030517578125 233.149993896484375 227.7312469482421875 220.4187469482421875 218.65625 215.4875030517578125 212.0124969482421875 208.0437469482421875 206.181243896484375 203.0625 198.5749969482421875 194.399993896484375 191.2375030517578125 185.3000030517578125 183.7312469482421875 178.8000030517578125 177.15625 176.3312530517578125 176.4562530517578125 175.350006103515625 170.381256103515625 167.6750030517578125 173.1062469482421875 180.912506103515625 185.5437469482421875 192.0625 194.03125 196.962493896484375 199.875 200.837493896484375 203.1999969482421875 206.462493896484375
226.2312469482421875 224.899993896484375 222.7750091552734375 220.6687469482421875 216.1875 211.100006103515625 207.462493896484375 204.9499969482421875 206.350006103515625 217.100006103515625 243.7687530517578125 244.443756103515625 235.9562530517578125 231.75 225.868743896484375 219.0124969482421875 211.881256103515625 207.975006103515625 204.0749969482421875 198.1125030517578125 191.493743896484375 186.5 184.46875 182.318756103515625 177.506256103515625 174.524993896484375 172.712493896484375 172.03125 167.006256103515625 167.40625 164.7624969482421875 160.8249969482421875 161.118743896484375 160.399993896484375 161.9812469482421875 165.412506103515625 169.462493896484375 175.96875 177.2937469482421875 176.756256103515625 181.618743896484375 183.4812469482421875 182.6437530517578125 186.4250030517578125 187.337493896484375
227.53125 224.475006103515625 223.1062469482421875 220.131256103515625 216.8312530517578125 212.0124969482421875 207.350006103515625 210.8562469482421875 215.725006103515625 225.1125030517578125 234.28125 236.931243896484375 229.243743896484375 222.5500030517578125 218.568756103515625 209.65625 201.024993896484375 195.4375 189.28125 183.8562469482421875 175.4562530517578125 170.4812469482421875 165.350006103515625 163.462493896484375 161.462493896484375 160.399993896484375 158.9812469482421875 158.600006103515625 155.756256103515625 155.8625030517578125 155.4187469482421875 155.40625 155.1875 156.0124969482421875 157.5500030517578125 159.2624969482421875 161.524993896484375 166.5187530517578125 166.9375 163.21875 165.412506103515625 166.9250030517578125 164.6750030517578125 164.850006103515625 168.7624969482421875
