data/historical-monthly-weather-data/wc2.1_cruts4.09_10m_prec_1958-02.asc
ncols        51
nrows        45
xllcorner    -63.500000000000
yllcorner    -7.500000000000
cellsize     0.166666666667
NODATA_value -9999
[rows 20 to 39 of 45, columns 0 to 43 of 51]
172.6062469482421875 174.5625 178.4812469482421875 183.006256103515625 189.5812530517578125 196.3000030517578125 203.7062530517578125 211.350006103515625 219.475006103515625 227.037506103515625 233.3874969482421875 239.337493896484375 245.8125 251.2375030517578125 241.6437530517578125 225.5187530517578125 212.0437469482421875 203.243743896484375 200.193756103515625 198.9499969482421875 206.125 213.712493896484375 220.381256103515625 228.693756103515625 237.712493896484375 247.600006103515625 259.3125 271.36248779296875 284.16876220703125 293.84375 296.61248779296875 292.11248779296875 275.79376220703125 253.7937469482421875 233.568756103515625 251.875 285.20001220703125 313.100006103515625 332.293731689453125 343.41876220703125 346.875 343.98126220703125 341.118743896484375 337.1875
168.774993896484375 171.993743896484375 176.787506103515625 183.1125030517578125 189.681243896484375 197.09375 204.8249969482421875 212.774993896484375 220.7312469482421875 226.318756103515625 229.881256103515625 232.1062469482421875 234.443756103515625 235.399993896484375 231.2062530517578125 221.9375 212.3625030517578125 205.2312469482421875 200.7375030517578125 198.681243896484375 202.306243896484375 207.743743896484375 214.8937530517578125 223.2624969482421875 233.2062530517578125 244.8249969482421875 258.337493896484375 271.75 286.41876220703125 298.16876220703125 304.881256103515625 302.23126220703125 289.65625 275.45001220703125 267.024993896484375 280.16876220703125 305.381256103515625 326.993743896484375 340.3125 347.600006103515625 350.6875 348.45001220703125 344.837493896484375 339.89373779296875
167.4499969482421875 172 176.6750030517578125 183.3249969482421875 190 198.34375 205.3312530517578125 213.649993896484375 221.8312530517578125 224.4875030517578125 224.3312530517578125 222.6125030517578125 220.837493896484375 221.1062469482421875 220.9875030517578125 216.84375 210.4499969482421875 204.9562530517578125 199.84375 195.9187469482421875 198.287506103515625 201.587493896484375 206.556243896484375 215.03125 226.524993896484375 240.0187530517578125 254.537506103515625 269.70001220703125 286.693756103515625 301.131256103515625 312.21875 317.16876220703125 308.443756103515625 301.65625 304.5625 318.881256103515625 335.70001220703125 348.51873779296875 354.375 354.912506103515625 355.037506103515625 352.131256103515625 347.881256103515625 342.73748779296875
168.9499969482421875 173.306243896484375 178.0812530517578125 183.4499969482421875 190.056243896484375 198.2624969482421875 205.9749908447265625 213.0625 220.193756103515625 221.0124969482421875 219.5812530517578125 216.46875 210.912506103515625 213.0437469482421875 214.931243896484375 212.712493896484375 208.1687469482421875 203.881256103515625 198.493743896484375 193.5124969482421875 193.875 195.21875 198.212493896484375 206.8000030517578125 218.975006103515625 231.8874969482421875 248.5500030517578125 266.056243896484375 283.82501220703125 300.28125 314.08123779296875 322.4375 320.875 321.743743896484375 331.350006103515625 349.01873779296875 362.17498779296875 366.01873779296875 365.29998779296875 362.42498779296875 360.70623779296875 355.95001220703125 351.543731689453125 347.118743896484375
173.806243896484375 176.75 180.6062469482421875 185.8125 192.537506103515625 199.0187530517578125 205.850006103515625 211.7624969482421875 216.1750030517578125 217.6062469482421875 216.774993896484375 214.712493896484375 212.75 213.493743896484375 212.9812469482421875 211.350006103515625 208.2312469482421875 203.662506103515625 197.8249969482421875 191.9187469482421875 190.787506103515625 189.5500030517578125 189.875 197.5500030517578125 209.306243896484375 225.6750030517578125 242.5625 261.82501220703125 280.3125 296.524993896484375 309.943756103515625 319.54376220703125 325.33123779296875 332.4375 344.20001220703125 357.20623779296875 367.9375 371.23126220703125 369.287506103515625 366.14373779296875 363.875 358.67498779296875 354.868743896484375 352.493743896484375
183.181243896484375 184.96875 186.75 190.6875 196 201.524993896484375 206.256256103515625 210.774993896484375 214.1687469482421875 215.7687530517578125 215.6875 215.6374969482421875 216.2062530517578125 216.2937469482421875 215.1999969482421875 212.6999969482421875 209.5187530517578125 204.5124969482421875 198.787506103515625 192.1062469482421875 188.868743896484375 184.7687530517578125 182.0187530517578125 187.5187530517578125 201.568756103515625 219.5 239.306243896484375 258.01251220703125 277.068756103515625 291.83123779296875 304.475006103515625 315.375 324.96875 335.600006103515625 348.068756103515625 358.82501220703125 367.85626220703125 372.66876220703125 369.39373779296875 366.806243896484375 364.868743896484375 360.162506103515625 355.79376220703125 353.806243896484375
194.1062469482421875 194.5124969482421875 194.8937530517578125 197.8687591552734375 200.9499969482421875 204.25 208 210.337493896484375 213.25 215.59375 216.899993896484375 218.0749969482421875 219.9499969482421875 221.2375030517578125 219.631256103515625 217.6437530517578125 214.1750030517578125 209.0625 202.5749969482421875 195.1125030517578125 189.9562530517578125 184.287506103515625 178.59375 182.46875 198.7062530517578125 217.181243896484375 236.6999969482421875 255.6687469482421875 273.60626220703125 287.90625 300.912506103515625 311.125 322.6875 337.40625 349.162506103515625 359.98748779296875 369.087493896484375 373.59375 371.71875 368.850006103515625 366.23748779296875 360.23748779296875 354.725006103515625 351.63751220703125
205.875 204.306243896484375 204.0124969482421875 204.993743896484375 205.9875030517578125 207.1374969482421875 209.8000030517578125 212.212493896484375 214.5812530517578125 217.2312469482421875 218.587493896484375 220.7624969482421875 223.2624969482421875 225.256256103515625 224.274993896484375 222.78125 219.412506103515625 215.1062469482421875 208.125 200.7312469482421875 194.96875 188.3125 184.2562408447265625 189.399993896484375 202.0124969482421875 218.6750030517578125 236.9812469482421875 255.350006103515625 272.46875 286.32501220703125 298.79376220703125 310.225006103515625 324.649993896484375 337.84375 350.04998779296875 361.212493896484375 369.006256103515625 375.568756103515625 373.274993896484375 369.618743896484375 366.649993896484375 360.76251220703125 354.4375 352.068756103515625
216.59375 214.274993896484375 212.287506103515625 211.712493896484375 211.5 211.318756103515625 212.618743896484375 213.8937530517578125 216.4375 219.1687469482421875 220.84375 223.537506103515625 226.412506103515625 229.9375 229.850006103515625 229.5187530517578125 227.524993896484375 222.3874969482421875 216.4499969482421875 208.5812530517578125 202.4187469482421875 195.1437530517578125 191.96875 198.0812530517578125 208.2687530517578125 222.087493896484375 239.475006103515625 256.79998779296875 274.318756103515625 287.543731689453125 298.524993896484375 310.67498779296875 324.556243896484375 338.443756103515625 352.10626220703125 362.162506103515625 371.79376220703125 379.11248779296875 378.6875 373.61248779296875 367.21875 359.837493896484375 356.306243896484375 357.662506103515625
225.899993896484375 222.274993896484375 219.53125 217.59375 217.087493896484375 216.318756103515625 216.1437530517578125 216.5500030517578125 218.256256103515625 221.0812530517578125 223.375 227.34375 231.318756103515625 235.850006103515625 237.193756103515625 236.8249969482421875 236.3625030517578125 233.381256103515625 227.9250030517578125 219.5749969482421875 212.024993896484375 205.0437469482421875 201.4812469482421875 206.9375 215.6875 227.756256103515625 243.5187530517578125 259.39373779296875 275.61248779296875 287.975006103515625 300.193756103515625 312.71875 326.20623779296875 340.86248779296875 354.256256103515625 365.975006103515625 375.54376220703125 384.90625 383.60626220703125 379.475006103515625 378.443756103515625 374.193756103515625 370.48126220703125 373.29998779296875
233.1062469482421875 229.1875 224.975006103515625 222.6875 221.0187530517578125 220.087493896484375 219.2937469482421875 219.287506103515625 220.8125 223.118743896484375 226.9187469482421875 232.2062530517578125 237.7937469482421875 242.0437469482421875 243.725006103515625 245.1999969482421875 246.1062469482421875 244.225006103515625 240.2375030517578125 231.649993896484375 222.868743896484375 214.5749969482421875 209.78125 214.53125 222.3000030517578125 233.1687469482421875 247.506256103515625 262.618743896484375 277.725006103515625 289.837493896484375 302.04376220703125 315.04998779296875 330.350006103515625 345.84375 360.28125 370.98126220703125 382.125 393.53125 392.774993896484375 388.774993896484375 390.26873779296875 390.32501220703125 388.631256103515625 387.493743896484375
237.087493896484375 233.350006103515625 229.3125 226.9562530517578125 224.5437469482421875 222.7937469482421875 221.9250030517578125 220.756256103515625 222.0812530517578125 225.274993896484375 229.225006103515625 235.7624969482421875 242.693756103515625 248.649993896484375 251.287506103515625 254.318756103515625 254.15625 251.8625030517578125 247.8249969482421875 240.881256103515625 232.0625 223.7687530517578125 217.5187530517578125 221.868743896484375 229.28125 238.587493896484375 251.5812530517578125 265.76873779296875 280.149993896484375 293.15625 305.693756103515625 318.506256103515625 334.51251220703125 350.36248779296875 365.90625 377.91876220703125 390.431243896484375 401.649993896484375 401.41876220703125 403.024993896484375 409.375 410.54998779296875 409.399993896484375 409.79998779296875
239.162506103515625 236.118743896484375 232.9375 230.34375 227.4187469482421875 225.5749969482421875 223.8000030517578125 222.868743896484375 224.65625 228.1999969482421875 233.7624969482421875 241.118743896484375 250.1374969482421875 257.875 261.318756103515625 263.225006103515625 263.006256103515625 261.07501220703125 255.875 249.5749969482421875 242.068756103515625 233.8000030517578125 227.6687469482421875 230.806243896484375 237.1875 245.243743896484375 256.95001220703125 270.76873779296875 284.34375 296.600006103515625 309.693756103515625 322.21875 337.98748779296875 355.33123779296875 372.337493896484375 386.42498779296875 399.368743896484375 409.38751220703125 411.03125 419.056243896484375 427.20623779296875 430.274993896484375 433.20001220703125 437.91876220703125
241.493743896484375 238.2687530517578125 235.28125 233.256256103515625 230.287506103515625 227.662506103515625 225.818756103515625 225.006256103515625 225.5124969482421875 229.15625 235.600006103515625 245.850006103515625 257.70623779296875 266.712493896484375 270.725006103515625 272.693756103515625 272.412506103515625 269.693756103515625 264.41876220703125 258.362518310546875 250.7624969482421875 242.6062469482421875 237.03125 239.0812530517578125 244.368743896484375 251.131256103515625 262.10626220703125 274.537506103515625 287.8125 300.75 313.962493896484375 326.875 344.287506103515625 361.89373779296875 378.318756103515625 393.73126220703125 407.01873779296875 418.14373779296875 423.381256103515625 432.662506103515625 441.274993896484375 447.54998779296875 456.899993896484375 466.14373779296875
243.5124969482421875 241.100006103515625 238.3937530517578125 235.3625030517578125 232.9250030517578125 230.25 227.256256103515625 225.524993896484375 224.9812469482421875 228.0749969482421875 236.462493896484375 250.8000030517578125 266.149993896484375 277.100006103515625 280.75 282.318756103515625 281.14373779296875 277.475006103515625 272.90625 266.33123779296875 259.743743896484375 251.2687530517578125 245.3125 245.875 250.381256103515625 255.4875030517578125 266.23748779296875 278.462493896484375 291.131256103515625 304.556243896484375 317.20623779296875 331.9375 349.681243896484375 368.350006103515625 385.225006103515625 399.649993896484375 412.42498779296875 427.693756103515625 435.662506103515625 443.037506103515625 452.625 459.57501220703125 470.54376220703125 482.41876220703125
246.0437469482421875 244.212493896484375 241.3312530517578125 237.75 234.6687469482421875 232.443756103515625 229.149993896484375 226.337493896484375 224.6374969482421875 227.2687530517578125 237.649993896484375 254.7125091552734375 272.78125 285.399993896484375 289.25 290.67498779296875 290.181243896484375 286.162506103515625 279.975006103515625 274.274993896484375 267.45001220703125 260.1875 253.600006103515625 254.068756103515625 256.6875 260.912506103515625 270.76873779296875 283.25 295.13751220703125 307.8125 321.193756103515625 335.868743896484375 354.381256103515625 373.243743896484375 388.6875 400.91876220703125 416.04998779296875 428.0625 434.868743896484375 443.993743896484375 454.993743896484375 461.11248779296875 469.8125 482.537506103515625
249.787506103515625 248.03125 244.4250030517578125 242.181243896484375 238.743743896484375 236.2062530517578125 232.78125 229.1374969482421875 225.600006103515625 223.162506103515625 238.375 262.51251220703125 280.068756103515625 290.962493896484375 296.1875 297.850006103515625 297.63751220703125 293.412506103515625 288.21875 281.587493896484375 274.356231689453125 266.76251220703125 260.53125 260.26873779296875 261.774993896484375 265.631256103515625 274.76873779296875 286.037506103515625 298.024993896484375 310.53125 323.881256103515625 338.318756103515625 357.66876220703125 376.506256103515625 392.64373779296875 405.806243896484375 416.943756103515625 427.193756103515625 433.787506103515625 441.181243896484375 449.5625 456.662506103515625 465.568756103515625 477.037506103515625
253.6999969482421875 252.21875 248.993743896484375 246.4250030517578125 243.787506103515625 241.2937469482421875 238.6062469482421875 235.75 234.0749969482421875 230.368743896484375 255.4187469482421875 280.975006103515625 292.38751220703125 298.84375 303.412506103515625 304.98748779296875 303.368743896484375 299.412506103515625 293.15625 285.8125 278.899993896484375 271.11248779296875 265.618743896484375 264.70623779296875 266.024993896484375 269.381256103515625 277.537506103515625 288.41876220703125 299.92498779296875 313.256256103515625 325.306243896484375 339.837493896484375 358.787506103515625 378.11248779296875 393.625 406.006256103515625 415.743743896484375 424.899993896484375 430.756256103515625 436.32501220703125 442.16876220703125 449.35626220703125 456.375 465.61248779296875
259.32501220703125 256.84375 253.40625 251.9187469482421875 249.2687530517578125 247.899993896484375 247.618743896484375 248.2312469482421875 252.53125 266.84375 295.71875 303.4375 306.149993896484375 309.32501220703125 312.13751220703125 311.3125 309.162506103515625 303.756256103515625 296.024993896484375 288.212493896484375 280.09375 272.375 268.04998779296875 266.58123779296875 267.70001220703125 271.8125 279.368743896484375 289.306243896484375 300.38751220703125 312.8125 325.79376220703125 338.787506103515625 355.14373779296875 372.212493896484375 389.037506103515625 399.79998779296875 407.48126220703125 416.45623779296875 420.631256103515625 422.693756103515625 427.818756103515625 432.76873779296875 439.024993896484375 446.493743896484375
265.4375 262.412506103515625 259.368743896484375 257.131256103515625 255.125 255.34375 256.23748779296875 260.693756103515625 269.100006103515625 284.76251220703125 302.681243896484375 312.08123779296875 317.07501220703125 319.618743896484375 320.462493896484375 319.149993896484375 315.681243896484375 308.862518310546875 299.51251220703125 291.0625 280.45623779296875 272.337493896484375 267.41876220703125 266.149993896484375 268.88751220703125 273.006256103515625 280.443756103515625 289.73748779296875 300.350006103515625 312.01251220703125 323.431243896484375 337.587493896484375 354.32501220703125 368.693756103515625 381.29998779296875 390.943756103515625 397.10626220703125 403.212493896484375 407.09375 407.42498779296875 410.556243896484375 414.875 419.4375 423.78125
