data/historical-monthly-weather-data/wc2.1_cruts4.09_10m_prec_2019-12.asc
ncols        45
nrows        45
xllcorner    -63.500000000000
yllcorner    -7.500000000000
cellsize     0.166666666667
NODATA_value -9999
[rows 0 to 19 of 45, columns 0 to 43 of 45]
280.462493896484375 280.881256103515625 269.5625 260.67498779296875 249.15625 236.7624969482421875 223.1687469482421875 208.524993896484375 195.7687530517578125 184.21875 175.881256103515625 167.649993896484375 160.7375030517578125 152.2062530517578125 144.943756103515625 137.9375 131.631256103515625 125.4499969482421875 120.8125 116.59375 115.19374847412109375 113.7062530517578125 112.40000152587890625 112.3125 112.34375 112.36875152587890625 114.91249847412109375 117.96250152587890625 121.21250152587890625 124.83750152587890625 127.9812469482421875 131.899993896484375 134.8312530517578125 137.3874969482421875 139.131256103515625 138.7750091552734375 136.3625030517578125 133.2312469482421875 126.75 120.15625 113.11875152587890625 104.99375152587890625 96.8562469482421875 88.71250152587890625
285.368743896484375 286.61248779296875 281.13751220703125 276.01873779296875 269.33123779296875 255.6687469482421875 240.1125030517578125 227.8874969482421875 216.6999969482421875 205.2937469482421875 195.181243896484375 184.693756103515625 176.162506103515625 167.212493896484375 158.556243896484375 150.493743896484375 143.1125030517578125 136.6125030517578125 130.7937469482421875 126.5625 124.65625 122.9187469482421875 121.99375152587890625 121.74375152587890625 121.59375 121.4812469482421875 123.66249847412109375 126.11875152587890625 128.8125 132.8625030517578125 136.181243896484375 140.287506103515625 142.3249969482421875 144.931243896484375 147.25 143.8562469482421875 141.5625 137.493743896484375 128.975006103515625 120.5437469482421875 111.81874847412109375 102.36875152587890625 93.09375 83.3000030517578125
282.95001220703125 286.181243896484375 283.537506103515625 280.35626220703125 276.17498779296875 263.818756103515625 251.9375 242.4812469482421875 232.631256103515625 221.78125 210.600006103515625 199.712493896484375 190.84375 181.462493896484375 172.34375 163.03125 155.256256103515625 148.600006103515625 143.056243896484375 138.443756103515625 136.368743896484375 134.875 133.6875 132.3874969482421875 131.2624969482421875 131.131256103515625 132.912506103515625 134.6999969482421875 137.3249969482421875 140.2937469482421875 143.787506103515625 147.787506103515625 150.8937530517578125 152.087493896484375 153.4375 150.506256103515625 146.225006103515625 140.8249969482421875 131.493743896484375 121.4562530517578125 111 100.3000030517578125 89.50624847412109375 79.8125
276.85626220703125 283.0625 284.65625 281.84375 280.45001220703125 271.08123779296875 262.41876220703125 255.368743896484375 246.7937469482421875 238.068756103515625 227.21875 216.1875 205.962493896484375 196.28125 186.1374969482421875 176.725006103515625 168.274993896484375 160.8562469482421875 155.6374969482421875 152.381256103515625 150.368743896484375 148.34375 145.681243896484375 143.6437530517578125 141.1125030517578125 140.375 141.7937469482421875 142.649993896484375 145.149993896484375 148.662506103515625 151.774993896484375 154.71875 157.78125 159.7937469482421875 160.131256103515625 156.006256103515625 150.100006103515625 143.868743896484375 133.6875 121.8125 109.25 97.41249847412109375 85.71875 75.6437530517578125
282.743743896484375 284.068756103515625 281.59375 282.57501220703125 284.04998779296875 278.32501220703125 271.5 266.28125 260.993743896484375 253.993743896484375 242.662506103515625 230.5749969482421875 221.024993896484375 211.462493896484375 200.6125030517578125 190.5374908447265625 181.243743896484375 174.09375 169.6062469482421875 167.375 165.15625 161.600006103515625 157.9875030517578125 154.8249969482421875 151.25 149.6687469482421875 149.4187469482421875 149.9375 151.9375 155.725006103515625 159.1125030517578125 161.443756103515625 163.493743896484375 165.1687469482421875 165.162506103515625 160.6999969482421875 154.8562469482421875 147.350006103515625 135.556243896484375 121.7937469482421875 107.5437469482421875 94.5187530517578125 82.21250152587890625 71.06874847412109375
287.10626220703125 289.61248779296875 285.16876220703125 281.024993896484375 283.850006103515625 281.881256103515625 277.35626220703125 272.181243896484375 266.649993896484375 260.16876220703125 249.5812530517578125 238.899993896484375 230.8625030517578125 221.9562530517578125 213.1500091552734375 203.9187469482421875 195.7062530517578125 188.368743896484375 185.8312530517578125 183.006256103515625 178.4499969482421875 174.306243896484375 169.2312469482421875 164.9187469482421875 160.493743896484375 157.1750030517578125 157.618743896484375 157.7624969482421875 158.631256103515625 161.662506103515625 164.8125 167.53125 167.412506103515625 167.4375 168.868743896484375 164.75 158.8249969482421875 152.7312469482421875 140.162506103515625 124.31874847412109375 107.5124969482421875 93.90625 80.52500152587890625 69.46875
294.149993896484375 296.57501220703125 292.443756103515625 287.13751220703125 285.76251220703125 282.25 278.837493896484375 273.712493896484375 266.618743896484375 258.125 252.131256103515625 244.4562530517578125 239.306243896484375 231.8562469482421875 224.5437469482421875 217.40625 211.8125 208.787506103515625 206.9562530517578125 202.1374969482421875 194.2624969482421875 187.931243896484375 180.6437530517578125 174.4812469482421875 169.6875 164.868743896484375 164.21875 165.318756103515625 165.78125 167.5437469482421875 169.774993896484375 171.5812530517578125 171.7624969482421875 170.9187469482421875 170.5625 166.4250030517578125 161.7937469482421875 156.0124969482421875 144.28125 126.43125152587890625 107.71250152587890625 92.84375 79.4187469482421875 67.90625
301.17498779296875 302.88751220703125 299.368743896484375 296.86248779296875 295.66876220703125 289.48126220703125 281.45001220703125 271.462493896484375 260.975006103515625 255.28125 253.8625030517578125 251.024993896484375 246.9187469482421875 242.71875 236.6437530517578125 231.600006103515625 227.4875030517578125 227.7687530517578125 227.2375030517578125 219.024993896484375 208.4187469482421875 198.8000030517578125 189.712493896484375 181.975006103515625 176.9375 172.068756103515625 170.5500030517578125 170.881256103515625 172.4250030517578125 173.943756103515625 173.943756103515625 174.6875 174.631256103515625 173.0812530517578125 172.743743896484375 167.431243896484375 162.9562530517578125 156.743743896484375 142.975006103515625 125.05625152587890625 106.65000152587890625 91.49375152587890625 77.8249969482421875 66.1125030517578125
309.899993896484375 311.76251220703125 309.381256103515625 307.443756103515625 305.25 299.71875 291.21875 279.506256103515625 264.61248779296875 256.45623779296875 257.71875 257.1875 254.600006103515625 250.475006103515625 246.193756103515625 242.587493896484375 239.78125 239.662506103515625 238.125 228.3125 214.568756103515625 204 194.7312469482421875 188.5625 182.4812469482421875 176.881256103515625 175.1875 175.7312469482421875 176.3562469482421875 176.3874969482421875 176.818756103515625 175.7624969482421875 174.8562469482421875 173.943756103515625 172.6062469482421875 167.8625030517578125 162.4187469482421875 155.3625030517578125 140.787506103515625 123.8312530517578125 105.7062530517578125 90.8937530517578125 77.65625 66.25624847412109375
316.42498779296875 319.04376220703125 317.774993896484375 317.399993896484375 315.4375 310.0625 302.375 292.193756103515625 281.056243896484375 272.818756103515625 269.712493896484375 265.5625 263.40625 257.76873779296875 255.287506103515625 252.681243896484375 249.8937530517578125 246.181243896484375 241.024993896484375 231.881256103515625 218.693756103515625 207.631256103515625 198.443756103515625 192.912506103515625 186.306243896484375 180.318756103515625 178.806243896484375 178.9375 179.743743896484375 178.8625030517578125 177.1999969482421875 175.274993896484375 173.8249969482421875 172.1062469482421875 171.0124969482421875 167.6125030517578125 161.9375 154.693756103515625 139.193756103515625 122.3562469482421875 105.31874847412109375 91.1875 77.53125 66.25
324.48748779296875 326.850006103515625 325.16876220703125 323.85626220703125 323.943756103515625 320.98126220703125 314.787506103515625 304.8125 294.33123779296875 286.868743896484375 282.149993896484375 277.46875 272.54376220703125 266.89373779296875 263.84375 261.70623779296875 258.131256103515625 251.587493896484375 243.131256103515625 233.087493896484375 221.850006103515625 210.881256103515625 201.8874969482421875 194.2062530517578125 190.25 184.4875030517578125 182.149993896484375 180.8000030517578125 179.84375 178.162506103515625 175.6999969482421875 173.6437530517578125 172.068756103515625 170.40625 168.9187469482421875 165.0749969482421875 159.993743896484375 153.1374969482421875 138.8312530517578125 122.04375457763671875 105.44374847412109375 91.2937469482421875 78.08750152587890625 67.0500030517578125
329.943756103515625 331.631256103515625 330.537506103515625 330.8125 331.10626220703125 328.83123779296875 324.59375 315.96875 305.75 299.212493896484375 294.45623779296875 290.931243896484375 284.17498779296875 277.86248779296875 274.04998779296875 269.212493896484375 263.837493896484375 253.975006103515625 243.7937469482421875 233.475006103515625 221.2062530517578125 211.131256103515625 203.84375 197.462493896484375 193.149993896484375 187.5625 184.0500030517578125 181.3249969482421875 178.875 176.443756103515625 173.350006103515625 170.943756103515625 169.3562469482421875 168.181243896484375 167.0187530517578125 163.243743896484375 158.056243896484375 151.556243896484375 137.7062530517578125 122.08750152587890625 106.4499969482421875 92.6125030517578125 79.50624847412109375 68.3874969482421875
334.14373779296875 336.25 335.975006103515625 335.712493896484375 336.806243896484375 333.84375 329.181243896484375 322.98748779296875 313.96875 308.256256103515625 304.024993896484375 301.712493896484375 295.962493896484375 288.13751220703125 283.29376220703125 276.6875 269 258.393768310546875 246.625 234.28125 219.5124969482421875 210.493743896484375 205.34375 200.1875 194.2312469482421875 187.625 183.84375 180.9875030517578125 178.1750030517578125 173.7937469482421875 169.90625 166.7375030517578125 165 164.381256103515625 163.6437530517578125 160.75 156.337493896484375 150.1125030517578125 137.056243896484375 121.9375 106.9812469482421875 94.0437469482421875 80.63124847412109375 68.25624847412109375
335.53125 337.506256103515625 337.16876220703125 337.46875 337.82501220703125 334.943756103515625 330.587493896484375 327.04376220703125 320.862518310546875 314.475006103515625 308.337493896484375 306.5 303.5625 297.90625 290.149993896484375 283.912506103515625 274.649993896484375 262.0625 249.09375 236.243743896484375 222.9499969482421875 213.306243896484375 206.5749969482421875 200.5437469482421875 194.375 188.1125030517578125 184.662506103515625 180 175.6750030517578125 170.2312469482421875 165.600006103515625 161.506256103515625 160.4812469482421875 159.943756103515625 160.1999969482421875 157.568756103515625 153.943756103515625 149.1437530517578125 137.725006103515625 124.3249969482421875 108.50624847412109375 93.6062469482421875 80.1374969482421875 69.1062469482421875
334.318756103515625 336.07501220703125 336.73126220703125 336.98126220703125 337.837493896484375 334.82501220703125 332.462493896484375 329.524993896484375 324.34375 318.125 312.618743896484375 311.32501220703125 308.212493896484375 303.83123779296875 295.068756103515625 287.84375 276.91876220703125 263.518768310546875 250.0187530517578125 238.6125030517578125 225.875 215.8000030517578125 207.4812469482421875 201.006256103515625 195.1875 188.962493896484375 184.7062530517578125 179.625 174.0812530517578125 166.6437530517578125 160.4875030517578125 156.537506103515625 155.881256103515625 156.256256103515625 157.1750030517578125 153.4250030517578125 150.493743896484375 147.3874969482421875 138.899993896484375 125.5124969482421875 109.05625152587890625 94.71875 82.0812530517578125 71.68125152587890625
330.1875 332.475006103515625 333.631256103515625 335.23126220703125 336.26251220703125 334.25 332.100006103515625 328.36248779296875 324.475006103515625 321.243743896484375 316.45001220703125 314.89373779296875 312.45001220703125 308.212493896484375 299.58123779296875 288.92498779296875 277.350006103515625 264.88751220703125 251.181243896484375 239.3187408447265625 228.024993896484375 217.3125 208.506256103515625 201.756256103515625 196.368743896484375 191.53125 186.4875030517578125 180.2312469482421875 172.71875 163.006256103515625 155.5625 150.34375 148.787506103515625 149.3625030517578125 149.84375 146.662506103515625 144.9250030517578125 143.743743896484375 138.412506103515625 126.08750152587890625 109.875 95.9875030517578125 83.75624847412109375 72.8000030517578125
324.45001220703125 327.506256103515625 327.38751220703125 330.068756103515625 332.493743896484375 330.212493896484375 328.975006103515625 327.58123779296875 326.087493896484375 323.3125 319.837493896484375 317.65625 315.274993896484375 311.100006103515625 302.1875 290.25 275.83123779296875 263.35626220703125 251.350006103515625 239.4875030517578125 228.75 218.4562530517578125 209.693756103515625 202.8562469482421875 198.087493896484375 194.462493896484375 189.6062469482421875 181.399993896484375 170.2624969482421875 158.649993896484375 149.943756103515625 144.756256103515625 141.8625030517578125 139.693756103515625 138.774993896484375 136.6437530517578125 137.2687530517578125 140.5 141.7624969482421875 127.20624542236328125 109.56874847412109375 95.90000152587890625 83.4375 73.8312530517578125
315.4375 319.26251220703125 320.01873779296875 323.51873779296875 326.6875 326.837493896484375 326.26873779296875 324.95001220703125 324.462493896484375 324.306243896484375 322.756256103515625 320.024993896484375 315.712493896484375 310.83123779296875 300.78125 288.04376220703125 273.63751220703125 257.76251220703125 248.5437469482421875 237.4250030517578125 228.462493896484375 219.0187530517578125 210.412506103515625 204.6687469482421875 200.59375 197.6999969482421875 194.024993896484375 182.5812530517578125 167.881256103515625 153.524993896484375 143.225006103515625 137.431243896484375 135.681243896484375 134.3312530517578125 130.5500030517578125 123.3562469482421875 129.3312530517578125 135.6125030517578125 134.493743896484375 122.83750152587890625 105.8000030517578125 92.5500030517578125 81.27500152587890625 72.25624847412109375
304.23748779296875 308.54998779296875 311.037506103515625 315.15625 319.26251220703125 320.95001220703125 321.38751220703125 322.6875 323.975006103515625 325.287506103515625 323.45001220703125 318.88751220703125 314.818756103515625 310.08123779296875 298.70623779296875 285.10626220703125 270.756256103515625 255.212493896484375 242.399993896484375 232.8249969482421875 226.53125 220.4562530517578125 210.0437469482421875 205.8125 203.256256103515625 200.568756103515625 194.96875 183.524993896484375 167.556243896484375 150.556243896484375 137.350006103515625 134.943756103515625 135.712493896484375 133.8000030517578125 129.1999969482421875 124.30625152587890625 127.15000152587890625 129.350006103515625 126.1687469482421875 115.22499847412109375 100.5749969482421875 88.5500030517578125 78.15625 69.9499969482421875
291.600006103515625 296.75 299.181243896484375 304.01251220703125 309.58123779296875 313.725006103515625 316.70623779296875 319.54998779296875 322.875 323.899993896484375 323.600006103515625 320.28125 315.850006103515625 308.79998779296875 295.381256103515625 279.475006103515625 264.13751220703125 251.1062469482421875 239.287506103515625 229.6687469482421875 222.274993896484375 215.15625 209.5187530517578125 206.7937469482421875 204.8000030517578125 202.068756103515625 195.587493896484375 185.7062530517578125 170.8312530517578125 153.975006103515625 142.506256103515625 140.412506103515625 139.943756103515625 139.15625 137.443756103515625 132.1999969482421875 130.3125 128.2624969482421875 121.75624847412109375 110.7062530517578125 96.9375 84.81874847412109375 75.74375152587890625 68.3312530517578125
