data/historical-monthly-weather-data/wc2.1_cruts4.09_10m_prec_2021-07.asc
ncols        45
nrows        45
xllcorner    -63.500000000000
yllcorner    -7.500000000000
cellsize     0.166666666667
NODATA_value -9999
[rows 0 to 18 of 45, columns 0 to 42 of 45]
342.17498779296875 339 331.10626220703125 329.07501220703125 322.274993896484375 316.48748779296875 310.524993896484375 301.98126220703125 300.993743896484375 302.70623779296875 298.95001220703125 294.73748779296875 289.056243896484375 287.57501220703125 286.3125 281.73748779296875 276.618743896484375 265.16876220703125 256.04376220703125 251.0187530517578125 249.46875 241.9375 236.1125030517578125 230.4812469482421875 227.5124969482421875 220.3312530517578125 215.318756103515625 210.681243896484375 203.556243896484375 199.3562469482421875 187.1750030517578125 180.056243896484375 178.3625030517578125 173.068756103515625 167.8000030517578125 162.6437530517578125 154.8125 155.462493896484375 150.3312530517578125 146.6875 148.4250030517578125 151.0124969482421875 148.8937530517578125
327.01873779296875 324.16876220703125 318.225006103515625 318.837493896484375 317.16876220703125 313.29376220703125 307.91876220703125 302.875 303.193756103515625 302.493743896484375 299.100006103515625 293.29376220703125 287.787506103515625 283.84375 278.26251220703125 273.15625 266.38751220703125 255.681243896484375 247.4812469482421875 240.6062469482421875 232.59375 230.0625 226.7937469482421875 226.524993896484375 218.837493896484375 213.8562469482421875 210.1875 206.850006103515625 198.6062469482421875 190.318756103515625 182.6062469482421875 180.368743896484375 176.712493896484375 173.9812469482421875 168.75 160.40625 152.46875 150.162506103515625 144.693756103515625 143.037506103515625 146.3625030517578125 146.1875 145.4375
293.712493896484375 299.35626220703125 303.20623779296875 303.868743896484375 302.36248779296875 298.4375 297.037506103515625 299.23126220703125 301.75 301.28125 298 289.51873779296875 286.20001220703125 276.82501220703125 268.83123779296875 261.256256103515625 254.8187408447265625 244.899993896484375 236.1687469482421875 232.024993896484375 225.537506103515625 224.975006103515625 224.40625 223.181243896484375 218.462493896484375 210.868743896484375 212.875 208.1437530517578125 201.0749969482421875 193.8562469482421875 185.9187469482421875 176.587493896484375 173.4562530517578125 173.006256103515625 162.0749969482421875 152.318756103515625 147.65625 146.881256103515625 141.53125 141.1999969482421875 144.212493896484375 145.6999969482421875 144.100006103515625
264.493743896484375 266.4375 277.90625 288.08123779296875 288.337493896484375 284.193756103515625 283.287506103515625 291.318756103515625 299.131256103515625 301.443756103515625 293.16876220703125 284.100006103515625 278.09375 273.76873779296875 261.787506103515625 250.0625 240.5187530517578125 232.9499969482421875 228.4562530517578125 230.4562530517578125 226.818756103515625 221.3000030517578125 220.712493896484375 222.1125030517578125 219.5749969482421875 214.28125 211.881256103515625 202.912506103515625 199.556243896484375 197.524993896484375 189.381256103515625 178.556243896484375 169.712493896484375 162.337493896484375 153.0187530517578125 151.006256103515625 148.21875 141.09375 138.725006103515625 138.368743896484375 144.1750030517578125 148.3125 147.4812469482421875
263.90625 256.04998779296875 250.931243896484375 263.375 275.912506103515625 272.61248779296875 276.381256103515625 284.943756103515625 291.64373779296875 292.412506103515625 291.975006103515625 280.86248779296875 273.993743896484375 267.04998779296875 253.693756103515625 241.5812530517578125 230.350006103515625 225.5124969482421875 218.087493896484375 219.3249969482421875 220.274993896484375 215.8312530517578125 214.3625030517578125 221.837493896484375 218.850006103515625 213.1750030517578125 207.5500030517578125 205.6875 201.0625 193.3000030517578125 187.131256103515625 179.274993896484375 173.0062408447265625 163.681243896484375 153.806243896484375 145.96875 142.5812530517578125 138.662506103515625 136.0749969482421875 138.3562469482421875 143.84375 144.9562530517578125 148.318756103515625
247.5500030517578125 248.2312469482421875 248.21875 235.2062530517578125 252.524993896484375 268.45623779296875 272.212493896484375 277.51251220703125 286.743743896484375 286.381256103515625 282.59375 273.493743896484375 267.29998779296875 254.100006103515625 245.2624969482421875 234.037506103515625 220.475006103515625 213 210.84375 214.6312408447265625 215.212493896484375 213.78125 215.5749969482421875 214.868743896484375 215.8562469482421875 212.6687469482421875 207.4187469482421875 204.125 197.850006103515625 190.8874969482421875 185.0625 182.0187530517578125 173.8125 168.125 157.1750030517578125 150.90625 141.2312469482421875 137.65625 141.1750030517578125 147.59375 148.7687530517578125 153.1437530517578125 154.9375
235.306243896484375 237.8312530517578125 241.337493896484375 242.125 243.9250030517578125 243.587493896484375 255.4250030517578125 266.756256103515625 270.45623779296875 273.287506103515625 273.168731689453125 259.806243896484375 256.587493896484375 246.4250030517578125 234.162506103515625 225.850006103515625 216.743743896484375 206.149993896484375 199.65625 208.493743896484375 208.943756103515625 207.368743896484375 207.318756103515625 210.96875 211.118743896484375 212.056243896484375 211.431243896484375 202.0250091552734375 193.2375030517578125 192.131256103515625 185.6437530517578125 177.4562530517578125 170.225006103515625 168.0437469482421875 162.7062530517578125 154.0749969482421875 143.75 138.3312530517578125 144.5812530517578125 153.6687469482421875 155.537506103515625 157.125 161.212493896484375
227.40625 227.125 234.7312469482421875 242.1999969482421875 249.7624969482421875 258.98748779296875 255.7375030517578125 244.837493896484375 243.475006103515625 247.5187530517578125 249.9187469482421875 245.4875030517578125 241.4812469482421875 231.8000030517578125 224.5812530517578125 216.818756103515625 206.9812469482421875 199.4375 195.2937469482421875 195.056243896484375 202.756256103515625 205.8562469482421875 204.556243896484375 207.649993896484375 211.537506103515625 207.0812530517578125 205.631256103515625 195.0124969482421875 191.681243896484375 186.1062469482421875 185.931243896484375 178.881256103515625 173.975006103515625 168.256256103515625 161.462493896484375 151.03125 142.056243896484375 137.568756103515625 141.46875 147.53125 152.3000030517578125 157.125 160.787506103515625
220.524993896484375 222.2624969482421875 228.850006103515625 240.7687530517578125 252.225006103515625 256.21875 256.399993896484375 253.681243896484375 244.337493896484375 233.8249969482421875 231.212493896484375 223.3874969482421875 227.256256103515625 218.4187469482421875 212.5749969482421875 206.3249969482421875 202.006256103515625 200.7062530517578125 203.725006103515625 195.4875030517578125 194.8000030517578125 203.4375 203.28125 209.412506103515625 211.912506103515625 202.8312530517578125 196.6875 196.7624969482421875 195.024993896484375 189.087493896484375 191.09375 180.59375 168.90625 161.0749969482421875 156.71875 154.3937530517578125 150.274993896484375 148.3000030517578125 150.056243896484375 152.912506103515625 156.34375 159.8625030517578125 164.6374969482421875
211.0437469482421875 215.625 225.59375 238.4187469482421875 250.375 258.53125 258.881256103515625 257.037506103515625 250.6062469482421875 244.6750030517578125 233.1750030517578125 216.2687530517578125 214.6687469482421875 208.96875 205.71875 203.6062469482421875 197.3874969482421875 202.2062530517578125 206.462493896484375 204.9499969482421875 203.0062408447265625 199.368743896484375 195.71875 201.9875030517578125 202.78125 202.15625 196.287506103515625 194.84375 190.6999969482421875 187.4187469482421875 187.4562530517578125 178.28125 170.850006103515625 162.6875 156.318756103515625 156.4812469482421875 155.3000030517578125 155.1687469482421875 158 165.2312469482421875 171.8562469482421875 172.6374969482421875 170.53125
206.0625 212.225006103515625 221.8125 236.681243896484375 248.3874969482421875 257.0625 259.693756103515625 252.662506103515625 241.2062530517578125 235.28125 229.625 217.0812530517578125 202.212493896484375 199.15625 193.7062530517578125 192.1687469482421875 193.350006103515625 198.818756103515625 203.274993896484375 211.09375 215.6750030517578125 209.3249969482421875 197.4812469482421875 187.7624969482421875 197.9250030517578125 208.7624969482421875 204.5124969482421875 198.943756103515625 188.274993896484375 185.7375030517578125 184.100006103515625 181.28125 175.662506103515625 166.1687469482421875 162.34375 161.4375 161.6687469482421875 158.6062469482421875 169.462493896484375 174.8312530517578125 177.1062469482421875 176.3000030517578125 178.3562469482421875
201.162506103515625 205.8125 216.34375 231.899993896484375 245.381256103515625 254.056243896484375 258.887481689453125 252.7437591552734375 237.537506103515625 224.2312469482421875 216.1875 210.8312530517578125 194.3000030517578125 187.96875 190.2624969482421875 185.7312469482421875 186.975006103515625 192.381256103515625 198.0749969482421875 209.1750030517578125 221.118743896484375 218.4812469482421875 213.53125 199.806243896484375 197.662506103515625 192.256256103515625 190.087493896484375 190.475006103515625 185.274993896484375 182.2062530517578125 176.462493896484375 174.399993896484375 171.6750030517578125 166.556243896484375 165.537506103515625 168.625 168.037506103515625 171.75 172.40625 177.806243896484375 178.59375 181.4375 175.21875
190.4250030517578125 198.556243896484375 211.306243896484375 223.556243896484375 234.375 243.056243896484375 244.8312530517578125 237.256256103515625 223.8625030517578125 215.8125 209.881256103515625 201.6125030517578125 195.1374969482421875 177.6687469482421875 174.100006103515625 178.03125 179.46875 186.6125030517578125 193.0812530517578125 200.40625 208.4562530517578125 207.681243896484375 207.931243896484375 198.8562469482421875 186.84375 182.09375 182.8937530517578125 185.225006103515625 182.568756103515625 178.306243896484375 172.875 166.318756103515625 167.287506103515625 164.3937530517578125 163.40625 169.53125 177.2375030517578125 186.8625030517578125 195.787506103515625 192.225006103515625 184.931243896484375 182.3562469482421875 169.506256103515625
181.774993896484375 189.46875 202.1687469482421875 212.875 221.725006103515625 226.375 226.75 221.4499969482421875 215.725006103515625 204.78125 198.09375 192.96875 183.725006103515625 172.6125030517578125 158.8625030517578125 165.881256103515625 166.125 174.5124969482421875 178.912506103515625 187.0500030517578125 192.75 196.4250030517578125 198.056243896484375 193.412506103515625 183.162506103515625 176.618743896484375 174.9562530517578125 172.600006103515625 170.5812530517578125 167.912506103515625 170.2624969482421875 167.21875 162.787506103515625 160.28125 160.8249969482421875 174.6750030517578125 191.993743896484375 210.4499969482421875 224.162506103515625 218.131256103515625 191.9562530517578125 177.1125030517578125 178.8000030517578125
175.443756103515625 180.556243896484375 190.287506103515625 201.256256103515625 207.037506103515625 209.037506103515625 213.7375030517578125 208.806243896484375 201.618743896484375 192.431243896484375 186.1374969482421875 179.7687530517578125 174.149993896484375 167.118743896484375 148.5749969482421875 149.8125 151.493743896484375 158.181243896484375 163.600006103515625 172.5437469482421875 181.556243896484375 184.912506103515625 187.462493896484375 189.1374969482421875 186.0749969482421875 182.5500030517578125 180.225006103515625 175.25 174.6125030517578125 173.8625030517578125 167.756256103515625 166.7312469482421875 168.912506103515625 163.40625 156.225006103515625 169.0124969482421875 198.6687469482421875 231.34375 249.0749969482421875 241.03125 225.5124969482421875 214.2687530517578125 226.881256103515625
165.28125 170.5749969482421875 180.181243896484375 187.75 194.037506103515625 199.2937469482421875 197.087493896484375 193.1687469482421875 188.1437530517578125 183.725006103515625 176.28125 171.412506103515625 167.131256103515625 160.8125 146.787506103515625 128.9375 134.15625 143.1875 147.6374969482421875 157.09375 164.443756103515625 172.350006103515625 178.6437530517578125 189.9812469482421875 191.3000030517578125 187.649993896484375 181.6999969482421875 173.1062469482421875 173.375 173.6875 178.337493896484375 170.25 163.1062469482421875 155.6187591552734375 151.1374969482421875 180.212493896484375 209.0500030517578125 241.7312469482421875 267.84375 280.162506103515625 277.787506103515625 266.57501220703125 258.1875
155.693756103515625 161.0124969482421875 170.600006103515625 179.2062530517578125 186.181243896484375 185.78125 186.162506103515625 182.9499969482421875 179.181243896484375 175.6999969482421875 170.3000030517578125 164.1125030517578125 158.0749969482421875 154.7624969482421875 151 138.8625030517578125 126.1687469482421875 127.8000030517578125 139.056243896484375 147.024993896484375 153.3312530517578125 162.15625 174.40625 190.899993896484375 199.40625 184.2937469482421875 171.8874969482421875 165.212493896484375 169.693756103515625 175.399993896484375 181.162506103515625 184.1875 175.693756103515625 169.337493896484375 182.3625030517578125 204.6999969482421875 242.4875030517578125 289.96875 327.20623779296875 316.256256103515625 306.25 286.34375 263.131256103515625
146.1875 153.287506103515625 160.431243896484375 169.8625030517578125 175.962493896484375 173.7062530517578125 172.681243896484375 171.631256103515625 169.1750030517578125 162.5500030517578125 158.8937530517578125 157.625 152.881256103515625 149.912506103515625 149.65625 144.993743896484375 134.443756103515625 119.7937469482421875 132.9187469482421875 139.193756103515625 144.806243896484375 152.2624969482421875 169.350006103515625 183.9875030517578125 190.5625 176.0625 163.243743896484375 160.806243896484375 167.412506103515625 169.306243896484375 166.28125 167.2937469482421875 190.524993896484375 198.2062530517578125 197.693756103515625 231.256256103515625 277.54376220703125 314.125 338.07501220703125 332.28125 304.08123779296875 283.556243896484375 261.431243896484375
137.381256103515625 143.90625 148.875 156.0187530517578125 163.53125 163.431243896484375 160.4875030517578125 161.1999969482421875 161.2624969482421875 156.868743896484375 153.8874969482421875 149.212493896484375 146.78125 146.931243896484375 142.1062469482421875 141.818756103515625 137.46875 127.66249847412109375 121.96875 125.3874969482421875 136.912506103515625 154.787506103515625 144.8249969482421875 161.274993896484375 169.7624969482421875 170.068756103515625 164.1374969482421875 159.225006103515625 166.631256103515625 170.943756103515625 171.681243896484375 176.6999969482421875 194.3874969482421875 198.6437530517578125 205.7937469482421875 235.631256103515625 265.787506103515625 293.04998779296875 315.54998779296875 304.462493896484375 291.0625 268.368743896484375 253.15625
