data/historical-monthly-weather-data/wc2.1_cruts4.09_10m_prec_1960-10.asc
ncols        51
nrows        45
xllcorner    -63.500000000000
yllcorner    -7.500000000000
cellsize     0.166666666667
NODATA_value -9999
[rows 20 to 39 of 45, columns 0 to 43 of 51]
134.368743896484375 139.7937469482421875 148.59375 157.631256103515625 166.5124969482421875 175.681243896484375 184.743743896484375 191.693756103515625 194.7249908447265625 194.118743896484375 191.1875 185.96875 180.5812530517578125 174.493743896484375 173.3062591552734375 172.774993896484375 171.5124969482421875 172.587493896484375 177.962493896484375 182.375 187.7624969482421875 195.100006103515625 202.78125 209.337493896484375 214.0500030517578125 213.7687530517578125 206.1062469482421875 192.2062530517578125 178.3125 167.3125 159.5 158.3312530517578125 162.056243896484375 168.493743896484375 175.3625030517578125 169.625 162.6750030517578125 160.1125030517578125 157.3937530517578125 154.53125 150.7062530517578125 144.7937469482421875 135.8562469482421875 127.2062530517578125
127.41249847412109375 135.0625 145.6999969482421875 156.5812530517578125 167.5812530517578125 178.3625030517578125 188.4812469482421875 197.125 201.5812530517578125 200.4187469482421875 195.8937530517578125 189.3874969482421875 183.03125 177.9250030517578125 175.8000030517578125 175.225006103515625 175.412506103515625 177.149993896484375 181.3562469482421875 186.225006103515625 189.162506103515625 194.9812469482421875 202.5812530517578125 207.625 210.4187469482421875 210.6875 206.618743896484375 197.6875 189.1374969482421875 181.53125 175.412506103515625 173.225006103515625 176 181.537506103515625 184.6875 180.743743896484375 173.368743896484375 167.40625 162.5437469482421875 158.9812469482421875 154.6999969482421875 149.1875 142.412506103515625 134.6125030517578125
122.61875152587890625 132.5500030517578125 144.8125 157.149993896484375 168.681243896484375 180.243743896484375 191.6687469482421875 202.493743896484375 209.681243896484375 206.84375 200.837493896484375 192.5749969482421875 186.5812530517578125 182.5625 180.181243896484375 179.1875 179.34375 182.318756103515625 186.118743896484375 190.1750030517578125 193.7624969482421875 197.475006103515625 202.600006103515625 207 209.149993896484375 207.625 206.0437469482421875 203.212493896484375 197.3249969482421875 192.399993896484375 189.056243896484375 187.662506103515625 188.9562530517578125 192.600006103515625 193.9375 189.2624969482421875 181.9562530517578125 173.9187469482421875 168.1437530517578125 165.9375 162.350006103515625 157.193756103515625 150.8625030517578125 143.2687530517578125
119.8625030517578125 131.5625 145.8562469482421875 157.96875 169.6374969482421875 181.037506103515625 191.84375 202.993743896484375 209.59375 207.618743896484375 201.25 194.443756103515625 189.1374969482421875 185.524993896484375 184.3000030517578125 183.774993896484375 184.725006103515625 187.774993896484375 191.375 195.006256103515625 198.6750030517578125 202.9250030517578125 205.96875 208.78125 209.375 205.9875030517578125 202.506256103515625 203.21875 202.96875 200.993743896484375 199.024993896484375 197.8625030517578125 199.350006103515625 201.6062469482421875 202.681243896484375 199.625 193.3562469482421875 185.1875 179.787506103515625 176.256256103515625 172.3125 166.962493896484375 160.0187530517578125 151.6999969482421875
121.0625 132.806243896484375 147.8874969482421875 159.181243896484375 170.537506103515625 180.993743896484375 190.59375 199.4812469482421875 204.568756103515625 204.9562530517578125 201.9499969482421875 196.743743896484375 192.618743896484375 189.6875 188.962493896484375 189.5625 190.6999969482421875 194.0749969482421875 197.712493896484375 201.524993896484375 204.8937530517578125 207.375 210.9499969482421875 212.568756103515625 213.068756103515625 212.631256103515625 209.587493896484375 209.462493896484375 209.693756103515625 208.4375 206.587493896484375 204.4187469482421875 207.287506103515625 209.3312530517578125 210.96875 208.1125030517578125 204.649993896484375 200.243743896484375 194.2687530517578125 190.399993896484375 185.7687530517578125 179.274993896484375 171.2937469482421875 163.5500030517578125
123.3562469482421875 133.806243896484375 146.149993896484375 158.5625 169.59375 179.024993896484375 187.568756103515625 195.2375030517578125 200.4499969482421875 202.899993896484375 200.7312469482421875 198.037506103515625 194.931243896484375 192.8249969482421875 193.681243896484375 194.912506103515625 197.068756103515625 200.318756103515625 204.375 208.243743896484375 211.625 213.8125 216.9375 218.7312469482421875 220 220.787506103515625 219.056243896484375 217.5500030517578125 216.787506103515625 215.524993896484375 211.943756103515625 210.9499969482421875 214.6999969482421875 217.0625 219.943756103515625 218.443756103515625 216.6750030517578125 215.037506103515625 210.149993896484375 206.024993896484375 201.28125 194.306243896484375 185.274993896484375 177.2624969482421875
124.625 131.09375 141.84375 152.9812469482421875 163.287506103515625 172.962493896484375 181.368743896484375 189.037506103515625 193.9499969482421875 196.568756103515625 198.1999969482421875 197.4812469482421875 196.1875 195.475006103515625 196.7687530517578125 199.21875 201.0625 205.3874969482421875 209.431243896484375 213.287506103515625 217.0812530517578125 219.4499969482421875 222.2624969482421875 225.8562469482421875 226.6687469482421875 227.6750030517578125 225.4187469482421875 223.34375 222.28125 220.1437530517578125 217.8874969482421875 215.462493896484375 220.8625030517578125 225.46875 228.943756103515625 229.5812530517578125 229.8125 229.84375 226.90625 224.756256103515625 220.912506103515625 214.712493896484375 206.181243896484375 197.649993896484375
124.8249969482421875 128.537506103515625 137.6437530517578125 147.6062469482421875 156.9499969482421875 166.34375 175.381256103515625 182.84375 187.975006103515625 192.1750030517578125 194.818756103515625 195.774993896484375 196.7624969482421875 196.837493896484375 199.381256103515625 202.475006103515625 205.7624969482421875 209.4875030517578125 214.2375030517578125 219.2687530517578125 222.631256103515625 225.2687530517578125 229.350006103515625 231.78125 232.8000030517578125 234.1687469482421875 232.2937469482421875 230.0437469482421875 227.006256103515625 224.306243896484375 221.0187530517578125 219.381256103515625 226.1750030517578125 232.475006103515625 239.087493896484375 240.631256103515625 241.78125 245.006256103515625 243.3937530517578125 243.6687469482421875 244 237.600006103515625 227.1687469482421875 220.225006103515625
124.9375 126.6062469482421875 133.818756103515625 142.7312469482421875 151.162506103515625 159.7375030517578125 168.1750030517578125 176.1750030517578125 182.1750030517578125 187.912506103515625 192.4812469482421875 194.8625030517578125 196.7937469482421875 198.024993896484375 201.818756103515625 205.5437469482421875 209.818756103515625 214.056243896484375 218.818756103515625 224.1125030517578125 227.40625 230.8874969482421875 234.962493896484375 237.0187530517578125 238.0187530517578125 239.8499908447265625 237.6437530517578125 234.71875 232.5812530517578125 228.8562469482421875 224.3249969482421875 222.71875 230.8625030517578125 239.15625 247.475006103515625 251.1437530517578125 253.962493896484375 257.67498779296875 256.725006103515625 258.34375 261.59375 255.649993896484375 245.975006103515625 242.8249969482421875
126.72499847412109375 126.80625152587890625 132.068756103515625 138.21875 145.118743896484375 152.5124969482421875 160.8937530517578125 169.399993896484375 176.7062530517578125 182.806243896484375 189.1999969482421875 192.5 196.3625030517578125 199.25 203.225006103515625 207.850006103515625 211.4375 216.8937530517578125 221.4812469482421875 225.4562530517578125 229.662506103515625 233.556243896484375 237.1062469482421875 238.1374969482421875 239.649993896484375 242.3249969482421875 239.625 235.993743896484375 232.631256103515625 229.8625030517578125 227.4250030517578125 226.787506103515625 235.7375030517578125 246.0500030517578125 255.2312469482421875 260.21875 264.26251220703125 269.98748779296875 267.462493896484375 267.806243896484375 271.16876220703125 271.88751220703125 267.6875 269.524993896484375
128.412506103515625 126.7687530517578125 130.3874969482421875 133.8562469482421875 139.024993896484375 146.90625 154.96875 163.3812408447265625 170.868743896484375 177.7062530517578125 185.5437469482421875 190.8249969482421875 196.712493896484375 201.100006103515625 204.7312469482421875 209.4562530517578125 214.0500030517578125 218.7624969482421875 223.2312469482421875 227.6062469482421875 231.162506103515625 235.25 238.8812408447265625 239.53125 240.868743896484375 242.5187530517578125 239.618743896484375 235.631256103515625 231.899993896484375 230.2062530517578125 229.943756103515625 230.8562469482421875 240.875 252.6999969482421875 263.26873779296875 268.493743896484375 274.41876220703125 281.53125 278.16876220703125 272.07501220703125 276.9375 284.693756103515625 288.881256103515625 292.32501220703125
129.618743896484375 126.6999969482421875 128.006256103515625 130.59375 135.1062469482421875 141.40625 148.9875030517578125 157.2062530517578125 165.068756103515625 172.90625 181.318756103515625 188.53125 195.1875 201.506256103515625 206.5749969482421875 211.3000030517578125 214.9375 218.6999969482421875 224.3312530517578125 228.7062530517578125 232.100006103515625 235.8874969482421875 239.5437469482421875 239.524993896484375 240.7312469482421875 241.5124969482421875 238.1999969482421875 234.1875 230.2687530517578125 230.649993896484375 231.9375 233.90625 245.3125 259.03125 269.91876220703125 276.975006103515625 284.57501220703125 292.600006103515625 288.318756103515625 285.225006103515625 292.681243896484375 303.806243896484375 310.756256103515625 318.35626220703125
134.631256103515625 130.962493896484375 130.774993896484375 132.037506103515625 134.087493896484375 138.90625 144.625 150.9875030517578125 158.4562530517578125 166.818756103515625 178.1125030517578125 185.7937469482421875 194.568756103515625 203.1437530517578125 207.90625 211.5437469482421875 214.03125 217.975006103515625 222.8000030517578125 227 229.787506103515625 232.899993896484375 235.493743896484375 235.7312469482421875 236.0625 236.1999969482421875 233.0124969482421875 228.712493896484375 225.4875030517578125 228.9250030517578125 232.5 236.931243896484375 247.712493896484375 262.59375 276.943756103515625 287.79998779296875 296.418731689453125 303.78125 303.756256103515625 309.26873779296875 319.35626220703125 330.443756103515625 340.32501220703125 349.693756103515625
139.1999969482421875 135.6437530517578125 134.4250030517578125 134.0124969482421875 133.475006103515625 136.7062530517578125 140.524993896484375 145.225006103515625 151.600006103515625 160.256256103515625 170.8562469482421875 182.287506103515625 194.524993896484375 202.9250030517578125 208.1750030517578125 210.931243896484375 212.9875030517578125 216.962493896484375 220.350006103515625 224.84375 226.837493896484375 228.912506103515625 230.7937469482421875 229.493743896484375 229.850006103515625 229.556243896484375 225.868743896484375 221.899993896484375 219.8125 225.4562530517578125 232.40625 239.9875030517578125 253.2687530517578125 267.61248779296875 284.3125 296.76251220703125 306.66876220703125 315.95001220703125 322.20001220703125 332.71875 343.399993896484375 356.14373779296875 370.5 383.26251220703125
143.774993896484375 140.6062469482421875 137.5812530517578125 135.7062530517578125 133.506256103515625 134.993743896484375 136.9562530517578125 140.162506103515625 144.962493896484375 153.100006103515625 164.524993896484375 178.09375 192.943756103515625 204.368743896484375 207.5 209.6062469482421875 211.412506103515625 214.84375 218.15625 221.212493896484375 222.9375 223.7937469482421875 224.8562469482421875 222.568756103515625 222.1062469482421875 221.34375 218.3874969482421875 215.524993896484375 214.100006103515625 221.712493896484375 230.9375 241.7062530517578125 256.5625 273.33123779296875 289.850006103515625 302.45623779296875 313.9375 328.181243896484375 338.625 351.100006103515625 364.48748779296875 377.40625 393.881256103515625 408.48748779296875
148.649993896484375 145.5437469482421875 142.787506103515625 139.818756103515625 137.1999969482421875 137.5124969482421875 137.4812469482421875 138.462493896484375 141.4250030517578125 147.1999969482421875 158.399993896484375 172.899993896484375 189.2312469482421875 201.0749969482421875 204.975006103515625 206.7624969482421875 207.9812469482421875 211.25 214.1999969482421875 216.3125 217.556243896484375 218.1999969482421875 217.2062530517578125 214.5812530517578125 213.03125 211.15625 208.399993896484375 206.2062530517578125 205.5625 215.618743896484375 226.8312530517578125 239.40625 255.3625030517578125 273.96875 290.087493896484375 302.53125 318.931243896484375 333.181243896484375 345.5 358.86248779296875 374.26873779296875 388.368743896484375 400.75 416.61248779296875
153.6062469482421875 150.743743896484375 147.8625030517578125 144.8562469482421875 141.9875030517578125 140.59375 138.8312530517578125 137.743743896484375 138.3562469482421875 140.368743896484375 151.631256103515625 169.8937530517578125 184.681243896484375 195.0812530517578125 200.2062530517578125 202.8312530517578125 203.756256103515625 206.71875 208.6437530517578125 209.806243896484375 210.1750030517578125 209.8000030517578125 208.943756103515625 205.193756103515625 202.3562469482421875 200.09375 197.618743896484375 196.131256103515625 196.875 208.6125030517578125 222.375 235.8625030517578125 254.5 273.943756103515625 289.443756103515625 305.381256103515625 321.90625 338.66876220703125 351.78125 365.056243896484375 380.35626220703125 391.649993896484375 405.67498779296875 422.350006103515625
158.3000030517578125 155.7624969482421875 152.7312469482421875 149.756256103515625 146.90625 144.287506103515625 142.15625 139.875 139.568756103515625 138.8562469482421875 153.5687408447265625 171.2687530517578125 182.774993896484375 191.8937530517578125 196.3625030517578125 198.850006103515625 199.493743896484375 201.6374969482421875 203.149993896484375 203.21875 202.2937469482421875 200.28125 198.631256103515625 194.193756103515625 191.4499969482421875 188.9749908447265625 186.7375030517578125 186 187.556243896484375 201.256256103515625 215.725006103515625 231.6062469482421875 251.3000030517578125 270.58123779296875 288.36248779296875 303.787506103515625 322.418731689453125 338.91876220703125 354.78125 369.76251220703125 381.600006103515625 394.399993896484375 405.4375 419.024993896484375
161.4187469482421875 158.912506103515625 156.5500030517578125 153.899993896484375 151.21875 148.868743896484375 147.037506103515625 146.7312469482421875 148.4250030517578125 155.40625 170.412506103515625 178.787506103515625 184.8249969482421875 191.0062408447265625 195.100006103515625 197.3874969482421875 197.78125 198.5749969482421875 198.100006103515625 197.6062469482421875 194.3937530517578125 191.15625 188.90625 184.850006103515625 181.6437530517578125 180.1125030517578125 179.568756103515625 180.149993896484375 182.149993896484375 194.8000030517578125 209.6687469482421875 224.4562530517578125 241.962493896484375 259.631256103515625 278.600006103515625 295.6875 311.45001220703125 327.881256103515625 342.850006103515625 352.8125 365.13751220703125 376.01251220703125 384.212493896484375 395.29998779296875
164.649993896484375 162.3249969482421875 160.524993896484375 158.5187530517578125 155.962493896484375 154.7937469482421875 153.443756103515625 154.6750030517578125 158.0124969482421875 165.1999969482421875 174.350006103515625 181.96875 187.4250030517578125 191.506256103515625 195.03125 196.34375 196.600006103515625 196.181243896484375 193.9187469482421875 191.125 186.5 181.8562469482421875 178.212493896484375 174.649993896484375 172.9187469482421875 171.712493896484375 172.3000030517578125 174.350006103515625 177.3937530517578125 189.0625 201.9250030517578125 216.337493896484375 234.337493896484375 250.84375 269.068756103515625 284.131256103515625 298.03125 313.10626220703125 327.21875 334.131256103515625 343.54998779296875 353.20623779296875 359.4375 367.6875
