data/historical-monthly-weather-data/wc2.1_cruts4.09_10m_prec_1986-04.asc
ncols        45
nrows        45
xllcorner    -63.500000000000
yllcorner    -7.500000000000
cellsize     0.166666666667
NODATA_value -9999
[rows 20 to 39 of 45, columns 0 to 43 of 45]
220.243743896484375 229.431243896484375 237.975006103515625 246 252.75 263.38751220703125 273.35626220703125 278.875 281.61248779296875 280.51873779296875 276.587493896484375 269.39373779296875 262.29998779296875 256.90625 248.6999969482421875 242.256256103515625 237.931243896484375 238.25 241.181243896484375 243.4187469482421875 248.9250030517578125 252.399993896484375 253.712493896484375 254.556243896484375 258.368743896484375 261.556243896484375 262.418731689453125 262.58123779296875 260.975006103515625 259.5 254.2375030517578125 248.8625030517578125 235.5437469482421875 220.212493896484375 207.8000030517578125 219.625 238.381256103515625 253.1437530517578125 262.3125 266.40625 266.600006103515625 266.95001220703125 262.774993896484375 260.5
214.4812469482421875 221.306243896484375 230.818756103515625 243.3312530517578125 253.350006103515625 262.568756103515625 272.9375 281.037506103515625 284.11248779296875 280.40625 271.95623779296875 259.5625 250.0187530517578125 244.5437469482421875 241.4812469482421875 237.25 236.256256103515625 235.881256103515625 238 239.368743896484375 240.0500030517578125 242.818756103515625 247.131256103515625 249.6437530517578125 254.662506103515625 263.193756103515625 275.70623779296875 275.425018310546875 272.568756103515625 270.32501220703125 263.95001220703125 256.162506103515625 244.649993896484375 234.0437469482421875 228.493743896484375 233.75 247.193756103515625 259.14373779296875 264.837493896484375 266.537506103515625 266.181243896484375 264.818756103515625 260.412506103515625 256.96875
209.8625030517578125 221.0749969482421875 231.875 244.0437469482421875 254.625 264.056243896484375 272.118743896484375 282.17498779296875 290.45001220703125 281.462493896484375 266.84375 250.2312469482421875 238.3874969482421875 234.506256103515625 234.71875 234.693756103515625 233.40625 232.118743896484375 232.2624969482421875 231.774993896484375 232.78125 234.46875 235.9250030517578125 239.8312530517578125 248.71875 260.53125 275.20001220703125 278.681243896484375 277.79998779296875 274.86248779296875 270.993743896484375 265.92498779296875 260.274993896484375 254.1750030517578125 251.9250030517578125 253.087493896484375 260.23126220703125 267.912506103515625 270.1875 267.875 265.11248779296875 261.431243896484375 256.662506103515625 252.524993896484375
208.024993896484375 219.412506103515625 231.84375 242.306243896484375 252.1999969482421875 261.33123779296875 271.42498779296875 279.506256103515625 285.20001220703125 275.29998779296875 260.1875 245.975006103515625 230.2375030517578125 229.6750030517578125 231.5 231.399993896484375 229.568756103515625 229.625 228.2312469482421875 227.649993896484375 226.8874969482421875 225.618743896484375 225.850006103515625 231.3874969482421875 239.8625030517578125 247.8125 259.63751220703125 270.274993896484375 275.33123779296875 278.90625 280.33123779296875 281.75 279.17498779296875 274.09375 272.225006103515625 271.76251220703125 275.28125 276.568756103515625 273.95001220703125 268.181243896484375 263.5625 258.13751220703125 252.631256103515625 247.412506103515625
209.037506103515625 220.412506103515625 231.506256103515625 242.6875 253.2937469482421875 260.76873779296875 267.962493896484375 273.84375 274.40625 269.42498779296875 257.600006103515625 244.4812469482421875 236.3874969482421875 231.4812469482421875 230.337493896484375 229.375 229.1062469482421875 228.4499969482421875 226.6750030517578125 223.7312469482421875 220.943756103515625 218.0749969482421875 217.306243896484375 220.756256103515625 227.4250030517578125 239.3874969482421875 252.96875 264.712493896484375 274.837493896484375 286.04376220703125 293.743743896484375 300.225006103515625 299.712493896484375 294.48126220703125 289.631256103515625 284.41876220703125 283.431243896484375 279.29376220703125 274.57501220703125 268.84375 262.45001220703125 255.568756103515625 250.3562469482421875 243.774993896484375
216.7687530517578125 226.3874969482421875 232.662506103515625 242.3249969482421875 250.587493896484375 256.98126220703125 262.63751220703125 266.3125 263.850006103515625 258.6875 252.5187530517578125 246.1062469482421875 240.181243896484375 236.78125 233.0187530517578125 232.3562469482421875 230.8874969482421875 229.3249969482421875 225.7937469482421875 220.40625 217.8937530517578125 212.556243896484375 208.631256103515625 207.618743896484375 217.287506103515625 232.087493896484375 250.125 263.493743896484375 278.287506103515625 291.42498779296875 305.975006103515625 318.65625 320.07501220703125 311.1875 301.287506103515625 293.4375 288.23126220703125 281.899993896484375 275.012481689453125 268.274993896484375 261.71875 253.475006103515625 246.3312530517578125 238.2687530517578125
222.75 228.1875 234.399993896484375 241.131256103515625 246.1437530517578125 252.28125 255.8874969482421875 257.056243896484375 255.1875 255.03125 253.0625 248.375 244.7312469482421875 242.46875 239.131256103515625 237.212493896484375 234.8562469482421875 231.5 228.4499969482421875 223.8562469482421875 218.125 211.15625 204.0437469482421875 202.087493896484375 214.318756103515625 228.3249969482421875 247.3937530517578125 262.462493896484375 279.1875 294.57501220703125 312.774993896484375 329.193756103515625 333.38751220703125 321.35626220703125 308.662506103515625 298.38751220703125 291.01873779296875 283.41876220703125 274.79998779296875 267.556243896484375 259.40625 252.368743896484375 244.9499969482421875 238.399993896484375
230.274993896484375 232.162506103515625 235.787506103515625 239.6875 243.7062530517578125 247.2624969482421875 250.71875 250.2062530517578125 250.7937469482421875 251.993743896484375 249.912506103515625 248.8874969482421875 247.3562469482421875 247.412506103515625 244.7624969482421875 241.225006103515625 239.225006103515625 238.0124969482421875 233.34375 229.5 224.193756103515625 216.2375030517578125 213.087493896484375 211.6687469482421875 219.40625 231.8125 247.431243896484375 262.975006103515625 278.79376220703125 294.96875 311.087493896484375 325.412506103515625 327.58123779296875 318.943756103515625 309.64373779296875 298.943756103515625 291.912506103515625 284.35626220703125 275.8125 267.70623779296875 259.95001220703125 253.3562469482421875 246.59375 242.225006103515625
235.71875 235.6437530517578125 236.318756103515625 238.5124969482421875 239.943756103515625 240.806243896484375 242.6999969482421875 245.125 248.34375 249.03125 249.818756103515625 250.2937469482421875 249.875 251.28125 250.868743896484375 250.2062530517578125 248.8062591552734375 244.743743896484375 241.71875 237.1125030517578125 232.3625030517578125 225.1374969482421875 222.537506103515625 223.056243896484375 227.8312530517578125 237.7375030517578125 251.6062469482421875 265.16876220703125 279.243743896484375 293.462493896484375 305.3125 316.125 315.04998779296875 310.943756103515625 304.76873779296875 296.67498779296875 290.98748779296875 284.649993896484375 276.931243896484375 267.61248779296875 257.64373779296875 251.818756103515625 247.2937469482421875 250.8249969482421875
239.6062469482421875 237.631256103515625 236.818756103515625 234.8625030517578125 235.443756103515625 237.100006103515625 239.1999969482421875 242.25 244.975006103515625 246.40625 249.100006103515625 250.9250030517578125 254.5124969482421875 257.443756103515625 257.67498779296875 256.92498779296875 256.0625 255.4250030517578125 251.5187530517578125 245.1687469482421875 238.7687530517578125 234.6374969482421875 233.5437469482421875 232.587493896484375 234.90625 242.4499969482421875 254.8625030517578125 265.337493896484375 277.368743896484375 288.443756103515625 297.899993896484375 304.41876220703125 303.837493896484375 302.33123779296875 299.14373779296875 293.006256103515625 289.318756103515625 284.412506103515625 276.125 269.78125 263.287506103515625 259.493743896484375 255.6437530517578125 259.57501220703125
241.1687469482421875 237.006256103515625 234.712493896484375 232.65625 232.8562469482421875 233.6750030517578125 236.3249969482421875 237.8874969482421875 240.9187469482421875 244.4250030517578125 248.3937530517578125 252.3312530517578125 258.818756103515625 261.506256103515625 263.42498779296875 264.07501220703125 265.59375 265.41876220703125 262.76251220703125 257.306243896484375 250.5437469482421875 244.9375 242.381256103515625 239.0812530517578125 238.899993896484375 247.962493896484375 256.01873779296875 265.75 275.23126220703125 282.337493896484375 289.90625 294.899993896484375 295.92498779296875 295.225006103515625 292.51251220703125 288.53125 283.75 280.256256103515625 276.1875 271.375 266.524993896484375 263.318756103515625 261.962493896484375 262.88751220703125
240.7312469482421875 235.225006103515625 232.368743896484375 231.5437469482421875 230.600006103515625 229.6750030517578125 231.899993896484375 232.8874969482421875 236.2062530517578125 240.03125 245.693756103515625 253.649993896484375 259.76873779296875 265.131256103515625 267.79998779296875 270.15625 270.181243896484375 270.837493896484375 268.15625 266.35626220703125 260.39373779296875 254.681243896484375 250.0625 246.65625 248.3125 252.90625 257.92498779296875 266.1875 272.368743896484375 278.375 284.71875 288.524993896484375 287.524993896484375 287.087493896484375 285.53125 282.15625 279.375 275.037506103515625 271.662506103515625 267.91876220703125 267.75 266.84375 265.850006103515625 267.131256103515625
240.181243896484375 233.212493896484375 230.587493896484375 228.725006103515625 228.34375 227.0500030517578125 226.6750030517578125 228.1875 230.931243896484375 236.3125 245.5124969482421875 252.962493896484375 262.15625 270.212493896484375 273.23748779296875 275.087493896484375 276.89373779296875 278.01251220703125 274.51251220703125 271.54376220703125 267.931243896484375 262.649993896484375 257.40625 254.2312469482421875 255.5187530517578125 256.056243896484375 260.475006103515625 265.14373779296875 269.92498779296875 275.443756103515625 278.993743896484375 280.5625 279.131256103515625 279.149993896484375 278.26251220703125 276.64373779296875 273.912506103515625 270.9375 266.600006103515625 268.412506103515625 267.568756103515625 266.86248779296875 267.65625 270.399993896484375
238.1750030517578125 232.28125 229.850006103515625 227.3000030517578125 225.3874969482421875 225.0437469482421875 224.3937530517578125 223.743743896484375 226.100006103515625 231.524993896484375 239.59375 251.350006103515625 263.29998779296875 270.90625 275.712493896484375 277.64373779296875 280.70001220703125 281.743743896484375 279.337493896484375 276.48748779296875 273.01873779296875 268.587493896484375 264.07501220703125 258.36248779296875 259.48748779296875 258.79376220703125 260.15625 262.95001220703125 266.66876220703125 269.25 271.48748779296875 273.600006103515625 272.20623779296875 271.76873779296875 271.375 269.462493896484375 267.70001220703125 262.725006103515625 263.5 265.068756103515625 263.899993896484375 265.15625 267.412506103515625 271.193756103515625
234.7312469482421875 230.6999969482421875 229.15625 225.225006103515625 222.3937530517578125 220.8312530517578125 219.193756103515625 218.7624969482421875 219.443756103515625 223.181243896484375 233.756256103515625 249.1875 264.98748779296875 277.16876220703125 281.274993896484375 283.6875 284.96875 283.45001220703125 283.34375 279.01251220703125 277.39373779296875 271.881256103515625 267.818756103515625 260.631256103515625 259.743743896484375 260.306243896484375 260.712493896484375 260.70001220703125 263.181243896484375 265.76873779296875 266.193756103515625 267.59375 264.92498779296875 264.9375 263.568756103515625 261.04998779296875 257.63751220703125 259.14373779296875 260.068756103515625 260.568756103515625 259.54376220703125 261.63751220703125 264.962493896484375 268.48748779296875
233.725006103515625 231.3937530517578125 229.2624969482421875 225.6125030517578125 221.943756103515625 218.8000030517578125 216.899993896484375 214.7687530517578125 212.8125 214.787506103515625 223.9625091552734375 242.25 262.59375 276.34375 281.57501220703125 284.66876220703125 286.806243896484375 285.95001220703125 285.431243896484375 283.9375 280.399993896484375 275.98126220703125 268.3125 262.51873779296875 259.524993896484375 259.131256103515625 259.63751220703125 260.100006103515625 261.556243896484375 262.08123779296875 261.91876220703125 261.36248779296875 258.631256103515625 258.993743896484375 256.40625 251.7687530517578125 253.1374969482421875 254.7062530517578125 254.46875 255.431243896484375 256.45001220703125 257.850006103515625 259.818756103515625 263.274993896484375
233.399993896484375 232.506256103515625 229.743743896484375 226.600006103515625 222.5437469482421875 219.068756103515625 216.743743896484375 211.8125 206.537506103515625 204.568756103515625 215.818756103515625 240.024993896484375 258.600006103515625 270.518768310546875 278.787506103515625 283.462493896484375 284.4375 284.67498779296875 285.125 281.931243896484375 279.01873779296875 273.96875 266.618743896484375 261.60626220703125 257.57501220703125 256.587493896484375 257.837493896484375 258.774993896484375 259.10626220703125 258.100006103515625 258.21875 257.84375 255.068756103515625 252.9499969482421875 249.6875 247.587493896484375 249.0124969482421875 251.350006103515625 252.8187408447265625 251.3937530517578125 252.243743896484375 252.9250030517578125 255.5124969482421875 257.806243896484375
235.4187469482421875 233.1875 229.6687469482421875 227.25 223.368743896484375 220.3249969482421875 216.7312469482421875 210.75 206.3625030517578125 202.350006103515625 219 242.5812530517578125 257.45623779296875 267.975006103515625 275.54998779296875 280.912506103515625 281.443756103515625 282.65625 280.368743896484375 276.29998779296875 273.21875 267.756256103515625 263.08123779296875 258.34375 254.243743896484375 254.493743896484375 253.443756103515625 255.875 256.92498779296875 256.193756103515625 253.787506103515625 253.162506103515625 251.8937530517578125 248.7312469482421875 243.412506103515625 244.9375 246.2624969482421875 246.7624969482421875 249.8125 249.149993896484375 247.9375 248.8937530517578125 248.8937530517578125 249.40625
235.7312469482421875 231.431243896484375 228.568756103515625 227.037506103515625 224.9375 220.9375 218.1999969482421875 214.9875030517578125 216.131256103515625 223.587493896484375 240.71875 252.5187530517578125 259.100006103515625 267.42498779296875 273.875 276.79998779296875 277.725006103515625 277.51251220703125 272.649993896484375 269.931243896484375 265.818756103515625 260.04998779296875 255.881256103515625 253.4375 250.9812469482421875 249.2312469482421875 249.337493896484375 251.5124969482421875 252.5124969482421875 253.5250091552734375 252.5500030517578125 249.6999969482421875 248.5187530517578125 247.3249969482421875 247.28125 246.149993896484375 245.3249969482421875 246.5124969482421875 246.7375030517578125 244.087493896484375 243.3312530517578125 244.493743896484375 243.337493896484375 244.587493896484375
235.068756103515625 231.53125 229.4187469482421875 228.59375 227.056243896484375 224.962493896484375 221.5500030517578125 222.774993896484375 226.931243896484375 234.4875030517578125 245.0625 255.3625030517578125 260.91876220703125 267.100006103515625 271.899993896484375 273.587493896484375 273.95001220703125 272.82501220703125 266.88751220703125 262.149993896484375 256.78125 253.462493896484375 247.0124969482421875 244.6437530517578125 245.46875 245.037506103515625 245.8249969482421875 248.1750030517578125 249.5812530517578125 250.5437469482421875 248.274993896484375 250.412506103515625 252.024993896484375 251.2312469482421875 251.4875030517578125 249.7062530517578125 247.618743896484375 247.556243896484375 245.71875 240.6999969482421875 238.4875030517578125 239.11248779296875 236.7312469482421875 237.118743896484375
