data/historical-monthly-weather-data/wc2.1_cruts4.09_10m_prec_2001-03.asc
ncols        51
nrows        45
xllcorner    -63.500000000000
yllcorner    -7.500000000000
cellsize     0.166666666667
NODATA_value -9999
[rows 0 to 19 of 45, columns 0 to 43 of 51]
262.131256103515625 269.39373779296875 274.556243896484375 287.38751220703125 297.07501220703125 304.82501220703125 306.743743896484375 307.11248779296875 303.8125 305.387481689453125 312.25 316.212493896484375 319.768768310546875 318.34375 314.53125 309.774993896484375 308.618743896484375 302.01251220703125 299.45001220703125 296.73126220703125 298.8125 300.006256103515625 301.83123779296875 298.58123779296875 297.70623779296875 295.881256103515625 289.681243896484375 286.28125 281.76251220703125 277.912506103515625 279.006256103515625 277.625 282.39373779296875 290.3125 297.881256103515625 307.625 316.524993896484375 325.875 334.649993896484375 341.54376220703125 348.662506103515625 354.23748779296875 357.756256103515625 362.03125
268.131256103515625 274.556243896484375 285.443756103515625 298.381256103515625 310.03125 315.79376220703125 316.350006103515625 317.537506103515625 318.35626220703125 320.0625 324.86248779296875 325.443756103515625 325.59375 323.20001220703125 317.943756103515625 312.95001220703125 309.53125 302.100006103515625 294.037506103515625 287.01873779296875 286.162506103515625 285.71875 286.28125 284.01251220703125 282.20001220703125 280.60626220703125 276.89373779296875 276.58123779296875 274.45001220703125 273.881256103515625 275.65625 279.51251220703125 286.61248779296875 299.756256103515625 309.212493896484375 321.64373779296875 334.087493896484375 345.03125 353.806243896484375 360.10626220703125 367.962493896484375 372.90625 375.806243896484375 379
273.51873779296875 281.3125 292.48748779296875 304.28125 313.20623779296875 316.84375 319.90625 323.306243896484375 324.431243896484375 326.631256103515625 326.4375 323.418731689453125 321.75 318.524993896484375 312.91876220703125 309.16876220703125 305.23126220703125 299.193756103515625 291.45623779296875 284.875 283.65625 283.16876220703125 281.35626220703125 279.25 277.193756103515625 273.6875 272.1875 273.38751220703125 272.40625 273.48126220703125 278.32501220703125 284.131256103515625 294.193756103515625 306.13751220703125 320.412506103515625 331.756256103515625 345.912506103515625 360.4375 369.287506103515625 377.587493896484375 385.46875 388.818756103515625 390.38751220703125 391.20001220703125
276.068756103515625 286.23748779296875 299.024993896484375 307.975006103515625 314.75 315.537506103515625 317.875 321.568756103515625 324.91876220703125 326.1875 322.774993896484375 315.881256103515625 310.53125 305.90625 301.4375 297.90625 296.431243896484375 293.21875 288.51873779296875 283.462493896484375 282.84375 280.337493896484375 275.98748779296875 272.85626220703125 269.95001220703125 266.087493896484375 266.475006103515625 267.28125 268.39373779296875 272.912506103515625 278.45001220703125 288.23748779296875 299.32501220703125 312.256256103515625 327.056243896484375 342.13751220703125 358.412506103515625 374.8125 386.40625 394.82501220703125 401.04998779296875 404.25 404.931243896484375 403.431243896484375
286.368743896484375 294.40625 301.04998779296875 308.899993896484375 313.60626220703125 312.256256103515625 310.95623779296875 313.36248779296875 318.462493896484375 321.07501220703125 314.100006103515625 303.34375 296.65625 293.375 288.5 286.568756103515625 285.48748779296875 285.59375 282.256256103515625 278.243743896484375 277.60626220703125 273.57501220703125 269.756256103515625 266.612518310546875 262.693756103515625 258.9375 259.274993896484375 261.78125 267.23748779296875 271.931243896484375 280.787506103515625 290.45001220703125 304.92498779296875 320.08123779296875 336.068756103515625 353.0625 370.53125 387.76251220703125 401.212493896484375 409.537506103515625 417.60626220703125 417.88751220703125 416.587493896484375 415.068756103515625
294.806243896484375 303.33123779296875 311.056243896484375 314.475006103515625 314.149993896484375 312.087493896484375 309.61248779296875 309.556243896484375 313.943756103515625 317.350006103515625 306.618743896484375 295.5625 290.506256103515625 286.337493896484375 283 281.51873779296875 281.09375 280.83123779296875 278.774993896484375 274.61248779296875 273.162506103515625 270.618743896484375 267.774993896484375 265.08123779296875 262.45623779296875 261.15625 262.931243896484375 265.537506103515625 270.03125 276.36248779296875 284.23748779296875 294.45001220703125 307.087493896484375 325 342.875 359.23126220703125 378.84375 396.66876220703125 410.73126220703125 421.581268310546875 427.51873779296875 427.881256103515625 426.100006103515625 423.375
300.78125 308.15625 314.0625 314.318756103515625 310.743743896484375 306.162506103515625 301.756256103515625 297.0625 294.024993896484375 291.07501220703125 287.45623779296875 282.381256103515625 279.76873779296875 277.412506103515625 275.787506103515625 274.931243896484375 274.86248779296875 273.149993896484375 270.368743896484375 268.931243896484375 267.28125 266.46875 264.33123779296875 263.67498779296875 263.462493896484375 263.3125 266.475006103515625 269.66876220703125 272.993743896484375 278.07501220703125 288.04376220703125 297.568756103515625 310.23748779296875 325.84375 344.024993896484375 362.16876220703125 380.8125 399.39373779296875 417.899993896484375 427.5625 430.212493896484375 430.92498779296875 429.024993896484375 426.36248779296875
302.306243896484375 308.08123779296875 310.66876220703125 310.493743896484375 307.868743896484375 301.3125 291.368743896484375 278.9375 267.61248779296875 263.59375 266.0625 267.17498779296875 268.568756103515625 268.756256103515625 268.07501220703125 268.04376220703125 266.618743896484375 263.67498779296875 261.350006103515625 260.41876220703125 260.850006103515625 261.243743896484375 260.98126220703125 261.75 264.881256103515625 265.443756103515625 268.29376220703125 272.006256103515625 274.756256103515625 279.53125 287.5625 299.375 311.01873779296875 326.0625 343.51873779296875 361.11248779296875 379.837493896484375 398.118743896484375 415.399993896484375 424.725006103515625 428.943756103515625 429.568756103515625 427.962493896484375 425.118743896484375
303.149993896484375 307.28125 309.600006103515625 309.21875 305.600006103515625 298.08123779296875 286.96875 272.23748779296875 254.8562469482421875 247.625 254.8874969482421875 260.32501220703125 265.068756103515625 265.774993896484375 266.09375 266.59375 265.25 262.225006103515625 261.193756103515625 260.274993896484375 259.20623779296875 261.524993896484375 262.149993896484375 267.73126220703125 271.34375 271.287506103515625 271.65625 273.3125 276.774993896484375 280.006256103515625 287.65625 298.58123779296875 309.64373779296875 323 338.162506103515625 355.88751220703125 375.725006103515625 393.07501220703125 409.38751220703125 418.51873779296875 423.48748779296875 424.23748779296875 423.806243896484375 421.149993896484375
303.850006103515625 306.4375 307.5 306.65625 303.83123779296875 296.76251220703125 286.962493896484375 274.04998779296875 260.54998779296875 254.2375030517578125 256.618743896484375 259.149993896484375 263.59375 265.399993896484375 265.568756103515625 266.131256103515625 265.524993896484375 262.475006103515625 260.587493896484375 259.375 258.92498779296875 262.1875 266.162506103515625 274.818756103515625 277.16876220703125 276.699981689453125 276.39373779296875 276.506256103515625 277.625 279.03125 284.73748779296875 296.10626220703125 307.51873779296875 320.95623779296875 334.76873779296875 350.89373779296875 368.92498779296875 386.45001220703125 402.60626220703125 413.368743896484375 419.86248779296875 421.693756103515625 418.993743896484375 411.6875
304.09375 305.850006103515625 305.462493896484375 304.64373779296875 302.91876220703125 297.600006103515625 289.506256103515625 278.08123779296875 268.29998779296875 263.243743896484375 262 263.056243896484375 264.88751220703125 266.95623779296875 266.774993896484375 266.26251220703125 265.125 261.98748779296875 258.75 257.087493896484375 258.850006103515625 263.04376220703125 270.34375 278.11248779296875 284.35626220703125 281.443756103515625 279.85626220703125 280.881256103515625 280.306243896484375 279.350006103515625 284.8125 294.006256103515625 304.125 316.4375 329.8125 344.33123779296875 360.649993896484375 377.33123779296875 393.42498779296875 406.493743896484375 413.912506103515625 414.29998779296875 409.756256103515625 401.57501220703125
303.631256103515625 305.26873779296875 304.76873779296875 304.725006103515625 302.46875 299.193756103515625 293.681243896484375 284.662506103515625 276.818756103515625 271.375 268.618743896484375 267.82501220703125 267.600006103515625 268.412506103515625 269.67498779296875 268.743743896484375 265.26251220703125 261.04998779296875 257.556243896484375 255.068756103515625 255.225006103515625 260.568756103515625 270.61248779296875 283.63751220703125 288.568756103515625 281.17498779296875 278.462493896484375 279.256256103515625 281.34375 283.1875 285.318756103515625 291.54376220703125 299.83123779296875 310.26873779296875 321.625 337.149993896484375 353.787506103515625 370 384.943756103515625 399.3125 408.07501220703125 406.618743896484375 397.90625 383.225006103515625
302.912506103515625 303.96875 303.98126220703125 303.10626220703125 301.82501220703125 300.006256103515625 295.35626220703125 289.01251220703125 282.256256103515625 278.25 276.381256103515625 274.462493896484375 273.92498779296875 271.837493896484375 271.743743896484375 269.96875 265.59375 261.537506103515625 258.36248779296875 254.3000030517578125 251.5812530517578125 256.40625 265.86248779296875 276.8125 276.73748779296875 271.912506103515625 275.125 278.78125 282.662506103515625 285.293731689453125 287.274993896484375 289.837493896484375 295.274993896484375 303.8125 313.712493896484375 327.4375 343.66876220703125 359.837493896484375 376.024993896484375 392.068756103515625 403.118743896484375 399.40625 381.868743896484375 363.543731689453125
300.587493896484375 302.01873779296875 301.868743896484375 301.08123779296875 300.76873779296875 298.068756103515625 295.475006103515625 292.274993896484375 288.5625 285.256256103515625 282.899993896484375 280.85626220703125 278.881256103515625 277.5 273.318756103515625 271.03125 266.068756103515625 261.35626220703125 257.61248779296875 254.3625030517578125 253.568756103515625 256.03125 261.0625 267.20001220703125 268.07501220703125 267.86248779296875 272.506256103515625 277.34375 281.912506103515625 284.787506103515625 287.76251220703125 289.412506103515625 291.15625 295.912506103515625 303.88751220703125 317.868743896484375 334.649993896484375 350.006256103515625 365.162506103515625 379.725006103515625 389.71875 380.024993896484375 365.274993896484375 351.774993896484375
297.48748779296875 297.837493896484375 298.09375 299.10626220703125 299.57501220703125 297.48126220703125 296.70623779296875 295.443756103515625 292.350006103515625 289.649993896484375 288.17498779296875 285.71875 283.21875 280.76251220703125 274.306243896484375 270.70623779296875 265.23126220703125 261.58123779296875 257.350006103515625 254.0812530517578125 254.4250030517578125 255.9562530517578125 258.556243896484375 263.243743896484375 266.39373779296875 269.662506103515625 274.33123779296875 279.056243896484375 284.23748779296875 287.51251220703125 287.943756103515625 288 289.181243896484375 289.10626220703125 293.32501220703125 308.818756103515625 327.14373779296875 342.712493896484375 353.85626220703125 361.899993896484375 363.82501220703125 359.743743896484375 354.712493896484375 344.625
292.01251220703125 292.98748779296875 294.29998779296875 295.931243896484375 297.34375 297.875 297.32501220703125 296.368743896484375 295.774993896484375 294.774993896484375 292.70001220703125 290.693756103515625 287.96875 284.32501220703125 277.59375 270.89373779296875 264.431243896484375 260.993743896484375 256.85626220703125 254.25 254.2375030517578125 254.975006103515625 256.85626220703125 261.07501220703125 264.943756103515625 269.88751220703125 275.28125 281.04376220703125 287.63751220703125 290.66876220703125 291.85626220703125 290.65625 288.537506103515625 287.45623779296875 289.35626220703125 309.693756103515625 326.01251220703125 334.375 340.46875 345.61248779296875 346.8125 345.756256103515625 343.03125 336.45001220703125
286.88751220703125 288.868743896484375 289.79998779296875 292.40625 295.23126220703125 296.462493896484375 298.11248779296875 298.274993896484375 298.23126220703125 298.181243896484375 296.337493896484375 294.84375 292.36248779296875 287.29376220703125 281.17498779296875 272.618743896484375 262.95001220703125 258.0625 255.100006103515625 252.375 252.53125 253.6750030517578125 255.9499969482421875 260.193756103515625 265.07501220703125 269.162506103515625 275.14373779296875 282.181243896484375 288.506256103515625 293.212493896484375 295.368743896484375 294.48748779296875 292.743743896484375 294.73748779296875 307.23126220703125 324.07501220703125 331.38751220703125 332.07501220703125 332.15625 333.17498779296875 335.993743896484375 335.568756103515625 331.90625 326.84375
279.756256103515625 282.70623779296875 285.48748779296875 289.431243896484375 292.98748779296875 294.6875 296.21875 297.625 298.70623779296875 299.0625 298.462493896484375 298.256256103515625 294.71875 290.375 283.08123779296875 272.899993896484375 262.57501220703125 252.0625 250.8000030517578125 247.7312469482421875 249.53125 250.975006103515625 252.7687530517578125 257.11248779296875 262.28125 268.75 273.850006103515625 282.03125 290.274993896484375 295.462493896484375 296.88751220703125 291.75 291.5625 298.368743896484375 315.875 340.587493896484375 337.056243896484375 329.29998779296875 325.26251220703125 326.15625 326.087493896484375 325.4375 323.381256103515625 319.34375
271.89373779296875 275.975006103515625 279.381256103515625 284.23748779296875 289.46875 292.875 295.32501220703125 297.25 298.475006103515625 299.431243896484375 299.337493896484375 297.068756103515625 295.550018310546875 292.337493896484375 282.8125 271.13751220703125 259.3125 247.899993896484375 242.1125030517578125 239.462493896484375 243.462493896484375 247.1125030517578125 246.09375 251.443756103515625 258.17498779296875 266.09375 272.78125 279.8125 288.79376220703125 295.79998779296875 298.82501220703125 290.787506103515625 285.493743896484375 284.675018310546875 295.59375 316.3125 318.6875 316.649993896484375 317.337493896484375 317.54376220703125 318.29376220703125 316.993743896484375 315.899993896484375 313.5
261.493743896484375 267.58123779296875 271.943756103515625 277.79376220703125 284.375 289.73126220703125 293.51251220703125 296.33123779296875 298.11248779296875 298.712493896484375 298.331268310546875 295.65625 295 293.41876220703125 280.962493896484375 265.09375 250.3125 242.4812469482421875 235.1750030517578125 231.4187469482421875 233.59375 235.868743896484375 239.1750030517578125 244.4875030517578125 251.681243896484375 259.51873779296875 266.993743896484375 275.48748779296875 282.868743896484375 287.725006103515625 288.54998779296875 283.48126220703125 271.84375 260.71875 256.431243896484375 272.32501220703125 291.08123779296875 300.61248779296875 306.837493896484375 310.45623779296875 311.38751220703125 310.4375 310.537506103515625 309.48126220703125
