data/historical-monthly-weather-data/wc2.1_cruts4.09_10m_prec_2007-03.asc
ncols        51
nrows        45
xllcorner    -63.500000000000
yllcorner    -7.500000000000
cellsize     0.166666666667
NODATA_value -9999
[rows 20 to 39 of 45, columns 0 to 44 of 51]
351.868743896484375 363.524993896484375 374.64373779296875 386.23126220703125 398.46875 410.431243896484375 421.01873779296875 428.36248779296875 431.056243896484375 428.35626220703125 422.618743896484375 420.850006103515625 420.462493896484375 421.881256103515625 409.59375 390.03125 372.40625 358.58123779296875 349.568756103515625 341.056243896484375 335.806243896484375 330.98126220703125 326.118743896484375 330.006256103515625 336.006256103515625 343.01873779296875 351.943756103515625 360.856231689453125 369.23126220703125 374.131256103515625 372.556243896484375 365.368743896484375 351.931243896484375 333.48126220703125 315.85626220703125 344.806243896484375 385.14373779296875 410.899993896484375 425.868743896484375 433.462493896484375 436.76251220703125 436.5625 433.83123779296875 431.993743896484375 429.76873779296875
343.45001220703125 356.162506103515625 370.59375 384.26251220703125 398.73748779296875 413.65625 426.975006103515625 437.600006103515625 441.024993896484375 434.32501220703125 421.54376220703125 412.36248779296875 405.01873779296875 401.125 392.34375 380.287506103515625 368.912506103515625 356.10626220703125 345.318756103515625 335.181243896484375 326.40625 319.25 316.66876220703125 319.587493896484375 325.67498779296875 334.868743896484375 348.087493896484375 357.51251220703125 365.600006103515625 369.337493896484375 366.506256103515625 359.60626220703125 349.756256103515625 339.48126220703125 336.21875 356.04376220703125 388.212493896484375 413.243743896484375 427.993743896484375 433.712493896484375 435.318756103515625 434.78125 432.743743896484375 431.125 429.95623779296875
339.337493896484375 354.118743896484375 368.756256103515625 384.20623779296875 399.431243896484375 414.381256103515625 428.36248779296875 444.193756103515625 451.993743896484375 439.0625 419.51873779296875 400.631256103515625 385.743743896484375 380.118743896484375 376.78125 370.32501220703125 361.54376220703125 349.84375 338.20623779296875 327.243743896484375 317.4375 307.975006103515625 302.34375 304.8125 313.181243896484375 324.75 339.39373779296875 351.118743896484375 359.462493896484375 362.256256103515625 361.337493896484375 360.006256103515625 359.4375 358.26251220703125 365.78125 383.1875 405.837493896484375 424.350006103515625 434.29998779296875 437.118743896484375 436.287506103515625 434.58123779296875 432.63751220703125 429.875 429.337493896484375
338.993743896484375 352.475006103515625 367.787506103515625 384.087493896484375 399.91876220703125 413.63751220703125 428.681243896484375 443.73126220703125 448.987518310546875 433.14373779296875 410.350006103515625 390.631256103515625 370.037506103515625 365.1875 365.131256103515625 361.59375 355.42498779296875 344.86248779296875 331.58123779296875 319.28125 307.90625 296.712493896484375 289.04998779296875 290.78125 297.21875 308.36248779296875 324.0625 339.118743896484375 350.787506103515625 358.024993896484375 362.899993896484375 366.0625 370.90625 377.07501220703125 389.04998779296875 407.39373779296875 425.625 435.6875 439.40625 439.79376220703125 438.256256103515625 434.712493896484375 431.962493896484375 427.76251220703125 429.45623779296875
345.61248779296875 355.65625 368.01873779296875 384.35626220703125 401.899993896484375 414.618743896484375 425.256256103515625 434.712493896484375 434.60626220703125 423.162506103515625 406.48748779296875 387.149993896484375 372.20623779296875 364.36248779296875 360.087493896484375 357.10626220703125 350.875 340.70623779296875 328.024993896484375 313.16876220703125 298.70623779296875 285.462493896484375 274.98748779296875 273.431243896484375 280.66876220703125 295.162506103515625 311.131256103515625 329.64373779296875 344.21875 357.212493896484375 365.681243896484375 372.61248779296875 382.212493896484375 392.21875 404.350006103515625 416.51251220703125 430.875 439.51873779296875 441.225006103515625 442.681243896484375 440.943756103515625 436.056243896484375 430 428.11248779296875 424.59375
357.96875 366.462493896484375 374.306243896484375 389.04998779296875 402.85626220703125 412.46875 420 425.51251220703125 422.631256103515625 413.45623779296875 400.899993896484375 387.5625 375.67498779296875 366.243743896484375 360.23126220703125 356.4375 348.95001220703125 339.162506103515625 326.92498779296875 309.587493896484375 294.399993896484375 276.887481689453125 261.53125 255.8874969482421875 265.318756103515625 283.28125 303.82501220703125 322.568756103515625 340.181243896484375 356.537506103515625 369.34375 381.11248779296875 394.17498779296875 403.86248779296875 413.625 422.681243896484375 433.36248779296875 440.96875 443.57501220703125 444.181243896484375 443.07501220703125 436.375 426.17498779296875 422.26873779296875 420.068756103515625
375.54998779296875 378.36248779296875 384.868743896484375 393.850006103515625 402.70623779296875 409.23748779296875 413.04376220703125 415.287506103515625 412.15625 406.6875 399.006256103515625 389.01251220703125 379.51873779296875 371.506256103515625 365.462493896484375 359.756256103515625 353.693756103515625 342.11248779296875 328.26251220703125 312.34375 294.28125 274.98126220703125 254.649993896484375 246.662506103515625 259.98748779296875 277.725006103515625 299.0625 317.743743896484375 336.193756103515625 353.79998779296875 369.58123779296875 386.03125 402.568756103515625 410.693756103515625 418.399993896484375 426.725006103515625 436.631256103515625 443.36248779296875 446.59375 448.48126220703125 445.787506103515625 437.462493896484375 425.33123779296875 418.600006103515625 426.57501220703125
395.375 394.53125 397.149993896484375 401.399993896484375 403.85626220703125 406.42498779296875 409.743743896484375 409.837493896484375 406.912506103515625 403.10626220703125 396.79998779296875 389.181243896484375 382.475006103515625 376.337493896484375 370.225006103515625 363.868743896484375 357.962493896484375 348.67498779296875 335.193756103515625 319.475006103515625 301.618743896484375 281.73748779296875 266.42498779296875 260.40625 267.58123779296875 281.25 299.693756103515625 318.04998779296875 335.337493896484375 351.256256103515625 366.850006103515625 382.524993896484375 399.40625 409.11248779296875 418.29998779296875 427.368743896484375 435.23748779296875 443.8125 448.95623779296875 453.774993896484375 456.03125 445.91876220703125 428.88751220703125 421.15625 441.818756103515625
413.04376220703125 409.837493896484375 408.51251220703125 406.98748779296875 407.70623779296875 406.95001220703125 405.556243896484375 404.337493896484375 402.537506103515625 399.20623779296875 395.73748779296875 390.34375 385.08123779296875 380.931243896484375 376.350006103515625 371.54998779296875 367.493743896484375 358.712493896484375 346.84375 332.17498779296875 314.58123779296875 295.743743896484375 282.23126220703125 275.91876220703125 279.9375 288.23126220703125 303.15625 319.5625 335.306243896484375 350.14373779296875 363.112518310546875 376.63751220703125 393.256256103515625 405.743743896484375 417.087493896484375 426.618743896484375 433.943756103515625 442.73748779296875 448.90625 453.71875 461.51251220703125 451.537506103515625 435.149993896484375 438.04998779296875 463.118743896484375
423.29376220703125 417.881256103515625 413.17498779296875 408.73748779296875 406.375 402.67498779296875 400.84375 399.256256103515625 398.162506103515625 395.60626220703125 393.45001220703125 390.868743896484375 388.54998779296875 385.98748779296875 382.51251220703125 378.90625 375.51251220703125 372.818756103515625 363.38751220703125 346.20623779296875 327.881256103515625 310.33123779296875 296.5 290.76251220703125 291.28125 296.875 308.90625 321.712493896484375 334.23748779296875 346.89373779296875 359.131256103515625 370.63751220703125 386.34375 402.03125 415.350006103515625 424.287506103515625 431.774993896484375 441.38751220703125 442.89373779296875 446.962493896484375 455.11248779296875 457.118743896484375 452.8125 463.100006103515625 477.881256103515625
428.412506103515625 420.91876220703125 413.868743896484375 408.600006103515625 404.67498779296875 399.068756103515625 397.64373779296875 395.46875 394.256256103515625 392.774993896484375 392 390.037506103515625 389.40625 387.32501220703125 385.63751220703125 384.368743896484375 384.88751220703125 383.76873779296875 379.07501220703125 361.493743896484375 342.1875 323.23748779296875 309.89373779296875 303.243743896484375 301.162506103515625 305.54998779296875 313.662506103515625 322.54998779296875 333.056243896484375 344.125 355.475006103515625 367.556243896484375 383.29376220703125 399.412506103515625 413.89373779296875 421.662506103515625 429.537506103515625 439.743743896484375 439.181243896484375 434.318756103515625 444.899993896484375 459.70623779296875 469.181243896484375 481.993743896484375 497.4375
428.556243896484375 419.818756103515625 411.38751220703125 404.662506103515625 400.087493896484375 394.381256103515625 392.90625 389.837493896484375 388.818756103515625 388.21875 388.375 387.231231689453125 386.48126220703125 387.20623779296875 388.04376220703125 389.037506103515625 387.524993896484375 386.29998779296875 381.962493896484375 369.643768310546875 350.649993896484375 333.881256103515625 319.23748779296875 311.743743896484375 310.78125 312.03125 316.65625 324.25 331.037506103515625 341.868743896484375 353.09375 364.75 379.524993896484375 395.881256103515625 411.01873779296875 419.5 429.61248779296875 438.70001220703125 435.04998779296875 434.98126220703125 450.63751220703125 471.83123779296875 488.08123779296875 509.57501220703125 530.0625
417.57501220703125 410.149993896484375 402.287506103515625 396.024993896484375 390.54998779296875 387.056243896484375 384.39373779296875 381.16876220703125 379.375 380.54998779296875 385.024993896484375 383.556243896484375 384.193756103515625 388.08123779296875 389.381256103515625 389.862518310546875 387.681243896484375 386.662506103515625 381.037506103515625 370.931243896484375 356.087493896484375 340.506256103515625 325.89373779296875 320.056243896484375 317.837493896484375 317.5 320.53125 326.10626220703125 332.756256103515625 341.79998779296875 351.61248779296875 362.193756103515625 377.90625 394.5625 408.993743896484375 421.056243896484375 432.35626220703125 441.037506103515625 440.537506103515625 451.212493896484375 467.875 488.875 510.21875 534.8187255859375 568.7750244140625
404.399993896484375 397.875 393.08123779296875 388.11248779296875 383.46875 379.20623779296875 375.681243896484375 372.57501220703125 370.59375 371.95001220703125 377.006256103515625 379.631256103515625 381.837493896484375 383.92498779296875 385.28125 387.600006103515625 388.125 386.14373779296875 379.181243896484375 370.162506103515625 358.3125 344.07501220703125 331.618743896484375 324.8125 322.131256103515625 320.25 323.181243896484375 327.11248779296875 334.125 341.51873779296875 349.118743896484375 359.912506103515625 376.693756103515625 393.34375 410.21875 423.38751220703125 435.006256103515625 444.23748779296875 452.243743896484375 465.681243896484375 480.96875 502.26251220703125 528.7249755859375 556.3499755859375 594.4437255859375
391.287506103515625 386.774993896484375 383.712493896484375 379.462493896484375 373.712493896484375 370.29376220703125 365.85626220703125 363.45623779296875 359.743743896484375 359.92498779296875 367.09375 373.28125 378.83123779296875 381.98748779296875 385.475006103515625 386.524993896484375 387.42498779296875 384.806243896484375 378.08123779296875 369.40625 359.306243896484375 345.78125 333.756256103515625 326.70001220703125 324.118743896484375 322.443756103515625 323.92498779296875 328.125 332.943756103515625 340.23748779296875 348.29998779296875 358.256256103515625 374.83123779296875 392.756256103515625 409.306243896484375 422.21875 434.931243896484375 451.006256103515625 462.818756103515625 476.16876220703125 491.85626220703125 510.6875 536.08123779296875 564.0062255859375 596.14373779296875
378.45001220703125 374.28125 371.34375 367.743743896484375 363.10626220703125 358.649993896484375 354.60626220703125 349.39373779296875 343.256256103515625 343.068756103515625 350.600006103515625 360.88751220703125 372.71875 381.100006103515625 384.556243896484375 386.36248779296875 385.756256103515625 382.23748779296875 376.63751220703125 369.25 358.868743896484375 345.57501220703125 333.162506103515625 326.98748779296875 323.625 321.3125 322.75 327.1875 332 338.26251220703125 346.20001220703125 355.03125 370.524993896484375 389.587493896484375 406.46875 419.54998779296875 436.08123779296875 452.818756103515625 463.13751220703125 477.618743896484375 494.4375 511.524993896484375 531.7125244140625 557.97503662109375 581.60626220703125
364.09375 361.649993896484375 359.806243896484375 356.649993896484375 353.506256103515625 349.70001220703125 344.48126220703125 338.462493896484375 329.625 323.962493896484375 335.26873779296875 355.48126220703125 371.193756103515625 380.33123779296875 384.774993896484375 385.11248779296875 383.149993896484375 378.84375 373.71875 364.462493896484375 354.91876220703125 342.493743896484375 331.0625 323.73126220703125 319.743743896484375 317.66876220703125 319.63751220703125 325.256256103515625 329.993743896484375 336.32501220703125 343 350.931243896484375 367.98748779296875 387.51251220703125 404.243743896484375 419.54998779296875 436.82501220703125 454.287506103515625 465.23748779296875 476.14373779296875 490.056243896484375 505.38751220703125 523.96875 546.35626220703125 565.63128662109375
351.26873779296875 350.462493896484375 348.774993896484375 346.943756103515625 345.8125 342.931243896484375 338.368743896484375 331.76251220703125 324.91876220703125 316.98126220703125 337.681243896484375 360.556243896484375 373.08123779296875 381.90625 383.712493896484375 383.399993896484375 379.17498779296875 373.774993896484375 366.95001220703125 356.712493896484375 345.962493896484375 334.98126220703125 326.21875 318.84375 314.993743896484375 313.587493896484375 315.86248779296875 322.46875 328.243743896484375 333.993743896484375 339.056243896484375 346.07501220703125 363.42498779296875 383.64373779296875 400.087493896484375 417.649993896484375 435.225006103515625 450.48126220703125 462.95001220703125 474.774993896484375 484.45623779296875 499.006256103515625 512.86248779296875 526.3687744140625 541.9937744140625
341.149993896484375 340.29998779296875 339.73126220703125 338.89373779296875 338.412506103515625 335.431243896484375 333.649993896484375 330.54376220703125 330.67498779296875 340.20623779296875 363.056243896484375 370.087493896484375 373.59375 378.125 379.17498779296875 378 373.649993896484375 366.95001220703125 358.375 347.41876220703125 335.59375 325.48748779296875 317.649993896484375 311.850006103515625 308.943756103515625 308.67498779296875 311.89373779296875 317.60626220703125 323.756256103515625 329.76251220703125 336.118743896484375 342.04998779296875 357.256256103515625 376.006256103515625 395.20001220703125 410.32501220703125 425.57501220703125 441.662506103515625 451.149993896484375 459.63751220703125 468.181243896484375 481.46875 492.006256103515625 503.82501220703125 514.0374755859375
332.26251220703125 331.40625 331.337493896484375 330.46875 331.225006103515625 331.618743896484375 330.41876220703125 332.625 336.756256103515625 345.63751220703125 358.256256103515625 366.82501220703125 371.20001220703125 373.51251220703125 374.774993896484375 372.975006103515625 368.67498779296875 360.625 349.881256103515625 338.912506103515625 326.32501220703125 316.29376220703125 307.681243896484375 302.693756103515625 301.88751220703125 302.84375 305.931243896484375 312.181243896484375 318.23126220703125 324.03125 329.45623779296875 338.40625 355.15625 371.23748779296875 388.15625 403.024993896484375 415.64373779296875 429.26873779296875 438.993743896484375 443.64373779296875 449.375 460.32501220703125 469.0625 477.60626220703125 485.20001220703125
