data/historical-monthly-weather-data/wc2.1_cruts4.09_10m_prec_1998-09.asc
ncols        45
nrows        45
xllcorner    -63.500000000000
yllcorner    -7.500000000000
cellsize     0.166666666667
NODATA_value -9999
[rows 19 to 37 of 45, columns 0 to 42 of 45]
109.7062530517578125 106.31874847412109375 105.0812530517578125 105.33750152587890625 106.16875457763671875 109.6062469482421875 112.1750030517578125 113.77500152587890625 116.4375 117.03125 116.3249969482421875 113.18125152587890625 108.68125152587890625 103.97499847412109375 99.9375 97.27500152587890625 93.18125152587890625 94.0625 93.2687530517578125 96.78125 99.0437469482421875 103.1687469482421875 111.4499969482421875 115.61875152587890625 117.09999847412109375 114.6062469482421875 109.81874847412109375 105.0124969482421875 96.1687469482421875 87.4875030517578125 82.22499847412109375 88.2312469482421875 94.08750152587890625 102.34375 107.0625 101.4812469482421875 94.7312469482421875 89.19374847412109375 83.3249969482421875 75.1999969482421875 65.22499847412109375 56.237499237060546875 53.00624847412109375
103.5812530517578125 101.31874847412109375 101.61875152587890625 102.65000152587890625 103.94374847412109375 106.91249847412109375 110.44374847412109375 113.21875 116.7937469482421875 118.6875 118.22499847412109375 116.25 111.77500152587890625 105.7687530517578125 102.38124847412109375 97.6437530517578125 93.61875152587890625 92.1374969482421875 94.3312530517578125 94.84999847412109375 100.0625 106.50624847412109375 112.4250030517578125 116.2624969482421875 119.40625 118.2312469482421875 112.4375 105.3562469482421875 98.68125152587890625 95.69374847412109375 93.90625 98.06874847412109375 104.3874969482421875 113.8874969482421875 124.1125030517578125 113.8937530517578125 98.94374847412109375 88.81874847412109375 80.71250152587890625 73.15000152587890625 65.97499847412109375 59.799999237060546875 56.38124847412109375
98.93125152587890625 95.66249847412109375 96.50624847412109375 98.28125 101.0812530517578125 105.4375 109.2624969482421875 113.5812530517578125 117.6687469482421875 120.28125 120.8249969482421875 119.7624969482421875 117.3125 112.5187530517578125 108.3874969482421875 102.43125152587890625 98.3125 96.3625030517578125 98.05625152587890625 98.59375 100.21250152587890625 105.43125152587890625 110.72499847412109375 114.06874847412109375 116.05625152587890625 116.4562530517578125 114.94374847412109375 109.16249847412109375 105.86875152587890625 104.1374969482421875 102.6687469482421875 104.09375 108.75624847412109375 115.5625 117.09375 109.5124969482421875 96.4562530517578125 87.0500030517578125 79.13124847412109375 73.08750152587890625 68.1062469482421875 64.15000152587890625 62.13124847412109375
95.0437469482421875 93 93.4562530517578125 95.77500152587890625 98.7937469482421875 103.46875 108.5812530517578125 113.74375152587890625 119.3249969482421875 121.8562469482421875 124.81874847412109375 125.15000152587890625 125.52500152587890625 121.94374847412109375 115.1125030517578125 108.56874847412109375 102.9812469482421875 101.5749969482421875 101.1687469482421875 101.44374847412109375 102.84999847412109375 106.7375030517578125 110.19374847412109375 111.5187530517578125 114.33750152587890625 115.19374847412109375 113.65000152587890625 112.3562469482421875 109.625 107.33750152587890625 107.03125 108.5124969482421875 110.1999969482421875 111.61875152587890625 108.9250030517578125 99.7062530517578125 90.8562469482421875 83.1374969482421875 77.4375 74.19374847412109375 71.96875 69.13124847412109375 67.44374847412109375
93.49375152587890625 90.81874847412109375 91.875 93.4875030517578125 95.6875 101.4375 107.0437469482421875 112.1437530517578125 117.625 121.0437469482421875 123.8937530517578125 127.22499847412109375 130.850006103515625 127.21875 119.3562469482421875 112.24375152587890625 107.01250457763671875 105.5 105.0749969482421875 104.46875 105.5812530517578125 107.7375030517578125 111.4250030517578125 112.7375030517578125 114.21250152587890625 113.6875 112.0187530517578125 110.8312530517578125 110.9250030517578125 109.6374969482421875 108.93125152587890625 110.0437469482421875 109.40000152587890625 108.27500152587890625 104.84999847412109375 95.5 88.8312530517578125 83.99375152587890625 79.78125 78.375 76.6437530517578125 74.52500152587890625 73.6875
93.25 90.40000152587890625 90.59375 91.5749969482421875 96 101.00624847412109375 105.9812469482421875 111.02500152587890625 115.8249969482421875 120.03125 123.5812530517578125 125.53125 127.375 125.625 120.35625457763671875 114.30625152587890625 110.03749847412109375 108.0625 107.24375152587890625 107.38124847412109375 108.5500030517578125 109.81874847412109375 113.8312530517578125 115.00624847412109375 113.9375 114.6125030517578125 112.8562469482421875 111.9562530517578125 111.86875152587890625 111.3562469482421875 110.18125152587890625 109.97499847412109375 109.8249969482421875 107.71875 103.2687530517578125 96.02500152587890625 91.7937469482421875 88.0625 84.4499969482421875 82.90000152587890625 81.4562530517578125 80.5625 80.25
94.4875030517578125 92.99375152587890625 91.69374847412109375 93.1687469482421875 95.5500030517578125 99.9499969482421875 105.0625 109.6999969482421875 114.0187530517578125 118.4562530517578125 120.74375152587890625 122.63124847412109375 123.5500030517578125 122.0124969482421875 118.9250030517578125 114.97499847412109375 111.2312469482421875 110.24375152587890625 109.4375 109.3562469482421875 110.41249847412109375 111.3249969482421875 115.1999969482421875 116.34375 115.5187530517578125 114.65625 114.47499847412109375 114.72499847412109375 113.8312530517578125 113.21875 111.86875152587890625 111.84999847412109375 109.53125 106.96875 104.0187530517578125 100.5187530517578125 96.3249969482421875 93.21250152587890625 91.21250152587890625 89.1374969482421875 88.4499969482421875 87.27500152587890625 87.03749847412109375
94.30625152587890625 91.56874847412109375 91.05625152587890625 92.5749969482421875 94.2312469482421875 98.58750152587890625 102.94374847412109375 106.7312469482421875 109.8000030517578125 114 117.5500030517578125 119.4875030517578125 119.78749847412109375 119.125 117.2375030517578125 114.4250030517578125 112.6437530517578125 111.2375030517578125 110.84999847412109375 110.91249847412109375 112.4187469482421875 113.34375 116.27500152587890625 119.1750030517578125 117.7937469482421875 117.24375152587890625 116.9250030517578125 115.7687530517578125 114.8937530517578125 113.8874969482421875 112.4875030517578125 111.18125152587890625 110.97499847412109375 109.18125152587890625 106.1687469482421875 104.0187530517578125 101.53749847412109375 98.5625 96.8625030517578125 95.40000152587890625 93.8874969482421875 93.27500152587890625 93.625
93.44374847412109375 90.47499847412109375 90.7062530517578125 91.2624969482421875 93.25624847412109375 96.77500152587890625 100.91249847412109375 104.50624847412109375 106.99375152587890625 111.13124847412109375 114.25 115.88124847412109375 116.4562530517578125 117.1374969482421875 115.58750152587890625 113.7624969482421875 112.3000030517578125 111.63124847412109375 111.5749969482421875 112.6999969482421875 114 115.4875030517578125 118.25624847412109375 120.27500152587890625 120.63124847412109375 119.59375 118.55625152587890625 117.2624969482421875 116.09999847412109375 115.59999847412109375 113.19374847412109375 111.9250030517578125 112.61875152587890625 111.25 109.55625152587890625 107.71250152587890625 107.21250152587890625 105.69374847412109375 104.08750152587890625 102.5 101.1687469482421875 100.76874542236328125 98.84999847412109375
92.8125 89.33750152587890625 88.96250152587890625 89.46875 91.0437469482421875 94 97.56874847412109375 101.38124847412109375 104.33750152587890625 107.7312469482421875 110.5500030517578125 111.83750152587890625 113.84999847412109375 114.1125030517578125 113.09999847412109375 113.6374969482421875 114.33750152587890625 111.69374847412109375 111.6687469482421875 113.2624969482421875 115.38124847412109375 117.7062530517578125 120.84999847412109375 122.875 121.9375 121.7312469482421875 120.41249847412109375 119.5437469482421875 119.27500152587890625 117.00624847412109375 113.9375 112.38124847412109375 112.63124847412109375 112.7937469482421875 113.56874847412109375 112.0437469482421875 112.90625 113.0437469482421875 112.2687530517578125 110.50624847412109375 106.4499969482421875 103.9375 103.6687469482421875
92.25624847412109375 88.63124847412109375 87.0500030517578125 86.97499847412109375 87.9187469482421875 91.0437469482421875 94.6875 98.3249969482421875 101.15625 104.03125 106.66249847412109375 109.15625 111.1687469482421875 112.2375030517578125 113 112.86875152587890625 112.6750030517578125 112.1687469482421875 111.5437469482421875 113.03749847412109375 116.09375 119.6750030517578125 122.15000152587890625 123.05625152587890625 123.68125152587890625 124.55625152587890625 122.4250030517578125 120.3625030517578125 118.4875030517578125 117.21250152587890625 115.86875152587890625 114.84999847412109375 114.6750030517578125 115.05625152587890625 116.46875 116.2937469482421875 117.88124847412109375 120.125 117.5187530517578125 117.93125152587890625 115.7312469482421875 112.1125030517578125 109.59375
89.88124847412109375 86.4375 85.6687469482421875 84.58750152587890625 85.44374847412109375 88.8312530517578125 91.59999847412109375 94.93125152587890625 98.15000152587890625 101.3562469482421875 103.9499969482421875 106.3937530517578125 110.5625 111.71250152587890625 112.09999847412109375 112.0749969482421875 113.2937469482421875 113.28749847412109375 112.8125 115.16249847412109375 118.24375152587890625 122.59375 125.75624847412109375 125.8249969482421875 125.55625152587890625 126.33750152587890625 123.78749847412109375 121.0625 118.8874969482421875 116.3937530517578125 116.4499969482421875 116.34375 116.1687469482421875 118.4875030517578125 120.2375030517578125 119.28749847412109375 121.46250152587890625 125.0187530517578125 125.15625 125.4812469482421875 123.1875 118.71875 115.1875
88.3562469482421875 84.00624847412109375 82.8312530517578125 82.36875152587890625 83.7937469482421875 86.3000030517578125 89.21250152587890625 92.47499847412109375 95.97499847412109375 98.91249847412109375 102 104.5625 107.09999847412109375 110.1875 112.125 114.2687530517578125 114.94374847412109375 115.49375152587890625 116.6999969482421875 120.1062469482421875 123.75 125.80625152587890625 129.125 128.1374969482421875 129.337493896484375 127.50624847412109375 123.8125 122.0500030517578125 119.5124969482421875 117.65000152587890625 117.77500152587890625 116.8249969482421875 117.55625152587890625 119.7312469482421875 121.3625030517578125 120.9562530517578125 123.1437530517578125 125.5812530517578125 126.5812530517578125 127.68125152587890625 127.2937469482421875 122.96875 119.84999847412109375
86.7937469482421875 83.46875 81.75624847412109375 81.25 82.0500030517578125 84.3937530517578125 87.3312530517578125 89.65625 93.0437469482421875 95.7687530517578125 101.53125 103.44374847412109375 106.74375152587890625 112.0437469482421875 114.28749847412109375 117.4187469482421875 119.24375152587890625 121.8937530517578125 123.6687469482421875 127.09999847412109375 129.34375 130.9375 131.725006103515625 130.524993896484375 130.587493896484375 127.8000030517578125 124.0625 121.625 119.13124847412109375 119.15000152587890625 118.5749969482421875 118.2375030517578125 118.08750152587890625 119.8874969482421875 122.02500152587890625 121.6374969482421875 122.65625 123.0749969482421875 124.3937530517578125 127.0437469482421875 127.4499969482421875 124.36875152587890625 122.25
84.65625 82.47499847412109375 81.3625030517578125 80.5625 80.46875 82.41249847412109375 85.15000152587890625 87.30625152587890625 90.18125152587890625 94.0500030517578125 98.4812469482421875 103.49375152587890625 107.34999847412109375 111.0749969482421875 115.40000152587890625 119.21250152587890625 123.7624969482421875 127.5500030517578125 130.943756103515625 134.4562530517578125 135.931243896484375 135.806243896484375 135.256256103515625 132.2375030517578125 130.0187530517578125 126.8937530517578125 123.06874847412109375 120.46250152587890625 117.58750152587890625 117.84999847412109375 118.4562530517578125 118.78749847412109375 118.78749847412109375 119.63124847412109375 121.39374542236328125 122.94374847412109375 122.11875152587890625 121.77500152587890625 123.5124969482421875 124.84375 125.3249969482421875 125.0124969482421875 124.6062469482421875
83.375 81.75 80.78125 80.31874847412109375 80.0625 81.1437530517578125 83.61875152587890625 85.5124969482421875 87.78749847412109375 91.875 97.44374847412109375 103.72499847412109375 108.36875152587890625 112.9187469482421875 117.7937469482421875 122.9812469482421875 127.94374847412109375 131.8000030517578125 137.8249969482421875 141.212493896484375 142.600006103515625 141.287506103515625 137.9812469482421875 133.2687530517578125 128.556243896484375 125.9812469482421875 122.8000030517578125 119.2624969482421875 116.3312530517578125 116.4250030517578125 117.3562469482421875 117.4375 117.7062530517578125 118.5749969482421875 119.28125 119.26874542236328125 119.59375 121.11875152587890625 121.8562469482421875 123.64374542236328125 122.5124969482421875 121.71875 123.1687469482421875
83.09375 81.33750152587890625 80.8625030517578125 80.5437469482421875 80.3249969482421875 81.53125 82.68125152587890625 84.9499969482421875 87.4250030517578125 90.78749847412109375 96.4499969482421875 102.72499847412109375 109.28125 115.34375 120.46875 126.18125152587890625 131.162506103515625 136.3625030517578125 142.4812469482421875 147.7062530517578125 146.537506103515625 143.881256103515625 138.40625 132.149993896484375 127.5437469482421875 124.08750152587890625 120.3312530517578125 117.4375 114.9812469482421875 114.64374542236328125 115.5625 116.0749969482421875 115.3562469482421875 115.92499542236328125 116.21875 115.47499847412109375 117.59999847412109375 118.33750152587890625 118.9375 119.96250152587890625 120.5437469482421875 119.4250030517578125 119.1374969482421875
82.94374847412109375 81.55625152587890625 80.97499847412109375 80.3937530517578125 80.9375 81.8874969482421875 83.16249847412109375 84.78125 87.4187469482421875 89.6687469482421875 95.9812469482421875 105.78749847412109375 112.9250030517578125 119 124.5812530517578125 129.375 134.78125 138.625 143.34375 147.443756103515625 147.1875 141.868743896484375 136.181243896484375 129.225006103515625 124.41249847412109375 121.16249847412109375 117.2624969482421875 114.2062530517578125 112.18125152587890625 112.34375 112.8874969482421875 113.5749969482421875 113.46250152587890625 113.7312469482421875 113.7687530517578125 113.96250152587890625 115.24375152587890625 116.65000152587890625 116.28749847412109375 116.2937469482421875 116.47499847412109375 115.05625152587890625 115.46875
82.21250152587890625 81.50624847412109375 81.2312469482421875 80.5437469482421875 81.34999847412109375 82.6875 84.11875152587890625 86.0625 89.1750030517578125 91.41249847412109375 103.09375 112.4562530517578125 118.1437530517578125 123.3000030517578125 128.21875 133.1062469482421875 135.9812469482421875 139.287506103515625 141.337493896484375 142.71875 142.4562530517578125 137.4187469482421875 132.1999969482421875 125.33750152587890625 120.15000152587890625 116.4875030517578125 113.9187469482421875 111.7312469482421875 110.0749969482421875 110.3625030517578125 109.23125457763671875 109.5812530517578125 109.7375030517578125 111.29375457763671875 111.8125 110.3249969482421875 111.4562530517578125 112.5187530517578125 114 114.50624847412109375 112.88124847412109375 113.50624847412109375 111.6875
