data/historical-monthly-weather-data/wc2.1_cruts4.09_10m_prec_1953-04.asc
ncols        51
nrows        45
xllcorner    -63.500000000000
yllcorner    -7.500000000000
cellsize     0.166666666667
NODATA_value -9999
[rows 20 to 39 of 45, columns 0 to 44 of 51]
262.07501220703125 264.39373779296875 264.806243896484375 264.04376220703125 261.818756103515625 265.67498779296875 268.875 267.774993896484375 266.256256103515625 261.54998779296875 254.225006103515625 243.693756103515625 233.399993896484375 224.6687469482421875 213.0749969482421875 203.15625 195.2312469482421875 191.2312469482421875 189.318756103515625 187.09375 188.9187469482421875 189.40625 189.068756103515625 193.2312469482421875 200.4812469482421875 207.631256103515625 214.9562530517578125 222.024993896484375 227.3625030517578125 232.0625 233.0625 233.568756103515625 225.4375 214.787506103515625 206.6437530517578125 223.65625 248.537506103515625 270.04376220703125 285.587493896484375 295.837493896484375 301.412506103515625 304.5625 302.04998779296875 301.350006103515625 297.85626220703125
255.693756103515625 255.306243896484375 256.58123779296875 260.26251220703125 260.96875 263.431243896484375 267.100006103515625 268.60626220703125 267.45001220703125 260.38751220703125 249.0500030517578125 234.181243896484375 222.1374969482421875 213.787506103515625 206.899993896484375 199.03125 193.931243896484375 189.287506103515625 186.600006103515625 183.6125030517578125 182.0187530517578125 182.2937469482421875 184.5 189.993743896484375 198.2624969482421875 209.78125 226.993743896484375 234.225006103515625 239.100006103515625 243.53125 243.899993896484375 242.40625 236.0749969482421875 230.0749969482421875 228.9375 239.600006103515625 259.21875 277.78125 289.537506103515625 296.96875 301.79376220703125 303.125 300.5 298.618743896484375 294.67498779296875
250.6875 255.375 257.600006103515625 260.20623779296875 260.837493896484375 263.48748779296875 265.0625 268.568756103515625 272.36248779296875 260.42498779296875 243.5687408447265625 225.25 211.556243896484375 205.0437469482421875 201.193756103515625 197.024993896484375 191.7687530517578125 186.28125 181.9375 177.5437469482421875 176.3937530517578125 176.1374969482421875 176.4250030517578125 182.9875030517578125 194.2687530517578125 208.493743896484375 227.693756103515625 238.3937530517578125 245.306243896484375 249.4375 252.3312530517578125 253.693756103515625 253.1437530517578125 251.78125 254.2624969482421875 261.11248779296875 274.462493896484375 288.61248779296875 296.625 299.51873779296875 301.48748779296875 300.225006103515625 297.29376220703125 294.70623779296875 291.34375
249.243743896484375 254.8062591552734375 258.1875 257.975006103515625 257.0625 259.75 263.76873779296875 265.818756103515625 267.350006103515625 254.649993896484375 237.475006103515625 221.618743896484375 204.8000030517578125 201.443756103515625 199.0625 194.837493896484375 189.09375 184.649993896484375 179.037506103515625 174.475006103515625 171.9875030517578125 169.475006103515625 168.868743896484375 176.743743896484375 187.8125 199.056243896484375 215.912506103515625 232.662506103515625 244.899993896484375 254.96875 262.95623779296875 270.73126220703125 273.51251220703125 273.493743896484375 276.75 282.29376220703125 292.193756103515625 299.76873779296875 302.399993896484375 301.287506103515625 300.931243896484375 297.45001220703125 293.412506103515625 289.34375 288.037506103515625
251.256256103515625 257.45001220703125 258.57501220703125 258.037506103515625 256.9375 258.1875 259.899993896484375 260.412506103515625 257.26251220703125 249.274993896484375 235.2375030517578125 220.600006103515625 210.818756103515625 203.774993896484375 198.806243896484375 193.7624969482421875 189.2937469482421875 184.15625 178.131256103515625 171.6687469482421875 167.5437469482421875 163.787506103515625 162.412506103515625 168.7687530517578125 178.493743896484375 193.006256103515625 211.4250030517578125 229.318756103515625 246.2062530517578125 263.375 277.48748779296875 290.524993896484375 295.6875 295.95001220703125 296.5625 297.46875 302.818756103515625 304.587493896484375 304.806243896484375 303.54998779296875 300.98748779296875 295.493743896484375 291.48748779296875 285.58123779296875 279.006256103515625
260.931243896484375 265.45001220703125 260.412506103515625 257.51251220703125 253.368743896484375 253.881256103515625 254.6374969482421875 253.524993896484375 247.6687469482421875 239.600006103515625 230.881256103515625 222.5625 214.8937530517578125 209.350006103515625 201.96875 197.0749969482421875 191.4812469482421875 185.4499969482421875 177.912506103515625 169.4625091552734375 165.4375 159.725006103515625 155.9187469482421875 158.9187469482421875 170.9562530517578125 187.84375 210.1125030517578125 229.7062530517578125 251.09375 270.29376220703125 291.118743896484375 310.506256103515625 317.987518310546875 314.96875 310.75 309.10626220703125 310.08123779296875 309.506256103515625 307.149993896484375 304.58123779296875 301.59375 294.20001220703125 287.60626220703125 279.70623779296875 275.23126220703125
265.60626220703125 265.3125 261.35626220703125 256.78125 250.78125 251.306243896484375 250.1125030517578125 246.65625 241.287506103515625 237.787506103515625 232.8000030517578125 226.09375 220.587493896484375 216.1125030517578125 209.006256103515625 202.943756103515625 196.5187530517578125 188.8249969482421875 181.506256103515625 173.443756103515625 166.618743896484375 159.318756103515625 152.868743896484375 155.1437530517578125 169.287506103515625 185.693756103515625 209.0812530517578125 230.46875 253.962493896484375 275.33123779296875 299.693756103515625 322.943756103515625 333.625 327.850006103515625 321.11248779296875 317.131256103515625 316.068756103515625 314.181243896484375 309.756256103515625 306.399993896484375 301.32501220703125 294.83123779296875 287.412506103515625 280.787506103515625 281.618743896484375
271.53125 267.08123779296875 261.712493896484375 255.90625 250.6125030517578125 248.756256103515625 247.381256103515625 242.25 239.1062469482421875 236.725006103515625 231.475006103515625 228.225006103515625 224.7062530517578125 222.375 215.818756103515625 208.28125 202.0749969482421875 195.993743896484375 187.0749969482421875 179.3874969482421875 172.4187469482421875 163.9187469482421875 160.0749969482421875 163.0187530517578125 174.006256103515625 189.431243896484375 210.3937530517578125 232.600006103515625 255.6812591552734375 277.79998779296875 300.181243896484375 321.362518310546875 330.20001220703125 327.98748779296875 324.92498779296875 320.681243896484375 320.118743896484375 318.42498779296875 313.912506103515625 309.368743896484375 304.5 298.03125 290.84375 286.3125 294.818756103515625
275.01251220703125 268.537506103515625 261.381256103515625 255.5437469482421875 249.21875 244.8312530517578125 241.899993896484375 239.6125030517578125 238.868743896484375 235.84375 233.131256103515625 231.2687530517578125 228.837493896484375 227.78125 223.212493896484375 218.100006103515625 212.28125 203.5500030517578125 195.7687530517578125 187.1437530517578125 180.131256103515625 171.65625 167.8625030517578125 172.537506103515625 181.587493896484375 195.375 215.350006103515625 236.287506103515625 258.17498779296875 278.493743896484375 296.6875 314.243743896484375 319.88751220703125 322.368743896484375 322.67498779296875 321.26873779296875 322.33123779296875 322.11248779296875 318.387481689453125 312.26251220703125 304.524993896484375 298.462493896484375 293.45623779296875 297.90625 307.51251220703125
277.875 270.11248779296875 262.71875 253.881256103515625 248.0812530517578125 244.556243896484375 241.7312469482421875 239.9187469482421875 238.568756103515625 236.100006103515625 235.024993896484375 234.256256103515625 235.3249969482421875 235.5187530517578125 231.712493896484375 226.774993896484375 221.618743896484375 215.6999969482421875 207 196.71875 187.96875 181.3874969482421875 178.3562469482421875 181.96875 189.212493896484375 201.212493896484375 220.162506103515625 238.5437469482421875 258.61248779296875 275.875 291.625 304.79376220703125 311.037506103515625 316.443756103515625 320.087493896484375 321.01251220703125 324.54998779296875 326.21875 321.76873779296875 318.993743896484375 315.26873779296875 311.368743896484375 306.79998779296875 311.568756103515625 315.375
278.212493896484375 269.10626220703125 261.399993896484375 253.9375 248.96875 244.65625 242.21875 238.7937469482421875 237.6437530517578125 237.068756103515625 237.068756103515625 238.087493896484375 241.6374969482421875 241.4499969482421875 239.4250030517578125 236.056243896484375 233.2312469482421875 227.649993896484375 219.818756103515625 210.03125 200.4375 192.1750030517578125 187.59375 189.350006103515625 194.587493896484375 207.912506103515625 223.2937469482421875 241.0749969482421875 258.774993896484375 272.15625 285.88751220703125 297.368743896484375 305.475006103515625 311.9375 316.381256103515625 319.91876220703125 322.45623779296875 325.92498779296875 326.287506103515625 325.28125 323.48126220703125 320.01873779296875 318.243743896484375 319.162506103515625 323.59375
276.23748779296875 266.70623779296875 259.712493896484375 255 249.993743896484375 243.931243896484375 241.0749969482421875 237.056243896484375 236.1062469482421875 235.756256103515625 237.256256103515625 241.931243896484375 244.975006103515625 247.087493896484375 246.056243896484375 244.568756103515625 240.743743896484375 235.962493896484375 228.1062469482421875 221.2375030517578125 211.84375 202.993743896484375 196.431243896484375 198.006256103515625 204.756256103515625 214.3937530517578125 227.21875 243.6750030517578125 258.243743896484375 270.443756103515625 282.837493896484375 293.03125 299.23748779296875 306.23126220703125 312.149993896484375 316.506256103515625 321.48126220703125 324.087493896484375 325.181243896484375 325.32501220703125 329.131256103515625 328.3125 326.806243896484375 328.01873779296875 332.518768310546875
274.21875 263.84375 258.149993896484375 253.3000030517578125 249.8874969482421875 244.1125030517578125 239.1999969482421875 236.28125 234.743743896484375 235.8125 240.681243896484375 244.631256103515625 250.287506103515625 254.712493896484375 254.2937469482421875 252.743743896484375 250.8874969482421875 246.71875 238.2312469482421875 230.4812469482421875 223.0187530517578125 214.524993896484375 207.375 208.681243896484375 214.725006103515625 220.5500030517578125 232.5812530517578125 245.475006103515625 258.350006103515625 269.931243896484375 279.412506103515625 287.21875 293.118743896484375 300.76873779296875 307.5625 313.83123779296875 318.850006103515625 322.98126220703125 322.57501220703125 329.162506103515625 331.95623779296875 331.681243896484375 332.681243896484375 336.068756103515625 341.40625
270.5625 262.20623779296875 257.63751220703125 252.9375 248.75 244.774993896484375 240.256256103515625 235.712493896484375 233.75 234.7687530517578125 238.443756103515625 246.4562530517578125 254.5124969482421875 258.29376220703125 259.90625 258.89373779296875 258.57501220703125 254.5812530517578125 247.2624969482421875 239.7687530517578125 232.5812530517578125 224.912506103515625 218.306243896484375 216.9875030517578125 222.3312530517578125 226.587493896484375 235.4812469482421875 246.25 257.65625 266.14373779296875 274.14373779296875 282.318756103515625 288.36248779296875 295.73126220703125 303.225006103515625 309.10626220703125 315.08123779296875 316.6875 322.13751220703125 328.068756103515625 330.225006103515625 332.70623779296875 336.024993896484375 341.10626220703125 347.96875
265.256256103515625 259.712493896484375 256.9375 251.524993896484375 247.0625 242.4812469482421875 237.618743896484375 233.9499969482421875 230.3312530517578125 229.71875 236.056243896484375 247.631256103515625 259.33123779296875 267.34375 268.537506103515625 268.29376220703125 266.64373779296875 260.631256103515625 255.625 247.03125 241.71875 233.2375030517578125 227.100006103515625 223.9187469482421875 226.9375 231.7062530517578125 239.25 246.881256103515625 256.59375 264.92498779296875 270.912506103515625 278.256256103515625 283.03125 290.96875 297.40625 302.350006103515625 306.11248779296875 315.212493896484375 320.54376220703125 324.89373779296875 327.006256103515625 330.850006103515625 335.91876220703125 341.118743896484375 345.10626220703125
262.23748779296875 258.89373779296875 255.774993896484375 251 245.9875030517578125 240.3000030517578125 235.850006103515625 231 225.274993896484375 223.5124969482421875 229.1687469482421875 244.006256103515625 260.48126220703125 270.20001220703125 272.58123779296875 273.04376220703125 272.36248779296875 267.39373779296875 262.524993896484375 256.92498779296875 250.337493896484375 243.243743896484375 234.193756103515625 231.556243896484375 232.0812530517578125 235.306243896484375 242.024993896484375 249.118743896484375 257.03125 263.125 268.45001220703125 273.625 278.08123779296875 286.131256103515625 290.8125 292.443756103515625 300.875 309.26873779296875 312.881256103515625 317.5625 322.0625 325.38751220703125 329.149993896484375 334.618743896484375 336.41876220703125
259.943756103515625 258.462493896484375 254.875 250.868743896484375 245.712493896484375 240.287506103515625 236 228.774993896484375 220.1374969482421875 215 223.59375 244.975006103515625 259.95623779296875 268.068756103515625 273.5625 275.64373779296875 273.962493896484375 270.5625 267.181243896484375 260.54376220703125 255.056243896484375 247.868743896484375 239.381256103515625 236.8125 235.6687469482421875 237.649993896484375 244.100006103515625 250.625 256.5625 260.943756103515625 266.45001220703125 271.73748779296875 275.868743896484375 280.89373779296875 284.375 288.04376220703125 295.64373779296875 304.100006103515625 309.54376220703125 311.118743896484375 315.274993896484375 317.96875 322.868743896484375 327.23126220703125 330.006256103515625
260.67498779296875 257.912506103515625 253.631256103515625 250.587493896484375 245.8125 241.3249969482421875 236.1875 228.3312530517578125 221.212493896484375 214.431243896484375 229.306243896484375 250.381256103515625 261.862518310546875 268.787506103515625 273.71875 276.60626220703125 274.625 272.67498779296875 267.26873779296875 260.38751220703125 255.34375 248.256256103515625 242.5 239.600006103515625 237.693756103515625 240.193756103515625 243.462493896484375 250.443756103515625 256.149993896484375 260.568756103515625 263.3125 268.14373779296875 273.54376220703125 277.024993896484375 277.725006103515625 284.75 291.41876220703125 296.95001220703125 304 306.35626220703125 307.868743896484375 311.13751220703125 313.04998779296875 315.4375 319.23748779296875
261.837493896484375 256.54998779296875 252.725006103515625 250.40625 247.34375 241.7062530517578125 237.381256103515625 232.4812469482421875 231.412506103515625 236.90625 252.337493896484375 261.45001220703125 264.868743896484375 270.100006103515625 274.16876220703125 274.8125 273.412506103515625 270.649993896484375 263.36248779296875 258.35626220703125 252.90625 246.0812530517578125 241.162506103515625 239.9375 239 239 242.3312530517578125 247.943756103515625 252.587493896484375 258.07501220703125 261.73126220703125 263.587493896484375 268.087493896484375 272.73126220703125 278.48126220703125 281.993743896484375 285.70001220703125 291.57501220703125 295.087493896484375 294.95623779296875 296.92498779296875 300.29998779296875 300.70001220703125 303.875 306.51873779296875
262.23126220703125 257.54376220703125 254.2375030517578125 252.3125 249.568756103515625 245.774993896484375 240.5625 240.256256103515625 242.4812469482421875 248.131256103515625 256.83123779296875 264.850006103515625 267.78125 271.38751220703125 274.01873779296875 273.58123779296875 271.868743896484375 268.76251220703125 260.975006103515625 254.59375 248.443756103515625 244.4875030517578125 237.7312469482421875 236.15625 237.868743896484375 238.5625 241.5500030517578125 246.287506103515625 250.3125 255.0562591552734375 256.725006103515625 263.07501220703125 269.568756103515625 273.70001220703125 278.868743896484375 281.23126220703125 283.15625 287.212493896484375 288.23126220703125 285.26873779296875 285.412506103515625 287.9375 286.71875 288.64373779296875 292.375
