data/historical-monthly-weather-data/wc2.1_cruts4.09_10m_prec_2013-11.asc
ncols        51
nrows        45
xllcorner    -63.500000000000
yllcorner    -7.500000000000
cellsize     0.166666666667
NODATA_value -9999
[rows 0 to 19 of 45, columns 0 to 43 of 51]
198.9187469482421875 194.59375 194.7375030517578125 200.21875 205.6437530517578125 215.850006103515625 225.0749969482421875 233.962493896484375 242.1062469482421875 248.806243896484375 254.7624969482421875 253.8874969482421875 252.6437530517578125 246.806243896484375 238.8125 229.4499969482421875 220.693756103515625 209.2624969482421875 198.6687469482421875 189.9375 184.068756103515625 178.7062530517578125 173.9187469482421875 165.1999969482421875 157.21875 149.6687469482421875 140.1750030517578125 130.40625 120.7937469482421875 113.75624847412109375 107.68125152587890625 102.52500152587890625 97.9250030517578125 94.09375 90.28749847412109375 89.0749969482421875 88.40625 87.5500030517578125 87.5437469482421875 87.80625152587890625 87.40000152587890625 87.84999847412109375 87.3125 86.84375
201.6750030517578125 193.5187530517578125 193.7312469482421875 197.6687469482421875 203.78125 213.4499969482421875 222.09375 233.1374969482421875 242.3000030517578125 249.381256103515625 255.5749969482421875 253.693756103515625 250.256256103515625 245.649993896484375 236.5749969482421875 228.875 218.9499969482421875 206.1750030517578125 193.0124969482421875 182.162506103515625 175.3625030517578125 169.5187530517578125 164.5187530517578125 157.506256103515625 148.71875 141.0187530517578125 132.850006103515625 123.96875 115.71250152587890625 109.65625 104.53125 100.24375152587890625 95.6750030517578125 93.15000152587890625 90.33750152587890625 89.1437530517578125 88.43125152587890625 87.6062469482421875 87.4499969482421875 87.72499847412109375 87.8874969482421875 88.0187530517578125 87.9812469482421875 86.7375030517578125
206.2937469482421875 198.34375 197.28125 198.9250030517578125 203.96875 212.193756103515625 223.024993896484375 233.4499969482421875 243.743743896484375 250.993743896484375 255.024993896484375 251.787506103515625 247.850006103515625 242.25 232.8312530517578125 223.90625 215.243743896484375 204.6687469482421875 192.868743896484375 183.337493896484375 176.818756103515625 170.8874969482421875 165.6062469482421875 158.0437469482421875 149.056243896484375 140.2687530517578125 131.818756103515625 123.3874969482421875 114.8874969482421875 108.96250152587890625 105.08750152587890625 101.03125 98.3000030517578125 95.66249847412109375 93.46250152587890625 91.875 90.83750152587890625 90.71875 90.8000030517578125 91.36875152587890625 91.47499847412109375 91.3000030517578125 91.2312469482421875 90.4812469482421875
206.7937469482421875 198.6125030517578125 198.9499969482421875 199.006256103515625 202.9375 210.368743896484375 219.7062530517578125 231.256256103515625 243.181243896484375 251.3874969482421875 253.431243896484375 248.21875 242.90625 236.4562530517578125 227.3625030517578125 218.7937469482421875 211.1875 202.34375 193.9375 187.681243896484375 181.6687469482421875 175.28125 168.475006103515625 159.274993896484375 149.5437469482421875 140.256256103515625 131.6687469482421875 121.96250152587890625 114.03125 109.4250030517578125 105.8625030517578125 102.8874969482421875 99.7687530517578125 97.4875030517578125 95.47499847412109375 95.10625457763671875 94.625 94.22499847412109375 94.65000152587890625 95.15000152587890625 94.56874847412109375 95.1687469482421875 94.59375 93.68125152587890625
212.475006103515625 201.2937469482421875 194.350006103515625 195.149993896484375 200.256256103515625 207.3937530517578125 215.931243896484375 227.6374969482421875 241.587493896484375 251.899993896484375 249.6999969482421875 240.962493896484375 234.850006103515625 229.524993896484375 221.25 214.0187530517578125 206.8562469482421875 201.4375 195.6999969482421875 190.1374969482421875 185.7937469482421875 179.1750030517578125 172.118743896484375 162.6875 150.524993896484375 140.024993896484375 129.4250030517578125 120.9499969482421875 113.7937469482421875 108.8249969482421875 105.71875 103.36875152587890625 101.08750152587890625 99.5812530517578125 98.31874847412109375 98.2062530517578125 98.15625 98.27500152587890625 99.33750152587890625 98.88124847412109375 98.58750152587890625 98.49375152587890625 98.24375152587890625 97.47499847412109375
213.1125030517578125 203.056243896484375 196.2062530517578125 190.8874969482421875 197.274993896484375 208.1687469482421875 218.131256103515625 228.475006103515625 241 251.8249969482421875 247.7375030517578125 238.787506103515625 233.493743896484375 228.3312530517578125 220.5500030517578125 213.443756103515625 207.818756103515625 204.149993896484375 201.1687469482421875 196.3125 190.725006103515625 184.431243896484375 176.912506103515625 165.537506103515625 154.212493896484375 142.693756103515625 132.1125030517578125 122.84375 115.1999969482421875 110.0812530517578125 106.1687469482421875 105.0187530517578125 103.27500152587890625 102.9250030517578125 102.4562530517578125 103.70624542236328125 104.7624969482421875 105.99375152587890625 107.86875152587890625 107.78125 105.34375 105.0500030517578125 104.44374847412109375 103.6687469482421875
215.381256103515625 208.024993896484375 201.6750030517578125 196.40625 198.506256103515625 206.03125 215.53125 224.443756103515625 231.068756103515625 234.2624969482421875 236.287506103515625 232.3937530517578125 229.7937469482421875 226.0187530517578125 220.6374969482421875 215.3874969482421875 210.6062469482421875 208.162506103515625 205.2687530517578125 203.975006103515625 197.725006103515625 190.318756103515625 182.125 169.8937530517578125 157.943756103515625 146.9499969482421875 135.4250030517578125 125.0625 115.65000152587890625 110.5625 107.2312469482421875 105.43125152587890625 105.0124969482421875 105.86875152587890625 107.0124969482421875 108.72499847412109375 110.4187469482421875 113.0124969482421875 116.96250152587890625 116.28125 112.71250152587890625 111.59375 110.68125152587890625 109.30625152587890625
219.96875 212.693756103515625 208.0437469482421875 206.3000030517578125 207.931243896484375 212.131256103515625 214.587493896484375 214.625 213.2312469482421875 215.5124969482421875 222.975006103515625 224.8562469482421875 224.8312530517578125 223 219.9375 217.2062530517578125 213.6750030517578125 212.2937469482421875 211.59375 210.443756103515625 205.75 198.212493896484375 188.1125030517578125 175.2375030517578125 163.6374969482421875 150.03125 137.4375 125.86875152587890625 116.46875 110.49375152587890625 106.8249969482421875 105.83750152587890625 106.46250152587890625 108.0187530517578125 110.21875 112.3000030517578125 115.2687530517578125 117.7937469482421875 119.81874847412109375 119.16249847412109375 116.40625 115.25 114.00624847412109375 112.0812530517578125
224.0749969482421875 218.90625 216.6687469482421875 215.712493896484375 216.5187530517578125 218.881256103515625 219.4562530517578125 216.774993896484375 207.943756103515625 205.1125030517578125 214.662506103515625 219.256256103515625 221.712493896484375 221.6437530517578125 221.84375 221.4875030517578125 220.5 221.125 224.0500030517578125 223.3312530517578125 215.3312530517578125 207.1999969482421875 195.4562530517578125 183.412506103515625 169.4250030517578125 154.1999969482421875 139.868743896484375 127.96250152587890625 117.93125152587890625 110.66249847412109375 107.4375 107.27500152587890625 107.7375030517578125 109.27500152587890625 111.49375152587890625 114.58750152587890625 117.78749847412109375 120.38124847412109375 121.78125 122.03125 119.93125152587890625 118.06874847412109375 116.96250152587890625 114.86875152587890625
228.90625 224.125 222.9562530517578125 223.225006103515625 224.881256103515625 227.787506103515625 226.9499969482421875 222.725006103515625 216.6125030517578125 214.7937469482421875 218.1437530517578125 218.537506103515625 221.056243896484375 221.443756103515625 223.693756103515625 226.40625 228.4375 231.9250030517578125 235.850006103515625 238.28125 229.7375030517578125 219.024993896484375 205 190.6999969482421875 174.0500030517578125 158.21875 144.056243896484375 130.6374969482421875 119.4187469482421875 111.1437530517578125 107.7687530517578125 107.5625 108.53125 110.75 113.47499847412109375 117.0187530517578125 120.8000030517578125 123.0187530517578125 124.5 124.9375 123.86875152587890625 121.9875030517578125 119.6374969482421875 116.2375030517578125
234.28125 230.5812530517578125 229.5187530517578125 230.2937469482421875 232.274993896484375 237.3249969482421875 237.274993896484375 231.6687469482421875 225.743743896484375 222.8562469482421875 224.162506103515625 222.8125 222.368743896484375 222.125 225.399993896484375 229.71875 234.7687530517578125 240.625 247.056243896484375 252.8125 248.743743896484375 235.243743896484375 216.975006103515625 195.9250030517578125 179.3000030517578125 164.412506103515625 149.75 135.931243896484375 123.08750152587890625 114.3249969482421875 110.61875152587890625 109.80625152587890625 111.28125 113.49375152587890625 115.78125 118.78125 122.02500152587890625 124.7687530517578125 127.58750152587890625 128.506256103515625 127.52500152587890625 125.5500030517578125 122.9812469482421875 119.3625030517578125
238.5625 235.4187469482421875 234.681243896484375 236.8249969482421875 239.2312469482421875 244.1687469482421875 245.4375 239.3249969482421875 232.962493896484375 229.1374969482421875 227.84375 226.75 223.9124908447265625 223.3874969482421875 227.1374969482421875 232.0124969482421875 238.212493896484375 244.8562469482421875 253.8312530517578125 263.86248779296875 263.38751220703125 249.837493896484375 228.537506103515625 204.006256103515625 184.2937469482421875 168.131256103515625 153.1062469482421875 139.743743896484375 128.5437469482421875 119.9875030517578125 114.7312469482421875 112.22499847412109375 112.72499847412109375 114.28749847412109375 116.7687530517578125 119.7937469482421875 122.74375152587890625 126.02500152587890625 128.743743896484375 130.506256103515625 130.899993896484375 128.5187530517578125 125.61875152587890625 121.81874847412109375
242.243743896484375 240.3874969482421875 240.162506103515625 241.0625 242.3625030517578125 245.993743896484375 245.962493896484375 241.84375 236.1750030517578125 232.649993896484375 230.1062469482421875 229.6687469482421875 227.5 223.1875 225.7687530517578125 231.1437530517578125 238.1750030517578125 247.7062530517578125 258.17498779296875 268.912506103515625 271.274993896484375 258.54376220703125 235.8937530517578125 212.1062469482421875 189.3249969482421875 170.881256103515625 157.8125 144.7375030517578125 133.8874969482421875 125.5187530517578125 119.4187469482421875 115.4499969482421875 114.2937469482421875 114.875 116.9375 119.8562469482421875 122.99375152587890625 126.28125 130.2062530517578125 131.7375030517578125 133.5 131.743743896484375 126.9562530517578125 117.79375457763671875
245.46875 242.7687530517578125 242.5187530517578125 242.9375 243.962493896484375 245.03125 244.712493896484375 242.3625030517578125 238.712493896484375 234.431243896484375 231.087493896484375 228.2937469482421875 226.4187469482421875 223.0749969482421875 221.5812530517578125 226.7624969482421875 234.8000030517578125 244.4187469482421875 254.8562469482421875 264.243743896484375 264.449981689453125 254.0812530517578125 236.4562530517578125 214.9187469482421875 194.493743896484375 176.993743896484375 164.6374969482421875 151.875 140.181243896484375 130.9562530517578125 124.22499847412109375 118.94374847412109375 116.2937469482421875 115.49375152587890625 117.52500152587890625 120.83750152587890625 124.03749847412109375 128.78125 132.0124969482421875 135.2062530517578125 135.7437591552734375 129.9187469482421875 123.28749847412109375 118.52500152587890625
246.9250030517578125 244.181243896484375 244.0437469482421875 244.3562469482421875 244.8312530517578125 245.1374969482421875 245.40625 243.6125030517578125 239.71875 235.2375030517578125 231.0500030517578125 227.962493896484375 224.756256103515625 220.6999969482421875 215.806243896484375 219.46875 228.28125 238.3874969482421875 248.96875 257.662506103515625 256.524993896484375 248.2624969482421875 235.0625 218.2375030517578125 202.21875 186.9812469482421875 173.8312530517578125 160.4499969482421875 148.006256103515625 137.1062469482421875 128.5625 121.59375 118.4812469482421875 117.0187530517578125 117.5625 120.34999847412109375 124.90000152587890625 131.037506103515625 134.8625030517578125 135.1062469482421875 131.8249969482421875 128.28125 125.74375152587890625 123.1687469482421875
246.9375 244.100006103515625 244.787506103515625 244.9875030517578125 245.475006103515625 246.1687469482421875 245.368743896484375 243.693756103515625 241.181243896484375 238.0812530517578125 233.0437469482421875 229.34375 225.5500030517578125 219.4812469482421875 212.8312530517578125 210.7562408447265625 222.09375 234.7375030517578125 244.943756103515625 252.881256103515625 252.4875030517578125 246.2312469482421875 235.337493896484375 221.90625 209.0625 197.59375 185.568756103515625 171.4250030517578125 156.3937530517578125 143.131256103515625 132.8625030517578125 124.93125152587890625 120.59375 119.09999847412109375 117.83750152587890625 121.9187469482421875 127.78749847412109375 130.725006103515625 132.850006103515625 132.0812530517578125 130.931243896484375 129.875 128.1999969482421875 123.43125152587890625
246.4812469482421875 244.912506103515625 245 245.34375 246.53125 247 247.2624969482421875 245.5500030517578125 243.6437530517578125 240.3249969482421875 236.2062530517578125 232.806243896484375 228.3249969482421875 222.4250030517578125 216.53125 214.837493896484375 220.037506103515625 230.71875 242.2062530517578125 251.056243896484375 250.96875 245.725006103515625 236.537506103515625 224.556243896484375 214.7937469482421875 207.8249969482421875 198.9499969482421875 182.181243896484375 163.3125 148.4499969482421875 137.4250030517578125 130.318756103515625 124.81874847412109375 122.0625 124.47499847412109375 130.78125 133.462493896484375 137.0500030517578125 138.975006103515625 135.9499969482421875 134.681243896484375 133.975006103515625 129.8625030517578125 127.08750152587890625
245.4187469482421875 244.0749969482421875 245.4499969482421875 246.8937530517578125 248.006256103515625 250.6437530517578125 252.1374969482421875 251.1437530517578125 249.4499969482421875 245.993743896484375 241.6875 238.2375030517578125 232.318756103515625 227.53125 224.09375 222.6062469482421875 224.818756103515625 228.2375030517578125 241.3937530517578125 251.0749969482421875 253.0437469482421875 246.662506103515625 237.8000030517578125 228.774993896484375 221.9375 216.5812530517578125 212.0749969482421875 191.96875 168.78125 150.131256103515625 137.5 129.868743896484375 128.7375030517578125 131.6750030517578125 135.3937530517578125 135.725006103515625 139.3249969482421875 142.743743896484375 141.1125030517578125 141.649993896484375 139.40625 137.287506103515625 133.8874969482421875 130.806243896484375
243.5749969482421875 243.600006103515625 245.6062469482421875 248.024993896484375 250.65625 254.1125030517578125 256.26251220703125 257.337493896484375 256.662506103515625 254.5124969482421875 249.600006103515625 245.21875 239.2624969482421875 234.756256103515625 230.65625 229.587493896484375 230.9875030517578125 231.712493896484375 239.787506103515625 249.9562530517578125 255.3562469482421875 253.725006103515625 238.9562530517578125 231.8000030517578125 226.818756103515625 221.600006103515625 213.381256103515625 195.21875 173.3937530517578125 152.5500030517578125 137.0749969482421875 132.75 137.818756103515625 140.556243896484375 141.78125 144.5437469482421875 146.431243896484375 147.9499969482421875 148.0124969482421875 147.287506103515625 144.9375 144.1437530517578125 139.2375030517578125 135.03125
240.90625 241.9250030517578125 244.381256103515625 248.024993896484375 251.7375030517578125 256.931243896484375 261.04376220703125 263.462493896484375 264.32501220703125 263.59375 260.60626220703125 256.71875 250.8000030517578125 244.100006103515625 239.818756103515625 236.600006103515625 233.5 237.2624969482421875 243.306243896484375 251.5500030517578125 252.7937469482421875 247.375 240.6999969482421875 234.5124969482421875 228.462493896484375 220.056243896484375 208.975006103515625 195.78125 176.2687530517578125 156.1437530517578125 142.868743896484375 142.243743896484375 145.431243896484375 149.537506103515625 152.225006103515625 153.506256103515625 155.1750030517578125 156.8000030517578125 155.556243896484375 153.34375 150.71875 148.8000030517578125 144.0749969482421875 140.193756103515625
