data/historical-monthly-weather-data/wc2.1_cruts4.09_10m_prec_1988-10.asc
ncols        45
nrows        45
xllcorner    -63.500000000000
yllcorner    -7.500000000000
cellsize     0.166666666667
NODATA_value -9999
[rows 19 to 37 of 45, columns 0 to 43 of 45]
103.25 106.1875 110.03749847412109375 114.0500030517578125 117.9875030517578125 121.93125152587890625 125.1687469482421875 127.2937469482421875 127.93125152587890625 127.1875 124.40625 119.0437469482421875 113.4250030517578125 108.2062530517578125 105.47499847412109375 103.6750030517578125 100.6999969482421875 100.5812530517578125 101.44374847412109375 103.71250152587890625 107.8937530517578125 115.1687469482421875 125.27500152587890625 132.28125 135.756256103515625 134.7375030517578125 129.337493896484375 121.84375 110.4562530517578125 98.46250152587890625 90.33750152587890625 91.13124847412109375 92.52500152587890625 93.61875152587890625 93.3562469482421875 90.18125152587890625 89.25624847412109375 90.53749847412109375 91.88124847412109375 91.86875152587890625 90.5500030517578125 87.72499847412109375 81.7624969482421875 75.90625
98.1875 102.625 108.1125030517578125 113.4812469482421875 118.5437469482421875 122.84375 126.9187469482421875 129.631256103515625 130.5 129.118743896484375 126 120.03125 113.9812469482421875 107.7312469482421875 104.58750152587890625 101.96250152587890625 99.21250152587890625 98.65000152587890625 100.72499847412109375 102.7062530517578125 108.1750030517578125 115.375 122.61875152587890625 127.6750030517578125 131.34375 131.9250030517578125 127.81874847412109375 119.7375030517578125 111.59999847412109375 105.21250152587890625 100.8000030517578125 100.23125457763671875 101.00624847412109375 103.05625152587890625 105.5187530517578125 101.4875030517578125 96.9375 95.1687469482421875 94.25 93.40000152587890625 91.93125152587890625 89.0500030517578125 84.2375030517578125 79.36875152587890625
93.5749969482421875 99.5812530517578125 106.24375152587890625 112.7062530517578125 119.00624847412109375 124.2312469482421875 128.7624969482421875 132.368743896484375 134.087493896484375 132.274993896484375 128.1125030517578125 121.7062530517578125 115.50624847412109375 110.24375152587890625 106.4562530517578125 103.74375152587890625 101.7375030517578125 101.40625 102.61875152587890625 104.66249847412109375 108.28125 114.02500152587890625 120.6750030517578125 124.4499969482421875 126.63124847412109375 127.30625152587890625 125.44374847412109375 120.5749969482421875 115.9375 112.1437530517578125 109.25 108.4187469482421875 108.5 109.91249847412109375 110.0437469482421875 107.18125152587890625 102.5 98.8249969482421875 96.65000152587890625 95.3625030517578125 93.5625 90.6750030517578125 86.9499969482421875 82.4250030517578125
90.56874847412109375 98.1750030517578125 105.8249969482421875 113.11875152587890625 119.56874847412109375 125.125 130.3249969482421875 135.1750030517578125 138.6062469482421875 135.6062469482421875 130.493743896484375 123.41249847412109375 117.83750152587890625 113.5625 109.5749969482421875 106.5 104.34999847412109375 104.53749847412109375 105.3312530517578125 106.6875 110.2062530517578125 114.24375152587890625 118.8937530517578125 121.96250152587890625 123.5187530517578125 122.93125152587890625 122.55625152587890625 121.4562530517578125 118.6125030517578125 116.8937530517578125 116.17499542236328125 116.22499847412109375 115.3312530517578125 115.46875 114.4375 111.21250152587890625 106.6875 101.86875152587890625 99.1750030517578125 98.6999969482421875 97.34375 94.50624847412109375 90.88124847412109375 86.3125
89.4499969482421875 98.05625152587890625 106.99375152587890625 113.9499969482421875 120.3249969482421875 125.72499847412109375 130.493743896484375 135.537506103515625 138.568756103515625 136.1125030517578125 130.806243896484375 125.03749847412109375 120.28749847412109375 116.53125 113.1062469482421875 110.09999847412109375 108.1750030517578125 108.1374969482421875 108.52500152587890625 109.34375 112.44374847412109375 116.24375152587890625 119.1875 121.09999847412109375 121.53749847412109375 119.7687530517578125 118.43125152587890625 119.625 120.36875152587890625 120.74375152587890625 121.22499847412109375 121.74375152587890625 120.8312530517578125 119.91875457763671875 118.5625 116.125 112.0437469482421875 107.0749969482421875 104.77500152587890625 103.7312469482421875 102.34999847412109375 99.6875 95.9499969482421875 91.1374969482421875
91.38124847412109375 99.6125030517578125 108.94374847412109375 115.08750152587890625 121.0749969482421875 125.83750152587890625 129.7937469482421875 133.368743896484375 135.4187469482421875 134.524993896484375 131.4749908447265625 127.0812530517578125 123.50624847412109375 120.44374847412109375 117.125 114.53749847412109375 112.4875030517578125 112.3000030517578125 112.375 112.96875 115.4187469482421875 117.6750030517578125 120.44374847412109375 121.41249847412109375 121.6437530517578125 121.46875 120.5812530517578125 121.5187530517578125 122.7687530517578125 123.90625 124.8562469482421875 125.02500152587890625 124.81874847412109375 123.59999847412109375 122.36875152587890625 119.81874847412109375 117.1687469482421875 114.22499847412109375 111.8000030517578125 110.8125 109.30625152587890625 106.3625030517578125 102.43125152587890625 98.1999969482421875
94.46250152587890625 101.41249847412109375 108.4812469482421875 115.25624847412109375 120.8625030517578125 124.86875152587890625 128.1437530517578125 130.9250030517578125 133.037506103515625 133.5187530517578125 131.0625 128.6875 126.15000152587890625 123.91249847412109375 121.41249847412109375 118.94374847412109375 117.24375152587890625 116.63124847412109375 116.6374969482421875 116.90000152587890625 118.8125 120.36875152587890625 122.34999847412109375 123.21875 123.72499847412109375 124.1437530517578125 124.2312469482421875 124.58750152587890625 125.52500152587890625 126.96875 127.1999969482421875 128.34375 128.462493896484375 127.125 126.34375 124.34375 122.4250030517578125 120.88124847412109375 119.3125 118.46250152587890625 117.19374847412109375 114.3937530517578125 110.28749847412109375 106.18125152587890625
98.69374847412109375 102.69374847412109375 108.34375 113.88124847412109375 118.6437530517578125 122.68125152587890625 125.73749542236328125 128.443756103515625 130.2687530517578125 130.7624969482421875 130.75 130.037506103515625 129.037506103515625 128 125.65000152587890625 123.7375030517578125 121.65625 121.40625 121.125 121.0749969482421875 122.6374969482421875 123.71250152587890625 125 126.71250152587890625 126.8562469482421875 127.34375 127.3249969482421875 127.58750152587890625 128.53125 129.6062469482421875 130.7312469482421875 130.9812469482421875 131.3312530517578125 130.493743896484375 129.3499908447265625 128.2687530517578125 127.29375457763671875 126.55625152587890625 126.2375030517578125 126.75 126.28749847412109375 124.27500152587890625 120.84375 116.83750152587890625
102.6062469482421875 104.66249847412109375 108.7375030517578125 112.99375152587890625 116.69374847412109375 120.34375 123.71250152587890625 126.09999847412109375 127.9812469482421875 129.4499969482421875 130.068756103515625 130.8000030517578125 131.725006103515625 131.5 129.8625030517578125 128.2062530517578125 126.80625152587890625 125.8937530517578125 125.7624969482421875 126.0437469482421875 126.77500152587890625 127.34999847412109375 128.818756103515625 129.71875 129.8937530517578125 130.53125 130.881256103515625 131.287506103515625 131.3312530517578125 132.125 132.6999969482421875 133.3562469482421875 133.693756103515625 132.8937530517578125 132.681243896484375 131.8687591552734375 131.1999969482421875 132.037506103515625 132.625 134.693756103515625 136.8312530517578125 135.056243896484375 130.9562530517578125 128.274993896484375
106.47499847412109375 107.03125 109.2937469482421875 112.41249847412109375 115.16249847412109375 118.0437469482421875 120.88124847412109375 123.55625152587890625 125.9499969482421875 128.375 130.2624969482421875 132.2312469482421875 134.1750030517578125 135.0187530517578125 134.181243896484375 132.818756103515625 131.9250030517578125 131.0625 130.6125030517578125 130.774993896484375 130.868743896484375 131.2687530517578125 132.1999969482421875 132.712493896484375 132.756256103515625 133.5749969482421875 133.9499969482421875 134.1750030517578125 134.9187469482421875 135.09375 134.8562469482421875 135.3249969482421875 135.625 135.0500030517578125 135.0187530517578125 135.03125 135.006256103515625 135.868743896484375 136.8562469482421875 139.6999969482421875 143.524993896484375 142.243743896484375 138.8562469482421875 138.649993896484375
110.0812530517578125 109.3625030517578125 110.3625030517578125 111.65000152587890625 113.5749969482421875 115.72499847412109375 118.6125030517578125 121.74375152587890625 125.0749969482421875 127.73125457763671875 130.868743896484375 133.462493896484375 136.7062530517578125 138.75 138.3937530517578125 138.056243896484375 137.024993896484375 136.787506103515625 136.0437469482421875 135.1999969482421875 135.443756103515625 135.7312469482421875 135.993743896484375 135.756256103515625 135.9625091552734375 137.1437530517578125 137.3000030517578125 137.21875 137.2062530517578125 137.162506103515625 137.2624969482421875 137.462493896484375 137.4875030517578125 137.431243896484375 137.225006103515625 137.28125 137.274993896484375 138.5625 138.193756103515625 139.7687530517578125 142.9499969482421875 144.837493896484375 144.1437530517578125 146.34375
113.3625030517578125 111.2312469482421875 111.28749847412109375 110.91249847412109375 111.9250030517578125 114.625 117.3874969482421875 120.5625 124.0812530517578125 127.28125 131.4375 135.3625030517578125 139.9812469482421875 143.056243896484375 142.943756103515625 143.212493896484375 143.2687530517578125 142.443756103515625 141.4187469482421875 140.6374969482421875 140.1125030517578125 140.149993896484375 140.162506103515625 139.5 139.462493896484375 139.943756103515625 140 139.774993896484375 139.4499969482421875 139.1125030517578125 139.4250030517578125 139.5 139.462493896484375 139.625 139.5500030517578125 139.0187530517578125 139.274993896484375 140.568756103515625 139.225006103515625 136.899993896484375 140.125 144.962493896484375 148.09375 150.6374969482421875
115.94374847412109375 112.71875 111.3249969482421875 110.80625152587890625 111.80625152587890625 113.4812469482421875 116.05625152587890625 119.27500152587890625 123.16249847412109375 127.1437530517578125 131.743743896484375 137.0187530517578125 142.1125030517578125 146.6125030517578125 148.068756103515625 148.9250030517578125 148.8000030517578125 147.256256103515625 146.837493896484375 145.818756103515625 144.8937530517578125 144.4499969482421875 144.212493896484375 142.9875030517578125 142.725006103515625 142.6062469482421875 142.4250030517578125 142.1750030517578125 141.587493896484375 141.4499969482421875 141.5 141.09375 141.1374969482421875 141.712493896484375 141.193756103515625 140.899993896484375 141.256256103515625 142.287506103515625 139.84375 138.3812408447265625 142.118743896484375 147.8937530517578125 151.71875 155.71875
119.5 115.6999969482421875 113.7937469482421875 113.0437469482421875 112.84999847412109375 114.03125 115.84375 118.2937469482421875 122.09999847412109375 126.6750030517578125 133.662506103515625 139.2937469482421875 145.9562530517578125 152.21875 154.068756103515625 154.837493896484375 154.431243896484375 152.993743896484375 151.9875030517578125 150.8312530517578125 149.5812530517578125 148.78125 147.9562530517578125 146.875 146.1062469482421875 145.5812530517578125 145.212493896484375 144.5124969482421875 143.899993896484375 144.212493896484375 144.09375 143.6999969482421875 142.537506103515625 143.0812530517578125 143.65625 144.375 144.3249969482421875 144.100006103515625 142.6125030517578125 144.100006103515625 147.787506103515625 152.462493896484375 156.649993896484375 160.5187530517578125
122.3000030517578125 118.65000152587890625 116.7312469482421875 115.47499847412109375 113.9812469482421875 114.6875 115.77500152587890625 117.6062469482421875 120.83750152587890625 125.92499542236328125 132.649993896484375 141.193756103515625 150.587493896484375 156.84375 159.7312469482421875 160.59375 160.46875 159.100006103515625 157.0124969482421875 156.024993896484375 154.3937530517578125 153.09375 151.9499969482421875 149.931243896484375 149.21875 148.431243896484375 147.4375 146.5812530517578125 146.1687469482421875 146.3249969482421875 146.5749969482421875 146.537506103515625 145.8937530517578125 145.337493896484375 146.3625030517578125 146.943756103515625 146.5437469482421875 146.274993896484375 146.4875030517578125 148.912506103515625 151.5 155.8625030517578125 160.962493896484375 165.3937530517578125
125.19374847412109375 121.93125152587890625 119.1999969482421875 117.55625152587890625 115.4812469482421875 115.5124969482421875 115.81874847412109375 117.15625 119.4562530517578125 124.44374847412109375 132.193756103515625 142.6374969482421875 154.2687530517578125 163.068756103515625 165.006256103515625 166.100006103515625 166.399993896484375 164.6875 162.5500030517578125 160.5749969482421875 158.912506103515625 156.9499969482421875 155.412506103515625 152.8249969482421875 151.693756103515625 150.6687469482421875 149.84375 149.3874969482421875 148.881256103515625 148.6750030517578125 148.6125030517578125 148.943756103515625 148.318756103515625 148.306243896484375 148.46875 148.2062530517578125 147.712493896484375 148.8125 149.712493896484375 151.71875 154.225006103515625 157.7062530517578125 162.743743896484375 167.037506103515625
128.7937469482421875 125.59999847412109375 123.3562469482421875 121.05625152587890625 118.90000152587890625 118.625 117.96875 118.125 119.52500152587890625 123.27500152587890625 131.59375 143.2937469482421875 156.587493896484375 166.162506103515625 169.318756103515625 170.712493896484375 171.0500030517578125 169.556243896484375 167.3625030517578125 164.90625 163.087493896484375 161.1374969482421875 158.3125 155.8249969482421875 154.3625030517578125 152.8874969482421875 151.975006103515625 151.65625 151.243743896484375 151.306243896484375 151.006256103515625 151.1062469482421875 150.412506103515625 150.8562469482421875 150.21875 149.25 150.5 150.9250030517578125 151.90625 153.568756103515625 156.162506103515625 159.350006103515625 161.9187469482421875 165.96875
132.568756103515625 129.618743896484375 127.40000152587890625 125.21250152587890625 123.05625152587890625 121.96250152587890625 120.53749847412109375 119.63124847412109375 119.72499847412109375 120.9875030517578125 130.25 145.756256103515625 158.274993896484375 167.131256103515625 171.868743896484375 174.587493896484375 175.212493896484375 173.850006103515625 171.181243896484375 168.274993896484375 166.056243896484375 163.537506103515625 161.0500030517578125 158.15625 156.2375030517578125 154.868743896484375 153.9187469482421875 153.8249969482421875 153.96875 153.806243896484375 153.712493896484375 152.993743896484375 153.21875 153.5124969482421875 151.943756103515625 152.1062469482421875 152.806243896484375 153.78125 154.4375 155.306243896484375 157.181243896484375 158.475006103515625 160.9875030517578125 164.6437530517578125
135.8062591552734375 133.212493896484375 131.024993896484375 129.037506103515625 127.15625 125.65625 124.59999847412109375 123.3000030517578125 123.2937469482421875 122.84375 136.0625 151.774993896484375 161.993743896484375 170.225006103515625 175.006256103515625 178.1750030517578125 179 177.4562530517578125 174.8874969482421875 171.412506103515625 168.4499969482421875 164.8874969482421875 162.0500030517578125 159 157.6437530517578125 156.46875 155.4187469482421875 155.59375 155.96875 156.0812530517578125 155.1999969482421875 155.006256103515625 155.4187469482421875 155.2375030517578125 154.4562530517578125 153.8562469482421875 155.0625 155.3874969482421875 156.6374969482421875 157.618743896484375 157.4187469482421875 158.75 159.524993896484375 161.46875
