data/historical-monthly-weather-data/wc2.1_cruts4.09_10m_prec_1982-11.asc
ncols        51
nrows        45
xllcorner    -63.500000000000
yllcorner    -7.500000000000
cellsize     0.166666666667
NODATA_value -9999
[rows 0 to 18 of 45, columns 0 to 43 of 51]
49.18125152587890625 43.21250152587890625 39.6875 37.61875152587890625 35.78749847412109375 36.112499237060546875 36.46875 37.15000152587890625 39.78125 42.50624847412109375 45.581249237060546875 50.299999237060546875 55.33750152587890625 59.625 65.58750152587890625 71.3562469482421875 76.81874847412109375 80.13124847412109375 83.15625 86.00624847412109375 86.19374847412109375 85.8125 85.8249969482421875 85.0187530517578125 84.6062469482421875 84.6125030517578125 85.5187530517578125 86.5124969482421875 86.5437469482421875 82.7687530517578125 78.74375152587890625 75.3562469482421875 72.24375152587890625 69.6750030517578125 67.03125 65.8562469482421875 64.9812469482421875 63.93125152587890625 63.424999237060546875 63.09375 62.262500762939453125 61.96250152587890625 60.97499847412109375 60.081249237060546875
50.15625 43.96875 40.924999237060546875 38.93125152587890625 37.543750762939453125 38.00624847412109375 38.53125 39.825000762939453125 42.75 45.674999237060546875 48.91249847412109375 53.549999237060546875 58.200000762939453125 62.72499847412109375 68.1875 74.1875 79.3125 84.28749847412109375 88.83750152587890625 92.96875 92.88124847412109375 92.1750030517578125 91.91249847412109375 91.1437530517578125 89.31874847412109375 88.22499847412109375 88.4187469482421875 88.28125 87.71875 84.21250152587890625 80.65625 77.7312469482421875 74.46875 72.77500152587890625 70.84999847412109375 70.2375030517578125 70.0187530517578125 69.63124847412109375 69.36875152587890625 69.40000152587890625 69.25 68.6875 67.91249847412109375 66.34375
52.84999847412109375 47.24375152587890625 44.6875 43.018749237060546875 42.25624847412109375 43.043750762939453125 44.53125 46.21250152587890625 49.65625 52.78749847412109375 55.700000762939453125 59.83750152587890625 64.0749969482421875 68.03125 73.0625 78.25 83.25624847412109375 87.69374847412109375 91.25624847412109375 94.65000152587890625 94.21875 93.1374969482421875 92.49375152587890625 91.66249847412109375 90.00624847412109375 88.46875 88.11875152587890625 87.81874847412109375 86.5437469482421875 82.6125030517578125 79.4375 76.1875 74.1062469482421875 72.09999847412109375 70.4812469482421875 69.68125152587890625 69.3625030517578125 69.72499847412109375 69.83750152587890625 70.3000030517578125 70.31874847412109375 69.75624847412109375 69.21875 68.25624847412109375
54.75 49.65000152587890625 48.38124847412109375 47.34375 47.33750152587890625 48.69374847412109375 50.612499237060546875 53.27500152587890625 57.5 61.125 63.68125152587890625 66.96250152587890625 70.3562469482421875 73.58750152587890625 78.2312469482421875 83.0812530517578125 87.7687530517578125 90.7062530517578125 93.36875152587890625 96.2062530517578125 95.4250030517578125 93.7624969482421875 92.0500030517578125 90.7062530517578125 89.1374969482421875 87.6999969482421875 87.09375 85.625 84.40625 80.90000152587890625 77.36875152587890625 74.3312530517578125 71.69374847412109375 69.7312469482421875 68.01250457763671875 68.1062469482421875 68.2312469482421875 68.4187469482421875 68.9812469482421875 69.55625152587890625 69.29375457763671875 69.6374969482421875 69.05625152587890625 68.31874847412109375
58.125 52.731250762939453125 50.481250762939453125 50.549999237060546875 51.80625152587890625 53.893749237060546875 56.4375 59.987499237060546875 65.28749847412109375 69.8562469482421875 71.3312530517578125 73.09999847412109375 75.7312469482421875 78.7375030517578125 83.02500152587890625 87.7687530517578125 91.7937469482421875 93.96250152587890625 95.36875152587890625 96.3562469482421875 95.84999847412109375 93.7937469482421875 91.78749847412109375 90.68125152587890625 88.1999969482421875 86.40000152587890625 84.28125 83.34375 82.3249969482421875 78.09999847412109375 74.46250152587890625 71.4250030517578125 69.1374969482421875 67.4375 66.0187530517578125 66.1875 66.5625 67.0500030517578125 68.1687469482421875 68.2312469482421875 68.3937530517578125 68.5500030517578125 68.58750152587890625 68.2624969482421875
60.61875152587890625 55.84375 53.71250152587890625 52.268749237060546875 54.112499237060546875 57.487499237060546875 60.731250762939453125 64.25624847412109375 69.4875030517578125 74.52500152587890625 75.49375152587890625 77.0437469482421875 79.8125 82.68125152587890625 86.28749847412109375 90.11875152587890625 93.77500152587890625 95.03749847412109375 96.0437469482421875 95.9375 94.8249969482421875 93.19374847412109375 91.16249847412109375 89 86.9562530517578125 84.51250457763671875 82.34375 80.7375030517578125 79.28125 75.22499847412109375 71.28125 69.2687530517578125 67.18125152587890625 66.0124969482421875 64.8125 65.47499847412109375 66.16249847412109375 67.0187530517578125 68.5187530517578125 68.8625030517578125 67.7062530517578125 67.875 67.7937469482421875 67.7062530517578125
63.69374847412109375 59.987499237060546875 57.96250152587890625 56.487499237060546875 57.206249237060546875 59.84375 63.125 66.4562530517578125 70.19374847412109375 73.06874847412109375 75.91249847412109375 78.90000152587890625 82.50624847412109375 85.74375152587890625 89.3000030517578125 92.8874969482421875 95.84375 96.0625 95.4250030517578125 95.6437530517578125 94.3125 92.47499847412109375 90.43125152587890625 87.80625152587890625 85.2937469482421875 83.0437469482421875 80.3000030517578125 77.9375 75.2624969482421875 71.59999847412109375 68.4812469482421875 66.34375 64.96875 64.28749847412109375 63.83750152587890625 64.36875152587890625 64.9812469482421875 66.21250152587890625 68.7624969482421875 68.6875 66.94374847412109375 66.68125152587890625 66.5187530517578125 66.1875
67.56874847412109375 64.125 62.59999847412109375 62.11875152587890625 62.75624847412109375 64.56874847412109375 65.90625 66.66249847412109375 67.97499847412109375 70.59375 75.3000030517578125 80.11875152587890625 84.58750152587890625 88.38124847412109375 91.71875 95.125 97.3874969482421875 96.61875152587890625 95.5187530517578125 94.58750152587890625 94.0749969482421875 92.5437469482421875 89.90625 86.96250152587890625 84.5749969482421875 80.8625030517578125 77.47499847412109375 74.3312530517578125 71.66249847412109375 67.81874847412109375 64.8874969482421875 63.487499237060546875 62.63124847412109375 62.168750762939453125 62.0625 62.456249237060546875 63.38124847412109375 64.1374969482421875 65.38124847412109375 65.28125 64.03125 63.831249237060546875 63.56874847412109375 63.0625
71.34375 68.6125030517578125 67.80625152587890625 67.55625152587890625 67.9375 69.25624847412109375 70.05625152587890625 69.9875030517578125 68.91249847412109375 69.8625030517578125 75.34999847412109375 81.0437469482421875 86.3937530517578125 90.53125 93.15000152587890625 95.22499847412109375 96.63124847412109375 96.4375 96.91249847412109375 96.16249847412109375 94.47499847412109375 92.96250152587890625 89.875 87.47499847412109375 84.0625 79.6875 75.4187469482421875 72.08750152587890625 69.0500030517578125 64.66249847412109375 62.200000762939453125 61.418750762939453125 60.34999847412109375 59.74375152587890625 59.481250762939453125 60.22499847412109375 61.0625 61.65000152587890625 62.356250762939453125 62.61875152587890625 61.737499237060546875 61.24375152587890625 61.18125152587890625 60.706249237060546875
75.47499847412109375 72.8937530517578125 72.40000152587890625 72.53125 73.20000457763671875 74.7375030517578125 75.11875152587890625 74.5187530517578125 74.4187469482421875 75.8562469482421875 79.34375 83.58750152587890625 88.96875 92.9499969482421875 94.19374847412109375 95.0187530517578125 95.53125 96.4375 97.4812469482421875 98.28749847412109375 96.66249847412109375 94.38124847412109375 90.6437530517578125 87.41249847412109375 82.91249847412109375 78.40625 74.30625152587890625 70.1875 66.5124969482421875 61.84999847412109375 59.5 58.77500152587890625 57.93125152587890625 57.556247711181640625 57.450000762939453125 58.268749237060546875 59.231250762939453125 59.481250762939453125 60.106250762939453125 60.331249237060546875 59.90625 59.512500762939453125 58.924999237060546875 57.924999237060546875
80.03749847412109375 77.81874847412109375 77.3312530517578125 77.6062469482421875 78.40000152587890625 80.75 81.4499969482421875 80.41249847412109375 80.4499969482421875 81.625 84.5625 87.9875030517578125 92.00624847412109375 95.21875 94.88124847412109375 94.18125152587890625 94.0187530517578125 95.77500152587890625 97.9562530517578125 100.2375030517578125 100.74375152587890625 97.68125152587890625 92.53125 86.52500152587890625 82.1875 78.28125 73.99375152587890625 69.77500152587890625 65.3125 60.65625 58.325000762939453125 57.362499237060546875 56.71250152587890625 56.237499237060546875 55.793750762939453125 56.21875 56.8125 57.22499847412109375 58.34375 58.668750762939453125 58.25 57.83750152587890625 57.268749237060546875 56.237499237060546875
85.05625152587890625 82.81874847412109375 82.3625030517578125 83.11875152587890625 84.03125 86.58750152587890625 87.94374847412109375 86.8249969482421875 86.8562469482421875 87.8625030517578125 89.74375152587890625 91.6999969482421875 92.83124542236328125 94.30625152587890625 93.8312530517578125 93.22499847412109375 93.4499969482421875 95.5749969482421875 98.90625 103 105.03125 102.15625 95.9375 88.40000152587890625 82.63124847412109375 78.03749847412109375 73.46250152587890625 69.3249969482421875 65.6750030517578125 61.331249237060546875 58.33750152587890625 56.61875152587890625 55.424999237060546875 54.53125 54.11875152587890625 54.53749847412109375 54.950000762939453125 55.549999237060546875 56.512500762939453125 57.11875152587890625 57.231250762939453125 56.706249237060546875 56.018749237060546875 55.03749847412109375
90.1374969482421875 88.1437530517578125 87.78749847412109375 88.03749847412109375 88.55625152587890625 90.88124847412109375 91.9562530517578125 91.71250152587890625 92.125 93.4187469482421875 94.69374847412109375 94.93125152587890625 94.1687469482421875 92.22499847412109375 91.2312469482421875 91.09375 91.84999847412109375 95.24375152587890625 99.2687530517578125 103.72499847412109375 106.9250030517578125 104.46875 97.7937469482421875 90.5187530517578125 83.2687530517578125 77.52500152587890625 73.65625 69.5124969482421875 65.9562530517578125 61.90625 58.6875 56.34999847412109375 54.3125 52.887500762939453125 52.231250762939453125 52.575000762939453125 53.075000762939453125 53.674999237060546875 55.03749847412109375 55.450000762939453125 56.06874847412109375 55.825000762939453125 54.43125152587890625 51.143749237060546875
94.8312530517578125 92.33750152587890625 91.9187469482421875 91.9562530517578125 92.4250030517578125 93.97499847412109375 95.18125152587890625 95.7687530517578125 97.03125 98.1374969482421875 98.8937530517578125 96.33750152587890625 93.65000152587890625 90.4375 87.8249969482421875 87.8874969482421875 89.28749847412109375 92.83750152587890625 96.9375 100.94374847412109375 103.2312469482421875 101.66249847412109375 97 90.44374847412109375 84.03749847412109375 78.55625152587890625 74.83750152587890625 70.69374847412109375 66.68125152587890625 62.40000152587890625 59.106250762939453125 56.30625152587890625 53.518749237060546875 51.450000762939453125 50.72499847412109375 51.231250762939453125 51.737499237060546875 52.924999237060546875 53.88124847412109375 54.893749237060546875 54.924999237060546875 53.043750762939453125 50.9375 49.581249237060546875
96.7937469482421875 94.3874969482421875 94.21250152587890625 94.41249847412109375 94.8562469482421875 96.375 98.0500030517578125 99.02500152587890625 99.9875030517578125 100.7312469482421875 100.81874847412109375 97.3125 93.2687530517578125 89.1687469482421875 85.375 85.1125030517578125 87.0749969482421875 90.8937530517578125 95.1437530517578125 98.9250030517578125 100.5187530517578125 99.5812530517578125 96.5124969482421875 91.4875030517578125 86.58750152587890625 81.7937469482421875 77.53749847412109375 73 68.5625 63.706249237060546875 59.793750762939453125 56.368747711181640625 53.40000152587890625 51.00624847412109375 49.59375 49.88124847412109375 50.9375 52.625 53.72499847412109375 53.44374847412109375 51.88124847412109375 50.96875 50.543750762939453125 50.143749237060546875
97.83750152587890625 95.5749969482421875 95.96250152587890625 96.3562469482421875 97.0500030517578125 98.96875 100.46250152587890625 101.61875152587890625 102.9250030517578125 103.96250152587890625 103.3125 98.8937530517578125 93.9875030517578125 88.5812530517578125 84.2624969482421875 82.0625 85.25 90.1062469482421875 94.25 97.78125 99.53749847412109375 99.2312469482421875 96.90625 92.8249969482421875 88.8312530517578125 85.3000030517578125 81.34999847412109375 76.33750152587890625 70.66249847412109375 64.9812469482421875 60.512500762939453125 56.83750152587890625 53.3125 50.86875152587890625 48.69374847412109375 49.481250762939453125 51.043750762939453125 51.41249847412109375 51.74375152587890625 50.96875 50.1875 50.25 50.237499237060546875 48.99375152587890625
98.46250152587890625 96.84375 97.2062530517578125 97.8562469482421875 99.03125 101.09999847412109375 103.2062530517578125 104.5124969482421875 105.8874969482421875 106.6125030517578125 106.08750152587890625 101.30625152587890625 95.5625 89.84375 85.9187469482421875 84.0437469482421875 85.0625 89.25624847412109375 93.9499969482421875 97.8562469482421875 99.5749969482421875 99.5124969482421875 97.65625 93.75 90.5749969482421875 88.5749969482421875 85.78125 79.4562530517578125 72.0437469482421875 65.93125152587890625 61.40625 58.299999237060546875 54.206249237060546875 51.174999237060546875 50.450000762939453125 52.03125 52.262500762939453125 52.8125 52.97499847412109375 51.25624847412109375 50.33750152587890625 50.575000762939453125 49.65000152587890625 49.237499237060546875
97.3312530517578125 95.9250030517578125 96.75624847412109375 97.83750152587890625 98.96250152587890625 101.7937469482421875 104.33750152587890625 105.8874969482421875 107.6125030517578125 108.58750152587890625 108.3125 103.8312530517578125 97.8000030517578125 92.7937469482421875 89.94374847412109375 88.1875 88.09999847412109375 89.46250152587890625 94.86875152587890625 99.0625 101.3249969482421875 100.4499969482421875 98.3874969482421875 95.3125 93.0124969482421875 91.3562469482421875 90.24375152587890625 82.47499847412109375 73.21875 65.7687530517578125 60.825000762939453125 57.706249237060546875 55.47499847412109375 54.65625 54.24375152587890625 53.293750762939453125 53.737499237060546875 54.125 52.96250152587890625 52.637500762939453125 51.418750762939453125 51.075000762939453125 50.418750762939453125 49.862499237060546875
95.6437530517578125 94.8625030517578125 95.93125152587890625 97.3249969482421875 98.9875030517578125 101.97499847412109375 104.6125030517578125 106.9562530517578125 109.4562530517578125 111.4250030517578125 111.31874847412109375 106.9187469482421875 101.3249969482421875 96.81874847412109375 93.7624969482421875 92.2062530517578125 91.84375 92.1374969482421875 95.53749847412109375 99.88124847412109375 103.2312469482421875 103.90000152587890625 99.0437469482421875 96.38124847412109375 94.4812469482421875 92.53125 89.6999969482421875 82.68125152587890625 74.0812530517578125 66.02500152587890625 60.15000152587890625 58.68125152587890625 59.00624847412109375 57.86875152587890625 56.19374847412109375 56.05625152587890625 55.6875 55.21250152587890625 54.731250762939453125 54.02500152587890625 52.862499237060546875 53.00624847412109375 51.731250762939453125 50.706249237060546875
