data/historical-monthly-weather-data/wc2.1_cruts4.09_10m_prec_2007-10.asc
ncols        45
nrows        45
xllcorner    -63.500000000000
yllcorner    -7.500000000000
cellsize     0.166666666667
NODATA_value -9999
[rows 0 to 18 of 45, columns 0 to 43 of 45]
92.78749847412109375 86.375 86.65000152587890625 89.46250152587890625 91.9250030517578125 95.78125 98.4499969482421875 100.8625030517578125 102.46250152587890625 104.875 108.4375 110.56874847412109375 111.93125152587890625 111.71250152587890625 111.5187530517578125 111.1750030517578125 110.7062530517578125 109.1999969482421875 108.3874969482421875 107.31874847412109375 105.90000152587890625 103.9375 102.44374847412109375 101.8249969482421875 101.6687469482421875 101.9375 102.53749847412109375 103.53125 105.21250152587890625 107.9875030517578125 111.3625030517578125 115.2312469482421875 121.52500152587890625 128.756256103515625 136.5625 143.662506103515625 150.7375030517578125 157.3000030517578125 160.9250030517578125 163.8249969482421875 166.412506103515625 167.006256103515625 165.7937469482421875 163.100006103515625
90.2312469482421875 82.8125 82.8625030517578125 85.38124847412109375 88.4187469482421875 91.13124847412109375 93.5812530517578125 96.5437469482421875 99.375 101.90000152587890625 104.38124847412109375 105.41249847412109375 105.83750152587890625 105.6687469482421875 105.4375 105.46875 104.5749969482421875 103.75624847412109375 103.27500152587890625 102.90000152587890625 101.1999969482421875 99.625 98.4250030517578125 98.53749847412109375 98.91249847412109375 99.1750030517578125 101.06874847412109375 103.06874847412109375 105.3312530517578125 108.75 114.0437469482421875 120.3000030517578125 128.868743896484375 138.912506103515625 148.5124969482421875 157.0749969482421875 166.75 175.2375030517578125 179.84375 183.09375 186.381256103515625 187.337493896484375 186.287506103515625 183.28125
90.59375 84.00624847412109375 82.6750030517578125 83.75624847412109375 85.21875 87.125 89.46875 92.5437469482421875 95.68125152587890625 97.8000030517578125 98.90625 98.84375 98.4499969482421875 97.63124847412109375 97.5812530517578125 97.71250152587890625 97.61875152587890625 97.02500152587890625 96.5749969482421875 96.28749847412109375 95.05625152587890625 94.44374847412109375 93.84999847412109375 94.7624969482421875 96 97.5437469482421875 100.125 102.97499847412109375 105.2624969482421875 109.9375 116.40000152587890625 123.0812530517578125 132.712493896484375 144.181243896484375 155.5749969482421875 165.787506103515625 176.6062469482421875 187.4375 193.5500030517578125 197.84375 202.0124969482421875 202.8562469482421875 201.8125 199.618743896484375
90.6374969482421875 84.6062469482421875 82.7312469482421875 81.2624969482421875 80.93125152587890625 81.8937530517578125 83.99375152587890625 86.7687530517578125 90.53749847412109375 92.3937530517578125 91.7312469482421875 90.5 89.1999969482421875 88.1750030517578125 88.96875 89.46875 89.78749847412109375 89.6999969482421875 89.5437469482421875 89.53749847412109375 89.0812530517578125 88.4875030517578125 88.0812530517578125 90.28125 92.58750152587890625 94.9375 98.3000030517578125 101.6374969482421875 104.875 110.1875 117.2375030517578125 125.1999969482421875 134.9499969482421875 146.5437469482421875 158.318756103515625 171.6687469482421875 185.131256103515625 197.9187469482421875 205.881256103515625 211.806243896484375 215.59375 216.899993896484375 216.2062530517578125 214.806243896484375
94.47499847412109375 86.7624969482421875 81.46250152587890625 78.1999969482421875 76.81874847412109375 77.15000152587890625 78.21875 80.0812530517578125 84.5187530517578125 87.05625152587890625 84.16249847412109375 81.21875 79.72499847412109375 79.11875152587890625 80.2375030517578125 81.1999969482421875 82.1750030517578125 81.6999969482421875 81.34375 81.3625030517578125 81.9499969482421875 81.8937530517578125 82.15625 85.625 89.05625152587890625 92.44374847412109375 96.0437469482421875 100.4375 104.9499969482421875 110.125 117.41249847412109375 125.5625 136.4875030517578125 148.6875 162.0625 176.1750030517578125 191.4375 206.90625 215.7624969482421875 222.837493896484375 227.5500030517578125 227.881256103515625 228.2312469482421875 227.125
97.43125152587890625 90.0187530517578125 82.6999969482421875 76.8249969482421875 75.90625 76.88124847412109375 77.40625 78.43125152587890625 82.0625 84.9562530517578125 80.4562530517578125 77.16875457763671875 76.01250457763671875 75.31874847412109375 76.03749847412109375 77.1999969482421875 77.6125030517578125 76.38124847412109375 75.40625 74.80625152587890625 76.34999847412109375 77.77500152587890625 79.4499969482421875 83.40625 87.77500152587890625 91.8562469482421875 95.58750152587890625 99.58750152587890625 104.5187530517578125 109.4375 116.3625030517578125 125.03749847412109375 135.087493896484375 146.9499969482421875 159.8562469482421875 174.243743896484375 189.6125030517578125 206.3000030517578125 217.9875030517578125 224.493743896484375 226.5625 227.631256103515625 227.868743896484375 228.5625
102.53749847412109375 94.97499847412109375 87.22499847412109375 80.5124969482421875 77.99375152587890625 77.125 76.18125152587890625 74.97499847412109375 75.21875 74.52500152587890625 72.93125152587890625 72.28125 72.15625 72.0500030517578125 72.5812530517578125 73.4499969482421875 73.61875152587890625 71.2937469482421875 69.0749969482421875 68.0625 70.91249847412109375 73.9250030517578125 76.83750152587890625 81.9187469482421875 87.21250152587890625 91.9250030517578125 96.02500152587890625 99.68125152587890625 103.65625 108.8625030517578125 115.4250030517578125 123.0749969482421875 132.287506103515625 143.5812530517578125 156.100006103515625 169.0500030517578125 183.837493896484375 200.100006103515625 214.712493896484375 219.2312469482421875 220.71875 220.056243896484375 221.1875 223.7312469482421875
108.46875 100.50624847412109375 93.41249847412109375 87.63124847412109375 83.22499847412109375 80.1875 75.9375 70.68125152587890625 66.34999847412109375 64.49375152587890625 65.36875152587890625 67.00624847412109375 68.40625 68.97499847412109375 69.6750030517578125 69.98749542236328125 69.63124847412109375 66.5437469482421875 63.49375152587890625 62.09999847412109375 66.1875 70.53125 74.8000030517578125 80.96875 87.0124969482421875 91.96250152587890625 95.7312469482421875 98.74375152587890625 102.18125152587890625 106.22499847412109375 112.5187530517578125 119.96875 128.6687469482421875 139.125 150.024993896484375 161.5500030517578125 173.5 187.212493896484375 197.631256103515625 203.024993896484375 204.9250030517578125 203.693756103515625 203.493743896484375 204.8000030517578125
114.08750152587890625 106.8312530517578125 100.4499969482421875 94.4187469482421875 89.34375 84.5500030517578125 78.7375030517578125 71.1875 63.81874847412109375 60.325000762939453125 62.862499237060546875 66.0187530517578125 68.5625 69.5187530517578125 69.24375152587890625 68.4562530517578125 67.0437469482421875 64.68125152587890625 62.47499847412109375 61.19374847412109375 65.9499969482421875 71.3312530517578125 75.78749847412109375 82.5437469482421875 88.1374969482421875 92.4499969482421875 94.9875030517578125 98.3249969482421875 101.3562469482421875 104.21250152587890625 109.65625 115.96875 122.8937530517578125 131.1750030517578125 139.75 149.8562469482421875 160.193756103515625 169.78125 176.318756103515625 180.7687530517578125 182.09375 179.5124969482421875 178.6374969482421875 176.7624969482421875
120.2375030517578125 113.3125 106.84999847412109375 101.2624969482421875 96.2624969482421875 90.7937469482421875 84.05625152587890625 75.8125 69.09375 65.4875030517578125 65.5625 67.6750030517578125 70.24375152587890625 71.38124847412109375 69.8000030517578125 67.50624847412109375 64.81874847412109375 63.25624847412109375 61.862499237060546875 61.737499237060546875 67.15625 73.0437469482421875 77.75 83.77500152587890625 88.3312530517578125 92.1437530517578125 94.8000030517578125 97.0812530517578125 99.8000030517578125 102.15000152587890625 105.71250152587890625 110.9375 116.52500152587890625 123.4562530517578125 130.8625030517578125 138.875 146.3937530517578125 153.0124969482421875 157.71875 159.631256103515625 159.6500091552734375 156.274993896484375 152.587493896484375 149.024993896484375
126.66249847412109375 119.84375 113.25624847412109375 107.6875 102.78749847412109375 98.50624847412109375 91.77500152587890625 82.63124847412109375 76.15625 72.25624847412109375 70.71875 71.5124969482421875 72.74375152587890625 73.5812530517578125 70.6062469482421875 66.56874847412109375 62.887500762939453125 61.887500762939453125 61.43125152587890625 62.25624847412109375 69.31874847412109375 75.52500152587890625 80.16249847412109375 84.53749847412109375 89.21875 93.3562469482421875 95.8625030517578125 97.8125 99.22499847412109375 100.83750152587890625 103.55625152587890625 107.4187469482421875 111.90625 117.1875 122.40000152587890625 128.0500030517578125 133.3249969482421875 136.9187469482421875 139.712493896484375 140.15625 138.8125 134.912506103515625 131.2687530517578125 125.88124847412109375
132.09375 125.1125030517578125 118.66249847412109375 113.47499847412109375 108.86875152587890625 105.1374969482421875 99.44374847412109375 89.6750030517578125 83.4250030517578125 79.05625152587890625 76.41249847412109375 75.5812530517578125 74.88750457763671875 74.33750152587890625 71.21250152587890625 66.8562469482421875 63.106250762939453125 62.481250762939453125 62.53125 64.2937469482421875 72.8874969482421875 79.4562530517578125 83.65625 87.0500030517578125 90.21250152587890625 92.875 94.36875152587890625 96.61875152587890625 98.4875030517578125 99.9375 101.2062530517578125 103.84999847412109375 106.7937469482421875 110.74375152587890625 114.8625030517578125 118.69374847412109375 121.84999847412109375 124.27500152587890625 124.9375 124.28749847412109375 121.00624847412109375 116.77500152587890625 112.84375 108.4187469482421875
136.712493896484375 129.9375 123.5187530517578125 117.8937530517578125 113.13124847412109375 108.86875152587890625 102.4375 94.6999969482421875 89.18125152587890625 85.53125 82.58750152587890625 79.71250152587890625 77.375 74.5124969482421875 71.0437469482421875 67.1125030517578125 63.22499847412109375 63.06874847412109375 63.56874847412109375 65.4499969482421875 75.1437530517578125 82.3874969482421875 86.4499969482421875 89.44374847412109375 89.34375 90.7312469482421875 94.06874847412109375 96.1374969482421875 98.25624847412109375 98.90625 99.25624847412109375 100.02500152587890625 102.2312469482421875 104.5 107.4250030517578125 110.28125 112.19374847412109375 114.03749847412109375 114.4187469482421875 111.18125152587890625 107.375 104.1750030517578125 99.66249847412109375 90.56874847412109375
140.25 133.350006103515625 127.03749847412109375 121.1750030517578125 115.7062530517578125 111.0437469482421875 104.9875030517578125 98.8249969482421875 94.5437469482421875 90.90000152587890625 87.625 83.25624847412109375 79.09375 75.15000152587890625 70.6750030517578125 66.8625030517578125 62.924999237060546875 62.75 63.1875 64.9375 74.15000152587890625 81.9499969482421875 87.75624847412109375 91.5124969482421875 92.81874847412109375 94.4875030517578125 96.36875152587890625 97.43125152587890625 98.36875152587890625 97.31874847412109375 96.25624847412109375 96.28749847412109375 97.34999847412109375 98.8312530517578125 100.9187469482421875 103.28749847412109375 105.0437469482421875 107.05625152587890625 107.38124847412109375 104.93125152587890625 99.46250152587890625 93.40625 88.7375030517578125 83.55625152587890625
141.8125 135.100006103515625 128.3000030517578125 122.46875 116.91249847412109375 112.1062469482421875 107.3937530517578125 102.15000152587890625 97.8562469482421875 94.3937530517578125 91.09999847412109375 85.99375152587890625 80.9562530517578125 76.3937530517578125 71.6875 67.7937469482421875 63.668750762939453125 62.90625 62.75 64.3562469482421875 73.3249969482421875 82.21875 89.875 95.83750152587890625 99.8125 101.90625 101.3874969482421875 100.1062469482421875 98.7937469482421875 95.8312530517578125 93.34375 92.20624542236328125 92.83124542236328125 94.56874847412109375 96.36875152587890625 98.2375030517578125 100.91249847412109375 105.2937469482421875 108.8125 106.50624847412109375 100 93.46875 89.00624847412109375 84.6062469482421875
142.037506103515625 135.1062469482421875 128.725006103515625 123.11875152587890625 117.63124847412109375 113.53749847412109375 109.2062530517578125 104.3562469482421875 100.58750152587890625 97.3874969482421875 93.5500030517578125 87.43125152587890625 81.9187469482421875 77.0749969482421875 72.7062530517578125 68.41249847412109375 63.706249237060546875 62.53125 62.05625152587890625 63.21875 71.8562469482421875 81.99375152587890625 92.03125 100.9499969482421875 106.6062469482421875 108.4562530517578125 106.625 103.38124847412109375 99.65000152587890625 94.3937530517578125 90.49375152587890625 87.875 87.7624969482421875 89.21875 90.1687469482421875 91.3312530517578125 96.5124969482421875 102.3625030517578125 109 109.0124969482421875 105.3312530517578125 98.6437530517578125 92.3874969482421875 86.33750152587890625
140.6374969482421875 134.0749969482421875 128.774993896484375 123.7624969482421875 118.44374847412109375 114.7312469482421875 110.9375 106.65625 103.1374969482421875 99.39374542236328125 95.1875 88.52500152587890625 82.08750152587890625 76.59375 72.02500152587890625 67.52500152587890625 62.40000152587890625 60.856250762939453125 60.28749847412109375 61.43125152587890625 69.9562530517578125 80.7624969482421875 92.9812469482421875 104.6750030517578125 112.8312530517578125 112.6437530517578125 109.8625030517578125 104.44374847412109375 98.49375152587890625 91.9250030517578125 87.46250152587890625 85.15000152587890625 82.94374847412109375 81.7624969482421875 81.6374969482421875 85.3000030517578125 91.6999969482421875 103.15625 116.4812469482421875 115.69374847412109375 111.71250152587890625 104.17499542236328125 95.6437530517578125 89.31874847412109375
138.412506103515625 132.337493896484375 127.7937469482421875 123.0500030517578125 118.1062469482421875 114.9562530517578125 111.46250152587890625 107.1999969482421875 103.7624969482421875 100.27500152587890625 96.16249847412109375 88.97499847412109375 82.1125030517578125 75.90625 70.91249847412109375 65.9562530517578125 60.918750762939453125 58.77500152587890625 58.143749237060546875 58.81874847412109375 66.84999847412109375 77.3000030517578125 89.4812469482421875 101.31874847412109375 109.84375 111.40625 110.16249847412109375 103.94374847412109375 96.3125 88.1750030517578125 82.8625030517578125 80.2312469482421875 79.9250030517578125 80.30625152587890625 78.0812530517578125 76.28749847412109375 87.0812530517578125 100.9499969482421875 112.24375152587890625 116.3249969482421875 113.8874969482421875 107.4875030517578125 99.6437530517578125 93.52500152587890625
134.9875030517578125 130.2312469482421875 126.4250030517578125 122.33750152587890625 118.06874847412109375 114.9499969482421875 111.50624847412109375 107.59999847412109375 104.84999847412109375 101.15000152587890625 96.28749847412109375 89.0749969482421875 81.63124847412109375 74.8625030517578125 69.56874847412109375 64.91249847412109375 60.012500762939453125 57.24375152587890625 56.168750762939453125 56.25624847412109375 63.5 74.30625152587890625 84.2312469482421875 94.68125152587890625 102.56874847412109375 106.875 105.9375 100.9187469482421875 94.38124847412109375 85.2062530517578125 78.25 78.4187469482421875 82.30625152587890625 82.28749847412109375 80.71250152587890625 80.9875030517578125 88.53749847412109375 98.3874969482421875 107.65625 113.0187530517578125 113.47499847412109375 111.3249969482421875 103.84999847412109375 98.0500030517578125
