data/historical-monthly-weather-data/wc2.1_cruts4.09_10m_prec_1971-07.asc
ncols        45
nrows        45
xllcorner    -63.500000000000
yllcorner    -7.500000000000
cellsize     0.166666666667
NODATA_value -9999
[rows 0 to 19 of 45, columns 0 to 42 of 45]
380.46875 374.993743896484375 362.78125 356.86248779296875 345.537506103515625 333.14373779296875 320.41876220703125 305.14373779296875 296.350006103515625 289.98748779296875 278.587493896484375 267.98126220703125 256.29998779296875 248.8562469482421875 243.868743896484375 236.4562530517578125 228.931243896484375 218.3937530517578125 210.1812591552734375 205.09375 201.2937469482421875 192.524993896484375 185.556243896484375 180.7624969482421875 178.3625030517578125 173.306243896484375 173.6125030517578125 174.756256103515625 173.475006103515625 173.618743896484375 166.4875030517578125 163.681243896484375 166.087493896484375 165.131256103515625 163.96875 162.212493896484375 157.4499969482421875 161.1750030517578125 158.306243896484375 156.8125 161.0437469482421875 166.2624969482421875 166.3000030517578125
368.3125 363.38751220703125 353.375 350.45623779296875 344.625 333.387481689453125 320.26251220703125 307.45623779296875 298.375 288.0625 275.54998779296875 262.568756103515625 250.318756103515625 240.024993896484375 231.09375 223.037506103515625 214.181243896484375 205.3562469482421875 199.100006103515625 193.5 184.65625 179.837493896484375 174.743743896484375 173.1875 166.2312469482421875 162 162.8937530517578125 164.662506103515625 162.212493896484375 158.8874969482421875 155.743743896484375 157.3625030517578125 158.4812469482421875 160.618743896484375 160.3625030517578125 156.5124969482421875 152.6374969482421875 154.03125 150.8562469482421875 151.3000030517578125 156.9875030517578125 158.881256103515625 160.0625
337.54998779296875 342.15625 341.337493896484375 336.41876220703125 328.806243896484375 315.868743896484375 305.4375 298.54998779296875 290.743743896484375 279.83123779296875 266.91876220703125 251.4812469482421875 241.131256103515625 226.4250030517578125 215.9312591552734375 206.4187469482421875 198.1999969482421875 189.368743896484375 181.787506103515625 177.350006103515625 168.875 164.5500030517578125 160.5625 157.5625 152.381256103515625 146.0437469482421875 150.931243896484375 151.7624969482421875 150.725006103515625 148.84375 146.1999969482421875 142.600006103515625 145.1374969482421875 150.193756103515625 146.03125 142.368743896484375 143.131256103515625 147.1875 144.03125 145.3937530517578125 150.212493896484375 153.100006103515625 152.693756103515625
310.774993896484375 310.96875 317.17498779296875 320.862518310546875 313.100006103515625 298.36248779296875 287.01251220703125 284.649993896484375 281.20001220703125 272.29376220703125 254.5 238.84375 226.443756103515625 216.162506103515625 203.1312408447265625 191 180.84375 172.943756103515625 167.568756103515625 166.4875030517578125 159.125 150.3562469482421875 145.412506103515625 143.4812469482421875 139.375 134.4250030517578125 136.2312469482421875 134.4499969482421875 136.181243896484375 138.475006103515625 136.4562530517578125 132.568756103515625 131.556243896484375 131.693756103515625 130.03125 134.693756103515625 138.6999969482421875 137.8562469482421875 137.475006103515625 138.350006103515625 145.368743896484375 150.2937469482421875 150.087493896484375
317.368743896484375 305.568756103515625 290.79376220703125 295.36248779296875 299.46875 284.225006103515625 276.21875 272.95001220703125 267.806243896484375 257.243743896484375 246.09375 228.8937530517578125 216.0124969482421875 203.9499969482421875 190.399993896484375 178.53125 167.40625 160.7687530517578125 152.337493896484375 149.649993896484375 144.8249969482421875 136.225006103515625 130.087493896484375 131.3249969482421875 126.59999847412109375 121.33750152587890625 121.21250152587890625 124.02500152587890625 125.09375 123.78749847412109375 123.375 122.13124847412109375 123.90000152587890625 123.74375152587890625 122.84999847412109375 123.7312469482421875 128.21875 131.337493896484375 130.556243896484375 133.5437469482421875 139.5500030517578125 140.7687530517578125 144.0500030517578125
306.475006103515625 304.51251220703125 293.61248779296875 267.26873779296875 275.587493896484375 279.743743896484375 270.399993896484375 262.6875 259.54376220703125 247.71875 233.743743896484375 218.568756103515625 206.5625 190.0437469482421875 179.712493896484375 168.2937469482421875 155.225006103515625 145.6062469482421875 139.6062469482421875 137.3937530517578125 132.0374908447265625 125.4250030517578125 121.15000152587890625 117.53749847412109375 115.1437530517578125 111.38124847412109375 111.46250152587890625 113.40625 113.4812469482421875 112.49375152587890625 112.09999847412109375 113.8249969482421875 114.42499542236328125 116.98125457763671875 115.75624847412109375 118.78749847412109375 118.86875152587890625 122.71250152587890625 126.7375030517578125 132.368743896484375 133.2375030517578125 136.7375030517578125 137.84375
300.350006103515625 300.25 291.64373779296875 278.962493896484375 268.100006103515625 254.087493896484375 252.40625 249.912506103515625 241.625 232.837493896484375 222.1062469482421875 203.9562530517578125 194.7312469482421875 180.84375 167.8000030517578125 158.162506103515625 147.899993896484375 135.09375 125.2062530517578125 125.0187530517578125 119.5625 113.1062469482421875 107.9187469482421875 106.6750030517578125 103.96250152587890625 102.40000152587890625 104.80625152587890625 103.5749969482421875 102.2937469482421875 104.3000030517578125 103.2937469482421875 101.6999969482421875 102.8312530517578125 107.375 110.1687469482421875 112.25 112.8249969482421875 115.65625 121.1374969482421875 127.77500152587890625 128.431243896484375 128.8312530517578125 131.350006103515625
298.818756103515625 294.57501220703125 289.368743896484375 282.631256103515625 276.20623779296875 270.38751220703125 251.712493896484375 227.306243896484375 215.1125030517578125 208.0749969482421875 200.15625 189.71875 180.350006103515625 167.28125 157.587493896484375 147.9875030517578125 136.90625 125.40000152587890625 116.1687469482421875 109.8000030517578125 108.40000152587890625 104.5187530517578125 98.80625152587890625 97.22499847412109375 96.28125 92.28749847412109375 94.125 92.33750152587890625 93.74375152587890625 93.19374847412109375 95.2062530517578125 94.13124847412109375 96.58124542236328125 98.9875030517578125 100.9250030517578125 102.09375 103.9812469482421875 107.59999847412109375 110.41249847412109375 113.71250152587890625 116.06874847412109375 118.59375 120.25624847412109375
295.324981689453125 292.537506103515625 285.14373779296875 282.818756103515625 279.881256103515625 267.90625 252.350006103515625 235.1875 215.5625 196.274993896484375 184.90625 172.3874969482421875 169.475006103515625 157.1875 147.5124969482421875 137.899993896484375 129.6125030517578125 121.72499847412109375 116.30625152587890625 105.0187530517578125 98.9375 97.6750030517578125 92.3562469482421875 92.1437530517578125 90.6374969482421875 84.91249847412109375 84.50624847412109375 87.41249847412109375 89.44374847412109375 88.75 91.71875 89.05625152587890625 87.8937530517578125 88.77500152587890625 91.71250152587890625 97.2624969482421875 101.89374542236328125 106.8125 107.6750030517578125 108.26874542236328125 109.34999847412109375 110.43125152587890625 112.4375
287.5625 287.42498779296875 283.631256103515625 281.631256103515625 278.631256103515625 270.78125 254.962493896484375 238.3125 221.125 205.5500030517578125 186.631256103515625 167.1062469482421875 160.225006103515625 150.34375 141.4250030517578125 133.4250030517578125 122.91249847412109375 118.3874969482421875 113.28125 105.2312469482421875 98.1374969482421875 90.63124847412109375 83.8937530517578125 83.71875 81.61875152587890625 79.5749969482421875 79.27500152587890625 81.3312530517578125 82.16249847412109375 82.6875 84.625 82.74375152587890625 83.66875457763671875 84.40000152587890625 86.0437469482421875 92.18125152587890625 97.75 103.03749847412109375 104.40000152587890625 107.7062530517578125 110.6374969482421875 109.58750152587890625 106.75624847412109375
285.212493896484375 286.04998779296875 281.037506103515625 280.975006103515625 277.056243896484375 269.53125 255.9499969482421875 234.3937530517578125 213.0124969482421875 197.9250030517578125 184.100006103515625 167.962493896484375 151.0625 143.2062530517578125 131.9875030517578125 123.65625 117.2312469482421875 112.80625152587890625 107.6125030517578125 104.05625152587890625 99.5812530517578125 90.3874969482421875 79.92499542236328125 73.4375 75.1750030517578125 77.5124969482421875 77.86875152587890625 78.2375030517578125 76.36875152587890625 77.2624969482421875 78.4562530517578125 79.4562530517578125 81.2687530517578125 81.4499969482421875 84.34375 89.18125152587890625 94.6999969482421875 97.4562530517578125 103.5749969482421875 105.50624847412109375 105.6125030517578125 103.4875030517578125 103.13124847412109375
279.88751220703125 277.818756103515625 274.0625 274.931243896484375 273.100006103515625 266.15625 255.3249969482421875 235.0187530517578125 210.6999969482421875 189.787506103515625 174.6125030517578125 163.7937469482421875 145.1999969482421875 134.649993896484375 128.899993896484375 118.5625 112.21875 107.8000030517578125 103.2624969482421875 101.1687469482421875 99.5437469482421875 91.24375152587890625 82.93125152587890625 74.90000152587890625 71.9812469482421875 68.5437469482421875 69.4250030517578125 71.7312469482421875 71.88124847412109375 72.55625152587890625 72.09375 73.38124847412109375 76.2375030517578125 78.38124847412109375 82.52500152587890625 88.4812469482421875 92.5437469482421875 98.2687530517578125 98.25 100.2687530517578125 99.5812530517578125 99.5437469482421875 94.59999847412109375
265.806243896484375 267.92498779296875 267.28125 264.46875 260.100006103515625 254.3562469482421875 241.6125030517578125 221.1999969482421875 199.493743896484375 183.962493896484375 170.9875030517578125 157.318756103515625 145.8312530517578125 126.81874847412109375 117.28125 112.96250152587890625 106.8937530517578125 103.6125030517578125 99.4875030517578125 95.5749969482421875 91.84375 84.18125152587890625 77.69374847412109375 71.6999969482421875 65.5124969482421875 62.50624847412109375 64.25624847412109375 67 67.94374847412109375 68.21875 67.90625 67.375 71.55625152587890625 74.5437469482421875 78.33750152587890625 84.78125 92.0124969482421875 99.91249847412109375 104.2687530517578125 101.53749847412109375 96.8562469482421875 94.0124969482421875 85.88124847412109375
254.6937408447265625 255.725006103515625 255.5187530517578125 251.4812469482421875 245.662506103515625 236.7937469482421875 224.1374969482421875 207.1750030517578125 193.2312469482421875 175.7687530517578125 162.6750030517578125 151.2375030517578125 137.3312530517578125 122.77500152587890625 106.59375 104.7312469482421875 98.3937530517578125 96.1875 91.3125 88.09375 83.30625152587890625 77.4187469482421875 71.34999847412109375 67.1875 61.93125152587890625 58.518749237060546875 59.25624847412109375 60.143749237060546875 61.09375 61.88124847412109375 64.55625152587890625 65.4187469482421875 67.28749847412109375 70.1999969482421875 74.38124847412109375 83.49375152587890625 94.3312530517578125 105.6374969482421875 112.19374847412109375 108.5124969482421875 94.80625152587890625 86.03749847412109375 85.34999847412109375
247.2624969482421875 244.5749969482421875 241.375 238.6687469482421875 230.4250030517578125 219.90625 212.743743896484375 196.912506103515625 181.8000030517578125 166.0187530517578125 153.443756103515625 141.2687530517578125 130.3874969482421875 118.9499969482421875 99.875 94.72499847412109375 89.9375 87.34375 83.69374847412109375 81.3312530517578125 78.09999847412109375 72.03125 66.2312469482421875 64.43125152587890625 61.75624847412109375 59.41249847412109375 59.856250762939453125 59.737499237060546875 61.09375 62.66249847412109375 62.28749847412109375 63.99375152587890625 68.3937530517578125 70.0500030517578125 70.6125030517578125 78.1999969482421875 93.5437469482421875 110.30625152587890625 118.28125 113.74375152587890625 105.7375030517578125 99.0749969482421875 103.5
234.3562469482421875 231.9499969482421875 229.53125 223.774993896484375 217.1374969482421875 211.0625 197.725006103515625 183.7687530517578125 170.8625030517578125 159.3125 145.774993896484375 135.03125 125.3312530517578125 114.63124847412109375 98.88124847412109375 81.78749847412109375 79.86875152587890625 79.3625030517578125 75.78125 74.2624969482421875 70.625 66.53125 62.075000762939453125 63.637500762939453125 62.52500152587890625 60.174999237060546875 59.362499237060546875 57.918750762939453125 59.44374847412109375 61.424999237060546875 65.0500030517578125 64.22499847412109375 64.90000152587890625 65.5124969482421875 66.90000152587890625 80.8562469482421875 94.4187469482421875 109.66249847412109375 120.875 125.6750030517578125 123.78749847412109375 117.61875152587890625 112.9187469482421875
222.350006103515625 220.118743896484375 218.5812530517578125 214.962493896484375 209.84375 198.350006103515625 188.4812469482421875 175.75 163.9375 153.0999908447265625 141.2375030517578125 129.53125 118.75 110.47499847412109375 101.90625 88.36875152587890625 75.44374847412109375 71.08750152587890625 71.72499847412109375 69.8625030517578125 65.80625152587890625 62.11875152587890625 59.72499847412109375 63.012500762939453125 64.3000030517578125 58.34999847412109375 55.33750152587890625 54.393749237060546875 57.15000152587890625 60.99375152587890625 65.08750152587890625 68.5124969482421875 68.78749847412109375 70.0187530517578125 79.05625152587890625 89.1875 105.40000152587890625 125.6999969482421875 140.912506103515625 135.274993896484375 130.21875 121.1125030517578125 110.69374847412109375
211.7375030517578125 212.53125 208.693756103515625 207.118743896484375 201.78125 188.693756103515625 177.8125 167.506256103515625 156.462493896484375 142.3249969482421875 131.78125 124.41249847412109375 114.9187469482421875 107.1999969482421875 101.28125 92.6687469482421875 80.9499969482421875 67.3125 69.3562469482421875 67.08750152587890625 62.768749237060546875 58.543750762939453125 57.83750152587890625 60.5 61.21875 55.55625152587890625 52.356250762939453125 52.700000762939453125 56.106250762939453125 58.66249847412109375 59.631252288818359375 62.13124847412109375 74.03749847412109375 80.66249847412109375 83.7687530517578125 98.1687469482421875 117.38124847412109375 132.368743896484375 141.743743896484375 138.631256103515625 126.25 117.2375030517578125 107.65625
201.993743896484375 202.625 196.975006103515625 193.774993896484375 191.1437530517578125 180.8874969482421875 168.306243896484375 160.0187530517578125 150.8125 138.0437469482421875 127.59375 117.72499847412109375 110.3874969482421875 105.24375152587890625 96.4562530517578125 91.0187530517578125 83.2687530517578125 72.4562530517578125 64.5 61.418750762939453125 59.918750762939453125 60.125 49.4375 52.9375 54.456249237060546875 53.56874847412109375 52.543750762939453125 52.049999237060546875 55.71250152587890625 59.168750762939453125 61.587497711181640625 65.68125152587890625 75.03749847412109375 79.6437530517578125 85.22499847412109375 97.625 109.59375 120.3562469482421875 129.193756103515625 124.3000030517578125 118.5 108.90625 102.3874969482421875
187.46875 190.912506103515625 187.3937530517578125 183.28125 177.5437469482421875 174.625 162.868743896484375 155.037506103515625 147.181243896484375 135.537506103515625 125.8562469482421875 121.66249847412109375 114.21875 106.75624847412109375 95.41249847412109375 83.4875030517578125 75.1374969482421875 76.65000152587890625 68.02500152587890625 61.737499237060546875 52.168750762939453125 48.606250762939453125 47.44374847412109375 48.94374847412109375 49.18125152587890625 47.06874847412109375 48.19374847412109375 51.81874847412109375 53.612499237060546875 55.200000762939453125 60.543750762939453125 70.3125 75.2937469482421875 80.09375 86.4250030517578125 96.55625152587890625 104.625 110.4812469482421875 114.22499847412109375 112.7687530517578125 105.7312469482421875 98.38124847412109375 96.49375152587890625
