data/historical-monthly-weather-data/wc2.1_cruts4.09_10m_prec_2024-11.asc
ncols        51
nrows        45
xllcorner    -63.500000000000
yllcorner    -7.500000000000
cellsize     0.166666666667
NODATA_value -9999
[rows 0 to 18 of 45, columns 0 to 43 of 51]
189.8312530517578125 193.0187530517578125 193.8562469482421875 198.9562530517578125 203.412506103515625 209.15625 213.381256103515625 217.368743896484375 220.587493896484375 222.4562530517578125 223.9375 221.0124969482421875 218.0437469482421875 211.587493896484375 205.9562530517578125 199.5187530517578125 193.5 184.625 176.34375 169.1999969482421875 161.71875 154.3000030517578125 147.8000030517578125 139.8625030517578125 132.868743896484375 126.7375030517578125 121.8249969482421875 117.1125030517578125 112.23749542236328125 108.43125152587890625 105.28125 103.125 102.1875 102.21875 101.7375030517578125 100.65625 99.59375 97.84375 94.2375030517578125 90.47499847412109375 85.90625 81.4499969482421875 76.1062469482421875 70.9499969482421875
191.90625 192.399993896484375 193.631256103515625 197.3874969482421875 202.350006103515625 205.493743896484375 206.7624969482421875 210.2937469482421875 211.9187469482421875 211.725006103515625 211.181243896484375 206.212493896484375 200.4375 194.3625030517578125 187.993743896484375 183.181243896484375 176.787506103515625 169.4499969482421875 161.8562469482421875 155.4250030517578125 148.6875 142.1437530517578125 136.6750030517578125 130.8874969482421875 123.8625030517578125 118.0812530517578125 114.09999847412109375 109.8249969482421875 105.8874969482421875 103.2062530517578125 101.28125 100.30625152587890625 99.8125 101.66249847412109375 102.68125152587890625 101.50624847412109375 100.15625 98.11875152587890625 93.69374847412109375 89.19374847412109375 84.43125152587890625 79.03125 73.43125152587890625 67.11875152587890625
192.2062530517578125 193.0187530517578125 193.3375091552734375 195.09375 199.318756103515625 201.399993896484375 204.9375 207.9875030517578125 210.506256103515625 210.381256103515625 207.90625 201.681243896484375 195.34375 188.3249969482421875 181.2062530517578125 174.837493896484375 168.8312530517578125 162.243743896484375 154.743743896484375 148.524993896484375 142.0625 135.693756103515625 130.2624969482421875 124.84375 118.5437469482421875 112.69374847412109375 108.9375 105.3937530517578125 101.625 99.47499847412109375 99.0625 98.6125030517578125 100.1374969482421875 102 103.8312530517578125 102.3937530517578125 100.88124847412109375 99.78125 95.52500152587890625 91.15000152587890625 86.09999847412109375 79.99375152587890625 73.96875 67.69374847412109375
187.9375 188.375 190.2687530517578125 190.7937469482421875 194.2624969482421875 196.350006103515625 199.306243896484375 203.9875030517578125 208.3874969482421875 209.3687591552734375 205.587493896484375 197.78125 190.381256103515625 182.625 175.056243896484375 168.25 162.1999969482421875 155.306243896484375 148.75 143.6312408447265625 137.3937530517578125 130.7312469482421875 124.3000030517578125 118.4250030517578125 112.49375152587890625 107.1125030517578125 103.84999847412109375 99.81874847412109375 97.02500152587890625 96.4562530517578125 96.69374847412109375 97.5749969482421875 98.77500152587890625 101.05625152587890625 103.125 103.21875 102.5437469482421875 101.3312530517578125 97.4812469482421875 93.03125 87.24375152587890625 81.47499847412109375 74.6437530517578125 67.97499847412109375
188.431243896484375 186.024993896484375 181.2624969482421875 182.681243896484375 187.431243896484375 189.850006103515625 192.662506103515625 197.96875 204.4562530517578125 207.5 200.5437469482421875 190.0187530517578125 182.0625 175.15625 167.59375 161.118743896484375 154.5812530517578125 148.78125 142.681243896484375 136.787506103515625 131.712493896484375 125.125 118.78749847412109375 113.56874847412109375 106.8125 101.34999847412109375 97.1750030517578125 94.6437530517578125 92.9187469482421875 92.4375 93.43125152587890625 95.11875152587890625 97.11875152587890625 100.0812530517578125 102.9562530517578125 103.4875030517578125 103.4562530517578125 102.99375152587890625 99.90000152587890625 94.55625152587890625 89.09999847412109375 82.45000457763671875 75.65625 68.9375
185.256256103515625 183.462493896484375 178.662506103515625 174.25 179.8312530517578125 185.1750030517578125 188.6875 192.2062530517578125 197.03125 200.1687469482421875 191.7062530517578125 181.193756103515625 173.962493896484375 167.1937408447265625 159.8125 153.181243896484375 147.5625 142.53125 137.943756103515625 132.337493896484375 127.1437530517578125 121.6687469482421875 115.8625030517578125 110.0500030517578125 104.53125 98.97499847412109375 95.2624969482421875 92.46250152587890625 90.59375 90.09999847412109375 90.4375 93.1687469482421875 95.4499969482421875 99.21250152587890625 102.5625 104.5187530517578125 105.71875 106.6062469482421875 104.77500152587890625 100.30625152587890625 93.40625 87.06874847412109375 80.41249847412109375 74.06874847412109375
183.5500030517578125 183.7624969482421875 179.1875 174.693756103515625 176.0124969482421875 177.71875 180.1374969482421875 181.837493896484375 181.59375 178.568756103515625 174.9562530517578125 168.4562530517578125 163.2312469482421875 157.46875 151.65625 146.1875 140.962493896484375 136.5187530517578125 131.774993896484375 128.4187469482421875 123.6687469482421875 118.53125 113.3000030517578125 107.6875 102.4250030517578125 97.8249969482421875 93.8625030517578125 90.6062469482421875 87.61875152587890625 87.21250152587890625 88.0124969482421875 90.08750152587890625 93.2687530517578125 97.74375152587890625 102.30625152587890625 104.71875 106.68125152587890625 109.0812530517578125 109.74375152587890625 105.40000152587890625 98.19374847412109375 91.7937469482421875 85.49375152587890625 79.28125
183.881256103515625 183.6750030517578125 180.3937530517578125 178.8000030517578125 179.3249969482421875 177.40625 173.318756103515625 167.5 161.056243896484375 157.5437469482421875 157.9499969482421875 155.625 152.243743896484375 147.774993896484375 143.3249969482421875 139.274993896484375 134.649993896484375 130.7062530517578125 127.1687469482421875 123.90000152587890625 120.9187469482421875 116.68125152587890625 111.25624847412109375 105.9812469482421875 101.6062469482421875 95.93125152587890625 91.68125152587890625 87.86875152587890625 85.1687469482421875 84.1437530517578125 84.6687469482421875 87.2687530517578125 91.02500152587890625 95.71875 100.875 103.65000152587890625 106.8937530517578125 109.36875152587890625 108.86875152587890625 105.3562469482421875 99.7375030517578125 94.1437530517578125 88.41249847412109375 82.5
184.5 185.5124969482421875 183.96875 182.6999969482421875 182.15625 178.4187469482421875 172.5625 164.524993896484375 152.693756103515625 145.6875 147.75 147.5 145.9875030517578125 142.7937469482421875 139.943756103515625 136.8000030517578125 133.306243896484375 130.65625 129.412506103515625 126.52500152587890625 122.08750152587890625 117.94374847412109375 112.0124969482421875 107.625 102.1374969482421875 95.80625152587890625 90.83750152587890625 87.13124847412109375 84.25 82.3625030517578125 83.25 86.4562530517578125 89.6750030517578125 93.88124847412109375 98.50624847412109375 102.0749969482421875 105.44374847412109375 107.9812469482421875 107.34375 105.27500152587890625 100.96875 95.88124847412109375 91.31874847412109375 86.25
185.7937469482421875 186.475006103515625 185.431243896484375 184.8125 184.59375 180.9812469482421875 173.84375 164.5687408447265625 154.818756103515625 148.5500030517578125 146.1687469482421875 143.2624969482421875 141.943756103515625 139.1374969482421875 137.0187530517578125 135.1374969482421875 132.931243896484375 132.0749969482421875 131.524993896484375 130.537506103515625 126.18125152587890625 121.0187530517578125 114.2624969482421875 108.84999847412109375 102.125 95.74375152587890625 91.2687530517578125 86.93125152587890625 83.4875030517578125 81.02500152587890625 81.83750152587890625 84.90625 88.19374847412109375 92.4812469482421875 97.09375 100.875 104.65625 106.84999847412109375 106.7375030517578125 105.3562469482421875 102.58750152587890625 98.5187530517578125 94.02500152587890625 88.95624542236328125
187.53125 188.475006103515625 187.0749969482421875 186.4562530517578125 186.09375 183.9187469482421875 177.162506103515625 166.743743896484375 157.1750030517578125 150.162506103515625 146.368743896484375 142.350006103515625 139.1999969482421875 136.037506103515625 134.0812530517578125 132.6437530517578125 131.78125 132.350006103515625 133.28125 134.256256103515625 132.6374969482421875 126.3937530517578125 117.75 108.9875030517578125 102.5625 97.06874847412109375 92.78125 88.6875 84.49375152587890625 81.9250030517578125 82.58124542236328125 85.2062530517578125 88.5749969482421875 92.44374847412109375 96.2624969482421875 99.46250152587890625 102.7062530517578125 105.33750152587890625 106.75624847412109375 106.2687530517578125 104.1437530517578125 100.9562530517578125 97.28749847412109375 92.90625
189.3625030517578125 190.181243896484375 188.649993896484375 188.7062530517578125 188.287506103515625 185.8499908447265625 179.9875030517578125 169.1875 159.4187469482421875 151.868743896484375 146.375 142.1374969482421875 137.024993896484375 133.3562469482421875 131.7062530517578125 130.6437530517578125 130.4812469482421875 131.649993896484375 134.162506103515625 137.5625 138.0062408447265625 132.0250091552734375 122.08750152587890625 111.80625152587890625 103.9875030517578125 98.05625152587890625 94.125 90.86249542236328125 88.27500152587890625 85.97499847412109375 85.58750152587890625 86.90000152587890625 89.1687469482421875 92.09999847412109375 95.6750030517578125 98.71875 101.55625152587890625 104.51874542236328125 106.08750152587890625 106.68125152587890625 106.08750152587890625 103.27500152587890625 100.0500030517578125 96.1750030517578125
190.7937469482421875 192.1374969482421875 190.5500030517578125 189.1999969482421875 187.5437469482421875 184.056243896484375 177.3125 168.056243896484375 159.0124969482421875 151.8625030517578125 145.6374969482421875 141.318756103515625 136.1374969482421875 129.868743896484375 127.6750030517578125 127.0625 127.54375457763671875 130.4562530517578125 133.9562530517578125 137.868743896484375 139.9187469482421875 134.59375 124.25624847412109375 114.7624969482421875 105.55625152587890625 98.6875 96.52500152587890625 94.05625152587890625 92.22499847412109375 90.2062530517578125 89.24375152587890625 89.40625 90.0625 91.81874847412109375 94.6750030517578125 97.4375 100.25624847412109375 103.1062469482421875 105.90000152587890625 106.6437530517578125 107.5500030517578125 105.84375 101.78749847412109375 94.21250152587890625
191.8125 191.9875030517578125 190 187.8625030517578125 185.662506103515625 180.2687530517578125 173.4562530517578125 165.59375 158.125 150.681243896484375 144.03125 137.90625 132.53125 126.6437530517578125 122.3000030517578125 121.81874847412109375 123.0124969482421875 126.19374847412109375 129.881256103515625 133.3249969482421875 134.381256103515625 130.4187469482421875 122.9375 114.96250152587890625 107.4187469482421875 101.4250030517578125 100.33750152587890625 98.7937469482421875 96.94374847412109375 94.4499969482421875 93.08750152587890625 92.24375152587890625 91.4562530517578125 91.78749847412109375 94.2624969482421875 97.1875 99.8937530517578125 103.8249969482421875 106.31874847412109375 108.6875 109.0124969482421875 104.5812530517578125 99.55625152587890625 95.96250152587890625
191.412506103515625 191.4562530517578125 189.287506103515625 186.818756103515625 183.9562530517578125 178.0187530517578125 171.65625 164.2312469482421875 156.6750030517578125 149.1687469482421875 142.0437469482421875 135.59375 129.337493896484375 123 117.03125 115.9499969482421875 117.7312469482421875 121.3125 125.25 128.5 129.03125 126.3562469482421875 121.44374847412109375 116.46875 111.8874969482421875 107.7687530517578125 106.78125 105.2937469482421875 103.3625030517578125 99.84999847412109375 97.27500152587890625 95.1437530517578125 93.80625152587890625 93.41875457763671875 94.4812469482421875 96.9250030517578125 100.6687469482421875 105.71250152587890625 109.06874847412109375 109.55625152587890625 107.2312469482421875 104.59375 102.78749847412109375 100.875
189.837493896484375 189.78125 188.0500030517578125 185.25 182.1999969482421875 176.524993896484375 169.4812469482421875 162.1687469482421875 155.5625 148.931243896484375 141.274993896484375 134.350006103515625 127.66249847412109375 120.19374847412109375 113.50624847412109375 109.59375 112.875 117.84999847412109375 121.7062530517578125 124.71250152587890625 125.83750152587890625 124.3937530517578125 120.9375 118.33750152587890625 116.1437530517578125 114.77500152587890625 115.02500152587890625 113.625 110.3249969482421875 105.30625152587890625 101.53749847412109375 98.6999969482421875 96.2312469482421875 95.6125030517578125 95.0749969482421875 98.49375152587890625 103.2687530517578125 105.77500152587890625 108.15000152587890625 108.30625152587890625 108.09375 107.40000152587890625 106.1062469482421875 102.21875
187.9187469482421875 188.8000030517578125 186.381256103515625 183.4437408447265625 180.681243896484375 174.850006103515625 168.493743896484375 161.1687469482421875 154.962493896484375 148.25 141.162506103515625 134.3000030517578125 127.15625 119.75 113.61875152587890625 110.03749847412109375 110.21875 114.2937469482421875 118.8625030517578125 122.4499969482421875 123.8937530517578125 123.22499847412109375 120.9562530517578125 119.6999969482421875 119.78125 121.65625 124.4375 121.8874969482421875 116.33750152587890625 110.30625152587890625 106.0749969482421875 103.9875030517578125 100.44374847412109375 98.61875152587890625 100.9499969482421875 106.125 108.31874847412109375 111.3937530517578125 114.02500152587890625 112.72499847412109375 112.75624847412109375 112.2624969482421875 108.75624847412109375 106.33750152587890625
185.53125 186.6062469482421875 184.850006103515625 182.3562469482421875 179.21875 174.71875 169.037506103515625 162.024993896484375 156.0187530517578125 149.274993896484375 142.2062530517578125 135.475006103515625 127.6374969482421875 120.9812469482421875 116.19374847412109375 112.7312469482421875 111.4250030517578125 111.8125 117.0812530517578125 121.03749847412109375 123.80625152587890625 122.9562530517578125 121.2687530517578125 122.1062469482421875 124.3874969482421875 127.78125 133.8125 129.556243896484375 121.3000030517578125 112.63124847412109375 107.2312469482421875 104.8249969482421875 104.77500152587890625 107.5625 111 111.52500152587890625 114.69374847412109375 117.8125 117.40625 118.9250030517578125 117.99375152587890625 116.21875 113.21250152587890625 110.375
182.5625 184.6999969482421875 183.1125030517578125 180.9499969482421875 178.5437469482421875 174.3625030517578125 168.931243896484375 163.068756103515625 157.75 151.899993896484375 144.5437469482421875 137.4375 129.7375030517578125 123.34375 118.25 115.02500152587890625 113.2937469482421875 112.2687530517578125 114.94374847412109375 119.0625 123.8125 125.7312469482421875 121.5749969482421875 123.90625 127.7687530517578125 131.756256103515625 135.743743896484375 132.875 125.6750030517578125 115.5124969482421875 108.02500152587890625 108.38124847412109375 113.4562530517578125 116.1687469482421875 117.625 120.36875152587890625 122.40625 124.1875 125.0124969482421875 125.19374847412109375 123.9375 123.19374847412109375 118.7937469482421875 114.875
