data/historical-monthly-weather-data/wc2.1_cruts4.09_10m_prec_2012-06.asc
ncols        51
nrows        45
xllcorner    -63.500000000000
yllcorner    -7.500000000000
cellsize     0.166666666667
NODATA_value -9999
[rows 0 to 18 of 45, columns 0 to 42 of 51]
329.70001220703125 332.53125 328.33123779296875 333.54376220703125 333.38751220703125 332.193756103515625 323.9375 313.881256103515625 298.962493896484375 294.45001220703125 292.54998779296875 287.66876220703125 283.36248779296875 276.03125 269.41876220703125 264.693756103515625 257.89373779296875 251.681243896484375 245.318756103515625 241.8125 241.381256103515625 233.375 227.243743896484375 220.875 216.631256103515625 214.1750030517578125 218.462493896484375 225.3562469482421875 225.53125 223.15625 215.568756103515625 214.056243896484375 215.5187530517578125 212.6687469482421875 210.4375 208.8249969482421875 206.568756103515625 205.9875030517578125 201.0124969482421875 198.4375 198.9812469482421875 204.34375 202.5124969482421875
322.431243896484375 326.54376220703125 331.48748779296875 336.45001220703125 343.412506103515625 342.837493896484375 334.86248779296875 324.58123779296875 316.899993896484375 311.26873779296875 305.48126220703125 297.5 284.649993896484375 274.45623779296875 265.037506103515625 257.625 248.2375030517578125 240.28125 234.46875 232.962493896484375 231.2687530517578125 224.4499969482421875 220.5374908447265625 216.2375030517578125 211.65625 207.837493896484375 211.4812469482421875 214.75 214.6125030517578125 207.9250030517578125 203.71875 205.6374969482421875 204.837493896484375 203.8312530517578125 203.2624969482421875 198.806243896484375 197.9499969482421875 196.3874969482421875 192.274993896484375 190.6125030517578125 193.806243896484375 190.5 194.375
300.42498779296875 312.34375 317.225006103515625 317.45001220703125 325.600006103515625 330.662506103515625 328.8125 330.037506103515625 324.931243896484375 319.73126220703125 311.399993896484375 298.868743896484375 287.3125 270.5625 258.54998779296875 249.056243896484375 237.149993896484375 228.899993896484375 222.71875 218.53125 216.9499969482421875 214.9187469482421875 210.1374969482421875 209.53125 202.1750030517578125 197.1750030517578125 203.6999969482421875 204.6062469482421875 201.2687530517578125 199.993743896484375 194.1062469482421875 192.3625030517578125 191.131256103515625 191.75 189.0437469482421875 181.412506103515625 182.9250030517578125 184.7062530517578125 182.3125 182.2062530517578125 187.59375 187.09375 188.4812469482421875
276.162506103515625 281.381256103515625 291.73748779296875 297.76873779296875 302.10626220703125 309.368743896484375 316.693756103515625 323.193756103515625 325.181243896484375 323.96875 313.38751220703125 297.506256103515625 281.42498779296875 263.84375 251.806243896484375 240.9875030517578125 225.712493896484375 217.8000030517578125 210.868743896484375 211.9875030517578125 208.125 200.8562469482421875 197.53125 198.412506103515625 191.149993896484375 186.600006103515625 190.0625 188.649993896484375 188.806243896484375 188.28125 184.649993896484375 180.318756103515625 178.8000030517578125 174.993743896484375 172.6125030517578125 174.7624969482421875 177.056243896484375 176.65625 174.625 175.375 179.818756103515625 183.7687530517578125 184.806243896484375
273.318756103515625 273.943756103515625 266.681243896484375 274.743743896484375 286.40625 291.29998779296875 301.54376220703125 316.274993896484375 326.412506103515625 328.193756103515625 317.73126220703125 292.225006103515625 275.712493896484375 259.618743896484375 243.7937469482421875 231.4375 218.2562408447265625 205.0500030517578125 197.068756103515625 195.5187530517578125 191.3312530517578125 187.5 185.0500030517578125 184.6687469482421875 178.131256103515625 174.9375 175.662506103515625 179.1374969482421875 179.625 175.4187469482421875 174.649993896484375 172.84375 169.556243896484375 167.5187530517578125 168.037506103515625 166.2937469482421875 168.1875 170.78125 168.25 167.631256103515625 172.96875 176.850006103515625 179.649993896484375
253.9250030517578125 258.13751220703125 252.9562530517578125 243.2312469482421875 257.84375 274.42498779296875 281.64373779296875 293.149993896484375 308.193756103515625 313.399993896484375 298.850006103515625 276.66876220703125 262.40625 248.03125 231.118743896484375 219.3874969482421875 205.850006103515625 193.4250030517578125 188.100006103515625 184.225006103515625 182.412506103515625 177.9250030517578125 174.34375 169.837493896484375 167.1875 165.0749969482421875 164.087493896484375 167.3249969482421875 168.4749908447265625 165.2312469482421875 166.899993896484375 165.9812469482421875 165.71875 162.4749908447265625 158.96875 163.3562469482421875 162.506256103515625 159.306243896484375 161.5625 167.368743896484375 169.568756103515625 175.149993896484375 175.9812469482421875
240.5812530517578125 240.5812530517578125 236.9375 232.600006103515625 230.5 235.9250030517578125 243.4499969482421875 260.618743896484375 266.725006103515625 272.21875 267.13751220703125 252.4812469482421875 244.431243896484375 235.1374969482421875 220.9375 209.2062530517578125 198.975006103515625 187.375 177.524993896484375 174.287506103515625 167.8625030517578125 164.318756103515625 159.9375 158.3000030517578125 159.318756103515625 157.274993896484375 155.7624969482421875 156.774993896484375 157.7375030517578125 161.1062469482421875 158.7687530517578125 155.6999969482421875 154.287506103515625 155.1062469482421875 156.9875030517578125 156.975006103515625 152.8000030517578125 152.774993896484375 154.756256103515625 161.899993896484375 164.556243896484375 168.5124969482421875 172.399993896484375
224.899993896484375 219.350006103515625 216.774993896484375 219.068756103515625 218.0124969482421875 226.1437530517578125 222.2687530517578125 219.431243896484375 216.7624969482421875 226.5124969482421875 231.7312469482421875 228.1999969482421875 225.399993896484375 218.75 211.375 201.34375 188.931243896484375 178.837493896484375 168.8625030517578125 160.1875 162.5437469482421875 156.631256103515625 151.1750030517578125 149.0124969482421875 149.8000030517578125 146.131256103515625 145.818756103515625 146.7312469482421875 147.931243896484375 147.837493896484375 152.3249969482421875 149.443756103515625 149.0749969482421875 148.556243896484375 146.0749969482421875 145.46875 144.806243896484375 145.0187530517578125 144.21875 147.337493896484375 152.6374969482421875 160.100006103515625 160.350006103515625
209.25 205.618743896484375 200.875 200.681243896484375 201.7375030517578125 204.118743896484375 208.5625 210.2937469482421875 200.40625 195.725006103515625 198.5124969482421875 200.7937469482421875 206.181243896484375 203.274993896484375 197.962493896484375 188.1062469482421875 183.4375 176.5187530517578125 169.0187530517578125 158.149993896484375 149.931243896484375 150.993743896484375 142.2375030517578125 144.5 141.6750030517578125 139.0500030517578125 138.975006103515625 141.681243896484375 146.3125 145.743743896484375 150.6999969482421875 142.1875 136.2062530517578125 134.3937530517578125 136.2624969482421875 141.0625 143.21875 145.6125030517578125 145.1062469482421875 144.75 146.1750030517578125 147 153.975006103515625
194.818756103515625 191.649993896484375 187.9250030517578125 187.5 187.756256103515625 189.100006103515625 192.125 190.75 189.475006103515625 187.0812530517578125 184.1875 178.15625 186.087493896484375 187.931243896484375 185.3937530517578125 180.131256103515625 173.6062469482421875 173.0437469482421875 167.193756103515625 160.4499969482421875 149.5124969482421875 143.2375030517578125 133.725006103515625 133.587493896484375 129.9562530517578125 130.475006103515625 131.46875 132.9875030517578125 134.8874969482421875 138.4187469482421875 141.2312469482421875 136.524993896484375 134.537506103515625 133.5625 131.962493896484375 134.875 139.149993896484375 143.6687469482421875 145.568756103515625 150.524993896484375 154.5625 155.131256103515625 150.3312530517578125
183.8000030517578125 178.850006103515625 175.1125030517578125 173.3937530517578125 171.806243896484375 175.4000091552734375 174.193756103515625 173.306243896484375 174.899993896484375 175.3249969482421875 175.40625 171.2874908447265625 169.5749969482421875 172.899993896484375 170.712493896484375 167.943756103515625 163.6875 160.068756103515625 158.975006103515625 158.6687469482421875 156.9812469482421875 146.4499969482421875 131.631256103515625 118.77500152587890625 120.6062469482421875 127.53749847412109375 130.03125 129.181243896484375 128.28125 130.1374969482421875 132.318756103515625 130.649993896484375 130.59375 130.6687469482421875 130.506256103515625 130.693756103515625 134.993743896484375 137.868743896484375 145.8125 149.274993896484375 152.34375 150.3562469482421875 149.475006103515625
172.0812530517578125 168.131256103515625 167.1125030517578125 163.1062469482421875 162.149993896484375 162.412506103515625 165.381256103515625 165.975006103515625 166.875 162.9875030517578125 165.4875030517578125 163.693756103515625 155.1125030517578125 157.5749969482421875 160.368743896484375 157.274993896484375 153.649993896484375 152.2375030517578125 153.5812530517578125 159.681243896484375 159.493743896484375 151.243743896484375 135.6062469482421875 119.2687530517578125 116.4187469482421875 117.5124969482421875 118.0812530517578125 120.40000152587890625 123.2624969482421875 123.6125030517578125 120.77500152587890625 122.78749847412109375 124.09375 122.41249847412109375 125.1374969482421875 129.9562530517578125 136.3249969482421875 140.618743896484375 141.375 148.962493896484375 152.8000030517578125 149.787506103515625 138.5749969482421875
164.475006103515625 159.65625 157.3000030517578125 153.6125030517578125 153.475006103515625 152.087493896484375 153.40625 154.28125 153.1374969482421875 152.4499969482421875 153.618743896484375 153.506256103515625 150.1750030517578125 141.681243896484375 141.2624969482421875 142.0187530517578125 140.6999969482421875 142.243743896484375 139.618743896484375 144.7937469482421875 148.2312469482421875 142.024993896484375 131.4562530517578125 118.94374847412109375 108.9562530517578125 108.1125030517578125 111.68125152587890625 115.1999969482421875 119.33750152587890625 121.91249847412109375 118.27500152587890625 115.8000030517578125 119.71875 116.96875 119.22499847412109375 125.88124847412109375 135.931243896484375 143.131256103515625 153.274993896484375 156.162506103515625 152.837493896484375 147.375 129.5749969482421875
155.475006103515625 151.1750030517578125 147.899993896484375 144.9250030517578125 142.162506103515625 141.9812469482421875 141.4375 143.3125 144.0625 142.3874969482421875 142.649993896484375 139.15625 137.2375030517578125 132.381256103515625 123.4250030517578125 126.94374847412109375 125.47499847412109375 125.5 125.7312469482421875 129.725006103515625 132.3000030517578125 128.1374969482421875 121.1125030517578125 115.18125152587890625 109.3000030517578125 105.13124847412109375 105.4499969482421875 107.08750152587890625 110.44374847412109375 112.28749847412109375 113.75624847412109375 113.19374847412109375 114.56874847412109375 116.375 115.78125 127.57500457763671875 141.625 153.756256103515625 164.681243896484375 164.40625 147.4499969482421875 135.4250030517578125 131.556243896484375
143.34375 140.0187530517578125 138.7375030517578125 137.0437469482421875 134.1750030517578125 133.649993896484375 134.0812530517578125 134.100006103515625 134.0812530517578125 133.4375 132.0437469482421875 128.8125 125.625 119.25 109.3625030517578125 110.96875 110.7624969482421875 113.59375 111.7624969482421875 114.4499969482421875 118.6687469482421875 117.16249847412109375 115.30625152587890625 113.1687469482421875 112.65625 110.16249847412109375 110.6374969482421875 111.1687469482421875 115.05625152587890625 112.6999969482421875 109.40625 111.3000030517578125 117.3312530517578125 114.8125 110.7624969482421875 116.5 137.7062530517578125 159.9875030517578125 168.34375 164.0187530517578125 157.100006103515625 151.9875030517578125 153
133.587493896484375 129.5437469482421875 128.6437530517578125 125.98125457763671875 125.91249847412109375 126.0124969482421875 125.40000152587890625 124.28749847412109375 125.90000152587890625 127.6062469482421875 125.78749847412109375 121.30625152587890625 117.38124847412109375 111.06874847412109375 103.05625152587890625 93.33750152587890625 95.625 100.6125030517578125 99.6687469482421875 102.0749969482421875 105.78749847412109375 107.34375 109.6374969482421875 112.1875 113.1437530517578125 111.99375152587890625 110.8625030517578125 112.6437530517578125 114.46875 117.09999847412109375 115.94374847412109375 113.5500030517578125 109.66249847412109375 105.5625 102.59375 122.47499847412109375 134.21875 150.618743896484375 164.90625 172.774993896484375 176.006256103515625 171.806243896484375 161.4250030517578125
122.8874969482421875 120.5437469482421875 118.36875152587890625 118.1750030517578125 117.9875030517578125 118.53749847412109375 117.78749847412109375 117.5187530517578125 116.24375152587890625 116.49375152587890625 117.06874847412109375 113.44374847412109375 107.30625152587890625 101.1437530517578125 97.3562469482421875 89.1687469482421875 79.93125152587890625 83.88124847412109375 87.34375 89.1875 92.27500152587890625 97.43125152587890625 101.49375152587890625 108.83750152587890625 110.92499542236328125 107.2375030517578125 106.6062469482421875 107.97499847412109375 113.78125 117.59999847412109375 119.75 120.5749969482421875 116.84375 117.1999969482421875 125.84999847412109375 135.4812469482421875 150.225006103515625 164.0187530517578125 177.931243896484375 176 179.1999969482421875 169.75 154.1437530517578125
110.2062530517578125 109.0625 109.22499847412109375 109.125 109.2624969482421875 110.875 109.4250030517578125 108.47499847412109375 107.4375 105.84375 104.9562530517578125 103.21875 96.8562469482421875 91.75 89.50624847412109375 83.99375152587890625 75.6374969482421875 68.93125152587890625 76.78749847412109375 76.1750030517578125 80.0437469482421875 86.11875152587890625 94.59999847412109375 101.5749969482421875 106.8000030517578125 104.09999847412109375 101.83750152587890625 107.78749847412109375 112.9375 114.3249969482421875 111.1999969482421875 108.71875 124.93125152587890625 129.837493896484375 134.368743896484375 159.4499969482421875 171.9562530517578125 171.4562530517578125 177.0500030517578125 177.2312469482421875 164.9250030517578125 152.5 140.5625
98.7062530517578125 99.40625 99.71250152587890625 100.23125457763671875 100.91249847412109375 100.6062469482421875 99.63124847412109375 98.31874847412109375 98.56874847412109375 98.5749969482421875 97.0625 90.75 85.75 82.28125 78.7687530517578125 74.9562530517578125 72.03749847412109375 64.34375 61.71250152587890625 62.643749237060546875 70.1437530517578125 79.7312469482421875 80.7937469482421875 90.58750152587890625 96.34375 102.6125030517578125 104.7312469482421875 105.28749847412109375 112.69374847412109375 113.9187469482421875 112.7687530517578125 116.24375152587890625 125.625 128.9375 138.681243896484375 157.462493896484375 163.475006103515625 161.6374969482421875 165.399993896484375 160.118743896484375 149.5625 134.618743896484375 128.506256103515625
