data/historical-monthly-weather-data/wc2.1_cruts4.09_10m_prec_2017-07.asc
ncols        45
nrows        45
xllcorner    -63.500000000000
yllcorner    -7.500000000000
cellsize     0.166666666667
NODATA_value -9999
[rows 0 to 18 of 45, columns 0 to 42 of 45]
100.2937469482421875 87.53749847412109375 85.5124969482421875 86.8000030517578125 87.52500152587890625 93.0749969482421875 99.06874847412109375 104.06874847412109375 112.81874847412109375 122.81874847412109375 130.756256103515625 139.2312469482421875 146.96875 156.881256103515625 167.78125 176.975006103515625 185.4812469482421875 187.943756103515625 191.337493896484375 196.8249969482421875 200.493743896484375 198.4499969482421875 197.46875 195.556243896484375 195.649993896484375 191.962493896484375 189.5812530517578125 187.4187469482421875 183.006256103515625 181.5250091552734375 172.6999969482421875 168.375 168.8562469482421875 165.8562469482421875 162.3000030517578125 155.7624969482421875 146.3000030517578125 144.5749969482421875 135.8125 128.3249969482421875 125.59999847412109375 123.2687530517578125 117.06874847412109375
92.2687530517578125 79.1875 76.1750030517578125 76.4499969482421875 77.09375 82.6999969482421875 88.56874847412109375 94.5 103.6875 112.7687530517578125 120.81874847412109375 128.6999969482421875 136.5500030517578125 145.087493896484375 153.5437469482421875 162.2624969482421875 169.71875 173.9375 179.524993896484375 184.837493896484375 183.1062469482421875 184.493743896484375 185.056243896484375 187.0812530517578125 182.756256103515625 180.5187530517578125 179.256256103515625 178.21875 172.96875 168.0812530517578125 163.6999969482421875 164.1875 163.2624969482421875 163.2312469482421875 160.243743896484375 150.600006103515625 140.84375 136.0437469482421875 126.5749969482421875 120.31874847412109375 118.24375152587890625 113.2375030517578125 107.8625030517578125
83.00624847412109375 73.4562530517578125 72.46250152587890625 72.2062530517578125 72.2937469482421875 76.8874969482421875 82.7624969482421875 89.91249847412109375 98.97499847412109375 107.40000152587890625 114.83750152587890625 121.08750152587890625 129.3937530517578125 134.7937469482421875 141.587493896484375 148.4250030517578125 155.4187469482421875 158.774993896484375 162.3249969482421875 167.962493896484375 166.75 169.0124969482421875 171.193756103515625 172.537506103515625 171.03125 167.21875 170.993743896484375 169.3562469482421875 165.8874969482421875 162.78125 159.0812530517578125 154.03125 153.9562530517578125 156.21875 148.3562469482421875 137.875 131.475006103515625 128.09375 117.94374847412109375 111.7312469482421875 108.24375152587890625 103.97499847412109375 97.6687469482421875
75.40000152587890625 66.4250030517578125 67.22499847412109375 68.90000152587890625 68.99375152587890625 72.5437469482421875 77.48749542236328125 85.21250152587890625 94.9812469482421875 103.43125152587890625 108.2624969482421875 113.7312469482421875 120.21250152587890625 127.3125 131.850006103515625 136.118743896484375 140.59375 143.6687469482421875 148.125 156.1437530517578125 156.46875 154.7375030517578125 156.475006103515625 159.868743896484375 160.5 159.037506103515625 159.818756103515625 155.5749969482421875 155.631256103515625 157.443756103515625 154.493743896484375 149.0625 144.3562469482421875 140.662506103515625 134.587493896484375 131.399993896484375 126.9562530517578125 118.17499542236328125 109.69374847412109375 102.4499969482421875 99.78749847412109375 96.8312530517578125 90.75
76.0437469482421875 65.03125 61.71250152587890625 63.78125 66.56874847412109375 69.5 74.83750152587890625 81.81874847412109375 90.34999847412109375 97.34375 104.1374969482421875 108.33750152587890625 113.91249847412109375 119.28749847412109375 122.7687530517578125 126.31874847412109375 129.2375030517578125 132.475006103515625 133.475006103515625 139.181243896484375 142.006256103515625 140.8125 141.631256103515625 149.1999969482421875 149.8874969482421875 148.6687469482421875 147.5812530517578125 149.0749969482421875 148.6750030517578125 146.506256103515625 145.587493896484375 143.068756103515625 140.75 135.7624969482421875 129.5999908447265625 121.69374847412109375 116.9812469482421875 111.0187530517578125 101.6062469482421875 95.2937469482421875 91.34999847412109375 86 82.22499847412109375
72.8000030517578125 65.2062530517578125 63.631252288818359375 59.77500152587890625 64.1999969482421875 71.80625152587890625 76.8249969482421875 82.58750152587890625 91.28749847412109375 97.30625152587890625 102.22499847412109375 106.3562469482421875 111.46875 113.31874847412109375 117.53749847412109375 120.19374847412109375 120.5124969482421875 120.47499847412109375 122.7624969482421875 128.306243896484375 130.756256103515625 131.756256103515625 134.8312530517578125 137.1750030517578125 140.712493896484375 141.475006103515625 140.8312530517578125 141.475006103515625 140.0124969482421875 138.0500030517578125 136.9250030517578125 137.743743896484375 133.5625 131.149993896484375 124.04375457763671875 117.84999847412109375 108.6062469482421875 103.1687469482421875 97.28125 92.2687530517578125 84.41249847412109375 80.4562530517578125 75.46250152587890625
70.77500152587890625 64.78749847412109375 64.71875 64.83750152587890625 65.71250152587890625 68.69374847412109375 75.59999847412109375 82.80625152587890625 89.15625 95.46250152587890625 100.9562530517578125 102.625 108.08750152587890625 110.40625 111.6750030517578125 114.40000152587890625 115.7312469482421875 112.5 110.75624847412109375 117.54999542236328125 119.8874969482421875 121.06874847412109375 123.1999969482421875 128.287506103515625 131.4250030517578125 135.0187530517578125 137.5625 134.2937469482421875 131.181243896484375 132.8312530517578125 130.7062530517578125 127.21250152587890625 123.38124847412109375 123.0500030517578125 120.0187530517578125 112.4250030517578125 103.3874969482421875 96.83750152587890625 91.7937469482421875 87.21250152587890625 78.86249542236328125 73.08750152587890625 68.99375152587890625
70.1062469482421875 64.28125 65.8625030517578125 68.2062530517578125 70.99375152587890625 76.8000030517578125 79.2312469482421875 79.13124847412109375 83 88.93125152587890625 94.46875 98.6750030517578125 102.99375152587890625 104.6125030517578125 106.7687530517578125 108.30625152587890625 107.90625 105.13124847412109375 103.47499847412109375 104.125 110.34999847412109375 114.3249969482421875 115.9875030517578125 120.7624969482421875 126.1875 126.58750152587890625 128.4875030517578125 124.49375152587890625 124.9250030517578125 123.0124969482421875 124.5500030517578125 121.34375 118.83750152587890625 115.6750030517578125 111.46250152587890625 103.02500152587890625 95.43125152587890625 89.75 82.6875 75.93125152587890625 69.0625 64.88124847412109375 60.63124847412109375
70.3312530517578125 65.90000152587890625 67.4375 71.28125 75.375 79.59375 82.8937530517578125 85.31874847412109375 86.46250152587890625 87.00624847412109375 90.2937469482421875 92.49375152587890625 99.6374969482421875 100.8625030517578125 101.6437530517578125 101.78749847412109375 102.3874969482421875 102.7062530517578125 104.9187469482421875 101.4875030517578125 103.1750030517578125 110.0625 112.33750152587890625 118.69374847412109375 123.19374847412109375 120.75 119.18125152587890625 121.28749847412109375 122.09375 119.0437469482421875 120.8249969482421875 114.72499847412109375 107.7937469482421875 103.33750152587890625 100.74375152587890625 97.6125030517578125 93.0500030517578125 88.6875 79.9875030517578125 71.41249847412109375 63.962497711181640625 59.137500762939453125 55.1875
69.72499847412109375 67.00624847412109375 69.78749847412109375 74.0749969482421875 78.4875030517578125 83.96875 87.22499847412109375 89.8000030517578125 91.93125152587890625 94.21250152587890625 94.125 92.31874847412109375 96.90000152587890625 98.9812469482421875 99.09999847412109375 99.21875 97.25 100.5812530517578125 103.63124847412109375 103.93125152587890625 105.11875152587890625 105.5187530517578125 105.84375 112 115.2375030517578125 117.4562530517578125 115.55625152587890625 116.0500030517578125 114.71250152587890625 112.36875152587890625 111.7937469482421875 105.875 101.7687530517578125 97.34375 93.65000152587890625 91.78125 88.71250152587890625 85.15625 76.9562530517578125 70.2062530517578125 63.731250762939453125 57.549999237060546875 51.137500762939453125
70.66249847412109375 69.1437530517578125 72.0187530517578125 77.15000152587890625 81.61875152587890625 87.21875 91.09999847412109375 91.65625 91.71875 93.78125 95.81874847412109375 95.4187469482421875 93.6437530517578125 96.21250152587890625 93.7312469482421875 92.55625152587890625 92.875 96.44374847412109375 99.75 104.90000152587890625 109.52500152587890625 108.68125152587890625 104.80625152587890625 102.09375 110.15625 118.59999847412109375 117.11875152587890625 114.59375 108.8125 106.13124847412109375 103.74375152587890625 100.8625030517578125 97.90000152587890625 92.9812469482421875 90.81874847412109375 87.96250152587890625 85.3249969482421875 80.0124969482421875 75.68125152587890625 67.99375152587890625 59.94374847412109375 53.33750152587890625 48.30625152587890625
72.625 71.02500152587890625 74.28125 79.7062530517578125 84.8249969482421875 90.4812469482421875 95.0812530517578125 95.7312469482421875 94.16249847412109375 93.0437469482421875 93.6125030517578125 94.7312469482421875 90.3874969482421875 90.0187530517578125 91.08750152587890625 88.4812469482421875 88.8625030517578125 92.4875030517578125 96.5 103.40000152587890625 111.68125152587890625 112.83750152587890625 112.65625 107.5812530517578125 108.5812530517578125 107.38124847412109375 106.09999847412109375 105.96250152587890625 102.53125 99.1437530517578125 94.1750030517578125 91.5 90.2062530517578125 87.97499847412109375 87.41249847412109375 85.96250152587890625 82.1437530517578125 79.53125 70.9187469482421875 63.893749237060546875 56.06874847412109375 50.83750152587890625 43.83750152587890625
72.40000152587890625 72.46250152587890625 76.6062469482421875 80.97499847412109375 85.15625 90.72499847412109375 94.00624847412109375 93.7937469482421875 92.5124969482421875 93.24375152587890625 94.30625152587890625 92.4250030517578125 90.93125152587890625 83.91249847412109375 82.27500152587890625 83.93125152587890625 84.61875152587890625 89.1875 93.68125152587890625 98.7687530517578125 105.00624847412109375 106.96875 109.3312530517578125 106.3125 101.47499847412109375 100.0749969482421875 99.56874847412109375 99.52500152587890625 96.6875 92.375 87.40000152587890625 82.34375 83.02500152587890625 82.08750152587890625 81.55625152587890625 80.96250152587890625 80.30625152587890625 79.53125 74.15000152587890625 64.03125 54.09375 47.668750762939453125 39.487499237060546875
72.9499969482421875 73.1999969482421875 77.4375 81.25 84.72499847412109375 88.6437530517578125 91.1437530517578125 91.4562530517578125 92.84375 91.9187469482421875 92.0812530517578125 90.1437530517578125 85.8000030517578125 80.6125030517578125 74.22499847412109375 77.55625152587890625 77.88124847412109375 83.0625 86.59375 92.0625 96.9562530517578125 100.99375152587890625 103.875 102.71875 98.3562469482421875 95.4875030517578125 92.90000152587890625 89.63124847412109375 86.58750152587890625 82.96250152587890625 81.7624969482421875 78.31874847412109375 76.4812469482421875 75.8625030517578125 76.0812530517578125 78.33750152587890625 80.83750152587890625 82.56874847412109375 78.53125 67.6125030517578125 52.543750762939453125 43.262500762939453125 38.88124847412109375
75.76250457763671875 75.09999847412109375 78.24375152587890625 82.2062530517578125 84.40625 87.03749847412109375 91.09375 91.03125 90.55625152587890625 89.03125 88.22499847412109375 85 81.8249969482421875 78.0812530517578125 69.55625152587890625 70.33750152587890625 71.47499847412109375 75.86875152587890625 79.84375 85.6875 92.03749847412109375 95.68125152587890625 98.74375152587890625 100.1374969482421875 98.8249969482421875 96.84375 93.3249969482421875 88.15625 85.30625152587890625 82.5500030517578125 77.375 74.9812469482421875 76.25624847412109375 74.46875 71.1374969482421875 72.0437469482421875 78.36875152587890625 84.03749847412109375 80.9499969482421875 69.5124969482421875 57.65000152587890625 49.25 46.924999237060546875
76.7062530517578125 76.24375152587890625 79.4250030517578125 81.9875030517578125 84.36875152587890625 88.21250152587890625 89.03749847412109375 88.9250030517578125 88.125 87.4562530517578125 84.96250152587890625 81.96250152587890625 79.0187530517578125 75.34999847412109375 68.99375152587890625 60.924999237060546875 63.818752288818359375 69.31874847412109375 72.78749847412109375 78.83750152587890625 84.1374969482421875 89.8625030517578125 94.59999847412109375 100.3125 100.47499847412109375 97.6687469482421875 91.72499847412109375 84.375 81.63124847412109375 79.38124847412109375 79.15000152587890625 73.6750030517578125 70.96875 68.47499847412109375 66.3562469482421875 73.09999847412109375 77.3000030517578125 81.15625 80.5625 75.09999847412109375 66.1999969482421875 57.799999237060546875 51.012500762939453125
77.55625152587890625 77.24375152587890625 80.55625152587890625 83.66249847412109375 86.2624969482421875 87.34375 89.03749847412109375 88.7937469482421875 87.40625 85.9875030517578125 83.4250030517578125 79.34999847412109375 75.28125 72.8312530517578125 71.3874969482421875 66.1062469482421875 60.581249237060546875 62.481250762939453125 69.27500152587890625 74.5812530517578125 79.15625 85.1750030517578125 92.7624969482421875 100.53125 103.5812530517578125 94.125 84.65625 78.09375 77.09375 77.3249969482421875 77.52500152587890625 76.88124847412109375 73.75624847412109375 71.8625030517578125 77.11875152587890625 79.125 84.15625 90.3000030517578125 91.40000152587890625 78.9875030517578125 68.2624969482421875 58.63124847412109375 49.66249847412109375
79.2624969482421875 80.0437469482421875 82.21875 85.8125 87.99375152587890625 87.49375152587890625 87.80625152587890625 87.83750152587890625 85.8249969482421875 81.5749969482421875 78.84375 77.1437530517578125 73.77500152587890625 71.5500030517578125 71.81874847412109375 70.11875152587890625 65.6062469482421875 59.450000762939453125 67.1374969482421875 71.46875 75.44374847412109375 80.4250030517578125 90.28125 96.46875 97.8562469482421875 88.30625152587890625 78.6875 74.1999969482421875 74.06874847412109375 72.7375030517578125 69.4875030517578125 68.19374847412109375 77.5625 80.9562530517578125 79.88124847412109375 84.96250152587890625 91.47499847412109375 92.78749847412109375 89.5500030517578125 78.8000030517578125 64.41249847412109375 55.231250762939453125 47.03749847412109375
80.81874847412109375 81.55625152587890625 82.65625 85.2062530517578125 88.15000152587890625 88.0812530517578125 86.65000152587890625 86.8937530517578125 85.0187530517578125 80.65000152587890625 77.3312530517578125 73.9250030517578125 71.81874847412109375 71.21875 69.28125 69.7062530517578125 68.2062530517578125 64.34999847412109375 62.487499237060546875 65.19374847412109375 71.9875030517578125 82.19374847412109375 77.3312530517578125 84.1374969482421875 86.16249847412109375 83.7624969482421875 77.4375 71.7937469482421875 71.8874969482421875 71.71250152587890625 70.1687469482421875 70.5 76.84999847412109375 78.0500030517578125 79.25 82.44374847412109375 83.2937469482421875 82.16249847412109375 79.46875 68.61875152587890625 58.69374847412109375 49.80625152587890625 43.362499237060546875
