data/historical-monthly-weather-data/wc2.1_cruts4.09_10m_prec_1998-01.asc
ncols        45
nrows        45
xllcorner    -63.500000000000
yllcorner    -7.500000000000
cellsize     0.166666666667
NODATA_value -9999
[rows 0 to 19 of 45, columns 0 to 44 of 45]
127.53749847412109375 126.65000152587890625 120.61875152587890625 116.0437469482421875 110.47499847412109375 107.4875030517578125 103.1999969482421875 97.5749969482421875 93.21250152587890625 90.33750152587890625 88.56874847412109375 87.8874969482421875 86.6687469482421875 83.5187530517578125 82.5437469482421875 82.88124847412109375 83.34999847412109375 82.49375152587890625 85.3937530517578125 88.3249969482421875 91.7312469482421875 96.16249847412109375 100.8937530517578125 106.13124847412109375 112.97499847412109375 119.63124847412109375 128.256256103515625 138.5437469482421875 149.712493896484375 158.59375 168 177.75 185.975006103515625 196.100006103515625 204.837493896484375 213.243743896484375 218.743743896484375 222.8000030517578125 226.4250030517578125 229.3312530517578125 231.21875 232.7062530517578125 232.8937530517578125 233.431243896484375 233.9187469482421875
135.96875 134.568756103515625 129.8312530517578125 125.16249847412109375 121.2312469482421875 118.9499969482421875 115.1875 111.58750152587890625 108.8125 106.24375152587890625 103.2937469482421875 101 98.1999969482421875 95.71250152587890625 93.9812469482421875 92.81874847412109375 91.96875 92.66249847412109375 95.68125152587890625 100.0749969482421875 104.96250152587890625 110.03125 115.94374847412109375 122.80625152587890625 129.2312469482421875 135.931243896484375 144.850006103515625 154.4499969482421875 164.2687530517578125 173.837493896484375 182.8000030517578125 191.475006103515625 199.4562530517578125 210.6750030517578125 218.875 224.8625030517578125 232.8874969482421875 237.09375 239.4187469482421875 241.506256103515625 243.7062530517578125 244.5625 242.90625 242.568756103515625 241.943756103515625
142.931243896484375 141.725006103515625 137.3874969482421875 133.5124969482421875 130.625 129.46875 127.9562530517578125 126.7624969482421875 125.19374847412109375 123.28125 120.3937530517578125 117.1374969482421875 113.9562530517578125 110.25 107.5437469482421875 104.7312469482421875 103.125 103.625 105.9499969482421875 111.03125 117.05625152587890625 123.96875 130.6999969482421875 137.524993896484375 144.337493896484375 151.212493896484375 160.162506103515625 169.4250030517578125 177.774993896484375 186 195.756256103515625 205.056243896484375 214.625 222.162506103515625 232.087493896484375 237.9812469482421875 245.09375 250.6999969482421875 252.537506103515625 253.15625 255.40625 254.712493896484375 252.6999969482421875 250.9000091552734375 247.6125030517578125
148.4875030517578125 147.412506103515625 145.6062469482421875 142.6374969482421875 141.524993896484375 139.5812530517578125 140.693756103515625 142.6875 143.7062530517578125 143.631256103515625 139.975006103515625 135.3874969482421875 130.9187469482421875 126.32500457763671875 122.81874847412109375 118.88124847412109375 115.50624847412109375 114.25 116.7062530517578125 123.2375030517578125 131.6687469482421875 139.65625 145.46875 153.3249969482421875 160.993743896484375 168.475006103515625 177.5 184.5187530517578125 192.118743896484375 200.3625030517578125 209.3125 219.806243896484375 228.5500030517578125 236.2624969482421875 244.09375 251.912506103515625 257.743743896484375 263.631256103515625 265.73126220703125 267.181243896484375 266.58123779296875 265.943756103515625 263.0625 258.92498779296875 254.587493896484375
158.962493896484375 155.537506103515625 152.53125 151.100006103515625 150.4937591552734375 151.212493896484375 152.8874969482421875 157.375 161.8000030517578125 164.118743896484375 159.5124969482421875 153.8375091552734375 149.2937469482421875 144.693756103515625 140.1687469482421875 135.024993896484375 129.912506103515625 125.8000030517578125 129.5187530517578125 138.243743896484375 148.6687469482421875 156.712493896484375 163.100006103515625 170.7312469482421875 178.4187469482421875 187.4187469482421875 193.443756103515625 199.693756103515625 208.912506103515625 216.3249969482421875 224.818756103515625 231.693756103515625 241.649993896484375 250.943756103515625 258.91876220703125 266.056243896484375 273.23126220703125 276.618743896484375 278.462493896484375 278.793731689453125 279.89373779296875 276.84375 273.443756103515625 267.46875 261.600006103515625
165.90625 162.8874969482421875 159.756256103515625 157.087493896484375 156.2312469482421875 157.8625030517578125 160.75 164.912506103515625 170.1437530517578125 174.337493896484375 170.3000030517578125 166.4812469482421875 162.8312530517578125 159.5812530517578125 155.100006103515625 152.1374969482421875 147.0625 142.7375030517578125 148.5500030517578125 157.96875 167.28125 174.375 181.399993896484375 187.475006103515625 195.0500030517578125 203.1687469482421875 209.3249969482421875 214.850006103515625 222.7624969482421875 231.1750030517578125 238.5124969482421875 245.6125030517578125 252.6125030517578125 261.79376220703125 272.23126220703125 278.193756103515625 284.024993896484375 288.068756103515625 289.631256103515625 290.79376220703125 288.6875 285.76873779296875 280.78125 274.57501220703125 268.07501220703125
172.493743896484375 169.2062530517578125 166.3125 162.2624969482421875 159.7437591552734375 160.1687469482421875 162.9562530517578125 166.475006103515625 170.162506103515625 172.537506103515625 174.587493896484375 175.0187530517578125 175.59375 174.9375 173.037506103515625 172.2687530517578125 171.7312469482421875 173.818756103515625 179.75 184.9187469482421875 188.399993896484375 194 198.0625 203.787506103515625 211.46875 218.193756103515625 223.9375 229.6999969482421875 235.8000030517578125 243.53125 252.5437469482421875 259.693756103515625 265.524993896484375 272.637481689453125 280.993743896484375 288.42498779296875 293.66876220703125 298.306243896484375 301.868743896484375 300.337493896484375 296.45623779296875 292.556243896484375 287.1875 280.84375 273.64373779296875
180.0124969482421875 174.0187530517578125 170.4812469482421875 167.006256103515625 163.881256103515625 164.6875 165.5124969482421875 164.6750030517578125 165 170.337493896484375 178.21875 183.8312530517578125 188.53125 190.100006103515625 191.618743896484375 193.600006103515625 197.46875 204.350006103515625 213.6999969482421875 213.15625 210.5 212.5437469482421875 215.2624969482421875 220.7624969482421875 228.3937530517578125 233.9812469482421875 238.368743896484375 243.25 250.4375 258.38751220703125 265.431243896484375 272.625 277.58123779296875 283.568756103515625 290.39373779296875 296.92498779296875 302.287506103515625 306.774993896484375 308.66876220703125 308.42498779296875 305.5 301.337493896484375 295.82501220703125 288.5 282.618743896484375
186.0437469482421875 179.5812530517578125 176.181243896484375 171.9499969482421875 169.34375 169.1374969482421875 169.2624969482421875 168.3000030517578125 166.774993896484375 170.6125030517578125 183.5 192.6937408447265625 200.7375030517578125 204.5749969482421875 207.462493896484375 210.375 214.7624969482421875 222.256256103515625 230.662506103515625 228.618743896484375 223.65625 225.475006103515625 227.6062469482421875 235.681243896484375 242.743743896484375 247.6750030517578125 251.787506103515625 255.1062469482421875 262.01251220703125 270.23126220703125 277.82501220703125 282.631256103515625 287.131256103515625 291.381256103515625 296.88751220703125 301.912506103515625 307.89373779296875 312.056243896484375 313.70623779296875 313.8125 310.65625 306.381256103515625 303.568756103515625 298.681243896484375 292.38751220703125
191.6374969482421875 184.8000030517578125 180.412506103515625 176.7687530517578125 174.59375 175.09375 175.6125030517578125 176.46875 178.6437530517578125 185.59375 196.475006103515625 206.0625 214.412506103515625 219.5437469482421875 222.65625 225.587493896484375 228.1875 232.1999969482421875 235.100006103515625 234.524993896484375 231.462493896484375 234.0187530517578125 238.193756103515625 248.681243896484375 254.4875030517578125 258.29998779296875 262.125 265.90625 271.23748779296875 278.76873779296875 285.16876220703125 290.162506103515625 294.743743896484375 299.15625 304.15625 307.65625 312 316.131256103515625 317.41876220703125 317.58123779296875 316.806243896484375 313.493743896484375 310.61248779296875 304.82501220703125 300.20001220703125
198.125 191.03125 185.8249969482421875 181.9499969482421875 179.306243896484375 180.850006103515625 182.806243896484375 186.662506103515625 192.125 200.8937530517578125 213.2062530517578125 223.193756103515625 229.600006103515625 234 236.068756103515625 237.4562530517578125 237.587493896484375 238.09375 237.368743896484375 235.6125030517578125 236.212493896484375 239.587493896484375 247.6999969482421875 256.76251220703125 265.962493896484375 268.09375 270.725006103515625 274.3125 278.95001220703125 283.787506103515625 289.618743896484375 295.26873779296875 300.287506103515625 304.850006103515625 308.993743896484375 313.01873779296875 316.350006103515625 318.462493896484375 320.693756103515625 321.84375 321.23748779296875 316.975006103515625 314.51251220703125 309.79998779296875 305.73748779296875
203.412506103515625 196.056243896484375 191.4499969482421875 188.8249969482421875 186.8312530517578125 188.3249969482421875 191.681243896484375 198.375 206.2062530517578125 215.8937530517578125 229.3125 241.4250030517578125 245.506256103515625 247.4562530517578125 248.274993896484375 247.1374969482421875 246.056243896484375 242.712493896484375 240.3312530517578125 236.4812469482421875 236.2624969482421875 241.350006103515625 253.225006103515625 267.0625 274.39373779296875 272.693756103515625 274.743743896484375 277.837493896484375 283.006256103515625 289.256256103515625 294.787506103515625 299.36248779296875 304.21875 308.475006103515625 312.54376220703125 316.381256103515625 319.59375 321.10626220703125 322.912506103515625 324.54376220703125 323.88751220703125 319.36248779296875 313.16876220703125 306.4375 300.212493896484375
209.662506103515625 202.756256103515625 198.774993896484375 196.03125 194.306243896484375 197.7312469482421875 202.0124969482421875 208.40625 217.631256103515625 228.962493896484375 242.7062530517578125 254.9812469482421875 259.26251220703125 257.475006103515625 257.32501220703125 255.5812530517578125 252.6125030517578125 249.662506103515625 245.693756103515625 240.225006103515625 234.75 242.0187530517578125 256.899993896484375 267.90625 269.106231689453125 268.63751220703125 275.193756103515625 281.774993896484375 287.306243896484375 293.98748779296875 299.40625 303.181243896484375 306.70623779296875 310.34375 313.912506103515625 317.39373779296875 319.66876220703125 320.818756103515625 321.67498779296875 322.82501220703125 323.51251220703125 317.71875 305.34375 293.412506103515625 285.63751220703125
214.1875 208.1437530517578125 204.59375 202.3937530517578125 201.524993896484375 204.274993896484375 209.399993896484375 217.818756103515625 227.8562469482421875 239.8125 251.587493896484375 261.4375 264.537506103515625 264.9375 262.95623779296875 262.08123779296875 258.381256103515625 256.04998779296875 251.5437469482421875 247.024993896484375 244.975006103515625 251.149993896484375 260.631256103515625 268.287506103515625 268.76873779296875 270.8125 277.60626220703125 284.39373779296875 292.056243896484375 298.131256103515625 303.23748779296875 306.66876220703125 308.85626220703125 310.693756103515625 314.212493896484375 316.71875 319.087493896484375 320.95001220703125 320 318.48748779296875 315.225006103515625 301.287506103515625 290.46875 283.524993896484375 279.431243896484375
217.3000030517578125 211.71875 209.1750030517578125 207.5500030517578125 208.0500030517578125 211.78125 218.212493896484375 226.1062469482421875 235.78125 246.368743896484375 257.856231689453125 265.73126220703125 269.475006103515625 270.63751220703125 268.53125 266.88751220703125 263.225006103515625 259.79998779296875 256.60626220703125 254.881256103515625 255.6875 259.524993896484375 267.274993896484375 271.993743896484375 275.58123779296875 278.91876220703125 284.36248779296875 291.3125 297.912506103515625 304.350006103515625 308.087493896484375 309.056243896484375 311.76873779296875 311.90625 313.54376220703125 314.493743896484375 317.306243896484375 320.243743896484375 318.07501220703125 307.78125 293.881256103515625 284.91876220703125 281.756256103515625 278.587493896484375 272.61248779296875
219.162506103515625 213.7375030517578125 212.056243896484375 211.1500091552734375 212.53125 217.0749969482421875 224.149993896484375 232.006256103515625 240.756256103515625 251.5500030517578125 262.556243896484375 269.98126220703125 273.975006103515625 275.29376220703125 274.13751220703125 269.462493896484375 266.63751220703125 264.024993896484375 260.899993896484375 260.42498779296875 264.993743896484375 270.16876220703125 276.66876220703125 280.15625 283.08123779296875 286.4375 290.45623779296875 298.149993896484375 305.618743896484375 312.368743896484375 315.381256103515625 314.32501220703125 311.868743896484375 310.368743896484375 309.6875 312.856231689453125 315.91876220703125 317.162506103515625 312.82501220703125 298.899993896484375 280.09375 273.4375 273.568756103515625 270.431243896484375 265.931243896484375
218.931243896484375 214.3249969482421875 212.65625 212.8625030517578125 215.4375 220.5500030517578125 228.243743896484375 236.193756103515625 245.03125 254.8812408447265625 266.11248779296875 274.100006103515625 278.13751220703125 279.57501220703125 278.818756103515625 274.86248779296875 266.54998779296875 263.931243896484375 263.4375 266.33123779296875 272.212493896484375 279.53125 286.068756103515625 287.92498779296875 291.375 293.212493896484375 295.806243896484375 303.21875 312.6875 320.5 324.225006103515625 321.631256103515625 315.26251220703125 309.28125 309.92498779296875 312.993743896484375 314.399993896484375 317.125 316.85626220703125 298.875 280.04998779296875 271.75 267.443756103515625 264.17498779296875 260.33123779296875
217.443756103515625 213.181243896484375 211.8625030517578125 213.0187530517578125 215.4375 221.5500030517578125 229.53125 237.6687469482421875 246.368743896484375 256.5 266.21875 276.125 281.41876220703125 283.318756103515625 282.04998779296875 276.5 267.70001220703125 261.381256103515625 264.787506103515625 269.01873779296875 278.25 286.837493896484375 293.912506103515625 295.21875 297.037506103515625 299.181243896484375 299.40625 308.48126220703125 320.54998779296875 329.975006103515625 331.462493896484375 320.20001220703125 312.056243896484375 307.28125 305.318756103515625 307.51251220703125 312.42498779296875 315.256256103515625 311.38751220703125 299.9375 282.01873779296875 270.92498779296875 264.63751220703125 260.79998779296875 257
213.1750030517578125 209.5500030517578125 209.09375 211.337493896484375 214.7375030517578125 221.3562469482421875 228.34375 237.368743896484375 246.618743896484375 256.712493896484375 266.14373779296875 274.03125 281.25 287.15625 284.274993896484375 275.537506103515625 264.96875 258.3125 258.38751220703125 265.712493896484375 280.08123779296875 292.70623779296875 295.98748779296875 299.46875 301.51873779296875 304.868743896484375 308.1875 314.787506103515625 326.899993896484375 336.899993896484375 339.100006103515625 322.931243896484375 309.84375 297.568756103515625 292.350006103515625 297.98126220703125 305.193756103515625 307.818756103515625 307.17498779296875 297.568756103515625 282.71875 270.14373779296875 262.36248779296875 258.5 254.443756103515625
208.100006103515625 204.756256103515625 204.943756103515625 206.693756103515625 211.006256103515625 219.274993896484375 227.15625 235.318756103515625 244.40625 254.2375030517578125 262.800018310546875 270.88751220703125 281.13751220703125 291.26873779296875 284.243743896484375 269.537506103515625 256.662506103515625 254.1374969482421875 255.4375 262.04998779296875 274.868743896484375 285.54376220703125 295.743743896484375 299.65625 303.181243896484375 308.912506103515625 312.51251220703125 319.48126220703125 326.39373779296875 330.774993896484375 329.274993896484375 315.881256103515625 299.88751220703125 283.087493896484375 274.681243896484375 282.63751220703125 296.9375 306.57501220703125 307.162506103515625 299.368743896484375 285.037506103515625 269.868743896484375 262.931243896484375 258.368743896484375 253.6875
