data/historical-monthly-weather-data/wc2.1_cruts4.09_10m_prec_1978-02.asc
ncols        51
nrows        45
xllcorner    -63.500000000000
yllcorner    -7.500000000000
cellsize     0.166666666667
NODATA_value -9999
[rows 0 to 19 of 45, columns 0 to 43 of 51]
151.181243896484375 149.2937469482421875 144.868743896484375 142.8312530517578125 138.931243896484375 137.6062469482421875 134.9562530517578125 130.225006103515625 125.5625 123.25 123.97499847412109375 123.9375 123.2937469482421875 118.66249847412109375 115.875 113.41249847412109375 111.78125 108.25 107.78125 107.86875152587890625 108.86875152587890625 110.0437469482421875 112.66249847412109375 116.1437530517578125 120.4875030517578125 125.59999847412109375 132.1437530517578125 139.3000030517578125 146.9499969482421875 152.6750030517578125 159.024993896484375 165.912506103515625 171.6062469482421875 177.868743896484375 184.6999969482421875 189.3937530517578125 192.056243896484375 193.9250030517578125 194.587493896484375 193.25 192.850006103515625 191.368743896484375 188.243743896484375 187.7624969482421875
157.850006103515625 156.375 154.4812469482421875 151.90625 150.0500030517578125 150.8312530517578125 149.3312530517578125 148.3312530517578125 146.912506103515625 144.9625091552734375 143.725006103515625 141.024993896484375 137.868743896484375 133.350006103515625 129.1374969482421875 125.02500152587890625 121.91249847412109375 119.3937530517578125 118.7937469482421875 118.6062469482421875 119.43125152587890625 121.28749847412109375 124.0749969482421875 127.6999969482421875 131.5500030517578125 136.868743896484375 143 150.3937530517578125 157.712493896484375 163.7375030517578125 169.3874969482421875 177.3249969482421875 183.8562469482421875 191.462493896484375 198.100006103515625 202.40625 205.0124969482421875 206.181243896484375 206.1374969482421875 204.2687530517578125 203.0124969482421875 200.8249969482421875 196.9499969482421875 195.412506103515625
164.306243896484375 163.475006103515625 162.0625 160.774993896484375 160.59375 162.1437530517578125 164.0500030517578125 166.8312530517578125 168.3874969482421875 167.100006103515625 164.1437530517578125 159.568756103515625 154.2937469482421875 147.9812469482421875 142.037506103515625 136.493743896484375 131.8125 129.3874969482421875 128.100006103515625 127.6374969482421875 128.662506103515625 131.5500030517578125 134.037506103515625 137.774993896484375 143.068756103515625 147.774993896484375 154.0812530517578125 161.8625030517578125 168.375 174.0437469482421875 181.0625 188.8937530517578125 196.431243896484375 203.2062530517578125 211.0749969482421875 214.125 217.0437469482421875 219.368743896484375 218.0500030517578125 215.7624969482421875 213.6687469482421875 210.1374969482421875 205.59375 201.5
168.899993896484375 168.868743896484375 169.53125 169.71875 172.9187469482421875 174.9562530517578125 179.399993896484375 185.59375 190.4562530517578125 191.3312530517578125 186.899993896484375 178.912506103515625 169.9562530517578125 161.3625030517578125 154.40625 147.75 142.100006103515625 137.899993896484375 136.5 137.3312530517578125 139.2312469482421875 141.7062530517578125 143.7062530517578125 147.931243896484375 153.068756103515625 158.181243896484375 165.40625 172.84375 179.28125 185.8874969482421875 192.556243896484375 201.9250030517578125 208.8125 216.3625030517578125 223.399993896484375 227.53125 230.46875 232.318756103515625 231.5812530517578125 229.1437530517578125 225.006256103515625 220.243743896484375 214.6750030517578125 208.818756103515625
177.475006103515625 175.75 175.1437530517578125 177.3874969482421875 182.4562530517578125 187 192.4562530517578125 202.1875 212.368743896484375 217.2312469482421875 207.9187469482421875 195.087493896484375 184.88751220703125 175.306243896484375 166.368743896484375 158.8125 152.493743896484375 146.868743896484375 145.743743896484375 146.9499969482421875 149.5437469482421875 151.125 153.5124969482421875 158.274993896484375 163.3249969482421875 169.006256103515625 174.84375 181.6875 190.287506103515625 197.8000030517578125 205.4499969482421875 213.7687530517578125 222.1374969482421875 230.1687469482421875 237.212493896484375 241.462493896484375 245.3562469482421875 247.774993896484375 246.8312530517578125 242.787506103515625 238.3874969482421875 231.287506103515625 223.4812469482421875 216.475006103515625
184.75 184.5124969482421875 183.1125030517578125 184.125 188.84375 195.037506103515625 202.256256103515625 212.1999969482421875 224.1125030517578125 232.2937469482421875 219.90625 206.0500030517578125 195.8874969482421875 186.8562469482421875 178.3312530517578125 171.6437530517578125 164.412506103515625 158.6750030517578125 157.78125 158.9375 160.493743896484375 162.1062469482421875 164.3625030517578125 168.5124969482421875 172.8562469482421875 178.943756103515625 185.3312530517578125 191.881256103515625 199.78125 207.743743896484375 216.1374969482421875 225.0749969482421875 232.4499969482421875 242.568756103515625 250.7624969482421875 255.274993896484375 259.912506103515625 262.962493896484375 263.337493896484375 259.51873779296875 253.024993896484375 244.5812530517578125 235.743743896484375 227.4812469482421875
192.818756103515625 192.9562530517578125 192.2312469482421875 191.7750091552734375 195.431243896484375 200.225006103515625 206.587493896484375 213.2937469482421875 221.1999969482421875 223.443756103515625 218.881256103515625 210.943756103515625 203.212493896484375 196.100006103515625 189.6687469482421875 184.0187530517578125 179.024993896484375 175.4562530517578125 173.725006103515625 172 171.3625030517578125 172.6062469482421875 173.5625 177.2312469482421875 183.2624969482421875 188.693756103515625 195.2624969482421875 202.6437530517578125 209 216.787506103515625 226.9124908447265625 236.59375 245.1062469482421875 252.6875 261.03125 267.92498779296875 272.850006103515625 277.38751220703125 280.09375 276.4375 267.79998779296875 258.618743896484375 249.3125 239.8249969482421875
200.40625 199.6374969482421875 198.818756103515625 200.21875 203.306243896484375 205.65625 208.037506103515625 209.8125 211.149993896484375 212.4499969482421875 214.28125 213.28125 209.787506103515625 204.1999969482421875 199.375 195.568756103515625 192.118743896484375 190.59375 189.53125 184.274993896484375 181.3874969482421875 181.4499969482421875 182.068756103515625 186.306243896484375 192.4812469482421875 198.0625 204.774993896484375 211.537506103515625 218.90625 227.0187530517578125 236.1437530517578125 247.100006103515625 255.59375 263.993743896484375 271.993743896484375 278.256256103515625 283.95623779296875 288.756256103515625 290.962493896484375 288.60626220703125 282.07501220703125 273.556243896484375 264.13751220703125 253.3249969482421875
208.3562469482421875 207.6999969482421875 206.6437530517578125 207.9375 209.8625030517578125 209.806243896484375 210.725006103515625 209.8874969482421875 207.3937530517578125 208.037506103515625 212.756256103515625 215.9875030517578125 215.375 211.90625 207.318756103515625 204.2687530517578125 200.8937530517578125 198.556243896484375 197.4187469482421875 191.1687469482421875 187.1999969482421875 187.149993896484375 188.34375 194.818756103515625 201.431243896484375 207.193756103515625 213.2687530517578125 219.931243896484375 227.818756103515625 235.524993896484375 244.9375 255.7125091552734375 263.818756103515625 271.4375 279.16876220703125 286.45001220703125 292.837493896484375 298.23748779296875 302.04376220703125 301.53125 296.71875 289.70623779296875 282.20001220703125 273.01873779296875
216.1374969482421875 215.5437469482421875 214.818756103515625 215.0500030517578125 215.6999969482421875 214.774993896484375 215.4875030517578125 214.5124969482421875 214.5124969482421875 215.6875 219.7375030517578125 221.462493896484375 222.5437469482421875 219.412506103515625 215.274993896484375 210.693756103515625 206.1374969482421875 202.493743896484375 197.8625030517578125 192.537506103515625 190.274993896484375 191.40625 194.381256103515625 203.1875 210.381256103515625 216.125 222.681243896484375 228.5 236.9375 244.6062469482421875 252.4250030517578125 262.15625 270.337493896484375 279.024993896484375 287.368743896484375 294.71875 301.681243896484375 306.787506103515625 311.53125 313.8125 312.662506103515625 308.024993896484375 301.243743896484375 292.23748779296875
222.9875030517578125 222.225006103515625 221.3562469482421875 221.068756103515625 220.8249969482421875 219.8625030517578125 220.25 220.96875 222.5749969482421875 224.9499969482421875 229.162506103515625 231.1750030517578125 230.9499969482421875 227.6062469482421875 222.5124969482421875 216.6750030517578125 210.25 204.2687530517578125 197.9625091552734375 192.912506103515625 191.181243896484375 193.3874969482421875 199.3375091552734375 207.962493896484375 218.7062530517578125 224.693756103515625 230.4187469482421875 237.2062530517578125 244.4812469482421875 251.2312469482421875 259.35626220703125 268.337493896484375 275.962493896484375 284.60626220703125 294.45001220703125 302.83123779296875 308.912506103515625 315.70001220703125 321.462493896484375 324.600006103515625 325.70623779296875 322.46875 317.725006103515625 310.59375
229.506256103515625 228.399993896484375 226.868743896484375 226.7062530517578125 226.8312530517578125 226.193756103515625 226.8937530517578125 229.5625 231.837493896484375 234.9875030517578125 239.8874969482421875 242.6437530517578125 240.618743896484375 235.8562469482421875 230.1687469482421875 222.725006103515625 215.34375 207.556243896484375 199.5625 193.100006103515625 191.03125 194.462493896484375 203.524993896484375 216.0124969482421875 226.899993896484375 231.78125 236.787506103515625 243.306243896484375 250.8562469482421875 258.318756103515625 266.01873779296875 273.71875 281.35626220703125 289.46875 298.88751220703125 307.868743896484375 316.28125 323.95623779296875 330.65625 335.1875 338.0625 335.274993896484375 328.82501220703125 319.86248779296875
233.306243896484375 232.6437530517578125 231.787506103515625 231.493743896484375 232.6437530517578125 233.006256103515625 234.931243896484375 237.59375 240.1999969482421875 244.881256103515625 249.8312530517578125 252.5749969482421875 249.9499969482421875 243.006256103515625 236.1687469482421875 227.556243896484375 219.3937530517578125 211.5500030517578125 203.75 196.1374969482421875 191.850006103515625 196.28125 207.006256103515625 219.4812469482421875 228.5500030517578125 234.0625 241.256256103515625 248.59375 256.20001220703125 263.625 271.17498779296875 278.475006103515625 284.524993896484375 292.725006103515625 302.212493896484375 310.98748779296875 319.78125 329.98748779296875 338.431243896484375 344.51873779296875 349.95001220703125 346.54376220703125 336.41876220703125 325.01873779296875
235.875 235.462493896484375 235.03125 235.3562469482421875 237.3312530517578125 238.3937530517578125 241.712493896484375 245.1374969482421875 248.568756103515625 252.8125 256.89373779296875 257.75 254.818756103515625 249.2750091552734375 240.6062469482421875 232.274993896484375 223.181243896484375 216.0749969482421875 208.4562530517578125 202.412506103515625 201.0124969482421875 204.6687469482421875 212.4812469482421875 221.7937469482421875 229.875 236.193756103515625 244.6062469482421875 252.506256103515625 260.95623779296875 267.09375 274.29998779296875 280.725006103515625 286.181243896484375 294.20623779296875 303.11248779296875 312.9375 324.193756103515625 336.17498779296875 347.568756103515625 355.212493896484375 358.85626220703125 350.67498779296875 341.631256103515625 332.38751220703125
238.1374969482421875 237.412506103515625 237.71875 239.65625 241.3125 243.7687530517578125 248.337493896484375 252 256.08123779296875 260.20623779296875 263 263.756256103515625 260.9375 255.6062469482421875 247.3249969482421875 238.2624969482421875 229.71875 222.725006103515625 216.28125 211.975006103515625 212.087493896484375 214.7312469482421875 220.625 228.118743896484375 234.7687530517578125 241.9250030517578125 250.381256103515625 257.818756103515625 265.743743896484375 271.95623779296875 277.087493896484375 281.67498779296875 286.881256103515625 293.306243896484375 302.068756103515625 312.07501220703125 326.42498779296875 342.46875 357.4375 366.9375 367.65625 360.399993896484375 351.725006103515625 340.618743896484375
238.975006103515625 238.2312469482421875 239.3312530517578125 241.931243896484375 244.9499969482421875 248.306243896484375 253.399993896484375 257.17498779296875 262.04998779296875 267.29376220703125 270.48748779296875 271.375 268.943756103515625 263.17498779296875 254.5812530517578125 243.7687530517578125 236.4187469482421875 231.068756103515625 225.9875030517578125 222.6875 222.6125030517578125 224.7312469482421875 229.2312469482421875 236.243743896484375 241.274993896484375 246.787506103515625 254.256256103515625 262.38751220703125 271.006256103515625 276.912506103515625 281.76873779296875 283.837493896484375 285.024993896484375 288.9375 295.087493896484375 306.899993896484375 324.274993896484375 345.3125 367.087493896484375 380.087493896484375 382.118743896484375 371.462493896484375 359.162506103515625 345.868743896484375
237.46875 238.068756103515625 239.725006103515625 243.0500030517578125 247.21875 251.46875 257.10626220703125 262.10626220703125 267.63751220703125 273.743743896484375 278.63751220703125 280.46875 279.01251220703125 273.75 264.39373779296875 253.0500030517578125 243.6875 238.006256103515625 233.5124969482421875 231.2687530517578125 232.3562469482421875 234.493743896484375 237.7062530517578125 243.6875 248.6062469482421875 251.475006103515625 257.20623779296875 266.131256103515625 275.912506103515625 283.068756103515625 286.837493896484375 286.962493896484375 284.35626220703125 281.725006103515625 285.868743896484375 298.006256103515625 317.243743896484375 345.931243896484375 378.92498779296875 389.84375 389.01873779296875 376.53125 360.806243896484375 345.85626220703125
233.7937469482421875 235.5187530517578125 239 243.774993896484375 248.625 253.625 259.962493896484375 265.75 271.85626220703125 278.23126220703125 284.70623779296875 289.4375 291.056243896484375 286.70001220703125 277.42498779296875 265.8125 252.931243896484375 243.21875 239.899993896484375 237.46875 240.65625 242.587493896484375 243.9312591552734375 247.993743896484375 252.306243896484375 255.5500030517578125 260.243743896484375 270.26873779296875 281.443756103515625 289.46875 292.006256103515625 285.524993896484375 279.625 274.20001220703125 274.20623779296875 282.850006103515625 307.475006103515625 337.20001220703125 367.1875 380.59375 380 369.118743896484375 356.45001220703125 344.51873779296875
229.162506103515625 232.2375030517578125 236.693756103515625 241.681243896484375 247.712493896484375 254.600006103515625 260.993743896484375 268.21875 275.64373779296875 282.29376220703125 290.29376220703125 296.618743896484375 301.48126220703125 301.88751220703125 290.975006103515625 275.67498779296875 260.774993896484375 248.3000030517578125 242.475006103515625 240.850006103515625 245.625 248.5187530517578125 246.46875 249.96875 254.4875030517578125 259.42498779296875 266.100006103515625 275.95001220703125 288 297.51251220703125 300.45001220703125 290.64373779296875 278.92498779296875 266.162506103515625 260.087493896484375 270.20623779296875 295.4375 323.70001220703125 349.40625 362.67498779296875 365.875 357.48748779296875 349.45623779296875 341.57501220703125
224.8125 227.868743896484375 233.0749969482421875 238.8874969482421875 246.462493896484375 254.5 262.524993896484375 269.493743896484375 277.3125 284.67498779296875 292.475006103515625 300.51251220703125 309.600006103515625 316.20001220703125 302.318756103515625 280.631256103515625 262.13751220703125 250.7312469482421875 244.2375030517578125 242.118743896484375 243.8625030517578125 244.9375 246.931243896484375 250.712493896484375 255.649993896484375 261.29376220703125 270.07501220703125 281.53125 291.88751220703125 300.056243896484375 300.65625 293.63751220703125 277.431243896484375 258.475006103515625 245.4875030517578125 258.83123779296875 288.51873779296875 317.23126220703125 338.681243896484375 351.006256103515625 353.13751220703125 346.443756103515625 344.131256103515625 340.381256103515625
