data/historical-monthly-weather-data/wc2.1_cruts4.09_10m_prec_2010-07.asc
ncols        51
nrows        45
xllcorner    -63.500000000000
yllcorner    -7.500000000000
cellsize     0.166666666667
NODATA_value -9999
[rows 0 to 18 of 45, columns 0 to 43 of 51]
249.774993896484375 241.6875 234.1999969482421875 231.53125 225.9187469482421875 223.068756103515625 220.4250030517578125 215.9499969482421875 217.443756103515625 220.9499969482421875 220.6374969482421875 220.71875 219.7937469482421875 222.1687469482421875 225.587493896484375 226.59375 227.056243896484375 221.8937530517578125 218.4250030517578125 218 218.3625030517578125 213.09375 209.225006103515625 205.2687530517578125 203.6374969482421875 198.287506103515625 195.318756103515625 192.774993896484375 188.1374969482421875 187.756256103515625 179.975006103515625 176.78125 178.625 176.837493896484375 174.71875 171.287506103515625 164.712493896484375 166.9375 161.8000030517578125 158.0812530517578125 160.131256103515625 162.8125 160.381256103515625 160.306243896484375
241.712493896484375 232.8000030517578125 225.5187530517578125 223.53125 220.475006103515625 218.6374969482421875 216.149993896484375 213.9375 216.15625 217.7312469482421875 217.475006103515625 216.3125 215.3625030517578125 215.71875 215.6374969482421875 216.0437469482421875 215.125 211.3125 209.5124969482421875 208.243743896484375 202.875 201.71875 199.837493896484375 200.1875 193.9375 190.1062469482421875 188.1062469482421875 186.4375 180.649993896484375 176.787506103515625 173.631256103515625 175.618743896484375 175.96875 177.2375030517578125 175.743743896484375 169.524993896484375 163.3125 162.78125 157.2687530517578125 155.6437530517578125 159.3625030517578125 159.0187530517578125 157.9875030517578125 155.1875
223.375 220.631256103515625 219.037506103515625 215.5749969482421875 211.2312469482421875 208.53125 208.1062469482421875 210.3874969482421875 213.712493896484375 215.09375 214.600006103515625 211.21875 211.693756103515625 207.7687530517578125 205.693756103515625 203.96875 203.0187530517578125 199.09375 195.943756103515625 196.0500030517578125 191.5437469482421875 191.6062469482421875 191.6374969482421875 191.006256103515625 187.3312530517578125 181.337493896484375 184.243743896484375 181.443756103515625 177.006256103515625 174.681243896484375 171.9812469482421875 167.78125 169.1687469482421875 173.225006103515625 166.475006103515625 159.5500030517578125 157.524993896484375 159.2062530517578125 153.587493896484375 152.9562530517578125 155.9562530517578125 157.0437469482421875 154.818756103515625 153.96875
207.6750030517578125 202.243743896484375 205.21875 207.306243896484375 202.8874969482421875 199.21875 198.462493896484375 204.125 210.7687530517578125 213.693756103515625 209.274993896484375 205.28125 203.524993896484375 203.09375 197.9250030517578125 192.90625 189.21875 186.1875 185.443756103515625 189.6125030517578125 187.0500030517578125 182.59375 182.2312469482421875 183.65625 181.881256103515625 177.9250030517578125 177.131256103515625 170.899993896484375 169.787506103515625 172.4375 170.21875 165.337493896484375 161.787506103515625 159.431243896484375 154.774993896484375 156.46875 157.1999969482421875 152.7312469482421875 150.006256103515625 148.90625 154.4499969482421875 158.037506103515625 156.3125 154.975006103515625
213.681243896484375 200.03125 189.337493896484375 192.024993896484375 195.375 191.6062469482421875 193.5437469482421875 199.0187530517578125 204.4875030517578125 206 206.8312530517578125 201.1750030517578125 198.618743896484375 196.056243896484375 189.7312469482421875 184.243743896484375 178.9812469482421875 177.318756103515625 173.306243896484375 175.868743896484375 176.6687469482421875 172.850006103515625 171.5 177.6875 175.59375 171.4250030517578125 168.056243896484375 167.7937469482421875 165.743743896484375 163.8125 163.5812530517578125 161.78125 161.100006103515625 157.5 152.9250030517578125 149.318756103515625 150.0124969482421875 149.4187469482421875 146.09375 147.3249969482421875 151.96875 152 154.3562469482421875 155.6999969482421875
205.350006103515625 198.056243896484375 189.9812469482421875 172.75 178.9250030517578125 188.5124969482421875 190.287506103515625 193.368743896484375 200.5124969482421875 201.181243896484375 199.6125030517578125 195.306243896484375 193.09375 185.8312530517578125 182.375 177.0749969482421875 169.5124969482421875 164.912506103515625 164.149993896484375 167.868743896484375 168.225006103515625 166.8874969482421875 168.118743896484375 167.8125 168.875 166.7937469482421875 163.712493896484375 162.306243896484375 158.912506103515625 157.381256103515625 157.1687469482421875 159.4187469482421875 157.1062469482421875 157.0187530517578125 151.712493896484375 150.3625030517578125 145.287506103515625 145.368743896484375 147.5500030517578125 151.8000030517578125 150.8000030517578125 153.537506103515625 153.75 153.181243896484375
199.850006103515625 193.6062469482421875 187.125 178.8812408447265625 172.837493896484375 170.818756103515625 178.212493896484375 185.4375 188.6750030517578125 191.556243896484375 192.53125 185.0812530517578125 184.912506103515625 179.6999969482421875 173.25 169.6437530517578125 164.96875 157.2624969482421875 152.3874969482421875 159.1999969482421875 159.40625 158.0500030517578125 157.899993896484375 160.931243896484375 161.368743896484375 162.5187530517578125 163.03125 156.875 151.4812469482421875 154.3874969482421875 153.3312530517578125 150.875 149.3625030517578125 152.34375 152.462493896484375 149.4187469482421875 144.4250030517578125 143.006256103515625 146.962493896484375 152.6374969482421875 151.25 150.649993896484375 152.631256103515625 151.725006103515625
197.462493896484375 188.431243896484375 184.25 179.962493896484375 177.037506103515625 181.4250030517578125 178.0812530517578125 169.7624969482421875 169.462493896484375 173.1437530517578125 175.818756103515625 174.5625 173.6687469482421875 168.6437530517578125 165.375 161.600006103515625 155.84375 149.912506103515625 146.274993896484375 145.6374969482421875 151.256256103515625 153.4875030517578125 152.4812469482421875 155.0437469482421875 158.274993896484375 155.337493896484375 155.1374969482421875 148.068756103515625 146.818756103515625 145.84375 149.4812469482421875 147.71875 148.2375030517578125 148.1750030517578125 147.056243896484375 142.6062469482421875 139.181243896484375 138.7624969482421875 139.5437469482421875 141.318756103515625 142.125 144.243743896484375 145.4562530517578125 143.7375030517578125
193.7249908447265625 186.03125 180.8125 179.7312469482421875 179.306243896484375 179.600006103515625 178.2624969482421875 175.306243896484375 169.5812530517578125 163.274993896484375 162.524993896484375 158.8562469482421875 163.5500030517578125 158.993743896484375 155.818756103515625 152.162506103515625 149.725006103515625 148.462493896484375 150.212493896484375 143.75 143.1812591552734375 149.506256103515625 149.412506103515625 154.1374969482421875 156.2312469482421875 149.84375 145.899993896484375 146.631256103515625 146.318756103515625 144.6187591552734375 149.3375091552734375 144.4812469482421875 139.4812469482421875 137.5500030517578125 138.443756103515625 140.712493896484375 141.274993896484375 142.681243896484375 140.8312530517578125 139.149993896484375 138.3874969482421875 138.875 140.6999969482421875 137.5187530517578125
187.2062530517578125 181.75 179.256256103515625 178.756256103515625 178.587493896484375 181.40625 179.712493896484375 177.0124969482421875 173.443756103515625 170.5500030517578125 163.8062591552734375 153.774993896484375 154.681243896484375 152.28125 150.1374969482421875 148.5500030517578125 143.9375 147.149993896484375 149.9375 148.587493896484375 147.2062530517578125 144.649993896484375 142.0812530517578125 146.774993896484375 147.493743896484375 147.212493896484375 143.306243896484375 142.65625 140.287506103515625 140.0124969482421875 142.5500030517578125 138.2624969482421875 136.8312530517578125 134.8874969482421875 134.118743896484375 137.7687530517578125 140.125 142.3937530517578125 141.1687469482421875 142.993743896484375 144.587493896484375 142.3125 138.0187530517578125 131.3937530517578125
184.493743896484375 180.1187591552734375 177.1999969482421875 178.274993896484375 177.8125 180.625 180.131256103515625 173.524993896484375 166.59375 163.850006103515625 161.3000030517578125 154.375 145.7062530517578125 145.03125 140.568756103515625 138.693756103515625 138.8687591552734375 142.556243896484375 145.587493896484375 151.0625 154.462493896484375 150.0749969482421875 141.7687530517578125 134.8562469482421875 142.225006103515625 150.03125 147.131256103515625 143.25 135.9187469482421875 135.743743896484375 136.462493896484375 136.587493896484375 136.75 134.0749969482421875 135.5062408447265625 137.53125 140.1750030517578125 139.0812530517578125 144.537506103515625 144.4250030517578125 142.1437530517578125 138.53125 137.462493896484375 127.33750152587890625
181.1374969482421875 175.443756103515625 173.5500030517578125 175.431243896484375 176.4375 179.1875 180.0749969482421875 173.943756103515625 164.5124969482421875 156.6687469482421875 152.3499908447265625 149.78125 139.1125030517578125 135.4250030517578125 136.506256103515625 132.5 132.7375030517578125 136.4250030517578125 140.399993896484375 148.2624969482421875 157.0437469482421875 155.53125 152.306243896484375 142.443756103515625 140.806243896484375 136.84375 135.1374969482421875 135.193756103515625 131.5437469482421875 130.6374969482421875 128.006256103515625 128.368743896484375 130.5812530517578125 131.40625 135.068756103515625 139.193756103515625 139.8125 143.274993896484375 139.96875 139.9812469482421875 136.693756103515625 135.9375 128.7624969482421875 117.03125
172.2937469482421875 169.881256103515625 170.1999969482421875 169.8937530517578125 169.28125 172.118743896484375 170.875 163.7687530517578125 155.5812530517578125 151.40625 148.493743896484375 143.0437469482421875 138.6999969482421875 126.41249847412109375 123.3937530517578125 125.5437469482421875 126.02500152587890625 130.9875030517578125 135.587493896484375 140.8249969482421875 146.9499969482421875 146.899993896484375 147.4875030517578125 140.868743896484375 132.1125030517578125 128.475006103515625 128.5749969482421875 129.7312469482421875 127.58750152587890625 125.5749969482421875 122.8874969482421875 119.75624847412109375 124.53125 127 130.4375 135.78125 141.6999969482421875 148.5749969482421875 151.4187469482421875 144.40625 135.287506103515625 130.7062530517578125 119.15625 111.1687469482421875
165.2375030517578125 162.7062530517578125 163.493743896484375 162.493743896484375 160.9562530517578125 161.0500030517578125 158.9250030517578125 153.4499969482421875 150.46875 144.1999969482421875 140.59375 136.6750030517578125 129.6437530517578125 121.36875152587890625 111.24375152587890625 115.68125152587890625 115.4375 121.3249969482421875 124.4812469482421875 130.3249969482421875 134.868743896484375 138.09375 139.774993896484375 136.2062530517578125 128.600006103515625 123.5749969482421875 121.72499847412109375 119.3874969482421875 117.4875030517578125 116.3312530517578125 118.84375 118.03125 118.84375 121.49375152587890625 125.8937530517578125 136.09375 147.993743896484375 160.181243896484375 166.0749969482421875 157.21875 134.8937530517578125 121.88124847412109375 120.66249847412109375 127.9875030517578125
159.8937530517578125 155.475006103515625 154.46875 154.5 151.368743896484375 149.8687591552734375 151.0124969482421875 145.84375 141.3562469482421875 135.7312469482421875 131.90625 126.75624847412109375 122.05625152587890625 116.43125152587890625 103.1125030517578125 103.59375 104.4375 109.11875152587890625 112.9812469482421875 119.36875152587890625 126.31874847412109375 129.40625 131.818756103515625 132.6437530517578125 129.993743896484375 126.9812469482421875 124.50624847412109375 120.1999969482421875 119.09999847412109375 119.1750030517578125 115.7624969482421875 116.2937469482421875 121.88124847412109375 122.52500152587890625 120.9187469482421875 129.225006103515625 149.056243896484375 170.274993896484375 178.65625 168.5437469482421875 154.0124969482421875 143.28125 148.78125 143.7750091552734375
150.9250030517578125 147.1812591552734375 146.868743896484375 144.9812469482421875 142.90625 144.0500030517578125 140.4875030517578125 136.125 132.631256103515625 129.7937469482421875 124.6125030517578125 120.28125 116.3125 111.0625 100.9812469482421875 88.4499969482421875 91.8000030517578125 98.03125 101.2062530517578125 107.93125152587890625 113.7624969482421875 120.125 125.21250152587890625 132.7312469482421875 133.024993896484375 129.8125 124.71250152587890625 117.8249969482421875 117.2624969482421875 117.96250152587890625 121.8562469482421875 117.5 116.53749847412109375 115.6374969482421875 115.8625030517578125 135.4250030517578125 152.931243896484375 172.350006103515625 186.399993896484375 190.556243896484375 184.8125 173.6999969482421875 165 151.6750030517578125
142.4499969482421875 139.25 139.6374969482421875 139.193756103515625 138.1999969482421875 135.4187469482421875 133.90625 130.0749969482421875 126.96875 124.26250457763671875 120.0749969482421875 114.59375 109.24375152587890625 105.96875 103.02500152587890625 94.4812469482421875 85.6374969482421875 86.8562469482421875 94.65000152587890625 100.30625152587890625 105.46250152587890625 112.5124969482421875 121.8312530517578125 132.8625030517578125 138.0749969482421875 126.875 117.31874847412109375 111.71250152587890625 113.91249847412109375 118.1687469482421875 122.7062530517578125 125.96875 124.3562469482421875 124.6374969482421875 138.318756103515625 151.306243896484375 173.2687530517578125 200.96875 221.5500030517578125 209.662506103515625 198.9187469482421875 182.243743896484375 164.162506103515625 153.78125
133.9625091552734375 132.8937530517578125 131.9375 132.912506103515625 131.8562469482421875 127.88124847412109375 125.4875030517578125 123.24375152587890625 120.46875 114.86249542236328125 111.41249847412109375 109.33750152587890625 104.8937530517578125 101.84999847412109375 101.28749847412109375 97.8625030517578125 90.55625152587890625 80.78125 89.77500152587890625 94.25 98.9499969482421875 105.06874847412109375 117.8000030517578125 127.6062469482421875 131.5875091552734375 120.97499847412109375 111.1999969482421875 108.5625 112.1999969482421875 113.83750152587890625 112.3562469482421875 114.0187530517578125 133.868743896484375 144.0124969482421875 147.381256103515625 167.8312530517578125 194.912506103515625 214.100006103515625 225.1125030517578125 216.662506103515625 194.28125 177.568756103515625 160.5812530517578125 150.34375
126.05625152587890625 125.06874847412109375 123.0749969482421875 123.05625152587890625 123.7624969482421875 121.5749969482421875 117.8874969482421875 116.9187469482421875 115.36875152587890625 110.74375152587890625 107.2624969482421875 102.75624847412109375 99.9375 99.03125 95.43125152587890625 94.97499847412109375 91.8562469482421875 85.3937530517578125 81.72499847412109375 84.2624969482421875 92.9562530517578125 106.2062530517578125 100.30625152587890625 111.4812469482421875 116.9375 116.6750030517578125 111.6999969482421875 107.40625 111.6437530517578125 114.8312530517578125 115.8562469482421875 120.1374969482421875 135.5562591552734375 142.4875030517578125 150.649993896484375 168.068756103515625 183.6687469482421875 196.6750030517578125 206.993743896484375 195.53125 183.1999969482421875 165.6374969482421875 153.337493896484375 144.100006103515625
