data/historical-monthly-weather-data/wc2.1_cruts4.09_10m_prec_2008-08.asc
ncols        51
nrows        45
xllcorner    -63.500000000000
yllcorner    -7.500000000000
cellsize     0.166666666667
NODATA_value -9999
[rows 0 to 18 of 45, columns 0 to 42 of 51]
89.4499969482421875 84.25624847412109375 82.3000030517578125 83.0124969482421875 84.52500152587890625 89.06874847412109375 91.55625152587890625 95.34375 100.58750152587890625 104.94374847412109375 106.3562469482421875 110.8000030517578125 116.72499847412109375 120.36875152587890625 125.6875 128.181243896484375 132 133.96875 135.2687530517578125 139.556243896484375 140.3874969482421875 138.9250030517578125 137.6374969482421875 136.15625 133.274993896484375 130.631256103515625 130.9187469482421875 132.7687530517578125 128.475006103515625 127.9187469482421875 122.9499969482421875 122.21875 121.80625152587890625 118.88124847412109375 117.63124847412109375 118.15000152587890625 117.44374847412109375 118.38124847412109375 120.5749969482421875 121.77500152587890625 123.71875 127.3874969482421875 128.256256103515625
86.8000030517578125 80.93125152587890625 80.58750152587890625 81.3312530517578125 83.28125 87.24375152587890625 88.69374847412109375 92.25 98.1374969482421875 102.78125 105.5812530517578125 111.0749969482421875 114.75624847412109375 117.18125152587890625 121.22499847412109375 125.9375 128.2062530517578125 130.943756103515625 134.193756103515625 138.287506103515625 138.756256103515625 137.024993896484375 135.6687469482421875 135.1437530517578125 131.8125 127.84999847412109375 129.71875 129.431243896484375 125.1750030517578125 123.05625152587890625 121.33750152587890625 119.7312469482421875 119 118.5500030517578125 116.84999847412109375 116.4875030517578125 113.96250152587890625 116.72499847412109375 117.7624969482421875 118.96250152587890625 123.68125152587890625 125.84375 128.8625030517578125
83.74375152587890625 79.8874969482421875 80.53125 82.3562469482421875 84.4875030517578125 88.2312469482421875 91.03749847412109375 94.40625 99.0124969482421875 103.03749847412109375 107.16249847412109375 112.09375 114.88124847412109375 115.4499969482421875 118.44374847412109375 121.86875152587890625 124.5 126.18125152587890625 128.274993896484375 129.568756103515625 131.3125 132.15625 131.3249969482421875 132 127.7937469482421875 125.53749847412109375 128.1750030517578125 125.71875 121.3874969482421875 120.1687469482421875 116.83750152587890625 115.19374847412109375 114.80625152587890625 115.3312530517578125 112.7312469482421875 110.00624847412109375 109.65000152587890625 112.16249847412109375 112.9562530517578125 116.3312530517578125 122.875 126.46875 131.712493896484375
81.06874847412109375 76.90000152587890625 79.03749847412109375 81.75 83.3874969482421875 87.08750152587890625 90.99375152587890625 94.9499969482421875 101.1125030517578125 105.03125 107.53125 110.50624847412109375 113.19374847412109375 113.3312530517578125 115.53749847412109375 117.8000030517578125 120.41249847412109375 121.55625152587890625 122.6999969482421875 126.40625 127.1875 126.63124847412109375 125.69374847412109375 127 124.3937530517578125 122.28749847412109375 123.6062469482421875 118.66249847412109375 115.1875 114.3000030517578125 111.78749847412109375 108.81874847412109375 106.7312469482421875 105.625 104.21250152587890625 103.88124847412109375 106.4499969482421875 107.875 107.96250152587890625 113.6125030517578125 119.1875 126.24375152587890625 131.8625030517578125
85.7624969482421875 79.5625 77.09999847412109375 78.3562469482421875 81.5500030517578125 85.13124847412109375 88.7624969482421875 94.94374847412109375 102.3312530517578125 106.2937469482421875 107.53125 109.1875 111.02500152587890625 111.6999969482421875 112.75 114.8249969482421875 115.84375 115.3562469482421875 115.58750152587890625 119.22499847412109375 122.75 120.71875 120.7375030517578125 124.00624847412109375 120.49375152587890625 117.8937530517578125 116.11875152587890625 114.65625 111.1750030517578125 107.5500030517578125 107.2624969482421875 103.5 102.5124969482421875 102.09375 100.8625030517578125 99.47499847412109375 100.4250030517578125 102.34375 103.06874847412109375 107.3125 116.24375152587890625 123.5749969482421875 132.725006103515625
86.8249969482421875 80.69374847412109375 77.15000152587890625 73.625 76.19374847412109375 83.21250152587890625 87.94374847412109375 92.7624969482421875 100.2937469482421875 104.16249847412109375 103.77500152587890625 105.2062530517578125 107.65000152587890625 108.7937469482421875 109.27500152587890625 111.125 110.69374847412109375 108.8562469482421875 110.09999847412109375 113.18125152587890625 116.7312469482421875 117.52500152587890625 118.3874969482421875 117.0812530517578125 116.1875 114.58124542236328125 112.5625 109.84375 107.1750030517578125 102.6125030517578125 101.7687530517578125 100.3625030517578125 98.0187530517578125 98.0749969482421875 95.66249847412109375 96.58750152587890625 96.41249847412109375 96.375 98.90000152587890625 105.1062469482421875 111.3625030517578125 119.9562530517578125 129.5187530517578125
88.1687469482421875 82.90625 79.5 76.36875152587890625 75.93125152587890625 79.41249847412109375 83.6374969482421875 88.09999847412109375 90.96875 94.9187469482421875 97.0749969482421875 99.77500152587890625 103.8000030517578125 105.4375 106.875 108.1062469482421875 107.34999847412109375 105.9562530517578125 105.6062469482421875 109.16249847412109375 111.86875152587890625 113.96250152587890625 115.19374847412109375 114.78125 113.21250152587890625 112.19374847412109375 109.41249847412109375 105.5749969482421875 100.53749847412109375 98.8249969482421875 96.8125 94.30625152587890625 93.9250030517578125 93.80625152587890625 92.3874969482421875 92.2375030517578125 91.2062530517578125 91.7312469482421875 95.3000030517578125 101.50624847412109375 107.3125 115.53749847412109375 126.27500152587890625
89.9187469482421875 83.8562469482421875 81.8937530517578125 79.6062469482421875 79.6687469482421875 83.0124969482421875 83.13124847412109375 80.36875152587890625 80.0625 83.99375152587890625 90.4250030517578125 94.4562530517578125 98.46250152587890625 101.2062530517578125 103.2687530517578125 104.1062469482421875 104.1999969482421875 102.82500457763671875 101.90625 104.0437469482421875 108.28749847412109375 111.0437469482421875 111.375 110.46875 110.7312469482421875 108.20000457763671875 104.36875152587890625 100.83750152587890625 96.7062530517578125 92.7062530517578125 92.5 89.9499969482421875 88.46250152587890625 89.18125152587890625 86.6374969482421875 86.09375 85.3874969482421875 85.3000030517578125 87.65000152587890625 92.15000152587890625 98.47499847412109375 107.09999847412109375 116.9562530517578125
91.3625030517578125 85.7312469482421875 84.45624542236328125 81.6374969482421875 80.8874969482421875 82.6437530517578125 83.25 81.5 77.7312469482421875 77.65000152587890625 82.93125152587890625 87.53125 94.2624969482421875 97.3562469482421875 98.875 99.3562469482421875 100.96250152587890625 100.8312530517578125 102.68125152587890625 102.7062530517578125 105.59375 109.125 109.11875152587890625 111.1437530517578125 110.08750152587890625 105.74375152587890625 99.71250152587890625 97.4875030517578125 93.6687469482421875 89.9250030517578125 89.5812530517578125 85.49375152587890625 82.74375152587890625 80.8000030517578125 79.5124969482421875 80.625 80.8562469482421875 81.19374847412109375 82.46250152587890625 86.0625 90.66249847412109375 96.16249847412109375 102.7624969482421875
91.93125152587890625 86.8312530517578125 85.03125 83.4250030517578125 82.6125030517578125 83.90625 85.74375152587890625 83.78749847412109375 81.1374969482421875 82.3312530517578125 84.6125030517578125 86.1125030517578125 91.9250030517578125 95.56874847412109375 95.3937530517578125 95.9499969482421875 96.1750030517578125 98.50624847412109375 100.81874847412109375 102.8625030517578125 105.6875 106.9875030517578125 106.59999847412109375 108.0749969482421875 106.1374969482421875 101.6750030517578125 96.1437530517578125 92.875 87.91875457763671875 84.25624847412109375 81.74375152587890625 78.71250152587890625 78.2375030517578125 77.77500152587890625 77.4499969482421875 77.9187469482421875 77.1687469482421875 76.69374847412109375 78.6062469482421875 81.3000030517578125 84.13124847412109375 86.78125 90.14374542236328125
94.1687469482421875 89.09375 86.3125 84.4250030517578125 84.28749847412109375 86.8249969482421875 88.22499847412109375 85.02500152587890625 83.34999847412109375 83.43125152587890625 86.27500152587890625 87.8249969482421875 90.56874847412109375 92.69374847412109375 90.9250030517578125 90.02500152587890625 90.65000152587890625 94.40625 97.34999847412109375 101.3874969482421875 107.46250152587890625 108.80625152587890625 107.625 105.1125030517578125 105.2687530517578125 101.09999847412109375 95.74375152587890625 90.46875 83.43125152587890625 78.7312469482421875 77.46250152587890625 75.06874847412109375 76.0124969482421875 76 74.4812469482421875 73.8874969482421875 72.83750152587890625 72.93125152587890625 73.65000152587890625 74.7312469482421875 75.8000030517578125 77.4250030517578125 80.34375
95.4562530517578125 90.86875152587890625 88.15625 86.93125152587890625 87.0625 89.53125 91.4187469482421875 89.11875152587890625 86.90000152587890625 86.3125 87.8312530517578125 88.36875152587890625 88.2624969482421875 87.53125 88.5187530517578125 87.58750152587890625 87.46250152587890625 89.86875152587890625 94.1687469482421875 100.1687469482421875 106.91249847412109375 109.03749847412109375 108.8125 106.9375 104.08750152587890625 94.94374847412109375 89.28749847412109375 85.1374969482421875 79.28749847412109375 75.61875152587890625 73.4187469482421875 72.7937469482421875 72 71.7937469482421875 71.7312469482421875 72.2624969482421875 71.4875030517578125 70.46875 68.69374847412109375 67.1437530517578125 67.4875030517578125 68.53125 69.61875152587890625
95.875 90.4812469482421875 88.4375 86.4375 87.25624847412109375 88.90000152587890625 88.7687530517578125 87.96250152587890625 86.13124847412109375 86.2375030517578125 87.58750152587890625 87.69374847412109375 85.66249847412109375 82.25624847412109375 81.28125 81.625 81.1687469482421875 85.11875152587890625 89.24375152587890625 93.6750030517578125 101.25 104.5187530517578125 105.21250152587890625 100.52500152587890625 92.59999847412109375 85.2312469482421875 82.94374847412109375 79.9562530517578125 77.3000030517578125 74.3249969482421875 71.50624847412109375 69.86875152587890625 70.47499847412109375 68.36875152587890625 68.88124847412109375 70.9375 73.11875152587890625 71.56874847412109375 70.13124847412109375 65.25624847412109375 60.28749847412109375 62.174999237060546875 61.856250762939453125
95.21875 89.0812530517578125 86.58750152587890625 85.77500152587890625 85.59375 86.1750030517578125 86.0749969482421875 86.41249847412109375 84.80625152587890625 85.0625 85.1750030517578125 83.0500030517578125 81.0187530517578125 77.6125030517578125 73.1437530517578125 74.50624847412109375 75.125 78.63124847412109375 80.2624969482421875 83.7312469482421875 91.03749847412109375 94.50624847412109375 95.7062530517578125 92.81874847412109375 87.2687530517578125 82.2062530517578125 79.9812469482421875 77.74375152587890625 75.3625030517578125 73.4562530517578125 71.7937469482421875 68.77500152587890625 68.74375152587890625 67.5437469482421875 69.55625152587890625 73.72499847412109375 76.52500152587890625 78.59375 77.6999969482421875 70.5812530517578125 58.83750152587890625 55.262500762939453125 57.375
92.5437469482421875 87.75624847412109375 84.6999969482421875 82.9250030517578125 82.9875030517578125 83.36875152587890625 83.18125152587890625 82.56874847412109375 81.09375 81.28749847412109375 79.8874969482421875 78.3312530517578125 75.9375 71.69374847412109375 67.19374847412109375 66.1062469482421875 66.71875 68.6062469482421875 70.77500152587890625 74.4562530517578125 81.1750030517578125 85.50624847412109375 88.13124847412109375 88.5625 86.83750152587890625 84.58750152587890625 81.53125 78.3937530517578125 75.0500030517578125 72.7624969482421875 70.09375 68.28125 68.46250152587890625 68.88124847412109375 69.8562469482421875 74.71250152587890625 80.44374847412109375 88.75624847412109375 90.125 80.625 72.40000152587890625 67.9250030517578125 69.3249969482421875
88.4375 84.5437469482421875 82.43125152587890625 80.8000030517578125 80.0437469482421875 81.0625 81.0625 79.16249847412109375 78 77.4875030517578125 76.06874847412109375 73.2062530517578125 69.8312530517578125 65.91249847412109375 62.106250762939453125 58.18125152587890625 58.325000762939453125 60.18125152587890625 61.99375152587890625 65.77500152587890625 71.8249969482421875 77.4812469482421875 83.11875152587890625 87.0500030517578125 87.97499847412109375 86.4875030517578125 83.63124847412109375 79.1999969482421875 75.25 73.3562469482421875 71.77500152587890625 69.72499847412109375 68.75 69.1750030517578125 71.3625030517578125 81.41249847412109375 89.80625152587890625 98.27500152587890625 101.95624542236328125 97.9562530517578125 92.56874847412109375 85.91249847412109375 80.09375
86.09999847412109375 82.65000152587890625 80.1750030517578125 78.9499969482421875 77.21875 78.5124969482421875 79.16249847412109375 78.125 75.67499542236328125 75.1374969482421875 73.66249847412109375 69.44374847412109375 65.68125152587890625 61.59375 57.74375152587890625 53.99375152587890625 50.4375 51.30625152587890625 54.299999237060546875 58.356250762939453125 62.862499237060546875 69.93125152587890625 78.0625 86.33750152587890625 90.5 88.9187469482421875 83.77500152587890625 79.4812469482421875 74.5 71.90000152587890625 71.7937469482421875 72.3625030517578125 73.31874847412109375 74.80625152587890625 85.08750152587890625 95.21250152587890625 104.03125 116.2375030517578125 123.61875152587890625 114.78125 105.30625152587890625 94.21250152587890625 84.1125030517578125
81.15625 78.75 77.09999847412109375 76.46875 75.02500152587890625 76.38124847412109375 75.66249847412109375 74.99375152587890625 73.15625 72.0625 70.6374969482421875 67 61.90000152587890625 57.19374847412109375 53.549999237060546875 49.762500762939453125 46.200000762939453125 44.018749237060546875 47.762500762939453125 50.21250152587890625 55.450000762939453125 62.381252288818359375 71.84999847412109375 80.77500152587890625 88.03749847412109375 88.77500152587890625 85.5500030517578125 80.78125 74.71875 70.94374847412109375 67.3874969482421875 66.83750152587890625 77.03125 88.2937469482421875 96.40625 108.66249847412109375 120.43125152587890625 129.3249969482421875 130.5187530517578125 123.7312469482421875 108.28749847412109375 97.81874847412109375 88.11875152587890625
76.24375152587890625 74.33750152587890625 73.52500152587890625 73.3625030517578125 73.125 73.6374969482421875 73.55625152587890625 72.58750152587890625 72.55625152587890625 72.125 70.24375152587890625 64.2687530517578125 59.40625 55.018749237060546875 50.231250762939453125 47.21250152587890625 43.47499847412109375 40.4375 41.0625 44.02500152587890625 51.59375 63.568752288818359375 63.59375 73.28749847412109375 81.3249969482421875 87.40000152587890625 86.65000152587890625 81.375 77.4499969482421875 70.3937530517578125 65.875 69.4375 81.9499969482421875 92.02500152587890625 102.40625 114.5187530517578125 121.47499847412109375 124.27500152587890625 125.96250152587890625 118.31874847412109375 108.3312530517578125 98.6687469482421875 89.63124847412109375
