data/historical-monthly-weather-data/wc2.1_cruts4.09_10m_prec_2005-06.asc
ncols        51
nrows        45
xllcorner    -63.500000000000
yllcorner    -7.500000000000
cellsize     0.166666666667
NODATA_value -9999
[rows 0 to 18 of 45, columns 0 to 42 of 51]
355.82501220703125 360.76873779296875 360.649993896484375 371.381256103515625 376.28125 380.243743896484375 376.1875 369.681243896484375 355.818756103515625 354.09375 355.13751220703125 350.0625 345.20001220703125 336.28125 325.743743896484375 317.100006103515625 306.11248779296875 295.98126220703125 285.8125 279.256256103515625 277.631256103515625 267.5625 259.36248779296875 249.2750091552734375 241.475006103515625 235.5124969482421875 235.243743896484375 237.443756103515625 233.193756103515625 230.15625 222.40625 221.056243896484375 223.787506103515625 222.1687469482421875 221.125 220.649993896484375 219.4499969482421875 219.881256103515625 214.9499969482421875 212.4562530517578125 213.25 218.837493896484375 216.631256103515625
344.4375 350.41876220703125 359.556243896484375 369.14373779296875 381.100006103515625 384.649993896484375 379.943756103515625 372.306243896484375 366.618743896484375 363.10626220703125 359.087493896484375 350.212493896484375 335.21875 323.01251220703125 309.9375 298.96875 285.568756103515625 272.618743896484375 262.125 256.875 253.2937469482421875 244.4187469482421875 238.568756103515625 231.149993896484375 223.3874969482421875 216.381256103515625 216.5437469482421875 216.2375030517578125 213.193756103515625 207.6687469482421875 205.225006103515625 209.006256103515625 210.7375030517578125 212.337493896484375 214.243743896484375 211.3249969482421875 212.0749969482421875 211.8625030517578125 207.8562469482421875 206.318756103515625 209.962493896484375 206.212493896484375 210.181243896484375
319.274993896484375 333.98126220703125 342.84375 347.04998779296875 359.743743896484375 367.60626220703125 367.54376220703125 370.912506103515625 366.73748779296875 362.350006103515625 354.193756103515625 339.712493896484375 326.118743896484375 306.45001220703125 291.04998779296875 278.399993896484375 263.04376220703125 250.96875 241.118743896484375 233.725006103515625 230.068756103515625 226.0749969482421875 219.037506103515625 215.09375 204.181243896484375 195.9250030517578125 199.40625 197.46875 192.25 193.462493896484375 190.787506103515625 192.15625 194.375 198.475006103515625 198.9187469482421875 193.1999969482421875 196.975006103515625 200.8000030517578125 198.6125030517578125 198.6437530517578125 204.600006103515625 203.868743896484375 205.0625
292.100006103515625 300.100006103515625 314.618743896484375 324.868743896484375 332.912506103515625 341.131256103515625 348.90625 355.818756103515625 357.8125 356.287506103515625 344.35626220703125 326.006256103515625 307.40625 287.087493896484375 272.38751220703125 259.01873779296875 240.9250030517578125 230.5187530517578125 221.2375030517578125 220.350006103515625 214.100006103515625 204.4250030517578125 198.5749969482421875 195.681243896484375 184.6125030517578125 176.6374969482421875 177.5437469482421875 174.09375 173.03125 176.0625 176.899993896484375 176.90625 179.556243896484375 179.787506103515625 181.181243896484375 186.337493896484375 191.5187530517578125 193.4375 191.6062469482421875 192.4499969482421875 197.306243896484375 201.368743896484375 202.1125030517578125
288.07501220703125 291.79376220703125 287.399993896484375 299.649993896484375 315.318756103515625 319.181243896484375 328.10626220703125 341.806243896484375 350.9375 351.118743896484375 338.243743896484375 309.537506103515625 290.57501220703125 272.20001220703125 254.087493896484375 239.7937469482421875 224.725006103515625 209.9187469482421875 200.5187530517578125 197.524993896484375 190.931243896484375 184.524993896484375 179.287506103515625 174.8125 164.4187469482421875 157.6374969482421875 156.462493896484375 158.068756103515625 157.90625 158.537506103515625 162.993743896484375 166.381256103515625 168.09375 170.84375 175.96875 177.4875030517578125 182.649993896484375 188.1999969482421875 185.7375030517578125 184.9875030517578125 190.78125 194.693756103515625 197.4187469482421875
269.15625 277.462493896484375 275.375 268.08123779296875 286.91876220703125 303.21875 308.17498779296875 317.712493896484375 331.181243896484375 333.98126220703125 315.84375 290.23126220703125 273.225006103515625 256.318756103515625 237.1125030517578125 223.46875 208.131256103515625 194.1125030517578125 187.337493896484375 181.8874969482421875 177.4187469482421875 170.1812591552734375 163.7375030517578125 155.6374969482421875 149.2375030517578125 143.7687530517578125 141.46875 143.15625 143.868743896484375 145.618743896484375 152.475006103515625 157.037506103515625 162.4375 164.8000030517578125 166.350006103515625 174.3874969482421875 176.493743896484375 175.5500030517578125 178.2937469482421875 184.5749969482421875 186.899993896484375 192.8249969482421875 193.537506103515625
257.024993896484375 261.70001220703125 261.34375 259.9375 260.13751220703125 263.79998779296875 268.912506103515625 284.443756103515625 287.662506103515625 290.118743896484375 281.356231689453125 263.262481689453125 252.3249969482421875 240.3312530517578125 223.84375 210.1374969482421875 198.100006103515625 184.725006103515625 173.225006103515625 168.1374969482421875 159.1062469482421875 152.712493896484375 145.537506103515625 140.443756103515625 137.6374969482421875 132.537506103515625 130.125 130.181243896484375 131 138.5437469482421875 141.96875 144.649993896484375 149.4499969482421875 156.5 164.225006103515625 167.556243896484375 165.868743896484375 168.162506103515625 170.524993896484375 178.256256103515625 181.0500030517578125 185.3312530517578125 189.59375
242.4187469482421875 241.7624969482421875 242.5187530517578125 248.399993896484375 249.6750030517578125 256.13751220703125 248.1062469482421875 241.4437408447265625 234.8625030517578125 241.625 243.5437469482421875 236.7687530517578125 230.975006103515625 221.443756103515625 211.7624969482421875 199.71875 185.4499969482421875 173.4187469482421875 161.649993896484375 151.15625 150.2312469482421875 141.493743896484375 133.3000030517578125 127.9499969482421875 125.1687469482421875 119.02500152587890625 117.9375 118.21875 119.4562530517578125 124.08750152587890625 133.4375 136.53125 142.84375 149.1062469482421875 152.787506103515625 155.2312469482421875 157.03125 159.3937530517578125 158.6750030517578125 161.931243896484375 167.6437530517578125 175.9562530517578125 176.40625
228.2312469482421875 229.7062530517578125 227.662506103515625 230.3874969482421875 233.7375030517578125 233.756256103515625 235.34375 233.7687530517578125 219.1125030517578125 210.3125 209.8000030517578125 209.181243896484375 211.850006103515625 206.0749969482421875 198.4124908447265625 186.431243896484375 179.6687469482421875 170.368743896484375 160.5812530517578125 147.693756103515625 136.6750030517578125 134.0625 122.8125 121.27500152587890625 115.46250152587890625 110.3000030517578125 109.7312469482421875 111.8249969482421875 116.1687469482421875 120.8312530517578125 130.9187469482421875 129.274993896484375 130.1999969482421875 134.7937469482421875 142.5187530517578125 150.375 154.8874969482421875 159.412506103515625 159.1125030517578125 158.712493896484375 160.287506103515625 161.5625 169.6875
215.2937469482421875 217.256256103515625 215.9562530517578125 217.9812469482421875 220.100006103515625 219.0625 219.3000030517578125 214.4562530517578125 209.2062530517578125 202.8125 196.1062469482421875 186.743743896484375 192.09375 191.1875 186.2624969482421875 178.7375030517578125 170.0124969482421875 166.5500030517578125 157.9250030517578125 148.493743896484375 134.6125030517578125 125.1374969482421875 113.24375152587890625 109.6750030517578125 103.3000030517578125 100.7624969482421875 101.40000152587890625 102.8937530517578125 105.3937530517578125 113.53749847412109375 121.9562530517578125 123.83750152587890625 128.46875 133.9250030517578125 138.0749969482421875 143.568756103515625 150.03125 156.587493896484375 159.03125 164.59375 169.21875 170.5625 166.024993896484375
205.8312530517578125 205.71875 204.0500030517578125 204.1875 203.8000030517578125 205.5812530517578125 201.1999969482421875 197.1374969482421875 195.149993896484375 191.806243896484375 188.243743896484375 180.7312469482421875 175.96875 176.6687469482421875 172.0625 166.9875030517578125 160.3625030517578125 153.71875 149.350006103515625 145.587493896484375 139.65625 125.9499969482421875 109.3249969482421875 95.375 93.56874847412109375 95.96875 98.09999847412109375 98.18125152587890625 98.8937530517578125 105.8249969482421875 113.7375030517578125 118.375 124.65625 131.056243896484375 136.5625 138.9375 145.118743896484375 149.65625 158.7624969482421875 162.8562469482421875 166.631256103515625 165.399993896484375 165.4375
194.443756103515625 195.056243896484375 196.2375030517578125 193.4187469482421875 193.59375 191.7624969482421875 192.53125 190.40625 187.71875 179.662506103515625 178.8812408447265625 174.0625 162.350006103515625 162.375 162.8312530517578125 157.3562469482421875 151.287506103515625 146.5437469482421875 144.256256103515625 146.1125030517578125 140.943756103515625 128.65625 110.9375 94.24375152587890625 88.81874847412109375 87.0812530517578125 88.3312530517578125 91.43125152587890625 95.53749847412109375 101.1125030517578125 104.44374847412109375 111.90000152587890625 118.8625030517578125 122.9375 130.868743896484375 137.9499969482421875 146.2375030517578125 152.274993896484375 153.71875 162.493743896484375 167.256256103515625 165.1374969482421875 153.868743896484375
187.412506103515625 186.618743896484375 185.975006103515625 183.3125 184.274993896484375 180.743743896484375 179.9312591552734375 178.46875 173.6437530517578125 169.337493896484375 167.28125 164.6062469482421875 158.631256103515625 147.4375 144.681243896484375 143.162506103515625 139.368743896484375 137.368743896484375 131.2624969482421875 132.21875 130.162506103515625 119.5625 105.9875030517578125 92.5812530517578125 81.9250030517578125 79.02500152587890625 83.03749847412109375 87.6437530517578125 93.27500152587890625 100.58750152587890625 103.1125030517578125 106.2312469482421875 115.15625 117.6374969482421875 124.59375 133.431243896484375 145.5500030517578125 154.6437530517578125 166.506256103515625 170.350006103515625 167.5124969482421875 162.84375 144.3937530517578125
178.7624969482421875 178.131256103515625 176.193756103515625 174.125 171.8000030517578125 169.931243896484375 167.225006103515625 167.225006103515625 164.7375030517578125 159.443756103515625 156.5812530517578125 150.537506103515625 146.412506103515625 139.2312469482421875 127.65000152587890625 129.0124969482421875 125.13124847412109375 121.72499847412109375 118.3937530517578125 118.28749847412109375 115.5187530517578125 106.7375030517578125 96.2624969482421875 88.36875152587890625 81.0812530517578125 75.95624542236328125 78.0812530517578125 81.77500152587890625 87.15000152587890625 93.5124969482421875 99.99375152587890625 104.52500152587890625 110.6687469482421875 117.18125152587890625 120.8874969482421875 135 151.306243896484375 165.693756103515625 178.5625 179.2062530517578125 161.649993896484375 149.8937530517578125 147.0749969482421875
166.5187530517578125 166.568756103515625 166.75 166.03125 163.431243896484375 161.243743896484375 159.84375 157.8125 154.712493896484375 150.7624969482421875 146.34375 140.868743896484375 135.662506103515625 127.05625152587890625 114.5 114.03125 111.5437469482421875 111.0500030517578125 105.84375 104.72499847412109375 103.5187530517578125 97.09375 90.90000152587890625 86.4187469482421875 83.5625 80.03749847412109375 82.72499847412109375 86.0437469482421875 92.2312469482421875 95.0749969482421875 97.08750152587890625 103.49375152587890625 113.6750030517578125 115.59999847412109375 115.3312530517578125 122.8000030517578125 146.4250030517578125 171.443756103515625 181.4375 177.712493896484375 171.243743896484375 167.78125 171.1125030517578125
156.9124908447265625 155.6687469482421875 156.09375 154.0187530517578125 154.7062530517578125 153.3312530517578125 150.806243896484375 147.568756103515625 146.587493896484375 145.59375 140.8562469482421875 134.181243896484375 128.4250030517578125 120.03125 109.3625030517578125 97.11875152587890625 97.3625030517578125 99.2687530517578125 95.05625152587890625 93.84999847412109375 92.2937469482421875 88.5749969482421875 85.7937469482421875 85.3937530517578125 84.1374969482421875 82.03749847412109375 83.8874969482421875 88.4812469482421875 93.28749847412109375 100.15000152587890625 103.8937530517578125 106.24375152587890625 106.5500030517578125 106.28125 106.50624847412109375 128.5500030517578125 141.9375 160.399993896484375 176.5812530517578125 185.9250030517578125 190.587493896484375 188.96875 180.5124969482421875
146.162506103515625 146.5625 145.25 146.0437469482421875 146.4499969482421875 145.756256103515625 143.1750030517578125 141.006256103515625 136.8249969482421875 134.40625 132.6062469482421875 127.1062469482421875 119.06874847412109375 110.96875 104.84999847412109375 94.09999847412109375 82.4812469482421875 83.6062469482421875 84.0187530517578125 82.5187530517578125 80.5812530517578125 80.0187530517578125 78.84375 82.625 82.77500152587890625 79.27500152587890625 81.66249847412109375 86.05625152587890625 94.2375030517578125 101.875 108.3125 113.4875030517578125 113.7937469482421875 117.91249847412109375 130.21875 141.537506103515625 157.9875030517578125 173.556243896484375 189.3312530517578125 188.2312469482421875 192.962493896484375 186.1999969482421875 172.4187469482421875
133.625 135.2312469482421875 136.6999969482421875 137.5500030517578125 138.350006103515625 139.0187530517578125 135.5625 132.618743896484375 128.71875 124.08750152587890625 120.65000152587890625 117.4375 109.1750030517578125 102.30625152587890625 97.97499847412109375 90.08750152587890625 79.31874847412109375 69.80625152587890625 74.97499847412109375 71.40625 70.2937469482421875 70.68125152587890625 73.1999969482421875 77.21875 80.34375 78.06874847412109375 79.18125152587890625 87.1999969482421875 94.8625030517578125 100.0812530517578125 101.2687530517578125 102.68125152587890625 121.68125152587890625 130.1125030517578125 138.0500030517578125 165.350006103515625 179.537506103515625 180.225006103515625 187.600006103515625 189.2624969482421875 177.7624969482421875 167.5187530517578125 157.537506103515625
122.33750152587890625 126.03125 127.61875152587890625 129.2312469482421875 130.7624969482421875 129.068756103515625 126.2937469482421875 122.94374847412109375 120.5437469482421875 117.7375030517578125 113.5124969482421875 105.06874847412109375 98.34999847412109375 93.40000152587890625 87.7687530517578125 81.83750152587890625 76.9250030517578125 66.3937530517578125 61.356250762939453125 59.71875 62 65.56874847412109375 62.25624847412109375 69.00624847412109375 73.125 78.125 82.6750030517578125 86.43125152587890625 95.9250030517578125 100.71250152587890625 103.3562469482421875 110.11875152587890625 122.22499847412109375 128.625 141.4187469482421875 162.0437469482421875 169.412506103515625 168.7624969482421875 174.5812530517578125 170.868743896484375 161.4812469482421875 148.2312469482421875 144.368743896484375
