data/historical-monthly-weather-data/wc2.1_cruts4.09_10m_prec_1976-03.asc
ncols        45
nrows        45
xllcorner    -63.500000000000
yllcorner    -7.500000000000
cellsize     0.166666666667
NODATA_value -9999
[rows 20 to 39 of 45, columns 0 to 44 of 45]
325.6875 331.36248779296875 337.83123779296875 344.73126220703125 352.58123779296875 363.73126220703125 374.306243896484375 382.41876220703125 388.5625 390.274993896484375 389.09375 390.83123779296875 393.71875 398.53125 391.368743896484375 377.20623779296875 364.681243896484375 356.64373779296875 353.34375 350.28125 349.63751220703125 349.26251220703125 347.9375 350.34375 353.993743896484375 358.04376220703125 360.337493896484375 361.806243896484375 362.581268310546875 360.07501220703125 351.399993896484375 337.17498779296875 314.73748779296875 288.58123779296875 264.16876220703125 276.76251220703125 296.443756103515625 303.225006103515625 302.09375 295.556243896484375 286.806243896484375 280.443756103515625 273.29376220703125 267.42498779296875 264.84375
312.5 318.83123779296875 327.381256103515625 335.056243896484375 343.85626220703125 357.34375 370.306243896484375 381.38751220703125 388.42498779296875 386.931243896484375 379.837493896484375 375.181243896484375 371.993743896484375 372.07501220703125 368.41876220703125 361.631256103515625 355.506256103515625 349.08123779296875 344.556243896484375 340.306243896484375 335.943756103515625 332.95623779296875 333.787506103515625 334.98126220703125 338.57501220703125 344.73748779296875 351.631256103515625 353.85626220703125 354.649993896484375 351.65625 342.537506103515625 329.318756103515625 310.63751220703125 291.90625 279.587493896484375 284.5 297.649993896484375 304.07501220703125 303 295.418731689453125 285.756256103515625 278.96875 272 265.975006103515625 263.65625
302.82501220703125 310.431243896484375 318.274993896484375 326.48748779296875 335.006256103515625 348.42498779296875 362.03125 377.693756103515625 388.75 382.399993896484375 369.962493896484375 357.20001220703125 347.625 346.368743896484375 347.850006103515625 346.53125 343.131256103515625 338.21875 333.35626220703125 328.662506103515625 323.17498779296875 317.600006103515625 314.993743896484375 315.600006103515625 321.412506103515625 329.88751220703125 338.375 343.13751220703125 344.506256103515625 341.26251220703125 334.649993896484375 327.16876220703125 317.024993896484375 306.149993896484375 302.524993896484375 304.75 309.95623779296875 311.26873779296875 306.76251220703125 297.29998779296875 286.1875 278.481231689453125 271.34375 264.381256103515625 262.056243896484375
292.88751220703125 297.71875 305.662506103515625 314.36248779296875 323.243743896484375 336.212493896484375 351.506256103515625 367.34375 376.89373779296875 368.98126220703125 354.70623779296875 342.225006103515625 328.506256103515625 328.631256103515625 333.431243896484375 335.118743896484375 334.54998779296875 330.943756103515625 324.712493896484375 318.76251220703125 311.556243896484375 304.01873779296875 299.0625 298.712493896484375 302.29998779296875 310.131256103515625 319.8125 328.024993896484375 332.78125 334.1875 333.443756103515625 330.443756103515625 325.13751220703125 320.45623779296875 320.16876220703125 322.40625 323.41876220703125 317.98126220703125 308.943756103515625 297.9375 286.51251220703125 277.850006103515625 270.462493896484375 262.787506103515625 261.475006103515625
288.16876220703125 288.1875 293.337493896484375 301.91876220703125 312.193756103515625 325.13751220703125 337.818756103515625 350.037506103515625 355.8125 352.431243896484375 344.40625 333.36248779296875 325.662506103515625 324.03125 325.48748779296875 328.13751220703125 327.90625 324.899993896484375 319.40625 311.068756103515625 300.649993896484375 290.837493896484375 282.756256103515625 278.875 283.056243896484375 294.0625 304.04376220703125 315.67498779296875 323.29376220703125 330.45001220703125 333.39373779296875 334.10626220703125 333.04376220703125 331.506256103515625 331.162506103515625 327.95623779296875 325.693756103515625 319.04376220703125 308.6875 298.57501220703125 287.17498779296875 277.962493896484375 268.84375 262.79376220703125 257.962493896484375
287.743743896484375 284.61248779296875 286.04998779296875 293.399993896484375 300.95001220703125 312.23748779296875 323.38751220703125 333.34375 337.493743896484375 336.67498779296875 332.881256103515625 327.91876220703125 323.899993896484375 321.756256103515625 322.29376220703125 324.70001220703125 323.83123779296875 321.40625 316.54376220703125 305.95001220703125 294.774993896484375 280.537506103515625 267.350006103515625 259.16876220703125 265.45623779296875 279.643768310546875 294.125 305.95623779296875 316.443756103515625 326.96875 334.1875 339.506256103515625 341.32501220703125 339.34375 336.881256103515625 330.912506103515625 325.57501220703125 318.14373779296875 308.60626220703125 298.068756103515625 287.318756103515625 277.25 265.83123779296875 258.875 254.5749969482421875
291.15625 282.91876220703125 284.07501220703125 288.087493896484375 292.92498779296875 302.15625 310.625 318.181243896484375 322.20001220703125 324.5 324.98126220703125 323.524993896484375 322.3125 322.1875 323.61248779296875 325.225006103515625 326.5 322.693756103515625 316.46875 307.41876220703125 293.462493896484375 277.51873779296875 259.33123779296875 248.75 258.86248779296875 272.71875 287.88751220703125 299.537506103515625 310.70001220703125 322.4375 332.45623779296875 341.91876220703125 346.13751220703125 342.17498779296875 337.48126220703125 330.725006103515625 324.725006103515625 316.63751220703125 307.73748779296875 298.274993896484375 286.693756103515625 275.975006103515625 263.743743896484375 255.3625030517578125 257.399993896484375
295.475006103515625 284.024993896484375 283.32501220703125 285.149993896484375 286.5 293.09375 301.26251220703125 307.25 311.51873779296875 315.20623779296875 316.98748779296875 318.0625 319.89373779296875 322.118743896484375 324.41876220703125 326.48748779296875 328.82501220703125 327.4375 321.774993896484375 313.168731689453125 299.63751220703125 283.29998779296875 270.350006103515625 261.61248779296875 265.29998779296875 274.89373779296875 286.993743896484375 298.118743896484375 308.024993896484375 318.243743896484375 328.131256103515625 336.88751220703125 340.943756103515625 337.787506103515625 333.88751220703125 327.70623779296875 320.20623779296875 313.54998779296875 306.212493896484375 298.912506103515625 290.681243896484375 279.11248779296875 264.212493896484375 255.5 265.412506103515625
298.33123779296875 284.9375 282.462493896484375 281.475006103515625 282.712493896484375 287.131256103515625 291.881256103515625 296.89373779296875 301.98126220703125 306.03125 310.16876220703125 313.600006103515625 317.243743896484375 321.88751220703125 326.443756103515625 330.875 335.83123779296875 335.26873779296875 331.45623779296875 324.21875 311.225006103515625 296.23126220703125 285.337493896484375 276.10626220703125 276.36248779296875 280.42498779296875 288.899993896484375 297.993743896484375 306.33123779296875 315.48126220703125 322.975006103515625 329.774993896484375 333.181243896484375 331.899993896484375 329.375 323.493743896484375 315.649993896484375 309.274993896484375 302.88751220703125 295.85626220703125 291.4375 280.306243896484375 266.17498779296875 264.21875 276.837493896484375
301.537506103515625 287.25 282.9375 280.38751220703125 279.83123779296875 281.631256103515625 285.33123779296875 289.337493896484375 294.399993896484375 298.54998779296875 303.29998779296875 309.375 316.024993896484375 322.625 328.73126220703125 334.88751220703125 341.068756103515625 346.375 345.11248779296875 335.79376220703125 322.54376220703125 309.287506103515625 298.431243896484375 289.756256103515625 286.4375 287.76873779296875 293.58123779296875 299.53125 305.04998779296875 311.693756103515625 317.9375 322.33123779296875 324.45001220703125 325.337493896484375 323.92498779296875 317.45001220703125 309.70001220703125 303.89373779296875 294.70001220703125 287.59375 283.818756103515625 280.63751220703125 274.33123779296875 277.056243896484375 283.506256103515625
301.89373779296875 287.100006103515625 281.662506103515625 278.88751220703125 277.45001220703125 277.274993896484375 280.399993896484375 283.149993896484375 287.556243896484375 291.9375 297.287506103515625 304.23126220703125 312.76251220703125 320.33123779296875 328.431243896484375 337.162506103515625 347.39373779296875 354.3125 357.731231689453125 348.33123779296875 334.625 320.45623779296875 310.48748779296875 300.931243896484375 294.96875 295.131256103515625 297.41876220703125 299.993743896484375 303.89373779296875 308.51873779296875 313.21875 317.40625 318.96875 319.63751220703125 318.65625 311.15625 303.631256103515625 298.20623779296875 288 275.63751220703125 273.84375 278.98748779296875 281.45001220703125 285.95001220703125 292.73748779296875
299.54376220703125 284.95001220703125 278.85626220703125 275.26873779296875 273.412506103515625 272.46875 274.693756103515625 275.98748779296875 279.86248779296875 284.306243896484375 289.86248779296875 297.73748779296875 306.681243896484375 317.04998779296875 327.625 338.70001220703125 347.51251220703125 354.318756103515625 357.96875 353.693756103515625 340.60626220703125 328.96875 318.04998779296875 307.76873779296875 302.962493896484375 300.149993896484375 299.368743896484375 301.01873779296875 301.76251220703125 305.6875 309.725006103515625 312.962493896484375 313.13751220703125 313.45001220703125 312.48748779296875 305.368743896484375 299.32501220703125 293.13751220703125 281.25 272.399993896484375 274.068756103515625 283.29376220703125 290.11248779296875 299.931243896484375 309.60626220703125
294.60626220703125 281.85626220703125 275.5 271.34375 267.96875 267.493743896484375 267.850006103515625 268 270.51251220703125 275.42498779296875 283.53125 291.681243896484375 302.493743896484375 316.162506103515625 326.931243896484375 337.181243896484375 345.006256103515625 351.63751220703125 353.756256103515625 351.337493896484375 342.23748779296875 331.8125 321.024993896484375 312.756256103515625 307.118743896484375 303.09375 300.95001220703125 300.837493896484375 301.625 304.225006103515625 307.32501220703125 309.850006103515625 310.15625 309.98126220703125 307.76873779296875 302.899993896484375 297.33123779296875 290.649993896484375 281.51873779296875 280.118743896484375 282.787506103515625 291.881256103515625 301.60626220703125 313.16876220703125 330.64373779296875
288.962493896484375 277.787506103515625 272.71875 268.368743896484375 264.5 262.462493896484375 261.10626220703125 260.318756103515625 261.92498779296875 266.131256103515625 273.95623779296875 285.67498779296875 298.51873779296875 311.431243896484375 321.850006103515625 333.037506103515625 342.66876220703125 348.04998779296875 348.537506103515625 346.79998779296875 340.41876220703125 331.243743896484375 322.64373779296875 313.868743896484375 308.26873779296875 303.20623779296875 301.11248779296875 299.65625 300.91876220703125 302.48126220703125 304.11248779296875 307.15625 307.725006103515625 306.73748779296875 305.63751220703125 301.08123779296875 295.3125 288.79376220703125 285.787506103515625 286.787506103515625 289.21875 298.443756103515625 311.0625 324.212493896484375 344.118743896484375
283.649993896484375 274.65625 270 265.09375 259.443756103515625 256.95623779296875 254.037506103515625 252.806243896484375 252.412506103515625 255.037506103515625 263.6875 278.11248779296875 293.837493896484375 307.9375 319.756256103515625 329.4375 338.881256103515625 343.256256103515625 343.66876220703125 341.91876220703125 337.03125 328.462493896484375 320.274993896484375 311.837493896484375 306.899993896484375 302.58123779296875 299.36248779296875 298.36248779296875 297.931243896484375 299.98748779296875 302.649993896484375 305.443756103515625 305.243743896484375 304.54376220703125 302.51873779296875 297.462493896484375 292.243743896484375 290.068756103515625 290.068756103515625 291.66876220703125 294.931243896484375 302.66876220703125 314.54376220703125 327.806243896484375 344.32501220703125
280.368743896484375 271.524993896484375 266.20001220703125 260.912506103515625 255.2312469482421875 251.4375 248.1999969482421875 244.46875 241.875 243.71875 251.9187469482421875 267.431243896484375 285.70623779296875 301.90625 313.337493896484375 323.556243896484375 331.631256103515625 335.037506103515625 336.274993896484375 335.568756103515625 330.21875 321.743743896484375 313.23126220703125 306.537506103515625 301.89373779296875 297.90625 295.256256103515625 295 295.212493896484375 297.73126220703125 301.78125 304.912506103515625 303.756256103515625 303.63751220703125 301.662506103515625 297.125 295.01251220703125 293.662506103515625 292.962493896484375 295.51873779296875 299.712493896484375 306.306243896484375 315.006256103515625 327.28125 339.243743896484375
276.256256103515625 268.39373779296875 263.14373779296875 257.34375 251.9875030517578125 248.087493896484375 243.568756103515625 238.7624969482421875 233.787506103515625 231.2687530517578125 241.5124969482421875 262.162506103515625 280.85626220703125 295.33123779296875 307.1875 316.243743896484375 323.16876220703125 325.71875 327.1875 324.662506103515625 319.875 312.04376220703125 304.443756103515625 297.662506103515625 293.556243896484375 290.76251220703125 289.29376220703125 290.67498779296875 291.54998779296875 295.63751220703125 300.287506103515625 304.08123779296875 304.212493896484375 304.17498779296875 301.90625 299.412506103515625 298.381256103515625 298.037506103515625 297.92498779296875 298.42498779296875 301.024993896484375 306.462493896484375 314.087493896484375 324.04376220703125 333.85626220703125
272.79998779296875 266.149993896484375 260.399993896484375 254.8937530517578125 250.3125 246.600006103515625 242.0437469482421875 236.3937530517578125 232.368743896484375 227.787506103515625 244.274993896484375 265.07501220703125 279.212493896484375 291.29998779296875 300.63751220703125 308.962493896484375 313.76873779296875 315.14373779296875 314.88751220703125 311.26873779296875 305.21875 298.462493896484375 293.26873779296875 287.412506103515625 284.45001220703125 283.256256103515625 282.818756103515625 285.837493896484375 288.45623779296875 293.45623779296875 298.287506103515625 302.693756103515625 303.41876220703125 304.056243896484375 301.75 301.54376220703125 301.32501220703125 300.087493896484375 301.162506103515625 302.41876220703125 302.54998779296875 307.5 312.17498779296875 316.875 324.89373779296875
268.75 263.51251220703125 258.95623779296875 254.306243896484375 250.306243896484375 246.3125 243.5437469482421875 240.1125030517578125 240.6687469482421875 248.399993896484375 266.181243896484375 274.568756103515625 280.774993896484375 288.20623779296875 295.381256103515625 301.256256103515625 304.381256103515625 303.90625 301.568756103515625 296.79998779296875 289.66876220703125 283.618743896484375 279.243743896484375 275.60626220703125 274.36248779296875 275.11248779296875 276.943756103515625 280.66876220703125 285.04376220703125 291.193756103515625 298.04376220703125 302.58123779296875 303.67498779296875 305.54998779296875 307.462493896484375 306.381256103515625 305.29998779296875 305.32501220703125 304.618743896484375 303.831268310546875 303.36248779296875 307.88751220703125 310.850006103515625 314.92498779296875 320.25
265.225006103515625 261.693756103515625 258.037506103515625 253.649993896484375 250.787506103515625 249.1875 246.65625 246.9187469482421875 250.0437469482421875 256.95001220703125 266.90625 275.35626220703125 280.96875 285.39373779296875 290.86248779296875 294.26873779296875 295.59375 293.256256103515625 288.51251220703125 283.256256103515625 275.375 269.375 264.38751220703125 262.17498779296875 263.54998779296875 266.212493896484375 269.412506103515625 275.225006103515625 281.024993896484375 287.875 294.64373779296875 302.92498779296875 307.868743896484375 310.20623779296875 312.79376220703125 312.537506103515625 310.274993896484375 309.306243896484375 308.9375 305.568756103515625 303.32501220703125 306.743743896484375 308.931243896484375 311.32501220703125 315.5625
