data/historical-monthly-weather-data/wc2.1_cruts4.09_10m_prec_2021-04.asc
ncols        45
nrows        45
xllcorner    -63.500000000000
yllcorner    -7.500000000000
cellsize     0.166666666667
NODATA_value -9999
[rows 0 to 19 of 45, columns 0 to 43 of 45]
408.03125 423.04998779296875 433.20623779296875 451.76251220703125 462.61248779296875 465.35626220703125 465.600006103515625 457.181243896484375 448.64373779296875 446.4375 449.23748779296875 446.212493896484375 440.01873779296875 429.899993896484375 416.04376220703125 402.64373779296875 391.4375 377.13751220703125 367.23126220703125 358.28125 354.40625 353.09375 350.42498779296875 348.9375 344.4375 343.037506103515625 338.681243896484375 335.96875 331.48126220703125 327.35626220703125 323.631256103515625 320.54998779296875 320.34375 322.75 323.78125 319.70623779296875 312.256256103515625 304.01251220703125 293.462493896484375 280.1875 266.399993896484375 251.15625 233.399993896484375 217.756256103515625
415.618743896484375 428.57501220703125 447.631256103515625 466.29376220703125 483.337493896484375 482.23748779296875 477.712493896484375 475.087493896484375 467.993743896484375 462.91876220703125 461.95001220703125 453.64373779296875 444.41876220703125 432.681243896484375 415.45623779296875 402.287506103515625 386.987518310546875 371.20001220703125 356.431243896484375 342.024993896484375 335.899993896484375 331.568756103515625 329.26251220703125 325.42498779296875 322.662506103515625 319.98748779296875 316.78125 315.96875 311.90625 310.01251220703125 310.381256103515625 312.368743896484375 316.88751220703125 324.6875 328.556243896484375 322.57501220703125 314.91876220703125 304.48748779296875 290.193756103515625 272.82501220703125 255.1374969482421875 237.9187469482421875 218.3249969482421875 199.3249969482421875
416.04376220703125 432.38751220703125 447.86248779296875 467.568756103515625 484.48126220703125 483.98126220703125 481.08123779296875 479.506256103515625 477.17498779296875 470.36248779296875 462.587493896484375 449.73126220703125 438.64373779296875 422.60626220703125 405.41876220703125 390.89373779296875 375.51251220703125 361.13751220703125 346.4375 334.087493896484375 328.0625 323.5 318.03125 312.368743896484375 308.32501220703125 303.98748779296875 303.024993896484375 300 296.10626220703125 298.59375 302.17498779296875 306.53125 315.493743896484375 324.23126220703125 328.29376220703125 320.65625 313.45623779296875 303.506256103515625 286.350006103515625 267.318756103515625 247.7624969482421875 227.850006103515625 207.318756103515625 187.8937530517578125
408.649993896484375 426.056243896484375 445.42498779296875 459.89373779296875 473.85626220703125 476.381256103515625 475.475006103515625 475.15625 475.943756103515625 471.631256103515625 459.46875 441.381256103515625 423.95001220703125 408 390.29998779296875 375.78125 361.96875 349.287506103515625 336.975006103515625 326.962493896484375 321.506256103515625 315.51873779296875 307.16876220703125 300.36248779296875 293.5625 285.743743896484375 286.15625 283.21875 280.95623779296875 288.475006103515625 295.931243896484375 303.850006103515625 311.475006103515625 320.5625 325.556243896484375 319.600006103515625 310.774993896484375 299.79376220703125 282.70623779296875 260.743743896484375 239.475006103515625 219.287506103515625 196.6125030517578125 175.75
420.381256103515625 430.9375 436.5 448.693756103515625 464.287506103515625 465.556243896484375 462.087493896484375 463.350006103515625 467.899993896484375 467.86248779296875 449.943756103515625 424.149993896484375 405.91876220703125 390.368743896484375 373.09375 358.65625 344.78125 334.774993896484375 324.868743896484375 316.38751220703125 311.17498779296875 303.225006103515625 294.14373779296875 286.92498779296875 275.70623779296875 266.29998779296875 265.649993896484375 267.199981689453125 268.6875 277.59375 288.743743896484375 297.17498779296875 305.618743896484375 316.01873779296875 322.943756103515625 316.431243896484375 306.087493896484375 294.89373779296875 276.95623779296875 253.975006103515625 232.256256103515625 208.8312530517578125 186.162506103515625 165.8249969482421875
418.75 431.10626220703125 436.23748779296875 437.54376220703125 450.056243896484375 453.11248779296875 450.01873779296875 451.225006103515625 454.881256103515625 457.46875 435.181243896484375 410.90625 394.09375 379.381256103515625 362.443756103515625 349.29376220703125 334.100006103515625 323.975006103515625 316.41876220703125 308.76251220703125 300.88751220703125 291.78125 284.29376220703125 275.475006103515625 265.587493896484375 257.26873779296875 257.087493896484375 259.03125 261.243743896484375 270.100006103515625 280.881256103515625 291.756256103515625 298.556243896484375 309 318.375 312.20623779296875 305.10626220703125 295.225006103515625 276.625 254.8625030517578125 230.28125 207.068756103515625 185.3125 165.743743896484375
418.40625 429.818756103515625 434.09375 433 432.59375 429.42498779296875 426.46875 425.66876220703125 422.287506103515625 416.149993896484375 405.73748779296875 391.95623779296875 381.443756103515625 367.443756103515625 352.806243896484375 341.57501220703125 327.66876220703125 314.199981689453125 304.431243896484375 297.70623779296875 290.350006103515625 281.78125 273.231231689453125 263.068756103515625 254.6125030517578125 247.6750030517578125 249.25 250.75 253.4812469482421875 262.57501220703125 273.66876220703125 283.568756103515625 292.23126220703125 300.98748779296875 310.40625 306.10626220703125 299.29998779296875 291.90625 275.64373779296875 253.4499969482421875 226.75 204.8125 184.318756103515625 165.53125
418.86248779296875 426.41876220703125 426.78125 427.15625 426.20001220703125 418.881256103515625 405.95001220703125 392.4375 379.1875 372.537506103515625 373.6875 371.53125 365.768768310546875 356.0625 344.67498779296875 333.04376220703125 319.63751220703125 305.83123779296875 293.212493896484375 286.35626220703125 279.931243896484375 271.587493896484375 261.54998779296875 252.125 245.3000030517578125 237.2375030517578125 239.2687530517578125 242.131256103515625 246.131256103515625 255.7062530517578125 264.57501220703125 274.118743896484375 283.243743896484375 292.8125 301.64373779296875 296.225006103515625 291.381256103515625 284.60626220703125 267.17498779296875 244.6062469482421875 220.53125 200.881256103515625 181.3125 163.0749969482421875
417.056243896484375 424.13751220703125 423.01251220703125 420.181243896484375 417.899993896484375 407.850006103515625 395.84375 380.149993896484375 359.537506103515625 347.20623779296875 353.32501220703125 356.399993896484375 359.14373779296875 352.07501220703125 340.556243896484375 330.131256103515625 318.59375 305.743743896484375 294.475006103515625 284.881256103515625 272.962493896484375 265.85626220703125 255.118743896484375 247.4250030517578125 239.6374969482421875 230.037506103515625 231.5749969482421875 235.3937530517578125 239.743743896484375 248.9562530517578125 258.9375 266.42498779296875 274.21875 281.618743896484375 290.40625 287.03125 283.91876220703125 276.975006103515625 260.368743896484375 238.7687530517578125 216.5 197.46875 180.149993896484375 164.09375
414.45623779296875 418.10626220703125 417.07501220703125 413.9375 409.368743896484375 400.212493896484375 389.90625 375.48126220703125 362.29376220703125 355.225006103515625 356.0625 354.837493896484375 355.100006103515625 349.07501220703125 339.88751220703125 328.693756103515625 317.768768310546875 306.006256103515625 294.39373779296875 286.350006103515625 273.5 262.087493896484375 250.2375030517578125 243.2062530517578125 232.350006103515625 221.212493896484375 222.756256103515625 226.6750030517578125 232.2375030517578125 242.9812469482421875 250.5500030517578125 256.524993896484375 263.45623779296875 270.837493896484375 278.61248779296875 277.550018310546875 273.76873779296875 268.35626220703125 252.412506103515625 233.662506103515625 214.162506103515625 196.65625 179.837493896484375 162.9812469482421875
411.743743896484375 415.493743896484375 412.64373779296875 408.0625 400.73748779296875 392.83123779296875 384.23126220703125 372.67498779296875 364.95623779296875 360.568756103515625 360.725006103515625 361.006256103515625 354.70623779296875 348.118743896484375 336.912506103515625 325.17498779296875 315.068756103515625 304.256256103515625 293.95623779296875 284.60626220703125 274.79998779296875 261.431243896484375 246.3312530517578125 231.7687530517578125 223.4375 212.6875 213.0625 216.881256103515625 221.743743896484375 231.9749908447265625 239.256256103515625 244.818756103515625 251.899993896484375 258.98126220703125 266.324981689453125 263.88751220703125 261.11248779296875 257.375 243.625 226.868743896484375 208.875 192.7375030517578125 178.6062469482421875 164.2375030517578125
406.125 408.056243896484375 404.32501220703125 403.4375 397.91876220703125 388.34375 382.524993896484375 375.443756103515625 370.71875 367.54998779296875 367.41876220703125 367.462493896484375 355.98126220703125 345.4375 333.181243896484375 321.5625 310.42498779296875 299.29998779296875 289.3125 280.318756103515625 269.462493896484375 255.8312530517578125 240.975006103515625 229.037506103515625 215.7687530517578125 202.6125030517578125 203.568756103515625 207.3249969482421875 212.96875 221.068756103515625 228.193756103515625 234.21875 239.96875 246.8625030517578125 253.4812469482421875 252.0500030517578125 250.556243896484375 247.8625030517578125 234.381256103515625 218.59375 203.8125 189.90625 176.375 161.506256103515625
401.412506103515625 402.09375 398.524993896484375 395.79998779296875 392.212493896484375 387.73126220703125 380.712493896484375 373.649993896484375 369.118743896484375 368.92498779296875 368.537506103515625 367.556243896484375 356.57501220703125 337.91876220703125 324.850006103515625 314.993743896484375 302.537506103515625 291.118743896484375 281.993743896484375 271.399993896484375 260.375 245.4375 228.681243896484375 217.068756103515625 200.412506103515625 187.53125 191.587493896484375 196.3937530517578125 203.587493896484375 210.7375030517578125 217.34375 222.7375030517578125 227.806243896484375 234.149993896484375 239.4875030517578125 239.7312469482421875 238.912506103515625 236.78125 226.4562530517578125 213.381256103515625 197.774993896484375 186.4499969482421875 172.693756103515625 159.3249969482421875
394.875 394.67498779296875 389.524993896484375 385.993743896484375 384.743743896484375 380.506256103515625 373.89373779296875 368.39373779296875 365.98126220703125 364.39373779296875 360.66876220703125 354.368743896484375 344.6875 329.975006103515625 313.649993896484375 304.51251220703125 291.91876220703125 278.59375 269.59375 257.63751220703125 245.631256103515625 229.7062530517578125 214.2687530517578125 200.681243896484375 187.162506103515625 176.693756103515625 180.71875 186.8562469482421875 193.837493896484375 201.0187530517578125 207.056243896484375 212.6750030517578125 215.7937469482421875 221.4250030517578125 227.193756103515625 228.256256103515625 227.631256103515625 227.09375 220.0187530517578125 208.100006103515625 192.3625030517578125 178.931243896484375 169.6687469482421875 161.943756103515625
384.818756103515625 384.743743896484375 380.67498779296875 377.931243896484375 377.54998779296875 373.40625 368.71875 363.51251220703125 359.056243896484375 355.087493896484375 350.212493896484375 342.725006103515625 331.34375 317.193756103515625 299.79376220703125 286.95623779296875 275.70001220703125 265.743743896484375 255.8625030517578125 244.212493896484375 231.037506103515625 217.2062530517578125 201.5500030517578125 190.037506103515625 179.162506103515625 171.6687469482421875 175.774993896484375 182.587493896484375 189.931243896484375 196.09375 200.368743896484375 203.412506103515625 208.100006103515625 212.024993896484375 216.100006103515625 215.506256103515625 217.53125 218.8874969482421875 212.475006103515625 200.21875 186.5187530517578125 177.556243896484375 172.65625 164.8937530517578125
372.25 371.83123779296875 370.506256103515625 369.73748779296875 368.84375 365.20001220703125 360.693756103515625 356.26251220703125 353.625 348.162506103515625 341.79998779296875 332.537506103515625 320.693756103515625 304.9375 285.66876220703125 266.962493896484375 259.20001220703125 252.743743896484375 241.8937530517578125 230.850006103515625 218.368743896484375 204.15625 189.3562469482421875 180.431243896484375 171.9875030517578125 167.2624969482421875 171.2937469482421875 178.8000030517578125 186.2937469482421875 192.7375030517578125 198.34375 200.8249969482421875 200.59375 202.53125 203.962493896484375 206.9812469482421875 207.8874969482421875 208.75 203.96875 196.118743896484375 185.40625 179.5812530517578125 174.149993896484375 166.9187469482421875
357.993743896484375 359.125 359.725006103515625 360.193756103515625 359.337493896484375 356.14373779296875 354.162506103515625 350.193756103515625 345.40625 340.306243896484375 332.850006103515625 322.78125 309.337493896484375 293.600006103515625 276.318756103515625 260.20623779296875 245.850006103515625 237.2937469482421875 228.75 218.881256103515625 206.9250030517578125 194.181243896484375 180.5 171.7687530517578125 165.756256103515625 162.375 167.556243896484375 175.162506103515625 183.6374969482421875 190.96875 196.1750030517578125 198.837493896484375 198.693756103515625 199.5500030517578125 204.506256103515625 203.4812469482421875 203.7062530517578125 204.318756103515625 203.375 195.3249969482421875 186.4375 181.068756103515625 174.3000030517578125 168.0812530517578125
341.212493896484375 345.17498779296875 346.256256103515625 349.71875 349.774993896484375 348.34375 347.71875 342.774993896484375 337.26251220703125 330.118743896484375 320.96875 309.756256103515625 295.875 281.631256103515625 265.39373779296875 250.743743896484375 235.993743896484375 220.5124969482421875 214.899993896484375 206.274993896484375 197.1750030517578125 185.4250030517578125 173.5187530517578125 167.09375 163.7624969482421875 162.34375 166.256256103515625 175.475006103515625 184.774993896484375 191.4812469482421875 193.9250030517578125 191.4812469482421875 194.943756103515625 198.28125 201.1062469482421875 202.4375 202.4250030517578125 202.125 199.875 195.5124969482421875 185.46875 179.1875 172.4499969482421875 165.787506103515625
323.33123779296875 329.39373779296875 333.40625 336.368743896484375 338.056243896484375 338.78125 337.931243896484375 336.131256103515625 330.58123779296875 322.337493896484375 310.806243896484375 295.524993896484375 281.83123779296875 269.51251220703125 251.506256103515625 237.0500030517578125 223.4499969482421875 209.7312469482421875 199.1125030517578125 191.40625 187.274993896484375 179.0625 164.087493896484375 162.475006103515625 162.9562530517578125 165.100006103515625 171.368743896484375 179.443756103515625 189.1687469482421875 194.9250030517578125 197.3000030517578125 195.7062530517578125 194.806243896484375 191.5625 192.6687469482421875 194.5124969482421875 195.7062530517578125 195.399993896484375 195.28125 190.287506103515625 183.743743896484375 177.4875030517578125 169.9187469482421875 163.131256103515625
305.66876220703125 313.774993896484375 318.024993896484375 320.306243896484375 325.1875 329.600006103515625 331.537506103515625 328.412506103515625 322.35626220703125 313.537506103515625 300.35626220703125 286.10626220703125 271.625 257.45623779296875 238.537506103515625 219.9562530517578125 204.818756103515625 196.837493896484375 186.625 179.131256103515625 173.5812530517578125 165.8000030517578125 159.337493896484375 160.212493896484375 162.96875 166.65625 174.4375 184.618743896484375 192.743743896484375 196.4562530517578125 196.8125 199.3937530517578125 194.3874969482421875 186.3312530517578125 182.03125 183.9499969482421875 189.4375 192.6875 192.0187530517578125 188.225006103515625 181.4375 175.087493896484375 167.6687469482421875 160.8000030517578125
