data/historical-monthly-weather-data/wc2.1_cruts4.09_10m_prec_1997-08.asc
ncols        45
nrows        45
xllcorner    -63.500000000000
yllcorner    -7.500000000000
cellsize     0.166666666667
NODATA_value -9999
[rows 0 to 18 of 45, columns 0 to 43 of 45]
244.8937530517578125 255.0749969482421875 255.6750030517578125 261.35626220703125 267.993743896484375 273.568756103515625 270.899993896484375 271.181243896484375 270.875 267.4375 256.39373779296875 249.5437469482421875 245.8625030517578125 237.475006103515625 230.475006103515625 218.84375 210.756256103515625 201.649993896484375 192.4562530517578125 188.712493896484375 185.056243896484375 179.3000030517578125 173.8625030517578125 167.8874969482421875 160.3625030517578125 153.337493896484375 149.40625 147.243743896484375 138.7375030517578125 136.149993896484375 129.274993896484375 126.78125 123.9499969482421875 118.5625 115.03749847412109375 113.8625030517578125 111.65625 111.18125152587890625 112.94374847412109375 113.9187469482421875 115.63124847412109375 119.09999847412109375 119.97499847412109375 120.63124847412109375
235.46875 244.493743896484375 253.0124969482421875 262.225006103515625 273.71875 278.649993896484375 273.306243896484375 273.70623779296875 275.54376220703125 273.087493896484375 265.462493896484375 260.98126220703125 252.306243896484375 241.5437469482421875 232.193756103515625 224.618743896484375 213.524993896484375 203.40625 194.837493896484375 189.1125030517578125 184.975006103515625 179.125 173.850006103515625 169.15625 161.0625 152.4562530517578125 150.306243896484375 145.6125030517578125 137.0187530517578125 132.9187469482421875 129.618743896484375 126.2937469482421875 122.81874847412109375 119.4875030517578125 115.06874847412109375 112.5187530517578125 108.05625152587890625 108.84375 109.40000152587890625 110.31874847412109375 114.53125 116.55625152587890625 119.41249847412109375 121.50624847412109375
216.6062469482421875 228.6437530517578125 240.774993896484375 254.9437408447265625 268.681243896484375 274.587493896484375 275.29998779296875 276.6875 276.456268310546875 273.975006103515625 271.20001220703125 266.662506103515625 257.17498779296875 243.399993896484375 232.6875 223.4499969482421875 213.8000030517578125 203.78125 195.3874969482421875 187.318756103515625 185.306243896484375 182.975006103515625 178.21875 174.149993896484375 163.6875 156.0625 154.2312469482421875 146.337493896484375 136.96875 133.600006103515625 128.337493896484375 124.83750152587890625 121.5437469482421875 119.09375 113.53125 108.2687530517578125 105.4499969482421875 105.59999847412109375 105.5124969482421875 108.0500030517578125 113.58750152587890625 116.99375152587890625 122.0187530517578125 123.88124847412109375
198.8000030517578125 207.2062530517578125 223.649993896484375 241.03125 254.3312530517578125 261.837493896484375 267.8125 272.83123779296875 278.78125 277.662506103515625 272.38751220703125 264.85626220703125 256.73126220703125 243.3625030517578125 231.90625 221.2375030517578125 212.506256103515625 204.1062469482421875 196.59375 194.2062530517578125 191.087493896484375 186.65625 181.5124969482421875 177.2624969482421875 167.524993896484375 158.8625030517578125 154.756256103515625 143.118743896484375 134.1750030517578125 130.962493896484375 126.41249847412109375 121.22499847412109375 116.0749969482421875 111.96875 107.59375 104.4250030517578125 104.09999847412109375 102.83750152587890625 101.65625 105.8874969482421875 110.1437530517578125 116.78125 122.28125 127.03749847412109375
200.53125 202.899993896484375 207.21875 220.943756103515625 239.09375 247.6999969482421875 254.350006103515625 267.337493896484375 278.23126220703125 278.818756103515625 271.850006103515625 262.649993896484375 254.0812530517578125 243.1687469482421875 230.3874969482421875 220.2312469482421875 209.6875 200.8000030517578125 194.256256103515625 193.962493896484375 195.4375 188.537506103515625 184.506256103515625 182.212493896484375 169.818756103515625 159.4499969482421875 150.8312530517578125 143 133.46875 126.84375 124.71250152587890625 118.4375 114.46875 111.0625 106.78749847412109375 102.22499847412109375 100.0500030517578125 99.0500030517578125 98.1125030517578125 100.6687469482421875 107.71250152587890625 114.59999847412109375 123.4562530517578125 129.03125
196.7937469482421875 198.431243896484375 199.8874969482421875 199.931243896484375 215.2937469482421875 233.7062530517578125 243.84375 253.3125 265.48748779296875 267.024993896484375 257.40625 249.2624969482421875 243.600006103515625 235.1750030517578125 223.5625 215.181243896484375 204.0187530517578125 195.087493896484375 192.681243896484375 193.5 194.71875 191.40625 187.7687530517578125 177.993743896484375 168.9250030517578125 159.493743896484375 150.412506103515625 140.8562469482421875 132.2624969482421875 124.2937469482421875 121.38124847412109375 117.75624847412109375 112.40625 109.81874847412109375 104.4812469482421875 102.43125152587890625 99.21250152587890625 96.3000030517578125 96.8249969482421875 100.9562530517578125 105.2062530517578125 113.125 122.22499847412109375 131.056243896484375
194.306243896484375 197.431243896484375 199.068756103515625 200.1750030517578125 206.9187469482421875 215.4375 224.3874969482421875 233.2375030517578125 234.21875 237.443756103515625 235.65625 232.2375030517578125 231.587493896484375 225.600006103515625 218.3000030517578125 210.90625 201.118743896484375 195.1875 192.0437469482421875 195.681243896484375 194.962493896484375 192.8125 188.881256103515625 179.912506103515625 169.3249969482421875 160.3125 150.087493896484375 139.006256103515625 127.40000152587890625 122.81874847412109375 118.375 113.3625030517578125 110.56874847412109375 108.0749969482421875 104.05625152587890625 101.0124969482421875 97.00624847412109375 94.8312530517578125 96.1125030517578125 99.99375152587890625 103.5500030517578125 110.97499847412109375 121.0437469482421875 131.7937469482421875
193.087493896484375 193.6999969482421875 198.6125030517578125 201.8312530517578125 209.7687530517578125 217.912506103515625 216.1437530517578125 206.5812530517578125 200.7624969482421875 205.15625 214.962493896484375 215.9562530517578125 216.4187469482421875 214.149993896484375 210.568756103515625 204.693756103515625 198.6062469482421875 194.4875030517578125 192.0500030517578125 194.6374969482421875 196.243743896484375 194.443756103515625 188.1750030517578125 177.9812469482421875 169.9375 158.412506103515625 146.6875 136.1125030517578125 125.6750030517578125 118.0500030517578125 115.8125 110.66249847412109375 106.75 105.5625 100.43125152587890625 97.16249847412109375 93.6687469482421875 91 90.96875 93.03749847412109375 97.0437469482421875 104.75 113.8312530517578125 122.75
192.5749969482421875 193.5625 199.506256103515625 200.975006103515625 206.3249969482421875 210.4812469482421875 210.493743896484375 204.15625 190.03125 184.962493896484375 192.399993896484375 195.537506103515625 202.649993896484375 202.1062469482421875 200.631256103515625 197.5187530517578125 197.131256103515625 195.5 198.118743896484375 196.368743896484375 195.0625 194.1750030517578125 186.899993896484375 181.5500030517578125 171.368743896484375 157.1062469482421875 142.4375 133.96875 124.0749969482421875 116.7375030517578125 114.3000030517578125 107.15625 101.91249847412109375 97.7624969482421875 94.40625 93.3125 91.1374969482421875 89.09375 87.9250030517578125 89.15000152587890625 91.5 95.96875 101.6875 107.55625152587890625
190.462493896484375 191.8937530517578125 195.9875030517578125 199.7624969482421875 204.443756103515625 207.625 211.1062469482421875 204.756256103515625 193.5749969482421875 191.3937530517578125 191.5749969482421875 187.912506103515625 193.149993896484375 194.5 192.5812530517578125 192.8937530517578125 192.5437469482421875 195.7062530517578125 198.712493896484375 200.318756103515625 198.337493896484375 192.850006103515625 184.5812530517578125 178.5625 167.2687530517578125 153.068756103515625 139.3874969482421875 129.75 118.61875152587890625 111.38124847412109375 106.1374969482421875 100.46875 98.21875 96.0625 94.0500030517578125 92.36875152587890625 89.1999969482421875 86.40000152587890625 86.0124969482421875 86.3249969482421875 86.9250030517578125 88.33750152587890625 90.63124847412109375 91.875
191.6687469482421875 192.618743896484375 194.0625 196.625 202.3249969482421875 208.7687530517578125 211.46875 202.556243896484375 193.868743896484375 189.1437530517578125 190.4812469482421875 187.3312530517578125 186.556243896484375 185.5749969482421875 182.96875 183.006256103515625 185.600006103515625 191.6437530517578125 195.506256103515625 200.649993896484375 204.412506103515625 198.306243896484375 188.056243896484375 175.34375 167.649993896484375 154.03125 140.6875 128.3312530517578125 114.46250152587890625 105.82500457763671875 102.28749847412109375 97.4187469482421875 97.125 95.6999969482421875 92.3000030517578125 89.53125 86.1750030517578125 84.19374847412109375 82.50624847412109375 81.2062530517578125 80.03749847412109375 80.3000030517578125 81.99375152587890625 80.9812469482421875
189.837493896484375 191.412506103515625 192.712493896484375 196.524993896484375 202.5749969482421875 208.5749969482421875 212.3000030517578125 205.7375030517578125 195.818756103515625 189.431243896484375 188.068756103515625 185 180.84375 176.3249969482421875 179.5437469482421875 179.556243896484375 180.6062469482421875 183.7062530517578125 190.0625 198.850006103515625 203.693756103515625 198.7937469482421875 190.0187530517578125 178.6687469482421875 166.399993896484375 145.475006103515625 132.15625 121.83750152587890625 109.8625030517578125 102.6999969482421875 97.94374847412109375 95.40625 93.0124969482421875 91.46875 90.03749847412109375 88.78749847412109375 85.88124847412109375 82.7062530517578125 78.28125 74.24375152587890625 72.52500152587890625 72.16249847412109375 71.96250152587890625 67.46250152587890625
186.2687530517578125 185.649993896484375 188.0124969482421875 189.6750030517578125 196.7937469482421875 200.6875 199.743743896484375 196.662506103515625 187.875 183.193756103515625 181.743743896484375 180.34375 175.03125 167.306243896484375 166.53125 168.6937408447265625 168.649993896484375 174.7687530517578125 180.6187591552734375 186.1812591552734375 192.8125 190.256256103515625 183.337493896484375 167.9562530517578125 148.4250030517578125 131.212493896484375 123.5124969482421875 115.2624969482421875 108.0749969482421875 101.84999847412109375 96.25 92.4250030517578125 91.94374847412109375 88.0500030517578125 87.46875 88.2687530517578125 89.0812530517578125 85.2624969482421875 81.18125152587890625 73.3312530517578125 65.83750152587890625 66.3937530517578125 64.7062530517578125 59.22499847412109375
181.0500030517578125 178.412506103515625 179.350006103515625 183.1437530517578125 187.537506103515625 188.837493896484375 187.9187469482421875 187.368743896484375 179.399993896484375 175.1875 171.649993896484375 167.8874969482421875 164.912506103515625 159.0875091552734375 151.0187530517578125 154.8625030517578125 156.78125 161.8937530517578125 162.662506103515625 166.412506103515625 173.09375 171.568756103515625 166.225006103515625 154.9187469482421875 140.068756103515625 127.03125 119.74375152587890625 112.875 106.24375152587890625 101.50624847412109375 97.44374847412109375 91.74375152587890625 90.4812469482421875 87.80625152587890625 89.21875 92.7624969482421875 94.34999847412109375 94.84375 91.08750152587890625 80.34999847412109375 65.1062469482421875 59.706249237060546875 60.63124847412109375 63.40000152587890625
174.006256103515625 173.3625030517578125 172.625 173.8249969482421875 178.100006103515625 178.681243896484375 177.34375 174.71875 167.693756103515625 164 158.100006103515625 156.2624969482421875 153.337493896484375 146.381256103515625 138.0812530517578125 136.587493896484375 138.1687469482421875 140.131256103515625 142.2937469482421875 146.756256103515625 152.9562530517578125 153.649993896484375 151.443756103515625 146.6750030517578125 138.774993896484375 130.6062469482421875 122.2312469482421875 114.18125152587890625 106.3125 101.0124969482421875 95.52500152587890625 91.3874969482421875 90.4187469482421875 89.8937530517578125 89.96875 94.30625152587890625 99.4250030517578125 107.3249969482421875 105.68125152587890625 91.5500030517578125 79.78749847412109375 73.28749847412109375 73.3562469482421875 71.3000030517578125
164.59375 165.0500030517578125 165.6687469482421875 166.5437469482421875 168.493743896484375 170.15625 169.0250091552734375 163.6374969482421875 157.90625 153.4187469482421875 148.09375 144.1875 139.774993896484375 133.8312530517578125 126.80625152587890625 119.2375030517578125 119.6999969482421875 121.76874542236328125 123.46250152587890625 128.368743896484375 133.875 137.625 141.149993896484375 142.881256103515625 139.9250030517578125 133.368743896484375 125.46250152587890625 115.625 107.00624847412109375 102.21250152587890625 98.09999847412109375 93.55625152587890625 91.0437469482421875 90.53125 92.15000152587890625 102.97499847412109375 111.15000152587890625 118.8249969482421875 119.2687530517578125 110.7062530517578125 101.30625152587890625 92.38124847412109375 84.8562469482421875 77.25
158.899993896484375 159.725006103515625 159.15625 160.4375 159.9187469482421875 161.8937530517578125 161.943756103515625 158.306243896484375 150.3937530517578125 146.3000030517578125 141.274993896484375 135.131256103515625 130.3249969482421875 124.2312469482421875 116.96875 109.6437530517578125 102.4250030517578125 102.75 107.0124969482421875 112.7375030517578125 115.96875 122.84999847412109375 131.1125030517578125 140.6125030517578125 143.2687530517578125 136.881256103515625 125.72499847412109375 116.3000030517578125 106.3125 100.53125 98.375 97.31874847412109375 97.3000030517578125 98.09375 110.13124847412109375 120.61875152587890625 128.837493896484375 140.493743896484375 144.3312530517578125 129.21875 114.61875152587890625 101.03125 89.15000152587890625 82.13124847412109375
149.4875030517578125 152.006256103515625 152.8874969482421875 155.256256103515625 155.274993896484375 157.368743896484375 154.6750030517578125 151.84375 145.0187530517578125 139.71875 134.6875 129.2937469482421875 121.4187469482421875 113.8562469482421875 106.9250030517578125 99.5124969482421875 92.31874847412109375 86.81874847412109375 92.81874847412109375 95.78749847412109375 101.28749847412109375 108.8562469482421875 120.1999969482421875 131.100006103515625 138.9562530517578125 136.368743896484375 128.181243896484375 118.09999847412109375 106.65625 99.1374969482421875 92.22499847412109375 89.7312469482421875 102.0187530517578125 115.56874847412109375 124.5 137.28125 148.6125030517578125 155.7062530517578125 152.100006103515625 139.375 118.18125152587890625 105.18125152587890625 93.6374969482421875 86.3937530517578125
140.3000030517578125 143.5187530517578125 145.9187469482421875 149.131256103515625 151.6062469482421875 152.024993896484375 150.6750030517578125 147.2687530517578125 143.8562469482421875 139.568756103515625 133.3562469482421875 123.0437469482421875 115.21250152587890625 107.91249847412109375 98.75 92.8625030517578125 85.4187469482421875 78.47499847412109375 78.6437530517578125 82.88124847412109375 93.27500152587890625 110.40000152587890625 106.06874847412109375 118.63124847412109375 128.006256103515625 133.9187469482421875 129.5625 118.84999847412109375 110.5 98.2937469482421875 90.03749847412109375 92.97499847412109375 108.28749847412109375 120.1437530517578125 131.8874969482421875 144.1875 149.3625030517578125 149.0187530517578125 146.5374908447265625 133.443756103515625 118.69374847412109375 106.49375152587890625 95.50624847412109375 87.18125152587890625
