data/historical-monthly-weather-data/wc2.1_cruts4.09_10m_prec_2014-11.asc
ncols        51
nrows        45
xllcorner    -63.500000000000
yllcorner    -7.500000000000
cellsize     0.166666666667
NODATA_value -9999
[rows 0 to 18 of 45, columns 0 to 43 of 51]
188.350006103515625 187.53125 184.0812530517578125 184.7375030517578125 185.037506103515625 187.087493896484375 187.931243896484375 188.725006103515625 189.743743896484375 189.7312469482421875 189.53125 186.368743896484375 183.256256103515625 177.256256103515625 171.7312469482421875 165.5500030517578125 159.8312530517578125 152.65625 146.056243896484375 140.600006103515625 136.2375030517578125 132.024993896484375 128.556243896484375 124.00624847412109375 120.1875 116.9812469482421875 114.4875030517578125 112.05625152587890625 109.61875152587890625 109.09375 109.3249969482421875 110.46875 112.19374847412109375 114.8874969482421875 117.30625152587890625 120.3312530517578125 123.7937469482421875 126.6125030517578125 127.9562530517578125 129.2375030517578125 129.3125 129.399993896484375 127.88124847412109375 126.2062530517578125
192.4000091552734375 189.78125 188.3249969482421875 189.381256103515625 191.868743896484375 193.787506103515625 194.193756103515625 196.78125 198.024993896484375 197.6374969482421875 196.96875 192.431243896484375 187.162506103515625 181.443756103515625 174.506256103515625 168.912506103515625 161.943756103515625 154.5749969482421875 147.0625 140.8874969482421875 135.9875030517578125 131.506256103515625 127.97499847412109375 124.625 120.0625 116.5437469482421875 114.3874969482421875 111.8249969482421875 109.78125 109.99375152587890625 111.15625 113.1999969482421875 114.8000030517578125 118.93125152587890625 122.625 126.44374847412109375 130.712493896484375 134.462493896484375 135.8562469482421875 137.3187408447265625 138.3562469482421875 137.875 136.8625030517578125 133.8000030517578125
196.0124969482421875 193.96875 192.4499969482421875 192.5625 195.287506103515625 196.962493896484375 200.28125 203.1062469482421875 205.587493896484375 205.431243896484375 203.0749969482421875 197.1437530517578125 191.1125030517578125 184.3125 176.681243896484375 169.756256103515625 163.2687530517578125 156.6999969482421875 149.3312530517578125 143.462493896484375 138.7624969482421875 134.28125 130.6812591552734375 127.3937530517578125 123.15625 119.16249847412109375 116.6374969482421875 114.1999969482421875 111.59375 111.5500030517578125 113.59375 115.53749847412109375 119.34375 123.5625 128.3125 132.3000030517578125 137.0187530517578125 142.725006103515625 144.943756103515625 147.28125 148.53125 147.2062530517578125 145.7312469482421875 142.9375
195.28125 193.037506103515625 193.9375 193.774993896484375 196.693756103515625 198.9375 202.212493896484375 207.21875 211.75 212.756256103515625 208.9250030517578125 201.0625 193.618743896484375 185.7624969482421875 177.96875 170.875 164.693756103515625 158.193756103515625 152.1374969482421875 147.7312469482421875 143.350006103515625 138.631256103515625 134 129.9875030517578125 125.78749847412109375 121.8874969482421875 119.16249847412109375 115.3625030517578125 113.00624847412109375 113.84999847412109375 115.71250152587890625 118.4250030517578125 121.7937469482421875 126.6062469482421875 131.837493896484375 138.2437591552734375 144.7062530517578125 150.9499969482421875 154.318756103515625 157.0625 157.587493896484375 157.09375 154.1875 150.662506103515625
199.681243896484375 194.65625 189.4375 191.0625 196.2624969482421875 199.493743896484375 203.28125 209.625 216.7375030517578125 220.1125030517578125 212.84375 201.7312469482421875 193.318756103515625 186.0812530517578125 178.4562530517578125 171.993743896484375 165.6062469482421875 160.568756103515625 155.28125 150.318756103515625 147.25 142.5250091552734375 137.8937530517578125 134.3125 128.6875 124.19374847412109375 119.53125 116.63124847412109375 114.7312469482421875 114.7375030517578125 116.5812530517578125 119.49375152587890625 123.75624847412109375 129.4812469482421875 135.837493896484375 143.162506103515625 150.962493896484375 158.774993896484375 163.7937469482421875 165.5187530517578125 166.962493896484375 164.9187469482421875 162.118743896484375 158.40625
200.9812469482421875 196.8625030517578125 191.725006103515625 187.3562469482421875 193.818756103515625 200.725006103515625 205.78125 210.875 217.0187530517578125 221.2312469482421875 212.6437530517578125 201.5812530517578125 194.0749969482421875 187.1062469482421875 179.587493896484375 172.9187469482421875 167.4187469482421875 163.0749969482421875 159.2937469482421875 154.3937530517578125 150.71875 146.78125 142.2375030517578125 137.256256103515625 132.462493896484375 127.21875 122.5 118.7062530517578125 116.1875 115.78125 116.4812469482421875 120.41249847412109375 124.6374969482421875 131.03125 137.524993896484375 146.0124969482421875 154.65625 163.600006103515625 170.0625 172.931243896484375 171.4250030517578125 169.5187530517578125 166.506256103515625 163.1875
204.1125030517578125 202.443756103515625 197.618743896484375 193.149993896484375 195.287506103515625 198.649993896484375 203.0625 206.6875 207.9187469482421875 205.9499969482421875 203.28125 196.993743896484375 192.1374969482421875 186.556243896484375 180.743743896484375 175.25 170.1062469482421875 166.162506103515625 161.850006103515625 159.306243896484375 155.618743896484375 151.381256103515625 146.837493896484375 141.337493896484375 136.100006103515625 131.318756103515625 125.69374847412109375 120.77500152587890625 116.3249969482421875 115.74375152587890625 116.8000030517578125 119.66249847412109375 124.625 131.46875 139.037506103515625 147.149993896484375 155.625 165.5500030517578125 175.1875 177.5749969482421875 174.975006103515625 172.3125 169.381256103515625 165.6750030517578125
209.5 207.71875 204.412506103515625 203.25 204.7312469482421875 204.5187530517578125 201.9562530517578125 197.2937469482421875 191.774993896484375 189.662506103515625 192.274993896484375 191.350006103515625 189.0124969482421875 185.28125 181.0500030517578125 177.256256103515625 172.7062530517578125 169.09375 165.962493896484375 163.181243896484375 161.1812591552734375 157.4875030517578125 151.96875 146.118743896484375 141.3125 134.318756103515625 127.63124847412109375 121.3874969482421875 116.8000030517578125 115.03125 115.4562530517578125 118.7687530517578125 124.0812530517578125 130.756256103515625 138.5437469482421875 146.100006103515625 155.1750030517578125 163.84375 170.4812469482421875 173.1687469482421875 172.2062530517578125 170.118743896484375 167.337493896484375 163.475006103515625
214.5 214.3562469482421875 213.125 212.5 212.9375 210.9187469482421875 206.6125030517578125 199.5187530517578125 187.3312530517578125 180.8249969482421875 185.524993896484375 187 186.8562469482421875 184.524993896484375 182.28125 179.568756103515625 176.381256103515625 174.21875 173.8625030517578125 171.4187469482421875 167.375 163.7312469482421875 157.399993896484375 152.5812530517578125 146.0500030517578125 137.868743896484375 129.5625 122.93125152587890625 117.5812530517578125 113.99375152587890625 114.3249969482421875 117.94374847412109375 122.1437530517578125 127.75 134.3625030517578125 142.0187530517578125 150.087493896484375 157.59375 162.75 166.375 166.4250030517578125 164.1999969482421875 162.6125030517578125 159.46875
220.2687530517578125 219.9875030517578125 219.493743896484375 219.7937469482421875 220.850006103515625 219.375 213.78125 205.3312530517578125 195.46875 189.774993896484375 188.9187469482421875 186.8000030517578125 186.6750030517578125 184.6062469482421875 183.212493896484375 182.09375 180.5124969482421875 180.556243896484375 180.9875030517578125 181.0124969482421875 177.0625 172.0187530517578125 164.4375 158.149993896484375 149.6999969482421875 141.1999969482421875 133.0625 124.9499969482421875 118.3000030517578125 113.25624847412109375 112.84375 115.71875 119.6062469482421875 124.96875 131.0812530517578125 138.15625 145.774993896484375 151.649993896484375 156.3874969482421875 159.84375 161.1875 159.787506103515625 157.46875 153.5625
226.556243896484375 226.8249969482421875 226.1125030517578125 226.625 227.7687530517578125 228.443756103515625 223.6999969482421875 213.943756103515625 204.149993896484375 197.350006103515625 194.6187591552734375 190.8625030517578125 188.1125030517578125 185.337493896484375 184.0500030517578125 183.4437408447265625 183.5749969482421875 185.412506103515625 187.756256103515625 190.350006103515625 190.3562469482421875 183.8000030517578125 173.4250030517578125 162.068756103515625 153.881256103515625 146.4562530517578125 137.90625 129.431243896484375 121.125 115.2062530517578125 113.99375152587890625 115.61875152587890625 119.30625152587890625 123.81874847412109375 128.4812469482421875 134 139.962493896484375 145.4749908447265625 151.274993896484375 154.9562530517578125 156.25 155.431243896484375 153.725006103515625 150.381256103515625
231.443756103515625 231.725006103515625 231.131256103515625 232.8249969482421875 234.2375030517578125 234.9749908447265625 231.6750030517578125 221.6062469482421875 211.4562530517578125 203.8625030517578125 198.837493896484375 194.8249969482421875 189.524993896484375 186.100006103515625 185.0374908447265625 184.681243896484375 185.6062469482421875 188.09375 192.4812469482421875 198.4250030517578125 201.350006103515625 195.0625 182.568756103515625 168.537506103515625 157.8937530517578125 149.3625030517578125 140.3312530517578125 132.1125030517578125 125.25624847412109375 119.2312469482421875 116.09999847412109375 115.58750152587890625 117.71250152587890625 120.91249847412109375 125.1750030517578125 130.149993896484375 135.125 140.618743896484375 145.7062530517578125 149.8625030517578125 152.431243896484375 151.6125030517578125 150.0437469482421875 147.193756103515625
235.7312469482421875 236.75 236.40625 236.725006103515625 236.9499969482421875 236.681243896484375 232.475006103515625 224.5625 215.212493896484375 208.024993896484375 201.9250030517578125 197.943756103515625 192.6750030517578125 185.5812530517578125 183.4875030517578125 183.568756103515625 185.1374969482421875 189.9812469482421875 195.6374969482421875 202.162506103515625 207.368743896484375 201.837493896484375 188.4375 175.100006103515625 161.9250030517578125 151.4187469482421875 143.943756103515625 135.8125 129.1062469482421875 123 118.6437530517578125 116.27500152587890625 116.28749847412109375 117.99375152587890625 121.28125 125.61875152587890625 130.274993896484375 135.193756103515625 141.0500030517578125 144.443756103515625 148.21875 148.443756103515625 145.287506103515625 136.7312469482421875
239.53125 239.193756103515625 238.65625 238.274993896484375 238.1687469482421875 235.712493896484375 231.59375 225.6374969482421875 218.3312530517578125 210.600006103515625 203.8312530517578125 197.3562469482421875 191.837493896484375 185.225006103515625 179.756256103515625 179.7624969482421875 182.1999969482421875 187.2437591552734375 193.0124969482421875 198.662506103515625 202.1875 198.40625 188.912506103515625 177.2937469482421875 166.0500030517578125 156.337493896484375 149.337493896484375 141.381256103515625 133.7312469482421875 126.49375152587890625 121.2375030517578125 117.2312469482421875 115.41249847412109375 115.36875152587890625 118.1374969482421875 122.4812469482421875 126.74375152587890625 132.71875 137.4812469482421875 142.287506103515625 144.4812469482421875 140.5124969482421875 135.649993896484375 132.537506103515625
241.318756103515625 240.7062530517578125 240.1437530517578125 239.631256103515625 238.899993896484375 235.84375 232.443756103515625 227.149993896484375 219.7062530517578125 211.8562469482421875 204.3937530517578125 197.524993896484375 190.6999969482421875 183.4250030517578125 175.287506103515625 174.2062530517578125 177.4187469482421875 182.9499969482421875 188.9187469482421875 194.1125030517578125 196.524993896484375 194.28125 188.149993896484375 179.9375 172.100006103515625 164.1624908447265625 156.318756103515625 147.6437530517578125 139.225006103515625 130.3312530517578125 123.2687530517578125 117.5500030517578125 115.1687469482421875 114.28749847412109375 115.41249847412109375 119.1437530517578125 124.6750030517578125 131.96875 137.5625 139.693756103515625 138.193756103515625 136.3125 135.475006103515625 134.493743896484375
241.618743896484375 240.7375030517578125 240.899993896484375 240.1875 239.443756103515625 236.881256103515625 232.587493896484375 227.524993896484375 221.431243896484375 214.881256103515625 206.649993896484375 199.09375 191.681243896484375 182.6374969482421875 173.1437530517578125 167.631256103515625 172.993743896484375 180.5437469482421875 186.306243896484375 190.9562530517578125 193.90625 193.1437530517578125 188.774993896484375 182.9250030517578125 177.3312530517578125 172.368743896484375 165.34375 155.899993896484375 145.0187530517578125 133.875 125.15625 118.47499847412109375 114.84375 113.8625030517578125 113.13124847412109375 118.05625152587890625 124.83750152587890625 129.0124969482421875 133.1999969482421875 134.712493896484375 135.774993896484375 136.0812530517578125 135.649993896484375 131.943756103515625
241.4875030517578125 241.6750030517578125 241.162506103515625 240.524993896484375 240.368743896484375 237.6750030517578125 234.493743896484375 229.475006103515625 223.975006103515625 217.2624969482421875 209.8562469482421875 202.462493896484375 194.34375 185.337493896484375 176.462493896484375 171.2375030517578125 171.8249969482421875 177.899993896484375 184.6437530517578125 190 193.131256103515625 193.1125030517578125 190.03125 184.868743896484375 181.412506103515625 179.993743896484375 175.556243896484375 163.6374969482421875 149.1999969482421875 136.649993896484375 127.21875 121.31874847412109375 116.55625152587890625 114.28125 116.96875 124 127.7687530517578125 132.6062469482421875 137.006256103515625 136.7312469482421875 138.0187530517578125 138.4499969482421875 135.0749969482421875 133.181243896484375
240.875 241.287506103515625 241.868743896484375 242.125 241.743743896484375 240.9499969482421875 238.7624969482421875 234.2312469482421875 228.9375 222.100006103515625 214.5625 207.25 198.0187530517578125 190.0500030517578125 183.193756103515625 178.100006103515625 176.306243896484375 176.5812530517578125 184.462493896484375 190.306243896484375 194.818756103515625 193.7312469482421875 190.600006103515625 187.368743896484375 185.8125 185.2937469482421875 184.53125 169.7624969482421875 151.600006103515625 135.8625030517578125 125.16249847412109375 118.9187469482421875 118.21250152587890625 121.18125152587890625 125.03749847412109375 126.5 131.193756103515625 135.9250030517578125 136.9250030517578125 140.2062530517578125 140.649993896484375 139.837493896484375 137.46875 135.4812469482421875
239.5187530517578125 241.28125 242.318756103515625 243.34375 244.243743896484375 244.0187530517578125 242.2375030517578125 239.443756103515625 235.0437469482421875 229.375 221.3062591552734375 213.34375 204.193756103515625 196.568756103515625 189.1687469482421875 184.4375 181.9562530517578125 179.912506103515625 183.6875 189.712493896484375 196.6312408447265625 199 191 188.71875 188.1062469482421875 187.15625 182.9875030517578125 169.9187469482421875 153.0625 135.6999969482421875 122.7375030517578125 119.59375 124.4875030517578125 127.24375152587890625 128.75 132.5187530517578125 135.71875 138.7375030517578125 141.381256103515625 143.46875 143.875 144.7375030517578125 141.243743896484375 138.431243896484375
