data/historical-monthly-weather-data/wc2.1_cruts4.09_10m_prec_2017-05.asc
ncols        45
nrows        45
xllcorner    -63.500000000000
yllcorner    -7.500000000000
cellsize     0.166666666667
NODATA_value -9999
[rows 0 to 19 of 45, columns 0 to 43 of 45]
214.5 213.243743896484375 215.8625030517578125 223.1437530517578125 229.09375 236.743743896484375 241.8125 248.287506103515625 254.443756103515625 262.66876220703125 269.1875 272.462493896484375 277.087493896484375 282.212493896484375 285.712493896484375 290.82501220703125 294.54376220703125 296.23126220703125 300.287506103515625 306.38751220703125 310.42498779296875 313.662506103515625 320.293731689453125 321.51251220703125 323.92498779296875 328.08123779296875 328.98748779296875 331.431243896484375 331.443756103515625 335.475006103515625 335.32501220703125 337.962493896484375 342.90625 346.26251220703125 348.875 347.67498779296875 343.85626220703125 336.462493896484375 325.975006103515625 316.649993896484375 304.649993896484375 292.868743896484375 278.524993896484375 268.225006103515625
210.2687530517578125 206.225006103515625 209.431243896484375 215.7937469482421875 222.899993896484375 230.5812530517578125 235.3625030517578125 241.6999969482421875 249.131256103515625 254.899993896484375 261.29376220703125 264.28125 266.9375 269.90625 272.306243896484375 275.15625 277.9375 279.631256103515625 286.181243896484375 293.26251220703125 297.36248779296875 301.71875 305.931243896484375 309.368743896484375 311.08123779296875 312.774993896484375 316.006256103515625 318.712493896484375 320.5 323.26873779296875 324.38751220703125 331.475006103515625 335.337493896484375 342.662506103515625 345.76251220703125 338.381256103515625 334.681243896484375 326.26873779296875 316.162506103515625 300.381256103515625 286.618743896484375 277.04376220703125 261.875 246.837493896484375
205.8312530517578125 203.149993896484375 206.618743896484375 210.5437469482421875 214.5 221.6687469482421875 228.2624969482421875 235.7937469482421875 243.1437530517578125 248.4499969482421875 253.125 254.3625030517578125 255.131256103515625 254.774993896484375 256.88751220703125 260.23126220703125 261.38751220703125 261.54998779296875 266.625 273.212493896484375 276.88751220703125 282.45623779296875 286.462493896484375 288.806243896484375 290.28125 294.40625 299.65625 301.78125 302.662506103515625 306.850006103515625 310.23126220703125 316.70001220703125 325.524993896484375 331.5625 337.600006103515625 329.024993896484375 322.756256103515625 314.73748779296875 302.03125 287.71875 275.75 261.23748779296875 247.993743896484375 233.21875
199.09375 194.881256103515625 200.7624969482421875 202.7624969482421875 205.3562469482421875 210.756256103515625 217.2375030517578125 225.7312469482421875 235.556243896484375 241.306243896484375 243.1750030517578125 242.8874969482421875 240.4375 239 240.6750030517578125 242.78125 242.96875 242.899993896484375 246.5 253.8687591552734375 260.76873779296875 264.26873779296875 266.23126220703125 269.056243896484375 270.631256103515625 272.91876220703125 279.212493896484375 280.5 282.306243896484375 290.54376220703125 296.5625 304.23126220703125 312.03125 318.33123779296875 322.29998779296875 319.181243896484375 313.712493896484375 304.76251220703125 291.82501220703125 277.60626220703125 263.23126220703125 251.2375030517578125 234.7375030517578125 219.375
204.875 197.8625030517578125 192.125 192.21875 194.600006103515625 198.375 204.9187469482421875 213.6687469482421875 225.75 233.537506103515625 231.756256103515625 227.725006103515625 226.493743896484375 225.3562469482421875 226.568756103515625 227.3625030517578125 226.524993896484375 226.0124969482421875 228.375 235.7062530517578125 241.9562530517578125 244.1750030517578125 244.7375030517578125 250.1437530517578125 250.625 252.8125 255.03125 260.256256103515625 264.181243896484375 272.54998779296875 281.975006103515625 289.518768310546875 297.23126220703125 307.337493896484375 313.95623779296875 308.131256103515625 303.5625 296.53125 283.943756103515625 268.475006103515625 254.7937469482421875 239.350006103515625 223.40625 209.462493896484375
207.46875 200.40625 192.4562530517578125 183.375 184.962493896484375 191.243743896484375 197.25 203.725006103515625 215.7937469482421875 224.28125 223.4875030517578125 218.6437530517578125 219.193756103515625 219.462493896484375 218.625 220.9187469482421875 218.46875 215.3874969482421875 216.7375030517578125 223.100006103515625 226.975006103515625 229.8312530517578125 232.3625030517578125 233.399993896484375 234.9562530517578125 237.1187591552734375 240.212493896484375 244.03125 249.78125 259.1875 269.04998779296875 278.899993896484375 287.149993896484375 297.1875 304.006256103515625 300.66876220703125 295.32501220703125 288.5 279.431243896484375 264.212493896484375 247.993743896484375 233.693756103515625 217.7312469482421875 204.100006103515625
211.806243896484375 203.149993896484375 193.631256103515625 183.8937530517578125 178.4187469482421875 180.34375 184.9375 190.337493896484375 194.6687469482421875 202.6750030517578125 206.537506103515625 207.2312469482421875 210.3874969482421875 212.662506103515625 213.3937530517578125 214.212493896484375 214.90625 212.100006103515625 210.4499969482421875 214.337493896484375 215.28125 215.8937530517578125 215.3000030517578125 218.0625 220.71875 224.9375 227.2312469482421875 230.774993896484375 234.1687469482421875 244.306243896484375 255.2687530517578125 263.725006103515625 271.67498779296875 282.21875 291.07501220703125 290.58123779296875 285.17498779296875 279.46875 271.162506103515625 258.631256103515625 241.4875030517578125 226.0124969482421875 211.1125030517578125 199.4187469482421875
215.15625 205.274993896484375 194.4812469482421875 185.193756103515625 178.3000030517578125 179.2624969482421875 177.25 172.006256103515625 170.1999969482421875 178.975006103515625 189.8874969482421875 196.2062530517578125 203.3562469482421875 206.868743896484375 208.743743896484375 210.9250030517578125 211.587493896484375 209.25 205.8874969482421875 204.131256103515625 205.7312469482421875 204.3125 203.1125030517578125 202.9875030517578125 206.912506103515625 207.1999969482421875 212.28125 215.225006103515625 219.4250030517578125 229.8000030517578125 240.618743896484375 249.256256103515625 259 267.86248779296875 274.86248779296875 273.88751220703125 271.375 268.64373779296875 258.399993896484375 242.931243896484375 229.7687530517578125 215.7937469482421875 203.037506103515625 190.524993896484375
217.40625 207.0749969482421875 196.9812469482421875 186.3312530517578125 177.975006103515625 177.0187530517578125 174.2687530517578125 169.818756103515625 164.5187530517578125 165.899993896484375 176.9875030517578125 188.3312530517578125 199.774993896484375 204.5625 205.5500030517578125 207.399993896484375 207.5812530517578125 206.587493896484375 205.625 199.7437591552734375 195.931243896484375 196.131256103515625 191.837493896484375 195.912506103515625 195.524993896484375 194.881256103515625 197.618743896484375 203.34375 210.462493896484375 219.25 231.3312530517578125 238.7624969482421875 243.6125030517578125 249.9875030517578125 258.89373779296875 259.95623779296875 259.337493896484375 258.10626220703125 250.15625 234.524993896484375 219.40625 206.4187469482421875 196.899993896484375 187.774993896484375
218.7624969482421875 209.118743896484375 198.78125 188.725006103515625 178.181243896484375 176.631256103515625 174.306243896484375 170.993743896484375 170.350006103515625 173.6062469482421875 180.4499969482421875 186.350006103515625 198.90625 203.993743896484375 204.6062469482421875 202.631256103515625 200.931243896484375 200.0187530517578125 200.0437469482421875 197.912506103515625 191.875 186.5625 182.7062530517578125 184.6437530517578125 182.4875030517578125 181.868743896484375 184.46875 190.149993896484375 198.475006103515625 209.78125 218.375 224.5437469482421875 231.806243896484375 238.7937469482421875 244.8249969482421875 246.1875 245.8125 246.1374969482421875 239.2062530517578125 228.725006103515625 217.368743896484375 207.375 193.6125030517578125 181.5437469482421875
219.943756103515625 211.0625 199.8562469482421875 189.899993896484375 179.1750030517578125 177.9562530517578125 176.024993896484375 171.875 172.993743896484375 178.381256103515625 185.8562469482421875 193.875 198.1125030517578125 204.2062530517578125 201.1437530517578125 196.4812469482421875 193.225006103515625 193.087493896484375 193.068756103515625 193.306243896484375 193.0500030517578125 184.506256103515625 176.7624969482421875 168.75 170.868743896484375 172.681243896484375 175.443756103515625 180.7624969482421875 186.068756103515625 194.7624969482421875 204.475006103515625 212.1687469482421875 218.6750030517578125 225.087493896484375 230.256256103515625 229.9937591552734375 230.5 232.7624969482421875 229.3874969482421875 221.6125030517578125 212.3125 201.875 192.787506103515625 179.0812530517578125
222.78125 212.662506103515625 201.993743896484375 192.056243896484375 182.462493896484375 179.225006103515625 178.90625 177.193756103515625 180.462493896484375 183.837493896484375 190.75 198.4562530517578125 196.6374969482421875 198.631256103515625 196.5625 190.3937530517578125 186.787506103515625 186.65625 187.5437469482421875 190.40625 192.412506103515625 187.2312469482421875 178.256256103515625 168.2312469482421875 162.625 160.1374969482421875 162.1750030517578125 167.7687530517578125 175.1062469482421875 182.9875030517578125 189.4437408447265625 196.40625 202.475006103515625 208.34375 215.40625 218.193756103515625 220.6437530517578125 221.6750030517578125 217.837493896484375 212.431243896484375 206.618743896484375 197.2624969482421875 185.5124969482421875 167.306243896484375
226.287506103515625 214.2312469482421875 203.149993896484375 193.537506103515625 183.7062530517578125 181.9562530517578125 180.0562591552734375 177.962493896484375 182.2624969482421875 188.6125030517578125 194.875 198.34375 196.7062530517578125 188.725006103515625 184.756256103515625 182.3125 178.9187469482421875 179.162506103515625 180.0187530517578125 182.8874969482421875 187.1125030517578125 181.6125030517578125 173.5124969482421875 163.59375 150.0500030517578125 145.024993896484375 151.743743896484375 158.4875030517578125 166.65625 174.78125 179.2062530517578125 182.568756103515625 187.212493896484375 191.837493896484375 199.131256103515625 204.431243896484375 208.475006103515625 212.5437469482421875 211.993743896484375 207.75 201.412506103515625 193.1750030517578125 176.4250030517578125 161.3249969482421875
225.131256103515625 213.618743896484375 203.75 193.993743896484375 185.4250030517578125 182.65625 180.306243896484375 179.006256103515625 184.6750030517578125 190.71875 193.006256103515625 191.8312530517578125 187.6875 181.3312530517578125 171.2624969482421875 170.96875 168.03125 167.4875030517578125 169.712493896484375 172.9187469482421875 175.212493896484375 171.4812469482421875 165.4250030517578125 158.212493896484375 147.96875 141.9375 145.318756103515625 149.75 156.756256103515625 162.5 168.943756103515625 171.037506103515625 174.993743896484375 179.3562469482421875 185.0187530517578125 192.4875030517578125 199.774993896484375 206.381256103515625 208.037506103515625 202.725006103515625 190.3000030517578125 177.0124969482421875 168.9499969482421875 163.412506103515625
224.6062469482421875 214.65625 205.850006103515625 196.2624969482421875 187.5187530517578125 185.2312469482421875 184.8625030517578125 184.625 187.1687469482421875 189.056243896484375 188.850006103515625 185.0749969482421875 178.1437530517578125 170.5437469482421875 158.3562469482421875 157.193756103515625 155.9812469482421875 157.806243896484375 160.0124969482421875 162.3937530517578125 165.068756103515625 163.693756103515625 160.875 159.193756103515625 154.8312530517578125 150.8937530517578125 151.225006103515625 153.850006103515625 157.568756103515625 161.1062469482421875 161.4875030517578125 162.0625 167.568756103515625 168.53125 169.78125 174.1999969482421875 188.125 198.4250030517578125 198.600006103515625 190.9875030517578125 178.837493896484375 171.931243896484375 170.787506103515625 165.5062408447265625
223.40625 213.537506103515625 206.5500030517578125 198.46875 189.7937469482421875 188.9875030517578125 189.287506103515625 188.5625 187.875 187.9499969482421875 184.8125 178.662506103515625 170.493743896484375 163.1687469482421875 153.2687530517578125 143.3562469482421875 144.6437530517578125 149.8687591552734375 150.712493896484375 152.9812469482421875 155.9749908447265625 158.743743896484375 160.1062469482421875 162.368743896484375 160.256256103515625 156.350006103515625 155.6624908447265625 155.975006103515625 158.2937469482421875 161.774993896484375 163.993743896484375 162.9187469482421875 160.1437530517578125 157.381256103515625 156.875 169.28125 176.8874969482421875 184.2937469482421875 186.649993896484375 183.84375 176.1125030517578125 170.6999969482421875 167.8125 160.568756103515625
223.5437469482421875 214.587493896484375 206.774993896484375 200.25 194.162506103515625 192.118743896484375 191.381256103515625 189.875 188.568756103515625 186.1999969482421875 182.03125 175.6999969482421875 166.149993896484375 157.21875 149.53125 141.9875030517578125 133.9499969482421875 138.1374969482421875 141.662506103515625 144.631256103515625 148.306243896484375 151.899993896484375 157 163.756256103515625 165.9250030517578125 158.03125 155.568756103515625 156.09375 158.0749969482421875 160.9562530517578125 163.662506103515625 165.0187530517578125 162.943756103515625 161.28125 168.9375 171.7937469482421875 177.6374969482421875 183.3249969482421875 188.5437469482421875 181.25 172.725006103515625 166.6875 160.5437469482421875 156.837493896484375
223.21875 216.462493896484375 210.568756103515625 204.131256103515625 198.681243896484375 198.306243896484375 196.087493896484375 192.8625030517578125 188.21875 183.8625030517578125 177.8312530517578125 172.65625 161.600006103515625 153.7375030517578125 146.6374969482421875 140.318756103515625 132.9875030517578125 127.36875152587890625 135.537506103515625 137.618743896484375 140.9562530517578125 145.631256103515625 151.443756103515625 159.1374969482421875 163.21875 158.306243896484375 153.649993896484375 155.78125 158.4499969482421875 158.7624969482421875 155.8249969482421875 153.9562530517578125 163.90625 169.399993896484375 173.1062469482421875 182.3312530517578125 187.149993896484375 185.7375030517578125 185.4250030517578125 179.6125030517578125 166.806243896484375 160.193756103515625 154.537506103515625 151.631256103515625
222.6999969482421875 217.287506103515625 211.8562469482421875 208.2312469482421875 204.568756103515625 202.4875030517578125 200.53125 197.556243896484375 190.6062469482421875 184.5812530517578125 175.3000030517578125 165.0625 155.53125 148.431243896484375 142.0437469482421875 137.475006103515625 132.662506103515625 125.5500030517578125 124.77500152587890625 127.8125 132.15625 139.162506103515625 137.875 146.9250030517578125 151.943756103515625 154.431243896484375 154.9187469482421875 154.03125 156.6750030517578125 156.75 155.806243896484375 158.4124908447265625 166.03125 170.6687469482421875 175.90625 181.5500030517578125 180.8000030517578125 177.162506103515625 177.1999969482421875 169.600006103515625 159.068756103515625 151.837493896484375 148.4875030517578125 147.537506103515625
220.9250030517578125 217.125 213.6687469482421875 209.287506103515625 207.0812530517578125 208.212493896484375 206.6999969482421875 202.556243896484375 193.5500030517578125 183.1687469482421875 173.7062530517578125 166.1875 158.84375 149.0500030517578125 141.368743896484375 131.6999969482421875 123.90000152587890625 123.88750457763671875 122.3000030517578125 123.4812469482421875 123.5625 127.68125152587890625 134.149993896484375 139.2687530517578125 142.1374969482421875 142.350006103515625 145.75 150.5 150.5749969482421875 149.2687530517578125 151.993743896484375 162.75 166.693756103515625 168.850006103515625 175.0124969482421875 177.475006103515625 175.7624969482421875 172.181243896484375 167.96875 161.868743896484375 150.818756103515625 143.9375 143.225006103515625 142.6374969482421875
