data/historical-monthly-weather-data/wc2.1_cruts4.09_10m_prec_1987-07.asc
ncols        51
nrows        45
xllcorner    -63.500000000000
yllcorner    -7.500000000000
cellsize     0.166666666667
NODATA_value -9999
[rows 19 to 37 of 45, columns 0 to 42 of 51]
139.6875 135.943756103515625 128.1999969482421875 120.2312469482421875 111.7312469482421875 107.5812530517578125 98.46250152587890625 92.15625 87.96250152587890625 81.77500152587890625 76.43125152587890625 72.81874847412109375 67.08124542236328125 61.481250762939453125 54.15000152587890625 46.69374847412109375 41.456249237060546875 42.52500152587890625 38.112499237060546875 35.53749847412109375 34.22499847412109375 37.512500762939453125 42.731250762939453125 47.012500762939453125 49.46250152587890625 49.206249237060546875 50.387500762939453125 53.862499237060546875 55.28749847412109375 55.887500762939453125 60.13124847412109375 68.33750152587890625 70.41249847412109375 71.7937469482421875 74.24375152587890625 79.31874847412109375 82.2312469482421875 83.4187469482421875 84.09375 81.1999969482421875 74.5625 68.11875152587890625 65.625
123.3125 126.88124847412109375 124.1875 113.6687469482421875 103.3562469482421875 99.21250152587890625 92.2937469482421875 86.75624847412109375 82.11875152587890625 77.38124847412109375 71.6750030517578125 68.41249847412109375 64.13124847412109375 58.40625 51.575000762939453125 45.331249237060546875 40.97499847412109375 38.893749237060546875 37.72499847412109375 34.012500762939453125 36.356250762939453125 39.49375152587890625 43.43125152587890625 48.15625 50.38124847412109375 49.487499237060546875 47.918750762939453125 50.75 54.268749237060546875 56.625 62.424999237060546875 68.3249969482421875 67.6125030517578125 69.5500030517578125 72.1687469482421875 75.9562530517578125 78.9250030517578125 78.53749847412109375 77.125 74 69.88124847412109375 66.3625030517578125 62.53749847412109375
116.58750152587890625 112.88124847412109375 111.86875152587890625 105.4812469482421875 97.66249847412109375 90.0187530517578125 84.28125 79.30625152587890625 76.08750152587890625 72.02500152587890625 68.2375030517578125 63.38124847412109375 58.9375 56.424999237060546875 52.081249237060546875 46.03749847412109375 42.91249847412109375 39.83750152587890625 37.768749237060546875 35.56874847412109375 35.862499237060546875 38.55625152587890625 42.293750762939453125 44.450000762939453125 45.299999237060546875 45.4375 48.30625152587890625 49.268749237060546875 54.47499847412109375 59.293750762939453125 62.84375 65.9499969482421875 65.81874847412109375 66.4812469482421875 67.0749969482421875 71.3874969482421875 74.03749847412109375 74.1062469482421875 72.99375152587890625 70.75624847412109375 67.59375 64.71875 61.65625
109.75624847412109375 111.2375030517578125 107.2062530517578125 99.15625 90.55625152587890625 84.5812530517578125 75.40000152587890625 70.91249847412109375 69.21875 68.63124847412109375 66.09999847412109375 61.74375152587890625 59.137500762939453125 55.924999237060546875 52.75624847412109375 48.65000152587890625 43.581249237060546875 39.53125 36.856250762939453125 35.53125 37.71875 38.90000152587890625 40.83750152587890625 42.543750762939453125 44.72499847412109375 44.28125 45.34375 48.518749237060546875 51.825000762939453125 55.293750762939453125 58.86875152587890625 62.887500762939453125 62.325000762939453125 61.325000762939453125 62.768749237060546875 64.375 67.75624847412109375 67.3000030517578125 68.1374969482421875 67.6875 65.5812530517578125 61.74375152587890625 59.112499237060546875
99.53749847412109375 104.00624847412109375 102.47499847412109375 93.47499847412109375 84.59999847412109375 77.6999969482421875 73.38124847412109375 68.10625457763671875 64.74375152587890625 62.16249847412109375 60.774997711181640625 61.075000762939453125 58.99375152587890625 57.106250762939453125 52.512500762939453125 48.43125152587890625 43.174999237060546875 40.643749237060546875 37.668750762939453125 36.90000152587890625 37.43125152587890625 39.55625152587890625 40.875 43.674999237060546875 45.206249237060546875 44.362499237060546875 46.512500762939453125 46.987499237060546875 49.200000762939453125 52.137500762939453125 55.71875 58.918750762939453125 57.28749847412109375 55.375 57.97499847412109375 58.03125 61.487499237060546875 63.243747711181640625 64.125 63.5625 62.53125 59.424999237060546875 57.487499237060546875
92.7937469482421875 98.28749847412109375 97.78749847412109375 89.5 80.9187469482421875 73.4375 69.15625 64.78749847412109375 61.825000762939453125 60.856250762939453125 59.762500762939453125 57.21250152587890625 57.887500762939453125 56.03749847412109375 51.387500762939453125 46.424999237060546875 42.61875152587890625 40.63124847412109375 38.46250152587890625 36.99375152587890625 37.96875 39.174999237060546875 41.91249847412109375 43.450000762939453125 43.47499847412109375 44.950000762939453125 44.59999847412109375 45.09375 46.1875 48.80625152587890625 49.918750762939453125 51.3125 51.668750762939453125 50.63124847412109375 50.86875152587890625 52.72499847412109375 56.28125 57.41249847412109375 59.16249847412109375 59.75 58.40000152587890625 56.9375 55.72499847412109375
91.28125 96.2937469482421875 90.5812530517578125 83.7062530517578125 75.125 69.3000030517578125 65.31874847412109375 61.28749847412109375 58.06874847412109375 55.08750152587890625 56.77500152587890625 56.018749237060546875 54.418750762939453125 53.512500762939453125 49.950000762939453125 45.987499237060546875 42.0625 40.075000762939453125 38.43125152587890625 36.59999847412109375 38.3125 39.543750762939453125 41.69374847412109375 43.18125152587890625 42.84999847412109375 42.706249237060546875 43.1875 42.96875 42.831249237060546875 43.731250762939453125 44.49375152587890625 44.893749237060546875 44.331249237060546875 44.44374847412109375 46.231250762939453125 48.325000762939453125 51.200000762939453125 53.46875 55.043750762939453125 55.856250762939453125 56.46250152587890625 54.18125152587890625 52.68125152587890625
84.0187530517578125 85.19374847412109375 82.86875152587890625 77.94374847412109375 70.74375152587890625 66.43125152587890625 63.299999237060546875 59.25 55.21875 55.450000762939453125 56.137500762939453125 55.700000762939453125 54.856250762939453125 53.00624847412109375 49.237499237060546875 46.637500762939453125 42.97499847412109375 40.1875 38.8125 37.53749847412109375 37.737499237060546875 38.75624847412109375 40.93125152587890625 43.28749847412109375 42.03125 40.34375 40.61875152587890625 40.887500762939453125 40.94374847412109375 40.05625152587890625 40.94374847412109375 39.625 38.56874847412109375 40.643749237060546875 41.625 44.450000762939453125 45.8125 48.05625152587890625 50.168750762939453125 51.875 53.65000152587890625 52.225002288818359375 50.075000762939453125
77.22499847412109375 75.15000152587890625 73.58750152587890625 71.625 66.43125152587890625 63.168750762939453125 60.456249237060546875 56.78749847412109375 54.643749237060546875 54.231250762939453125 54.00624847412109375 53.1875 53.02500152587890625 52.0625 48.36875152587890625 45.36875152587890625 42.53749847412109375 40.268749237060546875 37.77500152587890625 36.86875152587890625 37.762500762939453125 37.84375 37.918750762939453125 39.831249237060546875 39.75 38.46875 38.706249237060546875 38.975002288818359375 39 38.96875 38.81874847412109375 38.424999237060546875 37.25 37.012500762939453125 37.981250762939453125 40.24375152587890625 41.49375152587890625 43.799999237060546875 46.3125 49.27500152587890625 50.94374847412109375 51.293750762939453125 48.0625
69.96250152587890625 67.8874969482421875 67.84375 63.99375152587890625 61.46250152587890625 58.018749237060546875 55.41249847412109375 53.706249237060546875 51.96250152587890625 52.15000152587890625 51.65625 51.237499237060546875 51.63124847412109375 51.65625 48.450000762939453125 45.424999237060546875 43.25 39.84375 37.893749237060546875 36.75 36.668750762939453125 36.25624847412109375 36.3125 37.09999847412109375 37.1875 36.456249237060546875 36.78749847412109375 37.15000152587890625 38.28749847412109375 38.21875 37.47499847412109375 37.143749237060546875 35.5 34.49375152587890625 34.893749237060546875 36.768749237060546875 38.106250762939453125 40.137500762939453125 42.418750762939453125 44.075000762939453125 46.862499237060546875 45.862499237060546875 44.200000762939453125
63.337497711181640625 63.4375 62.77500152587890625 60.0625 57.049999237060546875 54.887500762939453125 52.293750762939453125 51.924999237060546875 51.424999237060546875 50.762500762939453125 50.450000762939453125 51.21875 51.5625 50.8125 48.174999237060546875 45.637500762939453125 43 40.65000152587890625 38.09375 36.418750762939453125 36.46250152587890625 35.65625 35.47499847412109375 35.34999847412109375 35.53125 35.22499847412109375 35.356250762939453125 36.00624847412109375 37.112499237060546875 36.59375 36.049999237060546875 35.231250762939453125 33.43125152587890625 32.49375152587890625 32.11875152587890625 33.206249237060546875 35.34999847412109375 36.28749847412109375 37.112499237060546875 38.6875 41.28125 40.88124847412109375 39.424999237060546875
58.512500762939453125 58.393749237060546875 55.9375 55.96875 54.78749847412109375 53.50624847412109375 51.25624847412109375 50.09999847412109375 49.88124847412109375 49.706249237060546875 49.96250152587890625 50.168750762939453125 51.762500762939453125 49.99375152587890625 47.293750762939453125 45.575000762939453125 44.418750762939453125 40.72499847412109375 37.424999237060546875 36.637500762939453125 36.59999847412109375 35.575000762939453125 34.65625 33.78749847412109375 33.40625 34.174999237060546875 34.40000152587890625 34.43125152587890625 34.61875152587890625 34.59375 34.081249237060546875 33.6875 32.1875 31.231250762939453125 30.475000381469726562 30.612499237060546875 31.712499618530273438 33.206249237060546875 33.03125 32.981250762939453125 34.487499237060546875 35.143749237060546875 34.09999847412109375
53.88124847412109375 51.75 50.106250762939453125 49.737499237060546875 50.262500762939453125 50.125 49.55625152587890625 48.418750762939453125 48.762500762939453125 48.0625 48.65625 50.0625 50.387500762939453125 50.69374847412109375 48.581249237060546875 46.71250152587890625 44.93125152587890625 41.299999237060546875 37.581249237060546875 36.862499237060546875 35.71875 34.799999237060546875 33.331249237060546875 32.387500762939453125 32.606250762939453125 32.387500762939453125 32.78749847412109375 33.50624847412109375 32.94374847412109375 32.831249237060546875 32.81874847412109375 32.174999237060546875 30.424999237060546875 29.368749618530273438 28.762500762939453125 28.356250762939453125 29.237499237060546875 28.743749618530273438 28.581249237060546875 29.274999618530273438 30.25 29.912500381469726562 28.924999237060546875
49.331249237060546875 47.049999237060546875 45.16249847412109375 44.75624847412109375 45.518749237060546875 45.674999237060546875 46.05625152587890625 45.893749237060546875 45.356250762939453125 46.693752288818359375 48.506252288818359375 48.77500152587890625 49.862499237060546875 51.1875 49.875 47.299999237060546875 44.66249847412109375 42.71250152587890625 39.893749237060546875 38.637500762939453125 37.018749237060546875 35.168750762939453125 33.168750762939453125 32.58750152587890625 32.94374847412109375 32.356250762939453125 33.0625 32.96250152587890625 33.03125 32.081249237060546875 31.481250762939453125 30.375 28.243749618530273438 27.21875 26.9375 26.981250762939453125 26.237499237060546875 25.5625 25.381250381469726562 26.418750762939453125 26.924999237060546875 26.756250381469726562 25.068750381469726562
45.08750152587890625 43.262500762939453125 42.450000762939453125 42.262500762939453125 42.09375 41.293750762939453125 41.700000762939453125 41.08750152587890625 42.668750762939453125 43.375 45.59375 47.55625152587890625 49.65625 50.34375 49.34375 46.831249237060546875 45.25624847412109375 43.0625 40.424999237060546875 38.84999847412109375 37.731250762939453125 35.125 33.887500762939453125 33.36875152587890625 32.625 31.787500381469726562 32.21875 32.75 32.581249237060546875 31.512500762939453125 30.46875 28.862499237060546875 26.725000381469726562 25.90625 25.256250381469726562 24.643749237060546875 23.350000381469726562 22.787500381469726562 23.068750381469726562 23.350000381469726562 23.75 23.84375 23.287500381469726562
41.731250762939453125 39.05625152587890625 39.46875 39.15625 39.53125 39.00624847412109375 38.518749237060546875 38.106250762939453125 38.293750762939453125 39.53749847412109375 42.5 46.075000762939453125 50.1875 51.9375 49.78749847412109375 47.6875 45.91249847412109375 43.33750152587890625 41.46875 39.112499237060546875 37.887500762939453125 36.393749237060546875 34.59375 33.737499237060546875 32.706249237060546875 31.556249618530273438 31.881250381469726562 32.21875 31.84375 29.162500381469726562 27.924999237060546875 27.1875 25.549999237060546875 24.418750762939453125 23.0625 22.268749237060546875 21.462499618530273438 21.231250762939453125 20.899999618530273438 20.53125 20.387500762939453125 19.987499237060546875 20.418750762939453125
38.47499847412109375 36.84375 37.625 36.66249847412109375 36.737499237060546875 36.05625152587890625 35.78749847412109375 35.375 35.418750762939453125 35.987499237060546875 38.762500762939453125 43.34375 48.99375152587890625 49.831249237060546875 49.325000762939453125 47.86875152587890625 46.6875 43.81874847412109375 41.137500762939453125 39.21250152587890625 36.50624847412109375 36.0625 34.043750762939453125 32.950000762939453125 31.487499237060546875 31.493749618530273438 31.643749237060546875 31.793750762939453125 31.199998855590820312 28.537500381469726562 27.006250381469726562 26.28125 24.487499237060546875 23.381250381469726562 22.068750381469726562 20.799999237060546875 20.137500762939453125 19.543750762939453125 19.556249618530273438 19.125 18.362499237060546875 18.1875 17.681249618530273438
35.125 34.59999847412109375 34.90000152587890625 33.83750152587890625 33.856250762939453125 33.97499847412109375 33.71250152587890625 33.225002288818359375 32.737499237060546875 32 35.168750762939453125 40.575000762939453125 45.356250762939453125 46.86875152587890625 47.65000152587890625 47.174999237060546875 45.96250152587890625 42.856250762939453125 40.262500762939453125 38.581249237060546875 35.90000152587890625 34.28749847412109375 32.77500152587890625 32.34375 31.012500762939453125 30.6875 30.806249618530273438 30.53125 29.887500762939453125 28.112499237060546875 26.212499618530273438 24.662500381469726562 22.856250762939453125 21.787500381469726562 20.518749237060546875 19.043750762939453125 18.243749618530273438 18.225000381469726562 18.337499618530273438 17.543750762939453125 16.543750762939453125 16.3125 15.762499809265136719
31.368749618530273438 31.587499618530273438 31.137500762939453125 31.362499237060546875 31.4375 31.581249237060546875 31.5625 31.168750762939453125 30.931249618530273438 29.793750762939453125 35.09375 40.012500762939453125 42.893749237060546875 44.768749237060546875 46.21875 46.268749237060546875 44.106250762939453125 42.56874847412109375 39.487499237060546875 37.731250762939453125 35.768749237060546875 33.831249237060546875 31.743749618530273438 31.450000762939453125 30.78125 30.293750762939453125 29.956249237060546875 29.625 28.987499237060546875 26.806249618530273438 23.875 22.712499618530273438 21.081249237060546875 20.212499618530273438 18.568750381469726562 17.043750762939453125 16.962499618530273438 16.700000762939453125 16.637500762939453125 16.018749237060546875 15.149999618530273438 15.274999618530273438 14.65625
