data/historical-monthly-weather-data/wc2.1_cruts4.09_10m_prec_1989-02.asc
ncols        45
nrows        45
xllcorner    -63.500000000000
yllcorner    -7.500000000000
cellsize     0.166666666667
NODATA_value -9999
[rows 0 to 19 of 45, columns 0 to 44 of 45]
170.431243896484375 165.65625 159.0187530517578125 155.243743896484375 149.6125030517578125 147.53125 144.15625 138.693756103515625 133.774993896484375 131.4499969482421875 132.381256103515625 132.649993896484375 132.3000030517578125 127.65000152587890625 124.7687530517578125 122.16249847412109375 120.43125152587890625 116.21875 115.1875 114.90000152587890625 116.1437530517578125 117.6750030517578125 120.65000152587890625 124.1437530517578125 128.4375 133.4875030517578125 139.774993896484375 146.65625 154.399993896484375 162.412506103515625 171.5749969482421875 181.4187469482421875 189.4250030517578125 198.03125 207.1374969482421875 212.4875030517578125 215.3000030517578125 217.243743896484375 218.068756103515625 216.6999969482421875 216.475006103515625 215.600006103515625 212.96875 213.3874969482421875 212.181243896484375
180.2624969482421875 175.631256103515625 171.600006103515625 167.037506103515625 163.5187530517578125 164.0625 162.34375 161.274993896484375 160.3249969482421875 158.9250030517578125 158.3249969482421875 156.0812530517578125 153.2937469482421875 148.912506103515625 144.3562469482421875 139.787506103515625 136.2687530517578125 132.8125 131.412506103515625 130.587493896484375 131.7937469482421875 134.2937469482421875 137.7375030517578125 141.34375 145.056243896484375 150.28125 155.75 162.431243896484375 169.3874969482421875 177.881256103515625 186.53125 197.649993896484375 205.9812469482421875 215.350006103515625 223.4812469482421875 227.662506103515625 229.6875 230.1875 230.0749969482421875 228.0437469482421875 226.7937469482421875 224.931243896484375 221.287506103515625 220.2624969482421875 218.3562469482421875
190.3625030517578125 186.243743896484375 182.850006103515625 179.868743896484375 178.3874969482421875 180.475006103515625 183.243743896484375 187.1374969482421875 190.1812591552734375 190.118743896484375 188.1125030517578125 183.9187469482421875 178.8249969482421875 172.3562469482421875 165.462493896484375 158.9187469482421875 153.318756103515625 150.1062469482421875 148.1875 147.3874969482421875 149.149993896484375 153.287506103515625 156.7312469482421875 160.287506103515625 165.3874969482421875 169.568756103515625 174.3937530517578125 180.556243896484375 185.71875 193.125 202.6437530517578125 212.9562530517578125 221.8249969482421875 229.625 238.475006103515625 240.725006103515625 242.587493896484375 243.899993896484375 242.2624969482421875 239.78125 237.556243896484375 234.3249969482421875 230.03125 226.2312469482421875 224.850006103515625
198.568756103515625 195.212493896484375 194.3937530517578125 193.3312530517578125 196.0124969482421875 199.5 206.181243896484375 215.037506103515625 222.806243896484375 226.0437469482421875 222.943756103515625 214.8000030517578125 205.2937469482421875 195.975006103515625 187.399993896484375 179.006256103515625 171.9250030517578125 166.8562469482421875 165.2375030517578125 166.4375 169.7687530517578125 173.9250030517578125 177.1875 181.037506103515625 185.537506103515625 189.712493896484375 194.568756103515625 199.1812591552734375 203.037506103515625 210.556243896484375 218.743743896484375 229.90625 237.3687591552734375 245.368743896484375 252.631256103515625 255.5500030517578125 256.89373779296875 257.20001220703125 256.16876220703125 253.46875 248.975006103515625 244.53125 239.2624969482421875 233.6687469482421875 231.625
211.5187530517578125 205.962493896484375 203.875 205.443756103515625 210.6875 217.9875030517578125 227 241.28125 256.48126220703125 265.54376220703125 257.125 243 231.850006103515625 221.056243896484375 209.5812530517578125 199.587493896484375 191.3562469482421875 184.8625030517578125 184.225006103515625 186.618743896484375 191.287506103515625 194.756256103515625 198.868743896484375 202.9812469482421875 206.8562469482421875 211.0749969482421875 213.118743896484375 215.787506103515625 220.9499969482421875 228.46875 236.756256103515625 245.681243896484375 254.1374969482421875 262.04376220703125 268.625 271.100006103515625 272.90625 273.29376220703125 271.818756103515625 267.243743896484375 262.4375 255.53125 247.9562530517578125 241.21875 236.993743896484375
221.7937469482421875 217.774993896484375 214.71875 214.8937530517578125 219.875 229.725006103515625 241.556243896484375 257.006256103515625 275.118743896484375 289.056243896484375 277.225006103515625 261.75 250.59375 240.493743896484375 229.6687469482421875 220.975006103515625 211.868743896484375 206.28125 207.21875 210.71875 214.03125 217.337493896484375 220.931243896484375 223.6062469482421875 225.90625 229.96875 231.8874969482421875 233.40625 236.912506103515625 244.0500030517578125 252.25 261.006256103515625 267.837493896484375 277.67498779296875 285.0625 287.28125 289.28125 289.725006103515625 288.98748779296875 283.92498779296875 276.21875 267.76873779296875 259.11248779296875 251.024993896484375 243.6062469482421875
232.912506103515625 229.1125030517578125 226.806243896484375 225.2312469482421875 229.0625 237.8312530517578125 249.3499908447265625 261.58123779296875 275.381256103515625 282.41876220703125 280.587493896484375 272.59375 264.48126220703125 256.868743896484375 249.0749969482421875 242.1437530517578125 236.475006103515625 235.125 236.649993896484375 237.78125 237.8874969482421875 240.15625 241.4499969482421875 242.756256103515625 246.5625 249.0124969482421875 250.3562469482421875 252.037506103515625 252.8874969482421875 258.88751220703125 268.11248779296875 276.78125 284.39373779296875 290.931243896484375 298.056243896484375 302.32501220703125 304.03125 305.38751220703125 306.34375 300.59375 289.79998779296875 280.46875 271.29376220703125 261.912506103515625 252.65625
243.462493896484375 238.40625 235.993743896484375 236.6062469482421875 239.881256103515625 246.28125 253.6062469482421875 260.28125 266.274993896484375 272.287506103515625 278.86248779296875 279.84375 277.20623779296875 271.662506103515625 266.61248779296875 262.787506103515625 259.98126220703125 262.98126220703125 267.243743896484375 264.75 261.28125 261.28125 261.399993896484375 262.71875 266 267.85626220703125 268.59375 268.73748779296875 270.024993896484375 275.412506103515625 282.45001220703125 291.66876220703125 298.8125 305.850006103515625 312.07501220703125 315.04376220703125 316.95623779296875 317.931243896484375 317.39373779296875 312.14373779296875 302.818756103515625 294.037506103515625 284.6875 273.85626220703125 265.48126220703125
253.743743896484375 248.9375 246.4187469482421875 247.1374969482421875 249.2062530517578125 252.7687530517578125 258.26251220703125 261.66876220703125 262.743743896484375 267.83123779296875 278.04998779296875 284.45623779296875 285.54998779296875 283.01873779296875 279.931243896484375 279.04998779296875 278.03125 280.51251220703125 285.100006103515625 281.381256103515625 275.82501220703125 275.162506103515625 275.6875 279.837493896484375 283.26873779296875 284.993743896484375 284.36248779296875 283.993743896484375 285.493743896484375 289.912506103515625 296.78125 305.28125 311.631256103515625 317.493743896484375 323.100006103515625 326.70001220703125 328.774993896484375 329.70623779296875 330 325.693756103515625 317.243743896484375 309.5 301.66876220703125 292.1875 285.40625
263.70001220703125 259.20001220703125 257.337493896484375 257.024993896484375 257.82501220703125 260.243743896484375 265.368743896484375 268.443756103515625 272.662506103515625 278.46875 287.868743896484375 292.25 295.48748779296875 293.625 293.13751220703125 292.38751220703125 291.743743896484375 292.70001220703125 292.20001220703125 289.649993896484375 286.100006103515625 286.76251220703125 289.493743896484375 296.67498779296875 300.61248779296875 301.899993896484375 301.5 299.587493896484375 301.46875 305.35626220703125 309.793731689453125 316.65625 322.850006103515625 329.67498779296875 335.693756103515625 338.76873779296875 340.875 340.78125 341.08123779296875 338.71875 333.15625 327.20001220703125 319.51251220703125 309.712493896484375 305.274993896484375
272.45623779296875 268.056243896484375 266.23748779296875 265.649993896484375 265.58123779296875 267.868743896484375 272.45001220703125 277.51873779296875 283.79998779296875 291.212493896484375 300.881256103515625 305.76251220703125 307.443756103515625 305.65625 305.79376220703125 305.48126220703125 303.9375 301.66876220703125 298.54376220703125 296.13751220703125 292.95623779296875 294.818756103515625 301.712493896484375 308.36248779296875 317.16876220703125 318.350006103515625 316.399993896484375 315.39373779296875 315.42498779296875 317.70623779296875 322.11248779296875 327.65625 332.89373779296875 339.475006103515625 346.95623779296875 350.756256103515625 351.262481689453125 352.387481689453125 352.84375 350.350006103515625 346.14373779296875 340.92498779296875 334.693756103515625 326.287506103515625 321.95001220703125
280.306243896484375 275.837493896484375 273.53125 273.34375 273.98748779296875 276.64373779296875 281.54376220703125 288.96875 295.993743896484375 304.337493896484375 315.04376220703125 322.29998779296875 323.162506103515625 320.881256103515625 320.78125 318.61248779296875 315.975006103515625 310.78125 304.66876220703125 299.725006103515625 295.82501220703125 299.54376220703125 311.149993896484375 323.36248779296875 331.96875 331.125 327.76251220703125 326.056243896484375 326.17498779296875 329.04998779296875 332.587493896484375 336.28125 341.475006103515625 347.39373779296875 354.34375 358.79376220703125 361.91876220703125 363.875 364.681243896484375 362.899993896484375 359.78125 354.29998779296875 345.60626220703125 334.70623779296875 328.35626220703125
284.662506103515625 281.21875 280.068756103515625 279.993743896484375 282.125 285.993743896484375 292.33123779296875 299.71875 307.04998779296875 317.21875 328.09375 337.01873779296875 339.04376220703125 335.42498779296875 334.04998779296875 330.21875 326.337493896484375 320.66876220703125 314.45623779296875 307.32501220703125 299.86248779296875 305.10626220703125 319.29998779296875 331.337493896484375 337.01873779296875 336.881256103515625 336.3125 335.431243896484375 335.29998779296875 337.88751220703125 341 343.98126220703125 347.181243896484375 353.212493896484375 360.3125 364.587493896484375 368.23126220703125 373.04376220703125 375.193756103515625 374.36248779296875 373.212493896484375 366.32501220703125 353.04998779296875 339.0625 329.48748779296875
287.82501220703125 285.09375 284.787506103515625 285.818756103515625 289.23126220703125 293.931243896484375 301.931243896484375 310.212493896484375 318.524993896484375 328.03125 337.868743896484375 345.887481689453125 349.337493896484375 349.26251220703125 345.493743896484375 342.04376220703125 336.693756103515625 331.712493896484375 325.34375 320.256256103515625 317.068756103515625 320.962493896484375 330.51251220703125 337.443756103515625 341.431243896484375 342.181243896484375 343.13751220703125 342.8125 343.60626220703125 344.243743896484375 346.67498779296875 348.35626220703125 350.79376220703125 356.65625 363.125 368.662506103515625 375.225006103515625 381.993743896484375 386.756256103515625 386.787506103515625 382.875 370.368743896484375 357.774993896484375 345.625 336.5625
291.88751220703125 289.225006103515625 290.23748779296875 293.681243896484375 297.125 303.70623779296875 313.412506103515625 322.11248779296875 331.46875 341.056243896484375 349.57501220703125 358.5 363.1875 364.35626220703125 361.212493896484375 356.631256103515625 352 346.881256103515625 341.95001220703125 339.23126220703125 337.64373779296875 339.118743896484375 344.89373779296875 348.45001220703125 349.76873779296875 351.29376220703125 352.07501220703125 350.9375 350.82501220703125 351.181243896484375 350.5625 349.60626220703125 351.649993896484375 355.45623779296875 361.681243896484375 367.375 377.40625 388.53125 396.087493896484375 396.79376220703125 388.793731689453125 377.774993896484375 366.23126220703125 352.662506103515625 342.07501220703125
294.431243896484375 292.16876220703125 294.65625 299.4375 305.01873779296875 312.899993896484375 323.40625 332.41876220703125 343.03125 354.38751220703125 363.806243896484375 373.9375 380.29998779296875 381.73748779296875 378.23748779296875 370.90625 367.95623779296875 365.087493896484375 361.98748779296875 360.524993896484375 357.64373779296875 357.23748779296875 359.85626220703125 362.03125 360.318756103515625 358.95001220703125 358.149993896484375 357.875 358.475006103515625 358.04376220703125 356.61248779296875 352.16876220703125 349.11248779296875 349.8125 352.837493896484375 360.64373779296875 374.149993896484375 390.693756103515625 404.600006103515625 407.76251220703125 400.14373779296875 386.162506103515625 371.67498779296875 356.59375 343.868743896484375
294.493743896484375 294.36248779296875 298.01873779296875 304.23126220703125 311.8125 321.01873779296875 332.412506103515625 343.26251220703125 354.96875 367.6875 379.76251220703125 392.193756103515625 400.993743896484375 404.10626220703125 399.649993896484375 391.568756103515625 385.48126220703125 381.931243896484375 379.618743896484375 379.59375 377.581268310546875 376.100006103515625 375.60626220703125 375.306243896484375 372.600006103515625 366.64373779296875 363.125 363.743743896484375 365.71875 366.40625 363.0625 355.6875 347.79998779296875 340.5 341.14373779296875 349.36248779296875 365.01251220703125 390.0625 415.46875 415.274993896484375 403.993743896484375 388.631256103515625 371.29998779296875 355.08123779296875 343.59375
294.181243896484375 295.912506103515625 302.46875 311.1875 320.33123779296875 331.13751220703125 344.20623779296875 356.70623779296875 369.243743896484375 382.3125 396.537506103515625 413.3125 426.84375 431.61248779296875 427.79998779296875 419.76873779296875 408.649993896484375 399.506256103515625 400.162506103515625 400.70001220703125 401.193756103515625 398.100006103515625 393.256256103515625 387.912506103515625 382.29376220703125 375.08123779296875 369.193756103515625 370.649993896484375 373.73126220703125 374.631256103515625 368.8125 352.537506103515625 340.399993896484375 329.631256103515625 325.268768310546875 329.34375 351.149993896484375 377.3125 400.29998779296875 403.975006103515625 393.875 380.04376220703125 365.58123779296875 352.20623779296875 341.78125
292.9375 296.881256103515625 305.29376220703125 314.962493896484375 326.39373779296875 340.41876220703125 354.33123779296875 369.48748779296875 383.931243896484375 397.306243896484375 413.61248779296875 432.818756103515625 451.287506103515625 463.42498779296875 457.756256103515625 444.40625 430.48748779296875 417.8125 415.568756103515625 418.40625 420.70623779296875 417.95001220703125 406.056243896484375 397.73126220703125 390.212493896484375 383.537506103515625 379.46875 379.76873779296875 383.118743896484375 384.912506103515625 378.587493896484375 357.28125 337.76251220703125 318.087493896484375 306.5 312.33123779296875 334.65625 359.225006103515625 378.70623779296875 383.79376220703125 378.91876220703125 367.45001220703125 357.3125 347.76873779296875 338.662506103515625
291.98748779296875 296.40625 306.41876220703125 317.85626220703125 332.11248779296875 348.42498779296875 365.318756103515625 380.868743896484375 395.931243896484375 410.225006103515625 426.256256103515625 447.90625 472.756256103515625 494.681243896484375 484.8125 461.46875 441.79376220703125 431.649993896484375 429.32501220703125 432.212493896484375 428.70001220703125 421.98748779296875 415.850006103515625 405.98748779296875 397.10626220703125 389.600006103515625 387.53125 389.11248779296875 389.13751220703125 388.225006103515625 377.96875 359.399993896484375 334.20001220703125 307.006256103515625 287.36248779296875 296.96875 324.225006103515625 349.21875 364.96875 370.225006103515625 365.26873779296875 355.40625 350.78125 345.15625 337.54998779296875
