data/historical-monthly-weather-data/wc2.1_cruts4.09_10m_prec_1989-10.asc
ncols        45
nrows        45
xllcorner    -63.500000000000
yllcorner    -7.500000000000
cellsize     0.166666666667
NODATA_value -9999
[rows 20 to 39 of 45, columns 0 to 43 of 45]
221.09375 231.2687530517578125 241.1062469482421875 250.1062469482421875 257.95001220703125 262.3125 265.712493896484375 265.91876220703125 260.743743896484375 251.100006103515625 239.34375 227.506256103515625 216.337493896484375 204.6687469482421875 198.181243896484375 192.6437530517578125 186.59375 183.100006103515625 184.1875 184.6437530517578125 188.0749969482421875 193.7624969482421875 199.806243896484375 205.125 208.649993896484375 207.368743896484375 199.3312530517578125 185.3625030517578125 171.524993896484375 160.774993896484375 153.15625 152.2375030517578125 158.1062469482421875 167.037506103515625 177.03125 176.993743896484375 175.787506103515625 179.162506103515625 183.34375 187.537506103515625 190.2624969482421875 189.118743896484375 183.3937530517578125 177.09375
212.2062530517578125 225.806243896484375 238.131256103515625 249.375 259.818756103515625 266.26873779296875 270.76251220703125 272.943756103515625 269.743743896484375 259.431243896484375 245.6999969482421875 232.0500030517578125 219.506256103515625 208.818756103515625 201.225006103515625 195.7375030517578125 191.2375030517578125 188.118743896484375 187.625 188.212493896484375 188.8000030517578125 192.5812530517578125 198.068756103515625 201.15625 202.0625 200.693756103515625 196.0749969482421875 187.006256103515625 178.368743896484375 170.9812469482421875 165.0437469482421875 163.1437530517578125 167.975006103515625 175.837493896484375 181.90625 184.0500030517578125 182.850006103515625 182.9375 185.0812530517578125 188.756256103515625 191.1750030517578125 190.46875 187.6125030517578125 182.631256103515625
206.75 223.8562469482421875 238.3312530517578125 251.243743896484375 261.82501220703125 269.09375 275.16876220703125 280.11248779296875 280.581268310546875 268.0625 252.4375 236.368743896484375 223.9749908447265625 214.3249969482421875 206.462493896484375 200.443756103515625 195.90625 193.7312469482421875 192.412506103515625 191.78125 192.600006103515625 193.875 196.46875 198.2375030517578125 197.8249969482421875 194.2312469482421875 191.875 188.5812530517578125 182.53125 177.6999969482421875 174.399993896484375 173.243743896484375 176.4812469482421875 182.225006103515625 186.3312530517578125 187.9875030517578125 187.25 185.475006103515625 187.056243896484375 192.65625 196.3562469482421875 196.28125 194.2062530517578125 189.774993896484375
204.96875 224.056243896484375 241.3874969482421875 253.5062408447265625 263.91876220703125 270.95001220703125 276.28125 281.73748779296875 281.475006103515625 270.0625 253.875 239.256256103515625 227.306243896484375 217.7937469482421875 211.1437530517578125 205.556243896484375 201.7312469482421875 199.274993896484375 197.3937530517578125 195.943756103515625 196.287506103515625 197.4812469482421875 197.5 197.1999969482421875 194.8125 189.1437530517578125 185.1062469482421875 185.15625 184.40625 182.3937530517578125 180.4562530517578125 179.493743896484375 182.53125 186.5124969482421875 189.9875030517578125 193.2624969482421875 193.743743896484375 192.149993896484375 194.9562530517578125 199.9000091552734375 204.006256103515625 204.5437469482421875 202.5437469482421875 198.024993896484375
210.024993896484375 227.96875 246.118743896484375 256.35626220703125 265.95001220703125 271.693756103515625 275.449981689453125 278.01251220703125 275.88751220703125 267.70001220703125 255.756256103515625 242.7687530517578125 231.7937469482421875 222.6687469482421875 216.3874969482421875 211.9499969482421875 208.1750030517578125 205.65625 203.3874969482421875 201.7312469482421875 201.131256103515625 199.9875030517578125 199.9187469482421875 197.9562530517578125 194.993743896484375 191.649993896484375 188.056243896484375 187.431243896484375 187.1687469482421875 185.881256103515625 184.1437530517578125 182.2937469482421875 186.1125030517578125 189.34375 192.8562469482421875 196.318756103515625 199.6437530517578125 202.1437530517578125 205.3312530517578125 210.96875 215.3249969482421875 215.618743896484375 213.4375 210.681243896484375
218.0812530517578125 232.806243896484375 245.725006103515625 257.38751220703125 266.09375 270.324981689453125 272.71875 273.75 271.818756103515625 266.375 255.4312591552734375 245.1374969482421875 234.9499969482421875 226.3625030517578125 221.7687530517578125 217.8874969482421875 215.0250091552734375 211.9875030517578125 209.71875 207.662506103515625 206.4375 204.3125 203.1999969482421875 200.8249969482421875 198.1125030517578125 195.462493896484375 193.0749969482421875 191.25 190.1875 188.9875030517578125 185.8125 185.0124969482421875 189.0500030517578125 191.9375 196.0124969482421875 200.631256103515625 205.5625 210.943756103515625 216.21875 222.6875 228.118743896484375 229.149993896484375 227.056243896484375 225.2312469482421875
230.149993896484375 238.5812530517578125 248.15625 256.84375 263.54376220703125 267.556243896484375 269.13751220703125 269.67498779296875 266.837493896484375 261.125 254.5187530517578125 246.068756103515625 237.3249969482421875 229.75 225.3937530517578125 222.712493896484375 219.350006103515625 217.1437530517578125 214.568756103515625 212.15625 210.5437469482421875 207.8562469482421875 205.7375030517578125 204.7249908447265625 201.2937469482421875 198.631256103515625 195.84375 193.6062469482421875 192.3312530517578125 190.5 188.6125030517578125 186.53125 191.15625 195.068756103515625 198.7375030517578125 204.649993896484375 210.881256103515625 217.5124969482421875 225.3625030517578125 234.818756103515625 242.4375 246.3125 247.068756103515625 246.78125
242.03125 246.337493896484375 252.118743896484375 257.743743896484375 261.79998779296875 264.625 266.462493896484375 265.899993896484375 262.79376220703125 258.65625 252.75 245.6875 239.0187530517578125 231.649993896484375 228.5437469482421875 226.46875 224.46875 221.2937469482421875 219.1750030517578125 217.556243896484375 214.725006103515625 211.443756103515625 209.7937469482421875 207.368743896484375 203.943756103515625 201.431243896484375 198.96875 196.6875 193.8125 191.600006103515625 188.96875 187.5625 192.4562530517578125 196.7937469482421875 202.1875 208.131256103515625 214.46875 223.4562530517578125 233.118743896484375 245.818756103515625 259 264.9375 266.056243896484375 270.17498779296875
253.03125 254.28125 255.8125 258.743743896484375 260.475006103515625 261.287506103515625 261.649993896484375 261.39373779296875 258.96875 256.381256103515625 252.3937530517578125 246.40625 240.131256103515625 233.4499969482421875 231.524993896484375 229.9499969482421875 228.84375 225.943756103515625 223.53125 221.837493896484375 218.1999969482421875 214.8874969482421875 212.5500030517578125 209.53125 205.8874969482421875 203.568756103515625 200.9250030517578125 198.1125030517578125 196.0625 193.056243896484375 189.4562530517578125 188.03125 193.15625 198.125 203.9812469482421875 210.7937469482421875 217.6687469482421875 226.2624969482421875 236.6999969482421875 250.912506103515625 267.53125 275.631256103515625 279.73126220703125 290.375
258.04376220703125 257.15625 256.287506103515625 255.5749969482421875 256 255.306243896484375 255.943756103515625 256.712493896484375 255.8937530517578125 253.306243896484375 251.274993896484375 245.818756103515625 241.193756103515625 235.78125 233.6125030517578125 232.65625 230.4250030517578125 228.693756103515625 226.024993896484375 222.931243896484375 219.8125 216.556243896484375 213.375 209.3625030517578125 206.100006103515625 204.443756103515625 201.3625030517578125 197.9875030517578125 194.8562469482421875 192.3000030517578125 190.0625 189 193.962493896484375 199.8125 205.431243896484375 211.78125 218.024993896484375 226.625 234.274993896484375 245.6374969482421875 260.381256103515625 274.40625 284.162506103515625 300.04998779296875
261.11248779296875 257.912506103515625 255.649993896484375 251.8562469482421875 250.912506103515625 251.6437530517578125 252.1437530517578125 253.1062469482421875 252.256256103515625 250.3562469482421875 249.8312530517578125 246.2624969482421875 243.350006103515625 238.96875 235.8874969482421875 234.59375 233.0500030517578125 230.431243896484375 227.6062469482421875 224.850006103515625 220.818756103515625 217.4187469482421875 214.0812530517578125 209.631256103515625 206.162506103515625 203.568756103515625 200.318756103515625 196.6687469482421875 193.1687469482421875 191.100006103515625 190.1750030517578125 189.875 194.9375 201.15625 206.9812469482421875 211.84375 217.78125 225.6875 231.087493896484375 235.0500030517578125 248.90625 267.9375 284.91876220703125 301.493743896484375
260.96875 256.274993896484375 251.5812530517578125 248.243743896484375 247.9562530517578125 246.7062530517578125 247.0437469482421875 248.2687530517578125 247.9437408447265625 247.287506103515625 247.287506103515625 245.6750030517578125 243.149993896484375 240.399993896484375 238.5500030517578125 236.743743896484375 233.712493896484375 230.0562591552734375 228.475006103515625 225.7062530517578125 221.318756103515625 217.4375 213.9562530517578125 208.9375 205.375 202.0812530517578125 198.4375 194.71875 190.96875 190.1125030517578125 189.9187469482421875 189.8874969482421875 195.2687530517578125 202.15625 207.274993896484375 211.9499969482421875 217.4562530517578125 224.243743896484375 227.3000030517578125 232.0625 246.0500030517578125 266.29376220703125 284.318756103515625 303.4375
254.412506103515625 249.181243896484375 244.5625 241.90625 240.03125 238.40625 237.7375030517578125 237.9187469482421875 238.1374969482421875 239.243743896484375 244.0875091552734375 243.1437530517578125 243.1875 243.0124969482421875 240.3125 236.7687530517578125 232.03125 228.6812591552734375 226.4875030517578125 223.774993896484375 219.225006103515625 215.1750030517578125 211.125 206.78125 202.875 199.34375 195.568756103515625 191.318756103515625 187.756256103515625 188.475006103515625 189.118743896484375 190.1374969482421875 194.1062469482421875 201.0124969482421875 207.837493896484375 214.0625 218.962493896484375 223.71875 227.5 236.212493896484375 249.0437469482421875 266.056243896484375 283.28125 300.65625
244.78125 240.46875 237.03125 234.568756103515625 231.0812530517578125 229.256256103515625 227.818756103515625 227.4375 227.3000030517578125 230.0437469482421875 235 239.3937530517578125 243.90625 243.3874969482421875 240.8125 235.756256103515625 230.1062469482421875 226.962493896484375 223.5 221.350006103515625 216.6062469482421875 212.1750030517578125 208.0625 202.850006103515625 199.4875030517578125 195.9812469482421875 191.5124969482421875 187.15625 184.0812530517578125 185.587493896484375 187.868743896484375 190.3125 195.3125 200.837493896484375 208.4375 214.568756103515625 219.087493896484375 223.743743896484375 229.256256103515625 238.3625030517578125 248.212493896484375 263.087493896484375 280.100006103515625 296.681243896484375
234.725006103515625 231.71875 227.818756103515625 225.6125030517578125 222.037506103515625 219.712493896484375 217.46875 216.8000030517578125 215.6687469482421875 218.9499969482421875 226.2375030517578125 233.9562530517578125 242.037506103515625 245.306243896484375 239.8874969482421875 233.6999969482421875 227.5124969482421875 223.975006103515625 220.7687530517578125 217.53125 213.1750030517578125 208.2062530517578125 203.96875 198.4812469482421875 195 191.53125 187.46875 183.743743896484375 180.7687530517578125 182.806243896484375 185.78125 189.6750030517578125 194.875 201.318756103515625 207.8000030517578125 212.8249969482421875 217.306243896484375 223.9625091552734375 229.725006103515625 237.1125030517578125 245.6437530517578125 257.41876220703125 272.4375 286.875
222.787506103515625 220.1812591552734375 217.6062469482421875 214.5812530517578125 211.475006103515625 209.2937469482421875 206.1437530517578125 204.1125030517578125 202.15625 203.7937469482421875 212.21875 222.4250030517578125 233.631256103515625 238.5500030517578125 234.6875 228.631256103515625 222.274993896484375 219.243743896484375 216.2375030517578125 212.681243896484375 208.65625 204.2937469482421875 198.8874969482421875 193.9875030517578125 190.40625 186.693756103515625 182.8625030517578125 179.631256103515625 177.125 180.0812530517578125 183.4187469482421875 187.5749969482421875 192.75 199.693756103515625 205.087493896484375 209.287506103515625 216.4187469482421875 222.3125 228.1374969482421875 234.850006103515625 243.2375030517578125 253.3249969482421875 262.79376220703125 274.98748779296875
210.7937469482421875 208.8312530517578125 206.6062469482421875 204.149993896484375 201.431243896484375 198.6374969482421875 195.056243896484375 192.006256103515625 188.6062469482421875 186.8625030517578125 196.8000030517578125 213.056243896484375 223.5500030517578125 228.118743896484375 226.493743896484375 222.068756103515625 216.09375 213.431243896484375 210.0812530517578125 206.28125 202.28125 197.8125 193.412506103515625 188.4187469482421875 184.6125030517578125 181.399993896484375 177.881256103515625 175.256256103515625 173.78125 177.024993896484375 181.149993896484375 184.8312530517578125 191.1374969482421875 197.806243896484375 201.912506103515625 207.850006103515625 214.4250030517578125 221.274993896484375 226.693756103515625 232.318756103515625 239.4437408447265625 245.399993896484375 253.2937469482421875 263.11248779296875
199.524993896484375 198.1750030517578125 196.1687469482421875 194.1687469482421875 192.1125030517578125 189.2375030517578125 186.8249969482421875 183.787506103515625 180.78125 176.9375 192.1750030517578125 208.5187530517578125 216.1750030517578125 220.5625 219.037506103515625 215.25 209.71875 207 203.9875030517578125 199.818756103515625 195.493743896484375 190.381256103515625 186.1062469482421875 181.3625030517578125 178.537506103515625 175.837493896484375 172.6374969482421875 170.712493896484375 169.850006103515625 173.7937469482421875 177.4875030517578125 182.118743896484375 188.524993896484375 194.3874969482421875 199.475006103515625 204.46875 211.8249969482421875 217.8625030517578125 224.1750030517578125 229.975006103515625 233.9187469482421875 238.868743896484375 242.787506103515625 248.3625030517578125
191.28125 189.881256103515625 188.600006103515625 186.912506103515625 185.037506103515625 182.7437591552734375 180.9375 180.6875 180.962493896484375 187.25 202.7624969482421875 208.3874969482421875 210.7687530517578125 213.118743896484375 212.5812530517578125 209.943756103515625 205.5 202.4375 198.412506103515625 194.631256103515625 189.0187530517578125 183.631256103515625 179.5437469482421875 175.4812469482421875 172.443756103515625 170.837493896484375 169.287506103515625 168.6750030517578125 168.3249969482421875 172.006256103515625 176.681243896484375 180.9875030517578125 186.2312469482421875 191.4375 197.71875 203.6437530517578125 208.8249969482421875 214.556243896484375 220.09375 222.506256103515625 226.5749969482421875 230.3249969482421875 232.587493896484375 236.743743896484375
183.962493896484375 182.7312469482421875 181.9187469482421875 180.774993896484375 178.881256103515625 177.9562530517578125 176.693756103515625 178.225006103515625 180.875 187.681243896484375 196.40625 202.21875 205.3249969482421875 206.7375030517578125 207.0124969482421875 204.8312530517578125 201.693756103515625 198.5187530517578125 193.693756103515625 188.6125030517578125 182.59375 176.756256103515625 172.149993896484375 168.6750030517578125 167.1750030517578125 166 165.6062469482421875 166.443756103515625 167.318756103515625 171.0437469482421875 174.9875030517578125 179.9187469482421875 186.3937530517578125 191.3312530517578125 197.618743896484375 201.975006103515625 205.6374969482421875 210.2937469482421875 215.125 215.443756103515625 217.6062469482421875 220.9875030517578125 222.3625030517578125 225.2375030517578125
