data/historical-monthly-weather-data/wc2.1_cruts4.09_10m_prec_1976-11.asc
ncols        51
nrows        45
xllcorner    -63.500000000000
yllcorner    -7.500000000000
cellsize     0.166666666667
NODATA_value -9999
[rows 19 to 37 of 45, columns 0 to 43 of 51]
147.15625 143.1999969482421875 140.556243896484375 138.65625 137.068756103515625 138.2375030517578125 139.125 139.506256103515625 141.381256103515625 142.78125 142.3249969482421875 138.0187530517578125 132.2375030517578125 126.375 122.6125030517578125 119.63124847412109375 117.0187530517578125 119.40000152587890625 123.2062530517578125 129.25 138.3562469482421875 145.068756103515625 150.056243896484375 150.1062469482421875 149.3312530517578125 146.65625 140.4375 132.443756103515625 119.99375152587890625 106.5437469482421875 97.6687469482421875 97.08750152587890625 97.02500152587890625 97.0812530517578125 96.25 95.09375 94.21875 93.47499847412109375 92.3249969482421875 90.84375 89.1374969482421875 88.0625 85.36875152587890625 83.03749847412109375
141.4875030517578125 138.556243896484375 136.912506103515625 135.3562469482421875 133.71875 135.71875 138.0749969482421875 139.881256103515625 142.90625 144.8312530517578125 145.3125 142.3312530517578125 137.8125 131.8000030517578125 127.6125030517578125 123.25624847412109375 119.84375 120.2375030517578125 123.8562469482421875 127.61875152587890625 136.056243896484375 143.587493896484375 148.46875 148.8937530517578125 148.506256103515625 146.09375 139.625 130.1062469482421875 119.90625 112.33750152587890625 106.4562530517578125 104.65000152587890625 103.1875 102.375 101.55625152587890625 101.18125152587890625 99.6062469482421875 98.15000152587890625 96.2687530517578125 94.43125152587890625 91.9875030517578125 90.02500152587890625 87.41249847412109375 84.3874969482421875
136.725006103515625 133.037506103515625 132.068756103515625 131.0812530517578125 130.368743896484375 133.037506103515625 136.6125030517578125 139.524993896484375 144.149993896484375 147.399993896484375 148.943756103515625 147.8874969482421875 144.806243896484375 139.3249969482421875 134.1125030517578125 128.8874969482421875 125.4499969482421875 124.6125030517578125 125.8874969482421875 128.681243896484375 133.8312530517578125 139.662506103515625 144.8125 145.1687469482421875 144.3625030517578125 142.4875030517578125 138.2624969482421875 130.7937469482421875 123.63124847412109375 118.1875 112.7937469482421875 110.65000152587890625 108.75 108.5812530517578125 108.55625152587890625 107.83750152587890625 106.13124847412109375 104.0500030517578125 100.88124847412109375 98.36875152587890625 95.24375152587890625 92.47499847412109375 89.4812469482421875 86.45624542236328125
132.2687530517578125 129.587493896484375 128.46875 127.61875152587890625 127.27500152587890625 130.287506103515625 134.0187530517578125 138.693756103515625 144.6999969482421875 148.8249969482421875 152.1875 152.90625 153.6437530517578125 149.381256103515625 141.53125 134.5124969482421875 129.837493896484375 128.3562469482421875 128.0749969482421875 129.131256103515625 132.993743896484375 137.1437530517578125 140.7375030517578125 140.9375 141.1875 140.431243896484375 136.600006103515625 131.681243896484375 125.7937469482421875 121.53125 118.16875457763671875 116.375 115.3562469482421875 115.3249969482421875 115.00624847412109375 114.4562530517578125 112.69374847412109375 109.28125 105.2687530517578125 101.9875030517578125 98.74375152587890625 95.22499847412109375 91.66249847412109375 88.1750030517578125
128.6374969482421875 126.58750152587890625 125.25624847412109375 123.4375 122.90625 126.8562469482421875 131.399993896484375 136.8625030517578125 142.6687469482421875 147.681243896484375 152.131256103515625 156.6687469482421875 160.506256103515625 156.381256103515625 147.181243896484375 139.462493896484375 134.0437469482421875 131.9562530517578125 130.556243896484375 129.9375 132.6750030517578125 135.662506103515625 137.725006103515625 137.8625030517578125 138.2375030517578125 137.6125030517578125 136.5187530517578125 131.631256103515625 127.7937469482421875 124.88124847412109375 123.5124969482421875 122.72499847412109375 121.5500030517578125 120.9250030517578125 120.63124847412109375 120.5749969482421875 118.5 113.61875152587890625 109.2937469482421875 105.46875 101.78749847412109375 98.2624969482421875 94.8562469482421875 91.3000030517578125
127.02500152587890625 124.7937469482421875 122.8000030517578125 120.40000152587890625 119.72499847412109375 123.36875152587890625 127.9187469482421875 133.287506103515625 139.46875 144.899993896484375 150.2687530517578125 154.1687469482421875 157.6687469482421875 156.0500030517578125 149.1062469482421875 142.15625 136.7937469482421875 133.9250030517578125 132.1062469482421875 130.8187408447265625 132.1875 133.3312530517578125 135.0500030517578125 134.743743896484375 134.600006103515625 135.631256103515625 134.7375030517578125 132.1750030517578125 129.1687469482421875 128.4250030517578125 127.7375030517578125 127.71875 126.40000152587890625 125.36875152587890625 124.18125152587890625 122.8125 120.4875030517578125 115.68125152587890625 111.71875 108.3125 104.46875 101.1750030517578125 98.56874847412109375 95.80625152587890625
126.7062530517578125 124.7375030517578125 120.4812469482421875 117.8000030517578125 115.80625152587890625 119.15625 123.49375152587890625 128.6875 134.6437530517578125 140.306243896484375 145.587493896484375 150.03125 152.90625 152.9875030517578125 148.5187530517578125 143.225006103515625 138.8125 135.975006103515625 133.881256103515625 132.318756103515625 132.5 132.618743896484375 132.6374969482421875 131.1875 131.818756103515625 133.693756103515625 134.149993896484375 133.1062469482421875 131.506256103515625 131.787506103515625 131.725006103515625 132 130.5124969482421875 128.1437530517578125 126.2312469482421875 123.875 120.75 116.74375152587890625 113.84999847412109375 110.65625 107.31874847412109375 104.2937469482421875 101.125 99.09999847412109375
122.6750030517578125 118.8312530517578125 115.3125 112.72499847412109375 110.9187469482421875 114.11875152587890625 119.21875 124.1062469482421875 129.162506103515625 134.9562530517578125 141.1687469482421875 146.256256103515625 149.9187469482421875 151.587493896484375 148.537506103515625 143.8937530517578125 140.34375 138.131256103515625 136.287506103515625 134.2624969482421875 133.8249969482421875 133.3000030517578125 132.3937530517578125 130.9812469482421875 132.5 134.337493896484375 134.90625 134.524993896484375 134.1999969482421875 134.15625 134.9250030517578125 135.274993896484375 133.34375 130.1999969482421875 126.5437469482421875 123.5625 120.09375 115.94374847412109375 113.9812469482421875 111.59375 108.8249969482421875 105.75624847412109375 102.75 100.22499847412109375
117.6125030517578125 111.9499969482421875 109.0812530517578125 106.9812469482421875 106.0812530517578125 109.15625 113.9812469482421875 119.16249847412109375 124.68125152587890625 130.5749969482421875 136.193756103515625 142.0812530517578125 146.818756103515625 149.6999969482421875 148.056243896484375 144.6125030517578125 141.4499969482421875 140.1374969482421875 138.493743896484375 136.8625030517578125 136.5749969482421875 135.662506103515625 135.8625030517578125 135.181243896484375 135.6875 136.5187530517578125 136.6125030517578125 136.649993896484375 136.337493896484375 136.462493896484375 136.71875 137.1125030517578125 134.3937530517578125 129.931243896484375 126.1062469482421875 122.69374847412109375 118.9187469482421875 115.43125152587890625 113.25 112.3937530517578125 111.00624847412109375 108.25 103.49375152587890625 100.55625152587890625
112.65000152587890625 105.50624847412109375 102.6374969482421875 101.375 101.15625 104.25 108.86875152587890625 114.0124969482421875 120.28125 126.15625 132.100006103515625 138.28125 144.2375030517578125 148.15625 147.3125 145.6437530517578125 143.993743896484375 142.46875 141.1875 139.9875030517578125 140.087493896484375 139.556243896484375 140.1750030517578125 140.056243896484375 139.881256103515625 139.774993896484375 139.8937530517578125 139.25 138.993743896484375 138.3625030517578125 138.4562530517578125 138.15625 134.0124969482421875 129.037506103515625 124.96875 121.2312469482421875 117.5 113.71875 111.83750152587890625 110.71875 110.4812469482421875 107.4499969482421875 103.83750152587890625 103.0500030517578125
110.8125 103.3125 100.31874847412109375 98.05625152587890625 98 101.25 105.68125152587890625 110.78749847412109375 117.03125 122.68125152587890625 128.850006103515625 135.7062530517578125 142.4375 147.837493896484375 148.287506103515625 147.8937530517578125 146.493743896484375 146.193756103515625 144.975006103515625 144.087493896484375 144.5500030517578125 145.6750030517578125 146.7937469482421875 145.837493896484375 145.181243896484375 144.96875 144.53125 143.25 142.1437530517578125 141.3249969482421875 140.4812469482421875 139.25 134.287506103515625 129.100006103515625 124.1750030517578125 119.3874969482421875 114.7375030517578125 111.1687469482421875 108.06874847412109375 106.1875 105.47499847412109375 105.6750030517578125 104.33750152587890625 104.77500152587890625
108.77500152587890625 101.41249847412109375 98.4250030517578125 96.1875 95.56874847412109375 99.1750030517578125 103.46875 108.13124847412109375 113.7937469482421875 120.08750152587890625 126.6062469482421875 134.0437469482421875 141.8249969482421875 147.3562469482421875 149.306243896484375 150.3562469482421875 150.9875030517578125 150.537506103515625 149.1062469482421875 149.7937469482421875 151.1875 152.8312530517578125 154.2624969482421875 152.8937530517578125 151.1374969482421875 150.556243896484375 149.131256103515625 147.5812530517578125 145.712493896484375 143.8125 142.3000030517578125 140.506256103515625 134.618743896484375 129.306243896484375 123.21875 117.6374969482421875 112.71875 109.2312469482421875 105.34375 100.46875 100.1750030517578125 102.74375152587890625 103.7375030517578125 104.38750457763671875
107.0749969482421875 100.3125 97.4875030517578125 95.88124847412109375 95.6999969482421875 98.1125030517578125 101.90000152587890625 105.9250030517578125 111.52500152587890625 117.6750030517578125 124.4375 132.6374969482421875 140.806243896484375 147.875 151.818756103515625 154.462493896484375 156.2562408447265625 156.2312469482421875 155.9375 157.1875 159.068756103515625 160.65625 161.8625030517578125 159.8249969482421875 158.100006103515625 156.350006103515625 153.9375 151.7312469482421875 149.0187530517578125 146.7624969482421875 144.4499969482421875 141.375 135.0812530517578125 128.625 122.75624847412109375 116.80625152587890625 111.4375 106.8249969482421875 102.11875152587890625 98.46250152587890625 99.28749847412109375 102.66249847412109375 104.75624847412109375 107.5625
110.00624847412109375 104.1062469482421875 101.09375 99.3000030517578125 98.5187530517578125 99.90000152587890625 102.63124847412109375 105.84375 110.83750152587890625 116.6999969482421875 124.2624969482421875 132.5500030517578125 141.806243896484375 151.1374969482421875 156.1125030517578125 160.431243896484375 163.181243896484375 165.0500030517578125 165.9187469482421875 167.412506103515625 169.3000030517578125 170.193756103515625 170.3937530517578125 167.90625 165.7874908447265625 163.3312530517578125 160.3000030517578125 157.193756103515625 154.431243896484375 151.0437469482421875 147.6125030517578125 143.5500030517578125 136.4187469482421875 129.131256103515625 123.05625152587890625 117.0124969482421875 111.6750030517578125 106.21875 101.5812530517578125 100.4187469482421875 100.90000152587890625 103.69374847412109375 106.8125 111.0500030517578125
113.3000030517578125 108.4187469482421875 105.24375152587890625 103.24375152587890625 101.5749969482421875 102.1875 103.4499969482421875 105.90625 110.46875 115.81874847412109375 123.00624847412109375 132.899993896484375 143.7062530517578125 153.600006103515625 160.256256103515625 166.3874969482421875 171.6125030517578125 174.40625 176.25 178.368743896484375 179.6999969482421875 180.181243896484375 179.90625 176.556243896484375 173.712493896484375 170.3625030517578125 167.0625 163.0749969482421875 159.6750030517578125 155.1437530517578125 150.649993896484375 146.0749969482421875 138.287506103515625 130.412506103515625 123.8000030517578125 117.77500152587890625 111.53125 105.13124847412109375 102.16249847412109375 101.6750030517578125 101.4375 104.0187530517578125 108.15625 113.1374969482421875
117.4562530517578125 113.38124847412109375 110.0812530517578125 107.3125 105.21250152587890625 104.88124847412109375 104.9499969482421875 106.4499969482421875 109.63124847412109375 114.9375 122.53749847412109375 133.881256103515625 145.9875030517578125 157.9875030517578125 166.7312469482421875 173.5500030517578125 180.600006103515625 184.337493896484375 186.84375 189.1999969482421875 190.587493896484375 190.556243896484375 189.375 184.725006103515625 180.4562530517578125 177.056243896484375 172.7062530517578125 168.8625030517578125 164.625 159.1437530517578125 154.0812530517578125 148.4375 139.8874969482421875 131.9875030517578125 124.18125152587890625 117.1750030517578125 110.53749847412109375 105.8937530517578125 103.3249969482421875 101.84999847412109375 101.4499969482421875 103.16249847412109375 106.5749969482421875 110.65000152587890625
124.77500152587890625 120.74375152587890625 117.46250152587890625 114.3874969482421875 111.94374847412109375 111.0500030517578125 110.41249847412109375 110.0625 111.80625152587890625 115.72499847412109375 123.71875 135.931243896484375 149.96875 163.7624969482421875 173.131256103515625 182.3125 189.506256103515625 194.037506103515625 197.65625 201.1750030517578125 201.6999969482421875 199.53125 197.037506103515625 192.193756103515625 187.649993896484375 183.662506103515625 179.5 175.8937530517578125 171.774993896484375 164.6062469482421875 158.912506103515625 152.149993896484375 143.524993896484375 135.068756103515625 126.16249847412109375 118.88124847412109375 114.3249969482421875 109.49375152587890625 106.2687530517578125 104.69374847412109375 104.0500030517578125 104.625 106.33750152587890625 108.9812469482421875
132.5749969482421875 128.881256103515625 125.79375457763671875 122.81874847412109375 120.0437469482421875 118.5625 116.7937469482421875 115.2062530517578125 115.1750030517578125 116.0437469482421875 125.0812530517578125 141.662506103515625 156.506256103515625 169.5 180.0187530517578125 189.9875030517578125 198.25 202.943756103515625 206.943756103515625 210.125 209.5500030517578125 206.5187530517578125 203.337493896484375 198.25 193.537506103515625 190.1437530517578125 185.4375 182.587493896484375 178.1125030517578125 170.6687469482421875 163.475006103515625 156.7937469482421875 147.381256103515625 138.59375 129.2937469482421875 122.80625152587890625 118.16249847412109375 113.625 110.43125152587890625 107.3937530517578125 105.5 104.84999847412109375 105.1999969482421875 106.6062469482421875
141.0500030517578125 137.2687530517578125 134.1125030517578125 131.368743896484375 128.5124969482421875 126.73749542236328125 124.8125 122.8125 122.25624847412109375 121.6875 135.1437530517578125 153.131256103515625 165.600006103515625 177.1999969482421875 187.6875 197.9124908447265625 206.6875 210.9250030517578125 214.0625 215.1750030517578125 214.5749969482421875 211.8625030517578125 208.6875 202.993743896484375 198.78125 195.587493896484375 191.15625 188.5749969482421875 184.6812591552734375 177.15625 167.431243896484375 159.7062530517578125 150.712493896484375 141.8562469482421875 132.84375 127.28125 122.9250030517578125 118.09999847412109375 115.28125 112.125 108.15625 106.75 105.09999847412109375 104.4812469482421875
