data/historical-monthly-weather-data/wc2.1_cruts4.09_10m_prec_2000-02.asc
ncols        45
nrows        45
xllcorner    -63.500000000000
yllcorner    -7.500000000000
cellsize     0.166666666667
NODATA_value -9999
[rows 0 to 19 of 45, columns 0 to 44 of 45]
109.2312469482421875 106.78749847412109375 109.71250152587890625 115.3874969482421875 119.7937469482421875 129.181243896484375 137.7687530517578125 143.6875 148.25 155.287506103515625 165.78125 172.46875 177.9250030517578125 176.943756103515625 175.056243896484375 173.0812530517578125 172.1437530517578125 166.8125 165.975006103515625 166.274993896484375 169.287506103515625 172.8000030517578125 178.0625 181.1125030517578125 184.743743896484375 188.350006103515625 187.8874969482421875 186.5187530517578125 185.743743896484375 186.9375 189.3625030517578125 192.4875030517578125 196.6062469482421875 201.65625 207.7624969482421875 214.649993896484375 219.875 224.368743896484375 228.524993896484375 230.5437469482421875 233.6875 235.15625 234.5625 237.068756103515625 236.006256103515625
110.28125 105.9499969482421875 108.6374969482421875 111.9250030517578125 116.28125 126.9375 136.462493896484375 146.5437469482421875 156.21875 165.399993896484375 174.993743896484375 179.5875091552734375 182.899993896484375 183.65625 181.375 178.4812469482421875 176.350006103515625 171.2687530517578125 168.3562469482421875 166.4250030517578125 168.3125 172.0187530517578125 176.662506103515625 179.556243896484375 182.2062530517578125 185.993743896484375 186.1374969482421875 186.6437530517578125 187.149993896484375 190.2687530517578125 193.506256103515625 199.524993896484375 206.1999969482421875 214.4375 222.03125 229.5625 235.7312469482421875 240.412506103515625 244.2687530517578125 246.131256103515625 248.65625 249.274993896484375 247.7062530517578125 248.75 246.725006103515625
116.40000152587890625 112.15000152587890625 113.90625 116.75624847412109375 121 130.462493896484375 141.1437530517578125 153.21875 165.443756103515625 175.3562469482421875 183.1062469482421875 186.2312469482421875 187.837493896484375 187.2624969482421875 183.868743896484375 180.2312469482421875 177.0124969482421875 173.556243896484375 171.1125030517578125 170.0187530517578125 172.5187530517578125 177.868743896484375 182.1687469482421875 184.90625 189.0374908447265625 191.649993896484375 192.4499969482421875 193.975006103515625 194.3249969482421875 197.875 203.568756103515625 210.375 218.881256103515625 226.875 236.537506103515625 243.3000030517578125 250.4812469482421875 257.193756103515625 260.13751220703125 262.056243896484375 264.056243896484375 263.29998779296875 261.037506103515625 258.89373779296875 257.024993896484375
122.24375152587890625 118.5812530517578125 120.5812530517578125 123.1062469482421875 128.3562469482421875 135.8937530517578125 146.162506103515625 158.6875 172.600006103515625 183.725006103515625 189.6687469482421875 189.9187469482421875 188.2937469482421875 186.024993896484375 182.6687469482421875 178.943756103515625 175.8000030517578125 172.3312530517578125 171.962493896484375 174.4812469482421875 178.818756103515625 183.993743896484375 187.993743896484375 191.0625 194.506256103515625 197.3562469482421875 199.6875 201.431243896484375 202.3937530517578125 207.787506103515625 213.9375 223.337493896484375 231.7062530517578125 241.131256103515625 250.46875 259.08123779296875 266.95001220703125 273.75 278.037506103515625 280.39373779296875 280.443756103515625 278.42498779296875 275.08123779296875 270.79376220703125 267.631256103515625
131.25 126.34999847412109375 126.3000030517578125 128.9812469482421875 134.1125030517578125 141.131256103515625 149.5124969482421875 162.09375 178.5749969482421875 191.8874969482421875 192.649993896484375 188.868743896484375 186.787506103515625 184.3249969482421875 180.1125030517578125 176.5749969482421875 174.0187530517578125 171.193756103515625 173.4250030517578125 178.3249969482421875 184.1875 188.6999969482421875 193.6374969482421875 197.1999969482421875 200.28125 203.6687469482421875 204.9187469482421875 206.7375030517578125 211.03125 218.181243896484375 226.193756103515625 235.1374969482421875 245.7062530517578125 256.287506103515625 266.225006103515625 275.57501220703125 285.137481689453125 293.26251220703125 297.90625 298.89373779296875 299.181243896484375 294.475006103515625 288.475006103515625 282.76251220703125 276.537506103515625
139.5625 136.0812530517578125 135.381256103515625 137.0812530517578125 141.9375 150.100006103515625 159.712493896484375 172.3125 189.4250030517578125 204.600006103515625 201.7062530517578125 196.243743896484375 193.5812530517578125 191.225006103515625 187.5500030517578125 185.212493896484375 181.975006103515625 179.9499969482421875 183.318756103515625 188.943756103515625 193.993743896484375 198.96875 204.15625 207.6750030517578125 210.712493896484375 215.368743896484375 217.6750030517578125 219.5500030517578125 223.3625030517578125 230.6875 239.0437469482421875 248.3249969482421875 257.92498779296875 270.98126220703125 282.4375 292.243743896484375 302.82501220703125 311.850006103515625 318.04998779296875 319.274993896484375 316.943756103515625 310.618743896484375 303.431243896484375 296.14373779296875 285.743743896484375
148.756256103515625 145.9250030517578125 145.912506103515625 146.662506103515625 150.9250030517578125 158.3000030517578125 167.5812530517578125 177.693756103515625 190.4875030517578125 199.0500030517578125 201.556243896484375 200.287506103515625 198.8125 197.4875030517578125 195.7624969482421875 194.475006103515625 193.743743896484375 194.8562469482421875 198.0500030517578125 201.0812530517578125 204.0124969482421875 208.9375 212.993743896484375 216.96875 223.193756103515625 228.1125030517578125 231.0749969482421875 234.2312469482421875 236.5625 243.1437530517578125 252.6999969482421875 262.149993896484375 273.01873779296875 283.45623779296875 295.20623779296875 307.71875 318.6875 329.443756103515625 338.256256103515625 339.506256103515625 334.35626220703125 327.193756103515625 319.506256103515625 310.725006103515625 297.662506103515625
157.8312530517578125 154.756256103515625 154.8125 157.1437530517578125 161.212493896484375 166.9187469482421875 173.212493896484375 179.2312469482421875 185.28125 191.568756103515625 198.462493896484375 202.3874969482421875 203.837493896484375 203.087493896484375 202.71875 203.25 204.21875 208.225006103515625 212.975006103515625 212.662506103515625 213.5 217.4375 221.5124969482421875 227.125 234.618743896484375 240.725006103515625 244.25 247.037506103515625 250.7687530517578125 257.131256103515625 264.875 275.11248779296875 286.024993896484375 297.475006103515625 308.92498779296875 320.71875 332.524993896484375 343.462493896484375 351.375 353.85626220703125 350.975006103515625 344.66876220703125 336.912506103515625 326.4375 313.943756103515625
167.068756103515625 164.4875030517578125 164.5625 166.962493896484375 170.274993896484375 174.131256103515625 179.256256103515625 183.0187530517578125 185.537506103515625 190.9499969482421875 200.2624969482421875 207.881256103515625 211.837493896484375 213.0187530517578125 213.118743896484375 214.7624969482421875 216.193756103515625 219.7375030517578125 224.8125 223.743743896484375 223.3249969482421875 227.1750030517578125 232.024993896484375 240.443756103515625 248.462493896484375 254.8000030517578125 257.26873779296875 259.693756103515625 263.76873779296875 269.45001220703125 277.29998779296875 287.13751220703125 297.568756103515625 308.181243896484375 319.306243896484375 331.98126220703125 344.20623779296875 355.4375 364.73748779296875 368.88751220703125 367.618743896484375 362.86248779296875 357.225006103515625 348.61248779296875 337.8125
176.381256103515625 174.287506103515625 174.8125 176.537506103515625 178.993743896484375 182.149993896484375 187.1437530517578125 190.78125 195.59375 201.6437530517578125 210.524993896484375 216.7062530517578125 222.2937469482421875 223.8125 224.7312469482421875 225.1750030517578125 225.7312469482421875 228.125 229.475006103515625 229.5500030517578125 231.0812530517578125 236.34375 243.350006103515625 254.4812469482421875 263.087493896484375 269.16876220703125 271.8125 272.8125 277.20001220703125 282.618743896484375 288.48748779296875 297.056243896484375 307.57501220703125 319.35626220703125 331.118743896484375 343.506256103515625 355.98126220703125 366.34375 376.14373779296875 383.03125 385.693756103515625 383.462493896484375 378.368743896484375 369.649993896484375 361.431243896484375
185.100006103515625 183.3312530517578125 183.899993896484375 185.3874969482421875 187.21875 190.3562469482421875 195.0812530517578125 200.2624969482421875 206.6437530517578125 213.9875030517578125 223.21875 229.756256103515625 234.068756103515625 235.375 235.65625 235.1875 234.056243896484375 234.03125 233.5437469482421875 233.96875 236.100006103515625 242.649993896484375 253.4250030517578125 264.1875 277.0625 283.11248779296875 284.350006103515625 286.11248779296875 288.76873779296875 292.943756103515625 299.03125 306.631256103515625 316.462493896484375 328.181243896484375 341.58123779296875 354.850006103515625 365.76873779296875 377.649993896484375 388.10626220703125 395.431243896484375 400.21875 399.20001220703125 396.162506103515625 389.40625 381.193756103515625
193.4250030517578125 191.6062469482421875 191.7375030517578125 193.412506103515625 195.631256103515625 199.037506103515625 204.0062408447265625 210.90625 217.9187469482421875 226.0437469482421875 236.0437469482421875 243.537506103515625 246.2312469482421875 246.256256103515625 246.1374969482421875 244.15625 242.1437530517578125 240.1125030517578125 237.631256103515625 236.3125 238.2687530517578125 246.725006103515625 261.86248779296875 277.34375 290.037506103515625 294.225006103515625 294.14373779296875 295.193756103515625 297.875 302.73126220703125 308.181243896484375 314.20623779296875 324 335.087493896484375 347.899993896484375 361.631256103515625 375.0625 387.76873779296875 399.125 407.9375 414.65625 413.600006103515625 407.86248779296875 398.3125 388.087493896484375
199.5625 198.3562469482421875 199.1374969482421875 200.774993896484375 203.9437408447265625 208.1875 214.181243896484375 221.087493896484375 228.3937530517578125 237.96875 248.0437469482421875 255.7312469482421875 258.04998779296875 255.96875 254.8125 251.6750030517578125 248.8937530517578125 246.8249969482421875 244.537506103515625 241.8625030517578125 241.4250030517578125 251.631256103515625 269.32501220703125 284.625 294.556243896484375 299.17498779296875 301.46875 303.181243896484375 305.57501220703125 310.274993896484375 315.45623779296875 320.91876220703125 328.8125 339.931243896484375 352.76873779296875 366.037506103515625 379.693756103515625 395.14373779296875 408.4375 418.98126220703125 428.64373779296875 426.20623779296875 415.225006103515625 402.1875 388.5625
204.625 203.806243896484375 205.037506103515625 207.274993896484375 211.243743896484375 216.0437469482421875 223.25 230.8249969482421875 238.8937530517578125 248.0124969482421875 257.15625 263.087493896484375 265.21875 264.693756103515625 261.70623779296875 259.006256103515625 255.2375030517578125 253.962493896484375 251.8625030517578125 251.1125030517578125 254.7687530517578125 264.57501220703125 278.975006103515625 289.92498779296875 298.287506103515625 303.5625 307.149993896484375 309.33123779296875 312.524993896484375 315.53125 320.20623779296875 324.5625 331.65625 342.48126220703125 354.537506103515625 368.71875 384.95001220703125 402.162506103515625 418.54376220703125 430.45001220703125 437.443756103515625 428.86248779296875 418.95623779296875 408.443756103515625 395.9375
208.5812530517578125 207.493743896484375 209.3562469482421875 213.0124969482421875 216.71875 222.756256103515625 231.15625 238.931243896484375 247.587493896484375 256.556243896484375 264.41876220703125 270.287506103515625 272.543731689453125 272.32501220703125 269.8125 266.350006103515625 263.243743896484375 261.88751220703125 260.9375 262.20001220703125 267.92498779296875 276.65625 288.725006103515625 297.33123779296875 303.868743896484375 310.32501220703125 314.13751220703125 315.95623779296875 318.662506103515625 321.53125 323.48748779296875 325.431243896484375 331.98748779296875 340.63751220703125 352.15625 365.95001220703125 385.09375 406.181243896484375 424.412506103515625 435.86248779296875 437.287506103515625 431.64373779296875 424.600006103515625 413.92498779296875 400.649993896484375
211.162506103515625 210.037506103515625 212.5749969482421875 216.8312530517578125 221.7312469482421875 228.5749969482421875 237.462493896484375 245.3312530517578125 254.7062530517578125 264.70001220703125 272.931243896484375 278.98126220703125 281.737518310546875 281.11248779296875 278.318756103515625 272.962493896484375 271.162506103515625 271.48748779296875 271.91876220703125 274.23126220703125 279.850006103515625 288.04376220703125 298.35626220703125 306.48126220703125 311.050018310546875 315.59375 318.45001220703125 321.45001220703125 325.21875 327.48748779296875 328.78125 327.51251220703125 329.125 334.53125 342.61248779296875 357.8125 379.725006103515625 405.537506103515625 429.04376220703125 441.64373779296875 442.5 434.943756103515625 426.293731689453125 415.51873779296875 400.850006103515625
211.5625 211.587493896484375 214.5812530517578125 219.475006103515625 225.4375 233.100006103515625 242.4499969482421875 251.493743896484375 261.42498779296875 272.225006103515625 282.11248779296875 289.21875 293.08123779296875 293.112518310546875 289.58123779296875 283.725006103515625 279.65625 279.350006103515625 280.181243896484375 283.537506103515625 290.537506103515625 298.743743896484375 307.38751220703125 314.26251220703125 318.850006103515625 320.212493896484375 321.274993896484375 325.631256103515625 331.118743896484375 334.64373779296875 334.337493896484375 330.524993896484375 327.46875 325.01251220703125 330.39373779296875 345.3125 368.59375 402.243743896484375 436.524993896484375 444.32501220703125 440.34375 432.26251220703125 421.65625 410.83123779296875 398.600006103515625
209.2624969482421875 210.0812530517578125 214.712493896484375 220.943756103515625 227.5749969482421875 235.943756103515625 246.0749969482421875 255.943756103515625 266.45623779296875 277.556243896484375 289.024993896484375 299.131256103515625 306.26251220703125 307.318756103515625 303.90625 297.806243896484375 289.76873779296875 284.70001220703125 286.787506103515625 289.743743896484375 298.556243896484375 305.631256103515625 311.118743896484375 315.556243896484375 319.59375 321.693756103515625 322.100006103515625 328.443756103515625 336.149993896484375 340.70001220703125 338.912506103515625 327.45001220703125 320.28125 314.212493896484375 314.40625 324.743743896484375 353.51251220703125 387.70001220703125 419.15625 430.931243896484375 428.056243896484375 420.931243896484375 412.818756103515625 404.73748779296875 394.493743896484375
205.9375 207.7937469482421875 213.28125 219.71875 227.462493896484375 237.649993896484375 247.868743896484375 259.20001220703125 271.037506103515625 282.431243896484375 295.449981689453125 307.20001220703125 317.71875 323.881256103515625 318.75 308.506256103515625 298.149993896484375 289.774993896484375 288.79998779296875 292.39373779296875 302.149993896484375 309.318756103515625 309.65625 313.48126220703125 317.96875 322.5 325.962493896484375 332.76873779296875 342.07501220703125 348.40625 347.04376220703125 331.73748779296875 317.600006103515625 302.83123779296875 295.73748779296875 307.26251220703125 335.975006103515625 367.975006103515625 395.587493896484375 408.76251220703125 411.39373779296875 405.875 401.506256103515625 396.962493896484375 388.806243896484375
202.8312530517578125 204.506256103515625 210.625 217.8312530517578125 227.037506103515625 238.3125 250.1374969482421875 261.268768310546875 273.48126220703125 285.54376220703125 298.381256103515625 311.76873779296875 326.63751220703125 339.40625 330.975006103515625 313.5625 298.91876220703125 291.524993896484375 289.5 292.17498779296875 297.21875 301 305.45001220703125 309.67498779296875 314.92498779296875 320.59375 327.29376220703125 336.65625 344.54998779296875 349.399993896484375 345.41876220703125 333.38751220703125 313.95001220703125 291.91876220703125 276.78125 291.5 324.600006103515625 356.568756103515625 380.20001220703125 393.524993896484375 395.943756103515625 391.375 392.20001220703125 391.42498779296875 385.59375
