data/historical-monthly-weather-data/wc2.1_cruts4.09_10m_prec_1999-04.asc
ncols        45
nrows        45
xllcorner    -63.500000000000
yllcorner    -7.500000000000
cellsize     0.166666666667
NODATA_value -9999
[rows 0 to 19 of 45, columns 0 to 44 of 45]
280.681243896484375 278.693756103515625 279.712493896484375 287.100006103515625 290.006256103515625 290.881256103515625 290.725006103515625 285.618743896484375 283.149993896484375 285.043731689453125 290.537506103515625 294.556243896484375 296.993743896484375 297 295.899993896484375 295.381256103515625 296.23126220703125 292.875 292.631256103515625 292.83123779296875 294.86248779296875 298.67498779296875 301.42498779296875 305.037506103515625 306.04376220703125 309.850006103515625 310.443756103515625 312.64373779296875 313.51251220703125 315.75 318.818756103515625 321.98126220703125 323.0625 325.912506103515625 328.45001220703125 332.20001220703125 333.78125 335.51873779296875 340.23126220703125 343.04376220703125 345.6875 347.725006103515625 346.381256103515625 347.23126220703125 346.85626220703125
290.287506103515625 286.20623779296875 292.63751220703125 299.625 306.10626220703125 305.443756103515625 303.34375 302.92498779296875 302.725006103515625 304.26251220703125 308.79998779296875 310.57501220703125 312.068756103515625 311.881256103515625 308.5625 308.33123779296875 306.381256103515625 303.71875 301.90625 299.8125 301.056243896484375 303.350006103515625 307.431243896484375 309.64373779296875 312.875 316.11248779296875 317.16876220703125 320.431243896484375 320.568756103515625 322.70001220703125 327.243743896484375 332.693756103515625 334.64373779296875 338.89373779296875 340.76251220703125 343.725006103515625 347.16876220703125 348.850006103515625 352.58123779296875 353.9375 355.17498779296875 357.4375 356.274993896484375 354.662506103515625 353.26873779296875
295.618743896484375 293.58123779296875 297.587493896484375 305.29998779296875 311.96875 313.89373779296875 315.33123779296875 318.037506103515625 322.806243896484375 324.95623779296875 326.568756103515625 325.899993896484375 326.67498779296875 323.625 319.90625 318.21875 315.71875 313.8125 311.625 311.162506103515625 313.83123779296875 317.5625 320.40625 322.54376220703125 326.493743896484375 329.712493896484375 332.306243896484375 332.01873779296875 330.45623779296875 334 338.368743896484375 342.868743896484375 347.975006103515625 351.89373779296875 352.76873779296875 354.5625 359.53125 362.993743896484375 365.3125 366.756256103515625 367.725006103515625 367.743743896484375 366.493743896484375 365.48126220703125 363.681243896484375
295.568756103515625 294.306243896484375 301.118743896484375 305.493743896484375 310.756256103515625 317.256256103515625 323.087493896484375 329.67498779296875 338.92498779296875 344.98126220703125 345.26873779296875 341.243743896484375 337.45001220703125 334.524993896484375 329.70001220703125 327.32501220703125 325.39373779296875 323.98126220703125 322.78125 323.71875 328.48126220703125 332.73748779296875 334.631256103515625 337.868743896484375 341.33123779296875 342.693756103515625 345.96875 343.90625 342.01873779296875 347.524993896484375 352.08123779296875 356.662506103515625 358.931243896484375 362.33123779296875 363.45001220703125 367.66876220703125 371.71875 375.056243896484375 379.337493896484375 378.91876220703125 379.48748779296875 380.73126220703125 377.01251220703125 374.03125 373.38751220703125
309.16876220703125 302.618743896484375 300.118743896484375 303.243743896484375 310.20623779296875 318.431243896484375 325.46875 336.287506103515625 350.75 362.418731689453125 360.09375 350.149993896484375 345.73126220703125 343.037506103515625 337.818756103515625 334.71875 331.850006103515625 331.90625 331.91876220703125 333.65625 340.243743896484375 344.35626220703125 347.375 352.48126220703125 353.100006103515625 354.32501220703125 355.068756103515625 356.6875 357.11248779296875 360.42498779296875 365.212493896484375 366.45623779296875 368.35626220703125 372.45001220703125 375.01873779296875 379.04376220703125 381.95623779296875 385.83123779296875 390.67498779296875 390.64373779296875 392.462493896484375 389.318756103515625 386.381256103515625 385.13751220703125 382.256256103515625
311.04998779296875 305.84375 303.59375 300.006256103515625 305.76251220703125 316.23748779296875 324.618743896484375 336.600006103515625 351.71875 366.818756103515625 361.79998779296875 353.087493896484375 349.98748779296875 348.20623779296875 343.006256103515625 341 336.774993896484375 337.58123779296875 341.14373779296875 344.90625 349.86248779296875 353.875 360 363.368743896484375 365.54376220703125 368.04998779296875 367.975006103515625 368.506256103515625 368.20001220703125 370.54376220703125 374.274993896484375 377.931243896484375 377.3125 381.25 386.443756103515625 390.03125 395.90625 400.568756103515625 404.725006103515625 406.86248779296875 404.15625 400.399993896484375 398.17498779296875 397.306243896484375 395.54998779296875
313.65625 307.837493896484375 305.693756103515625 301.181243896484375 298.95623779296875 305.64373779296875 314.57501220703125 325.625 335.89373779296875 344.412506103515625 349.318756103515625 349.46875 352.10626220703125 351.125 348.01873779296875 347.868743896484375 344.993743896484375 343.556243896484375 346.17498779296875 352.5625 359.34375 365.318756103515625 371.3125 372.524993896484375 376 379.712493896484375 380.58123779296875 378.587493896484375 377.35626220703125 379.79376220703125 383.943756103515625 386.20001220703125 387.675018310546875 389.26251220703125 394.28125 398.86248779296875 403.54376220703125 410.024993896484375 417.14373779296875 418.28125 411.231231689453125 408.11248779296875 406.57501220703125 405.537506103515625 405.5625
316.881256103515625 308.443756103515625 304.28125 301.63751220703125 299.82501220703125 304.225006103515625 306.28125 307.76873779296875 310.100006103515625 318.0625 332.899993896484375 343.34375 350.46875 353.818756103515625 353.9375 353.399993896484375 351.193756103515625 350.506256103515625 351.225006103515625 359.006256103515625 368.350006103515625 376.03125 381.193756103515625 383.068756103515625 388.568756103515625 389.70001220703125 389.61248779296875 387.78125 386.8125 389.681243896484375 390.475006103515625 392.243743896484375 394.087493896484375 396.5 400.48748779296875 402.056243896484375 407.57501220703125 413.068756103515625 417.256256103515625 416.38751220703125 412.100006103515625 411.037506103515625 409.024993896484375 406.306243896484375 403.86248779296875
318.03125 310.20623779296875 305.818756103515625 301.73748779296875 299.675018310546875 301.943756103515625 304.287506103515625 303.6875 299.649993896484375 302.350006103515625 321.14373779296875 336.04376220703125 351.0625 356.912506103515625 357.568756103515625 359.125 359.73748779296875 361.23126220703125 364.85626220703125 370.600006103515625 373.71875 384.037506103515625 389.13751220703125 394.08123779296875 398.462493896484375 397.068756103515625 395.29998779296875 394 392.73126220703125 394.88751220703125 397.36248779296875 395.975006103515625 396.04376220703125 395.64373779296875 399.70001220703125 402.337493896484375 408.256256103515625 411.306243896484375 414.92498779296875 413.51251220703125 410.100006103515625 407.10626220703125 406.443756103515625 405.3125 398.0625
318.57501220703125 309.337493896484375 305.90625 302.48126220703125 299.506256103515625 302.15625 305.306243896484375 305.287506103515625 307.39373779296875 314.90625 329.5625 340.51251220703125 353.131256103515625 359.975006103515625 363.90625 365.631256103515625 367.90625 371.76873779296875 376.256256103515625 385.46875 388.42498779296875 393.79998779296875 397.95001220703125 404.58123779296875 404.42498779296875 400.42498779296875 397.78125 395.84375 395.85626220703125 400.53125 399.14373779296875 395.41876220703125 394.412506103515625 394.243743896484375 396.96875 401.131256103515625 403.943756103515625 406.975006103515625 409.5 410.6875 409.98126220703125 407.118743896484375 404.306243896484375 397.5625 392.82501220703125
319.225006103515625 311.1875 307.318756103515625 303.63751220703125 299.29998779296875 302.53125 306.600006103515625 308.51873779296875 315.26873779296875 325.4375 339.899993896484375 352.60626220703125 358.875 365.193756103515625 367.83123779296875 369.850006103515625 373.92498779296875 379.962493896484375 387.35626220703125 396.306243896484375 404.693756103515625 408.46875 408.493743896484375 402.82501220703125 406.868743896484375 403.225006103515625 397.475006103515625 394.35626220703125 392.35626220703125 396.381256103515625 394.70001220703125 390.51873779296875 390.03125 389.8125 392.087493896484375 392.681243896484375 394.96875 398.443756103515625 402.10626220703125 404.10626220703125 403.28125 399.95623779296875 399.48748779296875 395.35626220703125 388.993743896484375
318.33123779296875 310.20001220703125 306.29376220703125 305.975006103515625 303.375 304.95623779296875 310.70001220703125 315.868743896484375 325.13751220703125 336.51251220703125 350.962493896484375 364.01251220703125 365.462493896484375 367.993743896484375 370.100006103515625 372.92498779296875 376.48748779296875 382.881256103515625 391.4375 401.774993896484375 409.693756103515625 413.868743896484375 415.01251220703125 412.96875 406.9375 396.82501220703125 390.381256103515625 385.475006103515625 383.681243896484375 384.506256103515625 383.212493896484375 380.399993896484375 378.6875 379.04998779296875 381.07501220703125 383 386.98126220703125 391.462493896484375 392.306243896484375 391.91876220703125 392.76251220703125 390.82501220703125 388.787506103515625 380.5 373.91876220703125
318.35626220703125 310.46875 307.3125 306.15625 305.39373779296875 310.53125 314.83123779296875 319.48748779296875 328.631256103515625 342.57501220703125 356.712493896484375 369.15625 371.39373779296875 365.48126220703125 367.13751220703125 372.5 374.96875 381.41876220703125 391.662506103515625 400.318756103515625 408.63751220703125 411.212493896484375 408.98126220703125 405.8125 390.912506103515625 378.756256103515625 376.712493896484375 372.274993896484375 372.23126220703125 371.8125 370.40625 367.3125 365.462493896484375 365.98748779296875 366.868743896484375 371.48748779296875 376.5 381.412506103515625 384.25 384.587493896484375 379.84375 380.100006103515625 374.76873779296875 367.225006103515625 365.024993896484375
317.149993896484375 309.787506103515625 305.962493896484375 304.63751220703125 306.087493896484375 310.943756103515625 314.931243896484375 320.337493896484375 330.98748779296875 343.287506103515625 353.875 360.993743896484375 364.475006103515625 362.6875 360.92498779296875 367.45001220703125 370.10626220703125 374.25 384.818756103515625 391.5 398.287506103515625 398.8125 398.08123779296875 388.850006103515625 377.100006103515625 367.087493896484375 363.48748779296875 360.35626220703125 358.95623779296875 359.100006103515625 357.368743896484375 355.337493896484375 351.181243896484375 351.53125 354 360.21875 365.875 373.256256103515625 378.631256103515625 377.48126220703125 368.67498779296875 361.82501220703125 362.899993896484375 365.399993896484375 367.100006103515625
314.350006103515625 307.78125 304.993743896484375 304.399993896484375 306.618743896484375 311.274993896484375 316.5 321.774993896484375 330.100006103515625 339.5625 348.45623779296875 354.46875 356.28125 355.118743896484375 352.09375 354.26873779296875 358.45001220703125 366.868743896484375 376.21875 383.15625 387.212493896484375 390.100006103515625 387.20623779296875 378.03125 367.399993896484375 359.79998779296875 355.462493896484375 353.23748779296875 352.21875 350.5625 345.98748779296875 339.98126220703125 339.243743896484375 337.76251220703125 338.524993896484375 343.82501220703125 355.76251220703125 367.993743896484375 372.76873779296875 368.306243896484375 360.28125 358.712493896484375 365.225006103515625 364.337493896484375 362.662506103515625
309.681243896484375 303.431243896484375 302.98126220703125 304.068756103515625 305.9375 310.65625 315.649993896484375 321.181243896484375 330.65625 338.13751220703125 344.98126220703125 349.35626220703125 350.92498779296875 348.100006103515625 342.85626220703125 337.587493896484375 346.087493896484375 359.11248779296875 366.931243896484375 374.54998779296875 378.75 379.524993896484375 376.131256103515625 368.118743896484375 358.08123779296875 352.51873779296875 347.20623779296875 346.162506103515625 345.23126220703125 344.17498779296875 341.91876220703125 335.11248779296875 326.91876220703125 323.037506103515625 320.631256103515625 333.48126220703125 345.84375 359.25 365.23748779296875 366.350006103515625 361.61248779296875 362.868743896484375 364.556243896484375 361.412506103515625 357.58123779296875
303.45001220703125 299.118743896484375 300.381256103515625 302.568756103515625 304.506256103515625 309.29998779296875 316.17498779296875 321.76251220703125 328.79376220703125 336.01873779296875 341.23748779296875 344.943756103515625 344.993743896484375 342.287506103515625 339.475006103515625 337.65625 337.70001220703125 347.66876220703125 358.61248779296875 367.787506103515625 371.82501220703125 373.931243896484375 370.73126220703125 359.087493896484375 349.931243896484375 343.625 340.08123779296875 339.056243896484375 339.90625 340.32501220703125 337.306243896484375 330.85626220703125 323.48748779296875 318.60626220703125 322.57501220703125 330.756256103515625 344.125 359.09375 370.850006103515625 369.98748779296875 366.743743896484375 366.149993896484375 361.881256103515625 357.9375 352.4375
295.087493896484375 293.34375 295.04376220703125 299.831268310546875 302.556243896484375 308.76251220703125 316.681243896484375 321.256256103515625 327.618743896484375 332.90625 336.32501220703125 338.98126220703125 338.556243896484375 337.66876220703125 336.04376220703125 336.08123779296875 335.60626220703125 334.8125 349.48126220703125 359.70623779296875 366.875 368.493743896484375 366.04998779296875 355.26251220703125 347.725006103515625 342.21875 335.568756103515625 337.693756103515625 339.931243896484375 338.818756103515625 330.787506103515625 315.88751220703125 315.875 316.51251220703125 318.381256103515625 330.5625 343.60626220703125 356.96875 366.26873779296875 371.98126220703125 366.368743896484375 363.75 359.306243896484375 354.125 349.51251220703125
285.54998779296875 285.793731689453125 290.056243896484375 294.475006103515625 298.631256103515625 306.60626220703125 314.162506103515625 321.53125 328.07501220703125 332.399993896484375 333.493743896484375 331.787506103515625 331.649993896484375 333.0625 328.975006103515625 329.100006103515625 329.95623779296875 330.943756103515625 336.675018310546875 347.087493896484375 361.34375 367.25 355.29376220703125 350.8125 347.5 346.1875 343.600006103515625 343.04376220703125 345.649993896484375 342.21875 333.51873779296875 319.79998779296875 314.024993896484375 305.662506103515625 306.16876220703125 318.78125 333.20623779296875 345.86248779296875 358.73748779296875 363.118743896484375 364.243743896484375 361.899993896484375 356.024993896484375 350.506256103515625 346.600006103515625
275.61248779296875 277.912506103515625 282.475006103515625 286.337493896484375 293.337493896484375 304.618743896484375 314.78125 320.875 327.143768310546875 331.13751220703125 330.59375 330.16876220703125 329.32501220703125 328.71875 323.13751220703125 317.04998779296875 314.868743896484375 323.5 328.743743896484375 338.29376220703125 347.125 350.756256103515625 353.28125 350.618743896484375 348.67498779296875 347.54998779296875 347.40625 350.5625 349.75 342.13751220703125 329.475006103515625 322.51251220703125 311.42498779296875 296.82501220703125 289.868743896484375 302.04376220703125 322.79376220703125 341.08123779296875 352.70001220703125 359.25 359.837493896484375 357.57501220703125 352.36248779296875 346.76251220703125 340.399993896484375
