data/historical-monthly-weather-data/wc2.1_cruts4.09_10m_prec_2012-11.asc
ncols        45
nrows        45
xllcorner    -63.500000000000
yllcorner    -7.500000000000
cellsize     0.166666666667
NODATA_value -9999
[rows 20 to 39 of 45, columns 0 to 43 of 45]
162.8625030517578125 171.006256103515625 180.3125 189.7937469482421875 198.506256103515625 207.475006103515625 216.1999969482421875 223.431243896484375 228.1374969482421875 230.306243896484375 230.8249969482421875 229.3125 225.774993896484375 219.4562530517578125 215.7687530517578125 211.5124969482421875 208.181243896484375 208.4875030517578125 213.90625 217.4250030517578125 216.0187530517578125 210.818756103515625 202.962493896484375 195.9812469482421875 189.1062469482421875 180.2937469482421875 169.2937469482421875 155.2624969482421875 140.912506103515625 130.9875030517578125 123.2624969482421875 120.54375457763671875 119.50624847412109375 119.4812469482421875 119.30625152587890625 118.46250152587890625 115.9875030517578125 113.34999847412109375 108.4812469482421875 103.4187469482421875 97.90625 94.15625 89.99375152587890625 85.71250152587890625
159.681243896484375 167.087493896484375 177.5812530517578125 188.318756103515625 198.806243896484375 208.6125030517578125 219.0437469482421875 227.8625030517578125 235.1062469482421875 239.4187469482421875 241.4812469482421875 242.25 240.0749969482421875 233.8249969482421875 228.4499969482421875 222.8249969482421875 219.5749969482421875 217.6999969482421875 219.0437469482421875 221.131256103515625 215.8874969482421875 210.056243896484375 204.350006103515625 197.475006103515625 190.037506103515625 181.875 173.381256103515625 161.3937530517578125 150.1750030517578125 142.0812530517578125 134.28125 130.681243896484375 128.993743896484375 129.631256103515625 130.2687530517578125 128.743743896484375 125.77500152587890625 122.0437469482421875 115.3874969482421875 109.2937469482421875 102.80625152587890625 98.21250152587890625 93.7062530517578125 89.53125
156.787506103515625 165.399993896484375 176.243743896484375 187.850006103515625 199.46875 209.67498779296875 219.9812469482421875 231.375 240.962493896484375 246.71875 251.568756103515625 254.287506103515625 257.40625 252.306243896484375 242.5500030517578125 233.9875030517578125 228.6687469482421875 225.6687469482421875 224.3312530517578125 223.65625 217.850006103515625 211.225006103515625 204.850006103515625 198.037506103515625 192.131256103515625 185.350006103515625 177.09375 167.9375 157.818756103515625 150.4812469482421875 144.4875030517578125 140.7937469482421875 140.006256103515625 140.756256103515625 140.912506103515625 139.3125 135.9250030517578125 130.2375030517578125 122.25624847412109375 114.9499969482421875 108.0625 102.65000152587890625 97.55625152587890625 92.97499847412109375
154.28125 162.7312469482421875 174.1374969482421875 185.53125 197.9187469482421875 209.118743896484375 219.96875 231.9250030517578125 240.96875 248.03125 254.3312530517578125 262.23126220703125 269.11248779296875 263.149993896484375 251.2624969482421875 241.8125 235.493743896484375 231.8937530517578125 228.975006103515625 225.9625091552734375 219.912506103515625 213.21875 206.0812530517578125 199.65625 194.1875 187.7937469482421875 182.7312469482421875 173 164.912506103515625 158.600006103515625 154.412506103515625 151.375 150.318756103515625 150.318756103515625 150.556243896484375 149.4187469482421875 145.493743896484375 137.818756103515625 129.09375 120.7687530517578125 113.00624847412109375 107.3000030517578125 102.0437469482421875 97.28125
154.118743896484375 161.34375 172.837493896484375 184.806243896484375 198.2062530517578125 208.40625 218.337493896484375 229.3125 238.71875 246.28125 253.787506103515625 259.306243896484375 264.13751220703125 261.131256103515625 253.1062469482421875 245.25 239.3874969482421875 234.899993896484375 231.806243896484375 228.2624969482421875 221.5437469482421875 213.65625 207.600006103515625 201.0124969482421875 195.131256103515625 191.274993896484375 186.15625 178.943756103515625 171.2687530517578125 167.131256103515625 163.1437530517578125 160.475006103515625 159.1437530517578125 158.7062530517578125 157.8000030517578125 154.96875 150.6062469482421875 142.850006103515625 134.193756103515625 125.9812469482421875 117.6875 111.81874847412109375 107.0749969482421875 102.9875030517578125
156.6374969482421875 163.4812469482421875 172.556243896484375 184.9875030517578125 196.931243896484375 205.96875 214.6999969482421875 224.506256103515625 233.2687530517578125 241.0437469482421875 248.0437469482421875 253.131256103515625 255.5625 254.193756103515625 250.21875 245.4375 241.4812469482421875 237.600006103515625 234.524993896484375 231.1875 224.0749969482421875 216.2312469482421875 209 201.125 196.774993896484375 194.443756103515625 190.8625030517578125 185.21875 178.9250030517578125 175.4812469482421875 171.6374969482421875 168.8249969482421875 167.2624969482421875 165.21875 163.431243896484375 159.318756103515625 153.881256103515625 146.96875 139.287506103515625 130.9812469482421875 122.90625 117.03125 111.3249969482421875 107.9499969482421875
161.1125030517578125 165.524993896484375 173.1500091552734375 182.625 191.787506103515625 199.5437469482421875 208.9499969482421875 217.662506103515625 224.4875030517578125 232.243743896484375 240.34375 245.1999969482421875 247.46875 247.4812469482421875 245.7375030517578125 242.118743896484375 239.7624969482421875 237.4375 235.3874969482421875 231.9562530517578125 225.537506103515625 218.431243896484375 211.212493896484375 203.943756103515625 201.3874969482421875 199.306243896484375 195.6687469482421875 190.6062469482421875 185.6437530517578125 181.412506103515625 178.306243896484375 175.3312530517578125 173.806243896484375 171.4250030517578125 167.9875030517578125 163.09375 157.212493896484375 150.024993896484375 143.3562469482421875 135.8125 128.2375030517578125 122.4562530517578125 117.17499542236328125 113.41249847412109375
165.962493896484375 167.8874969482421875 173.193756103515625 179.3937530517578125 186.2937469482421875 192.78125 201.1687469482421875 209.787506103515625 217.1062469482421875 224.662506103515625 231.337493896484375 236.243743896484375 238.868743896484375 239.756256103515625 240.1125030517578125 238.475006103515625 236.8874969482421875 236.5749969482421875 235.375 233.2937469482421875 228.8874969482421875 222.90625 218.9812469482421875 213.3249969482421875 209.53125 206.1875 201.5625 196.774993896484375 191.46875 187.1437530517578125 183.024993896484375 179.975006103515625 178.087493896484375 174.7687530517578125 171.84375 166.443756103515625 160.118743896484375 153.7624969482421875 146.65625 140.881256103515625 134.837493896484375 129.6687469482421875 122.58750152587890625 118.6125030517578125
170.506256103515625 169.962493896484375 171.84375 175.475006103515625 180.0124969482421875 185.6125030517578125 193.03125 201.125 209.4187469482421875 216.6750030517578125 223.431243896484375 227.787506103515625 231.25 232.7375030517578125 234.037506103515625 235.118743896484375 235.9250030517578125 235.7062530517578125 235.6062469482421875 234.9187469482421875 232.8312530517578125 229.2375030517578125 227.443756103515625 223.2062530517578125 218.6687469482421875 214.21875 209.368743896484375 203.21875 197.649993896484375 192.125 187.662506103515625 183.662506103515625 180.600006103515625 177.368743896484375 174.84375 169.181243896484375 162.9499969482421875 156.2312469482421875 149.5500030517578125 143.4562530517578125 138.9375 133.787506103515625 128.4562530517578125 127.43125152587890625
173.6062469482421875 170.6437530517578125 170.375 170.337493896484375 173.4187469482421875 178.7937469482421875 185.65625 193.399993896484375 201.3000030517578125 207.837493896484375 214.649993896484375 219.8562469482421875 224.256256103515625 227.662506103515625 229.90625 231.868743896484375 232.1687469482421875 234.0749969482421875 234.431243896484375 234.75 234.3874969482421875 234.681243896484375 234.75 229.9499969482421875 225.337493896484375 221.28125 215.568756103515625 208.3625030517578125 201.625 196.6999969482421875 191.9499969482421875 187.693756103515625 184.34375 181.618743896484375 178.6875 172.181243896484375 165.274993896484375 159.46875 151.7624969482421875 145.399993896484375 141.09375 141.03125 139.399993896484375 140.881256103515625
175.350006103515625 170.412506103515625 168.4250030517578125 166.8562469482421875 167.556243896484375 173.193756103515625 179.6062469482421875 186.3562469482421875 192.9562530517578125 200.212493896484375 207.3562469482421875 213.2624969482421875 219.131256103515625 222.4250030517578125 225.78125 228.662506103515625 231.068756103515625 232.881256103515625 233.193756103515625 236.3937530517578125 238.5437469482421875 240.774993896484375 242.368743896484375 237.71875 232.1999969482421875 228.243743896484375 221.0437469482421875 213.368743896484375 205.662506103515625 200.337493896484375 195.9187469482421875 192.037506103515625 188.28125 186.25 182.4187469482421875 175.524993896484375 168.868743896484375 163.96875 155.84375 145.9375 143.25 147.6875 150.431243896484375 153.287506103515625
176.318756103515625 170.28125 167.0625 165.256256103515625 165.556243896484375 168.8125 174.1999969482421875 179.6687469482421875 185.899993896484375 192.662506103515625 199.9375 206.899993896484375 213.193756103515625 218.462493896484375 223.600006103515625 227.568756103515625 230.6437530517578125 233.125 235.5124969482421875 239.90625 243.681243896484375 246.8249969482421875 249 244.1875 239.556243896484375 234.5 225.9875030517578125 217.40625 208.7624969482421875 204.162506103515625 200.006256103515625 195.7624969482421875 192.3562469482421875 189.600006103515625 187 180.3312530517578125 173.850006103515625 168.0812530517578125 159.537506103515625 152.3312530517578125 152.46875 159.5625 165.381256103515625 172.975006103515625
176.493743896484375 170.818756103515625 167.149993896484375 165 164.225006103515625 165.881256103515625 169.5187530517578125 173.71875 178.9375 185.212493896484375 193.71875 200.7062530517578125 208.53125 216.8249969482421875 222.181243896484375 227.125 230.4187469482421875 235.568756103515625 239.8249969482421875 244.6750030517578125 248.556243896484375 250.712493896484375 251.556243896484375 246.8249969482421875 242.3874969482421875 237.056243896484375 228.3125 219.1750030517578125 211.3249969482421875 207.1750030517578125 203.662506103515625 200.0625 196.881256103515625 194.1750030517578125 192.600006103515625 187.2375030517578125 182.2937469482421875 176.71875 170 168.6875 170.5124969482421875 178.4499969482421875 187.6312408447265625 199.506256103515625
176.0124969482421875 171.03125 167.1374969482421875 164.7624969482421875 162.7062530517578125 163.256256103515625 164.6875 167.71875 172.306243896484375 177.8125 185.6437530517578125 194.993743896484375 204.96875 213.743743896484375 220.1437530517578125 226.125 231.53125 237.806243896484375 243.462493896484375 249.2312469482421875 252.243743896484375 253.7624969482421875 253.962493896484375 248.78125 244.118743896484375 238.3312530517578125 230.0749969482421875 220.587493896484375 212.8812408447265625 209.34375 206.7624969482421875 204.725006103515625 202.149993896484375 199.943756103515625 199.0500030517578125 195.34375 190.6437530517578125 185.1437530517578125 183.5 185.962493896484375 189.2375030517578125 198.71875 211.84375 227.4375
176.4187469482421875 171.943756103515625 167.850006103515625 164.3249969482421875 161.693756103515625 160.899993896484375 160.6125030517578125 162.1999969482421875 164.774993896484375 170.25 178.6750030517578125 190.0124969482421875 201.65625 212.9562530517578125 220.868743896484375 226.318756103515625 232.8625030517578125 240.1062469482421875 246.6437530517578125 252.6750030517578125 255.65625 256.412506103515625 255.5 249.21875 243.381256103515625 238.256256103515625 229.4875030517578125 221.0500030517578125 213.318756103515625 210.78125 209.8249969482421875 208.625 206.462493896484375 205.7062530517578125 204.350006103515625 200.774993896484375 197.037506103515625 196.6374969482421875 198.118743896484375 201.5437469482421875 207.3312530517578125 217.181243896484375 231.037506103515625 247.0749969482421875
178.4187469482421875 174.100006103515625 170.0500030517578125 166.118743896484375 163.0187530517578125 161.3937530517578125 160.0187530517578125 158.8874969482421875 159.5749969482421875 163.1062469482421875 172.03125 184.5500030517578125 198.756256103515625 212.256256103515625 220.0625 227.5437469482421875 233.2937469482421875 241.1374969482421875 248.78125 256.056243896484375 257.91876220703125 256.01251220703125 253.475006103515625 246.96875 240.712493896484375 234.8874969482421875 227.0812530517578125 219.7375030517578125 213.1437530517578125 210.693756103515625 211.350006103515625 210.912506103515625 210.25 210.131256103515625 208.5124969482421875 206.0187530517578125 207.6999969482421875 208.8000030517578125 210.8874969482421875 216.2062530517578125 223.618743896484375 232.71875 244.649993896484375 259.23126220703125
180.681243896484375 176.9499969482421875 173.2375030517578125 169.493743896484375 165.8937530517578125 163.3937530517578125 160.40625 157.556243896484375 155.96875 155.556243896484375 165.6999969482421875 183.8125 198.850006103515625 211.0437469482421875 219.4375 226.90625 233.1374969482421875 240.618743896484375 248.3000030517578125 254.774993896484375 255.2375030517578125 252.3874969482421875 249.131256103515625 242.2062530517578125 235.587493896484375 230.4187469482421875 222.693756103515625 217.0749969482421875 211.0812530517578125 210.556243896484375 211.756256103515625 213.787506103515625 213.6875 214.556243896484375 213.931243896484375 214.506256103515625 217.881256103515625 221.399993896484375 225.5124969482421875 229.78125 236.4812469482421875 244.381256103515625 254.743743896484375 267.899993896484375
184.850006103515625 181.0500030517578125 177.125 173.600006103515625 169.756256103515625 166.662506103515625 163.3000030517578125 159.7937469482421875 157.6062469482421875 155.375 170.681243896484375 190.03125 201.7687530517578125 212.037506103515625 219.712493896484375 226.6687469482421875 232.756256103515625 239.1687469482421875 245.274993896484375 248.881256103515625 249.21875 246.8312530517578125 243.625 235.993743896484375 229.850006103515625 224.8874969482421875 218.28125 213.7624969482421875 209.431243896484375 210.725006103515625 210.818756103515625 213.350006103515625 215.0749969482421875 217.006256103515625 218.087493896484375 221.774993896484375 227.3937530517578125 232.1374969482421875 238.774993896484375 244.618743896484375 248.5500030517578125 255.9875030517578125 262.662506103515625 271.662506103515625
188.368743896484375 184.787506103515625 181.6687469482421875 178.3249969482421875 174.524993896484375 171.6750030517578125 169.1999969482421875 166.962493896484375 168.368743896484375 175.756256103515625 192.84375 200.9250030517578125 207.78125 215.9187469482421875 222.0437469482421875 227.7375030517578125 233.131256103515625 238.0812530517578125 241.618743896484375 244.287506103515625 243.0124969482421875 239.837493896484375 237.118743896484375 230.975006103515625 224.462493896484375 220.256256103515625 215.1437530517578125 211.5124969482421875 208.600006103515625 209.7312469482421875 210.943756103515625 213.118743896484375 215.318756103515625 217.8125 222.7937469482421875 228.1374969482421875 232.875 239.6687469482421875 245.4375 247.462493896484375 250.28125 256.67498779296875 259.73126220703125 266.64373779296875
191.806243896484375 188.8312530517578125 186.0187530517578125 182.875 180.3874969482421875 178.774993896484375 176.931243896484375 176.993743896484375 180.631256103515625 187.787506103515625 198.0062408447265625 206.412506103515625 212.662506103515625 219.40625 224.774993896484375 229.350006103515625 234.4875030517578125 237.412506103515625 239.1875 240.412506103515625 237.2624969482421875 233.431243896484375 229.3874969482421875 223.65625 219.274993896484375 215.28125 211.4562530517578125 209.368743896484375 207.443756103515625 208.2312469482421875 209.1875 214.15625 219.243743896484375 222.993743896484375 229.1437530517578125 234.2062530517578125 238.6125030517578125 244.03125 249.6437530517578125 249.46875 250.943756103515625 254.96875 256.45623779296875 258.88751220703125
