data/historical-monthly-weather-data/wc2.1_cruts4.09_10m_prec_1999-10.asc
ncols        51
nrows        45
xllcorner    -63.500000000000
yllcorner    -7.500000000000
cellsize     0.166666666667
NODATA_value -9999
[rows 0 to 19 of 45, columns 0 to 43 of 51]
142.84375 141.837493896484375 141.2312469482421875 143.087493896484375 143.8874969482421875 143.96875 142.037506103515625 140.162506103515625 138.181243896484375 137.5625 138.625 138.4499969482421875 137.443756103515625 134.6437530517578125 131.9875030517578125 129.25 126.46250152587890625 122.50624847412109375 119.43125152587890625 116.40000152587890625 114.1374969482421875 111.5124969482421875 109.31874847412109375 107.52500152587890625 106.18125152587890625 105.2375030517578125 104.34999847412109375 103.8000030517578125 103.8937530517578125 104.80625152587890625 106.21875 107.9250030517578125 110.75624847412109375 114.19374847412109375 118.16249847412109375 122.0437469482421875 125.94374847412109375 129.5500030517578125 131.96875 133.9812469482421875 135.8312530517578125 136.524993896484375 135.8312530517578125 133.975006103515625
138.693756103515625 137.7312469482421875 139.431243896484375 143.631256103515625 147.993743896484375 147.5 146.068756103515625 145.78125 145.8937530517578125 145.6875 145.6125030517578125 143.899993896484375 141.5500030517578125 138.5 135.037506103515625 132.024993896484375 127.9812469482421875 124.06874847412109375 120.6750030517578125 117.78749847412109375 115.11875152587890625 112.8874969482421875 110.9187469482421875 109.4812469482421875 108.2062530517578125 106.7687530517578125 106.52500152587890625 106.28125 106.25 107.125 109.78125 113.125 117.34375 122.52500152587890625 127.23125457763671875 131.6437530517578125 136.9562530517578125 141.4875030517578125 144.46875 146.65625 148.9499969482421875 149.96875 149.46875 147.412506103515625
132.3937530517578125 132.3874969482421875 134.649993896484375 139.912506103515625 145.212493896484375 146.8625030517578125 148.53125 151.287506103515625 153.4875030517578125 153.975006103515625 152.8000030517578125 149.5 145.774993896484375 141.4375 137.28125 133.46875 129.693756103515625 125.97499847412109375 122.65000152587890625 119.90000152587890625 117.4562530517578125 116.0124969482421875 114.34375 112.81874847412109375 111.49375152587890625 110.44374847412109375 109.9812469482421875 109.68125152587890625 108.81874847412109375 110.44374847412109375 113.84375 117.1687469482421875 121.95624542236328125 128.0625 133.9187469482421875 139.162506103515625 144.787506103515625 150.625 154.4187469482421875 157.0500030517578125 159.712493896484375 160.693756103515625 160.3562469482421875 159.006256103515625
125.05625152587890625 125.15000152587890625 129.100006103515625 133.412506103515625 139.28125 143.181243896484375 148.375 154.537506103515625 160.274993896484375 162.21875 159.443756103515625 153.975006103515625 148.431243896484375 143.28125 139.3125 134.8937530517578125 130.818756103515625 127.8000030517578125 125.0749969482421875 122.8562469482421875 120.99375152587890625 119.1687469482421875 117.13124847412109375 115.96250152587890625 114.61875152587890625 113.3625030517578125 112.6875 111.93125152587890625 111.1750030517578125 112.9875030517578125 116.5812530517578125 120.78749847412109375 125.3937530517578125 131.337493896484375 137.2375030517578125 144.6374969482421875 151.875 158.662506103515625 163.493743896484375 166.962493896484375 168.9499969482421875 170.3625030517578125 170.412506103515625 169.787506103515625
123.50624847412109375 120.93125152587890625 121.78125 125.74375152587890625 132.5500030517578125 138.806243896484375 146.056243896484375 154.631256103515625 164.6437530517578125 170.381256103515625 164.8312530517578125 155.931243896484375 149.600006103515625 144.7687530517578125 140.337493896484375 135.6687469482421875 131.8937530517578125 128.568756103515625 125.9812469482421875 124.06874847412109375 123.18125152587890625 121.4187469482421875 119.56874847412109375 118.7062530517578125 117.4375 116.2062530517578125 114.71250152587890625 114.1999969482421875 113.9875030517578125 115.18125152587890625 118.6875 122.7937469482421875 128.3249969482421875 134.649993896484375 141.7312469482421875 149.3562469482421875 157.631256103515625 166.087493896484375 171.131256103515625 175.037506103515625 177.350006103515625 177.993743896484375 178.9562530517578125 178.5812530517578125
122.2375030517578125 119.8625030517578125 118.1437530517578125 118.2687530517578125 125.80625152587890625 134.306243896484375 142.131256103515625 150.868743896484375 161.149993896484375 169.5187530517578125 162.399993896484375 153.649993896484375 148.6999969482421875 144.381256103515625 140.3625030517578125 137.037506103515625 133.2937469482421875 130.274993896484375 128.274993896484375 126.50624847412109375 125.8874969482421875 124.7687530517578125 123.4875030517578125 121.8125 120.5124969482421875 119.06874847412109375 117.11875152587890625 115.6687469482421875 115.59375 116.46250152587890625 119.61875152587890625 124.3125 129.399993896484375 135.818756103515625 142.943756103515625 151.056243896484375 159.6437530517578125 169.2624969482421875 176.1875 179.068756103515625 178.7687530517578125 179.6999969482421875 180.318756103515625 181.09375
123.75624847412109375 121.1999969482421875 119.1875 118.3562469482421875 123.40000152587890625 129.618743896484375 135.881256103515625 141.5812530517578125 146.5500030517578125 149.21875 149.34375 147.024993896484375 145.149993896484375 143.0187530517578125 140.118743896484375 137.7687530517578125 134.9875030517578125 131.9875030517578125 129.787506103515625 128.7312469482421875 128.8249969482421875 128.381256103515625 127.1999969482421875 125.6374969482421875 124.2375030517578125 122.43125152587890625 120.3625030517578125 118.0812530517578125 116.5749969482421875 117.7937469482421875 120.65625 124.46250152587890625 129.21875 135.7249908447265625 143.037506103515625 150.337493896484375 158.8312530517578125 168.4562530517578125 177.475006103515625 178.1999969482421875 176.84375 176.068756103515625 177.100006103515625 179.068756103515625
126.33750152587890625 123.28749847412109375 122.52500152587890625 123.44374847412109375 126.05625152587890625 129.837493896484375 131.524993896484375 130.7375030517578125 127.8625030517578125 129.006256103515625 134.9562530517578125 138.3312530517578125 140.4875030517578125 140.7312469482421875 140.1062469482421875 138.587493896484375 136.631256103515625 133.96875 132.09375 131.7062530517578125 132.475006103515625 132.3000030517578125 131.4562530517578125 130.006256103515625 128.243743896484375 125.65625 122.625 119.1687469482421875 116.83750152587890625 116.86875152587890625 119.61875152587890625 123.4812469482421875 128.274993896484375 134.59375 141.03125 147.53125 154.0437469482421875 161.9375 167.3125 168.4187469482421875 167.03125 165.4250030517578125 165.0500030517578125 165.6999969482421875
129.78125 127.84375 128.1875 129.006256103515625 130.881256103515625 132.4250030517578125 131.993743896484375 127.45624542236328125 119.11875152587890625 116.94374847412109375 125.9499969482421875 132.537506103515625 137.21875 138.993743896484375 139.837493896484375 139.8625030517578125 138.975006103515625 138.162506103515625 137.881256103515625 137.46875 138.0625 138.318756103515625 136.40625 135.087493896484375 132.03125 128.0749969482421875 123.44374847412109375 120.4562530517578125 117.72499847412109375 116.68125152587890625 118.85625457763671875 121.90000152587890625 125.4875030517578125 130.34375 135.274993896484375 141.100006103515625 146.8312530517578125 151.6999969482421875 153.875 154.2687530517578125 152.3249969482421875 149.1062469482421875 147.6750030517578125 145.287506103515625
133.943756103515625 132.5812530517578125 132.975006103515625 134.524993896484375 136.7312469482421875 137.75 136.3625030517578125 131.274993896484375 124.6062469482421875 122.5437469482421875 126.7062530517578125 131.2312469482421875 136.024993896484375 138.78125 140.6624908447265625 141.90625 142.037506103515625 142.9875030517578125 144.0749969482421875 145.662506103515625 145.850006103515625 145.34375 142.4875030517578125 139.193756103515625 134.0500030517578125 129.181243896484375 124.77500152587890625 120.59999847412109375 117.7375030517578125 116.40000152587890625 116.8625030517578125 119.15625 122.00624847412109375 126.15625 130.600006103515625 135.068756103515625 138.7687530517578125 141.53125 142.28125 140.493743896484375 137.4250030517578125 133.0625 128.78125 124.58750152587890625
138.3312530517578125 137.306243896484375 137.662506103515625 139.3312530517578125 141.7687530517578125 144.9375 144.2375030517578125 138.4812469482421875 132.7312469482421875 130.5187530517578125 131.818756103515625 134.243743896484375 136.850006103515625 139.8312530517578125 142.2062530517578125 143.6750030517578125 145.162506103515625 147.506256103515625 150.2937469482421875 153.4875030517578125 155.4875030517578125 153.7062530517578125 149.1687469482421875 142.2687530517578125 136.993743896484375 132.318756103515625 127.71250152587890625 123.22499847412109375 118.8312530517578125 116.96250152587890625 116.74375152587890625 117.94374847412109375 120.125 123.16249847412109375 125.9875030517578125 128.662506103515625 130.787506103515625 131.162506103515625 130.3312530517578125 127.3312530517578125 123.0625 117.83750152587890625 113.16249847412109375 107.1062469482421875
142.162506103515625 141.100006103515625 141.75 143.9562530517578125 146.8874969482421875 150.712493896484375 151.568756103515625 145.006256103515625 139.881256103515625 136.8874969482421875 136.431243896484375 137.850006103515625 139.287506103515625 141.837493896484375 144.774993896484375 146.2624969482421875 148.193756103515625 151.056243896484375 154.5687408447265625 159.475006103515625 164.0500030517578125 161.9187469482421875 155.7687530517578125 147.0187530517578125 139.3125 132.65625 126.96250152587890625 123.15000152587890625 119.59999847412109375 117.77500152587890625 116.1999969482421875 116.3249969482421875 117.2062530517578125 119.2312469482421875 121.34375 122.5500030517578125 122.97499847412109375 122.5812530517578125 119.96250152587890625 116.1687469482421875 110.28125 104.5 99.30625152587890625 93.84999847412109375
145.15625 144.4250030517578125 145.1437530517578125 146.875 149.537506103515625 152.2062530517578125 151.5187530517578125 147.899993896484375 143.8625030517578125 141.975006103515625 141.256256103515625 141.443756103515625 142.662506103515625 143.381256103515625 146.0812530517578125 148.5500030517578125 150.118743896484375 153.6750030517578125 157.681243896484375 162.3000030517578125 168.8249969482421875 167.5749969482421875 160.7437591552734375 151.3249969482421875 138.625 130.4562530517578125 127.7687530517578125 123.9812469482421875 120.96875 118.46875 116.03749847412109375 114.34375 114.71875 115.2937469482421875 116.47499847412109375 117.0124969482421875 116.4499969482421875 115.78749847412109375 113.0812530517578125 106.9499969482421875 100.65000152587890625 95.54999542236328125 89.6062469482421875 79.8312530517578125
146.975006103515625 146.212493896484375 147.0187530517578125 148.399993896484375 150.006256103515625 151.662506103515625 151.056243896484375 149.4250030517578125 147.2062530517578125 145.243743896484375 144.1437530517578125 143.943756103515625 144.443756103515625 145.4499969482421875 146.5187530517578125 149.118743896484375 150.443756103515625 153.475006103515625 156.806243896484375 160.6062469482421875 166.0187530517578125 166.0187530517578125 162.6437530517578125 154.9187469482421875 144.5749969482421875 136.8312530517578125 132.162506103515625 127.15625 122.8249969482421875 118.4499969482421875 114.57500457763671875 112.2624969482421875 111.65000152587890625 111.65000152587890625 112.25 112.52500152587890625 112.03125 111.75 109.06874847412109375 103.6687469482421875 95.65000152587890625 87.6875 81.3874969482421875 74.9562530517578125
146.9250030517578125 146.556243896484375 146.8562469482421875 148.181243896484375 149.600006103515625 150.6750030517578125 151.5749969482421875 151 148.837493896484375 147.2624969482421875 146.3562469482421875 145.725006103515625 145.693756103515625 146.3937530517578125 146.8562469482421875 149.024993896484375 149.6125030517578125 151.15625 153 156.4250030517578125 161.625 164.2937469482421875 164.75 161.537506103515625 155.8312530517578125 148.662506103515625 140.493743896484375 132.3249969482421875 125.19374847412109375 118.44374847412109375 112.875 109.2375030517578125 108.2624969482421875 108.6999969482421875 109.0812530517578125 108.78749847412109375 109.28749847412109375 111.41249847412109375 111.59999847412109375 105.80625152587890625 96.4250030517578125 88.18125152587890625 82.31874847412109375 76.7312469482421875
145.537506103515625 145.1125030517578125 145.818756103515625 147.3125 148.681243896484375 150.375 151.3937530517578125 151.1437530517578125 149.8125 148.743743896484375 147.1437530517578125 145.4187469482421875 145.1374969482421875 145.7687530517578125 146.725006103515625 147.631256103515625 146.524993896484375 147.068756103515625 148.1875 150.631256103515625 155.6374969482421875 161.368743896484375 166.631256103515625 169.337493896484375 166.78125 159.412506103515625 149.3000030517578125 138.443756103515625 128.1875 118.4812469482421875 111.1374969482421875 105.75 104.0124969482421875 104.21250152587890625 103.7687530517578125 102.68125152587890625 105.9562530517578125 109.5812530517578125 112.5625 108.5124969482421875 101.40000152587890625 93.25 85.97499847412109375 79.09999847412109375
142.4875030517578125 142.5749969482421875 144.375 146.59375 148.1062469482421875 150 151.4250030517578125 151.7375030517578125 150.8000030517578125 149.0124969482421875 146.962493896484375 144.7062530517578125 143.1687469482421875 142.8312530517578125 142.9875030517578125 142.875 140.274993896484375 140.0124969482421875 141.024993896484375 143.600006103515625 149.037506103515625 156.8000030517578125 166.6374969482421875 174.9812469482421875 177.0625 166.9812469482421875 155.59375 141.774993896484375 128.6687469482421875 117.2062530517578125 109.0749969482421875 104.05625152587890625 99.84999847412109375 97.0812530517578125 95.46875 97.2937469482421875 101.94374847412109375 111.6062469482421875 121.08750152587890625 115.49375152587890625 107.5812530517578125 98.77500152587890625 89.5749969482421875 82.625
138.2937469482421875 139.1999969482421875 142.0812530517578125 144.84375 147.087493896484375 149.774993896484375 151.7312469482421875 152.1374969482421875 151.118743896484375 149.475006103515625 147.368743896484375 143.7312469482421875 140.787506103515625 138.431243896484375 137.1687469482421875 135.556243896484375 132.662506103515625 131.4375 132.8125 134.931243896484375 140.7312469482421875 149.162506103515625 160.225006103515625 170.25 174.193756103515625 167.600006103515625 158.46875 143.4187469482421875 127.90625 114.1125030517578125 104.74375152587890625 99.19374847412109375 97.30625152587890625 96.4499969482421875 92.3125 87.84999847412109375 97.55625152587890625 109.8937530517578125 117.49375152587890625 117.03749847412109375 110.6062469482421875 102.7375030517578125 94 87.08750152587890625
132.9812469482421875 135.506256103515625 139.40625 143.1875 146.587493896484375 149.506256103515625 151.662506103515625 152.6999969482421875 152.5 150.2687530517578125 146.725006103515625 142.3625030517578125 137.631256103515625 133.40625 131.056243896484375 129.4812469482421875 126.4812469482421875 124.3874969482421875 125.2624969482421875 126.66249847412109375 132.1999969482421875 142.75 151.0124969482421875 160.1875 164.59375 163.3562469482421875 155 141.625 127.47499847412109375 111.97499847412109375 100.22499847412109375 98.09999847412109375 101.3312530517578125 99.91249847412109375 96.44374847412109375 94.0625 99.8562469482421875 107.6999969482421875 113.47499847412109375 114.71250152587890625 111.34999847412109375 107.34999847412109375 98.66875457763671875 91.83750152587890625
127.18125152587890625 131.306243896484375 136.0187530517578125 140.8249969482421875 145.431243896484375 149.537506103515625 152.6875 154.431243896484375 153.9812469482421875 151.8874969482421875 147.625 141.493743896484375 135.243743896484375 129.3625030517578125 126.2312469482421875 124.15000152587890625 120.61875152587890625 120.1750030517578125 120.8249969482421875 123.09375 127.0625 134.5437469482421875 145.3625030517578125 153.131256103515625 156.875 155.4187469482421875 148.9499969482421875 140.100006103515625 126.7937469482421875 112.90000152587890625 103.4875030517578125 104.44374847412109375 107.03749847412109375 109.44374847412109375 110.3125 107.78125 107.8562469482421875 110.5749969482421875 112.96875 113.65000152587890625 112.7062530517578125 109.83750152587890625 102.97499847412109375 96.3000030517578125
