data/historical-monthly-weather-data/wc2.1_cruts4.09_10m_prec_1988-08.asc
ncols        45
nrows        45
xllcorner    -63.500000000000
yllcorner    -7.500000000000
cellsize     0.166666666667
NODATA_value -9999
[rows 19 to 37 of 45, columns 0 to 42 of 45]
45.4375 44.34375 43.700000762939453125 43.549999237060546875 43.08750152587890625 43.68125152587890625 43.950000762939453125 44.02500152587890625 45.643749237060546875 46.481250762939453125 46.362499237060546875 43.237499237060546875 38.38124847412109375 33.731250762939453125 30.537500381469726562 27.412500381469726562 23.700000762939453125 23.268749237060546875 23.975000381469726562 26.268749237060546875 28.543750762939453125 32.668750762939453125 39.581249237060546875 44.956249237060546875 48.97499847412109375 50.987499237060546875 51.081249237060546875 49.375 46.21875 41.325000762939453125 39.55625152587890625 44.50624847412109375 47.38124847412109375 50.706249237060546875 54.168750762939453125 55.549999237060546875 55.637500762939453125 55.28749847412109375 53.05625152587890625 49.03125 43.49375152587890625 39.52500152587890625 36.59999847412109375
40.924999237060546875 41.018749237060546875 41.28125 41.25624847412109375 40.36875152587890625 40.94374847412109375 41.74375152587890625 42.331249237060546875 44.137500762939453125 45.05625152587890625 45.475002288818359375 43.46875 38.97499847412109375 34.512500762939453125 30.774999618530273438 27.537500381469726562 24.424999237060546875 23.075000762939453125 24.306249618530273438 25.931249618530273438 29.712499618530273438 34.69374847412109375 40.393749237060546875 45.88124847412109375 51.18125152587890625 52.456249237060546875 50.1875 48.356250762939453125 46.575000762939453125 45.424999237060546875 45.643749237060546875 48.38124847412109375 49.06874847412109375 50.18125152587890625 53.03749847412109375 53.981250762939453125 54.981250762939453125 54.53125 51.71875 48.18125152587890625 43.143749237060546875 39.731250762939453125 36.99375152587890625
38.106250762939453125 37.75 38.299999237060546875 38.88124847412109375 38.69374847412109375 39.02500152587890625 40.28749847412109375 40.63124847412109375 42.700000762939453125 43.637500762939453125 45.06874847412109375 44.96875 43.450000762939453125 39.575000762939453125 35.19374847412109375 30.506250381469726562 28.09375 26.912500381469726562 27.443750381469726562 28.899999618530273438 30.825000762939453125 34.831249237060546875 40.206249237060546875 45.049999237060546875 49.018749237060546875 51.237499237060546875 52.981250762939453125 50.950000762939453125 49.875 48.81874847412109375 48.69374847412109375 49.512500762939453125 49.481250762939453125 50.06874847412109375 50.08750152587890625 51.081249237060546875 53.00624847412109375 53.762500762939453125 51.49375152587890625 47.69374847412109375 43.00624847412109375 39.5 36.137500762939453125
35.481250762939453125 36.33750152587890625 37.27500152587890625 37.387500762939453125 37.481250762939453125 38.02500152587890625 38.28125 38.543750762939453125 41.143749237060546875 43.700000762939453125 46.5 48.03125 48.72499847412109375 45.75 40.200000762939453125 34.918750762939453125 31.162500381469726562 29.943750381469726562 30.087499618530273438 30.837499618530273438 32.77500152587890625 36.362499237060546875 40.737499237060546875 43.200000762939453125 47.90000152587890625 51.674999237060546875 53.268749237060546875 53.137500762939453125 51.4375 49.46250152587890625 49.08750152587890625 50.049999237060546875 49.43125152587890625 48.237499237060546875 47.049999237060546875 45.956249237060546875 47.93125152587890625 51.125 50.387500762939453125 46.46875 42.53125 38.69374847412109375 35.450000762939453125
33.47499847412109375 34.69374847412109375 36.00624847412109375 35.46875 35.268749237060546875 36.137500762939453125 37.21875 38.424999237060546875 39.950000762939453125 43.1875 46.61875152587890625 50.58750152587890625 52.90000152587890625 49.96875 44.46875 39.168750762939453125 35.34999847412109375 33.65625 33.19374847412109375 33.80625152587890625 35.643749237060546875 38.56874847412109375 41.549999237060546875 44.643749237060546875 48.125 50.625 53.28749847412109375 52.06874847412109375 51.262500762939453125 50.36875152587890625 50.4375 50.78749847412109375 49.6875 46.93125152587890625 44.887500762939453125 42.825000762939453125 43.94374847412109375 47.00624847412109375 47.02500152587890625 43.91249847412109375 40.393749237060546875 37.28749847412109375 34.293750762939453125
32.174999237060546875 33.137500762939453125 34.237499237060546875 34.549999237060546875 34.668750762939453125 35.393749237060546875 36.25624847412109375 37.6875 40.03749847412109375 43.362499237060546875 46.36875152587890625 49.606250762939453125 52.049999237060546875 50.6875 46.46875 42.27500152587890625 38.86875152587890625 36.90000152587890625 36.081249237060546875 36.418750762939453125 38.09375 40.231250762939453125 42.75 45.34375 47.481250762939453125 50.518749237060546875 51.25624847412109375 50.668750762939453125 50.21875 50.18125152587890625 50.200000762939453125 50.293750762939453125 48.90625 46.856250762939453125 44.31874847412109375 42.012500762939453125 42.46875 42.856250762939453125 42.643749237060546875 40.862499237060546875 38.08750152587890625 35.86875152587890625 33.487499237060546875
31.668750762939453125 32.331249237060546875 32.47499847412109375 33.30625152587890625 33.08750152587890625 33.987499237060546875 35.08750152587890625 37.043750762939453125 38.825000762939453125 41.40000152587890625 44.487499237060546875 47.424999237060546875 49.65000152587890625 48.90000152587890625 46.581249237060546875 43.168750762939453125 40.63124847412109375 39.19374847412109375 37.987499237060546875 38.518749237060546875 40.125 41.61875152587890625 44.0625 45.40625 46.90625 48.97499847412109375 49.924999237060546875 49.581249237060546875 49.66249847412109375 50.1875 50.1875 50.393749237060546875 48.21875 45.762500762939453125 43.081249237060546875 41.637500762939453125 40.987499237060546875 39.84999847412109375 39.68125152587890625 37.74375152587890625 35.799999237060546875 34.05625152587890625 32.512500762939453125
30.837499618530273438 30.706249237060546875 31.243749618530273438 31.799999237060546875 31.962499618530273438 32.96250152587890625 34.58750152587890625 35.956249237060546875 37.137500762939453125 39.893749237060546875 42.71875 44.125 45.52500152587890625 45.47499847412109375 44.512500762939453125 42.424999237060546875 41.02500152587890625 39.987499237060546875 39.706249237060546875 39.6875 40.543750762939453125 42.41249847412109375 44.106250762939453125 45.893749237060546875 47.043750762939453125 47.5625 49.02500152587890625 49.05625152587890625 48.875 48.96875 49.668750762939453125 49.24375152587890625 47.28125 44.65000152587890625 41.450000762939453125 39.94374847412109375 38.28125 37.13124847412109375 36.174999237060546875 34.47499847412109375 32.8125 31.6875 31.25
30.456249237060546875 28.96875 29.649999618530273438 30.418750762939453125 31.049999237060546875 31.831249237060546875 33.375 34.84999847412109375 36.21875 38.206249237060546875 39.612499237060546875 40.50624847412109375 41.50624847412109375 42.106250762939453125 41.512500762939453125 40.84375 40.706249237060546875 40.375 40.581249237060546875 40.731250762939453125 41.6875 42.30625152587890625 44.56874847412109375 45.856250762939453125 46.40625 46.262500762939453125 47.606250762939453125 48.21875 48.46875 48.69374847412109375 48.706249237060546875 48.03749847412109375 45.793750762939453125 42.49375152587890625 40.03125 37.88124847412109375 35.72499847412109375 34.268749237060546875 33.612499237060546875 32.481250762939453125 30.943750381469726562 30.4375 30.206249237060546875
29.25 28.306249618530273438 28.575000762939453125 29.40625 29.556249618530273438 30.475000381469726562 31.587499618530273438 32.606250762939453125 34.52500152587890625 35.61875152587890625 36.69374847412109375 37.200000762939453125 37.86875152587890625 38.706249237060546875 39.018749237060546875 39.19374847412109375 40.06874847412109375 40.543750762939453125 41.06874847412109375 41.75 42.47499847412109375 43.03749847412109375 44.68125152587890625 45.174999237060546875 45.78749847412109375 45.231250762939453125 46.68125152587890625 47.16249847412109375 47.356250762939453125 47.456249237060546875 47.22499847412109375 46.8125 43.643749237060546875 39.9375 37.47499847412109375 36.075000762939453125 34.30625152587890625 32.84375 32.19374847412109375 30.8125 28.881250381469726562 28.662500381469726562 28.96875
29.21875 28.487499237060546875 28.631250381469726562 28.668750762939453125 28.962499618530273438 29.6875 30.231250762939453125 31.381250381469726562 32.38124847412109375 32.9375 33.90000152587890625 34.72499847412109375 35.40625 36.106250762939453125 36.762500762939453125 37.25 37.893749237060546875 39.206249237060546875 40.65625 40.61875152587890625 41.237499237060546875 42.53125 44.1875 44.549999237060546875 44.768749237060546875 45.38124847412109375 45.9375 46.46875 45.875 45.481250762939453125 45.21250152587890625 44.825000762939453125 41.625 38.362499237060546875 35.856250762939453125 33.987499237060546875 33.174999237060546875 31.943750381469726562 30.90625 30.299999237060546875 29.137500762939453125 28.631250381469726562 27.96875
29.287500381469726562 28.325000762939453125 27.90625 28.274999618530273438 29.200000762939453125 29.287500381469726562 29.556249618530273438 29.737499237060546875 30.125 30.399999618530273438 30.818750381469726562 32.331249237060546875 33.731250762939453125 34.512500762939453125 34.65625 35.28125 36.63124847412109375 37.97499847412109375 39.637500762939453125 40.125 40.65625 40.862499237060546875 42.206249237060546875 42.84999847412109375 43.25624847412109375 44.40000152587890625 44.456249237060546875 45.33750152587890625 45.44374847412109375 44.893749237060546875 44.41249847412109375 43.22499847412109375 39.762500762939453125 36.6875 34.75 32.75 31.693750381469726562 30.575000762939453125 30.262500762939453125 30.268749237060546875 29.125 27.556249618530273438 26.418750762939453125
29.393749237060546875 28.556249618530273438 27.993749618530273438 28.125 29.006250381469726562 28.725000381469726562 28.393749237060546875 27.825000762939453125 28.024999618530273438 28.243749618530273438 28.493749618530273438 29.793750762939453125 30.887500762939453125 32.15000152587890625 32.799999237060546875 34.331249237060546875 35.362499237060546875 36.418750762939453125 37.387500762939453125 38.24375152587890625 39.08750152587890625 40.3125 40.893749237060546875 40.793750762939453125 41.6875 42.77500152587890625 43.11875152587890625 44.1875 44.206249237060546875 43.15625 42.77500152587890625 41.168750762939453125 37.96875 35.287502288818359375 32.40000152587890625 30.362499237060546875 29.350000381469726562 28.456249237060546875 28.356250762939453125 28.356250762939453125 27.28125 25.712499618530273438 25.012500762939453125
30.487499237060546875 29.40625 28.693750381469726562 28.581249237060546875 28.375 27.524999618530273438 27.087499618530273438 26.450000762939453125 26.181249618530273438 26.443750381469726562 27.174999237060546875 28.006250381469726562 29.006250381469726562 30.6875 31.393749237060546875 32.887500762939453125 33.83750152587890625 35 35.72499847412109375 36.40000152587890625 37.09999847412109375 37.9375 38.65625 39.63124847412109375 40.4375 40.825000762939453125 41.393749237060546875 41.299999237060546875 41.731250762939453125 40.78125 40.59375 39.1875 36.106250762939453125 33.137500762939453125 30.431249618530273438 28.418748855590820312 27.306249618530273438 26.149999618530273438 25.881250381469726562 25.6875 24.506250381469726562 23.4375 22.681249618530273438
31.524999618530273438 30.862499237060546875 29.681249618530273438 29.356250762939453125 27.71875 26.768749237060546875 26.162500381469726562 25.256250381469726562 24.731250762939453125 24.59375 24.850000381469726562 26.118749618530273438 27.681249618530273438 28.431249618530273438 29.606250762939453125 30.556249618530273438 31.912500381469726562 32.637500762939453125 33.112499237060546875 34.012500762939453125 34.875 35.668750762939453125 36.59999847412109375 37.15625 38.28125 38.950000762939453125 39.387500762939453125 39.137500762939453125 40.03749847412109375 39.59999847412109375 39.1875 37.793750762939453125 34.231250762939453125 30.831249237060546875 28.381250381469726562 26.443750381469726562 25.174999237060546875 23.768749237060546875 23.362499237060546875 22.65625 22.056249618530273438 21.331249237060546875 20.46875
32.84999847412109375 31.9375 30.581249237060546875 29.087499618530273438 27.556249618530273438 26.268749237060546875 25.200000762939453125 24.087499618530273438 23.037500381469726562 22.962499618530273438 23.049999237060546875 24.612499237060546875 25.806249618530273438 27.162500381469726562 28.181249618530273438 29.306249618530273438 30.424999237060546875 30.943750381469726562 31.325000762939453125 32.106250762939453125 33.049999237060546875 33.61875152587890625 34.106250762939453125 35.03749847412109375 35.831249237060546875 36.81874847412109375 37.262500762939453125 37.25 38.28749847412109375 38.25 37.299999237060546875 35.74375152587890625 32.325000762939453125 28.756250381469726562 26.112499237060546875 24.225000381469726562 22.524999618530273438 21.412500381469726562 21.012500762939453125 20.274999618530273438 19.368749618530273438 18.71875 18.168750762939453125
34.5625 33.4375 31.337499618530273438 29.28125 27.524999618530273438 25.762500762939453125 24.381250381469726562 22.931249618530273438 22.106250762939453125 22.0625 22.493749618530273438 23.5 24.831249237060546875 25.912500381469726562 26.950000762939453125 28.206249237060546875 28.918750762939453125 29.737499237060546875 29.71875 30.293750762939453125 31.337499618530273438 32.59999847412109375 33.00624847412109375 34.018749237060546875 34.56874847412109375 35.18125152587890625 35.43125152587890625 36.44374847412109375 36.6875 36.43125152587890625 35.793750762939453125 34.61875152587890625 30.393749237060546875 27.274999618530273438 24.399999618530273438 22.149999618530273438 20.993749618530273438 19.918750762939453125 19.15625 18.712499618530273438 17.887500762939453125 17.587499618530273438 16.712499618530273438
35.15625 33.674999237060546875 31.181249618530273438 29.068750381469726562 27.0625 25.443750381469726562 24.043750762939453125 22.825000762939453125 21.725000381469726562 21.174999237060546875 22.225000381469726562 23.706249237060546875 24.806249618530273438 25.287500381469726562 26.399999618530273438 27.056249618530273438 27.649999618530273438 28.149999618530273438 28.412500381469726562 28.600000381469726562 29.681249618530273438 30.975000381469726562 31.625 32.856250762939453125 33.78749847412109375 33.86875152587890625 34.49375152587890625 35.168750762939453125 34.700000762939453125 34.71250152587890625 34.6875 33.40625 29.512500762939453125 25.825000762939453125 22.912500381469726562 20.962499618530273438 19.793750762939453125 18.881250381469726562 18.03125 17.556249618530273438 16.6875 16.356250762939453125 15.525000572204589844
35.825000762939453125 34.34999847412109375 31.337499618530273438 29.337499618530273438 27.25 25.424999237060546875 23.993749618530273438 22.637500762939453125 21.950000762939453125 21.287500381469726562 23.462499618530273438 24.825000762939453125 24.774999618530273438 25.25 26.274999618530273438 26.631250381469726562 26.693750381469726562 26.787500381469726562 27.5 27.631250381469726562 28.606250762939453125 29.462499618530273438 30.25 31.549999237060546875 32.668750762939453125 33.356250762939453125 34.02500152587890625 34.68125152587890625 34.643749237060546875 34.4375 33.9375 33.362499237060546875 29.731250762939453125 25.106250762939453125 21.831249237060546875 19.762500762939453125 19.081249237060546875 18.337499618530273438 17.662500381469726562 17.149999618530273438 15.6875 15.024999618530273438 14.368749618530273438
