data/historical-monthly-weather-data/wc2.1_cruts4.09_10m_prec_2008-01.asc
ncols        45
nrows        45
xllcorner    -63.500000000000
yllcorner    -7.500000000000
cellsize     0.166666666667
NODATA_value -9999
[rows 0 to 19 of 45, columns 0 to 44 of 45]
155.1999969482421875 150.8249969482421875 146.037506103515625 143.818756103515625 140.4250030517578125 141.6062469482421875 141.25 138.649993896484375 136.3562469482421875 135.931243896484375 136.7624969482421875 136.8125 135.6374969482421875 131.0187530517578125 127.5749969482421875 125.80625152587890625 124.2375030517578125 120.55625152587890625 122.33750152587890625 124.3000030517578125 128.5625 134.53125 140.7375030517578125 146.7312469482421875 154.6687469482421875 161.7937469482421875 168.8937530517578125 177.287506103515625 187.4375 200.8562469482421875 216.193756103515625 232.5999908447265625 249.7874908447265625 270.3125 289.118743896484375 306.725006103515625 320.274993896484375 331.3125 338.806243896484375 344.73126220703125 348.79998779296875 350.100006103515625 349.03125 347.993743896484375 343.756256103515625
164.375 158.212493896484375 153.78125 150.256256103515625 147.8937530517578125 149.556243896484375 149.65625 149.743743896484375 150.056243896484375 150.524993896484375 149.9875030517578125 147.943756103515625 144.71875 141.587493896484375 137.524993896484375 134.0500030517578125 130.7937469482421875 128.125 128.3625030517578125 130.6999969482421875 136.2375030517578125 142.412506103515625 149.6374969482421875 158.09375 165.9562530517578125 173.8249969482421875 182.631256103515625 191.743743896484375 202.118743896484375 219.7062530517578125 238.149993896484375 256.76251220703125 276.0625 300.625 321.0625 336.787506103515625 355.51251220703125 368.068756103515625 374.03125 379.024993896484375 383.837493896484375 384.10626220703125 380.09375 377.600006103515625 371.506256103515625
174.2687530517578125 168.3625030517578125 163.7375030517578125 160.4499969482421875 158.5437469482421875 160.3249969482421875 161.9812469482421875 163.975006103515625 165.243743896484375 166.056243896484375 165.149993896484375 161.806243896484375 158.1437530517578125 153.462493896484375 148.4250030517578125 143.0124969482421875 139.1687469482421875 136.9875030517578125 136.9499969482421875 140.8000030517578125 148.2375030517578125 157.287506103515625 166.118743896484375 175.212493896484375 184.3562469482421875 193.3249969482421875 203.09375 212.837493896484375 222.5437469482421875 239.931243896484375 261.037506103515625 282.16876220703125 305.131256103515625 325.875 350.21875 366.850006103515625 385.274993896484375 400.9375 406.681243896484375 409.82501220703125 415.13751220703125 412.85626220703125 408.03125 402.95623779296875 392.13751220703125
183.0749969482421875 177.618743896484375 175.3874969482421875 172.4875030517578125 171.9187469482421875 171.125 174.21875 178.556243896484375 182.100006103515625 184.399993896484375 181.881256103515625 176.725006103515625 171.4812469482421875 165.818756103515625 160.09375 153.725006103515625 148.0500030517578125 144.8125 146.193756103515625 152.9375 164.181243896484375 175.34375 183.899993896484375 195.2062530517578125 206.368743896484375 217.068756103515625 227.90625 235.806243896484375 245.6687469482421875 264.431243896484375 285.85626220703125 310.15625 333.26873779296875 355.51251220703125 377.98748779296875 398.618743896484375 416.006256103515625 432.98126220703125 439.79998779296875 444.850006103515625 445.962493896484375 443.67498779296875 437.09375 427.83123779296875 414.66876220703125
198.225006103515625 190.1999969482421875 185.9562530517578125 184.2062530517578125 183.4375 184.243743896484375 186.2062530517578125 191.8062591552734375 198.337493896484375 202.537506103515625 198.03125 191.4812469482421875 186.1875 180.625 174.0187530517578125 166.5500030517578125 159.25 153.75 157.9375 168.493743896484375 183.0812530517578125 195.306243896484375 205.618743896484375 217.6875 230.0187530517578125 243.8249969482421875 251.787506103515625 259.743743896484375 272.868743896484375 291.8125 314.04376220703125 334.54998779296875 360.600006103515625 386.38751220703125 410.23748779296875 430.756256103515625 451.23126220703125 464.96875 471.993743896484375 475.76251220703125 480.23748779296875 473.75 466.100006103515625 453.39373779296875 436.993743896484375
209.787506103515625 202.943756103515625 198.625 195.306243896484375 194.15625 195.5437469482421875 198.412506103515625 202.96875 209.6875 215.274993896484375 210.59375 205.6437530517578125 200.8249969482421875 196.3874969482421875 189.7375030517578125 184.881256103515625 177.693756103515625 172.6374969482421875 180.024993896484375 192.181243896484375 206.506256103515625 218.681243896484375 231.0500030517578125 242.524993896484375 256.100006103515625 270.17498779296875 279.20001220703125 286.9375 299.149993896484375 319.60626220703125 340.287506103515625 361.14373779296875 382.86248779296875 408.54376220703125 436.318756103515625 455.068756103515625 473.45001220703125 488.36248779296875 495.5 501.381256103515625 500.95001220703125 495.087493896484375 484.993743896484375 472.068756103515625 454.331268310546875
221.3562469482421875 215.0437469482421875 211.25 206.2624969482421875 203.0625 202.556243896484375 204.8937530517578125 208.193756103515625 212.1437530517578125 214.5437469482421875 216.475006103515625 215.90625 215.4875030517578125 213.5187530517578125 209.75 207.34375 205.556243896484375 208.8937530517578125 217.243743896484375 225.149993896484375 233.631256103515625 245.318756103515625 255.2687530517578125 267.806243896484375 283.162506103515625 296.899993896484375 306.23126220703125 315.100006103515625 325.537506103515625 344.95623779296875 367.73126220703125 388.375 408.20623779296875 430.48748779296875 454.743743896484375 475.693756103515625 493.01251220703125 508.95001220703125 520.1312255859375 522.08123779296875 519.15625 512.0250244140625 501.70001220703125 488.818756103515625 469.66876220703125
234.3937530517578125 225.568756103515625 221.131256103515625 216.96875 212.96875 212.5500030517578125 211.975006103515625 209.274993896484375 208.181243896484375 213.4499969482421875 221.75 226.787506103515625 230.5749969482421875 230.524993896484375 230.7062530517578125 231.5187530517578125 234.962493896484375 244.8125 258.23126220703125 260.212493896484375 262.64373779296875 271.256256103515625 280.89373779296875 294.6875 311.59375 325.35626220703125 333.64373779296875 342.006256103515625 354.649993896484375 374.212493896484375 393.76251220703125 414.037506103515625 432.20623779296875 452.412506103515625 473.9375 493.23126220703125 510.51251220703125 526.09375 534.9625244140625 539.79376220703125 539.1875 532.1187744140625 522.01251220703125 507.73748779296875 490.61248779296875
245.5187530517578125 236.7312469482421875 232.53125 227.3000030517578125 223.8874969482421875 221.912506103515625 220.212493896484375 217.1062469482421875 213.2375030517578125 216.212493896484375 230.524993896484375 239.600006103515625 246.975006103515625 249.3249969482421875 251.6875 254.225006103515625 258.95623779296875 269.98748779296875 282.65625 283.16876220703125 283.443756103515625 292.756256103515625 302.48748779296875 320.45001220703125 337.431243896484375 350.95623779296875 359.1875 365.65625 378.087493896484375 397.36248779296875 416.899993896484375 432.756256103515625 449.65625 466.58123779296875 485.375 501.649993896484375 519.4375 534.09375 542.71875 548.45001220703125 547.82501220703125 541.3125 536.7750244140625 527.4749755859375 509.556243896484375
256.29998779296875 247.7375030517578125 242.1750030517578125 237.600006103515625 234.6687469482421875 233.4875030517578125 232.0437469482421875 231.037506103515625 231.5187530517578125 238.0749969482421875 249.4250030517578125 258.54998779296875 265.850006103515625 269.40625 272.774993896484375 276.29376220703125 279.70623779296875 286.78125 292.850006103515625 295.25 298.412506103515625 309.39373779296875 322.5 344.443756103515625 360.26251220703125 372.662506103515625 380.73126220703125 388 398.256256103515625 415.67498779296875 432.381256103515625 447.41876220703125 463.725006103515625 480.20623779296875 497.54998779296875 510.774993896484375 525.2562255859375 539.375 547.5 553.51251220703125 557.39373779296875 553.3812255859375 549.5999755859375 539.51873779296875 524.57501220703125
268.33123779296875 260.10626220703125 253.4499969482421875 248.4375 244.756256103515625 244.8125 245.100006103515625 247.875 252.2062530517578125 260.65625 273.48126220703125 282.70623779296875 287.181243896484375 289.600006103515625 292.399993896484375 294.837493896484375 295.993743896484375 298.88751220703125 300.39373779296875 301.274993896484375 309.5625 322.17498779296875 341.26873779296875 361.837493896484375 382.868743896484375 393.21875 399.712493896484375 406.88751220703125 416.09375 428.60626220703125 443.256256103515625 458.17498779296875 474.33123779296875 490.324981689453125 505.556243896484375 519.0625 531.23748779296875 541.41876220703125 551.20001220703125 559.10626220703125 563.5562744140625 558.75 556.6312255859375 549.23126220703125 535.38751220703125
277.287506103515625 269.04998779296875 263.181243896484375 259.79376220703125 256.96875 256.931243896484375 259.0625 265.53125 272.65625 281.96875 296 308.725006103515625 311.17498779296875 311.287506103515625 312.59375 311.79998779296875 311.29376220703125 309.23748779296875 308.462493896484375 306.5 313.76251220703125 328.79998779296875 353.29998779296875 380.725006103515625 399.25 403.95623779296875 409.625 416.125 426.10626220703125 439.88751220703125 453.09375 465.38751220703125 480.6875 495.631256103515625 510.181243896484375 522.8687744140625 534.36248779296875 543.08123779296875 551.9625244140625 560.60626220703125 564.98748779296875 560.4124755859375 552.46875 542.20001220703125 524.9437255859375
287.368743896484375 280.024993896484375 275.01873779296875 271.4375 268.95623779296875 271.524993896484375 274.899993896484375 280.92498779296875 289.64373779296875 300.787506103515625 315.10626220703125 329.225006103515625 333.25 329.73748779296875 329.66876220703125 327.78125 324.568756103515625 322.76251220703125 319.75 315.46875 315.743743896484375 333.774993896484375 362.625 386 395.36248779296875 401.46875 413.83123779296875 425.600006103515625 436.09375 449.70623779296875 461.78125 471.88751220703125 484.46875 497.84375 510.993743896484375 522.5562744140625 531.9937744140625 539.61248779296875 546.5875244140625 554.1812744140625 560.82501220703125 554.6875 536.61248779296875 517.76251220703125 498.375
295.399993896484375 289.493743896484375 285.03125 282.11248779296875 280.73126220703125 282.40625 286.98126220703125 295.731231689453125 305.306243896484375 317.03125 328.73126220703125 340.975006103515625 344.95001220703125 345.39373779296875 342.79998779296875 341.693756103515625 337.131256103515625 335.868743896484375 331.868743896484375 328.60626220703125 333.59375 350.431243896484375 371.912506103515625 390.375 398.35626220703125 407.95001220703125 420.693756103515625 432.850006103515625 446.53125 458.412506103515625 469.03125 477.64373779296875 487.59375 497.537506103515625 510.0625 519.53125 528.6187744140625 536.98748779296875 540.8125 543.7125244140625 543.46875 523.58123779296875 508.662506103515625 499.006256103515625 486.53125
302.6875 297.131256103515625 293.90625 291.60626220703125 291.975006103515625 294.95001220703125 301.23126220703125 309.26251220703125 318.5 328.58123779296875 340.25 350.856231689453125 356.600006103515625 358.837493896484375 355.96875 353.59375 348.774993896484375 345.631256103515625 342.91876220703125 343.01873779296875 351.85626220703125 365.54376220703125 384.51873779296875 398.306243896484375 410.3125 421.45623779296875 432.15625 444.625 456.66876220703125 468.5625 476.368743896484375 480.51873779296875 491.03125 498.193756103515625 507.537506103515625 514.40625 524.22503662109375 534.4312744140625 536.71875 525.21875 506.84375 494.95001220703125 492.681243896484375 489.13751220703125 473.743743896484375
308.524993896484375 302.881256103515625 300.631256103515625 299.15625 300.61248779296875 304.59375 311.71875 319.693756103515625 327.931243896484375 338.631256103515625 350.118743896484375 361 368.056243896484375 371.26873779296875 369.556243896484375 362.85626220703125 358.82501220703125 356.29998779296875 353.15625 354.54998779296875 368.45623779296875 384.01251220703125 401.10626220703125 412.618743896484375 423.10626220703125 433.743743896484375 442.29376220703125 455.975006103515625 469.368743896484375 481.181243896484375 487.181243896484375 487.60626220703125 489.89373779296875 494.29998779296875 499.76873779296875 510.32501220703125 520.6187744140625 528.1624755859375 527.375 510.26251220703125 483.73126220703125 475.131256103515625 477.818756103515625 473.743743896484375 461.212493896484375
311.83123779296875 306.95623779296875 304.568756103515625 304.5 307.5 312.3125 320.33123779296875 328.462493896484375 337.08123779296875 346.78125 358.962493896484375 371.443756103515625 379.45001220703125 383.475006103515625 382.212493896484375 376.20623779296875 364.41876220703125 361.306243896484375 361.26251220703125 366.818756103515625 382.350006103515625 400.725006103515625 417.631256103515625 426.20001220703125 436.899993896484375 444.73126220703125 451.08123779296875 464.399993896484375 480.82501220703125 493.712493896484375 500.131256103515625 497.587493896484375 493.756256103515625 491.04376220703125 498.600006103515625 509.09375 516.83123779296875 527.0562744140625 533.63751220703125 510.26873779296875 484.10626220703125 472.149993896484375 466.51873779296875 461.73748779296875 450.600006103515625
315.40625 310.693756103515625 308.712493896484375 310.10626220703125 313.01251220703125 319.5 328.306243896484375 336.96875 345.23126220703125 355.16876220703125 365.125 380.306243896484375 390.068756103515625 394.731231689453125 392.73748779296875 384.399993896484375 371.693756103515625 363 367.881256103515625 374.79376220703125 394.256256103515625 413.58123779296875 430.4375 437.5625 445.193756103515625 452.95001220703125 455.649993896484375 471.5 491.84375 506.67498779296875 509.03125 492.725006103515625 486.274993896484375 485.6875 489.28125 498.6875 512.46875 523.1624755859375 523.54998779296875 511 486.350006103515625 469.631256103515625 460.618743896484375 454.96875 444.243743896484375
315.23748779296875 311.1875 310.48126220703125 313.58123779296875 318.10626220703125 325.67498779296875 333.4375 343.76873779296875 352.625 362.23748779296875 371.556243896484375 383.875 396.20623779296875 406.41876220703125 402.08123779296875 389.16876220703125 373.71875 364.01873779296875 363.79998779296875 374.618743896484375 400.3125 424.3125 434.506256103515625 444.100006103515625 451.46875 460.45623779296875 467.787506103515625 479.881256103515625 500.1875 515.3125 518.17498779296875 493.993743896484375 480.193756103515625 468.11248779296875 466.60626220703125 481.73126220703125 499.524993896484375 510.10626220703125 515.51251220703125 505.73126220703125 486.10626220703125 467.024993896484375 455.631256103515625 450.056243896484375 439.26251220703125
313.818756103515625 309.90625 310.212493896484375 312.66876220703125 318.73748779296875 329.162506103515625 338.63751220703125 348.056243896484375 356.587493896484375 365.600006103515625 373.524993896484375 385.912506103515625 402.368743896484375 418.475006103515625 408.131256103515625 386.493743896484375 367.51251220703125 363.162506103515625 364.243743896484375 373.600006103515625 395.931243896484375 415.83123779296875 434.912506103515625 444.381256103515625 453.20623779296875 465.21875 472.868743896484375 485.51251220703125 497.76251220703125 503.756256103515625 500.38751220703125 480.04998779296875 461.943756103515625 442.96875 436.41876220703125 455.29376220703125 484.712493896484375 507.08123779296875 514.375 507.5 488.649993896484375 465.381256103515625 455.61248779296875 449.10626220703125 437.54998779296875
