data/historical-monthly-weather-data/wc2.1_cruts4.09_10m_prec_2012-09.asc
ncols        51
nrows        45
xllcorner    -63.500000000000
yllcorner    -7.500000000000
cellsize     0.166666666667
NODATA_value -9999
[rows 20 to 39 of 45, columns 0 to 43 of 51]
70.15625 71.40000152587890625 73.3874969482421875 75.72499847412109375 78.09999847412109375 80.7062530517578125 83.5749969482421875 85.8937530517578125 88.9499969482421875 90.73749542236328125 90.58750152587890625 88.4499969482421875 84.375 79.24375152587890625 76.2375030517578125 72.3000030517578125 69 67.8000030517578125 69.31874847412109375 69.625 73.34999847412109375 77.94374847412109375 82.18125152587890625 85.08750152587890625 87.5187530517578125 86.8249969482421875 82.84375 77.90000152587890625 73.22499847412109375 71.375 70.43125152587890625 73.72499847412109375 77.08750152587890625 82.31874847412109375 87.77500152587890625 78.71875 66.72499847412109375 58.362499237060546875 51.65625 45.5625 39.94374847412109375 35.18125152587890625 32.21250152587890625 30.4375
64.25624847412109375 64.7937469482421875 67.03749847412109375 69.8000030517578125 73.16249847412109375 76.7062530517578125 79.7062530517578125 83.1062469482421875 86.58750152587890625 89.02500152587890625 89.8125 88.66249847412109375 86.44374847412109375 82.5187530517578125 79.1125030517578125 74.41249847412109375 71.16249847412109375 69.8249969482421875 71.1687469482421875 71.7312469482421875 73.0625 77.03749847412109375 81.0500030517578125 83.75 85.4875030517578125 86.06874847412109375 85.25 81.25624847412109375 79.16249847412109375 78.40000152587890625 77.86875152587890625 79.28749847412109375 81.47499847412109375 84.8312530517578125 84.18125152587890625 76.9250030517578125 66.11875152587890625 58.168750762939453125 51.481250762939453125 46.237499237060546875 41.84375 38.28125 36.018749237060546875 34.075000762939453125
59.06874847412109375 60.31874847412109375 62.27500152587890625 65.33750152587890625 68.78749847412109375 72.4875030517578125 76.3249969482421875 80.28749847412109375 84.8874969482421875 87.3874969482421875 90.08750152587890625 90.28749847412109375 90.4375 87.71250152587890625 82.49375152587890625 77.50624847412109375 73.3249969482421875 72.59999847412109375 72.6875 73.2375030517578125 74.65000152587890625 77.8937530517578125 80.8000030517578125 82.15000152587890625 84.6437530517578125 85.65000152587890625 84.8625030517578125 84.2624969482421875 82.63124847412109375 81.6062469482421875 82.1125030517578125 83.7624969482421875 83.75624847412109375 83.22499847412109375 79.63124847412109375 71.2062530517578125 63.33750152587890625 56.49375152587890625 51.1875 47.643749237060546875 44.856250762939453125 41.86875152587890625 39.65625 37.637500762939453125
55.09999847412109375 55.706249237060546875 58.106250762939453125 60.831249237060546875 63.80625152587890625 68.3312530517578125 72.63124847412109375 76.6750030517578125 81.27500152587890625 84.56874847412109375 87.3874969482421875 90.1687469482421875 93.1125030517578125 90.80625152587890625 84.9812469482421875 79.66249847412109375 75.8125 75.2062530517578125 75.43125152587890625 75.50624847412109375 76.84999847412109375 78.94374847412109375 82.15625 83.63124847412109375 85.2375030517578125 85.3249969482421875 84.46250152587890625 84 84.5187530517578125 84.34999847412109375 84.65625 86.11875152587890625 84.38124847412109375 82.0187530517578125 77.9375 69.2937469482421875 62.831249237060546875 57.825000762939453125 53.424999237060546875 50.97499847412109375 48.387500762939453125 45.768749237060546875 44.05625152587890625 42.206249237060546875
51.981250762939453125 52.25624847412109375 54.206249237060546875 56.68125152587890625 61.21875 65.3625030517578125 69.375 73.5124969482421875 77.8000030517578125 81.75 85.2687530517578125 87.5124969482421875 89.6687469482421875 89.11875152587890625 85.28749847412109375 80.8249969482421875 77.75 76.97499847412109375 77.0749969482421875 77.81874847412109375 79.3125 80.86875152587890625 84.4499969482421875 85.9250030517578125 85.72499847412109375 86.8249969482421875 85.96250152587890625 85.7312469482421875 86.1875 86.6999969482421875 86.7312469482421875 87.30625152587890625 86.00624847412109375 82.90625 78.00624847412109375 70.74375152587890625 65.8312530517578125 61.418750762939453125 57.268749237060546875 54.55625152587890625 52.06874847412109375 50.19374847412109375 48.762500762939453125 48.06874847412109375
49.83750152587890625 50.706249237060546875 51.950000762939453125 54.862499237060546875 58.24375152587890625 62.11875152587890625 66.3625030517578125 70.40000152587890625 74.4875030517578125 78.71875 81.59999847412109375 84.21875 86.18125152587890625 86.1875 84.0749969482421875 81.1374969482421875 78.5124969482421875 78.5749969482421875 78.81874847412109375 79.5500030517578125 81.06874847412109375 82.46250152587890625 86.0625 87.6374969482421875 87.71250152587890625 87.7312469482421875 88.1437530517578125 88.84999847412109375 88.7375030517578125 89.25 89.25 90.02500152587890625 87.0187530517578125 83.5749969482421875 79.80625152587890625 75.16249847412109375 70.05625152587890625 65.875 62.66249847412109375 59.44374847412109375 57.27500152587890625 55.15625 53.706249237060546875 53.41249847412109375
47.63124847412109375 47.625 49.28125 52.13124847412109375 55.03125 59.0625 63.03125 66.7375030517578125 70.25624847412109375 74.5625 78.5124969482421875 81.6437530517578125 83.66249847412109375 84.71875 83.55625152587890625 81.49375152587890625 80.30625152587890625 80.0500030517578125 80.5749969482421875 81.41249847412109375 83.3625030517578125 84.86875152587890625 87.8874969482421875 90.8562469482421875 90.5812530517578125 90.90625 91.2687530517578125 90.96250152587890625 90.91249847412109375 91.09999847412109375 91.02500152587890625 90.69374847412109375 89.3125 86.3874969482421875 82.46875 78.8125 74.90625 70.75624847412109375 67.59375 64.63124847412109375 61.768749237060546875 59.83750152587890625 58.568752288818359375 57.106250762939453125
45.09375 44.762500762939453125 46.77500152587890625 49.0625 52.06874847412109375 55.793750762939453125 59.875 63.68125152587890625 67.08750152587890625 71.5749969482421875 75.53125 78.90625 81.58750152587890625 84.03125 83.21875 81.91249847412109375 80.99375152587890625 81.1999969482421875 81.9562530517578125 83.56874847412109375 85.4562530517578125 87.5 90.49375152587890625 92.8937530517578125 94.0124969482421875 94.0124969482421875 93.88124847412109375 93.52500152587890625 93.3125 93.88124847412109375 92.90625 92.53125 91.8000030517578125 89.0625 86.08750152587890625 82.68125152587890625 80.24375152587890625 77.08750152587890625 73.8249969482421875 70.625 67.65000152587890625 65.6062469482421875 62.643749237060546875 61.34999847412109375
42.9375 42.106250762939453125 43.74375152587890625 45.94374847412109375 48.668750762939453125 52.24375152587890625 56.16249847412109375 60.28749847412109375 64.21875 68.46250152587890625 72.4499969482421875 75.9875030517578125 80.0749969482421875 82.5749969482421875 82.28749847412109375 82.8000030517578125 83.5187530517578125 82.25 82.9812469482421875 84.88124847412109375 87.49375152587890625 90.28125 93.6999969482421875 96.18125152587890625 96.34999847412109375 97.0625 96.77500152587890625 96.84999847412109375 97.4250030517578125 96.50624847412109375 94.8625030517578125 94.15000152587890625 92.99375152587890625 91.43125152587890625 90.31874847412109375 87.15625 85.78749847412109375 83.83750152587890625 81.0187530517578125 77.5 72.46875 68.84375 66.75624847412109375 65.75624847412109375
42.9375 41.63124847412109375 42.46250152587890625 44.11875152587890625 46.27500152587890625 49.94374847412109375 53.950000762939453125 58.02500152587890625 62.03749847412109375 66.09999847412109375 70.1125030517578125 74.5812530517578125 78.8125 82.09375 83.34375 83.66249847412109375 83.9499969482421875 84.21875 84.375 86.18125152587890625 89.5187530517578125 93.34999847412109375 96.2937469482421875 97.9875030517578125 99.4250030517578125 101.08750152587890625 100.1750030517578125 99.34999847412109375 98.6125030517578125 98.28749847412109375 97.84375 97.40000152587890625 95.8625030517578125 94.5 93.95624542236328125 91.9562530517578125 91.2687530517578125 91 86.83750152587890625 84.8625030517578125 81.0437469482421875 76.53749847412109375 72.86875152587890625 71.36875152587890625
42.456249237060546875 40.8125 41.737499237060546875 42.63124847412109375 44.518749237060546875 48.28125 51.825000762939453125 55.75 60.08750152587890625 64.5124969482421875 68.6374969482421875 73.2062530517578125 79.09999847412109375 82.58750152587890625 83.875 84.59375 86.19374847412109375 86.78749847412109375 86.9875030517578125 89.4250030517578125 92.8125 97.3125 100.90000152587890625 101.96875 102.78749847412109375 104.4187469482421875 103.2312469482421875 101.875 100.90625 99.28749847412109375 99.75624847412109375 99.8625030517578125 98.3249969482421875 98.65000152587890625 98.4187469482421875 95.94374847412109375 95.9187469482421875 96.84999847412109375 94.78125 92.72499847412109375 88.8249969482421875 83.6437530517578125 79.2375030517578125 76.65625
42.825000762939453125 40.33750152587890625 40.71250152587890625 41.581249237060546875 43.49375152587890625 46.80625152587890625 50.387500762939453125 54.268749237060546875 58.90000152587890625 63.262500762939453125 67.83750152587890625 72.56874847412109375 77.4187469482421875 82.40625 85.1999969482421875 87.8874969482421875 89.375 90.3562469482421875 91.7937469482421875 95.03749847412109375 98.94374847412109375 101.6875 105.44374847412109375 105.7312469482421875 107.81874847412109375 107.36875152587890625 105.24375152587890625 104.72499847412109375 103.4499969482421875 102.1125030517578125 102.4187469482421875 101.55625152587890625 100.8249969482421875 101.09375 100.875 98.96875 99.19374847412109375 99.5 98.2624969482421875 97 94.59999847412109375 89.5187530517578125 85.40625 82.05625152587890625
45.65000152587890625 43.33750152587890625 42.962497711181640625 43.362499237060546875 44.581249237060546875 47.53125 50.9375 54.075000762939453125 58.487499237060546875 62.58750152587890625 68.84375 73.15625 78.5625 85.31874847412109375 88.6875 92.56874847412109375 95.28125 97.9499969482421875 99.8000030517578125 103.03749847412109375 105.84375 108.15625 109.8000030517578125 109.8625030517578125 110.9875030517578125 109.6999969482421875 107.5437469482421875 106.53749847412109375 105.28125 105.4499969482421875 104.9375 104.4187469482421875 103.00624847412109375 103.0812530517578125 103.4499969482421875 101.7062530517578125 101.125 100.0187530517578125 99.44374847412109375 99.84375 98.4499969482421875 94.4562530517578125 91.24375152587890625 87.93125152587890625
48.44374847412109375 46.53125 46.018749237060546875 45.77500152587890625 46.09375 48.53749847412109375 51.61875152587890625 54.40625 58.331249237060546875 63.02500152587890625 68.25 74.71250152587890625 80.5437469482421875 86.18125152587890625 91.52500152587890625 96.3937530517578125 101.71250152587890625 105.34375 108.47499847412109375 111.78749847412109375 113.875 114.69374847412109375 115.1687469482421875 113.59999847412109375 112.71250152587890625 111.02500152587890625 108.84999847412109375 107.7312469482421875 106.19374847412109375 106.3562469482421875 106.7312469482421875 106.65625 105.4499969482421875 104.8562469482421875 105.0625 105.08750152587890625 103.1125030517578125 101.53749847412109375 101.72499847412109375 101.5500030517578125 100.66249847412109375 99.125 97.5187530517578125 94.9562530517578125
51.80625152587890625 50.00624847412109375 49.174999237060546875 48.75624847412109375 48.612499237060546875 50.24375152587890625 52.96875 55.34375 58.706249237060546875 63.393749237060546875 69.28125 76.66249847412109375 83.0812530517578125 89.4187469482421875 95.59375 102.03125 108.13124847412109375 111.8625030517578125 117.2375030517578125 120.3937530517578125 122.36875152587890625 122.05625152587890625 120.03749847412109375 116.88124847412109375 113.7062530517578125 112.4250030517578125 110.80625152587890625 108.8874969482421875 107.3000030517578125 107.19374847412109375 107.6437530517578125 107.2312469482421875 106.3874969482421875 105.9812469482421875 105.44374847412109375 104.3000030517578125 103.4250030517578125 103.6437530517578125 103.3874969482421875 104 102.1750030517578125 100.5625 100.7624969482421875 98.65625
56.643749237060546875 54.674999237060546875 54.03749847412109375 53.581249237060546875 53.30625152587890625 54.77500152587890625 56.331249237060546875 58.75 62.018749237060546875 66 71.84999847412109375 79.0749969482421875 86.7687530517578125 94.1750030517578125 100.7312469482421875 107.88124847412109375 114.2062530517578125 119.1374969482421875 124.61875152587890625 129.3874969482421875 128.993743896484375 127.33750152587890625 123.13124847412109375 118.3874969482421875 115.10625457763671875 112.84999847412109375 110.6125030517578125 109.16249847412109375 107.9187469482421875 107.40000152587890625 107.875 107.8562469482421875 106.2687530517578125 105.8312530517578125 105.1125030517578125 103.44374847412109375 104.34375 103.99375152587890625 103.77500152587890625 103.9375 103.71875 102.09375 101.21875 100.16249847412109375
61.575000762939453125 59.77500152587890625 59.00624847412109375 58.293750762939453125 58.5 59.5625 60.94374847412109375 62.69374847412109375 65.8874969482421875 68.8562469482421875 75.13124847412109375 85.0124969482421875 93.03749847412109375 100.34999847412109375 107.4562530517578125 114.00624847412109375 120.91249847412109375 124.68125152587890625 128.9562530517578125 132.7375030517578125 132.9562530517578125 128.65625 123.99375152587890625 118.34375 114.60625457763671875 112.34375 109.78749847412109375 108.09375 107.1437530517578125 107.0812530517578125 107.21875 107.4187469482421875 106.5749969482421875 106.0812530517578125 105.3249969482421875 104.63124847412109375 104.8874969482421875 105.27500152587890625 104.3249969482421875 103.71875 103.30625152587890625 101.68125152587890625 101.6999969482421875 101.53125
65.5437469482421875 64.27500152587890625 63.71875 62.90000152587890625 63.30625152587890625 64.53125 65.8874969482421875 67.7375030517578125 71.18125152587890625 74.0437469482421875 84.7375030517578125 94.28749847412109375 100.99375152587890625 107.375 114.02500152587890625 120.78749847412109375 125.46875 128.756256103515625 130.625 131.90625 131.9562530517578125 127.6374969482421875 123.15000152587890625 117.27500152587890625 112.9499969482421875 110.0749969482421875 108.6062469482421875 107.55625152587890625 106.8249969482421875 106.9250030517578125 105.46875 105.4250030517578125 105.02500152587890625 105.9499969482421875 105.8249969482421875 103.65625 103.9375 104.1875 104.97499847412109375 104.9250030517578125 103.0124969482421875 103.43125152587890625 101.6875 100.9250030517578125
66.4499969482421875 65.4250030517578125 65.38124847412109375 65.6062469482421875 65.96875 67.72499847412109375 70.29999542236328125 73.46250152587890625 78.8000030517578125 87.28125 99.7937469482421875 105.4250030517578125 109.05625152587890625 115.1062469482421875 120.46875 125.6875 129.53125 130.881256103515625 130.274993896484375 130.024993896484375 128.087493896484375 123.69374847412109375 119.625 114.40000152587890625 110.28749847412109375 107.1125030517578125 105.77500152587890625 105.74375152587890625 105.76874542236328125 106.3625030517578125 106.2687530517578125 105.5187530517578125 105.1374969482421875 104.1687469482421875 104.16249847412109375 103.1125030517578125 103.3874969482421875 103.44374847412109375 104.38124847412109375 102.90000152587890625 101.6125030517578125 102.1875 100.53125 99.7062530517578125
65.78125 65.2312469482421875 66.11875152587890625 67.0124969482421875 68.3312530517578125 71.21250152587890625 73.9875030517578125 78.71250152587890625 85.53749847412109375 95.1999969482421875 104.5187530517578125 111.0124969482421875 116.24375152587890625 121.6999969482421875 126.99375152587890625 130.3125 133.0625 132.350006103515625 131.1875 128.3249969482421875 124.0124969482421875 119.2312469482421875 113.9875030517578125 109.36875152587890625 106.2312469482421875 103.78749847412109375 102.7687530517578125 103.75624847412109375 103.65000152587890625 105.1750030517578125 103.68125152587890625 104.1125030517578125 105.0749969482421875 104.28125 104.06874847412109375 103.59999847412109375 102.90625 103.55625152587890625 103.7687530517578125 100.4812469482421875 99.6437530517578125 100.7687530517578125 99.24375152587890625 97.53125
