data/historical-monthly-weather-data/wc2.1_cruts4.09_10m_prec_2001-02.asc
ncols        45
nrows        45
xllcorner    -63.500000000000
yllcorner    -7.500000000000
cellsize     0.166666666667
NODATA_value -9999
[rows 0 to 19 of 45, columns 0 to 44 of 45]
72.94374847412109375 67.09375 62.63124847412109375 59.68125152587890625 56.28125 55.4375 54.34375 52.575000762939453125 51.924999237060546875 52.40000152587890625 54.43125152587890625 57.59999847412109375 60.793750762939453125 62.15000152587890625 65.44374847412109375 68.96250152587890625 72.8312530517578125 74.80625152587890625 78.68125152587890625 82.71250152587890625 85.8125 88.83750152587890625 93.15000152587890625 98.56874847412109375 104.90625 112.2062530517578125 121.6687469482421875 132.118743896484375 143.4499969482421875 153.9187469482421875 165.443756103515625 177.912506103515625 189.587493896484375 202.162506103515625 215.6062469482421875 226.056243896484375 234.15625 241.274993896484375 246.306243896484375 248.7624969482421875 252.3562469482421875 253.787506103515625 252.9375 255.2937469482421875 253.21875
78.1687469482421875 72.0500030517578125 68.27500152587890625 64.63124847412109375 61.706249237060546875 61.83750152587890625 61.38124847412109375 61.325000762939453125 62.356250762939453125 63.36875152587890625 64.96250152587890625 67.4875030517578125 69.93125152587890625 71.78749847412109375 74.7312469482421875 77.6437530517578125 81.05625152587890625 85.0749969482421875 90.4187469482421875 95.61875152587890625 99.1062469482421875 103.1125030517578125 108.02500152587890625 113.86875152587890625 120.06874847412109375 127.80625152587890625 136.7624969482421875 147.15625 157.912506103515625 168.787506103515625 179.71875 193.4187469482421875 205.9562530517578125 220.0187530517578125 233.34375 244.2624969482421875 253.3937530517578125 260.743743896484375 265.543731689453125 267.90625 270.92498779296875 271.40625 269.412506103515625 270.1875 267.34375
86.1062469482421875 80.1437530517578125 76.25 72.8625030517578125 70.36875152587890625 70.9875030517578125 72.15000152587890625 73.94374847412109375 76.59999847412109375 78.25 79.38124847412109375 81.22499847412109375 82.81874847412109375 83.84999847412109375 86.02500152587890625 88.25624847412109375 90.74375152587890625 94.63124847412109375 99.25 104.11875152587890625 108.11875152587890625 113.46875 118.625 125.34375 133.6750030517578125 141.556243896484375 150.625 161.212493896484375 170.8937530517578125 180.881256103515625 192.7062530517578125 205.7312469482421875 219.4499969482421875 232.7375030517578125 247.743743896484375 258.131256103515625 268.774993896484375 278.712493896484375 282.76873779296875 285.431243896484375 288.024993896484375 286.83123779296875 283.868743896484375 281.068756103515625 278.65625
93.94374847412109375 88.3312530517578125 85.23749542236328125 82.2312469482421875 81.08750152587890625 82.1125030517578125 84.7375030517578125 88.46875 93.11875152587890625 96.21875 96.9187469482421875 97.11875152587890625 96.71875 96.4250030517578125 98.0500030517578125 99.65625 101.46250152587890625 103.44374847412109375 107.2687530517578125 112.6999969482421875 117.78749847412109375 123.28749847412109375 128.600006103515625 136.6750030517578125 145.8125 154.9250030517578125 164.818756103515625 174.8312530517578125 184.056243896484375 194.3312530517578125 204.96875 218.962493896484375 232.0625 246.4250030517578125 260.774993896484375 273.506256103515625 285.42498779296875 295.96875 301.79376220703125 305.20001220703125 305.86248779296875 303.100006103515625 298.693756103515625 293.39373779296875 289.86248779296875
104.3000030517578125 97.625 93.6125030517578125 91.41249847412109375 91.0749969482421875 93.53125 97.0124969482421875 102.97499847412109375 110.875 116.5500030517578125 114.8562469482421875 112.2687530517578125 111.05625152587890625 110.00624847412109375 110.3562469482421875 111.30625152587890625 112.5 112.69374847412109375 116.0500030517578125 121.2375030517578125 127.33750152587890625 132.6125030517578125 138.9187469482421875 148.3874969482421875 158.443756103515625 168.881256103515625 177.243743896484375 186.306243896484375 197.3312530517578125 207.8249969482421875 218.6750030517578125 230.7624969482421875 245.4499969482421875 260.568756103515625 275.181243896484375 289.03125 303.212493896484375 315.693756103515625 322.20623779296875 324.40625 325.58123779296875 319.743743896484375 312.256256103515625 305.29376220703125 298.73748779296875
113.1687469482421875 107.1125030517578125 102.3937530517578125 99.34999847412109375 98.78125 102.2624969482421875 106.93125152587890625 113.40000152587890625 122.6999969482421875 130.5749969482421875 127.16249847412109375 123.83750152587890625 122.53125 121.71250152587890625 121.9499969482421875 123.2062530517578125 123.4812469482421875 123.21250152587890625 126.44374847412109375 131.3937530517578125 137.287506103515625 143.412506103515625 150.3312530517578125 159.75 169.5812530517578125 180.7687530517578125 189.506256103515625 198 207.975006103515625 218.3625030517578125 229.3625030517578125 241.5124969482421875 254.8187408447265625 271.90625 287.61248779296875 301.65625 316.681243896484375 329.89373779296875 338.33123779296875 341.181243896484375 339.91876220703125 332.587493896484375 324.08123779296875 315.70001220703125 305.131256103515625
122.75624847412109375 116.65625 112.08124542236328125 108 106.7624969482421875 109.6999969482421875 114.16249847412109375 119.16249847412109375 126.53125 131.1750030517578125 132.068756103515625 132.0124969482421875 132.0187530517578125 132.2624969482421875 133.3937530517578125 134.962493896484375 136.5187530517578125 137.6062469482421875 139.8937530517578125 142.4499969482421875 147.2687530517578125 153.9187469482421875 160.431243896484375 169.8249969482421875 181.600006103515625 192.3937530517578125 201.131256103515625 210.131256103515625 218.149993896484375 227.806243896484375 240.0187530517578125 252.274993896484375 266.41876220703125 280.337493896484375 295.76251220703125 312.10626220703125 327.08123779296875 341.743743896484375 353.193756103515625 356.5 352.712493896484375 344.881256103515625 336.20001220703125 326.600006103515625 313.787506103515625
132.256256103515625 125.36875152587890625 120.5500030517578125 117.36875152587890625 115.74375152587890625 117.46250152587890625 119.88750457763671875 122.2375030517578125 125.91249847412109375 129.9375 134.618743896484375 138.662506103515625 141.2562408447265625 142.318756103515625 143.962493896484375 146.212493896484375 148.431243896484375 150.8000030517578125 153.3625030517578125 152.881256103515625 156.6062469482421875 163.087493896484375 170.056243896484375 180.337493896484375 192.587493896484375 203.743743896484375 212.3625030517578125 220.3937530517578125 229.087493896484375 238.475006103515625 248.975006103515625 261.9375 275.61248779296875 289.931243896484375 304.45001220703125 319.568756103515625 334.850006103515625 349.32501220703125 359.98748779296875 364.962493896484375 364.0625 357.537506103515625 349.193756103515625 338.287506103515625 326.67498779296875
140.962493896484375 134.037506103515625 129.118743896484375 125.9812469482421875 123.77500152587890625 124.0625 125.5749969482421875 126.3125 127.69374847412109375 131.3312530517578125 137.8874969482421875 144.6374969482421875 149.100006103515625 151.475006103515625 152.2062530517578125 153.875 155.2375030517578125 157.149993896484375 160 159.09375 162.4812469482421875 169.5124969482421875 177.524993896484375 190.2062530517578125 203.0749969482421875 214.5749969482421875 222.25 229.90625 238.78125 247.368743896484375 257.712493896484375 270.024993896484375 282.681243896484375 295.54376220703125 309.07501220703125 324.45623779296875 339.587493896484375 353.83123779296875 365.84375 372.65625 373.70623779296875 369.4375 363.96875 355.675018310546875 346.287506103515625
149.5812530517578125 142.65625 138.0625 134.412506103515625 131.631256103515625 131.2687530517578125 132.537506103515625 133.0749969482421875 136.087493896484375 140.243743896484375 146.600006103515625 152.462493896484375 158.1687469482421875 160.6437530517578125 160.4812469482421875 159.6437530517578125 159 160.1062469482421875 160.53125 160.7624969482421875 166.1125030517578125 174.712493896484375 184.8937530517578125 200.006256103515625 213.6374969482421875 225.21875 233.149993896484375 239.5749969482421875 248.7062530517578125 256.85626220703125 265.100006103515625 275.837493896484375 287.9375 301.26251220703125 314.725006103515625 329.23126220703125 343.962493896484375 356.83123779296875 369.212493896484375 378.818756103515625 384.01873779296875 382.95623779296875 378.82501220703125 371.162506103515625 364.90625
157.7687530517578125 150.7687530517578125 146.1875 142.4250030517578125 139.2062530517578125 138.75 139.71875 141.2375030517578125 145.4250030517578125 150.618743896484375 157.3249969482421875 163.412506103515625 168.1750030517578125 170.225006103515625 168.2312469482421875 165.1999969482421875 162.0749969482421875 161.5187530517578125 160.9562530517578125 161.743743896484375 167.975006103515625 178 191.4437408447265625 206.475006103515625 223.7062530517578125 235.493743896484375 242.25 249.3249969482421875 256.85626220703125 263.587493896484375 271.73126220703125 281.20623779296875 292.068756103515625 304.65625 318.95623779296875 333.63751220703125 346.33123779296875 360.08123779296875 372.98126220703125 382.98748779296875 390.443756103515625 391.26873779296875 389.899993896484375 384.98126220703125 379.23748779296875
165.71875 158.5 153.5687408447265625 150.0124969482421875 147.162506103515625 147 148.2687530517578125 151.1999969482421875 156.1125030517578125 162.118743896484375 169.537506103515625 175.40625 177.8625030517578125 177.943756103515625 175.337493896484375 171.0625 167.1875 165.399993896484375 163.6125030517578125 163.368743896484375 169.5749969482421875 181.118743896484375 197.912506103515625 216.5437469482421875 233.631256103515625 243.837493896484375 249.2937469482421875 255.524993896484375 262.818756103515625 269.90625 277.20623779296875 284.95001220703125 295.350006103515625 306.84375 320.100006103515625 334.79376220703125 349.45623779296875 363.5625 377.068756103515625 388.35626220703125 397.618743896484375 398.9375 395.61248779296875 388.5625 381.11248779296875
171.8249969482421875 165.0500030517578125 160.712493896484375 157.1750030517578125 155.1500091552734375 155.78125 158.024993896484375 161.1687469482421875 166.5812530517578125 174.0187530517578125 181.6687469482421875 186.53125 187.2624969482421875 184.5812530517578125 181.118743896484375 176.0749969482421875 171.756256103515625 170.068756103515625 168.5812530517578125 167.53125 172.1875 185.0625 203.899993896484375 222.212493896484375 236.837493896484375 247.149993896484375 254.2687530517578125 260.743743896484375 267.493743896484375 274.13751220703125 280.92498779296875 287.850006103515625 296.131256103515625 307.20001220703125 320 333.85626220703125 348.256256103515625 364.537506103515625 379.57501220703125 392.225006103515625 404.162506103515625 404.725006103515625 397.068756103515625 387.25 376.8125
177.0187530517578125 170.5500030517578125 166.7062530517578125 163.8000030517578125 162.493743896484375 163.787506103515625 167.1687469482421875 171.0625 177.337493896484375 184.7687530517578125 191.8874969482421875 194.3625030517578125 193.6437530517578125 190.9187469482421875 186.024993896484375 181.3874969482421875 176.4812469482421875 175.493743896484375 174.274993896484375 174.7375030517578125 182.493743896484375 195.381256103515625 211.90625 226.6374969482421875 239.631256103515625 250.068756103515625 257.90625 264.350006103515625 271.4375 276.350006103515625 282.39373779296875 288.024993896484375 295.23748779296875 305.59375 317.23126220703125 331.53125 347.912506103515625 365.45001220703125 383.04998779296875 396.86248779296875 406.25 401.48748779296875 395.368743896484375 388.475006103515625 379.381256103515625
181.131256103515625 174.5812530517578125 171.46875 169.9875030517578125 168.7624969482421875 171.306243896484375 175.8937530517578125 180.25 187.118743896484375 194.5500030517578125 200.7624969482421875 202.8937530517578125 201.8874969482421875 199.03125 194.587493896484375 189.5500030517578125 185.212493896484375 184.274993896484375 183.962493896484375 185.9187469482421875 195.350006103515625 207.631256103515625 222.46875 234.6125030517578125 245.2062530517578125 255.6125030517578125 263.01873779296875 268.587493896484375 274.71875 279.36248779296875 282.95001220703125 286.375 292.92498779296875 301.14373779296875 312.0625 325.993743896484375 344.975006103515625 366 385.725006103515625 399.64373779296875 404.337493896484375 401.91876220703125 398.03125 390.63751220703125 380.71875
184.0625 177.625 175.399993896484375 174.7375030517578125 174.7937469482421875 178.287506103515625 183.6437530517578125 188.3937530517578125 195.912506103515625 204.25 210.75 212.881256103515625 211.96875 208.59375 204.068756103515625 197.8000030517578125 194.568756103515625 194.9250030517578125 195.7062530517578125 198.53125 208.0187530517578125 220.068756103515625 233.587493896484375 244.40625 252.2937469482421875 260.07501220703125 265.9375 271.875 278.287506103515625 282.318756103515625 285.3125 285.912506103515625 287.95001220703125 293.162506103515625 300.89373779296875 316.04998779296875 337.46875 362.818756103515625 387.78125 403.399993896484375 408.09375 403.40625 397.412506103515625 389.38751220703125 377.962493896484375
185.181243896484375 179.90625 178.40625 178.5749969482421875 179.8125 184.274993896484375 190.34375 196.3562469482421875 204.46875 213.5187530517578125 221.412506103515625 224.2624969482421875 224.03125 220.975006103515625 216.006256103515625 209.53125 204.818756103515625 204.818756103515625 206.006256103515625 209.71875 220.3125 232.40625 244.524993896484375 253.399993896484375 260.149993896484375 264.162506103515625 267.76873779296875 274.149993896484375 281.38751220703125 286.35626220703125 287.98748779296875 286.32501220703125 284.225006103515625 282.42498779296875 287.662506103515625 302.51251220703125 325.10626220703125 357.40625 392.399993896484375 404.225006103515625 404.881256103515625 399.33123779296875 390.993743896484375 382.48126220703125 373.15625
184.4812469482421875 180.03125 180.024993896484375 181.431243896484375 183.3562469482421875 188.587493896484375 195.46875 202.3312530517578125 211.1750030517578125 220.75 230.212493896484375 235.8937530517578125 238.6062469482421875 236.6750030517578125 232.0437469482421875 225.568756103515625 218.03125 214.5625 216.774993896484375 220.3000030517578125 231.96875 242.8874969482421875 252.0625 257.98748779296875 263.17498779296875 266.756256103515625 268.98748779296875 276.212493896484375 284.59375 290.193756103515625 290.381256103515625 282.04998779296875 276.337493896484375 271.39373779296875 272.0625 282.85626220703125 310.100006103515625 342.73748779296875 374.85626220703125 389.962493896484375 391.51251220703125 386.98126220703125 381.149993896484375 375.34375 367.587493896484375
182.9562530517578125 179.537506103515625 180.3937530517578125 182.087493896484375 185.0124969482421875 191.8937530517578125 199.0749969482421875 207.287506103515625 217.4875030517578125 227.625 238.756256103515625 246.3000030517578125 252.3125 254.9250030517578125 249.2375030517578125 239.7624969482421875 230.587493896484375 224.59375 224.568756103515625 228.6437530517578125 240.71875 251.225006103515625 255.625 260.006256103515625 264.45623779296875 269.006256103515625 272.931243896484375 279.70001220703125 288.65625 295.51251220703125 295.91876220703125 284.193756103515625 272.48748779296875 260.0625 254.4499969482421875 266.16876220703125 293.26873779296875 323.743743896484375 351.975006103515625 367.881256103515625 374.11248779296875 371.28125 369.181243896484375 366.818756103515625 360.82501220703125
181.7312469482421875 178.3249969482421875 179.875 182.399993896484375 186.681243896484375 194.65625 203.3125 211.631256103515625 222.381256103515625 233.3625030517578125 244.6374969482421875 254.1875 264.412506103515625 272.92498779296875 264.88751220703125 249.837493896484375 237.381256103515625 232.125 231.3625030517578125 234.743743896484375 242.5625 249.6999969482421875 256.79998779296875 260.53125 264.631256103515625 269.149993896484375 274.931243896484375 283.04376220703125 290.03125 295.34375 293.318756103515625 284.274993896484375 268.024993896484375 249.3937530517578125 236.84375 251.2624969482421875 282.01251220703125 312.318756103515625 336.65625 352.35626220703125 358.125 356.337493896484375 359.212493896484375 360.51873779296875 356.39373779296875
