data/historical-monthly-weather-data/wc2.1_cruts4.09_10m_prec_2006-06.asc
ncols        45
nrows        45
xllcorner    -63.500000000000
yllcorner    -7.500000000000
cellsize     0.166666666667
NODATA_value -9999
[rows 19 to 37 of 45, columns 0 to 42 of 45]
158.631256103515625 161.8562469482421875 161.556243896484375 159.131256103515625 159.287506103515625 161.53125 159.03125 154.368743896484375 154.399993896484375 151.9250030517578125 147.7062530517578125 141.9875030517578125 134.2937469482421875 126.0812530517578125 118.50624847412109375 105.72499847412109375 97.40000152587890625 97.2375030517578125 90.625 89.90000152587890625 81.96250152587890625 82 87.3249969482421875 89.99375152587890625 88.40625 87.44374847412109375 88.4250030517578125 95.03125 94.40000152587890625 93.06874847412109375 94.7062530517578125 106.3312530517578125 109.18125152587890625 109.09375 110.63124847412109375 117.99375152587890625 122.28749847412109375 119.31874847412109375 115.00624847412109375 108.84999847412109375 98 86.11875152587890625 85.47499847412109375
142.100006103515625 152.712493896484375 156.7312469482421875 155.524993896484375 150.7937469482421875 149.9875030517578125 151.0124969482421875 149.1437530517578125 147.8937530517578125 144.4812469482421875 142.3125 136.6687469482421875 129.3000030517578125 119.59999847412109375 110.31874847412109375 103.72499847412109375 95.1125030517578125 91.30625152587890625 92.28749847412109375 89.43125152587890625 91.7937469482421875 92.6750030517578125 95.41249847412109375 100.44374847412109375 100.3000030517578125 96.22499847412109375 89.83750152587890625 91.00624847412109375 92.7375030517578125 96.25 99.8000030517578125 107.34375 103.1374969482421875 102.0812530517578125 102.3625030517578125 109.02500152587890625 114.38124847412109375 114.3000030517578125 107.7375030517578125 101.0500030517578125 93.75 84.68125152587890625 82.5812530517578125
135.256256103515625 138.243743896484375 145.0187530517578125 148.431243896484375 146.306243896484375 143.399993896484375 143.056243896484375 141.0187530517578125 139.443756103515625 139.443756103515625 137.193756103515625 130.024993896484375 122.80625152587890625 117.6999969482421875 112.31874847412109375 102.59999847412109375 103.03749847412109375 97.3249969482421875 98.47499847412109375 96.6437530517578125 93.81874847412109375 98.4875030517578125 101.5437469482421875 100.99375152587890625 98.46875 95.4250030517578125 96.27500152587890625 93.6875 98.0625 101.6750030517578125 101.59999847412109375 100.46875 98.72499847412109375 100.58750152587890625 99.15625 101.5187530517578125 105.3125 107.8312530517578125 104.1875 98.91249847412109375 91.81874847412109375 85.4499969482421875 83.13124847412109375
129.1062469482421875 139.7375030517578125 145.65625 147.9562530517578125 146.0437469482421875 141.318756103515625 133.443756103515625 130.15625 133.5 133.03125 130.568756103515625 127.97499847412109375 126.7687530517578125 123.8125 117.8562469482421875 110.8000030517578125 103.75624847412109375 99.5187530517578125 99.5625 100.5500030517578125 103.0500030517578125 102.5124969482421875 101.30625152587890625 101.56874847412109375 103.61875152587890625 100.4875030517578125 97.2687530517578125 96.74375152587890625 98.83750152587890625 97.21875 96.58750152587890625 97.6750030517578125 94.6875 92.93125152587890625 95.4499969482421875 94.69374847412109375 95.50624847412109375 98.4812469482421875 99.06874847412109375 96.53749847412109375 90.43125152587890625 85.75 82.93125152587890625
119.93125152587890625 131.443756103515625 141.931243896484375 141.306243896484375 138.28125 133.9499969482421875 132.9250030517578125 129.3874969482421875 126.6999969482421875 123.5749969482421875 126.6062469482421875 129.787506103515625 126.8125 126.40000152587890625 117.7312469482421875 111.49375152587890625 106.19374847412109375 105.84375 105.09375 104.6687469482421875 106.1750030517578125 108.5 106.28749847412109375 110.25 107.90000152587890625 102.83750152587890625 103.50624847412109375 97.08750152587890625 94.875 94.65000152587890625 93.50624847412109375 93.68125152587890625 92.21875 88.8562469482421875 90.03125 88.3000030517578125 90.44374847412109375 93.1875 92.59999847412109375 90.1437530517578125 86.3562469482421875 83.59375 81.6750030517578125
109.7937469482421875 122.4499969482421875 131.100006103515625 136.443756103515625 136.0812530517578125 132.087493896484375 129.212493896484375 127.9812469482421875 124.6687469482421875 125.51250457763671875 124.7687530517578125 124.80625152587890625 126.34375 121.78749847412109375 114.2375030517578125 109.21875 106.44374847412109375 104.44374847412109375 105.48125457763671875 108.0124969482421875 109.4875030517578125 109.6125030517578125 112.97499847412109375 115.06874847412109375 109.09999847412109375 104.08750152587890625 100.81874847412109375 96.86875152587890625 93.34999847412109375 92.90625 88.7624969482421875 86.2312469482421875 84.6750030517578125 84.56874847412109375 84.46875 84.61875152587890625 85.72499847412109375 86.0500030517578125 87.3874969482421875 86.00624847412109375 83.2312469482421875 82.02500152587890625 81.625
104.84999847412109375 119.0437469482421875 121.58750152587890625 127.1374969482421875 126.8125 124.90625 121.65625 121.2375030517578125 115.68125152587890625 113.40625 117.22499847412109375 117.9562530517578125 119.41249847412109375 117.25 113.1125030517578125 106.5 104.41249847412109375 105.6875 107.48749542236328125 107.0437469482421875 109.59375 111.34999847412109375 113.77500152587890625 114.1125030517578125 111.27500152587890625 104.5 100.6750030517578125 96.5437469482421875 90.58750152587890625 88.4875030517578125 84.1687469482421875 81.1875 79.6875 78.84375 78.50624847412109375 80.75624847412109375 82.00624847412109375 80.9812469482421875 80.53749847412109375 81.5625 79.4250030517578125 74.40625 73.84999847412109375
99.2375030517578125 105.7312469482421875 112.21250152587890625 115.99375152587890625 116.06874847412109375 115.4562530517578125 113.5 108.40625 106.00624847412109375 109.9375 114.1999969482421875 114.90000152587890625 114.28749847412109375 114.0812530517578125 111.83750152587890625 109.0437469482421875 105.28125 103.02500152587890625 105.75624847412109375 105.6875 106.15625 108.61875152587890625 112.36875152587890625 116.8937530517578125 109.875 103.65000152587890625 99.93125152587890625 94.19374847412109375 88.41875457763671875 84.94374847412109375 82.16249847412109375 76.8312530517578125 74.5749969482421875 74.0749969482421875 74.1750030517578125 75.28749847412109375 77.84375 77.09999847412109375 75.5749969482421875 77.4250030517578125 77.2375030517578125 73.9812469482421875 70.91249847412109375
94.6875 96.8249969482421875 101.4250030517578125 102.36875152587890625 102.75624847412109375 104.38124847412109375 104.15000152587890625 101.15625 101.0500030517578125 105.18125152587890625 107.4375 109.3249969482421875 108.75624847412109375 108.02500152587890625 106 103.8625030517578125 101.1374969482421875 101.6125030517578125 100.53749847412109375 102.625 104.58750152587890625 104.75 109.9499969482421875 110.59999847412109375 106.34999847412109375 100.0500030517578125 96.30625152587890625 90.71250152587890625 87.625 85.21875 81.03125 76.96875 73.40625 69.91875457763671875 71.56874847412109375 72.3249969482421875 74.71875 73.69374847412109375 73.74375152587890625 74.69374847412109375 74.84375 74.03749847412109375 67.90625
87.84375 91.80625152587890625 91.03749847412109375 90.33750152587890625 92.06874847412109375 90.5812530517578125 91.97499847412109375 93.71875 96.4187469482421875 98.375 101.34375 102.7624969482421875 104.2687530517578125 104.59375 102.9375 101.40625 100.49375152587890625 99.09375 100.18125152587890625 101.9812469482421875 101.3562469482421875 100.9812469482421875 102.5437469482421875 102.53749847412109375 99.8249969482421875 94.1750030517578125 93.0187530517578125 90.4562530517578125 86.4562530517578125 81.81874847412109375 76.9812469482421875 74.11875152587890625 70.25624847412109375 69.0500030517578125 68.2312469482421875 68.6750030517578125 71.93125152587890625 69.7062530517578125 70.15625 70.1875 69.27500152587890625 67.3312530517578125 65.1374969482421875
81.1125030517578125 82.44374847412109375 82.1875 80.9250030517578125 81.5124969482421875 83.1125030517578125 84.44374847412109375 88.78749847412109375 90.72499847412109375 93.7624969482421875 96.63124847412109375 99.28125 101.47499847412109375 102.6062469482421875 100.1875 97.625 96.0749969482421875 97.1062469482421875 94.55625152587890625 92.81874847412109375 95.06874847412109375 95.40625 96.6062469482421875 96.7312469482421875 93.1125030517578125 91.73125457763671875 89.59999847412109375 86.44374847412109375 83.2624969482421875 78.1875 73.99375152587890625 70.6374969482421875 68.5187530517578125 67.6437530517578125 67.90000152587890625 66.81874847412109375 70.78749847412109375 68.77500152587890625 65.84999847412109375 68.6125030517578125 67.25 65.1062469482421875 64.91249847412109375
75.90000152587890625 75.56874847412109375 74.4375 74.1750030517578125 74.78749847412109375 76.34375 79.43125152587890625 82.81874847412109375 84.90000152587890625 88.9499969482421875 92.5812530517578125 94.0749969482421875 97.93125152587890625 95.2375030517578125 94.5437469482421875 95.78125 95.3625030517578125 93.21875 91.15625 90.3937530517578125 90.40625 89.03125 90.05625152587890625 90.90000152587890625 88.75624847412109375 87.9812469482421875 85.4562530517578125 83.15625 79.7624969482421875 75.44374847412109375 73.69374847412109375 70.6062469482421875 67.55625152587890625 65.1750030517578125 65.02500152587890625 64.375 67.0625 66.7624969482421875 64.2687530517578125 61.987499237060546875 62.487499237060546875 60.81874847412109375 60.31874847412109375
70.22499847412109375 69.56874847412109375 67.71875 68.4187469482421875 70.8312530517578125 72.49375152587890625 74.8249969482421875 77.58750152587890625 80.63124847412109375 83.0187530517578125 84.7624969482421875 87.40625 88.43125152587890625 90.4250030517578125 91.7312469482421875 91.88124847412109375 89.05625152587890625 86.9812469482421875 85.7687530517578125 85.3874969482421875 84.94374847412109375 84.61875152587890625 83.2937469482421875 83.4375 83.8874969482421875 82.6062469482421875 81.5187530517578125 79.6875 76.4812469482421875 75.80625152587890625 72.6437530517578125 69.1437530517578125 66.81874847412109375 64.09999847412109375 63.13124847412109375 61.706249237060546875 62.5625 60.831249237060546875 60.4375 59.33750152587890625 60.112499237060546875 59.018749237060546875 57.74375152587890625
64.1687469482421875 63.674999237060546875 63.58750152587890625 64.5187530517578125 64.8937530517578125 66.86875152587890625 69.34999847412109375 72.49375152587890625 74.4812469482421875 77.2375030517578125 82.09999847412109375 83.8562469482421875 85.8874969482421875 89.8249969482421875 91.36875152587890625 88.7062530517578125 85.58124542236328125 85.41249847412109375 84.00624847412109375 82.8874969482421875 80.3874969482421875 78.86875152587890625 78.72499847412109375 79.19374847412109375 78.75 78.28125 77.0749969482421875 75.2624969482421875 73.7937469482421875 73.2687530517578125 71.22499847412109375 66.8625030517578125 65.0749969482421875 64.18125152587890625 62.231250762939453125 60.625 59.31874847412109375 57.63124847412109375 57.200000762939453125 58.549999237060546875 59.09375 57.69374847412109375 55.387500762939453125
58.19374847412109375 58.643749237060546875 60.231250762939453125 60.74375152587890625 60.80625152587890625 62.206249237060546875 65.19374847412109375 66.7312469482421875 68.59375 70.9875030517578125 76.1374969482421875 80.7687530517578125 83.69374847412109375 85.59999847412109375 85.8125 86.0437469482421875 85.36875152587890625 83.0625 79.6437530517578125 78.4187469482421875 76.96250152587890625 74.86875152587890625 75.4562530517578125 74.27500152587890625 74.7062530517578125 73.1374969482421875 73.5812530517578125 72.40625 72.5187530517578125 71.44374847412109375 70.36875152587890625 68.02500152587890625 63.63124847412109375 61.581249237060546875 60.875 59.33750152587890625 57.50624847412109375 55.575000762939453125 55.418750762939453125 55.75624847412109375 54.887500762939453125 54.93125152587890625 53.793750762939453125
53.97499847412109375 53.36875152587890625 55.69374847412109375 57.59999847412109375 57.831249237060546875 57.575000762939453125 58.6875 61.043750762939453125 63.393749237060546875 65.9562530517578125 73.125 78.78125 82.71250152587890625 88.00624847412109375 88.3312530517578125 86.3000030517578125 83.4562530517578125 78.8562469482421875 75.38750457763671875 71.31874847412109375 72.3000030517578125 69.43125152587890625 68.58750152587890625 67.96875 70.4875030517578125 70.28749847412109375 70.09999847412109375 68.4875030517578125 68.2375030517578125 67.1750030517578125 66.9875030517578125 65.99375152587890625 61.43125152587890625 59.206249237060546875 57.27500152587890625 56.58750152587890625 53.8125 54.53125 52.83750152587890625 53.018749237060546875 52.22499847412109375 50.856250762939453125 50.34375
50.94374847412109375 50.19374847412109375 51.56874847412109375 53.325000762939453125 54.22499847412109375 54.63124847412109375 55.606250762939453125 56.58750152587890625 58.081249237060546875 60.356250762939453125 65.15625 74.4562530517578125 81.27500152587890625 85.6062469482421875 86.50624847412109375 85.0749969482421875 81.6374969482421875 75.31874847412109375 70.99375152587890625 66.2937469482421875 65.21875 65.6062469482421875 64.1062469482421875 63.575000762939453125 65.6062469482421875 65.46250152587890625 65.21250152587890625 64.1437530517578125 64.9562530517578125 63.72499847412109375 62.44374847412109375 61.86875152587890625 59.081249237060546875 56.27500152587890625 53.387500762939453125 52.899997711181640625 53.00624847412109375 51.293750762939453125 50.59999847412109375 51.125 50.387500762939453125 48.487499237060546875 47.625
46.72499847412109375 47.77500152587890625 47.8125 49.55625152587890625 51.168750762939453125 51.6875 52.40625 54.15625 55.19374847412109375 54.549999237060546875 61.46875 73.15625 80.88124847412109375 83.40625 84.34375 82.91249847412109375 80.24375152587890625 74.83750152587890625 69.80625152587890625 63.125 60.831249237060546875 61.78125 60.237499237060546875 60.28125 60.262500762939453125 60.381252288818359375 61.90000152587890625 61.00624847412109375 60.200000762939453125 58.27500152587890625 58.96875 57.3125 55.700000762939453125 53.9375 51.237499237060546875 50.625 50.75624847412109375 50.66249847412109375 48.93125152587890625 47.856250762939453125 46.97499847412109375 46.668750762939453125 44.606250762939453125
42.72499847412109375 43.887500762939453125 44.96250152587890625 47.11875152587890625 48.18125152587890625 49.262500762939453125 50.84375 52.450000762939453125 54.40625 53.56874847412109375 64.41249847412109375 75.3874969482421875 80.06874847412109375 83.25 81.83750152587890625 80.19374847412109375 77.27500152587890625 72.9187469482421875 68.7624969482421875 63.31874847412109375 59.731250762939453125 58.65625 56.27500152587890625 56.481250762939453125 55.96875 57.293750762939453125 58.5625 57.612499237060546875 56.71250152587890625 54.3125 53.56874847412109375 54.27500152587890625 53.33750152587890625 50.81874847412109375 48.66249847412109375 48.4375 48.206249237060546875 47.40000152587890625 48.543750762939453125 46.59375 45.043750762939453125 45.24375152587890625 42.768749237060546875
