data/historical-monthly-weather-data/wc2.1_cruts4.09_10m_prec_1982-02.asc
ncols        45
nrows        45
xllcorner    -63.500000000000
yllcorner    -7.500000000000
cellsize     0.166666666667
NODATA_value -9999
[rows 0 to 19 of 45, columns 0 to 43 of 45]
182.774993896484375 181.712493896484375 178.6875 178.693756103515625 176.3312530517578125 177.2937469482421875 176.5749969482421875 172.9187469482421875 168.3312530517578125 166.7687530517578125 169.0749969482421875 168.850006103515625 167.5500030517578125 160.6125030517578125 154.881256103515625 149.4187469482421875 145.131256103515625 138.368743896484375 135.5749969482421875 133.6999969482421875 134.037506103515625 134.725006103515625 136.96875 139.28125 142.337493896484375 146.037506103515625 150.5187530517578125 155.368743896484375 161.28125 169.5812530517578125 179.506256103515625 190.25 200.037506103515625 210.618743896484375 222 230.3125 236.149993896484375 240.881256103515625 243.056243896484375 242.5749969482421875 243.212493896484375 242.21875 239.0812530517578125 239.1437530517578125
189.181243896484375 187.9875030517578125 187.53125 186.4187469482421875 186.1875 189.631256103515625 190.2937469482421875 191.5187530517578125 191.4187469482421875 190.524993896484375 190.3312530517578125 186.59375 181.9375 175.318756103515625 167.881256103515625 160.412506103515625 154.212493896484375 147.774993896484375 143.6437530517578125 140.2937469482421875 139.943756103515625 141.024993896484375 143.149993896484375 145.78125 148.618743896484375 152.9375 157.6875 163.6437530517578125 169.975006103515625 178.53125 187.3562469482421875 199.0124969482421875 209.743743896484375 221.975006103515625 233.1687469482421875 240.618743896484375 245.9875030517578125 249.46875 250.3249969482421875 248.8000030517578125 248.0187530517578125 245.9250030517578125 241.8249969482421875 240.3874969482421875
193.774993896484375 192.8312530517578125 192.1374969482421875 191.756256103515625 192.8000030517578125 196.8874969482421875 201.6062469482421875 207.431243896484375 211.149993896484375 211.2375030517578125 208.9812469482421875 203.037506103515625 196.024993896484375 187.46875 178.087493896484375 169.1062469482421875 161.181243896484375 155.318756103515625 150.7687530517578125 147.443756103515625 147.256256103515625 149.431243896484375 151.03125 153.625 157.7937469482421875 161.2687530517578125 166.5187530517578125 173.256256103515625 179.1374969482421875 187.5 198.0437469482421875 209.7062530517578125 221.75 233.243743896484375 245.962493896484375 252 257.743743896484375 262.64373779296875 261.818756103515625 259.61248779296875 257.5625 253.5187530517578125 248.1437530517578125 243.1999969482421875
195.59375 195.1125030517578125 195.8874969482421875 196.162506103515625 200.193756103515625 204.462493896484375 211.90625 221.462493896484375 228.993743896484375 231.725006103515625 227.850006103515625 218.225006103515625 207.193756103515625 196.3812408447265625 186.181243896484375 176.243743896484375 167.568756103515625 160.431243896484375 156.5749969482421875 155.381256103515625 156.274993896484375 157.875 158.8312530517578125 161.6875 165.3249969482421875 168.993743896484375 175.5 182.2624969482421875 188.4499969482421875 198.1125030517578125 208.537506103515625 222.162506103515625 233.693756103515625 246.274993896484375 258.25 265.631256103515625 271.54998779296875 275.962493896484375 275.73748779296875 273.1875 268.493743896484375 262.475006103515625 255.3874969482421875 247.9499969482421875
201.431243896484375 198.506256103515625 196.8937530517578125 198.4499969482421875 203.5187530517578125 210.1687469482421875 218.3562469482421875 231.46875 244.8125 252.100006103515625 242.78125 228.1437530517578125 216.368743896484375 205.03125 193.056243896484375 182.53125 173.618743896484375 165.743743896484375 163.037506103515625 162.96875 164.662506103515625 165.225006103515625 166.5625 169.743743896484375 173.056243896484375 177.149993896484375 182.493743896484375 189.056243896484375 197.931243896484375 208.743743896484375 220.399993896484375 232.9812469482421875 246.15625 259.32501220703125 271.337493896484375 278.875 285.86248779296875 290.96875 290.34375 285.79376220703125 280.6875 271.537506103515625 261.431243896484375 252.306243896484375
203.806243896484375 202.087493896484375 199.4375 199.524993896484375 203.9812469482421875 212.368743896484375 222.443756103515625 235.649993896484375 250.756256103515625 261.79376220703125 249.475006103515625 234.1999969482421875 222.9875030517578125 212.7624969482421875 201.90625 192.9812469482421875 183.600006103515625 176.1062469482421875 174.0625 174.225006103515625 174.75 175.3125 176.4749908447265625 179.1750030517578125 182 186.75 192.899993896484375 199.375 207.6062469482421875 218.21875 229.8249969482421875 242.181243896484375 253.1312408447265625 267.25 279.306243896484375 286.39373779296875 293.53125 298.76251220703125 299.60626220703125 295.46875 288.20001220703125 277.875 267.04376220703125 256.875
206.181243896484375 204.3562469482421875 202.5 201.0437469482421875 204.2937469482421875 211.162506103515625 220.287506103515625 229.875 240.3937530517578125 244.7937469482421875 241.53125 233.412506103515625 225.318756103515625 217.693756103515625 209.875 202.787506103515625 196.506256103515625 191.84375 189.225006103515625 186.5749969482421875 184.7375030517578125 184.850006103515625 184.649993896484375 187.193756103515625 192.162506103515625 196.587493896484375 203.131256103515625 210.625 217.3125 226.90625 239.2375030517578125 251.193756103515625 261.86248779296875 271.63751220703125 282.21875 290.92498779296875 297.506256103515625 303.600006103515625 307 303.33123779296875 294.068756103515625 283.556243896484375 272.818756103515625 261.92498779296875
207.6500091552734375 204.40625 202.462493896484375 202.9812469482421875 205.6437530517578125 210.006256103515625 214.96875 219.3125 222.725006103515625 226.0812530517578125 229.8937530517578125 229.65625 226.556243896484375 221.0625 215.712493896484375 211.381256103515625 207.4187469482421875 205.462493896484375 204.0187530517578125 197.90625 193.7624969482421875 192.6437530517578125 192.131256103515625 195.59375 201.1062469482421875 206.068756103515625 212.9375 219.975006103515625 227.743743896484375 236.7687530517578125 246.943756103515625 259.01873779296875 268.125 277.08123779296875 285.63751220703125 292.587493896484375 299.01251220703125 304.506256103515625 307.26873779296875 305.21875 298.64373779296875 289.45623779296875 279.274993896484375 267.625
209.975006103515625 206.712493896484375 204.649993896484375 205.1687469482421875 206.65625 208.6687469482421875 212.0749969482421875 213.7312469482421875 213.28125 216.0187530517578125 222.962493896484375 227.53125 227.90625 225.225006103515625 220.818756103515625 217.9562530517578125 214.71875 212.3562469482421875 211.2062530517578125 204.46875 199.368743896484375 198.337493896484375 198.6374969482421875 204.568756103515625 210.618743896484375 215.8625030517578125 222.0124969482421875 228.8874969482421875 237.0124969482421875 244.96875 254.6750030517578125 265.649993896484375 273.13751220703125 279.975006103515625 286.92498779296875 293.681243896484375 299.537506103515625 304.46875 308.45001220703125 308.125 303.412506103515625 296.35626220703125 288.756256103515625 279.4375
211.818756103515625 208.587493896484375 206.962493896484375 206.537506103515625 206.899993896484375 208.056243896484375 211.25 212.7937469482421875 215.087493896484375 218.568756103515625 224.96875 228.3312530517578125 230.931243896484375 229.131256103515625 225.912506103515625 222.125 218.337493896484375 214.9875030517578125 210.556243896484375 205.2312469482421875 202.256256103515625 202.75 205.193756103515625 213.600006103515625 220.3125 225.587493896484375 232.125 238.03125 246.53125 253.743743896484375 261.04376220703125 270.074981689453125 276.462493896484375 283.10626220703125 289.318756103515625 294.79998779296875 299.881256103515625 303.23748779296875 307.662506103515625 309.868743896484375 308.79376220703125 304.625 298.40625 289.92498779296875
212.524993896484375 209.1750030517578125 207.5124969482421875 206.7375030517578125 206.3562469482421875 207.5124969482421875 210.3562469482421875 213.5812530517578125 217.618743896484375 222.46875 229.1750030517578125 233.1875 234.875 233.368743896484375 229.818756103515625 225.4375 220.3125 215.0124969482421875 209.2937469482421875 204.662506103515625 202.618743896484375 204.59375 210.462493896484375 218.806243896484375 229.306243896484375 234.8312530517578125 240.412506103515625 247.131256103515625 254.225006103515625 259.79998779296875 266.618743896484375 274.0625 278.756256103515625 284.15625 290.600006103515625 295.86248779296875 298.79376220703125 302.625 307.600006103515625 310.375 311.35626220703125 309.0625 305.412506103515625 299.4375
214.3625030517578125 210.8874969482421875 208.7375030517578125 208.1687469482421875 208.1999969482421875 209.5187530517578125 212.5 217.3562469482421875 222.037506103515625 227.662506103515625 235.056243896484375 239.8000030517578125 239.7624969482421875 236.975006103515625 233.087493896484375 227.3625030517578125 221.587493896484375 214.962493896484375 207.9875030517578125 202.4250030517578125 200.625 204.506256103515625 214.193756103515625 226.806243896484375 237.59375 242.0500030517578125 246.5812530517578125 252.662506103515625 259.649993896484375 265.431243896484375 271.25 276.82501220703125 281.08123779296875 285.506256103515625 291.07501220703125 296.45001220703125 301.1875 305.443756103515625 311.14373779296875 315.1875 317.84375 316.20623779296875 311.28125 303.82501220703125
213.6999969482421875 210.9187469482421875 209.5500030517578125 208.9499969482421875 209.9187469482421875 212.024993896484375 215.8562469482421875 220.5124969482421875 225.46875 232.537506103515625 239.875 244.537506103515625 243.931243896484375 239.056243896484375 234.243743896484375 227.5812530517578125 221.287506103515625 215.1750030517578125 209.0124969482421875 202.850006103515625 199.462493896484375 205.0187530517578125 217.0124969482421875 229.8625030517578125 238.9250030517578125 244.2062530517578125 250.649993896484375 257.162506103515625 263.725006103515625 269.006256103515625 274.149993896484375 278.818756103515625 281.181243896484375 285.38751220703125 290.71875 295.61248779296875 300.38751220703125 306.71875 313.943756103515625 319.399993896484375 324.443756103515625 322.462493896484375 314.375 304.931243896484375
211.90625 209.625 208.756256103515625 208.8312530517578125 210.59375 213.131256103515625 217.9499969482421875 223.0625 228.6999969482421875 235.2687530517578125 241.6750030517578125 244.3874969482421875 243.3937530517578125 239.8937530517578125 233.475006103515625 227.318756103515625 220.375 215.556243896484375 210.181243896484375 206.212493896484375 206.6125030517578125 212.118743896484375 221.7375030517578125 231.53125 239.7687530517578125 246.006256103515625 253.3874969482421875 260.056243896484375 267.087493896484375 270.556243896484375 274.881256103515625 278.225006103515625 279.75 283.51873779296875 288.04376220703125 293.662506103515625 300.443756103515625 308.118743896484375 317.83123779296875 324.53125 327.83123779296875 321.8125 315.11248779296875 308.037506103515625
210.3249969482421875 208.181243896484375 208.1750030517578125 209.8000030517578125 211.3874969482421875 214.9875030517578125 220.7375030517578125 225.8249969482421875 231.8125 238 242.912506103515625 245.056243896484375 243.7624969482421875 240.1437530517578125 234.0437469482421875 227.243743896484375 220.90625 216.587493896484375 212.78125 211.0812530517578125 214.0812530517578125 219.6750030517578125 228.287506103515625 236.4562530517578125 243.399993896484375 250.600006103515625 257.725006103515625 263.587493896484375 269.712493896484375 272.98126220703125 275 276.306243896484375 277.48126220703125 279.618743896484375 283.89373779296875 289.57501220703125 299.056243896484375 310.15625 322.26251220703125 329.75 329.756256103515625 325.318756103515625 319.96875 311.98748779296875
207.537506103515625 205.78125 206.681243896484375 209.0500030517578125 211.943756103515625 216.1750030517578125 222.1687469482421875 227.125 233.462493896484375 240.3312530517578125 245.2687530517578125 247.0187530517578125 245.587493896484375 241.1687469482421875 234.725006103515625 226.274993896484375 221.1125030517578125 218.693756103515625 216.618743896484375 216.350006103515625 220.3937530517578125 226.7312469482421875 235.006256103515625 243.006256103515625 248.4812469482421875 254.1437530517578125 259.95001220703125 266.15625 272.618743896484375 275.368743896484375 276.850006103515625 275.54998779296875 272.79376220703125 272.53125 274.34375 281.65625 293.83123779296875 309.17498779296875 326.431243896484375 336.04998779296875 336.61248779296875 329.91876220703125 322.306243896484375 313.212493896484375
202.6875 202.506256103515625 204.0500030517578125 207.162506103515625 211.131256103515625 215.9499969482421875 222.125 227.899993896484375 234.5500030517578125 241.84375 247.9499969482421875 250.068756103515625 249.0124969482421875 244.6875 237.4812469482421875 228.5812530517578125 221.59375 219.1875 218 219.1999969482421875 225.5625 233.256256103515625 241.3562469482421875 248.625 254.1750030517578125 257.29376220703125 261.07501220703125 267.725006103515625 275.03125 278.76873779296875 279.037506103515625 275.693756103515625 269.29376220703125 262.912506103515625 262.96875 270.59375 284.399993896484375 306.368743896484375 332.76251220703125 339.756256103515625 337.35626220703125 329.587493896484375 319.625 309.631256103515625
195.9250030517578125 197.100006103515625 200.2062530517578125 204.4875030517578125 208.931243896484375 214.1062469482421875 220.600006103515625 226.75 233.7375030517578125 241.1687469482421875 248.524993896484375 252.90625 254.3000030517578125 250.600006103515625 243.475006103515625 234.4250030517578125 224.3874969482421875 218.506256103515625 218.4812469482421875 219.712493896484375 228.962493896484375 237.4812469482421875 244.6062469482421875 250.1750030517578125 255.2937469482421875 258.899993896484375 261.46875 268.95001220703125 277.375 281.95001220703125 281.024993896484375 271.51873779296875 262.100006103515625 253.2687530517578125 249.6750030517578125 254.318756103515625 273.09375 296.07501220703125 320.037506103515625 329.568756103515625 327.5625 320.46875 312.350006103515625 304.35626220703125
188.462493896484375 191.1437530517578125 195.024993896484375 199.375 204.6750030517578125 211.118743896484375 217.287506103515625 224.318756103515625 232.3249969482421875 239.912506103515625 248.46875 253.9562530517578125 257.850006103515625 258.0625 249.5812530517578125 237.431243896484375 225.774993896484375 217.6062469482421875 215.375 217.3937530517578125 228.931243896484375 239.3000030517578125 243.9375 249.2312469482421875 254.6875 260.125 264.493743896484375 271.51873779296875 280.5625 286.51251220703125 286.08123779296875 273.524993896484375 258.78125 243.350006103515625 234.4562530517578125 240.6437530517578125 260.0625 281.943756103515625 302.506256103515625 312.40625 314.01251220703125 308.181243896484375 303.037506103515625 297.70001220703125
181.399993896484375 184.412506103515625 188.8000030517578125 193.6875 200.0625 207.1687469482421875 214.337493896484375 220.8562469482421875 229.0500030517578125 237.1437530517578125 245.4375 252.1374969482421875 259.36248779296875 264.63751220703125 253.6999969482421875 236.3562469482421875 221.837493896484375 214.712493896484375 211.9875030517578125 213.6750030517578125 222.9562530517578125 232.1687469482421875 241.21875 246.9875030517578125 253.0500030517578125 259.26251220703125 265.5625 273.89373779296875 281.0625 285.76251220703125 283.23748779296875 273.57501220703125 254.8562469482421875 233.9875030517578125 219.15625 228.431243896484375 251.850006103515625 274.1875 291.34375 300.79998779296875 301.743743896484375 296.59375 295.46875 292.92498779296875
