data/historical-monthly-weather-data/wc2.1_cruts4.09_10m_prec_1953-02.asc
ncols        45
nrows        45
xllcorner    -63.500000000000
yllcorner    -7.500000000000
cellsize     0.166666666667
NODATA_value -9999
[rows 0 to 19 of 45, columns 0 to 44 of 45]
140.21875 129.756256103515625 123.2062530517578125 119.7624969482421875 115.23749542236328125 115.4562530517578125 114.99375152587890625 112.84375 111.4812469482421875 112.28125 115.90625 118.96250152587890625 121.49375152587890625 120 119.6999969482421875 119.5749969482421875 120.15000152587890625 117.59999847412109375 118.1687469482421875 119.40625 121.86875152587890625 124.5625 128.8125 133.212493896484375 138.431243896484375 144.193756103515625 149.243743896484375 154.4187469482421875 160.40625 166.9812469482421875 174.725006103515625 183.024993896484375 189.25 195.9250030517578125 203.0562591552734375 206.6875 207.818756103515625 208.1437530517578125 207.8562469482421875 205.5124969482421875 204.3249969482421875 203.0187530517578125 200.125 200.0437469482421875 198.2312469482421875
149.787506103515625 138.412506103515625 132.96875 128.0250091552734375 124.34375 126.66249847412109375 127.6999969482421875 129.412506103515625 131.868743896484375 134.0500030517578125 136.90625 138.243743896484375 139.056243896484375 138.2125091552734375 136.743743896484375 135.09375 134.2375030517578125 132.649993896484375 132.975006103515625 133.837493896484375 136.5 140.493743896484375 145.431243896484375 149.943756103515625 154.5437469482421875 160.4250030517578125 164.5625 169.506256103515625 174.662506103515625 181.4250030517578125 188.28125 197.5625 204.181243896484375 211.75 218.0187530517578125 220.193756103515625 220.1875 218.774993896484375 217.40625 214.3125 212.0187530517578125 209.756256103515625 205.90625 204.4749908447265625 202.0437469482421875
161.78125 150.524993896484375 144.7624969482421875 140.162506103515625 137.3000030517578125 140.493743896484375 144.8249969482421875 150.318756103515625 156.100006103515625 159.600006103515625 161.4499969482421875 161.318756103515625 160.287506103515625 157.806243896484375 154.4875030517578125 151.2312469482421875 148.625 147.537506103515625 147.5625 148.618743896484375 151.9562530517578125 157.7312469482421875 162.725006103515625 167.193756103515625 173.181243896484375 177.9499969482421875 181.631256103515625 186.2687530517578125 189.806243896484375 195.662506103515625 203.587493896484375 212.225006103515625 219.337493896484375 225.28125 232.1062469482421875 232.125 231.6125030517578125 230.6374969482421875 227.6687469482421875 223.9812469482421875 220.662506103515625 217.1062469482421875 212.681243896484375 208.6875 206.7624969482421875
172.84375 162.131256103515625 157.6687469482421875 153.6937408447265625 153.212493896484375 157.056243896484375 164.1437530517578125 173.3125 182.868743896484375 189.118743896484375 190.09375 186.743743896484375 181.9812469482421875 177.0812530517578125 172.4812469482421875 167.818756103515625 164.0749969482421875 161.443756103515625 161.993743896484375 165.256256103515625 170.2375030517578125 176.056243896484375 180.9187469482421875 185.6750030517578125 191.03125 195.8000030517578125 199.787506103515625 203.162506103515625 205.7312469482421875 212.0124969482421875 218.9375 228.725006103515625 234.34375 240.375 245.4812469482421875 245.806243896484375 244.4375 242.118743896484375 239.506256103515625 235.46875 229.9375 225.2624969482421875 219.962493896484375 214.375 211.806243896484375
188.131256103515625 175.3312530517578125 169.0625 166.375 167.181243896484375 173.6062469482421875 182.1374969482421875 195.2937469482421875 210.8249969482421875 221.881256103515625 218.350006103515625 209.931243896484375 203.7937469482421875 197.6687469482421875 190.6999969482421875 184.774993896484375 180.193756103515625 176.475006103515625 178.1687469482421875 182.75 189.162506103515625 194.381256103515625 200.1374969482421875 205.2312469482421875 209.962493896484375 214.8625030517578125 216.2375030517578125 218.024993896484375 222.28125 228.912506103515625 236.274993896484375 244.100006103515625 250.649993896484375 256.431243896484375 260.71875 260.29376220703125 258.98748779296875 256.38751220703125 253.15625 247.181243896484375 241.1999969482421875 234.25 226.875 220.243743896484375 215.6999969482421875
199.5625 188.0187530517578125 180.681243896484375 176.6374969482421875 177.118743896484375 185.59375 196.506256103515625 210.681243896484375 228.6875 243.78125 237.2375030517578125 227.4250030517578125 221.100006103515625 215.4375 208.9375 204.193756103515625 198.756256103515625 195.9187469482421875 199.1687469482421875 204.868743896484375 210.149993896484375 215.412506103515625 220.931243896484375 224.850006103515625 228.3000030517578125 233.337493896484375 234.774993896484375 235.568756103515625 238.3125 244.6125030517578125 251.8874969482421875 259.57501220703125 264.537506103515625 272.243743896484375 277.306243896484375 276.51873779296875 275.29376220703125 272.60626220703125 269.8125 263.13751220703125 254.212493896484375 245.756256103515625 237.3000030517578125 229.368743896484375 221.868743896484375
211.6687469482421875 200.225006103515625 193.4187469482421875 187.787506103515625 187.306243896484375 195.006256103515625 205.75 217.40625 231.756256103515625 240.7937469482421875 242.375 238.649993896484375 234.662506103515625 230.9562530517578125 227.03125 223.6999969482421875 221.368743896484375 222.5500030517578125 226.3625030517578125 229.7937469482421875 232.225006103515625 236.75 240.21875 243.1374969482421875 248.493743896484375 252.2312469482421875 253.287506103515625 254.4250030517578125 254.65625 259.78125 268.07501220703125 275.60626220703125 281.399993896484375 285.899993896484375 290.75 291.92498779296875 290.35626220703125 288.45001220703125 286.993743896484375 279.39373779296875 267.36248779296875 257.9375 248.9250030517578125 239.712493896484375 230.475006103515625
223.3312530517578125 210.78125 203.818756103515625 200.0124969482421875 199.037506103515625 204.850006103515625 212.162506103515625 219.1875 226.75 234.631256103515625 243.100006103515625 246.8249969482421875 247.3937530517578125 245.2937469482421875 243.556243896484375 242.875 243.024993896484375 248.274993896484375 254.693756103515625 254.6875 253.899993896484375 256.48126220703125 259.09375 262.35626220703125 267.51251220703125 271.03125 271.631256103515625 271.35626220703125 272.181243896484375 276.71875 282.787506103515625 290.88751220703125 296.256256103515625 301.29998779296875 305.33123779296875 305.26251220703125 303.875 301.556243896484375 298.51251220703125 291.125 280.181243896484375 271.125 261.787506103515625 251.125 242.649993896484375
233.975006103515625 221.881256103515625 214.96875 211.350006103515625 209.4875030517578125 212.806243896484375 218.46875 222.5625 225.899993896484375 232.9250030517578125 244.5187530517578125 252.9812469482421875 256.78125 257.274993896484375 257.0625 258.79998779296875 260.399993896484375 265.29998779296875 272.181243896484375 271.16876220703125 268.51873779296875 270.66876220703125 273.79998779296875 279.9375 285.32501220703125 288.70623779296875 287.943756103515625 287.118743896484375 288.15625 291.787506103515625 297.818756103515625 305.350006103515625 310.04998779296875 314.07501220703125 317.64373779296875 318.28125 317.100006103515625 314.79998779296875 312.350006103515625 305.587493896484375 295.20623779296875 286.875 278.73748779296875 269.118743896484375 262.068756103515625
244.306243896484375 232.756256103515625 226.59375 222.28125 219.493743896484375 221.71875 226.837493896484375 230.5 236.568756103515625 244.337493896484375 255.3687591552734375 262.068756103515625 267.8125 268.881256103515625 270.75 272.274993896484375 273.899993896484375 277.45623779296875 279.681243896484375 279.89373779296875 279.337493896484375 282.89373779296875 288.34375 297.54376220703125 303.399993896484375 306.337493896484375 305.73126220703125 303.318756103515625 304.70623779296875 307.912506103515625 311.65625 317.67498779296875 322.368743896484375 327.54376220703125 331.6875 331.90625 330.837493896484375 327.58123779296875 324.993743896484375 319.86248779296875 311.899993896484375 305 296.75 286.60626220703125 281.65625
253.5749969482421875 242.5 236.587493896484375 232.193756103515625 228.8249969482421875 230.78125 235.25 240.412506103515625 248.337493896484375 257.625 269.037506103515625 276.23748779296875 280.57501220703125 281.63751220703125 283.79376220703125 285.399993896484375 285.912506103515625 286.537506103515625 286.375 286.84375 286.76251220703125 291.649993896484375 301.399993896484375 310.024993896484375 320.75 323.54998779296875 321.33123779296875 319.76873779296875 319.256256103515625 320.98748779296875 324.8125 329.70001220703125 333.649993896484375 338.73748779296875 344.51873779296875 345.54998779296875 343.03125 341.04998779296875 338.4375 332.92498779296875 326 319.537506103515625 312.4375 303.399993896484375 298.51873779296875
261.98748779296875 251.1750030517578125 244.899993896484375 240.931243896484375 238.225006103515625 240.306243896484375 244.837493896484375 251.881256103515625 260.412506103515625 270.524993896484375 282.868743896484375 291.943756103515625 295.212493896484375 295.587493896484375 297.5625 297.524993896484375 297.131256103515625 295.162506103515625 292.35626220703125 290.556243896484375 290.04998779296875 297.03125 311.78125 325.975006103515625 336.431243896484375 337.068756103515625 333.462493896484375 331.25 330.881256103515625 333.3125 336.41876220703125 339.57501220703125 343.61248779296875 348.26251220703125 353.70623779296875 355.600006103515625 355.85626220703125 354.818756103515625 352.3125 347.125 340.89373779296875 334.01873779296875 324.42498779296875 312.89373779296875 306.193756103515625
267.23748779296875 257.73748779296875 252.568756103515625 248.7937469482421875 247.381256103515625 250.3249969482421875 255.8874969482421875 262.70623779296875 271.449981689453125 283.149993896484375 295.5625 305.83123779296875 309.76251220703125 308.5625 309.45623779296875 308.037506103515625 306.662506103515625 304.48126220703125 301.75 298.07501220703125 294.443756103515625 303.300018310546875 320.95001220703125 334.92498779296875 342.26873779296875 343.475006103515625 342.756256103515625 341.45623779296875 340.9375 343.225006103515625 346.006256103515625 348.57501220703125 350.787506103515625 355.73126220703125 361.556243896484375 363.5 364.51873779296875 366.462493896484375 365.04376220703125 360.41876220703125 355.712493896484375 347.3125 333.243743896484375 318.66876220703125 308.975006103515625
271.23748779296875 262.756256103515625 258.45623779296875 255.6750030517578125 255.4124908447265625 258.912506103515625 265.725006103515625 273.137481689453125 282.649993896484375 293.693756103515625 305.056243896484375 314.11248779296875 318.912506103515625 320.556243896484375 319.368743896484375 318.462493896484375 315.850006103515625 314.51251220703125 311.86248779296875 310.412506103515625 311.412506103515625 319.46875 332.90625 341.73748779296875 347.274993896484375 349.318756103515625 350.25 349.65625 350.17498779296875 350.600006103515625 352.82501220703125 354.21875 355.868743896484375 360.82501220703125 366.212493896484375 369.693756103515625 373.881256103515625 378.01251220703125 379.037506103515625 375.0625 367.5 353.48126220703125 339.743743896484375 326.67498779296875 317.45623779296875
275.506256103515625 266.8125 263.5 262.64373779296875 262.15625 267.149993896484375 275.318756103515625 282.95623779296875 293.29376220703125 304.3125 314.337493896484375 323.88751220703125 329.493743896484375 332.01251220703125 331.45623779296875 329.63751220703125 327.8125 326.443756103515625 325.274993896484375 326.29376220703125 329.4375 335.774993896484375 346.03125 351.868743896484375 355.149993896484375 358.399993896484375 359.54376220703125 358.5 358.462493896484375 358.725006103515625 357.975006103515625 356.774993896484375 358.13751220703125 361.15625 366.46875 370.38751220703125 378.40625 387.23748779296875 391.875 389.475006103515625 378.537506103515625 365.087493896484375 351.26873779296875 335.899993896484375 324.98126220703125
278.20623779296875 269.631256103515625 267.36248779296875 267.399993896484375 268.524993896484375 274.475006103515625 283.26251220703125 291.03125 302.34375 314.806243896484375 325.493743896484375 335.818756103515625 342.587493896484375 345.118743896484375 344.306243896484375 340.09375 339.931243896484375 340.725006103515625 341.399993896484375 343.78125 346.35626220703125 351.54376220703125 359.32501220703125 364.32501220703125 365.04998779296875 365.88751220703125 365.84375 366.11248779296875 367.25 366.82501220703125 365.337493896484375 360.65625 356.899993896484375 356.91876220703125 359.149993896484375 365.53125 377.412506103515625 392.162506103515625 404.10626220703125 405.162506103515625 395.29376220703125 378.006256103515625 360.149993896484375 342.274993896484375 329.056243896484375
278.35626220703125 271.431243896484375 269.931243896484375 270.962493896484375 273.556243896484375 280.556243896484375 289.96875 299.20001220703125 311.38751220703125 324.931243896484375 337.837493896484375 349.943756103515625 358.60626220703125 362.431243896484375 360.818756103515625 356.006256103515625 353.056243896484375 353.20623779296875 354.568756103515625 358.368743896484375 362.36248779296875 367.162506103515625 372.51873779296875 375.70623779296875 376.125 372.962493896484375 370.70001220703125 372.45623779296875 375.443756103515625 376.387481689453125 373.08123779296875 365.524993896484375 356.9375 348.837493896484375 348.8125 355.881256103515625 370.293731689453125 394.100006103515625 418.45623779296875 417 404.03125 384.675018310546875 363.15625 343.41876220703125 331.162506103515625
276.756256103515625 270.943756103515625 271.662506103515625 274.53125 278.10626220703125 286.368743896484375 297.09375 307.706268310546875 320.66876220703125 334.618743896484375 349.48748779296875 365.3125 378.081268310546875 383.26873779296875 382.04376220703125 377.10626220703125 369.35626220703125 363.95001220703125 367.431243896484375 371.256256103515625 377.78125 381.35626220703125 382.912506103515625 382.462493896484375 381.46875 378.462493896484375 374.875 378.381256103515625 383.443756103515625 385.15625 379.743743896484375 363.443756103515625 350.587493896484375 339.024993896484375 333.98748779296875 336.98748779296875 357.850006103515625 382.95623779296875 404.837493896484375 407.100006103515625 395.181243896484375 377.875 359.76251220703125 343.287506103515625 331.95001220703125
274.10626220703125 269.6875 271.681243896484375 274.98748779296875 280.162506103515625 291.07501220703125 302.42498779296875 315.25 329.91876220703125 344.23748779296875 361.03125 378.868743896484375 395.85626220703125 407.46875 404.306243896484375 394.38751220703125 383.86248779296875 374.73126220703125 374.89373779296875 380.15625 388.350006103515625 392.41876220703125 387.66876220703125 385.73748779296875 384.462493896484375 383.5625 382.90625 386.337493896484375 392.65625 395.90625 390.53125 369.443756103515625 349.087493896484375 328.399993896484375 316.01251220703125 320.899993896484375 342.51251220703125 366.16876220703125 384.32501220703125 387.70623779296875 380.837493896484375 366.58123779296875 353.58123779296875 341.493743896484375 331.399993896484375
271.649993896484375 267.068756103515625 270.068756103515625 274.57501220703125 281.774993896484375 294.53125 308.38751220703125 321.48126220703125 336.712493896484375 351.89373779296875 368.475006103515625 388.350006103515625 410.70623779296875 430.71875 423.600006103515625 404.64373779296875 388.78125 381.381256103515625 380.82501220703125 385.493743896484375 388.17498779296875 388.46875 389.26251220703125 387.193756103515625 386.10626220703125 385.82501220703125 388.3125 394.100006103515625 398.118743896484375 399.23748779296875 390.368743896484375 372.600006103515625 346.493743896484375 318.118743896484375 297.48126220703125 306.368743896484375 333.23748779296875 357.443756103515625 371.67498779296875 374.96875 367.868743896484375 355.79998779296875 348.98748779296875 341.337493896484375 332.66876220703125
