data/historical-monthly-weather-data/wc2.1_cruts4.09_10m_prec_1962-12.asc
ncols        51
nrows        45
xllcorner    -63.500000000000
yllcorner    -7.500000000000
cellsize     0.166666666667
NODATA_value -9999
[rows 0 to 19 of 45, columns 0 to 44 of 51]
65.6687469482421875 61.1875 57.78125 55.47499847412109375 52.88124847412109375 51.518749237060546875 50.05625152587890625 48.424999237060546875 48.15625 48.22499847412109375 49.21875 51.30625152587890625 53.96250152587890625 56.21875 59.793750762939453125 63.63124847412109375 67.65625 70.8000030517578125 74.6875 78.4187469482421875 81.2937469482421875 83.7375030517578125 86.4375 90.47499847412109375 94.7624969482421875 99.125 105.46250152587890625 112.38124847412109375 119.56874847412109375 126.5124969482421875 132.9250030517578125 140.3625030517578125 147.212493896484375 153.84375 160.068756103515625 166.131256103515625 170.399993896484375 174.087493896484375 174.4875030517578125 174.9499969482421875 174.7375030517578125 172.75 170.537506103515625 167.3249969482421875 165.3000030517578125
66.02500152587890625 61.737499237060546875 59.33750152587890625 57.581249237060546875 55.768749237060546875 54.143749237060546875 52.30625152587890625 51.27500152587890625 51.581249237060546875 51.9375 52.71875 54.56874847412109375 57.106250762939453125 59.63124847412109375 63.18125152587890625 67.08750152587890625 71.2937469482421875 75.97499847412109375 81.0500030517578125 86.59375 89.5500030517578125 92 95.13124847412109375 98.75624847412109375 102.5500030517578125 106.5187530517578125 112.4812469482421875 118.81874847412109375 125.4375 132.5500030517578125 138.8937530517578125 146.2624969482421875 152.068756103515625 158.725006103515625 165.7062530517578125 169.8625030517578125 176.2062530517578125 180.8000030517578125 180.5812530517578125 180.625 180.068756103515625 177.75 175.2687530517578125 170.412506103515625 167.006256103515625
68.7624969482421875 65.41249847412109375 63.637500762939453125 62.206249237060546875 60.83750152587890625 59.087497711181640625 57.625 56.86875152587890625 57.262500762939453125 57.5625 57.90625 59.612499237060546875 62.05625152587890625 64.49375152587890625 68.19374847412109375 71.9499969482421875 76.3000030517578125 80.6437530517578125 85.56874847412109375 90.55625152587890625 93.5749969482421875 96.4562530517578125 99.7375030517578125 103.3874969482421875 107.3249969482421875 112.1437530517578125 118.1062469482421875 124.11875152587890625 130.8312530517578125 136.6875 142.962493896484375 150.056243896484375 157.649993896484375 163.631256103515625 170.5812530517578125 176.9812469482421875 182.9187469482421875 187.9812469482421875 189.0749969482421875 189.3937530517578125 188.65625 185.4499969482421875 181.15625 177.1437530517578125 171.912506103515625
71.31874847412109375 69.28749847412109375 68.59375 67.24375152587890625 66.43125152587890625 64.875 63.66249847412109375 63.012500762939453125 63.393749237060546875 63.924999237060546875 64.1062469482421875 65.625 67.55625152587890625 69.8562469482421875 73.46250152587890625 77.55625152587890625 81.80625152587890625 85.0812530517578125 89.30625152587890625 94.3625030517578125 97.53749847412109375 100.3625030517578125 102.9812469482421875 107.1750030517578125 111.28125 116.7624969482421875 122.77500152587890625 128.2624969482421875 135.037506103515625 141.243743896484375 146.837493896484375 152.725006103515625 161.068756103515625 168.9499969482421875 176.0124969482421875 182.9875030517578125 189.037506103515625 195.274993896484375 197.9499969482421875 198.46875 197.0812530517578125 193.0187530517578125 187.8312530517578125 183.4250030517578125 177.024993896484375
77.3874969482421875 74.55625152587890625 72.84999847412109375 72.40000152587890625 72.25624847412109375 71.1374969482421875 69.88124847412109375 69.25624847412109375 70.09375 70.7624969482421875 70.46875 71.46875 73.47499847412109375 75.72499847412109375 79.24375152587890625 83.28749847412109375 87.21875 89.8249969482421875 93.40000152587890625 98.15000152587890625 101.3625030517578125 103.5500030517578125 106.0625 110.5500030517578125 115.15000152587890625 121.09999847412109375 126.1374969482421875 131.537506103515625 138.056243896484375 144.2624969482421875 149.84375 155.0124969482421875 163.0812530517578125 171.5500030517578125 179.3874969482421875 187.725006103515625 195.8874969482421875 202.78125 206.0500030517578125 206.78125 205.4812469482421875 200.4000091552734375 194.8874969482421875 188.4250030517578125 181.8625030517578125
85.08750152587890625 82.77500152587890625 80.31874847412109375 78.2687530517578125 78.33750152587890625 77.9562530517578125 77 76.0812530517578125 76.55625152587890625 77.00624847412109375 76.52500152587890625 77.6999969482421875 79.97499847412109375 82.1999969482421875 85.9375 89.7312469482421875 93.5625 94.94374847412109375 98.34375 101.75624847412109375 104.19374847412109375 106.9187469482421875 109.375 113.9875030517578125 118.83124542236328125 124.19374847412109375 130.037506103515625 135.287506103515625 140.9375 146.5 151.9187469482421875 157.5500030517578125 163.881256103515625 171.056243896484375 180.756256103515625 190.0437469482421875 198.8125 208.4875030517578125 213.0437469482421875 213.21875 209.850006103515625 204.7312469482421875 197.6437530517578125 191.8625030517578125 185.756256103515625
94.40625 92.3000030517578125 89.66249847412109375 86.93125152587890625 85.5625 84.4875030517578125 83.58750152587890625 82.36875152587890625 82 81.41249847412109375 81.91249847412109375 83.71875 86.75624847412109375 89.19374847412109375 92.6875 96.5187530517578125 100.5812530517578125 102.8625030517578125 105.24375152587890625 106.4875030517578125 107.9187469482421875 110.4812469482421875 112.65625 116.84999847412109375 122.2624969482421875 127.2375030517578125 132.412506103515625 138.5625 143.993743896484375 148.53125 153.225006103515625 158.15625 164.9812469482421875 171.5625 179.6999969482421875 189.25 199.818756103515625 210.375 218.34375 217.9562530517578125 213.4375 206.84375 200.493743896484375 193.8125 186.4000091552734375
104.19374847412109375 102.08750152587890625 99.3625030517578125 97.1999969482421875 95.6750030517578125 93.4812469482421875 90.8125 87.75 85.84999847412109375 85.71875 87.40000152587890625 90.5749969482421875 93.74375152587890625 97.08750152587890625 100.05625152587890625 103.63124847412109375 107.1999969482421875 109.6750030517578125 111.28125 109.7375030517578125 110.58750152587890625 112.3562469482421875 114.4562530517578125 118.40000152587890625 124.31874847412109375 129.912506103515625 134.5812530517578125 140.181243896484375 146.6437530517578125 151.1687469482421875 154.1374969482421875 158.337493896484375 165.1125030517578125 171.243743896484375 179.587493896484375 187.962493896484375 198.743743896484375 208.9187469482421875 215.2624969482421875 216.412506103515625 214.181243896484375 207.756256103515625 201.4812469482421875 194.600006103515625 185.493743896484375
114.2687530517578125 112.1750030517578125 109.66249847412109375 107.53125 105.4875030517578125 103.3125 100.2687530517578125 96.36875152587890625 92.77500152587890625 91.72499847412109375 94.375 98.3937530517578125 102.15000152587890625 105.22499847412109375 107.0500030517578125 108.99375152587890625 111.1374969482421875 113.1125030517578125 114.19374847412109375 111.9812469482421875 111.72499847412109375 113.47499847412109375 115.90625 121.1437530517578125 126.65000152587890625 132.0124969482421875 136.6999969482421875 142.587493896484375 148.46875 152.625 156.993743896484375 160.5124969482421875 166.6062469482421875 173.2687530517578125 180.443756103515625 188.850006103515625 197.6062469482421875 205.75 210.725006103515625 213.2624969482421875 211.462493896484375 206.225006103515625 201.6062469482421875 196.037506103515625 188.4875030517578125
124.0124969482421875 122.16249847412109375 119.9250030517578125 118.2062530517578125 116.11875152587890625 113.81874847412109375 110.83750152587890625 107.22499847412109375 104.8874969482421875 103.8562469482421875 105.0749969482421875 107.7687530517578125 111.7687530517578125 113.88124847412109375 114.21875 113.94374847412109375 113.75 113.86875152587890625 113.47499847412109375 111.84375 112.21250152587890625 114.05625152587890625 116.8937530517578125 122.7062530517578125 128.0437469482421875 133.28125 138.1687469482421875 143.8312530517578125 150.087493896484375 154.4562530517578125 158.1875 161.9875030517578125 167.5500030517578125 173.243743896484375 180.40625 189.399993896484375 196.912506103515625 203.787506103515625 207.0625 209.3562469482421875 209.350006103515625 205.9812469482421875 201.0124969482421875 196.225006103515625 190.100006103515625
134.8874969482421875 132.9187469482421875 130.368743896484375 128.181243896484375 126.78125 125.2687530517578125 122.69374847412109375 118.9250030517578125 116.78125 116.1125030517578125 116.84999847412109375 119.21250152587890625 121.83750152587890625 123.3937530517578125 121.21875 118.6374969482421875 115.86875152587890625 114.5625 112.8312530517578125 110.9875030517578125 112.59375 114.7937469482421875 118.02500152587890625 122.6062469482421875 129.71875 135.225006103515625 139.6687469482421875 144.243743896484375 149.1875 153.84375 157.9250030517578125 162.5500030517578125 168.006256103515625 173.5625 180.03125 187.7062530517578125 194.868743896484375 201.25 205.7437591552734375 207.7937469482421875 208.25 205.2312469482421875 201.912506103515625 198.4562530517578125 192.131256103515625
144.506256103515625 142.100006103515625 139.6999969482421875 138.09375 136.725006103515625 135.625 133.962493896484375 130.7937469482421875 128.881256103515625 128.8625030517578125 129.631256103515625 131.0625 131.100006103515625 130.693756103515625 127.71875 123.65625 119.88124847412109375 117.1062469482421875 114.65000152587890625 112.7062530517578125 113.71875 116.3249969482421875 120.46250152587890625 125.59999847412109375 132.2687530517578125 137.712493896484375 141.4875030517578125 145.243743896484375 149.2937469482421875 153.868743896484375 158.03125 162.881256103515625 168.368743896484375 174.375 181.118743896484375 188.837493896484375 195.756256103515625 202.34375 206.21875 208.493743896484375 209.162506103515625 206.6750030517578125 203.587493896484375 200.0124969482421875 192.3249969482421875
153.993743896484375 151.587493896484375 149.462493896484375 147.568756103515625 146.568756103515625 145.381256103515625 143.7312469482421875 141.7375030517578125 140.53125 141.1750030517578125 142.193756103515625 142.28125 140.431243896484375 137.274993896484375 133.6750030517578125 128.9562530517578125 124.2624969482421875 121.2312469482421875 118.0812530517578125 115.1999969482421875 114.8000030517578125 117.81874847412109375 123.06874847412109375 128.6687469482421875 133.881256103515625 138.2062530517578125 141.993743896484375 145.931243896484375 149.943756103515625 153.3562469482421875 157.3125 161.84375 167.1875 173.6437530517578125 180.787506103515625 189.4562530517578125 197.381256103515625 204.2312469482421875 207.868743896484375 209.1374969482421875 209.306243896484375 208.1687469482421875 204.21875 197.024993896484375 189.212493896484375
162.5124969482421875 159.9187469482421875 157.725006103515625 156.100006103515625 154.7937469482421875 153.850006103515625 152.5437469482421875 151.962493896484375 152.2062530517578125 152.7062530517578125 152.743743896484375 151.100006103515625 148.3000030517578125 144.15625 139.0625 134.71875 129.46875 125.56874847412109375 121.8625030517578125 118.71875 118.9875030517578125 121.5625 125.8125 130.462493896484375 135.056243896484375 139.212493896484375 143.412506103515625 146.212493896484375 149.225006103515625 152.09375 155.756256103515625 159.712493896484375 165.6437530517578125 172.0812530517578125 180.1999969482421875 189.306243896484375 198.381256103515625 207.1999969482421875 212.3000030517578125 215.243743896484375 212.5437469482421875 206.5 201.287506103515625 196.9187469482421875 191.181243896484375
169.3312530517578125 166.5437469482421875 164.90625 163.34375 162.3874969482421875 161.600006103515625 161.462493896484375 161.318756103515625 161.6750030517578125 161.7937469482421875 161.6125030517578125 159.600006103515625 155.9812469482421875 151.8562469482421875 146.4375 141.9499969482421875 136.125 131.725006103515625 127.61875152587890625 125.0625 125.09999847412109375 126.96875 129.756256103515625 133.6437530517578125 137.8937530517578125 141.5500030517578125 145.306243896484375 147.9875030517578125 150.1687469482421875 151.306243896484375 153.5124969482421875 157.5124969482421875 163.59375 170.7687530517578125 179.587493896484375 188.1875 199.318756103515625 211.881256103515625 222.181243896484375 225.756256103515625 221.631256103515625 213.8562469482421875 207.212493896484375 201.618743896484375 192.587493896484375
174.8249969482421875 172.287506103515625 170.993743896484375 170.212493896484375 169.5500030517578125 169.462493896484375 169.693756103515625 169.287506103515625 169.756256103515625 170.756256103515625 170.318756103515625 167.681243896484375 163.9375 159.524993896484375 154.4187469482421875 148.5500030517578125 142.6062469482421875 138.6062469482421875 134.225006103515625 131.2375030517578125 131.4562530517578125 132.3312530517578125 134.193756103515625 137.2937469482421875 141.243743896484375 145.431243896484375 148.7687530517578125 150.7624969482421875 151.4187469482421875 150.5124969482421875 151.350006103515625 153.8312530517578125 158.6687469482421875 165.6750030517578125 173.743743896484375 183.7312469482421875 197.5 214.3312530517578125 230.5187530517578125 236.693756103515625 232.943756103515625 222.6374969482421875 212.868743896484375 202.3000030517578125 193.9187469482421875
179.7937469482421875 177.6125030517578125 175.75 175.6999969482421875 175.8937530517578125 175.8562469482421875 176.774993896484375 177.6750030517578125 178.875 179.4562530517578125 179.03125 175.725006103515625 171.681243896484375 167.0500030517578125 162.0812530517578125 155.875 148.649993896484375 144.5 140.850006103515625 137.618743896484375 137.412506103515625 137.725006103515625 138.8562469482421875 141.28125 145.0625 149.693756103515625 153.431243896484375 154.09375 151.78125 148.9499969482421875 148.368743896484375 150.618743896484375 153.7375030517578125 157.3625030517578125 163.431243896484375 174.7624969482421875 192.4250030517578125 217.0124969482421875 245.2937469482421875 248.3562469482421875 241.431243896484375 228.28125 214.2312469482421875 203.993743896484375 195.287506103515625
183.6374969482421875 181.743743896484375 180.3000030517578125 180.7624969482421875 181.350006103515625 182.3874969482421875 183.399993896484375 184.0437469482421875 185.337493896484375 186.899993896484375 187.193756103515625 184.0625 179.587493896484375 175.1437530517578125 169.850006103515625 163.381256103515625 156.212493896484375 149.8312530517578125 147.5 144.2375030517578125 143.8000030517578125 143.162506103515625 143.100006103515625 145.7375030517578125 149.5749969482421875 154.412506103515625 159.493743896484375 157.868743896484375 152.537506103515625 146.8000030517578125 144.0875091552734375 145.25 149.5625 154.15625 156.875 161.256256103515625 185.6437530517578125 214.7375030517578125 238.2312469482421875 245.28125 238.4375 226.15625 215.0625 206.443756103515625 198.0812530517578125
186.368743896484375 184.649993896484375 184.1875 185.037506103515625 186.1750030517578125 187.787506103515625 189 190.7937469482421875 192.625 194.524993896484375 194.287506103515625 190.7624969482421875 187.274993896484375 183.6999969482421875 177.9375 171.1437530517578125 164.0500030517578125 157.4499969482421875 152.587493896484375 149.756256103515625 149.5437469482421875 149.4812469482421875 146.681243896484375 149.7937469482421875 154.3125 158.9812469482421875 162.8562469482421875 161.5812530517578125 155.2312469482421875 146.59375 140.475006103515625 144.8312530517578125 152.149993896484375 156.493743896484375 158.556243896484375 166.1125030517578125 186.631256103515625 209.524993896484375 228.243743896484375 234.6999969482421875 231.21875 222.087493896484375 213.8937530517578125 207.9875030517578125 201.6750030517578125
188.443756103515625 187.225006103515625 186.71875 188.125 190.1374969482421875 192.868743896484375 195.1374969482421875 197.375 200.0187530517578125 201.25 201.5812530517578125 199.506256103515625 196.649993896484375 192.4187469482421875 185.6437530517578125 177.475006103515625 169.65625 164.118743896484375 159.381256103515625 155.9250030517578125 153.4375 151.006256103515625 149.9875030517578125 153.631256103515625 158.21875 162.506256103515625 165.975006103515625 166.4250030517578125 161.28125 152.6125030517578125 148.1437530517578125 152.9375 159.443756103515625 165.7624969482421875 172.0749969482421875 180.243743896484375 195.2375030517578125 212.068756103515625 224.4375 229.4499969482421875 226.75 217.693756103515625 213.6374969482421875 210.6374969482421875 205.7062530517578125
