data/historical-monthly-weather-data/wc2.1_cruts4.09_10m_prec_1990-05.asc
ncols        45
nrows        45
xllcorner    -63.500000000000
yllcorner    -7.500000000000
cellsize     0.166666666667
NODATA_value -9999
[rows 0 to 19 of 45, columns 0 to 43 of 45]
481.23126220703125 498.993743896484375 513.42498779296875 536.9437255859375 555.59375 567.9437255859375 572.3187255859375 579.4625244140625 581.125 586.9000244140625 587.6937255859375 574.6875 563.8687744140625 553.32501220703125 533.65625 516.36248779296875 497.462493896484375 477.64373779296875 462.462493896484375 452.13751220703125 448.475006103515625 445.3125 446.4375 437.962493896484375 430.67498779296875 424.78125 409.91876220703125 395.9375 379.04998779296875 368.34375 353.20623779296875 341.149993896484375 333.043731689453125 323.48748779296875 314.88751220703125 313.587493896484375 311.774993896484375 307.70001220703125 306.54376220703125 307.5625 306.26873779296875 307.08123779296875 305.39373779296875 307.618743896484375
465.787506103515625 479.73126220703125 499.28125 524.7750244140625 550.2562255859375 563.63751220703125 567.63751220703125 574.6875 579.5250244140625 579.85003662109375 580.4437255859375 566.38751220703125 551.20623779296875 536.1937255859375 514.36248779296875 493.337493896484375 472.556243896484375 447.95623779296875 431.11248779296875 417.368743896484375 412.962493896484375 411.07501220703125 408.71875 404.256256103515625 397.25 389.66876220703125 380.899993896484375 370.8125 359.225006103515625 347.875 334.54376220703125 327.4375 318.89373779296875 313.774993896484375 306.475006103515625 301.03125 300.787506103515625 297.28125 297.931243896484375 294.11248779296875 292.42498779296875 296.587493896484375 295.087493896484375 292.76873779296875
436.03125 452.86248779296875 475.79998779296875 499.243743896484375 521.01251220703125 535.9312744140625 546.9000244140625 559.08123779296875 565.1500244140625 565.51251220703125 563.28125 546.26873779296875 527.85626220703125 507.056243896484375 485.243743896484375 465.70623779296875 443.306243896484375 419.931243896484375 404.95001220703125 394.21875 390.431243896484375 391.01251220703125 388.875 382.256256103515625 373.98126220703125 368.71875 363.41876220703125 353.88751220703125 342.51873779296875 333.162506103515625 322.631256103515625 315.34375 311.475006103515625 304.90625 300.100006103515625 293.67498779296875 291.28125 288.28125 286.78125 284.662506103515625 285.118743896484375 284.318756103515625 285.01873779296875 283.087493896484375
400.84375 413.462493896484375 443.5 465.35626220703125 487.23126220703125 500.82501220703125 514.28125 531.38751220703125 544.9124755859375 547.8062744140625 540.64373779296875 521.3062744140625 497.33123779296875 475.5625 453.63751220703125 432.65625 410.20001220703125 391.600006103515625 379.899993896484375 375.337493896484375 377.712493896484375 376.26873779296875 371.899993896484375 364.91876220703125 355.462493896484375 346.818756103515625 343.51873779296875 333.92498779296875 324.59375 320.243743896484375 312.837493896484375 307.056243896484375 301.96875 295.306243896484375 288.42498779296875 286.73748779296875 284.975006103515625 281.125 279.537506103515625 277.75 275.943756103515625 278.006256103515625 275.03125 272.287506103515625
391.931243896484375 399.01873779296875 406.28125 426.243743896484375 449.993743896484375 462.193756103515625 478.23126220703125 498.274993896484375 518.64373779296875 527.625 513.73748779296875 487.54998779296875 467.524993896484375 447.524993896484375 425.76873779296875 403.506256103515625 381.056243896484375 366.618743896484375 358.15625 358.274993896484375 361.17498779296875 358.64373779296875 352.76251220703125 348.76251220703125 336.71875 327.118743896484375 319.381256103515625 315.600006103515625 309.58123779296875 305.787506103515625 302.4375 296.90625 291.51251220703125 288.23748779296875 283.41876220703125 279.118743896484375 277.98748779296875 275.743743896484375 274.61248779296875 271.71875 270.82501220703125 269.08123779296875 266.63751220703125 265.399993896484375
377.20623779296875 384.46875 389.25 391.54998779296875 414.837493896484375 433.98126220703125 450.056243896484375 466.15625 487.318756103515625 498.79998779296875 488.212493896484375 461.693756103515625 446.537506103515625 430.71875 408.100006103515625 391.6875 369.57501220703125 355.162506103515625 349.5625 352.14373779296875 351.73748779296875 349.725006103515625 346.274993896484375 335.96875 325.58123779296875 316.20001220703125 309.98126220703125 304.993743896484375 301.681243896484375 299.32501220703125 296.681243896484375 293.67498779296875 288.556243896484375 284.91876220703125 280.006256103515625 277.26873779296875 274.63751220703125 271.743743896484375 273.368743896484375 270.20623779296875 266.024993896484375 264.51251220703125 260.90625 258.962493896484375
365.774993896484375 370.556243896484375 374.337493896484375 377.631256103515625 387.3125 397.806243896484375 411.756256103515625 426.33123779296875 431.068756103515625 442.51251220703125 443.475006103515625 430.46875 421.91876220703125 411.493743896484375 395.287506103515625 379.662506103515625 366.225006103515625 356.48748779296875 350.28125 352.79998779296875 347.61248779296875 341.375 332.51873779296875 325.04998779296875 316.5625 310.318756103515625 303.26251220703125 298.256256103515625 292.462493896484375 291.306243896484375 290.225006103515625 285.92498779296875 280.38751220703125 277.26873779296875 274.162506103515625 273.274993896484375 269.681243896484375 266.943756103515625 268.5 267.17498779296875 261.21875 257.14373779296875 253.40625 252.5062408447265625
353.51251220703125 356.46875 359.59375 365.79998779296875 374.45623779296875 384.068756103515625 384.57501220703125 376.806243896484375 369.16876220703125 383.14373779296875 400.07501220703125 400.212493896484375 400.73126220703125 394 383.75 374.350006103515625 364.287506103515625 359.29376220703125 354.20623779296875 350.73748779296875 346.51873779296875 336.100006103515625 325.60626220703125 313.71875 307.51251220703125 296.04376220703125 293.287506103515625 287.86248779296875 283.48126220703125 283.01873779296875 282.13751220703125 278.306243896484375 274.67498779296875 269.84375 264.89373779296875 262.837493896484375 261.087493896484375 260.256256103515625 258.95001220703125 253.6374969482421875 250.662506103515625 246.7687530517578125 243.993743896484375 240.587493896484375
344.04998779296875 346.82501220703125 351.65625 355.725006103515625 361.79998779296875 368.26251220703125 368.45001220703125 363.506256103515625 348.5625 346.600006103515625 363.84375 374.84375 384.3125 381.32501220703125 375.681243896484375 372.431243896484375 367.20623779296875 365.506256103515625 364.79998779296875 354.20623779296875 340.318756103515625 332.350006103515625 316.350006103515625 311.443756103515625 298.899993896484375 286.375 280.587493896484375 279.28125 279.04998779296875 276.96875 278.09375 273.23126220703125 264.774993896484375 258.037506103515625 255.59375 254.9124908447265625 254.149993896484375 253.931243896484375 253.9875030517578125 247.475006103515625 241.2375030517578125 236.837493896484375 236.1999969482421875 235.375
333.993743896484375 338.35626220703125 343.006256103515625 348.40625 350.54376220703125 356.649993896484375 358.875 357.41876220703125 352.318756103515625 353.79376220703125 361.51873779296875 361.568756103515625 373.01251220703125 371.725006103515625 371.912506103515625 368.95001220703125 366.524993896484375 365.524993896484375 366.26873779296875 361.89373779296875 343.381256103515625 325.26873779296875 309.70623779296875 301.725006103515625 286.84375 274.79998779296875 269.100006103515625 268.056243896484375 269.868743896484375 271.64373779296875 269.01251220703125 263.29376220703125 258.131256103515625 252.618743896484375 247.6750030517578125 246.6999969482421875 245.3937530517578125 245.8937530517578125 246.087493896484375 243.962493896484375 240.881256103515625 238.6125030517578125 231.649993896484375 225.756256103515625
324.14373779296875 330.024993896484375 333.39373779296875 338.931243896484375 341.01873779296875 348.506256103515625 352.51873779296875 350.28125 348.662506103515625 353.912506103515625 362.375 366.76251220703125 363.100006103515625 365.20001220703125 364.33123779296875 362.73126220703125 362.837493896484375 363.743743896484375 364.056243896484375 363.63751220703125 355.100006103515625 330.399993896484375 307.506256103515625 282.993743896484375 275.706268310546875 267.98126220703125 262.587493896484375 261.162506103515625 259.068756103515625 258.09375 257.774993896484375 254.6437530517578125 249.2937469482421875 243.8562469482421875 238.5625 235.53125 234.53125 236.350006103515625 239.1750030517578125 238.8874969482421875 236.9875030517578125 232.8874969482421875 230.087493896484375 220.943756103515625
318.537506103515625 322.787506103515625 326.899993896484375 332.287506103515625 336.36248779296875 339.943756103515625 347.01251220703125 349.76873779296875 351.92498779296875 352.556243896484375 359.756256103515625 367.868743896484375 358.274993896484375 357.46875 359.381256103515625 355.368743896484375 355.068756103515625 355.76873779296875 357.475006103515625 361.774993896484375 357.26873779296875 338.36248779296875 312.962493896484375 285.20001220703125 265.743743896484375 251.962493896484375 245.681243896484375 244.943756103515625 246.0500030517578125 245.1374969482421875 241.806243896484375 239.068756103515625 234.5437469482421875 229.725006103515625 227.556243896484375 228 229.2687530517578125 229.9187469482421875 230.8874969482421875 231.375 231.5749969482421875 227.600006103515625 220.506256103515625 204.7937469482421875
314.193756103515625 315.875 319.13751220703125 324.66876220703125 328.024993896484375 334.0625 338 339.8125 343.431243896484375 349.056243896484375 355.118743896484375 360.462493896484375 357.26251220703125 343.36248779296875 341.850006103515625 343.943756103515625 343.39373779296875 344.45623779296875 345.787506103515625 349.89373779296875 349.71875 330.28125 306.54998779296875 279.54998779296875 247.693756103515625 230.8312530517578125 232.2375030517578125 233.2312469482421875 235.75 236.037506103515625 231.1999969482421875 225.1374969482421875 220.0749969482421875 215.0749969482421875 214.3000030517578125 217.9562530517578125 221.337493896484375 225.34375 228.537506103515625 228.59375 226.587493896484375 222.7687530517578125 208.850006103515625 195.962493896484375
303.25 305.73126220703125 310.33123779296875 315.13751220703125 320.212493896484375 324.125 326.9375 329.98748779296875 336.006256103515625 340.943756103515625 340.46875 341.98126220703125 339.524993896484375 333.01251220703125 320.10626220703125 325.431243896484375 324.931243896484375 324.131256103515625 327.887481689453125 332.51251220703125 329.03125 313.318756103515625 293.66876220703125 272.162506103515625 246.337493896484375 228.28125 224.3125 221.875 222.9875030517578125 221.068756103515625 219.96875 213.3312530517578125 208.4875030517578125 204.2687530517578125 202.6437530517578125 209.256256103515625 216.743743896484375 223.881256103515625 228.3937530517578125 225.8937530517578125 215.5187530517578125 204.568756103515625 199.5625 197.15625
292.399993896484375 296.91876220703125 302.48126220703125 306.76251220703125 310.743743896484375 314.931243896484375 320.681243896484375 325.5625 328.256256103515625 328.58123779296875 326.48126220703125 325.40625 319.743743896484375 312.38751220703125 294.96875 297.66876220703125 299.58123779296875 303.149993896484375 306.76251220703125 309.75 307.78125 297.274993896484375 284.20001220703125 272.79998779296875 257.125 242.3874969482421875 233.1062469482421875 227.5500030517578125 223.78125 219.181243896484375 210.693756103515625 202.912506103515625 200.8874969482421875 193.537506103515625 187.9562530517578125 192.493743896484375 208.7375030517578125 221.34375 224.318756103515625 218.818756103515625 207.8625030517578125 202.2375030517578125 203.181243896484375 199.225006103515625
280.98126220703125 285.35626220703125 292.59375 298.28125 301.60626220703125 307.57501220703125 313.79376220703125 317.712493896484375 317.51251220703125 317.850006103515625 313.71875 309.95001220703125 303.337493896484375 297.40625 283.79376220703125 269.34375 275.162506103515625 285.01873779296875 285.931243896484375 288.725006103515625 288.09375 285.98126220703125 280.96875 276.6875 265 250.3874969482421875 239.274993896484375 230.0124969482421875 224.1687469482421875 219.837493896484375 214.087493896484375 204.5 192.90625 181.975006103515625 175.375 190.087493896484375 200.837493896484375 211.6999969482421875 217.318756103515625 217.1374969482421875 210.75 204.756256103515625 201.3562469482421875 192.9875030517578125
271.21875 276.568756103515625 281.95001220703125 289.006256103515625 295.493743896484375 298.98748779296875 303.08123779296875 305.712493896484375 307.09375 306.4375 303.46875 300.6875 292.75 284.774993896484375 274.806243896484375 264.25 251.9812469482421875 259.70623779296875 265.64373779296875 269.83123779296875 271.13751220703125 271.318756103515625 273.64373779296875 277.381256103515625 273.09375 252.256256103515625 238.3625030517578125 229.443756103515625 223.162506103515625 218.399993896484375 213.6750030517578125 207.5124969482421875 197.162506103515625 187.8312530517578125 190.774993896484375 195.90625 206.100006103515625 216.40625 225.71875 220.0500030517578125 212.1875 203.600006103515625 194.399993896484375 188.631256103515625
258.90625 266.75 273.83123779296875 280.09375 286.743743896484375 292.91876220703125 295.056243896484375 295.818756103515625 295.11248779296875 294.98748779296875 292.193756103515625 291.568756103515625 280.79998779296875 274.48748779296875 265.38751220703125 256.774993896484375 245.725006103515625 235.1999969482421875 249.7624969482421875 252.4375 254.0749969482421875 257.3125 261.89373779296875 267.774993896484375 267.03125 251.3625030517578125 234.212493896484375 227.84375 222.662506103515625 214.6750030517578125 202.9875030517578125 193.4499969482421875 199.0374908447265625 198.962493896484375 197.931243896484375 210.743743896484375 220.024993896484375 222.131256103515625 224.59375 220.25 206.681243896484375 197.71875 189.506256103515625 184.943756103515625
246.65625 255.6999969482421875 262.524993896484375 271.443756103515625 279.73126220703125 283.6875 286.65625 288.712493896484375 287.76251220703125 288.649993896484375 283.899993896484375 274.899993896484375 266.225006103515625 260.693756103515625 252.6062469482421875 246.9499969482421875 240.368743896484375 227.4187469482421875 225.556243896484375 230.21875 234.6062469482421875 243.15625 236.556243896484375 245.506256103515625 247.0124969482421875 243.818756103515625 234.899993896484375 224.118743896484375 219.1437530517578125 211.118743896484375 202.399993896484375 198.7750091552734375 202.350006103515625 202.1999969482421875 203.774993896484375 212.493743896484375 215.1125030517578125 214.212493896484375 216.6125030517578125 209.4499969482421875 198.2312469482421875 189.0812530517578125 184.475006103515625 182.868743896484375
233.5625 243.875 252.068756103515625 259.068756103515625 268.350006103515625 276.850006103515625 281.212493896484375 282.79998779296875 281.65625 279.09375 276.875 272.524993896484375 267.475006103515625 257.33123779296875 246.868743896484375 232.131256103515625 220.15625 220.125 217.0437469482421875 218.5749969482421875 216.2937469482421875 220.649993896484375 228.53125 231.25 229.7062530517578125 223.5500030517578125 219.7937469482421875 217.8937530517578125 209.587493896484375 200.2375030517578125 196.8000030517578125 203.8937530517578125 203.7624969482421875 201.649993896484375 205.1875 210.1750030517578125 211.350006103515625 210.181243896484375 206.8937530517578125 201.087493896484375 188.787506103515625 180.587493896484375 179.899993896484375 179.306243896484375
