data/historical-monthly-weather-data/wc2.1_cruts4.09_10m_prec_1963-04.asc
ncols        45
nrows        45
xllcorner    -63.500000000000
yllcorner    -7.500000000000
cellsize     0.166666666667
NODATA_value -9999
[rows 20 to 39 of 45, columns 0 to 44 of 45]
260.29998779296875 270.475006103515625 279.48748779296875 287.76251220703125 294.5 305.84375 316.36248779296875 321.618743896484375 323.39373779296875 320.743743896484375 315.100006103515625 307.17498779296875 299.58123779296875 293.89373779296875 284.78125 277.70001220703125 272.806243896484375 272.068756103515625 274.14373779296875 274.65625 274.32501220703125 270.86248779296875 265.818756103515625 264.756256103515625 267.462493896484375 269.818756103515625 271.537506103515625 272.79998779296875 272.15625 271.48126220703125 266.79998779296875 261.993743896484375 248.9937591552734375 233.774993896484375 221.4812469482421875 234.337493896484375 254.5500030517578125 270.368743896484375 279.40625 282.83123779296875 282.15625 281.76251220703125 276.631256103515625 273.506256103515625 269.70001220703125
254.3000030517578125 261.837493896484375 272.068756103515625 285.649993896484375 296.256256103515625 306.0625 317.125 325.48126220703125 327.67498779296875 322.07501220703125 311.21875 297.01873779296875 286.23748779296875 280.131256103515625 276.91876220703125 272.368743896484375 271.32501220703125 269.82501220703125 270.98126220703125 270.618743896484375 265.774993896484375 262.631256103515625 261.76251220703125 262.618743896484375 266.78125 274.84375 288.78125 289.60626220703125 287.675018310546875 286.08123779296875 280.024993896484375 272.5 261.274993896484375 250.9875030517578125 245.9250030517578125 251.6687469482421875 266.10626220703125 278.806243896484375 283.993743896484375 284.71875 283.337493896484375 281.40625 276.32501220703125 272.29376220703125 268.16876220703125
249.556243896484375 262.39373779296875 274.193756103515625 287.506256103515625 298.8125 308.88751220703125 317.399993896484375 328.100006103515625 336.375 324.65625 306.649993896484375 287.23748779296875 273.443756103515625 268.92498779296875 269.42498779296875 269.75 268.431243896484375 265.88751220703125 264.79376220703125 262.524993896484375 258.91876220703125 255.5812530517578125 252.524993896484375 255.1999969482421875 263.625 275.3125 291.662506103515625 296.493743896484375 296.59375 294.11248779296875 290.524993896484375 285.70001220703125 280.70623779296875 275.23126220703125 273.743743896484375 274.95623779296875 282.462493896484375 290.381256103515625 291.681243896484375 287.899993896484375 283.82501220703125 279.568756103515625 274.306243896484375 269.762481689453125 266.33123779296875
247.7937469482421875 261.0625 274.9375 286.26873779296875 296.881256103515625 306.725006103515625 317.58123779296875 326.037506103515625 331.306243896484375 318.443756103515625 299.756256103515625 282.743743896484375 264.131256103515625 263.07501220703125 265.41876220703125 265.70623779296875 263.774993896484375 262.931243896484375 260.28125 258.125 253.2687530517578125 247.493743896484375 243.881256103515625 248.6125030517578125 256.95001220703125 264.84375 278.17498779296875 290.54376220703125 296.875 301.162506103515625 303.07501220703125 305.04998779296875 303.54376220703125 299.375 298.5 297.931243896484375 301.48748779296875 302.4375 298.11248779296875 290.20001220703125 283.743743896484375 277.225006103515625 270.73748779296875 264.76873779296875 263.64373779296875
249.3312530517578125 262.83123779296875 275.23126220703125 287.537506103515625 299.10626220703125 306.98748779296875 314.524993896484375 320.381256103515625 319.66876220703125 312.462493896484375 297.45001220703125 281.337493896484375 271.125 264.76873779296875 263.712493896484375 263 262.931243896484375 261.4375 258.51873779296875 253.962493896484375 247.4499969482421875 240.649993896484375 236.662506103515625 239.462493896484375 246.1374969482421875 258.662506103515625 273.91876220703125 287.443756103515625 299.15625 311.556243896484375 320.0625 327.4375 328.38751220703125 324.337493896484375 320.40625 314.618743896484375 313.25 308.181243896484375 301.20001220703125 292.931243896484375 284.149993896484375 275.51251220703125 268.806243896484375 261.01251220703125 255.5749969482421875
258.850006103515625 270.54376220703125 277.29376220703125 287.943756103515625 296.79998779296875 303.45001220703125 309.1875 312.48748779296875 308.17498779296875 300.712493896484375 292.193756103515625 283.41876220703125 275.29376220703125 270.350006103515625 266.26251220703125 265.92498779296875 264.54376220703125 262.149993896484375 257.41876220703125 250.2937469482421875 244.712493896484375 235.8312530517578125 228.975006103515625 227.225006103515625 237.4187469482421875 253.337493896484375 273.53125 288.806243896484375 305.58123779296875 320.01251220703125 335.868743896484375 349.943756103515625 353.350006103515625 345.631256103515625 336.38751220703125 327.693756103515625 321.63751220703125 314.0625 304.287506103515625 294.5625 285.175018310546875 274.537506103515625 265.243743896484375 255.524993896484375 252.375
265.8125 272.90625 279.862518310546875 287.23748779296875 292.5 298.774993896484375 301.96875 302.25 298.524993896484375 296.787506103515625 292.931243896484375 285.70001220703125 279.73748779296875 275.66876220703125 272.04998779296875 270.274993896484375 267.912506103515625 263.600006103515625 259.54998779296875 253.506256103515625 244.8125 234.6687469482421875 224.787506103515625 222.2062530517578125 235.4812469482421875 250.78125 272.181243896484375 289.350006103515625 308.29998779296875 325.16876220703125 345 363.274993896484375 370.60626220703125 360.29376220703125 348.662506103515625 337.350006103515625 329.03125 320.037506103515625 307.98748779296875 297.29998779296875 285.79376220703125 275.98126220703125 265.98126220703125 257.42498779296875 259.04998779296875
274.524993896484375 277.86248779296875 281.98748779296875 286.225006103515625 290.51873779296875 293.6875 296.59375 294.73126220703125 293.774993896484375 293.493743896484375 289.318756103515625 285.899993896484375 281.837493896484375 279.98748779296875 277.08123779296875 273.51873779296875 271.57501220703125 269.837493896484375 264.0625 259.04998779296875 251.3000030517578125 240.537506103515625 235.462493896484375 233.6750030517578125 242.2312469482421875 256.006256103515625 273.712493896484375 291.4375 309.39373779296875 327.149993896484375 344.693756103515625 360.743743896484375 366.662506103515625 360.975006103515625 353.92498779296875 342.34375 334.46875 325.59375 313.26873779296875 301.225006103515625 289.75 279.98748779296875 270.225006103515625 263.568756103515625 272.14373779296875
280.45623779296875 281.92498779296875 282.818756103515625 285.287506103515625 286.70623779296875 286.625 287.631256103515625 289.162506103515625 291.17498779296875 290.16876220703125 289.17498779296875 287.04998779296875 283.79998779296875 283.087493896484375 282.625 282.243743896484375 280.96875 276.087493896484375 272.33123779296875 266.618743896484375 259.943756103515625 250.462493896484375 246.375 246.96875 252.475006103515625 263.71875 279.54998779296875 295.11248779296875 311.193756103515625 326.837493896484375 339.712493896484375 352.04376220703125 355.03125 355.20623779296875 352.381256103515625 344.07501220703125 337.98748779296875 330.66876220703125 319.050018310546875 305.306243896484375 291.068756103515625 281.79376220703125 274.15625 275.85626220703125 285.350006103515625
282.88751220703125 282.412506103515625 281.881256103515625 279.73126220703125 280.443756103515625 281.48748779296875 282.943756103515625 285.350006103515625 286.76873779296875 286.54376220703125 287.65625 286.89373779296875 288.04376220703125 288.774993896484375 288.662506103515625 287.837493896484375 286.84375 285.83123779296875 281.131256103515625 273.60626220703125 265.38751220703125 259.625 257.48126220703125 256.75 259.82501220703125 268.67498779296875 282.931243896484375 295.056243896484375 308.943756103515625 321.625 332.506256103515625 340.73126220703125 344.774993896484375 348.42498779296875 349.631256103515625 344.350006103515625 341.475006103515625 336.600006103515625 324.73748779296875 314.75 304.65625 297.76873779296875 290.875 293.23126220703125 297.29998779296875
282.23748779296875 279.568756103515625 277.568756103515625 275.649993896484375 276.23126220703125 276.51873779296875 278.806243896484375 279.681243896484375 281.412506103515625 283.54998779296875 286.056243896484375 287.600006103515625 291.837493896484375 292.118743896484375 293.493743896484375 293.75 295.01251220703125 294.48748779296875 291.274993896484375 284.850006103515625 276.5 269.381256103515625 265.875 262.868743896484375 263.493743896484375 274.274993896484375 283.73126220703125 295.037506103515625 306.14373779296875 315.01873779296875 324.51873779296875 331.756256103515625 338.13751220703125 343.16876220703125 345.45623779296875 343.631256103515625 340.36248779296875 338.04376220703125 331.70001220703125 324 316.26251220703125 310.243743896484375 306.431243896484375 305.5625 310.25
278.931243896484375 274.98126220703125 272.66876220703125 272.48748779296875 272.024993896484375 270.48126220703125 272.462493896484375 272.875 274.975006103515625 277.5 281.912506103515625 287.96875 291.731231689453125 294.818756103515625 296.61248779296875 298.29376220703125 297.48748779296875 297.90625 294.70001220703125 292.431243896484375 285.20623779296875 278.25 272.71875 269.90625 272.837493896484375 278.9375 285.087493896484375 294.76251220703125 302.337493896484375 310.600006103515625 319.48126220703125 326.11248779296875 330.662506103515625 336.443756103515625 340.618743896484375 340.337493896484375 340.35626220703125 337.837493896484375 333.04376220703125 327.274993896484375 325.787506103515625 322.875 319.774993896484375 319.662506103515625 324.412506103515625
273.643768310546875 268.056243896484375 266.181243896484375 264.95001220703125 265.26251220703125 263.51251220703125 262.731231689453125 263.95001220703125 265.78125 270.475006103515625 279.32501220703125 284.993743896484375 292.350006103515625 298.493743896484375 300.243743896484375 300.850006103515625 301.61248779296875 302.506256103515625 298.51251220703125 295.056243896484375 290.443756103515625 283.993743896484375 277.875 275.45001220703125 278.0625 279.78125 285.41876220703125 291.287506103515625 297.5625 306.149993896484375 312.89373779296875 317.943756103515625 322.53125 329.29998779296875 334.756256103515625 337.350006103515625 338.23748779296875 338.25 333.537506103515625 335.98748779296875 334.98126220703125 333.14373779296875 332.96875 335.35626220703125 340.89373779296875
266.54376220703125 262.212493896484375 260.649993896484375 258.774993896484375 257.475006103515625 257.0625 256.15625 255.15625 256.96875 262.13751220703125 270.04998779296875 280.83123779296875 291.42498779296875 297.20001220703125 300.51251220703125 300.76873779296875 302.4375 303.20623779296875 300.48126220703125 297.25 292.806243896484375 287.33123779296875 282.01873779296875 276.95001220703125 279.412506103515625 279.88751220703125 282.368743896484375 286.375 291.73126220703125 297.931243896484375 304.20623779296875 310.774993896484375 315.899993896484375 322.59375 329.125 332.068756103515625 334.868743896484375 333.162506103515625 336.23126220703125 339.90625 339.8125 341.350006103515625 343.95001220703125 348.475006103515625 355.57501220703125
258 255.6875 255.193756103515625 251.90625 249.662506103515625 248.056243896484375 246.274993896484375 245.7687530517578125 246.0437469482421875 249.7062530517578125 260.75 275.837493896484375 290.875 301.76251220703125 303.931243896484375 304.29376220703125 303.712493896484375 301.743743896484375 301.54376220703125 296.76873779296875 294.375 287.78125 283.012481689453125 276.42498779296875 276.725006103515625 278.537506103515625 280.13751220703125 281.256256103515625 285.524993896484375 292.57501220703125 297.756256103515625 304.41876220703125 308.524993896484375 316.14373779296875 321.85626220703125 324.618743896484375 325.92498779296875 333.118743896484375 337.61248779296875 341.212493896484375 342.5625 346.10626220703125 351 356.08123779296875 360.225006103515625
251.899993896484375 251.149993896484375 249.9375 246.90625 243.756256103515625 240.59375 238.693756103515625 236.4875030517578125 234.087493896484375 235.943756103515625 245.5124969482421875 263.95623779296875 284.26251220703125 297.212493896484375 300.73126220703125 301.85626220703125 302.25 301.03125 300.41876220703125 298.70001220703125 294.39373779296875 289.13751220703125 280.70623779296875 275.350006103515625 273.13751220703125 273.65625 275.306243896484375 276.9375 280.162506103515625 285.70623779296875 291.09375 296.287506103515625 300.625 308.837493896484375 313.28125 313.568756103515625 321.03125 328.587493896484375 332.10626220703125 336.91876220703125 341.57501220703125 345.118743896484375 349.1875 355.11248779296875 357.256256103515625
246.6437530517578125 247.15625 245.131256103515625 242.600006103515625 239.006256103515625 235.693756103515625 233.5437469482421875 228.493743896484375 222.712493896484375 220.431243896484375 232.2624969482421875 257.243743896484375 275.88751220703125 287.23126220703125 294.162506103515625 297.118743896484375 296.475006103515625 296.40625 296.806243896484375 293.337493896484375 289.850006103515625 284.10626220703125 276.16876220703125 271.39373779296875 267.73748779296875 267.33123779296875 269.65625 271.731231689453125 273.83123779296875 278.41876220703125 284.91876220703125 291.08123779296875 295.649993896484375 301.13751220703125 304.875 308.45001220703125 316.15625 324.89373779296875 331.04998779296875 333.20001220703125 338.131256103515625 341.59375 347.412506103515625 352.67498779296875 356.14373779296875
244.162506103515625 242.975006103515625 240.09375 238.274993896484375 234.8562469482421875 232.1437530517578125 228.806243896484375 222.881256103515625 218.256256103515625 214 231.4562530517578125 255.7687530517578125 270.712493896484375 280.88751220703125 287.256256103515625 291.162506103515625 290.225006103515625 291.225006103515625 288.78125 284.475006103515625 280.98126220703125 274.98748779296875 269.931243896484375 265.20001220703125 261.1875 261.76251220703125 261.631256103515625 265.1875 268.04998779296875 273.45001220703125 277.768768310546875 284.16876220703125 290.600006103515625 294.918731689453125 296.256256103515625 304.350006103515625 312.04376220703125 318.61248779296875 327.131256103515625 330.681243896484375 333.32501220703125 337.79998779296875 340.82501220703125 344.3125 349.125
240.850006103515625 237.399993896484375 235.1062469482421875 234.1437530517578125 232.53125 228.84375 226.40625 223.4499969482421875 224.6999969482421875 232.4562530517578125 250.256256103515625 262.15625 268.53125 276.61248779296875 282.162506103515625 284.01251220703125 283.931243896484375 283.537506103515625 278.53125 275.699981689453125 271.287506103515625 265.175018310546875 260.712493896484375 258.26251220703125 255.8312530517578125 254.21875 255.149993896484375 258.3125 260.95001220703125 267.556243896484375 272.756256103515625 276.056243896484375 281.881256103515625 287.818756103515625 294.91876220703125 299.6875 304.662506103515625 311.96875 316.86248779296875 317.868743896484375 321.11248779296875 325.693756103515625 326.993743896484375 331.26873779296875 334.65625
236.693756103515625 233.9562530517578125 232.375 232.037506103515625 230.9875030517578125 229.1999969482421875 226.125 227.681243896484375 232.0500030517578125 239.868743896484375 250.75 261.11248779296875 266.568756103515625 272.631256103515625 276.91876220703125 277.95001220703125 277.73748779296875 276.537506103515625 270.54376220703125 265.76251220703125 260.193756103515625 256.712493896484375 250.056243896484375 247.6125030517578125 248.412506103515625 248.0437469482421875 249.5500030517578125 252.774993896484375 255.59375 261.375 264.36248779296875 272.212493896484375 280.399993896484375 286.193756103515625 293.08123779296875 296.98748779296875 300.39373779296875 306.0625 308.399993896484375 306.475006103515625 307.774993896484375 311.3125 310.75 313.537506103515625 317.875
