data/historical-monthly-weather-data/wc2.1_cruts4.09_10m_prec_2018-09.asc
ncols        51
nrows        45
xllcorner    -63.500000000000
yllcorner    -7.500000000000
cellsize     0.166666666667
NODATA_value -9999
[rows 0 to 18 of 45, columns 0 to 43 of 51]
150.6062469482421875 151.9250030517578125 157.78125 167.100006103515625 174.556243896484375 182.6062469482421875 186.100006103515625 186.818756103515625 188.25 189.9375 193.6750030517578125 196.1875 198.212493896484375 197.3125 194.7937469482421875 190.5437469482421875 188.1062469482421875 181.7937469482421875 177.087493896484375 171.3125 167.9562530517578125 162.2624969482421875 157.712493896484375 151.475006103515625 144.46875 139.6374969482421875 133.9499969482421875 128 120.65625 114.71250152587890625 108.0812530517578125 102.9812469482421875 101.1437530517578125 97.84999847412109375 95.34999847412109375 93.1125030517578125 91.9187469482421875 90.34999847412109375 87.38124847412109375 84.50624847412109375 81.7687530517578125 78.52500152587890625 74.3625030517578125 70.65625
139.100006103515625 138.399993896484375 145.024993896484375 154.9812469482421875 166.3312530517578125 170.3937530517578125 172.056243896484375 176.399993896484375 178.712493896484375 180.7062530517578125 184.2062530517578125 185.8125 187.212493896484375 185.431243896484375 183.0749969482421875 181.006256103515625 177.3312530517578125 171.1687469482421875 164.912506103515625 158.875 154.225006103515625 150.931243896484375 146.306243896484375 141.4375 134.162506103515625 129.25 125.09999847412109375 120.44374847412109375 113.375 108.56874847412109375 103.7312469482421875 100.65625 98.7624969482421875 97.6750030517578125 96.1125030517578125 93.5749969482421875 91.7375030517578125 89.9499969482421875 86.28125 82.78749847412109375 79.625 76.03749847412109375 72.125 67.41249847412109375
127.03125 127.92499542236328125 133.8312530517578125 143.1437530517578125 152.5187530517578125 158.087493896484375 160.5749969482421875 163.7312469482421875 166.96875 169.59375 172.806243896484375 173.975006103515625 175.1750030517578125 173.2687530517578125 170.350006103515625 169.09375 165.681243896484375 160.756256103515625 155.4812469482421875 150.7375030517578125 146.6875 142.96875 139.462493896484375 134.9499969482421875 128.2937469482421875 122.59999847412109375 120.34999847412109375 115.40000152587890625 109.4250030517578125 105.1125030517578125 100.65625 98.06874847412109375 97.6687469482421875 96.65000152587890625 95.3125 92.15625 89.9187469482421875 88.03125 84.4250030517578125 80.9375 77.6062469482421875 73.44374847412109375 69.7937469482421875 65.3625030517578125
113.61875152587890625 115.0749969482421875 123.7937469482421875 130.3312530517578125 137.412506103515625 142.53125 146.5749969482421875 151.9499969482421875 156.068756103515625 159.475006103515625 161.506256103515625 162.381256103515625 161.2062530517578125 160.5 158.1062469482421875 156.524993896484375 154.5187530517578125 151.0187530517578125 148.5812530517578125 145.912506103515625 142.2062530517578125 137.1750030517578125 132.6062469482421875 128.131256103515625 121.3000030517578125 116.3312530517578125 113.4375 107.8625030517578125 103.4875030517578125 100.7375030517578125 98.0812530517578125 95.28749847412109375 94.15000152587890625 93.13124847412109375 91.375 90.08750152587890625 88.4562530517578125 86.18125152587890625 82.75624847412109375 78.4250030517578125 74.24375152587890625 70 66.16249847412109375 62.200000762939453125
112.53749847412109375 110.5749969482421875 111.99375152587890625 117.03125 125.03125 130.274993896484375 134.024993896484375 139.34375 144.8312530517578125 148.3000030517578125 150.1374969482421875 149.149993896484375 149.1062469482421875 150.0812530517578125 148.350006103515625 146.71875 144.6750030517578125 142.225006103515625 140.75 138.3249969482421875 136.28125 129.9562530517578125 126.21875 121.6437530517578125 115.15625 110.15000152587890625 105.80625152587890625 102.0437469482421875 98.2062530517578125 95.5187530517578125 93.9375 91.25624847412109375 89.72499847412109375 89.21250152587890625 88.4250030517578125 86.47499847412109375 84.69374847412109375 83.1437530517578125 79.84999847412109375 75.47499847412109375 70.9375 66.3874969482421875 62.06874847412109375 58.575000762939453125
111.7937469482421875 109.3562469482421875 108.91249847412109375 108.22499847412109375 116.06874847412109375 125.30625152587890625 130.868743896484375 135.193756103515625 140.056243896484375 144.568756103515625 145.649993896484375 144.3312530517578125 144.431243896484375 145.5437469482421875 143.46875 142.84375 141.162506103515625 138.368743896484375 136.7687530517578125 135.25 131.1999969482421875 125.86875152587890625 121.52500152587890625 116.13124847412109375 111.1125030517578125 105.8874969482421875 101.7062530517578125 98.75 94.9187469482421875 91.7937469482421875 89.8125 89.28749847412109375 87.4875030517578125 86.24375152587890625 84.7312469482421875 83.8000030517578125 82.2062530517578125 81.40000152587890625 78.6125030517578125 74.0124969482421875 67.4875030517578125 63.03125 58.91249847412109375 55.84999847412109375
112.7937469482421875 110.7937469482421875 110.31874847412109375 109.80625152587890625 113.7624969482421875 118.9187469482421875 125.6687469482421875 131.5187530517578125 134.8125 137.2624969482421875 139.587493896484375 139.649993896484375 140.5625 141.118743896484375 139.9812469482421875 139.5749969482421875 138.5812530517578125 137.118743896484375 134.78125 131.975006103515625 126.91875457763671875 121.63124847412109375 115.84375 110.68125152587890625 106.70000457763671875 102.54999542236328125 98.91249847412109375 96.03125 91.84999847412109375 88.2312469482421875 86.25 84.5187530517578125 83.15625 82.2937469482421875 81.0124969482421875 79.22499847412109375 78.0437469482421875 78.36875152587890625 76.96875 70.8125 64.0187530517578125 59.081249237060546875 55.174999237060546875 52.575000762939453125
114.33750152587890625 112.34375 112.2312469482421875 114.1999969482421875 118.21875 123.58750152587890625 126.3874969482421875 126.31874847412109375 126.3874969482421875 129.193756103515625 133.46875 134.943756103515625 136.4250030517578125 136.868743896484375 137.306243896484375 135.8937530517578125 135.1875 134.681243896484375 132.868743896484375 127.88124847412109375 123.1875 117.34375 111.55625152587890625 106.09375 102.05625152587890625 98.34375 94.56874847412109375 91.22499847412109375 88.1125030517578125 84.4812469482421875 82.2062530517578125 80.0812530517578125 78.4562530517578125 77.7624969482421875 75.6687469482421875 73.75624847412109375 72.4562530517578125 71.90000152587890625 68.91249847412109375 63.68125152587890625 57.46250152587890625 52.887500762939453125 49.46875 46.768749237060546875
117.3249969482421875 116.22499847412109375 117.2937469482421875 119.3874969482421875 123.15625 127.16249847412109375 129.8937530517578125 129.8874969482421875 127.65625 126.65625 130.5187530517578125 132.2375030517578125 135.3249969482421875 135.6062469482421875 135.8000030517578125 134.7624969482421875 133.962493896484375 133.3562469482421875 132.4250030517578125 127.27500152587890625 120.91249847412109375 115.7312469482421875 108.2375030517578125 104.1374969482421875 99.19374847412109375 94.53125 90.8625030517578125 88.25624847412109375 85.9812469482421875 81.97499847412109375 79.9875030517578125 75.86875152587890625 72.65625 70.03749847412109375 68.03749847412109375 67.1750030517578125 66.21250152587890625 64.69374847412109375 60.862499237060546875 56.106250762939453125 50.71250152587890625 46.53125 43.53125 41.174999237060546875
119.15000152587890625 118.84999847412109375 120.625 123.05625152587890625 127.6374969482421875 131.78125 134.431243896484375 134.0124969482421875 132.5749969482421875 132.1374969482421875 133.1687469482421875 132.90625 134.6750030517578125 135.9250030517578125 134.6687469482421875 134.256256103515625 132.1875 131.1999969482421875 130.1125030517578125 126.9812469482421875 120.78749847412109375 113.63124847412109375 105.63124847412109375 100.5437469482421875 94.6062469482421875 90.09999847412109375 86.90000152587890625 84.4250030517578125 82.28749847412109375 79.0749969482421875 75.1125030517578125 70.5124969482421875 66.8000030517578125 64.4250030517578125 62.19374847412109375 60.762500762939453125 59.71250152587890625 57.862499237060546875 53.5 49.012500762939453125 44.28125 40.84999847412109375 37.075000762939453125 34.80625152587890625
122.7062530517578125 122.69374847412109375 124.79999542236328125 127.2687530517578125 131.475006103515625 136.787506103515625 139.725006103515625 137.5812530517578125 135.2062530517578125 134.8000030517578125 135.84375 136.0437469482421875 135.2937469482421875 134.618743896484375 132.431243896484375 130.9812469482421875 128.1875 127.1687469482421875 126.16249847412109375 124.43125152587890625 120.71875 113.625 104.80625152587890625 95.2062530517578125 90.43125152587890625 88.40625 85.49375152587890625 81.86249542236328125 78.4562530517578125 74.71875 70.71875 65.9499969482421875 62.143749237060546875 59.018749237060546875 56.450000762939453125 54.58750152587890625 53.049999237060546875 50.94374847412109375 47.38124847412109375 42.700000762939453125 37.981250762939453125 34.668750762939453125 32.03125 29.299999237060546875
124.9875030517578125 125.1687469482421875 127.5124969482421875 131.100006103515625 135.225006103515625 140 143.693756103515625 141.7687530517578125 138.0749969482421875 136.056243896484375 136.6999969482421875 136.8937530517578125 133.6062469482421875 130.7437591552734375 129.931243896484375 127.58750152587890625 125.2312469482421875 122.96250152587890625 122.0625 122.6125030517578125 120.9812469482421875 114 104.3874969482421875 93.68125152587890625 87.71250152587890625 84.2062530517578125 80.7062530517578125 77.24375152587890625 73.28125 69.53125 65.27500152587890625 60.700000762939453125 56.96250152587890625 54.325000762939453125 52.362499237060546875 50.28749847412109375 48.28749847412109375 46.106250762939453125 41.66249847412109375 36.84999847412109375 32.46250152587890625 29.28125 26.993749618530273438 24.581249237060546875
126.3625030517578125 126.65000152587890625 128.6999969482421875 131.2624969482421875 134.524993896484375 138.524993896484375 140.71875 139.399993896484375 137.625 136.2375030517578125 135.462493896484375 135.3312530517578125 132.506256103515625 126.2312469482421875 123.44374847412109375 122.3000030517578125 120.0124969482421875 118.3562469482421875 117.90000152587890625 118.16249847412109375 117.5124969482421875 112.15000152587890625 102.8874969482421875 93.0187530517578125 84.2624969482421875 79.66249847412109375 76.8312530517578125 73.6999969482421875 70.05625152587890625 65.58750152587890625 60.393749237060546875 55.643749237060546875 52.31874847412109375 49.15625 47.0625 45.59999847412109375 44.6875 43.00624847412109375 39.40000152587890625 33.59375 28.34375 25.862499237060546875 23.4375 19.575000762939453125
126.8000030517578125 126.78125 127.84375 129.8312530517578125 132.8874969482421875 134.912506103515625 136.03125 136.3249969482421875 134.881256103515625 134.2375030517578125 132.3125 129.3562469482421875 126.3125 121.05625152587890625 115.88124847412109375 115.3000030517578125 113.4875030517578125 111.59999847412109375 110.28749847412109375 110.58750152587890625 109.71875 104.7937469482421875 98.25 91.72499847412109375 84.3000030517578125 78.48125457763671875 74.5437469482421875 70.4875030517578125 66.05625152587890625 61.5 57.18125152587890625 52.00624847412109375 48.168750762939453125 44.99375152587890625 43.0625 42.65000152587890625 42.78749847412109375 42.768749237060546875 39.90625 34.88124847412109375 27.487499237060546875 22.981250762939453125 20.818750381469726562 18.831249237060546875
126.75624847412109375 125.83750152587890625 126.3562469482421875 128.0187530517578125 130.6687469482421875 130.337493896484375 132.0500030517578125 131.8125 130.1750030517578125 130.0812530517578125 127.0124969482421875 123.375 119.34999847412109375 114.2375030517578125 108.18125152587890625 105.71250152587890625 104.68125152587890625 103.99375152587890625 102.2687530517578125 102.5812530517578125 102.2375030517578125 99.54999542236328125 95.5500030517578125 91.6062469482421875 87.2624969482421875 81.90625 76.34999847412109375 70.13124847412109375 64.31874847412109375 59.59375 53.6875 48.53749847412109375 45.28749847412109375 41.981250762939453125 39.09375 39.762500762939453125 42.356250762939453125 45.25 44.424999237060546875 38.91249847412109375 32.174999237060546875 26.737499237060546875 23.568750381469726562 20.712499618530273438
125.4187469482421875 123.9812469482421875 124.8562469482421875 125.94374847412109375 126.8625030517578125 127.66249847412109375 128.118743896484375 127.3937530517578125 126.3625030517578125 126.0124969482421875 122.5437469482421875 117.6437530517578125 112.7687530517578125 107.8562469482421875 102.21250152587890625 97.1125030517578125 95.8312530517578125 96.4187469482421875 95.18125152587890625 95.9250030517578125 95.33750152587890625 95.08750152587890625 94.53125 93.36875152587890625 90.32500457763671875 84.3874969482421875 77.21875 70.58750152587890625 64.51874542236328125 58.668750762939453125 53.75 47.78749847412109375 43.543750762939453125 40.61875152587890625 37.106250762939453125 39.4375 44.112499237060546875 47.387500762939453125 48.65625 44.581249237060546875 39.03125 32.13124847412109375 26.393749237060546875 22.024999618530273438
122.4499969482421875 121.53125 122.7937469482421875 123.84375 124.2624969482421875 125.03125 125.1125030517578125 124.77500152587890625 123.36875152587890625 121.6875 118.7687530517578125 113.33750152587890625 107.125 101.6062469482421875 97.7624969482421875 93.5625 88.7937469482421875 88.6062469482421875 89.21875 89.74375152587890625 89.27500152587890625 90.21875 92.7375030517578125 94.8312530517578125 93.5437469482421875 85.86875152587890625 78.02500152587890625 71.0625 64.9250030517578125 59.375 55.293750762939453125 51.27500152587890625 46.325000762939453125 42.575000762939453125 42.1875 43.456249237060546875 46.71250152587890625 52.8125 57.387500762939453125 50.299999237060546875 41.831249237060546875 34.206249237060546875 27.337499618530273438 23.206249237060546875
119.9812469482421875 119.47499847412109375 119.72499847412109375 120.75 122.15625 122.90625 122.34375 121.25624847412109375 120.21250152587890625 117.55625152587890625 114.22499847412109375 108.90625 102.71875 97.25 93.3625030517578125 89.9875030517578125 85.84375 81.65625 83.49375152587890625 83.58750152587890625 84.00624847412109375 84.6125030517578125 87.83750152587890625 91.3874969482421875 91.6437530517578125 85.11875152587890625 78.52500152587890625 71.78125 65.1062469482421875 58.8125 54.21250152587890625 50.34375 50.5625 50.793750762939453125 48.325000762939453125 46.25 50.543750762939453125 55.362499237060546875 55.72499847412109375 49.90625 40.24375152587890625 32.88124847412109375 26.924999237060546875 23.706249237060546875
117.18125152587890625 116.3125 116.36875152587890625 117.9812469482421875 119.08750152587890625 119.91249847412109375 119.28749847412109375 119.22499847412109375 117.5 114.65625 110.875 105.03749847412109375 98.6062469482421875 93.4499969482421875 89.09999847412109375 86.77500152587890625 83.78125 79.02500152587890625 77.6062469482421875 77.6999969482421875 79.875 84.9812469482421875 81.6999969482421875 84.56874847412109375 86.25 84.6125030517578125 79.71875 72.8249969482421875 67.6687469482421875 60.606250762939453125 54.924999237060546875 54.75624847412109375 59.09375 59.34375 57.637500762939453125 55.22499847412109375 54.793750762939453125 54.231250762939453125 51.53125 45.21875 37.21250152587890625 31.024999618530273438 26.193750381469726562 23.487501144409179688
