data/historical-monthly-weather-data/wc2.1_cruts4.09_10m_prec_1979-06.asc
ncols        51
nrows        45
xllcorner    -63.500000000000
yllcorner    -7.500000000000
cellsize     0.166666666667
NODATA_value -9999
[rows 0 to 18 of 45, columns 0 to 42 of 51]
311.54998779296875 309.65625 308.600006103515625 317.63751220703125 322.100006103515625 328.17498779296875 327.79376220703125 325.26873779296875 316.59375 318.70623779296875 323.412506103515625 322.625 322.07501220703125 317.681243896484375 311.32501220703125 306.6875 299.537506103515625 292.36248779296875 284.9375 280.9375 281.35626220703125 273.08123779296875 266.774993896484375 259.09375 253.7687530517578125 250.2624969482421875 252.6374969482421875 257.649993896484375 256.162506103515625 258.96875 256.524993896484375 261.056243896484375 269.475006103515625 272.48126220703125 275.58123779296875 276.625 276.35626220703125 277.71875 270.20001220703125 265.41876220703125 264.631256103515625 268.92498779296875 263.46875
303.98126220703125 302.29376220703125 307.96875 314.76251220703125 324.068756103515625 329.306243896484375 327.98126220703125 324.225006103515625 322.8125 323.4375 323.65625 319.58123779296875 309.818756103515625 302.42498779296875 293.837493896484375 287.10626220703125 277.70623779296875 267.806243896484375 259.975006103515625 257.243743896484375 255.6437530517578125 248.6062469482421875 244.7375030517578125 240.243743896484375 235.3937530517578125 231.25 234.7687530517578125 237.7937469482421875 237.96875 236.4187469482421875 238.2937469482421875 247.21875 252.662506103515625 257.725006103515625 262.712493896484375 259.287506103515625 259.92498779296875 259.149993896484375 252.381256103515625 248.4187469482421875 250.6500091552734375 243.712493896484375 245.850006103515625
289.5625 296.23126220703125 301.3125 302.787506103515625 312.100006103515625 319.756256103515625 321.01251220703125 325.48126220703125 324.506256103515625 323.54998779296875 319.28125 309.51873779296875 300.462493896484375 285.631256103515625 274.631256103515625 266.04998779296875 254.5437469482421875 245.3625030517578125 238.1750030517578125 233.274993896484375 232.2062530517578125 230.837493896484375 226.4812469482421875 226.662506103515625 219.475006103515625 214.756256103515625 222.1750030517578125 223.381256103515625 220.78125 225.4375 225.4250030517578125 229.9499969482421875 234.712493896484375 241.625 243.618743896484375 235.4187469482421875 238.4187469482421875 241.3000030517578125 235.881256103515625 233.006256103515625 237.056243896484375 233.2249908447265625 231.600006103515625
273.600006103515625 275.1875 285.26251220703125 291.78125 296.475006103515625 303.162506103515625 309.73126220703125 315.774993896484375 319.13751220703125 319.70001220703125 310.96875 296.96875 282.625 266.51251220703125 255.875 246.3625030517578125 232.006256103515625 224.34375 217.5812530517578125 219.181243896484375 216.25 209.837493896484375 207.537506103515625 209.78125 203.368743896484375 199.7375030517578125 204.3312530517578125 203.625 205.3312530517578125 210.725006103515625 213.243743896484375 214.649993896484375 218.912506103515625 220.0812530517578125 222.1999969482421875 226.0812530517578125 229.462493896484375 228.8625030517578125 223.0124969482421875 220.256256103515625 222.0625 223.118743896484375 220.5124969482421875
279.056243896484375 277.23126220703125 269.54998779296875 277.59375 288.96875 290.53125 296.79998779296875 307.6875 316.40625 317.443756103515625 306.78125 282.54998779296875 267.100006103515625 252.15625 238 227.256256103515625 215.53125 203.4875030517578125 196.5124969482421875 195.9562530517578125 193.1437530517578125 190.6999969482421875 189.712493896484375 191.0749969482421875 186.0625 184.381256103515625 186.506256103515625 191.5 193.931243896484375 195.0437469482421875 200.475006103515625 204.568756103515625 206.3874969482421875 209.4562530517578125 214.962493896484375 213.225006103515625 215.431243896484375 217.9812469482421875 210.7687530517578125 205.537506103515625 207.6062469482421875 207.9875030517578125 207.0124969482421875
270.212493896484375 273.581268310546875 267.8125 257.350006103515625 272.01251220703125 284.943756103515625 287.193756103515625 293.79998779296875 305.931243896484375 308.48126220703125 291.86248779296875 269.21875 254.5500030517578125 240.0187530517578125 223.8937530517578125 212.931243896484375 200.181243896484375 188.625 183.9812469482421875 180.9250030517578125 180.868743896484375 178.3000030517578125 176.6687469482421875 174.4499969482421875 174.0812530517578125 174.131256103515625 174.649993896484375 179.5437469482421875 182.587493896484375 183.443756103515625 190.09375 193.712493896484375 197.212493896484375 196.912506103515625 195.568756103515625 200.337493896484375 197.9875030517578125 192.462493896484375 190.993743896484375 193.1437530517578125 191.1750030517578125 193.34375 190.3125
267.943756103515625 268.375 264.20001220703125 259.20001220703125 255.9937591552734375 256.756256103515625 258.881256103515625 271.212493896484375 273.25 274.787506103515625 265.868743896484375 248.993743896484375 239.006256103515625 228.125 213.587493896484375 201.6750030517578125 191.34375 180.125 170.693756103515625 167.912506103515625 163.693756103515625 162.493743896484375 160.5124969482421875 161.78125 165.8249969482421875 166.5124969482421875 166.662506103515625 169.2624969482421875 171.993743896484375 178.712493896484375 179.3249969482421875 178.7624969482421875 178.7375030517578125 181.1374969482421875 184.181243896484375 182.2687530517578125 175.1875 172.712493896484375 170.7624969482421875 174.1687469482421875 172.625 173.131256103515625 173.600006103515625
262.537506103515625 257.91876220703125 254.9875030517578125 257.42498779296875 255.0500030517578125 258.381256103515625 247.2062530517578125 237.712493896484375 229.6624908447265625 234.943756103515625 235.6062469482421875 228.618743896484375 222.712493896484375 213.306243896484375 204.431243896484375 193.3000030517578125 180.131256103515625 169.962493896484375 160.0500030517578125 151.7937469482421875 156.2687530517578125 153.1437530517578125 150.5187530517578125 151.71875 155.993743896484375 155.412506103515625 156.868743896484375 159.399993896484375 162.21875 163.8000030517578125 170.5187530517578125 168.71875 167.96875 166.837493896484375 163.162506103515625 159.587493896484375 155.7624969482421875 152.774993896484375 147.9499969482421875 147.024993896484375 148.412506103515625 152.5749969482421875 149.8562469482421875
254.8625030517578125 252.9375 247.037506103515625 246.337493896484375 246.337493896484375 243.1062469482421875 241.4812469482421875 236.8625030517578125 220.3375091552734375 210.006256103515625 208.037506103515625 206.5625 208.475006103515625 202.1750030517578125 194.6875 183.0500030517578125 176.756256103515625 169.149993896484375 161.1437530517578125 150.4250030517578125 144.681243896484375 148.243743896484375 142.25 147.962493896484375 148.53125 149.0124969482421875 150.4562530517578125 154.631256103515625 160.8625030517578125 160.9187469482421875 167 157.8249969482421875 149.587493896484375 145.681243896484375 145.5500030517578125 146.9562530517578125 145.25 143.6875 139.056243896484375 134.7375030517578125 132.381256103515625 130.537506103515625 134.34375
247.850006103515625 246.78125 241.756256103515625 240.46875 239.318756103515625 234.868743896484375 231.8125 223.649993896484375 216.274993896484375 207.9499969482421875 199.4875030517578125 188.8000030517578125 193.1125030517578125 191.2375030517578125 186.006256103515625 178.3562469482421875 169.71875 167.8312530517578125 160.943756103515625 153.7375030517578125 145.306243896484375 141.6125030517578125 134.618743896484375 137.774993896484375 137.3625030517578125 141 143.287506103515625 145.8249969482421875 148.6062469482421875 152.2312469482421875 154.8562469482421875 148.912506103515625 143.8874969482421875 139.725006103515625 134.7687530517578125 133.274993896484375 132.7937469482421875 132.4812469482421875 129.962493896484375 130.256256103515625 129.912506103515625 128.09375 122.125
244.131256103515625 240.9187469482421875 235.568756103515625 232.3312530517578125 228.556243896484375 227.212493896484375 219.068756103515625 211.649993896484375 207.4499969482421875 202.037506103515625 196.4812469482421875 187.1999969482421875 180.8874969482421875 180.3562469482421875 175.1374969482421875 169.5437469482421875 162.712493896484375 157.443756103515625 154.8249969482421875 153.475006103515625 153.875 145.9375 133.4875030517578125 123.42499542236328125 128.5 138.875 142.524993896484375 142.1062469482421875 141.399993896484375 142.3312530517578125 143.375 139.881256103515625 135.9562530517578125 131.8312530517578125 127.31874847412109375 122.40000152587890625 121.1750030517578125 118.74375152587890625 121.28749847412109375 120.18125152587890625 119.0187530517578125 115.5812530517578125 113.40000152587890625
235.3937530517578125 233.2375030517578125 231.381256103515625 224.774993896484375 221.7937469482421875 216.631256103515625 214.40625 209.131256103515625 204.1125030517578125 193.46875 190.868743896484375 184.4499969482421875 170.899993896484375 169.806243896484375 169.78125 163.600006103515625 157.087493896484375 153.618743896484375 153.006256103515625 157.5625 158.9812469482421875 152.7062530517578125 138.9250030517578125 124.8562469482421875 124.6999969482421875 128.306243896484375 129.28125 131.774993896484375 134.625 133.381256103515625 128.5124969482421875 128.5500030517578125 125.88750457763671875 119.9375 118.1999969482421875 117.6125030517578125 118.03125 116.61875152587890625 113.1999969482421875 115.38124847412109375 114.8312530517578125 110.8937530517578125 101.34375
231.2937469482421875 227.5437469482421875 223.6374969482421875 217.318756103515625 215.431243896484375 208.475006103515625 204.7375030517578125 200.412506103515625 193.037506103515625 186.3937530517578125 182.431243896484375 178.475006103515625 171.1374969482421875 158.3000030517578125 154.756256103515625 152.6687469482421875 148.399993896484375 147.625 142.6437530517578125 146.068756103515625 150.46875 145.4812469482421875 136.09375 125.47499847412109375 117.25 118.28125 121.96875 125.22499847412109375 128.90625 129.524993896484375 123.3937530517578125 118.3937530517578125 118.3000030517578125 111.3562469482421875 109.18125152587890625 110.3125 113.8874969482421875 114.74375152587890625 118.59999847412109375 116.9250030517578125 111.0749969482421875 105.6687469482421875 91.84375
225.037506103515625 221.5625 216.1437530517578125 210.631256103515625 204.962493896484375 200.1374969482421875 194.4875030517578125 192.09375 187.287506103515625 179.4499969482421875 174.618743896484375 167.2062530517578125 162.100006103515625 153.6437530517578125 140.399993896484375 141.4187469482421875 136.9250030517578125 134.3625030517578125 132.09375 134.100006103515625 137.03125 133.34375 126.81874847412109375 122.46250152587890625 118.13124847412109375 115.0749969482421875 114.71250152587890625 115.4562530517578125 117.875 117.38124847412109375 116.2937469482421875 112.9375 110.15625 107.625 102.7937469482421875 108.26874542236328125 114.8000030517578125 119.15625 123.2312469482421875 119.06874847412109375 103.6687469482421875 93.9875030517578125 90.3874969482421875
214 211.15625 208.399993896484375 204.5625 198.5749969482421875 193.5124969482421875 189.556243896484375 184.962493896484375 179.662506103515625 173.5187530517578125 167.100006103515625 160.587493896484375 154.5749969482421875 144.693756103515625 130.131256103515625 129.2624969482421875 126.3625030517578125 126.8125 122.03125 122.53749847412109375 126.4562530517578125 124.625 122.52500152587890625 121.15000152587890625 121.6062469482421875 119.56874847412109375 118.88124847412109375 117.9562530517578125 120.4187469482421875 115.3249969482421875 109.3000030517578125 108.28125 110.0187530517578125 103.46250152587890625 95.77500152587890625 96.27500152587890625 108.72499847412109375 120.78125 122.5812530517578125 115.40000152587890625 107.2687530517578125 102.7062530517578125 102.74375152587890625
205.993743896484375 201.1999969482421875 198.774993896484375 193.2687530517578125 191.4187469482421875 187.53125 182.3562469482421875 176.506256103515625 173.931243896484375 171.4250030517578125 164.774993896484375 157.193756103515625 150.8562469482421875 141.350006103515625 128.7312469482421875 114.1750030517578125 114.4375 117.5437469482421875 113.52500152587890625 113.59375 116.3000030517578125 116.86875152587890625 118.3312530517578125 120.91249847412109375 121.8937530517578125 120.34999847412109375 117.46875 117.46250152587890625 117.36875152587890625 117.1750030517578125 113.05625152587890625 107.7687530517578125 100.2624969482421875 92.69374847412109375 86.3312530517578125 98.5812530517578125 103.24375152587890625 110.78749847412109375 116.88124847412109375 118.2062530517578125 116.6999969482421875 113.125 106.03749847412109375
196.3562469482421875 193.4562530517578125 188.78125 186.9875030517578125 184.806243896484375 181.9812469482421875 176.868743896484375 172.46875 166.181243896484375 162.1687469482421875 159.15625 153.2312469482421875 144.4250030517578125 135.3312530517578125 128.0500030517578125 114.9562530517578125 100.84999847412109375 102.8562469482421875 104.19374847412109375 103.52500152587890625 104.8562469482421875 108.6125030517578125 111.19374847412109375 117.99375152587890625 119.11875152587890625 113.9812469482421875 111.25624847412109375 110.50624847412109375 114.15625 114.9812469482421875 114 111.58750152587890625 104.1062469482421875 100.1999969482421875 103.15000152587890625 106.2624969482421875 112.6374969482421875 117.6374969482421875 122.875 117.2312469482421875 115.6374969482421875 109.11875152587890625 99.08750152587890625
185.1125030517578125 183.4812469482421875 182.5625 180.943756103515625 179.4375 178.6062469482421875 172.618743896484375 167.443756103515625 161.3874969482421875 154.5124969482421875 149.4187469482421875 146.3125 137.087493896484375 129.4499969482421875 124.34375 114.5749969482421875 101.1999969482421875 89.61875152587890625 96.94374847412109375 93.34375 94.6374969482421875 98.34999847412109375 104.7375030517578125 110.13124847412109375 113.6125030517578125 108.68125152587890625 104.03749847412109375 107.71875 110.41249847412109375 108.97499847412109375 103.2624969482421875 98.21250152587890625 108.59999847412109375 108.4812469482421875 107.6125030517578125 122.21875 126.2687530517578125 120.625 120.1750030517578125 116.34999847412109375 105.09375 96.6062469482421875 88.8625030517578125
175.1624908447265625 176.212493896484375 175.537506103515625 175.0749969482421875 174.6875 171.09375 166.28125 160.6999969482421875 156.4499969482421875 151.6750030517578125 145.4562530517578125 135.600006103515625 128.212493896484375 122.8562469482421875 115.96875 108.6125030517578125 102.61875152587890625 89.2062530517578125 83.03749847412109375 81.59375 86.46250152587890625 93.46875 90.30625152587890625 98.09375 101.40000152587890625 105.09999847412109375 104.59999847412109375 102.63124847412109375 107.24375152587890625 105.7624969482421875 102.11875152587890625 102.5124969482421875 106.6750030517578125 105.1999969482421875 108.49375152587890625 118.15000152587890625 117.5749969482421875 111.5500030517578125 110.52500152587890625 103.78125 94.3625030517578125 84.1875 79.9187469482421875
