data/historical-monthly-weather-data/wc2.1_cruts4.09_10m_prec_1954-03.asc
ncols        51
nrows        45
xllcorner    -63.500000000000
yllcorner    -7.500000000000
cellsize     0.166666666667
NODATA_value -9999
[rows 0 to 19 of 45, columns 0 to 44 of 51]
212.537506103515625 208.587493896484375 200.15625 196.9187469482421875 191.431243896484375 184.8937530517578125 175.1437530517578125 165.537506103515625 157.0187530517578125 151.6437530517578125 149.5625 150.006256103515625 150.881256103515625 150.0500030517578125 151.899993896484375 153.993743896484375 158.0187530517578125 159.506256103515625 163.1875 166.4375 169.556243896484375 171.6750030517578125 174.725006103515625 177.931243896484375 183.1875 189.0187530517578125 198.0437469482421875 210.774993896484375 222.806243896484375 230.9250030517578125 242.7750091552734375 252.181243896484375 262.0625 274.243743896484375 285.51251220703125 293.54998779296875 299.774993896484375 306.3125 312.368743896484375 316.587493896484375 321.0625 325.087493896484375 327.32501220703125 330.63751220703125 330.40625
227.243743896484375 224.1999969482421875 221.5625 219.71875 216.6687469482421875 209.4812469482421875 199.2312469482421875 190.2375030517578125 183.524993896484375 177.84375 174.6374969482421875 173.431243896484375 172.7375030517578125 171.243743896484375 171.75 172.9875030517578125 175.7687530517578125 179.6999969482421875 183.9812469482421875 188.28125 191.368743896484375 193.9187469482421875 197.537506103515625 201.1999969482421875 205.568756103515625 210.9375 218.59375 230.1125030517578125 240.131256103515625 247.8937530517578125 257.42498779296875 268.3125 276.524993896484375 289.587493896484375 298.5625 306.943756103515625 314.600006103515625 320.837493896484375 326.32501220703125 329.693756103515625 334.574981689453125 337.881256103515625 339.51251220703125 341.79998779296875 342.09375
240.5500030517578125 238.962493896484375 238 236.787506103515625 233.3312530517578125 227.287506103515625 221.2312469482421875 215.756256103515625 210.40625 206.006256103515625 200.8125 197.6374969482421875 195.943756103515625 193.8562469482421875 193.568756103515625 194.9875030517578125 196.8625030517578125 200.4875030517578125 203.649993896484375 207.056243896484375 210.2375030517578125 213.2937469482421875 215.787506103515625 219.993743896484375 224.7062530517578125 228.6062469482421875 235.78125 245.881256103515625 253.837493896484375 260.149993896484375 269.58123779296875 279.399993896484375 288.475006103515625 298.48126220703125 310.243743896484375 316.64373779296875 325.087493896484375 333.881256103515625 339.125 344.068756103515625 348.79998779296875 350.850006103515625 351.537506103515625 351.993743896484375 353.59375
251.6437530517578125 252.412506103515625 254.59375 252.96875 249.7937469482421875 245.03125 242.056243896484375 240.181243896484375 238.412506103515625 235.1999969482421875 229.09375 223.21875 218.8874969482421875 215.6125030517578125 215.3125 216.149993896484375 218.8937530517578125 222.1437530517578125 224.662506103515625 226.7062530517578125 230.4187469482421875 232.3000030517578125 233.0437469482421875 237.024993896484375 241.6687469482421875 245.4000091552734375 251.65625 258.318756103515625 264.881256103515625 271.306243896484375 278.21875 288.850006103515625 297.20001220703125 306.600006103515625 317.34375 326.600006103515625 336.375 346.287506103515625 353.75 358.537506103515625 361.59375 363.78125 364.006256103515625 362.756256103515625 364.037506103515625
270.131256103515625 268.993743896484375 267.51251220703125 266.931243896484375 264.20623779296875 261.33123779296875 259.29998779296875 260.256256103515625 262.662506103515625 262.88751220703125 255.4312591552734375 246.2312469482421875 240.5625 238.100006103515625 236.6125030517578125 237.993743896484375 240.1374969482421875 243.65625 244.274993896484375 244.462493896484375 248.1374969482421875 248.9375 250.350006103515625 254.6062469482421875 258.60626220703125 262.212493896484375 265.600006103515625 270.5 277.993743896484375 281.5 288.6875 296.26251220703125 306.443756103515625 316.64373779296875 327.1875 337.631256103515625 347.975006103515625 358.125 367.024993896484375 371.524993896484375 376.068756103515625 375.850006103515625 374.61248779296875 373.712493896484375 373.131256103515625
284.756256103515625 283.54376220703125 282.943756103515625 278.4375 271.475006103515625 268.881256103515625 266.88751220703125 266.91876220703125 270.58123779296875 273.350006103515625 264.07501220703125 255.193756103515625 251.587493896484375 249.0187530517578125 248.84375 250.59375 253.431243896484375 256.662506103515625 258.350006103515625 258.23126220703125 261.056243896484375 262.975006103515625 264.83123779296875 267.85626220703125 271.20623779296875 275.256256103515625 278.03125 280.92498779296875 285.45001220703125 289.88751220703125 295.524993896484375 303.212493896484375 311.587493896484375 324.725006103515625 337.33123779296875 347.48748779296875 360.29376220703125 371.337493896484375 380.787506103515625 387.462493896484375 389.92498779296875 389.70623779296875 387.9375 385.943756103515625 383.92498779296875
297.100006103515625 294.21875 291.618743896484375 283.98126220703125 273.975006103515625 269.556243896484375 266.368743896484375 263 261.743743896484375 260.65625 259.04998779296875 256.33123779296875 255.8937530517578125 255.8625030517578125 257.375 259.850006103515625 263.23126220703125 265.5625 267.056243896484375 269.88751220703125 272.287506103515625 275.60626220703125 277.506256103515625 280.34375 283.631256103515625 286.33123779296875 288.493743896484375 289.98126220703125 291.48748779296875 294.23748779296875 301.98748779296875 308.931243896484375 317.70623779296875 328.98126220703125 342.45623779296875 354.993743896484375 367.54998779296875 379.90625 393.600006103515625 399.118743896484375 398.36248779296875 398.337493896484375 396.3125 394.23126220703125 394.39373779296875
305.04376220703125 300.199981689453125 294.35626220703125 286.193756103515625 276.962493896484375 271.10626220703125 263.287506103515625 253.3625030517578125 245.71875 244.943756103515625 250.2312469482421875 254.1937408447265625 258.46875 261.75 264.381256103515625 267.78125 269.993743896484375 271.456268310546875 273.787506103515625 277.51873779296875 281.90625 286.225006103515625 289.46875 291.681243896484375 296.118743896484375 297.10626220703125 296.91876220703125 297.056243896484375 296.274993896484375 298.40625 304.056243896484375 313.443756103515625 321.59375 332.850006103515625 346.16876220703125 358.89373779296875 372.28125 385.056243896484375 397.79998779296875 402.9375 403.59375 403.3125 401.33123779296875 398.90625 397.712493896484375
309.837493896484375 303.431243896484375 297.70623779296875 289.73748779296875 279.88751220703125 272.850006103515625 263.58123779296875 251.181243896484375 237.818756103515625 234.024993896484375 243.9499969482421875 252.03125 259.58123779296875 263.350006103515625 267.087493896484375 271.13751220703125 273.524993896484375 275.0625 278.881256103515625 282.768768310546875 285.456268310546875 291.756256103515625 295.899993896484375 303.04998779296875 307.537506103515625 307.256256103515625 303.85626220703125 301.375 301.09375 301.67498779296875 307.118743896484375 315.88751220703125 324.037506103515625 334.35626220703125 346.14373779296875 359.82501220703125 375.212493896484375 387.868743896484375 400.09375 405.243743896484375 406.65625 406.087493896484375 404.73748779296875 402.03125 397.51251220703125
314.193756103515625 306.368743896484375 299.881256103515625 292 283.243743896484375 276.243743896484375 267.681243896484375 256.4375 246.5124969482421875 243.5437469482421875 248.868743896484375 254.0625 261.21875 265.96875 269.618743896484375 273.83123779296875 277.106231689453125 278.66876220703125 281.693756103515625 285.34375 288.625 295.931243896484375 303.79998779296875 314.32501220703125 317.181243896484375 316.23748779296875 311.881256103515625 307.524993896484375 304.618743896484375 303.40625 307.04998779296875 316.649993896484375 325.912506103515625 337.04998779296875 348.306243896484375 361.20623779296875 375.64373779296875 389.33123779296875 401.881256103515625 408.92498779296875 411.899993896484375 411.899993896484375 407.756256103515625 400.03125 395.84375
318.03125 309.506256103515625 302.07501220703125 294.70001220703125 287.35626220703125 281.66876220703125 274.20001220703125 263.912506103515625 257.35626220703125 255.5749969482421875 257.42498779296875 261.162506103515625 265.625 270.556243896484375 273.96875 277.21875 280.01251220703125 281.54998779296875 283.10626220703125 286.29376220703125 291.96875 300.368743896484375 312.006256103515625 321.375 328.493743896484375 324.443756103515625 318.506256103515625 315.07501220703125 310.243743896484375 306.587493896484375 310.21875 317.837493896484375 326.368743896484375 337.131256103515625 348.725006103515625 360.78125 374.337493896484375 388.04376220703125 401.006256103515625 410.67498779296875 414.71875 412.84375 406.274993896484375 397.04376220703125 391.48748779296875
320.07501220703125 311.818756103515625 304.625 298.36248779296875 290.71875 286.868743896484375 281.649993896484375 273.45623779296875 268.618743896484375 266.431243896484375 266.787506103515625 268.774993896484375 271.306243896484375 275.07501220703125 280.09375 283.04376220703125 283.462493896484375 283.6875 284.79376220703125 286.875 290.756256103515625 300.51251220703125 315.412506103515625 330.662506103515625 335.92498779296875 326.287506103515625 319.125 315.61248779296875 313.90625 313.5625 313.79998779296875 318.5625 325.618743896484375 334.9375 345.01873779296875 358.75 373.28125 387.131256103515625 399.39373779296875 410.86248779296875 416.537506103515625 412.399993896484375 401.125 384.787506103515625 374.037506103515625
321.67498779296875 313.3125 306.962493896484375 300.21875 293.83123779296875 291.29998779296875 286.75 280.95623779296875 277.0625 276.193756103515625 277.40625 278.39373779296875 280.76873779296875 281.71875 285.475006103515625 287.67498779296875 287.149993896484375 287.375 288.662506103515625 288.774993896484375 289.38751220703125 298.63751220703125 312.9375 325.51251220703125 324.5 317.54376220703125 317.42498779296875 317.38751220703125 317.931243896484375 318.70623779296875 319.024993896484375 320.04376220703125 324.48126220703125 332.26873779296875 341.36248779296875 353.70623779296875 368.45001220703125 382.875 397.03125 410.73126220703125 419.087493896484375 412.20001220703125 391.318756103515625 370.63751220703125 355.649993896484375
321.6875 314.162506103515625 308 301.681243896484375 296.48748779296875 293.04998779296875 290.412506103515625 287.58123779296875 286.54376220703125 286.32501220703125 287.04376220703125 288.037506103515625 289.118743896484375 290.95623779296875 290.556243896484375 292.306243896484375 291.243743896484375 290.54376220703125 290.92498779296875 291.71875 294.51251220703125 301.01873779296875 310.09375 316.75 316.53125 314.73126220703125 316.48126220703125 318.068756103515625 319.631256103515625 320.96875 322.66876220703125 322.95001220703125 323.662506103515625 327.76251220703125 335.274993896484375 348.45623779296875 364.35626220703125 378.48126220703125 391.96875 404.568756103515625 412.10626220703125 398.70623779296875 380.20001220703125 363.91876220703125 350.92498779296875
321.068756103515625 312.51873779296875 307.03125 302.787506103515625 298.58123779296875 295.806243896484375 295.01251220703125 294.07501220703125 293.662506103515625 294.04998779296875 295.681243896484375 296.54376220703125 297.39373779296875 298.412506103515625 295.693756103515625 296.118743896484375 294.443756103515625 294.618743896484375 294.14373779296875 294.54376220703125 298.037506103515625 302.850006103515625 308.475006103515625 313.350006103515625 315.86248779296875 318.20001220703125 320.36248779296875 322.26251220703125 324.912506103515625 326.818756103515625 325.681243896484375 324.21875 324.568756103515625 323.556243896484375 327.16876220703125 342.256256103515625 360.07501220703125 374.556243896484375 383.73126220703125 389.368743896484375 388.40625 381.15625 372.975006103515625 360.21875 349.91876220703125
317.881256103515625 310.14373779296875 305.993743896484375 302.618743896484375 299.600006103515625 299.524993896484375 299.03125 298.48748779296875 300.59375 302.70001220703125 303.806243896484375 305.42498779296875 306.431243896484375 306.537506103515625 303.618743896484375 300.725006103515625 297.9375 298.037506103515625 297.243743896484375 297.98126220703125 300.412506103515625 303.493743896484375 307.57501220703125 311.84375 315.274993896484375 319.70623779296875 323.20001220703125 326.774993896484375 331.493743896484375 333.181243896484375 332.931243896484375 330.09375 326.850006103515625 324.95001220703125 326.181243896484375 346.8125 362.475006103515625 369.04998779296875 372.60626220703125 375.006256103515625 373.212493896484375 369.46875 364.04376220703125 355.03125 346.350006103515625
315.23748779296875 308.61248779296875 304.29376220703125 302.16876220703125 300.818756103515625 301.587493896484375 303.42498779296875 304.125 306.8125 309.90625 311.29998779296875 313.818756103515625 315.462493896484375 314.32501220703125 312.212493896484375 307.331268310546875 300.88751220703125 299.0625 299.306243896484375 299.506256103515625 301.36248779296875 304.087493896484375 307.868743896484375 312.068756103515625 316.712493896484375 320.162506103515625 324.756256103515625 330.38751220703125 335.225006103515625 338.91876220703125 339.73748779296875 337.26251220703125 334.631256103515625 336.412506103515625 349.881256103515625 366.600006103515625 372.100006103515625 370.03125 366.79376220703125 364.53125 364.41876220703125 361.5625 355.318756103515625 348.024993896484375 342.118743896484375
311.42498779296875 305.493743896484375 303.16876220703125 302.57501220703125 302.07501220703125 303.600006103515625 305.65625 307.92498779296875 311.837493896484375 315.399993896484375 318.131256103515625 322.23126220703125 322.92498779296875 322.76873779296875 319.54998779296875 312.98126220703125 305.89373779296875 297.65625 300.162506103515625 300.04376220703125 302.912506103515625 304.83123779296875 306.95623779296875 310.73748779296875 315.225006103515625 321.181243896484375 324.993743896484375 332.32501220703125 339.76873779296875 343.95623779296875 343.8125 336.32501220703125 335.64373779296875 343.14373779296875 362.65625 388.475006103515625 381.568756103515625 369.931243896484375 361.92498779296875 359.431243896484375 356.037506103515625 352.85626220703125 348.26873779296875 341.95623779296875 336.29998779296875
306.868743896484375 301.78125 300.193756103515625 300.70001220703125 302.08123779296875 305.73748779296875 309.11248779296875 312.274993896484375 316.412506103515625 320.63751220703125 323.98126220703125 325.975006103515625 329.04998779296875 330.36248779296875 324.756256103515625 316.556243896484375 307.76873779296875 298.67498779296875 296.0625 296.5625 301.100006103515625 304.5 302.037506103515625 306.39373779296875 312.26873779296875 319.54376220703125 325.512481689453125 331.856231689453125 340.48748779296875 346.76873779296875 348.34375 337.337493896484375 330.85626220703125 329.83123779296875 342.03125 363.58123779296875 363.618743896484375 358.51873779296875 355.756256103515625 352.399993896484375 349.806243896484375 345.774993896484375 342.131256103515625 337.39373779296875 332.149993896484375
299.36248779296875 296.25 295.79376220703125 297.524993896484375 300.556243896484375 306.618743896484375 311.79376220703125 316.25 321.07501220703125 324.91876220703125 327.96875 329.59375 333.76873779296875 337.04376220703125 328.16876220703125 314.975006103515625 302.58123779296875 297.89373779296875 293.54376220703125 292.712493896484375 294.131256103515625 294.8125 296.693756103515625 300.48126220703125 306.46875 313.274993896484375 320.42498779296875 328.875 335.86248779296875 339.556243896484375 338.462493896484375 330.774993896484375 317.04376220703125 304.14373779296875 298.92498779296875 315.39373779296875 334.631256103515625 342.92498779296875 346.46875 346.868743896484375 344.431243896484375 340.60626220703125 338.125 334.681243896484375 330.524993896484375
