data/historical-monthly-weather-data/wc2.1_cruts4.09_10m_prec_1985-07.asc
ncols        51
nrows        45
xllcorner    -63.500000000000
yllcorner    -7.500000000000
cellsize     0.166666666667
NODATA_value -9999
[rows 19 to 37 of 45, columns 0 to 43 of 51]
120.50624847412109375 122.7937469482421875 123.43125152587890625 124.1374969482421875 123.90625 126.81874847412109375 123.3874969482421875 122.6125030517578125 121.3562469482421875 116.5812530517578125 112.9187469482421875 113.08750152587890625 109.90000152587890625 106.5437469482421875 99.7312469482421875 91.63124847412109375 86.9250030517578125 94.4187469482421875 89.6062469482421875 87.96875 84.5437469482421875 91.78125 103.28749847412109375 110.27500152587890625 112.4250030517578125 108.40000152587890625 107.0812530517578125 110.4250030517578125 109.5187530517578125 107.625 112.65625 125.27500152587890625 130.381256103515625 135.0500030517578125 141.568756103515625 150.9562530517578125 155.7937469482421875 156.9875030517578125 155.5500030517578125 147.399993896484375 132.9499969482421875 120.125 114.6437530517578125 107.1687469482421875
108.50624847412109375 116.8937530517578125 122.4875030517578125 120.84375 118.71250152587890625 121.34375 120.0812530517578125 119.8937530517578125 117.6437530517578125 114.46250152587890625 109.75 109.69374847412109375 108.0625 103.71875 97.3312530517578125 91.21250152587890625 88.0437469482421875 88.59375 91.0749969482421875 86.4875030517578125 92.0749969482421875 98.77500152587890625 107.1125030517578125 115.25 116.8625030517578125 111.3125 103.78125 105.8000030517578125 109.0124969482421875 109.9562530517578125 117.2312469482421875 124.96875 124.7312469482421875 130.2937469482421875 136.943756103515625 143.75 148.6875 146.943756103515625 142.0124969482421875 133.962493896484375 124.49375152587890625 117.24375152587890625 109.7937469482421875 103.7687530517578125
104.81874847412109375 106.1687469482421875 113.16249847412109375 115.7937469482421875 116.4875030517578125 114.46250152587890625 114.0500030517578125 113.97499847412109375 113.3000030517578125 110.71250152587890625 108.4250030517578125 105.0187530517578125 102.11875152587890625 102.5437469482421875 100.50624847412109375 94.68125152587890625 94.31874847412109375 92.8312530517578125 93.3562469482421875 92.56874847412109375 92.93125152587890625 98.63124847412109375 106.5 108.71250152587890625 107.3625030517578125 104.3937530517578125 106.625 104.40000152587890625 110.875 115.96250152587890625 118.1999969482421875 120.1125030517578125 120.7687530517578125 123.81874847412109375 126.46250152587890625 134.25 138.506256103515625 137.7375030517578125 133.712493896484375 127.61875152587890625 120.1875 114.47499847412109375 108.65000152587890625 102.65625
101 106.9499969482421875 111.40625 112.5 112.3937530517578125 111.96250152587890625 106.125 105.9562530517578125 107.09375 109.4562530517578125 108.8249969482421875 105.5625 105.16249847412109375 103.78125 103.8625030517578125 102.1062469482421875 97.6687469482421875 93.99375152587890625 93.02500152587890625 94.47499847412109375 99.84375 101.6437530517578125 105.09999847412109375 106.3562469482421875 108.41249847412109375 103.96875 101.96250152587890625 104.44374847412109375 106.8125 108.8625030517578125 110.7312469482421875 114 113.71875 113.4875030517578125 117.5500030517578125 120.3000030517578125 125.9562530517578125 124.3625030517578125 124.2375030517578125 121.7062530517578125 116.4375 109.2687530517578125 104.50624847412109375 98.90000152587890625
94.5437469482421875 102.8249969482421875 109.875 110.03749847412109375 109.53749847412109375 106.93125152587890625 106.84999847412109375 104.69374847412109375 102.78125 101.53749847412109375 102.24375152587890625 106.0187530517578125 105.72499847412109375 106.1062469482421875 103.375 101.6125030517578125 96.74375152587890625 96.68125152587890625 95.16249847412109375 98.40000152587890625 99.9187469482421875 104.8125 107.24375152587890625 111.28749847412109375 111.625 105.9562530517578125 105.9375 101.9875030517578125 101.7937469482421875 102.56874847412109375 104.28749847412109375 105.90000152587890625 103.6374969482421875 101.6125030517578125 107.7062530517578125 107.81874847412109375 113.96250152587890625 116.8000030517578125 116.90000152587890625 114.2312469482421875 110.9187469482421875 104.9187469482421875 101.16249847412109375 95.4250030517578125
91.1125030517578125 100.09999847412109375 108.34375 109.5124969482421875 109.47499847412109375 105.16249847412109375 104.0812530517578125 102.28125 100.5187530517578125 101.61875152587890625 102.4250030517578125 100.5124969482421875 104.2624969482421875 103.9250030517578125 100.83750152587890625 97.0625 95.125 96.3249969482421875 96.9562530517578125 98.63124847412109375 101.99375152587890625 105.2687530517578125 112.125 112.84999847412109375 109.33750152587890625 109.16249847412109375 102.80625152587890625 98.53749847412109375 95.75 95.8312530517578125 92.8874969482421875 91.38124847412109375 92.6125030517578125 92.08750152587890625 93.7312469482421875 97.40625 104.08750152587890625 106.06874847412109375 107.8874969482421875 107.375 103.52500152587890625 100.24375152587890625 97.5437469482421875 91.875
92.84999847412109375 101.18125152587890625 103.7062530517578125 106.27500152587890625 105.8312530517578125 102.83750152587890625 101.2312469482421875 99.06874847412109375 96.3937530517578125 93.6999969482421875 98.90000152587890625 99.3249969482421875 98.11875152587890625 98.69374847412109375 97.3000030517578125 95.36875152587890625 93.0124969482421875 94.33750152587890625 96.2312469482421875 97.0749969482421875 103.16249847412109375 107.30625152587890625 113.41249847412109375 114.05625152587890625 109.4187469482421875 105.13124847412109375 100.5187530517578125 94.2624969482421875 88.7312469482421875 85.50624847412109375 82.19374847412109375 79.1750030517578125 78.68125152587890625 80.1437530517578125 84.59999847412109375 88.86875152587890625 94.53749847412109375 98.83750152587890625 100.4375 100.3625030517578125 100.0437469482421875 95.2062530517578125 91.875 86.46250152587890625
89.43125152587890625 93.46250152587890625 98.125 100.96250152587890625 100.28749847412109375 98.81874847412109375 98.1062469482421875 95.55625152587890625 91.38124847412109375 93.9562530517578125 97.1875 97.50624847412109375 96.8937530517578125 95.06874847412109375 92.9875030517578125 93.55625152587890625 91.72499847412109375 91.2687530517578125 93.9375 96.4250030517578125 99.3249969482421875 103.8125 110.875 113.96250152587890625 106.9375 98.8937530517578125 93.6687469482421875 88.5437469482421875 83.4499969482421875 77 74.41249847412109375 68.8125 67.78125 73.0187530517578125 76.28749847412109375 81.9499969482421875 84.8000030517578125 89.03125 91.7375030517578125 93.40000152587890625 95.25624847412109375 92.03749847412109375 87.7624969482421875 82.15000152587890625
86.3312530517578125 86.49375152587890625 90.22499847412109375 94.4499969482421875 94.21250152587890625 93.6750030517578125 93.2375030517578125 90.96875 89.7687530517578125 91.1374969482421875 92.61875152587890625 91.5812530517578125 91.46250152587890625 90.5187530517578125 88.30625152587890625 87.75624847412109375 87.28125 87.9812469482421875 88 91.34999847412109375 96.7312469482421875 99.6875 101.91249847412109375 104.15000152587890625 100.4250030517578125 93.53125 88.11875152587890625 82.9812469482421875 77.90000152587890625 73.46250152587890625 69.2687530517578125 65.65625 64.8249969482421875 66.3000030517578125 69.84375 74.49375152587890625 77.0500030517578125 81.38124847412109375 84.8937530517578125 88.91249847412109375 90.6125030517578125 90.71875 84.71875 80.28749847412109375
81.9250030517578125 81.7062530517578125 85.8125 85.55625152587890625 86.8874969482421875 85.3874969482421875 84.7375030517578125 85.1750030517578125 84.4250030517578125 86.625 87.4187469482421875 86.5749969482421875 86.8312530517578125 87.11875152587890625 85.4499969482421875 84.5437469482421875 85.1875 83.4875030517578125 84.66249847412109375 87.5500030517578125 90.94374847412109375 93.33750152587890625 96.15000152587890625 95.68125152587890625 92.65625 87.38124847412109375 82.3312530517578125 77.47499847412109375 74.7375030517578125 70.5500030517578125 65.66249847412109375 62.46875 61.15625 61.575000762939453125 64.33750152587890625 68.2624969482421875 70.9499969482421875 74.74375152587890625 77.9187469482421875 79.75 83.65000152587890625 81.6062469482421875 78.5124969482421875 74.78749847412109375
75.3625030517578125 76.96875 79.1875 79.125 78.49375152587890625 78.4562530517578125 77.5812530517578125 79.8249969482421875 80.9250030517578125 81.6062469482421875 82.5749969482421875 83.7312469482421875 83.8874969482421875 82.7687530517578125 81.50624847412109375 80.75 79.7937469482421875 79.94374847412109375 79.7375030517578125 81.05625152587890625 84.72499847412109375 86.3562469482421875 88.74375152587890625 86.40000152587890625 84.1750030517578125 80.47499847412109375 75.5625 71.7687530517578125 69.36875152587890625 65.4187469482421875 61.799999237060546875 58.52500152587890625 57.049999237060546875 57.56874847412109375 58.94374847412109375 61.5 65.75624847412109375 67.6875 68.5 70.53749847412109375 74.5124969482421875 73.80625152587890625 71.28125 67.3874969482421875
70.3625030517578125 71.03125 70.0124969482421875 72.2687530517578125 73.125 74.03125 73.53749847412109375 74.4375 75.80625152587890625 77.1437530517578125 78.88124847412109375 79.16249847412109375 81.3937530517578125 78.69374847412109375 76.7375030517578125 76.625 77.66249847412109375 75.1687469482421875 73.25 76.03749847412109375 79.53125 80.78125 81.56874847412109375 77.9562530517578125 74.9375 74.09375 69.96250152587890625 65.43125152587890625 61.91249847412109375 59.75624847412109375 57.15000152587890625 55.293750762939453125 54.393749237060546875 54.924999237060546875 55.575000762939453125 56.487499237060546875 58.9375 62.03125 61.27500152587890625 60.674999237060546875 63.03125 64.4812469482421875 62.950000762939453125 59.34999847412109375
65.3874969482421875 62.99375152587890625 62.09375 62.924999237060546875 65.0124969482421875 67.06874847412109375 68.69374847412109375 69.38124847412109375 71.46875 71.875 74.03749847412109375 76.1750030517578125 76.46875 77.02500152587890625 75.53749847412109375 74.6125030517578125 74.02500152587890625 71.5437469482421875 68.8249969482421875 71.40625 72.52500152587890625 73.9250030517578125 73.5437469482421875 70.19374847412109375 68.90000152587890625 66.36875152587890625 63.168750762939453125 60.493747711181640625 56.19374847412109375 54.66249847412109375 53.66249847412109375 52.08750152587890625 50.862499237060546875 51.15000152587890625 52.09375 52.0625 54.21250152587890625 53.75624847412109375 53.293750762939453125 54.362499237060546875 56.02500152587890625 55.84375 54.575000762939453125 53.731250762939453125
59.487499237060546875 56.700000762939453125 55.03749847412109375 55.293750762939453125 57.15000152587890625 58.987499237060546875 61.231250762939453125 62.77500152587890625 63.393749237060546875 66.5437469482421875 70.34375 70.84999847412109375 72.3625030517578125 74.43125152587890625 73.6437530517578125 71.1125030517578125 68.6999969482421875 68.75 67.58750152587890625 68.875 68.7624969482421875 67.9812469482421875 66.2687530517578125 64.21250152587890625 63.55625152587890625 60.799999237060546875 58.81874847412109375 55.356250762939453125 52.793750762939453125 50.75 49.606250762939453125 48 46.24375152587890625 46.549999237060546875 48.012500762939453125 48.96250152587890625 48.34999847412109375 47.71875 47.59375 49.674999237060546875 50.862499237060546875 51.106250762939453125 48.5 48.28749847412109375
53.887500762939453125 51.46250152587890625 50.793750762939453125 50.93125152587890625 51.237499237060546875 51.34999847412109375 53.09375 53.512500762939453125 56.75624847412109375 58.875 62.918750762939453125 65.88124847412109375 68.8249969482421875 69.9562530517578125 69.1999969482421875 66.3562469482421875 65.06874847412109375 64.50624847412109375 63.5 63.887500762939453125 64.2937469482421875 61.924999237060546875 61.44374847412109375 59.83750152587890625 57.487499237060546875 54.78749847412109375 52.956249237060546875 51.09999847412109375 48.737499237060546875 47.28749847412109375 46.168750762939453125 44.41249847412109375 42.768749237060546875 43.40625 44.25 44.15625 42.71250152587890625 42.46250152587890625 43.52500152587890625 44.5 45.8125 46.63124847412109375 46.268749237060546875 45.106250762939453125
49.31874847412109375 45.8125 46.34375 46.05625152587890625 46.674999237060546875 46.768749237060546875 46.97499847412109375 47.331249237060546875 48.53125 51.106250762939453125 55.887500762939453125 60.88124847412109375 66.50624847412109375 69.03125 66.40625 63.83750152587890625 61.9375 60.65625 60.575000762939453125 59.56874847412109375 59.481250762939453125 58.80625152587890625 57.25624847412109375 55.331249237060546875 52.893749237060546875 50.0625 48.481250762939453125 46.831249237060546875 44.66249847412109375 41.47499847412109375 40.674999237060546875 40.668750762939453125 39.887500762939453125 39.99375152587890625 39.59999847412109375 39.31874847412109375 38.86875152587890625 39.393749237060546875 39.56874847412109375 39.56874847412109375 40.06874847412109375 39.99375152587890625 41.55625152587890625 41.21250152587890625
44.643749237060546875 42.50624847412109375 43.356250762939453125 42.268749237060546875 42.456249237060546875 42.08750152587890625 42.262500762939453125 42.27500152587890625 42.99375152587890625 44.375 48.46875 54.4375 61.75 63.018749237060546875 62.38124847412109375 60.518749237060546875 59.231250762939453125 57.393749237060546875 55.875 55.18125152587890625 52.731250762939453125 53.375 51.331249237060546875 49.22499847412109375 46.36875152587890625 45.575000762939453125 44.22499847412109375 42.825000762939453125 40.831249237060546875 38.231250762939453125 37.387500762939453125 37.66249847412109375 36.75 36.875 36.59375 35.66249847412109375 35.65000152587890625 35.69374847412109375 36.61875152587890625 36.68125152587890625 36.081249237060546875 36.424999237060546875 36.09999847412109375 36.22499847412109375
39.99375152587890625 39.13124847412109375 39.46250152587890625 38.27500152587890625 38.331249237060546875 38.65625 38.58750152587890625 38.262500762939453125 38.09999847412109375 37.643749237060546875 41.75624847412109375 48.424999237060546875 54.387500762939453125 56.387500762939453125 57.168750762939453125 56.418750762939453125 55.049999237060546875 52.6875 51.018749237060546875 50.40625 47.887500762939453125 46.63124847412109375 45.21875 44.174999237060546875 41.77500152587890625 40.66249847412109375 39.700000762939453125 38.206249237060546875 36.61875152587890625 35.5 34.456249237060546875 33.88124847412109375 32.9375 33.05625152587890625 32.81874847412109375 31.668750762939453125 31.493749618530273438 32.68125152587890625 33.84375 33.33750152587890625 32.38124847412109375 32.606250762939453125 32.1875 33.03749847412109375
35.075000762939453125 35.137500762939453125 34.612499237060546875 34.84999847412109375 34.91249847412109375 35.09375 35.09375 34.6875 34.581249237060546875 33.512500762939453125 39.674999237060546875 45.47499847412109375 49.02500152587890625 51.331249237060546875 52.799999237060546875 52.581249237060546875 50.08750152587890625 49.38124847412109375 46.99375152587890625 45.987499237060546875 44.3125 42.53749847412109375 40.362499237060546875 39.575000762939453125 38.237499237060546875 37.06874847412109375 35.862499237060546875 34.674999237060546875 33.424999237060546875 32.03125 29.887500762939453125 29.875 29.131250381469726562 29.424999237060546875 28.52500152587890625 27.34375 28.424999237060546875 29.200000762939453125 30.106250762939453125 29.96875 29.274999618530273438 30.212499618530273438 29.637498855590820312 28.006250381469726562
