data/historical-monthly-weather-data/wc2.1_cruts4.09_10m_prec_1951-11.asc
ncols        45
nrows        45
xllcorner    -63.500000000000
yllcorner    -7.500000000000
cellsize     0.166666666667
NODATA_value -9999
[rows 0 to 19 of 45, columns 0 to 43 of 45]
107.40000152587890625 104.40000152587890625 99.85625457763671875 97.59375 95.24375152587890625 94.00624847412109375 92.2062530517578125 90.66249847412109375 90.66249847412109375 90.3937530517578125 90.4250030517578125 91.15625 92.28125 92.1062469482421875 93.8249969482421875 95.28749847412109375 96.78125 96.65000152587890625 96.55625152587890625 96.6875 95.28749847412109375 93.5812530517578125 92.3874969482421875 90.65000152587890625 89.4250030517578125 88.7624969482421875 89.55625152587890625 90.52500152587890625 90.9375 90.03749847412109375 89.33750152587890625 89.16249847412109375 88.34999847412109375 88.08750152587890625 87.44374847412109375 86.53125 85.68125152587890625 84.41249847412109375 82.75624847412109375 81.15000152587890625 79.0187530517578125 78.1875 76.61875152587890625 75.06874847412109375
110.13124847412109375 106.8249969482421875 103.9499969482421875 102.5 101.8125 100.7937469482421875 98.9812469482421875 98.5187530517578125 98.6687469482421875 98.21875 97.99375152587890625 98.0124969482421875 97.9499969482421875 97.83750152587890625 98.5 100.0500030517578125 100.71250152587890625 101.75 102.53125 103.43125152587890625 101.71875 99.69374847412109375 98.34375 96.90000152587890625 94.4499969482421875 92.86875152587890625 93.03125 92.91249847412109375 92.6125030517578125 91.0437469482421875 89.75624847412109375 89.03125 87.25 87.25 86.6750030517578125 85.40625 84.2062530517578125 82.625 80.63124847412109375 78.81874847412109375 76.9812469482421875 75.7687530517578125 74.53749847412109375 72.3625030517578125
113.44374847412109375 110.86875152587890625 108.53125 107.1437530517578125 107.21250152587890625 106.69374847412109375 107.03749847412109375 107.27500152587890625 108.34375 108.19374847412109375 107.21875 106.31874847412109375 105.61875152587890625 104.59999847412109375 104.58750152587890625 105.02500152587890625 105.59999847412109375 106.3000030517578125 106.25 106.5500030517578125 104.5500030517578125 102.15625 100.41249847412109375 98.875 96.56874847412109375 94.46250152587890625 94.00624847412109375 93.65000152587890625 92.56874847412109375 90.33750152587890625 89.24375152587890625 87.9375 87.30625152587890625 86.7062530517578125 86.25624847412109375 84.59999847412109375 83.1125030517578125 82.2687530517578125 80.58750152587890625 79.1437530517578125 77.3562469482421875 75.75 74.34375 72.56874847412109375
114.43125152587890625 112.1062469482421875 111.78749847412109375 110.875 111.7375030517578125 112.3000030517578125 113.41875457763671875 115.6062469482421875 118.2375030517578125 119.02500152587890625 117.3625030517578125 115.125 113.22499847412109375 111.25 110.75 110.75 111.03125 110.4562530517578125 109.90625 109.9812469482421875 107.71250152587890625 104.71250152587890625 101.8249969482421875 99.65000152587890625 97.3312530517578125 95.25 94.4187469482421875 92.72499847412109375 91.625 89.78125 88.21250152587890625 87.11875152587890625 85.65000152587890625 84.9562530517578125 84.27500152587890625 83.7062530517578125 82.77500152587890625 81.71875 80.55625152587890625 79.25624847412109375 77.0500030517578125 75.9812469482421875 74 72.09375
118.5749969482421875 114.90625 111.53125 112.22499847412109375 115.0812530517578125 116.93125152587890625 119.1437530517578125 122.9187469482421875 127.55625152587890625 130.0749969482421875 126.5500030517578125 121.9812469482421875 119.1374969482421875 117.1374969482421875 116.3125 116.2937469482421875 115.8937530517578125 114.9812469482421875 113.53749847412109375 111.96875 110.1125030517578125 106.72499847412109375 103.47499847412109375 101.52500152587890625 98.05625152587890625 95.46875 92.91249847412109375 91.7062530517578125 90.7312469482421875 88.02500152587890625 86.2375030517578125 85.0500030517578125 83.86875152587890625 83.34999847412109375 82.93125152587890625 82.53125 81.9562530517578125 81.3562469482421875 80.90625 79.03749847412109375 77.27500152587890625 75.5187530517578125 73.68125152587890625 71.94374847412109375
121.5187530517578125 118.3562469482421875 114.91249847412109375 112.0124969482421875 115.6374969482421875 119.84999847412109375 123.0500030517578125 126.3249969482421875 130.6687469482421875 134 129.774993896484375 125.19374847412109375 122.8562469482421875 120.9250030517578125 119.65625 118.94374847412109375 118.5749969482421875 117.22499847412109375 115.8937530517578125 113.53125 110.96875 107.97499847412109375 104.65000152587890625 101.40000152587890625 98.34375 94.9499969482421875 92.28749847412109375 90.3125 88.8000030517578125 86.0500030517578125 83.7062530517578125 83.5187530517578125 82.6437530517578125 82.8249969482421875 82.79999542236328125 83.36875152587890625 83.5437469482421875 83.80625152587890625 84.1062469482421875 82.78125 79.59375 77.77500152587890625 75.7312469482421875 74.1437530517578125
125.72499847412109375 123.9562530517578125 120.50624847412109375 117.34375 118.27500152587890625 120.46875 123.36875152587890625 125.88124847412109375 127.49375152587890625 127.22499847412109375 126.6875 125.03749847412109375 124.38124847412109375 123.2937469482421875 122.625 122.1437530517578125 121.4375 119.4562530517578125 116.8312530517578125 115.375 112.53749847412109375 109.22499847412109375 105.7687530517578125 101.86875152587890625 98.21875 94.96875 91.5749969482421875 88.71875 85.7624969482421875 83.2312469482421875 81.5625 80.9875030517578125 81.0124969482421875 81.96250152587890625 83 83.77500152587890625 84.34999847412109375 85.53125 87.55625152587890625 86 82.30625152587890625 79.97499847412109375 77.7937469482421875 75.9562530517578125
131.34375 129.40625 126.7062530517578125 125.3874969482421875 125.8000030517578125 125.84999847412109375 124.61875152587890625 122.1374969482421875 119.63124847412109375 119.3562469482421875 122.2624969482421875 123.9812469482421875 124.99375152587890625 125.0437469482421875 124.81874847412109375 124.84375 123.8562469482421875 121.2687530517578125 118.66249847412109375 116.28749847412109375 114.4499969482421875 111.40000152587890625 107.1125030517578125 102.7312469482421875 99.16249847412109375 94.1374969482421875 89.99375152587890625 86.2062530517578125 83.19374847412109375 80.2375030517578125 78.5625 78.70624542236328125 79.4187469482421875 80.7062530517578125 82.36875152587890625 83.3125 84.7312469482421875 85.78749847412109375 86.49375152587890625 85.25624847412109375 82.41249847412109375 80.2375030517578125 77.96250152587890625 75.96875
136.4375 135.34375 133.8562469482421875 132.8125 132.537506103515625 131.5 129.1437530517578125 125.1062469482421875 118.4499969482421875 115.38124847412109375 119.63124847412109375 122.90000152587890625 125.3000030517578125 126.125 126.1437530517578125 125.6750030517578125 124.6062469482421875 122.81874847412109375 122.08750152587890625 119.84375 116.43125152587890625 113.2937469482421875 108.38124847412109375 104.7062530517578125 99.9187469482421875 94.15000152587890625 89.09375 85.21250152587890625 81.9375 78.375 77.30625152587890625 78.31874847412109375 78.86875152587890625 80.0812530517578125 81.69374847412109375 83.31874847412109375 84.84375 85.91249847412109375 86.16249847412109375 85.5749969482421875 83.28125 80.8937530517578125 78.97499847412109375 77.1062469482421875
142.024993896484375 140.6687469482421875 139.6062469482421875 139.1125030517578125 139.225006103515625 138.506256103515625 135.287506103515625 130.350006103515625 125.18125152587890625 122.66249847412109375 123.44374847412109375 124.34999847412109375 126.78125 127.56874847412109375 127.0187530517578125 126.30625152587890625 125.21875 124.8000030517578125 124.6062469482421875 124.06874847412109375 120.59999847412109375 116.3937530517578125 110.59375 105.9187469482421875 99.88124847412109375 94.0187530517578125 89.3312530517578125 84.6999969482421875 80.8000030517578125 76.9250030517578125 76.06874847412109375 77.27500152587890625 78.21250152587890625 79.86875152587890625 81.79375457763671875 83.7062530517578125 85.61875152587890625 86.38124847412109375 86.65625 86.18125152587890625 84.6437530517578125 82.46250152587890625 80 77.52500152587890625
148.0812530517578125 146.90625 145.6312408447265625 145.2624969482421875 145.4187469482421875 146.0625 143.3625030517578125 137.5749969482421875 132.4250030517578125 129.28125 128.8874969482421875 128.6437530517578125 129.1750030517578125 129.225006103515625 127.66875457763671875 126.13124847412109375 125.2062530517578125 125.8625030517578125 126.9375 128.1125030517578125 127.15000152587890625 121.81874847412109375 114.08750152587890625 106.1062469482421875 100.3312530517578125 95.2624969482421875 90.5812530517578125 86.03125 81.3312530517578125 77.5625 76.8125 77.8249969482421875 79.1750030517578125 80.80625152587890625 82.3937530517578125 83.90625 85.44374847412109375 86.5749969482421875 87.7375030517578125 87.52500152587890625 86.0124969482421875 84.0124969482421875 81.6687469482421875 79.2687530517578125
153.40625 152.1125030517578125 150.868743896484375 151.256256103515625 151.5812530517578125 152.3562469482421875 150.649993896484375 144.662506103515625 139.350006103515625 135.75 133.8312530517578125 132.53125 130.3562469482421875 129.0625 127.4812469482421875 126.0812530517578125 125.6062469482421875 126.70000457763671875 129.1062469482421875 132.4250030517578125 133.274993896484375 127.95624542236328125 118.74375152587890625 109.0749969482421875 101.7687530517578125 96.1125030517578125 91.53749847412109375 87.5625 84.2624969482421875 80.9250030517578125 79.40625 79.4812469482421875 80.20624542236328125 81.44374847412109375 83.2624969482421875 84.94374847412109375 86.46875 88.08750152587890625 88.91249847412109375 88.93125152587890625 88.0812530517578125 86.0187530517578125 83.6999969482421875 81.375
158.4250030517578125 157.4812469482421875 156.399993896484375 155.850006103515625 155.431243896484375 155.6437530517578125 153.4187469482421875 148.8562469482421875 144.131256103515625 140.8874969482421875 138.162506103515625 135.875 132.493743896484375 127.7375030517578125 125.4250030517578125 124.44374847412109375 124.5187530517578125 127.16249847412109375 130.368743896484375 134.037506103515625 136.2312469482421875 131.243743896484375 121.3874969482421875 112.27500152587890625 103.3937530517578125 96.58750152587890625 93.4812469482421875 90.0187530517578125 87.25 84.3874969482421875 82.56874847412109375 81.83124542236328125 81.493743896484375 82.09999847412109375 83.71250152587890625 85.4875030517578125 87.3312530517578125 89.11875152587890625 90.50624847412109375 90.03125 89.7937469482421875 88.31874847412109375 85.02500152587890625 79.25
163.024993896484375 161.0749969482421875 159.84375 158.875 158.243743896484375 157.0749969482421875 154.975006103515625 151.7687530517578125 148.4375 144.881256103515625 141.587493896484375 136.59375 131.9875030517578125 126.64374542236328125 122.03749847412109375 121.1437530517578125 121.9375 124.71875 127.9875030517578125 131.037506103515625 132 128.087493896484375 120.6999969482421875 112.75624847412109375 105.2687530517578125 99.13750457763671875 96.78125 93.9187469482421875 90.99375152587890625 87.8874969482421875 85.9375 84.50624847412109375 83.2062530517578125 82.9187469482421875 84.59999847412109375 86.86875152587890625 88.9499969482421875 91.97499847412109375 92.8874969482421875 93.4812469482421875 92.375 88.09375 83.4875030517578125 80.58750152587890625
165.1437530517578125 163.09375 161.962493896484375 160.9875030517578125 160.0625 158.6125030517578125 157.0749969482421875 154.3625030517578125 150.837493896484375 147.0500030517578125 143.100006103515625 137.3874969482421875 131.4562530517578125 125.33750152587890625 118.9812469482421875 117.52500152587890625 118.9562530517578125 122.1125030517578125 125.58750152587890625 128.3249969482421875 128.4250030517578125 125.31874847412109375 120.00624847412109375 114.6125030517578125 109.6687469482421875 105.02500152587890625 102.5625 99.6374969482421875 96.52500152587890625 92.625 89.74375152587890625 87.34999847412109375 85.8312530517578125 85.2062530517578125 85.9375 88.1999969482421875 91.69374847412109375 96.36875152587890625 99.3562469482421875 99.6875 97.21875 93.1062469482421875 89.52500152587890625 86.46875
166.09375 163.931243896484375 163.4187469482421875 162.4812469482421875 161.6500091552734375 160.618743896484375 158.600006103515625 156.087493896484375 153.350006103515625 150.318756103515625 145.6374969482421875 139.1125030517578125 132.431243896484375 124.8562469482421875 117.65000152587890625 113.3125 116.34375 120.9187469482421875 124.27500152587890625 126.71250152587890625 126.98749542236328125 124.65000152587890625 120.33750152587890625 116.86875152587890625 113.8000030517578125 111.5187530517578125 110.05625152587890625 107.05625152587890625 102.6062469482421875 97.46250152587890625 93.68125152587890625 90.8125 88.53749847412109375 87.96875 87.56874847412109375 91.1687469482421875 96.1374969482421875 99.15000152587890625 102.75624847412109375 104.41249847412109375 105.06874847412109375 101.24375152587890625 96.1687469482421875 89.59375
166.587493896484375 165.287506103515625 164.40625 163.625 163.3249969482421875 162.3000030517578125 161.087493896484375 158.6437530517578125 156.21875 152.96875 148.7375030517578125 142.0500030517578125 134.587493896484375 126.81874847412109375 120.0749969482421875 116.0437469482421875 115.96250152587890625 119.6125030517578125 123.68125152587890625 126.6125030517578125 126.8562469482421875 124.8000030517578125 121.1999969482421875 118.6125030517578125 117.4499969482421875 117.94374847412109375 118.7312469482421875 114.5 107.8625030517578125 101.97499847412109375 97.91249847412109375 95.93125152587890625 92.8937530517578125 91.5187530517578125 94.0625 99.74375152587890625 102.79999542236328125 106.9499969482421875 112.09375 113.71250152587890625 115.6062469482421875 110.76874542236328125 102.02500152587890625 95.3312530517578125
166 164.850006103515625 164.7312469482421875 164.537506103515625 164.0749969482421875 164.274993896484375 163.6750030517578125 161.537506103515625 159.3937530517578125 156.225006103515625 152.0749969482421875 145.6125030517578125 137.5437469482421875 130.6125030517578125 125.3249969482421875 121.40000152587890625 119.7375030517578125 119.56874847412109375 124.53125 127.8874969482421875 128.9375 126.0437469482421875 122.3562469482421875 121.55625152587890625 122.3249969482421875 124.0749969482421875 127.96250152587890625 122.09375 112.9375 104.6062469482421875 99.50624847412109375 97.24375152587890625 97.63124847412109375 100.75624847412109375 104.53125 105.94374847412109375 109.9812469482421875 114.1999969482421875 116.0625 120.0625 120.7687530517578125 115.5187530517578125 108.25624847412109375 102.00624847412109375
164.7624969482421875 164.53125 164.71875 165.037506103515625 165.412506103515625 165.8937530517578125 165.4437408447265625 164.443756103515625 163.100006103515625 160.9875030517578125 156.681243896484375 150.024993896484375 142.2687530517578125 135.774993896484375 130.1437530517578125 126.4875030517578125 124.40000152587890625 122.73749542236328125 125.0437469482421875 128.625 131.21875 130.475006103515625 123.5437469482421875 123.96250152587890625 126.03125 128.225006103515625 130.1875 125.71250152587890625 117.5812530517578125 107.8562469482421875 100.80625152587890625 101.15000152587890625 106.5 109.74375152587890625 111.88124847412109375 115.4187469482421875 118.375 121.21250152587890625 123.65000152587890625 125.61875152587890625 125.55625152587890625 122.6062469482421875 115.4812469482421875 109.375
163.181243896484375 163.6187591552734375 163.975006103515625 164.943756103515625 165.875 167.2375030517578125 167.774993896484375 167.412506103515625 167.1875 166.1374969482421875 163.2375030517578125 157.21875 149.8125 142.2687530517578125 136.5500030517578125 131.6437530517578125 127.125 126.99375152587890625 128.1750030517578125 130.6687469482421875 130.9187469482421875 127.96875 125.02500152587890625 126.1999969482421875 128.0124969482421875 128.587493896484375 128.9375 127.65000152587890625 121.11875152587890625 112.0124969482421875 106.77500152587890625 110.27500152587890625 114.4875030517578125 119.1062469482421875 122.6750030517578125 125.31874847412109375 128.368743896484375 131.4000091552734375 132.0062408447265625 131.837493896484375 130.8937530517578125 128.0437469482421875 122.44374847412109375 117.6062469482421875
