data/historical-monthly-weather-data/wc2.1_cruts4.09_10m_prec_1952-11.asc
ncols        45
nrows        45
xllcorner    -63.500000000000
yllcorner    -7.500000000000
cellsize     0.166666666667
NODATA_value -9999
[rows 0 to 18 of 45, columns 0 to 43 of 45]
134.631256103515625 128.962493896484375 122.83750152587890625 119.8125 116.69374847412109375 115.3249969482421875 113.2937469482421875 111.50624847412109375 111.15000152587890625 110.4250030517578125 109.94374847412109375 109.6437530517578125 109.7062530517578125 108.24375152587890625 108.46250152587890625 108.40625 108.44374847412109375 106.84375 105.40000152587890625 104.375 102.5 100.4375 99.03749847412109375 97.63124847412109375 96.84375 96.65625 98.22499847412109375 100.00624847412109375 101.59375 104.2624969482421875 107.5187530517578125 111.55625152587890625 115.5437469482421875 120.4375 124.7687530517578125 127.69374847412109375 130.6875 132.818756103515625 132.375 131.649993896484375 129.806243896484375 128.318756103515625 125.33750152587890625 122.4562530517578125
138.7312469482421875 132.3125 127.96875 125.625 124.375 123.3312530517578125 121.4375 121.125 121.08750152587890625 120.2375030517578125 119.5500030517578125 118.44374847412109375 117.1750030517578125 115.7624969482421875 114.75 114.71875 113.7375030517578125 112.96875 112 111.4375 109.31874847412109375 107.06874847412109375 105.6437530517578125 105.0124969482421875 103.31874847412109375 102.55625152587890625 103.69374847412109375 104.4812469482421875 105.63124847412109375 108.63124847412109375 112.5 117.1062469482421875 120.4562530517578125 126.36875152587890625 131.493743896484375 134.7687530517578125 138.162506103515625 140.787506103515625 140.1374969482421875 139.3874969482421875 138.274993896484375 136.1374969482421875 133.568756103515625 129.274993896484375
140.78125 134.9499969482421875 131.0812530517578125 128.649993896484375 128.1750030517578125 128.068756103515625 129.1687469482421875 130.068756103515625 131.4937591552734375 131.375 130.087493896484375 128.118743896484375 126.2937469482421875 124.0437469482421875 122.25624847412109375 120.96875 119.86875152587890625 118.96250152587890625 117.28125 116.30625152587890625 114.33750152587890625 112.1875 110.83750152587890625 110.5749969482421875 109.50624847412109375 108.5124969482421875 108.99375152587890625 109.46875 109.65625 112.03125 116.34999847412109375 120.50624847412109375 125.78125 131.3937530517578125 137.318756103515625 140.600006103515625 144.28125 148.8874969482421875 149.1875 149.46875 148.693756103515625 145.743743896484375 142.7312469482421875 138.8125
139.443756103515625 133.6875 132.068756103515625 130.087493896484375 130.40625 131.9250030517578125 134.3625030517578125 138.0500030517578125 141.75 143.149993896484375 141.475006103515625 138.2062530517578125 135.28125 132.100006103515625 129.7687530517578125 127.96875 126.61875152587890625 124.61875152587890625 122.7624969482421875 121.9562530517578125 120.25624847412109375 118.0124969482421875 115.9187469482421875 115.46250152587890625 114.83750152587890625 114.25 114.2375030517578125 113 113.0625 115.8625030517578125 119.6374969482421875 124.16249847412109375 128.631256103515625 134.4875030517578125 140.5812530517578125 146.318756103515625 151.75 156.818756103515625 158.493743896484375 159.443756103515625 158.1374969482421875 156.118743896484375 151.7624969482421875 147.193756103515625
141.537506103515625 133.975006103515625 128.725006103515625 128.537506103515625 131.1062469482421875 134.4375 138.568756103515625 144.5124969482421875 150.993743896484375 154.899993896484375 151.4250030517578125 145.787506103515625 142.0124969482421875 139.0812530517578125 136.5 134.75 132.774993896484375 130.818756103515625 128.399993896484375 126.1875 125.55625152587890625 123.4375 121.53749847412109375 121.81874847412109375 120.3000030517578125 119.43125152587890625 117.22499847412109375 116.4562530517578125 116.5625 118.13124847412109375 121.5 125.86875152587890625 130.9187469482421875 137.431243896484375 144.381256103515625 151.0124969482421875 157.774993896484375 164.4875030517578125 168.087493896484375 168.287506103515625 168.1750030517578125 164.725006103515625 160.556243896484375 155.9375
140.3312530517578125 133.4875030517578125 128.537506103515625 124.55625152587890625 128.162506103515625 134.3562469482421875 139.837493896484375 145.4312591552734375 151.881256103515625 157.0625 153.2062530517578125 147.90625 145.068756103515625 142.5625 139.9187469482421875 137.8312530517578125 136.3312530517578125 134.587493896484375 133.037506103515625 130.5500030517578125 129.6875 128.5500030517578125 126.9875030517578125 126.0187530517578125 125.1999969482421875 123.49375152587890625 121.0437469482421875 119.1750030517578125 118.44374847412109375 119.4562530517578125 121.5187530517578125 126.80625152587890625 131.725006103515625 138.774993896484375 145.806243896484375 153.8625030517578125 161.8125 169.9812469482421875 175.5625 177.381256103515625 174.712493896484375 171.568756103515625 167.3562469482421875 163.306243896484375
140.149993896484375 135.0500030517578125 130.443756103515625 126.55625152587890625 127.41249847412109375 131.5625 136.8937530517578125 141.837493896484375 145.3125 146.631256103515625 147.4499969482421875 145.9250030517578125 145.350006103515625 144.1750030517578125 142.7624969482421875 141.5 140.162506103515625 138.462493896484375 136.162506103515625 135.5 134.931243896484375 133.9187469482421875 132.6437530517578125 131.1437530517578125 129.7375030517578125 128.3249969482421875 124.8125 121.625 118.75624847412109375 119.5 121.83750152587890625 125.9375 131.5187530517578125 138.962493896484375 147.0812530517578125 155 163.1062469482421875 172.6875 182.0812530517578125 183.962493896484375 180.600006103515625 176.9375 172.96875 168.7375030517578125
141.5437469482421875 136.3937530517578125 132.9499969482421875 131.34375 131.9250030517578125 134.037506103515625 135.0749969482421875 134.65625 133.774993896484375 135.2937469482421875 140.2375030517578125 142.875 144.493743896484375 144.9499969482421875 144.618743896484375 144.5124969482421875 143.4562530517578125 141.837493896484375 140.3625030517578125 139.381256103515625 140.6437530517578125 140.537506103515625 138.71875 136.8249969482421875 135.75 132.0625 127.28749847412109375 122.625 119.44374847412109375 118.83750152587890625 120.44374847412109375 124.9499969482421875 130.8249969482421875 138.0187530517578125 146.3187408447265625 153.912506103515625 162.9875030517578125 171.6687469482421875 178.475006103515625 181.1999969482421875 180.037506103515625 177.2375030517578125 173.65625 169.4250030517578125
143.15625 139.274993896484375 137.318756103515625 136.1999969482421875 136.2312469482421875 137.3000030517578125 137.2375030517578125 135.2687530517578125 129.9812469482421875 128.4812469482421875 134.9812469482421875 139.4812469482421875 142.875 144.46875 145.1437530517578125 145.287506103515625 144.8625030517578125 144.725006103515625 146.0124969482421875 145.774993896484375 145.837493896484375 146.34375 144.243743896484375 143.4250030517578125 140.7375030517578125 135.9187469482421875 129.5500030517578125 124.47499847412109375 120.46875 117.97499847412109375 119.46250152587890625 124.25 129.006256103515625 135.131256103515625 142.28125 150.2312469482421875 158.5437469482421875 166.318756103515625 171.9875030517578125 176.087493896484375 176.3562469482421875 173.6875 171.59375 168.28125
145.2937469482421875 141.5500030517578125 140.2624969482421875 139.8937530517578125 140.40625 141.90625 141.0625 138.2624969482421875 134.837493896484375 134.1750030517578125 136.90625 138.931243896484375 142.5124969482421875 144.350006103515625 145.1125030517578125 145.75 146.118743896484375 148.162506103515625 150.6062469482421875 153.037506103515625 153.84375 153.78125 151.056243896484375 149.0749969482421875 144.6374969482421875 139.5500030517578125 133.34375 126.7687530517578125 121.46875 117.4375 118.1125030517578125 122.11875152587890625 126.6062469482421875 132.5625 139.2937469482421875 146.8625030517578125 154.9562530517578125 161.28125 166.8562469482421875 171.1750030517578125 173.162506103515625 171.6374969482421875 168.993743896484375 165.0187530517578125
147.881256103515625 144.7375030517578125 143.4562530517578125 143.368743896484375 144.09375 146.9875030517578125 146.756256103515625 143.212493896484375 140.1125030517578125 138.9562530517578125 140.5812530517578125 141.5500030517578125 143.212493896484375 144.4812469482421875 144.7687530517578125 145.193756103515625 146.443756103515625 150.287506103515625 154.850006103515625 160 164.9499969482421875 164.350006103515625 159.756256103515625 153.1750030517578125 149.0625 145.0625 138.5124969482421875 131.6062469482421875 124.63124847412109375 119.7062530517578125 119.5500030517578125 122.2687530517578125 126.625 131.725006103515625 137.024993896484375 143.15625 149.71875 155.931243896484375 162.96875 167.875 170.131256103515625 169.475006103515625 167.7312469482421875 164.506256103515625
150.837493896484375 147.90625 146.774993896484375 147.524993896484375 148.462493896484375 151.381256103515625 152.0812530517578125 148.34375 145.15625 143.6125030517578125 143.631256103515625 143.7937469482421875 142.8125 142.912506103515625 143.3249969482421875 144.0625 146.03125 150.7687530517578125 157.399993896484375 165.8125 174.037506103515625 174.5500030517578125 168.743743896484375 159.8312530517578125 153.3874969482421875 148.3312530517578125 141.368743896484375 134.787506103515625 129.368743896484375 124.36875152587890625 122.20624542236328125 122.66249847412109375 125.43125152587890625 129.2624969482421875 134.2312469482421875 139.875 145.506256103515625 151.8125 158.3312530517578125 163.9812469482421875 167.881256103515625 167.4499969482421875 166.118743896484375 163.493743896484375
153.5812530517578125 151.3562469482421875 150.493743896484375 150.40625 150.649993896484375 152.8562469482421875 152.8625030517578125 150.475006103515625 147.8937530517578125 146.7375030517578125 145.9499969482421875 145.368743896484375 143.524993896484375 140.125 139.8125 141.0187530517578125 143.6750030517578125 150.5625 158.587493896484375 167.9562530517578125 178.8312530517578125 180.75 174.774993896484375 166.631256103515625 157.743743896484375 150.7624969482421875 145.4187469482421875 139.0500030517578125 133.875 128.7937469482421875 125.36875152587890625 123.90625 124.46250152587890625 126.78749847412109375 130.774993896484375 135.8249969482421875 141.1999969482421875 147.006256103515625 154.5625 159.6125030517578125 165.0500030517578125 166.03125 163.118743896484375 154.1437530517578125
155.90625 153.056243896484375 152.162506103515625 151.7375030517578125 151.818756103515625 152.5187530517578125 152.46875 151.3000030517578125 150.125 148.662506103515625 147.3312530517578125 144.1437530517578125 141.28125 137.537506103515625 134.756256103515625 136.037506103515625 139.4875030517578125 146.75 155.100006103515625 164.0124969482421875 173.868743896484375 177.787506103515625 175.8000030517578125 169.2624969482421875 162.2375030517578125 156.056243896484375 151.3312530517578125 145.2624969482421875 139.212493896484375 132.96875 128.625 125.44374847412109375 124.1374969482421875 124.65000152587890625 128.15625 133.3000030517578125 138.375 145.462493896484375 152.037506103515625 158.899993896484375 162.8625030517578125 159.243743896484375 154.4562530517578125 151.59375
156.1999969482421875 153.3937530517578125 152.6875 152.318756103515625 152.149993896484375 152.5 152.9375 152.181243896484375 150.774993896484375 149.037506103515625 147.0124969482421875 143.100006103515625 138.8625030517578125 134.306243896484375 129.5749969482421875 130.125 134.1687469482421875 141.7937469482421875 150.3000030517578125 158.8937530517578125 168.181243896484375 173.899993896484375 175.3937530517578125 172.1999969482421875 168.5812530517578125 164.350006103515625 158.912506103515625 152.2624969482421875 145.537506103515625 137.625 131.4250030517578125 126.4375 124.59999847412109375 124.34375 126.2062530517578125 130.8125 137.4250030517578125 146.1999969482421875 154.1875 158.537506103515625 158.5812530517578125 157.03125 156.4812469482421875 155.65625
155.375 152.7062530517578125 152.6125030517578125 152.306243896484375 152.287506103515625 153 152.90625 152.274993896484375 151.587493896484375 150.5500030517578125 147.7687530517578125 143.03125 137.9875030517578125 131.875 126.2687530517578125 123.61875152587890625 129.256256103515625 138.375 146.681243896484375 154.8937530517578125 165.0500030517578125 172.6062469482421875 176.2624969482421875 175.4375 174.1687469482421875 173.056243896484375 168.6437530517578125 161.375 152.21875 142.0187530517578125 134.1374969482421875 128.149993896484375 125.09375 124.78749847412109375 124.74375152587890625 130.84375 139.03125 144.556243896484375 151.399993896484375 155.4875030517578125 158.7937469482421875 159.462493896484375 158.943756103515625 154.4250030517578125
154.1062469482421875 152.3625030517578125 152.0124969482421875 151.90625 152.4250030517578125 153.0875091552734375 153.6999969482421875 153.131256103515625 152.712493896484375 151.4187469482421875 149.0625 144.1750030517578125 138.3125 132.0562591552734375 127.0124969482421875 124.68125152587890625 126.80625152587890625 134.8000030517578125 143.806243896484375 152.6125030517578125 163.4187469482421875 172.2312469482421875 177.625 177.6750030517578125 178.600006103515625 181.1999969482421875 179.6374969482421875 170.024993896484375 157.28125 145.6374969482421875 137.0187530517578125 131.975006103515625 127.7937469482421875 126.22499847412109375 130.1062469482421875 138.71875 143.774993896484375 150.3249969482421875 157.84375 160.3000030517578125 164.212493896484375 164.7062530517578125 160.337493896484375 157.53125
151.4375 149.9375 150.3625030517578125 150.8625030517578125 151.243743896484375 153.087493896484375 154.318756103515625 154.100006103515625 153.9812469482421875 152.8249969482421875 150.587493896484375 145.8625030517578125 139.368743896484375 133.9812469482421875 130.431243896484375 128.21875 128.618743896484375 132.0749969482421875 141.662506103515625 150.6437530517578125 163.1437530517578125 171.774993896484375 177.818756103515625 180.037506103515625 183.1437530517578125 187.006256103515625 189.4499969482421875 177.0812530517578125 160.5187530517578125 145.506256103515625 135.506256103515625 130.09375 130.4875030517578125 134.9375 140.375 143.087493896484375 149.475006103515625 156.1437530517578125 159.5437469482421875 165.8562469482421875 168.4875030517578125 167.4812469482421875 164.243743896484375 161.2312469482421875
148.1374969482421875 147.6062469482421875 148.318756103515625 149.318756103515625 150.5187530517578125 152.649993896484375 154.0812530517578125 154.9875030517578125 155.6875 155.600006103515625 153.306243896484375 148.375 142.1437530517578125 137.162506103515625 133.2687530517578125 131.34375 131.225006103515625 132.8000030517578125 138.962493896484375 147.850006103515625 162.868743896484375 175.287506103515625 177.787506103515625 181.243743896484375 185.59375 189.34375 188.475006103515625 177.9187469482421875 162.8249969482421875 146.056243896484375 133.556243896484375 131.568756103515625 138.375 142.868743896484375 145.962493896484375 151.6062469482421875 156.6374969482421875 161.5812530517578125 166.568756103515625 171.0625 173.2687530517578125 174.2312469482421875 169.6750030517578125 165.6374969482421875
