data/historical-monthly-weather-data/wc2.1_cruts4.09_10m_prec_1967-01.asc
ncols        45
nrows        45
xllcorner    -63.500000000000
yllcorner    -7.500000000000
cellsize     0.166666666667
NODATA_value -9999
[rows 0 to 19 of 45, columns 0 to 44 of 45]
296.16876220703125 296.85626220703125 285.243743896484375 276.899993896484375 265.64373779296875 257.79376220703125 246.381256103515625 231.3937530517578125 216.7687530517578125 205.350006103515625 196.0625 186.6750030517578125 175.868743896484375 161.118743896484375 149.662506103515625 140.5437469482421875 131.9875030517578125 122.9250030517578125 119.6999969482421875 116.56874847412109375 116.58750152587890625 118.0812530517578125 119.6374969482421875 122.28749847412109375 126.5812530517578125 130.443756103515625 136.9187469482421875 145 153.6999969482421875 159.587493896484375 165.7312469482421875 172.0500030517578125 176.8125 183.1875 188.243743896484375 193.7624969482421875 196.743743896484375 198.5 200.75 202.4875030517578125 203.4250030517578125 204.725006103515625 204.96875 205.7375030517578125 207.6062469482421875
313.350006103515625 313.662506103515625 305.6875 297.61248779296875 290.64373779296875 283.98126220703125 273.16876220703125 262.306243896484375 250.3125 238.5 225.4499969482421875 211.537506103515625 196.524993896484375 182.2937469482421875 168.649993896484375 156.28125 144.7937469482421875 136.2624969482421875 131.118743896484375 128.0625 129.28125 131.0187530517578125 133.4375 137.125 140.037506103515625 143.1687469482421875 149.649993896484375 156.818756103515625 163.931243896484375 169.9875030517578125 175.1999969482421875 179.9875030517578125 184.1999969482421875 191.212493896484375 195.4250030517578125 198.381256103515625 203.15625 204.7062530517578125 205.693756103515625 206.6687469482421875 207.850006103515625 208.725006103515625 207.6062469482421875 207.818756103515625 208.8937530517578125
321.14373779296875 322.35626220703125 315.625 309.743743896484375 305.25 300.41876220703125 293.98126220703125 287.78125 277.725006103515625 266.53125 252.8937530517578125 236.618743896484375 220.431243896484375 203.600006103515625 187.8625030517578125 172.375 159.46875 150.8625030517578125 144.9250030517578125 142.931243896484375 145.056243896484375 148.368743896484375 150.881256103515625 153.193756103515625 155.0625 156.993743896484375 163.03125 169.537506103515625 174.8812408447265625 179.649993896484375 185.725006103515625 191.131256103515625 196.5500030517578125 199.943756103515625 205.462493896484375 208.149993896484375 211.9375 214.5749969482421875 215.3125 215.212493896484375 216.649993896484375 216.412506103515625 215.2312469482421875 214.3625030517578125 213.40625
323.943756103515625 325.912506103515625 324.98126220703125 321.318756103515625 320.89373779296875 313.337493896484375 311.76873779296875 311.631256103515625 306.35626220703125 298.23126220703125 282.506256103515625 263.23748779296875 244.5500030517578125 226.068756103515625 208.681243896484375 191.125 175.350006103515625 164.8187408447265625 159.90625 160.4187469482421875 165.0124969482421875 168.7624969482421875 169.2312469482421875 171.1062469482421875 172.1437530517578125 173.0625 178.6062469482421875 182.4875030517578125 186.774993896484375 191.7062530517578125 197.15625 203.8625030517578125 208.28125 211.5812530517578125 214.9875030517578125 219.2062530517578125 221.75 224.5187530517578125 225.712493896484375 226.5812530517578125 225.875 225.9375 224.212493896484375 221.5812530517578125 219.975006103515625
336.712493896484375 334.1875 330.83123779296875 330.649993896484375 331.26873779296875 328.76873779296875 327.375 331.443756103515625 332.399993896484375 328.337493896484375 310.23748779296875 288.881256103515625 270.08123779296875 251.5500030517578125 232.2375030517578125 212.493743896484375 194 180.03125 177.7062530517578125 181.7375030517578125 188.125 190.881256103515625 190.850006103515625 190.712493896484375 189.90625 190.6750030517578125 192.6125030517578125 195.4187469482421875 200.962493896484375 205.25 210.524993896484375 214.03125 219.5124969482421875 224.0812530517578125 227.4499969482421875 230.9812469482421875 234.618743896484375 235.274993896484375 236.46875 236.6999969482421875 237.7062530517578125 235.9250030517578125 233.9812469482421875 229.9812469482421875 227.25
342.899993896484375 342.274993896484375 339.212493896484375 336.75 337.01251220703125 335.712493896484375 335.92498779296875 338.25 340.100006103515625 339.087493896484375 321.82501220703125 303.95001220703125 286.681243896484375 270.40625 251.4812469482421875 235.431243896484375 217.15625 203.212493896484375 204.068756103515625 209.1125030517578125 212.7062530517578125 212.65625 211.7874908447265625 208.618743896484375 206.4499969482421875 205.1875 207.0437469482421875 209.0124969482421875 213.2937469482421875 218.8000030517578125 223.28125 227.368743896484375 230.693756103515625 235.7375030517578125 241.899993896484375 244.96875 248.0187530517578125 249.743743896484375 251.0437469482421875 252.2937469482421875 250.78125 249.1999969482421875 245.8625030517578125 241.6062469482421875 238.1999969482421875
347.693756103515625 347.712493896484375 345.76251220703125 340.837493896484375 337.83123779296875 333.28125 332.443756103515625 332.631256103515625 330.975006103515625 326.28125 320.70001220703125 310.712493896484375 300.875 288.975006103515625 274.693756103515625 262.34375 251.0062408447265625 246.28125 247.225006103515625 246.34375 240.506256103515625 236.6687469482421875 230.5187530517578125 225.725006103515625 222.5625 218.850006103515625 220.149993896484375 222.350006103515625 224.931243896484375 230.100006103515625 236.5812530517578125 241.1750030517578125 244.0812530517578125 248 253.125 258.23748779296875 261.524993896484375 264.48126220703125 267.943756103515625 267.118743896484375 264.256256103515625 261.79998779296875 258.07501220703125 253.600006103515625 249.3125
353.76251220703125 349.53125 346.73126220703125 343.4375 339.381256103515625 334.993743896484375 329.431243896484375 320.41876220703125 312.26251220703125 313.1875 318.15625 317.412506103515625 314.51873779296875 306.21875 298.03125 290.587493896484375 286.149993896484375 288.41876220703125 294.162506103515625 285.287506103515625 269.443756103515625 259.04376220703125 249.4875030517578125 243.256256103515625 238.90625 233.087493896484375 232.962493896484375 234.350006103515625 238.0625 243.837493896484375 248.943756103515625 254.09375 256.931243896484375 260.64373779296875 265.23748779296875 270.38751220703125 274.568756103515625 278.149993896484375 280.5625 281.21875 279.48126220703125 276.78125 272.875 267.36248779296875 264.024993896484375
358.693756103515625 354.26873779296875 351.66876220703125 346.63751220703125 343.462493896484375 337.01873779296875 330.125 321 309.118743896484375 306.931243896484375 320.35626220703125 325.368743896484375 327.48126220703125 322.63751220703125 318.006256103515625 313.57501220703125 311.256256103515625 313.693756103515625 317.07501220703125 305.162506103515625 284.82501220703125 272.73126220703125 261.21875 257.23126220703125 251.7375030517578125 244.875 244.6999969482421875 244.9562530517578125 248.8125 255.368743896484375 261.59375 265.125 268.35626220703125 271.337493896484375 275.587493896484375 280.17498779296875 285.756256103515625 289.837493896484375 292.53125 293.95001220703125 292.26873779296875 289.399993896484375 287.84375 284.431243896484375 280.399993896484375
362.51873779296875 358.068756103515625 353.28125 349.10626220703125 346.51873779296875 341.587493896484375 335.556243896484375 329.9375 324.35626220703125 326.806243896484375 335.462493896484375 340.256256103515625 342.04998779296875 338.95001220703125 336.48748779296875 334.306243896484375 331.225006103515625 327.95001220703125 322.662506103515625 311.79998779296875 292.90625 280.600006103515625 270.45001220703125 268.6875 261.537506103515625 253.412506103515625 253.34375 254.5187530517578125 257.381256103515625 263.90625 269.662506103515625 274.0625 278.256256103515625 282.29376220703125 287.01873779296875 291.024993896484375 295.96875 300.84375 303.743743896484375 305.662506103515625 306.618743896484375 304.556243896484375 302.806243896484375 298.318756103515625 295.550018310546875
367.32501220703125 363.08123779296875 356.587493896484375 351.649993896484375 347.82501220703125 345.01251220703125 341.85626220703125 341.73748779296875 341.33123779296875 345.86248779296875 355.725006103515625 360.32501220703125 358.46875 354.212493896484375 352.0625 349.84375 345.07501220703125 336.13751220703125 324.943756103515625 311.76873779296875 296.76251220703125 284.54998779296875 278.01251220703125 274.45623779296875 270.86248779296875 261.100006103515625 260.35626220703125 261.90625 264.6875 269.318756103515625 275.193756103515625 280.95001220703125 286.412506103515625 291.493743896484375 296.29998779296875 301.65625 306.462493896484375 310.1875 314.518768310546875 317.899993896484375 319.381256103515625 316.29998779296875 314.837493896484375 311.212493896484375 308.631256103515625
369.212493896484375 364.90625 359.48126220703125 356.774993896484375 354.068756103515625 351.037506103515625 350.318756103515625 354.92498779296875 357.881256103515625 362.98126220703125 373.712493896484375 382.75 378.881256103515625 372.306243896484375 368.29376220703125 362.131256103515625 355.306243896484375 340.287506103515625 326.25 309.84375 293.26251220703125 282.45623779296875 279.58123779296875 281.693756103515625 276.82501220703125 264.15625 263.66876220703125 265.57501220703125 269.675018310546875 276.243743896484375 282.39373779296875 287.70623779296875 293.5625 298.92498779296875 304.193756103515625 309.8125 314.9375 318.46875 322.65625 326.76873779296875 328.42498779296875 325.03125 319.71875 313.86248779296875 308.662506103515625
372.212493896484375 369.131256103515625 364.881256103515625 361.78125 359.462493896484375 359.774993896484375 360.381256103515625 364.006256103515625 368.587493896484375 375.443756103515625 385.96875 397.068756103515625 395.9375 385.95001220703125 380.13751220703125 372.412506103515625 362.23748779296875 347.15625 330.40625 311.368743896484375 287.556243896484375 278.76251220703125 278.79998779296875 278.662506103515625 268.95001220703125 258.899993896484375 263.681243896484375 269.78125 275.08123779296875 282.67498779296875 289.318756103515625 294.4375 299.506256103515625 304.725006103515625 309.993743896484375 315.64373779296875 320.21875 323.71875 327.149993896484375 330.975006103515625 334.16876220703125 329.412506103515625 317.57501220703125 306.10626220703125 298.8125
372.16876220703125 370.92498779296875 367.318756103515625 364.993743896484375 363.98126220703125 362.79998779296875 364.64373779296875 371.225006103515625 376.42498779296875 383.46875 390.39373779296875 399.675018310546875 399.51251220703125 395.08123779296875 386.29998779296875 379.225006103515625 367.381256103515625 352.600006103515625 334.64373779296875 316.412506103515625 295.86248779296875 284.662506103515625 277.95001220703125 275.26873779296875 266.162506103515625 259.912506103515625 265.774993896484375 272.9375 281.131256103515625 288.73748779296875 295.63751220703125 300.98748779296875 305.21875 309.13751220703125 314.818756103515625 319.84375 324.837493896484375 329.39373779296875 331.23126220703125 332.543731689453125 331.76251220703125 318.225006103515625 307.67498779296875 301.14373779296875 297.287506103515625
372.962493896484375 372.33123779296875 370.149993896484375 368.412506103515625 369.350006103515625 369.318756103515625 372.61248779296875 377.537506103515625 381.79998779296875 386.368743896484375 392.725006103515625 399.600006103515625 401.212493896484375 398.65625 389.28125 380.48126220703125 368.23126220703125 351.90625 335.76251220703125 321.087493896484375 303.475006103515625 288.931243896484375 280.13751220703125 275.806243896484375 271.462493896484375 267.98126220703125 273.337493896484375 281.306243896484375 289.118743896484375 297.5625 303.5625 306.868743896484375 311.95001220703125 314.48126220703125 318.5625 322.212493896484375 327.875 333.8125 335.01251220703125 327.65625 315.78125 306.725006103515625 303.4375 300.162506103515625 293.912506103515625
372.01251220703125 371.39373779296875 370.243743896484375 369.26873779296875 371.1875 371.82501220703125 375.431243896484375 379.506256103515625 382.14373779296875 386.975006103515625 392.649993896484375 399.225006103515625 401.743743896484375 399.85626220703125 391.381256103515625 377.70001220703125 366.243743896484375 351.118743896484375 335.23126220703125 322.1875 308.73126220703125 295.212493896484375 284.931243896484375 280.787506103515625 277.57501220703125 275.743743896484375 280.51251220703125 289.85626220703125 299.20001220703125 308.412506103515625 314.100006103515625 315.76251220703125 315.91876220703125 317.03125 318.98748779296875 325.13751220703125 331.25 335.681243896484375 335.212493896484375 324.41876220703125 307.350006103515625 299.931243896484375 299.42498779296875 295.399993896484375 290.35626220703125
367.79376220703125 368.23748779296875 366.637481689453125 367.10626220703125 370.46875 371.493743896484375 375.32501220703125 378.837493896484375 381.41876220703125 384.762481689453125 390.725006103515625 398.350006103515625 401.306243896484375 399.8125 391.46875 378.33123779296875 359.024993896484375 344.149993896484375 332.006256103515625 323.28125 311.1875 299.86248779296875 289.73126220703125 285.51873779296875 284.65625 283.04998779296875 287.1875 296.92498779296875 308.868743896484375 319.600006103515625 326.412506103515625 326.868743896484375 323.35626220703125 320.08123779296875 323.67498779296875 329.912506103515625 334.506256103515625 340.76251220703125 345.162506103515625 330.26873779296875 313.193756103515625 303.287506103515625 297.193756103515625 292.40625 287.75
363.95623779296875 364.88751220703125 363.59375 365.34375 368.13751220703125 370.33123779296875 374.11248779296875 377.3125 379 382.068756103515625 385.08123779296875 394.61248779296875 398.568756103515625 397.024993896484375 387.66876220703125 372.17498779296875 352.375 333.25 326.51251220703125 319.774993896484375 312.41876220703125 303.46875 295.024993896484375 291.725006103515625 290.73748779296875 290.787506103515625 293.193756103515625 305.087493896484375 320.13751220703125 332.806243896484375 337.5625 329.29998779296875 324.04998779296875 322.181243896484375 323.20623779296875 328.67498779296875 337.10626220703125 343.54998779296875 343.412506103515625 334.850006103515625 318.118743896484375 305.14373779296875 297.01873779296875 291.787506103515625 287.04376220703125
355.806243896484375 357.67498779296875 357.61248779296875 360.98126220703125 365.118743896484375 367.712493896484375 369.36248779296875 373.45623779296875 375.29376220703125 377.506256103515625 379.26251220703125 384.899993896484375 390.487518310546875 393.58123779296875 381.76251220703125 362.0625 340.225006103515625 321.46875 311.21875 308.89373779296875 308.6875 305.600006103515625 294.787506103515625 295.20001220703125 295.962493896484375 298.57501220703125 304.58123779296875 314.524993896484375 330.15625 343.70001220703125 349.38751220703125 336.07501220703125 325.756256103515625 316.07501220703125 313.67498779296875 322.899993896484375 333.962493896484375 340.16876220703125 342.71875 335.21875 321.087493896484375 306.625 297.181243896484375 292.15625 287.024993896484375
346.04376220703125 348.16876220703125 348.91876220703125 351.068756103515625 356.38751220703125 361.350006103515625 364.03125 366.256256103515625 367.375 368.64373779296875 368.67498779296875 373.662506103515625 382.337493896484375 390.131256103515625 372.662506103515625 345.537506103515625 321.32501220703125 308.5625 300.51873779296875 297.95623779296875 297.73126220703125 294.53125 292.818756103515625 295.09375 298.70001220703125 304.912506103515625 311.76873779296875 322.51873779296875 333.35626220703125 341.318756103515625 343.181243896484375 332.58123779296875 319.13751220703125 304.51251220703125 298.625 310.42498779296875 329.36248779296875 343.35626220703125 346.587493896484375 340.256256103515625 325.962493896484375 308.65625 300.443756103515625 294.91876220703125 288.943756103515625
