data/historical-monthly-weather-data/wc2.1_cruts4.09_10m_prec_1988-04.asc
ncols        51
nrows        45
xllcorner    -63.500000000000
yllcorner    -7.500000000000
cellsize     0.166666666667
NODATA_value -9999
[rows 0 to 19 of 45, columns 0 to 43 of 51]
220.524993896484375 219.537506103515625 217.306243896484375 219.3562469482421875 217.7624969482421875 213.912506103515625 209.3000030517578125 201.475006103515625 196.71875 195.2312469482421875 196.5625 199.162506103515625 201.0812530517578125 201.806243896484375 204.3000030517578125 207.662506103515625 212.0812530517578125 213.9562530517578125 218.1750030517578125 222.306243896484375 225.125 228.818756103515625 232.09375 238.1750030517578125 242.649993896484375 250.068756103515625 258.774993896484375 269.84375 279.53125 286.67498779296875 294.068756103515625 301.725006103515625 307.287506103515625 314.67498779296875 321.88751220703125 330.193756103515625 336.399993896484375 342.63751220703125 350.537506103515625 356.28125 361.76873779296875 365.60626220703125 365.725006103515625 368.018768310546875
230.7312469482421875 228.993743896484375 231.8312530517578125 234.337493896484375 236.0749969482421875 230.868743896484375 224.4875030517578125 219.6687469482421875 215.8249969482421875 213.4375 213.537506103515625 214.2312469482421875 215.181243896484375 215.375 216.024993896484375 219.212493896484375 221.6125030517578125 225.875 231.193756103515625 235.625 238.399993896484375 241.2624969482421875 245.881256103515625 250.743743896484375 256.850006103515625 263.59375 271.725006103515625 282.61248779296875 290.412506103515625 296.04998779296875 303.32501220703125 311.712493896484375 317.73748779296875 326.23126220703125 332.743743896484375 341.40625 350.90625 358.412506103515625 365.8125 370.443756103515625 374.756256103515625 378.95001220703125 379.23748779296875 378.943756103515625
241.03125 241.649993896484375 243.193756103515625 246.9562530517578125 249.381256103515625 245.75 241.462493896484375 238.318756103515625 237.4875030517578125 234.8562469482421875 232.318756103515625 230.7375030517578125 230.59375 228.2687530517578125 228.350006103515625 230.28125 231.8937530517578125 235.568756103515625 239.3249969482421875 243.84375 247.274993896484375 250.9375 254.337493896484375 259.568756103515625 266.774993896484375 273.95001220703125 283.431243896484375 291.16876220703125 297.26873779296875 303.556243896484375 310 316.862518310546875 326.07501220703125 334.59375 340.66876220703125 349.29376220703125 361.600006103515625 372.15625 378.76873779296875 384.0625 388.59375 390.225006103515625 390.21875 390.28125
247.65625 249.46875 254.0812530517578125 255.8562469482421875 257.76873779296875 257.53125 256.15625 255.443756103515625 257.462493896484375 257.118743896484375 252.90625 248.162506103515625 244.0625 241.181243896484375 240.1125030517578125 241.337493896484375 242.899993896484375 245.1687469482421875 247.65625 251.381256103515625 255.756256103515625 259.39373779296875 261.67498779296875 268.287506103515625 275.774993896484375 282.04376220703125 292.25 298.54376220703125 304.34375 311.9375 317.943756103515625 324.41876220703125 331.29376220703125 339.83123779296875 346.712493896484375 358.85626220703125 371.48748779296875 383.162506103515625 392.556243896484375 396.5625 401.212493896484375 403.9375 400.95623779296875 398.63751220703125
266.32501220703125 264.29998779296875 261.53125 262.881256103515625 266.84375 267.79376220703125 266.9375 269.11248779296875 274.78125 278.16876220703125 271.212493896484375 261.23126220703125 255.931243896484375 252.568756103515625 250.7375030517578125 251.0187530517578125 251.2375030517578125 252.71875 253.975006103515625 256.40625 261.568756103515625 264.649993896484375 267.537506103515625 276.04998779296875 281.85626220703125 288.537506103515625 296.693756103515625 306.149993896484375 313.96875 319.20001220703125 324.9375 328.04376220703125 334.86248779296875 344.35626220703125 353.125 366.04376220703125 378.63751220703125 391.95623779296875 402.587493896484375 407.63751220703125 414.14373779296875 412.100006103515625 409.70623779296875 409
277.6875 277.256256103515625 274.60626220703125 269.899993896484375 272.756256103515625 274.98748779296875 274.35626220703125 276.70623779296875 282.462493896484375 288.024993896484375 278.274993896484375 268.60626220703125 263.82501220703125 260.556243896484375 257.625 257.5625 255.537506103515625 255.774993896484375 257.837493896484375 260.16876220703125 263.993743896484375 267.23748779296875 272.662506103515625 279.79376220703125 286.76873779296875 294.42498779296875 301.83123779296875 310.25 317.42498779296875 322.006256103515625 327 332.45623779296875 336.95623779296875 346.181243896484375 357.1875 369.63751220703125 385.118743896484375 399.21875 409.73748779296875 417.76251220703125 420.212493896484375 417.85626220703125 416.45623779296875 416.33123779296875
290.45001220703125 289.88751220703125 287.131256103515625 281.20001220703125 276.5 274.649993896484375 273.756256103515625 274.65625 276.181243896484375 276.36248779296875 274.04376220703125 270.787506103515625 269.962493896484375 266.76251220703125 264.17498779296875 264.20001220703125 261.84375 258.57501220703125 258.056243896484375 260.70001220703125 265.91876220703125 270.912506103515625 276.5 281.881256103515625 289.649993896484375 298.087493896484375 306.11248779296875 312.32501220703125 318.587493896484375 323.54376220703125 329.26873779296875 333.83123779296875 340.10626220703125 346.96875 357.51251220703125 370.600006103515625 384.58123779296875 400.225006103515625 414.15625 421.818756103515625 420.537506103515625 419.23126220703125 418.86248779296875 418.787506103515625
303.88751220703125 301.13751220703125 296.1875 291.67498779296875 286.92498779296875 282.125 274.256256103515625 266.35626220703125 261.081268310546875 260.806243896484375 266.41876220703125 271.024993896484375 273.38751220703125 272.95001220703125 271.475006103515625 269.73126220703125 266.35626220703125 261.95001220703125 258.318756103515625 260.475006103515625 267.493743896484375 273.98748779296875 279.162506103515625 284.931243896484375 294.068756103515625 300.33123779296875 307.462493896484375 313.63751220703125 320.01873779296875 325.587493896484375 328.85626220703125 333.256256103515625 339.725006103515625 347.04376220703125 356.34375 366.33123779296875 380.662506103515625 394.95623779296875 406.25 412.42498779296875 414.45623779296875 415.5625 415.01873779296875 413.53125
313.85626220703125 311.26873779296875 305.73126220703125 299.4375 294.162506103515625 287.21875 279.51873779296875 269.60626220703125 258.600006103515625 253.8312530517578125 262.787506103515625 270.76873779296875 279.0625 279.90625 276.818756103515625 274.48126220703125 271.243743896484375 267.506256103515625 265.21875 265.162506103515625 267.45001220703125 275.662506103515625 280.631256103515625 288.662506103515625 296.95623779296875 301.32501220703125 306.9375 313.337493896484375 319.25 324.36248779296875 329.15625 331.056243896484375 335.625 340.068756103515625 348.837493896484375 359.274993896484375 373.287506103515625 384.70623779296875 395.4375 401.149993896484375 404.33123779296875 404.037506103515625 405.40625 406.01251220703125
323.162506103515625 318.556243896484375 313.57501220703125 307.58123779296875 301.07501220703125 294.4375 287.51251220703125 277.975006103515625 271.818756103515625 270.649993896484375 275.78125 280.17498779296875 286.11248779296875 287.03125 284.29376220703125 279.649993896484375 275.524993896484375 272.73126220703125 270.41876220703125 272.212493896484375 274.162506103515625 278.587493896484375 282.693756103515625 291.931243896484375 296.9375 299.36248779296875 304.10626220703125 309.6875 316.38751220703125 323.57501220703125 325.36248779296875 325.381256103515625 328.67498779296875 332.837493896484375 339.92498779296875 351.04376220703125 361.625 372.4375 382.006256103515625 390.243743896484375 396.20001220703125 396.587493896484375 396.431243896484375 392.01251220703125
332.4375 328.375 322.537506103515625 315.881256103515625 307.618743896484375 301.66876220703125 295.681243896484375 287.837493896484375 285.506256103515625 286.25 290.85626220703125 296.149993896484375 296.256256103515625 295.9375 290.08123779296875 283.475006103515625 278.774993896484375 276.78125 275.9375 276.912506103515625 282.29998779296875 285.287506103515625 286.25 286.681243896484375 294.61248779296875 297.23748779296875 299.40625 303.743743896484375 308.537506103515625 315.149993896484375 316.78125 316.46875 319.818756103515625 323.475006103515625 329.63751220703125 337.07501220703125 346.48748779296875 357.037506103515625 367.431243896484375 376.399993896484375 382.29376220703125 382.71875 385.33123779296875 383.96875
337.5625 332.54376220703125 326.36248779296875 323.006256103515625 316.368743896484375 309.15625 305.33123779296875 300.943756103515625 300.95623779296875 302.725006103515625 307.212493896484375 311.912506103515625 306.818756103515625 302.3125 295.38751220703125 288.79376220703125 283.13751220703125 280.88751220703125 280.35626220703125 281.73126220703125 285.931243896484375 288.28125 289.17498779296875 291.818756103515625 292.306243896484375 289.90625 291.08123779296875 293.524993896484375 297.95001220703125 301.912506103515625 303.818756103515625 304.556243896484375 306.506256103515625 310.14373779296875 315.57501220703125 323.51873779296875 333.743743896484375 344.556243896484375 352.287506103515625 358.975006103515625 366.34375 368.3125 369.67498779296875 364.649993896484375
343.29998779296875 337.681243896484375 331.95623779296875 327.493743896484375 322.71875 319.662506103515625 314.96875 310.600006103515625 310.756256103515625 315.15625 319.41876220703125 322.618743896484375 316.956268310546875 304.318756103515625 296.61248779296875 291.8125 285.056243896484375 282.431243896484375 282.693756103515625 282.368743896484375 285.931243896484375 286.14373779296875 283.75 285.125 278.85626220703125 274.46875 278.26873779296875 280.45001220703125 285.66876220703125 288.537506103515625 290.26873779296875 290.6875 292.11248779296875 295.431243896484375 299.431243896484375 308.943756103515625 319.40625 329.975006103515625 339.29998779296875 346.568756103515625 348.8125 352.98126220703125 351.475006103515625 347.399993896484375
347.693756103515625 341.756256103515625 334.98126220703125 330.15625 327.649993896484375 324.92498779296875 320.58123779296875 317.58123779296875 319.5 322.70001220703125 323.95623779296875 321.75 316.306243896484375 306.287506103515625 295.51873779296875 291.587493896484375 284.76873779296875 280.100006103515625 280.350006103515625 278.243743896484375 279.806243896484375 277.5625 275.306243896484375 271.850006103515625 267.29998779296875 263.95623779296875 266.087493896484375 268.70623779296875 272.36248779296875 275.524993896484375 276.95001220703125 278.131256103515625 277.38751220703125 280.131256103515625 284.962493896484375 295.1875 305.53125 317.662506103515625 328.98126220703125 334.837493896484375 333.42498779296875 331.193756103515625 335.78125 341.36248779296875
349.64373779296875 343.90625 338.03125 333.875 332.1875 329.57501220703125 326.89373779296875 324.118743896484375 324.125 325.03125 325.10626220703125 322.068756103515625 315.21875 305.76873779296875 294.07501220703125 286.84375 281.53125 280.024993896484375 279.15625 276.92498779296875 275.493743896484375 273.70001220703125 268.73126220703125 264.443756103515625 259.850006103515625 257.506256103515625 258.556243896484375 261.36248779296875 264.875 266.64373779296875 265.943756103515625 264.006256103515625 265.6875 266.681243896484375 269.806243896484375 278.774993896484375 293.725006103515625 309.412506103515625 319.65625 322.118743896484375 321.068756103515625 323.9375 333.91876220703125 336.79998779296875
349.287506103515625 343.29998779296875 339.88751220703125 337.48126220703125 335.34375 333.162506103515625 330.63751220703125 328.51251220703125 330.03125 329.34375 327.83123779296875 323.51873779296875 316.600006103515625 305.83123779296875 292.381256103515625 279.26873779296875 277.76251220703125 279.90625 277.73126220703125 275.71875 273.29376220703125 268.756256103515625 262.274993896484375 257.89373779296875 252.875 251.1875 251.0812530517578125 254.2624969482421875 257.431243896484375 259.649993896484375 260.79998779296875 258.29376220703125 254.0187530517578125 252.8562469482421875 253.149993896484375 267.70001220703125 282.506256103515625 298.618743896484375 309.274993896484375 316 317.53125 323.34375 329.431243896484375 330.712493896484375
347.34375 342.931243896484375 341.29376220703125 340.04376220703125 337.943756103515625 336.13751220703125 335.95623779296875 334.193756103515625 333.568756103515625 333 330.23126220703125 325.51873779296875 317.399993896484375 306.9375 295.625 285.46875 277.149993896484375 276.86248779296875 277.125 276.024993896484375 272.274993896484375 267.381256103515625 259.756256103515625 251.962493896484375 246.7687530517578125 243.806243896484375 244.537506103515625 247.3000030517578125 251.40625 254.75 255.4250030517578125 253.274993896484375 249.4875030517578125 247.368743896484375 252.4437408447265625 262.98748779296875 278.3125 295.318756103515625 310.375 315.11248779296875 317.73748779296875 322.25 323.443756103515625 324.35626220703125
344.13751220703125 342.337493896484375 341.024993896484375 342.587493896484375 341.17498779296875 340.95623779296875 341.98748779296875 339.193756103515625 337.92498779296875 335.431243896484375 331.0625 325.875 317.931243896484375 309.556243896484375 299.587493896484375 291.243743896484375 282.662506103515625 273.743743896484375 277.3125 277.0625 273.98748779296875 266.71875 257.875 249.7062530517578125 244.881256103515625 241.8125 240.0625 244.8937530517578125 249.868743896484375 252.2375030517578125 249.3312530517578125 240.881256103515625 242.5187530517578125 244.4499969482421875 247.6687469482421875 261.17498779296875 276.0625 291.600006103515625 304.568756103515625 314.881256103515625 315.537506103515625 318.09375 318.90625 318.524993896484375
339.46875 339.725006103515625 341.29376220703125 342.29376220703125 342.38751220703125 344.20001220703125 344.88751220703125 345.09375 344.006256103515625 340.5 333.8125 324.931243896484375 317.88751220703125 312.256256103515625 300.32501220703125 292.368743896484375 285.26251220703125 277.92498779296875 274.58123779296875 274.631256103515625 275.32501220703125 269.256256103515625 251.6687469482421875 247.0124969482421875 244.399993896484375 243.6125030517578125 244.5625 247.4187469482421875 252.600006103515625 253.4875030517578125 250.350006103515625 243.037506103515625 240.1374969482421875 234.9375 236.8625030517578125 250.4187469482421875 266.100006103515625 280.84375 296.662506103515625 305.83123779296875 312.256256103515625 314.774993896484375 313.98126220703125 313.056243896484375
334.20623779296875 336.818756103515625 338.60626220703125 338.806243896484375 342.118743896484375 347.79376220703125 351.381256103515625 350.13751220703125 348.73126220703125 344.82501220703125 336.462493896484375 329.29998779296875 322.01873779296875 314.881256103515625 301.8125 288.48748779296875 279.01873779296875 278.54376220703125 274.912506103515625 274.212493896484375 269.506256103515625 260.225006103515625 251.6687469482421875 247.381256103515625 244.931243896484375 243.6062469482421875 246.1125030517578125 251.524993896484375 254.1875 252.21875 246.4375 244.431243896484375 237.3312530517578125 227.1687469482421875 223.131256103515625 236.024993896484375 256.35626220703125 275.368743896484375 290.087493896484375 301.087493896484375 307.056243896484375 309.33123779296875 308.818756103515625 307.59375
