data/historical-monthly-weather-data/wc2.1_cruts4.09_10m_prec_2006-11.asc
ncols        51
nrows        45
xllcorner    -63.500000000000
yllcorner    -7.500000000000
cellsize     0.166666666667
NODATA_value -9999
[rows 20 to 39 of 45, columns 0 to 43 of 51]
326.07501220703125 327.056243896484375 329.46875 331.868743896484375 333.23126220703125 337.943756103515625 342.58123779296875 344.837493896484375 344.01873779296875 339.600006103515625 333.40625 327.712493896484375 319.83123779296875 308.037506103515625 298.881256103515625 289.07501220703125 280.88751220703125 278.08123779296875 282.118743896484375 285.16876220703125 291.131256103515625 293.70001220703125 292.04376220703125 288.181243896484375 283.85626220703125 276.087493896484375 262.78125 244.1125030517578125 224.0812530517578125 207.9499969482421875 194.912506103515625 190.4812469482421875 192.5749969482421875 197.037506103515625 201.5437469482421875 206.2375030517578125 208.5 210.875 210.6875 210.350006103515625 208.4812469482421875 206.899993896484375 203.65625 200
329.243743896484375 328.58123779296875 332.90625 337.17498779296875 341.21875 347.5625 355.20623779296875 360.08123779296875 363.149993896484375 361.73126220703125 357.38751220703125 354.068756103515625 347.10626220703125 334.35626220703125 322.287506103515625 310.15625 301.5625 294.587493896484375 292.056243896484375 291.95001220703125 290.45623779296875 289.524993896484375 288.35626220703125 283.537506103515625 277.46875 270 260.649993896484375 245.6374969482421875 230.9875030517578125 217.96875 204.943756103515625 199.125 200.6062469482421875 206.5812530517578125 212.9562530517578125 217.1937408447265625 219.3874969482421875 220.712493896484375 218.40625 217.287506103515625 214.662506103515625 212.2624969482421875 209.2312469482421875 206.5812530517578125
332.875 334.63751220703125 339.1875 344.46875 350.04376220703125 357.225006103515625 364.95001220703125 374.20623779296875 380.95623779296875 381.524993896484375 381.01873779296875 379.61248779296875 379.287506103515625 366.975006103515625 347.899993896484375 331.056243896484375 319.037506103515625 309.23126220703125 301.8125 296.712493896484375 292.1875 287.712493896484375 283.306243896484375 277.475006103515625 272.6875 266.54998779296875 257.6875 247.287506103515625 234.78125 223.068756103515625 212.881256103515625 206.899993896484375 210.193756103515625 216.7937469482421875 222.9375 227.818756103515625 230.212493896484375 229.1125030517578125 225.6750030517578125 223.524993896484375 221.306243896484375 218.1062469482421875 214.71875 211.837493896484375
338.35626220703125 340.79998779296875 345.78125 349.725006103515625 355.9375 364.85626220703125 373.57501220703125 383.75 389.29998779296875 391.46875 392.506256103515625 397.568756103515625 401.21875 385.98126220703125 363.024993896484375 344.32501220703125 330.28125 318.34375 307.51251220703125 298.056243896484375 291.368743896484375 284.868743896484375 277.6875 271.45001220703125 266.537506103515625 260.287506103515625 256.212493896484375 245.5625 236.556243896484375 226.8937530517578125 219.7624969482421875 215.125 218.412506103515625 224.256256103515625 230.9562530517578125 237.6062469482421875 240.34375 237.0812530517578125 233.3625030517578125 230.274993896484375 227.1374969482421875 223.681243896484375 220.1687469482421875 216.9875030517578125
349.068756103515625 349.912506103515625 354.26251220703125 358.16876220703125 365.306243896484375 372.3125 379.493743896484375 388.04376220703125 393.91876220703125 396.45623779296875 398.774993896484375 398.868743896484375 398.037506103515625 385.75 367.79998779296875 350.9375 336.92498779296875 322.524993896484375 310.212493896484375 298.850006103515625 289.556243896484375 279.712493896484375 272.36248779296875 265.04998779296875 258.79998779296875 255.3625030517578125 251.337493896484375 244.65625 236.756256103515625 230.681243896484375 224.3000030517578125 220.587493896484375 223.84375 229.3562469482421875 234.6875 239.65625 242.8125 240.5500030517578125 237.7937469482421875 235.6750030517578125 232.21875 228.600006103515625 226.256256103515625 224.618743896484375
365.462493896484375 366.306243896484375 364.587493896484375 368.493743896484375 372.17498779296875 376.993743896484375 382.01873779296875 388.58123779296875 393.08123779296875 395.5625 396.556243896484375 394.73748779296875 388.868743896484375 377.756256103515625 365.274993896484375 352.46875 340.6875 325.96875 312.587493896484375 300.368743896484375 288.837493896484375 277.29998779296875 266.90625 257.193756103515625 252.2062530517578125 250.087493896484375 248.181243896484375 243.931243896484375 238.3312530517578125 233.625 227.912506103515625 224.431243896484375 227.7375030517578125 231.3312530517578125 235.787506103515625 239.6374969482421875 242.024993896484375 242.1062469482421875 241.6750030517578125 240.024993896484375 237.65625 234.0812530517578125 229.8000030517578125 229.40625
381.95623779296875 378.524993896484375 375.100006103515625 374.556243896484375 374.212493896484375 376.287506103515625 381.9375 385.84375 386.17498779296875 387.756256103515625 389.51873779296875 385.76873779296875 377.91876220703125 367.368743896484375 357.78125 346.443756103515625 336.70623779296875 323.89373779296875 311.51873779296875 298.64373779296875 286.243743896484375 273.83123779296875 261.92498779296875 252.3874969482421875 249.1125030517578125 246.78125 244.837493896484375 241.5187530517578125 237.9375 232.818756103515625 228.712493896484375 225.618743896484375 229.5187530517578125 233.21875 235.881256103515625 238.868743896484375 240.7687530517578125 240.6750030517578125 242.006256103515625 241.84375 240.506256103515625 236.462493896484375 232.1687469482421875 230.0812530517578125
398.756256103515625 390.9375 384.26873779296875 378.962493896484375 375.818756103515625 374.962493896484375 377.96875 381.068756103515625 381.28125 381.524993896484375 379.9375 374.75 365.76251220703125 355.01251220703125 348.1875 339.556243896484375 330.75 320.506256103515625 309.100006103515625 297.5625 285.89373779296875 273.037506103515625 263.5625 255.431243896484375 250.068756103515625 245.725006103515625 242.587493896484375 239.743743896484375 235.9499969482421875 231.34375 226.6437530517578125 224.09375 228.131256103515625 231.1374969482421875 234.9812469482421875 237.375 238.7312469482421875 240.006256103515625 240.587493896484375 243.4562530517578125 244.868743896484375 241.193756103515625 232.662506103515625 229.068756103515625
413.70001220703125 401.693756103515625 389.399993896484375 380.681243896484375 374.54376220703125 371.568756103515625 372.287506103515625 373.91876220703125 375.11248779296875 373.98748779296875 371.58123779296875 364.0625 354.95001220703125 343.75 337.91876220703125 332.90625 327.20623779296875 316.9375 306.818756103515625 296.71875 286.193756103515625 274.431243896484375 265.90625 258.76873779296875 251.9812469482421875 245.837493896484375 242.4812469482421875 238.118743896484375 234.2062530517578125 228.78125 224.3312530517578125 221.3125 224.2687530517578125 227.7937469482421875 232.4562530517578125 234.5437469482421875 236.0437469482421875 236.7687530517578125 237.787506103515625 239.7937469482421875 243.4812469482421875 238.84375 232.5749969482421875 233.28125
416.78125 402.149993896484375 387.568756103515625 373.35626220703125 366.41876220703125 363.70623779296875 363.78125 365.08123779296875 365.28125 362.45001220703125 359.70001220703125 352.9375 344.493743896484375 335.375 330.068756103515625 325.40625 318.23748779296875 311.07501220703125 301.84375 293.08123779296875 283.70001220703125 275.45623779296875 267.993743896484375 259.53125 252.125 245.881256103515625 241.40625 235.837493896484375 230.618743896484375 226.3562469482421875 222.1374969482421875 219.193756103515625 221.53125 225.3249969482421875 229.037506103515625 229.681243896484375 229.8562469482421875 231.5124969482421875 230.162506103515625 230.71875 233.4187469482421875 236.0500030517578125 234.868743896484375 238.2062530517578125
415.04998779296875 399.26251220703125 383.57501220703125 368.524993896484375 358.75 357.34375 356.975006103515625 356.868743896484375 354.40625 352.524993896484375 349.899993896484375 343.66876220703125 336.79998779296875 326.75 322.08123779296875 317.76873779296875 312.681243896484375 305.51873779296875 296.58123779296875 291.48748779296875 284.20623779296875 277.068756103515625 270.23126220703125 261.274993896484375 252.225006103515625 245.5437469482421875 239.3312530517578125 233.2062530517578125 226.9812469482421875 222.7624969482421875 219.443756103515625 217.3312530517578125 218.818756103515625 222.868743896484375 224.96875 224.78125 225.0500030517578125 227.4562530517578125 224.8125 219.118743896484375 222.975006103515625 230.962493896484375 235.1437530517578125 238.8562469482421875
409.631256103515625 394.625 379.01251220703125 366.09375 357.60626220703125 351.875 350.0625 347.975006103515625 344.725006103515625 341.79998779296875 339.212493896484375 334.274993896484375 327.556243896484375 319.78125 316.712493896484375 312.8125 307.725006103515625 301.51873779296875 295.5 291.875 285.631256103515625 278.48748779296875 271.39373779296875 261.649993896484375 252.9875030517578125 244.6374969482421875 236.850006103515625 229.6812591552734375 222.412506103515625 219.337493896484375 216.7687530517578125 214.524993896484375 215.9250030517578125 218.475006103515625 221.399993896484375 221.149993896484375 221.2687530517578125 221.975006103515625 218.037506103515625 215.3625030517578125 222.131256103515625 232.1999969482421875 239.0749969482421875 247.743743896484375
391.54998779296875 379.86248779296875 366.556243896484375 356.024993896484375 347.95623779296875 340.443756103515625 336.493743896484375 333.23748779296875 329.28125 326.587493896484375 327.10626220703125 322.51873779296875 318.399993896484375 314.98748779296875 311.14373779296875 307.318756103515625 301.381256103515625 298.79376220703125 295.33123779296875 292.431243896484375 286.57501220703125 278.693756103515625 270.431243896484375 260.71875 252.162506103515625 243.3562469482421875 234.7312469482421875 226.3125 219.212493896484375 216.149993896484375 213.806243896484375 211.7062530517578125 212.287506103515625 213.662506103515625 216.5437469482421875 216.881256103515625 217.943756103515625 217.9375 215.0374908447265625 218.7375030517578125 225.7624969482421875 235.068756103515625 244.8249969482421875 257.3125
370.64373779296875 362.587493896484375 352.068756103515625 344.193756103515625 336.17498779296875 328.1875 321.375 317.4375 313.587493896484375 310.83123779296875 311.412506103515625 311.17498779296875 310.5625 307.85626220703125 304.431243896484375 300.662506103515625 296.32501220703125 295.212493896484375 293.71875 292.125 285.85626220703125 277.89373779296875 269.48748779296875 259.381256103515625 250.556243896484375 241.1875 232.3562469482421875 222.78125 215.068756103515625 212.0812530517578125 210.087493896484375 208.9562530517578125 208.943756103515625 209.5812530517578125 211.8625030517578125 213.006256103515625 213.3000030517578125 212.368743896484375 213.96875 220.1875 226.774993896484375 236.256256103515625 248.962493896484375 263.75
351.33123779296875 346.0625 337.96875 330.5625 323.88751220703125 315.04998779296875 306.600006103515625 301.46875 295.29376220703125 293.837493896484375 296.5625 300.04376220703125 302.274993896484375 303.256256103515625 300.89373779296875 295.131256103515625 291.087493896484375 291.256256103515625 291.03125 290.08123779296875 284.48748779296875 276.45001220703125 267.51251220703125 256.48748779296875 246.6374969482421875 238.006256103515625 228.0124969482421875 218.75 210.318756103515625 207.618743896484375 206.587493896484375 205.506256103515625 204.662506103515625 205.375 205.8125 205.899993896484375 206.125 209.506256103515625 212.868743896484375 218.0749969482421875 225.3249969482421875 233.524993896484375 245.212493896484375 258.368743896484375
331.006256103515625 326.725006103515625 320.118743896484375 313.26251220703125 307.131256103515625 298.96875 290.756256103515625 282.70623779296875 274.693756103515625 271.23748779296875 275.88751220703125 282.36248779296875 289.475006103515625 294.4375 291.91876220703125 288.63751220703125 283.475006103515625 284.83123779296875 286.51251220703125 287.54998779296875 281.818756103515625 272.068756103515625 262.568756103515625 252.350006103515625 243.037506103515625 234.4562530517578125 225.2312469482421875 216.712493896484375 208.9187469482421875 205.0187530517578125 204.125 202.375 201.3562469482421875 201.024993896484375 199.618743896484375 199.212493896484375 203.1999969482421875 206.381256103515625 209.0437469482421875 214.631256103515625 221.868743896484375 228.1999969482421875 236.6437530517578125 247.0187530517578125
310.631256103515625 307.881256103515625 302.89373779296875 297.46875 291.61248779296875 284.162506103515625 275.412506103515625 266.48748779296875 256.17498779296875 247.6125030517578125 255.125 270.92498779296875 280.056243896484375 284.01873779296875 282.456268310546875 279.162506103515625 274.662506103515625 276.149993896484375 278.5625 279.45623779296875 273.51873779296875 264.181243896484375 255.287506103515625 245.8562469482421875 237.34375 230.3874969482421875 221.09375 213.96875 206.2624969482421875 202.84375 200.931243896484375 199.9499969482421875 197.75 196.65625 194.475006103515625 195.337493896484375 199.0749969482421875 202.8125 206.0124969482421875 209.193756103515625 214.318756103515625 218.600006103515625 224.7312469482421875 232.8625030517578125
294.899993896484375 292.337493896484375 287.75 283.443756103515625 278.14373779296875 271.506256103515625 264.10626220703125 255.8562469482421875 245.9250030517578125 235.5812530517578125 251.056243896484375 268.725006103515625 273.79376220703125 275.90625 273.63751220703125 269.875 265.462493896484375 266.381256103515625 267.774993896484375 266.412506103515625 261.78125 254.46875 247.006256103515625 238.0187530517578125 231.0625 225.1687469482421875 216.931243896484375 210.6374969482421875 204.243743896484375 201.337493896484375 197.037506103515625 195.212493896484375 193.193756103515625 191.506256103515625 189.40625 191.4375 195.40625 198.524993896484375 202.6687469482421875 205.9812469482421875 207.506256103515625 210.875 213.3625030517578125 217.53125
286.83123779296875 284.037506103515625 280.056243896484375 275.475006103515625 269.76251220703125 263.375 257.256256103515625 251.0437469482421875 247 250.962493896484375 267.82501220703125 269.35626220703125 268.443756103515625 268.71875 265.8125 261.95623779296875 258.25 258.48126220703125 257.95623779296875 256.61248779296875 251.712493896484375 245.0812530517578125 239.3937530517578125 232.381256103515625 225.375 220.568756103515625 214.0625 208.931243896484375 204.1687469482421875 201.25 198.1687469482421875 196.068756103515625 194.2312469482421875 192.71875 193.6062469482421875 196.100006103515625 198.2687530517578125 202.087493896484375 204.8249969482421875 204.3937530517578125 204.568756103515625 207.28125 207.193756103515625 210.1437530517578125
279.86248779296875 277.20623779296875 272.818756103515625 267.65625 263.20623779296875 258.068756103515625 252.368743896484375 249.037506103515625 248.131256103515625 251.4875030517578125 258.25 260.91876220703125 260.33123779296875 260.024993896484375 257.76251220703125 254.3937530517578125 252.100006103515625 251.1875 249.6875 247.806243896484375 242.443756103515625 236.587493896484375 230.8249969482421875 224.600006103515625 219.943756103515625 215.5625 210.6750030517578125 207.3874969482421875 203.962493896484375 201.15625 198.2312469482421875 199.1125030517578125 199.8125 199.2062530517578125 200.8625030517578125 202.1687469482421875 203.0187530517578125 204.7375030517578125 206.75 204.037506103515625 202.756256103515625 203.90625 203.087493896484375 203.0500030517578125
