data/historical-monthly-weather-data/wc2.1_cruts4.09_10m_prec_1967-12.asc
ncols        51
nrows        45
xllcorner    -63.500000000000
yllcorner    -7.500000000000
cellsize     0.166666666667
NODATA_value -9999
[rows 20 to 39 of 45, columns 0 to 43 of 51]
87.1062469482421875 89.34999847412109375 91.875 94.9562530517578125 98.59999847412109375 103.15000152587890625 107.6437530517578125 112.21875 118.125 123.40000152587890625 126.96875 126.0187530517578125 123.9875030517578125 121.03125 117.3312530517578125 112.9250030517578125 108.9812469482421875 107.6999969482421875 107.99375152587890625 109.3000030517578125 117.25624847412109375 126.0124969482421875 134.368743896484375 141.3625030517578125 148.975006103515625 155.625 158.5124969482421875 157.0500030517578125 152.84375 148.6437530517578125 146.3625030517578125 148.4875030517578125 151.868743896484375 156.7312469482421875 162.4562530517578125 170.46875 181.118743896484375 192.5187530517578125 200.9812469482421875 204.78125 203.837493896484375 199 196.0437469482421875 193.600006103515625
83.0437469482421875 85.21875 88.33750152587890625 92.3625030517578125 96.52500152587890625 101.18125152587890625 106.05625152587890625 111.02500152587890625 116.6750030517578125 121.7062530517578125 124.81874847412109375 124.2312469482421875 122.73125457763671875 120.2375030517578125 116.78125 112.68125152587890625 109.0749969482421875 108.13124847412109375 108.0625 109.05625152587890625 115.50624847412109375 123.7062530517578125 132.493743896484375 140.162506103515625 148.806243896484375 158.2375030517578125 164.774993896484375 165.024993896484375 162.34375 160.3625030517578125 159.5437469482421875 161.1125030517578125 162.912506103515625 166.8000030517578125 171.0812530517578125 178.318756103515625 188.8000030517578125 200.493743896484375 207.6125030517578125 209.2312469482421875 208.256256103515625 203.931243896484375 200.53125 197.756256103515625
79.2937469482421875 82.24375152587890625 85.3625030517578125 89.4562530517578125 94.15625 99.38124847412109375 104.3125 109.66249847412109375 115.8249969482421875 120.21875 122.91249847412109375 122.3312530517578125 121.8000030517578125 120.2062530517578125 116.7312469482421875 112.65000152587890625 108.9499969482421875 107.88124847412109375 107.7375030517578125 108.125 113.8625030517578125 120.9875030517578125 128.6687469482421875 136.9875030517578125 147.0187530517578125 158.912506103515625 168.693756103515625 170.9875030517578125 169.90625 170.2375030517578125 171.4187469482421875 173.537506103515625 174.975006103515625 176.787506103515625 179.4562530517578125 184.2375030517578125 194.90625 209.875 216.3937530517578125 215.9812469482421875 213.7249908447265625 208.993743896484375 205.3562469482421875 202.274993896484375
76.02500152587890625 78.84999847412109375 82.03125 86.4875030517578125 91.77500152587890625 97.3562469482421875 102.93125152587890625 108.3625030517578125 114.3625030517578125 118.4875030517578125 121.34999847412109375 122.1437530517578125 122.75 122.40625 118.78125 114.4562530517578125 110.68125152587890625 109.47499847412109375 108.81874847412109375 108.6875 112.94374847412109375 118.7375030517578125 124.83750152587890625 133.443756103515625 143.587493896484375 155.4187469482421875 165.618743896484375 171.7312469482421875 175.4375 178.4187469482421875 182.1374969482421875 184.9499969482421875 186.9375 188.0500030517578125 189.912506103515625 192.4562530517578125 201.943756103515625 216.3312530517578125 222.6750030517578125 222.03125 219.0124969482421875 214.193756103515625 209.618743896484375 205.818756103515625
73.74375152587890625 76.22499847412109375 79.28125 84.7375030517578125 90.96875 96.40625 101.77500152587890625 106.75 112.18125152587890625 116.78749847412109375 120.21250152587890625 122.0749969482421875 123.8249969482421875 124.49375152587890625 121.03749847412109375 116.68125152587890625 112.71250152587890625 111.30625152587890625 110.1374969482421875 109.4187469482421875 112.4250030517578125 116.2624969482421875 120.9875030517578125 128.975006103515625 139.4875030517578125 152.0124969482421875 162.96875 171.8625030517578125 178.9875030517578125 185.306243896484375 191.6374969482421875 196.225006103515625 198.912506103515625 200.118743896484375 200.8937530517578125 204.3562469482421875 212.662506103515625 221.725006103515625 226.943756103515625 227.756256103515625 224.899993896484375 219.78125 214.0812530517578125 210.9875030517578125
73.0124969482421875 76.38124847412109375 79.72499847412109375 85.09999847412109375 90.5625 95.6999969482421875 100.4875030517578125 105.0749969482421875 110.3312530517578125 114.81874847412109375 118.52500152587890625 121.9375 124.91249847412109375 126.71875 123.6437530517578125 119.33750152587890625 115.0625 113.4250030517578125 111.91249847412109375 110.625 113.05625152587890625 114.94374847412109375 117.3562469482421875 123.99375152587890625 135.774993896484375 149.524993896484375 162.212493896484375 173.131256103515625 182.8375091552734375 191.5187530517578125 199.8562469482421875 207.743743896484375 211.65625 212.2375030517578125 213.131256103515625 216.3125 222.8937530517578125 229.8000030517578125 234.1437530517578125 235.5812530517578125 233.0812530517578125 225.743743896484375 218.0625 213.1750030517578125
72.81874847412109375 76.1875 80.5 85.78749847412109375 90.9499969482421875 95.7375030517578125 99.91249847412109375 104.0749969482421875 108.96250152587890625 113.99375152587890625 118.83750152587890625 123.6875 128.024993896484375 131.318756103515625 128.59375 124.6750030517578125 120.65625 118.8125 117.02500152587890625 115 116.3249969482421875 117.03125 117.8562469482421875 123.08750152587890625 135.7937469482421875 149.8562469482421875 163.318756103515625 175.53125 187.34375 197.3125 207.681243896484375 217.506256103515625 223.068756103515625 223.5749969482421875 224.274993896484375 228.0500030517578125 233.2375030517578125 239.0437469482421875 243.2375030517578125 245.7312469482421875 244.037506103515625 234.287506103515625 222.8625030517578125 216.318756103515625
72.88124847412109375 76.2312469482421875 81.1687469482421875 86.54999542236328125 91.46250152587890625 96.00624847412109375 99.90625 103.4562530517578125 108.27500152587890625 113.3249969482421875 118.4375 124.83124542236328125 131.350006103515625 136.3000030517578125 134.0812530517578125 130.21875 126.6999969482421875 124.56874847412109375 122.71250152587890625 120.50624847412109375 121.3000030517578125 121.8125 123.47499847412109375 129.787506103515625 140.649993896484375 153.568756103515625 166.4812469482421875 178.868743896484375 191.274993896484375 202.056243896484375 212.84375 222.8000030517578125 228.4375 230.962493896484375 232.90625 237.274993896484375 242.9250030517578125 249.0187530517578125 254.375 258.743743896484375 258.88751220703125 247.7687530517578125 229.5437469482421875 221.3249969482421875
73.6999969482421875 77.02500152587890625 82.46875 88.3562469482421875 92.9875030517578125 96.71875 99.90625 103.09999847412109375 107.88124847412109375 112.77500152587890625 118.52500152587890625 126.5625 134.65625 141.318756103515625 139.556243896484375 136.7312469482421875 133.6999969482421875 131.6687469482421875 129.6437530517578125 127.3625030517578125 127.85625457763671875 128.4499969482421875 130.6999969482421875 137.1999969482421875 147.21875 158.9875030517578125 171.3000030517578125 183.7375030517578125 196.3874969482421875 206.8000030517578125 217.1750030517578125 226.65625 232.5124969482421875 235.9562530517578125 239.5500030517578125 245.3125 252.21875 258.774993896484375 264.48748779296875 270.768768310546875 274.59375 261.5 242.899993896484375 238.2687530517578125
82.4812469482421875 85.21875 90.5187530517578125 96.31874847412109375 100.53749847412109375 101.9375 103.1750030517578125 105.2312469482421875 109.5625 114.27500152587890625 120.1374969482421875 128.625 138.09375 146.225006103515625 146.193756103515625 144.631256103515625 143.2062530517578125 142.2937469482421875 140.350006103515625 137.756256103515625 137.59375 138.068756103515625 139.712493896484375 146.2687530517578125 155.568756103515625 166.4124908447265625 177.2062530517578125 189.524993896484375 201.5 211.4937591552734375 221.28125 230.225006103515625 237.131256103515625 241.787506103515625 246.725006103515625 252.9375 260.46875 267.35626220703125 273.48748779296875 279.274993896484375 281.774993896484375 274.681243896484375 262.725006103515625 259.84375
92.25624847412109375 94.15625 98.38750457763671875 103.29999542236328125 106.1437530517578125 105.7937469482421875 105.69374847412109375 106.4187469482421875 110.38124847412109375 115.61875152587890625 121.6999969482421875 130.962493896484375 141.3937530517578125 150.4562530517578125 152.09375 152.743743896484375 153.618743896484375 152.712493896484375 151.556243896484375 148.9250030517578125 148.0749969482421875 147.975006103515625 149.381256103515625 155.475006103515625 163.756256103515625 173.4375 183.756256103515625 195.412506103515625 206.8249969482421875 216.6437530517578125 225.743743896484375 234.2062530517578125 241.274993896484375 247.4375 253.2687530517578125 260.431243896484375 268.78125 276.26251220703125 281.90625 286.04998779296875 289.75 287.337493896484375 281.899993896484375 277.40625
103.24375152587890625 103.6687469482421875 106.15000152587890625 108.25624847412109375 108.77500152587890625 108.49375152587890625 107.8937530517578125 107.65000152587890625 111.69374847412109375 116.7375030517578125 123.08750152587890625 133.2937469482421875 144.649993896484375 154.712493896484375 158.7312469482421875 161.524993896484375 163.131256103515625 162.337493896484375 161.0749969482421875 158.7687530517578125 158.056243896484375 157.712493896484375 158.3937530517578125 163.9375 172.25 180.8249969482421875 190.28125 201.431243896484375 212.556243896484375 222.006256103515625 230.524993896484375 238.662506103515625 245.1687469482421875 252.1062469482421875 259.350006103515625 268.100006103515625 276.21875 283.70623779296875 289.412506103515625 294.181243896484375 300.96875 303.51251220703125 304.29376220703125 304.96875
123.15000152587890625 121.77500152587890625 121.84999847412109375 122.11875152587890625 121.09375 119.8125 117.9250030517578125 116.4187469482421875 118.83750152587890625 122.6999969482421875 129.131256103515625 139.1187591552734375 150.837493896484375 162.1374969482421875 167.756256103515625 171.931243896484375 174.618743896484375 174.4562530517578125 172.087493896484375 169.90625 169.274993896484375 169.181243896484375 169.6875 174.212493896484375 181.3249969482421875 189.3375091552734375 198.256256103515625 207.8937530517578125 218.71875 227.318756103515625 235.7375030517578125 243.649993896484375 250.8249969482421875 258.33123779296875 266.34375 275.29998779296875 284.0625 292.23748779296875 297.79376220703125 305.975006103515625 313.506256103515625 319.818756103515625 327.625 339.056243896484375
144.1875 140.8874969482421875 139.118743896484375 136.962493896484375 133.6750030517578125 131.100006103515625 128.3000030517578125 125.59999847412109375 126.1437530517578125 128.4312591552734375 133.618743896484375 144.9250030517578125 157.5500030517578125 168.8625030517578125 176.5 182.3000030517578125 186.850006103515625 186.6687469482421875 183.756256103515625 181.40625 180.7624969482421875 180.3249969482421875 180.337493896484375 184.1374969482421875 189.806243896484375 196.625 205.443756103515625 214.9187469482421875 225.412506103515625 232.962493896484375 240.6875 248.78125 256.48748779296875 264.712493896484375 272.875 281.89373779296875 291.65625 299.256256103515625 306.84375 316.01873779296875 325.11248779296875 334.54376220703125 347.149993896484375 365.53125
164.8937530517578125 160.125 156.3625030517578125 151.8125 146.8937530517578125 142.712493896484375 138.3625030517578125 134.3000030517578125 132.537506103515625 133.568756103515625 138.7375030517578125 150.9250030517578125 165.287506103515625 178.193756103515625 187.274993896484375 194.537506103515625 199.78125 199.056243896484375 196.287506103515625 192.75 192.3625030517578125 191.1374969482421875 191.375 193.9499969482421875 198.0437469482421875 203.881256103515625 212.09375 221.5 231.3562469482421875 238.46875 245.8312530517578125 253.5500030517578125 261.931243896484375 271.01873779296875 279.54998779296875 287.90625 296.931243896484375 306.70001220703125 315.225006103515625 323.524993896484375 333.54998779296875 344.26251220703125 358.42498779296875 377.45001220703125
186.7624969482421875 181.274993896484375 176.1999969482421875 170.59375 164.3562469482421875 158.875 152.618743896484375 146.53125 142.7312469482421875 141.837493896484375 147.8562469482421875 162.181243896484375 178.524993896484375 191.8874969482421875 201.506256103515625 208.881256103515625 213.7624969482421875 212.556243896484375 208.6999969482421875 204.431243896484375 203.337493896484375 202.587493896484375 201.6750030517578125 203.431243896484375 207.006256103515625 211.5812530517578125 219.1999969482421875 227.625 236.4562530517578125 243.6374969482421875 251.181243896484375 258.350006103515625 267.11248779296875 275.743743896484375 284.006256103515625 291.07501220703125 301.04376220703125 310.29376220703125 318.181243896484375 326.73748779296875 336.73748779296875 348.287506103515625 360.82501220703125 377.29376220703125
208.40625 202.443756103515625 196.631256103515625 190.4250030517578125 183.5999908447265625 176.9875030517578125 169.743743896484375 161.431243896484375 154.287506103515625 148.9499969482421875 158.131256103515625 178.6750030517578125 195.1437530517578125 207.118743896484375 216.725006103515625 223.7687530517578125 228.40625 226.2062530517578125 222.0749969482421875 217.1374969482421875 215 213.1687469482421875 211.65625 212.5812530517578125 214.881256103515625 218.78125 225.15625 233.506256103515625 242.0749969482421875 249.181243896484375 256.29376220703125 263.20623779296875 271.83123779296875 280.8125 288.54376220703125 296.32501220703125 305.006256103515625 313.15625 319.38751220703125 327.1875 336.21875 346.60626220703125 357.98126220703125 371.92498779296875
228.524993896484375 222.6437530517578125 216.7937469482421875 210.2375030517578125 203.568756103515625 196.024993896484375 188.712493896484375 180.1437530517578125 172.5 164.28125 183.306243896484375 205.6437530517578125 217.2312469482421875 225.743743896484375 233.756256103515625 239.9562530517578125 243.2687530517578125 240.681243896484375 235.243743896484375 229.850006103515625 225.806243896484375 222.7624969482421875 220.8125 220.7937469482421875 221.993743896484375 224.9875030517578125 231.5500030517578125 239.037506103515625 246.8125 254.1750030517578125 260.58123779296875 267.600006103515625 276.15625 285.068756103515625 292.649993896484375 299.76251220703125 307.08123779296875 313.587493896484375 319.625 326.056243896484375 333.29998779296875 342.04376220703125 351.10626220703125 362.337493896484375
243.03125 237.243743896484375 232.1687469482421875 226.6062469482421875 220.3625030517578125 213.8625030517578125 207.9187469482421875 202.8562469482421875 201.5500030517578125 209.1750030517578125 233.0812530517578125 239.6062469482421875 242.7624969482421875 247.381256103515625 252.5749969482421875 256.600006103515625 258.14373779296875 253.618743896484375 247.1687469482421875 240.524993896484375 234.8000030517578125 229.9187469482421875 226.943756103515625 226.556243896484375 227.65625 230.21875 235.5625 242.46875 249.568756103515625 256.875 263.98126220703125 269.65625 277.29376220703125 284.98126220703125 292.962493896484375 299.23748779296875 305.287506103515625 310.96875 315.756256103515625 320.76251220703125 327.40625 333.975006103515625 340.912506103515625 349.3125
257.725006103515625 252.068756103515625 247.6125030517578125 242.931243896484375 237.9562530517578125 233.818756103515625 230.412506103515625 229.6374969482421875 232.71875 242.34375 257.29376220703125 264.975006103515625 267.100006103515625 269.83123779296875 273.024993896484375 274.368743896484375 273.53125 268.193756103515625 259.84375 251.5124969482421875 242.681243896484375 235.4375 230.8625030517578125 229.5875091552734375 231.3249969482421875 234.3625030517578125 239.712493896484375 246.100006103515625 252.3562469482421875 259.75 266.08123779296875 272.61248779296875 279.756256103515625 286.118743896484375 292.29376220703125 296.71875 302.287506103515625 306.774993896484375 310.45623779296875 313.92498779296875 318.399993896484375 323.79376220703125 329.756256103515625 336.23126220703125
