data/historical-monthly-weather-data/wc2.1_cruts4.09_10m_prec_1991-05.asc
ncols        45
nrows        45
xllcorner    -63.500000000000
yllcorner    -7.500000000000
cellsize     0.166666666667
NODATA_value -9999
[rows 0 to 19 of 45, columns 0 to 43 of 45]
379.125 383.13751220703125 383.350006103515625 389.95623779296875 392.83123779296875 391.45623779296875 384.75 380.48748779296875 375.59375 373.78125 369.57501220703125 361.33123779296875 355.23126220703125 349.91876220703125 342.91876220703125 337.98748779296875 331.84375 324.787506103515625 320.6875 319.51873779296875 320.412506103515625 321.16876220703125 325.91876220703125 328.881256103515625 333.70623779296875 340.53125 345.306243896484375 351.96875 356.59375 368.537506103515625 376.45001220703125 387.26873779296875 399.01873779296875 408.76251220703125 418.07501220703125 425.662506103515625 430.774993896484375 431.48748779296875 428.48126220703125 427.08123779296875 422.0625 417.35626220703125 408.868743896484375 405.92498779296875
374.34375 377.1875 383.16876220703125 393.21875 402.787506103515625 403.243743896484375 397.04376220703125 393.493743896484375 390.662506103515625 385.23748779296875 380.79998779296875 371.431243896484375 362.07501220703125 353.35626220703125 343.65625 334.89373779296875 326.568756103515625 318.225006103515625 315.662506103515625 314.6875 316.40625 319.40625 322.90625 329.70623779296875 335.375 341.09375 348.381256103515625 355.13751220703125 361.443756103515625 371.61248779296875 380.36248779296875 395.881256103515625 405.29376220703125 418.53125 427.600006103515625 429.0625 436.25 437.58123779296875 436.92498779296875 428.38751220703125 422.54998779296875 422.32501220703125 413.568756103515625 404.118743896484375
357.618743896484375 364.33123779296875 375.306243896484375 386.17498779296875 395.4375 399.29998779296875 400.09375 401.95623779296875 400.931243896484375 396.149993896484375 390.256256103515625 378.10626220703125 365.61248779296875 352.01251220703125 340.96875 331.875 320.89373779296875 311.23126220703125 308.006256103515625 307.6875 310.90625 317.35626220703125 322.61248779296875 329.28125 335.53125 344.743743896484375 353.79376220703125 358.98748779296875 363.056243896484375 373.006256103515625 382.35626220703125 395.21875 409.01251220703125 419.04998779296875 430.337493896484375 430.681243896484375 435.443756103515625 438.149993896484375 435.07501220703125 429.75 427.70623779296875 420.36248779296875 414.693756103515625 405.5625
335.79376220703125 340.625 359.88751220703125 372.181243896484375 384.20001220703125 389.61248779296875 394.76251220703125 402.71875 408.60626220703125 406.61248779296875 397.61248779296875 382.774993896484375 365.037506103515625 349.48126220703125 336.79998779296875 325.13751220703125 312.3125 303.28125 299.618743896484375 301.837493896484375 311.01251220703125 317.48126220703125 322.48748779296875 330.71875 337.83123779296875 345.4375 355.125 358.024993896484375 361.76873779296875 374.712493896484375 384.962493896484375 397.09375 407.881256103515625 416.412506103515625 423.568756103515625 431.26873779296875 437.84375 440.037506103515625 437.73748779296875 433.787506103515625 429.16876220703125 426.21875 415.006256103515625 404.493743896484375
335.45623779296875 336.79998779296875 339.274993896484375 352.318756103515625 368.381256103515625 375.056243896484375 384.67498779296875 397.39373779296875 410.375 414.225006103515625 400.45001220703125 379.225006103515625 363.16876220703125 347.631256103515625 333.51251220703125 319.28125 304.6875 296.26873779296875 292.631256103515625 296.681243896484375 307.350006103515625 314.4375 319.57501220703125 332.14373779296875 338.4375 346.32501220703125 349.85626220703125 356.76873779296875 361.881256103515625 373.01251220703125 385.524993896484375 395.29376220703125 404.13751220703125 416.037506103515625 425.10626220703125 429.26251220703125 437.51873779296875 443.03125 442.41876220703125 437.693756103515625 435.337493896484375 426.70623779296875 416.274993896484375 407.975006103515625
329.006256103515625 331.306243896484375 332.037506103515625 330.743743896484375 347.100006103515625 360.04376220703125 370.274993896484375 380.39373779296875 394.975006103515625 401.618743896484375 390.79376220703125 368.98748779296875 356.54998779296875 343.962493896484375 328.1875 317.625 302.306243896484375 293.443756103515625 291.837493896484375 297.95001220703125 307.212493896484375 316.29376220703125 325.08123779296875 331.725006103515625 339.15625 346.73748779296875 350.79376220703125 355.100006103515625 362.037506103515625 373.48748779296875 385.412506103515625 396.98126220703125 404.76873779296875 414.662506103515625 422.131256103515625 428.306243896484375 433.993743896484375 438.412506103515625 443.475006103515625 439.66876220703125 433.306243896484375 426.068756103515625 414.774993896484375 406.16876220703125
325.193756103515625 326.04998779296875 325.98748779296875 325.5625 330.649993896484375 336.54376220703125 345.23126220703125 354.462493896484375 356.274993896484375 363.73748779296875 362.787506103515625 351.85626220703125 344.79998779296875 336.475006103515625 325.01251220703125 314.162506103515625 305.193756103515625 300.162506103515625 298.181243896484375 304.725006103515625 311.287506103515625 318.14373779296875 323.068756103515625 331.98126220703125 340.60626220703125 350.868743896484375 353.006256103515625 356.225006103515625 358.962493896484375 370.59375 383.162506103515625 391.53125 396.98126220703125 405.82501220703125 414.337493896484375 422.6875 426.462493896484375 430.868743896484375 436.993743896484375 437.625 429.71875 419.493743896484375 409.037506103515625 403.10626220703125
320.34375 320.306243896484375 319.78125 321.868743896484375 326.149993896484375 331.318756103515625 328.66876220703125 319.162506103515625 311.0625 321.34375 334.268768310546875 334.274993896484375 334.818756103515625 329.45001220703125 322.08123779296875 315.568756103515625 308.73126220703125 307.75 306.95001220703125 308.75 317.625 322.17498779296875 326.806243896484375 330.850006103515625 341.212493896484375 344.65625 350.70001220703125 352.26873779296875 355.537506103515625 366.66876220703125 378.037506103515625 385.46875 391.98126220703125 396.64373779296875 400.76251220703125 406.524993896484375 412.506256103515625 419.618743896484375 422.08123779296875 417.381256103515625 415.5 406.82501220703125 399.149993896484375 390.181243896484375
316.243743896484375 316.662506103515625 317.875 318.193756103515625 320.33123779296875 322.59375 319.36248779296875 311.98748779296875 297.45623779296875 294.3125 307.57501220703125 316.51251220703125 324.318756103515625 321.73748779296875 317.493743896484375 315.36248779296875 312.024993896484375 314.45623779296875 318.193756103515625 314.57501220703125 315.693756103515625 323.48748779296875 323.337493896484375 334.725006103515625 338.006256103515625 339.86248779296875 341.71875 347.743743896484375 355.57501220703125 363.037506103515625 375.256256103515625 379.45001220703125 377.568756103515625 377.837493896484375 384.024993896484375 390.912506103515625 397.587493896484375 404.899993896484375 410.03125 404.100006103515625 397.71875 389.53125 386.774993896484375 383.274993896484375
311.28125 313.774993896484375 315.04998779296875 316.756256103515625 315.42498779296875 317.17498779296875 315.36248779296875 310.631256103515625 304.225006103515625 303.743743896484375 308.743743896484375 308.11248779296875 317.337493896484375 315.787506103515625 315.76873779296875 313.10626220703125 311.5625 315.162506103515625 320.975006103515625 323.725006103515625 321.73748779296875 320.787506103515625 321.53125 329.625 329.98126220703125 331.875 333.3125 339.21875 349.03125 359.82501220703125 365.09375 366.0625 367.318756103515625 367.95001220703125 369.100006103515625 374.618743896484375 379.53125 387.20623779296875 392.818756103515625 394.568756103515625 394.137481689453125 390.756256103515625 378.931243896484375 368.35626220703125
306.29998779296875 310.837493896484375 311.09375 313.100006103515625 311.787506103515625 314.587493896484375 314.0625 308.3125 304.67498779296875 307.28125 312.73126220703125 315.54376220703125 311.51251220703125 312.46875 310.91876220703125 308.712493896484375 308.850006103515625 314.64373779296875 320.79998779296875 327.88751220703125 336.256256103515625 330.149993896484375 324.23126220703125 314.26873779296875 322.42498779296875 329.024993896484375 330.4375 335.48748779296875 339.681243896484375 345.1875 351.54998779296875 354.181243896484375 353.787506103515625 353.212493896484375 352.57501220703125 354.08123779296875 358.5625 367.45001220703125 377.431243896484375 382.5625 384.63751220703125 379.46875 375.73748779296875 361.04376220703125
304.337493896484375 307.681243896484375 308.6875 310.51873779296875 311.01873779296875 310.318756103515625 312.64373779296875 311.29998779296875 310.899993896484375 309.399993896484375 313.756256103515625 319.537506103515625 310.09375 308.28125 309.03125 304.73126220703125 304.506256103515625 310.5 318.368743896484375 330.181243896484375 342.84375 342.95623779296875 335.01873779296875 321.13751220703125 314.725006103515625 312.79376220703125 312.21875 317.33123779296875 324.868743896484375 328.962493896484375 329.70001220703125 331.29376220703125 330.92498779296875 330.20001220703125 333.056243896484375 338.96875 346.118743896484375 352.53125 359.59375 366.11248779296875 371.837493896484375 367.774993896484375 358.15625 333.66876220703125
303.42498779296875 304.631256103515625 304.818756103515625 306.774993896484375 306.568756103515625 308.274993896484375 307.90625 305.806243896484375 306.78125 309.70001220703125 313.04376220703125 316.225006103515625 311.98126220703125 298.556243896484375 296.368743896484375 297.40625 297.056243896484375 303.649993896484375 311.51251220703125 323.45001220703125 340.256256103515625 339.693756103515625 333.162506103515625 319.10626220703125 296.787506103515625 289.51873779296875 297.75 304.431243896484375 313.068756103515625 317.58123779296875 314.881256103515625 310.59375 308.556243896484375 306.66876220703125 310.60626220703125 320.399993896484375 329.92498779296875 340.73748779296875 351.193756103515625 357.225006103515625 359.787506103515625 356.86248779296875 337.15625 318.10626220703125
296.13751220703125 298.350006103515625 299.86248779296875 301.100006103515625 302.524993896484375 302.39373779296875 301.15625 300.35626220703125 303.51251220703125 305.90625 303.475006103515625 303.162506103515625 299.36248779296875 292.16876220703125 280.056243896484375 284.01873779296875 283.82501220703125 288.84375 298.96875 311.45001220703125 324.59375 326.975006103515625 323.92498779296875 314.8125 298.54998779296875 288.91876220703125 289.78125 291.462493896484375 297.556243896484375 297.95001220703125 299.13751220703125 292.962493896484375 290.48126220703125 288.931243896484375 290.962493896484375 304.362518310546875 319.256256103515625 334.193756103515625 346.743743896484375 349.11248779296875 338.79376220703125 325.13751220703125 320.35626220703125 318.899993896484375
289.08123779296875 293.14373779296875 295.46875 296.11248779296875 296.443756103515625 296.76251220703125 298.462493896484375 299.53125 299.82501220703125 298.14373779296875 294.368743896484375 291.98748779296875 285.54998779296875 277.806243896484375 261.75 263.649993896484375 265.71875 274.29376220703125 283.9375 294.45001220703125 307.95623779296875 314.38751220703125 317.274993896484375 318.475006103515625 313.506256103515625 307.64373779296875 301.600006103515625 299.07501220703125 298.39373779296875 294.6875 285.274993896484375 276.96875 278.006256103515625 271.818756103515625 267.868743896484375 277.89373779296875 305.20001220703125 328 338.537506103515625 336.70623779296875 325.76873779296875 320.45623779296875 325.181243896484375 321.225006103515625
281.29376220703125 285.03125 288.975006103515625 290.89373779296875 290.51251220703125 292.73126220703125 295.131256103515625 295.48126220703125 293.256256103515625 291.725006103515625 286.23126220703125 281.65625 274.65625 268.381256103515625 255.7624969482421875 242.4250030517578125 248.1125030517578125 262.118743896484375 268.89373779296875 278.712493896484375 292.4375 306.462493896484375 317.337493896484375 325.818756103515625 324.75 318.36248779296875 309.71875 302.100006103515625 298.399993896484375 294.600006103515625 288.493743896484375 277.39373779296875 265.181243896484375 253.818756103515625 248.1437530517578125 272.53125 291.61248779296875 311.75 326.45623779296875 333.13751220703125 329.76251220703125 323.82501220703125 321.399993896484375 310.23126220703125
275.25 279.76251220703125 281.73126220703125 284.931243896484375 287.5625 287.61248779296875 288.21875 287.631256103515625 287.024993896484375 284.70001220703125 280.375 276.9375 268.912506103515625 260.95623779296875 251.6374969482421875 241.8937530517578125 231.225006103515625 242.9187469482421875 253.931243896484375 264.5625 279.16876220703125 294.42498779296875 312.35626220703125 329.125 336.006256103515625 320.95623779296875 308.350006103515625 300.92498779296875 296.36248779296875 291.57501220703125 286.412506103515625 279.662506103515625 269.20001220703125 260.181243896484375 268.07501220703125 278.993743896484375 297.431243896484375 316.881256103515625 337.618743896484375 336.556243896484375 331.29998779296875 321.1875 309.375 302.17498779296875
267.73126220703125 274.26251220703125 277.79998779296875 280.0625 282.73748779296875 285.64373779296875 284.649993896484375 282.537506103515625 280.01873779296875 278.23126220703125 274.07501220703125 272.86248779296875 262.32501220703125 256.01873779296875 247.53125 239.568756103515625 229.8874969482421875 224.0625 242.8125 251.350006103515625 264.75 281.46875 300.050018310546875 317.868743896484375 327.73748779296875 318.11248779296875 301.162506103515625 296.91876220703125 293.70001220703125 284.462493896484375 269.881256103515625 258.45001220703125 269.59375 273.631256103515625 276.399993896484375 298.71875 316.587493896484375 324.70623779296875 335.181243896484375 335.79998779296875 321.41876220703125 310.40625 299.9375 294.45001220703125
260.16876220703125 267.512481689453125 270.61248779296875 275.45623779296875 279.693756103515625 280.63751220703125 280.774993896484375 280.14373779296875 277.42498779296875 276.600006103515625 270.60626220703125 261.64373779296875 253.181243896484375 247.75 240.1875 235.024993896484375 229.493743896484375 220.818756103515625 223.2062530517578125 232.850006103515625 247.381256103515625 267.78125 271.70623779296875 291.28125 302.087493896484375 306.587493896484375 299.943756103515625 289.962493896484375 286.868743896484375 277.51251220703125 266.787506103515625 263.181243896484375 271.837493896484375 276.07501220703125 282.82501220703125 299.899993896484375 308.73126220703125 312.806243896484375 322.600006103515625 318.287506103515625 306.912506103515625 295.33123779296875 290.23126220703125 289.237518310546875
251.556243896484375 259.881256103515625 264.29376220703125 267.0625 272.26873779296875 278.118743896484375 279.91876220703125 279.037506103515625 276.11248779296875 271.931243896484375 268.306243896484375 263.88751220703125 258.96875 249.15625 239.306243896484375 225.3125 214.412506103515625 217.7062530517578125 218.368743896484375 224.3125 230.3874969482421875 244.524993896484375 262.76873779296875 273.806243896484375 279.61248779296875 279.125 278.568756103515625 279.78125 272.243743896484375 261.01251220703125 257.10626220703125 267.46875 271.41876220703125 273.274993896484375 282.95623779296875 295.212493896484375 302.45001220703125 306.45001220703125 307.45001220703125 304.54998779296875 291.068756103515625 280.725006103515625 281.506256103515625 281.91876220703125
