data/historical-monthly-weather-data/wc2.1_cruts4.09_10m_prec_1988-06.asc
ncols        51
nrows        45
xllcorner    -63.500000000000
yllcorner    -7.500000000000
cellsize     0.166666666667
NODATA_value -9999
[rows 0 to 18 of 45, columns 0 to 43 of 51]
347.743743896484375 342.92498779296875 336.181243896484375 339.95001220703125 338.71875 339.5 333.63751220703125 326.212493896484375 315.84375 316.725006103515625 320.54998779296875 321.09375 322.33123779296875 319.71875 315.5625 313.212493896484375 307.818756103515625 300.350006103515625 292.193756103515625 287.962493896484375 290.056243896484375 283.48126220703125 278.625 270.881256103515625 265.33123779296875 261.34375 261.63751220703125 264.29376220703125 260.318756103515625 260.41876220703125 255.34375 257.118743896484375 261.443756103515625 260.375 259.868743896484375 259.693756103515625 258.64373779296875 259.587493896484375 254.899993896484375 253.1374969482421875 255.1062469482421875 261.6875 258.8125 259.17498779296875
342.71875 339.800018310546875 342.743743896484375 346.443756103515625 352.84375 355.38751220703125 350.95001220703125 344.556243896484375 343.70623779296875 345.537506103515625 347.131256103515625 345.66876220703125 338.14373779296875 333.01873779296875 325.475006103515625 319.774993896484375 310.84375 299.618743896484375 290.493743896484375 287.40625 288.056243896484375 282.975006103515625 280.9375 276.04376220703125 270.38751220703125 264.95623779296875 264.306243896484375 262.431243896484375 257.92498779296875 253.9187469482421875 254.0999908447265625 261.399993896484375 262.48126220703125 262.6875 263.443756103515625 258.625 258.443756103515625 257.36248779296875 253.243743896484375 252.3937530517578125 257.70001220703125 252.9375 257.462493896484375 257.71875
327.381256103515625 334.84375 341.26251220703125 343.73748779296875 355.118743896484375 364.78125 367.23748779296875 373.743743896484375 375.875 378.462493896484375 377.056243896484375 369.23126220703125 362.10626220703125 347.38751220703125 335.1875 325.54998779296875 312.225006103515625 301.53125 293.26873779296875 288.33123779296875 290.60626220703125 292.899993896484375 290.850006103515625 290.943756103515625 281.118743896484375 273.475006103515625 275.6875 269.1875 258.89373779296875 260.6875 257.67498779296875 259.58123779296875 259.5625 261.649993896484375 259.006256103515625 248.4562530517578125 250.212493896484375 252.3625030517578125 249.0812530517578125 248.962493896484375 256.212493896484375 254.850006103515625 255.8625030517578125 254.1875
309.850006103515625 312.337493896484375 328.662506103515625 341.881256103515625 353.087493896484375 366.26873779296875 379.475006103515625 392.399993896484375 402.83123779296875 409.943756103515625 404.79998779296875 390.86248779296875 375.92498779296875 357.962493896484375 343.98126220703125 331 311.76251220703125 302.83123779296875 295.131256103515625 299.337493896484375 300.23126220703125 296.53125 297.63751220703125 300.29376220703125 289.8125 282.13751220703125 278.98748779296875 267.725006103515625 260.581268310546875 262.024993896484375 260.774993896484375 258.01251220703125 257.29376220703125 252.850006103515625 250.149993896484375 251.962493896484375 253.6750030517578125 251.5 247.2249908447265625 246.899993896484375 251.806243896484375 256.20001220703125 256.506256103515625 253.649993896484375
316.76251220703125 316.181243896484375 315.70001220703125 334.850006103515625 358.58123779296875 369.61248779296875 386.868743896484375 410.8125 431.693756103515625 442.34375 436 406.59375 388.76873779296875 370.54998779296875 349.48748779296875 332.837493896484375 315.274993896484375 299.88751220703125 292.243743896484375 294.506256103515625 295.8125 298.11248779296875 301.60626220703125 302.5625 292.45001220703125 286.36248779296875 278.087493896484375 272.84375 264.787506103515625 259.92498779296875 261.70001220703125 261.681243896484375 257.837493896484375 255.524993896484375 256.71875 251.7375030517578125 251.75 252.8312530517578125 246.2687530517578125 242.5749969482421875 247.6875 251.662506103515625 254.256256103515625 256.506256103515625
308.71875 314.78125 317.15625 314.58123779296875 343 370.537506103515625 385.01251220703125 405.662506103515625 433.26873779296875 447.70001220703125 433.350006103515625 405.26251220703125 387.90625 369.6875 345.568756103515625 328.850006103515625 310.08123779296875 297.26873779296875 295.70001220703125 296.375 301.70001220703125 302.64373779296875 304.01251220703125 297.443756103515625 293.256256103515625 288.46875 276.962493896484375 271.29998779296875 263.899993896484375 259.20623779296875 263.60626220703125 263.8125 264.100006103515625 259.48126220703125 253.8249969482421875 257.243743896484375 251.881256103515625 242.9250030517578125 242 246.25 245.3874969482421875 251.2062530517578125 250.475006103515625 251.5625
308.337493896484375 311.76251220703125 316.13751220703125 320.262481689453125 326.63751220703125 339.506256103515625 354.84375 384.850006103515625 399.04376220703125 412.524993896484375 409.54376220703125 389.23126220703125 378.51251220703125 365.58123779296875 344.25 326.506256103515625 312.20623779296875 302.17498779296875 295.306243896484375 298.92498779296875 296.0625 297.92498779296875 297.100006103515625 295.287506103515625 297.45001220703125 292.306243896484375 279.475006103515625 269.85626220703125 261.943756103515625 266.90625 263.79376220703125 259.39373779296875 257.21875 258.8125 261.41876220703125 256.737518310546875 244.774993896484375 239.5625 236.6999969482421875 241.6374969482421875 240.0749969482421875 242.9875030517578125 246.1875 247.506256103515625
304.350006103515625 302.556243896484375 308.318756103515625 321.54376220703125 329.28125 347.13751220703125 345.98748779296875 345.89373779296875 344.86248779296875 363.6875 375.100006103515625 369.66876220703125 364.98126220703125 354.15625 342.79998779296875 327.25 309.087493896484375 302.54998779296875 296.756256103515625 291.82501220703125 304.625 301.412506103515625 297.962493896484375 294.875 296.587493896484375 287.96875 277.100006103515625 267.443756103515625 259.774993896484375 257.95001220703125 265.54376220703125 260.17498779296875 259.26251220703125 258.09375 252.8125 246.287506103515625 239.131256103515625 233.375 225.0625 222.8312530517578125 224.3625030517578125 231.9499969482421875 229.5250091552734375 226.568756103515625
297.96875 299.98126220703125 302.01251220703125 311.087493896484375 321.51251220703125 330.21875 341.71875 348.46875 334.4375 328.58123779296875 334.63751220703125 337.181243896484375 344.60626220703125 338.787506103515625 332.92498779296875 319.837493896484375 316.350006103515625 314.76873779296875 312.54376220703125 302.743743896484375 294.806243896484375 304.631256103515625 293.568756103515625 299.20001220703125 293.350006103515625 286.506256103515625 276.068756103515625 269.806243896484375 268.23748779296875 264.45623779296875 271.881256103515625 255.118743896484375 243.600006103515625 239.625 241.4875030517578125 243.943756103515625 240.8937530517578125 238.024993896484375 229.1062469482421875 220.6125030517578125 215.5999908447265625 213.006256103515625 219.756256103515625 216.3249969482421875
292.256256103515625 295.931243896484375 298.91876220703125 307.056243896484375 315.71875 322.3125 331.09375 331.875 330.912506103515625 327.649993896484375 322.899993896484375 309.79998779296875 320.58123779296875 322.037506103515625 323.318756103515625 320.899993896484375 316.287506103515625 325.662506103515625 325.32501220703125 322.399993896484375 308.131256103515625 302.306243896484375 288.056243896484375 288.618743896484375 280.84375 280.48748779296875 272.399993896484375 264.068756103515625 257.65625 260.5625 263.11248779296875 251.8562469482421875 246.7624969482421875 243.7312469482421875 238.8312530517578125 237.5749969482421875 237.90625 238.1062469482421875 232.1687469482421875 230.837493896484375 228.568756103515625 224.681243896484375 213.787506103515625 201.118743896484375
290.225006103515625 291.89373779296875 294.350006103515625 299.75 304.625 314.725006103515625 315.524993896484375 316.462493896484375 319.537506103515625 320.131256103515625 319.625 308.73748779296875 301.875 305.787506103515625 309.600006103515625 313.712493896484375 314.89373779296875 317.53125 325.131256103515625 334.04998779296875 338.25 322.556243896484375 295.46875 267.10626220703125 271.08123779296875 285.087493896484375 280.068756103515625 266.587493896484375 254.412506103515625 253.3625030517578125 253.818756103515625 247.15625 245.0749969482421875 243.493743896484375 240.725006103515625 234.212493896484375 234.3312530517578125 231.475006103515625 234.7375030517578125 230.2624969482421875 225.8125 217.600006103515625 211.818756103515625 192.5124969482421875
281.256256103515625 284.412506103515625 290.993743896484375 291.899993896484375 297.41876220703125 301.40625 309.65625 312.975006103515625 314.04998779296875 305.681243896484375 309.375 305.212493896484375 288.462493896484375 293.412506103515625 306.48126220703125 309.568756103515625 311.17498779296875 316.868743896484375 328.21875 349.993743896484375 356.806243896484375 344.868743896484375 314.462493896484375 276.512481689453125 269.006256103515625 269.23748779296875 260.368743896484375 254.212493896484375 249.8562469482421875 245.2375030517578125 235.25 235.0812530517578125 235.318756103515625 230.149993896484375 232.6062469482421875 234.625 238.368743896484375 237.7312469482421875 228.75 230.3562469482421875 226.5749969482421875 216.3874969482421875 195.59375 166.756256103515625
277.681243896484375 279.006256103515625 282.868743896484375 283.84375 290.51251220703125 291.15625 296.21875 299.868743896484375 296.318756103515625 293.17498779296875 294.193756103515625 296.21875 292.46875 279.162506103515625 285.493743896484375 295.14373779296875 300.21875 310.506256103515625 311.631256103515625 330.056243896484375 343.83123779296875 334.881256103515625 314.274993896484375 283.443756103515625 258 253.2312469482421875 251.493743896484375 248.131256103515625 246.506256103515625 245.7375030517578125 233.34375 223.90625 228.90625 221.4875030517578125 222.9499969482421875 228.6062469482421875 239.131256103515625 243.412506103515625 249.024993896484375 242.0749969482421875 226.600006103515625 212.506256103515625 182.15625 158.350006103515625
271.45001220703125 273.26251220703125 274.98126220703125 276.70623779296875 277.931243896484375 280.631256103515625 281.975006103515625 287.4375 287.037506103515625 281.26873779296875 280.48748779296875 278.524993896484375 280.481231689453125 276.33123779296875 264.39373779296875 278.943756103515625 282.46875 287.91876220703125 293.568756103515625 308 318.4375 312.45001220703125 298.337493896484375 281.8125 264.89373779296875 251.2312469482421875 241.931243896484375 234.850006103515625 232.125 229.6125030517578125 226.9250030517578125 220.6750030517578125 220.4875030517578125 221.556243896484375 217.53125 232.743743896484375 250.337493896484375 262.63751220703125 268.39373779296875 255.1750030517578125 218.59375 194.8125 184.1875 181.75
259.649993896484375 262.03125 266.85626220703125 270.431243896484375 270.90625 272.71875 275.881256103515625 277.59375 276.07501220703125 272.73748779296875 269.26251220703125 269.34375 270.39373779296875 264.04376220703125 248.4187469482421875 258.46875 264.100006103515625 274.962493896484375 274.14373779296875 284.17498779296875 296.6875 294.756256103515625 291 281.912506103515625 276.28125 265.01251220703125 255.5187530517578125 245.5500030517578125 243.5 231.5187530517578125 218.625 216.649993896484375 225.368743896484375 218.056243896484375 207.4562530517578125 211.787506103515625 242.5124969482421875 272.350006103515625 273.368743896484375 253.537506103515625 231.8937530517578125 217.84375 213.6125030517578125 195.318756103515625
251.4499969482421875 251.318756103515625 256.125 257.087493896484375 262.774993896484375 265.66876220703125 266.493743896484375 265.79998779296875 268.243743896484375 270.462493896484375 266.725006103515625 265.600006103515625 266.725006103515625 261.39373779296875 249.03125 231.0749969482421875 241.90625 257.54376220703125 257.45001220703125 265.70001220703125 275.131256103515625 278.625 283.23748779296875 284.17498779296875 280.29376220703125 270.70001220703125 257.16876220703125 250.03125 243.5124969482421875 241.2062530517578125 231.5812530517578125 220.4562530517578125 209.8625030517578125 199.625 191.193756103515625 221.625 235.2624969482421875 255.1374969482421875 266.431243896484375 265.76873779296875 258.45001220703125 245.3312530517578125 224.8249969482421875 198.181243896484375
241.1875 243.256256103515625 244.9499969482421875 250.5500030517578125 255.537506103515625 259.51251220703125 260.07501220703125 261.13751220703125 257.681243896484375 257.25 259.1875 261.037506103515625 258.04998779296875 253.556243896484375 250.8562469482421875 235.337493896484375 215.4875030517578125 227.71875 238.5187530517578125 244.256256103515625 250.1374969482421875 260.98126220703125 268.23748779296875 280.09375 277.40625 260.1875 248.162506103515625 240.587493896484375 242.9875030517578125 242.587493896484375 238.90625 233.1999969482421875 222.59375 220.4875030517578125 233.2624969482421875 243.774993896484375 261.78125 276.212493896484375 285.95001220703125 269.40625 261.975006103515625 241.587493896484375 214.243743896484375 194.8125
229.1875 232.7375030517578125 239.350006103515625 245.399993896484375 251.600006103515625 258.65625 258.13751220703125 258.162506103515625 254.5749969482421875 249.131256103515625 247.0124969482421875 252.5625 247.7687530517578125 244.806243896484375 245.6875 236.368743896484375 217.6999969482421875 199.8312530517578125 223.65625 221.96875 227.537506103515625 238.1125030517578125 254.587493896484375 264.131256103515625 268.162506103515625 252.256256103515625 236.4250030517578125 239.4499969482421875 240.34375 234.493743896484375 220 208.0124969482421875 235.287506103515625 241.600006103515625 246.274993896484375 283.48126220703125 296.131256103515625 285.4375 281.89373779296875 269.76251220703125 240.4562530517578125 216.8249969482421875 195.431243896484375 181.9875030517578125
218.681243896484375 225.537506103515625 232.662506103515625 240.568756103515625 248.5812530517578125 251.9875030517578125 253.287506103515625 252.78125 251.625 249.0437469482421875 244.493743896484375 237.3562469482421875 234.3937530517578125 234.412506103515625 230.9250030517578125 225.6125030517578125 222.2062530517578125 200.15625 193.0124969482421875 195.568756103515625 209.462493896484375 227.943756103515625 221.1750030517578125 237.774993896484375 242.65625 248.0437469482421875 242.337493896484375 232.931243896484375 238.6999969482421875 232.006256103515625 220.962493896484375 219.774993896484375 233.756256103515625 237.006256103515625 251.0625 276.537506103515625 277.84375 265.54376220703125 260.86248779296875 242.15625 217.53125 191.2624969482421875 178.84375 171.943756103515625
