data/historical-monthly-weather-data/wc2.1_cruts4.09_10m_prec_1991-08.asc
ncols        45
nrows        45
xllcorner    -63.500000000000
yllcorner    -7.500000000000
cellsize     0.166666666667
NODATA_value -9999
[rows 0 to 18 of 45, columns 0 to 43 of 45]
200.8874969482421875 205.181243896484375 205.618743896484375 210.78125 216.7937469482421875 222.1062469482421875 220.7375030517578125 221.649993896484375 221.006256103515625 217.681243896484375 208.1687469482421875 202.1125030517578125 198.65625 191.5625 186.2937469482421875 177.3874969482421875 171.4812469482421875 165.493743896484375 159.5500030517578125 157.818756103515625 155.0812530517578125 150.381256103515625 146.2062530517578125 143.0812530517578125 138.75 134.875 134.5187530517578125 135.868743896484375 131.037506103515625 130.443756103515625 125.43125152587890625 124.86875152587890625 125.24375152587890625 123.125 122.84999847412109375 125.21250152587890625 126.4562530517578125 129.34375 133.318756103515625 136.1750030517578125 139.806243896484375 144.912506103515625 146.78125 148.40625
192.568756103515625 195.8874969482421875 202 209.21875 218.212493896484375 221.8562469482421875 217.274993896484375 217.0625 216.9000091552734375 213.1687469482421875 205.46875 200.7312469482421875 192.8625030517578125 183.681243896484375 176.7624969482421875 171.34375 163.4562530517578125 157.493743896484375 152.8312530517578125 150.09375 147.100006103515625 142.475006103515625 138.59375 136.96875 132.7937469482421875 128.1437530517578125 129.9562530517578125 129.693756103515625 125.46875 123.65000152587890625 122.2375030517578125 121.0625 121.68125152587890625 122.71875 122.55625152587890625 124.5749969482421875 124.3562469482421875 129.8000030517578125 132.7062530517578125 135.6999969482421875 142.7062530517578125 146.162506103515625 150.5625 154.037506103515625
177.9812469482421875 184.15625 192.087493896484375 201.8249969482421875 211.03125 213.899993896484375 212.6687469482421875 211.7937469482421875 208.931243896484375 204.28125 199.568756103515625 194.28125 185.600006103515625 174.2312469482421875 166.618743896484375 160.3562469482421875 153.8312530517578125 147.743743896484375 142.850006103515625 138 136.6750030517578125 134.993743896484375 131.8625030517578125 131.318756103515625 126.1875 123.21250152587890625 125.99375152587890625 123.93125152587890625 120.0124969482421875 119.34999847412109375 116.59999847412109375 115.6437530517578125 116.9499969482421875 119.3125 118.53749847412109375 118.50624847412109375 121.05625152587890625 126.65000152587890625 129.493743896484375 135.2062530517578125 144.5749969482421875 149.75 156.8000030517578125 159.837493896484375
164.368743896484375 168.0500030517578125 178.4812469482421875 189.399993896484375 196.8125 199.537506103515625 200.962493896484375 201.506256103515625 202.2249908447265625 197.774993896484375 190.6125030517578125 182.881256103515625 175.03125 164.0812530517578125 156.3249969482421875 149.399993896484375 143.806243896484375 138.4875030517578125 133.818756103515625 132.53125 130.4875030517578125 127.5187530517578125 124.43125152587890625 124.34375 120.6374969482421875 117.6875 119.3562469482421875 115.1437530517578125 112.3625030517578125 112.24375152587890625 110.5500030517578125 108.5187530517578125 108.33750152587890625 109.22499847412109375 109.8937530517578125 112.71250152587890625 118.875 123.6125030517578125 125.8125 134.412506103515625 142.90625 152.2624969482421875 159.78125 166.431243896484375
166.78125 165.693756103515625 165.5437469482421875 172.6062469482421875 182.774993896484375 185.25 186.0812530517578125 191.2937469482421875 194.693756103515625 190.7375030517578125 181.9250030517578125 172.881256103515625 164.6062469482421875 155.350006103515625 146.9562530517578125 140.6125030517578125 133.931243896484375 127.99375152587890625 123.50624847412109375 123.0437469482421875 124.0812530517578125 119.8312530517578125 117.8249969482421875 119.5124969482421875 114.8000030517578125 111.3312530517578125 110.21875 109.6125030517578125 107.03125 104.49375152587890625 105.1875 102.59375 103.74375152587890625 105.58750152587890625 106.7375030517578125 108.71250152587890625 113.38124847412109375 118.97499847412109375 122.0500030517578125 129.1374969482421875 141.881256103515625 151.6062469482421875 163.462493896484375 171.1125030517578125
164.5187530517578125 163.1125030517578125 160.6062469482421875 156.899993896484375 165.0187530517578125 174.537506103515625 177.3625030517578125 179.506256103515625 183.524993896484375 180.118743896484375 169.53125 161.1875 154.7687530517578125 146.993743896484375 138.837493896484375 132.9875030517578125 125.3562469482421875 118.66249847412109375 115.90000152587890625 115.34999847412109375 116.5187530517578125 115.15000152587890625 114.00624847412109375 111.36875152587890625 109.28125 106.8625030517578125 105.6437530517578125 103.9875030517578125 102.33750152587890625 99.06874847412109375 99.375 99.3000030517578125 99.34999847412109375 101.9375 102.0500030517578125 106.6437530517578125 110.16249847412109375 113.5625 118.77500152587890625 128.3000030517578125 137.881256103515625 149.15625 161.4187469482421875 173.5749969482421875
163.225006103515625 163.3125 160.9812469482421875 158.0625 159.4499969482421875 161.1750030517578125 162.8125 164.2375030517578125 160.618743896484375 158.6374969482421875 153.46875 148.2937469482421875 145.068756103515625 138.7624969482421875 132.631256103515625 126.68125152587890625 119.2937469482421875 113.625 109.6125030517578125 109.90625 110.28125 110.2375030517578125 109.4875030517578125 107.78125 105.1687469482421875 103.4187469482421875 101.6374969482421875 99.05625152587890625 95.2687530517578125 94.8937530517578125 94.1999969482421875 93.16249847412109375 95.40625 98.0500030517578125 99.40625 102.9375 105.4812469482421875 109.5500030517578125 115.96875 125.58750152587890625 134.6437530517578125 145.4187469482421875 159.131256103515625 173.975006103515625
163.024993896484375 161.2562408447265625 161.6062469482421875 160.3312530517578125 162.5187530517578125 163.381256103515625 156.625 144.806243896484375 136.8249969482421875 136.0124969482421875 138.756256103515625 136.524993896484375 134.068756103515625 130.006256103515625 125.5 119.80625152587890625 113.96875 108.7062530517578125 104.44374847412109375 103.55625152587890625 105.45000457763671875 106.06874847412109375 104.5187530517578125 102.4250030517578125 101.65000152587890625 98.625 95.9875030517578125 93.80625152587890625 91.0187530517578125 88.59375 89.8125 88.8562469482421875 90.125 93.8000030517578125 94.03125 97.0625 99.88124847412109375 103.125 108.0187530517578125 115.40625 125.0437469482421875 136.2937469482421875 148.868743896484375 161.4187469482421875
163.5 162.1437530517578125 163.3562469482421875 160.625 160.7937469482421875 158.6750030517578125 153.28125 143.7687530517578125 130.1374969482421875 123.25624847412109375 124.875 124.34375 126.3562469482421875 123.41249847412109375 119.3000030517578125 114.2375030517578125 110.8249969482421875 106.7687530517578125 105.0749969482421875 101.74375152587890625 102.13124847412109375 103.3000030517578125 101.30625152587890625 102.0437469482421875 100.11875152587890625 95.59375 91.13124847412109375 90.3000030517578125 87.9562530517578125 86.0437469482421875 87.3125 85.03749847412109375 85.0437469482421875 85.83750152587890625 87.28125 91.8562469482421875 95.5187530517578125 99.0500030517578125 102.4812469482421875 108.66249847412109375 115.99375152587890625 123.2062530517578125 131.631256103515625 140.412506103515625
162.6374969482421875 161.7375030517578125 161.4499969482421875 160.6062469482421875 160.256256103515625 157.4187469482421875 154.65625 145.0625 133.4250030517578125 128.4499969482421875 125.30625152587890625 120.5625 121.5749969482421875 119.83750152587890625 114.5749969482421875 110.53125 106.3125 104.75624847412109375 103.21875 101.55625152587890625 101.6062469482421875 100.41249847412109375 97.9562530517578125 98.25624847412109375 95.7062530517578125 91.2375030517578125 87.3625030517578125 85.6999969482421875 82.4375 80.75 80.09375 78.9499969482421875 81.19374847412109375 83.5 85.9812469482421875 89.68125152587890625 92 94.3125 98.44374847412109375 103.3562469482421875 108.3249969482421875 111.84375 116.09999847412109375 119.00624847412109375
164.681243896484375 163.412506103515625 160.881256103515625 159.037506103515625 159.5437469482421875 159.2687530517578125 155.875 144.431243896484375 134.6125030517578125 127.9375 125.65625 121.19374847412109375 118.4187469482421875 115.21250152587890625 108.8625030517578125 103.99375152587890625 100.8874969482421875 100.84375 99.75 99.8312530517578125 102.77500152587890625 101.30625152587890625 97.8874969482421875 94.6750030517578125 94.1374969482421875 90.0749969482421875 86.58750152587890625 83.27500152587890625 78.21250152587890625 75.6750030517578125 76.3562469482421875 75.96250152587890625 79.6437530517578125 82.44374847412109375 83.56874847412109375 85.90625 87.61875152587890625 90.41249847412109375 92.90000152587890625 95.65000152587890625 98.19374847412109375 100.33750152587890625 103.9812469482421875 104.125
164.443756103515625 163.649993896484375 160.9250030517578125 160.024993896484375 160.756256103515625 160.287506103515625 157.868743896484375 148.1750030517578125 137.462493896484375 129.6999969482421875 125.6125030517578125 120.6062469482421875 115.09999847412109375 109.2062530517578125 106.5187530517578125 101.74375152587890625 97.90625 96.44374847412109375 96.84999847412109375 98.86875152587890625 102.0500030517578125 100.93125152587890625 98.0812530517578125 95.625 92.61875152587890625 84.38124847412109375 80.83750152587890625 78.71875 74.84999847412109375 73.34375 73.1437530517578125 74.5187530517578125 76.3000030517578125 78.71875 81.27500152587890625 84.71875 86.63124847412109375 87.9187469482421875 87.11875152587890625 86.34999847412109375 87.7624969482421875 89.13124847412109375 90.44374847412109375 86.1125030517578125
162.75 160 158.1687469482421875 155.53125 157.1687469482421875 155.4250030517578125 149.8937530517578125 143.1437530517578125 133.4250030517578125 127.03749847412109375 122.94374847412109375 118.47499847412109375 111.53749847412109375 103.22499847412109375 98.4375 95.3874969482421875 91.36875152587890625 91.8000030517578125 92.18125152587890625 92.7312469482421875 96.5437469482421875 96.21250152587890625 94.0124969482421875 89.27500152587890625 82.03749847412109375 75.625 75.2375030517578125 74.3000030517578125 73.59999847412109375 72.80625152587890625 72.0625 72.43125152587890625 75.5437469482421875 75.75624847412109375 78.7937469482421875 83.875 89.25624847412109375 89.83750152587890625 89.40625 84.2937469482421875 78.6999969482421875 81.1437530517578125 80.59375 75.0500030517578125
159.412506103515625 154.8125 151.806243896484375 151.006256103515625 150.5500030517578125 147.181243896484375 142.09375 137.618743896484375 128.725006103515625 122.8625030517578125 117.46875 110.97499847412109375 105.1687469482421875 97.7624969482421875 88.9812469482421875 87.4187469482421875 84.90000152587890625 85.09999847412109375 83.15625 83.09999847412109375 86.68125152587890625 86.5500030517578125 84.80625152587890625 81.9187469482421875 77.0812530517578125 72.90000152587890625 72.7624969482421875 72.6999969482421875 72.4250030517578125 72.7062530517578125 73.1687469482421875 72.15625 74.53125 75.61875152587890625 80.31874847412109375 87.90625 94.09999847412109375 99.30625152587890625 99.6437530517578125 91.66249847412109375 77.2062530517578125 72.4875030517578125 75.0812530517578125 79.9375
153.537506103515625 150.475006103515625 146.006256103515625 143.0625 142.6500091552734375 139.0500030517578125 134.068756103515625 128.431243896484375 120.44374847412109375 115.1999969482421875 108.3625030517578125 103.2624969482421875 97.53749847412109375 89.58750152587890625 81.1437530517578125 77.00624847412109375 74.88124847412109375 73.84999847412109375 73.0500030517578125 73.6750030517578125 77.0500030517578125 77.97499847412109375 77.7687530517578125 78.11875152587890625 76.9562530517578125 75.5437469482421875 74.84375 74.125 73.00624847412109375 72.96250152587890625 72.34999847412109375 72.5749969482421875 75.09999847412109375 77.9812469482421875 81.4875030517578125 89.8937530517578125 99.6875 112.9875030517578125 116.80625152587890625 106.1875 96.59375 90.40625 91.81874847412109375 90.2937469482421875
145.443756103515625 143.1374969482421875 139.8249969482421875 136.65625 134.4312591552734375 132.03125 127.59375 120.21875 113.40000152587890625 107.75 101.4812469482421875 95.1374969482421875 88.6125030517578125 81.5124969482421875 74.27500152587890625 67.1750030517578125 64.9250030517578125 64.34999847412109375 63.65000152587890625 64.84375 67.90000152587890625 70.375 73.0812530517578125 76.78749847412109375 78.2937469482421875 77.84375 77.53125 75.72499847412109375 74.1125030517578125 74.4875030517578125 75.0500030517578125 75.0124969482421875 76.3125 79.16249847412109375 84.08750152587890625 98.86875152587890625 112.1750030517578125 126.03749847412109375 133.6437530517578125 130.9375 125.75 116.18125152587890625 107.49375152587890625 98.49375152587890625
140.3874969482421875 138.1750030517578125 133.850006103515625 131.0187530517578125 126.88124847412109375 125.03749847412109375 121.7937469482421875 115.96250152587890625 107.74375152587890625 102.53749847412109375 96.6374969482421875 88.9250030517578125 82.2937469482421875 75.34375 68.28749847412109375 61.668750762939453125 55.581249237060546875 54.375 55.31874847412109375 57.143749237060546875 59.09999847412109375 63.19374847412109375 68.38124847412109375 76.1999969482421875 80.8937530517578125 80.6999969482421875 78.4562530517578125 76.8874969482421875 74.31874847412109375 73.93125152587890625 76.00624847412109375 78.8249969482421875 82.3312530517578125 86.5500030517578125 101.31874847412109375 116.63124847412109375 130.975006103515625 150.1999969482421875 163.65625 155.475006103515625 145.225006103515625 129.21875 114.2624969482421875 105.41249847412109375
131.056243896484375 130.0812530517578125 126.96875 125.00624847412109375 121.28749847412109375 119.6374969482421875 114.4812469482421875 109.4875030517578125 102.40000152587890625 96.6750030517578125 91.09999847412109375 84.2687530517578125 76.09999847412109375 68.59999847412109375 62.087497711181640625 55.668750762939453125 49.83750152587890625 45.625 47.52500152587890625 48.043750762939453125 51.16249847412109375 55.637500762939453125 62.46875 71.19374847412109375 79.09999847412109375 81.3937530517578125 81.1062469482421875 79.19374847412109375 75.66249847412109375 73.9562530517578125 72.2375030517578125 73.6875 87.53749847412109375 103.2375030517578125 115.88124847412109375 134.3312530517578125 152.837493896484375 168.2624969482421875 173.7624969482421875 168.2750091552734375 149.875 135.006256103515625 120.93125152587890625 112.09999847412109375
121.84375 121.30625152587890625 119.46875 118.2062530517578125 116.3937530517578125 113.53749847412109375 109.5187530517578125 104.28125 99.8874969482421875 95.15000152587890625 89.03125 79.33750152587890625 71.56874847412109375 64.59999847412109375 56.981250762939453125 51.625 45.799999237060546875 40.856250762939453125 39.799999237060546875 40.99375152587890625 46.58750152587890625 55.91249847412109375 54.831249237060546875 64.5124969482421875 73.4187469482421875 80.99375152587890625 83.16249847412109375 80.9187469482421875 79.5749969482421875 74.43125152587890625 71.5500030517578125 77.49375152587890625 94.11875152587890625 108.7062530517578125 124.3000030517578125 142.7937469482421875 155.475006103515625 162.8937530517578125 168.537506103515625 161.3625030517578125 150.15625 136.9187469482421875 124.1999969482421875 114.3937530517578125
