data/historical-monthly-weather-data/wc2.1_cruts4.09_10m_prec_1988-09.asc
ncols        51
nrows        45
xllcorner    -63.500000000000
yllcorner    -7.500000000000
cellsize     0.166666666667
NODATA_value -9999
[rows 19 to 37 of 45, columns 0 to 42 of 51]
136.9562530517578125 135.931243896484375 135.712493896484375 137.09375 138.90625 141.9562530517578125 143.5812530517578125 143.78125 144.3625030517578125 142.306243896484375 138.993743896484375 134.0124969482421875 127.71250152587890625 121.18125152587890625 115.15000152587890625 110.7937469482421875 104.8125 103.96250152587890625 101.25624847412109375 102.83750152587890625 100.78749847412109375 100.1750030517578125 103.8874969482421875 106.3625030517578125 106.77500152587890625 103.7687530517578125 99.7062530517578125 95.75 88.09375 80.59999847412109375 76.21250152587890625 82.1750030517578125 87.46875 94.875 98.91249847412109375 93.2312469482421875 86.4875030517578125 80.8874969482421875 75.00624847412109375 67.16249847412109375 57.762500762939453125 49.3125 45.950000762939453125
131.774993896484375 132.087493896484375 133.7375030517578125 136 138.2687530517578125 140.6374969482421875 143.3562469482421875 144.931243896484375 146.71875 146.287506103515625 143.2062530517578125 139.3874969482421875 132.850006103515625 124.60625457763671875 119.20000457763671875 112.3874969482421875 106.43125152587890625 102.81874847412109375 103.28749847412109375 101.5749969482421875 102.75 104.5749969482421875 106.0812530517578125 108.15625 109.93125152587890625 107.9499969482421875 102.96250152587890625 96.93125152587890625 91.2062530517578125 89 87.8562469482421875 92.2375030517578125 98.0500030517578125 106.7687530517578125 116.0437469482421875 105.90000152587890625 91.4187469482421875 81.52500152587890625 73.4562530517578125 66 58.97499847412109375 52.893749237060546875 49.31874847412109375
128.256256103515625 127.15000152587890625 129.368743896484375 132.5124969482421875 136.6875 140.7937469482421875 143.7375030517578125 147.1999969482421875 149.6875 150.162506103515625 148.256256103515625 145.3312530517578125 140.9375 133.837493896484375 127.43125152587890625 119.0500030517578125 112.80625152587890625 108.4499969482421875 108.09999847412109375 106.27500152587890625 103.7937469482421875 104.6875 105.88124847412109375 107.38124847412109375 107.96875 107.2937469482421875 106.1687469482421875 101.3249969482421875 98.78125 97.74375152587890625 96.9562530517578125 98.84375 103.24375152587890625 109.52500152587890625 110.7624969482421875 103.0124969482421875 90.18125152587890625 80.8312530517578125 72.8249969482421875 66.59999847412109375 61.44374847412109375 57.25624847412109375 54.83750152587890625
125.50624847412109375 125.86249542236328125 127.50624847412109375 131.3312530517578125 135.787506103515625 140.1999969482421875 144.75 149.181243896484375 153.631256103515625 154.024993896484375 155.068756103515625 153.568756103515625 152.318756103515625 146.34375 136.5187530517578125 127.25 119.1999969482421875 115.1374969482421875 112.21875 109.96250152587890625 107.33750152587890625 107.11875152587890625 106.6875 106.21875 107.47499847412109375 107.0500030517578125 105.90000152587890625 105.24375152587890625 103.21250152587890625 101.68125152587890625 102.03749847412109375 104.02500152587890625 105.68125152587890625 106.96250152587890625 104.28125 94.95000457763671875 85.96875 78.13124847412109375 72.0625 68.3000030517578125 65.5500030517578125 62.27500152587890625 60.06874847412109375
125.5 124.3874969482421875 127.02500152587890625 130.21875 133.8125 139.6687469482421875 144.75 148.975006103515625 153.243743896484375 154.681243896484375 155.4875030517578125 157.40625 159.7312469482421875 153.306243896484375 142.037506103515625 131.9812469482421875 124.1750030517578125 119.8625030517578125 116.8125 113.47499847412109375 110.7062530517578125 108.875 108.8937530517578125 108.4187469482421875 108.3562469482421875 106.6687469482421875 105.36875152587890625 104.7937469482421875 105.43125152587890625 104.82500457763671875 104.78749847412109375 106.4250030517578125 105.9375 104.88750457763671875 101.53125 91.99375152587890625 85.05625152587890625 79.8625030517578125 75.0812530517578125 72.93125152587890625 70.5124969482421875 67.78125 66.3125
127.1437530517578125 125.1687469482421875 126.78749847412109375 129.4875030517578125 136.556243896484375 141.318756103515625 145.3562469482421875 149.3562469482421875 152.65625 155.0437469482421875 156.5812530517578125 156.5 156.337493896484375 151.875 143.631256103515625 134.71875 127.93125152587890625 123.0124969482421875 119.40000152587890625 116.79999542236328125 114.22499847412109375 111.6750030517578125 112.21875 111.58750152587890625 109.09375 108.5124969482421875 107.1437530517578125 106.83750152587890625 107.3312530517578125 107.4562530517578125 106.9499969482421875 107.3625030517578125 107.40625 105.47499847412109375 101.13124847412109375 93.5625 88.8937530517578125 84.72499847412109375 80.38124847412109375 77.96875 75.6999969482421875 74.02500152587890625 72.9187469482421875
131.431243896484375 130.8125 130.443756103515625 134.0187530517578125 138.3874969482421875 142.162506103515625 146.25 149.5 152.0749969482421875 154.625 154.4499969482421875 153.975006103515625 152.3874969482421875 147.9375 142.2312469482421875 135.7375030517578125 129.493743896484375 125.625 121.9499969482421875 119.0812530517578125 116.59375 113.875 114.4562530517578125 113.875 111.59375 109.5437469482421875 109.6875 110.5 110.1875 110.24375152587890625 109.5812530517578125 110.18125152587890625 108.1374969482421875 105.81874847412109375 103.00624847412109375 99.06874847412109375 94.41249847412109375 90.7687530517578125 87.81874847412109375 84.7624969482421875 83.0812530517578125 81.03125 79.90625
137.5625 135.3562469482421875 135.1750030517578125 137.8062591552734375 140.1437530517578125 143.4250030517578125 146.087493896484375 147.8312530517578125 148.4812469482421875 150.5437469482421875 151.6999969482421875 150.8937530517578125 148.087493896484375 144.381256103515625 140.0437469482421875 134.868743896484375 130.912506103515625 126.5 123.3000030517578125 120.59999847412109375 118.7375030517578125 116.21250152587890625 116.02500152587890625 117.25 114.5 112.86875152587890625 112.90000152587890625 112.4187469482421875 112.19374847412109375 111.84375 111.09375 110.41249847412109375 110.5437469482421875 109.09999847412109375 106.27500152587890625 103.7937469482421875 100.8874969482421875 97.4375 94.68125152587890625 92.1125030517578125 89.53749847412109375 87.875 87.11875152587890625
143.6687469482421875 141.4499969482421875 141.2062530517578125 141.0124969482421875 142.65625 144.181243896484375 146.1125030517578125 147.193756103515625 146.712493896484375 148.443756103515625 148.75 147.1687469482421875 144.2687530517578125 141.818756103515625 137.818756103515625 133.78125 130.162506103515625 126.65000152587890625 123.8312530517578125 122.31874847412109375 120.40000152587890625 118.6062469482421875 118.4499969482421875 118.9250030517578125 117.97499847412109375 115.93125152587890625 115.375 114.8000030517578125 114.34375 114.49375152587890625 112.71250152587890625 112.05625152587890625 113.21250152587890625 112.2375030517578125 110.8625030517578125 108.81874847412109375 108 106.08750152587890625 103.3625030517578125 100.56874847412109375 98.00624847412109375 96.3625030517578125 93.25
150.0812530517578125 147.28125 144.912506103515625 143.287506103515625 143.1187591552734375 143.306243896484375 144.068756103515625 145.149993896484375 145.056243896484375 145.5187530517578125 145.1750030517578125 142.774993896484375 141.3249969482421875 137.993743896484375 134.5812530517578125 133.318756103515625 132.1374969482421875 126.3562469482421875 123.625 122.66249847412109375 121.77500152587890625 121.0437469482421875 121.40625 122.0124969482421875 119.91249847412109375 118.8125 118.02500152587890625 117.9562530517578125 118.47499847412109375 116.84999847412109375 114.375 113.41249847412109375 114.2312469482421875 114.9499969482421875 116.1999969482421875 114.63124847412109375 115.375 115.2687530517578125 113.33750152587890625 110.27500152587890625 104.9187469482421875 101.0812530517578125 99.36875152587890625
154.1125030517578125 150.6125030517578125 145.7687530517578125 142.743743896484375 141.212493896484375 141.4375 142.09375 142.756256103515625 142.287506103515625 141.8125 140.993743896484375 139.943756103515625 138.2375030517578125 135.6437530517578125 134.1374969482421875 131.8562469482421875 129.462493896484375 126.22499847412109375 122.84375 121.88124847412109375 122.125 122.84375 122.625 122.375 122.0625 122.19374847412109375 120.71250152587890625 119.5437469482421875 118.49375152587890625 117.90000152587890625 117.2062530517578125 116.83750152587890625 117.4187469482421875 118.53749847412109375 120.6750030517578125 120.71250152587890625 122.49375152587890625 124.8125 121.1750030517578125 120.49375152587890625 117.09999847412109375 112.09999847412109375 108.22499847412109375
154.7624969482421875 151.024993896484375 147.15625 142.1374969482421875 140.2312469482421875 140.59375 139.756256103515625 139.7624969482421875 139.5749969482421875 139.368743896484375 138.2687530517578125 136.9375 137.6875 134.9499969482421875 132.712493896484375 130.3125 129.3874969482421875 126.72499847412109375 123.59999847412109375 123.5812530517578125 123.9375 125.50624847412109375 126.1125030517578125 125.24375152587890625 124.3125 124.59375 122.77500152587890625 120.9812469482421875 119.72499847412109375 117.9375 118.69374847412109375 119.3312530517578125 120.09375 123.46250152587890625 126.18125152587890625 125.68125152587890625 128.40625 132.443756103515625 131.9187469482421875 131.381256103515625 128.087493896484375 122.21875 117.33750152587890625
156.056243896484375 150.15625 145.337493896484375 141.225006103515625 140.125 138.9187469482421875 138.162506103515625 137.931243896484375 137.9875030517578125 137.1374969482421875 136.5 135.056243896484375 133.568756103515625 132.931243896484375 132.337493896484375 132.212493896484375 130.375 128.3312530517578125 127.09375 128.212493896484375 129.1750030517578125 128.4250030517578125 129.2937469482421875 127.58750152587890625 128.3937530517578125 126.3562469482421875 123.49375152587890625 122.72499847412109375 121.125 120.0500030517578125 120.97499847412109375 120.84999847412109375 122.7375030517578125 126.1999969482421875 129.0437469482421875 129.381256103515625 132.462493896484375 135.6437530517578125 136.3625030517578125 137.0437469482421875 136 130.3874969482421875 126
151.625 147.2687530517578125 142.181243896484375 138.78125 137.337493896484375 136.399993896484375 136.118743896484375 134.84375 134.631256103515625 133.399993896484375 136.256256103515625 133.725006103515625 132.962493896484375 134.7624969482421875 134.1750030517578125 134.818756103515625 133.9812469482421875 134.2312469482421875 133.59375 134.649993896484375 134.2062530517578125 133.024993896484375 131.431243896484375 129.7624969482421875 129.6750030517578125 126.9187469482421875 124.09375 122.7375030517578125 121.2624969482421875 122.30625152587890625 122.71875 123.3937530517578125 124.6437530517578125 128 131.6999969482421875 132.3312530517578125 134.40625 135.712493896484375 137.212493896484375 140.087493896484375 140.381256103515625 136.3874969482421875 133.381256103515625
145.28125 142.6750030517578125 139.5124969482421875 136.5437469482421875 134.4187469482421875 133.431243896484375 133.4250030517578125 132.337493896484375 131.318756103515625 131.568756103515625 132.5187530517578125 133.8249969482421875 133.5 133.131256103515625 134.6875 135.78125 137.6437530517578125 139.118743896484375 140.193756103515625 141.337493896484375 140.087493896484375 137.2687530517578125 134.443756103515625 131.2062530517578125 129.100006103515625 126.2062530517578125 123.41249847412109375 121.9562530517578125 120.21875 121.65000152587890625 123.49375152587890625 125.1125030517578125 126.78749847412109375 129.4437408447265625 133.037506103515625 136.0625 136.381256103515625 137.125 139.5625 141.443756103515625 142.3125 141.8125 141.15625
140.1125030517578125 138.2062530517578125 136.024993896484375 134.462493896484375 132.850006103515625 131.0374908447265625 131.1750030517578125 130.15625 128.25 128.8062591552734375 131.225006103515625 134.006256103515625 134.3874969482421875 134.7624969482421875 136.59375 138.8312530517578125 140.7937469482421875 142.274993896484375 146.225006103515625 147.2375030517578125 146.0124969482421875 142.0625 136.649993896484375 131.9812469482421875 127.61875152587890625 125.5 123.41249847412109375 121.06874847412109375 119.3249969482421875 120.81874847412109375 123.18125152587890625 124.77500152587890625 127.00624847412109375 129.9562530517578125 132.681243896484375 134.2062530517578125 136.0124969482421875 139.1437530517578125 140.881256103515625 143.71875 143.15625 142.5 144.4250030517578125
134.0562591552734375 132.0500030517578125 131 129.9812469482421875 128.774993896484375 127.83750152587890625 126.59999847412109375 126.8000030517578125 125.6999969482421875 125.625 128.5500030517578125 131.431243896484375 134.2937469482421875 136.4562530517578125 138.2937469482421875 140.818756103515625 142.5500030517578125 145.568756103515625 149.6875 152.7687530517578125 149.193756103515625 144.2312469482421875 136.9250030517578125 130.806243896484375 126.55625152587890625 123.55625152587890625 120.8625030517578125 119.0749969482421875 117.7937469482421875 119.0437469482421875 121.71250152587890625 124.02500152587890625 125.3937530517578125 128.225006103515625 130.6999969482421875 131.5 135.506256103515625 137.8625030517578125 139.6125030517578125 141.787506103515625 143.3625030517578125 142.625 142.806243896484375
127.9812469482421875 126.69374847412109375 125.6437530517578125 124.4562530517578125 124.74375152587890625 124.0625 123.66249847412109375 123.4875030517578125 123.1999969482421875 122.1125030517578125 126.31874847412109375 133.7937469482421875 137.3000030517578125 139.375 141.46875 142.618743896484375 144.568756103515625 146.2687530517578125 149.1125030517578125 151.2624969482421875 149.0124969482421875 141.774993896484375 134.625 127.81874847412109375 123.3874969482421875 120.56874847412109375 117.6062469482421875 115.56874847412109375 114.66875457763671875 116.66875457763671875 119.19374847412109375 121.96250152587890625 124.1875 126.9187469482421875 129.256256103515625 131.274993896484375 134.4250030517578125 137.6750030517578125 138.4499969482421875 139.556243896484375 140.8000030517578125 139.912506103515625 141.1875
121.9875030517578125 121.7062530517578125 121.21250152587890625 119.96875 120.71250152587890625 121.08750152587890625 121.3937530517578125 122.125 122.88124847412109375 122.1687469482421875 133.537506103515625 140.2624969482421875 141.8625030517578125 142.78125 143.8625030517578125 144.8874969482421875 143.96875 145.256256103515625 145.5812530517578125 145.21875 143.431243896484375 136.975006103515625 130.6437530517578125 123.96250152587890625 119.1374969482421875 115.83750152587890625 114.1062469482421875 112.83750152587890625 112.21875 114.5500030517578125 115.5187530517578125 118.0812530517578125 120.7062530517578125 124.99375152587890625 128.0187530517578125 128.162506103515625 131.212493896484375 134.1750030517578125 137.225006103515625 139.0500030517578125 138.274993896484375 140.0500030517578125 138.774993896484375
