data/historical-monthly-weather-data/wc2.1_cruts4.09_10m_prec_2020-08.asc
ncols        51
nrows        45
xllcorner    -63.500000000000
yllcorner    -7.500000000000
cellsize     0.166666666667
NODATA_value -9999
[rows 19 to 37 of 45, columns 0 to 42 of 51]
70.9499969482421875 70.83750152587890625 70.55625152587890625 70.93125152587890625 70.4250030517578125 69.68125152587890625 68.125 65.78125 62.59999847412109375 58.02500152587890625 53.15625 48.137500762939453125 41.84375 36.018749237060546875 32.075000762939453125 28.3125 24.075000762939453125 23.043750762939453125 23.137500762939453125 24.606248855590820312 25.412500381469726562 27.600000381469726562 31.956249237060546875 35.52500152587890625 38.018749237060546875 39.00624847412109375 39.137500762939453125 37.987499237060546875 35.74375152587890625 32.456249237060546875 31.556249618530273438 36.193752288818359375 39.84375 44.231250762939453125 48.518749237060546875 47.55625152587890625 44.6875 41.31874847412109375 36.58750152587890625 30.9375 24.893749237060546875 20.837499618530273438 17.712499618530273438
68.5 70.6062469482421875 71.40625 71.3937530517578125 69.59375 68.34999847412109375 67.1437530517578125 65.1875 62.27500152587890625 57.81874847412109375 53.46875 49.262500762939453125 42.893749237060546875 36.887500762939453125 32.31874847412109375 28.450000762939453125 24.8125 22.868749618530273438 23.506250381469726562 24.399999618530273438 26.71875 29.793750762939453125 33.268749237060546875 36.950000762939453125 40.4375 40.799999237060546875 39.03125 37.731250762939453125 36.52500152587890625 36.125 36.856250762939453125 39.674999237060546875 41.268749237060546875 43.387500762939453125 46.71250152587890625 45.424999237060546875 43.4375 40.15000152587890625 35.206249237060546875 30.056249618530273438 24.46875 20.806249618530273438 17.856250762939453125
68.16249847412109375 69.77500152587890625 70.71250152587890625 71.25 70.03749847412109375 67.8562469482421875 66.9562530517578125 64.125 61.78125 57.518749237060546875 54.4375 51.924999237060546875 48.237499237060546875 42.325000762939453125 36.924999237060546875 31.493749618530273438 28.518749237060546875 26.6875 26.575000762939453125 27.287500381469726562 28.012500762939453125 30.399999618530273438 33.84375 37.075000762939453125 39.50624847412109375 40.56874847412109375 41.91249847412109375 40.40000152587890625 39.700000762939453125 39.34375 39.78125 41.012500762939453125 41.668750762939453125 42.956249237060546875 43.41249847412109375 42.28749847412109375 41.27500152587890625 39.081249237060546875 34.71875 29.53125 24.306249618530273438 20.6875 17.493749618530273438
67.18125152587890625 71.28749847412109375 72.66249847412109375 71.8625030517578125 70.65625 68.31874847412109375 65.28749847412109375 61.99375152587890625 60.706249237060546875 58.856250762939453125 57.456249237060546875 56.33750152587890625 54.49375152587890625 48.950000762939453125 42.15625 36.018749237060546875 31.612499237060546875 29.706249237060546875 29.193750381469726562 29.22499847412109375 30.074998855590820312 32.25 35.043750762939453125 36.3125 39.36875152587890625 41.706249237060546875 42.918750762939453125 42.856250762939453125 41.59999847412109375 40.456249237060546875 40.63124847412109375 41.88124847412109375 41.74375152587890625 41.11875152587890625 40.18125152587890625 37.512500762939453125 36.862499237060546875 36.793750762939453125 33.75624847412109375 28.675001144409179688 24.03125 20.337499618530273438 17.287500381469726562
64.74375152587890625 68.71875 70.36875152587890625 67.9187469482421875 65.8125 63.94374847412109375 62.25 60.40000152587890625 57.875 57.481250762939453125 57.293750762939453125 59.106250762939453125 59.02500152587890625 53.456249237060546875 46.625 40.393749237060546875 35.856250762939453125 33.41249847412109375 32.25624847412109375 32.137500762939453125 32.893749237060546875 34.58750152587890625 36.27500152587890625 38.15625 40.30625152587890625 41.700000762939453125 43.831249237060546875 42.887500762939453125 42.31874847412109375 42.043750762939453125 42.59999847412109375 43.299999237060546875 42.41249847412109375 40.043750762939453125 38.075000762939453125 34.856250762939453125 33.918750762939453125 34.18125152587890625 31.924999237060546875 27.59375 23.350000381469726562 20.056249618530273438 17.09375
63.21250152587890625 65.625 66.4375 65.28125 63.418750762939453125 61.137500762939453125 58.881252288818359375 57.387500762939453125 56.49375152587890625 56.66249847412109375 56.393749237060546875 57.55625152587890625 57.84375 54.200000762939453125 48.71250152587890625 43.58750152587890625 39.393749237060546875 36.66249847412109375 35.112499237060546875 34.706249237060546875 35.40625 36.4375 37.825000762939453125 39.418750762939453125 40.543750762939453125 42.50624847412109375 43.075000762939453125 42.637500762939453125 42.38124847412109375 42.78125 43.268749237060546875 43.706249237060546875 42.24375152587890625 40.08750152587890625 37.412502288818359375 34.174999237060546875 32.99375152587890625 31.568750381469726562 29.456249237060546875 26.25 22.606250762939453125 19.8125 17.118749618530273438
63.143749237060546875 64.09375 62.606250762939453125 62.049999237060546875 59.25624847412109375 57.200000762939453125 55.28125 54.59375 53.362499237060546875 53.143749237060546875 53.581249237060546875 54.6875 55.03749847412109375 52.3125 48.856250762939453125 44.50624847412109375 41.18125152587890625 38.96250152587890625 37.03749847412109375 36.80625152587890625 37.53749847412109375 38.112499237060546875 39.53749847412109375 40.09999847412109375 40.81874847412109375 42.09375 42.875 42.643749237060546875 42.8125 43.706249237060546875 44.15000152587890625 44.625 42.18125152587890625 39.34375 36.27500152587890625 33.924999237060546875 32.112499237060546875 29.806249618530273438 27.9375 24.806249618530273438 21.856250762939453125 19.318750381469726562 17.068750381469726562
61.987499237060546875 60.9375 59.799999237060546875 58.356250762939453125 55.918750762939453125 54.03749847412109375 53 51.512500762939453125 49.99375152587890625 50.581249237060546875 51.22499847412109375 50.862499237060546875 50.61875152587890625 48.918750762939453125 46.887500762939453125 43.862499237060546875 41.61875152587890625 39.78125 38.78749847412109375 38.05625152587890625 38.168750762939453125 39.206249237060546875 40.06874847412109375 41.21875 41.75 41.81874847412109375 43.106250762939453125 43.206249237060546875 43.18125152587890625 43.581249237060546875 44.5625 44.393749237060546875 42.0625 39.02500152587890625 35.46875 33.143749237060546875 30.643749237060546875 28.487499237060546875 26.200000762939453125 23.393749237060546875 20.725000381469726562 18.668750762939453125 17.125
61.606250762939453125 57.575000762939453125 56.34375 54.887500762939453125 52.987499237060546875 50.768749237060546875 49.700000762939453125 48.549999237060546875 47.768749237060546875 47.875 47.331249237060546875 46.71875 46.356250762939453125 45.643749237060546875 43.97499847412109375 42.356250762939453125 41.34375 40.21250152587890625 39.6875 39.1875 39.49375152587890625 39.46875 41.049999237060546875 41.84375 41.99375152587890625 41.575000762939453125 42.831249237060546875 43.487499237060546875 43.81874847412109375 44.25624847412109375 44.53125 44.043750762939453125 41.47499847412109375 37.83750152587890625 34.90000152587890625 32.112499237060546875 29.318750381469726562 27.049999237060546875 25.081249237060546875 22.762500762939453125 20.21875 18.637500762939453125 17.293750762939453125
59.21250152587890625 55.918750762939453125 53.53125 51.84999847412109375 48.96250152587890625 47.15625 45.65625 44.174999237060546875 44.668750762939453125 44.200000762939453125 43.731250762939453125 43.012500762939453125 42.53749847412109375 42.268749237060546875 41.55625152587890625 40.75624847412109375 40.737499237060546875 40.418750762939453125 40.25624847412109375 40.25 40.450000762939453125 40.50624847412109375 41.61875152587890625 41.799999237060546875 42.16249847412109375 41.49375152587890625 42.893749237060546875 43.46250152587890625 43.731250762939453125 44.00624847412109375 43.9375 43.63124847412109375 40.200000762939453125 36.206249237060546875 33.31874847412109375 31.268749237060546875 28.875 26.6875 24.825000762939453125 22.362499237060546875 19.643749237060546875 18.331249237060546875 17.412500381469726562
56.987499237060546875 53.78749847412109375 51.018749237060546875 47.96250152587890625 45.47499847412109375 44.043750762939453125 42.47499847412109375 41.84999847412109375 41.65000152587890625 40.987499237060546875 40.875 40.575000762939453125 40.137500762939453125 39.71250152587890625 39.33750152587890625 38.862499237060546875 38.53749847412109375 39.125 39.875 39.21875 39.36875152587890625 40.16249847412109375 41.375 41.606250762939453125 41.77500152587890625 42.33750152587890625 42.981250762939453125 43.606250762939453125 43.19374847412109375 42.9375 42.78749847412109375 42.424999237060546875 39.012500762939453125 35.481250762939453125 32.643749237060546875 30.293750762939453125 28.837499618530273438 26.981250762939453125 24.899999618530273438 23.149999618530273438 21.03125 19.59375 18.15625
54.59375 50.65625 46.96250152587890625 44.61875152587890625 43.25 41.549999237060546875 40.31874847412109375 39.075000762939453125 38.59375 38.06874847412109375 37.66249847412109375 38.268749237060546875 38.606250762939453125 38.25 37.28125 36.856250762939453125 37.268749237060546875 37.91249847412109375 38.88124847412109375 38.78125 38.862499237060546875 38.706249237060546875 39.71250152587890625 40.38124847412109375 40.856250762939453125 42.049999237060546875 42.262500762939453125 43.28749847412109375 43.543750762939453125 43.075000762939453125 42.65000152587890625 41.53125 37.91249847412109375 34.643749237060546875 32.418750762939453125 30.024999618530273438 28.5 26.831251144409179688 25.537500381469726562 24.418750762939453125 22.399999618530273438 20.28125 18.5625
51.850002288818359375 47.90625 44.18125152587890625 41.606250762939453125 40.36875152587890625 38.83750152587890625 37.50624847412109375 35.96250152587890625 35.71875 35.50624847412109375 35.25 35.61875152587890625 35.637500762939453125 35.856250762939453125 35.418750762939453125 35.950000762939453125 35.99375152587890625 36.362499237060546875 36.731250762939453125 36.99375152587890625 37.44374847412109375 38.331249237060546875 38.65000152587890625 38.737499237060546875 39.80625152587890625 41.0625 41.59375 42.83750152587890625 43.00624847412109375 42.03749847412109375 41.668750762939453125 40.106250762939453125 36.81874847412109375 33.987499237060546875 30.943750381469726562 28.662500381469726562 27.318750381469726562 26 25.100000381469726562 24.206249237060546875 22.412500381469726562 20.375 19.100000381469726562
48.143749237060546875 44.00624847412109375 40.856250762939453125 38.706249237060546875 36.65000152587890625 35.06874847412109375 34.21875 33.15625 32.6875 32.90625 33.543750762939453125 33.40625 33.36875152587890625 34.075000762939453125 33.799999237060546875 34.3874969482421875 34.450000762939453125 34.981250762939453125 35.13124847412109375 35.293750762939453125 35.68125152587890625 36.21875 36.71875 37.84375 38.86875152587890625 39.46875 40.28749847412109375 40.44374847412109375 41.06874847412109375 40.200000762939453125 40.075000762939453125 38.72499847412109375 35.637500762939453125 32.643749237060546875 29.84375 27.668750762939453125 26.34375 24.931249618530273438 24.149999618530273438 23.412500381469726562 21.768749237060546875 20.287500381469726562 19.106250762939453125
44.456249237060546875 41.08750152587890625 38.043750762939453125 36.28125 33.125 32.00624847412109375 31.524999618530273438 30.600000381469726562 30.181249618530273438 30.181249618530273438 30.53125 31.006250381469726562 31.649999618530273438 31.381250381469726562 31.75 31.893749237060546875 32.47499847412109375 32.65000152587890625 32.625 33.049999237060546875 33.65000152587890625 34.206249237060546875 34.956249237060546875 35.6875 37.012500762939453125 37.90625 38.61875152587890625 38.65000152587890625 39.81874847412109375 39.49375152587890625 39.168750762939453125 37.856250762939453125 34.33750152587890625 30.987499237060546875 28.549999237060546875 26.53125 25.15625 23.637500762939453125 23.006250381469726562 22.043750762939453125 21.168750762939453125 20.168750762939453125 19.0625
41.61875152587890625 38.13124847412109375 35.487499237060546875 32.975002288818359375 30.568750381469726562 29.512500762939453125 28.862499237060546875 28.106250762939453125 27.325000762939453125 27.662500381469726562 28.018749237060546875 28.956249237060546875 29.268749237060546875 29.818750381469726562 30.131250381469726562 30.556249618530273438 31.018751144409179688 31.018749237060546875 30.943750381469726562 31.331249237060546875 32.018749237060546875 32.41249847412109375 32.78749847412109375 33.86875152587890625 34.856250762939453125 36.06874847412109375 36.8125 37.11875152587890625 38.47499847412109375 38.53749847412109375 37.69374847412109375 36.206249237060546875 32.90000152587890625 29.462499618530273438 26.893749237060546875 24.987499237060546875 23.268749237060546875 22.149999618530273438 21.75 20.956249237060546875 20.012500762939453125 19.206251144409179688 18.53125
39.63124847412109375 36.450000762939453125 33.53125 30.9375 28.774999618530273438 27.325000762939453125 26.350000381469726562 25.287500381469726562 24.824998855590820312 25.168750762939453125 25.975000381469726562 26.625 27.543750762939453125 28.15625 28.662500381469726562 29.443750381469726562 29.618749618530273438 30.006250381469726562 29.600000381469726562 29.8125 30.668750762939453125 31.743749618530273438 32.012500762939453125 33.15625 33.887500762939453125 34.674999237060546875 35.237499237060546875 36.5625 37.075000762939453125 36.918750762939453125 36.375 35.25 31.200000762939453125 28.293750762939453125 25.556249618530273438 23.356250762939453125 22.25 21.231250762939453125 20.506250381469726562 20.118749618530273438 19.293750762939453125 19.006250381469726562 18.081249237060546875
36.831249237060546875 33.762500762939453125 30.981250762939453125 28.78125 26.756250381469726562 25.506250381469726562 24.518749237060546875 23.700000762939453125 22.962499618530273438 22.762500762939453125 24.231250762939453125 25.774999618530273438 26.818750381469726562 27.168750762939453125 27.975000381469726562 28.287500381469726562 28.512500762939453125 28.643749237060546875 28.5625 28.4375 29.34375 30.462499618530273438 31.006250381469726562 32.325000762939453125 33.356250762939453125 33.59375 34.50624847412109375 35.47499847412109375 35.262500762939453125 35.34999847412109375 35.40000152587890625 34.16249847412109375 30.518749237060546875 27.075000762939453125 24.381250381469726562 22.493749618530273438 21.443750381469726562 20.681249618530273438 19.893749237060546875 19.5 18.662500381469726562 18.431249618530273438 17.606250762939453125
34.612499237060546875 32.012500762939453125 29.137500762939453125 27.375 25.549999237060546875 24.162500381469726562 23.125 22.181249618530273438 21.881250381469726562 21.568750381469726562 24.168750762939453125 25.837499618530273438 26.0625 26.743749618530273438 27.662500381469726562 27.831249237060546875 27.674999237060546875 27.462499618530273438 27.899999618530273438 27.75 28.568750381469726562 29.287500381469726562 29.981250762939453125 31.318750381469726562 32.50624847412109375 33.293750762939453125 34.231250762939453125 35.168750762939453125 35.356250762939453125 35.21875 34.737499237060546875 34.22499847412109375 30.893749237060546875 26.524999618530273438 23.456249237060546875 21.493749618530273438 21.024999618530273438 20.462499618530273438 19.899999618530273438 19.506250381469726562 18.043750762939453125 17.493749618530273438 16.899999618530273438
