data/historical-monthly-weather-data/wc2.1_cruts4.09_10m_prec_2018-12.asc
ncols        45
nrows        45
xllcorner    -63.500000000000
yllcorner    -7.500000000000
cellsize     0.166666666667
NODATA_value -9999
[rows 0 to 19 of 45, columns 0 to 44 of 45]
223.4562530517578125 215.818756103515625 203.5999908447265625 194.0749969482421875 183.006256103515625 172.875 162.15625 150.9250030517578125 142.162506103515625 134.4562530517578125 129.2062530517578125 124.88124847412109375 121.6687469482421875 117.31874847412109375 114.31874847412109375 111.6062469482421875 109.33750152587890625 106.4875030517578125 104.81874847412109375 103.4187469482421875 103.90000152587890625 104.23749542236328125 104.77500152587890625 106.5 108.3937530517578125 110.25624847412109375 114.16249847412109375 118.5500030517578125 123.1125030517578125 127.5124969482421875 131.2937469482421875 135.818756103515625 138.837493896484375 141.3874969482421875 144.006256103515625 150.0749969482421875 155.1437530517578125 160.087493896484375 164.28125 168.9499969482421875 172.9875030517578125 175.71875 178.181243896484375 179.399993896484375 181.5
230.0437469482421875 222.7624969482421875 214.7312469482421875 207.8125 200.1875 189.431243896484375 177.681243896484375 168.6062469482421875 161.4437408447265625 154.2624969482421875 148.162506103515625 142.493743896484375 138.3874969482421875 134.006256103515625 129.975006103515625 126.4499969482421875 123.4562530517578125 120.91249847412109375 118.91249847412109375 118.24375152587890625 118.71875 119.21875 120.5500030517578125 122.55625152587890625 124.6999969482421875 126.7937469482421875 130.34375 134.0437469482421875 137.868743896484375 142.149993896484375 145.493743896484375 149.59375 150.993743896484375 152.881256103515625 155.7437591552734375 160.649993896484375 168.462493896484375 175.131256103515625 179.625 184.7937469482421875 189.3562469482421875 192.2562408447265625 194.8937530517578125 194.6374969482421875 195.618743896484375
231.2937469482421875 225.59375 219.7375030517578125 214.28125 208.6437530517578125 199.7624969482421875 191.6750030517578125 185.5187530517578125 180.03125 173.8249969482421875 167.368743896484375 161.493743896484375 157.2937469482421875 152.600006103515625 148.100006103515625 143.40625 140 137.306243896484375 135.6374969482421875 134.78125 135.787506103515625 137.3125 139.25 141.0812530517578125 143.15625 146.09375 149.1875 152.03125 155.537506103515625 157.868743896484375 160.4875030517578125 163.6374969482421875 166.024993896484375 166.337493896484375 168.3562469482421875 175.243743896484375 182.59375 189.65625 195.7937469482421875 201.618743896484375 206.381256103515625 208.7375030517578125 209.756256103515625 210.8000030517578125 209.837493896484375
229.7062530517578125 226.443756103515625 224 218.899993896484375 215.5749969482421875 209.9562530517578125 205.46875 202.2937469482421875 198.475006103515625 194.6374969482421875 188.96875 183.125 177.850006103515625 173.0124969482421875 167.443756103515625 162.5124969482421875 158.350006103515625 154.7937469482421875 153.3249969482421875 153.868743896484375 155.756256103515625 157.75 159.131256103515625 161.2624969482421875 162.943756103515625 166.2624969482421875 168.943756103515625 170.462493896484375 173.5437469482421875 175.625 176.75 177.7687530517578125 180.131256103515625 181.3937530517578125 182.5500030517578125 189.618743896484375 196.7937469482421875 204.7937469482421875 212.75 219.0437469482421875 223.3249969482421875 225.149993896484375 225.53125 226.475006103515625 224.212493896484375
238.2062530517578125 230.8249969482421875 225.1875 223.118743896484375 222.2687530517578125 220.4499969482421875 218.493743896484375 217.84375 217.46875 215.7687530517578125 210.25 203.5437469482421875 198.975006103515625 194.2687530517578125 187.9375 182.2062530517578125 177.1437530517578125 173.78125 172.96875 174.7312469482421875 177.318756103515625 178.693756103515625 180.1062469482421875 182.100006103515625 183.7062530517578125 187.1374969482421875 187.7937469482421875 188.6062469482421875 190.850006103515625 192.46875 192.962493896484375 192.431243896484375 193.618743896484375 194.6437530517578125 195.6999969482421875 203.712493896484375 212.6687469482421875 220.975006103515625 229.71875 236.4187469482421875 240.8812408447265625 241.84375 242.1374969482421875 240.7624969482421875 238.3874969482421875
246.0437469482421875 239.78125 232.5437469482421875 226.412506103515625 226.7687530517578125 228.100006103515625 228.243743896484375 227.868743896484375 227.625 226.6875 222.037506103515625 216.6437530517578125 213.5124969482421875 209.4875030517578125 205.0749969482421875 200.1875 196.2937469482421875 193.1999969482421875 195.0749969482421875 196.9375 197.9187469482421875 199.537506103515625 200.118743896484375 201.34375 202.443756103515625 204.1437530517578125 205.6125030517578125 205.8249969482421875 206.493743896484375 207.40625 207.912506103515625 208.100006103515625 206.712493896484375 205.8000030517578125 208.6062469482421875 217 225.7937469482421875 236.3874969482421875 246.3000030517578125 251.9499969482421875 253.4812469482421875 254.024993896484375 252 251.212493896484375 249.318756103515625
256.58123779296875 250.4562530517578125 243.443756103515625 236.3249969482421875 233.337493896484375 233.5 234.5625 234.28125 232.8937530517578125 230.3874969482421875 229.943756103515625 227.306243896484375 226.9375 224.368743896484375 221.412506103515625 218.600006103515625 217.4562530517578125 219.587493896484375 223.162506103515625 223.806243896484375 222.0500030517578125 222.1875 221.0187530517578125 220.443756103515625 221.5124969482421875 221.6750030517578125 221.587493896484375 222.8625030517578125 222.9562530517578125 222.6687469482421875 222.568756103515625 222.0812530517578125 221.1687469482421875 219.15625 219.7624969482421875 227.631256103515625 237.600006103515625 248.3562469482421875 261.76251220703125 266.11248779296875 265.48748779296875 263.66876220703125 262.03125 259.600006103515625 255.71875
267.40625 260.9375 254.462493896484375 249.6437530517578125 246.850006103515625 244.868743896484375 242.0500030517578125 237.5500030517578125 233.2312469482421875 233.243743896484375 237.162506103515625 239.087493896484375 239.787506103515625 240.4499969482421875 238.8000030517578125 238.162506103515625 238.756256103515625 245.193756103515625 251.181243896484375 248.84375 244.899993896484375 242.0749969482421875 239.493743896484375 237.306243896484375 238.443756103515625 238.8874969482421875 237.5 237.625 239.149993896484375 239.056243896484375 236.6125030517578125 235.306243896484375 234.1875 231.25 231.8625030517578125 237.431243896484375 246.7375030517578125 256.149993896484375 267.01251220703125 272.431243896484375 273.806243896484375 271.524993896484375 269.412506103515625 266.087493896484375 259.57501220703125
279.66876220703125 273.693756103515625 268.23748779296875 263.95001220703125 260.306243896484375 258.725006103515625 255.3312530517578125 249.118743896484375 240.78125 238.5437469482421875 244.993743896484375 249.0812530517578125 251.243743896484375 252.006256103515625 252.524993896484375 253.7687530517578125 256.225006103515625 262.9375 268.537506103515625 264.95623779296875 257.76251220703125 254.21875 251.837493896484375 252.03125 252.118743896484375 251.899993896484375 250.256256103515625 250.631256103515625 250.993743896484375 249.568756103515625 248.5437469482421875 245.4562530517578125 243.1687469482421875 240.9499969482421875 239.881256103515625 245.0749969482421875 251.4499969482421875 257.931243896484375 266.73748779296875 273.5 274.89373779296875 273.39373779296875 272.725006103515625 270.600006103515625 265.774993896484375
290.25 285.475006103515625 281.131256103515625 278.243743896484375 274.83123779296875 273.20001220703125 270.26251220703125 265.162506103515625 260.274993896484375 258.162506103515625 260.756256103515625 261.32501220703125 263.868743896484375 263.131256103515625 265.931243896484375 268.70001220703125 271.57501220703125 274.98126220703125 277.068756103515625 274.67498779296875 268.375 264.48748779296875 262.51251220703125 263.88751220703125 263.61248779296875 263.056243896484375 261.64373779296875 261.4375 262.1875 260.243743896484375 257.131256103515625 253.5812530517578125 250.4375 246.881256103515625 245.875 251.6062469482421875 255.96875 260.5 266.85626220703125 272.943756103515625 276.23126220703125 276.524993896484375 274.64373779296875 272.875 269.587493896484375
302.537506103515625 298.09375 293.53125 289.92498779296875 288.368743896484375 288.67498779296875 286.82501220703125 281.67498779296875 277.36248779296875 276.118743896484375 277.337493896484375 277.475006103515625 277.28125 276.524993896484375 279.162506103515625 282.86248779296875 285.306243896484375 286.03125 284.79376220703125 281.64373779296875 277.92498779296875 274.45623779296875 273.0625 271.725006103515625 275.381256103515625 275.368743896484375 272.73748779296875 270.29998779296875 268.5 266.15625 262.76251220703125 259.787506103515625 256.42498779296875 252.756256103515625 250.818756103515625 254.5812530517578125 258.23748779296875 261.850006103515625 269.40625 274.79998779296875 278.243743896484375 278.3125 278.024993896484375 277.48748779296875 273.46875
311.95623779296875 307.368743896484375 303.53125 301.506256103515625 300.21875 300.943756103515625 300.59375 296.431243896484375 292.3125 291.95001220703125 293.26251220703125 294.95623779296875 293.23748779296875 292.131256103515625 294.399993896484375 295.662506103515625 296.506256103515625 293.84375 290.8125 287.54376220703125 282.649993896484375 280.45001220703125 281.54998779296875 281.837493896484375 284.91876220703125 284.92498779296875 280.412506103515625 275.806243896484375 271.83123779296875 268.84375 264.993743896484375 261.95001220703125 258.568756103515625 255.53125 253.975006103515625 257.8125 261.181243896484375 264.975006103515625 271.024993896484375 275.931243896484375 278.91876220703125 279.243743896484375 278.975006103515625 277.9375 271.65625
320.381256103515625 316.75 313.82501220703125 311.462493896484375 311.01873779296875 310.88751220703125 309.83123779296875 307.618743896484375 304.475006103515625 304.881256103515625 306.76251220703125 310.04376220703125 309.743743896484375 307.34375 308.993743896484375 308.743743896484375 307.399993896484375 304.225006103515625 299.631256103515625 294.09375 286.0625 285.368743896484375 289.57501220703125 291.42498779296875 291.76251220703125 289.881256103515625 284.83123779296875 279.95623779296875 275.36248779296875 269.774993896484375 265.13751220703125 261.3125 257.6875 255.4187469482421875 254.4937591552734375 259.774993896484375 264.58123779296875 268.649993896484375 273.64373779296875 276.375 277.88751220703125 279.662506103515625 277.837493896484375 271.58123779296875 264.725006103515625
326.23748779296875 323.11248779296875 320.375 318.70623779296875 317.6875 317.350006103515625 316.256256103515625 316.25 315.73126220703125 315.368743896484375 315.29376220703125 319.38751220703125 322.33123779296875 322.51873779296875 321.41876220703125 322.03125 319.318756103515625 314.16876220703125 308.36248779296875 302.41876220703125 296.48126220703125 295.149993896484375 297.381256103515625 297.59375 297.14373779296875 295.28125 290.568756103515625 282.8125 275.89373779296875 268.881256103515625 263.39373779296875 258.38751220703125 255.8312530517578125 253.6750030517578125 254.350006103515625 260.45623779296875 267.03125 273.806243896484375 279.85626220703125 283.79376220703125 280.67498779296875 275.54998779296875 271.76251220703125 269.006256103515625 264.756256103515625
329.20623779296875 326.26873779296875 324.618743896484375 322.95623779296875 322.475006103515625 321.837493896484375 322.40625 322.86248779296875 323.38751220703125 323.34375 324.04376220703125 329.20623779296875 332.506256103515625 334.54998779296875 332.79376220703125 332.78125 328.493743896484375 322.556243896484375 316.26873779296875 312.318756103515625 306.868743896484375 304.79376220703125 304.42498779296875 303.149993896484375 302.212493896484375 299.51873779296875 293.57501220703125 285.274993896484375 276.45623779296875 266.09375 257.931243896484375 252.9375 250.9250030517578125 250.1999969482421875 252.1875 258.568756103515625 269.01873779296875 281.48748779296875 292.95001220703125 295.89373779296875 289.431243896484375 281.82501220703125 276.125 271.70623779296875 262.96875
329.35626220703125 327.36248779296875 326.318756103515625 326.037506103515625 325.787506103515625 325.90625 326.48126220703125 325.98126220703125 327.89373779296875 330.98126220703125 332.625 338.037506103515625 342.59375 345.36248779296875 344.212493896484375 340.693756103515625 335.96875 331.34375 324.993743896484375 320.587493896484375 316.725006103515625 313.41876220703125 311.85626220703125 309.162506103515625 307.76251220703125 306.28125 299.09375 289.04376220703125 277.16876220703125 262.85626220703125 252.274993896484375 244.912506103515625 241.381256103515625 240.9375 242.5500030517578125 251.912506103515625 267.20623779296875 286.243743896484375 303.95001220703125 308.29998779296875 300.6875 289.58123779296875 279.818756103515625 268.787506103515625 260.95623779296875
327.82501220703125 327.037506103515625 324.881256103515625 325.79998779296875 326.96875 326.70001220703125 327.993743896484375 329.65625 334.193756103515625 337.96875 341.162506103515625 346.506256103515625 351.71875 355.087493896484375 354.100006103515625 349.4375 341.5625 337.024993896484375 332.881256103515625 328.51873779296875 325.01873779296875 321.76251220703125 319.65625 315.6875 314.11248779296875 313.54998779296875 306.67498779296875 293.58123779296875 275.899993896484375 258.10626220703125 245.1125030517578125 237.493743896484375 231.868743896484375 227.162506103515625 226.78125 239.0625 260.6875 290.9375 323.337493896484375 321.837493896484375 308.73126220703125 293.66876220703125 278.16876220703125 267.5 259.212493896484375
321.98126220703125 322.287506103515625 321.149993896484375 323.0625 325.100006103515625 327.32501220703125 329.38751220703125 331.29998779296875 337.506256103515625 344.76873779296875 350.76251220703125 356.1875 359.91876220703125 363.100006103515625 361.11248779296875 355.743743896484375 347.92498779296875 338.63751220703125 337.8125 334.03125 332.118743896484375 329.04998779296875 326.162506103515625 322.574981689453125 320.725006103515625 320.17498779296875 315.13751220703125 296.899993896484375 273.381256103515625 250.6999969482421875 234.59375 225.693756103515625 222.899993896484375 220.600006103515625 216.46875 219.568756103515625 250.4875030517578125 286.90625 313.51251220703125 317.8125 305.15625 290.443756103515625 277.90625 268.58123779296875 260.318756103515625
313.70623779296875 314.89373779296875 315.693756103515625 318.399993896484375 321.54998779296875 325.4375 328.67498779296875 333.46875 342.32501220703125 352.024993896484375 358.48748779296875 362.506256103515625 367.21875 371.20001220703125 367.9375 361.70001220703125 354.03125 344.67498779296875 338.51873779296875 336.225006103515625 337.10626220703125 337.90625 330.96875 328.350006103515625 327.506256103515625 326.074981689453125 317.8125 299.67498779296875 274.04376220703125 246.524993896484375 225.149993896484375 221.6125030517578125 223.962493896484375 222.0187530517578125 217.600006103515625 225.056243896484375 250.625 278.75 299.79376220703125 304.33123779296875 296.65625 285.17498779296875 275.4375 268.725006103515625 262.64373779296875
303.79376220703125 306.15625 307.100006103515625 310.73126220703125 315.59375 322.225006103515625 328.3125 335.100006103515625 346.90625 357.131256103515625 366.100006103515625 372.29376220703125 377.337493896484375 379.274993896484375 373.756256103515625 364.65625 355.537506103515625 348.912506103515625 343.45001220703125 340.462493896484375 338.381256103515625 336.131256103515625 335.10626220703125 333.556243896484375 332.3187255859375 329.63751220703125 319.850006103515625 304.34375 280.4375 252.6437530517578125 233.631256103515625 230.350006103515625 231.756256103515625 233.037506103515625 234.774993896484375 242.9187469482421875 260.76251220703125 280.743743896484375 294.006256103515625 297.42498779296875 291.29376220703125 279.212493896484375 273.91876220703125 270.212493896484375 265.45001220703125
