data/historical-monthly-weather-data/wc2.1_cruts4.09_10m_prec_1970-04.asc
ncols        51
nrows        45
xllcorner    -63.500000000000
yllcorner    -7.500000000000
cellsize     0.166666666667
NODATA_value -9999
[rows 0 to 19 of 45, columns 0 to 44 of 51]
216.443756103515625 210.4375 207.350006103515625 209 207.3625030517578125 204.712493896484375 201.475006103515625 195.225006103515625 192.5749969482421875 193.1750030517578125 196.6125030517578125 201.412506103515625 205.5500030517578125 208.3625030517578125 212.443756103515625 217.3249969482421875 223.1374969482421875 225.4875030517578125 230.1374969482421875 234.850006103515625 238.962493896484375 244.15625 249.024993896484375 257.40625 264.199981689453125 273.943756103515625 283.51873779296875 295.399993896484375 306.54998779296875 319.681243896484375 334.14373779296875 348.96875 360.193756103515625 373.475006103515625 385.95623779296875 394.943756103515625 400.58123779296875 405.875 410.8125 412.76873779296875 414.41876220703125 414.506256103515625 410.462493896484375 408.84375 404.63751220703125
224.8937530517578125 218.4187469482421875 220.350006103515625 222.681243896484375 224.493743896484375 221.149993896484375 216.8937530517578125 214.1750030517578125 213.21875 213.756256103515625 216.7937469482421875 220.3000030517578125 224.03125 226.8125 229.1125030517578125 233.96875 237.743743896484375 242.3125 247.787506103515625 252.5625 256.79376220703125 261.40625 267.91876220703125 274.756256103515625 282.96875 291.70623779296875 300.4375 311.90625 320.82501220703125 332.59375 347.306243896484375 363.17498779296875 373.712493896484375 386.82501220703125 396.818756103515625 404.087493896484375 411.32501220703125 415.92498779296875 419.14373779296875 418.90625 418.443756103515625 418.95623779296875 415.35626220703125 411.07501220703125 405.85626220703125
230.756256103515625 226.899993896484375 228.8562469482421875 233.78125 237.725006103515625 237.1437530517578125 236.037506103515625 236.125 239.037506103515625 240.2062530517578125 241.350006103515625 242.9187469482421875 245.8937530517578125 246.256256103515625 247.875 251.2937469482421875 254.2062530517578125 258.58123779296875 262.89373779296875 268.36248779296875 274.306243896484375 280.83123779296875 287.024993896484375 294.943756103515625 305.131256103515625 314.881256103515625 324.71875 332.0625 338.443756103515625 350.92498779296875 364.71875 378.756256103515625 392.23126220703125 404.4375 412.787506103515625 418.4375 427.35626220703125 433.91876220703125 435.306243896484375 435.01251220703125 434.03125 431.23748779296875 426.84375 422.625 416.76873779296875
232.5749969482421875 230.3937530517578125 236.600006103515625 241.3125 246.4375 250.431243896484375 253.5124969482421875 257.337493896484375 264.131256103515625 268.58123779296875 268.818756103515625 267.4375 266.462493896484375 266.4375 266.67498779296875 269.131256103515625 271.943756103515625 275.399993896484375 279.0625 284.493743896484375 292.71875 300.48126220703125 306.63751220703125 317.050018310546875 328.412506103515625 337.79998779296875 348.01251220703125 352.89373779296875 358.212493896484375 372.068756103515625 385.38751220703125 398.83123779296875 408.73126220703125 419.98748779296875 428.23126220703125 436.618743896484375 444.33123779296875 450.6875 454.399993896484375 451.787506103515625 450.149993896484375 447.96875 439.78125 432.46875 427.743743896484375
245.587493896484375 240.287506103515625 241.0124969482421875 246.8312530517578125 255.4187469482421875 261.881256103515625 266.8125 274.88751220703125 286.45623779296875 295.8125 293.96875 287.25 285.212493896484375 284.85626220703125 284.17498779296875 285.5 286.868743896484375 290.225006103515625 293.431243896484375 298.32501220703125 308.681243896484375 317.0625 325.07501220703125 338.64373779296875 348.774993896484375 359.23748779296875 366.54998779296875 374.51251220703125 381.537506103515625 392.431243896484375 405.287506103515625 414.28125 423.181243896484375 434.743743896484375 444.15625 452.0625 458.20001220703125 465.01251220703125 469.318756103515625 467.14373779296875 466.89373779296875 458.84375 450.79376220703125 444.85626220703125 437.375
251.681243896484375 248.5812530517578125 250.037506103515625 250.818756103515625 258.92498779296875 267.61248779296875 273.912506103515625 283.293731689453125 295.70001220703125 308.10626220703125 303.881256103515625 297.768768310546875 296.556243896484375 296.631256103515625 295.25 296.76251220703125 296.23748779296875 299.631256103515625 305.375 311.71875 321.33123779296875 330.568756103515625 342.38751220703125 354.712493896484375 366.66876220703125 378.66876220703125 384.943756103515625 391.4375 397.36248779296875 406.89373779296875 418.181243896484375 429.38751220703125 434.45001220703125 444.649993896484375 456 462.350006103515625 470.975006103515625 477.75 481.29376220703125 481.975006103515625 476.57501220703125 468.15625 461.28125 456.04998779296875 449.9375
258.90625 256.475006103515625 258.36248779296875 258.46875 259.98748779296875 265.600006103515625 272.51873779296875 281.3125 289.774993896484375 296.79376220703125 300.850006103515625 301.993743896484375 305.462493896484375 305.95001220703125 305.60626220703125 307.98748779296875 307.90625 308.76873779296875 313.23126220703125 321.649993896484375 333.75 345.806243896484375 358.443756103515625 368.86248779296875 382.17498779296875 395.45001220703125 402.48126220703125 406.04998779296875 410.649993896484375 419.931243896484375 431.36248779296875 440.53125 446.88751220703125 453.068756103515625 462.89373779296875 469.23126220703125 475.20623779296875 483.087493896484375 490.193756103515625 489.975006103515625 479.899993896484375 472.78125 467.256256103515625 462.287506103515625 458.350006103515625
266.868743896484375 263.337493896484375 263.71875 265.53125 267.46875 271.193756103515625 272.16876220703125 272.693756103515625 274.243743896484375 280.818756103515625 293.63751220703125 303.60626220703125 310.868743896484375 314.868743896484375 316.59375 317.83123779296875 317.53125 318.587493896484375 320.868743896484375 330.318756103515625 345.556243896484375 360.23748779296875 372.95001220703125 384.225006103515625 399.73126220703125 410.399993896484375 416.181243896484375 419.60626220703125 424.14373779296875 433.524993896484375 440.787506103515625 448.806243896484375 454.45623779296875 460.350006103515625 467.67498779296875 469.33123779296875 475.131256103515625 480.787506103515625 484.5 482.26873779296875 475.818756103515625 471.67498779296875 466.21875 459.9375 453.4375
273.29998779296875 270.79998779296875 270.91876220703125 271.25 272.806243896484375 274.662506103515625 275.975006103515625 274.625 270.29998779296875 272.056243896484375 288.39373779296875 302.162506103515625 316.23126220703125 322.087493896484375 323.41876220703125 325.58123779296875 326.98748779296875 329.88751220703125 334.850006103515625 342.53125 352.506256103515625 370.32501220703125 383.60626220703125 398.23748779296875 412.850006103515625 421.04376220703125 424.96875 428.8125 432.756256103515625 440.587493896484375 448.8125 452.33123779296875 454.92498779296875 456.568756103515625 462.90625 464.98126220703125 470.34375 472.375 475.21875 472.287506103515625 466.95623779296875 461.443756103515625 458.45001220703125 454.79376220703125 443.412506103515625
279.381256103515625 276.01251220703125 276.83123779296875 277.48748779296875 277.962493896484375 280.20623779296875 282.35626220703125 281.556243896484375 282.524993896484375 288.45623779296875 300.993743896484375 311.01873779296875 322.67498779296875 329.01873779296875 332.39373779296875 333.693756103515625 335.725006103515625 340.756256103515625 346.568756103515625 357.649993896484375 368.11248779296875 381.90625 394.76251220703125 411.45001220703125 421.649993896484375 427.193756103515625 430.056243896484375 433.04998779296875 438.162506103515625 447.89373779296875 450.79376220703125 450.631256103515625 451.037506103515625 451.98126220703125 455.850006103515625 458.85626220703125 459.90625 461.243743896484375 462.60626220703125 462.51251220703125 460.274993896484375 455.71875 451.21875 442.16876220703125 434.087493896484375
285.53125 283.556243896484375 283.806243896484375 283.975006103515625 282.9375 285.82501220703125 288.92498779296875 289.95001220703125 295.068756103515625 303.3125 315.649993896484375 327.024993896484375 332.556243896484375 338 339.29376220703125 339.92498779296875 342.850006103515625 349.774993896484375 358.34375 369.32501220703125 385.48126220703125 398.412506103515625 407.83123779296875 412.26251220703125 426.743743896484375 432.631256103515625 431.962493896484375 433.42498779296875 435.993743896484375 444.100006103515625 445.631256103515625 443.931243896484375 444.07501220703125 444.131256103515625 446.63751220703125 444.962493896484375 444.79998779296875 446.09375 448.462493896484375 449.13751220703125 446.768768310546875 442.475006103515625 441.45623779296875 436.11248779296875 426.681243896484375
289.39373779296875 287.10626220703125 287.149993896484375 290.26873779296875 290.756256103515625 292.26873779296875 297.26251220703125 301.60626220703125 309.13751220703125 318.53125 330.875 342.36248779296875 342.931243896484375 344.45623779296875 345.01251220703125 346.15625 348.38751220703125 355.568756103515625 365.17498779296875 377.42498779296875 393.318756103515625 406.78125 417.381256103515625 425.20623779296875 428.89373779296875 427.375 425.54376220703125 424.681243896484375 426.98748779296875 430.73748779296875 431.875 430.962493896484375 429.25 429.556243896484375 431.399993896484375 431.10626220703125 432.76251220703125 434.993743896484375 433.912506103515625 431.537506103515625 430.75 428.54998779296875 426.462493896484375 417.225006103515625 407.962493896484375
293.98748779296875 291.662506103515625 292.162506103515625 294.337493896484375 296.493743896484375 301.67498779296875 305.59375 309.743743896484375 317.306243896484375 329.26251220703125 341.35626220703125 351.92498779296875 352.79376220703125 345.90625 345.875 349.3125 350.45001220703125 357.587493896484375 368.6875 379.3125 395.54376220703125 407.33123779296875 414.337493896484375 420.337493896484375 413.9375 409.33123779296875 411.75 410.943756103515625 414.712493896484375 416.375 416.600006103515625 414.66876220703125 412.443756103515625 412.61248779296875 412.899993896484375 415.60626220703125 418.368743896484375 421.056243896484375 421.79376220703125 419.83123779296875 412.70001220703125 413.350006103515625 408.26873779296875 400.431243896484375 396.3125
297.368743896484375 295.20623779296875 294.86248779296875 296.71875 300.899993896484375 306.087493896484375 310.07501220703125 315.23126220703125 324.375 334.912506103515625 343.67498779296875 348.89373779296875 350.568756103515625 347.20623779296875 343.79998779296875 348.306243896484375 349.537506103515625 354.399993896484375 365.693756103515625 374.29376220703125 388.79998779296875 398.20001220703125 406.21875 405.13751220703125 401.0625 397.912506103515625 398.20623779296875 398.42498779296875 400.243743896484375 401.89373779296875 401.125 399.78125 394.67498779296875 394.4375 396.29376220703125 400.806243896484375 404.381256103515625 409.79998779296875 413.243743896484375 409.524993896484375 398.01251220703125 391.15625 393.26873779296875 396.60626220703125 396.931243896484375
298.33123779296875 296.6875 297.29998779296875 299.84375 304.86248779296875 310.056243896484375 315.46875 320.71875 327.78125 335.71875 343.01251220703125 347.350006103515625 347.537506103515625 344.8125 340.225006103515625 340.66876220703125 343.41876220703125 352.11248779296875 362.024993896484375 370.568756103515625 381.90625 393.006256103515625 398.087493896484375 395.931243896484375 391.875 390.33123779296875 389.412506103515625 390.34375 392.318756103515625 391.662506103515625 387.4375 381.381256103515625 380.13751220703125 377.850006103515625 377.931243896484375 381.881256103515625 392.912506103515625 404.29376220703125 408.45001220703125 402.618743896484375 392.993743896484375 390.76251220703125 397.33123779296875 395.649993896484375 391.993743896484375
297.3125 295.76251220703125 298.61248779296875 302.84375 307.54998779296875 313.03125 318.431243896484375 324.17498779296875 332.568756103515625 338.681243896484375 344.131256103515625 347.068756103515625 347.193756103515625 342.975006103515625 336.25 329.53125 336.537506103515625 349.54376220703125 357.71875 366.60626220703125 377.53125 385.82501220703125 389.618743896484375 387.51873779296875 382.9375 382.57501220703125 380.243743896484375 382.20623779296875 383.993743896484375 383.806243896484375 381.95623779296875 374.83123779296875 365.300018310546875 360.412506103515625 357.09375 369.943756103515625 381.96875 395.36248779296875 402.412506103515625 404.399993896484375 399.59375 399.125 398.693756103515625 393 386.63751220703125
294.79376220703125 294.875 299.40625 304.787506103515625 309.61248779296875 315.375 322.91876220703125 328.931243896484375 335.01251220703125 341.037506103515625 345.01251220703125 347.46875 346.26873779296875 342.29376220703125 337.962493896484375 334.63751220703125 333.42498779296875 343.23748779296875 354.29376220703125 364.42498779296875 374.537506103515625 383.5 386.67498779296875 379.76873779296875 375.056243896484375 372.931243896484375 372.1875 373.92498779296875 377.431243896484375 378.70623779296875 375.83123779296875 369.006256103515625 360.46875 354.59375 358.493743896484375 366.53125 380.149993896484375 395.83123779296875 410.54998779296875 411.75 409.60626220703125 406 397.61248779296875 389.818756103515625 381.29376220703125
290.3125 292.90625 297.975006103515625 306.118743896484375 311.912506103515625 319.287506103515625 328.08123779296875 333.181243896484375 338.618743896484375 342.681243896484375 344.850006103515625 346.462493896484375 345.03125 343.056243896484375 339.98748779296875 338.60626220703125 336.912506103515625 335.837493896484375 350.418731689453125 361.29998779296875 373.412506103515625 380.568756103515625 383.25 376.3125 372.524993896484375 370.568756103515625 366.268768310546875 371.32501220703125 376.26873779296875 375.818756103515625 367.34375 351.162506103515625 351.0625 351.625 353.443756103515625 366.23126220703125 379.831268310546875 394.04998779296875 405.712493896484375 413.806243896484375 408.70623779296875 403.34375 395.38751220703125 386.70001220703125 379.01873779296875
284.54376220703125 289.125 296.912506103515625 304.84375 312.28125 321.662506103515625 330.23748779296875 338.399993896484375 344.03125 347.04998779296875 346.79998779296875 344.13751220703125 343.23748779296875 343.837493896484375 338.34375 337.14373779296875 336.84375 337.3125 342.76873779296875 353.5 371.631256103515625 381.78125 373.212493896484375 372.024993896484375 371.98126220703125 373.899993896484375 373.881256103515625 376.006256103515625 381.306243896484375 378.274993896484375 369.10626220703125 354.318756103515625 348.100006103515625 338.975006103515625 339.54998779296875 353.149993896484375 368.631256103515625 382.29998779296875 397.350006103515625 403.20001220703125 405.08123779296875 400.725006103515625 392.11248779296875 383.850006103515625 376.83123779296875
278.368743896484375 285.07501220703125 293.29376220703125 300.787506103515625 311.368743896484375 324.38751220703125 335.85626220703125 342.73126220703125 348.0625 350.693756103515625 348.63751220703125 347.45001220703125 345.975006103515625 344.65625 337.61248779296875 330.04998779296875 326.625 334.76873779296875 339.4375 348.98126220703125 360.381256103515625 366.8125 372.037506103515625 372.037506103515625 372.76873779296875 374.337493896484375 376.837493896484375 382.9375 384.48126220703125 376.837493896484375 363.375 356.149993896484375 344.318756103515625 328.57501220703125 321.181243896484375 334.59375 357.38751220703125 377.51251220703125 390.70001220703125 398.36248779296875 399.23126220703125 395.60626220703125 388.537506103515625 380.85626220703125 371.03125
