data/historical-monthly-weather-data/wc2.1_cruts4.09_10m_prec_1955-04.asc
ncols        45
nrows        45
xllcorner    -63.500000000000
yllcorner    -7.500000000000
cellsize     0.166666666667
NODATA_value -9999
[rows 0 to 19 of 45, columns 0 to 44 of 45]
298.881256103515625 307.04376220703125 306.3125 310.40625 308.725006103515625 299.975006103515625 289.58123779296875 274.76251220703125 263.23126220703125 255.9875030517578125 252.337493896484375 249.6125030517578125 245.8125 240.493743896484375 237.131256103515625 234.743743896484375 233.618743896484375 230.649993896484375 230.318756103515625 230.149993896484375 230.243743896484375 231.4562530517578125 232.5 238.243743896484375 242.6999969482421875 250.493743896484375 261.943756103515625 276.3125 289.96875 304.693756103515625 320.600006103515625 337.0625 350.90625 367.01251220703125 381.66876220703125 388.26873779296875 390.743743896484375 392.48748779296875 391.912506103515625 388 383.95623779296875 379.91876220703125 372.375 367.33123779296875 362.1875
308.8125 317.506256103515625 325.712493896484375 332.48748779296875 337.41876220703125 327.212493896484375 314.556243896484375 303.95623779296875 293.26251220703125 284.399993896484375 278.76251220703125 273.10626220703125 267.63751220703125 261.237518310546875 255.056243896484375 251.8874969482421875 247.931243896484375 246.75 246.806243896484375 246.306243896484375 246.4499969482421875 247.037506103515625 249.71875 254.693756103515625 261.287506103515625 268.86248779296875 279.83123779296875 294.09375 306.087493896484375 320.84375 338.59375 357.70623779296875 372.08123779296875 389.274993896484375 402.57501220703125 407.618743896484375 411.618743896484375 412.587493896484375 410.131256103515625 403.88751220703125 397.556243896484375 393.399993896484375 385.59375 377.5625 370.881256103515625
310 321.26251220703125 328.64373779296875 338.33123779296875 345.625 339.618743896484375 331.850006103515625 325.306243896484375 319.73126220703125 311.38751220703125 303.056243896484375 294.881256103515625 288.45623779296875 279.25 272.274993896484375 267.493743896484375 262.54376220703125 260.787506103515625 259.26251220703125 258.98126220703125 260.149993896484375 261.95623779296875 263.78125 269.61248779296875 277.86248779296875 286.356231689453125 298.793731689453125 309.743743896484375 319.86248779296875 335.5625 352.61248779296875 370.056243896484375 387.100006103515625 403.01251220703125 414.375 418.01251220703125 423.943756103515625 427.15625 423.45623779296875 417.756256103515625 411.54376220703125 404.618743896484375 396.42498779296875 388.73748779296875 381.568756103515625
304.762481689453125 316.59375 328.600006103515625 336.60626220703125 344.38751220703125 345.13751220703125 343.63751220703125 342.568756103515625 342.181243896484375 338.131256103515625 328.756256103515625 317.20001220703125 306.412506103515625 297.100006103515625 288.73126220703125 283.056243896484375 278.03125 274.96875 272.318756103515625 271.51873779296875 274.131256103515625 276.350006103515625 277.46875 285.274993896484375 294.35626220703125 302.35626220703125 315.600006103515625 324.89373779296875 334.556243896484375 351.631256103515625 368.212493896484375 384.993743896484375 397.9375 412.25 422.975006103515625 429.54998779296875 434.600006103515625 437.98126220703125 437.256256103515625 430.13751220703125 424.056243896484375 418.306243896484375 407.08123779296875 397.03125 391.10626220703125
314.01251220703125 320.462493896484375 323.83123779296875 332.20001220703125 343.600006103515625 347.806243896484375 349.118743896484375 353.868743896484375 359.725006103515625 361.943756103515625 350.350006103515625 333.006256103515625 321.524993896484375 312.34375 303.274993896484375 296.60626220703125 290.243743896484375 286.756256103515625 283.25 281.46875 285.4375 287.556243896484375 289.78125 300.11248779296875 307.89373779296875 316.774993896484375 327.79998779296875 340.4375 352.23126220703125 366.5625 382.662506103515625 395.07501220703125 406.4375 420.29376220703125 431.61248779296875 437.899993896484375 441.743743896484375 445.975006103515625 446.625 440.837493896484375 436.92498779296875 426.26251220703125 415.756256103515625 407.506256103515625 399.318756103515625
314.45623779296875 322.11248779296875 325.83123779296875 327.006256103515625 337.04376220703125 343.54998779296875 346.09375 351.962493896484375 358.88751220703125 365 351.306243896484375 335.756256103515625 326.11248779296875 318.21875 309.10626220703125 303.28125 295.524993896484375 291.79998779296875 290.36248779296875 289.537506103515625 292.537506103515625 295.212493896484375 300.61248779296875 309.6875 318.943756103515625 329.087493896484375 339.431243896484375 350.993743896484375 362 374.92498779296875 389.368743896484375 403.5625 410.568756103515625 422.23126220703125 434.64373779296875 439.65625 446.34375 451.056243896484375 451.91876220703125 449.881256103515625 442.225006103515625 431.84375 422.975006103515625 415.86248779296875 409.393768310546875
316.131256103515625 322.95623779296875 326.631256103515625 326.625 327.6875 329.70001220703125 332.524993896484375 337.181243896484375 339.75 340.162506103515625 337.15625 330.993743896484375 327.48748779296875 320.89373779296875 313.73126220703125 309.46875 302.712493896484375 296.274993896484375 293.256256103515625 294.024993896484375 299.087493896484375 304.10626220703125 310.07501220703125 317.40625 327.73126220703125 338.881256103515625 350.024993896484375 359.20001220703125 369.131256103515625 381.67498779296875 396 408.01251220703125 415.45001220703125 422.462493896484375 432.60626220703125 437.881256103515625 442.524993896484375 448.837493896484375 453.993743896484375 452.287506103515625 441.431243896484375 432.9375 425.868743896484375 419.568756103515625 415.556243896484375
318.58123779296875 322.38751220703125 323.649993896484375 325.412506103515625 326.64373779296875 325.806243896484375 321.04376220703125 315.76873779296875 311.068756103515625 311.88751220703125 319.41876220703125 323.850006103515625 325.26251220703125 323.16876220703125 318.818756103515625 314.037506103515625 307.58123779296875 301.13751220703125 295.79998779296875 297.212493896484375 304.91876220703125 312.131256103515625 318.056243896484375 326.03125 338.14373779296875 347.04376220703125 357.26251220703125 366.475006103515625 376.493743896484375 388.931243896484375 399.21875 409.84375 415.89373779296875 421.76251220703125 428.868743896484375 430.09375 434.993743896484375 439.76251220703125 442.756256103515625 440.36248779296875 433.92498779296875 428.85626220703125 422.462493896484375 415.53125 409.681243896484375
319.818756103515625 323.4375 323.925018310546875 323.61248779296875 324.15625 321.21875 317.125 309.98748779296875 299.07501220703125 294.962493896484375 306.60626220703125 315.51251220703125 324.431243896484375 324.64373779296875 319.9375 316.04376220703125 311.243743896484375 306.46875 303.4375 303.09375 306.15625 316.11248779296875 322.54376220703125 333.54376220703125 345.04998779296875 352.07501220703125 360.83123779296875 370.53125 380.100006103515625 390.88751220703125 401.756256103515625 408 410.79376220703125 412.287506103515625 418.006256103515625 419.76251220703125 424.45001220703125 426.21875 429.118743896484375 426.88751220703125 422.375 416.774993896484375 413.3125 409.412506103515625 399.45623779296875
320.58123779296875 321.8125 322.67498779296875 322.493743896484375 321.537506103515625 319.29376220703125 316.42498779296875 310.212493896484375 305.381256103515625 305.76873779296875 313.100006103515625 318.20623779296875 324.83123779296875 325.837493896484375 323.04998779296875 318.17498779296875 313.875 311.006256103515625 308.6875 311.193756103515625 314.662506103515625 321.17498779296875 327.399993896484375 340.26873779296875 348.337493896484375 353.42498779296875 361.39373779296875 370.431243896484375 380.98126220703125 393.149993896484375 398.962493896484375 401.61248779296875 402.037506103515625 402.48126220703125 405.587493896484375 408.29376220703125 409.26873779296875 410.66876220703125 412.89373779296875 413.943756103515625 412.95001220703125 408.91876220703125 404.79998779296875 396.712493896484375 390.006256103515625
321.42498779296875 322.96875 322.75 321.756256103515625 318.91876220703125 317.587493896484375 316.04998779296875 312.112518310546875 311.82501220703125 314.60626220703125 321.48748779296875 328 328.60626220703125 328.89373779296875 323.98748779296875 318.40625 314.837493896484375 313.712493896484375 313.79998779296875 316.13751220703125 324.475006103515625 330.256256103515625 333.743743896484375 336.774993896484375 348.681243896484375 354.32501220703125 359.45623779296875 367.20623779296875 375.51251220703125 385.899993896484375 390.1875 391.125 390.975006103515625 390.25 391.82501220703125 390.48748779296875 390.587493896484375 392.131256103515625 395.787506103515625 398.131256103515625 397.681243896484375 394.54998779296875 394.20001220703125 390.01873779296875 382.35626220703125
320.39373779296875 320.837493896484375 320.181243896484375 322.3125 321.068756103515625 318.287506103515625 318.875 318.556243896484375 320.837493896484375 324.712493896484375 331.45001220703125 337.67498779296875 333.1875 329.493743896484375 323.806243896484375 318.618743896484375 314.38751220703125 313.693756103515625 314.89373779296875 318.5 326.61248779296875 332.881256103515625 337.42498779296875 343.76873779296875 347.412506103515625 347.5625 351.668731689453125 357.23748779296875 365.056243896484375 371.39373779296875 375.037506103515625 376.42498779296875 374.51251220703125 373.92498779296875 374.787506103515625 374.60626220703125 376.274993896484375 378.662506103515625 379.568756103515625 379.60626220703125 380.91876220703125 380.1875 379.431243896484375 372.256256103515625 364.79376220703125
320.193756103515625 320.01873779296875 319.649993896484375 320.587493896484375 321.037506103515625 322.28125 321.73748779296875 321.243743896484375 323.587493896484375 330.10626220703125 336.54376220703125 341.556243896484375 337.13751220703125 325.33123779296875 319.08123779296875 315.975006103515625 310.76251220703125 310.34375 313.181243896484375 315.662506103515625 324.162506103515625 329.16876220703125 331.04376220703125 336.4375 332.57501220703125 330.66876220703125 338.037506103515625 343.36248779296875 352.13751220703125 356.381256103515625 358.975006103515625 359.274993896484375 356.818756103515625 356.037506103515625 355.493743896484375 357.850006103515625 360.41876220703125 363.17498779296875 365.90625 366.5625 362.65625 364.912506103515625 362.01251220703125 356.5 353.625
318.73748779296875 318.212493896484375 316.76873779296875 317.1875 319.681243896484375 320.95001220703125 320.475006103515625 321.10626220703125 325.14373779296875 330.274993896484375 333.475006103515625 333.125 329.40625 320.90625 311.625 309.506256103515625 304.462493896484375 302.443756103515625 305.86248779296875 307.11248779296875 314.42498779296875 317.8125 320.875 321.16876220703125 319.743743896484375 319.462493896484375 324.875 330.76251220703125 337.58123779296875 341.59375 343.11248779296875 343.73748779296875 338.756256103515625 337.587493896484375 338.350006103515625 342.23126220703125 345.41876220703125 350.53125 355.83123779296875 355.3125 347.899993896484375 343.89373779296875 347.67498779296875 352.399993896484375 353.443756103515625
315.45001220703125 315.368743896484375 314.78125 315.756256103515625 318.943756103515625 320.01873779296875 320.875 321.45001220703125 323.29376220703125 325.82501220703125 327.54376220703125 326.056243896484375 320.65625 312.631256103515625 302.381256103515625 296.70001220703125 293.131256103515625 294.79998779296875 297.42498779296875 299.056243896484375 304.443756103515625 309.89373779296875 311.350006103515625 311.42498779296875 310.60626220703125 312.08123779296875 316.28125 322.36248779296875 328.98748779296875 331.04376220703125 329.67498779296875 326.318756103515625 324.756256103515625 321.975006103515625 321.33123779296875 324.837493896484375 334.5 344.850006103515625 351.20001220703125 349.33123779296875 343.899993896484375 343.756256103515625 351.212493896484375 351.23748779296875 348.5
310.225006103515625 310.181243896484375 311.8125 314.36248779296875 317.01251220703125 318.212493896484375 318.899993896484375 319.76251220703125 322.8125 323.48748779296875 323.375 320.21875 314.493743896484375 304.90625 292.89373779296875 281.15625 281.381256103515625 286.95623779296875 288.537506103515625 290.88751220703125 296.625 300.618743896484375 301.806243896484375 302.54376220703125 301.86248779296875 304.67498779296875 307.524993896484375 314.07501220703125 320.225006103515625 322.70001220703125 323.4375 319.29376220703125 310.818756103515625 305.962493896484375 302.58123779296875 313.75 324.38751220703125 336.59375 345.85626220703125 351.23748779296875 350.38751220703125 351.587493896484375 352.506256103515625 348.618743896484375 343.1875
303.51251220703125 305.11248779296875 308.32501220703125 311.83123779296875 314.399993896484375 315.649993896484375 318.20623779296875 319.131256103515625 319.84375 320.40625 318.83123779296875 315.006256103515625 307.79998779296875 298.337493896484375 288.45001220703125 279.681243896484375 273.006256103515625 276.23126220703125 280.40625 284.10626220703125 289.9375 295.243743896484375 296.78125 294.33123779296875 294.0625 295.85626220703125 299.75 305.79376220703125 313.04998779296875 316.806243896484375 316.818756103515625 313.068756103515625 305.59375 300.01251220703125 302.85626220703125 310.08123779296875 322.212493896484375 336.568756103515625 352.787506103515625 357.943756103515625 359.79376220703125 357.993743896484375 351.57501220703125 345.506256103515625 337.90625
294.8125 299.131256103515625 302.58123779296875 308.53125 311.67498779296875 314.037506103515625 317.32501220703125 316.931243896484375 316.91876220703125 315.631256103515625 312.48748779296875 307.90625 300.57501220703125 292.91876220703125 284.225006103515625 277.11248779296875 270.068756103515625 264.537506103515625 271.45623779296875 275.85626220703125 284.287506103515625 289.493743896484375 291.837493896484375 289.83123779296875 290.58123779296875 292.756256103515625 293.70623779296875 302.287506103515625 310.64373779296875 313.20001220703125 308.78125 297.368743896484375 297.21875 297.243743896484375 298.51251220703125 310.01251220703125 322.42498779296875 335.75 349.0625 359.806243896484375 358.75 355.26873779296875 349.131256103515625 342.1875 335.131256103515625
284.975006103515625 291.368743896484375 297.287506103515625 302.64373779296875 306.98748779296875 310.818756103515625 313.34375 315.38751220703125 315.462493896484375 313.21875 307.91876220703125 299.649993896484375 292.92498779296875 287.57501220703125 277 270.149993896484375 264.32501220703125 259.993743896484375 259.70623779296875 264.11248779296875 278.16876220703125 286.95001220703125 282.01251220703125 284.743743896484375 288.66876220703125 294.118743896484375 298.53125 304.743743896484375 313.40625 314.13751220703125 309.5 299.600006103515625 294.4375 286.45001220703125 286.83123779296875 299.25 313.537506103515625 326.618743896484375 342.381256103515625 350.625 355.1875 352.506256103515625 345.73748779296875 339.08123779296875 332.41876220703125
274.806243896484375 283.381256103515625 289.39373779296875 293.90625 300.90625 307.756256103515625 312.46875 312.850006103515625 312.618743896484375 310.068756103515625 303.3125 296.48126220703125 289.39373779296875 282.54376220703125 270.91876220703125 259.17498779296875 251.1062469482421875 252.7687530517578125 251.9187469482421875 255.4562530517578125 265.412506103515625 272.537506103515625 278.96875 282.975006103515625 287.73126220703125 293.131256103515625 299.568756103515625 308.993743896484375 314.631256103515625 311.88751220703125 304.006256103515625 300.76251220703125 291.0625 277.64373779296875 271.46875 283.89373779296875 304.649993896484375 323.39373779296875 337.20623779296875 346.57501220703125 349.818756103515625 347.631256103515625 342.131256103515625 335.90625 326.600006103515625
