data/historical-monthly-weather-data/wc2.1_cruts4.09_10m_prec_1973-07.asc
ncols        45
nrows        45
xllcorner    -63.500000000000
yllcorner    -7.500000000000
cellsize     0.166666666667
NODATA_value -9999
[rows 19 to 37 of 45, columns 0 to 42 of 45]
180.0749969482421875 183.9812469482421875 184.9250030517578125 185.868743896484375 185.3000030517578125 188.881256103515625 182.9375 180.850006103515625 177.337493896484375 168.693756103515625 162.1125030517578125 162.875 159.1125030517578125 154.9375 145.243743896484375 133.5500030517578125 126.65000152587890625 136.743743896484375 128.8562469482421875 125.1125030517578125 116.28749847412109375 121.54999542236328125 132.3000030517578125 138.2624969482421875 138.256256103515625 130.8125 127.34375 129.475006103515625 126.5812530517578125 122.93125152587890625 127.1687469482421875 139.8874969482421875 144.9499969482421875 149.631256103515625 156.3000030517578125 165.868743896484375 170.34375 170.7687530517578125 168.243743896484375 158.5187530517578125 142.2375030517578125 128.625 122.98749542236328125
164.0187530517578125 177.1125030517578125 185.5625 182.9875030517578125 179.5500030517578125 182.818756103515625 180.087493896484375 178.9187469482421875 173.96875 167.6312408447265625 159.4250030517578125 159.5500030517578125 157.631256103515625 151.6999969482421875 142.524993896484375 133.71875 129.0500030517578125 129 131.681243896484375 123.66249847412109375 127.4250030517578125 131.90625 138.3625030517578125 145.53125 144.40625 134.756256103515625 123.6750030517578125 124.18125152587890625 126.05625152587890625 125.55625152587890625 132.1999969482421875 139.2624969482421875 138.287506103515625 143.8312530517578125 150.506256103515625 157.212493896484375 161.743743896484375 158.9812469482421875 152.8562469482421875 143.3937530517578125 132.65625 125.0500030517578125 117.3312530517578125
160.131256103515625 162.59375 173.2937469482421875 177.243743896484375 178.131256103515625 174.350006103515625 172.943756103515625 171.9812469482421875 169.462493896484375 164.0124969482421875 159.3249969482421875 154.21875 150.037506103515625 150.743743896484375 147.90625 139.4875030517578125 138.9562530517578125 135.8312530517578125 135.5124969482421875 132.931243896484375 129.40625 132.7624969482421875 138.90625 138.350006103515625 133.3937530517578125 126.75624847412109375 127.31874847412109375 122.68125152587890625 128.2375030517578125 132.34375 133.1062469482421875 133.5500030517578125 133.462493896484375 136.149993896484375 138.375 146.1125030517578125 149.899993896484375 148.225006103515625 143.162506103515625 135.943756103515625 127.4875030517578125 121.5625 115.65000152587890625
155.931243896484375 165.53125 172.4437408447265625 174.0625 173.7375030517578125 172.381256103515625 162.662506103515625 161.600006103515625 161.881256103515625 163.9375 161.618743896484375 156.3312530517578125 155.462493896484375 153.21875 153.46875 151.0124969482421875 144.5 138.0749969482421875 135.53125 136.149993896484375 139.7937469482421875 137.8874969482421875 138.318756103515625 136.3499908447265625 135.4312591552734375 126.65000152587890625 122 122.8937530517578125 123.56874847412109375 124.1437530517578125 124.50624847412109375 126.4499969482421875 125.28749847412109375 124.3312530517578125 128.0187530517578125 130.2687530517578125 135.600006103515625 133.09375 132.3249969482421875 129.006256103515625 122.9250030517578125 115.53749847412109375 110.75624847412109375
147.493743896484375 160.818756103515625 171.8937530517578125 172.1125030517578125 171.181243896484375 166.3125 165.3249969482421875 161.100006103515625 156.6875 153.287506103515625 152.9499969482421875 157.7249908447265625 156.568756103515625 156.5187530517578125 152.600006103515625 150.1750030517578125 143.0500030517578125 141.9499969482421875 138.65625 141.84375 140.2312469482421875 142.850006103515625 142.0500030517578125 143.4499969482421875 140.0124969482421875 129.4375 126.9812469482421875 120.08750152587890625 117.6875 116.84999847412109375 117.03749847412109375 117.19374847412109375 113.80625152587890625 110.8874969482421875 116.7687530517578125 116.1687469482421875 122.06874847412109375 124.3249969482421875 123.8625030517578125 120.49375152587890625 116.5437469482421875 110.38124847412109375 106.68125152587890625
143.53125 158.193756103515625 171.2624969482421875 173.118743896484375 172.899993896484375 165.2375030517578125 162.537506103515625 158.712493896484375 154.4625091552734375 154.53125 154.256256103515625 150.131256103515625 154.524993896484375 152.993743896484375 148.556243896484375 143.225006103515625 140.443756103515625 141.274993896484375 141.149993896484375 142.131256103515625 143.399993896484375 144.0500030517578125 149.3874969482421875 146.25 137.7312469482421875 133.7312469482421875 123.46875 116.09999847412109375 110.65625 109.03749847412109375 104.0812530517578125 100.88124847412109375 101.36875152587890625 100.0749969482421875 101.15000152587890625 104.4250030517578125 110.8937530517578125 112.30625152587890625 113.71875 112.69374847412109375 108.2624969482421875 104.96250152587890625 102.31874847412109375
147.756256103515625 161.5500030517578125 165.662506103515625 169.7624969482421875 168.9250030517578125 163.149993896484375 159.524993896484375 154.96875 149.225006103515625 143.493743896484375 149.7937469482421875 148.8125 145.4187469482421875 144.9250030517578125 142.9187469482421875 140.3562469482421875 136.975006103515625 138.056243896484375 139.8312530517578125 139.7624969482421875 145.1999969482421875 147.3249969482421875 151.8562469482421875 148.493743896484375 138.368743896484375 129.1437530517578125 120.9375 111.09999847412109375 102.47499847412109375 97.15625 91.90625 87.15000152587890625 85.8312530517578125 86.77500152587890625 90.8625030517578125 94.81874847412109375 100.1750030517578125 104.0749969482421875 105.28749847412109375 104.7937469482421875 104.09999847412109375 99.16249847412109375 95.875
143.9812469482421875 151.256256103515625 158.8125 163.2062530517578125 161.787506103515625 158.2375030517578125 155.8249969482421875 150.4562530517578125 142.1750030517578125 144.4187469482421875 147.537506103515625 145.931243896484375 142.9250030517578125 138.4875030517578125 135.431243896484375 136.506256103515625 133.943756103515625 132.5187530517578125 135.5187530517578125 137.9375 139.212493896484375 142.3249969482421875 148.568756103515625 148.537506103515625 135.381256103515625 121.59375 112.65625 104.2375030517578125 96.1750030517578125 87.2312469482421875 82.9375 75.4812469482421875 73.6687469482421875 78.78125 81.65000152587890625 87.0437469482421875 89.375 93.15000152587890625 95.52500152587890625 96.8249969482421875 98.3874969482421875 95.3312530517578125 91.2062530517578125
140.65625 141.9812469482421875 147.9875030517578125 154.5500030517578125 153.649993896484375 151.3874969482421875 149.25 144.15625 140.3499908447265625 140.5500030517578125 140.8125 136.8000030517578125 134.1437530517578125 130.6875 127.34999847412109375 126.78125 126.21250152587890625 126.59375 125.90000152587890625 129.725006103515625 134.9562530517578125 136.368743896484375 136.5749969482421875 135.818756103515625 127.21875 115.08750152587890625 105.9562530517578125 97.5500030517578125 89.5 83.00624847412109375 76.9499969482421875 71.75 70.19374847412109375 71.2687530517578125 74.47499847412109375 78.78125 80.75624847412109375 84.58750152587890625 87.7687530517578125 91.4875030517578125 92.94374847412109375 93.41249847412109375 87.7312469482421875
135.131256103515625 136.0749969482421875 142.631256103515625 141.712493896484375 143.2624969482421875 139.306243896484375 136.662506103515625 135.756256103515625 132.568756103515625 133.931243896484375 133.03125 129.0124969482421875 126.5812530517578125 124.59375 121.99375152587890625 120.8625030517578125 121.83750152587890625 118.88124847412109375 119.99375152587890625 123.2624969482421875 126.0625 127.21250152587890625 128.6875 124.6999969482421875 117.3000030517578125 107.50624847412109375 98.89374542236328125 90.88124847412109375 85.6125030517578125 79.40625 72.65625 68.00624847412109375 65.9812469482421875 65.9499969482421875 68.34999847412109375 71.83750152587890625 73.93125152587890625 77.1687469482421875 79.9875030517578125 81.46250152587890625 85.13124847412109375 83.53125 80.9499969482421875
126.1999969482421875 130.3562469482421875 133.712493896484375 132.9187469482421875 130.9812469482421875 129.09375 125.8000030517578125 127.53125 127.09999847412109375 125.9562530517578125 125.18125152587890625 124.05625152587890625 121.3874969482421875 117.2624969482421875 114.9812469482421875 113.72499847412109375 112.1750030517578125 111.9499969482421875 111.1750030517578125 112.3874969482421875 115.8937530517578125 116.34999847412109375 117.6374969482421875 111.6999969482421875 105.88124847412109375 98.4499969482421875 90.28125 83.7062530517578125 78.97499847412109375 73.21875 68.08750152587890625 63.47499847412109375 61.331249237060546875 61.40000152587890625 62.337497711181640625 64.36875152587890625 68.06874847412109375 69.38124847412109375 69.77500152587890625 71.4812469482421875 75.2375030517578125 74.9562530517578125 72.9812469482421875
119.78125 122.41249847412109375 120.1062469482421875 123.125 123.4875030517578125 122.9187469482421875 119.84999847412109375 119.09375 118.97499847412109375 118.75 119.03749847412109375 116.59375 116.8625030517578125 110.46875 106.90000152587890625 106.21875 107.16249847412109375 103.34999847412109375 100.34375 103.6687469482421875 107.15625 107.412506103515625 106.91875457763671875 99.84999847412109375 93.52500152587890625 90.09375 83.09375 75.81874847412109375 70.0187530517578125 66.52500152587890625 62.66249847412109375 59.75 58.231250762939453125 58.31874847412109375 58.50624847412109375 58.78125 60.606250762939453125 63.112499237060546875 61.9375 61.00624847412109375 63.11875152587890625 65 63.94374847412109375
113.1374969482421875 110.47499847412109375 108.28749847412109375 108.78125 111.22499847412109375 112.3874969482421875 112.63124847412109375 111.33750152587890625 112.22499847412109375 110.40000152587890625 111.21875 111.46250152587890625 108.90000152587890625 106.96250152587890625 103.7937469482421875 101.65625 100.09999847412109375 96.41249847412109375 92.50624847412109375 95.58750152587890625 96.09375 96.86875152587890625 95.19374847412109375 88.94374847412109375 85.2312469482421875 80.13124847412109375 74.46250152587890625 69.58750152587890625 63.09375 60.49375152587890625 58.5625 56.0625 54.231250762939453125 54.043750762939453125 54.53749847412109375 53.856250762939453125 55.40000152587890625 54.27500152587890625 53.46250152587890625 54.237499237060546875 55.668750762939453125 55.862499237060546875 55.03749847412109375
104.6125030517578125 100.99375152587890625 97.44374847412109375 97.00624847412109375 99.15000152587890625 100.1125030517578125 101.55625152587890625 101.6875 100.00624847412109375 102.2375030517578125 105.21250152587890625 102.84999847412109375 101.8874969482421875 101.86875152587890625 99.3249969482421875 94.75 90.5437469482421875 90.25624847412109375 88.53749847412109375 89.94374847412109375 88.97499847412109375 87.1125030517578125 83.9812469482421875 79.8562469482421875 77.43125152587890625 72.49375152587890625 68.52500152587890625 62.956249237060546875 58.631252288818359375 55.59375 53.69374847412109375 51.33750152587890625 48.99375152587890625 48.86875152587890625 49.924999237060546875 50.34375 49.106250762939453125 47.9375 47.53749847412109375 49.375 50.362499237060546875 50.856250762939453125 48.612499237060546875
96.3249969482421875 93.125 91.31874847412109375 90.7312469482421875 90.2375030517578125 88.40625 89.1687469482421875 87.65625 90.0625 90.4499969482421875 93.6750030517578125 94.8249969482421875 95.74375152587890625 94.24375152587890625 91.49375152587890625 86.28749847412109375 83.375 82.34375 80.8874969482421875 81.18125152587890625 81.0500030517578125 77.3937530517578125 76.0625 72.8874969482421875 68.84375 64.4250030517578125 60.90000152587890625 57.393749237060546875 53.49375152587890625 51.268749237060546875 49.581249237060546875 47.1875 45.018749237060546875 45.262500762939453125 45.6875 45.125 43.15000152587890625 42.450000762939453125 43.28125 44.081249237060546875 45.262500762939453125 46.225002288818359375 46.09375
89.44374847412109375 84.0187530517578125 84.4250030517578125 83.125 83.28125 81.49375152587890625 79.8000030517578125 78.24375152587890625 77.3874969482421875 78.52500152587890625 82.80625152587890625 86.84999847412109375 91.3874969482421875 91.53125 85.97499847412109375 80.91249847412109375 77.0187530517578125 75.15625 74.9499969482421875 73.5749969482421875 72.94374847412109375 71.5812530517578125 69.1125030517578125 65.94374847412109375 62.18125152587890625 57.93125152587890625 54.96250152587890625 51.887500762939453125 48.43125152587890625 44.487499237060546875 43.268749237060546875 42.88124847412109375 41.668750762939453125 41.393749237060546875 40.612499237060546875 39.91249847412109375 39.043750762939453125 39.206249237060546875 39.21875 39.09999847412109375 39.5 39.50624847412109375 41.18125152587890625
80.8125 77.7312469482421875 78.8000030517578125 76.09999847412109375 75.55625152587890625 73.16249847412109375 71.625 69.71875 68.34999847412109375 67.91249847412109375 71.40625 76.9812469482421875 83.8249969482421875 82.22499847412109375 79.0812530517578125 74.65625 71.3125 68.8000030517578125 66.96875 66.0124969482421875 62.75 63.09999847412109375 60.28125 57.168750762939453125 53.237499237060546875 51.612499237060546875 49.18125152587890625 46.61875152587890625 43.58750152587890625 40.46875 39.293750762939453125 39.325000762939453125 38.049999237060546875 37.86875152587890625 37.262500762939453125 36.012500762939453125 35.71875 35.487499237060546875 36.331249237060546875 36.331249237060546875 35.681247711181640625 36.0625 35.80625152587890625
71.96250152587890625 71.21250152587890625 71.3249969482421875 68.53125 67.8312530517578125 66.83750152587890625 65.06874847412109375 62.862499237060546875 60.30625152587890625 57.34999847412109375 61.162502288818359375 67.8625030517578125 72.84999847412109375 72.34999847412109375 70.8312530517578125 67.61875152587890625 64.03749847412109375 61.006252288818359375 59.0625 58.30625152587890625 55.143749237060546875 53.418750762939453125 51.512500762939453125 49.893749237060546875 46.706249237060546875 44.96250152587890625 43.19374847412109375 40.831249237060546875 38.487499237060546875 37.043750762939453125 35.78749847412109375 34.97499847412109375 33.78125 33.66249847412109375 33.18125152587890625 31.825000762939453125 31.481250762939453125 32.512500762939453125 33.625 33.112499237060546875 32.137500762939453125 32.38124847412109375 31.956249237060546875
63.15000152587890625 63.90000152587890625 62.456249237060546875 62.237499237060546875 61.63124847412109375 60.450000762939453125 58.94374847412109375 56.71875 54.456249237060546875 50.71250152587890625 57.612499237060546875 63.018749237060546875 64.7312469482421875 64.71250152587890625 63.918750762939453125 61.21875 56.325000762939453125 55.22499847412109375 52.5625 51.393749237060546875 49.362499237060546875 47.1875 44.606250762939453125 43.424999237060546875 41.643749237060546875 40.02500152587890625 38.21250152587890625 36.375 34.59375 32.950000762939453125 30.674999237060546875 30.512500762939453125 29.612499237060546875 29.706249237060546875 28.637500762939453125 27.362501144409179688 28.356248855590820312 29.056249618530273438 29.975000381469726562 29.831249237060546875 29.168748855590820312 30.081251144409179688 29.475000381469726562
