data/historical-monthly-weather-data/wc2.1_cruts4.09_10m_prec_2006-10.asc
ncols        45
nrows        45
xllcorner    -63.500000000000
yllcorner    -7.500000000000
cellsize     0.166666666667
NODATA_value -9999
[rows 19 to 37 of 45, columns 0 to 43 of 45]
118.63124847412109375 115.3625030517578125 113.08750152587890625 110.80625152587890625 108.58750152587890625 108.25 107.53749847412109375 106.1875 105.47499847412109375 103.99375152587890625 100.7312469482421875 94.4499969482421875 88.02500152587890625 82.08750152587890625 78.3000030517578125 75.3125 71.59375 70.0187530517578125 69.1875 69.1750030517578125 69.6687469482421875 71.96250152587890625 76.1062469482421875 79.3874969482421875 80.71875 79.49375152587890625 76.46250152587890625 72.27500152587890625 65.81874847412109375 59.31874847412109375 55.09999847412109375 56.018749237060546875 55.887500762939453125 55.27500152587890625 53.924999237060546875 51.46250152587890625 50.356250762939453125 50.49375152587890625 50.856250762939453125 50.49375152587890625 49.46875 48.00624847412109375 44.90000152587890625 41.9375
112.75624847412109375 111.18125152587890625 110.4499969482421875 109.25 107.80625152587890625 107.8125 107.8874969482421875 107.0749969482421875 106.5812530517578125 104.59999847412109375 101.13124847412109375 94.6374969482421875 88.15000152587890625 81.67499542236328125 77.61875152587890625 74.0500030517578125 70.5 68.6374969482421875 68.625 68.4499969482421875 69.88124847412109375 72.2624969482421875 74.74375152587890625 76.7687530517578125 78.08750152587890625 77.7312469482421875 75.4562530517578125 70.9250030517578125 66.46875 63.575000762939453125 61.86875152587890625 62.18125152587890625 61.456249237060546875 61.168750762939453125 61.13124847412109375 57.94374847412109375 54.606250762939453125 52.90625 51.956249237060546875 51.08750152587890625 49.96875 48.49375152587890625 46.03749847412109375 43.65625
107.36875152587890625 107.5500030517578125 107.8562469482421875 107.46875 106.8937530517578125 107.75624847412109375 108.2937469482421875 108.2937469482421875 108.5 106.1750030517578125 101.9562530517578125 95.40625 89.0625 83.5437469482421875 79 75.34375 72.28125 70.5 69.84375 69.6750030517578125 70.0187530517578125 71.6125030517578125 73.84375 75.00624847412109375 75.33750152587890625 74.9187469482421875 73.9812469482421875 71.40625 69.0812530517578125 68.02500152587890625 67.5749969482421875 67.9875030517578125 66.625 65.6687469482421875 64.0124969482421875 61.30625152587890625 57.75 54.862499237060546875 53.137500762939453125 51.950000762939453125 50.59999847412109375 49.13124847412109375 47.27500152587890625 45.075000762939453125
103.84375 105.81874847412109375 106.88750457763671875 106.88124847412109375 106.08750152587890625 107.2624969482421875 108.4875030517578125 109.59999847412109375 111.1999969482421875 107.96250152587890625 103.03125 96.21250152587890625 90.6437530517578125 86.1062469482421875 81.38124847412109375 77.40000152587890625 74.1875 72.6999969482421875 71.6750030517578125 71.00624847412109375 71.3562469482421875 72 73.09999847412109375 73.75 73.5812530517578125 72.33750152587890625 72.2937469482421875 72 70.80625152587890625 71.25 72.47499847412109375 73.6687469482421875 71.49375152587890625 69.46875 66.86875152587890625 63.77500152587890625 60.112499237060546875 56.40000152587890625 54.325000762939453125 53.52500152587890625 52.31874847412109375 50.86875152587890625 49.081249237060546875 46.893749237060546875
102.77500152587890625 106.28749847412109375 108.15625 107.08750152587890625 105.5812530517578125 106.78749847412109375 107.96875 109.53125 110.8625030517578125 108.05625152587890625 103.0437469482421875 97.5124969482421875 92.86875152587890625 88.9562530517578125 84.56874847412109375 80.4562530517578125 77.30625152587890625 75.55625152587890625 74.16249847412109375 73.09375 73.2375030517578125 73.75 73.8562469482421875 73.7687530517578125 72.90000152587890625 70.9375 70.375 71.4875030517578125 72.5437469482421875 74.44374847412109375 76.6062469482421875 78.2624969482421875 75.8625030517578125 72.97499847412109375 69.9250030517578125 66.83750152587890625 62.956249237060546875 58.793750762939453125 56.78125 55.58750152587890625 54.299999237060546875 52.918750762939453125 51.05625152587890625 48.75
105.2624969482421875 108.71875 110.3625030517578125 107.6062469482421875 105.08750152587890625 105.91249847412109375 106.81874847412109375 107.5187530517578125 108.125 106.6062469482421875 103.4250030517578125 99.28125 95.79375457763671875 92.6062469482421875 88.18125152587890625 84.25 80.83750152587890625 78.90625 77.24375152587890625 75.94374847412109375 75.6374969482421875 75.2312469482421875 75.2375030517578125 74.55625152587890625 73.52500152587890625 72.49375152587890625 72.28125 73.3625030517578125 74.83750152587890625 77.375 79.97499847412109375 81.53749847412109375 79.40625 76.0812530517578125 72.86875152587890625 69.21875 65.65000152587890625 62.174999237060546875 59.918750762939453125 58.61875152587890625 57.16249847412109375 55.612499237060546875 53.65000152587890625 51.668750762939453125
108.59375 110.90000152587890625 109.7624969482421875 107.19374847412109375 103.9375 104.3874969482421875 105.0437469482421875 105.43125152587890625 106.15000152587890625 105.7312469482421875 103.06874847412109375 100.75 98.40000152587890625 96.0500030517578125 92.16249847412109375 88.1687469482421875 84.84375 82.53125 80.71250152587890625 79.1062469482421875 78.47499847412109375 77.63124847412109375 77.1687469482421875 76.3937530517578125 75.50624847412109375 74.8000030517578125 75.25624847412109375 76.11875152587890625 77.52500152587890625 80.3937530517578125 82.71250152587890625 84.99375152587890625 82.83750152587890625 79.125 75.8625030517578125 72.06874847412109375 68.40000152587890625 65.21250152587890625 63.25 61.88124847412109375 60.424999237060546875 58.90000152587890625 56.831249237060546875 54.9375
110.0500030517578125 109.1125030517578125 107.52500152587890625 105.09999847412109375 102.40625 103.1875 103.77500152587890625 104.2062530517578125 104.6875 104.2624969482421875 103.5500030517578125 102.7687530517578125 101.88124847412109375 100.6875 96.81874847412109375 93.1374969482421875 89.4499969482421875 87.2312469482421875 85.08750152587890625 83.15625 82.3000030517578125 81.13124847412109375 80.25624847412109375 80.0437469482421875 78.93125152587890625 78.32500457763671875 78.88124847412109375 79.84375 81.3874969482421875 83.9875030517578125 86.81874847412109375 88.40000152587890625 85.81874847412109375 81.80625152587890625 77.71250152587890625 74.13124847412109375 70.71250152587890625 67.7062530517578125 66.24375152587890625 65.43125152587890625 64.2312469482421875 63.03749847412109375 61.268749237060546875 59.38124847412109375
110.375 107.31874847412109375 105.43125152587890625 103.4375 101.3000030517578125 102.0437469482421875 102.9812469482421875 103.23125457763671875 103.7624969482421875 104.06874847412109375 103.83750152587890625 104.44374847412109375 105.33750152587890625 105 101.65000152587890625 98.08750152587890625 94.78749847412109375 91.96875 89.8000030517578125 87.9812469482421875 86.53749847412109375 85.037506103515625 84.26250457763671875 83.5812530517578125 82.53749847412109375 82.0749969482421875 83.02500152587890625 84.2687530517578125 85.3937530517578125 87.7687530517578125 90.09375 91.74375152587890625 88.52500152587890625 83.83750152587890625 79.6999969482421875 75.9562530517578125 72.4499969482421875 70.0500030517578125 68.90000152587890625 68.7375030517578125 68.68125152587890625 67.5124969482421875 65.3125 63.99375152587890625
110.75 106.24375152587890625 103.88124847412109375 102.3937530517578125 100.80625152587890625 101.11875152587890625 101.6687469482421875 102.1875 103.1062469482421875 104.15625 104.94374847412109375 106.75624847412109375 108.69374847412109375 109.4187469482421875 106.71250152587890625 103.34375 100.3562469482421875 97.4375 94.91249847412109375 92.8625030517578125 90.9562530517578125 89.375 88.25 87.38750457763671875 86.3249969482421875 86.0749969482421875 87.1875 88.48749542236328125 90.1999969482421875 92.00624847412109375 93.59375 94.83750152587890625 91.0124969482421875 85.80625152587890625 81.18125152587890625 77.6062469482421875 74.25 71.6125030517578125 70.47499847412109375 70.52500152587890625 71.1374969482421875 70.0812530517578125 68.1374969482421875 67.8937530517578125
113.16249847412109375 108.27500152587890625 105.5812530517578125 103.28125 101.75 101.375 101.78749847412109375 102.50624847412109375 104.15000152587890625 105.3312530517578125 107.08750152587890625 109.40625 112.3874969482421875 114.11875152587890625 112.05625152587890625 109.7375030517578125 106.86875152587890625 104.34999847412109375 101.4562530517578125 98.59375 96.8125 95.1437530517578125 93.6374969482421875 92.42499542236328125 91.63750457763671875 91.8000030517578125 92.8625030517578125 94.03125 95.21875 96.2687530517578125 97.375 97.7937469482421875 93.46875 88.31874847412109375 83.31874847412109375 79.52500152587890625 75.8874969482421875 73.21875 71.11875152587890625 70.2312469482421875 70.25624847412109375 70.56874847412109375 69.75624847412109375 70.4499969482421875
115.56874847412109375 110.3625030517578125 107.58750152587890625 104.5500030517578125 102.875 102.86875152587890625 102.91249847412109375 103.4875030517578125 105.18125152587890625 106.78125 109.3249969482421875 112.7062530517578125 116.80625152587890625 119.3874969482421875 117.80625152587890625 116.30625152587890625 114.5812530517578125 111.53749847412109375 108.3000030517578125 105.36875152587890625 103.0437469482421875 101.25624847412109375 99.61875152587890625 98.26874542236328125 97.52500152587890625 97.40000152587890625 98.46875 99.59375 100.5 100.625 101.1125030517578125 100.6999969482421875 96.02500152587890625 90.8312530517578125 85.66249847412109375 81.25624847412109375 77.55625152587890625 74.6125030517578125 71.69374847412109375 68.5437469482421875 68.3125 69.84999847412109375 70.7062530517578125 71.3125
117.6062469482421875 112.38124847412109375 109.0187530517578125 106.55625152587890625 105.50624847412109375 104.49375152587890625 104.19374847412109375 104.6437530517578125 106.5625 108.71250152587890625 111.5625 116 120.46875 124.22499847412109375 124.24375152587890625 123.5749969482421875 121.9812469482421875 118.28749847412109375 115.4250030517578125 112.26250457763671875 109.66249847412109375 107.5500030517578125 105.80625152587890625 104.25 103.5437469482421875 103.2062530517578125 104.18125152587890625 105.34375 105.96250152587890625 105.5 104.9812469482421875 103.46250152587890625 98.5812530517578125 93.4499969482421875 87.8000030517578125 83.28749847412109375 79.3562469482421875 76.0124969482421875 72.22499847412109375 69.19374847412109375 68.93125152587890625 70.67499542236328125 71.61875152587890625 72.65625
123.0437469482421875 117.71875 114.1999969482421875 111.88124847412109375 109.9875030517578125 108.6875 107.8874969482421875 107.75624847412109375 109.41249847412109375 111.7937469482421875 116.375 120.83750152587890625 126.3937530517578125 131.46875 132.15625 131.7937469482421875 130.2687530517578125 126.68125152587890625 123.3249969482421875 119.99375152587890625 117.19374847412109375 114.88124847412109375 112.77500152587890625 111.49375152587890625 110.625 110.15625 111.03749847412109375 111.8625030517578125 112.3874969482421875 111.5812530517578125 110.0812530517578125 107.8625030517578125 101.875 96.6374969482421875 91.53749847412109375 87.33750152587890625 82.80625152587890625 78.47499847412109375 74.86875152587890625 73.05625152587890625 72.4562530517578125 73.3937530517578125 74.21250152587890625 74.90000152587890625
128.0500030517578125 123.31874847412109375 120.09999847412109375 117.5812530517578125 114.66249847412109375 113.11875152587890625 111.88124847412109375 111.375 112.2312469482421875 114.6999969482421875 118.8249969482421875 125.6062469482421875 133.256256103515625 138.09375 140.006256103515625 140.131256103515625 139.181243896484375 135.6687469482421875 131.399993896484375 128.225006103515625 125.1374969482421875 122.49375152587890625 120.21250152587890625 118.40000152587890625 117.8000030517578125 117.3312530517578125 117.77500152587890625 118.46250152587890625 119.05625152587890625 117.40000152587890625 115.3874969482421875 112.68125152587890625 106.8249969482421875 100.65625 95.6999969482421875 91.1125030517578125 86.03125 81.33750152587890625 78.3562469482421875 76.7062530517578125 75.27500152587890625 75.77500152587890625 76.71875 77.34999847412109375
133.131256103515625 129.1875 125.40625 122.7624969482421875 119.5 117.56874847412109375 115.78749847412109375 115 114.74375152587890625 116.9562530517578125 121.83750152587890625 130.125 139.5625 146.493743896484375 147.806243896484375 148.4875030517578125 148.181243896484375 144.399993896484375 140.068756103515625 136.0812530517578125 133.03125 129.9187469482421875 127.43125152587890625 125.3312530517578125 124.6374969482421875 124.1750030517578125 124.7687530517578125 125.77500152587890625 126.1999969482421875 123.55625152587890625 120.52500152587890625 117.40000152587890625 111.3562469482421875 105.4812469482421875 99.79999542236328125 94.40000152587890625 89 84.8125 81.9499969482421875 79.81874847412109375 78.06874847412109375 77.8562469482421875 78.4875030517578125 78.8000030517578125
138.7937469482421875 135 131.8562469482421875 128.5625 125.3625030517578125 123.3562469482421875 120.8937530517578125 119.21875 118.30625152587890625 119.61875152587890625 125.3874969482421875 134.8562469482421875 145.774993896484375 153.2312469482421875 155.5812530517578125 156.4875030517578125 156.162506103515625 152.681243896484375 148.4187469482421875 144.131256103515625 141.1062469482421875 138.100006103515625 134.625 132.6750030517578125 131.818756103515625 131.03125 131.462493896484375 132.4812469482421875 132.818756103515625 130.0187530517578125 126.3249969482421875 122.6687469482421875 116.625 111.1750030517578125 105.00624847412109375 99.1437530517578125 94.81874847412109375 90.2062530517578125 87.2062530517578125 84.74375152587890625 82.9250030517578125 82.50624847412109375 81.8562469482421875 82.0625
144.5625 141.087493896484375 138.024993896484375 134.9375 131.8125 129.243743896484375 126.27500152587890625 123.78749847412109375 121.8125 121 128.118743896484375 141.4187469482421875 151.568756103515625 158.2125091552734375 161.9562530517578125 163.943756103515625 163.787506103515625 160.587493896484375 156.03125 151.5 148.2375030517578125 144.881256103515625 141.806243896484375 139.5812530517578125 138.381256103515625 137.787506103515625 138.0437469482421875 139.1374969482421875 139.8562469482421875 136.506256103515625 132.600006103515625 127.9375 122.71250152587890625 117.30625152587890625 110.56874847412109375 105.4875030517578125 100.8562469482421875 96.5500030517578125 93.21875 90.19374847412109375 87.8937530517578125 86.375 85.6750030517578125 85.69374847412109375
149.931243896484375 146.868743896484375 143.868743896484375 141.0124969482421875 138.225006103515625 135.431243896484375 133.056243896484375 130.399993896484375 128.5187530517578125 126.16249847412109375 137.662506103515625 151.3125 159.131256103515625 165.0812530517578125 168.756256103515625 171.0437469482421875 170.962493896484375 167.743743896484375 163.4812469482421875 158.5625 154.806243896484375 150.662506103515625 147.3937530517578125 145.0625 144.4562530517578125 144.037506103515625 144.068756103515625 145.287506103515625 146.0437469482421875 142.712493896484375 137.850006103515625 133.443756103515625 128.5437469482421875 122.97499847412109375 116.9875030517578125 111.46875 107.2687530517578125 102.6125030517578125 99.6062469482421875 96.53749847412109375 92.9375 91.375 89.69374847412109375 88.8125
