data/historical-monthly-weather-data/wc2.1_cruts4.09_10m_prec_1961-05.asc
ncols        51
nrows        45
xllcorner    -63.500000000000
yllcorner    -7.500000000000
cellsize     0.166666666667
NODATA_value -9999
[rows 19 to 37 of 45, columns 0 to 43 of 51]
233.931243896484375 235.818756103515625 240.125 243.9812469482421875 250.6125030517578125 260.91876220703125 268.149993896484375 272.98126220703125 276.42498779296875 278.61248779296875 281.04376220703125 280.95001220703125 279.943756103515625 273.475006103515625 266.98748779296875 255.462493896484375 246.7375030517578125 252.4812469482421875 254.90625 263.90625 275.39373779296875 297.087493896484375 322.787506103515625 332.64373779296875 334.82501220703125 329.568756103515625 323.96875 320.48126220703125 307.32501220703125 291.368743896484375 283.9375 292.26873779296875 294.20623779296875 293.9375 301.76251220703125 310.41876220703125 313.25 312.618743896484375 308.756256103515625 301.04376220703125 283.493743896484375 271.26873779296875 270.181243896484375 268.90625
217.806243896484375 227.15625 234.9375 239.1062469482421875 243.375 256.48748779296875 266.725006103515625 273.39373779296875 277.4375 277.60626220703125 278.625 279.181243896484375 274.537506103515625 269.17498779296875 260.537506103515625 254.4562530517578125 244.3937530517578125 244.7062530517578125 252.6875 257.51251220703125 279.53125 301.287506103515625 320.5625 328.90625 333.006256103515625 328.399993896484375 313.787506103515625 306.681243896484375 300.475006103515625 293.618743896484375 290.537506103515625 292 287.462493896484375 286.70001220703125 291.88751220703125 299.649993896484375 304.65625 305.337493896484375 299.681243896484375 289.912506103515625 280.556243896484375 269.64373779296875 263.64373779296875 264.13751220703125
209.118743896484375 211.412506103515625 222.912506103515625 233.6374969482421875 239.162506103515625 249.375 262.256256103515625 272.79376220703125 277.96875 279.16876220703125 278.993743896484375 276.46875 271.23748779296875 265.01873779296875 261.774993896484375 253.5 256.662506103515625 255.006256103515625 261.54376220703125 264.38751220703125 274.243743896484375 292.568756103515625 310.256256103515625 313.40625 311.45001220703125 313.04998779296875 312.04376220703125 304.76873779296875 306.006256103515625 301.443756103515625 292.86248779296875 285.649993896484375 286.556243896484375 289.79376220703125 289.54376220703125 291.91876220703125 297.20001220703125 298.08123779296875 292.524993896484375 284.20001220703125 277.21875 267.868743896484375 261.631256103515625 259.67498779296875
200.962493896484375 209.912506103515625 220.087493896484375 230.71875 236.556243896484375 245.943756103515625 251.03125 263.193756103515625 275.25 277.98126220703125 275.899993896484375 272.537506103515625 271.918731689453125 266.73126220703125 263.65625 258.725006103515625 257.25 258.4375 261.6875 265.32501220703125 276.82501220703125 285.524993896484375 298.431243896484375 300.318756103515625 304.756256103515625 305 299.84375 300.79376220703125 302.875 296.90625 286.66876220703125 283.63751220703125 288.35626220703125 290.162506103515625 292.024993896484375 285.6875 285.725006103515625 289.46875 289.90625 282.100006103515625 273.38751220703125 265.618743896484375 258.96875 256.01251220703125
190.46875 201.8562469482421875 214.712493896484375 223.1062469482421875 228.28125 235.3874969482421875 249.34375 259.38751220703125 265.40625 267.5 268.91876220703125 272.287506103515625 270.82501220703125 269.212493896484375 264.306243896484375 259.8125 258.125 261.61248779296875 266.056243896484375 271.024993896484375 276.35626220703125 284.774993896484375 292.256256103515625 298.73126220703125 299.01873779296875 294.26873779296875 292.931243896484375 294.70623779296875 298.962493896484375 299.48748779296875 297.125 295.57501220703125 300.45001220703125 300.34375 299.45001220703125 288.42498779296875 291.418731689453125 291.274993896484375 287.962493896484375 281.28125 271.63751220703125 265.98748779296875 260.53125 254.587493896484375
184.6062469482421875 196.962493896484375 207.756256103515625 218.993743896484375 226.0625 234.568756103515625 241.725006103515625 252.0749969482421875 257.131256103515625 261.66876220703125 263.068756103515625 264.475006103515625 267.662506103515625 266.287506103515625 261.5 259.79376220703125 261.743743896484375 264.45001220703125 266.943756103515625 271.76251220703125 279.600006103515625 284.149993896484375 292.493743896484375 295.962493896484375 295.39373779296875 299.11248779296875 297.506256103515625 300.068756103515625 303.07501220703125 308.649993896484375 307.84375 313.412506103515625 316.587493896484375 314.98126220703125 306.5625 298.037506103515625 297.068756103515625 290.26873779296875 285.381256103515625 279.04998779296875 271.368743896484375 263.881256103515625 258.51873779296875 249.9875030517578125
183.1374969482421875 196.71875 202.1062469482421875 211.7312469482421875 215.8000030517578125 223.3562469482421875 230.15625 239.568756103515625 242.1750030517578125 244.212493896484375 253.0374908447265625 258.10626220703125 258.712493896484375 259.42498779296875 261.36248779296875 260.34375 262.79998779296875 265.787506103515625 268.20623779296875 271.4375 278.70623779296875 282.756256103515625 290.20623779296875 290.024993896484375 293.79376220703125 296.787506103515625 302.71875 305.318756103515625 307.45623779296875 313.962493896484375 320.28125 334.46875 338.66876220703125 327.774993896484375 315.618743896484375 307.78125 299.837493896484375 293.29376220703125 281.618743896484375 274.26873779296875 268.024993896484375 258.5625 250.3000030517578125 245.024993896484375
177.0124969482421875 182.975006103515625 191.15625 198.71875 203.1125030517578125 210.90625 217.3937530517578125 222.975006103515625 227.881256103515625 237.681243896484375 245.0124969482421875 247.850006103515625 252.100006103515625 255.40625 257.73126220703125 259.868743896484375 260.462493896484375 261.743743896484375 269.587493896484375 271.91876220703125 275.73126220703125 280.82501220703125 287.46875 292.0625 295.337493896484375 298.9375 303.90625 306.29376220703125 309.79376220703125 313.462493896484375 324.79998779296875 339.1875 349.84375 333.82501220703125 317.693756103515625 307.36248779296875 302.943756103515625 292.70623779296875 281.07501220703125 273.5 265.712493896484375 256.274993896484375 247.9875030517578125 239.625
171.4875030517578125 173.0124969482421875 179.381256103515625 184.118743896484375 189.818756103515625 198.6062469482421875 206.1062469482421875 210.306243896484375 217.587493896484375 227.2937469482421875 233.9499969482421875 237.6999969482421875 243.287506103515625 247.306243896484375 252.225006103515625 252.53125 256.868743896484375 263.625 271.39373779296875 275.193756103515625 278.443756103515625 280.82501220703125 289.774993896484375 292.350006103515625 296.1875 297.537506103515625 302.57501220703125 304.506256103515625 308.618743896484375 313.212493896484375 321.65625 331.83123779296875 337.29998779296875 326.850006103515625 317.693756103515625 307.86248779296875 299.57501220703125 293.506256103515625 284.48748779296875 273.23748779296875 263.17498779296875 256.01873779296875 247.7312469482421875 240.53125
163.4375 163.3562469482421875 167.1374969482421875 171.875 177.068756103515625 182.162506103515625 188.2312469482421875 197.068756103515625 208.149993896484375 215.287506103515625 222.931243896484375 229.381256103515625 235.03125 242.712493896484375 250.1374969482421875 255.4625091552734375 259.95001220703125 264.83123779296875 270.875 275.693756103515625 279.16876220703125 280.79998779296875 286.837493896484375 288.76251220703125 291.631256103515625 290.212493896484375 295.212493896484375 299.756256103515625 303.193756103515625 305.631256103515625 311.95001220703125 315.806243896484375 318.01873779296875 313.443756103515625 311.46875 303.83123779296875 297.787506103515625 289.8125 281.20623779296875 270.274993896484375 256.48748779296875 246.8249969482421875 243.6999969482421875 242.21875
159.2624969482421875 157.15625 158.087493896484375 159.149993896484375 162.381256103515625 169.774993896484375 176.381256103515625 186.931243896484375 196.2937469482421875 202.493743896484375 211.6125030517578125 219.6750030517578125 227.4499969482421875 237.0625 245.131256103515625 251.649993896484375 256.8125 266 270.568756103515625 272.3125 275.850006103515625 279.756256103515625 284.20001220703125 283.681243896484375 282.01873779296875 285.91876220703125 286 285.16876220703125 287.71875 290.85626220703125 296.350006103515625 297.60626220703125 299.86248779296875 300.462493896484375 300.82501220703125 293.256256103515625 294.03125 288.443756103515625 278.975006103515625 274.61248779296875 265.943756103515625 254.931243896484375 246.3000030517578125 240.006256103515625
155.3625030517578125 151.162506103515625 149.6750030517578125 150.9250030517578125 153.787506103515625 160.181243896484375 168.537506103515625 176.3000030517578125 185.462493896484375 193.71875 202.78125 210.318756103515625 221.9375 229.225006103515625 238 247.381256103515625 255.131256103515625 261.79998779296875 268.131256103515625 272.82501220703125 272.48126220703125 274.024993896484375 277.912506103515625 273.943756103515625 271.681243896484375 276.95001220703125 274.84375 271.568756103515625 273.29998779296875 274.918731689453125 280.73126220703125 279.806243896484375 282.225006103515625 285.068756103515625 286.068756103515625 279.899993896484375 281.54998779296875 282.13751220703125 278.875 273.537506103515625 270.881256103515625 259.40625 249.7624969482421875 239.5812530517578125
148.8625030517578125 143.5124969482421875 142.087493896484375 143.3312530517578125 146.5625 151.375 160.9875030517578125 166.131256103515625 174.6062469482421875 182.40625 191.3000030517578125 198.681243896484375 210.0625 221.4375 230.2375030517578125 241.181243896484375 246.1687469482421875 252.1999969482421875 258.600006103515625 264.16876220703125 262.806243896484375 264.65625 266.91876220703125 264.412506103515625 265.962493896484375 265.95001220703125 263.431243896484375 258.131256103515625 255.375 258.443756103515625 259.15625 260.58123779296875 262.4375 265.98126220703125 269.79998779296875 266.993743896484375 268.337493896484375 271.51251220703125 269.149993896484375 271.48748779296875 269.86248779296875 261.1875 253.1062469482421875 247.556243896484375
146.149993896484375 141.8874969482421875 139.7687530517578125 141.0124969482421875 141.6437530517578125 145.2937469482421875 152.225006103515625 157.3000030517578125 165.0124969482421875 173.84375 185.5749969482421875 193.53125 204.25 216.806243896484375 224.443756103515625 231.381256103515625 236.6750030517578125 245.181243896484375 248.193756103515625 252.78125 250.6999969482421875 253.5 253.65625 253.306243896484375 253.287506103515625 253.462493896484375 248.4562530517578125 243.787506103515625 238.462493896484375 239.4499969482421875 241.2312469482421875 241.4875030517578125 241.818756103515625 249.0812530517578125 252.1437530517578125 254.7624969482421875 253.6999969482421875 257.51251220703125 256.67498779296875 262.82501220703125 262.024993896484375 258.493743896484375 253.3937530517578125 251.5187530517578125
144.3312530517578125 139.818756103515625 139.100006103515625 139.03125 139.850006103515625 141.462493896484375 145.3312530517578125 148.5124969482421875 154.90625 163.100006103515625 173.600006103515625 185.368743896484375 195.28125 205.5500030517578125 214.743743896484375 223.712493896484375 230.0500030517578125 236.306243896484375 236.8562469482421875 238.506256103515625 239.8249969482421875 242.5 242.537506103515625 239.3562469482421875 239.118743896484375 237.0812530517578125 231.1374969482421875 225.5 222.375 222.6687469482421875 223.875 223.875 225.6687469482421875 229.2937469482421875 234.1999969482421875 236.3562469482421875 238.9000091552734375 239.21875 243.287506103515625 247.837493896484375 248.3625030517578125 250.2062530517578125 251.618743896484375 252.149993896484375
141.4875030517578125 137.7375030517578125 137.274993896484375 137.631256103515625 137.9499969482421875 138.4124908447265625 138.3874969482421875 140.712493896484375 143.9812469482421875 151.9375 163.1125030517578125 175.34375 188.9250030517578125 201.681243896484375 209.6875 216.84375 221.806243896484375 226.993743896484375 227.2312469482421875 225.568756103515625 226.5812530517578125 226.8249969482421875 228.375 224.693756103515625 222.8249969482421875 220.443756103515625 217.287506103515625 212.725006103515625 208.806243896484375 209.53125 208.8312530517578125 208.3562469482421875 207.881256103515625 211.975006103515625 210.7937469482421875 214.8625030517578125 215.7375030517578125 223.6374969482421875 227.943756103515625 231.2375030517578125 233.4250030517578125 234.0749969482421875 237.243743896484375 241.899993896484375
142.131256103515625 139.8125 138.024993896484375 137.4562530517578125 136.649993896484375 136.1437530517578125 134.618743896484375 136.1125030517578125 138.6374969482421875 142.9812469482421875 151.8562469482421875 167.381256103515625 183.5187530517578125 194.96875 203.7562408447265625 209.3312530517578125 213.2937469482421875 214.53125 216.256256103515625 213.75 214.3000030517578125 214.1437530517578125 214.1999969482421875 211.3874969482421875 208.256256103515625 204.912506103515625 204.46875 201 195.2062530517578125 194.962493896484375 194.875 193.993743896484375 192.818756103515625 191.993743896484375 192.1374969482421875 194.5500030517578125 202.3562469482421875 204.7937469482421875 209.2624969482421875 216.2937469482421875 217.899993896484375 222.1875 223.818756103515625 228.306243896484375
143.65625 142.475006103515625 140.3312530517578125 139.28125 138.774993896484375 136.3312530517578125 134.4187469482421875 132.8125 133.4187469482421875 132.8562469482421875 145.993743896484375 168.118743896484375 182.337493896484375 191.5500030517578125 198.118743896484375 202.475006103515625 203.850006103515625 203.4812469482421875 204.09375 199.9499969482421875 200.8000030517578125 200.600006103515625 198.6437530517578125 195.774993896484375 193.162506103515625 192.0812530517578125 190.149993896484375 186.6750030517578125 181.90625 182.243743896484375 182.90625 182.868743896484375 180.537506103515625 176.756256103515625 177.09375 181.7937469482421875 187.0500030517578125 191.6999969482421875 194.506256103515625 198.34375 200.193756103515625 202.006256103515625 208.975006103515625 214.712493896484375
145.225006103515625 143.912506103515625 143.2312469482421875 141.556243896484375 141.625 139.3562469482421875 136.899993896484375 133.8000030517578125 133.600006103515625 132.212493896484375 153.6062469482421875 175.5625 184.8625030517578125 191.84375 195.375 197.493743896484375 197.0187530517578125 196.4375 193.7624969482421875 190.8937530517578125 188.0437469482421875 187.15625 185.1437530517578125 182.125 179.3874969482421875 177.725006103515625 174.318756103515625 175.193756103515625 172.524993896484375 171.1437530517578125 170.212493896484375 170.1875 168.962493896484375 164.006256103515625 161.1875 165.8937530517578125 172.78125 176.6750030517578125 182.4250030517578125 183.8874969482421875 186.3000030517578125 189.0437469482421875 189.9875030517578125 192.306243896484375
