data/historical-monthly-weather-data/wc2.1_cruts4.09_10m_prec_1961-12.asc
ncols        51
nrows        45
xllcorner    -63.500000000000
yllcorner    -7.500000000000
cellsize     0.166666666667
NODATA_value -9999
[rows 20 to 39 of 45, columns 0 to 44 of 51]
204.4499969482421875 206.5187530517578125 212.868743896484375 221.1125030517578125 230.818756103515625 243.2624969482421875 255.725006103515625 267.67498779296875 277.943756103515625 285.92498779296875 291.649993896484375 297.57501220703125 302.712493896484375 305.34375 305.15625 302.58123779296875 299.725006103515625 297.91876220703125 299.462493896484375 300.96875 304.26873779296875 307.350006103515625 310.29998779296875 312.649993896484375 316.6875 318.712493896484375 313.36248779296875 300.11248779296875 282.38751220703125 264.6875 251.212493896484375 246.4250030517578125 247.5625 251.6750030517578125 256.33123779296875 259.71875 265.931243896484375 272.381256103515625 273.21875 267.412506103515625 256.212493896484375 243.243743896484375 233.4187469482421875 224.8874969482421875 218.0187530517578125
204.28125 205.8249969482421875 214.0500030517578125 225.2312469482421875 236.975006103515625 250.350006103515625 264.5 278.074981689453125 288.20623779296875 295.79998779296875 300.225006103515625 304.3125 307.60626220703125 308.53125 308.76873779296875 307.162506103515625 305.256256103515625 303.98748779296875 304.068756103515625 304.462493896484375 304.45001220703125 307.10626220703125 311.712493896484375 314.6875 319.962493896484375 326.818756103515625 327.95623779296875 316.92498779296875 300.943756103515625 285.8125 273.337493896484375 266.368743896484375 264.95623779296875 267.85626220703125 270.5 272.65625 278.587493896484375 285.493743896484375 284.39373779296875 275.625 264.32501220703125 252.037506103515625 241.6687469482421875 232.837493896484375 226.3000030517578125
204.975006103515625 208.1062469482421875 216.7062530517578125 228.8125 242.5500030517578125 258.04998779296875 272.92498779296875 288.14373779296875 299.83123779296875 305.912506103515625 308.85626220703125 310.07501220703125 312.381256103515625 312.625 312.556243896484375 311.212493896484375 309.20001220703125 307.29376220703125 306.79376220703125 305.350006103515625 304.3125 305.350006103515625 308.04998779296875 311.9375 319.5 330.76251220703125 337.64373779296875 329.725006103515625 315.706268310546875 303.350006103515625 292.931243896484375 285.65625 283.806243896484375 283.712493896484375 284.162506103515625 282.67498779296875 289.100006103515625 300.962493896484375 298.806243896484375 287.03125 273.943756103515625 261.04998779296875 250.3874969482421875 241.125 234.006256103515625
207.8874969482421875 211.1125030517578125 219.8125 232.806243896484375 248.118743896484375 264.17498779296875 280.306243896484375 295.193756103515625 305.95623779296875 310.73126220703125 312.98126220703125 314.11248779296875 315.337493896484375 315.48126220703125 314.949981689453125 313.4375 311.76873779296875 309.975006103515625 308.462493896484375 306.07501220703125 302.662506103515625 301.837493896484375 302.024993896484375 306.45001220703125 313.931243896484375 324.70623779296875 331.8125 330.556243896484375 324.568756103515625 316.100006103515625 309.056243896484375 302.068756103515625 301.53125 300.95001220703125 300.712493896484375 296.33123779296875 301.693756103515625 313.40625 310.806243896484375 298.274993896484375 283.693756103515625 270.17498779296875 257.837493896484375 247.274993896484375 241.756256103515625
213.8874969482421875 216.6374969482421875 224.787506103515625 240.493743896484375 258.26251220703125 273.38751220703125 288.23748779296875 301.01873779296875 309.5625 314.89373779296875 317.35626220703125 317.36248779296875 317.45001220703125 316.79998779296875 316.712493896484375 315.681243896484375 314.01251220703125 312.29376220703125 309.962493896484375 306.70623779296875 301.39373779296875 297.268768310546875 295.493743896484375 298.45001220703125 306.54376220703125 318.53125 326.587493896484375 329.89373779296875 329.42498779296875 326.16876220703125 322.649993896484375 317.79998779296875 318.962493896484375 319.21875 317.975006103515625 315.743743896484375 320.056243896484375 324.70623779296875 320.274993896484375 309.306243896484375 294.41876220703125 279.86248779296875 265.537506103515625 255.28125 247.6750030517578125
224.381256103515625 230.037506103515625 238.774993896484375 254.0749969482421875 269.5 283.01873779296875 295.29998779296875 306.024993896484375 313.1875 317.32501220703125 319.15625 319.375 318.45001220703125 317.23126220703125 318.01251220703125 317.587493896484375 315.712493896484375 313.943756103515625 311.375 307.32501220703125 302.087493896484375 294.54376220703125 288.5 288.32501220703125 299.274993896484375 313.67498779296875 324.48126220703125 330.850006103515625 334.131256103515625 334.399993896484375 333.54376220703125 333.375 337.26251220703125 337.5625 337.462493896484375 335.53125 338 340.149993896484375 334.10626220703125 323.475006103515625 308.41876220703125 290.25 272.73126220703125 259.787506103515625 253.756256103515625
232.7937469482421875 239.2624969482421875 250.4875030517578125 264.943756103515625 278.756256103515625 290.13751220703125 299.368743896484375 307.57501220703125 312.306243896484375 316.51251220703125 319.662506103515625 319.368743896484375 317.431243896484375 316.23126220703125 317.46875 318.225006103515625 317.375 316.11248779296875 313.899993896484375 309.125 303.03125 294.587493896484375 286.243743896484375 283.04998779296875 296.100006103515625 310.962493896484375 322.45623779296875 330.225006103515625 336.46875 338.83123779296875 341.256256103515625 344.318756103515625 352.73126220703125 355.1875 356.743743896484375 356.337493896484375 357.125 357.975006103515625 351.287506103515625 341.5 326.806243896484375 304.48748779296875 281.35626220703125 265.66876220703125 265.73126220703125
241.912506103515625 249.287506103515625 261.975006103515625 276.03125 288.193756103515625 297.5 304.48126220703125 309.462493896484375 312.337493896484375 315.100006103515625 317.17498779296875 316.54998779296875 315.73748779296875 314.90625 316.79376220703125 317.76873779296875 318.475006103515625 317.556243896484375 316.3125 312.39373779296875 307.09375 300.162506103515625 295.41876220703125 294.475006103515625 302.725006103515625 314.631256103515625 323.82501220703125 330.743743896484375 337 340.756256103515625 343.98126220703125 347.681243896484375 358.41876220703125 366.60626220703125 372.399993896484375 373.681243896484375 375.57501220703125 377.23126220703125 371.756256103515625 363.88751220703125 350.82501220703125 325.51251220703125 292.5 273.88751220703125 283.61248779296875
249.681243896484375 258.29998779296875 272.462493896484375 287.618743896484375 298.21875 303.82501220703125 307.58123779296875 310.375 311.61248779296875 312.5625 314.60626220703125 314.51251220703125 313.600006103515625 313.42498779296875 315.475006103515625 318.45001220703125 320.1875 320.506256103515625 319.98126220703125 317.28125 313.212493896484375 308.54376220703125 306.67498779296875 305.912506103515625 311.73126220703125 320.600006103515625 327.39373779296875 333.14373779296875 338.850006103515625 342.125 345.131256103515625 348.73126220703125 361.875 373.850006103515625 384.41876220703125 388.79998779296875 393.39373779296875 396.29376220703125 391.11248779296875 385.64373779296875 377.08123779296875 348.01251220703125 313.287506103515625 298.26251220703125 308.23126220703125
256.51251220703125 265.006256103515625 280.087493896484375 296.318756103515625 307.28125 307.475006103515625 307.006256103515625 307.725006103515625 307.23126220703125 306.931243896484375 308.60626220703125 308.48748779296875 309.662506103515625 311.23748779296875 314.17498779296875 316.850006103515625 319.61248779296875 322.95001220703125 323.70623779296875 321.506256103515625 317.88751220703125 314.79998779296875 312.92498779296875 312.85626220703125 317.287506103515625 324.225006103515625 327.443756103515625 332.3125 336.568756103515625 340.85626220703125 344.98748779296875 349.79998779296875 365.5 380.14373779296875 393.774993896484375 400.46875 407.73126220703125 412.806243896484375 409.662506103515625 404.875 395.70001220703125 375.0625 348.875 335.943756103515625 335.868743896484375
260.95623779296875 268.818756103515625 282.193756103515625 297.42498779296875 306.375 303.868743896484375 301.881256103515625 300.60626220703125 298.962493896484375 299.61248779296875 301.350006103515625 302.46875 305.09375 307.587493896484375 310.756256103515625 314.5 319.162506103515625 322.75 326.118743896484375 325.0625 321.712493896484375 319.149993896484375 318.29376220703125 317.90625 320.66876220703125 325.46875 327.40625 330.556243896484375 333.73748779296875 339.693756103515625 345.162506103515625 351.512481689453125 368.181243896484375 385.70001220703125 401.48126220703125 411.412506103515625 421.90625 429.837493896484375 427.712493896484375 422.21875 416.381256103515625 403.08123779296875 386.024993896484375 371.125 366.89373779296875
264.20623779296875 269.681243896484375 279.625 288.493743896484375 292.837493896484375 292.88751220703125 291.76873779296875 289.76251220703125 288.90625 289.375 291.943756103515625 295.068756103515625 299.40625 303.15625 307.88751220703125 312.36248779296875 315.54376220703125 319.431243896484375 323.20623779296875 323.806243896484375 322.381256103515625 320.899993896484375 319.962493896484375 319.35626220703125 322.73748779296875 325.86248779296875 326 327.95623779296875 330.649993896484375 338.131256103515625 345.1875 353.381256103515625 369.962493896484375 389.125 407.76251220703125 421.98126220703125 434.068756103515625 444 444.13751220703125 441.712493896484375 442.375 437.256256103515625 429.59375 422.17498779296875 423.03125
269.63751220703125 271.787506103515625 276.506256103515625 281.506256103515625 283.26251220703125 282.42498779296875 279.73748779296875 276.66876220703125 275.58123779296875 276.875 282.51251220703125 287.03125 293.45001220703125 300.20001220703125 304.774993896484375 308.193756103515625 310.3125 315.149993896484375 317.20623779296875 318.600006103515625 318.225006103515625 318 317.54998779296875 316.48748779296875 318.912506103515625 322.056243896484375 321.75 321.600006103515625 324.54998779296875 333.118743896484375 342.850006103515625 353.225006103515625 371.3125 391.53125 411.756256103515625 427.8125 442.625 455.67498779296875 459.431243896484375 466.29998779296875 471.95001220703125 474.712493896484375 479.28125 488.899993896484375 511.16876220703125
274.3125 273.67498779296875 275.11248779296875 275.618743896484375 273.51251220703125 270.95001220703125 267.51873779296875 263.431243896484375 261.806243896484375 263.225006103515625 269.037506103515625 278.0625 287.61248779296875 295.04998779296875 300.23748779296875 303.01251220703125 305.375 309.899993896484375 311.337493896484375 312.8125 312.90625 312.63751220703125 311.962493896484375 311.08123779296875 312.337493896484375 314.625 314.881256103515625 315.024993896484375 318.26251220703125 327.818756103515625 339.443756103515625 352.67498779296875 372.068756103515625 393.48748779296875 414.274993896484375 431.88751220703125 449.96875 464.21875 475.42498779296875 488.54998779296875 501.068756103515625 511.45623779296875 525.96875 548.64373779296875 580.7562255859375
277.899993896484375 275.66876220703125 273.95001220703125 270.54376220703125 266.11248779296875 261.36248779296875 255.8874969482421875 250.4187469482421875 247.087493896484375 248.6125030517578125 256.38751220703125 268.45623779296875 282.243743896484375 292.993743896484375 297.962493896484375 300.131256103515625 301.181243896484375 304.506256103515625 306.431243896484375 306.318756103515625 307.212493896484375 306.056243896484375 306.28125 304.649993896484375 304.58123779296875 306.34375 306.45623779296875 307.262481689453125 310.443756103515625 321.881256103515625 335.76251220703125 350.98126220703125 371.818756103515625 394.649993896484375 416.29376220703125 434.45001220703125 453.118743896484375 472.79998779296875 489.51873779296875 505.756256103515625 524.1937255859375 539.6500244140625 559.67498779296875 586.58123779296875 615.1312255859375
281.38751220703125 278 274.162506103515625 269.23126220703125 262.95001220703125 256.70001220703125 248.875 240.8625030517578125 235.100006103515625 233.868743896484375 243.024993896484375 259.556243896484375 277.70001220703125 290.318756103515625 295.725006103515625 297.556243896484375 297.712493896484375 300.037506103515625 300.243743896484375 299.03125 299.068756103515625 298.98748779296875 297.85626220703125 295.837493896484375 295.725006103515625 296.33123779296875 296.79376220703125 297.524993896484375 300.63751220703125 313.975006103515625 329.96875 346.1875 367.98748779296875 390.28125 411.912506103515625 429.568756103515625 451.212493896484375 471.787506103515625 489.375 507.95001220703125 528.3375244140625 547.5687255859375 567.7874755859375 593.5625 614.9437255859375
284.38751220703125 280.3125 275.46875 269.84375 263.07501220703125 255.65625 247.087493896484375 236.618743896484375 226.6125030517578125 219.056243896484375 232.149993896484375 258.01873779296875 276.850006103515625 288.35626220703125 293.600006103515625 294.84375 294.625 295.32501220703125 294.95623779296875 292.8125 291.58123779296875 290.20001220703125 288.524993896484375 286.04998779296875 284.806243896484375 285.087493896484375 285.162506103515625 287.056243896484375 291.14373779296875 306.03125 323.26873779296875 340.83123779296875 362.76251220703125 385.725006103515625 406.96875 427.068756103515625 448.39373779296875 468.912506103515625 485.45623779296875 504.32501220703125 524.8187255859375 544.58123779296875 565.5875244140625 590.23748779296875 605.9749755859375
286.912506103515625 282.881256103515625 278.024993896484375 272.024993896484375 265.712493896484375 257.412506103515625 249.181243896484375 239.0124969482421875 229.056243896484375 218.1125030517578125 242.9812469482421875 270.399993896484375 282.943756103515625 290.59375 293.71875 293.931243896484375 292.17498779296875 292.10626220703125 289.868743896484375 287.08123779296875 283.537506103515625 280.78125 278.75 275.662506103515625 273.53125 273.23126220703125 274.787506103515625 276.931243896484375 281.34375 297.89373779296875 315.681243896484375 334.625 356.681243896484375 379.625 400.912506103515625 421.181243896484375 441.912506103515625 461.35626220703125 478.8125 496.837493896484375 515.90625 535.09375 554.5875244140625 577.20623779296875 592.83123779296875
289.90625 285.70623779296875 281.412506103515625 276.368743896484375 270.25 263.0625 256.35626220703125 250.5500030517578125 248.5250091552734375 257.34375 286.0625 292.11248779296875 293.83123779296875 296.83123779296875 297.774993896484375 296.95623779296875 294.475006103515625 291.743743896484375 287.806243896484375 283.13751220703125 277.54376220703125 272.60626220703125 269.42498779296875 266.57501220703125 265.037506103515625 264.993743896484375 266.693756103515625 269.881256103515625 274.931243896484375 290.75 308.412506103515625 324.8125 345.087493896484375 365.881256103515625 387.3125 406.35626220703125 425.25 443.51251220703125 459.087493896484375 474.85626220703125 492.79998779296875 508.28125 524.0875244140625 541.79376220703125 553.5374755859375
294.350006103515625 289.993743896484375 285.975006103515625 281.5 276.51873779296875 271.693756103515625 267.600006103515625 266.443756103515625 268.881256103515625 278.712493896484375 294.524993896484375 301.506256103515625 302.0625 303.0625 303.23748779296875 301.181243896484375 297.58123779296875 293.618743896484375 286.962493896484375 279.975006103515625 270.88751220703125 263.33123779296875 258.38751220703125 255.21875 255.0625 256.306243896484375 259.625 263.95623779296875 269.39373779296875 284.33123779296875 299.67498779296875 315.82501220703125 334.70623779296875 353.274993896484375 371.78125 388.100006103515625 406.0625 422.443756103515625 436.131256103515625 449.29376220703125 463.57501220703125 476.681243896484375 490.26873779296875 504.23748779296875 513.9375
