data/historical-monthly-weather-data/wc2.1_cruts4.09_10m_prec_2022-06.asc
ncols        51
nrows        45
xllcorner    -63.500000000000
yllcorner    -7.500000000000
cellsize     0.166666666667
NODATA_value -9999
[rows 0 to 18 of 45, columns 0 to 43 of 51]
284.556243896484375 279.774993896484375 276.149993896484375 281.625 283.14373779296875 287.274993896484375 285.90625 283.07501220703125 277.212493896484375 281.10626220703125 287.587493896484375 290.725006103515625 294.4375 294.625 293.243743896484375 293.46875 290.84375 286.368743896484375 281.20623779296875 279.462493896484375 282.45001220703125 276.71875 272.67498779296875 265.868743896484375 261.1875 257.931243896484375 258.36248779296875 261.01873779296875 256.38751220703125 251.3625030517578125 240.9812469482421875 237.381256103515625 236.40625 230.65625 225.725006103515625 222.0437469482421875 217.806243896484375 215.337493896484375 208.399993896484375 203.9875030517578125 202.7375030517578125 205.943756103515625 201.806243896484375 200.1875
278.337493896484375 274.5 277.88751220703125 282.33123779296875 289.20001220703125 294.01873779296875 293.225006103515625 290.693756103515625 292.6875 296.912506103515625 300.96875 302.11248779296875 297.89373779296875 295.70623779296875 291.65625 289.193756103515625 283.70001220703125 276.16876220703125 270.412506103515625 269.96875 271.26873779296875 266.79376220703125 265.39373779296875 261.84375 257.631256103515625 253.568756103515625 254.2624969482421875 253.8249969482421875 249.7874908447265625 240.3937530517578125 234.287506103515625 234.962493896484375 230.756256103515625 226.0187530517578125 221.9562530517578125 214.2937469482421875 210.693756103515625 206.4562530517578125 199.912506103515625 196.0875091552734375 197.1437530517578125 191.431243896484375 192.8874969482421875 191.125
264.399993896484375 268.756256103515625 273.618743896484375 275.587493896484375 284.931243896484375 294.58123779296875 298.73126220703125 306.243743896484375 310.3125 314.743743896484375 315.899993896484375 311.712493896484375 308.01251220703125 297.837493896484375 290.162506103515625 284.66876220703125 275.67498779296875 268.493743896484375 263.256256103515625 260.6875 263.26873779296875 265.625 264.23748779296875 266.04376220703125 258.912506103515625 253.787506103515625 258.36248779296875 254.868743896484375 246.5500030517578125 242.8000030517578125 233.6999969482421875 229.3312530517578125 223.4499969482421875 219.443756103515625 211.8312530517578125 199.631256103515625 197.712493896484375 196.1062469482421875 190.1687469482421875 186.7375030517578125 188.9375 185.743743896484375 184.4562530517578125 181.3125
248.8874969482421875 249.193756103515625 260.693756103515625 269.66876220703125 277.381256103515625 288.90625 300.90625 312.78125 323.03125 330.70623779296875 328.54376220703125 319.587493896484375 309.681243896484375 297.13751220703125 288.48126220703125 280.54376220703125 266.912506103515625 261.0625 256.024993896484375 261.143768310546875 262.33123779296875 259.35626220703125 260.893768310546875 265.59375 258.85626220703125 254.625 255.2937469482421875 248.600006103515625 244.3249969482421875 240.5749969482421875 233.162506103515625 224.600006103515625 217.34375 207.087493896484375 198.837493896484375 196.587493896484375 194.556243896484375 189.556243896484375 182.743743896484375 178.9187469482421875 179 179.8937530517578125 178.068756103515625 174.118743896484375
252.8125 250.4812469482421875 247.7375030517578125 260.32501220703125 276.71875 285.83123779296875 300.25 319.95623779296875 337.868743896484375 347.89373779296875 344.649993896484375 323.66876220703125 311.73126220703125 299.381256103515625 285.306243896484375 274.63751220703125 262.78125 251.2687530517578125 245.943756103515625 248.84375 250.4562530517578125 252.7375030517578125 256.42498779296875 260.100006103515625 254.537506103515625 252.462493896484375 249.350006103515625 249.125 244.9250030517578125 235.524993896484375 230.993743896484375 224.693756103515625 214.0812530517578125 204.712493896484375 198.8249969482421875 191.1374969482421875 187.756256103515625 185.118743896484375 176.5812530517578125 170.1374969482421875 170.0749969482421875 170.53125 170.1875 169.681243896484375
243.1999969482421875 246.068756103515625 246.5 243.25 264.14373779296875 285.712493896484375 297.45623779296875 314.11248779296875 336.70623779296875 349.256256103515625 339.462493896484375 319.475006103515625 307.84375 295.412506103515625 278.600006103515625 267.5 254.28125 244.243743896484375 243.1750030517578125 244.0812530517578125 249.287506103515625 251.0187530517578125 253.3937530517578125 251.2312469482421875 251.2624969482421875 250.8000030517578125 245.1437530517578125 244.743743896484375 241.3937530517578125 232.381256103515625 230.243743896484375 224.149993896484375 216.2375030517578125 204.256256103515625 192.381256103515625 191.006256103515625 183.625 173.743743896484375 169.3125 168.337493896484375 164.006256103515625 165.493743896484375 162.8874969482421875 161.568756103515625
239.431243896484375 240.1750030517578125 243.381256103515625 246.6687469482421875 251.6875 261.73748779296875 273.70623779296875 297.068756103515625 308.82501220703125 320.118743896484375 318.79998779296875 304.73748779296875 298.17498779296875 289.78125 274.76873779296875 262.475006103515625 252.46875 244.0500030517578125 237.9375 240.556243896484375 239.5 242.462493896484375 243.524993896484375 245.7062530517578125 251.46875 251.1875 244.618743896484375 240.875 237.181243896484375 236.962493896484375 228.2687530517578125 218.256256103515625 207.9562530517578125 200.399993896484375 194.225006103515625 186.6687469482421875 174.662506103515625 167.59375 161.8249969482421875 161.243743896484375 156.40625 155.881256103515625 155.6999969482421875 154.5
233.100006103515625 229.899993896484375 235.2375030517578125 246.7375030517578125 253.84375 267.618743896484375 266.54998779296875 266.399993896484375 266.01873779296875 281.068756103515625 290.54998779296875 287.84375 285.8125 278.856231689453125 271.3125 260.274993896484375 246.75 240.600006103515625 234.818756103515625 230.2375030517578125 241.9562530517578125 241.350006103515625 240.774993896484375 242.21875 247.875 244.9375 240.1999969482421875 236.4250030517578125 233.056243896484375 226.9875030517578125 227.774993896484375 216.9562530517578125 207.2312469482421875 196.943756103515625 184.5 175.693756103515625 167.3125 159.9187469482421875 150.59375 145.3312530517578125 142.681243896484375 145.09375 141.3874969482421875 137.600006103515625
225.875 225.9375 229.1062469482421875 238.1125030517578125 247.912506103515625 254.9375 263.86248779296875 269.162506103515625 258.725006103515625 254.5812530517578125 259.79998779296875 263.13751220703125 270.42498779296875 267.17498779296875 262.91876220703125 252.7624969482421875 250 247.8312530517578125 245.024993896484375 236.75 232.287506103515625 242.162506103515625 235.662506103515625 244.256256103515625 243.756256103515625 242.337493896484375 237.7937469482421875 236.850006103515625 238.8249969482421875 231.056243896484375 231.712493896484375 211.4187469482421875 193.2624969482421875 181.1437530517578125 174.3249969482421875 171.993743896484375 166.4250030517578125 160.9499969482421875 151.3000030517578125 142.0625 135.3937530517578125 131.3125 133.1125030517578125 128.9499969482421875
219.3937530517578125 221.1374969482421875 225.625 234.506256103515625 243.493743896484375 249.212493896484375 256.36248779296875 257.306243896484375 256.943756103515625 254.7750091552734375 251.5749969482421875 242.587493896484375 252.4499969482421875 254.71875 255.03125 252.1687469482421875 247.681243896484375 254.149993896484375 253.0437469482421875 250.3937530517578125 241.243743896484375 238.9562530517578125 230.0437469482421875 234.4562530517578125 232.2624969482421875 236.118743896484375 233.3625030517578125 230.350006103515625 227.7687530517578125 226.1374969482421875 222.8562469482421875 207.506256103515625 194.4250030517578125 182.84375 170.7937469482421875 165.8000030517578125 162.5187530517578125 159.087493896484375 151.5500030517578125 147.0500030517578125 142 136.7687530517578125 127.5625 117.78749847412109375
216.0124969482421875 216.6875 221.28125 228.556243896484375 235.0625 243.818756103515625 245.024993896484375 246.318756103515625 249.125 249.912506103515625 249.9812469482421875 242.600006103515625 238.4250030517578125 242.337493896484375 243.8562469482421875 245.2624969482421875 244.587493896484375 245.9250030517578125 251.21875 257.975006103515625 263.48126220703125 253.756256103515625 234.9375 216.100006103515625 223.287506103515625 238.9875030517578125 238.743743896484375 231.1750030517578125 223.4499969482421875 218.5500030517578125 213.7937469482421875 202.5500030517578125 191.9875030517578125 181.350006103515625 170.71875 161.9187469482421875 158.443756103515625 152.9250030517578125 151.587493896484375 145.225006103515625 138.931243896484375 130.9562530517578125 124.6374969482421875 110.96875
209.0625 211.2687530517578125 219.1374969482421875 223.125 230.2937469482421875 234.475006103515625 241.6750030517578125 244.9875030517578125 246.2687530517578125 240.087493896484375 243.3874969482421875 240.5437469482421875 227.75 231.7687530517578125 240.524993896484375 241.1875 240.931243896484375 244.837493896484375 253.2687530517578125 270.131256103515625 277.76251220703125 271.068756103515625 249.7624969482421875 223.306243896484375 221.1875 225.21875 221.2687530517578125 219.46875 218.2687530517578125 210.65625 197.5124969482421875 192.181243896484375 183.931243896484375 171.0187530517578125 164.5 161.600006103515625 160.34375 156.118743896484375 146.962493896484375 144.681243896484375 139.0124969482421875 129.662506103515625 114.40625 95.3625030517578125
206.3874969482421875 207.631256103515625 213.5625 217.6437530517578125 225.7687530517578125 227.506256103515625 232.3937530517578125 236.1187591552734375 233.8249969482421875 231.78125 232.899993896484375 234.131256103515625 230.6999969482421875 219.618743896484375 223.1999969482421875 229.21875 231.881256103515625 239.587493896484375 240.368743896484375 254.8249969482421875 267.712493896484375 263.1875 249.4562530517578125 228.7062530517578125 211.8312530517578125 211.475006103515625 213.118743896484375 213.368743896484375 214.287506103515625 210.212493896484375 195.3562469482421875 182.756256103515625 178.6374969482421875 164.3000030517578125 157.399993896484375 156.993743896484375 160.1875 158.96875 159.2687530517578125 151.6062469482421875 138.7312469482421875 126.96875 106.0437469482421875 89.96875
201.774993896484375 203.7249908447265625 208.118743896484375 212.78125 216.693756103515625 220.118743896484375 222.212493896484375 227.4875030517578125 227.75 223.681243896484375 223.318756103515625 220.7375030517578125 221.087493896484375 216.649993896484375 206.0124969482421875 216.0749969482421875 217.7687530517578125 221.9250030517578125 226.4187469482421875 237.9562530517578125 248.0625 245.587493896484375 236.787506103515625 227.28125 217.2624969482421875 209.4250030517578125 204.4562530517578125 201.1750030517578125 200.8249969482421875 195.649993896484375 189.5124969482421875 179.90625 171.8125 164.2312469482421875 153.3874969482421875 159.4375 167.0749969482421875 170.6875 170.975006103515625 159.375 133.6125030517578125 116.0187530517578125 106.71250152587890625 102.6374969482421875
193.1999969482421875 195.7062530517578125 202.1875 208.0437469482421875 211.1437530517578125 213.850006103515625 217.3249969482421875 219.631256103515625 219.2375030517578125 217.3249969482421875 214.96875 213.7937469482421875 213.1750030517578125 206.8312530517578125 193.5 200.274993896484375 203.774993896484375 212.28125 211.9187469482421875 220.1875 231.743743896484375 232.2624969482421875 231.443756103515625 227.5812530517578125 226.5500030517578125 220.618743896484375 215.412506103515625 209.5812530517578125 209.7687530517578125 196.7624969482421875 182.493743896484375 176.774993896484375 176.024993896484375 161.943756103515625 146.5749969482421875 145.2312469482421875 161.71875 176.662506103515625 173.8000030517578125 157.9875030517578125 141.412506103515625 129.40625 123.4812469482421875 110.02500152587890625
187.3562469482421875 188.037506103515625 194.2750091552734375 197.7937469482421875 204.681243896484375 208.1062469482421875 209.6999969482421875 210.100006103515625 213 215.78125 213.4187469482421875 211.125 210.34375 204.6875 194.024993896484375 179.193756103515625 186.9375 199.25 199.5625 206.53125 215.556243896484375 220.1750030517578125 225.8312530517578125 229.662506103515625 229.818756103515625 225.056243896484375 216.28125 212.6999969482421875 208.9375 204.5124969482421875 193.225006103515625 180.3000030517578125 164.306243896484375 148.649993896484375 135.3937530517578125 152.162506103515625 156.9250030517578125 165.3000030517578125 169.100006103515625 165.287506103515625 157.181243896484375 145.443756103515625 129.6750030517578125 111.40000152587890625
179.875 182.21875 185.78125 192.5187530517578125 198.5812530517578125 202.756256103515625 204.068756103515625 205.8125 204.34375 205.2937469482421875 207.7062530517578125 207.7375030517578125 203.631256103515625 198.568756103515625 195.5625 182.7624969482421875 166.837493896484375 176.6187591552734375 185.412506103515625 190.443756103515625 196.5749969482421875 206.78125 214.3874969482421875 226.6125030517578125 227.3874969482421875 216 208.2062530517578125 203.975006103515625 207.649993896484375 205.2312469482421875 199.3937530517578125 191.087493896484375 174.712493896484375 164.600006103515625 165.6374969482421875 167.693756103515625 174.6999969482421875 178.7937469482421875 181.256256103515625 167.3125 159.0812530517578125 142.962493896484375 123.3562469482421875 109.28125
170.756256103515625 173.912506103515625 180.556243896484375 186.975006103515625 193.3625030517578125 199.587493896484375 199.806243896484375 200.6062469482421875 199.806243896484375 197.59375 197.493743896484375 200.962493896484375 195.8562469482421875 192.375 192.2937469482421875 184.375 169.34375 155.649993896484375 174.506256103515625 173.625 179.3000030517578125 189.125 203.84375 213.7937469482421875 219.5500030517578125 208.837493896484375 197.712493896484375 202.2937469482421875 204.649993896484375 198.149993896484375 183.881256103515625 171.1374969482421875 185.4187469482421875 181.25 175.71875 195.7312469482421875 198.1687469482421875 185.0749969482421875 178.975006103515625 167.8937530517578125 146.3874969482421875 128.5187530517578125 112.55625152587890625 101.9875030517578125
162.71875 167.9875030517578125 174.3937530517578125 181.5437469482421875 188.693756103515625 191.7312469482421875 193.09375 193.368743896484375 195.162506103515625 196.1125030517578125 194.90625 188.8249969482421875 185.649993896484375 184.9375 181.5500030517578125 176.837493896484375 173.7312469482421875 156.600006103515625 151.181243896484375 153.46875 165.524993896484375 181.4375 177.40625 192.506256103515625 198.3937530517578125 204.8000030517578125 201.993743896484375 196.0812530517578125 202.5187530517578125 195.78125 185 181.6312408447265625 185.181243896484375 178.693756103515625 180.0500030517578125 191.774993896484375 186.4812469482421875 172.4812469482421875 165.9812469482421875 151.118743896484375 132.8874969482421875 113.6062469482421875 103.0812530517578125 96.3000030517578125
