data/historical-monthly-weather-data/wc2.1_cruts4.09_10m_prec_2024-08.asc
ncols        51
nrows        45
xllcorner    -63.500000000000
yllcorner    -7.500000000000
cellsize     0.166666666667
NODATA_value -9999
[rows 19 to 37 of 45, columns 0 to 42 of 51]
99.80625152587890625 98.3125 92.9250030517578125 87.7624969482421875 81.38124847412109375 73.96875 65.6687469482421875 57.53749847412109375 52.643749237060546875 47.22499847412109375 41.78125 36.93125152587890625 31.331249237060546875 26.318750381469726562 23.137500762939453125 20.193750381469726562 16.975000381469726562 16.174999237060546875 16.15625 17.09375 17.587499618530273438 19.012500762939453125 22.012500762939453125 25.15625 27.78125 29.481250762939453125 31.193750381469726562 31.943750381469726562 31.606250762939453125 30.037500381469726562 30.518749237060546875 36.34375 41.075000762939453125 46.75624847412109375 52.59999847412109375 53.41249847412109375 52.362499237060546875 50.862499237060546875 47.65000152587890625 42.96250152587890625 37.174999237060546875 33.112499237060546875 30.081249237060546875
91.8625030517578125 93.00624847412109375 89.88124847412109375 85.1999969482421875 78.30625152587890625 71.36875152587890625 64.4187469482421875 57.38124847412109375 52.856250762939453125 47.58750152587890625 42.59375 38.31874847412109375 32.58750152587890625 27.356250762939453125 23.631250381469726562 20.581249237060546875 17.75 16.262500762939453125 16.631250381469726562 17.162500381469726562 18.71875 20.818750381469726562 23.299999237060546875 26.693750381469726562 30.237499237060546875 31.637500762939453125 31.887500762939453125 32.49375152587890625 33.02500152587890625 34.13124847412109375 36.19374847412109375 40.356250762939453125 43.106250762939453125 46.47499847412109375 51.356250762939453125 51.825000762939453125 51.768749237060546875 50.31874847412109375 46.731250762939453125 42.575000762939453125 37.28125 33.706249237060546875 30.818750381469726562
87.2937469482421875 87.3937530517578125 85.28125 82.2687530517578125 77.0187530517578125 70.03749847412109375 64.24375152587890625 57.08750152587890625 53.15000152587890625 47.987499237060546875 43.981250762939453125 40.981250762939453125 37.19374847412109375 31.84375 27.412500381469726562 23.100000381469726562 20.637500762939453125 19.193750381469726562 19 19.393749237060546875 19.875 21.5625 24.112499237060546875 27.318750381469726562 30.193750381469726562 32.25624847412109375 35.08750152587890625 35.581249237060546875 36.65625 37.80625152587890625 39.66249847412109375 42.231250762939453125 44.0625 46.606250762939453125 48.41249847412109375 48.97499847412109375 50 49.831249237060546875 46.893749237060546875 42.606250762939453125 37.66249847412109375 34.03125 30.637500762939453125
83.1687469482421875 86.15625 85.15000152587890625 81.2937469482421875 76.81874847412109375 70.41249847412109375 63.262500762939453125 56.34999847412109375 53.38124847412109375 50.143749237060546875 47.34999847412109375 45.3125 42.762500762939453125 37.450000762939453125 31.768749237060546875 26.793750762939453125 23.193750381469726562 21.625 21.112499237060546875 21.012500762939453125 21.631250381469726562 23.225000381469726562 25.393749237060546875 27.274999618530273438 30.793750762939453125 33.96875 36.762500762939453125 38.575000762939453125 39.200000762939453125 39.56874847412109375 41.106250762939453125 43.66249847412109375 44.66249847412109375 45.174999237060546875 45.44374847412109375 44.125 45.418750762939453125 47.762500762939453125 46.38124847412109375 42.08750152587890625 37.875 33.950000762939453125 30.631250381469726562
81.6374969482421875 86.03749847412109375 86.0625 80.6687469482421875 75.6062469482421875 70.0812530517578125 64.6062469482421875 59.206249237060546875 54.625 52.21875 49.956249237060546875 49.80625152587890625 48.03749847412109375 42.012500762939453125 35.96875 30.662500381469726562 26.78125 24.731250762939453125 23.674999237060546875 23.456251144409179688 24.043750762939453125 25.34375 26.774999618530273438 29.262500762939453125 32.206249237060546875 34.71875 38.31874847412109375 39.3125 40.52500152587890625 41.66249847412109375 43.53749847412109375 45.52500152587890625 45.856250762939453125 44.5625 43.71875 41.6875 42.512500762939453125 45.143749237060546875 44.581249237060546875 41.012500762939453125 37.15000152587890625 33.71250152587890625 30.424999237060546875
81.90000152587890625 86.2375030517578125 85.8874969482421875 82.44374847412109375 77.91249847412109375 72.1125030517578125 66.2312469482421875 61.30625152587890625 57.72499847412109375 55.25624847412109375 52.30625152587890625 51.00624847412109375 48.924999237060546875 43.77500152587890625 38.450000762939453125 33.74375152587890625 29.912500381469726562 27.568750381469726562 26.206251144409179688 25.712499618530273438 26.28125 27.15625 28.456251144409179688 30.825000762939453125 33.0625 36.11875152587890625 38.387500762939453125 39.762500762939453125 41.174999237060546875 42.93125152587890625 44.674999237060546875 46.325000762939453125 46.09375 45.15625 43.58750152587890625 41.52500152587890625 42.03749847412109375 42.424999237060546875 41.74375152587890625 39.450000762939453125 36.237499237060546875 33.4375 30.537500381469726562
84.2624969482421875 88.40625 85.66249847412109375 83.46250152587890625 78.08750152587890625 72.77500152587890625 67.4812469482421875 63.59999847412109375 59.143749237060546875 55.75624847412109375 52.981250762939453125 51.168750762939453125 48.65625 43.71875 39.74375152587890625 35.38124847412109375 31.993749618530273438 29.924999237060546875 28.143749237060546875 27.75 28.375 28.931249618530273438 30.306249618530273438 31.96875 33.956249237060546875 36.5 38.91249847412109375 40.393749237060546875 42.1875 44.34999847412109375 46 47.674999237060546875 46.4375 44.825000762939453125 42.90625 41.90000152587890625 41.61875152587890625 40.75624847412109375 40.19374847412109375 37.75624847412109375 35.27500152587890625 32.8125 30.556249618530273438
86.4875030517578125 88.5749969482421875 86.7687530517578125 83.78749847412109375 79.1750030517578125 74.21875 70.18125152587890625 65.4499969482421875 60.43125152587890625 57.875 55.231250762939453125 51.862499237060546875 48.700000762939453125 44.43125152587890625 41.16249847412109375 37.30625152587890625 34.31874847412109375 32.16249847412109375 30.762500762939453125 29.700000762939453125 29.731250762939453125 30.5625 31.456249237060546875 33.55625152587890625 35.41249847412109375 36.899997711181640625 39.731250762939453125 41.49375152587890625 43.03125 44.65625 46.78125 47.72499847412109375 46.706249237060546875 44.987499237060546875 42.59999847412109375 41.65625 40.46875 39.6875 38.38124847412109375 36.19374847412109375 33.981250762939453125 32.012500762939453125 30.78125
90.24375152587890625 88.36875152587890625 86.78749847412109375 84.22499847412109375 80.71875 75.3000030517578125 71.36875152587890625 67.1875 62.96875 59.737499237060546875 55.74375152587890625 52.06874847412109375 48.77500152587890625 45.3125 41.875 38.72499847412109375 36.299999237060546875 34.28749847412109375 32.90625 31.668750762939453125 31.706249237060546875 31.59375 32.93125152587890625 34.78125 36.25624847412109375 37.274997711181640625 40.012500762939453125 42.268749237060546875 44.125 45.75 47.049999237060546875 47.606250762939453125 46.418750762939453125 44.106250762939453125 42.56874847412109375 41.02500152587890625 39.399997711181640625 38.393749237060546875 37.456249237060546875 35.84999847412109375 33.71875 32.36875152587890625 31.21875
90.8312530517578125 90.44374847412109375 87.46875 84.93125152587890625 80.15625 75.4562530517578125 71.0187530517578125 66.47499847412109375 64.0812530517578125 60.09375 56.168750762939453125 52.30625152587890625 48.887500762939453125 45.81874847412109375 42.93125152587890625 40.106250762939453125 38.200000762939453125 36.512500762939453125 35.049999237060546875 33.93125152587890625 33.71250152587890625 33.518749237060546875 34.38124847412109375 35.625 37.21250152587890625 37.868747711181640625 40.668750762939453125 42.737499237060546875 44.44374847412109375 45.80625152587890625 46.72499847412109375 47.4375 45.331249237060546875 42.674999237060546875 41.22499847412109375 40.581249237060546875 39.487499237060546875 38.55625152587890625 37.668750762939453125 35.768749237060546875 33.1875 32.112499237060546875 31.581249237060546875
89.5812530517578125 89.6125030517578125 86.8000030517578125 82.8625030517578125 79.49375152587890625 75.53749847412109375 71.0187530517578125 67.9250030517578125 64.6437530517578125 60.46250152587890625 57.143749237060546875 53.83750152587890625 50.40000152587890625 47.15000152587890625 44.549999237060546875 41.97499847412109375 39.731250762939453125 38.84999847412109375 38.200000762939453125 36.34999847412109375 35.856250762939453125 36.075000762939453125 36.80625152587890625 37.668750762939453125 38.58750152587890625 39.924999237060546875 41.68125152587890625 43.46250152587890625 44.16249847412109375 44.91249847412109375 45.71875 46.40000152587890625 44.325000762939453125 42.18125152587890625 40.80625152587890625 39.78125 39.96250152587890625 39.543750762939453125 38.30625152587890625 37.46250152587890625 35.831249237060546875 34.393749237060546875 32.737499237060546875
87.74375152587890625 86.72499847412109375 83.0437469482421875 81.18125152587890625 80.6062469482421875 76.2687530517578125 72.31874847412109375 68.25624847412109375 64.55625152587890625 60.71875 57.143749237060546875 55.137500762939453125 52.731250762939453125 49.5 46.125 43.643749237060546875 42.231250762939453125 41.46250152587890625 41.09375 39.65625 38.799999237060546875 37.83750152587890625 38.09999847412109375 38.856250762939453125 39.512500762939453125 40.950000762939453125 41.912502288818359375 43.693752288818359375 44.706249237060546875 45.22499847412109375 45.81874847412109375 45.68125152587890625 43.375 41.50624847412109375 40.875 39.868747711181640625 40.00624847412109375 39.893749237060546875 39.793750762939453125 39.887500762939453125 38.40000152587890625 35.59999847412109375 33.34999847412109375
84.5749969482421875 83.7062530517578125 80.69374847412109375 79.2312469482421875 79.71250152587890625 75.90625 71.93125152587890625 67.41249847412109375 64.28749847412109375 61.09999847412109375 57.8125 55.575000762939453125 52.762500762939453125 50.362499237060546875 47.71875 46.487499237060546875 44.65625 43.612499237060546875 42.63124847412109375 41.59999847412109375 40.88124847412109375 40.69374847412109375 40.012500762939453125 39.68125152587890625 40.424999237060546875 41.46875 42.325000762939453125 43.99375152587890625 44.612499237060546875 44.46875 45.018749237060546875 44.34375 42.356250762939453125 40.97499847412109375 39.331249237060546875 38.36875152587890625 38.69374847412109375 39.049999237060546875 39.4375 39.762500762939453125 38.46875 35.69374847412109375 34.043750762939453125
75.75624847412109375 74.8000030517578125 73.46875 73.5187530517578125 73.23125457763671875 70.6687469482421875 69.1062469482421875 66.6999969482421875 63.356250762939453125 61 59.424999237060546875 56.4375 53.637500762939453125 52.137500762939453125 49.75624847412109375 48.75 47.05625152587890625 46.325000762939453125 45.15000152587890625 43.97499847412109375 43.125 42.518749237060546875 41.956249237060546875 42.46875 42.93125152587890625 43.012500762939453125 43.731250762939453125 43.78749847412109375 44.450000762939453125 43.78125 43.96875 42.94374847412109375 41.03125 39.36875152587890625 37.91249847412109375 36.981250762939453125 37.149997711181640625 37.168750762939453125 37.512500762939453125 37.84375 36.575000762939453125 34.71250152587890625 33.18125152587890625
66.63124847412109375 67.13124847412109375 66.68125152587890625 68.15625 66.46250152587890625 66.25 66.84999847412109375 66.0437469482421875 62.94374847412109375 60.268749237060546875 58.299999237060546875 56.55625152587890625 55.075000762939453125 52.09999847412109375 50.88124847412109375 49.38124847412109375 48.59375 47.44374847412109375 46.09999847412109375 45.393749237060546875 44.81874847412109375 44.237499237060546875 43.96250152587890625 43.831249237060546875 44.487499237060546875 44.6875 44.84999847412109375 44.30625152587890625 45.106250762939453125 44.356250762939453125 43.637500762939453125 42.075000762939453125 39.53749847412109375 37.362499237060546875 36.21250152587890625 35.30625152587890625 35.25624847412109375 34.94374847412109375 35.25 34.99375152587890625 34.768749237060546875 33.63124847412109375 32.174999237060546875
58.737499237060546875 59.25 60.03125 60.68125152587890625 61.043750762939453125 62.081249237060546875 63.581249237060546875 64.1875 60.63124847412109375 58.91249847412109375 57.287502288818359375 56.731250762939453125 54.831249237060546875 53.49375152587890625 52.31874847412109375 51.38124847412109375 50.52500152587890625 49.18125152587890625 47.799999237060546875 47.081249237060546875 46.68125152587890625 45.856250762939453125 45.03125 45.22499847412109375 45.33750152587890625 45.731250762939453125 45.50624847412109375 44.831249237060546875 45.4375 44.53749847412109375 42.59375 40.3125 37.84999847412109375 35.424999237060546875 33.981250762939453125 33.06874847412109375 32.3125 32.33750152587890625 32.77500152587890625 32.581249237060546875 32.018749237060546875 31.200000762939453125 30.431249618530273438
50.65000152587890625 51.549999237060546875 52.081249237060546875 52.74375152587890625 53.71250152587890625 54.46250152587890625 55.737499237060546875 56.18125152587890625 54.83750152587890625 54.88124847412109375 55.74375152587890625 55.41249847412109375 55.44374847412109375 54.825000762939453125 54.13124847412109375 53.84375 52.512500762939453125 51.84999847412109375 49.84375 48.88124847412109375 48.71250152587890625 48.84999847412109375 47.731250762939453125 47.78125 47.25624847412109375 46.831249237060546875 46.049999237060546875 46.3125 45.5625 43.75 41.518749237060546875 39.143749237060546875 35.606250762939453125 33.625 31.768749237060546875 30.231250762939453125 30.03125 29.962499618530273438 29.774999618530273438 30.018749237060546875 29.59375 29.537500381469726562 28.40625
41.768749237060546875 42.668750762939453125 43.36875152587890625 44.59999847412109375 45.856250762939453125 47.268749237060546875 48.84375 50.325000762939453125 49.97499847412109375 50.4375 54.34999847412109375 56.875 57.93125152587890625 57.40625 57.325000762939453125 56.0625 54.737499237060546875 53.58750152587890625 52.11875152587890625 50.55625152587890625 50.424999237060546875 50.63124847412109375 49.825000762939453125 49.90000152587890625 49.543750762939453125 48.043750762939453125 47.4375 46.96250152587890625 44.981250762939453125 42.862499237060546875 40.762500762939453125 37.793750762939453125 34.512500762939453125 31.787500381469726562 29.799999237060546875 28.456249237060546875 28.106250762939453125 28.137500762939453125 27.787500381469726562 27.962499618530273438 27.4375 27.462499618530273438 26.524999618530273438
34.34999847412109375 35.450000762939453125 36.0625 37.9375 39.59375 41.0625 42.893749237060546875 44.5625 46.46875 48.05625152587890625 56.00624847412109375 59.737499237060546875 59.637500762939453125 60.47499847412109375 60.77500152587890625 59.206249237060546875 57.081249237060546875 55.174999237060546875 54.63124847412109375 52.981250762939453125 52.66249847412109375 52.112499237060546875 51.46250152587890625 51.34375 50.96875 50.03749847412109375 49.18125152587890625 48.375 46.53125 43.58750152587890625 40.325000762939453125 37.768749237060546875 34.674999237060546875 30.768749237060546875 28.162500381469726562 26.581249237060546875 26.768749237060546875 26.912500381469726562 26.799999237060546875 26.899999618530273438 25.462499618530273438 24.975000381469726562 24.443750381469726562
