data/historical-monthly-weather-data/wc2.1_cruts4.09_10m_prec_1976-10.asc
ncols        51
nrows        45
xllcorner    -63.500000000000
yllcorner    -7.500000000000
cellsize     0.166666666667
NODATA_value -9999
[rows 20 to 39 of 45, columns 0 to 43 of 51]
151.71875 154.181243896484375 157.693756103515625 160.743743896484375 163.2375030517578125 165.46875 167.4250030517578125 167.625 165.931243896484375 161.537506103515625 155.3937530517578125 147.2687530517578125 139.350006103515625 131.21875 126.61875152587890625 122.71875 118.43125152587890625 115.5124969482421875 115.46250152587890625 114.2375030517578125 110.3125 106.6999969482421875 103.3312530517578125 101.5812530517578125 99.1374969482421875 94.6875 88.96250152587890625 81.0437469482421875 73.6062469482421875 68.6999969482421875 65.3249969482421875 64.1750030517578125 61.924999237060546875 60.075000762939453125 58.28125 52.893749237060546875 47.43125152587890625 43.49375152587890625 40.081249237060546875 36.731250762939453125 33.418750762939453125 31.0625 28.362499237060546875 26.056249618530273438
144.6374969482421875 149.274993896484375 154.287506103515625 158.6437530517578125 162.6125030517578125 166.181243896484375 168.8625030517578125 170.350006103515625 169.881256103515625 165.087493896484375 157.774993896484375 148.9250030517578125 140.6062469482421875 133.4875030517578125 128.225006103515625 124.27500152587890625 120.9812469482421875 118.3874969482421875 117.43125152587890625 116.49375152587890625 111.50624847412109375 107.6437530517578125 104.8000030517578125 101.9875030517578125 98.24375152587890625 93.69374847412109375 89.44374847412109375 83.5749969482421875 78.28749847412109375 75.09999847412109375 72.78125 71.47499847412109375 68.40000152587890625 65.72499847412109375 62.22499847412109375 57.043750762939453125 51.075000762939453125 45.86875152587890625 41.668750762939453125 37.918750762939453125 34.28749847412109375 31.862499237060546875 29.456249237060546875 27.206249237060546875
140.0500030517578125 146.912506103515625 153.1125030517578125 158.243743896484375 162.100006103515625 166.181243896484375 169.8937530517578125 173.162506103515625 174.96875 168.8625030517578125 160.4250030517578125 150.556243896484375 142.8000030517578125 136.712493896484375 131.28125 126.96250152587890625 123.59999847412109375 121.72499847412109375 120.3874969482421875 118.8937530517578125 114.66249847412109375 110.09999847412109375 106.3937530517578125 102.9499969482421875 98.4812469482421875 92.8312530517578125 89.6062469482421875 86.2624969482421875 82.0500030517578125 80.30625152587890625 79.5500030517578125 78.8562469482421875 74.71250152587890625 70.81874847412109375 66.22499847412109375 60.40625 54.09375 47.96250152587890625 43.25 39.59999847412109375 35.893749237060546875 33.36875152587890625 30.912500381469726562 28.550001144409179688
138.5437469482421875 146.9875030517578125 154.5 158.46875 161.649993896484375 165.6687469482421875 169.131256103515625 172.931243896484375 174.34375 169 160.412506103515625 151.96875 145.0124969482421875 139.412506103515625 134.725006103515625 130.6062469482421875 127.65000152587890625 125.75624847412109375 124.25 122.46250152587890625 118.49375152587890625 114.50624847412109375 109.90625 105.4499969482421875 100.03125 93.38124847412109375 89.3312530517578125 87.55625152587890625 85.72499847412109375 85.375 85.3937530517578125 84.91249847412109375 80.43125152587890625 75.5500030517578125 70.3874969482421875 64.3562469482421875 57.58750152587890625 50.737499237060546875 45.768749237060546875 41.52500152587890625 37.47499847412109375 34.84375 32.231250762939453125 29.743749618530273438
141.7375030517578125 149.618743896484375 157.087493896484375 159.1062469482421875 161.1437530517578125 164.4812469482421875 167.28125 169.4812469482421875 169.818756103515625 166.53125 160.7624969482421875 153.868743896484375 148.0812530517578125 143.1687469482421875 138.6875 135.193756103515625 132.225006103515625 130.462493896484375 128.931243896484375 127.2624969482421875 123.2624969482421875 118.46875 114.34999847412109375 109.0625 103.33750152587890625 97.81874847412109375 93.875 91.7312469482421875 90.09375 90.1999969482421875 90.4375 89.6062469482421875 85.34375 79.94374847412109375 74.50624847412109375 67.73125457763671875 60.956249237060546875 54.387500762939453125 48.86875152587890625 44.15000152587890625 39.637500762939453125 36.731250762939453125 33.90000152587890625 31.549999237060546875
146.506256103515625 152.34375 156.006256103515625 158.443756103515625 159.53125 162.087493896484375 164.28125 165.806243896484375 166.350006103515625 164.8312530517578125 159.8249969482421875 155.1750030517578125 150.443756103515625 146.337493896484375 142.9187469482421875 139.6999969482421875 137.256256103515625 135.306243896484375 133.9875030517578125 132.3312530517578125 128.462493896484375 123.6999969482421875 119.5187530517578125 114.0749969482421875 108.43125152587890625 103.2312469482421875 99.8312530517578125 96.99375152587890625 94.90000152587890625 95.13124847412109375 94.74375152587890625 94.4812469482421875 90.1437530517578125 84.3000030517578125 78.7687530517578125 71.6062469482421875 64.49375152587890625 57.88124847412109375 52.22499847412109375 47.06874847412109375 42.1875 39.11875152587890625 36.0625 33.6875
151.1750030517578125 152.318756103515625 154.40625 155.78125 156.431243896484375 159.1999969482421875 161.1687469482421875 162.6187591552734375 162.78125 161.2687530517578125 159.212493896484375 156.28125 153.118743896484375 150.193756103515625 146.96875 144.4562530517578125 141.6687469482421875 140.306243896484375 138.8000030517578125 137.0187530517578125 133.6125030517578125 129.1875 125.05625152587890625 120.59999847412109375 114.66249847412109375 109.50624847412109375 105.8562469482421875 102.77500152587890625 100.5749969482421875 100.25 100.27500152587890625 99.0500030517578125 94.3937530517578125 88.36875152587890625 82.0625 74.99375152587890625 67.9187469482421875 61.22499847412109375 55.71875 50.68125152587890625 45.643749237060546875 42.78749847412109375 39.90000152587890625 37.481250762939453125
154.943756103515625 152.84375 153.2937469482421875 153.8312530517578125 153.868743896484375 156.28125 158.6374969482421875 159.71875 159.881256103515625 159.5437469482421875 158.15625 156.6999969482421875 155.5187530517578125 153.3000030517578125 150.9375 148.78125 146.8562469482421875 144.8562469482421875 143.6687469482421875 142.5124969482421875 139.0124969482421875 135.024993896484375 131.875 126.81874847412109375 120.97499847412109375 116.02500152587890625 112.56874847412109375 109.4375 106.31874847412109375 105.53125 104.81874847412109375 103.55625152587890625 98.3562469482421875 91.78749847412109375 85.56874847412109375 78.19374847412109375 70.8937530517578125 64.58750152587890625 59.081249237060546875 54.262500762939453125 49.78125 46.90625 43.78125 41.743747711181640625
158.4499969482421875 153.931243896484375 152.493743896484375 152.3937530517578125 151.9499969482421875 153.4437408447265625 155.1062469482421875 156.5500030517578125 157.3249969482421875 158.087493896484375 158.149993896484375 157.931243896484375 157.618743896484375 156.412506103515625 154.962493896484375 153.1875 151.868743896484375 150.0500030517578125 148.662506103515625 147.568756103515625 144.2624969482421875 141.0500030517578125 138.162506103515625 133.0124969482421875 127.22499847412109375 122.58750152587890625 119.02500152587890625 115.59999847412109375 112.90625 111.25624847412109375 109.5625 107.80625152587890625 102.125 95.18125152587890625 88.58750152587890625 81.36875152587890625 74.0500030517578125 67.3937530517578125 61.78749847412109375 56.987499237060546875 52.856250762939453125 50.16249847412109375 47.331249237060546875 46.11875152587890625
161.40625 155.5187530517578125 152.962493896484375 151.0749969482421875 150.1999969482421875 150.743743896484375 152.4375 154.34375 156.1750030517578125 157.1062469482421875 158.5437469482421875 158.90625 159.9499969482421875 159.943756103515625 158.8125 157.962493896484375 156.2874908447265625 155.225006103515625 153.5500030517578125 151.506256103515625 149.056243896484375 146.475006103515625 143.618743896484375 138.287506103515625 133.212493896484375 129.399993896484375 125.68125152587890625 121.94374847412109375 118.53749847412109375 116.28125 114.3562469482421875 111.9250030517578125 105.8562469482421875 99.19374847412109375 92.375 85.03125 77.58750152587890625 71.0500030517578125 64.71875 59.38124847412109375 55.11875152587890625 53.83750152587890625 52.143749237060546875 51.9375
163.7375030517578125 156.4375 153.306243896484375 149.875 148.443756103515625 149.7062530517578125 151.100006103515625 152.9875030517578125 154.875 156.3562469482421875 158.868743896484375 160.662506103515625 163.149993896484375 164.131256103515625 162.96875 162.5187530517578125 161.84375 160.1062469482421875 158.1875 156.337493896484375 153.7624969482421875 151.662506103515625 149.28125 144.1750030517578125 139.53125 135.600006103515625 131.8625030517578125 128.0187530517578125 124.2624969482421875 121.2687530517578125 118.97499847412109375 116 109.7624969482421875 103.2312469482421875 96.44374847412109375 88.6437530517578125 81.2687530517578125 74.65625 67.7937469482421875 60.77500152587890625 56.74375152587890625 56.956249237060546875 57.00624847412109375 57.16249847412109375
164.743743896484375 156.65625 152.2687530517578125 149.337493896484375 148.475006103515625 148.399993896484375 149.5124969482421875 151.375 153.6125030517578125 155.881256103515625 158.8249969482421875 162.0437469482421875 164.975006103515625 167.368743896484375 167.693756103515625 167.568756103515625 166.4250030517578125 163.912506103515625 162.712493896484375 160.8000030517578125 158.4375 156.524993896484375 154.556243896484375 149.59375 145.443756103515625 141.5625 137.7312469482421875 133.943756103515625 129.9187469482421875 126.66249847412109375 123.6687469482421875 119.81874847412109375 113.65000152587890625 107.43125152587890625 100.30625152587890625 92.59999847412109375 85.2624969482421875 78.53125 71.125 64.55625152587890625 60.94374847412109375 61.84999847412109375 62.50624847412109375 63.487499237060546875
166.125 157.9875030517578125 153.493743896484375 150.787506103515625 148.7937469482421875 148.25 148.4875030517578125 149.462493896484375 151.6062469482421875 154.5500030517578125 160.2375030517578125 163.7375030517578125 168.306243896484375 172.506256103515625 172.931243896484375 172.3625030517578125 170.6062469482421875 168.256256103515625 166.475006103515625 164.475006103515625 161.96875 159.9187469482421875 157.625 153.649993896484375 149.8125 146.3000030517578125 142.725006103515625 138.8562469482421875 135.1062469482421875 132.2375030517578125 128.912506103515625 125 117.97499847412109375 112.00624847412109375 105.9250030517578125 99.09999847412109375 91.63124847412109375 84.4187469482421875 78.1062469482421875 73.65000152587890625 70.71250152587890625 71.46250152587890625 72.46875 73.5812530517578125
166.225006103515625 159.09375 155.1437530517578125 152.2937469482421875 149.037506103515625 148.068756103515625 147.537506103515625 147.868743896484375 149.2624969482421875 152.756256103515625 158.0749969482421875 164.9375 172.431243896484375 176.399993896484375 177.618743896484375 176.8000030517578125 175.0500030517578125 172.8125 169.9375 168.212493896484375 165.4375 163 160.6125030517578125 156.5 153.6624908447265625 150.7062530517578125 147.0187530517578125 143.4375 140.2624969482421875 137.225006103515625 134.212493896484375 130.568756103515625 124.1687469482421875 117.53749847412109375 112.0625 105.40625 97.9562530517578125 91.03125 86.43125152587890625 83.3874969482421875 80.7375030517578125 81.61875152587890625 83.28125 84.80625152587890625
166.2937469482421875 160.4250030517578125 155.9562530517578125 153.037506103515625 149.431243896484375 147.837493896484375 146.5 146.34375 146.600006103515625 149.975006103515625 156.4875030517578125 165.4375 175.3562469482421875 181.9812469482421875 181.8000030517578125 180.84375 179.2937469482421875 176.6999969482421875 173.850006103515625 171.1500091552734375 168.506256103515625 165.524993896484375 162.993743896484375 159.0625 156.6875 154.306243896484375 151.2937469482421875 148.53125 145.631256103515625 142.3312530517578125 139.056243896484375 135.8000030517578125 129.6875 123.8625030517578125 118.05625152587890625 111.15000152587890625 104.0500030517578125 98.4499969482421875 95.08750152587890625 92.71250152587890625 90.90000152587890625 91.5749969482421875 93.41249847412109375 95.0812530517578125
166.399993896484375 161.087493896484375 157.5500030517578125 154.006256103515625 150.6062469482421875 148.8312530517578125 146.5500030517578125 145.15625 144.524993896484375 146.5812530517578125 153.875 164.306243896484375 176.125 183.5625 184.4812469482421875 183.649993896484375 181.9375 179.6374969482421875 176.84375 173.75 171.118743896484375 168.3125 164.618743896484375 161.1687469482421875 158.7687530517578125 156.2312469482421875 153.587493896484375 151.431243896484375 149.0437469482421875 146.4499969482421875 143.3625030517578125 140.3625030517578125 134.90625 130.181243896484375 124.4375 117.90000152587890625 113.0187530517578125 107.875 105.18125152587890625 103.24375152587890625 102.1687469482421875 103.15625 103.9875030517578125 105.96250152587890625
166.587493896484375 162.0437469482421875 158.787506103515625 155.6125030517578125 152.399993896484375 149.8937530517578125 146.9375 144.4812469482421875 142.5 141.84375 150.3312530517578125 165.149993896484375 176.087493896484375 182.7062530517578125 185.1999969482421875 185.556243896484375 183.993743896484375 181.912506103515625 178.712493896484375 175.274993896484375 172.375 169.1750030517578125 166.0124969482421875 162.381256103515625 159.787506103515625 157.662506103515625 155.412506103515625 153.931243896484375 152.59375 150.25 147.8562469482421875 144.649993896484375 140.837493896484375 136.8000030517578125 131.0749969482421875 126.49375152587890625 122.27500152587890625 118.5187530517578125 116.25 114.3937530517578125 113.46875 113.59999847412109375 114.8562469482421875 117.13124847412109375
166.787506103515625 163.0124969482421875 159.943756103515625 157.149993896484375 154.40625 151.600006103515625 149.1999969482421875 146.46875 144.5 141.9812469482421875 154.975006103515625 169.912506103515625 178.212493896484375 184.1624908447265625 186.53125 187.193756103515625 185.75 183.5124969482421875 180.53125 176.6062469482421875 173.118743896484375 169 165.662506103515625 162.149993896484375 160.3562469482421875 158.7062530517578125 156.7624969482421875 155.993743896484375 155.318756103515625 153.75 151.087493896484375 148.90625 146.087493896484375 142.462493896484375 138.2937469482421875 134.09375 131.4187469482421875 128.2062530517578125 127.0500030517578125 125.875 123.94374847412109375 124.44374847412109375 124.71250152587890625 126.09375
166.5437469482421875 163.037506103515625 160.806243896484375 158.4375 156.0124969482421875 153.693756103515625 151.8937530517578125 151.506256103515625 152.25 158.1750030517578125 172.0437469482421875 178.350006103515625 182.03125 185.9499969482421875 188.381256103515625 189.1750030517578125 187.875 185.1999969482421875 181.2062530517578125 177.556243896484375 172.65625 168.0437469482421875 164.6437530517578125 161.5 159.375 158.568756103515625 157.787506103515625 157.899993896484375 157.524993896484375 156.21875 155.056243896484375 153.25 150.493743896484375 147.40625 145.1187591552734375 142.493743896484375 139.3249969482421875 136.7624969482421875 135.6312408447265625 132.837493896484375 131.34375 131.4499969482421875 130.9499969482421875 131.7937469482421875
166.6062469482421875 163.5187530517578125 161.943756103515625 160.2937469482421875 158.0437469482421875 157.087493896484375 155.9187469482421875 157.2687530517578125 160.2375030517578125 167.0124969482421875 175.600006103515625 181.993743896484375 186.0812530517578125 188.7687530517578125 191.087493896484375 191.2687530517578125 190.212493896484375 187.2624969482421875 182.4499969482421875 177.46875 171.931243896484375 166.6187591552734375 162.5 159.7375030517578125 158.868743896484375 158.2687530517578125 158.212493896484375 159.274993896484375 159.756256103515625 159.1437530517578125 158.068756103515625 157.6062469482421875 156.931243896484375 154.65625 153.40625 150.59375 147.25 144.8625030517578125 143.756256103515625 139.8874969482421875 137.53125 137.4812469482421875 136.4499969482421875 136.5812530517578125
