data/historical-monthly-weather-data/wc2.1_cruts4.09_10m_prec_1963-07.asc
ncols        45
nrows        45
xllcorner    -63.500000000000
yllcorner    -7.500000000000
cellsize     0.166666666667
NODATA_value -9999
[rows 19 to 37 of 45, columns 0 to 42 of 45]
72.84999847412109375 74.15000152587890625 73.4375 72.6374969482421875 71.28125 71.55625152587890625 68.28749847412109375 66.7375030517578125 65.93125152587890625 63.36875152587890625 61.15625 59.200000762939453125 55.34375 51.65000152587890625 46.856250762939453125 41.8125 38.50624847412109375 40.825000762939453125 37.875 36.356250762939453125 34.325000762939453125 36.59999847412109375 40.512500762939453125 42.375 42.325000762939453125 39.987499237060546875 38.88124847412109375 39.46250152587890625 38.59999847412109375 37.956249237060546875 39.862499237060546875 44.02500152587890625 42.46875 39.981250762939453125 37.793750762939453125 36.737499237060546875 34.293750762939453125 30.987499237060546875 28.087499618530273438 24.231250762939453125 19.856250762939453125 17.075000762939453125 15.612500190734863281
60.268749237060546875 64.84375 66.7312469482421875 64.5437469482421875 62.112499237060546875 62.231250762939453125 60.41249847412109375 59.3125 58.268749237060546875 56.924999237060546875 54.543750762939453125 53.018749237060546875 50.512500762939453125 46.88124847412109375 42.65625 38.762500762939453125 36.325000762939453125 35.918750762939453125 36.375 34.08750152587890625 36.09999847412109375 38.58750152587890625 41.59999847412109375 44.05625152587890625 43.856250762939453125 41.018749237060546875 37.643749237060546875 37.768749237060546875 38.4375 39.081249237060546875 42.174999237060546875 44.950000762939453125 41.61875152587890625 39.4375 37.36875152587890625 35.737499237060546875 33.46875 29.674999237060546875 26.174999237060546875 22.418750762939453125 18.850000381469726562 16.737499237060546875 14.856249809265136719
52.9375 53.581249237060546875 55.924999237060546875 55.78125 54.78749847412109375 52.762500762939453125 51.606250762939453125 50.78125 50.706249237060546875 49.91249847412109375 49.03749847412109375 46.543750762939453125 44.168750762939453125 43.25 41.13124847412109375 37.55625152587890625 36.31874847412109375 35.46875 35.47499847412109375 35.0625 35.424999237060546875 37.88124847412109375 41.081249237060546875 41.38124847412109375 40.21250152587890625 38.487499237060546875 38.700000762939453125 37.325000762939453125 39.168750762939453125 41.637500762939453125 43.3125 44.34375 41.38124847412109375 38.46875 35.375 34.237499237060546875 32.00624847412109375 28.568750381469726562 25.231250762939453125 21.806249618530273438 18.475000381469726562 16.424999237060546875 14.625
45.918750762939453125 48.543750762939453125 49.25 48.27500152587890625 46.84375 45.81874847412109375 42.731250762939453125 42.112499237060546875 42.956249237060546875 44.46875 44.61875152587890625 42.8125 42.03749847412109375 40.84375 39.71875 37.84999847412109375 35.268749237060546875 33.94374847412109375 33.78125 34.543750762939453125 37.15000152587890625 38.518749237060546875 40.36875152587890625 40.4375 40.643749237060546875 38.418750762939453125 37.131252288818359375 37.46875 37.9375 39.575000762939453125 41.40625 43.231250762939453125 40.03125 36.206249237060546875 33.75624847412109375 31.450000762939453125 29.78125 26.387500762939453125 23.912500381469726562 21.118749618530273438 18.081249237060546875 15.731249809265136719 13.993749618530273438
37.825000762939453125 41.043750762939453125 42.518749237060546875 41.075000762939453125 39.549999237060546875 38.268749237060546875 38.075000762939453125 37.25 37.299999237060546875 37.737499237060546875 38.74375152587890625 40.424999237060546875 40.481250762939453125 40.631252288818359375 38.61875152587890625 36.90625 34.325000762939453125 34.56874847412109375 34.456249237060546875 36.106250762939453125 37.456249237060546875 40.13124847412109375 41.72499847412109375 42.887500762939453125 42.46875 39.80625152587890625 39.268749237060546875 37.331249237060546875 36.96875 38.262500762939453125 40.15000152587890625 41.47499847412109375 37.66249847412109375 33.46250152587890625 31.856250762939453125 28.825000762939453125 27.268749237060546875 24.774999618530273438 22.412500381469726562 19.6875 17.087499618530273438 15.03125 13.524999618530273438
31.581249237060546875 34.44374847412109375 35.924999237060546875 34.75 33.4375 32.3125 32.375 32.30625152587890625 32.862499237060546875 34.41249847412109375 35.825000762939453125 36.125 38.387500762939453125 38.94374847412109375 37.0625 34.78749847412109375 33.4375 34.34999847412109375 35.262500762939453125 36.58750152587890625 38.731250762939453125 40.887500762939453125 44.30625152587890625 44.237499237060546875 42.325000762939453125 41.75 38.924999237060546875 36.91249847412109375 35.668750762939453125 36.75 36.862499237060546875 36.924999237060546875 34.75624847412109375 31.293750762939453125 28.600000381469726562 26.606250762939453125 25.149999618530273438 22.412500381469726562 20.524999618530273438 18.306249618530273438 15.75 14.274999618530273438 13.074999809265136719
27.3125 29.393749237060546875 28.806249618530273438 27.993749618530273438 26.674999237060546875 26.556249618530273438 27.106250762939453125 27.493749618530273438 28.174999237060546875 28.818750381469726562 31.9375 33.71250152587890625 34.9375 36.450000762939453125 35.450000762939453125 34 32.65000152587890625 33.793750762939453125 35.362499237060546875 36.556247711181640625 39.831249237060546875 42.44374847412109375 45.69374847412109375 45.59999847412109375 43.262500762939453125 41.106250762939453125 38.97499847412109375 36.25624847412109375 34.03125 33.793750762939453125 33.65000152587890625 33.08750152587890625 30.475000381469726562 28.0625 26.5 24.731250762939453125 23.012500762939453125 20.793750762939453125 18.950000762939453125 16.931249618530273438 15 13.449999809265136719 12.324999809265136719
22.075000762939453125 22.0625 22.243749618530273438 21.987499237060546875 21.25 22.018749237060546875 23.200000762939453125 23.9375 24.65625 27.243749618530273438 30.137500762939453125 32.66249847412109375 34.893749237060546875 36.231250762939453125 35.181247711181640625 34.78125 33.68125152587890625 34.168750762939453125 36.012500762939453125 37.84375 39.987499237060546875 42.83750152587890625 46.643749237060546875 47.612499237060546875 44.21250152587890625 40.47499847412109375 38.075000762939453125 35.768749237060546875 33.66249847412109375 31.924999237060546875 31.824998855590820312 29.90625 27.018749237060546875 26.018749237060546875 24.006250381469726562 22.768749237060546875 20.543750762939453125 18.549999237060546875 17.106250762939453125 15.5625 14.125 12.875 11.668749809265136719
17.299999237060546875 15.631250381469726562 15.862500190734863281 16.362499237060546875 16.306249618530273438 17.674999237060546875 19.256250381469726562 20.456249237060546875 22.368749618530273438 24.950000762939453125 27.731250762939453125 30.46875 33.56874847412109375 35.83750152587890625 34.918750762939453125 34.21875 33.74375152587890625 34.612499237060546875 35.34999847412109375 37.47499847412109375 40.706249237060546875 43.03749847412109375 44.862499237060546875 45.58750152587890625 43.50624847412109375 40.143749237060546875 37.65000152587890625 35.299999237060546875 33.125 31.981250762939453125 30.96875 29.649999618530273438 26.600000381469726562 23.993749618530273438 21.956249237060546875 20.625 18.524999618530273438 16.793750762939453125 15.643750190734863281 14.618749618530273438 13.25 12.537500381469726562 11.175000190734863281
13.274999618530273438 10.9375 11.318750381469726562 11.524999618530273438 12.149999618530273438 13.606249809265136719 15.337499618530273438 17.287500381469726562 19.543750762939453125 22.600000381469726562 25.4375 28.78125 32.56874847412109375 35.831249237060546875 35.34375 34.668750762939453125 34.737499237060546875 34.612499237060546875 35.731250762939453125 37.643749237060546875 40.137500762939453125 42.268749237060546875 44.41249847412109375 43.987499237060546875 42.19374847412109375 39.46250152587890625 37.05625152587890625 34.77500152587890625 33.5625 32.262500762939453125 30.643749237060546875 29.274999618530273438 25.818750381469726562 22.637500762939453125 20.274999618530273438 18.856250762939453125 16.975000381469726562 15.287500381469726562 14.225000381469726562 12.975000381469726562 12.09375 11.168749809265136719 10.256250381469726562
13.237500190734863281 11.024999618530273438 10.962499618530273438 10.974999427795410156 11.131250381469726562 12.59375 14.087499618530273438 16.25 18.950000762939453125 21.712499618530273438 24.693750381469726562 28.768749237060546875 32.68125152587890625 35.52500152587890625 35.612499237060546875 35.4375 35.24375152587890625 35.762500762939453125 36.168750762939453125 37.325000762939453125 40.03125 41.86875152587890625 43.91249847412109375 42.59375 41.200000762939453125 39.125 36.63124847412109375 34.74375152587890625 33.53125 31.737499237060546875 30.125 28.231250762939453125 24.700000762939453125 21.668750762939453125 18.956249237060546875 17.28125 15.943749427795410156 13.975000381469726562 12.568750381469726562 11.481249809265136719 10.731249809265136719 10.018750190734863281 9.2250003814697265625
14.012499809265136719 11.53125 10.78125 10.862500190734863281 10.96875 12.368749618530273438 13.731249809265136719 15.431249618530273438 18.193750381469726562 21.168750762939453125 24.431249618530273438 28.256250381469726562 33.012500762939453125 35.262500762939453125 35.418750762939453125 35.99375152587890625 37.08750152587890625 36.30625152587890625 35.737499237060546875 37.5625 40.25 41.9375 43.21875 41.22499847412109375 39.40000152587890625 38.78125 36.55625152587890625 34.125 32.21250152587890625 30.774999618530273438 29.081249237060546875 27.424999237060546875 24.15625 21.174999237060546875 18.28125 16.200000762939453125 14.524999618530273438 12.956250190734863281 11.324999809265136719 9.90625 9.0437498092651367188 8.6999998092651367188 8.0749998092651367188
15.0625 11.962499618530273438 11.012499809265136719 10.706250190734863281 10.793749809265136719 12.149999618530273438 13.643750190734863281 15.106249809265136719 17.993749618530273438 20.643749237060546875 23.981250762939453125 28.412500381469726562 32.387500762939453125 36.09999847412109375 36.86875152587890625 37.5 38.15625 37.25 36.09999847412109375 37.793750762939453125 39.293750762939453125 41.049999237060546875 41.668750762939453125 39.77500152587890625 38.893749237060546875 37.356250762939453125 35.5 33.96875 31.450000762939453125 29.881250381469726562 28.549999237060546875 26.625 23.231250762939453125 20.25 17.59375 15.287500381469726562 13.649999618530273438 11.412500381469726562 10 8.9624996185302734375 8.0749998092651367188 7.5437498092651367188 6.9937500953674316406
18.087499618530273438 15.03125 13.737500190734863281 13.162500381469726562 13.137499809265136719 14.193750381469726562 15.537500381469726562 16.862499237060546875 18.850000381469726562 21.78125 25.25 28.774999618530273438 32.887500762939453125 37.112499237060546875 38.53749847412109375 38.74375152587890625 38.71250152587890625 39.08750152587890625 38.637500762939453125 39.643749237060546875 40.387500762939453125 40.799999237060546875 40.50624847412109375 39.28749847412109375 38.8125 37.075000762939453125 35.86875152587890625 33.75624847412109375 32.05625152587890625 29.762500762939453125 27.924999237060546875 25.625 22.049999237060546875 19.3125 17.024999618530273438 15.09375 12.78125 10.631250381469726562 9.3874998092651367188 8.6499996185302734375 7.7874999046325683594 7.3062500953674316406 6.5374999046325683594
21.049999237060546875 18.137500762939453125 16.96875 16.21875 15.668749809265136719 15.987500190734863281 16.950000762939453125 17.625 19.924999237060546875 22.024999618530273438 25.118749618530273438 29.162500381469726562 33.59999847412109375 37.09375 38.8125 39.125 39.97499847412109375 39.956249237060546875 39.44374847412109375 39.875 40.81874847412109375 40.081249237060546875 40.418750762939453125 39.456249237060546875 37.90000152587890625 36.125 34.950000762939453125 33.762500762939453125 32.049999237060546875 29.731250762939453125 27.524999618530273438 24.831249237060546875 21.350000381469726562 18.893749237060546875 16.493749618530273438 14.34375 11.899999618530273438 9.9937496185302734375 9.0749998092651367188 8.2250003814697265625 7.4749999046325683594 7.09375 6.6312499046325683594
23.862499237060546875 20.549999237060546875 19.756250381469726562 18.75 18.231250762939453125 18.274999618530273438 18.506250381469726562 18.850000381469726562 20.024999618530273438 21.856250762939453125 24.887500762939453125 29.537500381469726562 35.02500152587890625 39.0625 39.93125152587890625 40.58750152587890625 41.237499237060546875 40.6875 40.68125152587890625 40.15000152587890625 40.68125152587890625 40.90625 40.36875152587890625 39.143749237060546875 37.46875 35.53749847412109375 34.46250152587890625 33.36875152587890625 31.662500381469726562 27.899999618530273438 25.637500762939453125 23.806249618530273438 20.862499237060546875 18.287500381469726562 15.59375 13.506250381469726562 11.487500190734863281 9.8562498092651367188 8.8187503814697265625 7.8687500953674316406 7.0687499046325683594 6.5812501907348632812 6.40625
26.575000762939453125 23.993749618530273438 23.556249618530273438 22.15625 21.524999618530273438 21.131250381469726562 21.137500762939453125 21.075000762939453125 21.793750762939453125 22.893749237060546875 25.600000381469726562 30.481250762939453125 36.612499237060546875 39.34999847412109375 41.09375 41.887500762939453125 42.731250762939453125 41.65625 40.59375 40.168750762939453125 38.78125 39.72499847412109375 38.625 37.200000762939453125 35.168750762939453125 34.668750762939453125 33.75 32.75 31.056249618530273438 27.5 25.049999237060546875 23.325000762939453125 20.4375 18.100000381469726562 15.606249809265136719 13.4375 11.725000381469726562 10.131250381469726562 9.3562498092651367188 8.4499998092651367188 7.4562501907348632812 7.0437498092651367188 6.5625
28.456249237060546875 26.899999618530273438 26.350000381469726562 24.856250762939453125 24.231250762939453125 24.100000381469726562 23.731250762939453125 23.274999618530273438 23.287500381469726562 23.137500762939453125 25.981250762939453125 31.162500381469726562 36.21250152587890625 38.86875152587890625 41.174999237060546875 42.387500762939453125 42.825000762939453125 41.18125152587890625 39.88124847412109375 39.450000762939453125 37.75624847412109375 37.081249237060546875 36.237499237060546875 35.59375 33.80625152587890625 33.049999237060546875 32.375 31.243749618530273438 29.787500381469726562 27.206249237060546875 24.518749237060546875 22.168748855590820312 19.481250762939453125 17.393749237060546875 15.181249618530273438 13.074999809265136719 11.506250381469726562 10.474999427795410156 9.8937501907348632812 8.8562498092651367188 7.8125 7.3937501907348632812 6.8625001907348632812
29.131250381469726562 28.493749618530273438 27.431249618530273438 27.018749237060546875 26.481250762939453125 26.112499237060546875 25.674999237060546875 25.006250381469726562 24.856250762939453125 24.075000762939453125 28.543750762939453125 33.231250762939453125 36.393749237060546875 38.831249237060546875 41.30625152587890625 42.59375 41.74375152587890625 41.3125 39.293750762939453125 38.5 37.262500762939453125 35.956249237060546875 34.30625152587890625 33.825000762939453125 32.84999847412109375 32.00624847412109375 31.081249237060546875 30.125 28.881250381469726562 26.037500381469726562 22.512500762939453125 20.674999237060546875 18.331249237060546875 16.631250381469726562 14.34375 12.399999618530273438 11.556249618530273438 10.581250190734863281 10.006250381469726562 9.15625 8.1875 7.96875 7.4000000953674316406
