data/historical-monthly-weather-data/wc2.1_cruts4.09_10m_prec_2013-12.asc
ncols        51
nrows        45
xllcorner    -63.500000000000
yllcorner    -7.500000000000
cellsize     0.166666666667
NODATA_value -9999
[rows 20 to 39 of 45, columns 0 to 43 of 51]
129.899993896484375 126.8937530517578125 125.34999847412109375 124.6374969482421875 124.75 127.4562530517578125 130.225006103515625 133.0500030517578125 137.6750030517578125 141.59375 143.7375030517578125 141.8937530517578125 139.068756103515625 135.100006103515625 129.8125 123.75 118.15625 114.86875152587890625 113.25 112.53749847412109375 117.59375 123.2937469482421875 128.7937469482421875 133.693756103515625 139.256256103515625 144.0500030517578125 146.256256103515625 144.600006103515625 140.3937530517578125 136 133.3562469482421875 134.5124969482421875 135.443756103515625 137.40625 140.193756103515625 145.243743896484375 152.587493896484375 160.5625 167.006256103515625 169.7062530517578125 168.568756103515625 164.53125 162.1437530517578125 160.1875
130.3249969482421875 126.96250152587890625 126.1999969482421875 126.74375152587890625 127.5124969482421875 130.4499969482421875 133.837493896484375 137.2062530517578125 141.493743896484375 144.993743896484375 146.412506103515625 144.6437530517578125 142.0437469482421875 138.21875 133.087493896484375 127.19374847412109375 121.72499847412109375 118.18125152587890625 115.5749969482421875 114 117.00624847412109375 121.7375030517578125 127.1999969482421875 132.1750030517578125 138.162506103515625 145.0500030517578125 150.506256103515625 150.3937530517578125 147.6374969482421875 145.537506103515625 144.4812469482421875 145.3249969482421875 144.7937469482421875 145.850006103515625 147.287506103515625 151.6374969482421875 158.75 166.931243896484375 172.21875 173.09375 171.868743896484375 168.28125 165.5 163.2687530517578125
131.318756103515625 128.943756103515625 128.03125 128.631256103515625 130.087493896484375 133.8937530517578125 137.4250030517578125 141.375 146.212493896484375 148.75 149.3874969482421875 147.181243896484375 145.212493896484375 142.0124969482421875 136.6125030517578125 130.587493896484375 124.8000030517578125 120.5625 117.2687530517578125 114.5124969482421875 116.3625030517578125 119.6437530517578125 123.63124847412109375 128.756256103515625 135.537506103515625 144.243743896484375 152.5124969482421875 154.274993896484375 153.0500030517578125 153.2937469482421875 154.34375 155.9375 155.024993896484375 154.1750030517578125 154.1750030517578125 156.350006103515625 163.556243896484375 174.412506103515625 179.149993896484375 178.287506103515625 176.024993896484375 172.087493896484375 169.09375 166.568756103515625
134.162506103515625 131.8937530517578125 130.693756103515625 131.368743896484375 133.2624969482421875 137.40625 141.6687469482421875 145.5124969482421875 149.7874908447265625 151.5437469482421875 151.881256103515625 150.556243896484375 149.1125030517578125 146.65625 140.774993896484375 134.1875 128.0437469482421875 123.24375152587890625 118.9499969482421875 115.25624847412109375 115.45000457763671875 117.22499847412109375 119.53749847412109375 124.6875 131.337493896484375 139.75 148.3937530517578125 153.6875 156.868743896484375 159.7375030517578125 163.350006103515625 165.787506103515625 165.3125 163.78125 162.993743896484375 163.087493896484375 169.087493896484375 179.243743896484375 183.712493896484375 182.625 179.6687469482421875 175.6437530517578125 171.881256103515625 168.725006103515625
139.1125030517578125 136.5 134.5625 136.2937469482421875 139.0500030517578125 142.6999969482421875 146.40625 149.306243896484375 152.4124908447265625 154.318756103515625 154.8125 153.84375 152.881256103515625 150.8937530517578125 144.868743896484375 137.9875030517578125 131.3187408447265625 125.90000152587890625 120.68125152587890625 116.00624847412109375 114.75 114.5 115.38124847412109375 119.78749847412109375 126.55625152587890625 135.3874969482421875 144.75 152.59375 158.931243896484375 165.0437469482421875 171.243743896484375 175.5 175.649993896484375 174.1062469482421875 172.3000030517578125 172.9250030517578125 177.6437530517578125 183.125 186.568756103515625 186.59375 183.743743896484375 179.4499969482421875 174.787506103515625 172.1687469482421875
147.006256103515625 146.193756103515625 144.03125 144.9187469482421875 145.875 148.6437530517578125 151.09375 153.024993896484375 155.3562469482421875 156.587493896484375 156.78125 156.84375 156.462493896484375 155.006256103515625 149.087493896484375 142 134.75 128.7062530517578125 122.7624969482421875 117.16249847412109375 115.1374969482421875 112.8625030517578125 111.43125152587890625 114.4375 122.24375152587890625 132.03125 142.912506103515625 152.625 161.34375 169.7624969482421875 177.9875030517578125 185.412506103515625 186.5749969482421875 184.4187469482421875 182.6125030517578125 182.6999969482421875 185.6999969482421875 189.15625 191.75 192.2312469482421875 189.5812530517578125 183.4499969482421875 177.1437530517578125 173.006256103515625
153.600006103515625 153.493743896484375 153.1374969482421875 153.90625 154.306243896484375 155.8562469482421875 156.5437469482421875 157.0500030517578125 158.0500030517578125 159.1750030517578125 160.024993896484375 160.71875 160.818756103515625 160.181243896484375 154.40625 147.6125030517578125 140.462493896484375 134.09375 127.74375152587890625 121.28749847412109375 117.99375152587890625 114.3937530517578125 111.3312530517578125 113.03749847412109375 121.69374847412109375 131.774993896484375 143.4187469482421875 154.3562469482421875 165.0437469482421875 174.6750030517578125 184.7624969482421875 193.9187469482421875 196.28125 193.712493896484375 191.412506103515625 191.8312530517578125 193.4875030517578125 195.875 198.2062530517578125 199.381256103515625 197.2312469482421875 188.9812469482421875 179.46875 173.84375
160.7624969482421875 161.443756103515625 162.5187530517578125 163.6125030517578125 163.587493896484375 163.8249969482421875 163.0749969482421875 161.6687469482421875 161.5500030517578125 161.7937469482421875 162.1062469482421875 163.506256103515625 165.162506103515625 165.5437469482421875 160.0625 153.1374969482421875 146.4375 139.7312469482421875 133.225006103515625 126.49375152587890625 122.5124969482421875 118.5 116.0500030517578125 118.65000152587890625 125.55625152587890625 134.587493896484375 145.84375 157.056243896484375 168.350006103515625 178.71875 189.2062530517578125 198.46875 200.618743896484375 199.5124969482421875 197.9562530517578125 198.712493896484375 200.6062469482421875 203.087493896484375 206.1750030517578125 208.6687469482421875 207.8562469482421875 198.274993896484375 183.1374969482421875 175.96875
167.1437530517578125 168.96875 171.587493896484375 174.0687408447265625 173.6999969482421875 171.6750030517578125 168.912506103515625 166.1374969482421875 165.0187530517578125 164.149993896484375 164.443756103515625 166.8937530517578125 169.381256103515625 170.868743896484375 165.600006103515625 159.681243896484375 153.350006103515625 146.662506103515625 139.96875 133.087493896484375 128.5812530517578125 124.46875 122.3125 125.0187530517578125 131.087493896484375 139.068756103515625 149.8937530517578125 161.2312469482421875 172.8625030517578125 182.850006103515625 192.96875 201.681243896484375 203.756256103515625 203.1374969482421875 202.7312469482421875 204.5124969482421875 207.3562469482421875 210.0749969482421875 213.243743896484375 217.068756103515625 218.9625091552734375 207.5437469482421875 191.8874969482421875 187.337493896484375
173.118743896484375 175.6125030517578125 179.7937469482421875 183.899993896484375 184.5812530517578125 179.4562530517578125 174.3125 170.443756103515625 168.3625030517578125 166.8562469482421875 166.96875 169.443756103515625 173.131256103515625 175.8249969482421875 172.09375 167.1437530517578125 162.2375030517578125 156.84375 150.3000030517578125 143.1125030517578125 137.975006103515625 133.6374969482421875 130.8312530517578125 133.625 139.1437530517578125 146.3937530517578125 155.9250030517578125 167.225006103515625 178.243743896484375 187.493743896484375 196.5749969482421875 204.3874969482421875 207.1437530517578125 207.28125 207.787506103515625 209.875 213.149993896484375 216.0500030517578125 219.256256103515625 222.3562469482421875 222.837493896484375 215.8312530517578125 205.100006103515625 201.5
177.5749969482421875 180.556243896484375 184.7312469482421875 189.431243896484375 189.899993896484375 183.3562469482421875 177.4375 172.5500030517578125 169.837493896484375 168.881256103515625 169.0812530517578125 172.162506103515625 176.625 179.962493896484375 177.6437530517578125 174.7062530517578125 171.9499969482421875 166.6374969482421875 161.037506103515625 153.8937530517578125 148.0437469482421875 143.1374969482421875 140.0625 142.5437469482421875 147.25 153.600006103515625 162.78125 173.524993896484375 184 192.631256103515625 200.5500030517578125 207.4187469482421875 210.006256103515625 211.2312469482421875 212.25 215.0749969482421875 218.975006103515625 222.2687530517578125 224.75 226.162506103515625 227.21875 223.4499969482421875 217.375 212.087493896484375
181.193756103515625 183.3937530517578125 186.506256103515625 188.4250030517578125 187.225006103515625 182.743743896484375 177.6374969482421875 172.5625 170.368743896484375 169.350006103515625 170.118743896484375 174.3000030517578125 179.712493896484375 183.96875 183.90625 182.8937530517578125 180.5749969482421875 175.443756103515625 169.8937530517578125 163.225006103515625 157.6125030517578125 152.524993896484375 148.8249969482421875 150.943756103515625 155.8562469482421875 161.368743896484375 169.818756103515625 180.1437530517578125 190.3000030517578125 198.118743896484375 204.9250030517578125 210.9250030517578125 212.7312469482421875 214.3874969482421875 216.350006103515625 220.3874969482421875 224 227.1875 229.381256103515625 230.9250030517578125 234.0124969482421875 233.625 231.8000030517578125 229.9187469482421875
185.75 186.09375 186.943756103515625 187.6999969482421875 186.1687469482421875 182.212493896484375 177.1374969482421875 172.2375030517578125 170.1875 169.912506103515625 172.8125 177.837493896484375 184.5625 190.9375 192.25 192.25 190.7062530517578125 186.399993896484375 179.9000091552734375 173.6125030517578125 168.506256103515625 163.9937591552734375 160.412506103515625 161.962493896484375 166.1687469482421875 171.4499969482421875 179.40625 188.25 198 204.40625 210.3937530517578125 215.462493896484375 217.399993896484375 219.1125030517578125 221.34375 225.2062530517578125 229.024993896484375 232.412506103515625 234.2375030517578125 238.1875 241.556243896484375 243.6999969482421875 246.806243896484375 252.5500030517578125
189.7312469482421875 188.462493896484375 188.2687530517578125 187.381256103515625 184.5812530517578125 180.681243896484375 176.162506103515625 171.5 169.462493896484375 169.5500030517578125 172.9187469482421875 180.8874969482421875 189.7062530517578125 196.8625030517578125 200.15625 201.462493896484375 201.556243896484375 197.399993896484375 190.5437469482421875 184.3312530517578125 179.6125030517578125 175.2062530517578125 171.5625 172.850006103515625 176.1437530517578125 180.71875 188.524993896484375 197.1374969482421875 206.412506103515625 211.181243896484375 215.7624969482421875 220.225006103515625 222.1437530517578125 224.0500030517578125 225.9875030517578125 229.5 233.725006103515625 236.28125 239.4499969482421875 243.899993896484375 248.149993896484375 252.3249969482421875 258.64373779296875 269.07501220703125
193.318756103515625 191.212493896484375 189.8874969482421875 187.4812469482421875 184.256256103515625 179.931243896484375 175.0500030517578125 170.3249969482421875 167.475006103515625 168.006256103515625 173.1437530517578125 183.381256103515625 195.318756103515625 205.125 209.84375 212.431243896484375 213.0625 208.475006103515625 202.03125 194.8937530517578125 190.8937530517578125 186.1374969482421875 183.1437530517578125 183.7312469482421875 186.024993896484375 190.087493896484375 197.3249969482421875 205.818756103515625 214.3249969482421875 218.006256103515625 221.462493896484375 224.84375 226.8937530517578125 229.1437530517578125 230.9499969482421875 233.5437469482421875 236.818756103515625 240.712493896484375 244.337493896484375 247.8000030517578125 252.46875 257.29376220703125 264.45623779296875 275
199.024993896484375 196.0749969482421875 193.587493896484375 190.4499969482421875 186.2937469482421875 181.837493896484375 176.212493896484375 170.5124969482421875 166.556243896484375 165.8249969482421875 172.7687530517578125 186.7624969482421875 202.399993896484375 214.1999969482421875 220.5187530517578125 224.1125030517578125 225.193756103515625 220.5812530517578125 213.399993896484375 205.899993896484375 201.75 198 194.381256103515625 194.712493896484375 197.006256103515625 200.337493896484375 207.0812530517578125 214.662506103515625 222.1687469482421875 225.3625030517578125 228.306243896484375 230.5625 232.662506103515625 234.2312469482421875 235.568756103515625 236.8125 240.5124969482421875 243.65625 246.493743896484375 249.8625030517578125 254.2312469482421875 259.725006103515625 265.79376220703125 274.625
204.725006103515625 201.1999969482421875 198.15625 194.712493896484375 190.462493896484375 186.024993896484375 180.725006103515625 173.9499969482421875 167.493743896484375 162.756256103515625 173.600006103515625 195.4250030517578125 212.443756103515625 224.212493896484375 231.6437530517578125 236.0187530517578125 237.912506103515625 232.7624969482421875 225.6999969482421875 217.943756103515625 213.274993896484375 209.0187530517578125 205.375 205.431243896484375 207.056243896484375 210.2375030517578125 215.899993896484375 223.443756103515625 230.65625 233.225006103515625 235.118743896484375 236.5500030517578125 238.2375030517578125 239.881256103515625 240.5124969482421875 242.056243896484375 244.3874969482421875 246.318756103515625 247.5625 250.0437469482421875 253.4499969482421875 258.20001220703125 263.618743896484375 270.91876220703125
210.2062530517578125 206.6437530517578125 203.743743896484375 200.193756103515625 196.5187530517578125 192.212493896484375 187.9499969482421875 182.100006103515625 176.21875 169.431243896484375 190.725006103515625 215.0437469482421875 228.087493896484375 237.5437469482421875 244.4499969482421875 249.09375 250.6875 245.6999969482421875 237.7624969482421875 230.0625 224.03125 219.125 215.600006103515625 215.25 216.28125 219.0437469482421875 224.962493896484375 231.743743896484375 238.21875 240.6062469482421875 241.3625030517578125 242.4187469482421875 243.8625030517578125 245.337493896484375 245.681243896484375 246.4250030517578125 247.412506103515625 247.7937469482421875 248.6062469482421875 249.818756103515625 251.6750030517578125 255.399993896484375 259.368743896484375 265
216.8874969482421875 213.2687530517578125 210.9187469482421875 208.1687469482421875 204.787506103515625 201.506256103515625 198.6750030517578125 196.5 197.443756103515625 207.1374969482421875 233.2375030517578125 241.6437530517578125 246.631256103515625 252.8312530517578125 257.98126220703125 261.6875 262.693756103515625 256.61248779296875 248.537506103515625 240.350006103515625 233.25 227.100006103515625 223 222.4875030517578125 223.5625 226.0187530517578125 230.787506103515625 237.03125 242.9250030517578125 245.6875 247.6125030517578125 247.881256103515625 249.0124969482421875 249.9562530517578125 251.131256103515625 251.337493896484375 251.3937530517578125 251.1875 251.0749969482421875 251.225006103515625 252.75 255.118743896484375 257.881256103515625 261.868743896484375
224.75 221.131256103515625 219.1125030517578125 216.943756103515625 214.5437469482421875 213.287506103515625 212.743743896484375 214.587493896484375 220.0124969482421875 231.7937469482421875 248.8625030517578125 258.83123779296875 263.375 268.368743896484375 272.725006103515625 275.056243896484375 274.962493896484375 269.100006103515625 260.024993896484375 251.0187530517578125 241.4250030517578125 233.475006103515625 228.3125 227.024993896484375 228.774993896484375 231.78125 236.625 242.375 247.5 250.943756103515625 252.75 254.5187530517578125 255.837493896484375 256.21875 256.375 255.225006103515625 255.087493896484375 254.0749969482421875 253.15625 252.1374969482421875 252.100006103515625 253.90625 256.306243896484375 259.287506103515625
