data/historical-monthly-weather-data/wc2.1_cruts4.09_10m_prec_1989-04.asc
ncols        51
nrows        45
xllcorner    -63.500000000000
yllcorner    -7.500000000000
cellsize     0.166666666667
NODATA_value -9999
[rows 20 to 39 of 45, columns 0 to 43 of 51]
324.568756103515625 337.13751220703125 347.5625 356.95001220703125 364.337493896484375 377.07501220703125 388.70001220703125 393.67498779296875 393.631256103515625 388.13751220703125 379.45001220703125 370.225006103515625 361.75 355.493743896484375 344.868743896484375 336.59375 331.10626220703125 331.399993896484375 335.20001220703125 338.40625 348.256256103515625 355.681243896484375 359.8125 362.01251220703125 368.212493896484375 373.25 373.42498779296875 372.34375 368.381256103515625 362.51251220703125 351.09375 340.42498779296875 322.975006103515625 303.3125 287.225006103515625 302.649993896484375 327.1875 346.04998779296875 356.91876220703125 360.774993896484375 359.243743896484375 357.45623779296875 349.5625 344.056243896484375
316.399993896484375 325.70001220703125 337.59375 353.518768310546875 365.64373779296875 376.600006103515625 389.024993896484375 397.96875 398.631256103515625 389.725006103515625 374.875 357.70623779296875 344.91876220703125 337.78125 334.29998779296875 329.23126220703125 328.524993896484375 327.837493896484375 330.53125 332.443756103515625 335.181243896484375 341.11248779296875 349.024993896484375 353.318756103515625 361 373.39373779296875 389.88751220703125 387.92498779296875 382 374.45623779296875 360.993743896484375 346.66876220703125 332.350006103515625 319.868743896484375 313.881256103515625 320.66876220703125 338.306243896484375 353.71875 360.225006103515625 361.14373779296875 359.181243896484375 355.15625 346.96875 339.96875
309.8125 325.618743896484375 339.462493896484375 354.92498779296875 367.875 379.29998779296875 388.681243896484375 400.649993896484375 408.90625 392.76873779296875 369.40625 345.587493896484375 328.743743896484375 323.162506103515625 324.20623779296875 325.13751220703125 324.17498779296875 322.23748779296875 322.1875 321.51251220703125 324.287506103515625 328.256256103515625 331.73126220703125 337.70001220703125 350.51873779296875 367.23748779296875 386.51251220703125 389.6875 386.28125 377.399993896484375 366.912506103515625 356.01251220703125 350.225006103515625 344.65625 343.881256103515625 345.64373779296875 355.162506103515625 365.29998779296875 367.462493896484375 363.287506103515625 358.375 351.306243896484375 342.693756103515625 334.79376220703125
306.45001220703125 322.850006103515625 339.23748779296875 352.274993896484375 364.38751220703125 375.58123779296875 387.98126220703125 397.29376220703125 402.024993896484375 384.70001220703125 360.60626220703125 339.381256103515625 316.412506103515625 314.681243896484375 318.04998779296875 319.08123779296875 317.54376220703125 317.568756103515625 315.41876220703125 314.537506103515625 314.537506103515625 313.95623779296875 315.29998779296875 323.23748779296875 335.131256103515625 346.0625 361.006256103515625 373.975006103515625 378.662506103515625 378.63751220703125 375.20001220703125 372.818756103515625 371.743743896484375 368.32501220703125 368.881256103515625 369.45001220703125 375.118743896484375 377.568756103515625 373.45623779296875 364.86248779296875 357.662506103515625 348.399993896484375 338.92498779296875 329.57501220703125
307.1875 323.83123779296875 338.399993896484375 352.64373779296875 365.95001220703125 374.82501220703125 383.274993896484375 389.556243896484375 387.162506103515625 376.850006103515625 357.274993896484375 336.787506103515625 323.537506103515625 315.193756103515625 314.61248779296875 314.66876220703125 315.51873779296875 314.61248779296875 311.943756103515625 307.82501220703125 304.63751220703125 301.462493896484375 301.08123779296875 305.78125 314.83123779296875 330.975006103515625 348.037506103515625 362.20001220703125 373.58123779296875 383.70623779296875 388.443756103515625 392.568756103515625 394.868743896484375 392.13751220703125 389.506256103515625 384.88751220703125 385.6875 381.850006103515625 375.3125 367.068756103515625 357.73126220703125 346.587493896484375 337.568756103515625 326.35626220703125
317.71875 332.14373779296875 339.79998779296875 352.01251220703125 362.056243896484375 369.48748779296875 375.86248779296875 379.131256103515625 372.524993896484375 362.056243896484375 350.350006103515625 338.368743896484375 327.23126220703125 320.23748779296875 316.181243896484375 316.89373779296875 316.306243896484375 314.1875 309.1875 301.725006103515625 298.618743896484375 291.743743896484375 286.63751220703125 284.975006103515625 297.76873779296875 317.42498779296875 340.23126220703125 356.256256103515625 373.58123779296875 386.09375 399.618743896484375 411.662506103515625 417.212493896484375 410.631256103515625 402.306243896484375 395.381256103515625 391.67498779296875 385.931243896484375 376.79998779296875 367.48126220703125 358.16876220703125 345.1875 333.60626220703125 320.381256103515625
325.40625 334.08123779296875 342.03125 350.34375 356.0625 363.10626220703125 366.38751220703125 365.98748779296875 360.10626220703125 356.5625 350.4375 339.91876220703125 330.912506103515625 324.631256103515625 321.17498779296875 320.256256103515625 318.537506103515625 314.131256103515625 309.90625 303.60626220703125 295.850006103515625 286.506256103515625 276.787506103515625 273.59375 289.51873779296875 307.568756103515625 331.193756103515625 349.006256103515625 368.45001220703125 383.95623779296875 402.350006103515625 419.45001220703125 429.90625 420.89373779296875 410.29376220703125 400.86248779296875 394.943756103515625 387.95001220703125 376.73126220703125 366.92498779296875 355.57501220703125 344.04998779296875 331.88751220703125 320.48126220703125
335.23126220703125 339.14373779296875 343.693756103515625 348.337493896484375 353.01873779296875 356.23748779296875 359.162506103515625 356.193756103515625 353.66876220703125 351.86248779296875 345.274993896484375 338.92498779296875 331.774993896484375 327.73126220703125 325.131256103515625 322.16876220703125 321 319.60626220703125 313.350006103515625 308.15625 300.75 289.774993896484375 285.17498779296875 282.45001220703125 291.881256103515625 307.26251220703125 325.725006103515625 343.61248779296875 361.368743896484375 378.024993896484375 393.975006103515625 408.82501220703125 417.899993896484375 414.6875 409.899993896484375 400.58123779296875 395.54998779296875 389.149993896484375 378.23748779296875 367.45001220703125 356.756256103515625 345.60626220703125 333.98748779296875 325.29376220703125
341.33123779296875 342.84375 343.59375 346.193756103515625 347.51251220703125 346.868743896484375 347.51251220703125 348.70623779296875 349.73748779296875 347.037506103515625 344.16876220703125 339.01251220703125 332.4375 329.35626220703125 329.5625 330.32501220703125 329.962493896484375 324.88751220703125 321.024993896484375 314.899993896484375 307.993743896484375 297.725006103515625 293.54998779296875 293.13751220703125 298.243743896484375 309.8125 325.443756103515625 340.212493896484375 355.29998779296875 369.649993896484375 380.618743896484375 391.662506103515625 397.51251220703125 401.10626220703125 401.381256103515625 396.087493896484375 393.35626220703125 389.03125 379.58123779296875 367.375 353.82501220703125 343.51251220703125 334.725006103515625 336.54376220703125
341.14373779296875 340.67498779296875 339.912506103515625 337.15625 337.837493896484375 338.83123779296875 340.32501220703125 342.837493896484375 343.15625 341.368743896484375 341.006256103515625 337.33123779296875 335.712493896484375 334.08123779296875 334.26873779296875 334.068756103515625 333.64373779296875 333.125 328.28125 320.068756103515625 310.943756103515625 304.625 302.243743896484375 299.63751220703125 301.193756103515625 309.243743896484375 322.524993896484375 332.98748779296875 345.26873779296875 356.53125 365.712493896484375 372.5 378.95001220703125 385.6875 389.79998779296875 387.493743896484375 387.899993896484375 386.0625 376.412506103515625 368.79376220703125 360.45623779296875 353.056243896484375 345.16876220703125 347.556243896484375
336.90625 334.23126220703125 331.975006103515625 329.70001220703125 330.45001220703125 330.91876220703125 333.73126220703125 334.662506103515625 335.41876220703125 336.431243896484375 337.6875 336.60626220703125 338.45001220703125 336.08123779296875 337.4375 337.943756103515625 339.681243896484375 339.73748779296875 336.73126220703125 329.912506103515625 320.243743896484375 311.91876220703125 307.46875 301.67498779296875 299.75 309.28125 316.71875 325.943756103515625 334.9375 342.29376220703125 350.41876220703125 356.506256103515625 364.8125 372.20001220703125 376.73748779296875 377.625 377.01873779296875 377.493743896484375 374.09375 369.149993896484375 363.587493896484375 357.14373779296875 352.75 351.17498779296875
329.068756103515625 325.287506103515625 322.89373779296875 322.96875 322.70623779296875 321.26873779296875 324.03125 324.67498779296875 326 327.54998779296875 331.068756103515625 335.243743896484375 336.412506103515625 337.131256103515625 338.45623779296875 340 338.90625 339.98126220703125 337.125 335.10626220703125 326.431243896484375 317.931243896484375 310.76251220703125 304.662506103515625 304.756256103515625 308.350006103515625 311.787506103515625 318.943756103515625 323.90625 330.86248779296875 338.64373779296875 344.34375 350.01873779296875 357.35626220703125 363.118743896484375 365.024993896484375 367.368743896484375 367.037506103515625 365.10626220703125 362.11248779296875 363.40625 360.34375 356.600006103515625 355.70001220703125
316.36248779296875 310.85626220703125 309.29998779296875 308.387481689453125 309.3125 307.818756103515625 307.41876220703125 309.23748779296875 310.70001220703125 315.33123779296875 324.53125 328.556243896484375 334.13751220703125 338.493743896484375 339.225006103515625 338.95001220703125 339.006256103515625 340.58123779296875 336.84375 333.51873779296875 327.98748779296875 320.212493896484375 312.493743896484375 306.71875 306.256256103515625 304.787506103515625 307.287506103515625 309.943756103515625 313.17498779296875 320.225006103515625 325.5625 329.34375 334.07501220703125 341.318756103515625 347.368743896484375 351.337493896484375 353.71875 355.23748779296875 352.39373779296875 357.23126220703125 358.037506103515625 355.90625 355.212493896484375 356.86248779296875
301.368743896484375 297.506256103515625 296.556243896484375 295.212493896484375 294.51251220703125 294.712493896484375 294.33123779296875 293.73126220703125 295.70001220703125 301.462493896484375 310.08123779296875 320.32501220703125 329.912506103515625 334.037506103515625 336.006256103515625 334.67498779296875 335.20623779296875 336.51873779296875 334.256256103515625 331.23126220703125 326.08123779296875 319.63751220703125 312.993743896484375 304.29998779296875 303.587493896484375 300.649993896484375 299.462493896484375 299.787506103515625 301.71875 306.037506103515625 310.631256103515625 315.631256103515625 319.993743896484375 326.087493896484375 332.149993896484375 335.58123779296875 339.01251220703125 337.95001220703125 342.006256103515625 346.79376220703125 347.568756103515625 348.725006103515625 350.725006103515625 354.393768310546875
284.962493896484375 283.537506103515625 284.024993896484375 281.350006103515625 279.79998779296875 278.8125 277.54376220703125 277.65625 278.381256103515625 282.875 295.45623779296875 310.86248779296875 325.76251220703125 335.83123779296875 336.07501220703125 334.29998779296875 331.837493896484375 330.04376220703125 330.57501220703125 325.918731689453125 323.20001220703125 315.712493896484375 309.868743896484375 299.67498779296875 296.65625 295.181243896484375 292.837493896484375 289.962493896484375 290.524993896484375 295.38751220703125 298.60626220703125 303.34375 305.79998779296875 311.774993896484375 316.09375 318.51251220703125 319.70001220703125 326.64373779296875 331.081268310546875 334.712493896484375 335.98126220703125 338.83123779296875 342.84375 346.818756103515625
271.3125 271.58123779296875 271.287506103515625 269.01251220703125 266.5625 263.943756103515625 262.70623779296875 261.04998779296875 258.9375 261.45001220703125 272.368743896484375 291.743743896484375 312.8125 325.59375 327.45001220703125 326.58123779296875 325.3125 324.318756103515625 324.32501220703125 323.01251220703125 318.274993896484375 312.46875 302.850006103515625 294.64373779296875 289.600006103515625 287.318756103515625 285.32501220703125 283.193756103515625 282.82501220703125 285.568756103515625 288.306243896484375 290.818756103515625 292.662506103515625 298.29376220703125 300.462493896484375 299.881256103515625 306.38751220703125 312.95623779296875 315.774993896484375 319.86248779296875 323.649993896484375 325.96875 328.63751220703125 332.912506103515625
258.725006103515625 260.32501220703125 259.212493896484375 257.54998779296875 254.712493896484375 252.0749969482421875 250.662506103515625 246.0812530517578125 240.4187469482421875 238.4875030517578125 251.725006103515625 278.337493896484375 297.88751220703125 309.33123779296875 315.068756103515625 316.399993896484375 314.16876220703125 314.41876220703125 315.431243896484375 312.26251220703125 308.51873779296875 302.29376220703125 293.46875 286.625 280.806243896484375 278.212493896484375 277.3125 275.95001220703125 274.61248779296875 275.818756103515625 278.868743896484375 281.618743896484375 282.806243896484375 284.931243896484375 285.681243896484375 287.63751220703125 293.712493896484375 300.70001220703125 305.381256103515625 306.34375 309.8125 311.524993896484375 315.318756103515625 318.48748779296875
249.4499969482421875 249.2687530517578125 247.318756103515625 246.431243896484375 243.8625030517578125 242 239.475006103515625 234.1500091552734375 229.9375 226.037506103515625 245.024993896484375 270.86248779296875 286.6875 297.26251220703125 302.63751220703125 305.20001220703125 302.95001220703125 304.256256103515625 302.25 298.193756103515625 294.524993896484375 288.1875 282.631256103515625 276.48126220703125 270.98126220703125 270.024993896484375 267.024993896484375 267.54998779296875 267.225006103515625 268.75 269.14373779296875 271.524993896484375 273.868743896484375 274.21875 272.10626220703125 277.70001220703125 283.15625 287.5625 293.8125 295.556243896484375 296.45623779296875 298.725006103515625 299.649993896484375 301
240.4187469482421875 238.0625 236.7687530517578125 236.8000030517578125 236.162506103515625 233.3625030517578125 231.8312530517578125 229.7062530517578125 231.6999969482421875 240.431243896484375 259.57501220703125 272.243743896484375 279.100006103515625 287.618743896484375 292.625 293.59375 292.73126220703125 292.63751220703125 287.96875 285.45623779296875 280.89373779296875 274.524993896484375 269.73748779296875 266.35626220703125 262.912506103515625 260.14373779296875 258.899993896484375 259.71875 259.79376220703125 262.899993896484375 264.45623779296875 264.149993896484375 266.131256103515625 268.16876220703125 271.48748779296875 273.70623779296875 276.25 280.975006103515625 283.693756103515625 282.943756103515625 284.20623779296875 286.71875 286.337493896484375 288.61248779296875
230.7937469482421875 229.2687530517578125 228.8000030517578125 229.475006103515625 229.443756103515625 228.693756103515625 226.5749969482421875 229.087493896484375 234.3000030517578125 242.993743896484375 254.8125 265.86248779296875 271.899993896484375 278.475006103515625 282.64373779296875 283.36248779296875 282.943756103515625 282.087493896484375 276.431243896484375 271.92498779296875 266.23748779296875 262.625 255.725006103515625 252.693756103515625 252.9375 251.8312530517578125 251.8125 253.3874969482421875 254.3625030517578125 257.131256103515625 256.95001220703125 261.46875 266.006256103515625 268.15625 271.42498779296875 272.524993896484375 273.287506103515625 276.162506103515625 276.350006103515625 272.787506103515625 272.212493896484375 274.04998779296875 272.29376220703125 273.587493896484375
