data/historical-monthly-weather-data/wc2.1_cruts4.09_10m_prec_1982-03.asc
ncols        45
nrows        45
xllcorner    -63.500000000000
yllcorner    -7.500000000000
cellsize     0.166666666667
NODATA_value -9999
[rows 0 to 19 of 45, columns 0 to 44 of 45]
214.6875 212.506256103515625 206.2312469482421875 205.4375 202.256256103515625 197.8312530517578125 189.84375 181.850006103515625 174.78125 171.09375 170.96875 172.8312530517578125 175.0812530517578125 175.15625 177.0812530517578125 179.068756103515625 183.1875 183.8000030517578125 186.837493896484375 189.5437469482421875 193.28125 196.068756103515625 199.993743896484375 204.318756103515625 211.09375 218.193756103515625 227.318756103515625 240.28125 253.25 267.08123779296875 286.36248779296875 303.01873779296875 320.149993896484375 340.412506103515625 359.762481689453125 374.4375 386.899993896484375 399.649993896484375 409.63751220703125 416.95623779296875 424.443756103515625 429.743743896484375 432.54998779296875 436.274993896484375 432.73126220703125
226.0812530517578125 225.2375030517578125 225.375 226.46875 226.337493896484375 221.524993896484375 213.3312530517578125 206.3812408447265625 201.8249969482421875 198.368743896484375 197.475006103515625 197.850006103515625 198.618743896484375 198.28125 198.90625 200.2062530517578125 202.975006103515625 205.556243896484375 208.2624969482421875 211.2375030517578125 214.6125030517578125 217.725006103515625 221.9375 225.556243896484375 229.8562469482421875 235.162506103515625 242.6687469482421875 254.337493896484375 265.01251220703125 277.537506103515625 292.92498779296875 310.04998779296875 323.712493896484375 343.21875 358.04376220703125 371.868743896484375 384.82501220703125 395.931243896484375 404.35626220703125 409.85626220703125 417.14373779296875 421.70623779296875 424.03125 426.76251220703125 424.431243896484375
234.537506103515625 235.662506103515625 238.818756103515625 242.15625 243.0437469482421875 239.837493896484375 236.34375 233.381256103515625 230.5437469482421875 228.6937408447265625 225.7687530517578125 224.09375 223.9187469482421875 223.037506103515625 222.84375 224.3625030517578125 226.212493896484375 229.024993896484375 231.0812530517578125 233.6437530517578125 237.5124969482421875 241.537506103515625 244.6437530517578125 248.4375 252.5749969482421875 255.6750030517578125 261.9375 271.287506103515625 278.962493896484375 289.274993896484375 303.98126220703125 319.306243896484375 333.73748779296875 349.46875 367.36248779296875 378.193756103515625 391.45001220703125 405.006256103515625 412.4375 419.181243896484375 425.54376220703125 427.875 428.399993896484375 428.29998779296875 427.5
240.3249969482421875 244.1875 252.037506103515625 256.837493896484375 259.837493896484375 258.381256103515625 258.306243896484375 259.431243896484375 260.625 260.20623779296875 256.381256103515625 251.8312530517578125 248.806243896484375 246.6750030517578125 246.475006103515625 247.3562469482421875 250.337493896484375 253.625 256.006256103515625 258 262.95623779296875 266.0625 267.54998779296875 270.756256103515625 274.375 276.75 281.16876220703125 285.83123779296875 291.0625 300.949981689453125 312.274993896484375 327.98748779296875 341.54376220703125 356.61248779296875 373.28125 387.01251220703125 401.29376220703125 415.568756103515625 424.95623779296875 430.806243896484375 434.38751220703125 436.01251220703125 435.11248779296875 432.243743896484375 430.875
253.125 255.7687530517578125 261.61248779296875 269.26873779296875 274.368743896484375 275.39373779296875 276.618743896484375 280.975006103515625 286.75 290.20001220703125 284.95623779296875 276.774993896484375 272.318756103515625 271.20001220703125 269.725006103515625 271.26251220703125 273.756256103515625 278.32501220703125 279.693756103515625 280.625 286.08123779296875 288.306243896484375 290.787506103515625 294.01251220703125 296.493743896484375 298.28125 298.63751220703125 300.431243896484375 305.84375 311.79376220703125 322.756256103515625 334.381256103515625 349.78125 365.58123779296875 381.76251220703125 396.225006103515625 410.39373779296875 424.149993896484375 434.4375 439.14373779296875 443.725006103515625 441.73126220703125 438.36248779296875 435.26251220703125 431.60626220703125
264.20001220703125 267.693756103515625 275.21875 279.756256103515625 281.287506103515625 283.287506103515625 285.193756103515625 289.17498779296875 296.41876220703125 302.649993896484375 295.35626220703125 287.39373779296875 285.13751220703125 283.824981689453125 284.04376220703125 286.29998779296875 289.9375 295.11248779296875 298.76873779296875 300.23126220703125 304.82501220703125 308.3125 311.28125 313.056243896484375 314.712493896484375 316.9375 316.20623779296875 315.35626220703125 316.943756103515625 322.70001220703125 330.556243896484375 340.86248779296875 352.712493896484375 370.20623779296875 387.024993896484375 399.524993896484375 414.818756103515625 427.89373779296875 437.78125 444.20623779296875 445.70001220703125 443.631256103515625 439.725006103515625 435.399993896484375 430.23126220703125
273.306243896484375 276.243743896484375 282.42498779296875 284.3125 283.20623779296875 283.95623779296875 285.274993896484375 286.125 287.943756103515625 289.743743896484375 290.756256103515625 289.48126220703125 290.59375 292.01873779296875 294.41876220703125 297.79376220703125 302.48126220703125 307.600006103515625 312.04998779296875 317.89373779296875 322.006256103515625 327.03125 329.943756103515625 331.556243896484375 333.181243896484375 333.82501220703125 332.08123779296875 329.306243896484375 327.01873779296875 329.53125 338.181243896484375 346.024993896484375 356.506256103515625 369.96875 385.70623779296875 399 412.01251220703125 424.65625 438.20001220703125 442.412506103515625 439.73748779296875 437.96875 434.04376220703125 429.89373779296875 427.256256103515625
278.537506103515625 280.53125 283.98126220703125 285.631256103515625 285.625 285.493743896484375 282.506256103515625 276.649993896484375 271.32501220703125 273.23748779296875 281.71875 287.75 294.006256103515625 299.08123779296875 303.11248779296875 307.975006103515625 311.8125 316.806243896484375 323.149993896484375 330.899993896484375 337.412506103515625 343.48748779296875 347.96875 348.84375 351.88751220703125 350.48126220703125 345.743743896484375 341.03125 335.693756103515625 336.16876220703125 341 350.03125 358.04376220703125 369.537506103515625 383.07501220703125 394.63751220703125 406.556243896484375 417.63751220703125 428.875 431.875 430.131256103515625 428.16876220703125 424.54376220703125 420.350006103515625 416.462493896484375
282.60626220703125 283.73126220703125 287.225006103515625 288.91876220703125 288.15625 287.07501220703125 282.8125 274.506256103515625 262.868743896484375 261.26873779296875 274.83123779296875 285.462493896484375 295.368743896484375 301.11248779296875 307.29998779296875 313.98126220703125 319.03125 324.399993896484375 332.806243896484375 340.975006103515625 345.39373779296875 353.82501220703125 359.29998779296875 366.03125 369.056243896484375 365.95623779296875 357.10626220703125 349.04998779296875 343.943756103515625 341.86248779296875 345.568756103515625 352.91876220703125 359.625 368.59375 378.837493896484375 389.63751220703125 401.73126220703125 410.693756103515625 419.92498779296875 421.743743896484375 419.850006103515625 417.543731689453125 414.73126220703125 410.42498779296875 403.568756103515625
286.54376220703125 286.881256103515625 289.51873779296875 291.01251220703125 291.149993896484375 290.3125 287.131256103515625 280.381256103515625 272.587493896484375 271.98126220703125 280.48126220703125 287.83123779296875 297.256256103515625 304.231231689453125 311.36248779296875 319.456268310546875 326.618743896484375 332.3125 339.868743896484375 347.86248779296875 352.95623779296875 362.58123779296875 372.556243896484375 383.3125 384.23126220703125 380.125 369.774993896484375 359.212493896484375 350.71875 345.82501220703125 346.70001220703125 354.17498779296875 360.818756103515625 369.3125 377.39373779296875 385.568756103515625 394.693756103515625 402.787506103515625 410.84375 413.3125 411.95623779296875 410.1875 404.73126220703125 395.63751220703125 389.59375
290.10626220703125 290.243743896484375 291.82501220703125 293.556243896484375 294.9375 295.681243896484375 293.962493896484375 288.54998779296875 284.57501220703125 285.375 290.07501220703125 295.850006103515625 302.33123779296875 309.73126220703125 317.54376220703125 325.625 333.20623779296875 339.056243896484375 344.993743896484375 352.462493896484375 360.506256103515625 371.475006103515625 386.100006103515625 395.38751220703125 401.381256103515625 393.29998779296875 380.649993896484375 370.76251220703125 359.60626220703125 351.14373779296875 351.26251220703125 355.67498779296875 360.399993896484375 367.212493896484375 374.34375 380.04998779296875 386.54998779296875 392.95623779296875 400.13751220703125 404.03125 402.756256103515625 399.08123779296875 391.4375 381.25 374.350006103515625
292.5 292.92498779296875 294.600006103515625 297.23748779296875 298.162506103515625 300.75 301.45001220703125 298.350006103515625 296.23748779296875 296.54998779296875 299.60626220703125 303.975006103515625 308.91876220703125 315.618743896484375 325.600006103515625 333.58123779296875 338.5625 342.90625 348.28125 354.45623779296875 360.5 373.5 392.443756103515625 408.943756103515625 412.475006103515625 397.287506103515625 382.71875 372.36248779296875 364.41876220703125 359.199981689453125 354.86248779296875 355.53125 358.287506103515625 363.212493896484375 368.41876220703125 375.600006103515625 382.76251220703125 388.90625 394.91876220703125 400.068756103515625 399.91876220703125 393.83123779296875 381.57501220703125 364.61248779296875 352.88751220703125
294.600006103515625 294.86248779296875 297.181243896484375 299.16876220703125 301.13751220703125 305 306.33123779296875 305.774993896484375 304.58123779296875 306.26251220703125 310.26873779296875 314.243743896484375 319.86248779296875 324.07501220703125 332.806243896484375 339.98748779296875 343.92498779296875 348.29998779296875 353.931243896484375 357.725006103515625 360.006256103515625 372.70623779296875 391.274993896484375 404.42498779296875 400.08123779296875 388.04998779296875 381.71875 375.0625 369.29376220703125 364.84375 360.068756103515625 356.08123779296875 355.70623779296875 358.818756103515625 362.82501220703125 368.506256103515625 375.8125 382.45623779296875 389.993743896484375 396.943756103515625 398.95623779296875 390.037506103515625 368.59375 347.51251220703125 331.9375
295.125 296.131256103515625 298.443756103515625 300.63751220703125 303.67498779296875 306.41876220703125 309.63751220703125 312.1875 314.04376220703125 316.29998779296875 319.756256103515625 324.443756103515625 329.381256103515625 335.35626220703125 339.45623779296875 346.1875 349.506256103515625 352.76873779296875 357.287506103515625 361.975006103515625 367.25 376.88751220703125 389.193756103515625 394.975006103515625 391.54998779296875 385.693756103515625 381.3125 376.23748779296875 371.25 367 363.287506103515625 357.98748779296875 353.35626220703125 352.350006103515625 354.59375 361.131256103515625 369.587493896484375 375.78125 382.306243896484375 387.725006103515625 388.61248779296875 373.556243896484375 354.46875 337.63751220703125 324.037506103515625
294.475006103515625 294.631256103515625 297.506256103515625 301.61248779296875 305.524993896484375 308.82501220703125 313.82501220703125 318.35626220703125 320.8125 323.712493896484375 328.21875 332.98748779296875 337.98748779296875 343.23748779296875 344.631256103515625 349.743743896484375 352.26251220703125 356.48126220703125 359.806243896484375 363.931243896484375 370.34375 378.100006103515625 386.33123779296875 389.875 389.787506103515625 388.943756103515625 384.90625 380.0625 376.13751220703125 372.100006103515625 364.76873779296875 357.212493896484375 352.04376220703125 345.48126220703125 343.600006103515625 352.100006103515625 362.5 368.92498779296875 370.28125 368.01251220703125 360.32501220703125 351.91876220703125 343.60626220703125 330.98126220703125 320.07501220703125
291.40625 292.35626220703125 296.40625 301.29998779296875 306.29376220703125 312.1875 317.38751220703125 322.193756103515625 327.350006103515625 332.10626220703125 336.03125 341.837493896484375 347.21875 351.57501220703125 352.78125 353.931243896484375 355.04376220703125 359.01873779296875 361.818756103515625 366.26873779296875 371.54376220703125 377.462493896484375 383.962493896484375 386.76251220703125 387.774993896484375 389.48748779296875 386.96875 383.95623779296875 382.26873779296875 377.587493896484375 370.79998779296875 361.306243896484375 352.068756103515625 344.462493896484375 339.993743896484375 354.0625 362.08123779296875 360.481231689453125 355.48748779296875 349.225006103515625 340.1875 335.931243896484375 331.274993896484375 323.10626220703125 313.90625
288.649993896484375 290.806243896484375 294.63751220703125 300.65625 307.256256103515625 313.912506103515625 321.38751220703125 327.42498779296875 333.149993896484375 338.931243896484375 343.14373779296875 350.0625 356.29376220703125 359.45623779296875 361.51873779296875 360.306243896484375 356.993743896484375 358.524993896484375 362.42498779296875 366.07501220703125 370.8125 376.45623779296875 382.75 385.462493896484375 387.91876220703125 388.399993896484375 387.1875 386.487518310546875 384.79376220703125 382.056243896484375 376.07501220703125 366.625 357.868743896484375 353.95001220703125 361.86248779296875 371.29998779296875 368.6875 358.350006103515625 346.131256103515625 334.85626220703125 326.9375 324.118743896484375 319.54376220703125 313.649993896484375 307.100006103515625
283.868743896484375 287.181243896484375 293.131256103515625 300.83123779296875 308.48748779296875 315.90625 323.54376220703125 331.20623779296875 338.15625 344.337493896484375 349.912506103515625 358.412506103515625 363.399993896484375 367.48748779296875 368.162506103515625 364.83123779296875 360.64373779296875 354.462493896484375 360.89373779296875 363.98748779296875 369.706268310546875 374.100006103515625 378.118743896484375 380.274993896484375 382.631256103515625 386.1875 384.09375 385.48748779296875 386.787506103515625 384.506256103515625 377.35626220703125 362.443756103515625 355.70623779296875 357.66876220703125 371.42498779296875 389.537506103515625 374.28125 354.681243896484375 338.64373779296875 328.04376220703125 317.83123779296875 314.225006103515625 310.4375 304.86248779296875 298.66876220703125
278.287506103515625 282.975006103515625 289.79998779296875 298.73126220703125 308.5 318.04376220703125 327.07501220703125 335.65625 342.756256103515625 349.537506103515625 355.625 361.524993896484375 368.881256103515625 374.368743896484375 372.14373779296875 366.78125 360.462493896484375 353.149993896484375 353.306243896484375 356.89373779296875 364.306243896484375 370.15625 368.28125 371.181243896484375 375.25 380.45001220703125 381.04998779296875 381.399993896484375 384.16876220703125 384.20001220703125 378.9375 360.26251220703125 347.381256103515625 340.443756103515625 346.8125 360.899993896484375 352.95001220703125 340.149993896484375 330.193756103515625 319.92498779296875 311.26873779296875 306.243743896484375 302.375 297.48748779296875 291.756256103515625
270.01873779296875 276.96875 285.01873779296875 295.29376220703125 306.85626220703125 318.868743896484375 329.712493896484375 339.600006103515625 347.318756103515625 353.59375 359.193756103515625 364.412506103515625 372.681243896484375 380.056243896484375 373.9375 362.70623779296875 351.993743896484375 349.681243896484375 347.625 349.46875 352.73126220703125 354.90625 357.975006103515625 360.212493896484375 364.5 369.225006103515625 371.375 374.34375 375.4375 372.73126220703125 364.806243896484375 350.01251220703125 329.712493896484375 310.89373779296875 300.100006103515625 309.86248779296875 321.443756103515625 322.100006103515625 319.04998779296875 313.20001220703125 305.38751220703125 299.98748779296875 296.34375 291.931243896484375 287.193756103515625
