data/historical-monthly-weather-data/wc2.1_cruts4.09_10m_prec_1957-10.asc
ncols        51
nrows        45
xllcorner    -63.500000000000
yllcorner    -7.500000000000
cellsize     0.166666666667
NODATA_value -9999
[rows 19 to 37 of 45, columns 0 to 43 of 51]
177.943756103515625 179.6687469482421875 182.4187469482421875 185.243743896484375 187.8562469482421875 190.6437530517578125 192.2937469482421875 192.1687469482421875 189.4187469482421875 184.75 177.787506103515625 170.09375 162.524993896484375 155.306243896484375 150.875 147.6875 142.712493896484375 140.912506103515625 140.3625030517578125 141.34375 142.3562469482421875 146.90625 155.287506103515625 162.5749969482421875 165.962493896484375 163.9562530517578125 157.375 148.381256103515625 134.5562591552734375 119.69374847412109375 109.5187530517578125 110.21875 111.8000030517578125 113.00624847412109375 112.4562530517578125 107.63124847412109375 105.2937469482421875 105.5500030517578125 105.59999847412109375 104.0187530517578125 100.9562530517578125 96.1750030517578125 88.09999847412109375 80.4562530517578125
172.681243896484375 176.96875 182.462493896484375 187.4625091552734375 191.850006103515625 195.3000030517578125 198.368743896484375 199.1875 196.7687530517578125 191.0187530517578125 183.3874969482421875 174.243743896484375 165.412506103515625 156.2624969482421875 151.1312408447265625 146.7937469482421875 142.0749969482421875 139.537506103515625 140.5437469482421875 141.03125 143.8625030517578125 148.399993896484375 153.2937469482421875 158.006256103515625 161.4375 161.2312469482421875 156.15625 146.381256103515625 136.46875 128.287506103515625 122.47499847412109375 121.46875 122.38124847412109375 124.97499847412109375 127.84999847412109375 121.90000152587890625 115.24375152587890625 111.90000152587890625 109.2624969482421875 106.6750030517578125 103.40625 98.59999847412109375 91.7937469482421875 85.1750030517578125
167.7937469482421875 174.875 182.375 189.212493896484375 195.600006103515625 200.6687469482421875 204.5625 206.84375 205.71875 199.21875 189.837493896484375 179.3937530517578125 169.649993896484375 161.306243896484375 155.225006103515625 150.7312469482421875 147.0749969482421875 144.5812530517578125 144.1687469482421875 144.556243896484375 145.006256103515625 147.881256103515625 152.193756103515625 155.181243896484375 156.5625 156.256256103515625 153.875 147.975006103515625 142.3000030517578125 137.15625 133.0625 131.59375 131.8625030517578125 133.850006103515625 134.0749969482421875 129.5749969482421875 122.78125 117.16249847412109375 113.0124969482421875 109.8937530517578125 106.2312469482421875 101.4375 95.78749847412109375 89.5
165.59375 175.618743896484375 184.899993896484375 193.0749969482421875 199.5812530517578125 205.274993896484375 210.3874969482421875 214.712493896484375 216.225006103515625 207.774993896484375 196.6750030517578125 184.443756103515625 174.9187469482421875 167.475006103515625 161.0062408447265625 155.9375 152.0437469482421875 150.0812530517578125 148.8249969482421875 148.0812530517578125 148.4812469482421875 149.274993896484375 151.193756103515625 153.1374969482421875 153.493743896484375 151.4812469482421875 150.899993896484375 149.6062469482421875 146.0812530517578125 143.3125 141.75 141.274993896484375 140.524993896484375 141.15625 140.1875 135.337493896484375 128.7312469482421875 121.8125 117.0187530517578125 114.8249969482421875 111.5625 106.78125 101.21875 94.78125
166.9499969482421875 179.1750030517578125 190.6437530517578125 197.975006103515625 204.125 209.5124969482421875 213.881256103515625 218.443756103515625 219.162506103515625 211.2874908447265625 199.4812469482421875 188.375 179.256256103515625 171.90625 166.1687469482421875 161.1999969482421875 157.6374969482421875 155.243743896484375 153.28125 151.6999969482421875 151.6750030517578125 152.3249969482421875 152.2062530517578125 152.59375 151.506256103515625 147.899993896484375 146.0500030517578125 147.506256103515625 148.3312530517578125 148.09375 147.9187469482421875 147.9250030517578125 147.412506103515625 147.068756103515625 145.943756103515625 142.2687530517578125 136.412506103515625 129.3937530517578125 124.9875030517578125 121.96250152587890625 118.59375 113.8125 107.9499969482421875 101.02500152587890625
174.068756103515625 185.9499969482421875 198.0124969482421875 203.524993896484375 208.7624969482421875 212.943756103515625 215.912506103515625 218.056243896484375 217.0625 211.3874969482421875 202.6750030517578125 192.8312530517578125 184.53125 177.5187530517578125 171.818756103515625 167.46875 163.7062530517578125 161.006256103515625 158.5124969482421875 156.556243896484375 155.7375030517578125 154.506256103515625 154.28125 153.4562530517578125 151.9875030517578125 150.274993896484375 148.9250030517578125 149.9812469482421875 151.3562469482421875 151.962493896484375 152.2624969482421875 151.868743896484375 152.4499969482421875 152.006256103515625 151.34375 147.7874908447265625 143.9250030517578125 139.5437469482421875 134.850006103515625 131.7375030517578125 128.037506103515625 122.7312469482421875 116.3562469482421875 109.83750152587890625
183.493743896484375 193.243743896484375 200.9875030517578125 207.5124969482421875 211.8249969482421875 214.6374969482421875 216.3625030517578125 217.068756103515625 216.0187530517578125 212.243743896484375 204.056243896484375 196.4187469482421875 188.806243896484375 182.2375030517578125 177.631256103515625 173.475006103515625 170.162506103515625 166.7937469482421875 164.087493896484375 161.6062469482421875 160.2062530517578125 158.1687469482421875 157.0812530517578125 156.0437469482421875 154.818756103515625 153.7687530517578125 153.506256103515625 153.7937469482421875 154.712493896484375 155.65625 154.993743896484375 155.7624969482421875 157.037506103515625 156.8125 157.0500030517578125 154.475006103515625 151.78125 149.350006103515625 145.5500030517578125 142.412506103515625 138.818756103515625 133.3625030517578125 126.47499847412109375 119.7937469482421875
194.4187469482421875 199.068756103515625 204.4875030517578125 208.9812469482421875 212.0812530517578125 214.6875 215.625 215.8000030517578125 213.837493896484375 209.649993896484375 204.774993896484375 198.625 192.25 186.5500030517578125 182.006256103515625 178.631256103515625 174.774993896484375 171.912506103515625 168.8125 165.9375 164.162506103515625 161.6125030517578125 159.7249908447265625 159.7687530517578125 158.131256103515625 157.1437530517578125 156.71875 156.8562469482421875 157.7375030517578125 158.21875 158.6750030517578125 158.443756103515625 160.5625 161.5749969482421875 161.9124908447265625 160.84375 159.6437530517578125 158.46875 156.131256103515625 154.493743896484375 151.618743896484375 146.5812530517578125 139.8874969482421875 132.693756103515625
204.850006103515625 206.2062530517578125 208.9187469482421875 211.4499969482421875 212.8562469482421875 214.493743896484375 215.524993896484375 214.6875 212.306243896484375 209.193756103515625 204.7375030517578125 199.7624969482421875 195.1687469482421875 189.7062530517578125 186.037506103515625 183 180.056243896484375 176.306243896484375 173.443756103515625 171.0812530517578125 168.274993896484375 165.1999969482421875 163.618743896484375 162.6750030517578125 161.100006103515625 160.350006103515625 160.3625030517578125 160.625 160.3625030517578125 160.537506103515625 160.337493896484375 160.6999969482421875 163.412506103515625 165.15625 167.337493896484375 166.96875 166.506256103515625 167.618743896484375 166.33123779296875 166.4875030517578125 166.524993896484375 161.162506103515625 152.9562530517578125 146.6374969482421875
214.7687530517578125 213.6875 213.25 214.0749969482421875 213.993743896484375 213.912506103515625 213.5812530517578125 212.868743896484375 210.8874969482421875 208.868743896484375 205.8312530517578125 201.806243896484375 197.6374969482421875 192.78125 190.024993896484375 187.2624969482421875 184.9499969482421875 181.274993896484375 178.0812530517578125 175.5500030517578125 172.006256103515625 168.8562469482421875 166.6750030517578125 165.3249969482421875 163.6687469482421875 163.193756103515625 163.1875 163.1875 163.774993896484375 163.2687530517578125 162.1687469482421875 162.493743896484375 165.7375030517578125 168.4250030517578125 171.431243896484375 172.537506103515625 173.28125 174.8249969482421875 174.068756103515625 175.2062530517578125 177.287506103515625 171.993743896484375 164.037506103515625 160.024993896484375
220.53125 217.875 215.6437530517578125 213.65625 212.6437530517578125 211.1125030517578125 210.7624969482421875 210.631256103515625 209.84375 207.756256103515625 206.25 202.65625 199.8625030517578125 196.131256103515625 193.368743896484375 191.34375 188.28125 185.537506103515625 182.006256103515625 178.28125 175.0500030517578125 171.837493896484375 168.943756103515625 166.8562469482421875 165.556243896484375 165.65625 165.4187469482421875 165.024993896484375 164.725006103515625 164.375 164.1687469482421875 164.600006103515625 167.90625 171.600006103515625 174.774993896484375 176.5812530517578125 177.993743896484375 180.6687469482421875 178.6875 178.756256103515625 180.6125030517578125 179.4562530517578125 174.787506103515625 173.6125030517578125
224.881256103515625 220.53125 217.3000030517578125 212.818756103515625 210.787506103515625 210.212493896484375 209.443756103515625 209.2062530517578125 208.3312530517578125 206.725006103515625 206.375 204.3562469482421875 203.0124969482421875 200.2062530517578125 196.975006103515625 194.962493896484375 192.712493896484375 189.1750030517578125 185.4562530517578125 181.9250030517578125 177.8562469482421875 174.431243896484375 171.3312530517578125 168.8937530517578125 167.4875030517578125 166.9250030517578125 166.568756103515625 166.024993896484375 165.431243896484375 165.1999969482421875 165.8125 166.631256103515625 170.212493896484375 174.493743896484375 178.21875 179.90625 182.368743896484375 185.756256103515625 183.024993896484375 178.6374969482421875 181.243743896484375 184.2687530517578125 184.6062469482421875 184.068756103515625
226.8625030517578125 221.4812469482421875 216.2687530517578125 212.318756103515625 210.9562530517578125 208.493743896484375 207.337493896484375 207.09375 206.506256103515625 205.8125 205.8249969482421875 205.399993896484375 204.3625030517578125 202.96875 201.056243896484375 198.9875030517578125 195.7624969482421875 191.3249969482421875 188.5562591552734375 184.9187469482421875 180.4812469482421875 176.5562591552734375 173.274993896484375 170.3874969482421875 168.9562530517578125 167.8249969482421875 167.212493896484375 166.649993896484375 165.818756103515625 166.3312530517578125 167.2375030517578125 168.006256103515625 172.0437469482421875 177.15625 180.649993896484375 183.2937469482421875 186.587493896484375 190.2937469482421875 186.743743896484375 184.09375 188.03125 192.7687530517578125 194.3874969482421875 196.024993896484375
225.318756103515625 219.5 214.3562469482421875 210.993743896484375 208.243743896484375 205.4499969482421875 203.462493896484375 202.2937469482421875 201.84375 202.2375030517578125 205.943756103515625 205.818756103515625 206.743743896484375 207.3625030517578125 205.0625 201.912506103515625 197.568756103515625 193.368743896484375 190.0124969482421875 186.3874969482421875 181.7687530517578125 177.6750030517578125 173.899993896484375 171.4812469482421875 169.681243896484375 168.3000030517578125 167.5437469482421875 166.493743896484375 165.756256103515625 167.3937530517578125 168.693756103515625 170.118743896484375 173 178.3000030517578125 183.5 187.96875 191.2375030517578125 193.8625030517578125 192.4812469482421875 194.712493896484375 199.600006103515625 203.868743896484375 206.9875030517578125 209.431243896484375
221.4375 216.4812469482421875 212.3125 209.0625 204.875 201.9250030517578125 199.3000030517578125 197.6374969482421875 196.4812469482421875 197.8625030517578125 201.274993896484375 205.412506103515625 209.899993896484375 210.0437469482421875 208.2062530517578125 204.1999969482421875 199.4250030517578125 195.3937530517578125 190.9187469482421875 187.71875 182.90625 178.462493896484375 174.600006103515625 171.368743896484375 169.8874969482421875 168.4187469482421875 167.03125 165.8312530517578125 165.4562530517578125 167.493743896484375 169.9187469482421875 172.3562469482421875 176.2062530517578125 180.4250030517578125 186.506256103515625 191.2687530517578125 194.618743896484375 197.743743896484375 199.631256103515625 204.2624969482421875 208.787506103515625 213.725006103515625 219.3000030517578125 223.618743896484375
217.1875 213.4375 208.7937469482421875 205.71875 201.4187469482421875 197.993743896484375 194.65625 192.75 190.3937530517578125 191.8874969482421875 197.037506103515625 203.8562469482421875 211.21875 214.443756103515625 210.4562530517578125 205.8125 200.8562469482421875 196.506256103515625 192.1875 188.0187530517578125 183.5 178.6125030517578125 174.59375 170.962493896484375 169.274993896484375 167.7375030517578125 166.6062469482421875 165.899993896484375 165.53125 167.7312469482421875 170.46875 173.943756103515625 178.100006103515625 183.2624969482421875 188.53125 192.6374969482421875 196.3000030517578125 201.7937469482421875 205.5812530517578125 210.6750030517578125 216.181243896484375 220.9875030517578125 227.631256103515625 232.9250030517578125
211.225006103515625 207.8562469482421875 204.4187469482421875 200.59375 196.6687469482421875 193.431243896484375 189.2937469482421875 186.2062530517578125 183.1062469482421875 183.2375030517578125 189.618743896484375 198.4812469482421875 208.3562469482421875 212.743743896484375 209.9812469482421875 205.375 200.1875 196.318756103515625 192.225006103515625 187.806243896484375 183.5812530517578125 179.15625 174.1062469482421875 170.7937469482421875 168.818756103515625 166.868743896484375 165.6750030517578125 165.15625 164.9812469482421875 167.8937530517578125 170.850006103515625 174.4812469482421875 178.6875 184.4812469482421875 188.850006103515625 192.162506103515625 198.2312469482421875 203.0437469482421875 207.337493896484375 212.3249969482421875 218.4562530517578125 223.681243896484375 227.78125 233.7312469482421875
205.1875 202.399993896484375 199.318756103515625 195.993743896484375 192.4312591552734375 188.618743896484375 184.09375 180.0812530517578125 175.6999969482421875 172.868743896484375 180.899993896484375 195.225006103515625 204.2687530517578125 208.03125 207.0625 203.7687530517578125 198.743743896484375 195.256256103515625 190.9499969482421875 186.350006103515625 182.1437530517578125 177.649993896484375 173.399993896484375 169.78125 167.412506103515625 165.662506103515625 164.46875 164.225006103515625 164.725006103515625 167.774993896484375 171.381256103515625 174.506256103515625 179.90625 185.5812530517578125 188.875 193.725006103515625 199.131256103515625 204.7687530517578125 208.9250030517578125 213.21875 218.693756103515625 222.09375 226.993743896484375 233.3562469482421875
199.693756103515625 197.5187530517578125 194.5812530517578125 191.693756103515625 188.725006103515625 184.837493896484375 181.3874969482421875 177.3874969482421875 173.3562469482421875 168.5749969482421875 181.9187469482421875 196.381256103515625 202.5749969482421875 205.84375 204.818756103515625 201.868743896484375 197.056243896484375 193.5625 189.6437530517578125 184.7937469482421875 180.256256103515625 175.1437530517578125 170.9812469482421875 167.34375 165.6374969482421875 164.1374969482421875 162.931243896484375 163.006256103515625 163.7937469482421875 167.4187469482421875 170.506256103515625 174.5 180.1062469482421875 185.1687469482421875 189.46875 193.3562469482421875 199.4375 204.2874908447265625 209.4875030517578125 214.2062530517578125 217.21875 221.350006103515625 224.556243896484375 229.28125
