data/historical-monthly-weather-data/wc2.1_cruts4.09_10m_prec_1965-02.asc
ncols        45
nrows        45
xllcorner    -63.500000000000
yllcorner    -7.500000000000
cellsize     0.166666666667
NODATA_value -9999
[rows 20 to 39 of 45, columns 0 to 43 of 45]
157.5187530517578125 166.53125 174.131256103515625 181.9562530517578125 191.6062469482421875 198.875 206.3937530517578125 214.09375 222.006256103515625 229.274993896484375 235.375 241.5500030517578125 248.3249969482421875 254.1999969482421875 245.4812469482421875 230.118743896484375 217.381256103515625 209.0812530517578125 206.662506103515625 205.412506103515625 208.5500030517578125 211.46875 213.59375 217.4187469482421875 221.9562530517578125 227.1999969482421875 233.537506103515625 240.0187530517578125 247.4812469482421875 254.7375030517578125 256.42498779296875 251.774993896484375 236.506256103515625 216.5 198.1750030517578125 212.399993896484375 239.037506103515625 260.6875 273.912506103515625 280.118743896484375 280.32501220703125 277.35626220703125 274.73748779296875 271.712493896484375
142.806243896484375 152.8249969482421875 160.78125 169.774993896484375 178.837493896484375 186.318756103515625 193.725006103515625 201.337493896484375 209.1374969482421875 214.7375030517578125 218.431243896484375 220.8937530517578125 223.4499969482421875 224.774993896484375 221.943756103515625 214.2624969482421875 206.381256103515625 201.7312469482421875 199.681243896484375 199.431243896484375 201.493743896484375 204.8000030517578125 209.6875 214.5124969482421875 220.6437530517578125 228.162506103515625 236.21875 243.868743896484375 252.9124908447265625 261.837493896484375 266.73126220703125 263.29998779296875 250.524993896484375 236.4562530517578125 227.5 236.850006103515625 256.10626220703125 272.08123779296875 280.243743896484375 283.20623779296875 283.10626220703125 280.881256103515625 277.943756103515625 274.36248779296875
130.40625 141.2624969482421875 148.6999969482421875 157.4187469482421875 166.056243896484375 174.0187530517578125 180.4250030517578125 188.118743896484375 196.2375030517578125 199.6125030517578125 200.4250030517578125 199.5187530517578125 198.53125 199.4812469482421875 200.6999969482421875 198.431243896484375 194.381256103515625 193.024993896484375 192.1750030517578125 191.850006103515625 194.9250030517578125 198.4375 203.1875 209.006256103515625 217.3562469482421875 227.2937469482421875 236.3874969482421875 245.6062469482421875 256.70001220703125 267.8499755859375 276.350006103515625 279.193756103515625 269.037506103515625 260.556243896484375 260.568756103515625 270.16876220703125 281.774993896484375 289.743743896484375 291.5 288.774993896484375 286.20001220703125 283.618743896484375 280.34375 276.84375
118.1062469482421875 127.81874847412109375 135.131256103515625 142.712493896484375 151.1875 159.3562469482421875 166.962493896484375 174.225006103515625 182.037506103515625 184.7312469482421875 185.506256103515625 184.556243896484375 181.4187469482421875 184.962493896484375 188.662506103515625 188.8874969482421875 187.4375 188.618743896484375 189.037506103515625 189.162506103515625 191.5437469482421875 194.2937469482421875 198.15625 204.618743896484375 214.087493896484375 223.8625030517578125 235.037506103515625 246.34375 258.04998779296875 270.725006103515625 281.32501220703125 286.79376220703125 282.23748779296875 279.73126220703125 284.84375 296.48748779296875 304.07501220703125 303.774993896484375 299.649993896484375 293.850006103515625 289.51873779296875 285.243743896484375 281.6875 278.787506103515625
107.63124847412109375 115.33750152587890625 121.9375 129.399993896484375 138.037506103515625 145.40625 152.993743896484375 160.1374969482421875 166.475006103515625 170.65625 173.0124969482421875 174.1999969482421875 175.443756103515625 178.90625 181.337493896484375 182.8562469482421875 183.59375 185.9375 187.399993896484375 188.006256103515625 189.993743896484375 191.1875 193.243743896484375 199.1687469482421875 208.6374969482421875 222.2062530517578125 233.6062469482421875 246.53125 258.787506103515625 270.993743896484375 280.92498779296875 287.100006103515625 288.54998779296875 290.9375 297.32501220703125 304.21875 308.98126220703125 307.51873779296875 302.08123779296875 295.774993896484375 290.712493896484375 285.84375 282.51251220703125 281.20001220703125
99.5812530517578125 105.81874847412109375 111.22499847412109375 117.96875 125.7312469482421875 133.1062469482421875 140.0187530517578125 147.0124969482421875 153.4250030517578125 158.65625 162.6999969482421875 166.8000030517578125 171.375 175.524993896484375 178.306243896484375 179.868743896484375 181.431243896484375 184.631256103515625 187.506256103515625 188.662506103515625 189.649993896484375 188.931243896484375 188.6437530517578125 192.712493896484375 204.881256103515625 220.4187469482421875 234.71875 247.006256103515625 259.662506103515625 270.3125 279.23748779296875 286.243743896484375 290.600006103515625 295.587493896484375 302.037506103515625 306.337493896484375 309 308.23126220703125 301.39373779296875 295.34375 290.33123779296875 285.712493896484375 281.75 280.756256103515625
93.71875 98.16249847412109375 103.0187530517578125 109.50624847412109375 116.22499847412109375 122.94374847412109375 130.1437530517578125 136.65625 143.8312530517578125 150.8125 157.193756103515625 163.850006103515625 171.1374969482421875 177.7937469482421875 180.8874969482421875 183.5 185.412506103515625 188.96875 191.5812530517578125 192.462493896484375 192.6437530517578125 191.399993896484375 188.9562530517578125 191.4812469482421875 206.1437530517578125 222.4562530517578125 236.4250030517578125 248.90625 260.39373779296875 270.34375 279.35626220703125 285.39373779296875 290.90625 298.881256103515625 304.0625 308 310.318756103515625 308.9375 303.149993896484375 296.79998779296875 291.26873779296875 285.95623779296875 281.48126220703125 279.85626220703125
87.59375 90.06874847412109375 94.9187469482421875 100.77500152587890625 106.8249969482421875 113.24375152587890625 120.71250152587890625 128.318756103515625 136.318756103515625 144.743743896484375 152.556243896484375 161.59375 171.1125030517578125 179.943756103515625 184.2687530517578125 187.868743896484375 190.3874969482421875 195.03125 197.5437469482421875 198.943756103515625 199.712493896484375 198.7312469482421875 199.024993896484375 202.975006103515625 213.912506103515625 228.462493896484375 241.0625 252.75 263.243743896484375 272.5625 280.78125 287.58123779296875 295.024993896484375 300.943756103515625 305.868743896484375 309.649993896484375 310.524993896484375 310.556243896484375 304.39373779296875 297.38751220703125 291.587493896484375 286.76251220703125 282.118743896484375 281.412506103515625
81.4250030517578125 82.5500030517578125 86.9499969482421875 92.5 98.4250030517578125 105.09375 112.77500152587890625 120.69374847412109375 129.899993896484375 139.5124969482421875 148.837493896484375 159.7937469482421875 171.1999969482421875 182.7687530517578125 188.5625 193.75 198.0562591552734375 202.3562469482421875 206.181243896484375 207.662506103515625 209.225006103515625 208.96875 211.3625030517578125 216.4499969482421875 224.806243896484375 236.412506103515625 247.8562469482421875 258.274993896484375 268.912506103515625 277.337493896484375 283.83123779296875 290.9375 297.337493896484375 303.256256103515625 308.90625 311.337493896484375 313.39373779296875 313.756256103515625 309.04998779296875 300.84375 292.368743896484375 286.75 284.82501220703125 287.45001220703125
82.58750152587890625 82.19374847412109375 85.84375 90.41249847412109375 95.8562469482421875 102.65625 110.09999847412109375 118.0812530517578125 127.53749847412109375 137.9875030517578125 148.5187530517578125 161.162506103515625 174.25 187.5124969482421875 195.1875 201.068756103515625 207.318756103515625 213.6374969482421875 217.96875 219.1750030517578125 220.243743896484375 221.2624969482421875 224.181243896484375 228.806243896484375 235.7750091552734375 245.6750030517578125 255.318756103515625 264.14373779296875 273.48126220703125 280.818756103515625 288.256256103515625 295.506256103515625 301.381256103515625 307.9375 313.256256103515625 316.79998779296875 318.45623779296875 320.287506103515625 314.881256103515625 307.5625 303.53125 300.92498779296875 299.443756103515625 303.79376220703125
84.3249969482421875 82.7624969482421875 85.22499847412109375 89.05625152587890625 93.4875030517578125 100.50624847412109375 108.06874847412109375 116.2937469482421875 126.3000030517578125 137.1437530517578125 149.375 163.6875 178.756256103515625 192.6125030517578125 201.3249969482421875 209.4875030517578125 217.5812530517578125 224.96875 230.649993896484375 231.71875 232.4375 233.0437469482421875 235.475006103515625 239.625 245.787506103515625 254.59375 262.66876220703125 270.64373779296875 278.756256103515625 285.64373779296875 292.79998779296875 300.28125 307.79998779296875 315.09375 321.287506103515625 323.53125 326.15625 329.412506103515625 324.506256103515625 317.375 315.5625 316.95623779296875 317.743743896484375 319.41876220703125
86.0500030517578125 83.5500030517578125 85.34999847412109375 88.4562530517578125 91.99375152587890625 98.7687530517578125 106.49375152587890625 114.3874969482421875 124.77500152587890625 136.725006103515625 149.6750030517578125 165.475006103515625 182.21875 198.2062530517578125 208.4562530517578125 218.712493896484375 226.5250091552734375 233.4499969482421875 238.875 241.524993896484375 242.8249969482421875 244.1999969482421875 245.787506103515625 249.8249969482421875 255.8249969482421875 263.1875 269.79998779296875 276.818756103515625 284.20623779296875 291.787506103515625 299.0625 306.193756103515625 314.362518310546875 322.006256103515625 329.1875 332.28125 335.774993896484375 338.649993896484375 334.23748779296875 331.837493896484375 334.181243896484375 337.03125 338.85626220703125 342.34375
94.25 91.5812530517578125 92.5500030517578125 94.34375 96.5 102.3874969482421875 108.875 116.1437530517578125 126.65625 138.837493896484375 152.931243896484375 169.725006103515625 188.556243896484375 206.6437530517578125 218.3874969482421875 228.5124969482421875 236.9187469482421875 243.9812469482421875 247.9875030517578125 250.8562469482421875 253.0437469482421875 254.0812530517578125 255.537506103515625 258.506256103515625 263.743743896484375 270.056243896484375 275.79998779296875 282.96875 290.08123779296875 297.212493896484375 305.33123779296875 312.48748779296875 320.837493896484375 330.29376220703125 339.193756103515625 344.39373779296875 348.462493896484375 350.537506103515625 348.149993896484375 351.60626220703125 355.88751220703125 360.399993896484375 365.649993896484375 372.78125
103.69374847412109375 100.58750152587890625 100.46250152587890625 101.1437530517578125 102.0124969482421875 106.52500152587890625 111.99375152587890625 118.4250030517578125 127.9812469482421875 140.056243896484375 154.662506103515625 173.743743896484375 195.1875 214.9187469482421875 227.9812469482421875 238.993743896484375 248.0124969482421875 254.1062469482421875 257.64373779296875 260.318756103515625 261.725006103515625 262.212493896484375 263.79376220703125 265.86248779296875 270.25 275.5625 281.14373779296875 287.5625 295.024993896484375 303.25 311.868743896484375 319.76251220703125 330.149993896484375 340.337493896484375 349.14373779296875 355.899993896484375 360.587493896484375 363.975006103515625 365.17498779296875 370.32501220703125 375.506256103515625 382.71875 393.306243896484375 404.23748779296875
113.5187530517578125 110.5124969482421875 109.38124847412109375 108.4250030517578125 108.34999847412109375 111.8312530517578125 115.74375152587890625 120.75624847412109375 129.2937469482421875 140.7375030517578125 156.3312530517578125 178.4187469482421875 202.899993896484375 224.7624969482421875 238.3625030517578125 249.837493896484375 258.612518310546875 263.524993896484375 267.287506103515625 268.912506103515625 270.57501220703125 269.96875 270.537506103515625 271.193756103515625 275.056243896484375 278.912506103515625 284.98126220703125 291.92498779296875 299.48126220703125 308.65625 317.16876220703125 327.318756103515625 338.556243896484375 350.29998779296875 360.08123779296875 366.40625 371.087493896484375 378.625 382.76873779296875 386.88751220703125 393.493743896484375 401.15625 412.98748779296875 426.037506103515625
127.1125030517578125 124.1999969482421875 122.58750152587890625 120.90625 120.0124969482421875 122.74375152587890625 125.38124847412109375 128.7062530517578125 135.587493896484375 145.7624969482421875 161.8125 185.3874969482421875 211.6125030517578125 234.6125030517578125 248.75 260.54376220703125 270.181243896484375 274.14373779296875 275.51873779296875 277.14373779296875 277.375 276.875 275.774993896484375 276.15625 277.88751220703125 280.875 286.743743896484375 294.84375 302.39373779296875 311.649993896484375 321.71875 332.6875 345.631256103515625 358.568756103515625 367.993743896484375 373.59375 381.78125 387.58123779296875 391.36248779296875 397.63751220703125 406.056243896484375 412.79376220703125 422.350006103515625 435.850006103515625
141.8874969482421875 138.9187469482421875 136.618743896484375 135.3249969482421875 133.8312530517578125 135.3937530517578125 136.8312530517578125 138.5812530517578125 143.21875 148.9499969482421875 167.40625 195.662506103515625 221.225006103515625 242.537506103515625 258.056243896484375 270.375 280.4375 283.46875 284.90625 284.6875 283.23748779296875 281.087493896484375 279.26251220703125 278.63751220703125 279.037506103515625 281.587493896484375 287.51873779296875 295.20001220703125 303.76873779296875 313.75 324.756256103515625 336.443756103515625 351.306243896484375 365.29998779296875 376.537506103515625 384.46875 390.48126220703125 396.037506103515625 400.32501220703125 405.70001220703125 412.25 419.61248779296875 428.975006103515625 440.9375
155.4187469482421875 152.6875 150.475006103515625 148.899993896484375 147.649993896484375 148.493743896484375 149.493743896484375 150.8937530517578125 155.912506103515625 160.0124969482421875 185.25 214.743743896484375 235.475006103515625 252.837493896484375 267.899993896484375 280.26873779296875 288.95623779296875 291.48126220703125 290.98126220703125 289.03125 286.606231689453125 282.943756103515625 280.79376220703125 279.243743896484375 279.375 281.41876220703125 287.050018310546875 295.23748779296875 304.131256103515625 315.83123779296875 326.35626220703125 339.056243896484375 354.60626220703125 370.162506103515625 381.962493896484375 390.67498779296875 396.83123779296875 402.71875 406.993743896484375 411.23748779296875 415.9375 423.04376220703125 430.20001220703125 439.618743896484375
161.875 159.4812469482421875 158.1062469482421875 158.2375030517578125 157.912506103515625 160.21875 163.5437469482421875 167.8874969482421875 177.475006103515625 195.1125030517578125 224.818756103515625 241.2687530517578125 254.4562530517578125 268.125 280.6875 289.837493896484375 296.98748779296875 297.21875 294.399993896484375 291.09375 286.13751220703125 281.26873779296875 279.274993896484375 277.23126220703125 277.41876220703125 280.524993896484375 286.225006103515625 294.16876220703125 303.29998779296875 314.399993896484375 326.14373779296875 337.70623779296875 351.54376220703125 365.88751220703125 379.89373779296875 388 393.13751220703125 399.731231689453125 402.712493896484375 403.881256103515625 408.09375 412.931243896484375 419.149993896484375 426.64373779296875
167.287506103515625 165.662506103515625 165.743743896484375 166.618743896484375 167.868743896484375 172.287506103515625 177.506256103515625 185.649993896484375 198.962493896484375 218.649993896484375 241.100006103515625 258.074981689453125 271.95001220703125 283.868743896484375 293.475006103515625 300.90625 305.63751220703125 303.61248779296875 298.368743896484375 293.524993896484375 284.84375 278.300018310546875 274.662506103515625 272.95001220703125 275.07501220703125 278.51873779296875 284.73748779296875 292.70001220703125 301.993743896484375 312.600006103515625 322.98126220703125 335.96875 351.03125 363.618743896484375 374.45001220703125 382.368743896484375 386.899993896484375 391.48748779296875 394.51251220703125 394.15625 396.625 400.73748779296875 405.162506103515625 409.431243896484375
