data/historical-monthly-weather-data/wc2.1_cruts4.09_10m_prec_1987-02.asc
ncols        45
nrows        45
xllcorner    -63.500000000000
yllcorner    -7.500000000000
cellsize     0.166666666667
NODATA_value -9999
[rows 20 to 39 of 45, columns 0 to 43 of 45]
252.024993896484375 257.056243896484375 262.912506103515625 269.337493896484375 278.537506103515625 286.89373779296875 295.9375 304.943756103515625 313.149993896484375 320.087493896484375 325.76251220703125 334.693756103515625 345.087493896484375 354.056243896484375 341.506256103515625 319.58123779296875 300.868743896484375 285.712493896484375 278.318756103515625 271.5625 264.59375 256.54376220703125 247.725006103515625 241.693756103515625 236.5500030517578125 232.5812530517578125 232 231.7312469482421875 232.381256103515625 233.2062530517578125 229 218.9375 197.5500030517578125 173.1875 151.537506103515625 154.5625 165.2937469482421875 171.212493896484375 171.90625 167.8312530517578125 160.5500030517578125 154.631256103515625 149.493743896484375 144.493743896484375
240.625 247.287506103515625 254.0749969482421875 262.693756103515625 271.5 280.83123779296875 290.39373779296875 299.943756103515625 308.25 312.899993896484375 315.0625 318.024993896484375 321.54998779296875 323.25 318.462493896484375 306.66876220703125 293.993743896484375 282.38751220703125 274.09375 267.45623779296875 258.475006103515625 250.524993896484375 244.6125030517578125 238.4375 233.712493896484375 230.8937530517578125 231.5500030517578125 232.1062469482421875 233.9187469482421875 236.475006103515625 235.5124969482421875 226.806243896484375 207.5187530517578125 187.6750030517578125 172.78125 171.5124969482421875 176.556243896484375 178.431243896484375 175.6999969482421875 169.6125030517578125 162.0124969482421875 156.09375 150.2624969482421875 144.493743896484375
232.6374969482421875 240.837493896484375 247.1999969482421875 255.931243896484375 264.61248779296875 275.26251220703125 283.899993896484375 294.11248779296875 303.087493896484375 304.23748779296875 301.774993896484375 298.743743896484375 295.92498779296875 296.006256103515625 296.756256103515625 292.318756103515625 284.537506103515625 276.29376220703125 268.3125 260.475006103515625 252.337493896484375 244.412506103515625 238.131256103515625 232.149993896484375 228.787506103515625 227.4812469482421875 228.7937469482421875 230.5562591552734375 234.0187530517578125 238.8625030517578125 241.4187469482421875 238.4250030517578125 221.0749969482421875 205.3125 196.6125030517578125 194.693756103515625 193.568756103515625 189.5625 182.4375 172.6999969482421875 163.59375 157.0749969482421875 150.71875 144.6062469482421875
225.8000030517578125 232.8249969482421875 239.524993896484375 246.9812469482421875 256.006256103515625 266.84375 276.95623779296875 286.006256103515625 293.92498779296875 293.162506103515625 289.568756103515625 284.556243896484375 276.506256103515625 278.83123779296875 282.506256103515625 281.14373779296875 276.493743896484375 271.118743896484375 264.068756103515625 256.16876220703125 247.2062530517578125 238.6374969482421875 231.59375 226.131256103515625 223.6999969482421875 221.9812469482421875 225.243743896484375 228.850006103515625 232.756256103515625 239.225006103515625 243.9250030517578125 243.381256103515625 230.5812530517578125 219.2312469482421875 213.8187408447265625 212.40625 207.53125 197.3000030517578125 186.274993896484375 174.6999969482421875 164.662506103515625 157.4875030517578125 151.2624969482421875 145.625
222.868743896484375 227.024993896484375 232.9187469482421875 240.6999969482421875 250.4875030517578125 259.51251220703125 268.95001220703125 277.006256103515625 281.787506103515625 282.41876220703125 280.13751220703125 276.443756103515625 272.9375 273.28125 274.256256103515625 274.13751220703125 272.024993896484375 267.462493896484375 261.118743896484375 253.3000030517578125 243.9749908447265625 233.78125 224.943756103515625 218.8874969482421875 216.399993896484375 218.4187469482421875 221.7937469482421875 226.8312530517578125 231.149993896484375 237.443756103515625 241.8874969482421875 242.2624969482421875 234.5 226.84375 222.087493896484375 216.7062530517578125 209.3874969482421875 198.131256103515625 186.381256103515625 174.6750030517578125 164.40625 157.318756103515625 151.618743896484375 147.1125030517578125
225.65625 227.568756103515625 231.225006103515625 237.9562530517578125 246.399993896484375 254.7062530517578125 261.98748779296875 268.774993896484375 272.693756103515625 274.04998779296875 273.25 272.09375 271.63751220703125 271.04376220703125 271.61248779296875 270.881256103515625 269.274993896484375 265.21875 260.149993896484375 252.524993896484375 242.0749969482421875 229.7937469482421875 218.5187530517578125 210.524993896484375 210.9562530517578125 214.868743896484375 220.9375 225.28125 229.9250030517578125 235.006256103515625 238.90625 240.274993896484375 234.899993896484375 229.1875 224.318756103515625 216.756256103515625 207.756256103515625 196.818756103515625 184.40625 173.100006103515625 163.118743896484375 156.5625 150.9812469482421875 146.9187469482421875
232.3874969482421875 232.5 234.524993896484375 240.09375 245.8375091552734375 251.556243896484375 257.774993896484375 262.162506103515625 265.9375 268.774993896484375 270.1875 270.618743896484375 271.76873779296875 272.618743896484375 272.70623779296875 272.806243896484375 271.11248779296875 267.42498779296875 261.931243896484375 253.96875 242.725006103515625 230.1687469482421875 216.743743896484375 207.4250030517578125 210.8249969482421875 215.7062530517578125 221.4875030517578125 226 229.6062469482421875 234.1750030517578125 238.1374969482421875 238.662506103515625 233.712493896484375 229.693756103515625 223.2312469482421875 215.100006103515625 205.6999969482421875 194.3249969482421875 182.8000030517578125 171.5749969482421875 161.5625 154.9875030517578125 149.462493896484375 145.431243896484375
240.006256103515625 237.837493896484375 239.118743896484375 242.28125 245.5 248.8125 253.899993896484375 258.618743896484375 262.193756103515625 265.91876220703125 267.86248779296875 269.5625 271.48748779296875 273.17498779296875 274.149993896484375 274.98748779296875 273.60626220703125 271.368743896484375 265.743743896484375 258.524993896484375 248.15625 236.056243896484375 225.899993896484375 218.0124969482421875 217.3312530517578125 220.5124969482421875 224.9187469482421875 228.6687469482421875 231.375 235.34375 238.631256103515625 239.65625 235.587493896484375 229.1437530517578125 221.7624969482421875 213.3000030517578125 202.7687530517578125 192.28125 180.7624969482421875 169.4250030517578125 159.5437469482421875 153.5749969482421875 148.28125 145.0187530517578125
246.056243896484375 243.1125030517578125 242.5187530517578125 243.90625 245.756256103515625 247.7375030517578125 251.4749908447265625 255.100006103515625 259.274993896484375 263.53125 266.306243896484375 268.67498779296875 270.96875 274.48748779296875 276.57501220703125 278.868743896484375 279.287506103515625 276.42498779296875 272.57501220703125 265.45623779296875 256.1875 245.0124969482421875 237.256256103515625 230.443756103515625 226.931243896484375 227.193756103515625 230.4562530517578125 232.975006103515625 235.8249969482421875 238.875 240.5437469482421875 241.625 235.943756103515625 228.7312469482421875 221.2062530517578125 211.5 201.568756103515625 191.15625 180.662506103515625 168.8249969482421875 157.681243896484375 151.5749969482421875 147.9812469482421875 146.7062530517578125
251.381256103515625 246.975006103515625 245.5562591552734375 245.350006103515625 246.837493896484375 248.4562530517578125 250.8625030517578125 253.806243896484375 257.25 261.850006103515625 265.51251220703125 269.38751220703125 272.92498779296875 277.51873779296875 280.76251220703125 282.475006103515625 284.23748779296875 284.037506103515625 280.949981689453125 273.662506103515625 264.11248779296875 254.8000030517578125 247.8874969482421875 240.943756103515625 236.412506103515625 235.431243896484375 237.3125 238.71875 240.618743896484375 242.118743896484375 243.806243896484375 244.193756103515625 237.3562469482421875 229.90625 221.4875030517578125 211.993743896484375 201.318756103515625 191.412506103515625 180.431243896484375 169.0625 160.318756103515625 155.868743896484375 152.5625 152.193756103515625
254.318756103515625 249.631256103515625 246.5625 245.931243896484375 246.100006103515625 247.881256103515625 249.9875030517578125 252.84375 256.243743896484375 260.39373779296875 265.975006103515625 271.350006103515625 276.6875 280.75 283.806243896484375 286.98748779296875 289.79376220703125 290.82501220703125 289.600006103515625 282.40625 272.8125 263.42498779296875 256.34375 249.556243896484375 244.875 243.412506103515625 244.1750030517578125 245.193756103515625 246.274993896484375 246.631256103515625 247.2062530517578125 246.8874969482421875 240.556243896484375 232.8562469482421875 224.306243896484375 213.2687530517578125 202.662506103515625 193.068756103515625 182.1875 170.8625030517578125 163.1687469482421875 160.818756103515625 158.6999969482421875 157.0124969482421875
253.3125 248.9375 246.0812530517578125 245.318756103515625 244.662506103515625 245.8312530517578125 248.162506103515625 249.975006103515625 253.3937530517578125 258.76251220703125 264.66876220703125 271.475006103515625 278.26251220703125 284.131256103515625 287.66876220703125 291.92498779296875 292.86248779296875 293.274993896484375 291.95001220703125 286.993743896484375 278.70001220703125 270.76251220703125 263.28125 257.149993896484375 253.087493896484375 250.9499969482421875 250.743743896484375 251.2312469482421875 251.912506103515625 252.2624969482421875 252.087493896484375 250.65625 243.9875030517578125 235.75 227.1062469482421875 215.9499969482421875 205.2312469482421875 194.899993896484375 184.149993896484375 175.274993896484375 169.5749969482421875 167.881256103515625 166.225006103515625 165.3937530517578125
248.850006103515625 245.600006103515625 243.625 242.4812469482421875 241.1687469482421875 242.1125030517578125 243.350006103515625 245.3937530517578125 249.6999969482421875 255.9499969482421875 264.14373779296875 271.875 280.98748779296875 288.787506103515625 292.67498779296875 295.01873779296875 295.3125 295.8125 292.95623779296875 288.67498779296875 282.274993896484375 274.787506103515625 268.006256103515625 262.11248779296875 258.57501220703125 256.54376220703125 255.693756103515625 256.412506103515625 256.868743896484375 256.70001220703125 257.14373779296875 255.5124969482421875 248.15625 240.3937530517578125 232.1062469482421875 221.443756103515625 210.21875 198.743743896484375 189.193756103515625 183.5625 178.875 177.71875 177.4187469482421875 178.0500030517578125
244.4875030517578125 241.412506103515625 239.618743896484375 238.9562530517578125 237.46875 237.4812469482421875 238.4562530517578125 240.5500030517578125 243.875 250.7312469482421875 260.287506103515625 271.28125 283.475006103515625 292.537506103515625 296.5 298.26873779296875 298.006256103515625 297.29998779296875 294.100006103515625 289.931243896484375 283.59375 276.431243896484375 270.76251220703125 265.41876220703125 262.51251220703125 260.73126220703125 259.931243896484375 259.993743896484375 260.8125 261.5625 262.4375 261.29376220703125 254.662506103515625 246.4187469482421875 237.100006103515625 226.587493896484375 214.881256103515625 203.475006103515625 195.9749908447265625 191.4187469482421875 187.3000030517578125 187.1750030517578125 189.100006103515625 191.2062530517578125
239.850006103515625 237.90625 236.306243896484375 234.5 233.431243896484375 233.2062530517578125 232.818756103515625 233.774993896484375 236.34375 242.850006103515625 254.725006103515625 270.17498779296875 286.10626220703125 297.26251220703125 300.399993896484375 301.29998779296875 299.618743896484375 297.54998779296875 294.88751220703125 289.96875 284.818756103515625 277.537506103515625 271.806243896484375 266.600006103515625 264.73126220703125 262.89373779296875 262.82501220703125 263.5 264.506256103515625 266.17498779296875 267.006256103515625 267.681243896484375 260.850006103515625 252.837493896484375 243.2937469482421875 231.725006103515625 219.337493896484375 209.71875 203.8562469482421875 198.899993896484375 195.625 195.46875 197.6437530517578125 200.4812469482421875
235.899993896484375 234.34375 232.21875 229.5187530517578125 227.4250030517578125 227.181243896484375 226.0500030517578125 225.4562530517578125 226.5 232.0749969482421875 245.3937530517578125 263.89373779296875 283.212493896484375 296.76251220703125 300.412506103515625 301.38751220703125 300.625 297.787506103515625 292.95001220703125 288.60626220703125 283.17498779296875 277.225006103515625 271.08123779296875 267.318756103515625 265.10626220703125 263.9375 264.34375 266.568756103515625 268.07501220703125 270.17498779296875 272.774993896484375 274.45623779296875 268.600006103515625 260.943756103515625 250.7687530517578125 238.818756103515625 228.787506103515625 218.3000030517578125 212.181243896484375 208.3125 205.850006103515625 205.0124969482421875 205.8562469482421875 208.7687530517578125
233.131256103515625 231.412506103515625 228.193756103515625 226.318756103515625 223.4875030517578125 222.4812469482421875 220.787506103515625 218.9625091552734375 217.850006103515625 217.943756103515625 235.256256103515625 260.91876220703125 280.26873779296875 292.875 298.306243896484375 299.899993896484375 299.73126220703125 296.331268310546875 292.056243896484375 286.39373779296875 280.45623779296875 274.181243896484375 268.60626220703125 265.600006103515625 263.90625 263.89373779296875 265.056243896484375 267.493743896484375 270.462493896484375 273.71875 277.60626220703125 280.3125 275.743743896484375 268.493743896484375 259.29376220703125 249.0749969482421875 237.96875 227.618743896484375 221.712493896484375 217.256256103515625 213.7687530517578125 213.006256103515625 213.5124969482421875 215.5749969482421875
230.4187469482421875 228.756256103515625 225.556243896484375 222.9250030517578125 220.4375 219.0625 217.625 216.1750030517578125 216.5812530517578125 215.15625 240.881256103515625 267.85626220703125 281.78125 290.79376220703125 296.037506103515625 298.03125 296.90625 293.556243896484375 287.9375 281.318756103515625 275.693756103515625 269.225006103515625 264.618743896484375 262.375 261.96875 262.975006103515625 264.6875 268.243743896484375 272.1875 277.53125 281.53125 285.60626220703125 281.681243896484375 275.6875 266.91876220703125 257.662506103515625 247.0437469482421875 237.25 231.274993896484375 226.0749969482421875 221.556243896484375 220.46875 219.7375030517578125 220.462493896484375
228.631256103515625 226.6875 223.0812530517578125 221.068756103515625 218.21875 217.443756103515625 217.787506103515625 219.037506103515625 224.4375 238.975006103515625 267.0625 276.9375 282.48748779296875 288.35626220703125 292.743743896484375 293.54998779296875 292.96875 288.79998779296875 282.287506103515625 275.693756103515625 269.100006103515625 262.88751220703125 259.649993896484375 257.850006103515625 258.34375 261.181243896484375 264.14373779296875 268.743743896484375 274.10626220703125 279.79376220703125 285.712493896484375 289.806243896484375 286.524993896484375 281.85626220703125 276.712493896484375 267.92498779296875 257.337493896484375 248.600006103515625 241.90625 234.9250030517578125 230.212493896484375 228.15625 227.2375030517578125 227.368743896484375
227.0437469482421875 225.34375 221.8937530517578125 218.9187469482421875 216.256256103515625 216.431243896484375 217.3312530517578125 221.3874969482421875 229.7375030517578125 244.5749969482421875 261.66876220703125 272.51873779296875 279.806243896484375 284.96875 288.54998779296875 290.11248779296875 289.51251220703125 284.75 277.412506103515625 270.84375 262.193756103515625 255.7937469482421875 252.2375030517578125 251.5 254.46875 258.350006103515625 263.03125 269.01251220703125 275.83123779296875 282.01873779296875 287.61248779296875 294.09375 294.287506103515625 290.725006103515625 285.51873779296875 277.66876220703125 267.42498779296875 258.07501220703125 251.5 243.5437469482421875 237.8937530517578125 235.712493896484375 234.125 232.9250030517578125
