data/historical-monthly-weather-data/wc2.1_cruts4.09_10m_prec_1999-08.asc
ncols        45
nrows        45
xllcorner    -63.500000000000
yllcorner    -7.500000000000
cellsize     0.166666666667
NODATA_value -9999
[rows 19 to 37 of 45, columns 0 to 42 of 45]
62.818752288818359375 63.106250762939453125 62.981250762939453125 63.34375 63.0625 63.19374847412109375 62.66249847412109375 61.768749237060546875 62.456249237060546875 62.018749237060546875 60.606250762939453125 56.456249237060546875 50.19374847412109375 44.18125152587890625 39.84999847412109375 35.59999847412109375 30.618749618530273438 29.668750762939453125 30.137500762939453125 32.456249237060546875 34.112499237060546875 37.72499847412109375 44.4375 50 54.125 56.09999847412109375 56.4375 54.90000152587890625 51.74375152587890625 46.6875 45.09999847412109375 51.31874847412109375 55.899997711181640625 61.362499237060546875 67.3000030517578125 70.72499847412109375 72.61875152587890625 73.9562530517578125 72.1062469482421875 67.65625 60.86875152587890625 55.63124847412109375 51.72499847412109375
56.362499237060546875 58.25624847412109375 59.387500762939453125 59.96875 59.106250762939453125 59.24375152587890625 59.512500762939453125 59.418750762939453125 60.456249237060546875 60.24375152587890625 59.581249237060546875 56.731250762939453125 50.8125 44.91249847412109375 39.918750762939453125 35.61875152587890625 31.475000381469726562 29.387500762939453125 30.59375 32.16249847412109375 35.84375 40.65625 46.200000762939453125 52.018749237060546875 57.643749237060546875 58.81874847412109375 56.47499847412109375 54.72499847412109375 53.018749237060546875 52.049999237060546875 52.643749237060546875 56.28125 58.3125 61.15625 66.3125 69.1062469482421875 72.09375 73.21250152587890625 70.5500030517578125 66.7312469482421875 60.637500762939453125 56.237499237060546875 52.69374847412109375
52.22499847412109375 53.38124847412109375 54.943752288818359375 56.375 56.55625152587890625 56.40000152587890625 57.375 56.94374847412109375 58.49375152587890625 58.424999237060546875 59.16249847412109375 58.643749237060546875 56.393749237060546875 51.137500762939453125 45.40000152587890625 39.28749847412109375 36.075000762939453125 34.25624847412109375 34.56874847412109375 36.00624847412109375 37.581249237060546875 41.481250762939453125 46.9375 52.16249847412109375 56.34375 58.612499237060546875 60.75624847412109375 58.674999237060546875 57.700000762939453125 56.69374847412109375 56.75624847412109375 58.081249237060546875 59.231250762939453125 61.4375 62.99375152587890625 65.6999969482421875 69.77500152587890625 72.3312530517578125 70.4562530517578125 66.2687530517578125 60.643749237060546875 56.231250762939453125 51.875
48.40625 51.21250152587890625 53.31874847412109375 54.11875152587890625 54.74375152587890625 54.88124847412109375 54.456249237060546875 53.981250762939453125 56.36875152587890625 58.581249237060546875 61.16249847412109375 62.581249237060546875 62.96250152587890625 58.737499237060546875 51.5625 44.768749237060546875 39.90625 38.09999847412109375 37.96875 38.59999847412109375 40.356250762939453125 43.981250762939453125 48.52500152587890625 51.03749847412109375 56.18125152587890625 60.27500152587890625 62.24375152587890625 62.262500762939453125 60.47499847412109375 58.206249237060546875 57.825000762939453125 59.15625 59.59999847412109375 59.55625152587890625 59.53125 59.40625 63.356250762939453125 69.0437469482421875 69.1687469482421875 64.78749847412109375 60.22499847412109375 55.393749237060546875 51.25624847412109375
45.69374847412109375 49.03749847412109375 51.625 51.418750762939453125 51.549999237060546875 52.168750762939453125 52.981250762939453125 53.83750152587890625 54.74375152587890625 57.918750762939453125 61.33750152587890625 65.78125 68.1062469482421875 63.78125 56.71250152587890625 49.96250152587890625 45.125 42.768749237060546875 41.956249237060546875 42.481250762939453125 44.15000152587890625 47.112499237060546875 50.125 53.487499237060546875 57.299999237060546875 60.00624847412109375 63.21875 61.887500762939453125 61 59.875 59.875 60.362499237060546875 60.24375152587890625 58.27500152587890625 57.112499237060546875 55.762500762939453125 58.549999237060546875 64.05625152587890625 65.09375 61.66249847412109375 57.5 53.55625152587890625 49.65625
43.97499847412109375 46.956249237060546875 49.206249237060546875 50.18125152587890625 50.72499847412109375 51.15000152587890625 51.61875152587890625 52.80625152587890625 54.887500762939453125 58.15000152587890625 60.99375152587890625 64.3874969482421875 66.71250152587890625 64.3312530517578125 58.950000762939453125 53.71875 49.456249237060546875 46.84375 45.668750762939453125 45.893749237060546875 47.487499237060546875 49.575000762939453125 52.137500762939453125 55.049999237060546875 57.38124847412109375 60.8125 61.71250152587890625 61.03749847412109375 60.49375152587890625 60.231250762939453125 60.03125 60.09999847412109375 59.59375 58.481250762939453125 56.72499847412109375 55.081249237060546875 57.05625152587890625 58.96875 59.53749847412109375 57.75 54.518749237060546875 51.674999237060546875 48.537502288818359375
43.41249847412109375 46.012500762939453125 46.88124847412109375 48.50624847412109375 48.518749237060546875 49.21250152587890625 50.02500152587890625 51.94374847412109375 53.268749237060546875 55.59999847412109375 58.58750152587890625 61.53749847412109375 63.53125 61.875 58.950000762939453125 54.74375152587890625 51.612499237060546875 49.74375152587890625 48.13124847412109375 48.674999237060546875 50.28749847412109375 51.706249237060546875 54.28749847412109375 55.75624847412109375 57.424999237060546875 59.80625152587890625 60.918750762939453125 60.46250152587890625 60.481250762939453125 60.77500152587890625 60.43125152587890625 60.543750762939453125 59.075000762939453125 57.47499847412109375 55.49375152587890625 54.99375152587890625 55.575000762939453125 55.424999237060546875 55.93125152587890625 53.831249237060546875 51.56874847412109375 49.325000762939453125 47.25
42.924999237060546875 44.28125 45.581249237060546875 46.674999237060546875 47.049999237060546875 47.86875152587890625 49.424999237060546875 50.549999237060546875 51.206249237060546875 53.96875 56.799999237060546875 57.918750762939453125 58.99375152587890625 58.33750152587890625 56.987499237060546875 54.325000762939453125 52.46875 50.950000762939453125 50.36875152587890625 50.11875152587890625 50.768749237060546875 52.65625 54.34375 56.450000762939453125 57.78125 58.356250762939453125 60.049999237060546875 60.018749237060546875 59.700000762939453125 59.450000762939453125 59.96250152587890625 59.331249237060546875 58.24375152587890625 56.575000762939453125 54.06874847412109375 53.493747711181640625 52.69374847412109375 52.44374847412109375 51.762500762939453125 49.90000152587890625 47.94374847412109375 46.456249237060546875 45.956249237060546875
43.11875152587890625 42.47499847412109375 43.80625152587890625 45.018749237060546875 45.924999237060546875 46.36875152587890625 47.825000762939453125 49.143749237060546875 50.21250152587890625 52.143749237060546875 53.299999237060546875 53.893749237060546875 54.6875 55 53.97499847412109375 52.90000152587890625 52.50624847412109375 51.674999237060546875 51.53125 51.34375 52.09999847412109375 52.450000762939453125 54.875 56.424999237060546875 57.106250762939453125 56.918750762939453125 58.47499847412109375 59.112499237060546875 59.27500152587890625 59.237499237060546875 58.90000152587890625 58.00624847412109375 56.74375152587890625 54.375 52.956249237060546875 51.518749237060546875 49.94374847412109375 49.24375152587890625 48.91249847412109375 47.75624847412109375 45.893749237060546875 45.28125 45.00624847412109375
42.018749237060546875 42.012500762939453125 42.58750152587890625 43.731250762939453125 43.825000762939453125 44.5 45.38124847412109375 46.137500762939453125 48.200000762939453125 49.112499237060546875 49.981250762939453125 50.25624847412109375 50.762500762939453125 51.450000762939453125 51.512500762939453125 51.36875152587890625 52.13124847412109375 52.1875 52.30625152587890625 52.61875152587890625 53.11875152587890625 53.387500762939453125 55.049999237060546875 55.61875152587890625 56.424999237060546875 55.75 57.40625 57.83750152587890625 57.887500762939453125 57.75624847412109375 57.1875 56.674999237060546875 54.362499237060546875 51.56874847412109375 50.24375152587890625 49.8125 48.762500762939453125 48.012500762939453125 47.668750762939453125 46.08750152587890625 43.575000762939453125 43.356250762939453125 43.91249847412109375
41.40625 41.66249847412109375 42.049999237060546875 42.11875152587890625 42.52500152587890625 43.15000152587890625 43.50624847412109375 44.72499847412109375 45.71250152587890625 46.075000762939453125 47.02500152587890625 47.706249237060546875 48.22499847412109375 48.72499847412109375 49.174999237060546875 49.456249237060546875 49.84999847412109375 51.03125 52.356250762939453125 51.799999237060546875 52.0625 53.174999237060546875 54.78125 55.02500152587890625 55.143749237060546875 55.737499237060546875 56.143749237060546875 56.481250762939453125 55.518749237060546875 55.00624847412109375 54.68125152587890625 54.418750762939453125 52.15625 49.97499847412109375 48.68125152587890625 47.643749237060546875 48.00624847412109375 47.71250152587890625 46.84375 46.53125 45.268749237060546875 44.612499237060546875 43.69374847412109375
40.75624847412109375 40.56874847412109375 40.22499847412109375 40.918750762939453125 42.375 42.34375 42.59999847412109375 42.700000762939453125 43.02500152587890625 43.206249237060546875 43.56874847412109375 45.21250152587890625 46.668750762939453125 47.25624847412109375 46.99375152587890625 47.387500762939453125 48.762500762939453125 50.05625152587890625 51.71250152587890625 51.88124847412109375 51.90625 51.56874847412109375 52.700000762939453125 53.125 53.262500762939453125 54.299999237060546875 53.9375 54.612499237060546875 54.38124847412109375 53.90000152587890625 53.59375 52.63124847412109375 50.11875152587890625 48.237499237060546875 47.78125 46.606250762939453125 46.75 46.674999237060546875 47.05625152587890625 47.80625152587890625 46.68125152587890625 44.393749237060546875 42.706249237060546875
39.86875152587890625 39.799999237060546875 39.41249847412109375 39.90000152587890625 41.40625 41.168750762939453125 40.856250762939453125 40.168750762939453125 40.46875 40.737499237060546875 41.012500762939453125 42.375 43.38124847412109375 44.65000152587890625 45.05625152587890625 46.71250152587890625 47.65000152587890625 48.59375 49.456249237060546875 50.11875152587890625 50.512500762939453125 51.40000152587890625 51.47499847412109375 50.799999237060546875 51.362499237060546875 52.18125152587890625 52.0625 52.81874847412109375 52.44374847412109375 51.53125 51.512500762939453125 50.19374847412109375 48.075000762939453125 46.737499237060546875 45.02500152587890625 43.856250762939453125 44.075000762939453125 44.41249847412109375 45.22499847412109375 46.08750152587890625 45.125 42.862499237060546875 41.950000762939453125
38.72499847412109375 38.393749237060546875 38.137500762939453125 38.61875152587890625 38.96250152587890625 38.331249237060546875 38.25624847412109375 37.84375 37.68125152587890625 38.21875 39.40625 40.18125152587890625 41.13124847412109375 43.043750762939453125 43.581249237060546875 45.21875 46.125 47.262500762939453125 47.81874847412109375 48.28125 48.549999237060546875 48.956249237060546875 49.1875 49.83750152587890625 50.262500762939453125 50.200000762939453125 50.268749237060546875 49.56874847412109375 49.65625 48.74375152587890625 48.83750152587890625 47.65000152587890625 45.65000152587890625 44.00624847412109375 42.518749237060546875 41.4375 41.49375152587890625 41.47499847412109375 42.137500762939453125 42.81874847412109375 41.762500762939453125 40.41249847412109375 39.49375152587890625
37.5625 37.71875 37.1875 37.706249237060546875 36.481250762939453125 36.075000762939453125 36.15625 35.700000762939453125 35.40625 35.575000762939453125 36.25 37.74375152587890625 39.587497711181640625 40.237499237060546875 41.52500152587890625 42.450000762939453125 43.96250152587890625 44.581249237060546875 44.856250762939453125 45.668750762939453125 46.19374847412109375 46.59375 47.15625 47.268749237060546875 48.09999847412109375 48.36875152587890625 48.231250762939453125 47.28125 47.88124847412109375 47.43125152587890625 47.09999847412109375 45.78749847412109375 43.206249237060546875 40.96250152587890625 39.81874847412109375 38.825000762939453125 38.731250762939453125 38.331249237060546875 38.856250762939453125 38.731250762939453125 38.75 38.0625 37.05625152587890625
36.90000152587890625 36.80625152587890625 36.262500762939453125 35.581249237060546875 34.768749237060546875 34.21875 33.918750762939453125 33.46875 32.637500762939453125 33.049999237060546875 33.643749237060546875 35.700000762939453125 37.081249237060546875 38.74375152587890625 39.887500762939453125 41.15625 42.418750762939453125 42.762500762939453125 42.956249237060546875 43.68125152587890625 44.31874847412109375 44.46250152587890625 44.5 45.0625 45.49375152587890625 46.137500762939453125 45.956249237060546875 45.25624847412109375 45.99375152587890625 45.831249237060546875 44.700000762939453125 43.0625 40.625 38.137500762939453125 36.706249237060546875 35.706249237060546875 34.91249847412109375 34.97499847412109375 35.5 35.40000152587890625 34.90625 34.41249847412109375 34.043750762939453125
36.862499237060546875 36.5 35.18125152587890625 33.924999237060546875 32.918750762939453125 31.862499237060546875 31.21875 30.381250381469726562 29.993749618530273438 30.575000762939453125 31.787500381469726562 33.30625152587890625 35.268749237060546875 36.83750152587890625 38.262500762939453125 39.981250762939453125 40.887500762939453125 41.74375152587890625 41.424999237060546875 41.831249237060546875 42.65625 43.674999237060546875 43.52500152587890625 44.11875152587890625 44.09999847412109375 44.18125152587890625 43.77500152587890625 44.356250762939453125 44.06874847412109375 43.424999237060546875 42.41249847412109375 41.02500152587890625 37.55625152587890625 35.625 33.75 32.21875 32.112499237060546875 32.112499237060546875 32.02500152587890625 32.375 32.043750762939453125 32.231250762939453125 31.318750381469726562
35.80625152587890625 35.03125 33.28749847412109375 31.931249618530273438 30.681249618530273438 29.837499618530273438 29.1875 28.6875 28.087499618530273438 28.106250762939453125 30.231250762939453125 32.74375152587890625 34.72499847412109375 35.799999237060546875 37.59375 38.74375152587890625 39.700000762939453125 40.16249847412109375 40.22499847412109375 40.143749237060546875 40.96875 42.03749847412109375 42.1875 42.93125152587890625 43.262500762939453125 42.575000762939453125 42.63124847412109375 42.8125 41.674999237060546875 41.125 40.59999847412109375 38.90625 35.84999847412109375 33.137500762939453125 31.193750381469726562 29.987499237060546875 29.78125 29.981250762939453125 29.712499618530273438 29.993749618530273438 29.53125 29.725000381469726562 28.912500381469726562
35.06874847412109375 34.200000762939453125 31.9375 30.6875 29.34375 28.306249618530273438 27.612499237060546875 27.006250381469726562 27.043750762939453125 27.024999618530273438 30.706249237060546875 33.299999237060546875 34.043750762939453125 35.46250152587890625 37.43125152587890625 38.418750762939453125 38.84375 38.75624847412109375 39.52500152587890625 39.375 40.043750762939453125 40.450000762939453125 40.77500152587890625 41.487499237060546875 41.94374847412109375 41.918750762939453125 42.049999237060546875 42.1875 41.49375152587890625 40.518749237060546875 39.22499847412109375 38.22499847412109375 35.456249237060546875 31.612499237060546875 29.125 27.6875 28.112499237060546875 28.493749618530273438 28.487499237060546875 28.681249618530273438 27.25 26.831249237060546875 26.350000381469726562
