data/historical-monthly-weather-data/wc2.1_cruts4.09_10m_prec_1965-08.asc
ncols        45
nrows        45
xllcorner    -63.500000000000
yllcorner    -7.500000000000
cellsize     0.166666666667
NODATA_value -9999
[rows 0 to 18 of 45, columns 0 to 42 of 45]
229.0749969482421875 236.193756103515625 236.4187469482421875 241.618743896484375 247.4875030517578125 250.912506103515625 246.46875 244.40625 239.7062530517578125 231.912506103515625 217.75 207.6125030517578125 200.274993896484375 189.556243896484375 181.774993896484375 170.7624969482421875 162.9875030517578125 156.34375 149.9375 147.4250030517578125 143.024993896484375 136.7375030517578125 131.1374969482421875 127.11875152587890625 122.19374847412109375 118.0500030517578125 118.8937530517578125 121.5437469482421875 118.13124847412109375 115.8625030517578125 109.36875152587890625 106.875 105.2312469482421875 101.58750152587890625 99.40000152587890625 98.63124847412109375 96.84999847412109375 96.34999847412109375 96.6125030517578125 95.9812469482421875 95.90000152587890625 97.1062469482421875 96.1125030517578125
219.9499969482421875 226 232.9375 240.712493896484375 250.1687469482421875 251.4875030517578125 243.15625 239.5749969482421875 234.8625030517578125 226.0625 213.2687530517578125 204.0812530517578125 191.9562530517578125 179.037506103515625 169.7062530517578125 162.149993896484375 152.649993896484375 146.600006103515625 141.9812469482421875 138.943756103515625 134.28125 127.94374847412109375 122.49375152587890625 119.3249969482421875 114.11875152587890625 108.9562530517578125 111.56874847412109375 112.74375152587890625 109.96875 106.7624969482421875 103.5124969482421875 100.5812530517578125 99.2062530517578125 98.2375030517578125 96.1687469482421875 94.9562530517578125 91.96875 93.1999969482421875 92.7062530517578125 92.24375152587890625 94.44374847412109375 94.59375 95.3312530517578125
201.975006103515625 210.7062530517578125 218.6062469482421875 227.9250030517578125 236.318756103515625 236.3125 231.4875030517578125 226.9187469482421875 219.4375 210.0500030517578125 200.75 191.6750030517578125 179.524993896484375 165.2624969482421875 155.9499969482421875 148.21875 140.5124969482421875 134.0625 128.8625030517578125 123.46875 119.65625 115.3312530517578125 109.96250152587890625 107.47499847412109375 101.4499969482421875 97.7624969482421875 101.2624969482421875 101.30625152587890625 99.28125 97.28125 93.2375030517578125 90.75 89.9250030517578125 89.8874969482421875 87.375 84.5749969482421875 83.49375152587890625 84.56874847412109375 83.88124847412109375 84.99375152587890625 88.36875152587890625 89.6437530517578125 92.03749847412109375
185.03125 190.34375 199.8812408447265625 209.0749969482421875 214.0812530517578125 213.5187530517578125 211.34375 208.125 204.681243896484375 195.90625 184.725006103515625 174.131256103515625 163.71875 150.8249969482421875 142.181243896484375 134.524993896484375 128.149993896484375 122.0187530517578125 116.49375152587890625 113.66249847412109375 108.47499847412109375 102.3562469482421875 96.5187530517578125 94.1687469482421875 89.36875152587890625 85.78125 88.6750030517578125 87.49375152587890625 86.8312530517578125 85.56874847412109375 82.71875 79.65000152587890625 77.7624969482421875 76.68125152587890625 75.30625152587890625 74.50624847412109375 75.71875 76.03749847412109375 74.88124847412109375 77.46250152587890625 79.8874969482421875 83.53125 86.18125152587890625
186.1125030517578125 185.618743896484375 182.3874969482421875 186.2937469482421875 193.1999969482421875 192.03125 189.0437469482421875 190.3125 189.65625 181.71875 169.524993896484375 158.537506103515625 148.625 138.1750030517578125 129.618743896484375 123.09999847412109375 116.21875 109.1750030517578125 103.3562469482421875 100.6750030517578125 97.3937530517578125 89.8000030517578125 84.34375 83.1062469482421875 77.7375030517578125 73.9812469482421875 75.125 76.9875030517578125 76.90000152587890625 74.11875152587890625 73.24375152587890625 70.0625 69.1437530517578125 68.6437530517578125 67.5625 66.19374847412109375 66.33750152587890625 67.03125 66.40625 67.91249847412109375 72.3249969482421875 76.0187530517578125 80.79999542236328125
181.2687530517578125 179.9187469482421875 173.96875 166.2312469482421875 170.8874969482421875 176.631256103515625 175.1875 172.943756103515625 172.78125 165.6125030517578125 152.25 142.6437530517578125 135.09375 126.6125030517578125 118.7375030517578125 113.0187530517578125 105.5812530517578125 97.43125152587890625 92.4375 89.03749847412109375 85.65000152587890625 80.23125457763671875 75.40000152587890625 71.3874969482421875 68.1062469482421875 65.33750152587890625 66.53749847412109375 67.8874969482421875 68.59375 65.5124969482421875 64.4250030517578125 63.018749237060546875 61.0625 60.606250762939453125 58.649997711181640625 58.77500152587890625 58.268749237060546875 57.80625152587890625 58.4375 61.106250762939453125 63.78125 68.0187530517578125 72.72499847412109375
177.462493896484375 177.256256103515625 171.381256103515625 164.4562530517578125 162 159.412506103515625 156.475006103515625 153.2687530517578125 146.15625 140.6687469482421875 132.693756103515625 126.5 122.30625152587890625 115.6750030517578125 109.86875152587890625 104.3625030517578125 97.3125 89.5124969482421875 82.875 79.40625 75.31874847412109375 70.90000152587890625 66.4499969482421875 63.25 59.96250152587890625 57.84375 58.875 59.793750762939453125 59.30625152587890625 58.21250152587890625 56.56874847412109375 54.625 53.69374847412109375 52.86875152587890625 51.356250762939453125 50.86875152587890625 49.99375152587890625 49.893749237060546875 51.231250762939453125 53.893749237060546875 56.299999237060546875 60.037502288818359375 65.03125
174.8249969482421875 172.162506103515625 169.068756103515625 163.8125 161.9375 157.943756103515625 146.5187530517578125 130.975006103515625 120.41249847412109375 116.43125152587890625 115.625 112.3874969482421875 109.28125 104.90000152587890625 100.59375 95.4187469482421875 89.6999969482421875 81.8312530517578125 74.4875030517578125 69.6374969482421875 66.46250152587890625 62.53749847412109375 57.74375152587890625 54.65000152587890625 52.61875152587890625 50.09999847412109375 50.84375 52.08750152587890625 52.356250762939453125 50.206249237060546875 49.731250762939453125 47.924999237060546875 46.21875 45.61875152587890625 43.46250152587890625 42.831249237060546875 42.19374847412109375 41.90625 42.71250152587890625 44.549999237060546875 47.21250152587890625 50.94374847412109375 55.200000762939453125
172.59375 169.9187469482421875 167.6125030517578125 160.9187469482421875 157.0437469482421875 150.3125 140.4499969482421875 127.3125 112.08750152587890625 103.18125152587890625 101.7687530517578125 100.1687469482421875 100.84999847412109375 97.47499847412109375 92.86875152587890625 87.5124969482421875 83.13124847412109375 76.18125152587890625 70.6750030517578125 64.1437530517578125 60.08750152587890625 56.543750762939453125 51.6875 50.174999237060546875 47.831249237060546875 44.83750152587890625 44.693752288818359375 46.59999847412109375 47.11875152587890625 45.40000152587890625 45.0625 42.731250762939453125 40.38124847412109375 38.387500762939453125 36.825000762939453125 36.950000762939453125 36.78125 36.65000152587890625 37.06874847412109375 38.543750762939453125 40.46250152587890625 42.71875 45.418750762939453125
168.9499969482421875 166.2937469482421875 162.4375 157.7312469482421875 153.3937530517578125 146.1687469482421875 138.943756103515625 125.98125457763671875 112.6750030517578125 105.4562530517578125 100.125 95.24375152587890625 95.19374847412109375 92.8125 86.65625 81.2937469482421875 75.63124847412109375 70.52500152587890625 65.25624847412109375 59.84999847412109375 55.606250762939453125 50.84375 45.987499237060546875 44.47499847412109375 42.03749847412109375 39.356250762939453125 39.5625 40.9375 40.99375152587890625 39.612499237060546875 38.487499237060546875 36.924999237060546875 35.66249847412109375 34.30625152587890625 33.143749237060546875 32.90000152587890625 32.262500762939453125 31.806249618530273438 32.575000762939453125 33.71875 34.93125152587890625 36.018749237060546875 37.38124847412109375
168.3562469482421875 164.8937530517578125 158.774993896484375 153.149993896484375 149.71875 145.03125 137.4187469482421875 123.13124847412109375 111.63124847412109375 103.1750030517578125 98.6125030517578125 94.00624847412109375 91.0187530517578125 87.4187469482421875 79.9375 73.38124847412109375 68.03125 64.0625 59.21875 54.950000762939453125 52.21875 47.299999237060546875 42.112499237060546875 39.200000762939453125 37.875 35.61875152587890625 36.081249237060546875 36.731250762939453125 35.99375152587890625 34.4375 34.081249237060546875 33.03749847412109375 32.375 31.131250381469726562 29.412500381469726562 28.731250762939453125 27.987499237060546875 27.75 28.15625 28.762500762939453125 29.34375 30.081249237060546875 31.34375
165.537506103515625 162.412506103515625 156.212493896484375 151.631256103515625 148.5 143.850006103515625 137.375 124.91249847412109375 112.91249847412109375 103.8312530517578125 97.9812469482421875 92.46250152587890625 86.80625152587890625 80.75624847412109375 75.88124847412109375 69.3625030517578125 63.506252288818359375 58.77500152587890625 54.950000762939453125 51.799999237060546875 49.112499237060546875 44.299999237060546875 39.331249237060546875 36.956249237060546875 34.84375 31.293750762939453125 31.59375 32.575000762939453125 32.331249237060546875 31.393749237060546875 30.8125 30.643749237060546875 29.325000762939453125 28.049999237060546875 26.981250762939453125 26.743749618530273438 26.149999618530273438 25.556249618530273438 25.118749618530273438 24.850000381469726562 25.231250762939453125 25.774999618530273438 26.34375
161.3000030517578125 156.2062530517578125 151.09375 145.0437469482421875 142.96875 137.6062469482421875 128.868743896484375 119.44374847412109375 108.75624847412109375 101.125 95.5 89.8874969482421875 82.56874847412109375 74.3000030517578125 68.0124969482421875 62.893749237060546875 57.125 53.762500762939453125 50.16249847412109375 46.44374847412109375 44.081249237060546875 39.731250762939453125 35.13124847412109375 32.200000762939453125 28.90625 26.34375 27.618749618530273438 28.862499237060546875 29.84375 29.337499618530273438 28.65625 28.21875 27.5 25.587499618530273438 24.793750762939453125 25.125 25.59375 24.856250762939453125 24.681249618530273438 23.337499618530273438 21.868749618530273438 22.75 22.818750381469726562
155.7375030517578125 148.8874969482421875 142.875 138.818756103515625 135.100006103515625 128.6687469482421875 120.84999847412109375 113.8125 104.1875 97.33750152587890625 90.90000152587890625 83.38124847412109375 76.4875030517578125 68.59999847412109375 59.71875 55.799999237060546875 51.206249237060546875 47.981250762939453125 43.47499847412109375 39.8125 37.59999847412109375 33.65000152587890625 29.524999618530273438 27.568750381469726562 25.418750762939453125 23.825000762939453125 25.068750381469726562 26.506250381469726562 27.543750762939453125 27.59375 27.53125 26.6875 25.78125 24.25 23.981250762939453125 25.03125 25.693750381469726562 26.1875 26.325000762939453125 24.399999618530273438 20.71875 19.693750381469726562 20.662500381469726562
148.743743896484375 143.6750030517578125 136.5625 130.84375 127.43125152587890625 121.1374969482421875 113.6750030517578125 105.9562530517578125 97.2937469482421875 91.06874847412109375 83.6875 77.1687469482421875 70.2624969482421875 61.981250762939453125 53.58750152587890625 48.25624847412109375 44.268749237060546875 40.78125 37.3125 34.46250152587890625 32.450000762939453125 29.225000381469726562 25.918750762939453125 25.143749237060546875 24.325000762939453125 23.693750381469726562 24.668750762939453125 25.762500762939453125 26.418750762939453125 26.481250762939453125 26.162500381469726562 25.899999618530273438 25.100000381469726562 24.1875 23.568750381469726562 24.787500381469726562 26.34375 28.84375 29.78125 27.174999237060546875 24.875 23.731250762939453125 24.618749618530273438
139.881256103515625 135.8562469482421875 130.1437530517578125 124.5124969482421875 119.7624969482421875 114.7624969482421875 108 99.05625152587890625 91.4875030517578125 85.08750152587890625 78.25 70.77500152587890625 63.28749847412109375 55.737499237060546875 48.362499237060546875 41.4375 37.706249237060546875 34.862499237060546875 31.887500762939453125 29.6875 27.868749618530273438 25.524999618530273438 23.393749237060546875 23.756250381469726562 23.799999237060546875 23.493749618530273438 24.518749237060546875 25.149999618530273438 25.581249237060546875 25.90625 26.174999237060546875 25.975000381469726562 24.768749237060546875 23.856250762939453125 23.637500762939453125 26.475000381469726562 28.774999618530273438 31.212499618530273438 32.91249847412109375 32.25 31.056249618530273438 29.462499618530273438 28.068750381469726562
134.2375030517578125 130.5749969482421875 124.15625 119.0437469482421875 112.78125 108.46875 102.9250030517578125 95.4250030517578125 86.8000030517578125 80.83750152587890625 74.3625030517578125 65.84999847412109375 58.331249237060546875 50.924999237060546875 43.90000152587890625 37.50624847412109375 31.762500762939453125 28.956249237060546875 27.225000381469726562 25.712499618530273438 23.706249237060546875 22.243749618530273438 21.112499237060546875 22.71875 23.71875 23.493749618530273438 23.825000762939453125 24.431249618530273438 24.481250762939453125 24.700000762939453125 25.625 26.524999618530273438 26.006250381469726562 25.387500762939453125 27.712499618530273438 30.4375 32.71875 36.174999237060546875 39.09375 37 34.59375 31.78125 29.137500762939453125
125.66249847412109375 123.47499847412109375 118.2062530517578125 113.8937530517578125 107.9812469482421875 103.72499847412109375 96.5187530517578125 89.7062530517578125 82.06874847412109375 75.80625152587890625 69.7062530517578125 62.08750152587890625 53.71875 46.231250762939453125 39.78749847412109375 33.75 28.418750762939453125 24.293750762939453125 23.4375 21.693750381469726562 20.549999237060546875 19.543750762939453125 19.15625 20.987499237060546875 22.831249237060546875 23.21875 24.018749237060546875 24.431249618530273438 24.15625 24.106250762939453125 23.962499618530273438 24.549999237060546875 27.356250762939453125 29.987499237060546875 31.412500381469726562 34.71250152587890625 37.8125 40.16249847412109375 41.21250152587890625 39.825000762939453125 35.56874847412109375 32.962497711181640625 30.462499618530273438
117.3562469482421875 115.84999847412109375 111.80625152587890625 108.08750152587890625 103.8312530517578125 98.4375 92.1062469482421875 85.0124969482421875 79.59999847412109375 74.19374847412109375 67.6875 58.168750762939453125 50.34375 43.424999237060546875 36.4375 31.268749237060546875 26.131250381469726562 21.818750381469726562 19.731250762939453125 18.643749237060546875 18.743749618530273438 19.793750762939453125 16.825000762939453125 18.887500762939453125 20.912500381469726562 22.681249618530273438 24.075000762939453125 24.306249618530273438 24.700000762939453125 23.743749618530273438 23.393749237060546875 25.612499237060546875 29.225000381469726562 31.368749618530273438 33.43125152587890625 36.625 38.231250762939453125 38.625 39.83750152587890625 38.18125152587890625 35.674999237060546875 33.30625152587890625 30.981250762939453125
