data/historical-monthly-weather-data/wc2.1_cruts4.09_10m_prec_1961-08.asc
ncols        45
nrows        45
xllcorner    -63.500000000000
yllcorner    -7.500000000000
cellsize     0.166666666667
NODATA_value -9999
[rows 19 to 37 of 45, columns 0 to 42 of 45]
81.9875030517578125 81.77500152587890625 79.0625 76.6875 73.3562469482421875 69.875 65.6437530517578125 61.22499847412109375 59.06874847412109375 56.06874847412109375 52.331249237060546875 46.28749847412109375 38.918750762939453125 32.21250152587890625 27.075000762939453125 22.40625 17.737499237060546875 15.831250190734863281 14.75 14.612500190734863281 14.875 16.100000381469726562 18.631250381469726562 21.225000381469726562 23.350000381469726562 24.662500381469726562 25.625 25.756250381469726562 25.075000762939453125 23.543750762939453125 23.681249618530273438 27.84375 30.5 33.518749237060546875 37.049999237060546875 40.637500762939453125 43.706249237060546875 46.637500762939453125 48.049999237060546875 47.581249237060546875 45 42.91249847412109375 41.50624847412109375
72.375 74.1374969482421875 73.0124969482421875 70.75624847412109375 66.75 63.381252288818359375 60.125 56.63124847412109375 54.96250152587890625 52.31874847412109375 49.40625 44.668750762939453125 37.825000762939453125 31.431249618530273438 26.006250381469726562 21.412500381469726562 17.350000381469726562 14.887499809265136719 14.225000381469726562 13.756250381469726562 15 16.825000762939453125 18.96875 21.612499237060546875 24.350000381469726562 25.262500762939453125 25.075000762939453125 25.143749237060546875 25.231250762939453125 25.975000381469726562 27.5 30.493749618530273438 31.693750381469726562 33.13124847412109375 36.03749847412109375 39.125 42.69374847412109375 45.38124847412109375 46.200000762939453125 46.09999847412109375 44.03125 42.512500762939453125 41.34375
65.8000030517578125 66.58750152587890625 65.9250030517578125 64.65625 61.768749237060546875 58.15625 55.668750762939453125 51.97499847412109375 50.86875152587890625 48.53125 46.9375 44.19374847412109375 40.231250762939453125 34.393749237060546875 28.325000762939453125 22.556249618530273438 18.931249618530273438 16.537500381469726562 15.3125 14.712499618530273438 15.137499809265136719 16.662500381469726562 18.850000381469726562 21.225000381469726562 23.243749618530273438 24.600000381469726562 26.424999237060546875 26.46875 27.024999618530273438 28.024999618530273438 29.575000762939453125 31.543750762939453125 32.15000152587890625 33.056247711181640625 33.84999847412109375 36.69374847412109375 40.706249237060546875 44.106250762939453125 45.33750152587890625 44.9375 43.206249237060546875 41.606250762939453125 39.78125
59.768749237060546875 62.512500762939453125 62.362499237060546875 60.15000152587890625 57.63124847412109375 54.362499237060546875 50.637500762939453125 47.03749847412109375 46.799999237060546875 46.481250762939453125 46.356250762939453125 45.15625 43.125 38.00624847412109375 30.931249618530273438 24.631250381469726562 20.043750762939453125 17.568750381469726562 16.09375 15.118749618530273438 15.706250190734863281 17.193750381469726562 19.081249237060546875 20.34375 22.6875 24.756250381469726562 26.543750762939453125 27.612499237060546875 27.924999237060546875 28.5625 30.106250762939453125 32.24375152587890625 32.325000762939453125 31.868749618530273438 31.637498855590820312 32.72499847412109375 36.375 41.34999847412109375 43.668750762939453125 43.106250762939453125 42.05625152587890625 40.125 38.43125152587890625
55.22499847412109375 58.50624847412109375 58.71875 55.231250762939453125 52.09375 49.612499237060546875 47.325000762939453125 45.143749237060546875 43.8125 44.34999847412109375 44.94374847412109375 46.19374847412109375 45.80625152587890625 40.93125152587890625 33.71250152587890625 27.237499237060546875 22.412500381469726562 19.575000762939453125 17.700000762939453125 16.618749618530273438 17.081249237060546875 18.268749237060546875 19.506250381469726562 21.049999237060546875 22.881250381469726562 24.393751144409179688 26.8125 27.431249618530273438 28.287500381469726562 29.600000381469726562 31.487499237060546875 33.268749237060546875 32.887500762939453125 31.1875 30.174999237060546875 30.262500762939453125 32.86875152587890625 37.299999237060546875 39.987499237060546875 39.99375152587890625 39.231250762939453125 38.012500762939453125 36.55625152587890625
51.950000762939453125 54.700000762939453125 54.28125 51.88124847412109375 49.012500762939453125 46.53749847412109375 44.22499847412109375 42.606250762939453125 42.30625152587890625 42.96250152587890625 43.25624847412109375 44.13124847412109375 44.25624847412109375 41.08750152587890625 34.924999237060546875 29.125 24.4375 21.412500381469726562 19.293750762939453125 18.024999618530273438 18.399999618530273438 19.131250381469726562 20.081249237060546875 21.46875 22.700000762939453125 24.524999618530273438 26.106250762939453125 27.100000381469726562 28.231250762939453125 30.049999237060546875 31.924999237060546875 33.52500152587890625 32.78125 31.362499237060546875 29.793750762939453125 29.456249237060546875 31.268749237060546875 33.27500152587890625 35.518749237060546875 36.5 36.331249237060546875 35.93125152587890625 35.112499237060546875
50.06874847412109375 52.24375152587890625 50.13124847412109375 48.28749847412109375 44.81874847412109375 42.83750152587890625 41.143749237060546875 40.393749237060546875 39.674999237060546875 39.8125 40.418750762939453125 41.46250152587890625 41.9375 39.72499847412109375 35.143749237060546875 29.868749618530273438 25.65625 22.931249618530273438 20.568750381469726562 19.362499237060546875 19.625 19.987499237060546875 20.831249237060546875 21.662500381469726562 22.65625 24.0625 25.818750381469726562 27.049999237060546875 28.537500381469726562 30.706249237060546875 32.5625 34.231250762939453125 32.75 30.818750381469726562 28.943750381469726562 28.956249237060546875 29.693750381469726562 30.262500762939453125 32.350002288818359375 33.043750762939453125 33.481250762939453125 33.549999237060546875 33.59375
48.40625 49.043750762939453125 47.58750152587890625 45.53749847412109375 42.78125 41.112499237060546875 40.18125152587890625 38.987499237060546875 38.09999847412109375 38.91249847412109375 39.799999237060546875 40.293750762939453125 40.9375 39.99375152587890625 36.33750152587890625 31.743749618530273438 27.993749618530273438 25.112499237060546875 22.962499618530273438 21.212499618530273438 20.856250762939453125 21.162500381469726562 21.506250381469726562 22.587499618530273438 23.506250381469726562 24.237499237060546875 26.362499237060546875 27.893749237060546875 29.299999237060546875 31.081249237060546875 33.27500152587890625 34.34999847412109375 32.68125152587890625 30.274999618530273438 27.6875 27.412500381469726562 27.181249618530273438 27.493749618530273438 28.78125 29.53125 30.106250762939453125 30.725000381469726562 31.931249618530273438
47.52500152587890625 45.768749237060546875 44.69374847412109375 43.143749237060546875 41.3125 39.5 38.625 37.78125 37.549999237060546875 38.0625 38.21875 39.0625 40.21250152587890625 40.53749847412109375 37.081249237060546875 33.30625152587890625 30.193750381469726562 27.387500762939453125 25.162500381469726562 23.162500381469726562 22.606250762939453125 22.018749237060546875 22.456249237060546875 23.350000381469726562 24.037500381469726562 24.5 26.65625 28.587499618530273438 30.299999237060546875 32.08750152587890625 33.68125152587890625 34.424999237060546875 32.25 28.993749618530273438 26.568750381469726562 25.612499237060546875 24.818750381469726562 24.700000762939453125 26.043750762939453125 27.15625 27.756250381469726562 29.049999237060546875 30.512500762939453125
45.21875 44.05625152587890625 42.5 41.28125 39.09375 37.75 36.61875152587890625 35.581249237060546875 36.443752288818359375 36.575000762939453125 36.91249847412109375 38.06874847412109375 39.575000762939453125 40.68125152587890625 38.043750762939453125 34.825000762939453125 32.36875152587890625 29.806249618530273438 27.450000762939453125 25.4375 24.487499237060546875 23.606250762939453125 23.53125 24.024999618530273438 24.787500381469726562 25.037500381469726562 27.325000762939453125 29.225000381469726562 30.868749618530273438 32.424999237060546875 33.66249847412109375 34.40000152587890625 31.25 27.475000381469726562 24.762500762939453125 24.081249237060546875 23.356250762939453125 23.006250381469726562 24.268749237060546875 25.0625 25.268749237060546875 26.806249618530273438 28.850000381469726562
43.862499237060546875 43.137500762939453125 41.674999237060546875 39.8125 38.33750152587890625 37.36875152587890625 36.28749847412109375 36.03125 36.40625 36.424999237060546875 37.075000762939453125 38.56874847412109375 40.05625152587890625 41.043750762939453125 39.18125152587890625 36.737499237060546875 34.46250152587890625 32.674999237060546875 30.981248855590820312 28.34375 27.09375 26.4375 26.206249237060546875 26.399999618530273438 26.71875 27.424999237060546875 29.012500762939453125 30.71875 31.631250381469726562 32.40000152587890625 33.200000762939453125 33.61875152587890625 30.362499237060546875 26.831249237060546875 24.006250381469726562 22.774999618530273438 22.40625 21.987499237060546875 22.681249618530273438 23.818750381469726562 24.512500762939453125 25.699998855590820312 26.706249237060546875
42.55625152587890625 41.5625 39.731250762939453125 38.80625152587890625 38.668750762939453125 37.58750152587890625 36.856250762939453125 36.11875152587890625 36.262500762939453125 36.393749237060546875 36.78749847412109375 39.02500152587890625 41.237499237060546875 42.28125 40.231250762939453125 38.4375 37.41249847412109375 35.80625152587890625 34.356250762939453125 32.043750762939453125 30.418750762939453125 28.78125 28.181249618530273438 28.274999618530273438 28.387500762939453125 29.174999237060546875 30.1875 31.912500381469726562 32.981250762939453125 33.28749847412109375 33.55625152587890625 33.075000762939453125 29.5625 26.100000381469726562 23.643749237060546875 22.087499618530273438 21.325000762939453125 20.674999237060546875 21.581249237060546875 22.918750762939453125 23.393749237060546875 23.5625 23.950000762939453125
41.00624847412109375 40.27500152587890625 38.75 38 38.325000762939453125 37.512500762939453125 36.700000762939453125 35.69374847412109375 36.08750152587890625 36.53749847412109375 37.05625152587890625 39.018749237060546875 40.71250152587890625 42.34375 41.38124847412109375 41.21875 40.268749237060546875 38.549999237060546875 36.61875152587890625 34.674999237060546875 33.125 32.03125 30.643749237060546875 29.924999237060546875 30.106250762939453125 30.59375 31.537500381469726562 33.137500762939453125 33.831249237060546875 33.362499237060546875 33.293750762939453125 32.112499237060546875 28.743749618530273438 25.587499618530273438 22.46875 20.6875 19.725000381469726562 18.993749618530273438 19.681249618530273438 20.649999618530273438 20.84375 20.806249618530273438 21.387500762939453125
38.9375 38.0625 37.19374847412109375 37.081249237060546875 36.875 36.19374847412109375 36.15625 35.80625152587890625 36 36.924999237060546875 38.487499237060546875 39.80625152587890625 41.30625152587890625 43.56874847412109375 43.200000762939453125 43.72499847412109375 43.325000762939453125 41.987499237060546875 39.94374847412109375 37.94374847412109375 36.356250762939453125 35.012500762939453125 33.799999237060546875 33.71875 33.674999237060546875 33.43125152587890625 34.15000152587890625 34.43125152587890625 35.03749847412109375 33.831249237060546875 33.16249847412109375 31.424999237060546875 28.09375 24.799999237060546875 21.799999237060546875 19.924999237060546875 18.712499618530273438 17.618749618530273438 17.78125 18.125 17.806249618530273438 17.793750762939453125 18.043750762939453125
36.899997711181640625 36.606250762939453125 36.018749237060546875 36.49375152587890625 35.356250762939453125 35.393749237060546875 35.950000762939453125 35.97499847412109375 36.262500762939453125 36.96250152587890625 38.19374847412109375 40.11875152587890625 42.40625 43.299999237060546875 44.24375152587890625 44.71875 45.53749847412109375 43.94374847412109375 41.8125 40.325000762939453125 39.081249237060546875 37.86875152587890625 36.9375 36.38124847412109375 36.53125 36.36875152587890625 36.575000762939453125 36.21875 36.831249237060546875 35.25624847412109375 33.5625 31.15625 27.368749618530273438 23.774999618530273438 21 19.081249237060546875 17.706249237060546875 16.262500762939453125 15.956250190734863281 15.493749618530273438 15.175000190734863281 15.106249809265136719 14.96875
35.53749847412109375 35.125 35.03749847412109375 34.88124847412109375 34.65625 34.94374847412109375 35.53125 35.90625 35.72499847412109375 36.856250762939453125 38.125 40.637500762939453125 42.34999847412109375 44.356250762939453125 45.625 46.981250762939453125 48.043750762939453125 46.38124847412109375 44.293750762939453125 42.862499237060546875 41.856250762939453125 40.512500762939453125 39.21250152587890625 38.97499847412109375 38.706249237060546875 38.75 38.52500152587890625 37.96875 38.325000762939453125 36.33750152587890625 33.40625 30.256250381469726562 26.506250381469726562 22.850000381469726562 19.96875 18.018749237060546875 16.25 14.9375 14.318750381469726562 13.537500381469726562 12.675000190734863281 12.350000381469726562 12.181249618530273438
35.44374847412109375 35.174999237060546875 34.799999237060546875 34.549999237060546875 34.549999237060546875 34.52500152587890625 34.90000152587890625 34.99375152587890625 35.331249237060546875 36.75624847412109375 38.918750762939453125 41.06874847412109375 43.71875 45.831249237060546875 47.59999847412109375 49.74375152587890625 50.55625152587890625 49.61875152587890625 47.043750762939453125 45.46250152587890625 44.793750762939453125 44.418750762939453125 42.950000762939453125 42.69374847412109375 41.97499847412109375 41.36875152587890625 40.59375 40.75624847412109375 39.84999847412109375 36.918750762939453125 33.53125 30.100000381469726562 25.631250381469726562 22.381250381469726562 19.368749618530273438 17.118749618530273438 15.712499618530273438 14.40625 13.475000381469726562 12.774999618530273438 11.881250381469726562 11.618749618530273438 11.050000190734863281
34.512500762939453125 34.200000762939453125 33.825000762939453125 33.887500762939453125 34.018749237060546875 34.33750152587890625 34.84999847412109375 35.424999237060546875 35.543750762939453125 36.33750152587890625 39.875 43.65625 46.65000152587890625 48.4375 50.83750152587890625 52.262500762939453125 53.19374847412109375 51.90000152587890625 49.924999237060546875 47.90000152587890625 47.375 47.200000762939453125 46.075000762939453125 45.981250762939453125 45.518749237060546875 44.043750762939453125 43.34375 42.793750762939453125 40.674999237060546875 37.28749847412109375 33.831249237060546875 29.768749237060546875 25.543750762939453125 21.818750381469726562 18.837499618530273438 16.768749237060546875 15.34375 14.125 13.106249809265136719 12.356249809265136719 11.34375 10.949999809265136719 10.25
33.612499237060546875 33.518749237060546875 32.981250762939453125 33.581249237060546875 34.00624847412109375 34.299999237060546875 34.918750762939453125 35.481250762939453125 36.53125 37.393749237060546875 43.4375 47.731250762939453125 49.331249237060546875 51.793750762939453125 54.518749237060546875 55.72499847412109375 55.90625 53.950000762939453125 53.00624847412109375 50.94374847412109375 50.331249237060546875 49.52500152587890625 48.66249847412109375 48.52500152587890625 48.137500762939453125 47.206249237060546875 46.27500152587890625 45.362499237060546875 43.293750762939453125 38.987499237060546875 34.34999847412109375 30.506250381469726562 26.393749237060546875 21.837499618530273438 18.543750762939453125 16.337499618530273438 15.324999809265136719 14.225000381469726562 13.287500381469726562 12.46875 10.993749618530273438 10.274999618530273438 9.6000003814697265625
