data/historical-monthly-weather-data/wc2.1_cruts4.09_10m_prec_1963-08.asc
ncols        45
nrows        45
xllcorner    -63.500000000000
yllcorner    -7.500000000000
cellsize     0.166666666667
NODATA_value -9999
[rows 0 to 18 of 45, columns 0 to 42 of 45]
168.2062530517578125 172.087493896484375 172.1687469482421875 176.1125030517578125 180.6750030517578125 184.243743896484375 182.1875 181.962493896484375 180.375 176.5437469482421875 167.8874969482421875 162.868743896484375 160.037506103515625 154.4875030517578125 151.6750030517578125 146.0187530517578125 142.806243896484375 139.9187469482421875 136.9875030517578125 137.3249969482421875 134.9499969482421875 130.6125030517578125 126.81874847412109375 124.55625152587890625 121.33750152587890625 118.6374969482421875 120.16249847412109375 123.375 120.41249847412109375 118.6687469482421875 112.5812530517578125 110.5187530517578125 109.1374969482421875 105.63124847412109375 103.53125 102.1875 99.69374847412109375 98.4499969482421875 97.49375152587890625 95.52500152587890625 94.0437469482421875 93.8125 91.41249847412109375
161.399993896484375 164.506256103515625 169.256256103515625 174.756256103515625 181.6125030517578125 183.350006103515625 178.193756103515625 176.625 174.8125 170.0812530517578125 162.4000091552734375 158.100006103515625 151.5124969482421875 144.1687469482421875 140.024993896484375 137.2375030517578125 132.587493896484375 130.649993896484375 129.774993896484375 130.006256103515625 127.4375 123.03125 119.44374847412109375 118.4375 115.3249969482421875 111.93125152587890625 115.38124847412109375 117.1374969482421875 114.84999847412109375 112.46875 110.11875152587890625 107.99375152587890625 107.0124969482421875 106.3562469482421875 104.3625030517578125 102.38124847412109375 98.34375 98.75 96.9187469482421875 95.00624847412109375 95.7937469482421875 94.6374969482421875 94.0187530517578125
150.65625 156.3312530517578125 161.756256103515625 168.28125 174.1750030517578125 174.3625030517578125 171.125 168.1875 163.837493896484375 158.1500091552734375 152.631256103515625 148.0500030517578125 141.100006103515625 132.3625030517578125 128.0124969482421875 124.84375 121.44374847412109375 118.78125 116.9812469482421875 114.7312469482421875 113.21875 111.08750152587890625 107.9499969482421875 108.33750152587890625 105.0625 103.72499847412109375 108.5 109.28749847412109375 107.875 107.1062469482421875 104.09999847412109375 102.63124847412109375 102.1687469482421875 102.52500152587890625 99.8562469482421875 95.6750030517578125 93.30625152587890625 93.3125 91.0812530517578125 90.68125152587890625 92.61875152587890625 92.52500152587890625 93.53749847412109375
140.7375030517578125 144.375 151.1374969482421875 157.59375 160.850006103515625 160.1125030517578125 158.181243896484375 155.6062469482421875 153.693756103515625 147.943756103515625 140.493743896484375 134.306243896484375 128.274993896484375 120.25 116.1750030517578125 112.8125 110.24375152587890625 107.36875152587890625 104.80625152587890625 104.5749969482421875 102.09375 98.63124847412109375 95.49375152587890625 96.7062530517578125 95.33750152587890625 94.6999969482421875 99.1125030517578125 98.68125152587890625 98.8312530517578125 99.08750152587890625 97.5812530517578125 95.53749847412109375 93.74375152587890625 92.72499847412109375 91.15000152587890625 88.93125152587890625 88.88750457763671875 87.71875 84.71875 85.8312530517578125 86.7062530517578125 89.125 90.3625030517578125
144.4812469482421875 144.087493896484375 141.1062469482421875 143.524993896484375 148.212493896484375 146.600006103515625 143.556243896484375 143.850006103515625 143.5749969482421875 137.975006103515625 129.2624969482421875 122.3249969482421875 116.28125 109.8125 105.53125 102.83750152587890625 99.5187530517578125 95.3937530517578125 92.1062469482421875 91.6437530517578125 91.18125152587890625 86.71250152587890625 84.3562469482421875 87.3000030517578125 85.86875152587890625 85.44374847412109375 88.1062469482421875 91.1999969482421875 92.06874847412109375 90.63124847412109375 91.6062469482421875 89.3874969482421875 88.6062469482421875 88.1750030517578125 86.7375030517578125 83.4499969482421875 81.8562469482421875 80.9250030517578125 78.375 78.28749847412109375 81.4250030517578125 83.96250152587890625 87.5625
144.524993896484375 143.5124969482421875 138.225006103515625 131.443756103515625 134.443756103515625 138.1374969482421875 136.149993896484375 133.5625 133.431243896484375 127.9875030517578125 117.91249847412109375 111.5812530517578125 106.9375 101.59375 97.2624969482421875 94.6437530517578125 90.34375 84.80625152587890625 81.8562469482421875 80.46875 80.2687530517578125 78.33750152587890625 77.0187530517578125 77.2624969482421875 78.1437530517578125 78.81874847412109375 81.59999847412109375 84.03749847412109375 85.7937469482421875 83.84375 84.5187530517578125 84.44374847412109375 82.0625 81.4499969482421875 78.59375 77.0812530517578125 74.52500152587890625 72.0437469482421875 71.09999847412109375 72.5625 73.90000152587890625 77.31874847412109375 81.1999969482421875
145.443756103515625 145.3312530517578125 139.931243896484375 133.5749969482421875 130.850006103515625 127.9187469482421875 124.6687469482421875 121.2624969482421875 115.4375 111.0124969482421875 104.7312469482421875 100.65000152587890625 98.2624969482421875 93.9375 90.71250152587890625 87.7375030517578125 83.25624847412109375 77.6374969482421875 72.8874969482421875 71.2062530517578125 70.7375030517578125 70.24375152587890625 69.68125152587890625 70.9562530517578125 71.8249969482421875 73.2937469482421875 75.8125 77.6062469482421875 77.7312469482421875 78.1999969482421875 78.05625152587890625 77.0749969482421875 75.8312530517578125 74.50624847412109375 71.99375152587890625 69.5437469482421875 66.3312530517578125 64.3125 64.33750152587890625 65.96250152587890625 67.19374847412109375 70.41249847412109375 74.99375152587890625
147.125 144.931243896484375 141.681243896484375 136.5 134.149993896484375 129.9875030517578125 119.7312469482421875 106.2375030517578125 97.3625030517578125 93.91249847412109375 93.15000152587890625 91.0749969482421875 89.2312469482421875 86.39374542236328125 83.8562469482421875 80.5749969482421875 76.75 70.7375030517578125 65.0749969482421875 61.987499237060546875 62.71875 63.08750152587890625 62.53125 63.88124847412109375 66.22499847412109375 67.09375 69.05625152587890625 71.19374847412109375 72.1125030517578125 70.92499542236328125 72.22499847412109375 71.21875 68.68125152587890625 67.49375152587890625 63.825000762939453125 61.081249237060546875 58.21875 55.918750762939453125 55.424999237060546875 56.231250762939453125 58.06874847412109375 61.65625 65.78749847412109375
148.5124969482421875 146.087493896484375 143.462493896484375 137.006256103515625 132.931243896484375 126.4499969482421875 117.34999847412109375 105.6374969482421875 92.75 85.16249847412109375 83.88124847412109375 82.96250152587890625 84.06874847412109375 81.80625152587890625 78.40625 74.34999847412109375 71.11249542236328125 65.875 61.893749237060546875 57.424999237060546875 57.543750762939453125 58.50624847412109375 58.049999237060546875 61.25 63.043750762939453125 63.0625 63.549999237060546875 66.34999847412109375 67.375 66.1374969482421875 66.9812469482421875 64.59999847412109375 60.91249847412109375 57.59375 54.762500762939453125 53.34999847412109375 51.3125 49.424999237060546875 48.606250762939453125 49.19374847412109375 50.33750152587890625 52.36875152587890625 54.962497711181640625
148.46875 145.90625 141.8874969482421875 137.0749969482421875 132.587493896484375 125.61875152587890625 118.65625 106.90625 95.38124847412109375 89.0749969482421875 84.4499969482421875 80.6875 81.09375 79.46250152587890625 74.1875 69.49375152587890625 64.6999969482421875 61.08750152587890625 57.387500762939453125 54.043750762939453125 54.268749237060546875 54.262500762939453125 53.84999847412109375 56.84375 58.325000762939453125 58.387500762939453125 59.03749847412109375 60.90000152587890625 60.91249847412109375 59.424999237060546875 58.325000762939453125 56.46250152587890625 54.34375 51.90000152587890625 49.61875152587890625 47.850002288818359375 45.331249237060546875 43.174999237060546875 43.03125 43.36875152587890625 43.84375 44.61875152587890625 45.799999237060546875
150.9875030517578125 147.5187530517578125 141.4375 135.787506103515625 132.100006103515625 127.27500152587890625 119.9250030517578125 106.84999847412109375 96.625 89.16249847412109375 85.125 81.41249847412109375 79.15000152587890625 76.28125 69.3937530517578125 63.25624847412109375 58.325000762939453125 55.66249847412109375 52.424999237060546875 50.19374847412109375 52.112499237060546875 52.262500762939453125 51.66249847412109375 52.825000762939453125 55.5 55.918750762939453125 56.643749237060546875 57.137500762939453125 55.612499237060546875 53.1875 52.68125152587890625 51.0625 49.71875 47.44374847412109375 44.331249237060546875 42.00624847412109375 39.52500152587890625 37.875 37.362499237060546875 37.19374847412109375 37.05625152587890625 37.59375 38.831249237060546875
150.8125 147.493743896484375 141.318756103515625 136.556243896484375 133.131256103515625 128.431243896484375 122.09375 110.53125 99.80625152587890625 91.6875 86.4875030517578125 81.71250152587890625 76.8000030517578125 71.46250152587890625 66.78749847412109375 60.58750152587890625 55.16249847412109375 51.84999847412109375 49.5625 48.387500762939453125 50.4375 50.793750762939453125 50.512500762939453125 52.043750762939453125 53.27500152587890625 51.03749847412109375 51.21250152587890625 51.956249237060546875 50.90000152587890625 49.00624847412109375 47.75 47.18125152587890625 44.72499847412109375 42.393749237060546875 40.22499847412109375 38.66249847412109375 36.481250762939453125 34.393749237060546875 32.856250762939453125 31.618749618530273438 31.350000381469726562 31.787500381469726562 32.34999847412109375
149.1687469482421875 143.931243896484375 138.681243896484375 132.6125030517578125 130.181243896484375 124.90000152587890625 116.58750152587890625 107.7375030517578125 98.0812530517578125 91.24375152587890625 86.18125152587890625 80.99375152587890625 74.25624847412109375 66.66249847412109375 60.6875 55.731250762939453125 50.40000152587890625 48.293750762939453125 46.19374847412109375 44.481250762939453125 46.71875 47.393749237060546875 47.38124847412109375 47.5 46.09999847412109375 44.625 46.13124847412109375 47.11875152587890625 47.75624847412109375 46.19374847412109375 44.418750762939453125 43.112499237060546875 41.543750762939453125 38.1875 36.424999237060546875 35.737499237060546875 35.081249237060546875 32.831249237060546875 31.606250762939453125 29.056249618530273438 26.606250762939453125 27.59375 27.668750762939453125
146.09375 139.1374969482421875 133.0437469482421875 128.787506103515625 124.8874969482421875 118.71250152587890625 111.29375457763671875 104.58750152587890625 95.8000030517578125 89.625 83.7624969482421875 76.59999847412109375 69.97499847412109375 62.47499847412109375 54.13124847412109375 50.28125 46.043750762939453125 44 40.97499847412109375 39.168750762939453125 41.21250152587890625 41.84375 41.924999237060546875 42.65625 42.299999237060546875 41.893749237060546875 43.106250762939453125 44.206249237060546875 44.77500152587890625 43.75 42.59999847412109375 40.41249847412109375 38.46875 35.69374847412109375 34.6875 34.97499847412109375 34.575000762939453125 33.93125152587890625 33.081249237060546875 29.8125 24.731250762939453125 23.493749618530273438 24.725000381469726562
141.118743896484375 135.7375030517578125 128.618743896484375 122.84375 119.3000030517578125 113.3000030517578125 106.25624847412109375 99 91.02500152587890625 85.375 78.5187530517578125 72.25624847412109375 65.5812530517578125 57.68125152587890625 49.71875 44.637500762939453125 40.924999237060546875 38.49375152587890625 36.25624847412109375 35 36.799999237060546875 37.77500152587890625 38.36875152587890625 40.21875 41.325000762939453125 42.112499237060546875 42.674999237060546875 43.049999237060546875 42.86875152587890625 41.674999237060546875 40.012500762939453125 38.59375 36.831249237060546875 35 33.49375152587890625 34.143749237060546875 35.043750762939453125 37.05625152587890625 37.28125 33.25 29.8125 28.28125 29.256250381469726562
134.149993896484375 129.693756103515625 123.9375 118.28125 113.52500152587890625 108.7937469482421875 102.43125152587890625 94.0437469482421875 87.0124969482421875 81.11875152587890625 74.7312469482421875 67.56874847412109375 60.331249237060546875 53.05625152587890625 46.00624847412109375 39.393749237060546875 35.9375 33.950000762939453125 31.993749618530273438 31.162500381469726562 32.731250762939453125 34.268749237060546875 36.09375 39.13124847412109375 41.18125152587890625 42.08750152587890625 42.512500762939453125 41.97499847412109375 41.293750762939453125 40.36875152587890625 39.418750762939453125 37.96250152587890625 35.65625 33.88124847412109375 32.975002288818359375 35.90625 37.862499237060546875 39.81874847412109375 41.13124847412109375 39.56874847412109375 37.5 35.174999237060546875 33.18125152587890625
130.1374969482421875 126 119.5437469482421875 114.38124847412109375 108.25624847412109375 104.21875 99.05625152587890625 92.0187530517578125 83.90625 78.38124847412109375 72.27500152587890625 64.05625152587890625 56.793750762939453125 49.61875152587890625 42.831249237060546875 36.6875 31.225000381469726562 29.125 28.231250762939453125 27.881250381469726562 28.799999237060546875 30.993749618530273438 33.83750152587890625 38.46250152587890625 41.65000152587890625 42.24375152587890625 41.30625152587890625 40.63124847412109375 39.25 38.043750762939453125 37.94374847412109375 37.99375152587890625 36.674999237060546875 35.3125 37.924999237060546875 40.65000152587890625 42.549999237060546875 45.81874847412109375 48.71875 45.49375152587890625 41.97499847412109375 37.91249847412109375 34.18125152587890625
123.2687530517578125 120.5187530517578125 115.1687469482421875 110.8249969482421875 104.96875 101.0437469482421875 94.27500152587890625 87.86875152587890625 80.6750030517578125 74.78749847412109375 69.00624847412109375 61.612499237060546875 53.456249237060546875 46.174999237060546875 39.90625 34.03749847412109375 28.899999618530273438 25.28125 25.100000381469726562 24.268749237060546875 25.643749237060546875 27.818750381469726562 31.206249237060546875 35.69374847412109375 39.81874847412109375 41.112499237060546875 40.893749237060546875 39.862499237060546875 37.918750762939453125 36.262500762939453125 34.56874847412109375 34.19374847412109375 37.5625 40.71250152587890625 42.08750152587890625 45.518749237060546875 48.549999237060546875 50.43125152587890625 50.84375 48.393749237060546875 42.55625152587890625 38.6875 35.09999847412109375
116.5187530517578125 114.375 110.24375152587890625 106.50624847412109375 102.2687530517578125 97.24375152587890625 91.30625152587890625 84.625 79.56874847412109375 74.46250152587890625 68.2687530517578125 58.94374847412109375 51.28125 44.49375152587890625 37.59999847412109375 32.518749237060546875 27.46875 23.46875 21.84375 21.524999618530273438 24.075000762939453125 28.575000762939453125 27.6875 32.16249847412109375 36.13124847412109375 39.418750762939453125 40.125 38.768749237060546875 37.825000762939453125 34.799999237060546875 32.831249237060546875 34.66249847412109375 39.075000762939453125 41.549999237060546875 43.825000762939453125 47.22499847412109375 48.424999237060546875 48.06874847412109375 48.575000762939453125 45.71250152587890625 41.956249237060546875 38.34999847412109375 34.96250152587890625
