data/historical-monthly-weather-data/wc2.1_cruts4.09_10m_prec_1977-03.asc
ncols        45
nrows        45
xllcorner    -63.500000000000
yllcorner    -7.500000000000
cellsize     0.166666666667
NODATA_value -9999
[rows 0 to 19 of 45, columns 0 to 44 of 45]
163.2624969482421875 161.3249969482421875 156.212493896484375 155.1999969482421875 152.506256103515625 149.381256103515625 143.693756103515625 138.006256103515625 133.46875 131.5812530517578125 132.5437469482421875 135.756256103515625 139.4250030517578125 141.524993896484375 145.912506103515625 150.5187530517578125 156.96875 160.3562469482421875 165.90625 171.0124969482421875 175.7375030517578125 179.4187469482421875 184.181243896484375 189.4875030517578125 197.100006103515625 204.9875030517578125 214.381256103515625 227.368743896484375 239.712493896484375 248.681243896484375 261.850006103515625 272.48126220703125 283.9375 298.024993896484375 311.08123779296875 320.15625 327.16876220703125 334.28125 339.03125 341.462493896484375 343.96875 345.0625 344.068756103515625 343.98748779296875 339.381256103515625
172.587493896484375 171.350006103515625 170.774993896484375 170.881256103515625 170.15625 166.6687469482421875 160.7375030517578125 155.8125 153.21875 151.5 151.881256103515625 154.0187530517578125 156.618743896484375 158.5124969482421875 162.037506103515625 166.256256103515625 171.8625030517578125 177.8125 184.0625 190.274993896484375 194.96875 199.087493896484375 204.431243896484375 210.1999969482421875 216.8125 224.3125 232.75 245.0437469482421875 255.9250030517578125 265.48748779296875 277.16876220703125 290.337493896484375 300.381256103515625 315.71875 326.443756103515625 335.26873779296875 343.006256103515625 348.91876220703125 352.274993896484375 352.92498779296875 355.068756103515625 355.306243896484375 353.65625 352.524993896484375 348.587493896484375
181.600006103515625 181.662506103515625 182.837493896484375 184.0437469482421875 183.5 180.943756103515625 178.368743896484375 176.318756103515625 174.9375 174.399993896484375 173.181243896484375 173.7687530517578125 175.65625 177.1437530517578125 180.181243896484375 184.818756103515625 189.774993896484375 195.681243896484375 201.024993896484375 206.6062469482421875 211.96875 217.274993896484375 222.125 229.368743896484375 237.337493896484375 244.1750030517578125 252.6875 264.087493896484375 273.41876220703125 282.39373779296875 295.087493896484375 308.193756103515625 319.70623779296875 332.21875 346.350006103515625 352.1875 359.787506103515625 367.39373779296875 369.32501220703125 370.53125 371.32501220703125 369.368743896484375 365.95001220703125 362.1875 359.212493896484375
189.0187530517578125 191.056243896484375 195.2375030517578125 196.8125 197.193756103515625 195.6687469482421875 195.475006103515625 196.274993896484375 197.84375 198.306243896484375 196.318756103515625 194.693756103515625 194.34375 194.8625030517578125 198.056243896484375 202.34375 208.337493896484375 214.100006103515625 219.0625 223.625 230.2375030517578125 235.181243896484375 239.1374969482421875 247.2624969482421875 256.337493896484375 264.09375 272.3125 280.600006103515625 289.118743896484375 299.29376220703125 310.36248779296875 325.537506103515625 336.8125 349.181243896484375 362.600006103515625 370.78125 378.774993896484375 386.4375 389.5625 389.26873779296875 386.96875 384.087493896484375 379.193756103515625 372.774993896484375 368.96875
202.0625 202.943756103515625 204.931243896484375 208.006256103515625 209.337493896484375 209.368743896484375 209.875 212.8937530517578125 217.8249969482421875 221.118743896484375 217.9499969482421875 213.5187530517578125 212.0625 213.34375 215.6062469482421875 220.5500030517578125 226.1374969482421875 232.3125 235.6687469482421875 238.7375030517578125 246.131256103515625 250.881256103515625 256.42498779296875 266.03125 275.63751220703125 284.41876220703125 290.181243896484375 297.17498779296875 307.412506103515625 315.29998779296875 327.78125 340.51873779296875 354.35626220703125 367.975006103515625 381.36248779296875 390.006256103515625 397.475006103515625 404.17498779296875 407.693756103515625 405.787506103515625 403.850006103515625 397.493743896484375 390.17498779296875 383.3125 377.1875
213.2375030517578125 214.318756103515625 217.3125 217.6374969482421875 215.9187469482421875 216.493743896484375 217.3312530517578125 219.881256103515625 225.837493896484375 231.2062530517578125 226.412506103515625 222.1062469482421875 222.3125 223.3874969482421875 226.6937408447265625 231.787506103515625 237.875 243.7687530517578125 248.162506103515625 251.1125030517578125 258.631256103515625 265.61248779296875 272.725006103515625 282.037506103515625 291.931243896484375 302.14373779296875 307.71875 312.931243896484375 320.256256103515625 329.32501220703125 340.162506103515625 353.03125 363.943756103515625 379.98126220703125 394.64373779296875 401.73748779296875 410.66876220703125 417.056243896484375 420.58123779296875 420.57501220703125 416 409.600006103515625 401.76873779296875 393.800018310546875 386.21875
222.8562469482421875 223.03125 224.681243896484375 222.6999969482421875 218.75 218.181243896484375 218.3874969482421875 218.3937530517578125 220.1062469482421875 221.975006103515625 223.431243896484375 224.21875 227 230.15625 234.7062530517578125 240.193756103515625 246.524993896484375 251.5437469482421875 255.6999969482421875 261.631256103515625 269.725006103515625 279.23126220703125 287.556243896484375 297.693756103515625 308.5 318.162506103515625 323.54376220703125 327.5625 331.82501220703125 338.92498779296875 352.10626220703125 363.9375 374.20001220703125 386.76873779296875 401.08123779296875 409.63751220703125 416.91876220703125 423.5 431.256256103515625 429.70001220703125 421.54376220703125 415.5625 407.76873779296875 399.98126220703125 394.66876220703125
229.287506103515625 228.2624969482421875 227.556243896484375 225.25 221.9875030517578125 220.556243896484375 217.2624969482421875 211.9875030517578125 208.162506103515625 210.024993896484375 217.125 223.4499969482421875 230.21875 236.1125030517578125 241.40625 247.4375 252.381256103515625 256.54998779296875 261.54376220703125 268.475006103515625 279.45001220703125 291.125 302.006256103515625 312.399993896484375 325.41876220703125 334.07501220703125 337.16876220703125 339.95623779296875 341.82501220703125 348 358.51251220703125 372.875 381.28125 392.493743896484375 405.29998779296875 412.82501220703125 419.79998779296875 425.60626220703125 432.006256103515625 429.962493896484375 423.26873779296875 417.375 410.03125 402.306243896484375 395.89373779296875
234.0187530517578125 231.8937530517578125 231.25 229.068756103515625 225.274993896484375 223.006256103515625 218.618743896484375 211.337493896484375 202.625 201.837493896484375 212.90625 222.8312530517578125 232.462493896484375 238.774993896484375 244.6687469482421875 250.8187408447265625 255.59375 260.14373779296875 267.024993896484375 274.649993896484375 284.737518310546875 299.306243896484375 311.943756103515625 328.07501220703125 341.625 349.20001220703125 348.537506103515625 348.087493896484375 350.20623779296875 353.61248779296875 362.79376220703125 375.256256103515625 382.64373779296875 391.600006103515625 401.493743896484375 409.34375 417.79376220703125 422.75 428.45001220703125 426.51873779296875 420.85626220703125 415.412506103515625 409.51873779296875 402.28125 393.181243896484375
238.53125 235.4250030517578125 234.1437530517578125 231.9250030517578125 228.90625 226.78125 223.09375 216.9187469482421875 211.1999969482421875 211.225006103515625 218.4875030517578125 225.9250030517578125 235.2624969482421875 242.431243896484375 247.8187408447265625 253.662506103515625 258.899993896484375 263.88751220703125 270.54998779296875 278.51251220703125 289.95623779296875 306.399993896484375 323.79376220703125 344.024993896484375 356.149993896484375 363.20001220703125 361.17498779296875 358.274993896484375 356.88751220703125 357.01873779296875 362.8125 375.006256103515625 382.59375 391.48126220703125 399.64373779296875 405.85626220703125 412.54376220703125 418.01873779296875 423.96875 424.10626220703125 420.3125 416.225006103515625 408.41876220703125 397.056243896484375 388.96875
242.7624969482421875 239.1750030517578125 237.118743896484375 235.212493896484375 233.2375030517578125 232.28125 229.6374969482421875 224.4250030517578125 221.7062530517578125 222.8937530517578125 227.287506103515625 233.475006103515625 240.4250030517578125 247.7062530517578125 252.537506103515625 257.07501220703125 261.5625 266.91876220703125 272.71875 280.75 295.375 313.79376220703125 336.08123779296875 355.443756103515625 372.57501220703125 376.243743896484375 372.056243896484375 369.82501220703125 365.71875 361.84375 366.381256103515625 375.006256103515625 380.78125 388.23748779296875 395.8125 400.45001220703125 405.5625 410.556243896484375 416.912506103515625 419.9375 417.475006103515625 412.28125 403.024993896484375 391.100006103515625 382.337493896484375
246.1062469482421875 242.631256103515625 240.649993896484375 239.556243896484375 237.3000030517578125 237.850006103515625 237.15625 233.78125 232.6125030517578125 233.568756103515625 236.681243896484375 240.975006103515625 245.743743896484375 251.5749969482421875 257.868743896484375 262.20623779296875 264.5625 269.100006103515625 274.837493896484375 282.26251220703125 295.75 316.375 342.899993896484375 368.76873779296875 383.65625 380.51251220703125 374.274993896484375 371.35626220703125 370.306243896484375 369.375 368.918731689453125 373.225006103515625 376.787506103515625 382.125 387.58123779296875 393.91876220703125 399.91876220703125 404.88751220703125 410.568756103515625 415.48748779296875 414.875 408.16876220703125 395.09375 377.024993896484375 363.66876220703125
249.2375030517578125 245.5 244.118743896484375 242.537506103515625 241.1999969482421875 242.84375 242.78125 241.475006103515625 241.1750030517578125 243.3625030517578125 247.256256103515625 250.212493896484375 254.3312530517578125 257.125 262.350006103515625 266.100006103515625 267.806243896484375 272.70001220703125 279.04998779296875 285.01251220703125 295.9375 316.756256103515625 343.29376220703125 365.881256103515625 372.962493896484375 372.13751220703125 373.51873779296875 374.024993896484375 374.95001220703125 374.45001220703125 373.10626220703125 372.162506103515625 372.225006103515625 375.506256103515625 379.54998779296875 384.306243896484375 390.48126220703125 396.037506103515625 403.70001220703125 410.95001220703125 413.1875 404.51873779296875 382.88751220703125 361.375 344.412506103515625
250.975006103515625 247.7624969482421875 246.412506103515625 245.087493896484375 244.6750030517578125 245.5749969482421875 247.1374969482421875 248.40625 250.618743896484375 253.4375 256.881256103515625 259.431243896484375 261.84375 265.03125 266.5 269.98748779296875 271.33123779296875 275.73748779296875 281.57501220703125 288.64373779296875 302.57501220703125 321.48748779296875 343.01873779296875 358.556243896484375 365.84375 370.306243896484375 373.28125 375.11248779296875 376.60626220703125 375.881256103515625 375.26873779296875 372.600006103515625 368.09375 366.975006103515625 369.068756103515625 374.75 382.20001220703125 387.46875 394.625 400.96875 402.70001220703125 388.318756103515625 369.71875 353.14373779296875 338.443756103515625
251.100006103515625 247.1062469482421875 246.3125 246.649993896484375 247.087493896484375 248.5749969482421875 251.7062530517578125 254.662506103515625 257.368743896484375 260.64373779296875 264.818756103515625 267 268.962493896484375 271.14373779296875 270.53125 272.90625 273.76251220703125 279.03125 284.11248779296875 290.91876220703125 306.41876220703125 324.40625 342.818756103515625 355.73126220703125 365.26251220703125 373.774993896484375 376.73748779296875 378.53125 380.850006103515625 380.32501220703125 375.943756103515625 370.931243896484375 365.993743896484375 359.23748779296875 357.243743896484375 365.38751220703125 375.29376220703125 381.41876220703125 384.762481689453125 384.85626220703125 378.92498779296875 370.41876220703125 361.64373779296875 348.256256103515625 336.0625
249.0625 245.725006103515625 245.993743896484375 247.1125030517578125 248.5124969482421875 252.2937469482421875 255.725006103515625 259.04376220703125 263.837493896484375 268.556243896484375 272.15625 274.79376220703125 276.625 277.79998779296875 277.07501220703125 276.48126220703125 276.368743896484375 281.58123779296875 286.34375 293.618743896484375 308.831268310546875 325.90625 343.193756103515625 354.79998779296875 364.48126220703125 374.587493896484375 378.63751220703125 382 386.3125 385.118743896484375 381.32501220703125 374.368743896484375 365.443756103515625 357.8125 353.34375 367.70001220703125 375.65625 374.13751220703125 372.45001220703125 370.04998779296875 363.95623779296875 358.631256103515625 352.14373779296875 342.056243896484375 331.26873779296875
247.2687530517578125 244.8249969482421875 244.96875 247.131256103515625 249.943756103515625 254.4562530517578125 259.90625 264.3125 269.58123779296875 275.0625 278.837493896484375 282.0625 284.23126220703125 284.131256103515625 284.20001220703125 281.868743896484375 278.431243896484375 281.76251220703125 287.41876220703125 294.131256103515625 309.368743896484375 326.712493896484375 344.15625 355.09375 365.42498779296875 373.693756103515625 378.681243896484375 384 388.087493896484375 388.868743896484375 385.95001220703125 379.131256103515625 370.912506103515625 367.38751220703125 376.087493896484375 386.087493896484375 383.524993896484375 373.5625 365.51251220703125 359.07501220703125 355.118743896484375 350.38751220703125 342.78125 333.993743896484375 325.70001220703125
243.625 241.6062469482421875 243.40625 246.850006103515625 250.475006103515625 255.5437469482421875 261.087493896484375 266.806243896484375 273.1875 279.193756103515625 284.26251220703125 288.96875 290.36248779296875 291.181243896484375 290.21875 286.287506103515625 282.17498779296875 279.08123779296875 286.32501220703125 292.225006103515625 307.962493896484375 323.912506103515625 339.037506103515625 349.46875 359.70001220703125 370.899993896484375 374.90625 382.162506103515625 389.149993896484375 390.506256103515625 386.600006103515625 374.318756103515625 368.625 371.681243896484375 387.037506103515625 406.78125 391.625 372.38751220703125 359.71875 353.09375 345.943756103515625 340.587493896484375 334.181243896484375 326.04998779296875 317.96875
239.2375030517578125 237.78125 240.181243896484375 244.5500030517578125 249.8000030517578125 256.53125 263.100006103515625 269.51251220703125 276.1875 282.91876220703125 288.65625 291.59375 295.23126220703125 297.443756103515625 294.26251220703125 288.76873779296875 282.975006103515625 278.556243896484375 280.35626220703125 286.11248779296875 302.693756103515625 319.29376220703125 328.743743896484375 339.82501220703125 351.73126220703125 364.54998779296875 371.043731689453125 377.149993896484375 385.5 389.3125 387.51873779296875 371.618743896484375 360.056243896484375 354.34375 362.475006103515625 378.618743896484375 371.693756103515625 359.9375 352.63751220703125 345.193756103515625 338.79376220703125 332.26251220703125 326.39373779296875 319.45623779296875 311.75
232.7312469482421875 232.6437530517578125 235.9250030517578125 241.34375 247.9187469482421875 256.54998779296875 264.51873779296875 271.95001220703125 279.28125 285.76873779296875 291.33123779296875 294.056243896484375 298.79998779296875 302.85626220703125 296.66876220703125 286.5625 277.26873779296875 276.39373779296875 275.931243896484375 279.8125 292.149993896484375 304.79376220703125 317.76873779296875 328.181243896484375 340.32501220703125 352.70623779296875 360.59375 369.11248779296875 375.70623779296875 376.82501220703125 372.36248779296875 360.625 341.78125 324.08123779296875 314.61248779296875 326.600006103515625 340.70001220703125 343.40625 342.64373779296875 338.9375 332.631256103515625 326.01873779296875 320.881256103515625 314.837493896484375 308.04376220703125
