data/historical-monthly-weather-data/wc2.1_cruts4.09_10m_prec_2000-07.asc
ncols        51
nrows        45
xllcorner    -63.500000000000
yllcorner    -7.500000000000
cellsize     0.166666666667
NODATA_value -9999
[rows 0 to 18 of 45, columns 0 to 42 of 51]
451.524993896484375 447.774993896484375 433.48126220703125 426.34375 412.537506103515625 396.40625 379.76873779296875 360.08123779296875 347.71875 338.149993896484375 322.618743896484375 307.76251220703125 291.67498779296875 280.368743896484375 271.5625 259.962493896484375 248.375 234.1125030517578125 222.5437469482421875 214.5625 209.1062469482421875 198.712493896484375 190.318756103515625 184.46875 181.1437530517578125 175.193756103515625 174.8312530517578125 175.3312530517578125 173.5124969482421875 173.618743896484375 166.4812469482421875 163.6750030517578125 166.0187530517578125 165.0124969482421875 163.65625 160.912506103515625 155.1437530517578125 157.587493896484375 152.693756103515625 149.056243896484375 150.90625 153.5187530517578125 151.318756103515625
436.64373779296875 433.76251220703125 422.63751220703125 419.631256103515625 412.92498779296875 398.462493896484375 381.625 365.118743896484375 352.568756103515625 338.506256103515625 321.837493896484375 304.243743896484375 287.51251220703125 273.04998779296875 259.84375 247.587493896484375 234.537506103515625 221.837493896484375 212.0187530517578125 203.2312469482421875 192.6437530517578125 186.5749969482421875 180.337493896484375 178.287506103515625 170.8000030517578125 166.0749969482421875 166.306243896484375 167.40625 164.318756103515625 160.7062530517578125 157.3874969482421875 158.90625 160.0187530517578125 162.1687469482421875 161.75 156.90625 151.962493896484375 152.181243896484375 147.1437530517578125 145.6374969482421875 149.15625 148.962493896484375 148.1437530517578125
396.58123779296875 404.556243896484375 404.60626220703125 399.587493896484375 391.149993896484375 375.54998779296875 362.762481689453125 354.10626220703125 343.662506103515625 329.46875 312.806243896484375 292.71875 278.537506103515625 259.29998779296875 244.5124969482421875 230.7937469482421875 218.7062530517578125 206.3562469482421875 195.556243896484375 188.4375 178.5 173.212493896484375 168.3625030517578125 165.0437469482421875 159.53125 152.774993896484375 157.306243896484375 157.568756103515625 155.96875 153.993743896484375 151.2937469482421875 147.5 149.71875 154.46875 149.618743896484375 144.774993896484375 144.412506103515625 147.375 143.1125030517578125 143.4250030517578125 147.0749969482421875 148.556243896484375 146.8000030517578125
361.28125 363.54998779296875 371.98748779296875 377.33123779296875 369.131256103515625 352.25 339.25 336.743743896484375 332.09375 320.85626220703125 299.056243896484375 279.08123779296875 262.899993896484375 249.1062469482421875 231.556243896484375 215.0812530517578125 201.0625 190.21875 182.2937469482421875 179.2750091552734375 170.7375030517578125 160.943756103515625 155.318756103515625 153.34375 149.1125030517578125 143.8562469482421875 145.3625030517578125 143 144.46875 147.0625 145.125 141.056243896484375 139.131256103515625 138.318756103515625 135.600006103515625 139.1374969482421875 141.9375 139.96875 139.3312530517578125 140.15625 147.087493896484375 151.2687530517578125 150.243743896484375
365.03125 353.162506103515625 337.274993896484375 343.76873779296875 349.6875 332.9375 324.65625 321.76251220703125 315.681243896484375 303.068756103515625 289.618743896484375 268.212493896484375 251.8000030517578125 236.28125 218.3249969482421875 202.3000030517578125 187.46875 178.4375 167.6062469482421875 163.34375 157.818756103515625 148.350006103515625 141.662506103515625 143.3125 138.493743896484375 132.9812469482421875 132.5500030517578125 135.25 136.149993896484375 135.1062469482421875 135.1374969482421875 133.993743896484375 134.7312469482421875 133.162506103515625 130.8312530517578125 130.337493896484375 133.681243896484375 135.868743896484375 135.5749969482421875 139.475006103515625 146.368743896484375 147.475006103515625 150.6125030517578125
348.443756103515625 347.681243896484375 336.412506103515625 307.32501220703125 318.056243896484375 324.087493896484375 314.54998779296875 306.79376220703125 303.4375 289.787506103515625 273.45623779296875 254.8625030517578125 239.875 219.6062469482421875 205.912506103515625 190.9875030517578125 174.462493896484375 162.712493896484375 155.1750030517578125 151.9499969482421875 146.024993896484375 138.818756103515625 134.243743896484375 130.587493896484375 128.34375 124.50624847412109375 124.3874969482421875 126.23749542236328125 126.19374847412109375 125.88124847412109375 126.34375 128.9812469482421875 128.7937469482421875 130.5812530517578125 128.2062530517578125 130.375 129.34375 132.837493896484375 138.537506103515625 146.3312530517578125 148.712493896484375 152.912506103515625 154.306243896484375
337.5 338.60626220703125 330.04998779296875 316.837493896484375 305.59375 290.89373779296875 290.399993896484375 288.818756103515625 279.774993896484375 270.04376220703125 257.899993896484375 236.306243896484375 224.9187469482421875 208.1125030517578125 191.875 179.5500030517578125 166.7624969482421875 151.962493896484375 140.600006103515625 140.193756103515625 134.2687530517578125 127.3000030517578125 121.7375030517578125 120.7687530517578125 118.1374969482421875 116.7624969482421875 119.3562469482421875 117.74375152587890625 116.27500152587890625 119.7937469482421875 120.0124969482421875 119.2687530517578125 120.18125152587890625 124.875 127.49375152587890625 128.975006103515625 128.71875 131.506256103515625 139.75 149.850006103515625 152.712493896484375 153.962493896484375 157.493743896484375
332.037506103515625 328.3125 323.631256103515625 317.20623779296875 311.149993896484375 306.01251220703125 286.318756103515625 259.899993896484375 246.6374969482421875 239.21875 230.6062469482421875 218.2937469482421875 207.1125030517578125 191.6125030517578125 179.78125 168.037506103515625 154.8125 141.9250030517578125 131.75 124.78749847412109375 123.59999847412109375 119.6062469482421875 113.5124969482421875 112.18125152587890625 111.6062469482421875 107.4375 109.52500152587890625 107.3312530517578125 109.08750152587890625 109.9499969482421875 114.15000152587890625 114.3874969482421875 117.3562469482421875 119.96250152587890625 121.96875 122.7375030517578125 124.31874847412109375 128.46875 134.318756103515625 141.2062530517578125 146.631256103515625 150.9375 153.9375
325.212493896484375 323.08123779296875 315.943756103515625 314.48126220703125 312.33123779296875 300.34375 284.3125 266.318756103515625 244.7624969482421875 223.462493896484375 211.0437469482421875 196.5625 192.9250030517578125 178.6062469482421875 167.4375 156.350006103515625 146.84375 138.274993896484375 132.587493896484375 120.1999969482421875 113.7937469482421875 112.9812469482421875 107.46875 107.8249969482421875 106.6437530517578125 100.4250030517578125 100.1062469482421875 103.66249847412109375 106.3874969482421875 107.24375152587890625 112.8125 111.25624847412109375 110.2062530517578125 111.52500152587890625 115.3312530517578125 121.9187469482421875 127.2687530517578125 133.475006103515625 137.306243896484375 141.1062469482421875 145.21875 148.15625 152.125
313.962493896484375 314.649993896484375 311.506256103515625 310.375 308.125 300.76251220703125 284.58123779296875 267.306243896484375 248.6875 231.756256103515625 210.9187469482421875 188.7312469482421875 180.712493896484375 169.3874969482421875 159.618743896484375 150.9562530517578125 139.46875 134.9187469482421875 129.7687530517578125 121.19374847412109375 113.8000030517578125 105.90625 98.8000030517578125 99.2937469482421875 97.4375 95.6374969482421875 95.63124847412109375 98.4562530517578125 99.9375 102.3937530517578125 106.77500152587890625 106.15625 108.16249847412109375 109.74375152587890625 112.40625 120.3125 127.4187469482421875 134.6125030517578125 139.3562469482421875 147.100006103515625 154.068756103515625 154.5437469482421875 152.25
308.787506103515625 310.51251220703125 306.01251220703125 306.96875 303.70001220703125 296.71875 283.0625 260.412506103515625 237.287506103515625 220.993743896484375 206.03125 187.875 168.837493896484375 160.0124969482421875 148.149993896484375 139.6062469482421875 133.1374969482421875 128.875 123.71250152587890625 120.4875030517578125 116.31874847412109375 106.6437530517578125 95.30625152587890625 88.28749847412109375 91.0749969482421875 94.6750030517578125 95.75 96.75624847412109375 95.16249847412109375 98.09375 101.58750152587890625 104.74375152587890625 108.3312530517578125 109.59375 114.38124847412109375 121.09375 128.6374969482421875 132.8312530517578125 144.3312530517578125 150.4375 153.625 152.8249969482421875 154.318756103515625
301.006256103515625 299.600006103515625 296.46875 298.38751220703125 297.412506103515625 290.912506103515625 280.181243896484375 258.91876220703125 232.625 209.9375 193.493743896484375 181.649993896484375 161.1374969482421875 149.618743896484375 143.9562530517578125 133.21875 126.91249847412109375 122.7062530517578125 118.3937530517578125 116.9812469482421875 116.3937530517578125 108.0500030517578125 99.5437469482421875 90.8874969482421875 88.25 84.9250030517578125 86.96250152587890625 90.78125 91.9562530517578125 94.63124847412109375 95.88124847412109375 99.34999847412109375 104.52500152587890625 108.59999847412109375 115.3312530517578125 123.86875152587890625 129.5749969482421875 138.0625 140.993743896484375 147.162506103515625 149.131256103515625 151.6374969482421875 146.3625030517578125
283.98748779296875 287.08123779296875 287.318756103515625 285.23748779296875 281.462493896484375 276.11248779296875 263.149993896484375 241.71875 218.3249969482421875 201.5749969482421875 187.631256103515625 173.0124969482421875 160.774993896484375 140.2312469482421875 130.3625030517578125 126.27500152587890625 120.28125 117.43125152587890625 113.68125152587890625 110.22499847412109375 107.3312530517578125 99.9250030517578125 93.7937469482421875 87.7375030517578125 81.21875 78.56874847412109375 82.0187530517578125 86.8125 89.2937469482421875 91.43125152587890625 92.7937469482421875 93.6875 100.8249969482421875 106.25 112.7375030517578125 122.15625 132.587493896484375 144.431243896484375 153.8937530517578125 153.1062469482421875 148.8937530517578125 147.2062530517578125 136.962493896484375
270.40625 272.32501220703125 272.98748779296875 269.537506103515625 264.15625 255.318756103515625 242.3000030517578125 224.5437469482421875 209.625 190.8125 176.787506103515625 164.9187469482421875 150.368743896484375 135.0124969482421875 117.84375 116.40625 110.05625152587890625 108.41249847412109375 103.86875152587890625 101.25 97.2312469482421875 92.0500030517578125 86.59375 82.9375 77.68125152587890625 74.65625 77.1374969482421875 79.7624969482421875 82.46875 85.1999969482421875 90.55625152587890625 93.375 97.38124847412109375 102.90000152587890625 110.1437530517578125 123.84375 139.90625 157.1750030517578125 170.350006103515625 168.1999969482421875 149.806243896484375 138.6687469482421875 140.225006103515625
261.26873779296875 259.26873779296875 256.64373779296875 254.5749969482421875 246.5124969482421875 235.7375030517578125 228.537506103515625 211.9499969482421875 195.806243896484375 178.875 165.475006103515625 152.881256103515625 141.65625 129.8125 109.4812469482421875 104.3562469482421875 99.625 97.5124969482421875 94.2375030517578125 92.6062469482421875 90.53749847412109375 85.3125 80.43125152587890625 79.9875030517578125 78.375 77.09999847412109375 79.5187530517578125 81.1437530517578125 84.65000152587890625 88.5 89.5437469482421875 93.50624847412109375 101.4875030517578125 105.4375 107.4812469482421875 119.38124847412109375 143 169.4499969482421875 185.899993896484375 183.0625 173.662506103515625 165.1125030517578125 174.6125030517578125
246.5124969482421875 244.818756103515625 242.96875 237.568756103515625 231.1437530517578125 225.0187530517578125 211.1125030517578125 196.462493896484375 182.7062530517578125 170.412506103515625 156.0500030517578125 145.006256103515625 135.100006103515625 124.06874847412109375 107.4187469482421875 89.25 87.56874847412109375 87.66249847412109375 84.4562530517578125 83.6687469482421875 81.18125152587890625 78.40625 75.3562469482421875 79.46250152587890625 80.22499847412109375 79.41249847412109375 80.46250152587890625 80.4875030517578125 84.46250152587890625 88.88124847412109375 95.75 96.03749847412109375 98.6437530517578125 101.125 104.66249847412109375 127.1125030517578125 148.9499969482421875 174.1374969482421875 196.9875030517578125 210.256256103515625 211.774993896484375 202.6999969482421875 195.381256103515625
232.850006103515625 231.318756103515625 230.350006103515625 227.149993896484375 222.287506103515625 210.34375 200.0187530517578125 186.6374969482421875 174.1125030517578125 162.625 150.0812530517578125 138.037506103515625 126.9875030517578125 118.5749969482421875 109.71875 95.4812469482421875 81.8625030517578125 77.7062530517578125 79.0437469482421875 77.8625030517578125 75 72.84999847412109375 72.4562530517578125 79.1125030517578125 83.43125152587890625 78.28125 76.52500152587890625 77.30625152587890625 83.2062530517578125 90.38124847412109375 97.96250152587890625 104.66249847412109375 106.9875030517578125 110.7687530517578125 127.0124969482421875 144.193756103515625 171.3562469482421875 206.1125030517578125 237.5812530517578125 234.662506103515625 231.1062469482421875 215.0749969482421875 196.037506103515625
220.693756103515625 222.368743896484375 218.962493896484375 217.8625030517578125 212.725006103515625 199.0812530517578125 187.725006103515625 176.9187469482421875 165.225006103515625 150.2624969482421875 139.125 131.6437530517578125 121.9187469482421875 114.0124969482421875 107.9812469482421875 99.06874847412109375 86.84375 72.6374969482421875 75.375 73.66249847412109375 70.6999969482421875 68.1437530517578125 70.06874847412109375 76.3625030517578125 80.3874969482421875 75.84375 73.83750152587890625 76.52500152587890625 83.5187530517578125 88.7312469482421875 91.3874969482421875 96.5437469482421875 117.40625 130.337493896484375 137.6999969482421875 162.868743896484375 196.09375 223.1374969482421875 244.3874969482421875 244.5124969482421875 226.8562469482421875 210.3937530517578125 192.4187469482421875
209.5500030517578125 211.1062469482421875 205.756256103515625 202.8937530517578125 200.5625 189.9250030517578125 176.8000030517578125 168.1125030517578125 158.3625030517578125 144.868743896484375 133.837493896484375 123.6437530517578125 116.13124847412109375 110.90625 101.83750152587890625 96.30625152587890625 88.3125 77.1875 69.1374969482421875 66.43125152587890625 66.71250152587890625 69.3937530517578125 59.768749237060546875 67.1875 72.3562469482421875 74.41249847412109375 75.55625152587890625 77.1437530517578125 84.72499847412109375 91.21875 96.03125 103.65000152587890625 121.0625 131.306243896484375 143.3125 165.9499969482421875 188.0124969482421875 208.443756103515625 227.381256103515625 222.3249969482421875 214.6687469482421875 196.806243896484375 184.1875
