data/historical-monthly-weather-data/wc2.1_cruts4.09_10m_prec_1987-05.asc
ncols        45
nrows        45
xllcorner    -63.500000000000
yllcorner    -7.500000000000
cellsize     0.166666666667
NODATA_value -9999
[rows 0 to 18 of 45, columns 0 to 43 of 45]
296.01251220703125 293.037506103515625 291.899993896484375 296.36248779296875 298.34375 299.149993896484375 296.212493896484375 295.26251220703125 294.45623779296875 296.1875 296.181243896484375 293.79998779296875 293.20623779296875 293.39373779296875 292.96875 294.399993896484375 294.59375 293.443756103515625 294.79998779296875 298.32501220703125 300.725006103515625 302.524993896484375 307.818756103515625 309.79998779296875 313.21875 318.606231689453125 322.731231689453125 328.71875 331.88751220703125 336.506256103515625 336.5 339.21875 343.83123779296875 346.8125 350.1875 356.899993896484375 362.38751220703125 364.631256103515625 366.399993896484375 370.04376220703125 370.587493896484375 371.631256103515625 369.28125 371.73126220703125
293.399993896484375 289.181243896484375 291.53125 297.618743896484375 303.67498779296875 305.38751220703125 302.45623779296875 301.65625 302.26873779296875 301 300.64373779296875 297.493743896484375 294.33123779296875 291.806243896484375 289.38751220703125 287.75 286.375 285.125 289.04376220703125 293.681243896484375 296.59375 299.98126220703125 303.493743896484375 308.07501220703125 311.193756103515625 314.57501220703125 320.725006103515625 326.600006103515625 331.024993896484375 332.98748779296875 332.64373779296875 338.38751220703125 340.63751220703125 346.350006103515625 349.41876220703125 351.787506103515625 359.850006103515625 363.46875 367.71875 365.693756103515625 365.92498779296875 371.087493896484375 368.787506103515625 365.58123779296875
286.58123779296875 285.79998779296875 291.26251220703125 296.962493896484375 301.76251220703125 304.76873779296875 305.868743896484375 308.01251220703125 309.20623779296875 307.73126220703125 305.57501220703125 299.9375 294.08123779296875 287.350006103515625 283.95001220703125 282.16876220703125 278.5 275.40625 277.787506103515625 282.068756103515625 285.149993896484375 290.475006103515625 294.45623779296875 298.568756103515625 302.10626220703125 308.524993896484375 316.537506103515625 321.38751220703125 324.20623779296875 326.037506103515625 326.306243896484375 329.86248779296875 336.337493896484375 339.98126220703125 345.5 347.65625 354.318756103515625 359.63751220703125 361.962493896484375 362.66876220703125 366.15625 365.100006103515625 365.475006103515625 362.537506103515625
276.024993896484375 274.26873779296875 285.756256103515625 291.756256103515625 297.65625 300.568756103515625 303.618743896484375 309.037506103515625 314.631256103515625 314.42498779296875 309.118743896484375 301.01873779296875 290.681243896484375 282.125 277.48748779296875 273.662506103515625 268.32501220703125 264.76873779296875 265.59375 270.88751220703125 278.037506103515625 281.975006103515625 284.58123779296875 289.86248779296875 294.162506103515625 299.181243896484375 308.100006103515625 311.462493896484375 314.51251220703125 319.23748779296875 320.506256103515625 323.681243896484375 328.34375 331.556243896484375 334.524993896484375 343.14373779296875 351.83123779296875 357.26873779296875 360.256256103515625 362.11248779296875 363.368743896484375 366.04998779296875 361.51873779296875 357.34375
282.850006103515625 278.475006103515625 275.85626220703125 281.787506103515625 290.20001220703125 292.95001220703125 298.25 306.131256103515625 316.28125 319.70623779296875 309.912506103515625 296.399993896484375 287.024993896484375 278.20623779296875 272.34375 266.34375 259.29998779296875 255.2125091552734375 254.8125 260.40625 267.649993896484375 270.9375 272.65625 281.5 285.118743896484375 290.46875 294.443756103515625 301.649993896484375 306.350006103515625 309.837493896484375 313.34375 315.006256103515625 318.78125 325.35626220703125 330.54998779296875 336.90625 347.41876220703125 355.993743896484375 360.4375 361.631256103515625 364.78125 362.54376220703125 358.618743896484375 356.3125
285.118743896484375 281.693756103515625 277.443756103515625 271.618743896484375 280.41876220703125 287.79376220703125 293.068756103515625 298.4375 309.3125 314.29998779296875 305.993743896484375 291.28125 284.162506103515625 277.04376220703125 268.76873779296875 264.75 255.9875030517578125 249.75 249.181243896484375 254.7624969482421875 260.04376220703125 264.60626220703125 269.056243896484375 272.89373779296875 277.587493896484375 282.756256103515625 287.274993896484375 292.368743896484375 298.70623779296875 303.17498779296875 306.962493896484375 310.818756103515625 314.42498779296875 320.131256103515625 324.693756103515625 332.943756103515625 341.756256103515625 349.693756103515625 358.618743896484375 360.54998779296875 360.26251220703125 358.868743896484375 353.868743896484375 350.931243896484375
289.71875 285.13751220703125 280.087493896484375 274.818756103515625 274.38751220703125 275.76873779296875 279.54376220703125 283.90625 284.28125 289.42498779296875 288.225006103515625 281.36248779296875 277.868743896484375 273.46875 267.5 262.006256103515625 257.337493896484375 252.4187469482421875 249.524993896484375 253.4875030517578125 255.9499969482421875 258.38751220703125 259.48126220703125 265.243743896484375 271 278.399993896484375 281.42498779296875 285.649993896484375 288.70001220703125 294.04998779296875 299.21875 301.4375 304 309.537506103515625 315.51251220703125 325.70623779296875 333.181243896484375 341.29998779296875 350.962493896484375 356.350006103515625 354.65625 350.399993896484375 345.70623779296875 344.649993896484375
293.118743896484375 287.76251220703125 282.1875 278.95623779296875 277.73126220703125 278.21875 272.28125 261.08123779296875 252.962493896484375 260.131256103515625 269.743743896484375 271.056243896484375 273.162506103515625 270.537506103515625 266.61248779296875 263.375 259.125 255.7687530517578125 251.8874969482421875 250.1750030517578125 254.006256103515625 254.3312530517578125 254.993743896484375 256.98126220703125 264.162506103515625 266.32501220703125 272.39373779296875 275.35626220703125 278.931243896484375 284.600006103515625 289.681243896484375 292.04998779296875 296.056243896484375 299.024993896484375 302.243743896484375 310.58123779296875 319.85626220703125 330.13751220703125 336.71875 337.60626220703125 340.58123779296875 337.162506103515625 334.35626220703125 330.29998779296875
295.625 290.39373779296875 286.368743896484375 281.625 278.63751220703125 276.756256103515625 270.34375 260.82501220703125 247.2687530517578125 243.4499969482421875 253.475006103515625 261.868743896484375 269.73126220703125 268.82501220703125 265.46875 263.70623779296875 260.39373779296875 258.71875 257.587493896484375 250.618743896484375 247.837493896484375 250.399993896484375 247.15625 254.6999969482421875 256.41876220703125 257.350006103515625 260.100006103515625 266.318756103515625 273.39373779296875 276.90625 283.462493896484375 284.21875 282.375 282.45001220703125 287.54376220703125 296.73748779296875 306.51873779296875 316.92498779296875 325.556243896484375 325.375 324.537506103515625 321.14373779296875 322.006256103515625 322.1875
296.98748779296875 293.412506103515625 289.462493896484375 286.01251220703125 280.056243896484375 277.868743896484375 272.76251220703125 265.45623779296875 258.462493896484375 256.83123779296875 260.087493896484375 260.38751220703125 269.35626220703125 268.787506103515625 266.899993896484375 262.32501220703125 258.418731689453125 256.76873779296875 256.5625 253.9375 248.3125 243.8249969482421875 241.118743896484375 246.068756103515625 245.5437469482421875 246.493743896484375 248.8125 254.7312469482421875 263.20623779296875 269.9375 272.04376220703125 271.23748779296875 272.162506103515625 272.868743896484375 274.493743896484375 282.65625 291 301.60626220703125 310.475006103515625 316.35626220703125 320.29998779296875 320.618743896484375 313.693756103515625 307.61248779296875
298.024993896484375 296.14373779296875 291.26251220703125 288.23748779296875 282.350006103515625 281.29376220703125 277.39373779296875 269.225006103515625 264.5625 265.587493896484375 269.28125 272.25 269.600006103515625 270.5625 265.48748779296875 259.33123779296875 254.943756103515625 254.2312469482421875 253.5749969482421875 253.6750030517578125 255.59375 246.806243896484375 238.8874969482421875 230.4187469482421875 235.6750030517578125 239.993743896484375 242.1687469482421875 247.28125 251.475006103515625 254.8562469482421875 258.587493896484375 259.73748779296875 259.818756103515625 259.912506103515625 260.431243896484375 265.51873779296875 273.399993896484375 284.76251220703125 296.9375 305.45623779296875 311.36248779296875 309.90625 309.34375 299.556243896484375
300.462493896484375 297.131256103515625 293.09375 290.118743896484375 286.08123779296875 282.25 281.32501220703125 277.306243896484375 275.649993896484375 273.256256103515625 276.09375 280.61248779296875 271.850006103515625 269.23748779296875 265.725006103515625 257.368743896484375 252.3562469482421875 251.3000030517578125 251.4812469482421875 254.7312469482421875 259.32501220703125 254.6437530517578125 244.681243896484375 233.1374969482421875 227.587493896484375 225.5749969482421875 226.087493896484375 230.96875 237.443756103515625 240.243743896484375 240.399993896484375 241.3312530517578125 241.5124969482421875 241.537506103515625 244.649993896484375 252.725006103515625 262.32501220703125 271.54376220703125 281.5 291.256256103515625 300.181243896484375 299.274993896484375 293.45001220703125 275.256256103515625
303.67498779296875 297.95623779296875 293.28125 290.649993896484375 286.243743896484375 285.04376220703125 282.11248779296875 277.84375 277.681243896484375 279.46875 281.48126220703125 282.51873779296875 276.78125 262.65625 256.40625 252.6687469482421875 247.5124969482421875 246.600006103515625 246.3874969482421875 249.318756103515625 256.5625 250.899993896484375 241.5749969482421875 229.7624969482421875 212.625 206.649993896484375 213.2312469482421875 218.993743896484375 226.100006103515625 229.587493896484375 227.774993896484375 224.837493896484375 223.8625030517578125 223.056243896484375 226.8937530517578125 237.493743896484375 248.5 260.850006103515625 273.54998779296875 283.11248779296875 289.6875 289.38751220703125 274.975006103515625 260.91876220703125
300.26251220703125 295.34375 292.181243896484375 289.149993896484375 286.524993896484375 284.056243896484375 280.76251220703125 278.10626220703125 280.225006103515625 281.76873779296875 278.556243896484375 275.375 268.79998779296875 259.0625 244.0124969482421875 242.962493896484375 238.0124969482421875 235.65625 237.0749969482421875 240.2062530517578125 244.375 240.568756103515625 233.493743896484375 225.024993896484375 212.068756103515625 204.25 205.4187469482421875 207.399993896484375 212.5187530517578125 213.368743896484375 214.75 210.837493896484375 209.587493896484375 209.006256103515625 211.3625030517578125 224.2624969482421875 238.931243896484375 254.0812530517578125 268.35626220703125 275.04998779296875 271.23126220703125 262.13751220703125 259.6875 259.881256103515625
295.67498779296875 292.537506103515625 290.475006103515625 287.14373779296875 283.787506103515625 282.056243896484375 281.88751220703125 281.256256103515625 280.78125 278.681243896484375 274.225006103515625 268.89373779296875 259.618743896484375 249.118743896484375 230.756256103515625 228.2687530517578125 225.5749969482421875 226.40625 227.5749969482421875 229.243743896484375 233.4499969482421875 232.3125 229.125 227.5437469482421875 222.087493896484375 216.462493896484375 212.59375 211.4875030517578125 211.6750030517578125 209.818756103515625 203.90625 198.649993896484375 199.868743896484375 195.818756103515625 193.6750030517578125 203.5 226.6437530517578125 246.90625 258.131256103515625 259.98126220703125 254.6125030517578125 253.1437530517578125 259.600006103515625 259.01251220703125
290.04376220703125 286.60626220703125 286.399993896484375 284.662506103515625 280.931243896484375 281.337493896484375 282.162506103515625 281.131256103515625 278.36248779296875 276.4375 270.337493896484375 262.850006103515625 252.837493896484375 243.59375 228.287506103515625 212.649993896484375 213.443756103515625 219.1125030517578125 218.09375 219.381256103515625 223.5749969482421875 227.7687530517578125 229.881256103515625 232.931243896484375 229.65625 223.1374969482421875 217.2624969482421875 212.4812469482421875 210.4562530517578125 208.71875 205.368743896484375 198.337493896484375 189.993743896484375 182.118743896484375 178.568756103515625 198.287506103515625 214.7687530517578125 232.193756103515625 244.899993896484375 251.506256103515625 250.850006103515625 250.0812530517578125 252.34375 247.3249969482421875
286.04376220703125 283.368743896484375 281.45001220703125 281.306243896484375 280.787506103515625 279.375 278.756256103515625 277.0625 275.9375 273.26251220703125 268.29998779296875 261.787506103515625 250.6687469482421875 239.75 227.475006103515625 215.0124969482421875 201.6999969482421875 205.7375030517578125 208.587493896484375 210.725006103515625 215.40625 220.2062530517578125 227.0749969482421875 235.5500030517578125 237.318756103515625 224.1875 215.3874969482421875 210.618743896484375 207.9187469482421875 205.65625 203.21875 199.462493896484375 192.2937469482421875 186.0187530517578125 192.0625 201.75 217.3125 233.6437530517578125 249.537506103515625 249.0812530517578125 246.1374969482421875 243.1374969482421875 239.193756103515625 238.2312469482421875
280.118743896484375 279.51873779296875 279.3125 278.36248779296875 278.024993896484375 279.46875 277.34375 274.23126220703125 271.381256103515625 269.362518310546875 264.67498779296875 260.649993896484375 247.475006103515625 238.399993896484375 227.0187530517578125 216.243743896484375 203.8625030517578125 193.100006103515625 203.056243896484375 203.818756103515625 207.2062530517578125 212.600006103515625 219.399993896484375 228.2375030517578125 231.7312469482421875 222.056243896484375 210.09375 207.46875 205.662506103515625 200.462493896484375 191.493743896484375 184.46875 192.506256103515625 195.3249969482421875 197.462493896484375 215.0749969482421875 229.9875030517578125 237.8000030517578125 246.3249969482421875 247.4562530517578125 237.9875030517578125 233.71875 230.100006103515625 229.912506103515625
274.01873779296875 274.29998779296875 273.79376220703125 275.556243896484375 276.90625 276.40625 275.41876220703125 273.76251220703125 270.82501220703125 269.88751220703125 263.556243896484375 252.46875 241.725006103515625 233.875 223.5124969482421875 215.462493896484375 206.9250030517578125 193.743743896484375 190.21875 192.5 196.5124969482421875 204.4250030517578125 199.881256103515625 209.9187469482421875 213.943756103515625 213.975006103515625 209.1125030517578125 202.3937530517578125 200.6374969482421875 195.4812469482421875 189.381256103515625 188.0749969482421875 194.125 196.806243896484375 201.4875030517578125 215.0437469482421875 223.0749969482421875 227.662506103515625 236.1062469482421875 234.1687469482421875 227.2624969482421875 221.7375030517578125 221.25 223.7062530517578125
