data/historical-monthly-weather-data/wc2.1_cruts4.09_10m_prec_1955-08.asc
ncols        45
nrows        45
xllcorner    -63.500000000000
yllcorner    -7.500000000000
cellsize     0.166666666667
NODATA_value -9999
[rows 0 to 18 of 45, columns 0 to 42 of 45]
134.09375 135.912506103515625 135.8125 138.9812469482421875 142.662506103515625 145.837493896484375 144.600006103515625 144.8874969482421875 144.4875030517578125 142.399993896484375 136.462493896484375 133.9875030517578125 133.3874969482421875 130.5500030517578125 130.4875030517578125 127.9187469482421875 127.3249969482421875 126.75 125.9875030517578125 127.99375152587890625 126.5625 123.0749969482421875 120.1125030517578125 118.41249847412109375 115.7687530517578125 113.65625 115.86875152587890625 119.72499847412109375 117.61875152587890625 117 112.0812530517578125 111.1875 111.38124847412109375 109.38124847412109375 109 110.7624969482421875 111.50624847412109375 113.6875 116.59999847412109375 118.4875030517578125 121.0812530517578125 125.1999969482421875 126.5625
127.6062469482421875 128.975006103515625 132.662506103515625 137.1062469482421875 142.625 144.2375030517578125 140.46875 139.524993896484375 138.8125 135.8312530517578125 130.5812530517578125 128.6374969482421875 124.8625030517578125 120.4562530517578125 119.21875 119.09999847412109375 117.27500152587890625 117.91249847412109375 119.4375 121.65000152587890625 119.96250152587890625 116.3249969482421875 113.3874969482421875 112.55625152587890625 109.6687469482421875 106.58750152587890625 110.375 112.6062469482421875 110.86875152587890625 108.69374847412109375 106.4812469482421875 104.6374969482421875 105.0124969482421875 105.84999847412109375 105.65000152587890625 107.2624969482421875 106.9375 111.4187469482421875 113.34999847412109375 115.2687530517578125 120.63124847412109375 123.24375152587890625 126.7062530517578125
117.8000030517578125 121.31874847412109375 125.7687530517578125 131.3000030517578125 136.337493896484375 136.6750030517578125 134.3000030517578125 132.1875 129.318756103515625 125.41249847412109375 121.77500152587890625 119.49375152587890625 115.31874847412109375 109.7062530517578125 108.1999969482421875 107.65000152587890625 106.77500152587890625 106.4187469482421875 106.71250152587890625 106.2937469482421875 105.3562469482421875 103.6437530517578125 100.94374847412109375 101.2375030517578125 98.0500030517578125 96.78125 101.6437530517578125 102.8000030517578125 101.78749847412109375 100.81874847412109375 97.6750030517578125 96.1687469482421875 97.1437530517578125 99.08124542236328125 98.41249847412109375 98.38124847412109375 100.4499969482421875 104.9875030517578125 106.7624969482421875 110.7937469482421875 117.83750152587890625 121.7062530517578125 127.1062469482421875
108.78749847412109375 110.88124847412109375 116.59375 122.31874847412109375 125.56874847412109375 125.1062469482421875 123.6125030517578125 121.69374847412109375 120.5812530517578125 116.50624847412109375 111.19374847412109375 107.4812469482421875 103.9499969482421875 98.8125 97.46250152587890625 96.66249847412109375 96.34999847412109375 95.34999847412109375 94.50624847412109375 95.49375152587890625 93.4187469482421875 90.28749847412109375 87.40625 88.3000030517578125 86.7937469482421875 86.08750152587890625 90.46875 90.4562530517578125 90.84375 90.56874847412109375 88.625 86.50624847412109375 86.31874847412109375 87.03749847412109375 87.6062469482421875 89.9375 94.96250152587890625 98.75624847412109375 99.97499847412109375 106.125 112.1750030517578125 119.09999847412109375 124.625
110.46250152587890625 109.55625152587890625 108.0124969482421875 110.8562469482421875 115.40000152587890625 114.21250152587890625 111.7624969482421875 111.96250152587890625 111.9812469482421875 107.875 101.46875 97.09375 93.43125152587890625 89.46875 87.8312530517578125 87.49375152587890625 86.40000152587890625 83.8562469482421875 81.88124847412109375 82.2687530517578125 81.78749847412109375 77.5625 75.25 77.5625 75.99375152587890625 75.4375 78.13124847412109375 81.25 82.2312469482421875 80.34999847412109375 80.50624847412109375 78.1750030517578125 79.0625 80.49375152587890625 81.4187469482421875 83.15000152587890625 86.91249847412109375 91.28749847412109375 93.15000152587890625 97.96875 107.0500030517578125 114.0124969482421875 122.5187530517578125
109.58750152587890625 108.59375 105.4375 101.34999847412109375 104.61875152587890625 107.56874847412109375 105.9250030517578125 103.8562469482421875 103.90625 99.90000152587890625 92.3562469482421875 88.3312530517578125 85.6999969482421875 82.53749847412109375 80.6062469482421875 80.03749847412109375 77.77500152587890625 73.6062469482421875 71.50624847412109375 70.68125152587890625 70.2687530517578125 68.2624969482421875 66.7687530517578125 66.71875 67.22499847412109375 67.65625 70.4187469482421875 72.90625 74.6875 72.46250152587890625 72.4250030517578125 72.09375 71.84375 73.39374542236328125 73.22499847412109375 76.65000152587890625 79.34999847412109375 81.9250030517578125 85.38124847412109375 91.8937530517578125 98.4499969482421875 106.3312530517578125 114.9562530517578125
109.4375 109.53125 106.49375152587890625 102.84999847412109375 101.81874847412109375 99.6125030517578125 96.97499847412109375 94.24375152587890625 89.83124542236328125 86.5437469482421875 81.9187469482421875 79.5749969482421875 78.6374969482421875 76.21250152587890625 74.8937530517578125 73.7312469482421875 71.0625 66.4187469482421875 62.387500762939453125 60.893749237060546875 60.143749237060546875 59.3125 58.47499847412109375 59.30625152587890625 59.875 61.018749237060546875 63.50624847412109375 65.4499969482421875 65.8312530517578125 65.81874847412109375 65.19374847412109375 64.25624847412109375 65.1999969482421875 66.375 66.78125 69.18125152587890625 71.0187530517578125 73.84375 78.18125152587890625 84.625 90.71875 98.0812530517578125 107.46875
109.9812469482421875 108.8625030517578125 107.61875152587890625 104.9875030517578125 104.36875152587890625 101.22499847412109375 93.13124847412109375 82.56874847412109375 75.7624969482421875 73.1687469482421875 72.80625152587890625 71.96250152587890625 71.3874969482421875 70.03125 68.93125152587890625 67.21250152587890625 64.78749847412109375 59.487499237060546875 54.34999847412109375 51.362499237060546875 51.50624847412109375 51.34999847412109375 50.518749237060546875 51.481250762939453125 53.27500152587890625 53.99375152587890625 56.03125 58.24375152587890625 59.34999847412109375 58.09999847412109375 58.80625152587890625 58.00624847412109375 58.03125 59.512500762939453125 58.987499237060546875 60.875 62.75 64.93125152587890625 68.25624847412109375 73.19374847412109375 79.56874847412109375 87.05625152587890625 95.4499969482421875
110.875 109.8312530517578125 109.0437469482421875 105.375 103.3874969482421875 98.5124969482421875 91.40000152587890625 82.3249969482421875 72.38124847412109375 66.6437530517578125 65.8562469482421875 65.88124847412109375 67.63124847412109375 66.6374969482421875 64.3125 61.36875152587890625 58.96875 54.28125 50.518749237060546875 46.356250762939453125 45.956249237060546875 46.24375152587890625 45.450000762939453125 47.862499237060546875 49.24375152587890625 49.30625152587890625 50.24375152587890625 53.012500762939453125 54.25 53.27500152587890625 53.924999237060546875 52.25624847412109375 51.36875152587890625 50.924999237060546875 51.018749237060546875 53.77500152587890625 56.137500762939453125 58.4375 60.956249237060546875 65.1374969482421875 70.03125 74.90625 80.53749847412109375
110.79999542236328125 109.88124847412109375 107.96875 105.46875 103.09999847412109375 97.8937530517578125 92.5500030517578125 83.5124969482421875 74.71875 70.00624847412109375 66.6875 64.46250152587890625 65.68125152587890625 65.0812530517578125 60.69374847412109375 56.6875 52.53749847412109375 49.112499237060546875 45.63124847412109375 42.41249847412109375 42.043750762939453125 41.549999237060546875 40.799999237060546875 43.043750762939453125 44.16249847412109375 44.3125 45.41249847412109375 47.481250762939453125 47.987499237060546875 47.11875152587890625 46.50624847412109375 45.5 45.84375 46.137500762939453125 46.71250152587890625 48.918750762939453125 50.49375152587890625 52.112499237060546875 55.06874847412109375 58.549999237060546875 62.075000762939453125 64.74375152587890625 67.8249969482421875
112.7312469482421875 111.31874847412109375 107.8000030517578125 104.5625 102.71875 99.28125 93.75 83.72499847412109375 76.0187530517578125 70.4375 67.625 65.41249847412109375 64.41249847412109375 62.71250152587890625 56.612499237060546875 50.94374847412109375 46.3125 43.63124847412109375 40.53125 38.19374847412109375 39.08750152587890625 38.68125152587890625 37.799999237060546875 38.674999237060546875 40.706249237060546875 41.143749237060546875 42.375 43.44374847412109375 42.875 41.487499237060546875 41.575000762939453125 40.981250762939453125 41.97499847412109375 42.41249847412109375 42.1875 43.606250762939453125 44.84999847412109375 46.71875 48.887500762939453125 51.231250762939453125 53.450000762939453125 55.331249237060546875 58.09375
113.1374969482421875 111.80625152587890625 108.1437530517578125 105.5500030517578125 103.875 100.63124847412109375 96.00624847412109375 87.2624969482421875 79.1687469482421875 73.09999847412109375 69.34375 65.8937530517578125 62.3125 58.24375152587890625 53.893749237060546875 48.206249237060546875 43.19374847412109375 40.05625152587890625 37.69374847412109375 36.18125152587890625 37.13124847412109375 36.825000762939453125 36.18125152587890625 37.3125 38.293750762939453125 36.875 37.6875 38.91249847412109375 38.706249237060546875 37.893749237060546875 37.53125 37.862499237060546875 37.84375 38.06874847412109375 38.549999237060546875 40.456249237060546875 41.78749847412109375 42.887500762939453125 43.55625152587890625 44.21250152587890625 45.887500762939453125 47.325000762939453125 48.731250762939453125
112.52500152587890625 109.63124847412109375 106.59375 102.90000152587890625 101.96875 98.34999847412109375 92.2375030517578125 85.6999969482421875 78.4375 73.43125152587890625 69.75 65.53749847412109375 60.00624847412109375 53.731250762939453125 48.393749237060546875 43.8125 38.99375152587890625 36.80625152587890625 34.66249847412109375 32.75624847412109375 33.8125 33.731250762939453125 33.262500762939453125 33.41249847412109375 32.5625 31.700000762939453125 33.41249847412109375 34.78125 35.875 35.4375 34.799999237060546875 34.612499237060546875 35.237499237060546875 34.450000762939453125 35.13124847412109375 37.706249237060546875 40.575000762939453125 41.387500762939453125 42.46875 41.237499237060546875 39.581249237060546875 41.549999237060546875 41.94374847412109375
110.75 106.4375 102.66249847412109375 100.3125 98.16249847412109375 93.88124847412109375 88.53749847412109375 83.75 77.21875 72.71250152587890625 68.3562469482421875 62.174999237060546875 56.325000762939453125 49.83750152587890625 42.674999237060546875 39.075000762939453125 35.18125152587890625 33.112499237060546875 30.325000762939453125 28.4375 29.34375 29.268751144409179688 28.875 29.475000381469726562 29.356250762939453125 29.274999618530273438 30.762500762939453125 32.19374847412109375 33.21250152587890625 33.293750762939453125 33.25624847412109375 32.47499847412109375 32.737499237060546875 32.33750152587890625 33.66249847412109375 37.18125152587890625 40.293750762939453125 43.16249847412109375 44.837497711181640625 42.737499237060546875 37.11875152587890625 35.63124847412109375 37.643749237060546875
107.05625152587890625 103.96250152587890625 99.40000152587890625 95.83750152587890625 93.9499969482421875 89.83750152587890625 84.8125 79.6062469482421875 73.6437530517578125 69.5187530517578125 64.25624847412109375 58.668750762939453125 52.65625 45.72499847412109375 38.9375 34.487499237060546875 31.125 28.837499618530273438 26.737499237060546875 25.325000762939453125 26.075000762939453125 26.21875 26.206249237060546875 27.549999237060546875 28.487499237060546875 29.256250381469726562 30.274999618530273438 31.193750381469726562 31.681249618530273438 31.662500381469726562 31.25 31.112499237060546875 31.412500381469726562 31.756250381469726562 32.53125 36.200000762939453125 40.625 46.65625 49.612499237060546875 46.38124847412109375 43.3125 41.81874847412109375 43.875
101.8000030517578125 99.4187469482421875 95.8625030517578125 92.36875152587890625 89.53749847412109375 86.44374847412109375 82.0124969482421875 75.8874969482421875 70.625 66.24375152587890625 61.30625152587890625 54.862499237060546875 48.3125 41.83750152587890625 35.856250762939453125 30.3125 27.21875 25.381250381469726562 23.537500381469726562 22.512500762939453125 23.112499237060546875 23.681249618530273438 24.487499237060546875 26.649999618530273438 28.243749618530273438 29.118749618530273438 30.049999237060546875 30.293750762939453125 30.450000762939453125 30.65625 30.850000381469726562 30.674999237060546875 30.46875 30.78125 32.02500152587890625 37.93125152587890625 43.52500152587890625 49.47499847412109375 53.424999237060546875 53.299999237060546875 52.231250762939453125 50.387500762939453125 48.80625152587890625
98.7062530517578125 96.56874847412109375 92.49375152587890625 89.41249847412109375 85.43125152587890625 82.90625 79.43125152587890625 74.3874969482421875 68.2312469482421875 64.11875152587890625 59.362499237060546875 52 45.36875152587890625 38.96250152587890625 33.24375152587890625 28.100000381469726562 23.600000381469726562 21.700000762939453125 20.743749618530273438 20.131250381469726562 20.318750381469726562 21.362499237060546875 22.837499618530273438 26.068750381469726562 28.462499618530273438 29.137500762939453125 29.112499237060546875 29.262500762939453125 28.875 28.881250381469726562 29.768749237060546875 30.837499618530273438 31.424999237060546875 32.13124847412109375 36.81874847412109375 42.71250152587890625 48.47499847412109375 56.137500762939453125 61.78125 59.28125 56.262500762939453125 52.78749847412109375 49.40625
93.0500030517578125 92.00624847412109375 88.75 86.25 82.5124969482421875 80.00624847412109375 75.21250152587890625 70.6687469482421875 65.2687530517578125 60.893749237060546875 56.4375 49.88124847412109375 42.63124847412109375 36.231250762939453125 30.975000381469726562 26.118749618530273438 21.881250381469726562 18.887500762939453125 18.512500762939453125 17.606250762939453125 18.168750762939453125 19.225000381469726562 21.112499237060546875 24.262500762939453125 27.306249618530273438 28.456251144409179688 28.950000762939453125 28.831249237060546875 28.024999618530273438 27.6875 27.318750381469726562 27.956249237060546875 32.325000762939453125 37.049999237060546875 40.68125152587890625 47.512500762939453125 54.66249847412109375 60.875 63.81874847412109375 62.6875 56.893749237060546875 53.731250762939453125 50.581249237060546875
87.4562530517578125 86.90625 84.55625152587890625 82.4812469482421875 79.9812469482421875 76.56874847412109375 72.3874969482421875 67.58750152587890625 63.96250152587890625 60.28125 55.543750762939453125 47.50624847412109375 40.793750762939453125 34.91249847412109375 29.212499618530273438 25.012500762939453125 20.856250762939453125 17.612499237060546875 16.181249618530273438 15.693749427795410156 17.118749618530273438 19.831249237060546875 18.799999237060546875 21.931249618530273438 24.868749618530273438 27.393751144409179688 28.543750762939453125 28.212499618530273438 28.143749237060546875 26.774999618530273438 26.143749237060546875 28.549999237060546875 33.78125 37.80625152587890625 42.19374847412109375 48.856250762939453125 53.86875152587890625 57.19374847412109375 60.46875 59.137500762939453125 56.293750762939453125 53.34999847412109375 50.34999847412109375
