data/historical-monthly-weather-data/wc2.1_cruts4.09_10m_prec_2011-11.asc
ncols        45
nrows        45
xllcorner    -63.500000000000
yllcorner    -7.500000000000
cellsize     0.166666666667
NODATA_value -9999
[rows 20 to 39 of 45, columns 0 to 43 of 45]
168.7062530517578125 174.068756103515625 181.774993896484375 189.8249969482421875 197.274993896484375 206 214.725006103515625 221.9812469482421875 226.875 229.3000030517578125 230.037506103515625 228.6125030517578125 225.1125030517578125 218.8312530517578125 215.09375 210.8249969482421875 207.53125 208.162506103515625 213.943756103515625 218.256256103515625 220.225006103515625 218.818756103515625 214.34375 208.84375 203.1125030517578125 195.118743896484375 184.037506103515625 169.443756103515625 154.318756103515625 143.337493896484375 134.6875 131.6062469482421875 130.9562530517578125 131.5625 132.068756103515625 132.162506103515625 130.5500030517578125 128.8249969482421875 125.06874847412109375 121.13124847412109375 116.5625 113.43125152587890625 109.6875 105.80625152587890625
168.756256103515625 173.350006103515625 182.337493896484375 191.7375030517578125 201 210.6687469482421875 221.118743896484375 229.9625091552734375 237.2937469482421875 241.693756103515625 243.8000030517578125 244.53125 242.2937469482421875 235.9250030517578125 230.3125 224.506256103515625 221.09375 219.1687469482421875 220.5437469482421875 222.9875030517578125 220.25 217.274993896484375 214.1687469482421875 208.4875030517578125 201.9562530517578125 194.524993896484375 186.1687469482421875 173.931243896484375 162.375 153.475006103515625 144.8562469482421875 140.881256103515625 139.600006103515625 140.962493896484375 142.399993896484375 141.8937530517578125 139.8937530517578125 137.15625 131.625 126.77500152587890625 121.3249969482421875 117.4187469482421875 113.43125152587890625 109.84999847412109375
169.087493896484375 175.0187530517578125 184.40625 194.7312469482421875 205.1999969482421875 215.2687530517578125 225.649993896484375 237.118743896484375 246.7312469482421875 252.4187469482421875 257.17498779296875 259.774993896484375 262.787506103515625 257.412506103515625 247.131256103515625 238.087493896484375 232.375 228.9250030517578125 227.1750030517578125 226.40625 222.3000030517578125 217.662506103515625 213.0625 207.149993896484375 202.0187530517578125 195.9250030517578125 187.850006103515625 178.7312469482421875 168.46875 160.5437469482421875 153.943756103515625 149.899993896484375 149.649993896484375 151.1875 152.181243896484375 151.7375030517578125 149.4562530517578125 144.774993896484375 138.024993896484375 132.0812530517578125 126.45000457763671875 121.72499847412109375 117.2624969482421875 113.3312530517578125
170.3874969482421875 176.5 186.4187469482421875 196.368743896484375 207.5187530517578125 218.462493896484375 229.2062530517578125 241.0625 249.9375 256.756256103515625 262.756256103515625 270.399993896484375 277.03125 270.399993896484375 257.61248779296875 247.3874969482421875 240.3687591552734375 235.868743896484375 232.09375 228.5437469482421875 223.65625 218.3125 212.40625 206.681243896484375 201.850006103515625 196.006256103515625 191.3625030517578125 181.8000030517578125 173.8249969482421875 167.1374969482421875 162.587493896484375 159.3874969482421875 158.899993896484375 159.6999969482421875 160.837493896484375 161.056243896484375 158.412506103515625 151.725006103515625 144.3874969482421875 137.4562530517578125 131.006256103515625 126.05625152587890625 121.4375 117.3125
174.34375 179.506256103515625 189.412506103515625 199.8000030517578125 211.8312530517578125 221.5124969482421875 231.087493896484375 241.6999969482421875 250.756256103515625 257.875 264.899993896484375 269.79998779296875 274.01251220703125 270.087493896484375 260.96875 252.087493896484375 245.2375030517578125 239.40625 235.006256103515625 230.524993896484375 224.4250030517578125 217.350006103515625 212.0500030517578125 205.9499969482421875 200.537506103515625 197.162506103515625 192.506256103515625 185.6999969482421875 178.2937469482421875 174.0500030517578125 169.8562469482421875 167.149993896484375 166.4499969482421875 166.806243896484375 166.787506103515625 165.318756103515625 162.4187469482421875 155.8562469482421875 148.7375030517578125 142.118743896484375 135.193756103515625 130.09375 126.11875152587890625 122.8125
181.243743896484375 186.3000030517578125 193.368743896484375 204.0625 214.375 222.600006103515625 230.6875 239.868743896484375 248.068756103515625 255.1875 261.4375 265.625 267.04376220703125 264.493743896484375 259.274993896484375 253.337493896484375 248.1687469482421875 242.537506103515625 237.7687530517578125 233.1125030517578125 226.100006103515625 218.5749969482421875 211.6374969482421875 204.024993896484375 200.006256103515625 198.037506103515625 195.0124969482421875 189.899993896484375 184.037506103515625 180.6062469482421875 176.7312469482421875 173.9749908447265625 173.1062469482421875 171.84375 170.9499969482421875 168.274993896484375 164.34375 158.8562469482421875 152.9499969482421875 146.3312530517578125 139.806243896484375 134.71875 129.65625 127.11875152587890625
189.118743896484375 191.712493896484375 197.2687530517578125 204.8312530517578125 212.1750030517578125 218.881256103515625 227.475006103515625 235.25 241.1125030517578125 247.9187469482421875 255.024993896484375 258.65625 259.5625 258.125 255.0500030517578125 250.15625 246.4875030517578125 242.3562469482421875 238.4812469482421875 233.5500030517578125 226.7624969482421875 219.506256103515625 212.1687469482421875 205.006256103515625 202.631256103515625 200.774993896484375 197.7062530517578125 193.256256103515625 188.8312530517578125 184.756256103515625 181.7687530517578125 179.03125 178.15625 176.5500030517578125 173.975006103515625 170.506256103515625 166.087493896484375 160.337493896484375 155.524993896484375 149.806243896484375 143.8562469482421875 138.725006103515625 133.931243896484375 130.75
197.3000030517578125 197.318756103515625 200.4250030517578125 204.4875030517578125 209.4812469482421875 214.600006103515625 221.875 229.3812408447265625 235.4499969482421875 241.7375030517578125 247.0500030517578125 250.443756103515625 251.350006103515625 250.5 249.4875030517578125 246.475006103515625 243.506256103515625 241.3312530517578125 238.287506103515625 234.5749969482421875 229.34375 222.7312469482421875 218.28125 212.5625 208.774993896484375 205.537506103515625 201.4812469482421875 197.350006103515625 192.662506103515625 188.6374969482421875 184.787506103515625 182.056243896484375 180.875 178.3125 176.2312469482421875 172.2312469482421875 167.3249969482421875 162.4499969482421875 157.162506103515625 153.375 149.100006103515625 144.475006103515625 137.462493896484375 133.774993896484375
205 202.40625 201.7624969482421875 203.0812530517578125 205.5812530517578125 209.537506103515625 215.5812530517578125 222.337493896484375 229.225006103515625 234.931243896484375 240.0625 242.5437469482421875 244.0812530517578125 243.587493896484375 243.399993896484375 243.09375 242.4812469482421875 240.350006103515625 238.3125 235.90625 232.53125 227.837493896484375 225.087493896484375 220.600006103515625 215.912506103515625 211.4187469482421875 207.1750030517578125 201.7375030517578125 196.818756103515625 191.7375030517578125 187.662506103515625 184.118743896484375 181.7375030517578125 179.225006103515625 177.5124969482421875 173.1999969482421875 168.375 163.0812530517578125 158.181243896484375 153.975006103515625 151.287506103515625 146.4375 141.162506103515625 140.431243896484375
209.3874969482421875 204.3625030517578125 201.462493896484375 198.8249969482421875 199.90625 203.600006103515625 208.9250030517578125 215.2062530517578125 221.5500030517578125 226.3562469482421875 231.4250030517578125 234.6999969482421875 237.100006103515625 238.5 239.1999969482421875 239.6999969482421875 238.46875 238.5124969482421875 236.96875 235.5437469482421875 233.662506103515625 232.5124969482421875 231.3125 226.068756103515625 221.1750030517578125 216.912506103515625 211.774993896484375 205.2937469482421875 199.2375030517578125 194.7375030517578125 190.3625030517578125 186.5124969482421875 183.7062530517578125 181.556243896484375 179.287506103515625 173.9562530517578125 168.2874908447265625 163.8125 157.6125030517578125 152.8625030517578125 150.056243896484375 150.350006103515625 148.725006103515625 150.28125
211.875 204.96875 200.381256103515625 196.2312469482421875 194.8125 198.787506103515625 203.53125 208.6437530517578125 213.475006103515625 218.9562530517578125 224.25 228.1750030517578125 231.993743896484375 233.162506103515625 234.912506103515625 236.318756103515625 237.1875 237.1437530517578125 235.6125030517578125 237.0749969482421875 237.4312591552734375 237.881256103515625 237.899993896484375 232.6062469482421875 226.631256103515625 222.2937469482421875 215.6875 208.756256103515625 201.743743896484375 196.8000030517578125 192.71875 189.181243896484375 185.806243896484375 184.149993896484375 180.8000030517578125 174.9375 169.4187469482421875 165.6687469482421875 158.868743896484375 150.212493896484375 148.743743896484375 153.3000030517578125 155.850006103515625 158.375
213.25 205.5 199.756256103515625 195.65625 194.0124969482421875 195.1999969482421875 198.75 202.3562469482421875 206.6875 211.556243896484375 216.8874969482421875 221.837493896484375 226.024993896484375 229.1437530517578125 232.6687469482421875 235.09375 236.5749969482421875 237.225006103515625 237.806243896484375 240.4312591552734375 242.181243896484375 243.256256103515625 243.6125030517578125 237.96875 232.6687469482421875 227.1125030517578125 219.1999969482421875 211.3562469482421875 203.3937530517578125 199.100006103515625 195.225006103515625 191.212493896484375 187.993743896484375 185.399993896484375 183.0437469482421875 177.25 171.7624969482421875 166.9562530517578125 159.5187530517578125 153.3874969482421875 154.4875030517578125 161.2624969482421875 166.475006103515625 173.3062591552734375
212.3874969482421875 205.399993896484375 199.568756103515625 195.4812469482421875 192.943756103515625 192.4250030517578125 194.100006103515625 196.3937530517578125 199.631256103515625 203.9375 210.631256103515625 215.5500030517578125 221.2624969482421875 227.4499969482421875 231.1062469482421875 234.40625 235.9812469482421875 239.381256103515625 241.90625 245.006256103515625 246.9000091552734375 247.100006103515625 246.181243896484375 240.568756103515625 235.412506103515625 229.506256103515625 221.193756103515625 212.625 205.243743896484375 201.068756103515625 197.5 193.818756103515625 190.462493896484375 187.524993896484375 185.78125 180.975006103515625 176.681243896484375 171.78125 165.78125 165.087493896484375 167.3125 174.4499969482421875 182.506256103515625 193
210.556243896484375 204.6999969482421875 199.0500030517578125 195.149993896484375 191.462493896484375 189.8687591552734375 189.149993896484375 190.2937469482421875 192.8312530517578125 196.337493896484375 202.3312530517578125 209.7375030517578125 217.618743896484375 224.2249908447265625 228.8625030517578125 233.118743896484375 236.7375030517578125 241.3249969482421875 245.2937469482421875 249.3499908447265625 250.493743896484375 250.212493896484375 248.7937469482421875 242.6875 237.256256103515625 230.875 222.8249969482421875 213.681243896484375 206.1750030517578125 202.287506103515625 199.2687530517578125 196.743743896484375 193.5187530517578125 190.6687469482421875 189.1750030517578125 185.631256103515625 181.2375030517578125 176.1125030517578125 174.5812530517578125 176.975006103515625 180.024993896484375 188.149993896484375 199.4875030517578125 212.9250030517578125
209.649993896484375 204.6374969482421875 199.181243896484375 194.3125 190.318756103515625 187.350006103515625 184.881256103515625 184.5625 184.899993896484375 188.431243896484375 195.1125030517578125 204.618743896484375 214.225006103515625 223.381256103515625 229.46875 233.024993896484375 237.693756103515625 243.3125 248.1875 252.5749969482421875 253.868743896484375 252.96875 250.568756103515625 243.4187469482421875 236.84375 231.037506103515625 222.287506103515625 213.975006103515625 206.2375030517578125 202.943756103515625 201.087493896484375 198.96875 195.7687530517578125 193.850006103515625 191.506256103515625 187.7312469482421875 183.9375 183.2312469482421875 184.2062530517578125 186.96875 191.8000030517578125 199.84375 211.3562469482421875 224.6750030517578125
209.6437530517578125 204.90625 199.774993896484375 194.6687469482421875 190.375 186.8125 183.4562530517578125 180.368743896484375 178.774993896484375 180.306243896484375 187.6750030517578125 198.5812530517578125 210.9499969482421875 222.375 228.2937469482421875 233.8312530517578125 237.6125030517578125 243.912506103515625 250.0625 255.8187408447265625 256.20001220703125 252.875 249.0812530517578125 241.9375 235.162506103515625 228.8562469482421875 220.9562530517578125 213.5749969482421875 206.7624969482421875 203.0812530517578125 202.2624969482421875 200.381256103515625 198.131256103515625 196.381256103515625 193.3874969482421875 190.2375030517578125 191.056243896484375 191.3125 192.5124969482421875 196.6125030517578125 202.5187530517578125 209.5812530517578125 219.0437469482421875 230.725006103515625
209.787506103515625 205.850006103515625 201.287506103515625 196.6062469482421875 191.9812469482421875 187.78125 182.9562530517578125 178.2375030517578125 174.2750091552734375 171.631256103515625 180.5 197.506256103515625 210.7624969482421875 220.806243896484375 227.2375030517578125 232.681243896484375 236.868743896484375 242.9499969482421875 249.2937469482421875 254.4187469482421875 253.6374969482421875 249.631256103515625 245.381256103515625 238.1125030517578125 231.21875 225.8000030517578125 217.8937530517578125 212.0812530517578125 205.6687469482421875 203.34375 202.4875030517578125 202.4375 200.2312469482421875 198.962493896484375 196.4250030517578125 195.7375030517578125 197.6875 199.743743896484375 202.40625 205.193756103515625 210.1062469482421875 215.850006103515625 223.71875 233.9187469482421875
212.024993896484375 208.068756103515625 203.443756103515625 199.1999969482421875 194.4937591552734375 189.96875 185.0812530517578125 179.9250030517578125 175.462493896484375 170.912506103515625 185.5 203.7624969482421875 213.5 221.475006103515625 227.087493896484375 231.931243896484375 235.9187469482421875 241.0187530517578125 245.9812469482421875 248.412506103515625 247.787506103515625 244.506256103515625 240.556243896484375 232.8312530517578125 226.6687469482421875 221.65625 214.787506103515625 209.931243896484375 204.993743896484375 204.0124969482421875 201.625 201.625 200.75 200.087493896484375 198.7687530517578125 200.524993896484375 204.1062469482421875 206.875 211.443756103515625 215.318756103515625 217.46875 222.6687469482421875 227.1875 233.7249908447265625
212.7937469482421875 209.162506103515625 205.537506103515625 201.556243896484375 196.9875030517578125 192.931243896484375 189.193756103515625 185.65625 185.412506103515625 191.556243896484375 208.0187530517578125 214.15625 218.8125 224.743743896484375 228.850006103515625 232.4562530517578125 235.868743896484375 239.6374969482421875 242.162506103515625 243.8562469482421875 241.8625030517578125 238.0437469482421875 234.7937469482421875 228.6062469482421875 222.181243896484375 217.962493896484375 212.5749969482421875 208.618743896484375 205.1062469482421875 204.0500030517578125 202.899993896484375 202.649993896484375 202.274993896484375 202.149993896484375 204.431243896484375 207.506256103515625 210.056243896484375 214.475006103515625 218.131256103515625 218.46875 219.568756103515625 223.975006103515625 225.475006103515625 230.3625030517578125
213.2937469482421875 210.381256103515625 207.1374969482421875 203.462493896484375 200.4499969482421875 197.881256103515625 194.993743896484375 194.149993896484375 196.53125 202.631256103515625 211.8000030517578125 218.5 222.7624969482421875 227.4875030517578125 230.9250030517578125 233.537506103515625 236.8125 238.693756103515625 239.568756103515625 239.9875030517578125 236.4000091552734375 232.1687469482421875 227.8312530517578125 222.125 217.84375 213.8625030517578125 209.7624969482421875 207.337493896484375 204.8562469482421875 203.7312469482421875 202.556243896484375 205.256256103515625 207.6999969482421875 208.8125 212.212493896484375 214.84375 216.881256103515625 219.8625030517578125 223.2624969482421875 221.53125 221.375 223.8562469482421875 224.162506103515625 225.34375
