data/historical-monthly-weather-data/wc2.1_cruts4.09_10m_prec_1995-09.asc
ncols        51
nrows        45
xllcorner    -63.500000000000
yllcorner    -7.500000000000
cellsize     0.166666666667
NODATA_value -9999
[rows 0 to 18 of 45, columns 0 to 43 of 51]
139.2687530517578125 135.25 133.693756103515625 134.7312469482421875 133.9499969482421875 132.568756103515625 127.96250152587890625 122.3249969482421875 119.36875152587890625 117.03749847412109375 116.4875030517578125 117.7375030517578125 119.1125030517578125 119.0500030517578125 120.1125030517578125 120.40625 121.84375 121.1750030517578125 121.4812469482421875 120.6062469482421875 119.5 116.40625 114.08750152587890625 110.59375 106.50624847412109375 104.18125152587890625 102.5437469482421875 100.8562469482421875 97.6750030517578125 93.9812469482421875 89.40625 85.93125152587890625 84.18125152587890625 81.00624847412109375 78.71250152587890625 77.6999969482421875 77.74375152587890625 77.75624847412109375 77.90000152587890625 78.40000152587890625 79.17499542236328125 80.06874847412109375 80.1374969482421875 80.4375
132.5500030517578125 128.649993896484375 129.9562530517578125 133.7937469482421875 138.100006103515625 134.2375030517578125 128.600006103515625 125.6687469482421875 123.0625 120.66249847412109375 119.8125 120.2687530517578125 121.0187530517578125 120.0124969482421875 120.4875030517578125 121.43125152587890625 121.47499847412109375 121.2375030517578125 120.9812469482421875 120.3125 118.0124969482421875 116.27500152587890625 113.4812469482421875 110.4562530517578125 105.5124969482421875 102.5437469482421875 101.30625152587890625 99.78125 95.8562469482421875 91.99375152587890625 87.7624969482421875 84.90000152587890625 82.1437530517578125 79.93125152587890625 77.65000152587890625 76.46250152587890625 76.25 76.36875152587890625 76.40000152587890625 76.875 77.7937469482421875 78.8625030517578125 79.6875 79.36875152587890625
122.66249847412109375 121.125 123.4562530517578125 128.568756103515625 133.09375 132.40625 128.9812469482421875 126.4875030517578125 125.11875152587890625 123.5812530517578125 122.8562469482421875 122.8625030517578125 123.1999969482421875 121.6999969482421875 121.13124847412109375 122.02500152587890625 121.46875 120.93125152587890625 120.1875 119.38124847412109375 116.86875152587890625 114.25624847412109375 111.8312530517578125 108.6999969482421875 103.8937530517578125 99.94374847412109375 99.68125152587890625 97.28749847412109375 93.61875152587890625 89.44374847412109375 84.84999847412109375 81.77500152587890625 80.1875 77.9812469482421875 75.86875152587890625 74.2937469482421875 73.77500152587890625 73.8874969482421875 74.21875 74.9562530517578125 76.0437469482421875 76.74375152587890625 78.0500030517578125 78.2624969482421875
110.8937530517578125 110.53749847412109375 117.03125 121.25624847412109375 125.6062469482421875 126.72499847412109375 126.65625 127.75 127.97499847412109375 127.6062469482421875 126.54375457763671875 126.06874847412109375 124.2687530517578125 123.1999969482421875 122.31874847412109375 122.3249969482421875 122 121.0437469482421875 120.9812469482421875 120.44374847412109375 117.5 113.21875 109.4187469482421875 105.9875030517578125 100.6875 96.96875 95.61875152587890625 92.06874847412109375 89.1437530517578125 85.6687469482421875 81.93125152587890625 78.21875 76.06874847412109375 74.06874847412109375 71.74375152587890625 71.65625 71.68125152587890625 71.52500152587890625 72.1687469482421875 72.40625 72.8937530517578125 73.58750152587890625 74.77500152587890625 75.59375
110.99375152587890625 107.75624847412109375 108.3625030517578125 112.49375152587890625 119.2624969482421875 122.48749542236328125 124.0749969482421875 126.97499847412109375 129.4375 129.96875 129.243743896484375 127.00624847412109375 125.8125 125.6999969482421875 124.69374847412109375 123.9375 122.8125 121.2937469482421875 120.5625 118.875 116.69374847412109375 110.6999969482421875 107.0500030517578125 103.1875 97.8000030517578125 93.71875 90.55625152587890625 87.9375 84.91249847412109375 81.00624847412109375 77.7312469482421875 73.7375030517578125 71.34999847412109375 69.90000152587890625 68.46250152587890625 67.84375 67.6999969482421875 68.09999847412109375 68.94374847412109375 69.28749847412109375 69.6062469482421875 70.0437469482421875 70.6999969482421875 72.06874847412109375
111.375 107.86875152587890625 106.625 105.2062530517578125 111.9812469482421875 119.47499847412109375 123.2624969482421875 125.75 128.306243896484375 130.4499969482421875 129.6125030517578125 127.375 126.52500152587890625 126.77500152587890625 125.20000457763671875 125.05625152587890625 123.9250030517578125 121.56874847412109375 120.2062530517578125 118.8000030517578125 114.4499969482421875 108.90625 104.33750152587890625 99.21250152587890625 94.5 89.7312469482421875 86.33750152587890625 84.0124969482421875 80.7062530517578125 76.63124847412109375 73.3312530517578125 71.3125 68.875 66.94374847412109375 65.02500152587890625 64.9562530517578125 64.6687469482421875 65.3874969482421875 66.50624847412109375 66.59375 64.96250152587890625 65.31874847412109375 65.9499969482421875 67.58750152587890625
113.50624847412109375 110.5749969482421875 109.09999847412109375 107.5812530517578125 110.375 114.15000152587890625 119.3249969482421875 123.5437469482421875 125.25 126.15625 127.0500030517578125 126.46875 126.71250152587890625 126.77500152587890625 125.91249847412109375 125.78749847412109375 125.0749969482421875 123.5124969482421875 121.13124847412109375 118.18125152587890625 112.53749847412109375 106.6875 100.4812469482421875 94.96875 90.5625 86.1687469482421875 82.84999847412109375 80.28125 76.49375152587890625 72.3249969482421875 69.4250030517578125 66.8000030517578125 64.8625030517578125 63.34999847412109375 61.6875 60.71250152587890625 60.393749237060546875 61.606250762939453125 63.68125152587890625 62.28125 60.237499237060546875 59.8125 60.36875152587890625 62.200000762939453125
116.1687469482421875 113.36875152587890625 112.02500152587890625 112.69374847412109375 115.34375 119.3874969482421875 120.9187469482421875 119.72499847412109375 118.9250030517578125 120.75624847412109375 124.03125 125.08750152587890625 126.21250152587890625 126.4562530517578125 126.9187469482421875 125.6750030517578125 125 124 121.71875 116.4250030517578125 110.74375152587890625 104.02500152587890625 97.50624847412109375 91.22499847412109375 86.28125 81.8312530517578125 78.11875152587890625 74.93125152587890625 71.875 68.0124969482421875 65.24375152587890625 62.637500762939453125 60.63124847412109375 59.36875152587890625 57.15625 55.856250762939453125 55.15625 55.387500762939453125 55.74375152587890625 54.71250152587890625 52.77500152587890625 52.262500762939453125 52.825000762939453125 54.00624847412109375
119.94374847412109375 118.0500030517578125 117.7937469482421875 118.38124847412109375 120.65000152587890625 123.2937469482421875 124.6750030517578125 123.5 120.58750152587890625 118.94374847412109375 121.90625 123.2624969482421875 125.96875 126.0187530517578125 126.0124969482421875 124.8625030517578125 123.875 122.5749969482421875 120.9187469482421875 115.34999847412109375 108 101.77500152587890625 93.625 88.5 82.75624847412109375 77.5437469482421875 73.91249847412109375 71.2937469482421875 68.96875 65.1374969482421875 62.90625 59.00624847412109375 55.862499237060546875 53.18125152587890625 51.08750152587890625 50.43125152587890625 49.81874847412109375 49.049999237060546875 48.34999847412109375 47.174999237060546875 45.4375 44.762500762939453125 45.13124847412109375 46.03749847412109375
122.5187530517578125 121.4562530517578125 121.75 122.59999847412109375 125.53749847412109375 128.193756103515625 129.381256103515625 127.69374847412109375 125.55625152587890625 124.40625 124.74375152587890625 124.2375030517578125 125.6750030517578125 126.6062469482421875 124.9812469482421875 124.1374969482421875 121.6875 119.90000152587890625 117.9875030517578125 114.11875152587890625 106.83750152587890625 98.7375030517578125 90.16249847412109375 84.2375030517578125 77.78125 72.72499847412109375 69.55625152587890625 67.0749969482421875 64.9250030517578125 62.00624847412109375 58.549999237060546875 54.581249237060546875 51.11875152587890625 48.674999237060546875 46.424999237060546875 45.231250762939453125 44.43125152587890625 43.25624847412109375 41.74375152587890625 40.362499237060546875 38.71250152587890625 38.21875 37.299999237060546875 37.674999237060546875
126.86875152587890625 126.03749847412109375 126.5625 127.28749847412109375 129.75 133.462493896484375 134.8249969482421875 131.412506103515625 128.3625030517578125 127.2687530517578125 127.6374969482421875 127.49375152587890625 126.5500030517578125 125.59999847412109375 122.90625 120.84375 117.5124969482421875 115.6062469482421875 113.6437530517578125 110.9499969482421875 105.74375152587890625 97.6374969482421875 88.3125 78.6750030517578125 73.25624847412109375 70.28749847412109375 67.34999847412109375 64.0187530517578125 60.950000762939453125 57.862499237060546875 54.65625 50.793750762939453125 47.331249237060546875 44.356250762939453125 41.90000152587890625 40.299999237060546875 39.043750762939453125 37.581249237060546875 36.36875152587890625 34.450000762939453125 32.418750762939453125 31.543750762939453125 31.268749237060546875 30.65625
129.5749969482421875 128.881256103515625 129.5500030517578125 131.318756103515625 133.6187591552734375 136.8249969482421875 138.9812469482421875 135.8249969482421875 131.4875030517578125 128.9250030517578125 128.881256103515625 128.625 125.125 121.9812469482421875 120.4875030517578125 117.55625152587890625 114.59999847412109375 111.44374847412109375 109.5187530517578125 108.78125 105.33750152587890625 97.2375030517578125 87.19374847412109375 76.6875 70.3625030517578125 66.28125 62.918750762939453125 59.75624847412109375 56.299999237060546875 53.362499237060546875 50.075000762939453125 46.481250762939453125 43.143749237060546875 40.58750152587890625 38.625 36.924999237060546875 35.375 33.825000762939453125 31.668750762939453125 29.287500381469726562 27.112499237060546875 26.018749237060546875 25.631250381469726562 24.918750762939453125
131.3000030517578125 130.6437530517578125 130.931243896484375 131.59375 133.0187530517578125 135.587493896484375 136.399993896484375 133.9499969482421875 131.506256103515625 129.5749969482421875 128.2062530517578125 127.46250152587890625 124.19374847412109375 117.71250152587890625 114.375 112.57500457763671875 109.66249847412109375 107.0437469482421875 105.4250030517578125 104.34999847412109375 101.72499847412109375 95.0187530517578125 85.2624969482421875 75.5124969482421875 66.9875030517578125 62.09999847412109375 59.331249237060546875 56.44374847412109375 53.28125 49.893749237060546875 46.018749237060546875 42.375 39.40000152587890625 36.5 34.512500762939453125 33.325000762939453125 32.56874847412109375 31.412500381469726562 29.693750381469726562 26.331249237060546875 23.200000762939453125 22.424999237060546875 21.643751144409179688 19.231250762939453125
131.8874969482421875 130.84375 130.09375 130.181243896484375 131.40625 132.118743896484375 132.0812530517578125 131.287506103515625 129.25 128.087493896484375 125.66249847412109375 122.1062469482421875 118.5124969482421875 112.8562469482421875 107.30625152587890625 106.03125 103.5500030517578125 100.6999969482421875 98.3312530517578125 97.28749847412109375 94.5 88.1999969482421875 80.78749847412109375 73.84375 66.4562530517578125 60.63124847412109375 57.02500152587890625 53.46875 49.768749237060546875 46.375 43.25 39.36875152587890625 36.03749847412109375 33.19374847412109375 31.350000381469726562 30.975000381469726562 31.056249618530273438 31.118749618530273438 29.825000762939453125 26.931249618530273438 22.03125 19.443750381469726562 18.6875 17.893749237060546875
130.787506103515625 128.84375 127.6687469482421875 127.60625457763671875 128.5625 127.13124847412109375 127.78749847412109375 126.6437530517578125 124.66249847412109375 124.21875 120.90625 116.7062530517578125 112.13124847412109375 106.625 100.28125 97.28749847412109375 95.6125030517578125 93.8562469482421875 91.13124847412109375 90.1437530517578125 87.8625030517578125 83.5124969482421875 78.21875 73.40625 68.4499969482421875 62.99375152587890625 58.125 52.88124847412109375 48.137500762939453125 44.65000152587890625 40.33750152587890625 36.518749237060546875 33.65000152587890625 30.700000762939453125 28.200000762939453125 28.681249618530273438 30.587499618530273438 32.81874847412109375 32.83750152587890625 29.443750381469726562 25.037500381469726562 21.887500762939453125 20.443750381469726562 18.981250762939453125
128.21875 125.7937469482421875 125.1687469482421875 124.66249847412109375 124.1062469482421875 123.91249847412109375 123.50624847412109375 122.0437469482421875 120.8249969482421875 120.3625030517578125 116.8562469482421875 111.46875 106.1125030517578125 100.7687530517578125 94.8312530517578125 89.49375152587890625 87.625 87.08750152587890625 84.83750152587890625 84.25624847412109375 81.81874847412109375 79.5437469482421875 77.09999847412109375 74.5187530517578125 70.5625 64.5812530517578125 58.46250152587890625 52.950000762939453125 47.99375152587890625 43.668750762939453125 40.137500762939453125 35.706249237060546875 32.08750152587890625 29.418750762939453125 26.456249237060546875 28.206249237060546875 31.71875 34.27500152587890625 35.575000762939453125 32.99375152587890625 29.424999237060546875 25.418750762939453125 22.118749618530273438 19.487499237060546875
123.90625 122.08750152587890625 122 121.6374969482421875 120.75624847412109375 120.6999969482421875 120.03125 119.11875152587890625 117.74375152587890625 116.2062530517578125 113.3937530517578125 107.53749847412109375 100.90625 95.00624847412109375 90.7937469482421875 86.28749847412109375 81.27500152587890625 80.06874847412109375 79.55625152587890625 78.8125 76.5187530517578125 75.30625152587890625 75.3562469482421875 75.40625 72.80625152587890625 65.4812469482421875 58.799999237060546875 53.018749237060546875 48 43.950000762939453125 41.03749847412109375 38.0625 33.862499237060546875 30.5625 29.78125 30.799999237060546875 33.36875152587890625 38.012500762939453125 41.47499847412109375 36.47499847412109375 30.65625 26.28125 22.21875 19.850000381469726562
119.40000152587890625 118.06874847412109375 117.16249847412109375 116.96875 117.2375030517578125 117.34999847412109375 116.3125 114.91249847412109375 114.1125030517578125 111.90000152587890625 108.8625030517578125 103.22499847412109375 96.71250152587890625 90.9250030517578125 86.69374847412109375 83.00624847412109375 78.59375 73.90625 74.6374969482421875 73.6437530517578125 72.1437530517578125 70.6125030517578125 71.2624969482421875 72.55625152587890625 71.21875 64.8249969482421875 59.06874847412109375 53.40000152587890625 47.94374847412109375 43.33750152587890625 40.03125 37.15625 36.706249237060546875 36.15000152587890625 33.78125 32.40625 35.65625 39.293750762939453125 39.83750152587890625 35.956249237060546875 29.387500762939453125 25.112499237060546875 21.674999237060546875 20.024999618530273438
114.6062469482421875 113.0124969482421875 112.09999847412109375 112.6437530517578125 112.7687530517578125 113.1875 112.30625152587890625 112.09375 110.8937530517578125 108.69374847412109375 105.4375 99.4250030517578125 92.75624847412109375 87.3625030517578125 82.74375152587890625 80.0500030517578125 76.68125152587890625 71.6125030517578125 69.53749847412109375 68.72499847412109375 68.71250152587890625 70.97499847412109375 66.1687469482421875 67.0500030517578125 66.96875 64.3874969482421875 59.88124847412109375 54.03125 49.66249847412109375 44.47499847412109375 40.36875152587890625 40.200000762939453125 42.612499237060546875 41.887500762939453125 39.918750762939453125 38.25 38.09375 37.88124847412109375 36.41249847412109375 32.43125152587890625 27.212499618530273438 23.643751144409179688 20.962499618530273438 19.625
