data/historical-monthly-weather-data/wc2.1_cruts4.09_10m_prec_1991-03.asc
ncols        51
nrows        45
xllcorner    -63.500000000000
yllcorner    -7.500000000000
cellsize     0.166666666667
NODATA_value -9999
[rows 0 to 19 of 45, columns 0 to 44 of 51]
202.618743896484375 204.8375091552734375 202.0625 204.399993896484375 204.3312530517578125 202.274993896484375 196.4250030517578125 190.274993896484375 184.1437530517578125 181.4187469482421875 182.2937469482421875 184.318756103515625 186.587493896484375 186.399993896484375 187.524993896484375 188.6062469482421875 191.9812469482421875 191.975006103515625 194.5437469482421875 196.8000030517578125 200.21875 202.712493896484375 206.0124969482421875 207.899993896484375 211.90625 215.962493896484375 220.65625 228.649993896484375 235.681243896484375 239.243743896484375 246.59375 251.40625 257.70001220703125 266.256256103515625 274.07501220703125 281 286.524993896484375 292.475006103515625 298.79376220703125 303.506256103515625 308.506256103515625 313.024993896484375 315.899993896484375 319.67498779296875 319.331268310546875
210.6687469482421875 214.0187530517578125 217.350006103515625 221.5 224.368743896484375 221.537506103515625 215.09375 209.7062530517578125 205.9250030517578125 203.1062469482421875 202.806243896484375 202.90625 203.3000030517578125 202.4875030517578125 202.368743896484375 202.850006103515625 204.806243896484375 206.3937530517578125 208.068756103515625 210.037506103515625 212.7375030517578125 215.181243896484375 218.6437530517578125 221.1437530517578125 224.25 228.024993896484375 232.28125 240.1062469482421875 246.149993896484375 249.868743896484375 255.181243896484375 261.92498779296875 267.35626220703125 277.54998779296875 283.975006103515625 291.568756103515625 298.73748779296875 304.67498779296875 310.5 314.42498779296875 319.8125 323.681243896484375 325.962493896484375 328.806243896484375 329.225006103515625
214.912506103515625 220.537506103515625 226.7375030517578125 232.9375 236.587493896484375 234.462493896484375 231.725006103515625 229.4499969482421875 226.743743896484375 224.9499969482421875 222.0187530517578125 219.8562469482421875 219.068756103515625 217.600006103515625 216.78125 217.65625 218.8000030517578125 220.587493896484375 221.618743896484375 223.131256103515625 225.9375 228.875 230.962493896484375 233.837493896484375 237.0187530517578125 239.1062469482421875 243.412506103515625 250.431243896484375 255.1125030517578125 258.006256103515625 263.881256103515625 270.17498779296875 276.83123779296875 284.462493896484375 293.88751220703125 299.681243896484375 307.631256103515625 315.993743896484375 321.506256103515625 326.86248779296875 332.006256103515625 334.662506103515625 336.03125 337.08123779296875 338.743743896484375
216.28125 224.993743896484375 235.5187530517578125 242.9812469482421875 248.375 246.9312591552734375 246.3937530517578125 246.912506103515625 247.274993896484375 246.0625 241.631256103515625 236.556243896484375 232.9375 230.1999969482421875 229.587493896484375 230.024993896484375 232.3625030517578125 234.649993896484375 236.087493896484375 237.09375 240.556243896484375 242.243743896484375 242.5625 244.8874969482421875 247.6062469482421875 249.3062591552734375 253.287506103515625 257.5 261.556243896484375 265.34375 269.46875 277.21875 283.524993896484375 290.90625 299.64373779296875 308.13751220703125 317.32501220703125 326.712493896484375 334.23748779296875 339.368743896484375 342.818756103515625 345.5625 346.45623779296875 345.868743896484375 347.131256103515625
223.6437530517578125 231.993743896484375 240.6750030517578125 250.712493896484375 257.95001220703125 257.837493896484375 257.318756103515625 259.78125 263.475006103515625 265 258.681243896484375 250.2062530517578125 245.2062530517578125 243.3125 241.6875 242.84375 244.787506103515625 248.193756103515625 248.7062530517578125 248.7312469482421875 252.3000030517578125 252.9375 253.9250030517578125 256.29998779296875 258.14373779296875 259.63751220703125 261.306243896484375 264.53125 270.225006103515625 271.837493896484375 276.9375 282.39373779296875 290.79998779296875 299.20623779296875 308.03125 317.67498779296875 327.38751220703125 336.962493896484375 345.73126220703125 350.443756103515625 355.23748779296875 355.631256103515625 355.10626220703125 354.8125 354.20623779296875
229.287506103515625 239.3000030517578125 250.0437469482421875 257.693756103515625 261.91876220703125 262.45001220703125 262.274993896484375 263.92498779296875 268.375 271.818756103515625 263.23748779296875 254.806243896484375 251.618743896484375 249.337493896484375 249 250.5 253.125 256.387481689453125 258.193756103515625 258.125 260.850006103515625 262.662506103515625 264.15625 265.631256103515625 267.181243896484375 269.462493896484375 270.943756103515625 272.625 275.79376220703125 278.54998779296875 282.33123779296875 288.11248779296875 294.98748779296875 306.368743896484375 317.293731689453125 326.6875 338.70001220703125 349.087493896484375 358.28125 364.90625 367.600006103515625 367.89373779296875 366.76873779296875 365.318756103515625 363.318756103515625
232.850006103515625 243.368743896484375 253.462493896484375 259.23748779296875 261.45001220703125 260.756256103515625 259.8125 258.431243896484375 257.5625 256.63751220703125 255.15625 252.5 252.0500030517578125 251.9499969482421875 253.212493896484375 255.350006103515625 258.4375 260.893768310546875 262.57501220703125 265.54376220703125 267.856231689453125 271.037506103515625 272.681243896484375 274.36248779296875 276.34375 277.787506103515625 279.0625 279.76251220703125 280.381256103515625 281.662506103515625 287.587493896484375 292.76873779296875 300.1875 310 321.91876220703125 333.57501220703125 345.350006103515625 356.96875 370.024993896484375 375.39373779296875 374.943756103515625 375.287506103515625 373.78125 372.149993896484375 372.162506103515625
232.993743896484375 243.65625 251.818756103515625 257.787506103515625 261.40625 259.837493896484375 254.899993896484375 247.431243896484375 240.006256103515625 238.9250030517578125 243.75 247.2687530517578125 251.0749969482421875 253.8937530517578125 256.16876220703125 259.181243896484375 261.10626220703125 262.79998779296875 265.381256103515625 269.306243896484375 273.54376220703125 277.668731689453125 280.66876220703125 282.15625 285.65625 285.88751220703125 285.256256103515625 285.01251220703125 283.756256103515625 284.631256103515625 288.70623779296875 296.381256103515625 303.34375 313.306243896484375 325.256256103515625 337.11248779296875 349.67498779296875 361.662506103515625 373.693756103515625 378.600006103515625 379.29376220703125 379.26251220703125 377.67498779296875 375.618743896484375 374.3125
233.1062469482421875 243.875 252.25 258.32501220703125 261.35626220703125 259.16876220703125 253.3874969482421875 244 231.0749969482421875 227.037506103515625 236.274993896484375 243.7624969482421875 250.649993896484375 253.9499969482421875 257.39373779296875 261.181243896484375 263.42498779296875 265.26251220703125 269.41876220703125 273.54376220703125 276.068756103515625 282.006256103515625 285.76873779296875 291.993743896484375 295.537506103515625 294.524993896484375 290.88751220703125 288.149993896484375 287.462493896484375 287.03125 291.13751220703125 298.399993896484375 305.537506103515625 314.71875 325.368743896484375 338.17498779296875 352.662506103515625 364.5625 376.01873779296875 380.818756103515625 382.10626220703125 381.662506103515625 380.53125 378.056243896484375 373.600006103515625
233.15625 244.2062530517578125 251.9250030517578125 257.787506103515625 261.662506103515625 260.01251220703125 255.53125 247.84375 238.3312530517578125 235.1062469482421875 239.90625 244.5625 251.0625 255.3000030517578125 258.824981689453125 262.962493896484375 266.23748779296875 268.21875 271.681243896484375 275.63751220703125 278.65625 285.431243896484375 292.693756103515625 302.056243896484375 303.95001220703125 302.26251220703125 297.65625 293.14373779296875 289.975006103515625 288.01873779296875 290.64373779296875 298.92498779296875 307.20623779296875 317.29376220703125 327.54376220703125 339.693756103515625 353.337493896484375 366.26251220703125 377.92498779296875 384.375 387 386.993743896484375 383.09375 375.78125 371.58123779296875
233.037506103515625 244.8000030517578125 251.743743896484375 257.774993896484375 262.756256103515625 262.84375 260.068756103515625 253.868743896484375 247.787506103515625 245.743743896484375 247.2624969482421875 250.493743896484375 254.431243896484375 258.89373779296875 262.34375 265.70623779296875 268.681243896484375 270.70001220703125 272.79998779296875 276.3125 281.53125 289.1875 299.92498779296875 308.068756103515625 313.962493896484375 309.23748779296875 303.10626220703125 299.45623779296875 294.46875 290.42498779296875 293.225006103515625 299.868743896484375 307.568756103515625 317.4375 328.125 339.506256103515625 352.38751220703125 365.35626220703125 377.337493896484375 386.15625 389.6875 387.76873779296875 381.45001220703125 372.618743896484375 367.118743896484375
233.3562469482421875 245.868743896484375 252.8125 259.51873779296875 264.07501220703125 266.375 266.38751220703125 262.83123779296875 258.79376220703125 256.70001220703125 257.037506103515625 258.806243896484375 261.0625 264.54376220703125 269.59375 272.70001220703125 273.36248779296875 273.881256103515625 275.26873779296875 277.443756103515625 280.64373779296875 289.35626220703125 302.90625 316.61248779296875 320.649993896484375 310.51873779296875 303.225006103515625 299.5 297.493743896484375 296.693756103515625 296.431243896484375 300.48748779296875 306.90625 315.475006103515625 324.8125 337.837493896484375 351.6875 364.85626220703125 376.162506103515625 386.60626220703125 391.625 387.46875 376.61248779296875 361.037506103515625 350.693756103515625
233.625 246.4375 253.875 259.84375 265.287506103515625 269.29376220703125 270.618743896484375 269.98748779296875 267.29376220703125 266.881256103515625 268.399993896484375 269.443756103515625 271.76251220703125 272.71875 276.556243896484375 278.931243896484375 278.63751220703125 278.837493896484375 280.07501220703125 280.024993896484375 279.73748779296875 287.63751220703125 300.34375 311.34375 309.350006103515625 301.774993896484375 301.17498779296875 300.76251220703125 300.893768310546875 301.28125 301.243743896484375 301.92498779296875 305.88751220703125 313.087493896484375 321.54376220703125 333.350006103515625 347.462493896484375 361.20623779296875 374.25 386.76873779296875 394.243743896484375 387.418731689453125 367.4375 347.712493896484375 333.475006103515625
233.0124969482421875 246.806243896484375 254.1437530517578125 260.14373779296875 266.45001220703125 270.1875 273.9375 276.806243896484375 277.33123779296875 277.931243896484375 279.368743896484375 280.649993896484375 281.91876220703125 283.943756103515625 283.756256103515625 285.67498779296875 284.75 283.78125 283.8125 284.10626220703125 285.51873779296875 290.368743896484375 297.65625 302.88751220703125 301.556243896484375 298.82501220703125 299.98126220703125 301.04998779296875 302.13751220703125 303.162506103515625 304.568756103515625 304.64373779296875 305.20623779296875 308.98748779296875 315.98748779296875 328.631256103515625 343.881256103515625 357.36248779296875 369.787506103515625 381.26251220703125 387.92498779296875 374.875 357.056243896484375 341.40625 329.056243896484375
233.524993896484375 246.96875 254.75 262.29998779296875 269.5 274.587493896484375 281.01251220703125 286.618743896484375 288.100006103515625 289.57501220703125 292.212493896484375 293.54376220703125 294.787506103515625 296.13751220703125 293.63751220703125 294.23748779296875 292.649993896484375 292.38751220703125 291.40625 291.024993896484375 292.3125 294.568756103515625 297.70623779296875 300.8125 301.743743896484375 302.600006103515625 303.92498779296875 305.125 307.056243896484375 308.662506103515625 307.46875 305.993743896484375 306.1875 305.13751220703125 308.48126220703125 322.899993896484375 339.92498779296875 353.76873779296875 362.131256103515625 367.0625 365.743743896484375 358.493743896484375 350.42498779296875 338.07501220703125 328.368743896484375
232.462493896484375 246.818756103515625 255.587493896484375 263.743743896484375 271.975006103515625 280.412506103515625 288.118743896484375 295.04998779296875 299.399993896484375 302.89373779296875 305.29376220703125 307.58123779296875 309.162506103515625 309.743743896484375 307.006256103515625 304.21875 301.41876220703125 300.95623779296875 299.48126220703125 299.20623779296875 298.48748779296875 298.024993896484375 298.67498779296875 300.756256103515625 302.181243896484375 304.6875 307.01251220703125 309.57501220703125 313.28125 314.712493896484375 314.40625 311.649993896484375 308.48126220703125 306.58123779296875 307.67498779296875 327.29998779296875 342.28125 348.618743896484375 351.70001220703125 353.587493896484375 351.5625 347.662506103515625 342.17498779296875 333.412506103515625 325.28125
232.118743896484375 247.625 256.149993896484375 265.274993896484375 275.024993896484375 285 295.88751220703125 304.92498779296875 310.256256103515625 315.03125 318.01873779296875 321.412506103515625 323.82501220703125 323.3125 321.34375 316.45623779296875 309.818756103515625 307.256256103515625 306.76251220703125 305.712493896484375 303.51251220703125 301.70623779296875 301.162506103515625 302.681243896484375 304.850006103515625 305.993743896484375 309.100006103515625 313.331268310546875 316.943756103515625 320.256256103515625 321 318.61248779296875 315.993743896484375 317.54998779296875 330.15625 346.056243896484375 351.443756103515625 349.587493896484375 346.243743896484375 343.787506103515625 343.375 340.33123779296875 334.162506103515625 327.024993896484375 321.54376220703125
232.96875 248.7750091552734375 259.01251220703125 269.59375 280.35626220703125 291.26873779296875 302.587493896484375 313.443756103515625 320.20623779296875 325.64373779296875 330.15625 335.350006103515625 336.89373779296875 337.48748779296875 334.412506103515625 327.743743896484375 320.41876220703125 311.287506103515625 313.287506103515625 311.98748779296875 310.375 307.21875 304.506256103515625 305.006256103515625 306.42498779296875 309.38751220703125 311.274993896484375 316.681243896484375 322.26251220703125 325.82501220703125 325.4375 318.07501220703125 317.212493896484375 324.08123779296875 342.29376220703125 366.712493896484375 360.29376220703125 349.350006103515625 341.556243896484375 338.943756103515625 335.5 332.274993896484375 327.76251220703125 321.649993896484375 316.475006103515625
233.5187530517578125 249.6750030517578125 260.54998779296875 272.26251220703125 284.96875 298.006256103515625 310.79376220703125 322.75 329.89373779296875 336.181243896484375 341.481231689453125 344.618743896484375 348.76873779296875 351.006256103515625 345.462493896484375 337.024993896484375 327.899993896484375 317.91876220703125 314.743743896484375 314.225006103515625 314.037506103515625 311.975006103515625 304.14373779296875 304.662506103515625 306.818756103515625 310.462493896484375 313.92498779296875 317.881256103515625 324.15625 329.399993896484375 330.381256103515625 319.41876220703125 312.975006103515625 311.65625 322.899993896484375 343.212493896484375 343.23748779296875 338.431243896484375 335.631256103515625 332.26251220703125 329.649993896484375 325.75 322.20623779296875 317.681243896484375 312.95623779296875
231.7062530517578125 248.881256103515625 260.78125 273.806243896484375 288.3125 303.712493896484375 318.29998779296875 331.618743896484375 339.618743896484375 345.67498779296875 350.76873779296875 353.64373779296875 359.118743896484375 363.587493896484375 354.51251220703125 340.6875 327.61248779296875 322.40625 317.506256103515625 315.70623779296875 312.068756103515625 307.01873779296875 303.40625 302.8125 304.54376220703125 307.23126220703125 311.350006103515625 316.85626220703125 321.118743896484375 323.60626220703125 321.756256103515625 313.712493896484375 300.212493896484375 287.600006103515625 282.33123779296875 297.73748779296875 315.82501220703125 323.57501220703125 326.787506103515625 327.01873779296875 324.5625 320.962493896484375 318.625 315.40625 311.756256103515625
