data/historical-monthly-weather-data/wc2.1_cruts4.09_10m_prec_1984-07.asc
ncols        45
nrows        45
xllcorner    -63.500000000000
yllcorner    -7.500000000000
cellsize     0.166666666667
NODATA_value -9999
[rows 19 to 37 of 45, columns 0 to 43 of 45]
124.46875 127.31874847412109375 127.875 128.381256103515625 127.875 130.40625 126.40000152587890625 125.1062469482421875 123.2624969482421875 117.91249847412109375 113.7375030517578125 113.4562530517578125 109.86875152587890625 106.09375 98.7937469482421875 90.30625152587890625 85.21250152587890625 92.1437530517578125 87.06874847412109375 85.1374969482421875 81.71250152587890625 88.63124847412109375 99.8312530517578125 107.7312469482421875 111.1687469482421875 108.5437469482421875 108.90625 114.1125030517578125 114.91249847412109375 114.1875 120.8000030517578125 135.787506103515625 142.7937469482421875 149.46875 158.287506103515625 170.337493896484375 177.412506103515625 180.368743896484375 179.9375 171.6437530517578125 155.6750030517578125 140.6312408447265625 134.024993896484375 125.1374969482421875
113.19374847412109375 122.5500030517578125 128.318756103515625 126.3937530517578125 123.90625 126.13124847412109375 124.30625152587890625 123.59375 120.69374847412109375 116.86875152587890625 111.53125 111.0500030517578125 109 104.2312469482421875 97.28749847412109375 90.6875 87.0749969482421875 87.09375 89.0500030517578125 84.1125030517578125 89.3312530517578125 95.6750030517578125 103.77500152587890625 112.9187469482421875 115.96875 111.91249847412109375 106.0124969482421875 109.88124847412109375 115 117.28749847412109375 126.40625 136.1750030517578125 137.412506103515625 145.125 154.15625 163.3125 170.4250030517578125 169.8874969482421875 165.243743896484375 156.774993896484375 146.462493896484375 138.0187530517578125 129.1999969482421875 122.08750152587890625
110.40000152587890625 112.5812530517578125 119.91249847412109375 122.50624847412109375 122.96875 120.31874847412109375 119.33750152587890625 118.71875 117.3937530517578125 114.0749969482421875 111.1750030517578125 107.25 103.90000152587890625 103.90000152587890625 101.2937469482421875 94.90000152587890625 94.0187530517578125 91.88124847412109375 91.7375030517578125 90.3874969482421875 90.46875 95.7937469482421875 103.41875457763671875 106.80625152587890625 106.91249847412109375 105.40000152587890625 109.4187469482421875 108.9375 117.58750152587890625 124.3625030517578125 128.1125030517578125 131.59375 133.837493896484375 138.787506103515625 143.3125 153.53125 159.774993896484375 160.193756103515625 156.443756103515625 150.125 142.09375 135.506256103515625 128.6750030517578125 121.625
107.38124847412109375 114.63124847412109375 119.40000152587890625 120.375 120.03749847412109375 119 112.22499847412109375 111.5 112.03125 113.81874847412109375 112.5124969482421875 108.69374847412109375 107.8562469482421875 106.03125 105.5187530517578125 103.11875152587890625 98.0625 93.6125030517578125 91.84999847412109375 92.5625 97.47499847412109375 98.93125152587890625 102.25 104.7624969482421875 108.31874847412109375 105.3874969482421875 105.1125030517578125 109.50624847412109375 113.8312530517578125 117.33750152587890625 120.6125030517578125 125.5500030517578125 126.7312469482421875 128.0124969482421875 134.118743896484375 138.4812469482421875 146.212493896484375 145.5437469482421875 146.2062530517578125 143.962493896484375 138.3562469482421875 130.056243896484375 124.53749847412109375 117.96875
101.28125 111.15625 118.9562530517578125 119.13124847412109375 118.5124969482421875 115.05625152587890625 114.25 111.28749847412109375 108.52500152587890625 106.5187530517578125 106.5749969482421875 109.9499969482421875 109.11875152587890625 108.9812469482421875 105.5187530517578125 103.06874847412109375 97.49375152587890625 96.50624847412109375 94.09375 96.4375 97.53125 101.99375152587890625 104.2937469482421875 109.65000152587890625 111.6750030517578125 107.6687469482421875 109.4875030517578125 107.28749847412109375 108.86875152587890625 110.96875 114.02500152587890625 117.09999847412109375 116.0124969482421875 115.2375030517578125 123.6374969482421875 124.93125152587890625 133.2624969482421875 137.6999969482421875 138.556243896484375 136.0187530517578125 132.631256103515625 125.56874847412109375 121.11875152587890625 114.25624847412109375
98.2624969482421875 109.08750152587890625 118.4187469482421875 119.9375 119.9875030517578125 114.55625152587890625 112.5500030517578125 109.80625152587890625 107.125 107.5 107.6125030517578125 104.9499969482421875 108.22499847412109375 107.2375030517578125 103.38124847412109375 98.8312530517578125 96.15625 96.36875152587890625 95.94374847412109375 96.61875152587890625 99.5 102.33750152587890625 108.93125152587890625 111.2062530517578125 109.5 111.15625 106.5500030517578125 103.96875 102.7624969482421875 104.02500152587890625 101.9250030517578125 101.3874969482421875 104.1374969482421875 104.96875 108.2375030517578125 113.63124847412109375 122.6062469482421875 126.0625 128.850006103515625 128.774993896484375 124.59999847412109375 120.6437530517578125 117.28749847412109375 110.3562469482421875
100.90625 111.2312469482421875 114.5437469482421875 117.7624969482421875 117.5124969482421875 113.38124847412109375 110.6750030517578125 107.40000152587890625 103.6750030517578125 99.9875030517578125 104.6750030517578125 104.40625 102.41249847412109375 102.28125 100.125 97.44374847412109375 94.30625152587890625 94.52500152587890625 95.28749847412109375 95.1062469482421875 100.58750152587890625 104.2062530517578125 110.0437469482421875 112.33750152587890625 109.6999969482421875 107.2687530517578125 104.43125152587890625 99.7312469482421875 95.5500030517578125 93.13124847412109375 90.4812469482421875 88.15000152587890625 88.8562469482421875 91.8625030517578125 98.34375 104.43125152587890625 112.2062530517578125 118.4499969482421875 120.8937530517578125 121.28125 121.2375030517578125 115.22499847412109375 110.96250152587890625 104.21250152587890625
98.4375 104.41249847412109375 110.125 113.59999847412109375 112.96250152587890625 110.38124847412109375 108.5 104.65625 99.125 101.0124969482421875 103.52500152587890625 102.97499847412109375 101.4812469482421875 98.74375152587890625 95.8312530517578125 95.69374847412109375 93.0625 91.5 93.03125 94.43125152587890625 96.7062530517578125 100.63124847412109375 107.3000030517578125 112 107.05625152587890625 100.80625152587890625 97.2937469482421875 93.75 89.96875 84.00624847412109375 82.0500030517578125 76.78749847412109375 76.90000152587890625 84.2375030517578125 89.41249847412109375 97.18125152587890625 101.6750030517578125 107.8312530517578125 111.5437469482421875 113.91249847412109375 116.41249847412109375 112.1999969482421875 106.5500030517578125 99.36875152587890625
96.3249969482421875 98.3249969482421875 103 107.97499847412109375 107.70000457763671875 106.01250457763671875 104.3249969482421875 100.63124847412109375 98.2375030517578125 98.68125152587890625 99.2375030517578125 97.15000152587890625 96.09375 94.2062530517578125 91.125 89.8249969482421875 88.59375 88.22499847412109375 87.15625 89.4499969482421875 94.1125030517578125 96.4187469482421875 98.3312530517578125 102.1062469482421875 100.34999847412109375 95.2312469482421875 91.52500152587890625 87.90625 84.0749969482421875 80.2687530517578125 76.5437469482421875 73.4187469482421875 73.8312530517578125 76.96875 82.5437469482421875 89.18125152587890625 93.34999847412109375 99.6437530517578125 104.31874847412109375 109.50624847412109375 111.75624847412109375 111.36875152587890625 103.44374847412109375 97.49375152587890625
92.61875152587890625 94.43125152587890625 99.53749847412109375 99.3125 100.7624969482421875 97.90000152587890625 95.88124847412109375 95.1750030517578125 93.1875 94.4499969482421875 94.1999969482421875 92.24375152587890625 91.49375152587890625 90.8125 88.28749847412109375 86.6125030517578125 86.4875030517578125 83.72499847412109375 83.88124847412109375 85.71250152587890625 88.38124847412109375 90.09375 92.4875030517578125 93.5625 92.3874969482421875 88.8625030517578125 85.4187469482421875 82.0625 80.72499847412109375 77.18125152587890625 72.6687469482421875 70.0625 69.9562530517578125 71.9499969482421875 76.66249847412109375 82.49375152587890625 86.8625030517578125 92.59999847412109375 96.8125 99.24375152587890625 104.1687469482421875 101.0437469482421875 96.5 91.30625152587890625
86.21875 90.1999969482421875 93.1125030517578125 93.02500152587890625 92.09999847412109375 90.875 88.59375 89.8874969482421875 89.91249847412109375 89.5 89.3937530517578125 89.5124969482421875 88.59375 86.40000152587890625 84.28125 82.75 81.03125 80.21875 79.01874542236328125 79.41249847412109375 82.28749847412109375 83.1999969482421875 85.09375 84.19374847412109375 83.6374969482421875 81.53125 78.15625 75.8312530517578125 74.8125 71.5625 68.5124969482421875 65.8312530517578125 65.59999847412109375 67.6999969482421875 70.7937469482421875 75.02500152587890625 81.41249847412109375 84.90000152587890625 86.2687530517578125 89.0812530517578125 94.22499847412109375 92.7687530517578125 88.97499847412109375 83.5500030517578125
81.4812469482421875 84.36875152587890625 83.3937530517578125 86.02500152587890625 86.7624969482421875 86.625 84.6999969482421875 84.4250030517578125 84.7687530517578125 85.0500030517578125 85.77500152587890625 84.93125152587890625 86.15625 82.25624847412109375 79.4187469482421875 78.5749969482421875 78.86875152587890625 75.46250152587890625 72.66249847412109375 74.5437469482421875 77.21250152587890625 77.6687469482421875 77.96875 75.71250152587890625 74.15625 74.7624969482421875 72.1125030517578125 68.94374847412109375 66.63124847412109375 65.3625030517578125 63.46875 62.41249847412109375 62.84999847412109375 65.03125 67.28749847412109375 69.5812530517578125 73.8000030517578125 78.81874847412109375 78.28125 77.7937469482421875 81.00624847412109375 82.43125152587890625 79.94374847412109375 74.8562469482421875
76.59375 75.78749847412109375 74.8874969482421875 75.78749847412109375 77.99375152587890625 79.24375152587890625 79.7937469482421875 79.2937469482421875 80.44374847412109375 79.69374847412109375 80.88124847412109375 82.0187530517578125 81.15625 80.58750152587890625 78.2312469482421875 76.53749847412109375 75.1875 71.83750152587890625 68.3249969482421875 70.0812530517578125 70.38124847412109375 70.9875030517578125 70.125 67.9375 67.9375 66.7062530517578125 64.875 63.543750762939453125 60.331249237060546875 59.77500152587890625 59.72499847412109375 59.00624847412109375 59.049999237060546875 60.93125152587890625 63.55625152587890625 64.7375030517578125 68.65000152587890625 69.1374969482421875 69.03125 70.7937469482421875 73.1750030517578125 72.58750152587890625 70.47499847412109375 68.9250030517578125
70.1875 68.57500457763671875 66.7375030517578125 66.9875030517578125 68.9875030517578125 70.1750030517578125 71.69374847412109375 72.31874847412109375 71.8312530517578125 74.18125152587890625 77.19374847412109375 76.52500152587890625 76.94374847412109375 77.99375152587890625 76.3312530517578125 72.9812469482421875 69.7687530517578125 69.0437469482421875 67.13124847412109375 67.65625 66.8125 65.36875152587890625 63.262500762939453125 62.143749237060546875 62.543750762939453125 60.88124847412109375 60.16249847412109375 57.887500762939453125 56.43125152587890625 55.34999847412109375 55.168750762939453125 54.49375152587890625 53.875 55.700000762939453125 58.9375 61.34999847412109375 61.74375152587890625 62.018749237060546875 62.331249237060546875 65.47499847412109375 67.33750152587890625 67.4499969482421875 63.737499237060546875 63.143749237060546875
63.96875 62.50624847412109375 61.875 62.012500762939453125 62.21875 61.52500152587890625 62.66249847412109375 62.19374847412109375 64.78125 65.9875030517578125 69.34375 71.36875152587890625 73.34999847412109375 73.3937530517578125 71.78125 68.13124847412109375 66.0812530517578125 64.8000030517578125 63.09375 62.831249237060546875 62.5625 59.65625 58.799999237060546875 57.918750762939453125 56.47499847412109375 54.68125152587890625 53.9375 53.18125152587890625 51.86875152587890625 51.43125152587890625 51.34999847412109375 50.543750762939453125 50 52.206249237060546875 54.668750762939453125 55.74375152587890625 55.02500152587890625 55.71875 57.637500762939453125 59.38124847412109375 61.47499847412109375 62.518749237060546875 61.893749237060546875 60.143749237060546875
58.875 55.81874847412109375 56.625 56.27500152587890625 56.924999237060546875 56.33750152587890625 55.8125 55.41249847412109375 55.762500762939453125 57.59375 61.850002288818359375 66.15625 71.0500030517578125 72.5187530517578125 68.9250030517578125 65.5187530517578125 62.86875152587890625 60.93125152587890625 60.21250152587890625 58.625 57.96250152587890625 56.78749847412109375 54.918750762939453125 53.56874847412109375 51.88124847412109375 49.768749237060546875 49.15625 48.49375152587890625 47.28749847412109375 44.96875 45.21250152587890625 46.325000762939453125 46.77500152587890625 48.299999237060546875 49.1875 49.956249237060546875 50.424999237060546875 52.125 52.90000152587890625 53.356250762939453125 54.40625 54.356250762939453125 56.44374847412109375 55.956249237060546875
53.15000152587890625 51.52500152587890625 52.69374847412109375 51.36875152587890625 51.481250762939453125 50.512500762939453125 50.09999847412109375 49.4375 49.424999237060546875 50.081249237060546875 53.737499237060546875 59.268749237060546875 66.03749847412109375 66.24375152587890625 64.75624847412109375 62.075000762939453125 60.043750762939453125 57.625 55.59999847412109375 54.41249847412109375 51.5625 51.737499237060546875 49.487499237060546875 47.81874847412109375 45.50624847412109375 45.21250152587890625 44.6875 44.08750152587890625 42.893749237060546875 41.21875 41.40000152587890625 42.86875152587890625 43.081249237060546875 44.543750762939453125 45.47499847412109375 45.293750762939453125 46.206249237060546875 47.16249847412109375 48.950000762939453125 49.450000762939453125 49.03125 49.65000152587890625 49.28125 49.46875
47.40625 47.15000152587890625 47.61875152587890625 46.15000152587890625 46.11875152587890625 46.081249237060546875 45.543750762939453125 44.668750762939453125 43.762500762939453125 42.53749847412109375 46.393749237060546875 52.8125 58.19374847412109375 59.31874847412109375 59.33750152587890625 57.799999237060546875 55.71250152587890625 52.862499237060546875 50.78749847412109375 49.8125 46.981250762939453125 45.424999237060546875 43.81874847412109375 43.049999237060546875 41.012500762939453125 40.25624847412109375 39.93125152587890625 39.08750152587890625 38.200000762939453125 38.049999237060546875 38.03749847412109375 38.481250762939453125 38.581249237060546875 39.90625 40.762500762939453125 40.168750762939453125 40.731250762939453125 43.0625 45.09999847412109375 44.875 43.981250762939453125 44.46250152587890625 44.049999237060546875 45.375
41.487499237060546875 42.125 41.518749237060546875 41.72499847412109375 41.72499847412109375 41.612499237060546875 41.21875 40.387500762939453125 39.674999237060546875 37.84375 44.112499237060546875 49.625 52.49375152587890625 54.00624847412109375 54.75624847412109375 53.80625152587890625 50.606250762939453125 49.543750762939453125 46.825000762939453125 45.52500152587890625 43.581249237060546875 41.637500762939453125 39.33750152587890625 38.706249237060546875 37.5625 36.65625 35.956249237060546875 35.27500152587890625 34.606250762939453125 34.09375 32.825000762939453125 33.80625152587890625 34.00624847412109375 35.41249847412109375 35.33750152587890625 34.543750762939453125 36.58750152587890625 38.27500152587890625 39.93125152587890625 40.15625 39.66249847412109375 41.13124847412109375 40.53749847412109375 38.5
