data/historical-monthly-weather-data/wc2.1_cruts4.09_10m_prec_1954-01.asc
ncols        45
nrows        45
xllcorner    -63.500000000000
yllcorner    -7.500000000000
cellsize     0.166666666667
NODATA_value -9999
[rows 0 to 19 of 45, columns 0 to 44 of 45]
147.3625030517578125 143.256256103515625 137.3625030517578125 133.725006103515625 129.0124969482421875 128.024993896484375 125.6125030517578125 121.3000030517578125 117.5500030517578125 115.47499847412109375 114.59375 113.78749847412109375 112.0437469482421875 107.63124847412109375 104.9499969482421875 103.80625152587890625 102.8562469482421875 100.43125152587890625 102.61875152587890625 104.84375 108.1999969482421875 112.8312530517578125 117.5124969482421875 121.4562530517578125 126.8249969482421875 131.46875 136.4375 142.4250030517578125 148.625 150.568756103515625 152.337493896484375 154.0124969482421875 154.03125 155.243743896484375 155.287506103515625 156.7687530517578125 156.25 154.943756103515625 155.53125 155.975006103515625 155.931243896484375 157.1750030517578125 157.7937469482421875 158.725006103515625 160
157.0437469482421875 151.53125 146.256256103515625 141.625 138.0625 137.443756103515625 135.306243896484375 133.193756103515625 131.3125 129.618743896484375 127.1999969482421875 124.34999847412109375 120.68125152587890625 117.25 113.90000152587890625 111.1750030517578125 108.75 107.61875152587890625 109.09375 112.18125152587890625 116.59999847412109375 121.3000030517578125 126.6437530517578125 131.75 135.993743896484375 140.162506103515625 145.4499969482421875 150.931243896484375 155.8562469482421875 157.4562530517578125 157.6125030517578125 157.256256103515625 156.6875 158.3249969482421875 157.556243896484375 156.4875030517578125 156.881256103515625 154.9499969482421875 154.375 154.024993896484375 154.037506103515625 154.837493896484375 154.350006103515625 154.743743896484375 155.399993896484375
166.9812469482421875 161.649993896484375 155.96875 151.337493896484375 147.96875 147.5124969482421875 146.8249969482421875 146.443756103515625 145.3625030517578125 143.8562469482421875 141.037506103515625 136.9375 132.78125 127.9562530517578125 123.7375030517578125 119.3625030517578125 116.3562469482421875 115.3000030517578125 116.16249847412109375 120.0625 125.16249847412109375 131.1687469482421875 136.5812530517578125 140.625 144.1875 147.5749969482421875 152.78125 158.0124969482421875 161.625 161.943756103515625 162.7312469482421875 162.75 162.9187469482421875 161.2687530517578125 161.2062530517578125 159.4875030517578125 158.568756103515625 157 155.899993896484375 154.5 154.412506103515625 154.375 153.8937530517578125 153.556243896484375 152.837493896484375
175.8125 170.7937469482421875 167.056243896484375 162.443756103515625 159.975006103515625 157.2062530517578125 158 159.8125 160.75 160.524993896484375 156.2687530517578125 150.537506103515625 144.931243896484375 139.1750030517578125 134.350006103515625 129.118743896484375 124.4875030517578125 122.0187530517578125 123.49375152587890625 129.09375 136.100006103515625 142.368743896484375 145.96875 149.8937530517578125 153.09375 155.9562530517578125 161.0749969482421875 164.34375 167.4499969482421875 167.90625 168.1125030517578125 169.1062469482421875 168.15625 166.0812530517578125 164.006256103515625 162.943756103515625 160.568756103515625 158.6062469482421875 157.4812469482421875 156.443756103515625 154.5812530517578125 154.75 153.9562530517578125 152.4875030517578125 151.4812469482421875
190.7312469482421875 183.056243896484375 177.087493896484375 173.1374969482421875 170.1687469482421875 168.931243896484375 168.787506103515625 171.8562469482421875 175.475006103515625 176.9250030517578125 170.943756103515625 163.90625 158.1875 152.4375 146.818756103515625 140.600006103515625 134.493743896484375 129.506256103515625 132.6125030517578125 140.556243896484375 148.8249969482421875 154.243743896484375 157.5187530517578125 160.03125 162.03125 165.2062530517578125 167.5500030517578125 170.350006103515625 174.9562530517578125 174.8562469482421875 174.8125 173.09375 172.7062530517578125 171.337493896484375 168.8937530517578125 166.8125 164.7062530517578125 160.78125 159.28125 157.475006103515625 156.4499969482421875 155.368743896484375 154.4812469482421875 152.225006103515625 150.65625
201.8125 194.975006103515625 188.6374969482421875 182.993743896484375 179.4187469482421875 178.431243896484375 178.8249969482421875 180.662506103515625 184.412506103515625 187.09375 180.96875 175.493743896484375 170.274993896484375 165.5625 159.7937469482421875 155.65625 149.4187469482421875 144.037506103515625 148.899993896484375 157 163.2312469482421875 166.75 169.743743896484375 170.2375030517578125 171.556243896484375 173.46875 175.881256103515625 178 181.5625 182.412506103515625 181.6125030517578125 180.2937469482421875 178.118743896484375 177.0625 176.631256103515625 174.024993896484375 171.318756103515625 167.931243896484375 166.09375 164.5187530517578125 161.4812469482421875 160.3000030517578125 158.3312530517578125 155.7687530517578125 153.9187469482421875
212.7937469482421875 206.15625 200.087493896484375 192.625 186.90625 183.8625030517578125 183.4187469482421875 183.8874969482421875 185.2375030517578125 185.25 184.96875 183.4250030517578125 182.100006103515625 179.587493896484375 176.1125030517578125 173.8625030517578125 171.8562469482421875 172.399993896484375 176.71875 179.881256103515625 179.4187469482421875 180.5 179.850006103515625 179.5749969482421875 180.5812530517578125 180.9187469482421875 182.931243896484375 185.287506103515625 187.381256103515625 187.875 188.65625 187.6687469482421875 185.162506103515625 183.2687530517578125 182.087493896484375 180.8625030517578125 178.21875 175.4875030517578125 174.662506103515625 171.2937469482421875 167 164.9875030517578125 162.5374908447265625 159.6750030517578125 157.4250030517578125
225.162506103515625 215.7312469482421875 208.8249969482421875 201.931243896484375 195.2624969482421875 191.96875 188.5812530517578125 183.5 180.524993896484375 183.181243896484375 188.46875 191.8312530517578125 194.243743896484375 193.46875 193.0437469482421875 193.1875 195.1062469482421875 199.725006103515625 206.5749969482421875 203.412506103515625 196.087493896484375 192.8125 190.0500030517578125 189.087493896484375 189.6125030517578125 188.693756103515625 189.5812530517578125 191.256256103515625 194.25 195.2375030517578125 194.9250030517578125 194.4375 191.9375 189.931243896484375 188.4187469482421875 187.149993896484375 185.0500030517578125 182.6437530517578125 180.725006103515625 177.8562469482421875 173.8562469482421875 171.381256103515625 168.5187530517578125 164.84375 163.3125
235.350006103515625 225.618743896484375 218.78125 210.743743896484375 204.506256103515625 199.6687469482421875 195.149993896484375 189.6437530517578125 184.256256103515625 184.943756103515625 195.3625030517578125 202.193756103515625 207.6875 208.837493896484375 209.493743896484375 210.1999969482421875 212.256256103515625 216.75 221.8625030517578125 216.493743896484375 206.0187530517578125 201.5749969482421875 197.40625 198.149993896484375 197.7375030517578125 195.9375 196.6062469482421875 197.149993896484375 200.118743896484375 202.125 203.1687469482421875 201.931243896484375 199.899993896484375 197.5187530517578125 195.9250030517578125 194.3000030517578125 193.1687469482421875 191.0437469482421875 188.931243896484375 186.1437530517578125 181.774993896484375 178.774993896484375 176.9812469482421875 174.25 172.318756103515625
245.100006103515625 235.2062530517578125 226.975006103515625 219.4875030517578125 213.5812530517578125 209.318756103515625 204.931243896484375 201.1125030517578125 199.4375 203.100006103515625 210.9187469482421875 217.78125 223.1999969482421875 225.256256103515625 225.787506103515625 226.1999969482421875 226.087493896484375 226.3937530517578125 225.4375 220.756256103515625 211.1999969482421875 206.524993896484375 203.28125 205.53125 203.6687469482421875 200.6750030517578125 201.21875 202.274993896484375 204.2624969482421875 206.743743896484375 208.09375 208.181243896484375 207.118743896484375 205.712493896484375 204.6374969482421875 202.6062469482421875 201.0812530517578125 199.4875030517578125 197.15625 194.274993896484375 191.118743896484375 188.162506103515625 185.7937469482421875 182.0124969482421875 180.8562469482421875
256.006256103515625 246.1062469482421875 236.649993896484375 228.6999969482421875 222.006256103515625 218.7624969482421875 215.7937469482421875 215.131256103515625 216.693756103515625 221.875 230.818756103515625 237.6437530517578125 240.59375 241.4812469482421875 240.5749969482421875 239.068756103515625 236.1374969482421875 232.2687530517578125 227.09375 220.600006103515625 213.6750030517578125 208.8312530517578125 208.131256103515625 208.7687530517578125 209.3562469482421875 204.8249969482421875 204.600006103515625 205.7062530517578125 207.5 209.068756103515625 211.2312469482421875 213.0124969482421875 213.21875 212.7937469482421875 212.03125 211.068756103515625 209.493743896484375 207.1687469482421875 205.4187469482421875 203.0500030517578125 199.756256103515625 195.7312469482421875 193.0749969482421875 189.4562530517578125 188.3874969482421875
264.09375 253.943756103515625 245.149993896484375 238.625 232.6125030517578125 229.256256103515625 227.875 230.3874969482421875 234.337493896484375 240.256256103515625 250.1125030517578125 259.181243896484375 259.631256103515625 257.837493896484375 255.3000030517578125 250.850006103515625 246.274993896484375 237.931243896484375 230.46875 221.3312530517578125 212.850006103515625 208.693756103515625 210.350006103515625 214.756256103515625 213.806243896484375 206.4812469482421875 206.2624969482421875 207.5500030517578125 210.3249969482421875 213.8625030517578125 216.8312530517578125 218.8312530517578125 219.662506103515625 219.756256103515625 219.618743896484375 219.131256103515625 218.1125030517578125 215.850006103515625 213.693756103515625 211.368743896484375 207.75 203.118743896484375 197.681243896484375 192.40625 189.6687469482421875
273.256256103515625 263.75 255.649993896484375 248.8249969482421875 243.024993896484375 242.006256103515625 241.6687469482421875 243.7375030517578125 249.1374969482421875 256.693756103515625 266.712493896484375 276.07501220703125 276.79998779296875 271.100006103515625 267.1875 261.725006103515625 254.8249969482421875 246.087493896484375 236.3125 224.9499969482421875 210.7687530517578125 207.712493896484375 211.162506103515625 213.243743896484375 207.818756103515625 201.818756103515625 205.53125 209.993743896484375 213.6999969482421875 218.4812469482421875 222.3937530517578125 224.8312530517578125 225.412506103515625 225.7375030517578125 225.9812469482421875 225.875 224.837493896484375 222.8562469482421875 219.8937530517578125 216.993743896484375 213.9375 208.0749969482421875 198.243743896484375 189.181243896484375 185.068756103515625
280.431243896484375 272.037506103515625 264.381256103515625 258.068756103515625 253.212493896484375 251.368743896484375 252.0875091552734375 256.54376220703125 262.725006103515625 270.83123779296875 278.625 285.537506103515625 285.25 281.962493896484375 275.79998779296875 270.88751220703125 262.79376220703125 253.9250030517578125 242.84375 231.6374969482421875 219.399993896484375 214.162506103515625 212.125 211.6125030517578125 205.8937530517578125 202.181243896484375 206.600006103515625 211.7624969482421875 217.693756103515625 222.96875 227.6750030517578125 230.806243896484375 231.087493896484375 230.787506103515625 231.662506103515625 231.4812469482421875 231.1062469482421875 230.1687469482421875 225.975006103515625 221.193756103515625 215.350006103515625 203.493743896484375 194.118743896484375 187.806243896484375 185.693756103515625
286.78125 278.600006103515625 271.975006103515625 266.14373779296875 262.76251220703125 262.037506103515625 264.23126220703125 267.981231689453125 273.774993896484375 280.36248779296875 287.9375 293 293.649993896484375 291.39373779296875 284.90625 278.931243896484375 270.568756103515625 260.118743896484375 249.850006103515625 240.662506103515625 229.662506103515625 221.03125 216.506256103515625 213.9250030517578125 211.1062469482421875 208.8625030517578125 212.7624969482421875 218.5812530517578125 224.28125 230.5500030517578125 234.9375 236.881256103515625 238.0187530517578125 236.8000030517578125 236.6937408447265625 235.774993896484375 236.2062530517578125 236.6125030517578125 232.7062530517578125 222.8000030517578125 210.274993896484375 200.6062469482421875 194.9937591552734375 189.912506103515625 186.0437469482421875
291.75 283.3125 277.53125 272.35626220703125 269.91876220703125 270.07501220703125 272.98748779296875 276.63751220703125 281.48126220703125 288.46875 295.743743896484375 300.57501220703125 301.84375 299.975006103515625 294.318756103515625 284.89373779296875 277.15625 267.087493896484375 256.431243896484375 247.868743896484375 238.962493896484375 229.975006103515625 223.2562408447265625 219.9499969482421875 217.1374969482421875 215.443756103515625 218.7937469482421875 225.75 232.71875 239.9375 244.462493896484375 245.4499969482421875 242.931243896484375 240.787506103515625 239.2624969482421875 240.4875030517578125 241.556243896484375 241.2312469482421875 237.0187530517578125 225.600006103515625 210.09375 200.7937469482421875 196.0812530517578125 189.6999969482421875 186.3249969482421875
294.306243896484375 286.443756103515625 280.42498779296875 276.5 275.337493896484375 276.212493896484375 279.868743896484375 283.63751220703125 288.67498779296875 294.73748779296875 302.443756103515625 308.26251220703125 309.881256103515625 308.33123779296875 302.95623779296875 294.07501220703125 280.337493896484375 269.92498779296875 261.64373779296875 255.8625030517578125 246.7312469482421875 238.100006103515625 230.21875 225.9187469482421875 224.100006103515625 221.756256103515625 224.59375 231.912506103515625 241.006256103515625 249.75 255.53125 255.9187469482421875 250.6437530517578125 245.2312469482421875 245.0500030517578125 246.5500030517578125 246.693756103515625 248.024993896484375 247.943756103515625 234.149993896484375 218.8874969482421875 207.21875 198.087493896484375 190.5749969482421875 187.1999969482421875
297.09375 289.0625 283.20623779296875 280.28125 278.76251220703125 280.899993896484375 284.98748779296875 289 293.76251220703125 300.056243896484375 305.95001220703125 314.087493896484375 317.25 316.21875 310.29998779296875 299.600006103515625 285.23748779296875 271.162506103515625 267.118743896484375 262.618743896484375 255.274993896484375 246.225006103515625 237.631256103515625 233.225006103515625 230.6875 229.1999969482421875 230.6875 239.8000030517578125 251.5 262.0625 266.537506103515625 260.23748779296875 253.5812530517578125 249.21875 247.056243896484375 247.9250030517578125 250.8625030517578125 252.1875 248.625 239.1062469482421875 223.837493896484375 210.5187530517578125 200.5749969482421875 193.287506103515625 189.6875
296.36248779296875 288.63751220703125 283.681243896484375 282.068756103515625 281.64373779296875 284.48748779296875 287.40625 292.618743896484375 297.9375 304.024993896484375 309.475006103515625 315.39373779296875 320.850006103515625 324.45623779296875 316.693756103515625 302.4375 286.15625 272.08123779296875 265.07501220703125 264.037506103515625 260.412506103515625 253.6062469482421875 240.6750030517578125 238.4562530517578125 236.756256103515625 236.8000030517578125 241.1750030517578125 248.912506103515625 261.274993896484375 272.83123779296875 278.318756103515625 268.125 257.368743896484375 246.8125 242.056243896484375 245.7375030517578125 250.587493896484375 251.6125030517578125 249.7312469482421875 240.5812530517578125 226.9562530517578125 213.1875 203.125 196.6374969482421875 192.662506103515625
294.51873779296875 286.65625 282.368743896484375 279.88751220703125 280.5625 285.662506103515625 289.868743896484375 294.087493896484375 299.162506103515625 304.82501220703125 309.243743896484375 315.462493896484375 324.524993896484375 333.04376220703125 320.54376220703125 299.60626220703125 280.850006103515625 271.54376220703125 266.21875 264.73126220703125 259.056243896484375 249.818756103515625 242.3937530517578125 240.9250030517578125 240.96875 243.4562530517578125 248.5124969482421875 257.04376220703125 265.76251220703125 273.149993896484375 275.818756103515625 267.899993896484375 254.5749969482421875 240.1062469482421875 232.631256103515625 238.375 249.2312469482421875 255.975006103515625 254.2937469482421875 245.59375 231.524993896484375 216.2937469482421875 207.725006103515625 201.462493896484375 196.756256103515625
