data/historical-monthly-weather-data/wc2.1_cruts4.09_10m_prec_2014-08.asc
ncols        51
nrows        45
xllcorner    -63.500000000000
yllcorner    -7.500000000000
cellsize     0.166666666667
NODATA_value -9999
[rows 0 to 19 of 45, columns 0 to 42 of 51]
164.212493896484375 163.6374969482421875 163.34375 167.34375 172.225006103515625 177.837493896484375 178.3625030517578125 180.78125 182.3562469482421875 181.725006103515625 175.9375 173.2375030517578125 172.725006103515625 169.0187530517578125 167.181243896484375 161.9250030517578125 159.1875 156.0500030517578125 152.71875 153.149993896484375 151.118743896484375 146.9499969482421875 143.15625 139.631256103515625 134.899993896484375 130.6125030517578125 129.84375 130.7312469482421875 125.46250152587890625 123.03125 116.36875152587890625 113.90000152587890625 112.2375030517578125 108.3937530517578125 106.21875 106.1687469482421875 105.13124847412109375 105.5625 107.30625152587890625 108.1437530517578125 109.69374847412109375 113.06874847412109375 114.0124969482421875
157.743743896484375 156.381256103515625 160.15625 165.212493896484375 171.8874969482421875 175.75 173.34375 174.524993896484375 176.21875 175.1125030517578125 170.7624969482421875 169.1999969482421875 164.96875 159.5187530517578125 156.306243896484375 154.3562469482421875 149.993743896484375 147.368743896484375 145.75 145.5625 143.118743896484375 138.787506103515625 135.037506103515625 132.65625 127.76250457763671875 122.4875030517578125 123.7624969482421875 123.1374969482421875 118.4875030517578125 114.6999969482421875 111.1062469482421875 107.84999847412109375 106.25624847412109375 105.08750152587890625 102.875 102.28125 99.83750152587890625 102.05625152587890625 102.75624847412109375 103.63124847412109375 107.59999847412109375 109.61875152587890625 112.4250030517578125
148.34375 150.1374969482421875 155.318756103515625 162.2062530517578125 168.725006103515625 170.9875030517578125 170.100006103515625 169.6750030517578125 168.5437469482421875 166.100006103515625 163.6999969482421875 161.5625 156.5812530517578125 149.2687530517578125 145.568756103515625 142.9250030517578125 139.84375 136.7375030517578125 134.493743896484375 131.8312530517578125 130.5812530517578125 128.662506103515625 125.28125 123.90000152587890625 118.15000152587890625 114.6062469482421875 116.8937530517578125 114.86875152587890625 110.80625152587890625 108.2687530517578125 103.6687469482421875 100.78125 99.7062530517578125 99.5437469482421875 96.77500152587890625 94.34999847412109375 93.9875030517578125 96.1125030517578125 96.8125 99.72499847412109375 105.38124847412109375 108.6750030517578125 113.41249847412109375
139.774993896484375 140.2937469482421875 147.6374969482421875 155.475006103515625 160.3249969482421875 161.4875030517578125 161.5687408447265625 161.162506103515625 162.1875 159.274993896484375 154.375 150.03125 145.649993896484375 138.631256103515625 134.90625 131.7624969482421875 129.46875 126.59375 124.0437469482421875 124.24375152587890625 121.84375 118.2937469482421875 114.6437530517578125 113.6875 109.41249847412109375 106.03749847412109375 107.5500030517578125 103.84999847412109375 101.16249847412109375 99.40625 96.0437469482421875 92.4499969482421875 90.11875152587890625 88.75 87.18125152587890625 86.96250152587890625 89.2624969482421875 90.56874847412109375 90.90000152587890625 95.90000152587890625 100.8625030517578125 107.11875152587890625 112.18125152587890625
144.7062530517578125 141.725006103515625 140.212493896484375 144.8312530517578125 151.8937530517578125 152.0812530517578125 150.7624969482421875 153.181243896484375 155.6687469482421875 152.537506103515625 145.774993896484375 140.193756103515625 135.318756103515625 129.65625 125.3937530517578125 122.75624847412109375 119.4499969482421875 115.5 112.6062469482421875 113.0500030517578125 113.0812530517578125 108.06874847412109375 105.15625 105.75624847412109375 100.7624969482421875 97.09999847412109375 96.3625030517578125 96.16249847412109375 93.9562530517578125 90.3000030517578125 89.2375030517578125 85.375 84.18125152587890625 83.53125 82.2687530517578125 81.34999847412109375 82.40000152587890625 84.26874542236328125 85.30625152587890625 89.2937469482421875 97.21875 103.69374847412109375 111.71250152587890625
146.256256103515625 143.5437469482421875 140.03125 135.556243896484375 141.1125030517578125 147.024993896484375 146.9812469482421875 146.4375 148.90625 145.568756103515625 136.71875 131.2312469482421875 127.5124969482421875 122.7062530517578125 118.22499847412109375 115.6437530517578125 111.125 105.8562469482421875 103.84999847412109375 103.59375 103.6062469482421875 101.1687469482421875 99.0124969482421875 95.94374847412109375 93.4499969482421875 90.8625030517578125 90.125 89.1374969482421875 87.86875152587890625 83.75624847412109375 82.5124969482421875 80.875 78.71250152587890625 78.53749847412109375 76.46250152587890625 77.56874847412109375 77.8625030517578125 78.2937469482421875 81 86.8000030517578125 92.65625 100.2687530517578125 108.6750030517578125
148.7062530517578125 147.818756103515625 144.5124969482421875 140.631256103515625 140.4562530517578125 139.5187530517578125 138.212493896484375 136.881256103515625 132.600006103515625 129.9375 124.9375 121.5625 120.0625 116.09999847412109375 112.91249847412109375 109.875 105.15625 100.19374847412109375 96.41249847412109375 96.3249969482421875 95.53125 94.2624969482421875 92.52500152587890625 90.41249847412109375 87.65625 85.7937469482421875 84.68125152587890625 82.96250152587890625 80 78.46875 76.5124969482421875 74.24375152587890625 73.8000030517578125 73.5749969482421875 72.4250030517578125 72.81874847412109375 72.5812530517578125 73.59999847412109375 77.3000030517578125 83.2937469482421875 88.9562530517578125 96.3249969482421875 105.78125
151.931243896484375 149.7687530517578125 148.9375 146.5124969482421875 147.0124969482421875 145.03125 136.100006103515625 123.2062530517578125 114.9375 112.91249847412109375 114.11875152587890625 112.7937469482421875 111.59375 109.125 106.8562469482421875 103.5749969482421875 99.80625152587890625 94.69374847412109375 90.16249847412109375 88.5500030517578125 88.9562530517578125 88.28749847412109375 85.91249847412109375 83.6437530517578125 82.55625152587890625 79.80625152587890625 78.05625152587890625 76.7687530517578125 74.69374847412109375 71.66875457763671875 71.34999847412109375 69.25624847412109375 68.05625152587890625 68.5812530517578125 66.68125152587890625 66.8625030517578125 66.9812469482421875 67.65000152587890625 70.5187530517578125 75.1875 81.38124847412109375 89.1125030517578125 97.88124847412109375
155.0500030517578125 153.337493896484375 153.2687530517578125 149.4187469482421875 148.0500030517578125 143.4499969482421875 135.7375030517578125 124.72499847412109375 111.41249847412109375 104.15000152587890625 104.3937530517578125 104.24375152587890625 106.49375152587890625 104.625 101.8874969482421875 98.31874847412109375 95.9499969482421875 91.7375030517578125 89.34999847412109375 85.53749847412109375 84.6687469482421875 84.41249847412109375 81.6999969482421875 81.74375152587890625 79.8312530517578125 75.9375 72.69374847412109375 72.43125152587890625 70.7062530517578125 68.11875152587890625 67.9250030517578125 64.90000152587890625 62.86875152587890625 61.450000762939453125 60.612499237060546875 62.106250762939453125 63.012500762939453125 64.04999542236328125 66.09375 70.06874847412109375 74.88124847412109375 80.05625152587890625 86.125
156.71875 155.4499969482421875 153.962493896484375 151.7937469482421875 149.9375 144.7062530517578125 139.412506103515625 128.21875 116.31874847412109375 110.49375152587890625 106.52500152587890625 102.59999847412109375 103.84999847412109375 102.68125152587890625 98.18125152587890625 94.69374847412109375 90.8937530517578125 88.72499847412109375 86.46250152587890625 84.03749847412109375 82.83750152587890625 80.65625 77.59375 77.3562469482421875 74.96875 71.18125152587890625 68.4187469482421875 67.38124847412109375 64.9250030517578125 62.606250762939453125 61.02500152587890625 59 58.78749847412109375 58.575000762939453125 58.55625152587890625 59.606250762939453125 59.793750762939453125 60.22499847412109375 62.81874847412109375 66.09999847412109375 69.4812469482421875 72.3312530517578125 75.72499847412109375
161 159.3874969482421875 155.681243896484375 152.5124969482421875 151.462493896484375 148.712493896484375 142.8874969482421875 129.9875030517578125 119.4562530517578125 112.0124969482421875 108.6687469482421875 104.75 102.5 99.77500152587890625 93.71250152587890625 88.81874847412109375 85.40625 84.4187469482421875 82.50624847412109375 81.49375152587890625 82.5625 80.08750152587890625 76.25624847412109375 73.2687530517578125 72.47499847412109375 69.0749969482421875 66.5625 64.2062530517578125 60.33750152587890625 57.46875 56.981250762939453125 55.612499237060546875 56.53749847412109375 56.75624847412109375 55.893749237060546875 56.1875 56.174999237060546875 57.043750762939453125 58.706249237060546875 60.6875 62.59999847412109375 64.5812530517578125 67.6374969482421875
162.1125030517578125 160.84375 156.975006103515625 154.75 153.975006103515625 151.3312530517578125 146.6750030517578125 135.5124969482421875 124.1875 115.8000030517578125 110.94374847412109375 106.19374847412109375 101.13750457763671875 95.6999969482421875 92.6125030517578125 87.61875152587890625 83.44374847412109375 81.125 80.31874847412109375 80.72499847412109375 81.8125 79.375 75.78749847412109375 73.25624847412109375 70.4875030517578125 63.875 61.21250152587890625 59.6875 56.700000762939453125 54.71250152587890625 53.674999237060546875 53.71875 53.418750762939453125 53.49375152587890625 53.74375152587890625 54.875 55.06874847412109375 55.081249237060546875 54.74375152587890625 54.549999237060546875 55.78125 57.262500762939453125 58.762500762939453125
161.5437469482421875 158.287506103515625 155.3125 151.46875 151.7375030517578125 148.225006103515625 141.0500030517578125 132.912506103515625 122.68125152587890625 115.69374847412109375 110.9250030517578125 106.27500152587890625 99.53125 91.5625 86.5124969482421875 82.9875030517578125 78.59999847412109375 77.78125 76.84375 75.9499969482421875 77.38124847412109375 75.40625 72.1374969482421875 67.7937469482421875 61.8125 56.549999237060546875 56.168750762939453125 55.4375 54.78125 53.40625 52.03749847412109375 51.4375 52.18125152587890625 50.893749237060546875 51.58750152587890625 53.84999847412109375 56.3125 55.94374847412109375 55.899997711181640625 53.05625152587890625 49.887500762939453125 52.049999237060546875 52.34999847412109375
159.399993896484375 154.225006103515625 150.1750030517578125 148.2375030517578125 146.6374969482421875 141.899993896484375 135.524993896484375 129.850006103515625 120.49375152587890625 114.13124847412109375 108.2624969482421875 101.5124969482421875 95.4250030517578125 87.9562530517578125 79.2624969482421875 77.05625152587890625 73.9562530517578125 72.90000152587890625 69.96250152587890625 68.5187530517578125 69.71875 67.81874847412109375 64.84375 61.8125 57.52500152587890625 53.90000152587890625 53.59375 53.40000152587890625 52.97499847412109375 52.46875 52.049999237060546875 50.543750762939453125 50.862499237060546875 50.268749237060546875 52.09999847412109375 55.97499847412109375 58.96250152587890625 61.456249237060546875 61.987499237060546875 57.44374847412109375 48.75 46.375 48.68125152587890625
155.056243896484375 151.4812469482421875 146.15625 142.2937469482421875 140.931243896484375 136.2375030517578125 130.1750030517578125 123.6062469482421875 115.22499847412109375 109.55625152587890625 102.43125152587890625 97 91.00624847412109375 83.00624847412109375 74.53749847412109375 70.0625 67.4375 65.44374847412109375 63.568752288818359375 62.831249237060546875 63.75624847412109375 62.450000762939453125 60.34999847412109375 59.4375 57.52500152587890625 55.612499237060546875 54.674999237060546875 53.80625152587890625 52.66249847412109375 51.96875 50.893749237060546875 50.325000762939453125 50.81874847412109375 51.450000762939453125 52.53749847412109375 56.987499237060546875 62.237499237060546875 69.7312469482421875 72.27500152587890625 66.00624847412109375 60.387500762939453125 57.28749847412109375 59.05625152587890625
148.40625 145.681243896484375 141.693756103515625 137.8312530517578125 134.868743896484375 131.587493896484375 126.2375030517578125 118.09999847412109375 110.90625 104.96875 98.46250152587890625 91.88124847412109375 85.16249847412109375 77.9375 70.5187530517578125 63.293750762939453125 60.59375 59.125 57.487499237060546875 57.34375 57.96250152587890625 57.762500762939453125 57.71250152587890625 59.02500152587890625 58.75624847412109375 57.16249847412109375 56.25624847412109375 54.418750762939453125 52.78125 52.43125152587890625 52.21250152587890625 51.549999237060546875 51.22499847412109375 51.893749237060546875 53.9375 62.41249847412109375 69.84999847412109375 77.63124847412109375 82.2687530517578125 80.74375152587890625 77.7624969482421875 72.875 68.4875030517578125
144.9375 142.399993896484375 137.524993896484375 134.131256103515625 129.412506103515625 126.88124847412109375 122.8937530517578125 116.3874969482421875 107.8312530517578125 102.3562469482421875 96.21875 88.28749847412109375 81.4562530517578125 74.30625152587890625 67.0124969482421875 60.143749237060546875 53.793750762939453125 51.83750152587890625 51.887500762939453125 52.50624847412109375 52.15000152587890625 53.27500152587890625 55.106250762939453125 59.331249237060546875 61.075000762939453125 59.200000762939453125 56.625 54.77500152587890625 52.3125 51.5 52.41249847412109375 53.74375152587890625 54.893749237060546875 56.40000152587890625 64.6687469482421875 73.36875152587890625 81.3625030517578125 92.31874847412109375 100.3249969482421875 95.19374847412109375 89.00624847412109375 80.3125 72.16249847412109375
138.087493896484375 136.96875 133.368743896484375 130.9499969482421875 126.71250152587890625 124.4562530517578125 118.5812530517578125 112.9499969482421875 105.3874969482421875 99.2624969482421875 93.34375 86.2312469482421875 77.7624969482421875 70.0187530517578125 63.200000762939453125 56.46875 50.331249237060546875 45.52500152587890625 46.825000762939453125 46.487499237060546875 47.424999237060546875 49.13124847412109375 52.50624847412109375 57.24375152587890625 60.97499847412109375 60.387500762939453125 58.84375 56.4375 53.018749237060546875 51.28125 49.59999847412109375 50.03749847412109375 58.15625 67.0625 73.7937469482421875 84.40625 94.88124847412109375 103.44374847412109375 106.5500030517578125 103.00624847412109375 91.7624969482421875 83.5500030517578125 75.7312469482421875
131.2624969482421875 130.7062530517578125 128.506256103515625 126.8625030517578125 124.66249847412109375 121.25624847412109375 116.625 110.71250152587890625 105.8000030517578125 100.53125 93.86875152587890625 83.7062530517578125 75.59375 68.2624969482421875 60.18125152587890625 54.49375152587890625 48.28749847412109375 42.75624847412109375 41.24375152587890625 41.893749237060546875 45.450000762939453125 51.924999237060546875 48.200000762939453125 53.65625 57.887500762939453125 60.856250762939453125 60.75 57.731250762939453125 55.625 51.43125152587890625 48.956249237060546875 52.44374847412109375 62.36875152587890625 70.46875 78.9875030517578125 89.625 96.5124969482421875 100.21875 103.3937530517578125 98.84999847412109375 91.9562530517578125 84.40000152587890625 77.15625
125.4812469482421875 124.9812469482421875 122.8125 121.5625 118.8874969482421875 116.31874847412109375 112.50624847412109375 108.0187530517578125 105.46250152587890625 101.0187530517578125 95.63124847412109375 88.2624969482421875 78.06874847412109375 68.25624847412109375 60.549999237060546875 53.06874847412109375 44.69374847412109375 41.84375 40.987499237060546875 42.387500762939453125 41.981250762939453125 43.49375152587890625 48.268749237060546875 52.99375152587890625 56.287502288818359375 57.487499237060546875 58.50624847412109375 57.799999237060546875 55.30625152587890625 50.731250762939453125 49.80625152587890625 57.6875 64.625 73.125 82.6875 89.83750152587890625 95.34999847412109375 100.2687530517578125 100.71875 97.25 89.7687530517578125 83.0437469482421875 77.99375152587890625
