data/historical-monthly-weather-data/wc2.1_cruts4.09_10m_prec_1989-07.asc
ncols        45
nrows        45
xllcorner    -63.500000000000
yllcorner    -7.500000000000
cellsize     0.166666666667
NODATA_value -9999
[rows 19 to 37 of 45, columns 0 to 42 of 45]
115.90000152587890625 119.94374847412109375 123.0749969482421875 126.33750152587890625 128.6750030517578125 134.5 133.6125030517578125 135.3562469482421875 136.0437469482421875 132.600006103515625 130.3312530517578125 132.8249969482421875 131.381256103515625 129.587493896484375 123.50624847412109375 115.4812469482421875 111.41249847412109375 122.7687530517578125 118.06874847412109375 117.22499847412109375 112.8000030517578125 122.40000152587890625 137.625 146.350006103515625 148.5500030517578125 142.5500030517578125 139.9499969482421875 143.375 141.274993896484375 138.125 143.84375 159.399993896484375 166.8562469482421875 174.068756103515625 183.725006103515625 196.5124969482421875 203.3874969482421875 205.40625 203.162506103515625 192.056243896484375 172.8312530517578125 156.03125 148.7937469482421875
102.68125152587890625 112.65000152587890625 120.78125 121.9812469482421875 122.5187530517578125 128.087493896484375 129.53125 131.9375 131.4812469482421875 129.78125 126.2375030517578125 128.274993896484375 128.4562530517578125 125.3000030517578125 119.7312469482421875 114.21875 112.1374969482421875 114.5812530517578125 119.59375 115.0124969482421875 122.8312530517578125 131.975006103515625 143.243743896484375 153.7687530517578125 155.475006103515625 147.618743896484375 136.8000030517578125 138.4875030517578125 141.75 142.0625 150.506256103515625 159.649993896484375 160.149993896484375 168.375 178.03125 187.3937530517578125 194.193756103515625 192.225006103515625 185.475006103515625 174.524993896484375 161.8937530517578125 152.5187530517578125 142.912506103515625
97.4375 100.8125 110.30625152587890625 115.8249969482421875 119.4499969482421875 120.19374847412109375 122.51250457763671875 125.0187530517578125 126.2312469482421875 125.1062469482421875 124.2687530517578125 122.24375152587890625 120.7062530517578125 123.0749969482421875 122.81874847412109375 117.7687530517578125 119.40000152587890625 119.53749847412109375 122.1999969482421875 122.93125152587890625 124.03125 132.1125030517578125 143.037506103515625 145.8874969482421875 143.875 139.631256103515625 141.6999969482421875 137.75 145.25 150.774993896484375 152.493743896484375 154.024993896484375 155.5187530517578125 160.368743896484375 164.712493896484375 175.1875 180.962493896484375 180.100006103515625 174.5500030517578125 166.1999969482421875 156.2624969482421875 149.068756103515625 141.774993896484375
92.16249847412109375 99.94374847412109375 107.21250152587890625 111.4499969482421875 114.4499969482421875 116.90000152587890625 113.4375 115.7624969482421875 118.8625030517578125 123.2312469482421875 124.24375152587890625 122.27500152587890625 123.5500030517578125 123.71250152587890625 126.09375 126.19374847412109375 122.90625 120.52500152587890625 121.4375 125.30625152587890625 133.3499908447265625 136.4812469482421875 141.78125 143.5749969482421875 146.3625030517578125 140.256256103515625 136.6437530517578125 138.912506103515625 140.9499969482421875 142.3937530517578125 143.5500030517578125 146.6750030517578125 146.837493896484375 147.337493896484375 153.34375 157.1125030517578125 164.6062469482421875 162.568756103515625 162.125 158.46875 151.3937530517578125 142.3874969482421875 136.6125030517578125
84.16249847412109375 94.0500030517578125 103.94374847412109375 107.5812530517578125 110.47499847412109375 110.61875152587890625 113.2375030517578125 113.44374847412109375 113.1999969482421875 113.56874847412109375 116.03749847412109375 122.03749847412109375 123.3625030517578125 125.56874847412109375 124.6999969482421875 124.9250030517578125 121.21250152587890625 123.5749969482421875 124.06874847412109375 130.5187530517578125 133.693756103515625 141.2624969482421875 145.4250030517578125 151.131256103515625 151.743743896484375 144.024993896484375 142.943756103515625 136.4562530517578125 134.962493896484375 134.6999969482421875 135.53125 136.5 133.96875 132.0812530517578125 140.6437530517578125 140.9875030517578125 149.1750030517578125 152.8937530517578125 152.7312469482421875 148.8625030517578125 144.25 136.625 132.0124969482421875
79.02500152587890625 89.5124969482421875 100.6125030517578125 105.59999847412109375 109.24375152587890625 107.7687530517578125 109.3000030517578125 109.83750152587890625 109.8562469482421875 112.83750152587890625 115.50624847412109375 114.91249847412109375 120.7937469482421875 122.0625 120.84375 118.6999969482421875 118.6875 122.80625152587890625 126.22499847412109375 130.84375 136.7624969482421875 142.412506103515625 152.8625030517578125 154.2375030517578125 149.662506103515625 149.4562530517578125 139.662506103515625 132.587493896484375 127.5500030517578125 126.27500152587890625 121.0124969482421875 117.8874969482421875 119.83750152587890625 119.78749847412109375 122.52500152587890625 127.53125 136.4499969482421875 139.131256103515625 141.1687469482421875 140.087493896484375 134.6999969482421875 130.4375 126.96875
78.34999847412109375 88.3125 94.4187469482421875 100.8312530517578125 104.28125 104.1687469482421875 105.1437530517578125 105.3125 104.38124847412109375 103.2375030517578125 110.7312469482421875 112.72499847412109375 112.78749847412109375 115.03749847412109375 115.8125 115.94374847412109375 115.49375152587890625 119.86875152587890625 125.06874847412109375 128.75 138.53125 145.65625 155.375 156.743743896484375 150.75 144.943756103515625 137.399993896484375 127.4562530517578125 118.6875 113.0124969482421875 107.27500152587890625 102.2375030517578125 101.9187469482421875 104.3874969482421875 110.75624847412109375 116.5625 124.15625 129.9499969482421875 131.649993896484375 131.125 130.2874908447265625 123.81874847412109375 119.3625030517578125
73.0187530517578125 78.9250030517578125 86.6374969482421875 93.125 96.31874847412109375 97.8562469482421875 99.9375 99.875 97.50624847412109375 102.22499847412109375 107.6374969482421875 109.52500152587890625 110.2937469482421875 109.75624847412109375 109.71250152587890625 112.84375 113.0749969482421875 115.2687530517578125 121.4375 127.3312530517578125 133.100006103515625 140.993743896484375 152.287506103515625 157.0500030517578125 147.75 136.6999969482421875 128.243743896484375 119.8312530517578125 111.59999847412109375 101.6999969482421875 97.03125 88.77500152587890625 87.875 95.3874969482421875 100.2937469482421875 107.97499847412109375 111.875 117.53749847412109375 120.68125152587890625 122.34999847412109375 124.28125 119.9812469482421875 114.3125
68 70.40625 76.99375152587890625 84.42499542236328125 87.90000152587890625 90.44374847412109375 92.88124847412109375 93.2937469482421875 94.24375152587890625 97.77500152587890625 101.3562469482421875 101.75 103.0187530517578125 103.49375152587890625 103.2062530517578125 104.9562530517578125 106.75 110.3312530517578125 113.0625 120.03749847412109375 129.3249969482421875 135.375 140.274993896484375 143.8937530517578125 139.0500030517578125 129.5625 120.78125 112.31874847412109375 104.05625152587890625 96.9187469482421875 90.2062530517578125 84.58750152587890625 84.08750152587890625 86.83750152587890625 92.27500152587890625 98.65625 102.1374969482421875 107.94374847412109375 112.11875152587890625 116.81874847412109375 118.5437469482421875 118.59375 110.7624969482421875
62.549999237060546875 64.40625 70.93125152587890625 74.21250152587890625 78.8249969482421875 80.4250030517578125 82.60625457763671875 85.72499847412109375 87.15625 91.61249542236328125 94.4875030517578125 95.0625 96.7312469482421875 98.5749969482421875 98.9250030517578125 100.1875 103.30625152587890625 103.8625030517578125 108.0437469482421875 114.3625030517578125 121.15000152587890625 126.6125030517578125 132.4499969482421875 132.318756103515625 128.40625 121.1374969482421875 112.83750152587890625 104.7375030517578125 99.61875152587890625 92.88124847412109375 85.3625030517578125 80.4187469482421875 79.40000152587890625 80.90000152587890625 85.40000152587890625 90.83750152587890625 94.5187530517578125 99.6374969482421875 103.36875152587890625 105.19374847412109375 109.7937469482421875 107.0812530517578125 103.0812530517578125
57.78125 60.65625 65.1062469482421875 67.875 70.0749969482421875 72.6125030517578125 74.26250457763671875 78.84999847412109375 82.09375 84.8937530517578125 87.94374847412109375 90.72499847412109375 92.3625030517578125 92.65000152587890625 93.28749847412109375 94.5437469482421875 95.53125 98.2687530517578125 100.53125 104.66249847412109375 111.72499847412109375 116.09375 121.29999542236328125 118.58750152587890625 115.8000030517578125 110.72499847412109375 102.77500152587890625 96.21875 91.6999969482421875 85.58750152587890625 80.09999847412109375 75.3000030517578125 74.18125152587890625 75.83750152587890625 78.5437469482421875 82.21875 88.0812530517578125 90.78749847412109375 91.5124969482421875 93.80625152587890625 98.72499847412109375 97.81874847412109375 94.6374969482421875
54.512500762939453125 56.325000762939453125 57.487499237060546875 61.5 64.3562469482421875 67.40000152587890625 69.125 72.0749969482421875 75.49375152587890625 78.9187469482421875 82.7062530517578125 84.59375 88.50624847412109375 87.11875152587890625 86.8249969482421875 88.58750152587890625 91.7375030517578125 91.16249847412109375 91.1687469482421875 96.97499847412109375 103.65625 107.4812469482421875 110.44374847412109375 106.0437469482421875 102.15000152587890625 101.03749847412109375 94.2624969482421875 86.8625030517578125 81.0500030517578125 77.66249847412109375 73.7937469482421875 71.13124847412109375 70.8125 72.53125 74.3312530517578125 75.86249542236328125 79.3937530517578125 83.73125457763671875 82.5187530517578125 81.4375 84.3625030517578125 86.46875 84.625
51.59999847412109375 50.625 51.27500152587890625 53.41249847412109375 56.700000762939453125 60.30625152587890625 63.612499237060546875 66.05625152587890625 70.03125 72.3625030517578125 76.4562530517578125 80.2687530517578125 82.1374969482421875 84.2624969482421875 84.3937530517578125 85.08750152587890625 86.1999969482421875 85.5500030517578125 84.47499847412109375 89.79999542236328125 93.3312530517578125 97.21250152587890625 98.5124969482421875 94.4562530517578125 92.91249847412109375 89.55625152587890625 84.15625 79.42499542236328125 72.7375030517578125 70.5 69.0500030517578125 66.96250152587890625 66.25624847412109375 67.69374847412109375 69.90000152587890625 70.2375030517578125 73.4562530517578125 73.03749847412109375 72.3562469482421875 73.69374847412109375 75.8125 75.7937469482421875 74.3000030517578125
49.956249237060546875 48.362499237060546875 47.706249237060546875 48.71875 51.16249847412109375 53.987499237060546875 57.268749237060546875 59.96250152587890625 62.012500762939453125 66.59375 71.91249847412109375 73.8000030517578125 76.7312469482421875 80.3312530517578125 81.03749847412109375 79.7937469482421875 78.63124847412109375 80.7375030517578125 81.4562530517578125 85.06874847412109375 86.81874847412109375 87.65625 86.97499847412109375 84.63124847412109375 83.93125152587890625 80.2937469482421875 76.74375152587890625 71.1999969482421875 67.06874847412109375 64.4812469482421875 63.200000762939453125 61.4375 60.106250762939453125 61.543750762939453125 64.46250152587890625 66.24375152587890625 65.81874847412109375 65.33750152587890625 65.24375152587890625 68.16249847412109375 69.8937530517578125 70.42499542236328125 67.11875152587890625
48.512500762939453125 46.90000152587890625 46.56874847412109375 46.893749237060546875 47.418750762939453125 48.137500762939453125 50.40000152587890625 51.50624847412109375 55.56874847412109375 58.625 63.71250152587890625 67.83750152587890625 72.03749847412109375 74.3874969482421875 74.94374847412109375 73.1687469482421875 73.09375 74.34999847412109375 75.05625152587890625 77.3625030517578125 79.5 78.1062469482421875 78.83750152587890625 77.03749847412109375 74.1437530517578125 70.6437530517578125 67.50624847412109375 64.2624969482421875 60.59999847412109375 59.11875152587890625 58.231250762939453125 56.56874847412109375 55.43125152587890625 57.31874847412109375 59.44374847412109375 59.918750762939453125 58.4375 58.5625 60.299999237060546875 61.893749237060546875 63.94374847412109375 65.3312530517578125 65.09999847412109375
47.512500762939453125 44.612499237060546875 44.950000762939453125 44.424999237060546875 44.81874847412109375 45.05625152587890625 45.456249237060546875 46.03125 47.72499847412109375 50.80625152587890625 56.18125152587890625 62.08750152587890625 68.8125 72.43125152587890625 70.8125 69.13124847412109375 68.24375152587890625 68.53749847412109375 70.1687469482421875 70.65625 71.93125152587890625 72.4812469482421875 71.6875 69.47499847412109375 66.46875 62.83750152587890625 60.21875 57.450000762939453125 54.28125 50.918750762939453125 50.706249237060546875 51.456249237060546875 51.49375152587890625 52.6875 53.15625 53.44374847412109375 53.393749237060546875 54.706249237060546875 55.331249237060546875 55.706249237060546875 56.731250762939453125 56.893749237060546875 59.362499237060546875
45.91249847412109375 44.09375 44.700000762939453125 43.206249237060546875 43.03749847412109375 42.49375152587890625 42.53749847412109375 42.44374847412109375 43.30625152587890625 44.875 49.25 55.8125 63.887500762939453125 65.75624847412109375 65.84999847412109375 64.61875152587890625 64.05625152587890625 63.5 63.31874847412109375 63.918750762939453125 62.168750762939453125 63.97499847412109375 62.41249847412109375 59.90000152587890625 56.36875152587890625 55.25 53.13124847412109375 50.862499237060546875 48.112499237060546875 45.793750762939453125 45.700000762939453125 47.018749237060546875 46.91249847412109375 48.174999237060546875 48.84375 48.268749237060546875 48.918750762939453125 49.59375 51.362499237060546875 51.875 51.424999237060546875 52.21250152587890625 52.03125
43.77500152587890625 43.18125152587890625 43.21250152587890625 41.49375152587890625 41.112499237060546875 41.043750762939453125 40.53749847412109375 39.81874847412109375 39.46875 38.90000152587890625 43.0625 50.043750762939453125 56.34999847412109375 58.58750152587890625 59.768749237060546875 59.362499237060546875 58.40000152587890625 57.05625152587890625 56.450000762939453125 56.93125152587890625 54.90625 54.24375152587890625 53.24375152587890625 51.96250152587890625 48.9375 47.450000762939453125 45.9375 43.78749847412109375 41.78749847412109375 41.387500762939453125 41.262500762939453125 41.63124847412109375 41.53749847412109375 42.75624847412109375 43.481250762939453125 42.6875 43.11875152587890625 45.424999237060546875 47.543750762939453125 47.325000762939453125 46.40000152587890625 47.02500152587890625 46.700000762939453125
40.875 41.206249237060546875 40.21250152587890625 39.99375152587890625 39.59375 39.112499237060546875 38.49375152587890625 37.450000762939453125 36.9375 35.4375 41.581249237060546875 47.44374847412109375 50.94374847412109375 53.21250152587890625 54.74375152587890625 54.581249237060546875 52.1875 52.362499237060546875 50.825000762939453125 50.612499237060546875 49.40625 47.987499237060546875 45.9375 44.924999237060546875 43.168750762939453125 41.612499237060546875 39.99375152587890625 38.36875152587890625 36.875 36.30625152587890625 34.99375152587890625 36.081249237060546875 36.206249237060546875 37.612499237060546875 37.43125152587890625 36.56874847412109375 38.71250152587890625 40.456249237060546875 42.25 42.543750762939453125 42.049999237060546875 43.72499847412109375 43.19374847412109375
