data/historical-monthly-weather-data/wc2.1_cruts4.09_10m_prec_2023-08.asc
ncols        45
nrows        45
xllcorner    -63.500000000000
yllcorner    -7.500000000000
cellsize     0.166666666667
NODATA_value -9999
[rows 19 to 37 of 45, columns 0 to 42 of 45]
86.8625030517578125 89.86875152587890625 86.4499969482421875 82.78125 77.91249847412109375 71.65625 64.47499847412109375 57.293750762939453125 52.55625152587890625 47.19374847412109375 41.78125 36.93125152587890625 31.331249237060546875 26.318750381469726562 23.137500762939453125 20.193750381469726562 16.975000381469726562 16.174999237060546875 16.15625 17.106250762939453125 17.637500762939453125 19.137500762939453125 22.34375 26.381250381469726562 30.149999618530273438 33.05625152587890625 36.237499237060546875 38.299999237060546875 38.88124847412109375 37.34375 38.21875 45.793750762939453125 51.71250152587890625 58.793750762939453125 66.34375 69.34375 70.44374847412109375 70.96250152587890625 68.63124847412109375 63.875 57.02500152587890625 51.856250762939453125 47.99375152587890625
80.86875152587890625 85.77500152587890625 84.25 80.91249847412109375 75.3625030517578125 69.4250030517578125 63.418750762939453125 57.1875 52.799999237060546875 47.5625 42.58750152587890625 38.31874847412109375 32.58750152587890625 27.356250762939453125 23.631250381469726562 20.581249237060546875 17.75 16.262500762939453125 16.631250381469726562 17.168750762939453125 18.837499618530273438 21.03125 23.793750762939453125 28.212499618530273438 33.125 35.8125 37.362499237060546875 39.25 40.84999847412109375 42.59375 45.47499847412109375 50.987499237060546875 54.668750762939453125 59.16249847412109375 65.84999847412109375 68.44374847412109375 70.81874847412109375 71.36875152587890625 68.27500152587890625 64.11875152587890625 57.84375 53.325000762939453125 49.65625
77.7687530517578125 81.33750152587890625 80.6062469482421875 78.6687469482421875 74.55625152587890625 68.42499542236328125 63.4375 56.97499847412109375 53.137500762939453125 47.987499237060546875 43.97499847412109375 40.981250762939453125 37.19374847412109375 31.84375 27.412500381469726562 23.100000381469726562 20.637500762939453125 19.193750381469726562 19 19.418750762939453125 20.03125 21.868749618530273438 24.75 29.087499618530273438 33.34999847412109375 36.84999847412109375 41.393749237060546875 43.1875 45.5625 47.362499237060546875 49.950000762939453125 53.456249237060546875 56.25624847412109375 60.02500152587890625 63.056247711181640625 65.74375152587890625 69.4812469482421875 71.69374847412109375 69.40625 64.875 58.99375152587890625 54.28749847412109375 49.75
74.96875 80.9250030517578125 81.11875152587890625 78.2937469482421875 74.81874847412109375 69.11875152587890625 62.63124847412109375 56.28749847412109375 53.375 50.143749237060546875 47.34999847412109375 45.3125 42.762500762939453125 37.450000762939453125 31.768749237060546875 26.793750762939453125 23.193750381469726562 21.625 21.112499237060546875 21.024999618530273438 21.799999237060546875 23.618749618530273438 26.15625 29.200000762939453125 34.25 39.08750152587890625 43.643749237060546875 47.02500152587890625 48.831249237060546875 49.63124847412109375 51.78749847412109375 55.3125 57.325000762939453125 58.799999237060546875 60.13124847412109375 60.15000152587890625 64.03749847412109375 69.6750030517578125 69.4812469482421875 64.7375030517578125 59.81874847412109375 54.55625152587890625 50.043750762939453125
74.58750152587890625 81.6687469482421875 82.71250152587890625 78.2937469482421875 74.1125030517578125 69.14374542236328125 64.1374969482421875 59.15000152587890625 54.625 52.21875 49.956249237060546875 49.80625152587890625 48.03749847412109375 42.012500762939453125 35.96875 30.662500381469726562 26.78125 24.731250762939453125 23.674999237060546875 23.475000381469726562 24.25 25.806249618530273438 27.631250381469726562 31.381250381469726562 35.84999847412109375 39.956249237060546875 45.44374847412109375 47.831249237060546875 50.331249237060546875 52.081249237060546875 54.59999847412109375 57.387500762939453125 58.84375 58.356250762939453125 58.5 57.456249237060546875 60.549999237060546875 66.3874969482421875 67.2624969482421875 63.424999237060546875 58.83750152587890625 54.268749237060546875 49.731250762939453125
75.79375457763671875 82.66249847412109375 83.2624969482421875 80.625 76.86875152587890625 71.46250152587890625 65.90000152587890625 61.25624847412109375 57.72499847412109375 55.25624847412109375 52.30625152587890625 51.00624847412109375 48.924999237060546875 43.77500152587890625 38.450000762939453125 33.74375152587890625 29.912500381469726562 27.568750381469726562 26.206251144409179688 25.743749618530273438 26.518749237060546875 27.668750762939453125 29.381250381469726562 33.03125 36.80625152587890625 41.55625152587890625 45.44374847412109375 48.237499237060546875 50.94374847412109375 53.375 55.674999237060546875 58.043750762939453125 59.09375 59.424999237060546875 58.93125152587890625 57.831249237060546875 60.393749237060546875 62.83750152587890625 63.34375 61.268749237060546875 57.5625 53.91249847412109375 49.94374847412109375
78.9562530517578125 85.5 83.70624542236328125 82.1875 77.46875 72.41249847412109375 67.28749847412109375 63.5625 59.143749237060546875 55.75624847412109375 52.981250762939453125 51.168750762939453125 48.65625 43.71875 39.74375152587890625 35.38124847412109375 31.993749618530273438 29.924999237060546875 28.143749237060546875 27.774999618530273438 28.631250381469726562 29.475000381469726562 31.28125 34.268749237060546875 37.77500152587890625 41.9375 45.93125152587890625 48.831249237060546875 51.943752288818359375 54.84999847412109375 56.987499237060546875 59.34999847412109375 59.456249237060546875 59.25 58.543750762939453125 58.88124847412109375 60.25 60.762500762939453125 61.299999237060546875 58.88124847412109375 56.21250152587890625 52.99375152587890625 49.956249237060546875
82.03749847412109375 86.28749847412109375 85.25 82.8562469482421875 78.78749847412109375 73.9875030517578125 70.08750152587890625 65.44374847412109375 60.43125152587890625 57.875 55.231250762939453125 51.862499237060546875 48.700000762939453125 44.43125152587890625 41.16249847412109375 37.30625152587890625 34.31874847412109375 32.16249847412109375 30.762500762939453125 29.731250762939453125 30 31.075000762939453125 32.393749237060546875 35.80625152587890625 39.137500762939453125 42.09375 46.481250762939453125 49.625 52.375 54.63124847412109375 57.40000152587890625 58.924999237060546875 59.543750762939453125 59.4375 58.356250762939453125 58.83750152587890625 58.887500762939453125 59.518749237060546875 58.831249237060546875 56.668750762939453125 54.331249237060546875 51.8125 50.36875152587890625
86.52500152587890625 86.65625 85.71250152587890625 83.5812530517578125 80.52500152587890625 75.1875 71.3000030517578125 67.18125152587890625 62.96875 59.737499237060546875 55.74375152587890625 52.06874847412109375 48.77500152587890625 45.3125 41.875 38.72499847412109375 36.299999237060546875 34.28749847412109375 32.90625 31.681249618530273438 31.956249237060546875 32.075000762939453125 33.80625152587890625 36.9375 39.83750152587890625 42.18125152587890625 46.41249847412109375 50.00624847412109375 53.08750152587890625 55.36875152587890625 57.19374847412109375 58.34999847412109375 58.893749237060546875 58.24375152587890625 58.512500762939453125 58.200000762939453125 57.61875152587890625 57.86875152587890625 57.65000152587890625 56.325000762939453125 54.02500152587890625 52.4375 51.137500762939453125
88.09999847412109375 89.3312530517578125 86.8562469482421875 84.65000152587890625 80.15000152587890625 75.49375152587890625 71.03749847412109375 66.49375152587890625 64.08750152587890625 60.100002288818359375 56.168750762939453125 52.30625152587890625 48.887500762939453125 45.81874847412109375 42.93125152587890625 40.106250762939453125 38.200000762939453125 36.512500762939453125 35.049999237060546875 33.96875 33.94374847412109375 33.956249237060546875 35.18125152587890625 37.65000152587890625 40.59999847412109375 42.518749237060546875 46.700000762939453125 50.03749847412109375 52.856250762939453125 54.875 56.28749847412109375 57.706249237060546875 57.262500762939453125 56.299999237060546875 56.762500762939453125 57.768749237060546875 57.96875 58.331249237060546875 58.18125152587890625 56.356250762939453125 53.27500152587890625 52.09375 51.700000762939453125
88.3562469482421875 89.58750152587890625 87.0124969482421875 83.16249847412109375 79.84375 75.81874847412109375 71.21875 68.0625 64.72499847412109375 60.518749237060546875 57.143749237060546875 53.83750152587890625 50.40000152587890625 47.15000152587890625 44.549999237060546875 41.97499847412109375 39.731250762939453125 38.84999847412109375 38.200000762939453125 36.375 36.02500152587890625 36.424999237060546875 37.46250152587890625 39.456249237060546875 41.625 44.18125152587890625 47.112499237060546875 50.03749847412109375 51.625 53.08750152587890625 54.59375 56.16249847412109375 55.77500152587890625 55.46250152587890625 56.043750762939453125 56.5 58.606250762939453125 59.768749237060546875 59.118747711181640625 58.93125152587890625 57.418750762939453125 55.625 53.387500762939453125
88.0437469482421875 87.8000030517578125 84.1062469482421875 82.0625 81.36875152587890625 76.8625030517578125 72.75 68.49375152587890625 64.71875 60.799999237060546875 57.15625 55.137500762939453125 52.731250762939453125 49.5 46.125 43.643749237060546875 42.231250762939453125 41.46250152587890625 41.09375 39.674999237060546875 38.924999237060546875 38.081249237060546875 38.63124847412109375 40.36875152587890625 42.137500762939453125 44.700000762939453125 46.65000152587890625 49.518749237060546875 51.46875 52.81874847412109375 54.268749237060546875 55.043750762939453125 54.362499237060546875 54.38124847412109375 55.956249237060546875 56.46250152587890625 58.543750762939453125 60.18125152587890625 61.28125 62.631252288818359375 61.362499237060546875 57.393749237060546875 54.13124847412109375
86.5812530517578125 86.0812530517578125 82.7312469482421875 80.8874969482421875 81.02500152587890625 76.91249847412109375 72.6374969482421875 67.83750152587890625 64.5625 61.24375152587890625 57.88124847412109375 55.625 52.78125 50.362499237060546875 47.72499847412109375 46.487499237060546875 44.65625 43.612499237060546875 42.63124847412109375 41.606250762939453125 40.950000762939453125 40.862499237060546875 40.393749237060546875 40.93125152587890625 42.65625 44.674999237060546875 46.46875 49.09375 50.5625 51.31874847412109375 52.887500762939453125 53.168750762939453125 52.84999847412109375 53.46875 53.575000762939453125 54.137500762939453125 56.41249847412109375 58.72499847412109375 60.53125 62.19374847412109375 61.206249237060546875 57.24375152587890625 54.9375
80.4375 79.46875 77.5625 76.9875030517578125 76.08750152587890625 72.84375 70.63750457763671875 67.68125152587890625 64.0749969482421875 61.549999237060546875 59.80625152587890625 56.6875 53.78749847412109375 52.1875 49.78749847412109375 48.75624847412109375 47.05625152587890625 46.325000762939453125 45.15000152587890625 43.981250762939453125 43.174999237060546875 42.625 42.21250152587890625 43.47499847412109375 44.78749847412109375 45.65000152587890625 47.206249237060546875 48.018749237060546875 49.5 49.78125 51.049999237060546875 51.02500152587890625 50.71250152587890625 50.81874847412109375 51.075000762939453125 51.575000762939453125 53.549999237060546875 55.262500762939453125 56.893749237060546875 58.418750762939453125 57.40000152587890625 54.90625 52.8125
73.90000152587890625 74.1687469482421875 72.84999847412109375 73.53125 70.83124542236328125 69.625 69.27500152587890625 67.56874847412109375 64.11875152587890625 61.174999237060546875 58.987499237060546875 57.03749847412109375 55.356250762939453125 52.19374847412109375 50.93125152587890625 49.387500762939453125 48.59375 47.44374847412109375 46.09999847412109375 45.393749237060546875 44.83750152587890625 44.299999237060546875 44.11875152587890625 44.581249237060546875 45.90000152587890625 46.768749237060546875 47.6875 47.78125 49.36875152587890625 49.69374847412109375 50.09375 49.56874847412109375 48.393749237060546875 47.71875 48.22499847412109375 48.668750762939453125 50.231250762939453125 51.31874847412109375 52.78125 53.27500152587890625 53.793750762939453125 52.43125152587890625 50.481250762939453125
68.46875 68.47499847412109375 68.2062530517578125 67.7375030517578125 66.99375152587890625 66.7687530517578125 66.96875 66.4375 62.33750152587890625 60.30625152587890625 58.325000762939453125 57.481250762939453125 55.28125 53.668750762939453125 52.40000152587890625 51.4375 50.52500152587890625 49.18125152587890625 47.799999237060546875 47.08750152587890625 46.6875 45.862499237060546875 45.106250762939453125 45.737499237060546875 46.38124847412109375 47.30625152587890625 47.731250762939453125 47.65000152587890625 48.99375152587890625 49.206249237060546875 48.33750152587890625 47.043750762939453125 45.88124847412109375 44.737499237060546875 44.700000762939453125 44.950000762939453125 45.40625 46.875 48.356250762939453125 48.856250762939453125 48.74375152587890625 47.862499237060546875 47.03125
62.90000152587890625 63.27500152587890625 62.668750762939453125 62.162502288818359375 62.02500152587890625 61.293750762939453125 61.19374847412109375 60.30625152587890625 58.049999237060546875 57.34999847412109375 57.53749847412109375 56.75624847412109375 56.34999847412109375 55.293750762939453125 54.43125152587890625 54.012500762939453125 52.543750762939453125 51.84999847412109375 49.84375 48.88124847412109375 48.71250152587890625 48.84999847412109375 47.78125 48.168750762939453125 48.012500762939453125 47.97499847412109375 47.71875 48.549999237060546875 48.418750762939453125 47.637500762939453125 46.46250152587890625 45.049999237060546875 42.47499847412109375 41.700000762939453125 40.918750762939453125 40.15625 41.174999237060546875 42.28749847412109375 42.81874847412109375 43.875 43.93125152587890625 44.1875 42.825000762939453125
55.94374847412109375 56.331249237060546875 55.893749237060546875 56.106250762939453125 56.30625152587890625 56.24375152587890625 56.375 56.450000762939453125 54.72499847412109375 53.950000762939453125 56.918750762939453125 58.86875152587890625 59.350002288818359375 58.22499847412109375 57.84375 56.31874847412109375 54.78125 53.58750152587890625 52.11875152587890625 50.55625152587890625 50.424999237060546875 50.63124847412109375 49.856250762939453125 50.16249847412109375 50.049999237060546875 48.84375 48.66249847412109375 48.674999237060546875 47.137500762939453125 46.075000762939453125 44.981250762939453125 42.88124847412109375 40.543750762939453125 38.674999237060546875 37.55625152587890625 36.956249237060546875 37.549999237060546875 38.637500762939453125 38.875 39.743747711181640625 39.612499237060546875 40.018749237060546875 38.99375152587890625
50.375 51.06874847412109375 50.4375 51.5 52.18125152587890625 52.08750152587890625 52.36875152587890625 52.512500762939453125 52.793750762939453125 52.762500762939453125 59.6875 62.61875152587890625 61.668750762939453125 61.75624847412109375 61.606250762939453125 59.643749237060546875 57.1875 55.18125152587890625 54.65625 52.981250762939453125 52.66249847412109375 52.112499237060546875 51.46875 51.52500152587890625 51.25624847412109375 50.49375152587890625 50.012500762939453125 49.59375 48.19374847412109375 46.24375152587890625 43.9375 42.28749847412109375 40.081249237060546875 36.75624847412109375 34.77500152587890625 33.6875 34.84375 35.950000762939453125 36.424999237060546875 37.168750762939453125 35.731250762939453125 35.40000152587890625 34.96875
