data/historical-monthly-weather-data/wc2.1_cruts4.09_10m_prec_2001-07.asc
ncols        51
nrows        45
xllcorner    -63.500000000000
yllcorner    -7.500000000000
cellsize     0.166666666667
NODATA_value -9999
[rows 0 to 18 of 45, columns 0 to 42 of 51]
252.125 243.381256103515625 234.212493896484375 229.75 222.149993896484375 215.6999969482421875 209.287506103515625 201.28125 198.7375030517578125 198.0187530517578125 194.03125 191.5812530517578125 188.475006103515625 188.5 191.0124969482421875 191.7312469482421875 192.15625 188.649993896484375 186.6875 187.0749969482421875 186.8249969482421875 181.53125 177.6999969482421875 174.975006103515625 174.3937530517578125 170.899993896484375 171.287506103515625 172.2624969482421875 170.7937469482421875 170.431243896484375 162.8312530517578125 159.443756103515625 160.681243896484375 158.600006103515625 156.2687530517578125 152.8249969482421875 146.6312408447265625 148.243743896484375 143.412506103515625 139.8312530517578125 141.431243896484375 143.975006103515625 142.056243896484375
243.431243896484375 235.0500030517578125 227.056243896484375 224.225006103515625 219.9187469482421875 214.287506103515625 207.743743896484375 201.5500030517578125 199.037506103515625 195.8874969482421875 191.3562469482421875 187.3562469482421875 183.8874969482421875 181.806243896484375 181.087493896484375 181.037506103515625 180.149993896484375 178.5749969482421875 178.912506103515625 179.337493896484375 174.3125 172.5749969482421875 170.399993896484375 171.024993896484375 166.1437530517578125 163.6125030517578125 164.337493896484375 165.631256103515625 162.65625 158.337493896484375 154.1687469482421875 154.712493896484375 154.4812469482421875 155.225006103515625 153.5500030517578125 147.9250030517578125 142.3187408447265625 141.6875 136.6750030517578125 134.993743896484375 138.0437469482421875 137.9250030517578125 137.256256103515625
223.162506103515625 221.475006103515625 219.568756103515625 215.5625 210.243743896484375 203.7375030517578125 199.162506103515625 197.0749969482421875 195.4875030517578125 192.024993896484375 187.193756103515625 181.2687530517578125 178.9562530517578125 173.243743896484375 170.912506103515625 169.149993896484375 168.21875 165.837493896484375 164.2312469482421875 165.068756103515625 160.368743896484375 159.2624969482421875 158.375 158.0437469482421875 155.4250030517578125 151.1437530517578125 156.125 156.556243896484375 154.9875030517578125 152.1062469482421875 148.4187469482421875 143.631256103515625 144.399993896484375 147.537506103515625 141.537506103515625 135.631256103515625 134 135.524993896484375 130.756256103515625 130.2375030517578125 132.806243896484375 133.962493896484375 132.274993896484375
205.618743896484375 201.5749969482421875 204.462493896484375 206.1750030517578125 200.9375 193.506256103515625 188.5437469482421875 189.6374969482421875 191.0500030517578125 188.943756103515625 180.6875 174.274993896484375 170.1125030517578125 167.431243896484375 162.662506103515625 158.2937469482421875 155.0812530517578125 152.618743896484375 152.056243896484375 155.3125 151.787506103515625 146.587493896484375 144.993743896484375 146.28125 145.2375030517578125 142.7937469482421875 144.818756103515625 142.6062469482421875 144.0437469482421875 145.618743896484375 142.5625 137.40625 134.09375 131.868743896484375 127.83750152587890625 129.5187530517578125 130.4875030517578125 127.09999847412109375 125.11875152587890625 124.4875030517578125 129.40625 132.6687469482421875 131.462493896484375
209.9812469482421875 198.225006103515625 187.7062530517578125 190.1750030517578125 192.756256103515625 185.1687469482421875 182.6687469482421875 183.4375 183.7312469482421875 180.443756103515625 176.806243896484375 169.0437469482421875 164.243743896484375 159.881256103515625 154.2312469482421875 149.556243896484375 145.0124969482421875 142.90625 138.881256103515625 139.975006103515625 138.806243896484375 133.9499969482421875 131.3249969482421875 136.193756103515625 134.943756103515625 132.4625091552734375 132.556243896484375 135.3625030517578125 136.1999969482421875 134.100006103515625 132.8937530517578125 130.5124969482421875 129.6687469482421875 126.56874847412109375 122.8000030517578125 120.3937530517578125 121.5124969482421875 121.61875152587890625 119.46250152587890625 121.05625152587890625 125.38124847412109375 125.71250152587890625 127.90625
201.837493896484375 196.7624969482421875 188.9000091552734375 171.618743896484375 177.024993896484375 182.212493896484375 179.1125030517578125 177.1999969482421875 178.962493896484375 174.90625 169.2375030517578125 162.78125 158.4499969482421875 150.3562469482421875 146.8000030517578125 142.0124969482421875 135.274993896484375 130.131256103515625 127.8874969482421875 129.118743896484375 127.58124542236328125 124.78125 124.2062530517578125 124.09999847412109375 125.27500152587890625 124.40000152587890625 124.7375030517578125 126.61875152587890625 126.40000152587890625 124.9562530517578125 124.125 125.28125 123.2312469482421875 123.03749847412109375 118.84375 118.4875030517578125 115.21875 116.0625 118.6687469482421875 123.00624847412109375 122.97499847412109375 125.6437530517578125 126.1687469482421875
196.75 193.131256103515625 186.8625030517578125 178.506256103515625 171.6875 165.28125 167.34375 169.0625 167.3562469482421875 165.34375 161.9562530517578125 153.1062469482421875 150.649993896484375 144.34375 138.1125030517578125 134.368743896484375 129.625 121.3562469482421875 115.2937469482421875 118.15000152587890625 116.58124542236328125 113.99375152587890625 112.5437469482421875 114.84999847412109375 115.53749847412109375 117.03125 120.00624847412109375 118.3000030517578125 116.6062469482421875 118.84999847412109375 117.71250152587890625 115.5 114.24375152587890625 116.46250152587890625 116.6062469482421875 115.1437530517578125 112.2375030517578125 112.0749969482421875 116.375 122.0812530517578125 122.0749969482421875 122.13124847412109375 124.1750030517578125
194.774993896484375 188.6750030517578125 184.7375030517578125 180.2687530517578125 176.462493896484375 175.71875 166.993743896484375 154.1750030517578125 149.5625 148.5500030517578125 146.9187469482421875 143.46875 140.6437530517578125 134.6437530517578125 130.6437530517578125 126.4187469482421875 120.49375152587890625 113.1125030517578125 107.4562530517578125 104.3625030517578125 106.7312469482421875 106.81874847412109375 104.93125152587890625 106.8249969482421875 109.4375 108.06874847412109375 110.40625 108.00624847412109375 109.4375 109 111.65000152587890625 110.27500152587890625 110.68125152587890625 110.66249847412109375 110 107.65000152587890625 106.11875152587890625 106.88124847412109375 108.8874969482421875 111.69374847412109375 113.6125030517578125 115.9375 117.44374847412109375
191.8625030517578125 186.975006103515625 181.8000030517578125 180.3125 178.84375 174.15625 167.462493896484375 159.587493896484375 150.0187530517578125 140.399993896484375 136.1374969482421875 130.837493896484375 132.7312469482421875 127.0812530517578125 122.46875 117.5500030517578125 113.53749847412109375 109.53749847412109375 107.6750030517578125 100.28749847412109375 98.2937469482421875 101.2062530517578125 99.94374847412109375 103.3125 105.13124847412109375 101.50624847412109375 101.1374969482421875 104.2624969482421875 106.375 105.66249847412109375 109.3874969482421875 106.03125 102.49375152587890625 101.1999969482421875 102.08750152587890625 104.81874847412109375 106.41249847412109375 108.69374847412109375 108.8312530517578125 109.09999847412109375 109.88124847412109375 111.00624847412109375 113.13124847412109375
186.25 183.381256103515625 180.681243896484375 179.5437469482421875 178.15625 176.125 169.243743896484375 161.712493896484375 153.993743896484375 147.21875 137.681243896484375 127.14374542236328125 125.9499969482421875 122.00624847412109375 117.4499969482421875 113.31874847412109375 106.9562530517578125 106.1437530517578125 104.9187469482421875 101.0187530517578125 98.41249847412109375 95.3125 92.5124969482421875 95.77500152587890625 96.65625 97.15000152587890625 96.8312530517578125 98.9375 99.5625 100.15625 102.4812469482421875 99.90000152587890625 99.09999847412109375 97.88124847412109375 97.6374969482421875 101.4375 104.40000152587890625 107.3874969482421875 108.18125152587890625 111.3000030517578125 114.09999847412109375 113.25 110.61875152587890625
184.3249969482421875 182.34375 179.0124969482421875 179.256256103515625 177.3937530517578125 175.524993896484375 170.037506103515625 159.1374969482421875 148.53125 142.0187530517578125 136.15625 128.100006103515625 119.0124969482421875 116.40000152587890625 109.47499847412109375 104.5500030517578125 101.3000030517578125 100.72499847412109375 99.6374969482421875 100.3312530517578125 100.77500152587890625 96.4375 89.9250030517578125 85.78125 90.9250030517578125 96.68125152587890625 97.0812530517578125 97.0625 94.2937469482421875 95.1750030517578125 96.47499847412109375 97.28749847412109375 97.7375030517578125 96.08750152587890625 97.53749847412109375 100.1687469482421875 103.4375 103.9812469482421875 109.90000152587890625 111.6750030517578125 111.58750152587890625 109.75 109.8249969482421875
181.4875030517578125 177.881256103515625 175.4375 176.337493896484375 175.8625030517578125 174.2687530517578125 170.462493896484375 160.25 147.5500030517578125 136.78125 129.631256103515625 124.8625030517578125 113.71875 108.36875152587890625 105.8125 99.2624969482421875 96.09999847412109375 95.5812530517578125 95.22499847412109375 97.4875030517578125 101.25624847412109375 98.5 95.0124969482421875 89.11875152587890625 88.63124847412109375 86.90000152587890625 87.97499847412109375 90.38124847412109375 90.125 90.59375 89.7062530517578125 90.7937469482421875 92.7687530517578125 93.6750030517578125 96.7375030517578125 100.91875457763671875 102.7062530517578125 106.6374969482421875 105.97499847412109375 107.83750152587890625 106.94374847412109375 107.46875 102.72499847412109375
173.0812530517578125 172.431243896484375 172.087493896484375 170.6687469482421875 168.5812530517578125 167.556243896484375 162.1999969482421875 151.6062469482421875 140.40625 133.225006103515625 127.4499969482421875 119.81874847412109375 113.43125152587890625 100.8125 95.16249847412109375 93.5749969482421875 90.72499847412109375 91.2312469482421875 91.34999847412109375 91.9375 93.8249969482421875 91.88124847412109375 90.6750030517578125 86.8874969482421875 82.03749847412109375 80.5437469482421875 82.65000152587890625 85.71250152587890625 86.43125152587890625 86.2937469482421875 85.4812469482421875 84.2312469482421875 88.03749847412109375 90.15625 93.07500457763671875 98.0625 103.69374847412109375 110.18125152587890625 114.28125 110.8937530517578125 105.5437469482421875 103.1062469482421875 94.9499969482421875
166.4187469482421875 165.337493896484375 165.34375 163.1999969482421875 160.162506103515625 156.875 151.25 142.662506103515625 136.587493896484375 127.8125 121.61875152587890625 115.03125 106.08750152587890625 96.46250152587890625 85.4812469482421875 85.84999847412109375 82.72499847412109375 84.0625 83.4187469482421875 84.5812530517578125 85.3874969482421875 85.40000152587890625 84.7375030517578125 82.90000152587890625 78.8562469482421875 76.5500030517578125 77.375 78.03125 78.77500152587890625 79.28749847412109375 82.15000152587890625 82.6374969482421875 83.6875 85.9562530517578125 89.53749847412109375 98.00624847412109375 108.00624847412109375 118.46250152587890625 125.03749847412109375 120.46250152587890625 105.0437469482421875 96.03749847412109375 96.09999847412109375
161.3937530517578125 158.1374969482421875 156.34375 155.162506103515625 150.625 146.0812530517578125 144 135.993743896484375 128.774993896484375 120.7937469482421875 114.59999847412109375 107.03749847412109375 100.0625 92.6062469482421875 79.31874847412109375 76.94374847412109375 74.9499969482421875 75.72499847412109375 75.84375 77.5812530517578125 79.8937530517578125 79.78125 79.5124969482421875 80.34375 79.40000152587890625 78.40000152587890625 78.8562469482421875 78.25 79.5625 81.00624847412109375 79.94374847412109375 81.4499969482421875 85.8937530517578125 86.7687530517578125 86.15000152587890625 93.2312469482421875 109 126.21875 134.931243896484375 129.6687469482421875 120.47499847412109375 113.2687530517578125 118.6999969482421875
152.6875 149.8937530517578125 148.7312469482421875 145.649993896484375 142.21875 140.537506103515625 134.1999969482421875 127.28125 121.19374847412109375 115.9187469482421875 108.69374847412109375 101.91249847412109375 95.55625152587890625 88.46250152587890625 77.8125 65.8562469482421875 66.0187530517578125 68.23125457763671875 68.1374969482421875 70.3000030517578125 72.00624847412109375 73.91249847412109375 75.2687530517578125 80.15000152587890625 81.0437469482421875 79.96250152587890625 78.80625152587890625 76.5187530517578125 78.09999847412109375 80.0749969482421875 84.15625 82.3874969482421875 82.27500152587890625 82.05625152587890625 82.7062530517578125 97.96875 112.15625 128.1999969482421875 141.3562469482421875 147.34375 145.381256103515625 137.84375 131.90625
144.4499969482421875 142.0187530517578125 141.5124969482421875 139.9187469482421875 137.53125 132.243743896484375 128.087493896484375 121.8874969482421875 116.3312530517578125 111.30625152587890625 105.0625 97.31874847412109375 89.94374847412109375 84.52500152587890625 79.52500152587890625 70.53125 61.799999237060546875 60.612499237060546875 63.924999237060546875 65.5749969482421875 66.83750152587890625 69.16249847412109375 73.03125 80.0187530517578125 83.9562530517578125 78.03749847412109375 74.00624847412109375 72.4187469482421875 75.71875 80.1374969482421875 84.80625152587890625 88.49375152587890625 87.9812469482421875 88.6437530517578125 99.0124969482421875 109.7687530517578125 127.4875030517578125 150.037506103515625 168.712493896484375 162.8312530517578125 157.212493896484375 145.125 131.5
136.399993896484375 136.0437469482421875 134.1062469482421875 133.837493896484375 131.3125 124.875 119.9562530517578125 115.27500152587890625 110.22499847412109375 102.7687530517578125 97.43125152587890625 92.9250030517578125 86.53125 81.53125 78.5187530517578125 73.4499969482421875 65.7937469482421875 56.8125 61.075000762939453125 62.081249237060546875 63.049999237060546875 64.77500152587890625 70.65000152587890625 76.9250030517578125 80.1437530517578125 74.57500457763671875 70.3249969482421875 70.50624847412109375 74.7375030517578125 77.4812469482421875 78.02500152587890625 80.6125030517578125 95.31874847412109375 103.06874847412109375 106.11875152587890625 122.4812469482421875 144.2312469482421875 160.681243896484375 172.09375 168.65625 153.7062530517578125 141.5187530517578125 128.712493896484375
128.912506103515625 128.5749969482421875 125.5 124.1687469482421875 123.3625030517578125 118.68125152587890625 112.5187530517578125 109.11875152587890625 105.34999847412109375 98.9375 93.7062530517578125 87.36875152587890625 82.63124847412109375 79.5749969482421875 74.33750152587890625 71.68125152587890625 67.1875 60.52500152587890625 56.075000762939453125 55.97499847412109375 59.55625152587890625 65.7937469482421875 60.24375152587890625 67.34375 71.41249847412109375 72.18125152587890625 70.83750152587890625 69.97499847412109375 74.5812530517578125 78.4812469482421875 80.90000152587890625 85.53125 97.1875 102.63124847412109375 109.1750030517578125 123.40000152587890625 136.7312469482421875 148.4625091552734375 158.818756103515625 152.5 144.96875 132.03125 122.9562530517578125
