data/historical-monthly-weather-data/wc2.1_cruts4.09_10m_prec_1992-09.asc
ncols        45
nrows        45
xllcorner    -63.500000000000
yllcorner    -7.500000000000
cellsize     0.166666666667
NODATA_value -9999
[rows 19 to 37 of 45, columns 0 to 43 of 45]
126.28749847412109375 128.462493896484375 129.899993896484375 132.625 135.4375 137.681243896484375 138.225006103515625 137.493743896484375 137.556243896484375 135.181243896484375 131.5124969482421875 125.46875 118.2062530517578125 110.9250030517578125 104.0625 98.84375 92.30625152587890625 90.02500152587890625 86.19374847412109375 85.9250030517578125 82.0812530517578125 79.28125 79.9187469482421875 79.9187469482421875 78.3937530517578125 74.4562530517578125 70.3874969482421875 66.5812530517578125 60.331249237060546875 54.65000152587890625 51.16249847412109375 54.450000762939453125 56 58.387500762939453125 58.424999237060546875 52.787502288818359375 46.78749847412109375 41.66249847412109375 36.799999237060546875 31.262498855590820312 25.462499618530273438 20.931249618530273438 18.793750762939453125 17.600000381469726562
118.1687469482421875 121.3625030517578125 124.09375 127.09999847412109375 129.9187469482421875 131.600006103515625 133.3874969482421875 134.181243896484375 135.5749969482421875 134.96875 131.818756103515625 127.22499847412109375 120.15625 111.65000152587890625 105.59375 98.38124847412109375 92.03749847412109375 87.5812530517578125 86.6374969482421875 83.8125 82.96250152587890625 82.44374847412109375 81.6062469482421875 81.30625152587890625 80.75 77.4875030517578125 72.6875 67.34999847412109375 62.450000762939453125 60.418750762939453125 59.25 61.50624847412109375 63.174999237060546875 66.05625152587890625 68.875 60.237499237060546875 49.65000152587890625 42.168750762939453125 36.200000762939453125 30.862499237060546875 26.118749618530273438 22.53125 20.243749618530273438 18.8125
111.7624969482421875 113.53749847412109375 116.31874847412109375 119.59375 123.71875 127.0625 129.256256103515625 131.975006103515625 134.1374969482421875 134.587493896484375 132.787506103515625 129.3937530517578125 124.68125152587890625 117.5749969482421875 110.7937469482421875 102.40625 95.9812469482421875 91.0500030517578125 89.53125 86.78749847412109375 83.2312469482421875 82.3000030517578125 81.53749847412109375 80.8562469482421875 79.3625030517578125 77.0437469482421875 74.96875 70.3937530517578125 67.5812530517578125 66.5124969482421875 65.6999969482421875 66.40625 66.96875 68.1999969482421875 66.13124847412109375 58.90625 49.24375152587890625 42.03749847412109375 36.05625152587890625 31.318750381469726562 27.350000381469726562 24.5 22.568750381469726562 20.975000381469726562
106.28749847412109375 109.1687469482421875 111.03749847412109375 114.47499847412109375 118.43125152587890625 122.1437530517578125 125.9250030517578125 129.6687469482421875 133.7062530517578125 134.287506103515625 135.337493896484375 133.6062469482421875 131.9812469482421875 126.2312469482421875 116.6999969482421875 107.72499847412109375 99.91249847412109375 95.4375 91.9562530517578125 89.02500152587890625 85.625 84.09375 82.3312530517578125 80.125 79.11875152587890625 76.95624542236328125 74.81874847412109375 73.1374969482421875 70.68125152587890625 69.38124847412109375 69.50624847412109375 70.40000152587890625 69.0500030517578125 67.0500030517578125 62.63124847412109375 54.5625 47.15000152587890625 40.768749237060546875 35.81874847412109375 32.237499237060546875 29.293750762939453125 26.756250381469726562 24.793750762939453125 23.081249237060546875
102.84375 104.28125 106.84999847412109375 109.5812530517578125 112.6374969482421875 117.7375030517578125 122.2062530517578125 125.9875030517578125 130.068756103515625 131.8312530517578125 132.975006103515625 134.65625 136.618743896484375 130.975006103515625 120.4187469482421875 110.9187469482421875 103.4562530517578125 99.00624847412109375 95.6437530517578125 92.02500152587890625 88.5812530517578125 85.8562469482421875 84.47499847412109375 82.24375152587890625 80.2312469482421875 77.09375 74.84999847412109375 73.21875 72.58750152587890625 72.0124969482421875 71.96250152587890625 72.6999969482421875 69.81874847412109375 66.2624969482421875 61.393749237060546875 53.106250762939453125 46.6875 41.606250762939453125 37.21875 34.3125 31.450000762939453125 29.09375 27.393749237060546875 25.762500762939453125
100.83750152587890625 101.3874969482421875 103.03125 105.23125457763671875 111.03125 115.3312530517578125 119.11875152587890625 122.99375152587890625 126.4875030517578125 129.2687530517578125 131.3499908447265625 131.8125 132.1750030517578125 128.6999969482421875 120.9499969482421875 112.56874847412109375 106.1125030517578125 101.3937530517578125 97.8249969482421875 95.02500152587890625 91.8125 88.52500152587890625 87.61875152587890625 85.1999969482421875 81.2687530517578125 78.8937530517578125 76.56874847412109375 75.11249542236328125 74.34999847412109375 74.3312530517578125 74.0500030517578125 74.02500152587890625 71.40625 67.1687469482421875 61.56874847412109375 54.22499847412109375 48.83750152587890625 44 39.71250152587890625 36.55625152587890625 33.63124847412109375 31.725000381469726562 30.1875 29.225000381469726562
101.0124969482421875 102.56874847412109375 102.5625 105.40000152587890625 108.9375 112.6062469482421875 116.59999847412109375 120.03125 123.15000152587890625 126.31874847412109375 127.25624847412109375 127.86875152587890625 127.5124969482421875 124.49375152587890625 119.11875152587890625 112.90625 107.0500030517578125 103.4250030517578125 100.06874847412109375 97.25624847412109375 94.16249847412109375 90.8125 89.99375152587890625 87.5437469482421875 83.71875 80.2062530517578125 78.94374847412109375 78.24375152587890625 76.9187469482421875 76.8937530517578125 76.5625 76.6875 72.5187530517578125 67.8874969482421875 63.075000762939453125 57.55625152587890625 51.825000762939453125 46.96875 43.231250762939453125 39.581249237060546875 36.762500762939453125 34.674999237060546875 33.087497711181640625 32.350002288818359375
103.18125152587890625 103.2937469482421875 103.6437530517578125 105.93125152587890625 108.05625152587890625 111.41249847412109375 114.375 116.7062530517578125 118.4375 121.36875152587890625 123.6062469482421875 124.40625 123.5437469482421875 121.59999847412109375 117.5187530517578125 112.5437469482421875 108.65000152587890625 104.6687469482421875 101.73125457763671875 99.1062469482421875 96.6374969482421875 93.55625152587890625 92.24375152587890625 91.2312469482421875 87.00624847412109375 83.75 82.40000152587890625 80.75 79.4375 79.0812530517578125 78.58750152587890625 77.69374847412109375 74.6875 70.1999969482421875 65.0124969482421875 60.125 55.125 50.112499237060546875 46.30625152587890625 42.75 39.38124847412109375 37.41249847412109375 35.96875 34.518749237060546875
105.3249969482421875 105.21250152587890625 105.71250152587890625 106.1125030517578125 107.9499969482421875 110.0500030517578125 112.52500152587890625 114.4250030517578125 115.4375 118.25 120.03125 120.61875152587890625 120.15625 119.6875 116.0625 112.125 108.61875152587890625 105.38124847412109375 102.77500152587890625 101.19374847412109375 98.7937469482421875 96.4375 95.27500152587890625 93.69374847412109375 90.84375 87.2687530517578125 85.44374847412109375 83.71875 82.2312469482421875 82.125 80.78749847412109375 79.75 77.00624847412109375 72.40000152587890625 67.6750030517578125 62.78125 58.6875 54.21875 50.21250152587890625 46.362499237060546875 42.84999847412109375 40.8125 38.33750152587890625 37.018749237060546875
108.3625030517578125 107.5812530517578125 106.6125030517578125 106.09375 106.7062530517578125 107.81874847412109375 109.40625 111.3312530517578125 112.7624969482421875 114.71875 116.13124847412109375 116.40000152587890625 117.52500152587890625 116.71875 113.75 112.2937469482421875 110.9187469482421875 105.80625152587890625 103.28125 102.1750030517578125 100.7687530517578125 99.44374847412109375 98.8562469482421875 97.4187469482421875 93.66249847412109375 90.80625152587890625 88.8125 87.4499969482421875 86.625 85.0749969482421875 83.0500030517578125 81.5812530517578125 78.24375152587890625 74.32500457763671875 70.80625152587890625 65.91875457763671875 62.424999237060546875 58.56874847412109375 54.75 50.56874847412109375 45.61875152587890625 42.625 40.75 39.63124847412109375
114.5187530517578125 112.69374847412109375 109.28749847412109375 107.1875 106.21875 106.97499847412109375 108.1437530517578125 109.40625 110.4375 111.56874847412109375 112.5500030517578125 113.96875 114.96875 114.8874969482421875 113.8312530517578125 111.81874847412109375 109.70624542236328125 106.71250152587890625 103.61875152587890625 102.4875030517578125 102.2062530517578125 102.25624847412109375 101.3937530517578125 99.3937530517578125 97.1687469482421875 95.375 92.8312530517578125 90.6437530517578125 88.61875152587890625 87.4187469482421875 86.2062530517578125 84.72499847412109375 80.875 76.93125152587890625 73.6750030517578125 69.4562530517578125 66.2312469482421875 63.34999847412109375 58.4375 55.143749237060546875 50.856250762939453125 47.31874847412109375 44.524997711181640625 43.11875152587890625
119.11875152587890625 116.5187530517578125 113.09375 108.6999969482421875 106.8000030517578125 107.24375152587890625 106.88124847412109375 107.2937469482421875 108.40000152587890625 109.61875152587890625 110.2624969482421875 111.46250152587890625 114.5500030517578125 114.4499969482421875 113.1062469482421875 111.31874847412109375 110.73125457763671875 108.21250152587890625 105.27500152587890625 104.97499847412109375 104.96250152587890625 105.9499969482421875 105.9187469482421875 103.55625152587890625 100.94374847412109375 99.3874969482421875 96.60625457763671875 93.9187469482421875 91.6687469482421875 89.0749969482421875 88.4250030517578125 87.19374847412109375 83.16249847412109375 80.40625 77.21250152587890625 72.41249847412109375 69.4499969482421875 67.1875 63.56874847412109375 60.06874847412109375 55.575000762939453125 51.643749237060546875 48.46250152587890625 46.46250152587890625
125.5812530517578125 120.5500030517578125 115.53749847412109375 111 109.02500152587890625 107.6687469482421875 106.80625152587890625 106.5437469482421875 107.6062469482421875 108.16249847412109375 109.0500030517578125 110.1062469482421875 111.30625152587890625 112.99375152587890625 113.3312530517578125 113.84999847412109375 112.76874542236328125 110.81874847412109375 109.43125152587890625 110.09375 110.75 109.95624542236328125 110.33750152587890625 107.40625 106.375 103.03749847412109375 99.44374847412109375 97.5749969482421875 94.99375152587890625 92.43125152587890625 91.3625030517578125 89.0187530517578125 85.53125 82.6125030517578125 79.24375152587890625 74.72499847412109375 71.74375152587890625 68.88124847412109375 65.78125 62.74375152587890625 59.200000762939453125 55.362499237060546875 52.393749237060546875 49.981250762939453125
135.0500030517578125 130.0187530517578125 123.3937530517578125 118.18125152587890625 114.78125 112.1374969482421875 110.15625 107.65625 107.91249847412109375 107.65625 110.86875152587890625 110.53749847412109375 111.8312530517578125 115.21250152587890625 115.8312530517578125 117.4250030517578125 117.52500152587890625 117.5749969482421875 116.65000152587890625 117.25624847412109375 116.75624847412109375 115.65000152587890625 114 111.30625152587890625 109.8125 106.125 102.59375 100.33750152587890625 97.83750152587890625 96.4499969482421875 94.38124847412109375 92.11875152587890625 87.90625 84.7312469482421875 81.72499847412109375 77.2062530517578125 73.55625152587890625 69.65625 67.09375 65.28749847412109375 62.46875 59.293750762939453125 56.84999847412109375 54.375
143.7312469482421875 139.1374969482421875 132.8562469482421875 126.6687469482421875 121.4250030517578125 117.0625 113.6062469482421875 109.74375152587890625 108.59999847412109375 108.99375152587890625 110.11875152587890625 112.41249847412109375 113.5 114.56874847412109375 117.3000030517578125 119.6687469482421875 122.5500030517578125 123.69374847412109375 124.25624847412109375 124.93125152587890625 123.75624847412109375 121.21250152587890625 118.5749969482421875 114.75 111.8249969482421875 108.22499847412109375 104.84999847412109375 102.5812530517578125 99.84375 98.28749847412109375 96.78749847412109375 94.72499847412109375 90.5812530517578125 86.7375030517578125 83.53749847412109375 80.28749847412109375 75.49375152587890625 71.19374847412109375 69.2687530517578125 67.22499847412109375 64.84999847412109375 63.1875 61.668750762939453125 59.61875152587890625
153.4812469482421875 148.6374969482421875 142.09375 136.1062469482421875 130.131256103515625 123.4187469482421875 118.55625152587890625 113.24375152587890625 110.4499969482421875 110.31874847412109375 111.9250030517578125 114.8562469482421875 115.9187469482421875 117.1062469482421875 120.2937469482421875 124.00624847412109375 127.2937469482421875 128.4812469482421875 131.600006103515625 132.1500091552734375 131.0187530517578125 127.49375152587890625 122.55625152587890625 117.69374847412109375 113.0500030517578125 110.41249847412109375 107.6999969482421875 104.75 102.03125 100.0437469482421875 98.4562530517578125 95.875 91.99375152587890625 88.2937469482421875 84.46250152587890625 80.30625152587890625 76.375 73.3937530517578125 71.21875 69.84999847412109375 67 65.2375030517578125 64.8125 62.987499237060546875
164.056243896484375 158.625 152.9499969482421875 147.2062530517578125 141.25 134.693756103515625 127.75624847412109375 122.75 118.61875152587890625 115.81874847412109375 116.0437469482421875 117.9875030517578125 120.21875 121.96250152587890625 124.70000457763671875 128.318756103515625 131.056243896484375 133.65625 137.006256103515625 139.46875 136.1750030517578125 131.6437530517578125 124.9187469482421875 118.8562469482421875 114.55625152587890625 111.3125 108.1687469482421875 105.83750152587890625 103.5500030517578125 101.1374969482421875 99.49375152587890625 97.2312469482421875 92.78125 89.18125152587890625 85.38124847412109375 81.05625152587890625 78.7312469482421875 75.6125030517578125 73.5749969482421875 72.0124969482421875 70.30625152587890625 68.46875 67.24375152587890625 66
174.40625 169.5625 163.71875 157.568756103515625 153.15625 146.350006103515625 139.7375030517578125 133.5749969482421875 128.037506103515625 121.80625152587890625 121.2624969482421875 126.3874969482421875 128.03125 128.59375 130.96875 132.8000030517578125 135.21875 136.6125030517578125 138.875 140.556243896484375 138.40625 131.662506103515625 124.9875030517578125 118.4562530517578125 114.125 111.25624847412109375 107.99375152587890625 105.53749847412109375 103.69374847412109375 101.6999969482421875 99.7062530517578125 97.65625 93.9875030517578125 90.4875030517578125 86.84375 83.5187530517578125 81 78.6875 76.2624969482421875 74.22499847412109375 72.44374847412109375 70.5 69.7937469482421875 69.0749969482421875
183.975006103515625 180.381256103515625 175.09375 168.6374969482421875 164.7624969482421875 158.8249969482421875 152.5812530517578125 146.806243896484375 140.3562469482421875 132.2312469482421875 137.1125030517578125 140.193756103515625 138.5500030517578125 136.600006103515625 137.181243896484375 138.1062469482421875 137.118743896484375 138.0500030517578125 138 137.350006103515625 135.568756103515625 129.412506103515625 123.41249847412109375 117.1125030517578125 112.5500030517578125 109.41249847412109375 107.40625 105.75624847412109375 104.2375030517578125 102.40625 98.90625 96.65000152587890625 93.59999847412109375 91.56874847412109375 88.65000152587890625 84.40000152587890625 82.2062530517578125 80.0812530517578125 79.06874847412109375 77.5187530517578125 74.68125152587890625 74.1125030517578125 72.0749969482421875 70.84999847412109375
