data/historical-monthly-weather-data/wc2.1_cruts4.09_10m_prec_1998-09.asc
ncols        45
nrows        45
xllcorner    -63.500000000000
yllcorner    -7.500000000000
cellsize     0.166666666667
NODATA_value -9999
[rows 0 to 18 of 45, columns 0 to 42 of 45]
104.09375 98.3249969482421875 97.21250152587890625 98.4875030517578125 98.84375 101.30625152587890625 101.5749969482421875 100.7937469482421875 102.53125 104.66249847412109375 108.21875 112.96875 117.77500152587890625 120.9812469482421875 124.34999847412109375 126.71250152587890625 130.024993896484375 129.6437530517578125 130.0500030517578125 129.3000030517578125 128.7624969482421875 126.15000152587890625 124.3937530517578125 121.7624969482421875 118.46875 116.96250152587890625 115.51874542236328125 113.9187469482421875 111.15625 110.8625030517578125 109.86875152587890625 110.1437530517578125 112.38124847412109375 112.75624847412109375 114.03125 115.4875030517578125 118.33750152587890625 120.84375 121.8125 123.00624847412109375 124.4250030517578125 124.8125 123.6999969482421875
100.5437469482421875 93.90000152587890625 93.7375030517578125 95.78749847412109375 98.74375152587890625 99.41249847412109375 99.1437530517578125 100.85625457763671875 103.5124969482421875 106.26874542236328125 110.13124847412109375 114.625 119.27500152587890625 121.9499969482421875 124.9812469482421875 128.28125 130.375 130.818756103515625 131.0437469482421875 130.881256103515625 129.4875030517578125 128.756256103515625 126.8312530517578125 125.0124969482421875 120.97499847412109375 118.93125152587890625 117.9562530517578125 116.5 112.90625 113 113.24375152587890625 115.0437469482421875 116.34999847412109375 118.2937469482421875 119.94374847412109375 121.5 124.3249969482421875 127.3874969482421875 128.2375030517578125 129.46875 131.212493896484375 131.8125 131.8312530517578125
97.4187469482421875 92.5812530517578125 92.8562469482421875 95.4187469482421875 98.16249847412109375 100.84375 101.9812469482421875 103.8312530517578125 107.43125152587890625 110.86875152587890625 114.86875152587890625 118.9499969482421875 123.1687469482421875 125.2687530517578125 127.19374847412109375 130.399993896484375 131.8249969482421875 132.3312530517578125 132.412506103515625 132.524993896484375 131.625 130.6687469482421875 129.8874969482421875 128.431243896484375 124.91249847412109375 122.03749847412109375 122.18125152587890625 119.4562530517578125 115.8249969482421875 115.3937530517578125 114.93125152587890625 116.34999847412109375 119.3249969482421875 121.43125152587890625 123.40625 124.50624847412109375 127.1687469482421875 130.600006103515625 132.131256103515625 134.0625 136.2624969482421875 136.21875 136.9812469482421875
92.53749847412109375 88.90625 92.28125 94.02500152587890625 96.38124847412109375 100.06874847412109375 103.5 108.03125 112.8249969482421875 117.22499847412109375 120.78125 124.30625152587890625 126.3000030517578125 128.7375030517578125 130.1999969482421875 132.3249969482421875 133.9749908447265625 134.375 135.6687469482421875 136.59375 136.024993896484375 133.975006103515625 132.28125 131.056243896484375 127.3125 125.0625 123.6999969482421875 119.1875 116.1374969482421875 116.25 116.59999847412109375 116.75 118.8249969482421875 121.09375 122.71250152587890625 126.5437469482421875 130.4562530517578125 133.7937469482421875 136.21875 137.431243896484375 138.84375 138.774993896484375 139.25
96.8562469482421875 90.6999969482421875 89.1999969482421875 90.72499847412109375 94.86875152587890625 99.99375152587890625 104.5500030517578125 110.46875 117.06874847412109375 122.1437530517578125 125.86875152587890625 127.53125 129.9812469482421875 133.28125 134.493743896484375 135.756256103515625 136.5187530517578125 136.6937408447265625 137.725006103515625 137.837493896484375 138.9187469482421875 135.5500030517578125 134.75 133.46875 129.943756103515625 127.46250152587890625 123.5625 119.96250152587890625 116.44374847412109375 115.50624847412109375 116.0500030517578125 115.3312530517578125 116.8312530517578125 119.8937530517578125 122.9250030517578125 125.97499847412109375 129.8562469482421875 134.5625 137.6750030517578125 139.381256103515625 140.681243896484375 140.0500030517578125 139.5437469482421875
99.7687530517578125 93.09999847412109375 89.97499847412109375 86.9562530517578125 91.25624847412109375 100.05625152587890625 106.68125152587890625 112.4499969482421875 119.1125030517578125 125.59375 129.09375 130.4812469482421875 133.006256103515625 136.46875 137.037506103515625 138.96875 139.806243896484375 139.649993896484375 140.649993896484375 141.75 140.787506103515625 138.3625030517578125 136.78125 133.9250030517578125 131.318756103515625 127.90625 123.43125152587890625 120.05625152587890625 115.88124847412109375 114.09999847412109375 113.9187469482421875 115.75 116.83750152587890625 118.84375 120.7312469482421875 124.7687530517578125 128.3000030517578125 133.712493896484375 137.625 138.993743896484375 136.3874969482421875 135.712493896484375 135.3312530517578125
104.0500030517578125 97.5437469482421875 94.0437469482421875 90.84375 91.96250152587890625 97.8937530517578125 105.9375 113.47499847412109375 119.2687530517578125 124.40000152587890625 129.412506103515625 132.1374969482421875 135.493743896484375 138.53125 139.837493896484375 141.818756103515625 143.243743896484375 144.6999969482421875 145.2687530517578125 145.25 143.1687469482421875 140.625 137.1374969482421875 133.743743896484375 131.53125 128.5812530517578125 124.05625152587890625 120.15000152587890625 114.9499969482421875 112.3562469482421875 112.11875152587890625 112.28749847412109375 113.78749847412109375 116.125 118.1437530517578125 120.25 123.59375 130.0187530517578125 136.1062469482421875 134.4499969482421875 130.975006103515625 128.8937530517578125 128.5749969482421875
108.7312469482421875 101.99375152587890625 98.5 97.125 98.15000152587890625 104.68125152587890625 109.88124847412109375 112.6687469482421875 115.8562469482421875 121.66249847412109375 128.8937530517578125 133.0124969482421875 137.0749969482421875 140.087493896484375 142.8874969482421875 143.6999969482421875 145.3625030517578125 148.131256103515625 149.53125 147.274993896484375 145.5500030517578125 142.1875 138.4250030517578125 133.8937530517578125 130.8312530517578125 127.6750030517578125 122.33750152587890625 117.2624969482421875 112.8937530517578125 110.09375 109.375 108.90625 109.8249969482421875 112.25624847412109375 112.7375030517578125 113.90000152587890625 116.21250152587890625 120.31874847412109375 122.8125 121.8874969482421875 118.65000152587890625 116.5749969482421875 116.55625152587890625
113.4875030517578125 107.46875 105.09375 103.8562469482421875 104.72499847412109375 110.05625152587890625 115.0500030517578125 117.75 118.875 121.15625 127.9875030517578125 132.287506103515625 137.9187469482421875 140.6750030517578125 143.399993896484375 144.787506103515625 146.524993896484375 149.3562469482421875 151.931243896484375 149.556243896484375 145.8874969482421875 143.34375 137.3937530517578125 134.3562469482421875 129.8062591552734375 125.1875 119.81874847412109375 115.58750152587890625 112.2062530517578125 108.78749847412109375 108.3125 104.9562530517578125 103.2937469482421875 102.5 102.53125 104.50624847412109375 106.46875 108.03125 107.96250152587890625 106.5749969482421875 103.65625 101.4562530517578125 101.4187469482421875
116.97499847412109375 111.75 110.11875152587890625 109.3562469482421875 111.0812530517578125 116.38124847412109375 121.06874847412109375 123.125 125.0187530517578125 127.8937530517578125 132.037506103515625 134.287506103515625 138.493743896484375 142.243743896484375 143.6374969482421875 145.9437408447265625 146.493743896484375 149.0500030517578125 151.537506103515625 151.59375 148.2062530517578125 143.28125 136.5625 132.0625 126.0187530517578125 121.3562469482421875 116.58750152587890625 112.5187530517578125 109.2687530517578125 106.7062530517578125 103.4187469482421875 99.1437530517578125 96.34999847412109375 95.43125152587890625 94.65000152587890625 95.0437469482421875 96.125 96.25 94.21875 92.1875 89.3312530517578125 87.78125 85.1125030517578125
122.1437530517578125 117.16249847412109375 115.9812469482421875 115.40625 116.90625 123.09999847412109375 127.81874847412109375 128.0250091552734375 129.006256103515625 131.90625 136.087493896484375 138.787506103515625 140.381256103515625 142.056243896484375 142.6312408447265625 143.943756103515625 143.850006103515625 146.3937530517578125 148.9875030517578125 150.7375030517578125 150.4375 145.65625 137.875 127.18125152587890625 122.44374847412109375 121.0124969482421875 116.55625152587890625 110.88124847412109375 105.93125152587890625 102.4875030517578125 98.91249847412109375 94.15625 90.84375 88.40000152587890625 86.66249847412109375 85.7937469482421875 85.4875030517578125 84.4562530517578125 82.86875152587890625 79.46875 75.53749847412109375 73.34999847412109375 72.33750152587890625
125.5749969482421875 120.93125152587890625 120.05625152587890625 120.6125030517578125 122.15625 127.77500152587890625 133.0500030517578125 133.287506103515625 132.8937530517578125 134.1687469482421875 137.8312530517578125 140.618743896484375 139.6125030517578125 139.006256103515625 141.0187530517578125 141.350006103515625 141.693756103515625 142.7062530517578125 145.3562469482421875 149.8125 152.274993896484375 147.881256103515625 139.1374969482421875 126.69374847412109375 120.05625152587890625 116.41249847412109375 111.15625 105.77500152587890625 100.0500030517578125 96.34999847412109375 92.1062469482421875 87.28125 83.71875 81.66249847412109375 80.5500030517578125 79.1062469482421875 77.7687530517578125 76.2624969482421875 72.40000152587890625 67.72499847412109375 63.36875152587890625 60.6875 59.637500762939453125
128.0749969482421875 123.6687469482421875 122.6687469482421875 122.3937530517578125 123.2937469482421875 128.0812530517578125 131.75 132.3562469482421875 133.5812530517578125 135.28125 137.4375 139.8874969482421875 139.4187469482421875 135.21875 134.9812469482421875 136.506256103515625 136.8000030517578125 138.4250030517578125 141.412506103515625 145.4250030517578125 149.28125 147.056243896484375 138.806243896484375 127.19374847412109375 116.46875 111.09999847412109375 106.80625152587890625 101.94374847412109375 96.63124847412109375 91.71875 85.90000152587890625 80.5 77.22499847412109375 74.06874847412109375 72.4250030517578125 71.74375152587890625 71.8874969482421875 71.03125 67.97499847412109375 60.918750762939453125 54.268749237060546875 52.450000762939453125 50.543750762939453125
129.4187469482421875 124.91249847412109375 123.1062469482421875 122.4812469482421875 123.34375 126.21250152587890625 128.6999969482421875 130.5625 131.9375 134.1999969482421875 135.0124969482421875 134.53125 133.818756103515625 130.6125030517578125 127.65000152587890625 129.662506103515625 130.2937469482421875 131.40625 133.193756103515625 137.03125 140.53125 138.7687530517578125 134.0500030517578125 126.72499847412109375 117.5749969482421875 110.3125 104.4875030517578125 98.40625 92.02500152587890625 86.70000457763671875 81.875 75.61875152587890625 71.34375 67.8625030517578125 66.2312469482421875 67.0625 68.81874847412109375 70.55625152587890625 68.46875 62.575000762939453125 51.71875 45.706249237060546875 43.887500762939453125
128.943756103515625 123.77500152587890625 121.6999969482421875 121.0437469482421875 121.7624969482421875 122.4375 125.47499847412109375 126.81874847412109375 127.96875 130.7375030517578125 130.381256103515625 129.131256103515625 127.28125 124.15000152587890625 120 119.65000152587890625 120.93125152587890625 123.0749969482421875 123.99375152587890625 127.52500152587890625 131.524993896484375 132.6062469482421875 131.25 127.28125 122.3000030517578125 115.6125030517578125 107.56874847412109375 98.4499969482421875 90.125 84.3312530517578125 76.91249847412109375 70.4562530517578125 66.83750152587890625 63.03125 59.80625152587890625 62.325000762939453125 68.1125030517578125 74.84375 76.33750152587890625 69.75624847412109375 60.31874847412109375 52.612499237060546875 48.875
126.9875030517578125 121.55625152587890625 120.08750152587890625 119.13124847412109375 118.4875030517578125 120.25 122.1374969482421875 123.0437469482421875 124.7624969482421875 127.2687530517578125 126.5 123.8874969482421875 121.0500030517578125 118.0187530517578125 114.1374969482421875 110.6374969482421875 111.38124847412109375 114.66249847412109375 115.8249969482421875 119.56874847412109375 123.1125030517578125 127.30625152587890625 130.625 130.443756103515625 127.1374969482421875 119.49375152587890625 109.19374847412109375 99.5625 90.90000152587890625 83.27500152587890625 77.0187530517578125 69.1750030517578125 63.975002288818359375 60.606250762939453125 56.34999847412109375 61.581249237060546875 70.96250152587890625 78.68125152587890625 83.8312530517578125 79.9187469482421875 73.03749847412109375 62.71250152587890625 53.924999237060546875
123.24375152587890625 118.56874847412109375 117.75624847412109375 117.0812530517578125 116.18125152587890625 118.0187530517578125 119.59999847412109375 120.9250030517578125 122.3000030517578125 123.50624847412109375 123.28749847412109375 120.08750152587890625 115.7375030517578125 111.91249847412109375 109.875 107.21875 103.77500152587890625 105.83750152587890625 108.8937530517578125 112.09999847412109375 115.6374969482421875 121.31874847412109375 128.806243896484375 133.0749969482421875 132.0812530517578125 121.9375 110.6999969482421875 100.6374969482421875 91.8625030517578125 84.4875030517578125 79.1687469482421875 73.9812469482421875 67.72499847412109375 63.174999237060546875 63.65000152587890625 67.56874847412109375 75.0749969482421875 87.90000152587890625 99.0124969482421875 90.1750030517578125 78.1062469482421875 66.34375 55.206249237060546875
119.21250152587890625 115.03749847412109375 113.5500030517578125 113.11875152587890625 113.4499969482421875 115.53749847412109375 116.7687530517578125 117.6374969482421875 119.53125 119.90625 119.3125 116.06874847412109375 111.5812530517578125 107.65625 105.3625030517578125 103.47499847412109375 100.59375 97.71250152587890625 102.03125 104.43125152587890625 108.88124847412109375 113.77500152587890625 122.0124969482421875 128.256256103515625 129.412506103515625 120.8937530517578125 111.4250030517578125 101.65625 92.05625152587890625 83.41249847412109375 77.1750030517578125 72.00624847412109375 73.30625152587890625 74.7687530517578125 72.34375 71.38124847412109375 80.6999969482421875 91.56874847412109375 95.74375152587890625 89.28749847412109375 75.1687469482421875 63.90000152587890625 54.50624847412109375
114.84999847412109375 110.3874969482421875 108.9875030517578125 109.3874969482421875 109.72499847412109375 112.16249847412109375 113.6374969482421875 115.77500152587890625 117.1750030517578125 117.4875030517578125 116.5437469482421875 112.61875152587890625 107.69374847412109375 103.9250030517578125 100.9375 100.1062469482421875 98.40000152587890625 94.71250152587890625 94.90000152587890625 97.09999847412109375 103.4875030517578125 114.15625 113.3625030517578125 118.5625 121.74375152587890625 120.11875152587890625 113.05625152587890625 103.03749847412109375 95.55625152587890625 85.625 77.6687469482421875 77.63124847412109375 84.9187469482421875 86.59375 85.63124847412109375 84.5625 86.7687530517578125 88.9812469482421875 88.02500152587890625 80.7312469482421875 69.55625152587890625 60.46875 53.325000762939453125
