data/historical-monthly-weather-data/wc2.1_cruts4.09_10m_prec_2024-01.asc
ncols        45
nrows        45
xllcorner    -63.500000000000
yllcorner    -7.500000000000
cellsize     0.166666666667
NODATA_value -9999
[rows 0 to 19 of 45, columns 0 to 44 of 45]
140.1687469482421875 138.78125 132.306243896484375 127.5 121.5500030517578125 117.90625 112.80625152587890625 106.15625 100.41249847412109375 96.22499847412109375 93.13124847412109375 90.81874847412109375 87.8937530517578125 82.9499969482421875 79.63124847412109375 77.50624847412109375 75.68125152587890625 73.5749969482421875 74.92499542236328125 76.44374847412109375 79.65000152587890625 83.96250152587890625 88.5812530517578125 93.7375030517578125 100.34999847412109375 106.7624969482421875 114.49375152587890625 123.6062469482421875 133.475006103515625 140.881256103515625 148.65625 156.6125030517578125 162.6437530517578125 170.181243896484375 176.1437530517578125 179.9375 180.8312530517578125 180.3812408447265625 179.2687530517578125 177.4375 174.8562469482421875 172.4250030517578125 169.068756103515625 166.1750030517578125 164.6374969482421875
148.2624969482421875 146.618743896484375 142.125 137.8000030517578125 134.162506103515625 131.712493896484375 127.5 123.375 119.40625 115.6374969482421875 111.375 107.33750152587890625 102.7687530517578125 98.43125152587890625 93.99375152587890625 90.09999847412109375 86.625 84.9499969482421875 85.47499847412109375 87.33750152587890625 91.06874847412109375 95.2312469482421875 100.08750152587890625 106.0500030517578125 111.6687469482421875 117.58750152587890625 125.5124969482421875 134.068756103515625 142.6875 150.100006103515625 156.7375030517578125 163.100006103515625 168.818756103515625 177.1999969482421875 182.568756103515625 183.587493896484375 185.6687469482421875 184.5500030517578125 181.7687530517578125 178.7062530517578125 175.774993896484375 172.4499969482421875 167.4375 163.625 161.03125
154.0625 153.21875 149.5187530517578125 146.375 143.993743896484375 141.78125 138.8874969482421875 136.225006103515625 132.6062469482421875 128.5437469482421875 123.4375 117.84999847412109375 112.34375 106.3874969482421875 101.02500152587890625 95.66249847412109375 91.5749969482421875 89.88124847412109375 89.80625152587890625 92.1750030517578125 96.46250152587890625 101.6374969482421875 106.6374969482421875 111.96875 117.30625152587890625 122.8312530517578125 130.756256103515625 139.125 146.6125030517578125 152.993743896484375 160.475006103515625 167.5124969482421875 174.8000030517578125 180.431243896484375 187.4875030517578125 188.3874969482421875 189.618743896484375 189.5749969482421875 186.84375 183.243743896484375 180.881256103515625 176.7062530517578125 171.756256103515625 167.1687469482421875 162.8937530517578125
158.0500030517578125 158.1062469482421875 157.4250030517578125 155.53125 155.125 150.662506103515625 148.962493896484375 148.100006103515625 145.743743896484375 142.1875 135.162506103515625 127.4562530517578125 120.09999847412109375 112.875 106.8874969482421875 100.7937469482421875 95.41249847412109375 92.6062469482421875 92.8874969482421875 96.4499969482421875 102.21250152587890625 107.69374847412109375 111.4499969482421875 117 122.4250030517578125 127.86249542236328125 135.8562469482421875 142.6125030517578125 149.6999969482421875 156.3937530517578125 163.5 171.8562469482421875 178.837493896484375 185.0625 190.8562469482421875 193.34375 193.6062469482421875 193.931243896484375 192.125 189.9250030517578125 186.2624969482421875 182.5812530517578125 177.3937530517578125 171.6062469482421875 166.806243896484375
167.2687530517578125 165.625 164 164.006256103515625 164.1437530517578125 161.09375 158.2687530517578125 158.21875 157.71875 154.96875 145.8125 136.34375 128.25 120.4812469482421875 113.7375030517578125 106.8249969482421875 100.3000030517578125 95.61875152587890625 97.0187530517578125 102.15000152587890625 108.84999847412109375 113.78749847412109375 117.47499847412109375 122.28125 127.125 133.1875 138.9875030517578125 145.381256103515625 153.881256103515625 160.3312530517578125 167.4875030517578125 173.475006103515625 181.943756103515625 189.962493896484375 196.4375 198.6374969482421875 200.1374969482421875 198.943756103515625 197.8000030517578125 195.75 194.1437530517578125 189.318756103515625 184.256256103515625 177.6374969482421875 172.0187530517578125
173.818756103515625 173.537506103515625 171.9499969482421875 170.6374969482421875 170.381256103515625 167.193756103515625 164.3937530517578125 162.75 161.943756103515625 159.899993896484375 150.4375 142.131256103515625 134.337493896484375 127.25624847412109375 120.375 115.03125 108.41249847412109375 103.43125152587890625 105.97499847412109375 110.9875030517578125 116.2312469482421875 119.8625030517578125 123.50624847412109375 126.90000152587890625 131.350006103515625 136.475006103515625 142.381256103515625 148.287506103515625 155.931243896484375 163.725006103515625 170.787506103515625 177.806243896484375 185.21875 194.412506103515625 203.975006103515625 206.524993896484375 208.28125 208.875 208.850006103515625 208.7624969482421875 206.193756103515625 202.368743896484375 197 190.8625030517578125 184.931243896484375
180.1374969482421875 180.65625 179.4562530517578125 176.5749969482421875 174.3125 168.8312530517578125 164.818756103515625 161.506256103515625 158.375 153.9499969482421875 149.350006103515625 144.274993896484375 139.5500030517578125 134.0749969482421875 128.912506103515625 124.86875152587890625 121.1999969482421875 120.33750152587890625 122.25 123.6437530517578125 124.2624969482421875 126.33750152587890625 127.46250152587890625 130.34375 134.587493896484375 138.5437469482421875 144.162506103515625 150.2312469482421875 156.7312469482421875 164.78125 173.899993896484375 181.993743896484375 189.9375 199.0187530517578125 208.524993896484375 213.681243896484375 216.556243896484375 219.181243896484375 222.1999969482421875 221.6750030517578125 219.21875 215.693756103515625 210.943756103515625 205.431243896484375 199.118743896484375
187.4562530517578125 186.1875 184.3249969482421875 181.9875030517578125 178.78125 172.6687469482421875 165.506256103515625 156.9875030517578125 150.1437530517578125 147.8937530517578125 147.6750030517578125 146.4187469482421875 144.4250030517578125 140.1437530517578125 137.1437530517578125 134.712493896484375 133.631256103515625 135.4499969482421875 138.8625030517578125 135.8562469482421875 132.056243896484375 131.3000030517578125 131.1374969482421875 133.6374969482421875 137.5124969482421875 140.5749969482421875 145.4250030517578125 151.037506103515625 158.399993896484375 167.5437469482421875 176.4499969482421875 185.7624969482421875 194.5 204.225006103515625 214.1062469482421875 220.118743896484375 224.6750030517578125 228.8000030517578125 232.1875 234.21875 233.9562530517578125 231.3249969482421875 227.443756103515625 221.9812469482421875 216.75
193.837493896484375 192.631256103515625 190.6125030517578125 186.962493896484375 183.8000030517578125 175.8874969482421875 167.350006103515625 158.087493896484375 149.118743896484375 145.087493896484375 148.556243896484375 149.693756103515625 149.725006103515625 146.625 144.287506103515625 142.125 141.0437469482421875 142.7687530517578125 145.0500030517578125 140.7937469482421875 135.306243896484375 134.0500030517578125 133.1750030517578125 136.899993896484375 140.2312469482421875 142.7937469482421875 148.0437469482421875 153.4250030517578125 161.4187469482421875 172.40625 183.5812530517578125 193.09375 202.475006103515625 211.7624969482421875 221.5187530517578125 227.4875030517578125 233.6437530517578125 238.725006103515625 243.25 246.806243896484375 247.59375 246.0625 245.46875 242.868743896484375 237.5
199.875 198.7687530517578125 195.21875 191.6437530517578125 188.3562469482421875 180.5 171.568756103515625 163.2937469482421875 156.9187469482421875 154.6875 155.5 156.225006103515625 155.8125 153.100006103515625 150.556243896484375 148.118743896484375 145.556243896484375 144.693756103515625 143.2312469482421875 139.75 135.1875 134.0625 134.0625 138.850006103515625 141.212493896484375 143.100006103515625 148.881256103515625 155.399993896484375 163.399993896484375 175.7624969482421875 188.21875 199.7937469482421875 210.0812530517578125 220.1875 230.34375 236.2062530517578125 242.25 248.443756103515625 253.9875030517578125 258.89373779296875 262.85626220703125 263.381256103515625 264.03125 261.743743896484375 258.006256103515625
206.774993896484375 205.9187469482421875 201 196.537506103515625 192.1437530517578125 184.662506103515625 176.4250030517578125 170.1062469482421875 165.806243896484375 164.1062469482421875 165.006256103515625 165.2062530517578125 162.7062530517578125 158.943756103515625 155.40625 151.71875 147.4375 144.162506103515625 140.350006103515625 136.0749969482421875 133.462493896484375 132.475006103515625 134.3000030517578125 138.0500030517578125 142.09375 143.100006103515625 149.1062469482421875 156.5 165.2062530517578125 177.693756103515625 191.6875 205.5187530517578125 216.850006103515625 227.6437530517578125 237.818756103515625 245.09375 251.4250030517578125 257.131256103515625 264.66876220703125 271.71875 277.08123779296875 278.0625 280.33123779296875 280.037506103515625 277.03125
212.181243896484375 211.125 206.287506103515625 202.506256103515625 198.1875 190.1374969482421875 182.7375030517578125 178.381256103515625 175.4187469482421875 173.71875 174.6750030517578125 176.03125 171.5749969482421875 165.912506103515625 161.381256103515625 155.975006103515625 150.8625030517578125 145.09375 140.162506103515625 134.568756103515625 131.1999969482421875 130.8000030517578125 134.2937469482421875 140.6999969482421875 143.9124908447265625 143.412506103515625 150.6999969482421875 159.693756103515625 170.5187530517578125 185.1687469482421875 200.193756103515625 214.381256103515625 225.7375030517578125 236.2937469482421875 246.4499969482421875 254.068756103515625 260.850006103515625 266.649993896484375 274.63751220703125 282.95001220703125 289.149993896484375 290.662506103515625 290.3125 288.64373779296875 283.649993896484375
218.53125 217.9499969482421875 213.181243896484375 208.5812530517578125 203.881256103515625 197.3000030517578125 190.1999969482421875 184.8874969482421875 182.5625 181.5625 182.1062469482421875 183.350006103515625 178.9375 170.725006103515625 165.5 159.681243896484375 153.399993896484375 147.7062530517578125 141.7062530517578125 135.0437469482421875 128.4499969482421875 128.868743896484375 133.6062469482421875 138.649993896484375 139.056243896484375 139.7062530517578125 151.056243896484375 163.9812469482421875 177.024993896484375 193.1437530517578125 209.274993896484375 223.8937530517578125 234.28125 244.1875 253.84375 261.556243896484375 268.01251220703125 273.96875 281.824981689453125 290.4375 298.59375 299.51873779296875 293.76873779296875 287.35626220703125 280.75
223.256256103515625 223.5437469482421875 218.59375 213.806243896484375 209.274993896484375 201.537506103515625 194.806243896484375 190.7687530517578125 188.587493896484375 187.537506103515625 186.09375 185.568756103515625 180.5124969482421875 173.899993896484375 167.524993896484375 162.3249969482421875 155.587493896484375 150.1374969482421875 143.681243896484375 137.399993896484375 132.274993896484375 131.6125030517578125 133.118743896484375 136.78125 137.2687530517578125 139.875 153.0625 168.068756103515625 184.337493896484375 201.2624969482421875 218.243743896484375 233.5625 242.881256103515625 251.1374969482421875 260.625 267.868743896484375 274.84375 281.86248779296875 288.73748779296875 295.5 300.41876220703125 293.76251220703125 289.48126220703125 287.98748779296875 284.912506103515625
227.6437530517578125 228.1687469482421875 223.6875 218.8125 215.03125 207.7624969482421875 201.681243896484375 196.600006103515625 193.8125 191.431243896484375 189.6374969482421875 187.818756103515625 183.375 177.4875030517578125 171.087493896484375 165.4375 158.756256103515625 152.5749969482421875 146.7937469482421875 141.9250030517578125 137.818756103515625 135.3562469482421875 135.681243896484375 138.962493896484375 142.3625030517578125 147.037506103515625 161.0500030517578125 177.78125 195 213.068756103515625 229.837493896484375 243.78125 253.2937469482421875 259.79376220703125 267.42498779296875 273.625 281.412506103515625 289.818756103515625 295.6875 294.13751220703125 288.337493896484375 285.5625 288.14373779296875 289.931243896484375 284.76873779296875
230.9187469482421875 231.3625030517578125 227.1750030517578125 222.3562469482421875 218.8562469482421875 211.9250030517578125 205.9875030517578125 200.4187469482421875 196.7375030517578125 194.40625 192.2312469482421875 190.256256103515625 186.2624969482421875 180.631256103515625 174.962493896484375 167.443756103515625 161.3562469482421875 155.59375 149.756256103515625 145.4562530517578125 142.8625030517578125 140.493743896484375 139.8874969482421875 143.818756103515625 148.46875 154.681243896484375 169.4812469482421875 188.287506103515625 207.65625 226.8874969482421875 243.899993896484375 256.806243896484375 261.743743896484375 266.32501220703125 271.53125 280.01251220703125 288.5 295.70001220703125 299.493743896484375 294 282.681243896484375 281.33123779296875 286.54376220703125 287.743743896484375 283.943756103515625
232.337493896484375 233.3562469482421875 228.5687408447265625 224.2687530517578125 221.3249969482421875 214.6437530517578125 208.9187469482421875 203.087493896484375 199.337493896484375 196.2312469482421875 194.21875 192.850006103515625 189.087493896484375 183.7312469482421875 178.375 171.399993896484375 162 156.1999969482421875 151.90625 149.3874969482421875 146.9812469482421875 145.1437530517578125 144.28125 148.756256103515625 155.3312530517578125 162.34375 177.8000030517578125 198.0124969482421875 220.3000030517578125 241.3000030517578125 259.65625 271.837493896484375 273.16876220703125 273.375 279.443756103515625 288.20001220703125 295.64373779296875 304.65625 312.399993896484375 302.506256103515625 290.57501220703125 286.84375 286.82501220703125 287.29376220703125 283.92498779296875
234.28125 235.556243896484375 230.5625 226.6750030517578125 223.037506103515625 217.1437530517578125 211.600006103515625 205.774993896484375 201.6999969482421875 198.600006103515625 195.287506103515625 195.381256103515625 192.5625 187.5437469482421875 181.875 173.9187469482421875 164.1875 156.3000030517578125 154.399993896484375 152.6687469482421875 151.681243896484375 150.0749969482421875 149.350006103515625 154.9499969482421875 162.306243896484375 171.068756103515625 186.2687530517578125 208.7937469482421875 234.25 257.318756103515625 274.556243896484375 279.60626220703125 279.193756103515625 280.318756103515625 283.98748779296875 292.337493896484375 303.537506103515625 313.0625 316.76251220703125 312.537506103515625 300.61248779296875 293.20001220703125 290.368743896484375 289.600006103515625 285.556243896484375
233.53125 235.3312530517578125 230.8249969482421875 227.568756103515625 224.431243896484375 218.9625091552734375 212.412506103515625 207.3874969482421875 203.5749969482421875 200.2312469482421875 196.53125 195.274993896484375 193.9375 191.712493896484375 185 174.993743896484375 164.1999969482421875 156.243743896484375 152.587493896484375 152.787506103515625 154.399993896484375 154.59375 151.7312469482421875 159.881256103515625 169.037506103515625 180.1062469482421875 198.4375 220.693756103515625 247.5749969482421875 271.90625 290.256256103515625 291.118743896484375 286.07501220703125 280.024993896484375 280.524993896484375 292.412506103515625 306.35626220703125 315.96875 322.34375 319.13751220703125 309.431243896484375 299.556243896484375 294.431243896484375 292.91876220703125 287.850006103515625
232.0124969482421875 234.006256103515625 229.7687530517578125 225.462493896484375 222.8874969482421875 219.149993896484375 213.506256103515625 207.6999969482421875 203.6750030517578125 199.9875030517578125 195.625 194.625 195.5187530517578125 196.193756103515625 186.725006103515625 172.84375 160.693756103515625 155.4250030517578125 152.662506103515625 152.6062469482421875 153.256256103515625 152.318756103515625 153.2375030517578125 162.8937530517578125 174.3625030517578125 188.3312530517578125 207.962493896484375 231.6374969482421875 255.6624908447265625 275.850006103515625 290.90625 293.64373779296875 285.493743896484375 274.75 271.84375 286.306243896484375 307.88751220703125 325.16876220703125 332.381256103515625 330.306243896484375 320.23748779296875 306.54376220703125 301.54998779296875 298.600006103515625 292.056243896484375
