data/historical-monthly-weather-data/wc2.1_cruts4.09_10m_prec_1996-08.asc
ncols        51
nrows        45
xllcorner    -63.500000000000
yllcorner    -7.500000000000
cellsize     0.166666666667
NODATA_value -9999
[rows 0 to 19 of 45, columns 0 to 42 of 51]
192.037506103515625 194.4250030517578125 194.96875 200.274993896484375 206.625 213.5500030517578125 214.2937469482421875 217.375 219.524993896484375 219.0749969482421875 212.2687530517578125 208.59375 207.475006103515625 202.350006103515625 198.53125 190.6437530517578125 185.7375030517578125 180.056243896484375 174.212493896484375 172.943756103515625 170.306243896484375 165.431243896484375 160.868743896484375 155.9499969482421875 149.587493896484375 143.6687469482421875 140.7375030517578125 139.5500030517578125 132.0437469482421875 128.7062530517578125 121.15000152587890625 117.90625 114.91249847412109375 109.6062469482421875 106.03749847412109375 104.2624969482421875 101.4875030517578125 100.2062530517578125 100.66249847412109375 100.30625152587890625 100.6374969482421875 102.96875 103.1374969482421875
183.4749908447265625 184.7687530517578125 190.3937530517578125 197.375 206.318756103515625 211.875 209.8562469482421875 212.1750030517578125 215.306243896484375 215.068756103515625 210.6437530517578125 208.7312469482421875 203.381256103515625 196.3562469482421875 190.8874969482421875 186.8874969482421875 179.8625030517578125 173.9937591552734375 169.3312530517578125 166.7312469482421875 163.5812530517578125 158.556243896484375 154.1062469482421875 150.46875 143.8562469482421875 136.806243896484375 136.09375 133.1500091552734375 126.2375030517578125 121.5812530517578125 117.34999847412109375 113.34999847412109375 110.13124847412109375 107.2062530517578125 103.2062530517578125 100.33750152587890625 95.68125152587890625 95.59999847412109375 94.86249542236328125 94.34999847412109375 96.6750030517578125 97.6750030517578125 99.43125152587890625
168.0749969482421875 172.0625 179.475006103515625 188.90625 198.1875 203.3125 204.8562469482421875 206.90625 207.7874908447265625 206.9562530517578125 205.9250030517578125 203.8874969482421875 198.0625 188.9375 182.818756103515625 177.8625030517578125 172.3874969482421875 166.4187469482421875 161.5749969482421875 156.649993896484375 155.087493896484375 153 148.96875 146.193756103515625 138.1437530517578125 132.568756103515625 132.693756103515625 127.76250457763671875 121.03125 117.4875030517578125 112.0124969482421875 108.19374847412109375 105.28749847412109375 103.1875 98.30625152587890625 93.09375 89.8937530517578125 89.1750030517578125 87.8562469482421875 88.6125030517578125 91.8312530517578125 93.68125152587890625 96.90625
153.6437530517578125 155.4187469482421875 165.2624969482421875 175.8874969482421875 183.600006103515625 188.8000030517578125 193.131256103515625 196.8625030517578125 201.587493896484375 201.2687530517578125 198.024993896484375 193.787506103515625 189.100006103515625 180.6374969482421875 174.3874969482421875 168.6750030517578125 164.212493896484375 159.2375030517578125 154.7624969482421875 154.0187530517578125 151.318756103515625 147.3937530517578125 143.0625 140.4499969482421875 133.59375 127.72499847412109375 126.55625152587890625 119.25 113.65000152587890625 110.74375152587890625 106.36875152587890625 101.5625 97.13124847412109375 93.61875152587890625 89.8000030517578125 86.40625 85.2687530517578125 83.2937469482421875 81.0625 83.0500030517578125 84.9875030517578125 89.09999847412109375 92.3312530517578125
154.2062530517578125 151.5625 151.7375030517578125 158.8937530517578125 169.243743896484375 174.3312530517578125 178.3125 186.7562408447265625 194.350006103515625 194.787506103515625 190.087493896484375 184.7312469482421875 179.868743896484375 173.412506103515625 166.5124969482421875 161.4812469482421875 155.818756103515625 150.1875 146.0437469482421875 146.381256103515625 147.0625 141.2375030517578125 137.787506103515625 136.9187469482421875 128.5812530517578125 121.90625 117.66249847412109375 114.0812530517578125 108.63124847412109375 103.33750152587890625 101.3249969482421875 96 92.5749969482421875 89.65625 85.8937530517578125 81.33750152587890625 78.59999847412109375 76.72499847412109375 74.6999969482421875 75.25 79.0812530517578125 83.05625152587890625 88.38124847412109375
149.774993896484375 146.881256103515625 145.056243896484375 142.4812469482421875 150.9375 162.649993896484375 168.712493896484375 174.3874969482421875 182.5187530517578125 183.431243896484375 176.8312530517578125 172.1750030517578125 169.306243896484375 164.59375 158.274993896484375 154.243743896484375 147.7937469482421875 141.4562530517578125 139.625 140.087493896484375 140.59375 137.7687530517578125 134.9375 128.912506103515625 123.47499847412109375 117.86875152587890625 113.4875030517578125 108.81874847412109375 104.31874847412109375 98.1875 95.71875 92.6374969482421875 87.90000152587890625 85.2624969482421875 80.43125152587890625 77.6437530517578125 73.90000152587890625 70.43125152587890625 69.44374847412109375 70.9812469482421875 72.52500152587890625 77.00624847412109375 82.22499847412109375
146.2062530517578125 144.693756103515625 143.1687469482421875 141.475006103515625 143.912506103515625 148.5749969482421875 153.618743896484375 158.6687469482421875 158.9812469482421875 160.9250030517578125 159.6062469482421875 158.1062469482421875 158.618743896484375 155.5437469482421875 151.912506103515625 148.212493896484375 142.431243896484375 137.5812530517578125 134.475006103515625 136.212493896484375 135.4250030517578125 133.7687530517578125 131.0625 125.99375152587890625 119.84999847412109375 114.90000152587890625 109.8874969482421875 104.2312469482421875 97.58750152587890625 94.25624847412109375 90.69374847412109375 86.60625457763671875 83.59999847412109375 80.75624847412109375 76.68125152587890625 72.9375 68.47499847412109375 65.3312530517578125 64.83750152587890625 66.03125 66.94374847412109375 70.8874969482421875 76.4499969482421875
143.7062530517578125 140.59375 141.5749969482421875 141.46875 144.787506103515625 148.9812469482421875 146.53125 139 134.693756103515625 137.3562469482421875 143.75 145.149993896484375 146.3562469482421875 145.693756103515625 144.21875 141.162506103515625 137.5625 133.4562530517578125 130.274993896484375 130.725006103515625 131.625 130.462493896484375 126.46250152587890625 120.84999847412109375 116.7687530517578125 110.3249969482421875 104.4187469482421875 99.21875 93.58124542236328125 88.09999847412109375 86.28125 82.16875457763671875 78.15000152587890625 75.9812469482421875 70.9875030517578125 66.96250152587890625 62.80625152587890625 59.306247711181640625 57.90000152587890625 57.83750152587890625 58.94374847412109375 62.875 67.6374969482421875
142.0500030517578125 139.4499969482421875 141.243743896484375 140 141.59375 143.100006103515625 141.90625 136.631256103515625 126.875 123.28749847412109375 128.193756103515625 131.0500030517578125 136.7624969482421875 137.21875 136.3000030517578125 134.181243896484375 133.725006103515625 131.318756103515625 131.59375 129.225006103515625 128.2937469482421875 127.8625030517578125 123.34375 121.03125 115.59999847412109375 107.3874969482421875 99.3562469482421875 95.5437469482421875 90.25624847412109375 84.9875030517578125 83.03125 77.5 72.4375 68.11249542236328125 64.36875152587890625 61.887500762939453125 58.65000152587890625 55.581249237060546875 53.47499847412109375 52.84999847412109375 52.90625 54.856250762939453125 57.575000762939453125
139.306243896484375 137.274993896484375 137.8625030517578125 138.34375 139.556243896484375 140.443756103515625 141.6750030517578125 136.443756103515625 128.7687530517578125 127.19374847412109375 127.34999847412109375 125.77500152587890625 130.3125 131.9875030517578125 129.9562530517578125 129.1875 127.9499969482421875 128.8125 129.5124969482421875 129.4875030517578125 128.2375030517578125 124.91249847412109375 119.90000152587890625 117.1750030517578125 110.99375152587890625 102.86875152587890625 95.41249847412109375 90.625 84.3249969482421875 79.18125152587890625 75.2312469482421875 70.77500152587890625 67.85625457763671875 64.84375 61.9375 59.06874847412109375 55.237499237060546875 51.78125 50.13124847412109375 48.94374847412109375 47.987499237060546875 48.21250152587890625 49.018749237060546875
139.131256103515625 136.9437408447265625 135.75 135.4875030517578125 137.4812469482421875 140.6374969482421875 141.381256103515625 134.53125 128.662506103515625 125.49375152587890625 126.52500152587890625 125.29999542236328125 125.78125 125.75624847412109375 122.59999847412109375 120.93125152587890625 121.05625152587890625 123.83750152587890625 125.2624969482421875 127.61875152587890625 130.1437530517578125 126.5437469482421875 120.41249847412109375 113.3562469482421875 109.56874847412109375 101.84375 94.61875152587890625 87.88124847412109375 79.65000152587890625 73.53749847412109375 70.7687530517578125 66.9250030517578125 65.2687530517578125 62.706249237060546875 58.862499237060546875 55.34999847412109375 51.52500152587890625 48.637500762939453125 46.262500762939453125 44.1875 42.331249237060546875 41.97499847412109375 42.50624847412109375
137.53125 135.943756103515625 134.7624969482421875 135.4375 137.774993896484375 140.7687530517578125 142.375 137.243743896484375 130.6624908447265625 126.56874847412109375 125.8312530517578125 124.0749969482421875 121.55625152587890625 118.5625 119.25 117.59375 116.77500152587890625 117.75 120.86875152587890625 125.65000152587890625 128.7937469482421875 125.94374847412109375 120.72499847412109375 114.5187530517578125 107.7312469482421875 95.21250152587890625 87.75 82.1875 75.08750152587890625 70.05625152587890625 66.4875030517578125 64.28749847412109375 61.262500762939453125 58.66249847412109375 56.19374847412109375 53.71875 50.299999237060546875 46.81874847412109375 42.924999237060546875 39.393749237060546875 37.293750762939453125 36.6875 36.30625152587890625
134.806243896484375 131.8312530517578125 131.524993896484375 130.8625030517578125 134.068756103515625 135.8562469482421875 134.524993896484375 131.8937530517578125 126.25 123.43125152587890625 122.6875 121.34999847412109375 117.27500152587890625 111.49375152587890625 109.63124847412109375 109.58750152587890625 108.2687530517578125 111.3125 114.25 117.03125 121.2687530517578125 119.81874847412109375 115.7062530517578125 106.84999847412109375 95.28125 85.0500030517578125 81.0500030517578125 76.63124847412109375 72.6374969482421875 68.2687530517578125 64.16249847412109375 61.106250762939453125 59.375 55.387500762939453125 53.512500762939453125 52.387500762939453125 51.21875 47.418750762939453125 43.637500762939453125 38.05625152587890625 33.043750762939453125 32.950000762939453125 31.875
130.899993896484375 126.6875 125.56874847412109375 126.5500030517578125 128.037506103515625 128.2937469482421875 127.1687469482421875 126.4562530517578125 121.4562530517578125 119.06874847412109375 116.9187469482421875 113.36875152587890625 110.2375030517578125 105.2624969482421875 98.71250152587890625 99.99375152587890625 100.1062469482421875 102.61875152587890625 102.4812469482421875 104.28125 108.46875 107.6062469482421875 104.4187469482421875 97.97499847412109375 89.2624969482421875 81.6437530517578125 77.71875 74.0124969482421875 70.25624847412109375 66.88124847412109375 63.81874847412109375 59.56874847412109375 57.387500762939453125 54.21875 53.56874847412109375 54.081249237060546875 53.350002288818359375 51.94374847412109375 48.18125152587890625 40.96875 32.075000762939453125 29.03125 29.256250381469726562
125.6125030517578125 123.18125152587890625 121.19374847412109375 120.6374969482421875 122.3937530517578125 122.3249969482421875 121.08750152587890625 119.0812530517578125 114.6437530517578125 112.5500030517578125 108.6750030517578125 106.28125 103.03125 97.16249847412109375 90.59999847412109375 88.6125030517578125 88.7375030517578125 89.4499969482421875 90.31874847412109375 92.72499847412109375 96.59999847412109375 97.08750152587890625 95.78749847412109375 93.09375 88.44374847412109375 83.625 78.75624847412109375 74.0812530517578125 69.3625030517578125 65.6687469482421875 61.75 58.61875152587890625 56.643749237060546875 54.825000762939453125 53.36875152587890625 54.450000762939453125 55.793750762939453125 58.46250152587890625 55.90625 46.943752288818359375 39.674999237060546875 35.856250762939453125 35.4375
118.69374847412109375 117.3625030517578125 116.61875152587890625 116.1687469482421875 116.59375 117.46875 116.53749847412109375 112.72499847412109375 109.09375 106.3249969482421875 102.7624969482421875 98.8562469482421875 94.46875 89.2687530517578125 83.68125152587890625 77.88124847412109375 77.47499847412109375 78.3937530517578125 79.125 81.9375 85.40625 87.8125 90.0437469482421875 91.16249847412109375 89.25624847412109375 85.125 80.31874847412109375 74.27500152587890625 68.90625 65.5812530517578125 62.643749237060546875 59.28749847412109375 56.38124847412109375 54.59375 54.09375 58.90000152587890625 61.97499847412109375 64.5124969482421875 63.22499847412109375 57.28749847412109375 51.118747711181640625 45.700000762939453125 41.143749237060546875
114.4499969482421875 113.69374847412109375 112.34375 112.4250030517578125 111.3874969482421875 112.6437530517578125 112.65000152587890625 110.1437530517578125 104.9250030517578125 102.36875152587890625 98.9250030517578125 93.36875152587890625 88.6875 83.34999847412109375 77.71250152587890625 72.18125152587890625 66.90000152587890625 66.8000030517578125 69.3249969482421875 72.7937469482421875 74.80625152587890625 79.25 84.50624847412109375 90.2937469482421875 91.63124847412109375 87.2312469482421875 80.05625152587890625 74.03125 67.6437530517578125 63.731250762939453125 62.09375 61.018749237060546875 59.625 58.52500152587890625 63.956249237060546875 68.44374847412109375 71.38124847412109375 75.9875030517578125 76.6125030517578125 67.33750152587890625 58.53749847412109375 50.40625 43.387500762939453125
107.6999969482421875 108.40625 108.25624847412109375 109.19374847412109375 108.6374969482421875 110.0187530517578125 108.13124847412109375 106.1875 101.7687530517578125 98.4187469482421875 95.02500152587890625 90.1437530517578125 83.5124969482421875 77.3312530517578125 72 66.5124969482421875 61.293750762939453125 57.46875 61.28749847412109375 63.106250762939453125 66.69374847412109375 71.625 78.96250152587890625 85.4499969482421875 89.7687530517578125 87.33750152587890625 81.75 75.0124969482421875 67.4499969482421875 62.456249237060546875 57.875 55.91249847412109375 62.112499237060546875 68.4875030517578125 71.8562469482421875 77.3937530517578125 81.8312530517578125 83.75 80.31874847412109375 72.28749847412109375 60.09375 52.36875152587890625 45.612499237060546875
101.1374969482421875 102.6125030517578125 103.6437530517578125 105.2937469482421875 106.5 106.71875 105.7937469482421875 103.4562530517578125 101.46250152587890625 98.9187469482421875 94.7375030517578125 86.5749969482421875 80.1374969482421875 74.2687530517578125 67.4875030517578125 63.08750152587890625 57.706249237060546875 52.918750762939453125 52.987499237060546875 55.81874847412109375 62.737499237060546875 74.1999969482421875 71.125 78.59999847412109375 83.63124847412109375 86.3249969482421875 82.8312530517578125 75.375 69.5749969482421875 61.606250762939453125 56.21250152587890625 57.63124847412109375 65.5500030517578125 70.79375457763671875 75.6437530517578125 80.81874847412109375 81.75624847412109375 79.6750030517578125 76.875 68.6999969482421875 59.94374847412109375 52.825000762939453125 46.556247711181640625
95.63124847412109375 97.3625030517578125 98.46875 100.43125152587890625 101.1999969482421875 101.94374847412109375 101.53749847412109375 100.33750152587890625 100.46250152587890625 98.65625 95.7312469482421875 90.4187469482421875 81.83750152587890625 73.3000030517578125 66.9375 60.456249237060546875 52.543750762939453125 50.99375152587890625 51.81874847412109375 55.606250762939453125 56.96250152587890625 61.174999237060546875 69.9812469482421875 76.2375030517578125 79.81874847412109375 80.0437469482421875 78.33750152587890625 74.15625 67.9812469482421875 59.75624847412109375 56.21875 62.393749237060546875 66.875 72.3000030517578125 77.9375 79.7062530517578125 79.40625 78.36875152587890625 73.94374847412109375 67.03749847412109375 58.28125 51.94374847412109375 47.15000152587890625
