data/historical-monthly-weather-data/wc2.1_cruts4.09_10m_prec_2019-07.asc
ncols        45
nrows        45
xllcorner    -63.500000000000
yllcorner    -7.500000000000
cellsize     0.166666666667
NODATA_value -9999
[rows 0 to 18 of 45, columns 0 to 42 of 45]
231.024993896484375 220.90625 215.34375 214.7624969482421875 211.631256103515625 212.5500030517578125 213.71875 212.9875030517578125 218 225.0749969482421875 228.0812530517578125 230.649993896484375 231.975006103515625 236.59375 241.318756103515625 243.306243896484375 244.5812530517578125 239.225006103515625 235.568756103515625 235.274993896484375 236.3625030517578125 231.3874969482421875 227.868743896484375 223.725006103515625 221.9875030517578125 215.993743896484375 211.3312530517578125 206.881256103515625 199.975006103515625 196.0625 184.243743896484375 177.350006103515625 175.40625 169.850006103515625 163.931243896484375 156.03125 145.399993896484375 142.5500030517578125 132.9562530517578125 124.65625 120.94374847412109375 117.65625 110.625
220.943756103515625 210.037506103515625 204.225006103515625 203.787506103515625 202.6374969482421875 204.5187530517578125 205.9499969482421875 207.556243896484375 213.618743896484375 219.100006103515625 222.493743896484375 224.03125 225.6062469482421875 228.28125 229.5124969482421875 231.056243896484375 230.962493896484375 226.649993896484375 224.337493896484375 222.712493896484375 217.5749969482421875 217.056243896484375 215.7312469482421875 216.600006103515625 210.287506103515625 206.368743896484375 203.193756103515625 200.212493896484375 192.4812469482421875 184.78125 177.662506103515625 175.7312469482421875 171.774993896484375 168.65625 162.6437530517578125 151.2312469482421875 139.993743896484375 133.8000030517578125 123.46250152587890625 116.34999847412109375 113.25 107.38124847412109375 101.15625
201.743743896484375 196.8000030517578125 196.4812469482421875 194.9812469482421875 192.899993896484375 193.9812469482421875 197.3249969482421875 203.2062530517578125 210.318756103515625 215.5187530517578125 218.631256103515625 217.881256103515625 220.90625 219.0437469482421875 218.1374969482421875 217.3937530517578125 217.318756103515625 213.2375030517578125 209.8625030517578125 210.118743896484375 206.2312469482421875 207.375 208.4499969482421875 208.5749969482421875 205.337493896484375 199.306243896484375 201.806243896484375 197.8125 191.6125030517578125 185.243743896484375 178.1999969482421875 169.568756103515625 165.7375030517578125 164.274993896484375 152.493743896484375 140.118743896484375 132.306243896484375 127.61875152587890625 116.99375152587890625 110.4187469482421875 106.5124969482421875 101.81874847412109375 95.1062469482421875
185.3000030517578125 178.5124969482421875 182.5500030517578125 186.350006103515625 184.5500030517578125 184.71875 187.65625 196.712493896484375 206.881256103515625 213.493743896484375 212.5437469482421875 211.068756103515625 211.681243896484375 213.431243896484375 209.21875 204.9499969482421875 201.943756103515625 199.2687530517578125 198.9499969482421875 204.0500030517578125 202.6437530517578125 199.2375030517578125 200.21875 202.9187469482421875 202.0187530517578125 198.443756103515625 197.0812530517578125 189.4875030517578125 187.068756103515625 185.868743896484375 178.875 169.0500030517578125 159.337493896484375 150.8000030517578125 140.3249969482421875 135.412506103515625 129.631256103515625 119.625 111.1687469482421875 104.11875152587890625 101.7312469482421875 98.83750152587890625 92.7687530517578125
188.693756103515625 174.993743896484375 167.337493896484375 172.024993896484375 177.537506103515625 177.568756103515625 183 191.7937469482421875 200.6437530517578125 205.6125030517578125 209.756256103515625 206.5 206.193756103515625 205.625 200.125 195.287506103515625 190.631256103515625 189.7624969482421875 186.3562469482421875 190.1374969482421875 192.6374969482421875 190.1687469482421875 190.3312530517578125 198.59375 197.524993896484375 193.899993896484375 189.8249969482421875 189.0625 185.743743896484375 179.256256103515625 174.243743896484375 167.225006103515625 159.5 148.681243896484375 137.4187469482421875 127.61875152587890625 121.6999969482421875 114.77500152587890625 105.80625152587890625 100.28749847412109375 97.22499847412109375 92.3874969482421875 89.16249847412109375
181.0437469482421875 173.756256103515625 169.256256103515625 156.8125 165.506256103515625 177.756256103515625 182.8249969482421875 189.056243896484375 199.256256103515625 203 204.274993896484375 201.993743896484375 201.649993896484375 195.8249969482421875 193.1687469482421875 188.412506103515625 181.2062530517578125 177.4375 177.743743896484375 183.024993896484375 185.1875 185.53125 188.631256103515625 189.7624969482421875 192.3874969482421875 191.181243896484375 187.5812530517578125 185.625 180.8125 174.6125030517578125 169.3937530517578125 166.3125 156.3312530517578125 148.3249969482421875 135.837493896484375 128.087493896484375 117.6437530517578125 111.68125152587890625 107.11875152587890625 103.8874969482421875 97.34375 94.58750152587890625 90.53125
176.162506103515625 170.6750030517578125 168.4812469482421875 165.024993896484375 163.2312469482421875 164.3312530517578125 174.3625030517578125 184.375 190.2624969482421875 195.7687530517578125 199.1750030517578125 193.1687469482421875 194.524993896484375 190.4499969482421875 184.4812469482421875 181.3562469482421875 177.162506103515625 170.2312469482421875 166.2687530517578125 175.1437530517578125 177.1750030517578125 177.5 179.1125030517578125 184.1125030517578125 186.100006103515625 188.712493896484375 189.350006103515625 181.9812469482421875 174.9250030517578125 173.5437469482421875 167.09375 158.7937469482421875 149.337493896484375 143.975006103515625 136.1125030517578125 127.0812530517578125 117.0500030517578125 110.21250152587890625 107.3312530517578125 105.52500152587890625 99.02500152587890625 94.6125030517578125 92.09375
174.274993896484375 167.0625 167.6750030517578125 168.649993896484375 170.524993896484375 177.912506103515625 177.3937530517578125 171.5812530517578125 173.375 179.162506103515625 183.84375 183.850006103515625 184.087493896484375 179.818756103515625 177.0812530517578125 173.712493896484375 168.306243896484375 163.3625030517578125 160.875 161.6999969482421875 169.7687530517578125 174.1125030517578125 174.774993896484375 179.350006103515625 184.6750030517578125 182.6125030517578125 182.524993896484375 174.149993896484375 171.9375 166.056243896484375 164.6875 156.8874969482421875 149.087493896484375 140.3125 131.1062469482421875 121.2375030517578125 112.9875030517578125 107.375 102.6750030517578125 98.74375152587890625 94.4187469482421875 92.34375 89.9187469482421875
172.28125 166.912506103515625 166.850006103515625 171.024993896484375 175.5625 179.0437469482421875 180.5187530517578125 180.09375 176.100006103515625 171.1999969482421875 171.9250030517578125 168.96875 174.8562469482421875 170.8125 168.2937469482421875 165.21875 163.493743896484375 163.5812530517578125 167.056243896484375 161.3562469482421875 162.399993896484375 171.381256103515625 172.9875030517578125 180.1125030517578125 184.149993896484375 177.993743896484375 173.568756103515625 174.506256103515625 173.5 166.6750030517578125 166.5 155.2062530517578125 141.6374969482421875 131.306243896484375 124.1750030517578125 120.36875152587890625 115.46250152587890625 111.3000030517578125 104.8937530517578125 98.9187469482421875 94.00624847412109375 91.31874847412109375 89.6875
167.943756103515625 165.1687469482421875 167.78125 172.6687469482421875 177.618743896484375 183.7375030517578125 184.9250030517578125 184.7687530517578125 182.756256103515625 181.193756103515625 175.306243896484375 165.25 166.806243896484375 164.868743896484375 163.618743896484375 163.024993896484375 159.0812530517578125 164.118743896484375 168.712493896484375 168.6687469482421875 168.774993896484375 167.475006103515625 166.0749969482421875 173.1500091552734375 175.587493896484375 176.6687469482421875 172.306243896484375 171.6750030517578125 168.3000030517578125 163.287506103515625 160.7687530517578125 150.2624969482421875 140.3625030517578125 129.8562469482421875 121.15625 118.7062530517578125 115.36875152587890625 112.03125 106.4812469482421875 103.40625 100.40625 96.0437469482421875 90.6750030517578125
166.993743896484375 165.774993896484375 168.1687469482421875 174.71875 179.506256103515625 185.71875 188.1750030517578125 183.8874969482421875 177.975006103515625 176.225006103515625 174.5437469482421875 167.568756103515625 158.537506103515625 158.318756103515625 154.662506103515625 153.837493896484375 155.287506103515625 160.8125 165.65625 173.34375 178.9250030517578125 175.462493896484375 167.1999969482421875 160.5625 170.850006103515625 181.756256103515625 178.681243896484375 174.256256103515625 164.912506103515625 160.100006103515625 155.6875 150.125 141.725006103515625 130.21875 123.3625030517578125 119.4250030517578125 116.44374847412109375 110.4812469482421875 110.4250030517578125 106.2375030517578125 100.8249969482421875 95.7687530517578125 92.80625152587890625
165.693756103515625 163.5749969482421875 166.8562469482421875 174.125 180.3249969482421875 186.431243896484375 190.28125 186.337493896484375 177.443756103515625 169.975006103515625 166.181243896484375 164.056243896484375 152.962493896484375 149.53125 151.931243896484375 148.71875 150.1999969482421875 155.6999969482421875 161.5749969482421875 172 183.6687469482421875 183.337493896484375 180.975006103515625 170.818756103515625 170.4375 167.0124969482421875 165.40625 165.8625030517578125 161.0625 155.681243896484375 147.7312469482421875 142.837493896484375 137.0374908447265625 129.25 124.50624847412109375 122.56874847412109375 117.8874969482421875 115.71875 108.83750152587890625 104.8562469482421875 98.9250030517578125 96.0812530517578125 89.08750152587890625
159.306243896484375 160.40625 165.7312469482421875 170.6687469482421875 175.068756103515625 181.1062469482421875 182.475006103515625 177.212493896484375 169.368743896484375 165.631256103515625 163.1750030517578125 158.0500030517578125 154.087493896484375 141.243743896484375 138.975006103515625 142.587493896484375 144.287506103515625 151.225006103515625 157.756256103515625 165.0749969482421875 173.462493896484375 174.5625 176.4812469482421875 170.0749969482421875 160.9875030517578125 157.875 158.5749969482421875 160.431243896484375 157.568756103515625 151.1062469482421875 143.412506103515625 134.9562530517578125 132.3312530517578125 126.4875030517578125 121.84375 121.27500152587890625 121.3874969482421875 122.0625 119.86875152587890625 110.24375152587890625 99.80625152587890625 94.3312530517578125 84.3312530517578125
154.4812469482421875 155.6374969482421875 161.1999969482421875 165.2375030517578125 168.3625030517578125 171.274993896484375 171.4375 167.6374969482421875 165.256256103515625 159.0187530517578125 155.6999969482421875 152.3937530517578125 145.5500030517578125 137.2249908447265625 126.80625152587890625 132.9499969482421875 133.7375030517578125 141.649993896484375 146.4562530517578125 154.412506103515625 160.71875 165.4250030517578125 168.368743896484375 165.537506103515625 157.7062530517578125 152.8249969482421875 151.1374969482421875 148.693756103515625 146.243743896484375 141.2624969482421875 140.149993896484375 134.587493896484375 127.8125 122.5 119.09999847412109375 123.2937469482421875 128.8312530517578125 133.96875 133.8937530517578125 122.2687530517578125 101.4250030517578125 89.75624847412109375 87.24375152587890625
151.5749969482421875 150.8874969482421875 154.40625 159.006256103515625 160.0500030517578125 160.881256103515625 164.243743896484375 160.493743896484375 156.4375 150.899993896484375 147.375 142.7375030517578125 138.5625 133.2624969482421875 119.0187530517578125 120.5625 122.5500030517578125 129.024993896484375 134.587493896484375 143.162506103515625 152.068756103515625 156.3312530517578125 159.84375 162.056243896484375 160.100006103515625 157.5437469482421875 155.125 150.28125 148.8874969482421875 145.6062469482421875 137.662506103515625 133.931243896484375 132.537506103515625 124.9562530517578125 115.8125 118.9375 132.431243896484375 145.931243896484375 147.5187530517578125 133.975006103515625 118.09999847412109375 107.4562530517578125 109.41249847412109375
145.118743896484375 144.9812469482421875 148.7687530517578125 151.0187530517578125 152.725006103515625 156.0812530517578125 154 150.8125 147.84375 145.4499969482421875 140.4812469482421875 136.8562469482421875 133.556243896484375 128.7062530517578125 118.0500030517578125 104.25 109.05625152587890625 117.38124847412109375 122.1125030517578125 131.0437469482421875 138.399993896484375 146.306243896484375 152.8312530517578125 162.993743896484375 164.475006103515625 161.524993896484375 155.8125 147.7687530517578125 147.0812530517578125 144.90625 146.024993896484375 136.693756103515625 128.0500030517578125 119.21250152587890625 112.2624969482421875 126.6999969482421875 138.806243896484375 151.53125 157.631256103515625 154.78125 144.462493896484375 132.631256103515625 123.28125
138.9187469482421875 139.193756103515625 143.3562469482421875 146.756256103515625 149.21875 148.056243896484375 147.9187469482421875 145.0625 142.5812530517578125 140.4187469482421875 136.59375 131.71875 126.91249847412109375 124.3562469482421875 121.96875 112.80625152587890625 103.09999847412109375 105.34999847412109375 115.65000152587890625 123.3249969482421875 129.6374969482421875 138.1875 149.631256103515625 163.9875030517578125 171.3312530517578125 158.256256103515625 146.912506103515625 140.4499969482421875 143.28125 145.8249969482421875 148.0437469482421875 147.84375 138.0625 129.9375 135.71875 143.9250030517578125 160.5437469482421875 181.0437469482421875 191.8625030517578125 174.125 158.6062469482421875 141.662506103515625 124.72499847412109375
132.6062469482421875 134.84375 137.3000030517578125 141.756256103515625 143.7687530517578125 140.9812469482421875 139.5812530517578125 138.287506103515625 136.3625030517578125 131.131256103515625 128.2937469482421875 127.34375 123.58750152587890625 121.31874847412109375 121.74375152587890625 118.6374969482421875 110.6750030517578125 99.43125152587890625 111.22499847412109375 117.3937530517578125 122.9875030517578125 130.225006103515625 145.6750030517578125 158.1437530517578125 163.537506103515625 150.787506103515625 139.09375 136.2687530517578125 140.90625 140.5749969482421875 135.975006103515625 134.6062469482421875 149.9875030517578125 152.381256103515625 147.4499969482421875 163.0124969482421875 184.5625 197.274993896484375 199.475006103515625 184.243743896484375 158.6687469482421875 141.15625 124.5124969482421875
126.68125152587890625 128.818756103515625 129.774993896484375 132.7312469482421875 136.2624969482421875 135.149993896484375 132.006256103515625 131.962493896484375 131.618743896484375 127.74375152587890625 125.0749969482421875 121.3562469482421875 119.47499847412109375 119.77500152587890625 116.47499847412109375 116.90625 113.9875030517578125 106.6687469482421875 102.7062530517578125 106.31874847412109375 116.80625152587890625 132.7937469482421875 124.83750152587890625 138.6999969482421875 145.53125 145.2687530517578125 139.431243896484375 134.4875030517578125 139.8562469482421875 141.7624969482421875 140.556243896484375 142.5749969482421875 153.431243896484375 153.0124969482421875 153.7937469482421875 166.743743896484375 177.7062530517578125 185.2750091552734375 187.6750030517578125 170.1999969482421875 153.243743896484375 134.662506103515625 121.3874969482421875
