data/historical-monthly-weather-data/wc2.1_cruts4.09_10m_prec_1980-05.asc
ncols        45
nrows        45
xllcorner    -63.500000000000
yllcorner    -7.500000000000
cellsize     0.166666666667
NODATA_value -9999
[rows 19 to 37 of 45, columns 0 to 42 of 45]
266.03125 268.46875 266.931243896484375 263.587493896484375 262.39373779296875 261.100006103515625 255.6812591552734375 248.0124969482421875 240.3625030517578125 231.993743896484375 223.7375030517578125 212.225006103515625 200.162506103515625 184.568756103515625 168.493743896484375 150.243743896484375 134.806243896484375 127.65000152587890625 118.9375 113.21250152587890625 108.4499969482421875 107.375 108.49375152587890625 111.0749969482421875 112.28749847412109375 111.47499847412109375 113.41249847412109375 116.44374847412109375 115.78125 113.6687469482421875 114.6374969482421875 121.09375 119.125 115.2624969482421875 115.0437469482421875 118.3312530517578125 119.9812469482421875 120.63124847412109375 122.0625 122.2624969482421875 118.2062530517578125 115.7312469482421875 117.8562469482421875
249.556243896484375 260.54376220703125 262.225006103515625 258.350006103515625 253.868743896484375 254.975006103515625 252.037506103515625 245.600006103515625 238.5 228.5500030517578125 219.431243896484375 209.225006103515625 195.337493896484375 181.337493896484375 164.2312469482421875 149.4875030517578125 133.3874969482421875 123.2937469482421875 117.15625 109.5500030517578125 109.3937530517578125 108.59375 107.59999847412109375 109.0812530517578125 110.1750030517578125 108.99375152587890625 107.88124847412109375 109.6999969482421875 111.7624969482421875 114 117.75624847412109375 122.28125 117.66249847412109375 113.49375152587890625 112.2062530517578125 115.06874847412109375 117.43125152587890625 118.4187469482421875 118.7624969482421875 117.65625 116.5 114.0749969482421875 113.53749847412109375
241.524993896484375 244.4250030517578125 249.90625 252.506256103515625 248.4875030517578125 246.2624969482421875 245.462493896484375 242.162506103515625 236.118743896484375 227.2062530517578125 217.3562469482421875 205.5187530517578125 192.1374969482421875 178.2937469482421875 164.899993896484375 148.8312530517578125 139.962493896484375 128.068756103515625 120.49375152587890625 111.52500152587890625 106.7312469482421875 105.25 104.15625 103.3312530517578125 101.69374847412109375 101.9499969482421875 105.40625 107.3937530517578125 112.5124969482421875 116.6999969482421875 119.38124847412109375 121.1999969482421875 118.80625152587890625 116.1062469482421875 112.49375152587890625 113.15000152587890625 115.49375152587890625 116.38124847412109375 116.3125 115.3249969482421875 114.71875 112.4187469482421875 111.2687530517578125
233.943756103515625 244.4250030517578125 247.7062530517578125 249.375 244.881256103515625 241.3625030517578125 233.03125 231.2312469482421875 231.368743896484375 223.9562530517578125 212.912506103515625 201.287506103515625 192.0124969482421875 179.524993896484375 166.2312469482421875 152.037506103515625 140.3625030517578125 129.537506103515625 119.96250152587890625 111.1374969482421875 107.22499847412109375 102.5749969482421875 100.18125152587890625 98.4375 98.2624969482421875 97.5500030517578125 99.7062530517578125 104.63124847412109375 110.33750152587890625 114.8249969482421875 117.74375152587890625 122.0812530517578125 121.2375030517578125 117.6999969482421875 114.71875 111.7624969482421875 111.80625152587890625 113.58750152587890625 115.4875030517578125 114.3312530517578125 112.6437530517578125 110.6062469482421875 108.90625
223.056243896484375 235.3874969482421875 241.725006103515625 241.006256103515625 236.006256103515625 230.71875 231.256256103515625 227.850006103515625 223.087493896484375 215.475006103515625 207.5625 201.681243896484375 192.4375 182.881256103515625 168.1875 154.0250091552734375 141.9812469482421875 132.006256103515625 122.58750152587890625 113.9187469482421875 107.28749847412109375 102.36875152587890625 97.9875030517578125 97.5437469482421875 95.8000030517578125 93.33750152587890625 97.0500030517578125 102.6687469482421875 109.61875152587890625 117.1687469482421875 124.03125 129.7624969482421875 128.7312469482421875 123.96875 119.40000152587890625 113.7687530517578125 114.1437530517578125 113.61875152587890625 113.90000152587890625 113.15000152587890625 111.0500030517578125 110.05625152587890625 109.06874847412109375
217.431243896484375 229.774993896484375 233.8000030517578125 236.375 233.431243896484375 229.8562469482421875 224.306243896484375 221.78125 216.475006103515625 211.09375 203.4562530517578125 196.774993896484375 191.6875 182.837493896484375 168.1687469482421875 155.5500030517578125 145.3249969482421875 134.53125 123.83750152587890625 114.8125 108.9187469482421875 102.25 97.91249847412109375 96.28749847412109375 94.1062469482421875 94.28749847412109375 98.4187469482421875 104.9562530517578125 112.125 122.38124847412109375 130.7874908447265625 140.462493896484375 138.3312530517578125 132.368743896484375 124.15000152587890625 118.5 116.3312530517578125 112.3874969482421875 111.90625 111.2624969482421875 109.99375152587890625 108.5437469482421875 107.86875152587890625
217.9812469482421875 230.975006103515625 228.6125030517578125 229.6062469482421875 223.7375030517578125 219.7624969482421875 214.5812530517578125 211.850006103515625 204.8625030517578125 197.8625030517578125 196.5500030517578125 193.350006103515625 187.1437530517578125 180.4250030517578125 170.2624969482421875 157.875 147.7062530517578125 136.725006103515625 125.71875 115.6875 109.32500457763671875 102.1999969482421875 97.3000030517578125 94.3625030517578125 93.4499969482421875 93.3874969482421875 100.4499969482421875 107.6999969482421875 115.22499847412109375 126.5749969482421875 138.78125 153.1750030517578125 150.899993896484375 140.037506103515625 129.493743896484375 123.13124847412109375 117.27500152587890625 112.65625 109.44374847412109375 108.3625030517578125 107.6687469482421875 105.61875152587890625 103.99375152587890625
219.2062530517578125 224.181243896484375 225.1374969482421875 223.7624969482421875 218.1062469482421875 214.2624969482421875 208.649993896484375 202.4499969482421875 197.368743896484375 196.681243896484375 194.0437469482421875 189.5812530517578125 186.5437469482421875 182.0812530517578125 172.381256103515625 162.006256103515625 150.7312469482421875 138.6875 130.1687469482421875 119.46250152587890625 111.11875152587890625 103.9562530517578125 98.3249969482421875 97.0812530517578125 96.19374847412109375 96.5625 103.9499969482421875 111.81874847412109375 120.5437469482421875 130.8625030517578125 145.256256103515625 159.662506103515625 158.8312530517578125 143.875 130.212493896484375 122.40000152587890625 117.59999847412109375 111.3125 108.03749847412109375 106.84375 105.4812469482421875 103.4812469482421875 101.91249847412109375
222.3125 222.9250030517578125 221.631256103515625 216.71875 212.34375 209.4375 204.600006103515625 196.8249969482421875 193.6437530517578125 192.725006103515625 189.399993896484375 186.0500030517578125 184.53125 181.037506103515625 173.46875 162.1437530517578125 153.3625030517578125 144.274993896484375 135.368743896484375 124.92499542236328125 115.6750030517578125 106.7062530517578125 101.43125152587890625 99.6062469482421875 99.1750030517578125 99.0437469482421875 107.125 115.5187530517578125 125.09375 135.725006103515625 148.681243896484375 160.7062530517578125 156.03125 141.931243896484375 129.7874908447265625 121.7937469482421875 115.3125 110.4499969482421875 108.125 105.46875 103.1999969482421875 102.1125030517578125 100.55625152587890625
221.868743896484375 221.4187469482421875 216.7062530517578125 211.6125030517578125 206.6875 199.681243896484375 193.524993896484375 190.3312530517578125 190.6750030517578125 187.3625030517578125 184.8187408447265625 183.931243896484375 182.818756103515625 182.431243896484375 176.975006103515625 169.1437530517578125 160.3874969482421875 149.9562530517578125 139.993743896484375 129.71875 120.03749847412109375 110.1687469482421875 103.4187469482421875 101.53749847412109375 101.0625 100.28749847412109375 108.7937469482421875 118.6999969482421875 128.462493896484375 137.725006103515625 149.068756103515625 157.212493896484375 149.881256103515625 137.2624969482421875 127.11875152587890625 119.65625 113.8000030517578125 108.0437469482421875 105.72499847412109375 103.03125 99.1875 97.0124969482421875 97.4250030517578125
223.78125 221.0749969482421875 213.443756103515625 204.743743896484375 198.5187530517578125 194.7312469482421875 189.350006103515625 188.149993896484375 186.9375 182.8000030517578125 181.568756103515625 181.9187469482421875 182.306243896484375 183.412506103515625 179.3249969482421875 173.3625030517578125 165.899993896484375 158.337493896484375 147.631256103515625 135.899993896484375 126.2062530517578125 117.1374969482421875 109.71250152587890625 107.1750030517578125 105.3625030517578125 106.80625152587890625 113.6437530517578125 121.3874969482421875 130.4562530517578125 138.100006103515625 146.7937469482421875 151.443756103515625 143.8312530517578125 133.493743896484375 124.11875152587890625 116.28749847412109375 112.6750030517578125 107.3000030517578125 103.97499847412109375 103.09375 100.6125030517578125 97.46875 95.24375152587890625
225.5124969482421875 220.15625 210.0437469482421875 202.681243896484375 197.037506103515625 192.318756103515625 189.1125030517578125 185.131256103515625 183.8562469482421875 181.65625 180.3562469482421875 180.024993896484375 183.368743896484375 182.5124969482421875 180.0812530517578125 177.375 172.6750030517578125 164 154.618743896484375 144.568756103515625 132.868743896484375 122.71250152587890625 115.19374847412109375 111.53125 109.77500152587890625 112.15000152587890625 118.0625 124.53125 132.8249969482421875 137.662506103515625 144.131256103515625 145.4375 137.7687530517578125 128.662506103515625 119.6125030517578125 111.99375152587890625 108.3625030517578125 104.875 103.09375 101.05625152587890625 100.05625152587890625 96.1999969482421875 93.05625152587890625
221.8874969482421875 215.037506103515625 206.100006103515625 199.9562530517578125 196.006256103515625 189.7624969482421875 188.618743896484375 182.0812530517578125 180.3125 177.8000030517578125 176.5 175.9124908447265625 179.03125 181.568756103515625 180.2375030517578125 179.96875 174.4812469482421875 166.1875 157.556243896484375 148.587493896484375 136.6374969482421875 126.9499969482421875 119.05625152587890625 116.28125 116.46250152587890625 116.99375152587890625 122.5124969482421875 127.66249847412109375 133.1875 136.725006103515625 138.2062530517578125 138.631256103515625 130.7062530517578125 122.24375152587890625 114.63124847412109375 108.0812530517578125 103.96250152587890625 101.0437469482421875 98.81874847412109375 98.7624969482421875 97.38124847412109375 93.94374847412109375 90.8125
215.850006103515625 210.6437530517578125 202.7062530517578125 198.818756103515625 193.412506103515625 187.712493896484375 185.4499969482421875 180.681243896484375 178.600006103515625 177.381256103515625 178.9375 178.5 180.681243896484375 184.0500030517578125 182.75 180.7062530517578125 176.65625 171.149993896484375 161.1687469482421875 152.600006103515625 141.193756103515625 133.056243896484375 125.0437469482421875 123.61875152587890625 123.47499847412109375 124.33750152587890625 127.98749542236328125 132.587493896484375 135.6125030517578125 135.90625 135.625 133.381256103515625 124.63124847412109375 118.33750152587890625 110.5437469482421875 105.90000152587890625 100.34375 97.15625 94.5625 94.90625 92.84999847412109375 90.55625152587890625 87.875
210.1062469482421875 204.493743896484375 200.631256103515625 197.09375 194.131256103515625 187.774993896484375 183.7375030517578125 178.6062469482421875 175.65625 174.1999969482421875 174.943756103515625 178.1125030517578125 179.306243896484375 180.6750030517578125 181.875 182.7624969482421875 180.6999969482421875 174.587493896484375 163.7687530517578125 154.3249969482421875 146.0812530517578125 139.0625 131.881256103515625 129.375 129.524993896484375 129.4562530517578125 131.6875 134.6687469482421875 137.8312530517578125 135.681243896484375 132.850006103515625 128.5625 120.6374969482421875 112.88124847412109375 106.2312469482421875 101.13124847412109375 96.6875 91.6999969482421875 90.1062469482421875 88.9250030517578125 86.44374847412109375 85.375 84.3000030517578125
202.693756103515625 198.1125030517578125 196.337493896484375 195.368743896484375 193.5749969482421875 187.5749969482421875 180.3874969482421875 176 170.125 169.193756103515625 171.412506103515625 175.243743896484375 179.931243896484375 183.537506103515625 184.537506103515625 185 182.8249969482421875 177 166.850006103515625 156.006256103515625 148.806243896484375 141.5187530517578125 136.2937469482421875 133.8125 133.40625 133.2687530517578125 136.3249969482421875 139.0124969482421875 140.6062469482421875 136.8937530517578125 130.9375 124.69374847412109375 115.5 108.47499847412109375 99.2624969482421875 94.9812469482421875 89.6875 87.46875 85.28125 82.9187469482421875 80.3000030517578125 78.30625152587890625 77.2937469482421875
197.818756103515625 195.3937530517578125 192.2624969482421875 190.587493896484375 188.03125 182.506256103515625 175.2437591552734375 171.618743896484375 166.618743896484375 163.350006103515625 164.962493896484375 173.3312530517578125 181.28125 184.21875 186.506256103515625 186.0749969482421875 183.6687469482421875 175.9562530517578125 168.318756103515625 158.0500030517578125 151.837493896484375 145.5625 140.46875 138.868743896484375 137.931243896484375 137.25 141.181243896484375 143.524993896484375 142.6125030517578125 137.0124969482421875 130.2312469482421875 122.71250152587890625 113.24375152587890625 103.9250030517578125 95.75 90.7624969482421875 88.44374847412109375 83.8562469482421875 81.52500152587890625 80.30625152587890625 77.1750030517578125 76.18125152587890625 74.4250030517578125
194.125 193.350006103515625 190.0812530517578125 188.1125030517578125 186.4812469482421875 179.9375 173.881256103515625 167.9562530517578125 162.368743896484375 155.193756103515625 163.506256103515625 180.024993896484375 186.6125030517578125 187.787506103515625 188.399993896484375 187.256256103515625 183.0187530517578125 175.1624908447265625 168.068756103515625 157.693756103515625 153.068756103515625 147.993743896484375 142.625 141.256256103515625 140.8625030517578125 141.8125 143.943756103515625 145.1062469482421875 143.725006103515625 137.537506103515625 130.2062530517578125 122.3937530517578125 112.18125152587890625 101.3937530517578125 93.65000152587890625 89.69374847412109375 86.1999969482421875 82.4250030517578125 79.27500152587890625 76.6999969482421875 73.5124969482421875 71.5500030517578125 71.5500030517578125
191.537506103515625 190.600006103515625 189.4875030517578125 186.875 186.3562469482421875 181.28125 175.818756103515625 169.212493896484375 163.9812469482421875 157.1062469482421875 176.3874969482421875 193.412506103515625 195.1125030517578125 194.381256103515625 192.3625030517578125 189.3625030517578125 183.75 176.8562469482421875 168.131256103515625 159.8625030517578125 153.4250030517578125 149.0749969482421875 144.587493896484375 143.306243896484375 142.868743896484375 143.4250030517578125 143.443756103515625 147.1500091552734375 146.3874969482421875 138.006256103515625 128.8249969482421875 120.50624847412109375 111.18125152587890625 99.90000152587890625 90.63124847412109375 86.9499969482421875 84.38124847412109375 80.31874847412109375 78.36875152587890625 74.72499847412109375 71.6062469482421875 69.91249847412109375 67.7312469482421875
