data/historical-monthly-weather-data/wc2.1_cruts4.09_10m_prec_2010-03.asc
ncols        51
nrows        45
xllcorner    -63.500000000000
yllcorner    -7.500000000000
cellsize     0.166666666667
NODATA_value -9999
[rows 0 to 19 of 45, columns 0 to 44 of 51]
124.1999969482421875 121.1437530517578125 119.8000030517578125 122.25 123.6125030517578125 125.68125152587890625 125.58750152587890625 125.21875 125.0124969482421875 127.05625152587890625 131.649993896484375 137.493743896484375 143.6750030517578125 148.125 153.8874969482421875 159.71875 167.568756103515625 172.037506103515625 178.8312530517578125 185.1062469482421875 190.4875030517578125 194.693756103515625 199.5437469482421875 201.681243896484375 205.6687469482421875 209.4812469482421875 212.712493896484375 218.850006103515625 223.443756103515625 221.34375 221.9250030517578125 219.9250030517578125 219.1999969482421875 220.024993896484375 220.243743896484375 222.087493896484375 223.118743896484375 224.6875 228.65625 231.743743896484375 235.3125 240.0500030517578125 243.8125 248.725006103515625 252.787506103515625
129.131256103515625 126.0500030517578125 127.3000030517578125 129.7624969482421875 131.881256103515625 133.100006103515625 132.4250030517578125 132.3625030517578125 133.9250030517578125 136.131256103515625 140.087493896484375 144.881256103515625 149.993743896484375 154.3249969482421875 159.693756103515625 165.6750030517578125 172.9187469482421875 179.78125 186.8000030517578125 193.6750030517578125 198.2375030517578125 202.09375 206.71875 209.006256103515625 211.618743896484375 214.75 217.662506103515625 223.7624969482421875 227.375 224.118743896484375 221.256256103515625 219.412506103515625 217.5187530517578125 219.2687530517578125 218.0374908447265625 220.006256103515625 221.8625030517578125 223.0124969482421875 226.306243896484375 228.587493896484375 232.2062530517578125 236.3937530517578125 239.75 243.8562469482421875 248.131256103515625
138.7312469482421875 137.2687530517578125 139.7375030517578125 142.78125 144.53125 144.4562530517578125 144.256256103515625 144.5437469482421875 145.8312530517578125 147.8937530517578125 149.3312530517578125 152.2375030517578125 156.2375030517578125 159.931243896484375 165.149993896484375 171.84375 178.78125 185.681243896484375 191.9187469482421875 198.125 202.149993896484375 205.78125 208.5187530517578125 210.8937530517578125 213.368743896484375 214.868743896484375 218.28125 224.1374969482421875 227.0124969482421875 223.0625 220.53125 218.15625 216.962493896484375 216.381256103515625 217.1374969482421875 217.3312530517578125 219.318756103515625 221.7624969482421875 224.5187530517578125 227.5187530517578125 230.6750030517578125 233.9562530517578125 236.65625 239.462493896484375 244.6125030517578125
148.15625 149.181243896484375 154.0187530517578125 157.256256103515625 159.21875 157.412506103515625 156.2937469482421875 156.21875 158.068756103515625 159.28125 158.6437530517578125 159.125 160.712493896484375 163.1437530517578125 168.7687530517578125 175.5124969482421875 183.6062469482421875 190.5124969482421875 196.600006103515625 201.818756103515625 205.662506103515625 207.431243896484375 207.912506103515625 209.568756103515625 211.493743896484375 212.649993896484375 216.381256103515625 220.46875 223.4375 220.568756103515625 216.787506103515625 215.743743896484375 214.09375 213.037506103515625 212.9499969482421875 214.712493896484375 217.0812530517578125 219.71875 223.443756103515625 225.962493896484375 227.6750030517578125 230.975006103515625 233.412506103515625 235.1437530517578125 240.0437469482421875
162.850006103515625 164.03125 167.225006103515625 171.537506103515625 173.7375030517578125 170.6437530517578125 167.225006103515625 166.1687469482421875 168.631256103515625 170.1374969482421875 166.993743896484375 164.59375 164.712493896484375 167.2312469482421875 172.212493896484375 179.631256103515625 187.4437408447265625 194.5187530517578125 199.0749969482421875 202.712493896484375 205.837493896484375 206.024993896484375 206.4562530517578125 207.9875030517578125 209.1125030517578125 210.09375 212.5500030517578125 216.4812469482421875 221.4875030517578125 217.1687469482421875 214.399993896484375 211.756256103515625 211.5124969482421875 210.9812469482421875 210.625 212.7375030517578125 214.96875 217.2687530517578125 221.399993896484375 223.3312530517578125 225.6125030517578125 227.375 228.8937530517578125 230.881256103515625 234.5124969482421875
179.7312469482421875 182.5812530517578125 186.9812469482421875 189.149993896484375 188.631256103515625 184.743743896484375 180.212493896484375 177.4250030517578125 179.1999969482421875 180.7312469482421875 174.7312469482421875 171.2687530517578125 171.6062469482421875 172.8874969482421875 177.59375 184.0187530517578125 190.975006103515625 196.0749969482421875 199.6750030517578125 201.5187530517578125 203.524993896484375 204.443756103515625 205.2062530517578125 206.193756103515625 207.287506103515625 209.1812591552734375 211.787506103515625 214.8249969482421875 218.0812530517578125 215.0749969482421875 211.7312469482421875 209.65625 208.3625030517578125 209.8625030517578125 210.868743896484375 212.7062530517578125 216.3312530517578125 219 223.125 225.9812469482421875 226.75 228.2687530517578125 229.2687530517578125 230.375 232.9499969482421875
196.5500030517578125 200.2312469482421875 203.9250030517578125 204.125 201.412506103515625 195.5124969482421875 189.3562469482421875 183.412506103515625 180.4250030517578125 177.850006103515625 175.3625030517578125 174.568756103515625 175.71875 177.412506103515625 181.71875 187.0437469482421875 192.631256103515625 194.943756103515625 196.181243896484375 198.318756103515625 199.6187591552734375 201.46875 202.2624969482421875 203.6999969482421875 205.399993896484375 206.975006103515625 209.712493896484375 212.2624969482421875 213.8125 210.1875 208.931243896484375 206.8562469482421875 206.0500030517578125 206.475006103515625 208.2062530517578125 211.5124969482421875 214.9375 218.350006103515625 224.5812530517578125 226.4562530517578125 225.131256103515625 226.462493896484375 227.03125 227.8125 231.381256103515625
211.006256103515625 215.131256103515625 216.8937530517578125 216.7312469482421875 214.431243896484375 206.78125 196.4812469482421875 184.9812469482421875 176.1875 172.556243896484375 173.59375 176.1374969482421875 179.34375 182.037506103515625 185.443756103515625 189.600006103515625 192.493743896484375 192.1750030517578125 191.943756103515625 192.8312530517578125 195.056243896484375 197.3625030517578125 199.0187530517578125 200.46875 203.5187530517578125 204.475006103515625 206.0999908447265625 208.1875 208.649993896484375 205.287506103515625 203.243743896484375 203.4375 202.493743896484375 203.1374969482421875 204.931243896484375 208.4250030517578125 212.3937530517578125 216.056243896484375 221.4562530517578125 222.868743896484375 222.131256103515625 222.975006103515625 223.25 223.537506103515625 226.0124969482421875
223.6750030517578125 227.2687530517578125 228.912506103515625 228.4812469482421875 225.2062530517578125 216.587493896484375 205.087493896484375 191.5500030517578125 177.943756103515625 171.75 175.9562530517578125 181.037506103515625 186.0812530517578125 188.3874969482421875 190.5187530517578125 192.837493896484375 193.6999969482421875 192.28125 192.1750030517578125 192.225006103515625 192.524993896484375 195.4562530517578125 197.056243896484375 201.587493896484375 204.524993896484375 204.5187530517578125 203.96875 204.2375030517578125 205.15625 201.5124969482421875 200.15625 200.693756103515625 200.1875 200.556243896484375 201.8249969482421875 206.1374969482421875 211.556243896484375 215.412506103515625 220.4875030517578125 221.8562469482421875 221.443756103515625 221.787506103515625 222.0124969482421875 221.7249908447265625 221.9250030517578125
236.350006103515625 239.2937469482421875 239.9875030517578125 239.03125 236.15625 227.600006103515625 216.712493896484375 203.881256103515625 192.2687530517578125 186.2312469482421875 186.912506103515625 189.5500030517578125 193.9875030517578125 196.3249969482421875 196.287506103515625 196.287506103515625 195.5124969482421875 193.1374969482421875 191.6875 190.7937469482421875 190.743743896484375 193.4875030517578125 196.7312469482421875 203.0500030517578125 204.625 204.006256103515625 202.756256103515625 201.75 200.912506103515625 196.912506103515625 195.3312530517578125 197.2312469482421875 197.8125 199.0625 200.375 204.5625 209.7687530517578125 214.5437469482421875 219.78125 222.1687469482421875 222.537506103515625 222.8312530517578125 221.1062469482421875 217.681243896484375 217.6437530517578125
248.662506103515625 251.3625030517578125 250.881256103515625 249.7937469482421875 247.618743896484375 240.274993896484375 230.412506103515625 218.25 208.8125 203.274993896484375 200.993743896484375 202.0749969482421875 204.0187530517578125 205.8000030517578125 203.59375 200.693756103515625 197.5124969482421875 194.181243896484375 190.9812469482421875 188.975006103515625 189.662506103515625 192.149993896484375 196.850006103515625 201.931243896484375 205.868743896484375 203.100006103515625 200.7687530517578125 200.243743896484375 198.2375030517578125 193.5 192.818756103515625 194.3125 194.8625030517578125 196.2624969482421875 198.1687469482421875 202.1750030517578125 207.2375030517578125 212.3625030517578125 217.8562469482421875 221.6687469482421875 222.600006103515625 221.5 218.087493896484375 213.4812469482421875 212.3000030517578125
258.056243896484375 260.45623779296875 259.78125 259.28125 256.57501220703125 251.225006103515625 243.756256103515625 233.631256103515625 225.5625 219.6687469482421875 216.118743896484375 214.9812469482421875 214.4250030517578125 214.3937530517578125 212.962493896484375 209.4250030517578125 204.03125 199.0749969482421875 194.78125 191.2312469482421875 189.506256103515625 191.5187530517578125 196.9187469482421875 204.943756103515625 207.1374969482421875 200.4812469482421875 197.212493896484375 196.4562530517578125 196.3625030517578125 194.381256103515625 192.318756103515625 192.7062530517578125 192.7687530517578125 193.649993896484375 195.0437469482421875 200.34375 206.225006103515625 211.693756103515625 216.9812469482421875 221.868743896484375 223.7375030517578125 221.149993896484375 214.8874969482421875 206.162506103515625 201.84375
266.98126220703125 268.61248779296875 268.274993896484375 266.95623779296875 265.08123779296875 261.443756103515625 255.15625 247.53125 240.3937530517578125 235.75 232.868743896484375 229.899993896484375 228.056243896484375 224.7624969482421875 222.0812530517578125 217.868743896484375 211.587493896484375 205.8562469482421875 200.899993896484375 195.125 189.899993896484375 190.1687469482421875 193.8249969482421875 199.4562530517578125 197.287506103515625 191.8625030517578125 192.631256103515625 193.8000030517578125 194.9875030517578125 194.3249969482421875 193.0625 191.8874969482421875 190.712493896484375 191.0437469482421875 192.225006103515625 197.03125 203.350006103515625 209.4499969482421875 215.9187469482421875 222.162506103515625 225.53125 221.212493896484375 209.5 198.1750030517578125 191.28125
274.34375 276.03125 275.41876220703125 274.13751220703125 273.125 269.181243896484375 265.25 260.850006103515625 256.412506103515625 252.462493896484375 249.212493896484375 245.3125 241.3125 237.78125 231.59375 226.9812469482421875 220.0812530517578125 212.9875030517578125 206.65625 200.524993896484375 195.28125 192.212493896484375 191.118743896484375 192.381256103515625 190.09375 187.274993896484375 188.881256103515625 190.756256103515625 192.443756103515625 192.71875 192.9875030517578125 192.0500030517578125 189.024993896484375 187.537506103515625 188.181243896484375 193.7062530517578125 200.9250030517578125 207.100006103515625 213.306243896484375 219.037506103515625 222.0187530517578125 214.0187530517578125 203.3625030517578125 194.21875 188.2125091552734375
279.212493896484375 279.475006103515625 279.25 279.63751220703125 279.475006103515625 276.537506103515625 274.76873779296875 272.59375 268.993743896484375 265.868743896484375 263.662506103515625 259.693756103515625 255.5625 251.40625 243.5625 238.256256103515625 231.131256103515625 224.53125 217.3125 210.4499969482421875 203.943756103515625 197.8125 192.743743896484375 191.7062530517578125 189.962493896484375 188.537506103515625 189.9499969482421875 191.6687469482421875 193.774993896484375 194.806243896484375 193.9499969482421875 192.475006103515625 189.3562469482421875 185 183.59375 190.212493896484375 198.5124969482421875 204.8937530517578125 208.493743896484375 210.15625 208.375 203.912506103515625 199.1125030517578125 192.0812530517578125 187.568756103515625
281.475006103515625 281.931243896484375 282.712493896484375 283.806243896484375 284.67498779296875 284.693756103515625 283.693756103515625 282.318756103515625 281.45623779296875 280.21875 277.8125 274.818756103515625 271.056243896484375 266.375 258.649993896484375 250.9499969482421875 243.212493896484375 236.493743896484375 228.837493896484375 221.818756103515625 212.6875 203.3625030517578125 195.381256103515625 192.712493896484375 190.3000030517578125 189.0187530517578125 190.712493896484375 193.0812530517578125 196.125 197.462493896484375 197.6437530517578125 195.8000030517578125 190.631256103515625 185.818756103515625 183.0625 192.774993896484375 199.837493896484375 201.7937469482421875 202.0437469482421875 201.631256103515625 199.1999969482421875 196.9187469482421875 193.931243896484375 189.225006103515625 185.649993896484375
284 285.04998779296875 285.5 287.681243896484375 290.125 291.368743896484375 293.10626220703125 293.39373779296875 293.443756103515625 293.443756103515625 291.66876220703125 289.79998779296875 286.9375 281.443756103515625 274.73126220703125 265.631256103515625 255.056243896484375 246.6687469482421875 239.787506103515625 232.0500030517578125 220.75 209.2375030517578125 199.212493896484375 195.1750030517578125 192.256256103515625 189.225006103515625 191.0812530517578125 194.225006103515625 197.0500030517578125 199.975006103515625 201.3312530517578125 200.1125030517578125 195.3125 192.5 196.506256103515625 203.850006103515625 205.1750030517578125 202.2375030517578125 198.556243896484375 195.412506103515625 193.7062530517578125 192.125 188.9875030517578125 185.431243896484375 183.412506103515625
284.54998779296875 286.056243896484375 288.51873779296875 292.318756103515625 295.82501220703125 298.11248779296875 300.33123779296875 302.399993896484375 303.850006103515625 304.51873779296875 304.20001220703125 304.368743896484375 301.13751220703125 297.01873779296875 289.574981689453125 279.100006103515625 268.08123779296875 254.3562469482421875 249.625 241.71875 230.1875 216.8874969482421875 204.649993896484375 199.087493896484375 194.8312530517578125 192.149993896484375 192.90625 196.537506103515625 200.4499969482421875 203.850006103515625 204.9250030517578125 200.9187469482421875 197.09375 197.34375 204.462493896484375 216.59375 210.6750030517578125 202.256256103515625 196.0437469482421875 192.899993896484375 189.5500030517578125 187.7624969482421875 185.46875 182.412506103515625 180.556243896484375
284.149993896484375 286.381256103515625 289.681243896484375 294.78125 300.412506103515625 305.03125 308.84375 312.056243896484375 313.9375 315.431243896484375 315.931243896484375 314.662506103515625 314.35626220703125 312.193756103515625 302.73748779296875 290.91876220703125 278.48126220703125 264.08123779296875 255.3125 248.149993896484375 237.21875 224.15625 207.6937408447265625 201.431243896484375 196.875 193.8625030517578125 195.28125 197.78125 201.943756103515625 206.71875 209.0749969482421875 203.1062469482421875 195.6312408447265625 190.7312469482421875 193.6687469482421875 203.306243896484375 201.068756103515625 196.068756103515625 192.8625030517578125 189.46875 186.693756103515625 184.40625 182.53125 180.212493896484375 178.5812530517578125
280.89373779296875 284.9375 289.556243896484375 296.16876220703125 303.774993896484375 311.09375 316.9375 321.681243896484375 324.381256103515625 325.625 326.006256103515625 324.912506103515625 326.25 326.475006103515625 314.04998779296875 297.600006103515625 281.868743896484375 271.556243896484375 261.45001220703125 253.3125 239.568756103515625 224.068756103515625 210.3874969482421875 202.774993896484375 197.28125 193.0500030517578125 194.600006103515625 197.818756103515625 200.556243896484375 203.931243896484375 204.8625030517578125 200.993743896484375 188.993743896484375 177.087493896484375 170.1750030517578125 177.037506103515625 185.506256103515625 187.8000030517578125 188.15625 186.881256103515625 184.2687530517578125 182.0124969482421875 180.631256103515625 178.9375 177.881256103515625
