data/historical-monthly-weather-data/wc2.1_cruts4.09_10m_prec_2000-05.asc
ncols        51
nrows        45
xllcorner    -63.500000000000
yllcorner    -7.500000000000
cellsize     0.166666666667
NODATA_value -9999
[rows 0 to 19 of 45, columns 0 to 43 of 51]
439.100006103515625 439.537506103515625 441.256256103515625 451.318756103515625 457.14373779296875 458.243743896484375 453.10626220703125 450.53125 445.42498779296875 443.71875 438.850006103515625 427.162506103515625 417.712493896484375 409.056243896484375 397.037506103515625 387.28125 376.368743896484375 365.287506103515625 357.70001220703125 353.45001220703125 351.86248779296875 350.16876220703125 352.67498779296875 352.306243896484375 353.76873779296875 357.443756103515625 359.743743896484375 364.125 366.537506103515625 377.4375 384.375 394.88751220703125 410.149993896484375 424.04998779296875 438 452.837493896484375 465.725006103515625 473.774993896484375 476.943756103515625 481.89373779296875 482.431243896484375 481.54376220703125 475.92498779296875 475.9375
432.256256103515625 431.256256103515625 438.806243896484375 451.899993896484375 464.53125 466.850006103515625 461.45623779296875 458.881256103515625 455.625 449.087493896484375 443.41876220703125 430.26251220703125 416.875 404.225006103515625 389.6875 376.212493896484375 363.33123779296875 350.23748779296875 343.57501220703125 338.73126220703125 337.45001220703125 337.58123779296875 338.125 341.67498779296875 343.92498779296875 346.51873779296875 352.725006103515625 358.76251220703125 364.524993896484375 375.5625 385.462493896484375 402.75 417.07501220703125 435.98748779296875 451.149993896484375 461.28125 478.23126220703125 488.675018310546875 495.368743896484375 492.82501220703125 492.95623779296875 497.537506103515625 491.725006103515625 484.20623779296875
413.743743896484375 417.53125 429.79376220703125 442.54998779296875 453.399993896484375 457.70001220703125 458.443756103515625 460.25 457.83123779296875 450.975006103515625 442.70623779296875 426.36248779296875 409.60626220703125 391.70001220703125 376.41876220703125 363.350006103515625 348.29376220703125 334.4375 327.48748779296875 323.631256103515625 323.39373779296875 326.475006103515625 328.274993896484375 332.01873779296875 335.412506103515625 342.11248779296875 351.21875 356.91876220703125 361.70623779296875 373.53125 384.9375 400.5 420.54998779296875 437.475006103515625 456.29998779296875 466.48126220703125 482.037506103515625 495.162506103515625 499.993743896484375 501.868743896484375 507.09375 503.28125 500.912506103515625 493.537506103515625
389.587493896484375 391.649993896484375 412.42498779296875 425.537506103515625 438.100006103515625 442.162506103515625 445.70623779296875 452.256256103515625 456.23748779296875 451.26873779296875 438.600006103515625 419.40625 397.181243896484375 377.5625 361.33123779296875 346.32501220703125 330.16876220703125 317.818756103515625 311.125 310.34375 315.70623779296875 318.024993896484375 319.0625 324.79998779296875 329.681243896484375 335.48126220703125 346.23748779296875 350.912506103515625 356.54998779296875 372.081268310546875 385.131256103515625 400.73748779296875 418.88751220703125 435.48748779296875 451.149993896484375 470.318756103515625 489.04376220703125 502.743743896484375 509.287506103515625 513.61248779296875 516.5374755859375 517.89373779296875 508.58123779296875 499.21875
390.649993896484375 388.95001220703125 389.63751220703125 402.57501220703125 418.61248779296875 422.32501220703125 428.95001220703125 438.82501220703125 449.162506103515625 449.375 430.631256103515625 404.681243896484375 384.61248779296875 365.399993896484375 348.337493896484375 331.39373779296875 314.131256103515625 303.037506103515625 296.818756103515625 298.125 304.506256103515625 306.931243896484375 307.787506103515625 318.16876220703125 322.899993896484375 329.70001220703125 335.5 345.09375 353.11248779296875 367.524993896484375 383.462493896484375 397.39373779296875 414.506256103515625 435.631256103515625 454.41876220703125 470.70623779296875 492.243743896484375 510.681243896484375 520.1187744140625 524.3499755859375 530.71875 525.1875 516.61248779296875 509.762481689453125
386.649993896484375 386.65625 385.287506103515625 381.631256103515625 397.98126220703125 408.118743896484375 414.524993896484375 420.58123779296875 431.899993896484375 434.337493896484375 418.03125 391.149993896484375 374.64373779296875 358.25 339.26873779296875 325.943756103515625 307.75 295.475006103515625 290.443756103515625 292.975006103515625 297.931243896484375 302.506256103515625 307.13751220703125 312.60626220703125 319.29998779296875 326.600006103515625 333.431243896484375 341 351.181243896484375 366.256256103515625 381.931243896484375 397.95623779296875 414.16876220703125 433.381256103515625 450.58123779296875 469.068756103515625 487.78125 505.006256103515625 521.73748779296875 527.9124755859375 530.15625 526.5687255859375 517.04376220703125 509.91876220703125
386.068756103515625 384.98126220703125 382.75 380.087493896484375 383.431243896484375 385.024993896484375 389.118743896484375 393.66876220703125 390.506256103515625 393.45001220703125 387.337493896484375 371.78125 360.600006103515625 348.32501220703125 333.48748779296875 319.51251220703125 307.350006103515625 297.881256103515625 291.318756103515625 293.17498779296875 295.600006103515625 298.412506103515625 299.88751220703125 308.28125 316.95001220703125 327.5625 333.04376220703125 339.92498779296875 346.412506103515625 361.899993896484375 378.42498779296875 391.493743896484375 405.23126220703125 423.15625 441.29376220703125 461.86248779296875 478.10626220703125 495.15625 513.6624755859375 525.8375244140625 526.84375 519.8125 511.493743896484375 507.850006103515625
384.212493896484375 382.5625 379.79376220703125 380.0625 382.356231689453125 382.57501220703125 373.16876220703125 356.33123779296875 342.037506103515625 348.037506103515625 356.681243896484375 352.51251220703125 349.04998779296875 339.48748779296875 328.4375 318.42498779296875 307.89373779296875 301.381256103515625 294.806243896484375 291.068756103515625 295.806243896484375 296.787506103515625 298.42498779296875 303.0625 314.08123779296875 319.10626220703125 328.556243896484375 334.15625 341.45623779296875 356.58123779296875 372.125 384.38751220703125 399.0625 412.45623779296875 425.70001220703125 442.95001220703125 461.068756103515625 480.79998779296875 495.287506103515625 501.45001220703125 509.95623779296875 505 500.29376220703125 492.92498779296875
383.07501220703125 381.850006103515625 380.98126220703125 378.943756103515625 378.587493896484375 375.63751220703125 365.837493896484375 351.556243896484375 330.068756103515625 321.443756103515625 330.774993896484375 336.15625 340.318756103515625 333.42498779296875 324.78125 318.368743896484375 310.46875 306.368743896484375 303.21875 293.54998779296875 291.04998779296875 295.181243896484375 292.70623779296875 304.33123779296875 309.1875 313.01873779296875 318.618743896484375 328.475006103515625 340.125 351.75 368.125 377.17498779296875 382.85626220703125 391.08123779296875 405.743743896484375 423.381256103515625 441.5 460.71875 478.125 482.70001220703125 485.725006103515625 481.78125 483.70001220703125 483.70001220703125
380.79376220703125 381.912506103515625 380.90625 380.26873779296875 375.67498779296875 372.41876220703125 364.64373779296875 353.5625 340.90625 334.962493896484375 335.13751220703125 330.1875 335.743743896484375 329.693756103515625 324.58123779296875 316.649993896484375 309.63751220703125 305.881256103515625 303.92498779296875 299.5 294.118743896484375 290.38751220703125 288.931243896484375 297.76873779296875 300.20001220703125 304.23126220703125 309.45001220703125 319.14373779296875 332.625 347.381256103515625 356.91876220703125 362.63751220703125 370.91876220703125 378.899993896484375 387.70001220703125 403.07501220703125 418.375 437.16876220703125 454.76251220703125 468.193756103515625 478.462493896484375 481.09375 472.462493896484375 464.08123779296875
378.1875 381.600006103515625 379.149993896484375 378.73748779296875 374.03125 372.34375 366.40625 354.368743896484375 344.75 342.125 342.65625 341.118743896484375 332.33123779296875 328.693756103515625 321.181243896484375 312.943756103515625 306.787506103515625 304.46875 302.10626220703125 301.0625 305.087493896484375 296.725006103515625 289.381256103515625 282.225006103515625 291.837493896484375 300.33123779296875 305.54998779296875 314.45623779296875 322.58123779296875 332.10626220703125 342.537506103515625 349.693756103515625 355.787506103515625 361.88751220703125 368.16876220703125 378.443756103515625 392.375 411.63751220703125 433.693756103515625 450.868743896484375 464.068756103515625 464.95623779296875 466.92498779296875 453.89373779296875
377.475006103515625 379.068756103515625 377.5625 377.01251220703125 374.57501220703125 369.149993896484375 366.98748779296875 360.41876220703125 354.556243896484375 347.350006103515625 346.73748779296875 348.368743896484375 333.51873779296875 326.73126220703125 321.33123779296875 310.48126220703125 303.60626220703125 301.0625 299.881256103515625 302.818756103515625 310.36248779296875 307.29998779296875 297.88751220703125 287.3125 283.96875 284.693756103515625 287.96875 296.70623779296875 307.76873779296875 315.66876220703125 320.350006103515625 326.09375 331.493743896484375 336.70001220703125 345.84375 359.90625 375.837493896484375 391.556243896484375 409.78125 428.11248779296875 445.287506103515625 447.66876220703125 442.51251220703125 417.4375
377.76873779296875 376.350006103515625 373.868743896484375 373.587493896484375 370.493743896484375 368.375 363.5 356.51873779296875 352.51873779296875 350.54998779296875 349.006256103515625 347.63751220703125 338.243743896484375 318.881256103515625 310.162506103515625 304.693756103515625 297.475006103515625 295.26873779296875 293.83123779296875 296.625 307.618743896484375 303.63751220703125 295.23748779296875 284.618743896484375 267 262.83123779296875 273.9375 284 295.931243896484375 303.975006103515625 305.118743896484375 304.756256103515625 307.86248779296875 311.20001220703125 320.70001220703125 337.90625 355.443756103515625 375.212493896484375 396.837493896484375 414.26873779296875 427.53125 431.38751220703125 414.04998779296875 395.850006103515625
370.09375 369.57501220703125 368.8125 367.818756103515625 366.837493896484375 362.962493896484375 357.506256103515625 352.506256103515625 351.35626220703125 349.018768310546875 341.1875 336.03125 327.13751220703125 314.40625 295.07501220703125 292.649993896484375 285.568756103515625 281.78125 282.5 285.73126220703125 293.268768310546875 291.76873779296875 286.33123779296875 280.0625 267.91876220703125 261.649993896484375 266.01873779296875 271.29998779296875 280.6875 284.53125 289.08123779296875 286.61248779296875 288.73748779296875 291.86248779296875 298.76873779296875 318.90625 341.39373779296875 364.91876220703125 388.51251220703125 401.462493896484375 399.212493896484375 390.10626220703125 390.8125 394.53125
362.524993896484375 364.0625 364.375 362.76251220703125 360.600006103515625 357.462493896484375 355.79376220703125 353.16876220703125 348.91876220703125 342.225006103515625 333.193756103515625 325.89373779296875 314.274993896484375 301.131256103515625 277.76873779296875 273.475006103515625 269.024993896484375 269.068756103515625 269.537506103515625 271.14373779296875 279.0625 281.15625 280.850006103515625 283.48748779296875 281.20623779296875 278.25 276.462493896484375 277.899993896484375 280.96875 280.86248779296875 275.08123779296875 270.337493896484375 275.556243896484375 273.631256103515625 274 289.899993896484375 324.8125 356.1875 376.431243896484375 383.40625 379.36248779296875 380.20001220703125 392.725006103515625 393.92498779296875
354.01251220703125 354.912506103515625 357.32501220703125 357.399993896484375 354.5 353.875 353.193756103515625 349.943756103515625 342.962493896484375 336.78125 326.04376220703125 316.493743896484375 304.39373779296875 293.006256103515625 273.350006103515625 253.2375030517578125 252.837493896484375 258.649993896484375 256.57501220703125 257.774993896484375 265.95001220703125 274.86248779296875 281.524993896484375 290.32501220703125 291.287506103515625 287.65625 283.5 280.306243896484375 280.537506103515625 280.26251220703125 277.631256103515625 270.118743896484375 262.10626220703125 254.662506103515625 252.8562469482421875 283.13751220703125 308.962493896484375 336.837493896484375 360.350006103515625 375.53125 379.368743896484375 379.712493896484375 384.125 376.899993896484375
347.681243896484375 349.350006103515625 349.38751220703125 351.193756103515625 352.11248779296875 348.993743896484375 346.350006103515625 342.149993896484375 337.381256103515625 330.51873779296875 321.368743896484375 313.23748779296875 300.07501220703125 286.92498779296875 270.837493896484375 254.475006103515625 237.287506103515625 241.1437530517578125 243.6062469482421875 245.850006103515625 254.8562469482421875 264.85626220703125 277.725006103515625 293.600006103515625 301.350006103515625 289.6875 281.86248779296875 278.818756103515625 278.1875 276.88751220703125 275.10626220703125 271.78125 265.381256103515625 260.256256103515625 272.1875 288.725006103515625 313.8125 340.78125 370.20001220703125 376.037506103515625 377.068756103515625 372.70001220703125 366.0625 363.79376220703125
339.8125 344.07501220703125 346.181243896484375 346.92498779296875 348.006256103515625 348.36248779296875 343.774993896484375 337.743743896484375 330.725006103515625 324.518768310546875 315.60626220703125 310.225006103515625 294.39373779296875 283.26873779296875 268.23126220703125 253.8625030517578125 237.8000030517578125 224.2062530517578125 234.6999969482421875 235.212493896484375 243.0625 254.193756103515625 267.42498779296875 283.84375 293.88751220703125 286.76873779296875 274.931243896484375 274.73748779296875 275.3125 269.774993896484375 258.868743896484375 250.806243896484375 265.350006103515625 273.162506103515625 280.024993896484375 308.4375 333.225006103515625 348.306243896484375 366.537506103515625 374.087493896484375 364.625 358.4375 352.54376220703125 351.618743896484375
331.88751220703125 337.256256103515625 338.931243896484375 343.037506103515625 346.15625 344.100006103515625 340.84375 336.54376220703125 329.21875 324.09375 312.98748779296875 298.931243896484375 285.70001220703125 275.79376220703125 262.024993896484375 250.875 239.2687530517578125 222.7624969482421875 217.4875030517578125 219.6125030517578125 228.4375 242.8562469482421875 242.756256103515625 260.381256103515625 270.84375 276.056243896484375 273.475006103515625 267.98748779296875 268.57501220703125 262.868743896484375 255.568756103515625 255.0749969482421875 267.149993896484375 275.11248779296875 285.962493896484375 309.03125 324.287506103515625 334.850006103515625 352.056243896484375 353.899993896484375 347.4375 339.70001220703125 339.068756103515625 342.6875
322.46875 329.193756103515625 332.65625 334.29998779296875 338.71875 342.73126220703125 341.431243896484375 336.73126220703125 329.131256103515625 319.96875 311.65625 302.89373779296875 293.743743896484375 278.96875 262.73126220703125 242.21875 225.2312469482421875 221.2750091552734375 214.412506103515625 213.087493896484375 213.9812469482421875 222.5812530517578125 235.28125 244.9812469482421875 250.618743896484375 250.975006103515625 253.649993896484375 258.23126220703125 254.5749969482421875 246.9250030517578125 246 258.881256103515625 266.331268310546875 271.850006103515625 285.5 303.537506103515625 317.01251220703125 327.28125 334.71875 337.88751220703125 328.70623779296875 321.568756103515625 326.89373779296875 331.506256103515625
