data/historical-monthly-weather-data/wc2.1_cruts4.09_10m_prec_1992-03.asc
ncols        51
nrows        45
xllcorner    -63.500000000000
yllcorner    -7.500000000000
cellsize     0.166666666667
NODATA_value -9999
[rows 20 to 39 of 45, columns 0 to 44 of 51]
262.01873779296875 273.068756103515625 284.66876220703125 296.96875 310.024993896484375 323.193756103515625 335.568756103515625 345.64373779296875 352.381256103515625 354.84375 354.5 355.618743896484375 357.54376220703125 361.20623779296875 354.07501220703125 340.631256103515625 328.787506103515625 321.16876220703125 317.84375 314.73126220703125 313.40625 312.3125 310.618743896484375 314 318.82501220703125 324.443756103515625 331 337.350006103515625 343.20001220703125 346.11248779296875 343.10626220703125 334.524993896484375 317.9375 296.98126220703125 277.1875 297.26251220703125 326.20623779296875 341.887481689453125 348.01251220703125 347.91876220703125 344.5 339.39373779296875 332.556243896484375 326.82501220703125 322.82501220703125
255.8562469482421875 267.91876220703125 282.10626220703125 296.100006103515625 311 326.412506103515625 340.83123779296875 353.45001220703125 360.712493896484375 359.787506103515625 353.51873779296875 348.73126220703125 345.20001220703125 344.67498779296875 340.58123779296875 333.58123779296875 327.243743896484375 320.5875244140625 315.712493896484375 311.09375 306.23748779296875 302.64373779296875 302.837493896484375 305.225006103515625 310.087493896484375 317.725006103515625 328.28125 335.006256103515625 340.524993896484375 342.506256103515625 338.556243896484375 330.42498779296875 317.20001220703125 303.568756103515625 296.350006103515625 308.443756103515625 330.40625 345.63751220703125 351.662506103515625 350.100006103515625 345.399993896484375 340.181243896484375 334.03125 328.5625 325.01873779296875
253.0625 266.943756103515625 281.381256103515625 296.78125 312.29376220703125 327.61248779296875 342.45623779296875 359.125 369.85626220703125 363.743743896484375 351.76873779296875 339.181243896484375 329.587493896484375 327.85626220703125 328.45623779296875 326.337493896484375 322.26251220703125 316.556243896484375 310.89373779296875 305.4375 299.38751220703125 293.29376220703125 290.29998779296875 292.17498779296875 299.243743896484375 309.15625 321.006256103515625 329.837493896484375 335.5625 336.818756103515625 334.787506103515625 331.943756103515625 327.23126220703125 321.67498779296875 323.837493896484375 333.493743896484375 347.10626220703125 356.725006103515625 358.73748779296875 354.787506103515625 348.149993896484375 342.125 336.17498779296875 329.868743896484375 326.45623779296875
254.2375030517578125 267.57501220703125 282.193756103515625 297.806243896484375 313.318756103515625 327.51873779296875 343.056243896484375 358.96875 367.60626220703125 359.04998779296875 344.35626220703125 331.337493896484375 317.149993896484375 316.35626220703125 319.84375 320.318756103515625 318.58123779296875 313.73748779296875 306.38751220703125 299.462493896484375 291.73126220703125 283.79376220703125 278.65625 279.899993896484375 285.225006103515625 294.850006103515625 307.756256103515625 319.75 328.58123779296875 334.068756103515625 337.475006103515625 338.837493896484375 339.087493896484375 340.11248779296875 346.118743896484375 356.23126220703125 365.67498779296875 367.850006103515625 364.524993896484375 358.51251220703125 351.274993896484375 343.868743896484375 337.36248779296875 329.96875 327.73126220703125
260.806243896484375 272.04376220703125 284.068756103515625 299.20001220703125 315.54376220703125 328.76873779296875 340.60626220703125 351.837493896484375 356.024993896484375 351.01873779296875 341.42498779296875 329.043731689453125 320.056243896484375 317.037506103515625 316.98748779296875 318.0625 316.32501220703125 311.662506103515625 304.64373779296875 295.11248779296875 284.287506103515625 274.21875 266.212493896484375 264.34375 270.537506103515625 283.54998779296875 296.756256103515625 312.056243896484375 323.58123779296875 334.54998779296875 341.375 346.268768310546875 350.899993896484375 355.412506103515625 361.48748779296875 365.91876220703125 371.83123779296875 372.65625 367.568756103515625 362.381256103515625 354.931243896484375 346.475006103515625 337.46875 331.850006103515625 325.04376220703125
271.587493896484375 282.100006103515625 290.38751220703125 303.85626220703125 316.86248779296875 327.45623779296875 336.66876220703125 344.51873779296875 346.375 343.10626220703125 336.9375 329.88751220703125 323.912506103515625 319.868743896484375 318.51873779296875 319.04998779296875 316.3125 311.881256103515625 305.118743896484375 293.100006103515625 281.443756103515625 267.131256103515625 254.25 248.4499969482421875 256.912506103515625 273.381256103515625 291.056243896484375 306.58123779296875 321.006256103515625 335.181243896484375 346.100006103515625 355.54998779296875 363.381256103515625 367.58123779296875 371.506256103515625 373.006256103515625 375.58123779296875 375.475006103515625 371.08123779296875 365.131256103515625 358.125 348.23126220703125 335.95001220703125 328.76251220703125 322.53125
285.07501220703125 290.96875 298.337493896484375 307.475006103515625 316.71875 324.86248779296875 331.056243896484375 336.193756103515625 337.556243896484375 337.10626220703125 334.806243896484375 330.699981689453125 326.90625 324.29998779296875 323.36248779296875 322.662506103515625 321.64373779296875 315.73126220703125 307.54376220703125 296.89373779296875 282.53125 266.462493896484375 248.7375030517578125 240.65625 253.024993896484375 269.40625 287.962493896484375 303.48126220703125 318.71875 334.068756103515625 347.73126220703125 361.493743896484375 372.45001220703125 375.11248779296875 377.149993896484375 378.04376220703125 380.04376220703125 379.243743896484375 375.399993896484375 370.399993896484375 362 350.381256103515625 336.15625 326.42498779296875 328.087493896484375
300.024993896484375 302.76873779296875 307.318756103515625 313.0625 317.51873779296875 322.5625 328.368743896484375 331.712493896484375 333.01873779296875 333.65625 332.306243896484375 330.225006103515625 328.943756103515625 328.131256103515625 327.58123779296875 326.837493896484375 326.45001220703125 322.837493896484375 315.17498779296875 304.85626220703125 290.79376220703125 274.25 261.48748779296875 255.3625030517578125 261.756256103515625 274.268768310546875 290.0625 305.3125 319.48748779296875 333.17498779296875 346.59375 359.53125 370.82501220703125 374.91876220703125 378.318756103515625 380.037506103515625 380.4375 381.41876220703125 379.15625 376.524993896484375 371.975006103515625 358.38751220703125 339.73126220703125 328.79998779296875 340.337493896484375
313.868743896484375 314.331268310546875 315.98126220703125 317.431243896484375 320.70623779296875 323.11248779296875 325.04998779296875 327.21875 329.17498779296875 329.975006103515625 330.787506103515625 330.631256103515625 330.70623779296875 331.818756103515625 333.100006103515625 334.29376220703125 336.112518310546875 333.212493896484375 327.256256103515625 318.16876220703125 304.5 289.14373779296875 278.28125 271.881256103515625 275.20001220703125 282.51251220703125 294.90625 308.3125 321.0625 333.631256103515625 344.4375 355.29998779296875 366.36248779296875 373.0625 378.45623779296875 380.79376220703125 380.9375 382.32501220703125 381.006256103515625 378.4375 378.39373779296875 364.524993896484375 345.90625 342.95623779296875 357.90625
325.274993896484375 323.381256103515625 322.037506103515625 320.881256103515625 321.368743896484375 320.88751220703125 321.899993896484375 323.225006103515625 325.40625 326.48126220703125 328.11248779296875 330.58123779296875 333.556243896484375 336.431243896484375 339 341.60626220703125 344.368743896484375 347.26873779296875 343.73748779296875 332.443756103515625 318.3125 304.40625 293.4375 287.60626220703125 287.556243896484375 292.21875 301.881256103515625 311.943756103515625 321.70623779296875 332.024993896484375 341.931243896484375 350.67498779296875 360.931243896484375 370.681243896484375 378 380.193756103515625 380.90625 383.462493896484375 378.581268310546875 375.85626220703125 376.60626220703125 372.850006103515625 364.03125 367.07501220703125 374.21875
333.4375 329.193756103515625 325.493743896484375 323.243743896484375 322.006256103515625 319.36248779296875 320.0625 320.26873779296875 322.006256103515625 323.63751220703125 326.14373779296875 329.431243896484375 334.20623779296875 337.899993896484375 342.306243896484375 347.287506103515625 353.912506103515625 358.39373779296875 359.493743896484375 347.95623779296875 333.13751220703125 318.087493896484375 307.806243896484375 301.100006103515625 298.46875 301.993743896484375 307.9375 314.32501220703125 322.23748779296875 330.850006103515625 339.6875 348.756256103515625 359.07501220703125 369.28125 377.806243896484375 379.32501220703125 380.82501220703125 384.368743896484375 378.162506103515625 368.38751220703125 371.76251220703125 379.10626220703125 381.85626220703125 387.256256103515625 395.16876220703125
338.618743896484375 332.618743896484375 327.21875 323.23126220703125 320.92498779296875 317.506256103515625 317.48748779296875 316.306243896484375 317.712493896484375 319.65625 322.618743896484375 326.82501220703125 331.85626220703125 338.350006103515625 345.15625 352.399993896484375 357.399993896484375 361.79998779296875 363.21875 356.71875 342.33123779296875 329.600006103515625 318.193756103515625 310.681243896484375 309.15625 309.649993896484375 312.256256103515625 317.51873779296875 321.931243896484375 330.13751220703125 338.649993896484375 347.14373779296875 356.587493896484375 367.09375 376.32501220703125 378.86248779296875 382.76873779296875 385.756256103515625 377.318756103515625 372.125 380.40625 393.537506103515625 402.32501220703125 415.181243896484375 427.418731689453125
339.806243896484375 334.04376220703125 328.01251220703125 323.33123779296875 319.225006103515625 316.61248779296875 314.67498779296875 312.41876220703125 312.32501220703125 314.85626220703125 320.67498779296875 324.818756103515625 331.475006103515625 341.131256103515625 348.28125 354.85626220703125 359.04376220703125 363.581268310546875 363.71875 359.29998779296875 348.837493896484375 337.181243896484375 325.76251220703125 319.85626220703125 317.068756103515625 315.943756103515625 317 320.29376220703125 324.61248779296875 331.1875 338.45001220703125 346.024993896484375 356.41876220703125 367.25 375.912506103515625 381.8125 386.943756103515625 389.806243896484375 385 390.01251220703125 400.068756103515625 413.875 427.70001220703125 443.943756103515625 467.82501220703125
339.912506103515625 334.125 329.46875 324.61248779296875 320.037506103515625 315.75 312.07501220703125 308.931243896484375 307.756256103515625 309.493743896484375 315.037506103515625 322.818756103515625 331.26873779296875 339.76251220703125 346.76251220703125 354.65625 361.04376220703125 364.631256103515625 363.42498779296875 359.95623779296875 352.25 341.79998779296875 332.42498779296875 325.48126220703125 322.181243896484375 319.493743896484375 320.45623779296875 322.13751220703125 326.86248779296875 331.993743896484375 337.274993896484375 345.212493896484375 356.681243896484375 367.57501220703125 378.51873779296875 385.506256103515625 391.01251220703125 394.61248779296875 398.23748779296875 406.756256103515625 416.743743896484375 431.699981689453125 450.79376220703125 470.57501220703125 498.868743896484375
340.068756103515625 335.29376220703125 331.056243896484375 325.70001220703125 319.131256103515625 314.587493896484375 309.21875 305.79376220703125 302.26873779296875 302.212493896484375 308.818756103515625 319.568756103515625 331.006256103515625 340.53125 349.17498779296875 355.60626220703125 362.01873779296875 364.912506103515625 363.88751220703125 360.66876220703125 354.493743896484375 344.54376220703125 335.412506103515625 328.20001220703125 324.96875 322.48748779296875 321.993743896484375 324.006256103515625 326.618743896484375 331.8125 337.71875 345.03125 356.350006103515625 368.506256103515625 379.23126220703125 386.13751220703125 392.78125 402.743743896484375 410.625 420.087493896484375 431.475006103515625 445.23126220703125 464.4375 485.556243896484375 509.89373779296875
340.943756103515625 336.16876220703125 331.79376220703125 326.774993896484375 320.850006103515625 315.10626220703125 309.75 303.568756103515625 297.51873779296875 296.76251220703125 303.28125 316.01251220703125 331.0625 343.39373779296875 351.23126220703125 357.67498779296875 362.0625 364.08123779296875 364.1875 362.23126220703125 355.381256103515625 345.225006103515625 335.337493896484375 328.95623779296875 324.975006103515625 321.875 321.399993896484375 323.743743896484375 326.48126220703125 330.912506103515625 336.95623779296875 343.443756103515625 353.91876220703125 367.32501220703125 378.54998779296875 385.90625 396.38751220703125 407.274993896484375 414.1875 425.04376220703125 437.92498779296875 450.91876220703125 466.51873779296875 487.29998779296875 505.6875
340.524993896484375 337.068756103515625 333.5625 328.756256103515625 324.037506103515625 318.625 312.01251220703125 304.8125 295.850006103515625 289.85626220703125 299.42498779296875 319.287506103515625 335.725006103515625 346.587493896484375 354.40625 358.787506103515625 361.287506103515625 362.5 363.09375 359.256256103515625 352.818756103515625 343.01251220703125 333.6875 326.087493896484375 321.524993896484375 318.70623779296875 318.850006103515625 322.48748779296875 325.26873779296875 330.024993896484375 335.15625 341.024993896484375 353.225006103515625 367.25 378.543731689453125 388.287506103515625 399.79998779296875 411.70623779296875 419.45623779296875 427.42498779296875 438.07501220703125 450.26873779296875 465.350006103515625 483.756256103515625 499.6875
341.20001220703125 339.0625 335.625 332.024993896484375 329.08123779296875 324.39373779296875 318.14373779296875 310.162506103515625 302.48748779296875 293.91876220703125 312.056243896484375 332.962493896484375 344.524993896484375 353.100006103515625 357.443756103515625 360.337493896484375 359.806243896484375 359.6875 358.45001220703125 353.381256103515625 345.20001220703125 336.26251220703125 329.16876220703125 321.51873779296875 317.125 315.03125 315.61248779296875 320.36248779296875 324.34375 328.756256103515625 332.587493896484375 337.850006103515625 350.556243896484375 365.5 376.774993896484375 389 401.212493896484375 411.48126220703125 420.875 429.912506103515625 437.068756103515625 449.26251220703125 460.868743896484375 472.20623779296875 485.98748779296875
343.09375 340.675018310546875 338.787506103515625 336.66876220703125 334.88751220703125 330.38751220703125 327.0625 322.51251220703125 321.318756103515625 329.25 349.92498779296875 355.587493896484375 357.881256103515625 361.412506103515625 363.28125 363.29998779296875 360.64373779296875 357.67498779296875 353.193756103515625 345.931243896484375 335.875 327.15625 320.443756103515625 314.399993896484375 311.068756103515625 310.26251220703125 312.07501220703125 316.23126220703125 320.85626220703125 325.60626220703125 330.73126220703125 335.056243896484375 346.20001220703125 360.33123779296875 374.75 385.181243896484375 395.649993896484375 407.100006103515625 413.89373779296875 420.01873779296875 426.26251220703125 437.45001220703125 446.23126220703125 456.23748779296875 465.381256103515625
345.98126220703125 343.368743896484375 342.54998779296875 341.09375 341.21875 340.5625 338.21875 339.33123779296875 342.23126220703125 349.85626220703125 361.09375 367.8125 370.16876220703125 370.54998779296875 370.556243896484375 367.625 362.693756103515625 356.5625 348.118743896484375 339.212493896484375 327.556243896484375 318.26251220703125 310.23126220703125 305.04998779296875 303.96875 304.51873779296875 306.506256103515625 311.556243896484375 316.34375 320.95001220703125 325.20001220703125 332.556243896484375 345.774993896484375 357.95001220703125 370.82501220703125 381.475006103515625 389.90625 399.51873779296875 406.649993896484375 409.287506103515625 413.024993896484375 422.181243896484375 429.368743896484375 436.45623779296875 443.29376220703125
