data/historical-monthly-weather-data/wc2.1_cruts4.09_10m_prec_1953-06.asc
ncols        51
nrows        45
xllcorner    -63.500000000000
yllcorner    -7.500000000000
cellsize     0.166666666667
NODATA_value -9999
[rows 0 to 18 of 45, columns 0 to 42 of 51]
283.5625 281.899993896484375 281.899993896484375 291.29998779296875 296.65625 304.54998779296875 306.625 306.506256103515625 299.79376220703125 303.17498779296875 308.95001220703125 308.98126220703125 309.125 305.587493896484375 300.14373779296875 296.318756103515625 290.162506103515625 284.3125 278.243743896484375 275.3125 275.75 267.524993896484375 261.01251220703125 252.256256103515625 245.6750030517578125 240.681243896484375 240.056243896484375 241.743743896484375 236.2687530517578125 228.59375 215.943756103515625 209.9250030517578125 208.818756103515625 203.8249969482421875 199.78125 197.9875030517578125 195.8562469482421875 195.28125 190.46875 187.9187469482421875 188.3562469482421875 193.537506103515625 191.9187469482421875
278.03125 274.90625 279.45623779296875 285.181243896484375 293.4375 299.71875 300.318756103515625 298.524993896484375 298.13751220703125 299.60626220703125 300.58123779296875 297.23126220703125 288.53125 282.04998779296875 274.787506103515625 269.29998779296875 261.29998779296875 253.1999969482421875 247.0437469482421875 245.46875 243.6437530517578125 236.368743896484375 232.068756103515625 226.5437469482421875 220.631256103515625 215.3000030517578125 216.3625030517578125 216.8562469482421875 213.743743896484375 203.3125 195.34375 193.725006103515625 191.7937469482421875 190.1437530517578125 189.03125 185.3249969482421875 185.09375 184.1125030517578125 180.1937408447265625 178.524993896484375 181.375 178.3687591552734375 182.1125030517578125
266.8125 269.98126220703125 271.07501220703125 268.818756103515625 274 281.23748779296875 283.45623779296875 288.42498779296875 288.243743896484375 288.03125 284.818756103515625 276.64373779296875 269.04998779296875 256.368743896484375 247.524993896484375 240.868743896484375 231.5 224.024993896484375 218.2312469482421875 214.306243896484375 212.3312530517578125 209.8562469482421875 204.6437530517578125 203.3312530517578125 195.4625091552734375 189.9375 195.4499969482421875 195.5812530517578125 191.4250030517578125 187.71875 179.5187530517578125 175.59375 173.993743896484375 174.3312530517578125 171.8125 165.600006103515625 167.837493896484375 170.181243896484375 167.8562469482421875 167.5 172.21875 171.71875 172.912506103515625
254.1750030517578125 251.524993896484375 254.3312530517578125 253.2062530517578125 251.1624908447265625 256.225006103515625 262.131256103515625 267.63751220703125 270.850006103515625 271.693756103515625 264.71875 253.5187530517578125 241.9812469482421875 228.9187469482421875 221.1437530517578125 214.3249969482421875 203.024993896484375 196.806243896484375 191.2624969482421875 192.7312469482421875 188.4812469482421875 180.993743896484375 177.149993896484375 177.46875 170.556243896484375 166.306243896484375 170.3625030517578125 170.15625 171.0812530517578125 169.4562530517578125 164.65625 159.556243896484375 158.149993896484375 154.912506103515625 153.03125 155.943756103515625 159.118743896484375 159.693756103515625 157.6624908447265625 157.943756103515625 161.59375 164.962493896484375 165.7062530517578125
260.59375 253.368743896484375 237.631256103515625 235.056243896484375 235.8874969482421875 235.5500030517578125 240.2375030517578125 248.6374969482421875 255.743743896484375 256.712493896484375 248.368743896484375 229.5812530517578125 217.9375 206.71875 196.693756103515625 189.4499969482421875 181.03125 171.0187530517578125 165.0124969482421875 164.1374969482421875 159.649993896484375 155.1875 152.037506103515625 151.5187530517578125 146.125 143.774993896484375 146.75 152.350006103515625 154.9812469482421875 151.181243896484375 150.024993896484375 148.0187530517578125 145.4812469482421875 144.125 145.0812530517578125 144.7687530517578125 147.75 151.087493896484375 148.6437530517578125 147.6437530517578125 151.9187469482421875 154.975006103515625 157.125
249.1875 245.2624969482421875 230.693756103515625 212.1687469482421875 215.3312530517578125 223.475006103515625 224.3125 228.6687469482421875 238.1125030517578125 240.256256103515625 227.6062469482421875 210.962493896484375 200.6062469482421875 190.2937469482421875 179.056243896484375 171.8125 162.649993896484375 152.493743896484375 147.6750030517578125 143.975006103515625 141.5187530517578125 136.9499969482421875 133.3249969482421875 130.3874969482421875 128.9875030517578125 128.3874969482421875 130.6437530517578125 136.5749969482421875 140.3312530517578125 137.8249969482421875 138.9875030517578125 138.0749969482421875 138.0124969482421875 135.4812469482421875 132.8874969482421875 137.6999969482421875 138.2062530517578125 136.46875 138.1750030517578125 142.7062530517578125 144.1750030517578125 148.53125 148.899993896484375
243.162506103515625 235.068756103515625 221.712493896484375 207.6999969482421875 196.443756103515625 194.78125 195.1875 203.3312530517578125 204.806243896484375 206.1125030517578125 199.712493896484375 188.2624969482421875 182.0500030517578125 175.0749969482421875 165.350006103515625 157.5187530517578125 150.34375 139.84375 130.462493896484375 126.1999969482421875 120.59999847412109375 117.22499847412109375 113.56874847412109375 113.52500152587890625 115.6437530517578125 115.875 118.33750152587890625 122.94374847412109375 126.93125152587890625 130.087493896484375 128.181243896484375 125.65625 124.48749542236328125 125.1374969482421875 126.7375030517578125 127.7062530517578125 125.40625 126.27500152587890625 127.75 133.3125 135.162506103515625 138.0187530517578125 140.850006103515625
234.25 220.568756103515625 208.2937469482421875 200.4187469482421875 189.7687530517578125 189.568756103515625 179.71875 171.4499969482421875 165.65625 169.6374969482421875 170.431243896484375 166.756256103515625 163.96875 158.524993896484375 153.1062469482421875 145.868743896484375 136.4499969482421875 126.3000030517578125 116.0187530517578125 107.28125 107.8937530517578125 103.3562469482421875 99.4499969482421875 99.6125030517578125 102.0749969482421875 101.78749847412109375 105.5187530517578125 110.3125 114.7687530517578125 115.34999847412109375 118.9812469482421875 116.84375 116.3562469482421875 115.7375030517578125 113.7375030517578125 114.09999847412109375 114.56874847412109375 115.5124969482421875 114.80625152587890625 117.06874847412109375 121.0625 126.625 126.47499847412109375
222.556243896484375 210.8625030517578125 196.8249969482421875 187.162506103515625 178.9562530517578125 173.850006103515625 170.7937469482421875 165.912506103515625 154.4187469482421875 147.568756103515625 146.7687530517578125 147.350006103515625 150.5500030517578125 147.556243896484375 142.193756103515625 133.5812530517578125 128.4875030517578125 120.2937469482421875 111.625 101.40000152587890625 95.1750030517578125 95.1750030517578125 89.30625152587890625 92.4250030517578125 92.56874847412109375 93.0749969482421875 96.8625030517578125 102.8000030517578125 109.77500152587890625 110.03125 114.03749847412109375 107.72499847412109375 102.90625 101.18125152587890625 102.38124847412109375 106.83750152587890625 109.4499969482421875 112.09375 111.77500152587890625 111.43125152587890625 112.44374847412109375 112.7687530517578125 117.84999847412109375
211.493743896484375 200.3625030517578125 187.7062530517578125 178.28125 169.8125 163.8312530517578125 159.6437530517578125 152.3000030517578125 147.5749969482421875 142.506256103515625 137.5124969482421875 131.9875030517578125 137.0812530517578125 137.375 132.59375 125.65625 117.9499969482421875 113.90625 106.3562469482421875 98.7687530517578125 90.9875030517578125 86.5124969482421875 80.4562530517578125 81.9499969482421875 81.5187530517578125 83.97499847412109375 88.22499847412109375 93.05625152587890625 97.6750030517578125 100.99375152587890625 103.3249969482421875 100.09375 98.2624969482421875 97.08750152587890625 95.66249847412109375 98.56874847412109375 102.65625 106.84999847412109375 108.46250152587890625 112.25624847412109375 115.3125 115.53749847412109375 111.6875
203.712493896484375 190.7375030517578125 178.3937530517578125 168.2312469482421875 158.5437469482421875 154.725006103515625 147.006256103515625 140.225006103515625 137.9187469482421875 135.1687469482421875 132.443756103515625 128.15625 125.96250152587890625 127.1125030517578125 121.47499847412109375 115.06874847412109375 107.8625030517578125 101.75624847412109375 97.34999847412109375 93.8125 91.66249847412109375 84.75624847412109375 75.81874847412109375 69.86875152587890625 72.6875 78.8874969482421875 84 87.0812530517578125 89.58124542236328125 91.6750030517578125 93.58750152587890625 92.65625 92.1875 91.6750030517578125 91.1750030517578125 92.09375 96.09375 99.02500152587890625 105.1125030517578125 107.90625 110.34375 108.7687530517578125 107.96875
193.399993896484375 181.806243896484375 172.65625 160.53125 151.8125 145.4812469482421875 141.75 136.4562530517578125 133.8125 127.8312530517578125 127.09375 123.7312469482421875 115.4875030517578125 115.2375030517578125 113.0437469482421875 106.36875152587890625 99.59375 94.97499847412109375 92.15000152587890625 92.33750152587890625 90.90000152587890625 85.21250152587890625 75.86875152587890625 68.0749969482421875 68.16249847412109375 70.68125152587890625 74.11875152587890625 78.78749847412109375 83.5 84.5625 83.05625152587890625 84.75624847412109375 85.1999969482421875 83.4562530517578125 84.90625 88.96250152587890625 94.2937469482421875 98.1875 99.34375 105.21875 108.34375 106.1374969482421875 98.02500152587890625
187.306243896484375 174.943756103515625 164.7312469482421875 153.3000030517578125 145.756256103515625 138.306243896484375 133.631256103515625 129.0500030517578125 125.0124969482421875 121.86875152587890625 120.21250152587890625 117.28125 111.9499969482421875 102.84375 98.5124969482421875 94.8000030517578125 89.8249969482421875 87.24375152587890625 82.25624847412109375 82.09375 82.5812530517578125 78.0124969482421875 71.53125 66.08124542236328125 62.09999847412109375 63.331249237060546875 68.19374847412109375 73.22499847412109375 78.4562530517578125 81 79.1062469482421875 77.81874847412109375 79.9875030517578125 77.55625152587890625 78.6437530517578125 83.75624847412109375 91.3937530517578125 97.21875 104.9812469482421875 107.8312530517578125 106.21875 102.41249847412109375 89.90000152587890625
179.524993896484375 167.912506103515625 157.0500030517578125 146.681243896484375 136.9812469482421875 131.1062469482421875 125.25 121.9812469482421875 119.7624969482421875 115.96250152587890625 113.6750030517578125 107.49375152587890625 102.47499847412109375 95.3874969482421875 85.1687469482421875 83.6687469482421875 78.91249847412109375 75.7062530517578125 72.75 72.125 72.09999847412109375 68.6374969482421875 64.09999847412109375 62.28125 60.649997711181640625 59.981250762939453125 62.612499237060546875 66.09999847412109375 70.46250152587890625 72.47499847412109375 74.0187530517578125 74.1062469482421875 74.50624847412109375 75.05625152587890625 74.25 82.52500152587890625 92.59999847412109375 101.5749969482421875 110 110.9499969482421875 100.3312530517578125 92.21250152587890625 89.52500152587890625
168.1125030517578125 157.649993896484375 149.1687469482421875 140.3625030517578125 130.806243896484375 124.90000152587890625 120.2624969482421875 115.66249847412109375 112.94374847412109375 110.06874847412109375 106.5187530517578125 100.3562469482421875 94.2375030517578125 85.93125152587890625 75.3625030517578125 72.88124847412109375 69.28125 68.0625 64.15000152587890625 63.05625152587890625 63.956249237060546875 61.96250152587890625 60.1875 60.28749847412109375 61.52500152587890625 61.768749237060546875 64.375 67.08750152587890625 71.6125030517578125 71.13124847412109375 69.78125 71.52500152587890625 74.90625 72.6437530517578125 69.625 73.81874847412109375 88.15000152587890625 103.3937530517578125 109.8000030517578125 107.95624542236328125 104.24375152587890625 101.2687530517578125 102.31874847412109375
159.256256103515625 147.8874969482421875 140.100006103515625 130.625 124.1687469482421875 119.19374847412109375 113.90625 108.6062469482421875 107.40000152587890625 106.55625152587890625 102.63124847412109375 95.375 88.52500152587890625 80.1687469482421875 70.9875030517578125 61.19374847412109375 59.59375 59.99375152587890625 56.856250762939453125 55.8125 56.46875 56.143749237060546875 56.518749237060546875 58.96250152587890625 60.90000152587890625 61.768749237060546875 63.31874847412109375 66.5187530517578125 69.58750152587890625 72.3125 72.53125 71.71875 68.8125 65.5749969482421875 63.25624847412109375 76.06874847412109375 84.1062469482421875 95.19374847412109375 105.06874847412109375 110.88124847412109375 113.72499847412109375 111.93125152587890625 106.08750152587890625
149.225006103515625 139.7624969482421875 130.756256103515625 124.11875152587890625 117.7375030517578125 113.5 108.3562469482421875 104.0124969482421875 100.41249847412109375 98.44374847412109375 96.59999847412109375 90 81.4187469482421875 73.15000152587890625 67.0812530517578125 58.40000152587890625 49.69374847412109375 49.75 49.5 48.393749237060546875 48.80625152587890625 50.40000152587890625 51.68125152587890625 56.46250152587890625 58.84999847412109375 58.21875 59.72499847412109375 62.40625 67.6062469482421875 71.13124847412109375 73.5812530517578125 74.97499847412109375 72.1062469482421875 71.5812530517578125 76.21875 82.5625 92.30625152587890625 101.53749847412109375 110.8562469482421875 110.2937469482421875 113.03749847412109375 108.40000152587890625 99.6437530517578125
137.4812469482421875 129.2624969482421875 122.94374847412109375 116.36875152587890625 110.30625152587890625 107.19374847412109375 101.46250152587890625 96.59999847412109375 93.33750152587890625 89.96250152587890625 87.09375 82.43125152587890625 74.0187530517578125 66.875 62.08750152587890625 55.31874847412109375 47.21250152587890625 40.950000762939453125 43.456249237060546875 41.168750762939453125 42.06874847412109375 44.21875 47.80625152587890625 52.18125152587890625 55.96250152587890625 55.68125152587890625 56.168750762939453125 61.268749237060546875 65.9499969482421875 68.1999969482421875 67.61875152587890625 67.08750152587890625 76.46250152587890625 78.5500030517578125 80.5500030517578125 96.0749969482421875 104.40625 104.86875152587890625 109.125 110.0124969482421875 103.18125152587890625 96.5437469482421875 90.0625
126.9187469482421875 120.81874847412109375 114.59375 108.68125152587890625 103.1687469482421875 98.25624847412109375 93.125 88.0812530517578125 86.0812530517578125 84.21250152587890625 80.99375152587890625 72.9812469482421875 66.05625152587890625 60.53749847412109375 55.106250762939453125 49.71875 45.21250152587890625 38.356250762939453125 34.90625 33.75 36.637500762939453125 40.69374847412109375 40.53749847412109375 46.08750152587890625 49.893749237060546875 54.125 56.862499237060546875 58.90000152587890625 64.7624969482421875 67.0812530517578125 67.9562530517578125 71.28125 76.3625030517578125 77.375 82.34999847412109375 93.94374847412109375 98.21875 97.8312530517578125 101.03749847412109375 98.71250152587890625 93.03749847412109375 84.68125152587890625 81.71250152587890625
