data/historical-monthly-weather-data/wc2.1_cruts4.09_10m_prec_1978-11.asc
ncols        51
nrows        45
xllcorner    -63.500000000000
yllcorner    -7.500000000000
cellsize     0.166666666667
NODATA_value -9999
[rows 20 to 39 of 45, columns 0 to 43 of 51]
147.0749969482421875 144.368743896484375 140.7312469482421875 136.7375030517578125 132.412506103515625 130.412506103515625 128.493743896484375 126.0625 125.25 123.6125030517578125 120.6750030517578125 114.22499847412109375 106.66249847412109375 98.15000152587890625 90.6999969482421875 83.375 76.90625 72.6062469482421875 70.1875 67.30625152587890625 64.19374847412109375 60.112499237060546875 55.83750152587890625 55.08750152587890625 54.91249847412109375 54.418750762939453125 55.125 54.74375152587890625 53.71250152587890625 53.862499237060546875 54.5625 56.56874847412109375 55.40625 54.00624847412109375 52.71875 52.41249847412109375 51.61875152587890625 50.875 49.96875 49.11875152587890625 47.90000152587890625 46.59999847412109375 44.9375 43.09375
145.350006103515625 141.9250030517578125 138.774993896484375 135.1374969482421875 131.493743896484375 129.9187469482421875 128.899993896484375 127.25 127.71250152587890625 127.06874847412109375 124.8874969482421875 120.1437530517578125 113.8312530517578125 105.7312469482421875 97.18125152587890625 88.90625 82.08750152587890625 76.46875 72.24375152587890625 68.56874847412109375 64.21875 59.950000762939453125 56.268749237060546875 55.387500762939453125 54.81874847412109375 54.38124847412109375 55.99375152587890625 56.5625 57.02500152587890625 58.706249237060546875 60.21250152587890625 62.581249237060546875 61.1875 60.081249237060546875 59.13124847412109375 58.481250762939453125 57.393749237060546875 56.112499237060546875 54.25 52.762500762939453125 50.918750762939453125 49.112499237060546875 47.18125152587890625 45.268749237060546875
143.8625030517578125 141.475006103515625 138.068756103515625 134.368743896484375 130.912506103515625 129.5 128.412506103515625 128.149993896484375 129.7687530517578125 129.75 128.9812469482421875 125.83750152587890625 122.7312469482421875 115.5625 104.59375 94.59999847412109375 86.5625 80.0187530517578125 74.41249847412109375 69.53125 64.8874969482421875 60.375 56.47499847412109375 55.450000762939453125 55.143749237060546875 55.018749237060546875 56.862499237060546875 58.61875152587890625 59.856250762939453125 62.606250762939453125 65.71250152587890625 68.7937469482421875 67.9187469482421875 66.84375 65.6374969482421875 64.86875152587890625 63.481250762939453125 61.15625 58.518749237060546875 56.299999237060546875 54.112499237060546875 51.78749847412109375 49.487499237060546875 47.24375152587890625
143.25 141.1750030517578125 137.5749969482421875 133.0124969482421875 129.475006103515625 128.975006103515625 128.6125030517578125 129 130.3249969482421875 130.9250030517578125 130.9499969482421875 131.0625 130.493743896484375 123.3000030517578125 110.8312530517578125 99.8000030517578125 90.8125 83.50624847412109375 76.8562469482421875 70.84375 65.91249847412109375 61.200000762939453125 56.981250762939453125 56.06874847412109375 55.90625 55.93125152587890625 59.09375 61.081249237060546875 63.524997711181640625 67.21250152587890625 71.75624847412109375 75.8000030517578125 74.84375 73.41249847412109375 72.1875 71.30625152587890625 69.24375152587890625 65.5625 62.40625 59.55625152587890625 56.831249237060546875 54.331249237060546875 51.91249847412109375 49.5
144.881256103515625 142.0812530517578125 137.9250030517578125 132.90625 129.375 128.537506103515625 128.087493896484375 128.3562469482421875 129.9187469482421875 130.7624969482421875 131.4875030517578125 131.1875 130.5187530517578125 125.3562469482421875 114.28125 103.4375 94.1374969482421875 85.9562530517578125 78.78749847412109375 72.21875 66.8625030517578125 61.61875152587890625 57.581249237060546875 56.63124847412109375 56.40625 57.25624847412109375 60.75 64.0124969482421875 67.09375 72.2062530517578125 77.47499847412109375 82.3000030517578125 81.2937469482421875 79.6374969482421875 77.8125 75.69374847412109375 72.9499969482421875 68.75624847412109375 65.4375 62.512500762939453125 59.387500762939453125 56.75624847412109375 54.58750152587890625 52.44374847412109375
148.6999969482421875 145.8312530517578125 139.0124969482421875 133.7687530517578125 128.84375 127.5625 126.83750152587890625 126.8625030517578125 128.1437530517578125 129.09375 129.65625 129.912506103515625 128.9375 125.3000030517578125 115.93125152587890625 106.0625 97.08750152587890625 88.6437530517578125 81.02500152587890625 74.1374969482421875 68.34375 62.88124847412109375 58.34999847412109375 57.09999847412109375 57.356250762939453125 58.762500762939453125 63.13124847412109375 67.3937530517578125 71.55625152587890625 77.4875030517578125 83.3874969482421875 88.65625 87.53749847412109375 84.9875030517578125 82.61875152587890625 79.4812469482421875 75.78125 71.59999847412109375 68.5625 65.4187469482421875 62.27500152587890625 59.53125 56.78749847412109375 54.84375
152.006256103515625 147.3562469482421875 140.6374969482421875 134.681243896484375 129.2437591552734375 127.36875152587890625 127.09999847412109375 126.5187530517578125 126.625 127.50624847412109375 128.649993896484375 129.4499969482421875 129.1374969482421875 126.78749847412109375 118.50624847412109375 108.96250152587890625 100.4812469482421875 92.2687530517578125 84.6062469482421875 77.2624969482421875 71.22499847412109375 65.53125 60.674999237060546875 59.68125152587890625 60.68125152587890625 62.40625 67.25 72.3000030517578125 77.5 83.21250152587890625 89.54999542236328125 94.7687530517578125 93.1125030517578125 89.69374847412109375 85.90625 82.3937530517578125 78.5500030517578125 74.28749847412109375 71.6125030517578125 68.71875 65.625 62.393749237060546875 59.268749237060546875 56.612499237060546875
155.1875 148.774993896484375 141.8312530517578125 135.287506103515625 129.9187469482421875 127.38750457763671875 126.46875 125.83750152587890625 126.09999847412109375 126.6999969482421875 127.09375 128.568756103515625 129.162506103515625 127.84999847412109375 120.7062530517578125 111.9875030517578125 103.7062530517578125 95.96250152587890625 88.2624969482421875 80.9812469482421875 75.03749847412109375 69.1374969482421875 64.875 64.4812469482421875 65.3625030517578125 67.0124969482421875 72.09999847412109375 77.8937530517578125 83.5437469482421875 89.24375152587890625 95.03125 100.0749969482421875 97.5625 92.88124847412109375 88.70624542236328125 85.00624847412109375 81.09375 77.38124847412109375 74.3874969482421875 72.24375152587890625 69.7375030517578125 66.15000152587890625 61.41249847412109375 58.05625152587890625
158.2062530517578125 150.2062530517578125 142.1437530517578125 135.493743896484375 130.0749969482421875 127.11875152587890625 125.625 124.72499847412109375 125.49375152587890625 125.83750152587890625 126.25 127.94374847412109375 129.5749969482421875 129.1125030517578125 122.65000152587890625 115.36875152587890625 108.15625 100.1125030517578125 92.4875030517578125 85.30625152587890625 79.6062469482421875 73.91249847412109375 69.8562469482421875 70.0625 70.96875 72.56874847412109375 78.1999969482421875 84.11875152587890625 90.2062530517578125 95.24375152587890625 100.63124847412109375 104.875 101.08750152587890625 95.77500152587890625 91.25 87.47499847412109375 83.78749847412109375 79.9875030517578125 77.0749969482421875 74.6125030517578125 72.6437530517578125 68.44374847412109375 63.90000152587890625 61.375
160.96875 152.3125 143.912506103515625 135.84375 130.7062530517578125 127.9250030517578125 126.2312469482421875 125.2937469482421875 125.94374847412109375 125.90000152587890625 126.40000152587890625 128.600006103515625 130.7375030517578125 131.4562530517578125 126.34999847412109375 120.40000152587890625 113.6062469482421875 106.50624847412109375 98.84999847412109375 91.8312530517578125 86.3312530517578125 81.5124969482421875 77.7062530517578125 77.84999847412109375 78.94374847412109375 80.91249847412109375 86.5625 92.375 98.03749847412109375 102.41249847412109375 106.4875030517578125 109.55625152587890625 105.30625152587890625 100.1374969482421875 95.28125 91.0812530517578125 87.08750152587890625 83.7937469482421875 80.09999847412109375 77.22499847412109375 75.09999847412109375 73 69.7312469482421875 67.84375
162.6687469482421875 153.9250030517578125 145.556243896484375 137.6062469482421875 131.837493896484375 129.568756103515625 127.7375030517578125 126.3125 126.22499847412109375 126.7062530517578125 127.46875 130.006256103515625 132.9375 133.587493896484375 130.087493896484375 125.71875 120.8125 113.6437530517578125 105.77500152587890625 99.7624969482421875 94.8125 90.2312469482421875 86.5812530517578125 86.8937530517578125 87.8312530517578125 90.0625 95.3874969482421875 101.25624847412109375 106.47499847412109375 109.4562530517578125 112.34375 114.3937530517578125 109.68125152587890625 104.83750152587890625 99.46250152587890625 95.0500030517578125 91.2375030517578125 88.4250030517578125 84.22499847412109375 79.1374969482421875 77.55625152587890625 77.36875152587890625 75.74375152587890625 73.99375152587890625
163.625 155.4812469482421875 147.5124969482421875 140.743743896484375 135.78125 131.9812469482421875 129.631256103515625 127.5625 127.3125 127.5625 128.4812469482421875 131.625 134.756256103515625 136.625 135.193756103515625 132.53125 128.84375 122.0437469482421875 114.94374847412109375 109.25624847412109375 104.5625 99.91249847412109375 96.1750030517578125 96.47499847412109375 97.91249847412109375 99.8312530517578125 104.78125 110.34999847412109375 114.9812469482421875 117.09999847412109375 118.6875 119.21875 114.44374847412109375 109.1062469482421875 104.3562469482421875 100.02500152587890625 96.25 92.88124847412109375 88.125 84.1374969482421875 83.75 84.49375152587890625 83.875 83.8625030517578125
163.5124969482421875 156.625 149.6062469482421875 143.8937530517578125 139.2937469482421875 135.056243896484375 132.2937469482421875 130.1125030517578125 129.4562530517578125 129.618743896484375 131.618743896484375 134.7375030517578125 138.774993896484375 142.681243896484375 142.5 141.6374969482421875 139.125 133.9499969482421875 127.75 122.25 117.6999969482421875 112.6687469482421875 108.40625 108.6062469482421875 110.00624847412109375 111.6687469482421875 116.19374847412109375 121.1125030517578125 125.65000152587890625 126.46250152587890625 126.68125152587890625 126.03749847412109375 121 115.53125 111.1750030517578125 107.15000152587890625 103.78749847412109375 100.0749969482421875 95.6437530517578125 94.27500152587890625 94.25 95.30625152587890625 96.36875152587890625 98.39374542236328125
162.7687530517578125 157.274993896484375 151.443756103515625 146.9250030517578125 142.4375 138.3000030517578125 134.71875 132.5749969482421875 131.7624969482421875 131.631256103515625 133.46875 138.2375030517578125 143.693756103515625 148.09375 149.78125 150.993743896484375 150.96875 146.75 141.3937530517578125 136.4250030517578125 131.6125030517578125 126.4875030517578125 122.0500030517578125 121.8125 122.86875152587890625 124.03125 128.375 132.59375 136.475006103515625 135.931243896484375 134.84375 133.5124969482421875 128.399993896484375 123.0124969482421875 118.84375 115.28125 111.5 107.25 104.9812469482421875 104.9562530517578125 105.05625152587890625 106.90000152587890625 110.11875152587890625 114.0812530517578125
162.9375 158.556243896484375 153.7937469482421875 149.493743896484375 145.6750030517578125 141.375 137.337493896484375 134.9375 132.881256103515625 133.09375 135.774993896484375 142.1750030517578125 148.9187469482421875 155.3312530517578125 159.318756103515625 161.5124969482421875 163.5124969482421875 160.3562469482421875 155.6999969482421875 151.087493896484375 146.587493896484375 141.287506103515625 136.3874969482421875 135.2687530517578125 135.381256103515625 136.53125 139.9375 144.0500030517578125 147.0625 145.381256103515625 143.4499969482421875 140.975006103515625 135.65625 130.9375 126.21250152587890625 122.11875152587890625 118.2937469482421875 116.40000152587890625 115.15000152587890625 114.8874969482421875 115.6999969482421875 117.75624847412109375 121.52500152587890625 125.9875030517578125
165.0812530517578125 160.9562530517578125 156.6999969482421875 152.5 148.818756103515625 144.8625030517578125 141.006256103515625 137.3249969482421875 134.5 134.056243896484375 138.100006103515625 146.0187530517578125 155.2375030517578125 163.8312530517578125 168.743743896484375 173.493743896484375 175.912506103515625 174.03125 170.8874969482421875 167.756256103515625 163.1374969482421875 156.6437530517578125 151.100006103515625 149.5187530517578125 149.024993896484375 149.3249969482421875 152.1999969482421875 155.875 158.431243896484375 155.2062530517578125 152.868743896484375 149.506256103515625 144.6062469482421875 139.899993896484375 134.5124969482421875 130.100006103515625 128.5749969482421875 126.5812530517578125 124.96875 125.15000152587890625 126.34999847412109375 128.100006103515625 131.1374969482421875 135.337493896484375
167.5500030517578125 163.975006103515625 160.34375 156.7062530517578125 153.006256103515625 149.375 145.21875 141.0812530517578125 137.100006103515625 134.131256103515625 140.306243896484375 153.600006103515625 164.118743896484375 172.3249969482421875 178.712493896484375 184.524993896484375 188.318756103515625 187.2312469482421875 185.1374969482421875 182.4187469482421875 177.600006103515625 171.0124969482421875 165.368743896484375 163.162506103515625 162.006256103515625 162.28125 163.899993896484375 167.4250030517578125 168.993743896484375 165.5812530517578125 162.037506103515625 159.0749969482421875 153.8937530517578125 149.40625 144.0812530517578125 140.524993896484375 138.881256103515625 137.256256103515625 136.15625 135.0124969482421875 135.287506103515625 136.5500030517578125 139.0749969482421875 143.068756103515625
171.4875030517578125 167.881256103515625 164.381256103515625 161.2937469482421875 157.8312530517578125 154.6999969482421875 151.3000030517578125 147.5500030517578125 143.8125 139.9625091552734375 151.837493896484375 167.0437469482421875 175.3937530517578125 182.5749969482421875 189.2687530517578125 195.65625 200.3249969482421875 199.53125 197.4562530517578125 193.6875 189.681243896484375 184.1062469482421875 178.931243896484375 175.7687530517578125 174.4562530517578125 174.3249969482421875 175.287506103515625 178.1875 179.568756103515625 176.125 170.225006103515625 166.412506103515625 162.03125 157.8625030517578125 153.193756103515625 150.712493896484375 149.4375 147.5625 147.28125 146.493743896484375 144.6125030517578125 145.774993896484375 146.59375 148.8312530517578125
172.9250030517578125 169.818756103515625 167.381256103515625 164.78125 161.71875 159.3937530517578125 157.368743896484375 155.4250030517578125 156 161.899993896484375 176.600006103515625 182.6750030517578125 187.53125 193.71875 199.3249969482421875 204.7312469482421875 209.1437530517578125 208.5625 205.9562530517578125 202.96875 198.743743896484375 193.375 189.1750030517578125 186.3874969482421875 183.8937530517578125 183.4562530517578125 183.818756103515625 185.5999908447265625 186.618743896484375 183.0812530517578125 178.368743896484375 174.4812469482421875 170.3249969482421875 166.40625 164.3625030517578125 162.6687469482421875 160.4562530517578125 159.625 158.6812591552734375 155.3812408447265625 152.7937469482421875 153.662506103515625 152.693756103515625 154.1687469482421875
173.9562530517578125 171.6875 169.881256103515625 167.7687530517578125 166.274993896484375 165.6062469482421875 164.7062530517578125 165.53125 169.256256103515625 176.256256103515625 186 193.443756103515625 198.725006103515625 204.5625 209.59375 213.9875030517578125 218.34375 217.5 215.0500030517578125 212.4499969482421875 207.693756103515625 202.6750030517578125 198.03125 194.7624969482421875 193.0625 191.756256103515625 191.3125 192.5187530517578125 192.806243896484375 189.287506103515625 184.975006103515625 184.09375 182.193756103515625 178.96875 177.649993896484375 175.4250030517578125 172.6750030517578125 170.6875 169.6062469482421875 164.75 161.3125 160.993743896484375 159.3000030517578125 158.46875
