data/historical-monthly-weather-data/wc2.1_cruts4.09_10m_prec_1951-06.asc
ncols        45
nrows        45
xllcorner    -63.500000000000
yllcorner    -7.500000000000
cellsize     0.166666666667
NODATA_value -9999
[rows 19 to 37 of 45, columns 0 to 43 of 45]
156.3562469482421875 162.587493896484375 169.3874969482421875 174.475006103515625 182.5437469482421875 194.40625 200.8937530517578125 204 211.3312530517578125 214.850006103515625 216 216.71875 214.0812530517578125 209.8249969482421875 206.4187469482421875 192.59375 185.40625 193.0500030517578125 187.5 193.65625 183.4375 190.962493896484375 209.65625 212.006256103515625 202.431243896484375 193.7687530517578125 185.493743896484375 187.5437469482421875 174.8937530517578125 162.1999969482421875 155.024993896484375 163.368743896484375 160.181243896484375 152.756256103515625 146.9562530517578125 145.3312530517578125 138.274993896484375 122.875 107.40000152587890625 91.3562469482421875 73.6374969482421875 60.887500762939453125 57.331249237060546875 54.27500152587890625
140.4875030517578125 153.9812469482421875 165.7062530517578125 172.7312469482421875 175.649993896484375 183.943756103515625 194.631256103515625 201.3000030517578125 206.556243896484375 208.3249969482421875 211.912506103515625 211.712493896484375 208.4499969482421875 200.618743896484375 193.6062469482421875 190.337493896484375 182.3000030517578125 182.6687469482421875 192.475006103515625 194.1687469482421875 206.256256103515625 215.431243896484375 227.681243896484375 234.6875 227.375 210.6875 185.875 176.662506103515625 168.5437469482421875 164.006256103515625 159.2312469482421875 160.5 147.125 138.943756103515625 132.1687469482421875 130.649993896484375 126.00624847412109375 114.90000152587890625 98.5812530517578125 83.375 69.5749969482421875 59.09375 54.52500152587890625 51.88124847412109375
134.0437469482421875 139.837493896484375 154.587493896484375 167.037506103515625 173.4375 179.181243896484375 188.131256103515625 194.40625 198.8249969482421875 205.0124969482421875 208.09375 204.40625 200.131256103515625 198.962493896484375 198.375 189.4375 198.693756103515625 196 206.9375 211.2375030517578125 211.399993896484375 228.3625030517578125 240.53125 233.78125 220.868743896484375 206.3625030517578125 196.306243896484375 178.931243896484375 174.725006103515625 169.5187530517578125 158.100006103515625 145.9562530517578125 136.71875 132.9875030517578125 124.41249847412109375 118.36875152587890625 113.09375 105.90625 93.4250030517578125 80.3000030517578125 67.2062530517578125 58.78125 54.018749237060546875 51.518749237060546875
128.3562469482421875 141.975006103515625 156.618743896484375 168.8000030517578125 176.1750030517578125 179.899993896484375 178.837493896484375 183.037506103515625 194 199.1687469482421875 201.381256103515625 203.84375 208.53125 210.506256103515625 209.2624969482421875 205.6125030517578125 201.0437469482421875 201.506256103515625 210.537506103515625 221.125 232.618743896484375 236.9562530517578125 238.212493896484375 232.9375 229.787506103515625 214.5437469482421875 195.3312530517578125 181.6062469482421875 172.662506103515625 158.4499969482421875 146.4187469482421875 137.8625030517578125 127.4375 119.3249969482421875 116.30625152587890625 107.44374847412109375 99.97499847412109375 94.4562530517578125 86.99375152587890625 77.03125 65.28125 58.143749237060546875 53.012500762939453125 49.27500152587890625
119.90000152587890625 134.787506103515625 154.53125 163.59375 169.587493896484375 173.0625 180.3874969482421875 183.774993896484375 185.787506103515625 186.5437469482421875 196.6875 207.4250030517578125 208.4250030517578125 213.993743896484375 208.1750030517578125 206.1687469482421875 205.1374969482421875 213.837493896484375 221.71875 229.71875 238.899993896484375 249.681243896484375 248.399993896484375 250.681243896484375 236.6999969482421875 216.53125 204.506256103515625 178.7312469482421875 161.96875 150.568756103515625 138.2062530517578125 128.7624969482421875 120.75 110.9375 106.6750030517578125 97.5124969482421875 92.2624969482421875 87.22499847412109375 79.46875 70.3249969482421875 61.06874847412109375 55.581249237060546875 51.325000762939453125 48.28125
110.46250152587890625 126.8874969482421875 144.625 160.4562530517578125 169.65625 173.024993896484375 177.3249969482421875 183.3249969482421875 184.1687469482421875 190.7624969482421875 194.8562469482421875 199.78125 207.0812530517578125 204.9250030517578125 200.875 200.962493896484375 204.806243896484375 210.1999969482421875 221.84375 236.350006103515625 245.412506103515625 251.068756103515625 262.506256103515625 259.48748779296875 236.6999969482421875 216.1374969482421875 195.8562469482421875 174.787506103515625 155.774993896484375 144.21875 127.94374847412109375 115.41875457763671875 107.8937530517578125 102.69374847412109375 97.2624969482421875 90.8937530517578125 85.2312469482421875 78.5500030517578125 73.19374847412109375 65.5625 57.575000762939453125 53.46875 50.375 46.38124847412109375
105.8874969482421875 124.15625 135.368743896484375 151.09375 159.96875 165.2062530517578125 168.1999969482421875 174.618743896484375 171.693756103515625 173.087493896484375 183.6374969482421875 188.6875 194.818756103515625 195.725006103515625 197.2874908447265625 194.5437469482421875 199.5625 211.4875030517578125 224.78125 233.0187530517578125 244.28125 253.568756103515625 262.53125 255.0437469482421875 238.556243896484375 213.7624969482421875 192.25 170.6437530517578125 147.6687469482421875 133.962493896484375 118.22499847412109375 105.8000030517578125 98.78125 93.09375 87.8125 84.31874847412109375 79.3125 71.9250030517578125 65.68125152587890625 60.5625 53.581249237060546875 47.43125152587890625 44.72499847412109375 42.981250762939453125
98.7062530517578125 108.40000152587890625 122.61875152587890625 135.1687469482421875 143.5 149.9375 154.368743896484375 153.8249969482421875 155.274993896484375 165.78125 176.806243896484375 181.1750030517578125 183.1437530517578125 186.5687408447265625 191.0625 195.1437530517578125 197.131256103515625 202.25 217.306243896484375 226.225006103515625 233.15625 244.1125030517578125 256.23126220703125 257.712493896484375 231.899993896484375 208.118743896484375 186.743743896484375 162.3000030517578125 140 124.9375 112.22499847412109375 97.43125152587890625 89.9187469482421875 85.0500030517578125 80.56874847412109375 76.15625 72.625 65.9250030517578125 59.206249237060546875 55.19374847412109375 50.018749237060546875 45.5 41.75 39.63124847412109375
92.43125152587890625 97.1062469482421875 108.1875 116.2624969482421875 123.6999969482421875 132.3562469482421875 138.681243896484375 140.8937530517578125 145.5437469482421875 156.181243896484375 163.9375 169.443756103515625 170.8312530517578125 172.6875 177.006256103515625 181.649993896484375 185.100006103515625 195.1374969482421875 202.4187469482421875 215.625 225.962493896484375 232.1187591552734375 247.5812530517578125 240.412506103515625 220.75 197.149993896484375 175.962493896484375 152.274993896484375 134.5625 121.69374847412109375 107.5625 94.93125152587890625 86.0812530517578125 78.0124969482421875 75.3874969482421875 70.77500152587890625 67.1687469482421875 60.38124847412109375 55.27500152587890625 50.90000152587890625 46.30625152587890625 43.831249237060546875 38.78749847412109375 37.77500152587890625
84.2375030517578125 90.1062469482421875 94.71875 99.84999847412109375 107.69374847412109375 111.90000152587890625 119.6687469482421875 127.83750152587890625 136.21875 143.506256103515625 152.087493896484375 156.318756103515625 160.337493896484375 163.2937469482421875 167.7375030517578125 173.0124969482421875 179.412506103515625 185.868743896484375 197.1875 209.7937469482421875 214.881256103515625 220.1062469482421875 227.537506103515625 219.256256103515625 203.4250030517578125 181.662506103515625 165.9562530517578125 147.75 128.850006103515625 113.3874969482421875 99.2937469482421875 88.9250030517578125 80.0812530517578125 74.71875 69.61875152587890625 64.81874847412109375 62.081249237060546875 54.5625 50.174999237060546875 45.518749237060546875 40.799999237060546875 38.15625 35.94374847412109375 36.31874847412109375
77.24375152587890625 79.7687530517578125 83.6750030517578125 86.96250152587890625 92.21250152587890625 99.25624847412109375 106.22499847412109375 117.1062469482421875 124.1062469482421875 132.6125030517578125 140.787506103515625 146.78125 151.850006103515625 155.9562530517578125 158.399993896484375 160.9187469482421875 165.15625 175.46875 179.431243896484375 184.2375030517578125 194.931243896484375 201.5500030517578125 208.15625 200.78125 184 171.4875030517578125 154.8000030517578125 136.5500030517578125 119.8249969482421875 104.9187469482421875 92.61875152587890625 82.3874969482421875 75.65000152587890625 70.5625 66.38124847412109375 60.13124847412109375 57.91249847412109375 50.6875 44.206249237060546875 41.71875 37.0625 34.737499237060546875 33.956249237060546875 32.68125152587890625
71.8874969482421875 72.125 74.1374969482421875 77.31874847412109375 81.6062469482421875 87.90000152587890625 96.3000030517578125 105.2312469482421875 112.0625 121.6125030517578125 130.5749969482421875 134.9250030517578125 142.4250030517578125 140.837493896484375 144.837493896484375 152.3249969482421875 157.5 161.806243896484375 166.274993896484375 172.6125030517578125 178.8125 181.850006103515625 187.975006103515625 182.818756103515625 169.8125 159.274993896484375 142.7687530517578125 126.88124847412109375 110.8249969482421875 97.9375 89.5 80.0625 72.21875 65.4187469482421875 60.768749237060546875 55.05625152587890625 51.762500762939453125 46.08750152587890625 40.3125 35.143749237060546875 32.012500762939453125 30.350000381469726562 29.725000381469726562 29.237499237060546875
66.52500152587890625 65.8937530517578125 66.3000030517578125 69.52500152587890625 74.7375030517578125 80.6125030517578125 87.46875 95.0187530517578125 102.6687469482421875 109.63124847412109375 115.5749969482421875 121.4250030517578125 124.8000030517578125 129.84375 135.899993896484375 140.65625 141.0437469482421875 144.71875 149.993743896484375 156.462493896484375 161.5500030517578125 166.649993896484375 167.9187469482421875 162.03125 155.0437469482421875 144.4499969482421875 131.5 117.34999847412109375 102.46250152587890625 95.13124847412109375 85.5437469482421875 76.1374969482421875 69.05625152587890625 61.81874847412109375 56.25 50.05625152587890625 45.49375152587890625 39.21875 35.30625152587890625 31.243749618530273438 28.625 27.53125 26.8125 26.424999237060546875
62.950000762939453125 62.262500762939453125 63.49375152587890625 65.96875 68.09999847412109375 73.2312469482421875 79.1999969482421875 86.1374969482421875 91.8000030517578125 98.46250152587890625 107.86875152587890625 112.1999969482421875 116.84375 124.28749847412109375 129.806243896484375 129.506256103515625 128.7062530517578125 134.7937469482421875 139.3000030517578125 143.90625 144.78125 147.037506103515625 150.2312469482421875 145.9499969482421875 138.5812530517578125 130.7624969482421875 118.90000152587890625 106.1437530517578125 94.8312530517578125 88.4375 80.8562469482421875 71.09999847412109375 64.6125030517578125 59.08750152587890625 52.59999847412109375 46.41249847412109375 40.549999237060546875 34.737499237060546875 31.475000381469726562 29.300001144409179688 26.96875 25.768749237060546875 24.549999237060546875 23.868749618530273438
59.50624847412109375 59.65625 61.768749237060546875 62.887500762939453125 63.75 67.28749847412109375 72.8249969482421875 76.875 81.6750030517578125 87.2312469482421875 96.19374847412109375 103.96250152587890625 109.5 113.84999847412109375 116.6374969482421875 119.5500030517578125 121.58750152587890625 123.9875030517578125 124.84375 128.631256103515625 130.850006103515625 131.587493896484375 135.6750030517578125 129.381256103515625 124.75 116.3562469482421875 108.35625457763671875 97.6374969482421875 89.3562469482421875 82.8625030517578125 76.90625 69.71250152587890625 60.65625 54.081249237060546875 48.668750762939453125 42.80625152587890625 36.88124847412109375 31.331249237060546875 28.668750762939453125 26.5625 24.106250762939453125 23.587499618530273438 22.78125 20.96875
57.59999847412109375 56.53125 58.77500152587890625 60.61875152587890625 60.862499237060546875 61.77500152587890625 64.30625152587890625 68.33750152587890625 73.0625 78.1687469482421875 88.8625030517578125 97.50624847412109375 104.0749969482421875 112.5124969482421875 114.7687530517578125 113.9812469482421875 112.5 111.24375152587890625 111.4812469482421875 110.2687530517578125 115.75 114.75 115.97499847412109375 111.6437530517578125 111.43125152587890625 106.28125 98.40000152587890625 88.28749847412109375 80.6437530517578125 74.84375 70.47499847412109375 65.2062530517578125 56.174999237060546875 49.55625152587890625 43.375 38.55625152587890625 32.53749847412109375 28.950000762939453125 25.962499618530273438 24.256250381469726562 22.306249618530273438 21.137500762939453125 20.59375 19.375
56.66249847412109375 55.46875 56.56874847412109375 58.09375 58.78749847412109375 59.706249237060546875 61.356250762939453125 63.143749237060546875 66.08750152587890625 70.0625 77.0124969482421875 89.2687530517578125 98.75 105.33750152587890625 107.63124847412109375 106.96250152587890625 104.1750030517578125 100.1750030517578125 98.6875 96.05625152587890625 97.49375152587890625 100.93125152587890625 100.63124847412109375 97.3000030517578125 97.05625152587890625 93.09375 86.65000152587890625 78.84375 73.75 68.375 63.30625152587890625 58.887500762939453125 52.012500762939453125 45.299999237060546875 38.887500762939453125 35.02500152587890625 31.53125 27.274999618530273438 25.15625 23.856250762939453125 22.125 20.700000762939453125 19.856250762939453125 19.237499237060546875
54.137500762939453125 55.03125 54.575000762939453125 56.02500152587890625 57.38124847412109375 57.831249237060546875 58.543750762939453125 60.487499237060546875 62.206249237060546875 62.13124847412109375 70.68125152587890625 84.97499847412109375 94.8562469482421875 98.625 100.3312530517578125 99.15000152587890625 96.86875152587890625 93.72499847412109375 91.03125 85.43125152587890625 84.625 88.09375 87.375 85.5749969482421875 83.11875152587890625 80.50624847412109375 77.6437530517578125 71.4375 65.71250152587890625 60.18125152587890625 57.55625152587890625 52.5625 47.22499847412109375 41.825000762939453125 36.012500762939453125 32.69374847412109375 29.975000381469726562 27.268749237060546875 24.837499618530273438 22.993749618530273438 21.375 20.587499618530273438 19.131250381469726562 19.693750381469726562
51.69374847412109375 52.78749847412109375 53.5 55.362499237060546875 55.956249237060546875 56.52500152587890625 57.606250762939453125 58.81874847412109375 60.924999237060546875 59.99375152587890625 72.1999969482421875 84.93125152587890625 90.74375152587890625 94.74375152587890625 93.2312469482421875 91.3625030517578125 88.4562530517578125 86.1687469482421875 84.1875 80.0749969482421875 77.2375030517578125 77.40000152587890625 75.33750152587890625 74.28125 71.9187469482421875 71.5500030517578125 69.40625 64.3562469482421875 59.612499237060546875 54.16249847412109375 50.53125 48.15625 43.856250762939453125 38.25624847412109375 33.331249237060546875 30.893749237060546875 28.556249618530273438 26.03125 25.362499237060546875 23.200000762939453125 21.381250381469726562 20.768749237060546875 19.043750762939453125 18.28125
