data/historical-monthly-weather-data/wc2.1_cruts4.09_10m_prec_1967-02.asc
ncols        51
nrows        45
xllcorner    -63.500000000000
yllcorner    -7.500000000000
cellsize     0.166666666667
NODATA_value -9999
[rows 0 to 19 of 45, columns 0 to 44 of 51]
215.2937469482421875 214.7937469482421875 208.59375 205.5124969482421875 199.5812530517578125 196.212493896484375 190.7937469482421875 182.412506103515625 173.7062530517578125 168.25 166.8249969482421875 163.8312530517578125 159.9250030517578125 150.818756103515625 143.8312530517578125 137.3249969482421875 131.9562530517578125 124.80625152587890625 121.31874847412109375 118.65000152587890625 117.99375152587890625 117.6750030517578125 118.77500152587890625 120.4562530517578125 122.91249847412109375 126.08750152587890625 131.056243896484375 136.6312408447265625 142.431243896484375 145.3312530517578125 148.5 151.993743896484375 154.537506103515625 157.443756103515625 161.068756103515625 165.1437530517578125 167.8312530517578125 170.162506103515625 173.681243896484375 175.8249969482421875 178.96875 181.5625 182.6999969482421875 186.4250030517578125 188.274993896484375
223.8874969482421875 224.4250030517578125 222.4875030517578125 219.21875 216.7312469482421875 216.662506103515625 213.068756103515625 210.0625 205.756256103515625 200.5812530517578125 196.2687530517578125 189.3625030517578125 181.787506103515625 172.4250030517578125 163.1125030517578125 154.006256103515625 146.34375 139.537506103515625 135.087493896484375 131.337493896484375 130.25 130.462493896484375 131.5500030517578125 132.818756103515625 134.1750030517578125 136.9562530517578125 141.0437469482421875 146.350006103515625 151.287506103515625 153.8937530517578125 155.7937469482421875 159.693756103515625 162.6999969482421875 166.5625 169.9375 174.1750030517578125 177.506256103515625 179.9187469482421875 183.3937530517578125 185.65625 188.5500030517578125 190.5625 190.975006103515625 193.6062469482421875 195
227.0187530517578125 228.212493896484375 227.193756103515625 226.1687469482421875 226.46875 228.4375 230.725006103515625 234.056243896484375 234.5500030517578125 230.8000030517578125 224.6062469482421875 215.2687530517578125 204.9875030517578125 193.318756103515625 181.4562530517578125 170.225006103515625 160.375 153.65625 148.431243896484375 144.375 143.0437469482421875 143.912506103515625 144.03125 144.3125 145.868743896484375 146.8000030517578125 150.2937469482421875 155.2312469482421875 158.6875 160.256256103515625 162.693756103515625 165.8000030517578125 169.493743896484375 172.5124969482421875 176.8874969482421875 180.6437530517578125 184.9375 189.1374969482421875 192.2312469482421875 194.8874969482421875 197.6999969482421875 199 199.243743896484375 199.756256103515625 201.649993896484375
226.087493896484375 227.993743896484375 230.037506103515625 231.274993896484375 236.649993896484375 240.462493896484375 247.6750030517578125 257.056243896484375 263.024993896484375 263.14373779296875 255.75 242.149993896484375 227.2062530517578125 212.787506103515625 199.368743896484375 186.4375 175.149993896484375 166.493743896484375 161.399993896484375 158.9875030517578125 158.149993896484375 157.90625 156.743743896484375 156.15625 155.9875030517578125 155.9312591552734375 159.4187469482421875 163.25 165.7937469482421875 167.4562530517578125 168.78125 172.524993896484375 175.443756103515625 179.024993896484375 182.7125091552734375 188 193.100006103515625 197.6875 202.1374969482421875 205.5187530517578125 207.256256103515625 208.0749969482421875 207.9375 207.2312469482421875 208.53125
229.6374969482421875 228.881256103515625 229.399993896484375 233.6062469482421875 241.725006103515625 250.125 260.09375 275.71875 290.006256103515625 296.649993896484375 283.693756103515625 264.100006103515625 248.0187530517578125 232.625 216.5812530517578125 202.34375 190.1687469482421875 180 175.6437530517578125 173.943756103515625 173.318756103515625 171.2687530517578125 169.6437530517578125 168.1437530517578125 166.2624969482421875 165.1999969482421875 166.4812469482421875 168.9499969482421875 172.75 174.4875030517578125 175.9812469482421875 178.125 182.2312469482421875 186.287506103515625 190.1374969482421875 196.2624969482421875 202.9562530517578125 208.931243896484375 213.9812469482421875 216.743743896484375 219.068756103515625 218.3000030517578125 216.53125 215.100006103515625 214.3874969482421875
229.350006103515625 230.131256103515625 229.8249969482421875 232.625 240.381256103515625 251.4187469482421875 264.29376220703125 280.725006103515625 297.899993896484375 309.89373779296875 294.11248779296875 274.243743896484375 259.15625 245.337493896484375 230.7062530517578125 218.399993896484375 205.787506103515625 196.1750030517578125 192.725006103515625 191.3874969482421875 188.4499969482421875 185.162506103515625 182.0812530517578125 178.6062469482421875 174.787506103515625 173.0124969482421875 174.21875 175.9250030517578125 178.6062469482421875 180.5812530517578125 182.618743896484375 185.337493896484375 189.4499969482421875 196.1687469482421875 201.975006103515625 209.21875 217.4875030517578125 224.8000030517578125 231.1875 234.1750030517578125 234.5749969482421875 232.375 229.506256103515625 226.6750030517578125 222.7312469482421875
228.8874969482421875 229.65625 230.431243896484375 231.6687469482421875 238.1875 247.8125 259.975006103515625 272.618743896484375 285.100006103515625 290.087493896484375 285.86248779296875 275.0625 264.23126220703125 253.962493896484375 243.2312469482421875 233.368743896484375 224.618743896484375 218.493743896484375 214.850006103515625 210.537506103515625 203.7062530517578125 198.40625 192.40625 187.212493896484375 183.9250030517578125 180.3562469482421875 181.181243896484375 183.149993896484375 184.068756103515625 185.8874969482421875 189.412506103515625 192.943756103515625 199.03125 204.9375 212.1374969482421875 222.25 231.725006103515625 241.1875 249.65625 252.618743896484375 250.8187408447265625 247.6437530517578125 243.993743896484375 239.6750030517578125 233.59375
227.25 226.537506103515625 227.375 231.03125 237.03125 244.125 251.8249969482421875 258.693756103515625 263.45001220703125 267.95001220703125 272.868743896484375 272.04376220703125 267.681243896484375 260.462493896484375 253.1687469482421875 247.0124969482421875 241.431243896484375 238.837493896484375 236.912506103515625 228.7312469482421875 217.8000030517578125 209.5749969482421875 201.6999969482421875 195.8937530517578125 191.59375 187.100006103515625 187.556243896484375 188.5749969482421875 190.0625 192.212493896484375 195.087493896484375 199.975006103515625 207.149993896484375 215.0124969482421875 223.1999969482421875 233.774993896484375 244.8562469482421875 255.318756103515625 263.274993896484375 267.14373779296875 266.92498779296875 263.993743896484375 259.868743896484375 253.8625030517578125 248.1437530517578125
227.28125 226.662506103515625 227.431243896484375 231.100006103515625 235.806243896484375 240.2624969482421875 246.287506103515625 250.125 250.4499969482421875 254.3562469482421875 263.08123779296875 268.09375 268.01251220703125 264.35626220703125 258.98748779296875 255.524993896484375 251.5749969482421875 248.34375 246.5437469482421875 237.2375030517578125 224.1687469482421875 214.9375 206.9187469482421875 202.875 198.350006103515625 193.4812469482421875 193.149993896484375 194.024993896484375 195.9875030517578125 198.443756103515625 202.3125 207.8562469482421875 215.6125030517578125 223.8125 232.7312469482421875 244.90625 257.20623779296875 268.79376220703125 278.13751220703125 283.462493896484375 284.51251220703125 282.35626220703125 279.350006103515625 274.3125 269.63751220703125
226.71875 226.212493896484375 227.524993896484375 230.1437530517578125 233.568756103515625 237.193756103515625 243.037506103515625 246.84375 250.4250030517578125 255.274993896484375 263.375 267.01251220703125 269.60626220703125 267.21875 264.23126220703125 260.756256103515625 257.006256103515625 252.462493896484375 246.3874969482421875 238.2375030517578125 226.725006103515625 218.212493896484375 211.5124969482421875 209.3312530517578125 204.818756103515625 199.462493896484375 199.4812469482421875 199.6062469482421875 202.1750030517578125 205.34375 208.7937469482421875 214.4499969482421875 223.193756103515625 233.1999969482421875 243.59375 256.5 269.95001220703125 281.8125 291.91876220703125 299.618743896484375 303.84375 303.162506103515625 300.01873779296875 294.36248779296875 291.412506103515625
224.881256103515625 224.3125 225.587493896484375 227.8312530517578125 230.3937530517578125 234.068756103515625 239.5812530517578125 245.399993896484375 251.0625 257.51873779296875 266.01251220703125 270.53125 272.20001220703125 270.42498779296875 268 264.850006103515625 260.35626220703125 253.256256103515625 245.2312469482421875 237.5 226.2624969482421875 218.53125 214.587493896484375 211.8312530517578125 210.5 204.9562530517578125 204.28125 205.3312530517578125 207.09375 210.306243896484375 214.9499969482421875 220.962493896484375 230.09375 240.96875 253.5 267.96875 281.193756103515625 295.0625 306.0625 314.350006103515625 320.40625 320.21875 318.13751220703125 313.48126220703125 310.11248779296875
224.681243896484375 224.09375 224.868743896484375 227.318756103515625 230.318756103515625 234.100006103515625 239.6687469482421875 247.212493896484375 253.5 260.71875 269.95001220703125 275.82501220703125 276.16876220703125 273.54376220703125 271.024993896484375 266.51251220703125 261.375 252.431243896484375 242.6875 233.5625 222.25 216.1437530517578125 215.7312469482421875 217.1374969482421875 216.0437469482421875 209.71875 208.6374969482421875 209.7624969482421875 212.100006103515625 216.6062469482421875 221.6437530517578125 227.306243896484375 236.8562469482421875 247.65625 260.17498779296875 275.318756103515625 290.875 305.75 317.693756103515625 327.38751220703125 335.11248779296875 334.556243896484375 329.881256103515625 322.556243896484375 317.23126220703125
221.84375 222.068756103515625 223.65625 226.068756103515625 230.0812530517578125 234.587493896484375 240.9499969482421875 248.118743896484375 254.556243896484375 263.25 272.34375 278.75 279.243743896484375 274.962493896484375 271.5 265.95001220703125 260.243743896484375 251.649993896484375 242.568756103515625 232.4375 218.9875030517578125 214.256256103515625 215.806243896484375 217.618743896484375 215.287506103515625 210.2062530517578125 211.4562530517578125 213.6374969482421875 216.4250030517578125 221.5749969482421875 227.225006103515625 233.256256103515625 241.787506103515625 252.912506103515625 265.75 280.83123779296875 296.76251220703125 314.087493896484375 327.806243896484375 339.0625 349.287506103515625 347.287506103515625 337.9375 327.368743896484375 318.9375
217.8312530517578125 218.6125030517578125 220.71875 223.787506103515625 228.5812530517578125 233.381256103515625 240.662506103515625 248.1374969482421875 255.193756103515625 263.13751220703125 271.100006103515625 275.86248779296875 276.662506103515625 274.625 269.462493896484375 264.556243896484375 258.09375 250.787506103515625 242.3562469482421875 234.4812469482421875 224.5 219.03125 217.568756103515625 216.6999969482421875 214.21875 210.649993896484375 213.4250030517578125 216.4875030517578125 220.4187469482421875 225.125 231.181243896484375 237.100006103515625 245.3562469482421875 256.51873779296875 269 284.95623779296875 303.14373779296875 322.11248779296875 338.51251220703125 351.100006103515625 359.26873779296875 351.90625 343.056243896484375 334.16876220703125 326.35626220703125
214.1999969482421875 215.193756103515625 218.0749969482421875 222.649993896484375 227.1062469482421875 232.912506103515625 240.96875 248.225006103515625 255.5187530517578125 262.931243896484375 269.149993896484375 273.381256103515625 273.993743896484375 272.01873779296875 267.25 261.59375 255.837493896484375 249.125 242.556243896484375 237.1437530517578125 229.3625030517578125 223.212493896484375 220.287506103515625 218.8625030517578125 216.5124969482421875 215.100006103515625 218.443756103515625 221.524993896484375 225.399993896484375 230.475006103515625 235.0749969482421875 239.649993896484375 247.5749969482421875 257.10626220703125 269.181243896484375 284.73126220703125 305.08123779296875 327.08123779296875 345.14373779296875 357.54376220703125 361.274993896484375 356.225006103515625 349.556243896484375 340.40625 331.79998779296875
209.3874969482421875 210.818756103515625 214.4812469482421875 219.662506103515625 225.2937469482421875 231.5625 239.625 246.493743896484375 254.087493896484375 262.125 268.26873779296875 272.10626220703125 272.649993896484375 269.86248779296875 264.712493896484375 257.15625 252.7375030517578125 248.2687530517578125 243.712493896484375 239.868743896484375 232.5187530517578125 226.431243896484375 222.8000030517578125 222.4187469482421875 220.225006103515625 218.9187469482421875 221.9875030517578125 226.0812530517578125 230.9562530517578125 236.03125 240.6125030517578125 243.1999969482421875 247.443756103515625 254.475006103515625 263.818756103515625 280.23748779296875 302.51251220703125 328.1875 350.70623779296875 364.23748779296875 367.60626220703125 360.90625 352.787506103515625 343.42498779296875 333.556243896484375
202.3125 205.3874969482421875 209.59375 215.337493896484375 221.9187469482421875 228.5625 236.5812530517578125 244.100006103515625 251.84375 260.1875 267.48748779296875 271.65625 272.63751220703125 270.01873779296875 264.024993896484375 256 249.5187530517578125 245.1875 241.7375030517578125 239.5124969482421875 234.2687530517578125 229.1062469482421875 225.256256103515625 225.4250030517578125 224.8312530517578125 222.7062530517578125 224.8562469482421875 230.0749969482421875 236.350006103515625 242.71875 246.5749969482421875 247.59375 248.287506103515625 249.193756103515625 256.29998779296875 272.20001220703125 295.29998779296875 327.112518310546875 358.58123779296875 368.29998779296875 367.693756103515625 360.556243896484375 350.84375 341.40625 333.40625
192.6125030517578125 197.09375 202.8312530517578125 209.725006103515625 216.7375030517578125 223.537506103515625 231.59375 239.274993896484375 247.193756103515625 255.475006103515625 263.85626220703125 270.08123779296875 273.36248779296875 271.181243896484375 265.193756103515625 257 247.1999969482421875 239.350006103515625 237.537506103515625 235.756256103515625 234.5124969482421875 231.243743896484375 227.600006103515625 227.306243896484375 227.4187469482421875 226.8000030517578125 228.53125 235.0749969482421875 242.9187469482421875 250.118743896484375 252.912506103515625 248.131256103515625 245.4187469482421875 243.21875 245.9499969482421875 257.806243896484375 284.868743896484375 316.743743896484375 345.725006103515625 358.462493896484375 358.662506103515625 352.806243896484375 345.70623779296875 339.01251220703125 332.45001220703125
182.212493896484375 188.193756103515625 194.65625 201.53125 209.337493896484375 217.2062530517578125 224.6687469482421875 232.993743896484375 241.71875 249.931243896484375 259.29376220703125 266.193756103515625 271.60626220703125 273.225006103515625 265.681243896484375 254.1437530517578125 242.693756103515625 232.881256103515625 229.131256103515625 228.71875 231.118743896484375 231.25 226.7624969482421875 227.368743896484375 228.875 230.8562469482421875 234.774993896484375 241.568756103515625 250.524993896484375 259.068756103515625 262.21875 254.399993896484375 245.993743896484375 236.662506103515625 233.3125 245.662506103515625 272.306243896484375 301.993743896484375 327.53125 341.1875 345.79376220703125 341.79998779296875 338.48748779296875 335.212493896484375 330.23748779296875
172.037506103515625 178.399993896484375 185.3000030517578125 192.6374969482421875 201.3937530517578125 209.6750030517578125 217.8625030517578125 225.3562469482421875 234.0749969482421875 242.600006103515625 251.4187469482421875 259.04998779296875 267.350006103515625 273.743743896484375 263.58123779296875 246.6687469482421875 232.350006103515625 224.21875 220.4187469482421875 220.2312469482421875 221.9875030517578125 222.881256103515625 224.412506103515625 226.5749969482421875 229.649993896484375 233.318756103515625 239.556243896484375 248.100006103515625 255.8874969482421875 263.32501220703125 264.36248779296875 258.824981689453125 245.899993896484375 230.3874969482421875 220.225006103515625 234.756256103515625 264.631256103515625 294.006256103515625 316.056243896484375 329.58123779296875 333.82501220703125 331.08123779296875 332.70001220703125 333.09375 329.931243896484375
