data/historical-monthly-weather-data/wc2.1_cruts4.09_10m_prec_2003-01.asc
ncols        45
nrows        45
xllcorner    -63.500000000000
yllcorner    -7.500000000000
cellsize     0.166666666667
NODATA_value -9999
[rows 20 to 39 of 45, columns 0 to 43 of 45]
122.0749969482421875 121.22499847412109375 122.03125 123.84999847412109375 126.00624847412109375 130.34375 135.3125 139.53125 144.875 149.5 152.881256103515625 152.0437469482421875 151.756256103515625 151.693756103515625 144.037506103515625 132.2312469482421875 123.4875030517578125 119.5124969482421875 118.74375152587890625 118.83750152587890625 126.19374847412109375 133.9375 140.78125 146.3937530517578125 152.1750030517578125 158.28125 164.068756103515625 170.2687530517578125 176.287506103515625 182.337493896484375 184.4375 182.649993896484375 172.912506103515625 162.2687530517578125 153.350006103515625 162.899993896484375 178.4499969482421875 189.6875 194.5812530517578125 192.9250030517578125 186.662506103515625 179.59375 174.8874969482421875 171.225006103515625
121.2624969482421875 119.9250030517578125 120.71250152587890625 123.11875152587890625 126.34375 130.875 135.662506103515625 140.6999969482421875 145.787506103515625 147.9812469482421875 148.443756103515625 144.4812469482421875 141.6437530517578125 140.34375 136.0187530517578125 128.931243896484375 123.40000152587890625 120.53125 119.0437469482421875 118.9562530517578125 123.875 130.3562469482421875 137.1125030517578125 143.0187530517578125 149.256256103515625 156.15625 163.7624969482421875 169.1374969482421875 173.631256103515625 177.8249969482421875 178.318756103515625 176.7624969482421875 170.2937469482421875 165.056243896484375 162.1999969482421875 170.96875 186.693756103515625 199.912506103515625 204.5749969482421875 200.712493896484375 192.493743896484375 184.118743896484375 178.056243896484375 173.1374969482421875
120.6687469482421875 119.4375 119.44374847412109375 121.77500152587890625 125.75 131.1999969482421875 136.1437530517578125 141.4375 147.3000030517578125 146.8562469482421875 143.0437469482421875 135.6999969482421875 130.399993896484375 129.524993896484375 128.787506103515625 126.0124969482421875 122.19374847412109375 120.1374969482421875 118.56874847412109375 117.875 121.9812469482421875 126.90625 132.024993896484375 137.7312469482421875 145.0812530517578125 153.46875 162 167.350006103515625 170.899993896484375 173.2375030517578125 173.5 173.3125 172.0500030517578125 170.818756103515625 172.2937469482421875 180.462493896484375 196 213.9875030517578125 216.881256103515625 207.1875 196.53125 187.6125030517578125 179.3562469482421875 173.431243896484375
120.9812469482421875 118.9875030517578125 118.3625030517578125 121.0437469482421875 125.93125152587890625 131.2687530517578125 136.5500030517578125 141.631256103515625 146.2062530517578125 144.118743896484375 138.71875 131.25 122.875 124.21250152587890625 126.08750152587890625 124.8125 121.9250030517578125 120 118.2624969482421875 117.2312469482421875 119.8562469482421875 123.4499969482421875 127.49375152587890625 132.818756103515625 140.6999969482421875 149.256256103515625 158.9562530517578125 164.46875 168.3812408447265625 172.524993896484375 175.212493896484375 177.818756103515625 178.03125 178.537506103515625 181.0437469482421875 188.5 200.899993896484375 215.4562530517578125 217.375 207.756256103515625 196.75 187.087493896484375 178.743743896484375 172.4875030517578125
122.03125 119.6437530517578125 118.24375152587890625 122.1750030517578125 128.537506103515625 133.0749969482421875 137.1062469482421875 140.7375030517578125 143.09375 141.7937469482421875 137.6437530517578125 132.2375030517578125 127.71875 128.0437469482421875 127.47499847412109375 125.88124847412109375 123.18125152587890625 121.36875152587890625 118.8625030517578125 116.38124847412109375 117.8249969482421875 119.6750030517578125 122.3249969482421875 127.15625 134.618743896484375 143.9375 153.2687530517578125 161.431243896484375 167.4375 174.412506103515625 180.3249969482421875 186.1999969482421875 186.1062469482421875 186.6437530517578125 188.6374969482421875 193.037506103515625 200.881256103515625 206.53125 207.46875 202.087493896484375 192.993743896484375 184.21875 176.493743896484375 171.350006103515625
126.03749847412109375 125.1062469482421875 124.3562469482421875 127.9187469482421875 132.274993896484375 135.8562469482421875 138.4250030517578125 139.912506103515625 141.0625 140.149993896484375 138.03125 136.087493896484375 134.431243896484375 134.537506103515625 131.837493896484375 129.006256103515625 126.03125 123.68125152587890625 120.5187530517578125 116.93125152587890625 117.3125 116.93125152587890625 117.8249969482421875 121.2624969482421875 129.03125 139.1374969482421875 150.306243896484375 159.78125 168.287506103515625 176.225006103515625 186.0374908447265625 194.6125030517578125 195.1999969482421875 193.9499969482421875 194.5 195.90625 198.78125 199.5562591552734375 199.1374969482421875 194.8625030517578125 187.8562469482421875 179.7624969482421875 171.962493896484375 167.5500030517578125
132.087493896484375 131.8937530517578125 132.5500030517578125 134.868743896484375 137.274993896484375 139.5749969482421875 141.181243896484375 141.087493896484375 141.6875 141.962493896484375 141.3562469482421875 141.787506103515625 142.431243896484375 143.3937530517578125 139.6875 136.0749969482421875 132.462493896484375 129.5 126.16249847412109375 121.4250030517578125 119.7937469482421875 118.6687469482421875 117.06874847412109375 119.6062469482421875 128.537506103515625 138.6125030517578125 150.181243896484375 160.9812469482421875 171.1999969482421875 180.78125 192.3249969482421875 201.90625 202.5500030517578125 199.725006103515625 197.15625 197.15625 197.4875030517578125 195.375 193.0625 189.4499969482421875 182.912506103515625 174.40625 167.0749969482421875 163.1374969482421875
139.587493896484375 139.4812469482421875 140.78125 142.368743896484375 143.71875 144.256256103515625 144.381256103515625 143.5187530517578125 144.1374969482421875 144.431243896484375 144.774993896484375 147.3249969482421875 149.662506103515625 151.712493896484375 147.806243896484375 143.6875 139.493743896484375 137.0812530517578125 132.368743896484375 127.58750152587890625 125.6374969482421875 122.78125 122.18125152587890625 125.1125030517578125 132.2937469482421875 141.1125030517578125 152.5625 163.587493896484375 174.75 186.09375 197.399993896484375 207.068756103515625 206.412506103515625 201.875 198.0749969482421875 196.8562469482421875 195.0500030517578125 192.399993896484375 190.1875 185.84375 180.181243896484375 172.118743896484375 163.806243896484375 160.65625
146.625 147.274993896484375 148.506256103515625 150.068756103515625 150.712493896484375 149.71875 147.7312469482421875 146.59375 146.8000030517578125 147.493743896484375 148.7624969482421875 152.537506103515625 156.625 160.7687530517578125 157.1875 153.274993896484375 150.0749969482421875 146.3562469482421875 141.524993896484375 136.162506103515625 132.96875 129.537506103515625 128.4250030517578125 131.8562469482421875 137.875 145.4187469482421875 156.7062530517578125 168.03125 180.068756103515625 191.4375 201.912506103515625 210.8312530517578125 208.774993896484375 203.8874969482421875 199.2937469482421875 196.725006103515625 194.712493896484375 191.412506103515625 189.2937469482421875 184.8625030517578125 178.024993896484375 170.556243896484375 164.8000030517578125 165.600006103515625
154.2624969482421875 154.868743896484375 156.7937469482421875 158.8000030517578125 158.7687530517578125 155.9250030517578125 152.5250091552734375 150.8249969482421875 151.0124969482421875 151.6062469482421875 153.774993896484375 159.15625 164.743743896484375 170.006256103515625 168.4499969482421875 165.649993896484375 162.9437408447265625 159.7062530517578125 155.368743896484375 148.9875030517578125 144.7375030517578125 141.4499969482421875 139.3625030517578125 142.225006103515625 147.712493896484375 154.6437530517578125 165.2937469482421875 176.337493896484375 188.0500030517578125 197.649993896484375 207.1374969482421875 214.6062469482421875 211.1750030517578125 206.537506103515625 201.28125 198.40625 195.4812469482421875 192.837493896484375 190.0625 186.149993896484375 181.149993896484375 175.6125030517578125 171.899993896484375 172.90625
160.774993896484375 161.337493896484375 162.306243896484375 164.193756103515625 164.681243896484375 159.993743896484375 156.506256103515625 154.149993896484375 154.5812530517578125 156.037506103515625 159.1750030517578125 165.681243896484375 172.6875 178.6374969482421875 179.1875 178.087493896484375 177.21875 174.5124969482421875 170.0687408447265625 163.3937530517578125 157.9562530517578125 153.4187469482421875 151.1999969482421875 153.4562530517578125 157.8937530517578125 164.8125 175.1875 185.8562469482421875 197.5124969482421875 204.993743896484375 212.662506103515625 218.625 214.2687530517578125 209.1062469482421875 203.568756103515625 200.3125 196.8562469482421875 194.59375 192.4562530517578125 188.868743896484375 185.3000030517578125 181.024993896484375 178.2062530517578125 176.7937469482421875
166.056243896484375 165.962493896484375 166.125 166.6437530517578125 165.7624969482421875 162.1187591552734375 159.774993896484375 157.125 158.1125030517578125 160.181243896484375 163.975006103515625 171.506256103515625 179.850006103515625 187.84375 190.4562530517578125 191.1687469482421875 190.78125 187.806243896484375 182.4375 176.274993896484375 170.1875 165.1875 162.725006103515625 164.506256103515625 169.212493896484375 175.3125 184.962493896484375 195.7937469482421875 206.131256103515625 212.8625030517578125 218.537506103515625 222.6437530517578125 217.931243896484375 212.3125 206.53125 202.4375 199.712493896484375 196.037506103515625 193.09375 190.318756103515625 189.1500091552734375 185.975006103515625 183.6062469482421875 183.431243896484375
171.8249969482421875 171.2375030517578125 171.34375 171.193756103515625 169.368743896484375 166.4562530517578125 163.8625030517578125 161.8874969482421875 162.3937530517578125 165.787506103515625 171.412506103515625 180.131256103515625 190.868743896484375 201.2624969482421875 204.912506103515625 206.90625 207.306243896484375 203.0812530517578125 197.087493896484375 191.15625 185.4562530517578125 180.6125030517578125 177.75 180.225006103515625 184.225006103515625 190.006256103515625 199.03125 208.1999969482421875 217.8249969482421875 223.6875 226.9812469482421875 228.2375030517578125 223.3125 217.71875 211.0500030517578125 206.850006103515625 202.975006103515625 198.693756103515625 194.3812408447265625 193.3312530517578125 191.756256103515625 189.3874969482421875 188.1062469482421875 189.0124969482421875
177.1062469482421875 176.1999969482421875 175.806243896484375 175.306243896484375 172.7624969482421875 170.4499969482421875 168.375 166.399993896484375 167.1875 170.1750030517578125 176.7687530517578125 189.0749969482421875 202.6750030517578125 214.28125 219.6125030517578125 222.59375 224.7687530517578125 220.3249969482421875 213 206.100006103515625 200.9187469482421875 196.618743896484375 193.9437408447265625 195.90625 199.46875 204.2624969482421875 212.350006103515625 221.6875 231.193756103515625 234.125 235.912506103515625 235.493743896484375 229.53125 223.774993896484375 216.806243896484375 211.600006103515625 206.306243896484375 200.3312530517578125 196.65625 194.7375030517578125 192.1875 190.524993896484375 190.1437530517578125 191.493743896484375
183.649993896484375 181.7062530517578125 180.899993896484375 179.368743896484375 177.0437469482421875 175.1437530517578125 172.5500030517578125 170.537506103515625 169.96875 173.59375 182.556243896484375 197.725006103515625 215.600006103515625 230.0437469482421875 236.3125 239.65625 242.131256103515625 236.475006103515625 228.6875 220.318756103515625 216.0124969482421875 212.1687469482421875 209.75 211.1374969482421875 214.4250030517578125 217.8625030517578125 226.1062469482421875 235.5187530517578125 244.25 244.7624969482421875 244.462493896484375 243.1062469482421875 236.868743896484375 229.7937469482421875 222.068756103515625 215.6999969482421875 208.681243896484375 203.4562530517578125 199.1062469482421875 195.1437530517578125 191.881256103515625 189.5687408447265625 189.1125030517578125 189.693756103515625
193.100006103515625 190.40625 188.962493896484375 186.8874969482421875 184.3125 181.399993896484375 178.8562469482421875 175.6437530517578125 174.037506103515625 176.9187469482421875 187.90625 207.318756103515625 228.725006103515625 245.2312469482421875 252.962493896484375 257.381256103515625 259.381256103515625 253.243743896484375 244.912506103515625 236.149993896484375 231.3312530517578125 228.149993896484375 225.34375 226.256256103515625 229.3000030517578125 233.3937530517578125 240.9187469482421875 249.8937530517578125 258.23126220703125 257.149993896484375 255.7687530517578125 252.693756103515625 246.618743896484375 239.3625030517578125 230.868743896484375 222.4375 215.975006103515625 208.7687530517578125 202.131256103515625 197.15625 193.0812530517578125 190.65625 189.149993896484375 189.100006103515625
203.006256103515625 199.912506103515625 197.4562530517578125 194.975006103515625 192.100006103515625 189.3125 187.087493896484375 183.0749969482421875 179.2624969482421875 178.131256103515625 193.34375 221.181243896484375 244.131256103515625 259.193756103515625 268.57501220703125 274.39373779296875 276.88751220703125 270.21875 261.274993896484375 251.7687530517578125 247.149993896484375 242.7687530517578125 240.162506103515625 241.0749969482421875 244.399993896484375 249.068756103515625 256.26873779296875 265.274993896484375 272.91876220703125 270.71875 267.51251220703125 263.068756103515625 257.056243896484375 249.71875 240.59375 231.15625 222.3937530517578125 213.037506103515625 205.5500030517578125 198.75 192.568756103515625 189.537506103515625 188.2375030517578125 187.2375030517578125
212.09375 208.600006103515625 205.725006103515625 203.493743896484375 200.943756103515625 199.443756103515625 197.375 194.1999969482421875 191.381256103515625 188.90625 215.881256103515625 245.756256103515625 263.625 275.618743896484375 285.068756103515625 291.21875 293.33123779296875 287.056243896484375 278.25 268.34375 262.524993896484375 256.92498779296875 253.5812530517578125 254.6062469482421875 258.17498779296875 263.54376220703125 269.98126220703125 278.45623779296875 285.868743896484375 283.462493896484375 278.581268310546875 272.21875 266.01251220703125 259.07501220703125 249.5812530517578125 239.037506103515625 227.787506103515625 217.375 208.9812469482421875 200.6374969482421875 192.78125 189.7375030517578125 187.068756103515625 184.475006103515625
216.993743896484375 212.3874969482421875 210.5812530517578125 208.975006103515625 207.5749969482421875 207.318756103515625 206.78125 208.2062530517578125 214.28125 230.7312469482421875 264.51251220703125 276.787506103515625 284.73748779296875 293.35626220703125 300.875 305.3125 307.475006103515625 300.29376220703125 291.01873779296875 281.41876220703125 273.306243896484375 266.98126220703125 263.40625 264.33123779296875 267.462493896484375 272.53125 279.04376220703125 287.13751220703125 294.693756103515625 294 289.71875 283.787506103515625 276.806243896484375 268.350006103515625 260.76873779296875 249.600006103515625 237.21875 226.375 216.8312530517578125 206.9875030517578125 198.806243896484375 195.0625 191.725006103515625 189.84375
221.4499969482421875 217.1875 215.537506103515625 213.9187469482421875 214.59375 216.5812530517578125 218.9625091552734375 225.1750030517578125 237.493743896484375 257.14373779296875 279.98748779296875 295.068756103515625 303.53125 311.33123779296875 316.693756103515625 320.48748779296875 321.66876220703125 314.787506103515625 304.006256103515625 293.38751220703125 282.04376220703125 275.25 271.34375 271.962493896484375 275.524993896484375 280.25 286.774993896484375 295.16876220703125 302.21875 302.162506103515625 298.743743896484375 295.274993896484375 289.51251220703125 280.681243896484375 270.774993896484375 259.10626220703125 246.3625030517578125 234.662506103515625 224.225006103515625 213.5500030517578125 205.15625 201.0437469482421875 197.1062469482421875 194.931243896484375
