data/historical-monthly-weather-data/wc2.1_cruts4.09_10m_prec_2011-04.asc
ncols        51
nrows        45
xllcorner    -63.500000000000
yllcorner    -7.500000000000
cellsize     0.166666666667
NODATA_value -9999
[rows 0 to 19 of 45, columns 0 to 44 of 51]
234.5749969482421875 230.287506103515625 225.1125030517578125 224.34375 219.9562530517578125 214.037506103515625 207.5437469482421875 198.2062530517578125 193.4250030517578125 192.068756103515625 193.649993896484375 197.462493896484375 200.7624969482421875 202.875 206.837493896484375 211.649993896484375 217.3562469482421875 219.443756103515625 223.712493896484375 228.087493896484375 232.2312469482421875 237.443756103515625 242.3562469482421875 250.6062469482421875 257.28125 267.100006103515625 278.21875 291.92498779296875 305.32501220703125 322.818756103515625 342.15625 362.07501220703125 378.42498779296875 397.13751220703125 414.98748779296875 428.556243896484375 438.506256103515625 448.056243896484375 457.11248779296875 462.912506103515625 468.04998779296875 469.64373779296875 466.20001220703125 465.01251220703125 458.13751220703125
246.5437469482421875 241.931243896484375 242.787506103515625 243.3000030517578125 243.131256103515625 236.9812469482421875 229.837493896484375 224.5812530517578125 221.787506103515625 220.6999969482421875 222.3000030517578125 225.006256103515625 228.068756103515625 230.2062530517578125 232.0749969482421875 236.568756103515625 239.993743896484375 244.399993896484375 249.7624969482421875 254.4749908447265625 259.1875 264.350006103515625 271.5 279.26873779296875 288.537506103515625 298.350006103515625 308.274993896484375 321.0625 331.931243896484375 349.96875 372.03125 395.45623779296875 412.15625 431.787506103515625 448.056243896484375 461.20001220703125 474.45001220703125 484.70623779296875 492.931243896484375 497.0625 500.51251220703125 502.40625 498.912506103515625 494.09375 485.35626220703125
255.149993896484375 253.068756103515625 254.1374969482421875 257.899993896484375 260.53125 258.53125 256.04998779296875 254.8937530517578125 256.962493896484375 257.21875 257.475006103515625 258.34375 260.774993896484375 260.40625 261.20623779296875 263.881256103515625 266.09375 270.28125 274.48126220703125 280.01873779296875 287.01873779296875 294.79998779296875 302.26251220703125 311.64373779296875 323.462493896484375 334.743743896484375 345.29376220703125 353.056243896484375 360.5625 379.0625 399.943756103515625 421.26251220703125 441.818756103515625 461.131256103515625 476.26251220703125 488.57501220703125 504.91876220703125 518.54998779296875 525.2249755859375 529.79376220703125 533.11248779296875 531.41876220703125 527.33123779296875 522.79998779296875 512.4937744140625
259.21875 258.443756103515625 264.46875 268.306243896484375 272.76251220703125 277.14373779296875 280.76251220703125 285.149993896484375 292.5 297.21875 297.181243896484375 295 293.193756103515625 292.42498779296875 291.3125 292.587493896484375 294.35626220703125 297.506256103515625 301.03125 306.64373779296875 316.662506103515625 326.42498779296875 334.443756103515625 346.893768310546875 360.381256103515625 371.475006103515625 381.86248779296875 386.131256103515625 391.600006103515625 410.943756103515625 430.649993896484375 450.774993896484375 467.756256103515625 486.64373779296875 502.29998779296875 518.8125 534.82501220703125 549.2125244140625 559.300048828125 561.48126220703125 564.46875 564.16876220703125 555.79376220703125 547.7249755859375 538.0625
275.61248779296875 270.787506103515625 270.787506103515625 276.11248779296875 284.850006103515625 293.28125 300.381256103515625 310.95001220703125 324.806243896484375 336.0625 334.381256103515625 326.28125 323.40625 322.274993896484375 319.86248779296875 319.556243896484375 319.51873779296875 322.6875 325.837493896484375 331.14373779296875 344.07501220703125 355.087493896484375 365.649993896484375 381.95001220703125 394.287506103515625 406.65625 413.243743896484375 420.131256103515625 426.662506103515625 442.068756103515625 460.556243896484375 475.08123779296875 491.337493896484375 511.16876220703125 528.89373779296875 545.76873779296875 560.9124755859375 576.88751220703125 588.26873779296875 591.3062744140625 596.4312744140625 589.125 581.4000244140625 575.375 561.51873779296875
282.9375 279.743743896484375 280.35626220703125 279.92498779296875 288.100006103515625 299.46875 308.66876220703125 321.318756103515625 336.79998779296875 352.243743896484375 348.5 341.40625 339.75 339.443756103515625 336.618743896484375 337.01251220703125 335.3125 339.475006103515625 346.537506103515625 354.40625 366.78125 378.875 393.79376220703125 408.48126220703125 422.60626220703125 436.4375 441.4375 446.21875 451.07501220703125 464.506256103515625 480.837493896484375 497.5625 509.70001220703125 528.51251220703125 549.0625 564.5875244140625 583.39373779296875 599.86248779296875 610.3812255859375 617 615.45001220703125 607.54376220703125 601.2125244140625 595.98748779296875 583.67498779296875
291.318756103515625 287.993743896484375 288.76873779296875 287.443756103515625 288.15625 296.40625 306.66876220703125 319.037506103515625 330.5625 340.399993896484375 346.681243896484375 348.337493896484375 352.45001220703125 353.006256103515625 351.912506103515625 353.86248779296875 353.28125 355.649993896484375 362.46875 373.85626220703125 389.256256103515625 404.631256103515625 420.51873779296875 432.662506103515625 447.993743896484375 462.95001220703125 468.418731689453125 469.40625 472.337493896484375 485.118743896484375 501.225006103515625 515.2874755859375 529.3375244140625 543.875 563.07501220703125 579.0062255859375 594.95001220703125 613.16876220703125 628.15625 633.45623779296875 625.58123779296875 619.10626220703125 614.3062744140625 609.25 599.66876220703125
300.41876220703125 294.975006103515625 293.84375 294.26873779296875 295.39373779296875 301.84375 305.76873779296875 309.07501220703125 313.100006103515625 322.8125 339.59375 351.787506103515625 360.64373779296875 365.662506103515625 367.649993896484375 368.975006103515625 368.86248779296875 372.443756103515625 377.818756103515625 391.375 410.70623779296875 429.20001220703125 445.16876220703125 458.024993896484375 475.65625 487.1875 490.86248779296875 491.350006103515625 493.78125 506.318756103515625 517.16876220703125 529.57501220703125 543.0374755859375 557.5374755859375 574.0875244140625 584.5250244140625 600.51873779296875 616.14373779296875 626.5687255859375 628.91876220703125 625.35626220703125 622.54376220703125 617.5687255859375 610.54376220703125 597.61248779296875
306.89373779296875 302.162506103515625 300.83123779296875 299.79376220703125 300.61248779296875 304.91876220703125 309.131256103515625 310.225006103515625 307.61248779296875 311.84375 332.63751220703125 349.23748779296875 366.01873779296875 373.399993896484375 376.10626220703125 379.837493896484375 382.92498779296875 389.09375 397.912506103515625 409.73748779296875 422.993743896484375 445.48126220703125 462.287506103515625 479.193756103515625 495.78125 504.33123779296875 505.756256103515625 506.725006103515625 508.443756103515625 518.79998779296875 530.375 537.04998779296875 546.67498779296875 555.86248779296875 570.9937744140625 581.67498779296875 596.8187255859375 607.5250244140625 616.6187744140625 617.79998779296875 615.48126220703125 610.48748779296875 608.4749755859375 604.65625 585.45623779296875
312.774993896484375 306.76251220703125 306.33123779296875 305.86248779296875 305.70001220703125 310.306243896484375 315.28125 316.88751220703125 320.337493896484375 329.399993896484375 345.85626220703125 358.1875 372.15625 380.32501220703125 386.681243896484375 390.88751220703125 396.006256103515625 405.024993896484375 415.0625 431.1875 445.23126220703125 463.07501220703125 479.556243896484375 499.03125 510.40625 515.7750244140625 516.0250244140625 516.04376220703125 519.15625 531.4312744140625 536.23126220703125 538.0875244140625 544.76873779296875 552.8062744140625 564.5625 576.0562744140625 585.35626220703125 594.76873779296875 601.6937255859375 606.32501220703125 607.8375244140625 603.79376220703125 599.46875 588.26873779296875 573.6624755859375
318.712493896484375 313.95623779296875 313.01251220703125 312.21875 310.537506103515625 315.73748779296875 321.61248779296875 325.15625 333.3125 345.056243896484375 361.29376220703125 375.29376220703125 382.36248779296875 389.774993896484375 394.91876220703125 399.662506103515625 406.95001220703125 418.556243896484375 432.07501220703125 448.33123779296875 469.493743896484375 486.524993896484375 499 503.600006103515625 520.2750244140625 526.0999755859375 522.1187744140625 520.4000244140625 520.53125 530.5374755859375 533.23748779296875 532.78125 538.76251220703125 545.3125 555.01873779296875 560.17498779296875 567.4312744140625 576.2750244140625 584.23748779296875 589.6937255859375 590.76251220703125 586.7874755859375 586.75 580.23126220703125 564.0999755859375
321.837493896484375 316.78125 315.756256103515625 318.35626220703125 318.45623779296875 321.962493896484375 329.693756103515625 336.73748779296875 347.493743896484375 360.4375 376.712493896484375 391.54998779296875 393.868743896484375 397.57501220703125 402.181243896484375 407.712493896484375 414.39373779296875 426.41876220703125 441.318756103515625 459.243743896484375 480.443756103515625 498.48126220703125 512.71875 521.57501220703125 525.04376220703125 521.86248779296875 516.51251220703125 512.03125 511.899993896484375 516.36248779296875 518.1812744140625 518.20623779296875 521.38751220703125 527.67498779296875 535.9375 542.1312255859375 551.0062255859375 560.4625244140625 563.84375 565.3187255859375 568.42498779296875 566.92498779296875 565.17498779296875 553.3187255859375 537.96875
325.67498779296875 320.725006103515625 320.35626220703125 322.037506103515625 324.056243896484375 331.39373779296875 337.6875 344.262481689453125 354.85626220703125 370.5 386.46875 401.162506103515625 404.90625 399.837493896484375 403.84375 412.04376220703125 417.41876220703125 429.462493896484375 446.225006103515625 462.256256103515625 484.243743896484375 500.59375 510.681243896484375 517.40625 508.51873779296875 501.59375 501.556243896484375 497.25 498.912506103515625 500.57501220703125 500.931243896484375 499.34375 501.29376220703125 506.79376220703125 512.48126220703125 521.7125244140625 531.29376220703125 540.66876220703125 546.3375244140625 548.3499755859375 543.1500244140625 545.1812744140625 539.1937255859375 529.0374755859375 521.0062255859375
328.23126220703125 323.58123779296875 322.45001220703125 323.92498779296875 328.21875 335.36248779296875 341.431243896484375 348.86248779296875 361.07501220703125 374.91876220703125 387.068756103515625 396.462493896484375 402.01873779296875 401.79998779296875 401.931243896484375 411.318756103515625 416.70001220703125 426.006256103515625 443.037506103515625 456.712493896484375 476.83123779296875 490.524993896484375 502.149993896484375 500.20623779296875 494.23126220703125 489.14373779296875 486.5625 483.631256103515625 482.98748779296875 484.34375 483.162506103515625 481.918731689453125 479.83123779296875 484.20623779296875 491.256256103515625 502.068756103515625 511.92498779296875 524.16876220703125 533.0562744140625 532.6500244140625 521.5374755859375 513.6812744140625 517.1500244140625 521.8375244140625 520.07501220703125
328.5625 324.57501220703125 324.48126220703125 326.774993896484375 331.98748779296875 338.98126220703125 346.45623779296875 353.875 363.70001220703125 374.61248779296875 385.11248779296875 393.756256103515625 397.90625 398.662506103515625 397.28125 401.70623779296875 408.725006103515625 422.57501220703125 437.90625 451.53125 468.037506103515625 484.181243896484375 492.4375 489.256256103515625 483.3125 480.28125 476.28125 474.29998779296875 473.875 472.15625 466.4375 459.162506103515625 461.243743896484375 462.63751220703125 466.90625 476.243743896484375 494.63751220703125 513.5625 521.8687744140625 517.1937255859375 507.48748779296875 506.818756103515625 517.6187744140625 517.20001220703125 511.125
326.774993896484375 322.95001220703125 325.35626220703125 329.46875 334.34375 341.51873779296875 348.85626220703125 356.66876220703125 367.943756103515625 376.83123779296875 385.306243896484375 392.556243896484375 396.84375 396.03125 392.0625 387.868743896484375 399.75 418.64373779296875 431.84375 445.89373779296875 462.17498779296875 475.181243896484375 482.10626220703125 479.068756103515625 472.51251220703125 470.912506103515625 465.33123779296875 464.693756103515625 464.10626220703125 462.625 459.4375 450.51873779296875 442.193756103515625 439.956268310546875 439.537506103515625 459.131256103515625 478.024993896484375 498.5 508.86248779296875 512.48126220703125 507.75 510.725006103515625 514.1624755859375 510.212493896484375 501.53125
323.375 321.42498779296875 325.6875 331.07501220703125 336.11248779296875 343.48748779296875 353.01873779296875 361.037506103515625 369.73748779296875 378.537506103515625 385.34375 392.1875 395.09375 394.67498779296875 393.41876220703125 393.10626220703125 395.118743896484375 410.181243896484375 426.743743896484375 442.306243896484375 457.899993896484375 472.08123779296875 478.53125 469.600006103515625 462.92498779296875 459.21875 455.649993896484375 454.83123779296875 456.36248779296875 456.34375 451.57501220703125 442.649993896484375 435.225006103515625 431.45001220703125 439.51873779296875 452.65625 472.90625 495.51251220703125 514.2125244140625 515.51251220703125 513.28125 513.34375 508.037506103515625 502.662506103515625 492.068756103515625
318.13751220703125 318.89373779296875 323.787506103515625 332.28125 338.412506103515625 347.66876220703125 358.73126220703125 365.88751220703125 373.8125 380.29376220703125 384.962493896484375 390.600006103515625 392.993743896484375 394.61248779296875 394.70001220703125 396.5625 397.931243896484375 399.912506103515625 420.54998779296875 436.912506103515625 455.33123779296875 467.725006103515625 473.975006103515625 465.056243896484375 459.506256103515625 455.993743896484375 448.03125 451.225006103515625 454.40625 451.993743896484375 440.14373779296875 419.743743896484375 422.07501220703125 425.78125 431.01873779296875 449.65625 469.587493896484375 490.09375 505.368743896484375 515.86248779296875 510.443756103515625 507.84375 502.48126220703125 495.54376220703125 486.57501220703125
311.54376220703125 314.41876220703125 322.350006103515625 330.66876220703125 338.693756103515625 350.306243896484375 361.29998779296875 371.91876220703125 380.006256103515625 385.25 387.056243896484375 387.60626220703125 390.25 394.537506103515625 391.662506103515625 393.59375 396.53125 400.20623779296875 409.787506103515625 425.875 451.89373779296875 468.38751220703125 461.162506103515625 459.38751220703125 458.475006103515625 459.693756103515625 456.88751220703125 456.39373779296875 459.850006103515625 453.98126220703125 440.912506103515625 421.831268310546875 416.625 408.40625 411.79376220703125 431.04998779296875 452.84375 472.462493896484375 492.568756103515625 501.131256103515625 505.118743896484375 503.125 496.01873779296875 488.912506103515625 481.243743896484375
304.375 309.54998779296875 318 325.95623779296875 337.48748779296875 353.1875 367.568756103515625 376.962493896484375 384.67498779296875 389.35626220703125 389.056243896484375 390.96875 392.681243896484375 394.46875 389.73748779296875 384.13751220703125 383.23748779296875 395.85626220703125 404.39373779296875 418.98126220703125 437.03125 449.23126220703125 459.243743896484375 458.975006103515625 458.98748779296875 459.76251220703125 459.943756103515625 464.212493896484375 462.962493896484375 451.193756103515625 432.625 422.225006103515625 410.149993896484375 393.787506103515625 387.287506103515625 405.912506103515625 436.256256103515625 463.512481689453125 481.899993896484375 493.45623779296875 496.75 495.087493896484375 489.1875 482.25 471.46875
