data/historical-monthly-weather-data/wc2.1_cruts4.09_10m_prec_1958-10.asc
ncols        51
nrows        45
xllcorner    -63.500000000000
yllcorner    -7.500000000000
cellsize     0.166666666667
NODATA_value -9999
[rows 19 to 37 of 45, columns 0 to 43 of 51]
163.3937530517578125 167.181243896484375 168.3249969482421875 168.8687591552734375 168.912506103515625 167.6125030517578125 164.993743896484375 161.0500030517578125 156.1437530517578125 149.9499969482421875 141.931243896484375 132.71875 123.8000030517578125 115.46875 109.56874847412109375 104.77500152587890625 98.78125 94.7687530517578125 91.6125030517578125 89.125 84.66249847412109375 81.8562469482421875 81.6125030517578125 85 87.1062469482421875 86.6999969482421875 85.55625152587890625 83.1374969482421875 77.68125152587890625 71.56874847412109375 67.84999847412109375 70.3874969482421875 72.06874847412109375 73.2937469482421875 73.3937530517578125 70.81874847412109375 69.8562469482421875 70.52500152587890625 70.55625152587890625 69.40000152587890625 67.1750030517578125 63.362499237060546875 57.362499237060546875 51.831249237060546875
149.9875030517578125 156.0437469482421875 159.225006103515625 161.1999969482421875 162.287506103515625 161.4187469482421875 159.8937530517578125 156.7624969482421875 152.5749969482421875 146.1125030517578125 138.225006103515625 128.6687469482421875 119.5187530517578125 110.46250152587890625 104.43125152587890625 99.11875152587890625 93.71250152587890625 89.8125 88.25 86.1437530517578125 84.00624847412109375 82.49375152587890625 81.6437530517578125 84.43125152587890625 87.18125152587890625 88.22499847412109375 87.9562530517578125 85.00624847412109375 81.6999969482421875 79.63124847412109375 78.80625152587890625 80.65000152587890625 81.89374542236328125 83.9875030517578125 86.30625152587890625 82.6999969482421875 78.59375 76.6374969482421875 74.63124847412109375 72.58750152587890625 70.0437469482421875 66.3874969482421875 61.362499237060546875 56.59999847412109375
137.399993896484375 145.65625 150 152.875 155.0749969482421875 155.306243896484375 154.3874969482421875 152.40625 149.618743896484375 143.274993896484375 134.899993896484375 125.28749847412109375 116.3000030517578125 108.5 102.1875 97.0625 92.65625 89.38124847412109375 87.4812469482421875 85.94374847412109375 83.56874847412109375 82.4250030517578125 82.50624847412109375 84.9875030517578125 87.15000152587890625 88.5500030517578125 89.80625152587890625 89.0749969482421875 88.3249969482421875 88.28749847412109375 88.8874969482421875 90.75 91.52500152587890625 93.1062469482421875 93.4812469482421875 90.5500030517578125 85.9812469482421875 82.16249847412109375 78.8937530517578125 76.2375030517578125 73.2687530517578125 69.68125152587890625 65.56874847412109375 61.09375
127.31874847412109375 137.5 142.662506103515625 145.962493896484375 147.743743896484375 148.3874969482421875 148.3312530517578125 147.9375 147.4375 140.493743896484375 131.78125 121.91249847412109375 113.9499969482421875 107.43125152587890625 101.2375030517578125 96.0500030517578125 91.80625152587890625 89.4250030517578125 87.5812530517578125 86 84.71250152587890625 83.56874847412109375 83.4812469482421875 86.00624847412109375 88.05625152587890625 88.81874847412109375 91.21875 93.2624969482421875 93.90000152587890625 95.6374969482421875 98.19374847412109375 101.0500030517578125 101.00624847412109375 101.5124969482421875 100.8562469482421875 97.31874847412109375 92.5187530517578125 87.40000152587890625 83.375 81.1125030517578125 78.21875 74.69374847412109375 70.69374847412109375 66.1875
118.50624847412109375 129.181243896484375 135.556243896484375 138.1062469482421875 139.6812591552734375 140.75 141.0500030517578125 141.6750030517578125 141.350006103515625 135.725006103515625 127.59375 119.6750030517578125 113.0500030517578125 107.5 102.2062530517578125 97.33750152587890625 93.59375 91.46875 89.78749847412109375 88.27500152587890625 87.3874969482421875 86.81874847412109375 86.21250152587890625 88.34375 89.94374847412109375 90.0749969482421875 91.74375152587890625 95.53125 99.0437469482421875 102.47499847412109375 106.0812530517578125 109.4187469482421875 109.4812469482421875 109.25 108.3874969482421875 105.2937469482421875 100.55625152587890625 94.93125152587890625 90.77500152587890625 87.58750152587890625 84.23749542236328125 80.41249847412109375 75.90000152587890625 70.84375
113.31874847412109375 122.5437469482421875 128.837493896484375 130.1687469482421875 131.337493896484375 132.462493896484375 132.8937530517578125 132.96875 132.350006103515625 129.03125 123.86875152587890625 117.9499969482421875 112.9875030517578125 108.5749969482421875 103.71250152587890625 99.5500030517578125 95.99375152587890625 94.2624969482421875 92.84375 91.65625 90.86249542236328125 89.80625152587890625 89.71250152587890625 91.5812530517578125 93.40000152587890625 95.02500152587890625 97.15625 100.875 104.91249847412109375 109 112.96250152587890625 115.96250152587890625 116.8874969482421875 116.53125 115.89374542236328125 112.4562530517578125 108.7312469482421875 104.55625152587890625 99.75 96.0749969482421875 92.0437469482421875 87.4187469482421875 82.15625 77.125
109.375 116.15625 119.50624847412109375 121.59999847412109375 122.5187530517578125 123.6437530517578125 124.33750152587890625 124.58750152587890625 124.6875 123.3312530517578125 119.44374847412109375 116.02500152587890625 112.6062469482421875 109.4562530517578125 105.66249847412109375 101.90000152587890625 98.9250030517578125 97.3312530517578125 96.3125 95.375 94.80625152587890625 93.8562469482421875 93.8000030517578125 96.0187530517578125 98.43125152587890625 100.8562469482421875 103.9250030517578125 107.34999847412109375 111.27500152587890625 115.61875152587890625 118.86875152587890625 122.7687530517578125 124.1750030517578125 123.90000152587890625 123.8874969482421875 120.8125 117.5124969482421875 114.3874969482421875 109.78749847412109375 105.6374969482421875 101.22499847412109375 96.00624847412109375 89.91249847412109375 84.4499969482421875
107.7062530517578125 110.6875 112.9562530517578125 114.5437469482421875 115.46250152587890625 117.1687469482421875 118.1374969482421875 118.83750152587890625 119.15000152587890625 118.34375 117.19374847412109375 115.84375 114.38124847412109375 112.77500152587890625 109.36875152587890625 106.27500152587890625 103.15000152587890625 101.9375 100.7687530517578125 99.71250152587890625 99.36875152587890625 98.52500152587890625 98.4375 101.74375152587890625 104.21875 107.06874847412109375 110.28125 113.83750152587890625 117.96875 121.875 125.83750152587890625 128.818756103515625 130.868743896484375 131.506256103515625 131.5124969482421875 129.5625 127.43125152587890625 125.2312469482421875 121.41249847412109375 118.0187530517578125 113.7375030517578125 108.3125 101.7687530517578125 95.4375
105.4562530517578125 105.9812469482421875 107.3000030517578125 108.5500030517578125 109.34999847412109375 111.1750030517578125 112.875 113.7375030517578125 114.53125 115.0625 114.96250152587890625 115.4812469482421875 116.27500152587890625 115.91249847412109375 113.34375 110.6875 108.30625152587890625 106.58750152587890625 105.5500030517578125 104.875 104.2937469482421875 103.5812530517578125 104.13124847412109375 107.2062530517578125 110.08750152587890625 113.41249847412109375 117.21875 121.16249847412109375 124.65000152587890625 128.212493896484375 131.4562530517578125 134.71875 137.1687469482421875 138.3625030517578125 139.78125 138.4499969482421875 136.962493896484375 136.6125030517578125 133.34375 131.024993896484375 128.587493896484375 122.3312530517578125 114.0500030517578125 107.75624847412109375
103.46875 102.24375152587890625 102.49375152587890625 103.5812530517578125 104.3249969482421875 105.88124847412109375 107.4250030517578125 108.9562530517578125 110.61875152587890625 112.375 113.78749847412109375 115.91249847412109375 118.09999847412109375 119.15000152587890625 117.5500030517578125 115.3625030517578125 113.5812530517578125 111.91249847412109375 110.65625 109.9250030517578125 109.27500152587890625 108.9375 109.53125 112.6999969482421875 115.88124847412109375 119.78749847412109375 123.8249969482421875 127.8312530517578125 132.1687469482421875 135.0437469482421875 137.337493896484375 140.368743896484375 143.243743896484375 145.2062530517578125 147.3312530517578125 147.3562469482421875 146.975006103515625 147.0812530517578125 144.0625 142.337493896484375 141.3125 134.7062530517578125 126.09375 121.0124969482421875
105.9250030517578125 103.71875 103.09375 102.80625152587890625 103.14374542236328125 104.0124969482421875 105.6062469482421875 107.49375152587890625 110.09999847412109375 112.15625 114.78125 117.56874847412109375 121.03125 123.25 122.28749847412109375 121.16249847412109375 119.43125152587890625 118.3000030517578125 116.72499847412109375 115.1437530517578125 114.8249969482421875 114.59999847412109375 114.8874969482421875 117.7624969482421875 121.4187469482421875 125.9812469482421875 130.03125 133.90625 137.662506103515625 140.4812469482421875 143.318756103515625 146.3125 149.631256103515625 152.9250030517578125 155.6750030517578125 156.78125 157.4562530517578125 159.0500030517578125 155.28125 153.0812530517578125 152.368743896484375 149.399993896484375 143.46875 140.8562469482421875
108.8562469482421875 105.63124847412109375 104.40000152587890625 102.80625152587890625 102.53125 103.8312530517578125 105.19374847412109375 107.0500030517578125 109.84375 112.46875 116.0437469482421875 120.0625 124.8000030517578125 128.024993896484375 127.4375 127.05625152587890625 126.44374847412109375 124.78749847412109375 122.91249847412109375 121.34999847412109375 120.53749847412109375 120.28749847412109375 120.56874847412109375 123.41249847412109375 127.2375030517578125 131.5124969482421875 135.6374969482421875 139.493743896484375 143.0812530517578125 145.837493896484375 149.125 152.3000030517578125 156.318756103515625 160.7062530517578125 164.506256103515625 166.0500030517578125 168.1999969482421875 171.006256103515625 166.875 161.0500030517578125 161.5812530517578125 162.756256103515625 161.5187530517578125 159.774993896484375
111.5 107.59999847412109375 105.22499847412109375 103.7062530517578125 103.59375 103.90000152587890625 105.02500152587890625 106.8562469482421875 109.9562530517578125 113.28125 117.27500152587890625 122.5 127.71250152587890625 132.2312469482421875 133.2624969482421875 133.625 133.0437469482421875 130.681243896484375 129.318756103515625 127.53125 126.5 125.97499847412109375 126.1875 128.8312530517578125 132.7624969482421875 136.78125 140.850006103515625 144.837493896484375 148.306243896484375 151.556243896484375 154.912506103515625 157.9375 162.899993896484375 168.6750030517578125 172.875 175.8000030517578125 179.3125 182.9875030517578125 178.3625030517578125 174.4562530517578125 176.78125 180.1875 180.6999969482421875 181.4375
117.5500030517578125 113.21875 110.4187469482421875 108.7062530517578125 107.50624847412109375 107.34999847412109375 107.75624847412109375 108.8125 111.625 115.1750030517578125 120.9812469482421875 126.3000030517578125 132.725006103515625 138.693756103515625 140.2937469482421875 140.806243896484375 140.1750030517578125 137.931243896484375 135.9875030517578125 134.0437469482421875 132.6125030517578125 131.6875 131.28125 133.9499969482421875 137.306243896484375 140.90625 145 148.774993896484375 152.524993896484375 157.0187530517578125 160.9499969482421875 164.8562469482421875 169.5187530517578125 176.399993896484375 183.1062469482421875 188.625 192.8312530517578125 196.1999969482421875 194.3874969482421875 196.056243896484375 200.3937530517578125 204.4875030517578125 207.443756103515625 209.993743896484375
123.26250457763671875 119.19374847412109375 116.3937530517578125 114.2375030517578125 111.75 111.125 110.8625030517578125 111.33750152587890625 113.28749847412109375 116.9250030517578125 122.1999969482421875 129.9812469482421875 138.6437530517578125 144.412506103515625 147.15625 148.037506103515625 147.8625030517578125 145.662506103515625 142.71875 140.8937530517578125 138.931243896484375 137.412506103515625 136.5749969482421875 138.193756103515625 141.46875 144.6999969482421875 148.399993896484375 152.2624969482421875 156.5812530517578125 161.6875 166.9499969482421875 172.225006103515625 178.6999969482421875 185.5124969482421875 194.1125030517578125 200.7687530517578125 205.8312530517578125 210.462493896484375 212.899993896484375 218.068756103515625 223.1750030517578125 228.975006103515625 235.587493896484375 241.0187530517578125
129.03125 125.46875 121.86875152587890625 119.3249969482421875 116.2937469482421875 115.0437469482421875 114.03125 114.00624847412109375 114.7687530517578125 118.09375 124.09375 133.399993896484375 143.9187469482421875 151.881256103515625 153.881256103515625 155.162506103515625 155.5437469482421875 153.0437469482421875 150 147.2312469482421875 145.1687469482421875 142.875 141.556243896484375 142.3625030517578125 144.9875030517578125 147.8000030517578125 151.8000030517578125 156.243743896484375 160.7624969482421875 166.3562469482421875 172.256256103515625 178.9499969482421875 186.662506103515625 195.4812469482421875 204.2312469482421875 210.9875030517578125 217.0812530517578125 225.0812530517578125 230.431243896484375 237.1125030517578125 244.3125 250.8937530517578125 259.65625 267.056243896484375
135.274993896484375 131.8249969482421875 128.7624969482421875 125.53749847412109375 122.4812469482421875 120.94374847412109375 119.0437469482421875 117.93125152587890625 117.84999847412109375 120.0187530517578125 126.6999969482421875 137.0812530517578125 149.024993896484375 157.4375 160.4187469482421875 161.84375 162.1062469482421875 159.8249969482421875 156.8000030517578125 153.6125030517578125 151.412506103515625 149.131256103515625 146.5187530517578125 146.7937469482421875 148.368743896484375 150.068756103515625 153.600006103515625 157.912506103515625 162.381256103515625 169.256256103515625 176.0625 183.6687469482421875 192.368743896484375 202.850006103515625 211.5437469482421875 217.975006103515625 227.3000030517578125 235.118743896484375 241.6875 249.006256103515625 257.71875 265.66876220703125 272.368743896484375 281.431243896484375
141.6062469482421875 138.4250030517578125 135.462493896484375 132.381256103515625 129.350006103515625 127.05625152587890625 124.4250030517578125 122.3000030517578125 120.94374847412109375 120.78125 128.5749969482421875 142.662506103515625 153.6999969482421875 161.181243896484375 165.4875030517578125 167.899993896484375 168.2687530517578125 166.1687469482421875 162.75 159.1875 156.625 153.875 151.462493896484375 150.5812530517578125 150.90625 151.962493896484375 154.96875 159.100006103515625 163.9875030517578125 171.6437530517578125 179.9187469482421875 187.787506103515625 198.743743896484375 210.15625 218.587493896484375 227.3000030517578125 236.462493896484375 245.8249969482421875 252.8937530517578125 260.118743896484375 268.82501220703125 275.306243896484375 283.78125 294.16876220703125
147.493743896484375 144.712493896484375 141.756256103515625 138.9250030517578125 136.162506103515625 133.46875 131.2312469482421875 128.7312469482421875 127.28749847412109375 125.43125152587890625 137.3874969482421875 151.65625 160.25 166.8937530517578125 171.0124969482421875 173.681243896484375 174.056243896484375 171.8000030517578125 168.556243896484375 164.506256103515625 161.28125 157.5500030517578125 154.743743896484375 152.993743896484375 153.0437469482421875 153.5500030517578125 155.975006103515625 159.9250030517578125 164.7624969482421875 173.5124969482421875 181.8499908447265625 191.2687530517578125 203.28125 214.881256103515625 225.225006103515625 233.381256103515625 243.899993896484375 252.875 261.89373779296875 270.287506103515625 276.54998779296875 284.5 291.32501220703125 300.125
