data/historical-monthly-weather-data/wc2.1_cruts4.09_10m_prec_1953-05.asc
ncols        45
nrows        45
xllcorner    -63.500000000000
yllcorner    -7.500000000000
cellsize     0.166666666667
NODATA_value -9999
[rows 20 to 39 of 45, columns 0 to 43 of 45]
167.056243896484375 173.1374969482421875 178.524993896484375 181.306243896484375 184.3249969482421875 195.1875 204.100006103515625 210.5437469482421875 216.1687469482421875 218.912506103515625 221.96875 222.5749969482421875 218.71875 214.3562469482421875 207.8000030517578125 203.337493896484375 195.7312469482421875 196.71875 203.90625 208.2624969482421875 224.84375 240.8125 254.6812591552734375 259.287506103515625 260.45001220703125 254.8874969482421875 241.78125 234.556243896484375 228.337493896484375 223.0749969482421875 220.9250030517578125 222 217.256256103515625 215.162506103515625 217.850006103515625 224.431243896484375 229.34375 231.068756103515625 228.0500030517578125 221.912506103515625 216.037506103515625 209.212493896484375 206.1437530517578125 208.3562469482421875
157.068756103515625 157.7937469482421875 165.875 173.46875 177.381256103515625 185.9875030517578125 196.868743896484375 206.243743896484375 212.75 216.375 218.5749969482421875 217.2312469482421875 213.506256103515625 208.96875 206.806243896484375 200.6687469482421875 203.65625 203.4250030517578125 209.818756103515625 212.9812469482421875 220.2375030517578125 234.0124969482421875 247.125 247.931243896484375 244.6125030517578125 244.1437530517578125 241.59375 234.2062530517578125 233.65625 230.2937469482421875 224.1125030517578125 218.6750030517578125 217.681243896484375 218.125 216.243743896484375 218.431243896484375 223.2062530517578125 224.7062530517578125 221.6062469482421875 216.443756103515625 212.2687530517578125 206.6750030517578125 203.4625091552734375 203.7687530517578125
147.712493896484375 153.25 160.1999969482421875 167.53125 171.5749969482421875 179.600006103515625 184.75 195.287506103515625 206.912506103515625 211.756256103515625 212.6437530517578125 211.212493896484375 211.625 208.40625 206.5 203.037506103515625 202.4499969482421875 204.8249969482421875 208.9250030517578125 213.068756103515625 222.125 228.693756103515625 238.493743896484375 238.5500030517578125 240.506256103515625 239.131256103515625 233.381256103515625 232.3937530517578125 232.506256103515625 228.1999969482421875 220.8874969482421875 218.71875 220.21875 219.0437469482421875 218.3000030517578125 213.587493896484375 214.0187530517578125 217.287506103515625 218.524993896484375 213.631256103515625 208.09375 203.7062530517578125 200.2312469482421875 199.787506103515625
136.6374969482421875 144.03125 152.6374969482421875 158.068756103515625 161.475006103515625 168.024993896484375 179.8249969482421875 189.0749969482421875 196.350006103515625 200.875 204.6687469482421875 209.087493896484375 209.618743896484375 209.8249969482421875 206.59375 203.5500030517578125 202.8625030517578125 207.3249969482421875 212.71875 218.225006103515625 222.6750030517578125 229.3874969482421875 235.15625 239.056243896484375 237.868743896484375 232.681243896484375 229.975006103515625 229.631256103515625 231.4875030517578125 232.1437530517578125 230.881256103515625 229.837493896484375 230.9250030517578125 227.7624969482421875 224.337493896484375 215.443756103515625 217.34375 217.0749969482421875 215.375 211.2624969482421875 205.0124969482421875 202.3249969482421875 199.899993896484375 197.3312530517578125
129.087493896484375 137.1999969482421875 144.068756103515625 151.1437530517578125 155.662506103515625 163.4499969482421875 170.712493896484375 180.431243896484375 187.193756103515625 193.7062530517578125 197.75 201.3562469482421875 206.1750030517578125 207.225006103515625 204.243743896484375 203.412506103515625 205.662506103515625 209.787506103515625 213.9250030517578125 219.631256103515625 226.443756103515625 230.337493896484375 237.125 238.7624969482421875 236.9937591552734375 238.65625 235.693756103515625 235.96875 236.8125 241.431243896484375 241.3562469482421875 245.756256103515625 244.943756103515625 239.9437408447265625 230.243743896484375 222.40625 220.59375 214.693756103515625 211.65625 207.75 202.9499969482421875 199.0500030517578125 196.806243896484375 192.375
124.3874969482421875 133.256256103515625 136.2375030517578125 141.9812469482421875 144.3874969482421875 151.756256103515625 159.0500030517578125 168.3249969482421875 173.4562530517578125 178.25 187.993743896484375 194.975006103515625 198.524993896484375 201.8000030517578125 204.181243896484375 203.943756103515625 206.6750030517578125 211.2624969482421875 215.600006103515625 220.3000030517578125 226.993743896484375 230.8312530517578125 237.21875 236.0500030517578125 237.9187469482421875 239.100006103515625 242.1875 242.4562530517578125 242.631256103515625 247.9562530517578125 253.462493896484375 264.587493896484375 263.868743896484375 250.8625030517578125 237.556243896484375 229.4375 221.6374969482421875 215.3000030517578125 207.131256103515625 202.4375 198.65625 193.412506103515625 189.1374969482421875 187.34375
114.65625 117.83750152587890625 123.1374969482421875 128.212493896484375 131.587493896484375 139.475006103515625 146.9562530517578125 153.912506103515625 160.9812469482421875 171.681243896484375 180.7062530517578125 186.78125 193.90625 199.9187469482421875 202.7624969482421875 205.068756103515625 206.3625030517578125 209.5812530517578125 218.287506103515625 222.306243896484375 226.587493896484375 231.743743896484375 237.8874969482421875 240.787506103515625 242.3562469482421875 244.118743896484375 246.506256103515625 246.618743896484375 247.850006103515625 250.7687530517578125 260.14373779296875 271.1875 274.66876220703125 256.65625 239.462493896484375 228.8125 222.96875 213.4250030517578125 205.15625 200.2062530517578125 195.3000030517578125 190.3937530517578125 186.46875 182.6125030517578125
104.9562530517578125 104.6999969482421875 109.46875 113.5812530517578125 118.6437530517578125 127.6062469482421875 136.125 142.524993896484375 151.556243896484375 162.46875 171.4250030517578125 178.868743896484375 187.774993896484375 195.0187530517578125 200.037506103515625 200.9499969482421875 205.2687530517578125 212.8562469482421875 221.5 226.806243896484375 231.0187530517578125 234.368743896484375 242.8874969482421875 244.28125 246.443756103515625 246.4499969482421875 248.9812469482421875 248.7937469482421875 250.5437469482421875 254.0187530517578125 260.86248779296875 268.256256103515625 266.943756103515625 252.4562530517578125 239.774993896484375 228.84375 219.6062469482421875 212.568756103515625 206.0749969482421875 198.3937530517578125 191.8125 188.943756103515625 185.443756103515625 182.806243896484375
94.75 93.0437469482421875 96.8000030517578125 101.6687469482421875 107.08124542236328125 113.9375 121.65625 131.2937469482421875 143.1374969482421875 152.4875030517578125 162.4250030517578125 172.4562530517578125 182.1062469482421875 192.806243896484375 200.0749969482421875 205.125 209.662506103515625 215.7937469482421875 223.0124969482421875 229.15625 233.975006103515625 237.149993896484375 243.6437530517578125 244.65625 246.162506103515625 243.975006103515625 246.5812530517578125 248.6374969482421875 249.8812408447265625 251.350006103515625 256.21875 258.17498779296875 253.756256103515625 243.34375 235.6062469482421875 225.725006103515625 217.5812530517578125 208.712493896484375 202.3562469482421875 194.7687530517578125 185.443756103515625 180.96875 181.5437469482421875 183.493743896484375
93.5500030517578125 90.40625 92.21875 94.625 98.4875030517578125 106.21250152587890625 113.7062530517578125 124.00624847412109375 134.6374969482421875 143.318756103515625 154.3312530517578125 165.725006103515625 177.1999969482421875 189.712493896484375 198.0187530517578125 204.5749969482421875 210.1437530517578125 219.71875 225.625 229.149993896484375 234.21875 239.6125030517578125 245.037506103515625 244.21875 242.056243896484375 244.631256103515625 243.2312469482421875 240.875 241.46875 242.96875 246.4562530517578125 245.6750030517578125 241.40625 235.193756103515625 229.287506103515625 219.0437469482421875 215.5 207.8625030517578125 200.4375 197.1374969482421875 191.149993896484375 185.712493896484375 182.28125 180.5437469482421875
93.625 88.9375 88.9187469482421875 90.9812469482421875 94.18125152587890625 100.72499847412109375 108.7687530517578125 116.72499847412109375 127.1062469482421875 137.2375030517578125 148.2312469482421875 159.3125 173.9250030517578125 184.806243896484375 194.21875 203.7062530517578125 211.90625 219.40625 226.618743896484375 232.5124969482421875 234.537506103515625 238.131256103515625 243.34375 239.71875 237.2937469482421875 241.318756103515625 238.1437530517578125 233.8125 233.743743896484375 233.3874969482421875 236.4562530517578125 233.225006103515625 229.2624969482421875 225.1750030517578125 219.90625 210.4499969482421875 207.2062530517578125 203.6875 200.21875 195.725006103515625 193.600006103515625 187.774993896484375 183.5437469482421875 178.8312530517578125
93.16249847412109375 87.5187530517578125 87.0437469482421875 88.63124847412109375 91.5749969482421875 96.5812530517578125 104.8562469482421875 110.55625152587890625 120.2375030517578125 129.8562469482421875 140.5500030517578125 151.4499969482421875 165.7937469482421875 180.0124969482421875 189.9250030517578125 201.28125 207.681243896484375 214.537506103515625 221.65625 228.1687469482421875 229.3562469482421875 233.337493896484375 237.3249969482421875 235.1875 236.375 236.0250091552734375 232.587493896484375 226.5812530517578125 222.6750030517578125 223.0187530517578125 221.131256103515625 219.3937530517578125 215.274993896484375 212.1062469482421875 209.3562469482421875 202.243743896484375 198.556243896484375 196.6750030517578125 193.399993896484375 193.9562530517578125 192.15625 188.162506103515625 184.9187469482421875 183.524993896484375
101.25624847412109375 96.21875 94.38124847412109375 95.11875152587890625 95.61875152587890625 99.11875152587890625 105.03125 109.96250152587890625 118.1999969482421875 127.55625152587890625 139.4812469482421875 150.243743896484375 163.6125030517578125 178.4250030517578125 187.806243896484375 196.399993896484375 203.5 212.443756103515625 216.4812469482421875 221.993743896484375 222.2624969482421875 226.875 228.8249969482421875 228.743743896484375 228.6999969482421875 228.71875 223.3312530517578125 218.125 212.125 210.318756103515625 208.9812469482421875 205.943756103515625 200.9250030517578125 201.28125 198.3249969482421875 195.6062469482421875 190.243743896484375 188.9562530517578125 186.5625 189.6125030517578125 188.0625 187.087493896484375 185.337493896484375 186.068756103515625
110.11875152587890625 104.7687530517578125 103.20624542236328125 102.25 102.11875152587890625 103.5124969482421875 106.6999969482421875 109.56874847412109375 115.8937530517578125 123.78749847412109375 133.8249969482421875 146.850006103515625 158.9375 171.350006103515625 182.381256103515625 193.243743896484375 201.681243896484375 208.662506103515625 210.34375 213.0625 216.068756103515625 220.3625030517578125 221.962493896484375 219.443756103515625 219.381256103515625 217.5625 211.5625 205.743743896484375 201.9187469482421875 199.2062530517578125 196.975006103515625 193.4812469482421875 190.056243896484375 187.899993896484375 186.8937530517578125 184.149993896484375 181.806243896484375 178.1062469482421875 179.2062530517578125 180.9187469482421875 180.0124969482421875 182.193756103515625 184.4562530517578125 186.243743896484375
117.41249847412109375 112.5625 110.6999969482421875 109.55625152587890625 108.49375152587890625 108.3937530517578125 108.05625152587890625 109.68125152587890625 112.7687530517578125 119.68125152587890625 129.475006103515625 142.2375030517578125 156.662506103515625 170.71875 181.0124969482421875 190.7312469482421875 198.243743896484375 204.243743896484375 205.4375 204.96875 207.4562530517578125 209.274993896484375 212.068756103515625 209.1062469482421875 207.693756103515625 205.7062530517578125 202.4812469482421875 197.868743896484375 193.4562530517578125 190.881256103515625 186.662506103515625 182.537506103515625 177.5 176.287506103515625 170.8125 170.024993896484375 166.7937469482421875 169.1875 170.399993896484375 171.0625 171.1875 171.8625030517578125 174.6999969482421875 178.84375
127.3562469482421875 123.78749847412109375 120.75 118.8000030517578125 116.71250152587890625 115.34375 113.2312469482421875 113.7937469482421875 115.80625152587890625 119.4187469482421875 127.0625 141.912506103515625 157.7624969482421875 169.875 180.4187469482421875 188.306243896484375 194.5 196.7062530517578125 199.0625 197.5749969482421875 199.2937469482421875 200.3937530517578125 201.5124969482421875 199.256256103515625 196.625 193.6750030517578125 193.1437530517578125 189.712493896484375 183.6374969482421875 180.287506103515625 176.725006103515625 172.3937530517578125 167.2312469482421875 162.3562469482421875 158.53125 157.03125 159.8625030517578125 158.556243896484375 160.0812530517578125 163.7312469482421875 163.443756103515625 166.5187530517578125 167.8125 171.462493896484375
137.587493896484375 135.1750030517578125 131.7312469482421875 129.3249969482421875 127.46875 124.02500152587890625 121.06874847412109375 118.5625 118.52500152587890625 117.5500030517578125 128.868743896484375 149.1687469482421875 162.6999969482421875 172.0500030517578125 180.1125030517578125 186.3625030517578125 189.6374969482421875 190.118743896484375 191.2937469482421875 188.0124969482421875 189.7062530517578125 190.3937530517578125 189.350006103515625 186.912506103515625 184.662506103515625 183.837493896484375 182.03125 178.6750030517578125 173.6875 171.0187530517578125 168.28125 164.90625 159.087493896484375 152.118743896484375 148.9499969482421875 149.8249969482421875 151.1750030517578125 152.0812530517578125 152.53125 153.943756103515625 153.9250030517578125 154.8874969482421875 159.9562530517578125 164.193756103515625
147.274993896484375 144.818756103515625 142.756256103515625 139.725006103515625 138.3937530517578125 134.681243896484375 130.868743896484375 126.5500030517578125 125.4250030517578125 123.34999847412109375 142.493743896484375 162.5124969482421875 170.993743896484375 177.5124969482421875 182.2687530517578125 185.868743896484375 186.8562469482421875 186.912506103515625 184.7937469482421875 182.5124969482421875 180.350006103515625 180.1062469482421875 178.7375030517578125 176.068756103515625 173.625 172.212493896484375 169.006256103515625 169.96875 167.0625 162.899993896484375 158.875 155.7375030517578125 151.287506103515625 143.681243896484375 138.212493896484375 139.6437530517578125 142.8874969482421875 143.6437530517578125 146.6750030517578125 146.350006103515625 146.875 148.3312530517578125 148.5187530517578125 149.8687591552734375
152.5437469482421875 150.212493896484375 148.3312530517578125 146.59375 143.40625 140.8562469482421875 139.4250030517578125 138.9812469482421875 142.743743896484375 153.524993896484375 176.318756103515625 182.2687530517578125 181.65625 184.3249969482421875 186.1999969482421875 187.2312469482421875 187.0500030517578125 184.962493896484375 182.0625 177.306243896484375 172.2624969482421875 168.631256103515625 167.6687469482421875 166.681243896484375 163.256256103515625 161.587493896484375 161.46875 162.5 158.881256103515625 156.9187469482421875 151.625 145.287506103515625 142.537506103515625 138.9812469482421875 137.462493896484375 137.618743896484375 138.2624969482421875 140.96875 140.1875 138.0500030517578125 140.274993896484375 140.975006103515625 139.7375030517578125 142.131256103515625
159.3874969482421875 156.4375 155.71875 154.0625 152.3249969482421875 150.4499969482421875 148.84375 153.3937530517578125 160.3000030517578125 171.125 182.375 189.3625030517578125 188.274993896484375 187.912506103515625 189.881256103515625 187.462493896484375 184.4250030517578125 180.5 175.40625 170.943756103515625 163.6374969482421875 159.4499969482421875 155.149993896484375 154.056243896484375 152.8562469482421875 152.600006103515625 152.1437530517578125 152.756256103515625 150.537506103515625 148.6750030517578125 145.899993896484375 143.5500030517578125 140.6687469482421875 138.7312469482421875 137.5 136.5124969482421875 136.0187530517578125 137.8937530517578125 136.5437469482421875 131.96875 132.2624969482421875 132.6875 130.243743896484375 129.84375
