data/historical-monthly-weather-data/wc2.1_cruts4.09_10m_prec_1953-11.asc
ncols        45
nrows        45
xllcorner    -63.500000000000
yllcorner    -7.500000000000
cellsize     0.166666666667
NODATA_value -9999
[rows 0 to 18 of 45, columns 0 to 43 of 45]
152.09375 148.162506103515625 144.274993896484375 143.975006103515625 143.46875 144.868743896484375 145.399993896484375 145.993743896484375 147.25 147.8000030517578125 148.318756103515625 147.21875 146.2624969482421875 143.056243896484375 140.7375030517578125 137.90625 135.3312530517578125 131.131256103515625 127.25 124.11875152587890625 120.9562530517578125 117.7312469482421875 115.1062469482421875 111.0187530517578125 107.53749847412109375 104.6062469482421875 102.24375152587890625 99.96875 97.2687530517578125 93.9187469482421875 90.8312530517578125 88.4187469482421875 85.81874847412109375 83.7937469482421875 81.65625 81.0187530517578125 80.75624847412109375 80.24375152587890625 80.2312469482421875 80.43125152587890625 80 80.5187530517578125 80.1750030517578125 79.7062530517578125
154.6750030517578125 149.350006103515625 147.131256103515625 147.2375030517578125 148.556243896484375 150.0187530517578125 150.3874969482421875 152.5187530517578125 154.068756103515625 154.40625 154.649993896484375 152.537506103515625 149.943756103515625 147.0124969482421875 143.524993896484375 141.162506103515625 137.59375 133.725006103515625 129.6437530517578125 126.36875152587890625 122.6999969482421875 119.09375 116.2312469482421875 112.78749847412109375 108.15000152587890625 104.47499847412109375 102.0124969482421875 99.2062530517578125 96.34375 92.5812530517578125 89.1687469482421875 86.4187469482421875 83.22499847412109375 81.78749847412109375 80.0437469482421875 79.3937530517578125 79.125 78.71250152587890625 78.5812530517578125 78.78749847412109375 78.90000152587890625 79.1374969482421875 79.21250152587890625 78.11875152587890625
155.1687469482421875 150.0812530517578125 147.993743896484375 147.5749969482421875 149.34375 151.1125030517578125 154.3000030517578125 157.1875 160.068756103515625 160.9875030517578125 160.2312469482421875 157.21875 154.149993896484375 150.431243896484375 146.431243896484375 142.9375 139.725006103515625 136.2375030517578125 131.962493896484375 128.631256103515625 124.6875 120.68125152587890625 117.31874847412109375 113.47499847412109375 108.72499847412109375 104.2375030517578125 101.2937469482421875 98.46875 95.03125 90.875 87.93125152587890625 84.8874969482421875 83.06874847412109375 81.3625030517578125 80.05625152587890625 79.2937469482421875 79.0437469482421875 79.53749847412109375 79.84375 80.52500152587890625 80.78125 80.69374847412109375 80.66249847412109375 79.96250152587890625
151.881256103515625 146.46875 146.4250030517578125 146.03125 148.181243896484375 150.993743896484375 154.8000030517578125 160.006256103515625 164.975006103515625 167.243743896484375 165.7687530517578125 161.4375 157.337493896484375 152.912506103515625 148.7312469482421875 145.100006103515625 142.056243896484375 138.193756103515625 134.568756103515625 132.0437469482421875 127.8625030517578125 123.125 118.34999847412109375 113.3874969482421875 108.2624969482421875 103.50624847412109375 100.28125 96.2687530517578125 93.0124969482421875 89.5187530517578125 86.40000152587890625 83.8312530517578125 81.5500030517578125 80.0625 78.84375 79.3562469482421875 79.8874969482421875 80.49375152587890625 81.3937530517578125 82.2937469482421875 82.2062530517578125 82.71250152587890625 82.1062469482421875 81.2312469482421875
152.318756103515625 144.6125030517578125 140.193756103515625 141.40625 145.4875030517578125 149.5812530517578125 154.381256103515625 161.25 168.6875 173.306243896484375 169.5437469482421875 162.8125 158.125 154.318756103515625 150.28125 147.1374969482421875 143.8312530517578125 140.8000030517578125 137.3125 133.8125 130.2312469482421875 124.96250152587890625 119.69374847412109375 114.6437530517578125 107.8562469482421875 102.28749847412109375 97.40000152587890625 94.1125030517578125 91.21250152587890625 87.125 84.0500030517578125 81.6687469482421875 79.99375152587890625 79.0437469482421875 78.4187469482421875 79.375 80.5500030517578125 81.8874969482421875 83.59999847412109375 83.97499847412109375 84.3874969482421875 84.1999969482421875 83.7624969482421875 83.00624847412109375
149.149993896484375 142.381256103515625 138.381256103515625 135.4562530517578125 140.625 147.6687469482421875 153.7937469482421875 160.0124969482421875 167.0500030517578125 172.712493896484375 168.3562469482421875 162.024993896484375 158.381256103515625 155.068756103515625 151.193756103515625 147.8937530517578125 145.28125 142.5124969482421875 139.9499969482421875 136.0812530517578125 131.5124969482421875 126.4250030517578125 120.84999847412109375 114.28749847412109375 107.9375 101.53125 96.6062469482421875 92.63124847412109375 89.31874847412109375 85.3562469482421875 81.91249847412109375 80.71250152587890625 79.7375030517578125 79.97499847412109375 80.2062530517578125 82.4375 84.6687469482421875 87.13124847412109375 89.6999969482421875 90.6125030517578125 89.38124847412109375 89 88.1687469482421875 87.3937530517578125
147.037506103515625 142.34375 138.8874969482421875 136.225006103515625 138.462493896484375 143.1999969482421875 149.068756103515625 154.46875 158.006256103515625 159.1125030517578125 159.6687469482421875 157.40625 156.2062530517578125 154.274993896484375 151.875 149.6687469482421875 147.350006103515625 144.53125 141.118743896484375 138.9187469482421875 133.8125 128.0124969482421875 121.99375152587890625 114.6875 107.72499847412109375 101.50624847412109375 95.90625 91.1125030517578125 86.4499969482421875 82.88124847412109375 80.2624969482421875 78.90625 79.25624847412109375 80.7062530517578125 82.52500152587890625 85.2624969482421875 88.1875 91.91249847412109375 96.3562469482421875 96.9375 94.9562530517578125 93.81874847412109375 92.6750030517578125 91.36875152587890625
146.6125030517578125 142.125 140.037506103515625 139.9562530517578125 141.96875 144.5187530517578125 145.662506103515625 145.1875 143.837493896484375 144.975006103515625 149.7687530517578125 151.931243896484375 153.0124969482421875 152.84375 151.7624969482421875 150.90625 149.056243896484375 146.193756103515625 143.462493896484375 140.681243896484375 136.5500030517578125 130.7312469482421875 123.4562530517578125 115.59999847412109375 108.72499847412109375 100.6374969482421875 94.33750152587890625 88.68125152587890625 84.09999847412109375 80.25 77.78749847412109375 77.3874969482421875 78.8249969482421875 81.09999847412109375 84.00624847412109375 87.1875 91.2624969482421875 95.03749847412109375 97.9875030517578125 98.7312469482421875 97.4812469482421875 96.2937469482421875 94.84375 93.09375
146.9562530517578125 144.087493896484375 143.5812530517578125 144.0187530517578125 145.443756103515625 146.881256103515625 146.9187469482421875 144.8312530517578125 138.78125 136.725006103515625 143.149993896484375 147.3562469482421875 150.337493896484375 151.431243896484375 151.625 151.225006103515625 150.15625 148.5437469482421875 148.21875 145.71875 139.556243896484375 133.462493896484375 125.2937469482421875 118.1062469482421875 109.7937469482421875 100.8125 93.6062469482421875 87.96875 83.18125152587890625 78.96875 77.3874969482421875 78.1125030517578125 79.69374847412109375 82.21875 85.36875152587890625 89.40000152587890625 93.65625 97.5 99.7937469482421875 101.09999847412109375 100.31874847412109375 98.6125030517578125 97.3625030517578125 95.55625152587890625
147.9250030517578125 145.462493896484375 145.649993896484375 146.8000030517578125 148.75 150.6750030517578125 149.9562530517578125 147.0812530517578125 143.09375 141.943756103515625 144.3874969482421875 145.993743896484375 149.21875 150.625 151.0812530517578125 151.4875030517578125 151.3562469482421875 151.600006103515625 152.0124969482421875 151.649993896484375 145.256256103515625 137.7062530517578125 128.318756103515625 119.84999847412109375 110.01874542236328125 100.88750457763671875 94.1125030517578125 87.72499847412109375 82.44374847412109375 78.11875152587890625 77.03749847412109375 78.22499847412109375 80.46875 83.7312469482421875 87.46250152587890625 91.88124847412109375 96.61875152587890625 100.1125030517578125 102.34999847412109375 103.63124847412109375 103.5500030517578125 101.9375 99.75624847412109375 96.9875030517578125
149.350006103515625 147.7687530517578125 147.9499969482421875 149.34375 151.4250030517578125 154.912506103515625 154.931243896484375 151.375 147.756256103515625 146.131256103515625 147.4250030517578125 147.9375 149.243743896484375 150.1374969482421875 150.274993896484375 150.6374969482421875 151.5437469482421875 153.287506103515625 155.3874969482421875 157.1687469482421875 153.6999969482421875 144.5625 132.743743896484375 120.34999847412109375 110.75 102.4375 95.7312469482421875 89.46250152587890625 83.43125152587890625 79.41249847412109375 78.6687469482421875 79.96250152587890625 82.84375 86.3249969482421875 89.9250030517578125 93.97499847412109375 98.2937469482421875 102.18125152587890625 105.3562469482421875 106.84375 106.66249847412109375 105.03749847412109375 102.7937469482421875 99.9250030517578125
151.537506103515625 150.243743896484375 150.5812530517578125 152.8000030517578125 155.100006103515625 158.618743896484375 159.631256103515625 155.912506103515625 152.2312469482421875 150.21875 149.84375 149.681243896484375 148.3187408447265625 148.125 148.4562530517578125 149.1374969482421875 150.7562408447265625 153.125 156.975006103515625 161.5 160.2937469482421875 151.2624969482421875 137.818756103515625 123.59375 112.36875152587890625 103.5437469482421875 97.08750152587890625 91.59375 87.1062469482421875 83.72499847412109375 82.3562469482421875 82.81874847412109375 85.15000152587890625 88.27500152587890625 92.18125152587890625 96.38124847412109375 100.58750152587890625 104.96875 107.72499847412109375 109.5 110.05625152587890625 108.1437530517578125 105.7312469482421875 102.80625152587890625
153.5374908447265625 153.024993896484375 153.618743896484375 154.9375 156.46875 159.212493896484375 159.537506103515625 157.2624969482421875 154.2624969482421875 152.6687469482421875 151.53125 150.693756103515625 148.5625 144.8625030517578125 144.46875 145.631256103515625 147.90625 152.25 157.149993896484375 162.21875 162.787506103515625 154.412506103515625 140.381256103515625 126.9499969482421875 114.1437530517578125 104.22499847412109375 99.5124969482421875 94.7312469482421875 90.97499847412109375 88.1999969482421875 86.6750030517578125 86.44374847412109375 87.6750030517578125 90.1687469482421875 93.8312530517578125 98.0812530517578125 102.5500030517578125 106.99375152587890625 110.43125152587890625 111.56874847412109375 112.90000152587890625 111.53125 107.6374969482421875 100.2312469482421875
155.131256103515625 154.024993896484375 154.5625 155.4875030517578125 156.806243896484375 158.006256103515625 158.274993896484375 157.2874908447265625 155.7687530517578125 153.868743896484375 152.1875 148.806243896484375 145.756256103515625 141.837493896484375 138.868743896484375 140.118743896484375 143.1750030517578125 147.712493896484375 152.756256103515625 157.1687469482421875 156.5749969482421875 149.774993896484375 138.975006103515625 127.21875 116.1875 107.1687469482421875 103.44374847412109375 99.4562530517578125 95.65625 92.7687530517578125 91.25 90.38124847412109375 90.6437530517578125 92.1437530517578125 95.84999847412109375 100.5812530517578125 105.2624969482421875 111.08750152587890625 113.90000152587890625 116.34999847412109375 116.49375152587890625 111.4812469482421875 105.7937469482421875 101.94374847412109375
154.837493896484375 153.84375 154.506256103515625 155.475006103515625 156.4875030517578125 157.3125 158.0812530517578125 157.53125 155.7687530517578125 153.625 151.2375030517578125 147.1437530517578125 142.71875 137.975006103515625 133.037506103515625 133.4875030517578125 137.1437530517578125 142.118743896484375 147.399993896484375 151.59375 150.3625030517578125 145.0812530517578125 137.1687469482421875 128.8000030517578125 121.0437469482421875 113.9875030517578125 110.30625152587890625 106.38750457763671875 102.5124969482421875 98.7687530517578125 96.2062530517578125 94.30625152587890625 94.2687530517578125 95.3312530517578125 97.93125152587890625 102.5124969482421875 108.71250152587890625 116.38124847412109375 121.36875152587890625 123.0500030517578125 121.15000152587890625 116.625 112.6125030517578125 109.0187530517578125
153.4812469482421875 152.600006103515625 153.8937530517578125 154.8937530517578125 156.03125 157.193756103515625 157.3625030517578125 156.9499969482421875 155.9562530517578125 154.5437469482421875 151.4187469482421875 146.4875030517578125 141.2687530517578125 134.962493896484375 129.0999908447265625 126.2624969482421875 131.524993896484375 138.1062469482421875 143.3000030517578125 147.15625 146.618743896484375 142.7062530517578125 136.493743896484375 130.787506103515625 125.65000152587890625 121.55625152587890625 119.16249847412109375 115.25624847412109375 110.0500030517578125 104.91249847412109375 101.3312530517578125 98.84999847412109375 97.91249847412109375 99.00624847412109375 100.2312469482421875 106.28125 114.13124847412109375 119.6062469482421875 124.9250030517578125 127.7375030517578125 129.350006103515625 125.49375152587890625 120.11875152587890625 112.5625
151.6750030517578125 151.7375030517578125 152.7562408447265625 153.90625 155.5500030517578125 156.649993896484375 157.5500030517578125 157.149993896484375 156.4499969482421875 154.818756103515625 152.1374969482421875 147.056243896484375 141.0437469482421875 134.587493896484375 129.287506103515625 126.7687530517578125 128.4749908447265625 133.9875030517578125 139.9875030517578125 144.5437469482421875 144.381256103515625 141.318756103515625 136.4250030517578125 132.28125 129.725006103515625 129.131256103515625 129.381256103515625 124.28125 116.7687530517578125 110.75624847412109375 106.80625152587890625 105.1999969482421875 103.41249847412109375 103.53749847412109375 108.11875152587890625 116.5437469482421875 122.08750152587890625 128.8562469482421875 135.71875 138.1500091552734375 141.03125 136.225006103515625 126.6750030517578125 119.3874969482421875
148.3937530517578125 148.8125 150.568756103515625 152.3562469482421875 153.881256103515625 156.1374969482421875 157.6125030517578125 157.5437469482421875 157.1875 155.662506103515625 153.125 148.1999969482421875 141.5187530517578125 135.912506103515625 132.162506103515625 129.774993896484375 129.71875 130.993743896484375 137.931243896484375 142.9812469482421875 144.4187469482421875 141.21875 137.056243896484375 135.506256103515625 135.59375 136.8562469482421875 140.568756103515625 133.712493896484375 123.40625 114.56874847412109375 109.3312530517578125 107.3125 109.25 114.40625 120.43125152587890625 123.8625030517578125 130.4562530517578125 137.225006103515625 140.25 145.6875 147.256256103515625 141.962493896484375 134.256256103515625 127.5749969482421875
144.506256103515625 145.962493896484375 148.0500030517578125 150.3125 152.662506103515625 155.162506103515625 156.806243896484375 157.868743896484375 158.3249969482421875 157.9375 155.318756103515625 150.118743896484375 143.6875 138.4875030517578125 134.3874969482421875 132.274993896484375 131.7312469482421875 131.4499969482421875 135.431243896484375 140.7624969482421875 144.600006103515625 144.6687469482421875 137.7624969482421875 138.15625 140.287506103515625 142.46875 144.225006103515625 138.8562469482421875 129.600006103515625 119.03749847412109375 111.4875030517578125 112.28125 119.71250152587890625 125.03749847412109375 129.1062469482421875 134.962493896484375 140.21875 145.256256103515625 149.15625 152.399993896484375 153.225006103515625 150.725006103515625 143.15625 136.6437530517578125
