data/historical-monthly-weather-data/wc2.1_cruts4.09_10m_prec_1953-01.asc
ncols        45
nrows        45
xllcorner    -63.500000000000
yllcorner    -7.500000000000
cellsize     0.166666666667
NODATA_value -9999
[rows 0 to 19 of 45, columns 0 to 44 of 45]
141.693756103515625 140.881256103515625 136.1437530517578125 133.25 129.125 128.0124969482421875 125.31874847412109375 120.7375030517578125 116.63124847412109375 114.15625 112.91249847412109375 111.6687469482421875 109.5749969482421875 104.8249969482421875 102.03749847412109375 100.71875 99.65000152587890625 97.3312530517578125 99.5124969482421875 101.75 104.97499847412109375 109.3937530517578125 113.9375 118.1125030517578125 123.78749847412109375 128.899993896484375 135.056243896484375 142.4812469482421875 150.350006103515625 154.743743896484375 159.212493896484375 163.837493896484375 167.462493896484375 172.662506103515625 176.568756103515625 180.912506103515625 182.818756103515625 183.5625 184.4187469482421875 184.7312469482421875 184.3562469482421875 184.787506103515625 184.3000030517578125 184.3000030517578125 185.337493896484375
150.3937530517578125 148.4375 144.5187530517578125 140.837493896484375 138.006256103515625 137.118743896484375 134.5625 132.024993896484375 129.587493896484375 127.28125 124.3312530517578125 120.9875030517578125 116.8937530517578125 113.09375 109.6374969482421875 106.83750152587890625 104.36875152587890625 103.34999847412109375 104.8562469482421875 107.8874969482421875 112 116.3625030517578125 121.40000152587890625 126.88124847412109375 131.7062530517578125 136.6374969482421875 143.4499969482421875 150.712493896484375 157.71875 162.462493896484375 166.056243896484375 169.3874969482421875 172.943756103515625 179.287506103515625 182.90625 184.899993896484375 188.4812469482421875 188.962493896484375 188.493743896484375 187.8874969482421875 187.556243896484375 187.3625030517578125 185.4499969482421875 184.71875 184.912506103515625
159.600006103515625 157.875 153.600006103515625 149.943756103515625 147.34375 146.475006103515625 145.1999969482421875 144.193756103515625 142.3562469482421875 140.087493896484375 136.587493896484375 132.024993896484375 127.41249847412109375 122.2687530517578125 118.0124969482421875 113.7062530517578125 110.68125152587890625 109.6687469482421875 110.4812469482421875 114.16249847412109375 118.93125152587890625 124.5187530517578125 129.693756103515625 134.475006103515625 139.024993896484375 143.59375 150.6374969482421875 158 164.006256103515625 167.712493896484375 172.243743896484375 176.243743896484375 181.0187530517578125 184.0437469482421875 188.9375 190.712493896484375 193.368743896484375 194.875 194.162506103515625 192.6437530517578125 192.537506103515625 191.3000030517578125 189.28125 187.618743896484375 185.9875030517578125
167.7375030517578125 166.318756103515625 163.96875 160.3249969482421875 158.631256103515625 155.3125 155.2687530517578125 156.2062530517578125 156.181243896484375 154.9499969482421875 149.9250030517578125 143.75 137.75 131.7312469482421875 126.9812469482421875 121.9187469482421875 117.40625 114.9375 116.1750030517578125 121.3125 127.875 133.7624969482421875 137.337493896484375 142.375 147.0437469482421875 151.587493896484375 158.912506103515625 164.6500091552734375 170.493743896484375 174.537506103515625 178.662506103515625 183.931243896484375 187.8125 190.7312469482421875 193.6875 196.881256103515625 198.443756103515625 200.131256103515625 199.875 199.2624969482421875 197.3125 196.34375 193.8937530517578125 190.6875 188.5187530517578125
181.787506103515625 177.868743896484375 173.2937469482421875 170.3562469482421875 168.1062469482421875 166.087493896484375 164.9562530517578125 166.84375 169.21875 169.412506103515625 162.568756103515625 155.1374969482421875 149.006256103515625 143 137.5437469482421875 131.625 125.7624969482421875 120.83750152587890625 123.41875457763671875 130.53125 138.28125 143.431243896484375 146.850006103515625 151.0124969482421875 155.0437469482421875 160.40625 165.3937530517578125 170.975006103515625 178.681243896484375 182.3937530517578125 186.443756103515625 188.9812469482421875 193.78125 197.837493896484375 200.756256103515625 203.3562469482421875 205.9499969482421875 205.8000030517578125 205.649993896484375 204.5749969482421875 204.1875 201.6374969482421875 198.993743896484375 194.6999969482421875 191.6062469482421875
192.962493896484375 189.787506103515625 184.8312530517578125 180.149993896484375 177.2375030517578125 175.2624969482421875 174.4187469482421875 174.943756103515625 177.2312469482421875 178.4375 171.3312530517578125 165.287506103515625 159.625 154.53125 148.84375 144.78125 138.71875 133.2062530517578125 137.100006103515625 144.1125030517578125 150.131256103515625 153.8312530517578125 157.337493896484375 160 163.787506103515625 168.3125 173.6374969482421875 178.8562469482421875 185.7375030517578125 190.53125 193.9375 197.0187530517578125 199.787506103515625 204.15625 209.399993896484375 211.649993896484375 213.8000030517578125 214.725006103515625 214.8125 214.787506103515625 212.4187469482421875 210.0437469482421875 206.25 201.743743896484375 198.212493896484375
204.2312469482421875 201.1687469482421875 196.3625030517578125 189.8249969482421875 184.71875 180.5437469482421875 178.662506103515625 177.662506103515625 177.5 176.068756103515625 174.431243896484375 172.0374908447265625 169.9812469482421875 166.8625030517578125 163.193756103515625 160.7375030517578125 158.4250030517578125 158.056243896484375 161.068756103515625 163.181243896484375 163.381256103515625 165.2624969482421875 165.787506103515625 168.125 172.024993896484375 175.4562530517578125 180.662506103515625 186.3625030517578125 191.943756103515625 196.5 201.6374969482421875 205.149993896484375 207.475006103515625 210.7312469482421875 214.975006103515625 219.03125 221.5 223.625 225.725006103515625 224.15625 220.875 217.806243896484375 213.6875 209.0437469482421875 204.9250030517578125
216.8937530517578125 210.9812469482421875 205.274993896484375 199.2062530517578125 193.037506103515625 188.4499969482421875 183.493743896484375 176.962493896484375 172.59375 173.568756103515625 177.118743896484375 179.287506103515625 180.649993896484375 179.068756103515625 178.0437469482421875 177.5500030517578125 178.600006103515625 181.5749969482421875 186.399993896484375 182.5124969482421875 176.881256103515625 175.25 174.306243896484375 176.412506103515625 180.287506103515625 182.912506103515625 187.274993896484375 192.5124969482421875 199.243743896484375 204.40625 208.412506103515625 212.46875 214.7062530517578125 217.6750030517578125 221.375 225.537506103515625 228.875 231.649993896484375 233.068756103515625 232.9562530517578125 230.787506103515625 227.5625 223.2937469482421875 217.8312530517578125 214.625
227.4499969482421875 221 215.2312469482421875 207.943756103515625 202.1374969482421875 195.9812469482421875 189.8937530517578125 182.899993896484375 176.1875 175.306243896484375 183.6125030517578125 189.0187530517578125 193.193756103515625 193.2687530517578125 192.787506103515625 192.287506103515625 192.975006103515625 195.662506103515625 198.8125 192.90625 184.806243896484375 182.4812469482421875 180.600006103515625 184.5812530517578125 187.875 189.943756103515625 194.306243896484375 198.5749969482421875 205.399993896484375 211.5187530517578125 216.850006103515625 219.9250030517578125 222.537506103515625 224.90625 228.2937469482421875 231.993743896484375 236.5124969482421875 239.7375030517578125 241.412506103515625 241.9749908447265625 239.9562530517578125 236.625 234.350006103515625 230.649993896484375 227
237.6374969482421875 230.6999969482421875 223.4250030517578125 216.5749969482421875 211.03125 205.4187469482421875 199.4562530517578125 194.087493896484375 190.8249969482421875 192.6374969482421875 198.40625 203.7624969482421875 207.78125 208.5625 207.3874969482421875 205.993743896484375 204.1750030517578125 202.9812469482421875 200.681243896484375 195.475006103515625 188.5500030517578125 186.2937469482421875 185.587493896484375 191.21875 193.4499969482421875 194.6062469482421875 198.9499969482421875 203.8312530517578125 209.774993896484375 216.225006103515625 221.662506103515625 225.912506103515625 229.368743896484375 232.6062469482421875 236.368743896484375 239.5812530517578125 243.600006103515625 247.493743896484375 249.3562469482421875 250.368743896484375 250.537506103515625 247.9250030517578125 245.5500030517578125 241.024993896484375 238.5625
248.9499969482421875 241.6999969482421875 233.087493896484375 225.6750030517578125 219.2312469482421875 214.662506103515625 210.087493896484375 207.743743896484375 207.5124969482421875 210.618743896484375 217.3249969482421875 222.5124969482421875 224.1374969482421875 223.6437530517578125 220.5625 216.8125 211.912506103515625 206.931243896484375 200.9250030517578125 194.2624969482421875 189.881256103515625 187.806243896484375 189.662506103515625 194.0500030517578125 198.7375030517578125 198.6750030517578125 202.399993896484375 207.431243896484375 213.212493896484375 218.524993896484375 224.5124969482421875 230.3000030517578125 234.881256103515625 238.993743896484375 242.875 247.225006103515625 251.149993896484375 254.125 257.181243896484375 259.412506103515625 260.024993896484375 256.662506103515625 254.5625 250.8312530517578125 248.631256103515625
257.38751220703125 249.5812530517578125 241.524993896484375 235.4187469482421875 229.600006103515625 224.962493896484375 221.9812469482421875 222.75 224.774993896484375 228.5687408447265625 236.0187530517578125 242.96875 241.818756103515625 238.443756103515625 233.600006103515625 226.943756103515625 220.412506103515625 211.4562530517578125 203.4875030517578125 194.59375 188.9250030517578125 187.524993896484375 191.6374969482421875 199.59375 202.993743896484375 200.306243896484375 204.0812530517578125 209.3249969482421875 216.0749969482421875 223.2687530517578125 229.912506103515625 235.7375030517578125 240.7687530517578125 245.1875 249.5749969482421875 254.2937469482421875 258.625 261.58123779296875 264.524993896484375 267.337493896484375 268.087493896484375 264.51251220703125 259.35626220703125 253.931243896484375 249.6875
266.850006103515625 259.38751220703125 251.8937530517578125 245.4187469482421875 239.75 237.462493896484375 235.6062469482421875 236.006256103515625 239.412506103515625 244.725006103515625 252.2937469482421875 259.09375 257.71875 250.306243896484375 244.006256103515625 236.306243896484375 227.5749969482421875 218.3125 208.3937530517578125 197.587493896484375 186.9562530517578125 186.600006103515625 192.375 198.21875 197.34375 195.8625030517578125 203.431243896484375 211.8125 219.5 227.837493896484375 235.256256103515625 241.28125 245.8312530517578125 250.2937469482421875 254.8125 259.71875 263.76873779296875 266.85626220703125 269.193756103515625 271.73748779296875 273.73748779296875 269.10626220703125 258.70001220703125 248.7750091552734375 242.9250030517578125
274.318756103515625 267.70001220703125 260.537506103515625 254.5 249.6875 246.65625 245.943756103515625 248.7312469482421875 252.8937530517578125 258.76873779296875 264.149993896484375 268.274993896484375 265.506256103515625 259.931243896484375 251.4375 244.118743896484375 234.25 224.9250030517578125 213.9187469482421875 203.3125 194.5187530517578125 192.3312530517578125 193.25 196.712493896484375 195.5749969482421875 196.256256103515625 204.5 213.618743896484375 223.5500030517578125 232.193756103515625 240.256256103515625 246.8125 250.868743896484375 254.3625030517578125 259.35626220703125 263.92498779296875 268.51873779296875 272.618743896484375 273.78125 274.362518310546875 273.16876220703125 261.318756103515625 251.931243896484375 245.9875030517578125 242.975006103515625
280.70623779296875 274.256256103515625 268.07501220703125 262.45623779296875 259.100006103515625 257.149993896484375 257.881256103515625 260.01873779296875 263.76873779296875 268.149993896484375 273.3125 275.493743896484375 273.4375 268.600006103515625 259.71875 251.34375 241.1875 230.4250030517578125 220.118743896484375 211.2937469482421875 203.7312469482421875 198.65625 197.4499969482421875 199.0625 200.6437530517578125 202.756256103515625 210.556243896484375 220.3249969482421875 230.0437469482421875 239.6750030517578125 247.3187408447265625 252.537506103515625 257.431243896484375 259.95623779296875 263.787506103515625 267.399993896484375 272.73126220703125 278.28125 279.6875 273.89373779296875 264.068756103515625 255.2937469482421875 251.1437530517578125 247.2062530517578125 242.100006103515625
285.65625 278.975006103515625 273.618743896484375 268.625 266.149993896484375 265.100006103515625 266.54998779296875 268.587493896484375 271.412506103515625 276.13751220703125 280.95623779296875 282.818756103515625 281.162506103515625 276.537506103515625 268.32501220703125 256.76251220703125 247.1125030517578125 236.681243896484375 225.993743896484375 217.712493896484375 212.131256103515625 206.912506103515625 203.875 204.875 206.53125 209.162506103515625 216.443756103515625 227.3562469482421875 238.375 248.9375 256.70623779296875 260.89373779296875 261.899993896484375 263.375 265.57501220703125 271.456268310546875 277.350006103515625 281.9375 282.818756103515625 275.024993896484375 261.34375 253.2937469482421875 250.65625 245.412506103515625 241.1062469482421875
288.20001220703125 282.162506103515625 276.537506103515625 272.73748779296875 271.48748779296875 271.17498779296875 273.35626220703125 275.53125 278.51251220703125 282.33123779296875 287.5625 290.212493896484375 288.774993896484375 284.306243896484375 276.26251220703125 265.162506103515625 250.0625 239.2687530517578125 230.6374969482421875 224.8000030517578125 219.1374969482421875 214.381256103515625 210.4499969482421875 210.6062469482421875 213.1875 215.2687530517578125 222.037506103515625 233.318756103515625 246.4812469482421875 258.631256103515625 267.693756103515625 271.23748779296875 269.35626220703125 267.29998779296875 271.006256103515625 277.13751220703125 281.912506103515625 288.306243896484375 294.068756103515625 283.41876220703125 270.118743896484375 259.39373779296875 251.443756103515625 245.0124969482421875 240.8625030517578125
290.73126220703125 284.95001220703125 279.443756103515625 276.587493896484375 274.912506103515625 275.712493896484375 278.212493896484375 280.506256103515625 283.20001220703125 287.243743896484375 290.725006103515625 295.63751220703125 295.65625 291.73748779296875 283.17498779296875 270.40625 254.7312469482421875 240.556243896484375 235.5124969482421875 230.6374969482421875 226.618743896484375 221.6125030517578125 217.1125030517578125 217.2312469482421875 219.1687469482421875 222.024993896484375 227.5625 240.712493896484375 256.61248779296875 270.70001220703125 278.506256103515625 275.08123779296875 271.82501220703125 271.01873779296875 272.625 278.20623779296875 286.34375 292.912506103515625 294.45623779296875 288.774993896484375 275.431243896484375 262.399993896484375 253.15625 246.7375030517578125 242.3937530517578125
289.79376220703125 284.725006103515625 280.118743896484375 278.45001220703125 277.79376220703125 279.17498779296875 280.381256103515625 283.73126220703125 286.92498779296875 290.76251220703125 293.83123779296875 296.76251220703125 299.04998779296875 299.51251220703125 289.26873779296875 273.28125 255.8874969482421875 241.5625 233.725006103515625 231.7624969482421875 231.03125 228.0812530517578125 219.7312469482421875 221.837493896484375 224.53125 228.8874969482421875 237.3562469482421875 249.256256103515625 265.90625 281.11248779296875 290.0625 282.693756103515625 275.23748779296875 267.83123779296875 266.61248779296875 275.41876220703125 285.89373779296875 292.23126220703125 295.54998779296875 290.193756103515625 278.681243896484375 264.79998779296875 255.037506103515625 249.318756103515625 244.5124969482421875
287.73748779296875 282.931243896484375 279.01873779296875 276.443756103515625 276.79998779296875 280.29998779296875 282.618743896484375 284.868743896484375 287.83123779296875 291.274993896484375 293.375 296.73126220703125 302.53125 307.61248779296875 293.087493896484375 271.04998779296875 251.475006103515625 241.2312469482421875 234.725006103515625 232.1999969482421875 229.6062469482421875 224.4499969482421875 220.9812469482421875 223.7687530517578125 228.068756103515625 234.743743896484375 243.962493896484375 256.76873779296875 269.806243896484375 280.743743896484375 286.725006103515625 281.725006103515625 271.625 259.993743896484375 255.7750091552734375 266.818756103515625 284.125 297.17498779296875 300.662506103515625 295.75 283.693756103515625 267.75 259.57501220703125 253.818756103515625 248.181243896484375
