data/historical-monthly-weather-data/wc2.1_cruts4.09_10m_prec_1986-05.asc
ncols        45
nrows        45
xllcorner    -63.500000000000
yllcorner    -7.500000000000
cellsize     0.166666666667
NODATA_value -9999
[rows 0 to 18 of 45, columns 0 to 43 of 45]
402.20001220703125 409.03125 408.33123779296875 413.82501220703125 415.068756103515625 410.1875 399.5 391.431243896484375 382.818756103515625 377.381256103515625 369.706268310546875 358.881256103515625 350.36248779296875 342.868743896484375 334.756256103515625 328.89373779296875 321.95001220703125 314.75 310.51873779296875 308.95001220703125 308.15625 307.01873779296875 309.46875 308.76251220703125 309.58123779296875 312.46875 315.100006103515625 319.712493896484375 320.962493896484375 319.981231689453125 313.943756103515625 310.40625 308.57501220703125 305.16876220703125 302.32501220703125 303.98748779296875 304.787506103515625 303.262481689453125 303.84375 306.412506103515625 306.53125 307.90625 306.60626220703125 309.45001220703125
397.36248779296875 403.806243896484375 410.20623779296875 420.32501220703125 429.556243896484375 426.88751220703125 416.8125 409.537506103515625 402.837493896484375 393.475006103515625 385.287506103515625 373.04376220703125 361.01873779296875 349.90625 338.88751220703125 329.006256103515625 319.8125 311.787506103515625 309.60626220703125 308.67498779296875 308.4375 309.10626220703125 309.806243896484375 311.375 311.399993896484375 311.774993896484375 315.662506103515625 319.368743896484375 321.25 318.287506103515625 312.725006103515625 312.712493896484375 309.10626220703125 308.506256103515625 305.70623779296875 303.98748779296875 307.381256103515625 307.368743896484375 310.51251220703125 308.76873779296875 308.993743896484375 313.850006103515625 312.4375 310.381256103515625
379.51873779296875 389.73126220703125 401.57501220703125 412.818756103515625 421.987518310546875 423.5 421.36248779296875 420.29376220703125 415.743743896484375 407.26873779296875 397.818756103515625 382.818756103515625 367.756256103515625 351.84375 339.46875 329.274993896484375 317.368743896484375 307.54998779296875 304.212493896484375 303.29998779296875 303.04376220703125 305.42498779296875 306.20001220703125 306.181243896484375 305.39373779296875 307.61248779296875 312.556243896484375 314.518768310546875 314.15625 310.993743896484375 305.943756103515625 303.88751220703125 304.243743896484375 301.875 301.375 299.537506103515625 301.868743896484375 303.4375 305.09375 305.86248779296875 309.10626220703125 309.149993896484375 310.475006103515625 309.09375
356.21875 363.82501220703125 384.51873779296875 397.35626220703125 409.649993896484375 413.39373779296875 416.57501220703125 422.493743896484375 425.65625 420.4375 408.11248779296875 390.53125 370.256256103515625 352.506256103515625 338.537506103515625 325.787506103515625 311.962493896484375 302.131256103515625 297.712493896484375 298.51251220703125 302.46875 302.993743896484375 301.73748779296875 301.743743896484375 300.368743896484375 299.943756103515625 305.006256103515625 304.8125 304.04998779296875 303.39373779296875 299.13751220703125 296.58123779296875 295.318756103515625 292.681243896484375 290.04998779296875 293.912506103515625 298.01873779296875 299.76873779296875 302.15625 304.04998779296875 305.600006103515625 309.33123779296875 307.13751220703125 305.162506103515625
355.962493896484375 359.40625 362.15625 375.868743896484375 392.625 398.193756103515625 406.70001220703125 418.23126220703125 429.287506103515625 430.54376220703125 413.60626220703125 389.63751220703125 371.231231689453125 353.625 338.212493896484375 322.868743896484375 307.149993896484375 297.28125 292.1875 294.006256103515625 297.86248779296875 297.274993896484375 294.51251220703125 297.212493896484375 293.850006103515625 292.556243896484375 292.04376220703125 295.087493896484375 295.399993896484375 293.46875 291.274993896484375 287.32501220703125 285.48748779296875 286.193756103515625 285.75 287.84375 293.67498779296875 298.212493896484375 301.90625 303.34375 306.61248779296875 306.618743896484375 305.368743896484375 305.350006103515625
350.756256103515625 354.762481689453125 355.443756103515625 353.73748779296875 370.712493896484375 382.95623779296875 392.04376220703125 400.84375 413.881256103515625 418.39373779296875 404.806243896484375 380.48126220703125 366.056243896484375 351.649993896484375 334.475006103515625 322.76873779296875 306.087493896484375 294.83123779296875 290.70001220703125 293.48748779296875 294.493743896484375 294.3125 293.48748779296875 289.899993896484375 286.818756103515625 284.600006103515625 284.318756103515625 285.0625 286.89373779296875 286.39373779296875 285.08123779296875 283.89373779296875 283.225006103515625 284.51873779296875 284.962493896484375 289.5625 294.79998779296875 299.51251220703125 306.89373779296875 308.57501220703125 308.54376220703125 308.787506103515625 306.10626220703125 305.13751220703125
348.600006103515625 350.587493896484375 350.23126220703125 349.23748779296875 354.03125 358.65625 366.024993896484375 373.881256103515625 373.850006103515625 379.649993896484375 376.6875 363.975006103515625 355.368743896484375 345.53125 332.725006103515625 320.618743896484375 310.14373779296875 301.65625 295.96875 297.899993896484375 294.79998779296875 291.068756103515625 285.475006103515625 283.181243896484375 280.443756103515625 279.73126220703125 277.73126220703125 277.45001220703125 276.09375 277.0625 277.82501220703125 276 275.85626220703125 278.662506103515625 281.899993896484375 289.287506103515625 294.29998779296875 299.95623779296875 307.84375 312.10626220703125 310.36248779296875 307.51873779296875 304.431243896484375 304.54376220703125
345.32501220703125 345.82501220703125 344.75 346.32501220703125 350.08123779296875 353.82501220703125 349.037506103515625 337.11248779296875 326.92498779296875 336.100006103515625 348.01873779296875 346.91876220703125 346.45001220703125 339.84375 331.100006103515625 323.25 314.65625 309.162506103515625 303.412506103515625 299.42498779296875 297.056243896484375 289.75 282.587493896484375 275.48748779296875 273.618743896484375 267.0625 268.024993896484375 266.48748779296875 265.71875 267.70623779296875 269.16876220703125 268.375 270.96875 272.95001220703125 275.11248779296875 281.837493896484375 289.39373779296875 297.8125 302.82501220703125 302.71875 304.65625 301.90625 299.86248779296875 296.71875
342.71875 343 343.600006103515625 343.125 344.462493896484375 345.3125 340.16876220703125 330.67498779296875 313.85626220703125 309.0625 321.537506103515625 329.881256103515625 337.04998779296875 333.28125 327.26873779296875 323.368743896484375 317.67498779296875 314.493743896484375 312.043731689453125 301.600006103515625 290.85626220703125 285.5625 273.54376220703125 272.350006103515625 264.712493896484375 257.006256103515625 255.0749969482421875 257.181243896484375 260.26251220703125 261.29376220703125 265.293731689453125 264.17498779296875 262.443756103515625 262.79376220703125 267.756256103515625 276.149993896484375 285.03125 294.337493896484375 301.243743896484375 299.875 298.068756103515625 294.618743896484375 295.20623779296875 295.212493896484375
339.13751220703125 340.962493896484375 341.375 342.25 339.79998779296875 340.32501220703125 337.006256103515625 330.54376220703125 322.29998779296875 320.35626220703125 324.23126220703125 322.568756103515625 331.26873779296875 328.493743896484375 326.287506103515625 321.17498779296875 316.618743896484375 313.58123779296875 312.056243896484375 306.61248779296875 291.850006103515625 277.83123779296875 266.149993896484375 262.20623779296875 252.4312591552734375 245.0625 243.2062530517578125 245.53125 250.5500030517578125 255.71875 256.787506103515625 255.3562469482421875 257.149993896484375 259 261.618743896484375 269.818756103515625 278.16876220703125 288.381256103515625 295.631256103515625 299.756256103515625 302.09375 301.40625 294.04998779296875 287.587493896484375
335.368743896484375 338.75 337.85626220703125 338.95001220703125 336.46875 338.368743896484375 336.693756103515625 329.375 324.131256103515625 325.506256103515625 329.881256103515625 331.806243896484375 326.556243896484375 326.34375 322 316.82501220703125 313.36248779296875 311.54998779296875 309.318756103515625 306.912506103515625 300.475006103515625 280.793731689453125 262.78125 244.5437469482421875 241.243743896484375 237.59375 236.0437469482421875 238.100006103515625 239.618743896484375 242.625 246.318756103515625 247.8000030517578125 249.587493896484375 251.625 253.9499969482421875 259.83123779296875 268.350006103515625 279.98126220703125 290.512481689453125 297.087493896484375 301.087493896484375 298.125 296.04376220703125 285.381256103515625
334.03125 335.587493896484375 335.524993896484375 336.537506103515625 336.09375 334.475006103515625 336.08123779296875 333.693756103515625 332 329.04998779296875 332.337493896484375 337.181243896484375 325.95623779296875 322.51251220703125 320.39373779296875 312.8125 308.73126220703125 306.493743896484375 305.212493896484375 306.5 302.993743896484375 287.725006103515625 267.13751220703125 246 232.024993896484375 222.899993896484375 220.618743896484375 223.3125 227.8562469482421875 231.056243896484375 232.056243896484375 233.9250030517578125 236.100006103515625 238.28125 243.3249969482421875 252.4812469482421875 263.03125 272.85626220703125 281.118743896484375 288.6875 295.45001220703125 292.649993896484375 285.118743896484375 265.912506103515625
333.681243896484375 332.412506103515625 331.524993896484375 332.76873779296875 331.73126220703125 332.912506103515625 331.86248779296875 328.89373779296875 328.806243896484375 330.70001220703125 333 334.787506103515625 328.70001220703125 312.79998779296875 307.48748779296875 305.36248779296875 301.037506103515625 298.899993896484375 297.087493896484375 297.98748779296875 297.600006103515625 281.26251220703125 261.5625 240.912506103515625 215.975006103515625 203.881256103515625 208.4499969482421875 212.837493896484375 218.806243896484375 223.28125 222.931243896484375 221.556243896484375 222.75 224.1687469482421875 230.09375 242.03125 254.318756103515625 267.568756103515625 278.53125 285.73748779296875 289.84375 287.318756103515625 270.931243896484375 255.4187469482421875
326.225006103515625 325.643768310546875 326.28125 326.90625 327.76251220703125 327.1875 325.399993896484375 324.037506103515625 326.45001220703125 327.89373779296875 324.08123779296875 321.949981689453125 316.09375 306.493743896484375 290.76251220703125 291.66876220703125 287.443756103515625 283.57501220703125 283.76251220703125 284.91876220703125 281.23748779296875 267.412506103515625 250.662506103515625 234.46875 214.649993896484375 201.4187469482421875 201.350006103515625 202.743743896484375 207.5 209.912506103515625 213.1500091552734375 211.15625 212.181243896484375 213.90625 218.4499969482421875 233.037506103515625 249.4187469482421875 265.91876220703125 278.54998779296875 282.73748779296875 276.16876220703125 264.475006103515625 259.649993896484375 257.818756103515625
318.35626220703125 319.75 321.39373779296875 321.53125 321.381256103515625 321.375 322.875 323.600006103515625 322.96875 320.149993896484375 314.96875 310.524993896484375 301.774993896484375 291.506256103515625 271.76251220703125 270.61248779296875 268.86248779296875 268.92498779296875 268.943756103515625 268.618743896484375 265.618743896484375 255.4875030517578125 243.625 235.912506103515625 224.8562469482421875 214.6125030517578125 210.09375 208.975006103515625 209.3937530517578125 209.375 205.4375 202.09375 205.587493896484375 203.631256103515625 203.4375 214.9499969482421875 240.524993896484375 262.84375 273.33123779296875 273.45001220703125 265.837493896484375 261.125 264.29998779296875 260.76873779296875
309.631256103515625 310.649993896484375 314.1875 315.899993896484375 315.125 317.256256103515625 319.568756103515625 319.600006103515625 316.306243896484375 313.71875 306.725006103515625 299.90625 290.4375 281.66876220703125 265.475006103515625 248.712493896484375 250.806243896484375 256.66876220703125 254.3000030517578125 253.7312469482421875 251.28125 247.6750030517578125 242.0812530517578125 240.3874969482421875 232.725006103515625 222.600006103515625 216.6750030517578125 212.3562469482421875 211.037506103515625 211.287506103515625 210.068756103515625 204.962493896484375 198.4875030517578125 192.381256103515625 190.5625 212.8125 231.618743896484375 251.368743896484375 264.5625 270.850006103515625 268.88751220703125 263.95001220703125 261.78125 252.743743896484375
302.743743896484375 304.60626220703125 306.14373779296875 309.412506103515625 312.07501220703125 311.88751220703125 312.29998779296875 311.34375 309.899993896484375 306.506256103515625 300.79998779296875 295.14373779296875 284.48126220703125 273.881256103515625 261.14373779296875 248.03125 233.5749969482421875 237.600006103515625 239.8874969482421875 240.556243896484375 239.225006103515625 236.9375 237.03125 242.149993896484375 240.9250030517578125 225.2062530517578125 216.90625 213.0437469482421875 211.4187469482421875 211.256256103515625 210.9625091552734375 209.2624969482421875 204 199.5437469482421875 208.131256103515625 219.875 238.03125 256.98126220703125 274.625 274.10626220703125 270.15625 262.09375 252.618743896484375 247.212493896484375
293.89373779296875 298.15625 301.51873779296875 303.88751220703125 306.70623779296875 309.568756103515625 308.15625 305.46875 301.95623779296875 299.17498779296875 293.70623779296875 290.5 277.26251220703125 268.524993896484375 256.712493896484375 245.5 232.1374969482421875 219.3874969482421875 229.912506103515625 229.306243896484375 227.587493896484375 227.1062469482421875 228.3000030517578125 235.1125030517578125 236.943756103515625 225.7312469482421875 214.5187530517578125 213.0812530517578125 212.568756103515625 209.1875 201.837493896484375 196.368743896484375 207.1875 212.475006103515625 216.90625 237.462493896484375 254.9437408447265625 264.48748779296875 273.787506103515625 274.662506103515625 263.26873779296875 254.6687469482421875 246.46875 242.649993896484375
284.962493896484375 290.318756103515625 293.337493896484375 298.662506103515625 303.28125 303.899993896484375 303.600006103515625 302.40625 298.66876220703125 296.95001220703125 289.51873779296875 278.149993896484375 267.33123779296875 259.618743896484375 248.9187469482421875 240.681243896484375 231.693756103515625 216.4812469482421875 211.962493896484375 213.399993896484375 213.4875030517578125 216.993743896484375 207.5812530517578125 216.868743896484375 220.5 220.2687530517578125 216.6062469482421875 211.149993896484375 210.8312530517578125 207.2624969482421875 202.649993896484375 203.09375 211.850006103515625 217.024993896484375 224.34375 240.412506103515625 250.1374969482421875 255.850006103515625 264.65625 261.58123779296875 252.7312469482421875 243.756256103515625 240.181243896484375 240.1999969482421875
