data/historical-monthly-weather-data/wc2.1_cruts4.09_10m_prec_2010-04.asc
ncols        51
nrows        45
xllcorner    -63.500000000000
yllcorner    -7.500000000000
cellsize     0.166666666667
NODATA_value -9999
[rows 20 to 39 of 45, columns 0 to 44 of 51]
370.274993896484375 389.32501220703125 401.399993896484375 411.45623779296875 418.59375 428.26873779296875 435.76873779296875 435.4937744140625 429.181243896484375 416.868743896484375 401.54998779296875 387.15625 373.95001220703125 363.11248779296875 347.16876220703125 333.76873779296875 323.274993896484375 318.10626220703125 316.212493896484375 313.95001220703125 319.4375 322.931243896484375 324.725006103515625 332.462493896484375 345.28125 357.48126220703125 367.21875 376.07501220703125 381.693756103515625 383.91876220703125 379.806243896484375 376.631256103515625 368.306243896484375 356.63751220703125 348.25 380.36248779296875 426.068756103515625 466.287506103515625 496.23748779296875 517.01873779296875 529.4124755859375 535.9437255859375 532.27496337890625 531.0999755859375 521.0875244140625
359.381256103515625 374.600006103515625 388.056243896484375 405.16876220703125 417.3125 424.61248779296875 432.64373779296875 436.46875 431.10626220703125 415.475006103515625 394.03125 371.568756103515625 354.20623779296875 342.756256103515625 334.462493896484375 324.59375 319.024993896484375 313.068756103515625 310.21875 306.98748779296875 306.73748779296875 309.774993896484375 315.837493896484375 325.943756103515625 340.53125 360.256256103515625 386.59375 395.350006103515625 399.59375 400.16876220703125 393.75 386.51251220703125 381.66876220703125 378.57501220703125 382.787506103515625 404.79376220703125 441.9375 477.58123779296875 501.29376220703125 517.53125 528.9375 532.5374755859375 528.91876220703125 525.95623779296875 515.71875
350.17498779296875 372.73126220703125 388.07501220703125 404.306243896484375 417.03125 424.524993896484375 428.899993896484375 435.79376220703125 438.78125 415.756256103515625 385.76251220703125 356.71875 335.48126220703125 325.881256103515625 322.46875 318.837493896484375 313.26251220703125 306.256256103515625 300.95623779296875 295.625 296.118743896484375 298.15625 300.88751220703125 312.787506103515625 332.51873779296875 356.79998779296875 386.26251220703125 400.587493896484375 407.84375 406.83123779296875 403.46875 399.85626220703125 404.993743896484375 410.46875 421.71875 438.212493896484375 465.48126220703125 494.26251220703125 511.975006103515625 520.73126220703125 527.48748779296875 526.79376220703125 522.86248779296875 518.9124755859375 510.1875
343.756256103515625 365.875 384.14373779296875 397.881256103515625 409.89373779296875 417.38751220703125 425.3125 429.54998779296875 429.04376220703125 405.23748779296875 374.92498779296875 348.84375 321.625 316.16876220703125 315.28125 312 306.087493896484375 301.118743896484375 294.04998779296875 288.712493896484375 286.881256103515625 284.98126220703125 286.01873779296875 299.91876220703125 319.01251220703125 337.875 362.95001220703125 387.07501220703125 402.756256103515625 411.006256103515625 415.16876220703125 421.162506103515625 432.23748779296875 440.931243896484375 454.53125 470.53125 493.66876220703125 512.7437744140625 521.8062744140625 524.03125 527.08123779296875 522.6500244140625 516.8499755859375 510.393768310546875 505.256256103515625
341.78125 362.993743896484375 379.287506103515625 394.693756103515625 408.41876220703125 413.59375 417.443756103515625 418.79376220703125 411.056243896484375 395.09375 369.92498779296875 344.88751220703125 327.71875 315.64373779296875 310.98126220703125 306.91876220703125 303.524993896484375 297.787506103515625 290.375 282.1875 277.57501220703125 273.45001220703125 273.037506103515625 284.100006103515625 300.60626220703125 324.67498779296875 351.881256103515625 377.350006103515625 400.23748779296875 419.34375 432.48126220703125 445.962493896484375 461.537506103515625 471.743743896484375 482.17498779296875 492.41876220703125 509.75 520.5687255859375 526.0687255859375 528.4000244140625 527.9312744140625 520.10003662109375 514.4625244140625 504.84375 490.35626220703125
351.41876220703125 369.243743896484375 377.82501220703125 391.149993896484375 401.48126220703125 405.33123779296875 407.23126220703125 405.65625 393.83123779296875 378.14373779296875 361.506256103515625 345.38751220703125 330.45001220703125 319.818756103515625 311.787506103515625 308.48126220703125 303.79998779296875 296.98126220703125 287.493743896484375 276.29998779296875 271.83123779296875 264.399993896484375 259.76873779296875 265.006256103515625 285.087493896484375 312.681243896484375 345.78125 373.45001220703125 402.95623779296875 424.67498779296875 447.57501220703125 470.20001220703125 490.306243896484375 496.681243896484375 500.63751220703125 508.4375 520.20001220703125 528.46875 530.09375 530.5250244140625 529.6187744140625 518.60626220703125 508.5625 495.45623779296875 484.75
363.056243896484375 374.5625 382.850006103515625 391.100006103515625 395.89373779296875 399.149993896484375 397.618743896484375 392.11248779296875 381.11248779296875 372.76251220703125 361.90625 347.256256103515625 334.431243896484375 324.41876220703125 317.024993896484375 312.14373779296875 306.4375 297.36248779296875 288.524993896484375 278.3125 269.23748779296875 259.21875 250.1875 254.0124969482421875 277.04376220703125 303.225006103515625 337.287506103515625 367.0625 399.212493896484375 424.318756103515625 452.73126220703125 481.45001220703125 508.431243896484375 513.0250244140625 515.0562744140625 519.9312744140625 528.79998779296875 535.2874755859375 533.64373779296875 532.98748779296875 528.70623779296875 519.67498779296875 508.59375 498.243743896484375 497.64373779296875
378.100006103515625 384.568756103515625 388.28125 391.41876220703125 394.14373779296875 392.91876220703125 390.875 382.506256103515625 375.068756103515625 368.48748779296875 357.13751220703125 346.743743896484375 335.756256103515625 327.9375 321.412506103515625 314.587493896484375 309.42498779296875 303.14373779296875 292.20001220703125 282.818756103515625 273.64373779296875 261.743743896484375 256.98126220703125 261.681243896484375 279.024993896484375 302.9375 332.243743896484375 362.45001220703125 393.14373779296875 419.57501220703125 445.324981689453125 471.556243896484375 497.48748779296875 509.587493896484375 519.3687744140625 524.25 534.21875 541.2874755859375 539.75 537.3187255859375 533.6875 525.20001220703125 514.95001220703125 508.850006103515625 522.7750244140625
389.66876220703125 393.5625 392.118743896484375 392.006256103515625 390.11248779296875 384.3125 379.625 375.618743896484375 371.899993896484375 364.33123779296875 356.743743896484375 347.48748779296875 337.006256103515625 330.09375 326.36248779296875 323.20001220703125 318.79376220703125 308.79376220703125 299.95001220703125 289.48748779296875 280.29376220703125 268.524993896484375 263.787506103515625 270.95623779296875 284.756256103515625 305.4375 332.318756103515625 359.725006103515625 387.90625 412.006256103515625 432.193756103515625 454.100006103515625 476.51873779296875 497.20001220703125 513.51873779296875 523.32501220703125 536.11248779296875 545.82501220703125 545.96875 541.125 532.8062744140625 525.4312744140625 519.51251220703125 529.8687744140625 546.64373779296875
397.368743896484375 398.38751220703125 394.48748779296875 387.53125 384.318756103515625 379.70623779296875 375.35626220703125 372.181243896484375 367.45001220703125 360.54998779296875 355.26251220703125 347.337493896484375 341.64373779296875 335.90625 332.11248779296875 327.95001220703125 323.42498779296875 317.73748779296875 307.86248779296875 295.306243896484375 283.5625 274.78125 271.17498779296875 276.399993896484375 286.92498779296875 304.17498779296875 328.79376220703125 351.743743896484375 376.899993896484375 398.23126220703125 417.149993896484375 434.82501220703125 458.29376220703125 483.17498779296875 504.79376220703125 518.36248779296875 535.3125 548.3687744140625 547.73126220703125 549.1500244140625 548.33123779296875 545.1624755859375 540.5250244140625 551.84375 559.0374755859375
400.98748779296875 398.625 392.26251220703125 385.212493896484375 381.42498779296875 375.51251220703125 371.975006103515625 366.493743896484375 361.86248779296875 357.6875 353.82501220703125 348.32501220703125 345.868743896484375 339.149993896484375 336.431243896484375 332.95001220703125 330.443756103515625 325.256256103515625 317.04376220703125 305.60626220703125 292.743743896484375 281.506256103515625 275.48126220703125 277.70623779296875 284.85626220703125 303.381256103515625 322.14373779296875 343.71875 365.337493896484375 383.04376220703125 401.54998779296875 419.118743896484375 445.256256103515625 471.45623779296875 494.056243896484375 511.73126220703125 527.08123779296875 543.20001220703125 551.07501220703125 555.95623779296875 559 557 557.54998779296875 562.46875 571.45001220703125
400.32501220703125 395.818756103515625 388.712493896484375 383.912506103515625 378.412506103515625 369.70623779296875 365.58123779296875 359.29998779296875 354.931243896484375 350.95001220703125 349.162506103515625 348.83123779296875 345.375 341.475006103515625 338.6875 336.20001220703125 330.88751220703125 326.756256103515625 318.75 311.756256103515625 299.28125 287.274993896484375 278.32501220703125 280.04376220703125 288.943756103515625 301.60626220703125 316.36248779296875 335.6875 352.875 370.84375 389.79376220703125 407.649993896484375 431.125 457.693756103515625 482.23748779296875 501.14373779296875 520.40625 535.1312255859375 544.48748779296875 551.625 564.5625 567.4749755859375 568.8125 574.5999755859375 584.3062744140625
393.95623779296875 386.71875 380.774993896484375 375.125 371.32501220703125 362.506256103515625 354.73126220703125 349.618743896484375 344.57501220703125 342.98126220703125 346.26873779296875 344.95623779296875 345.287506103515625 344.29998779296875 340.82501220703125 336.5 332.38751220703125 328.868743896484375 320.149993896484375 312.056243896484375 302.45001220703125 291.0625 281.41876220703125 282.712493896484375 290.28125 297.28125 310.693756103515625 324.89373779296875 339.91876220703125 358.712493896484375 375.79998779296875 392.1875 415.01873779296875 441.88751220703125 467.21875 489.07501220703125 508.412506103515625 525.71875 532.5999755859375 550.5250244140625 561.8125 565.7249755859375 571.48126220703125 581.0875244140625 592.3125
384.48748779296875 378.70623779296875 373.82501220703125 368 362.60626220703125 355.85626220703125 348.087493896484375 340.056243896484375 334.649993896484375 333.28125 335.04998779296875 339.61248779296875 343.274993896484375 341.306243896484375 339.01251220703125 333.681243896484375 330.07501220703125 326.53125 319.45001220703125 311.79376220703125 302.649993896484375 292.5 283.743743896484375 281.46875 287.774993896484375 292.412506103515625 301.59375 312.875 326.068756103515625 342.48748779296875 359.524993896484375 378.068756103515625 400.90625 426.806243896484375 452.59375 473.725006103515625 494.587493896484375 507.818756103515625 524.0999755859375 540.78125 550.9000244140625 559.46875 569.1312255859375 581.65625 595.5062255859375
372.1875 369.09375 366.3125 359.16876220703125 353.087493896484375 344.993743896484375 336.287506103515625 329.15625 321.60626220703125 318.118743896484375 323.63751220703125 333.13751220703125 341.631256103515625 344.95623779296875 340.693756103515625 334.79376220703125 328.16876220703125 321.850006103515625 317.71875 308.774993896484375 302.07501220703125 291.100006103515625 283.04376220703125 278.368743896484375 281.41876220703125 286.443756103515625 293.837493896484375 301.17498779296875 312.399993896484375 330.056243896484375 346.29376220703125 365.243743896484375 386.08123779296875 412.15625 435.818756103515625 455.29998779296875 472.57501220703125 497.51873779296875 513.48748779296875 527.375 537.29998779296875 548.0562744140625 560.5875244140625 573.125 581.9375
359.51873779296875 358.89373779296875 355.475006103515625 349.181243896484375 342.32501220703125 332.774993896484375 324.66876220703125 315.95623779296875 305.3125 299.95623779296875 304.08123779296875 317.806243896484375 332.48126220703125 337.95623779296875 334.64373779296875 329.01873779296875 323.006256103515625 317.76251220703125 313.64373779296875 308.34375 300.274993896484375 291.34375 280.056243896484375 276.181243896484375 276.068756103515625 279.07501220703125 285.5625 292.41876220703125 301.66876220703125 317.36248779296875 333.600006103515625 350.36248779296875 370.162506103515625 395.462493896484375 415.76251220703125 429.837493896484375 453.600006103515625 476.943756103515625 490.03125 504.41876220703125 518.1312255859375 527.76873779296875 537.79376220703125 550.4000244140625 554.95623779296875
347.524993896484375 348.9375 344.818756103515625 339.65625 332.662506103515625 323.631256103515625 315.912506103515625 304.13751220703125 289.51251220703125 279.45623779296875 286.875 308.65625 321.29376220703125 324.79376220703125 324.881256103515625 320.71875 313.212493896484375 309.600006103515625 307.01873779296875 300.475006103515625 293.975006103515625 285.256256103515625 275.037506103515625 271.318756103515625 269.23126220703125 270.681243896484375 276.91876220703125 283.212493896484375 290.318756103515625 304.61248779296875 321.774993896484375 339.181243896484375 358.01251220703125 378.38751220703125 396.20001220703125 412.712493896484375 434.587493896484375 457.53125 473.287506103515625 482.73126220703125 495.84375 504.256256103515625 515.83123779296875 526.20001220703125 531.71875
339.32501220703125 338.5625 333.57501220703125 329.756256103515625 323.412506103515625 315.850006103515625 307.212493896484375 294.89373779296875 282.243743896484375 270.006256103515625 284.600006103515625 305.431243896484375 313.600006103515625 315.73748779296875 314.850006103515625 311.36248779296875 303.29998779296875 301.149993896484375 296.09375 289.225006103515625 283.45001220703125 275.25 268.462493896484375 264.399993896484375 261.431243896484375 263.3125 266.118743896484375 272.95623779296875 279.96875 294.725006103515625 309.08123779296875 326.181243896484375 345.89373779296875 363.41876220703125 376.70623779296875 397.1875 417.10626220703125 435.1875 453.100006103515625 463.712493896484375 472.65625 481.725006103515625 488.34375 495.26251220703125 501.875
328.46875 324.556243896484375 320.318756103515625 317.63751220703125 313.76873779296875 305.181243896484375 298.056243896484375 290.024993896484375 285.4375 288.556243896484375 303.33123779296875 309.149993896484375 307.756256103515625 308.193756103515625 306.806243896484375 301.42498779296875 294.65625 291.306243896484375 283.89373779296875 278.83123779296875 272.787506103515625 265.181243896484375 259.57501220703125 257.506256103515625 255.7624969482421875 255.037506103515625 258.3125 264.09375 270.162506103515625 285.050018310546875 299.26251220703125 311.662506103515625 328.84375 346.45623779296875 365.375 380.35626220703125 395.4375 413.243743896484375 425.625 432.3125 441.63751220703125 450.625 454.70001220703125 462.618743896484375 467.15625
316.28125 313.28125 309.9375 307.912506103515625 304.693756103515625 298.875 291.15625 289.16876220703125 288.881256103515625 292.306243896484375 298.98748779296875 303.600006103515625 301.98126220703125 300.95001220703125 298.618743896484375 292.86248779296875 286.412506103515625 282.462493896484375 274.23748779296875 267.46875 260.90625 256.60626220703125 249.3000030517578125 247.0437469482421875 248.1875 248.337493896484375 251.6687469482421875 256.95001220703125 262.556243896484375 275.368743896484375 285.899993896484375 301.993743896484375 320.14373779296875 335.95623779296875 352.9375 365.756256103515625 377.85626220703125 392.5 401.037506103515625 403.64373779296875 410.0625 417.5 419.07501220703125 424.84375 430.82501220703125
