data/historical-monthly-weather-data/wc2.1_cruts4.09_10m_prec_1971-01.asc
ncols        45
nrows        45
xllcorner    -63.500000000000
yllcorner    -7.500000000000
cellsize     0.166666666667
NODATA_value -9999
[rows 20 to 39 of 45, columns 0 to 44 of 45]
266.649993896484375 272.850006103515625 279.162506103515625 287.28125 295.59375 304.568756103515625 314.125 320.96875 325.04376220703125 326.38751220703125 326.850006103515625 329.57501220703125 335.64373779296875 342.443756103515625 331.306243896484375 310.03125 294.337493896484375 284.08123779296875 280.475006103515625 276.125 271.350006103515625 264.51251220703125 256.95001220703125 253.1125030517578125 250.3562469482421875 248.068756103515625 246.381256103515625 245.318756103515625 244.0625 244.1437530517578125 239.243743896484375 230.4499969482421875 216.6125030517578125 202.4562530517578125 190.306243896484375 199.4250030517578125 215.25 225.3249969482421875 226.6062469482421875 220.162506103515625 209.1999969482421875 200.0625 194.0749969482421875 189.9375 189.0749969482421875
259.95623779296875 264.95001220703125 271.212493896484375 280.65625 291.537506103515625 301.21875 310.725006103515625 319.90625 324.350006103515625 321.48748779296875 316.34375 310.118743896484375 307.600006103515625 308.756256103515625 305.0625 295.23126220703125 287.868743896484375 281.51873779296875 277.5625 274.29376220703125 267.39373779296875 261.4375 256.54998779296875 253.2937469482421875 250.912506103515625 249.493743896484375 250.131256103515625 247.34375 243.4187469482421875 240.15625 232.4187469482421875 223.350006103515625 213.3312530517578125 205.712493896484375 200.868743896484375 208.75 224.5 236.618743896484375 237.40625 228.2687530517578125 215.006256103515625 204.34375 196.7312469482421875 191.1999969482421875 189.443756103515625
253.537506103515625 258.53125 263.125 272.41876220703125 285.01873779296875 297.10626220703125 307.274993896484375 317.462493896484375 324.59375 317.01251220703125 303.46875 288.024993896484375 277.73748779296875 277.5 281.431243896484375 281.693756103515625 278.92498779296875 275.75 272.89373779296875 269.86248779296875 264.306243896484375 258.45001220703125 253.1875 249.8125 249.193756103515625 249.993743896484375 251.600006103515625 248.243743896484375 242.375 235.806243896484375 227.100006103515625 219.21875 215.462493896484375 212.6062469482421875 212.818756103515625 219.71875 234.9187469482421875 252.34375 250.7937469482421875 234.84375 218.7624969482421875 207.4187469482421875 197.34375 190.7312469482421875 188.8562469482421875
246.9187469482421875 249.59375 253.09375 263.443756103515625 278.337493896484375 290.40625 301.756256103515625 311.89373779296875 316.78125 306.6875 290.412506103515625 273.318756103515625 254.9875030517578125 257.787506103515625 267.4375 271.75 272.0625 270.75 269.162506103515625 267.16876220703125 260.90625 254.9187469482421875 249.75 246.006256103515625 246.399993896484375 247.431243896484375 250.368743896484375 246.493743896484375 240.475006103515625 235.743743896484375 229.53125 224.537506103515625 222.337493896484375 221.350006103515625 222.6374969482421875 228.5749969482421875 239.912506103515625 253.2062530517578125 250.600006103515625 234.7624969482421875 218.381256103515625 206.337493896484375 196.2937469482421875 189.4875030517578125 188.787506103515625
241.6125030517578125 242.7062530517578125 244.931243896484375 258.318756103515625 276.662506103515625 287.412506103515625 296.35626220703125 303.83123779296875 304.5625 296.98748779296875 283.931243896484375 269.82501220703125 258.04998779296875 257.36248779296875 262.41876220703125 266.90625 268.6875 269.225006103515625 267.64373779296875 264.13751220703125 257.693756103515625 250.4562530517578125 244.6875 240.368743896484375 240.318756103515625 242.806243896484375 244.6999969482421875 244.2937469482421875 240.5749969482421875 239.037506103515625 236.318756103515625 234.6750030517578125 231.71875 230.506256103515625 230.881256103515625 233.03125 238.9875030517578125 241.912506103515625 238.368743896484375 227.6750030517578125 213.6374969482421875 202.7375030517578125 193.5187530517578125 188.1374969482421875 186.568756103515625
242.53125 245.912506103515625 249.9562530517578125 262.90625 277.306243896484375 286.318756103515625 292.57501220703125 295.943756103515625 294.79376220703125 288.743743896484375 280.35626220703125 271.962493896484375 264.306243896484375 261.837493896484375 263.225006103515625 265.993743896484375 268.243743896484375 269.087493896484375 267.662506103515625 263.381256103515625 256.88751220703125 247.2624969482421875 239.931243896484375 233.4375 234.1999969482421875 238.3000030517578125 242.75 243.6687469482421875 242.837493896484375 241.931243896484375 243.6687469482421875 244.712493896484375 242.3000030517578125 238.65625 237.0625 235.5749969482421875 235.5812530517578125 232.850006103515625 227.9875030517578125 218.7937469482421875 207.318756103515625 197.4812469482421875 188.4375 184.149993896484375 185.5
249.875 254.3249969482421875 260.82501220703125 270.850006103515625 280.787506103515625 287.09375 291.53125 291.850006103515625 289.8125 286.58123779296875 281.375 276.1875 271.274993896484375 268.95001220703125 268.649993896484375 270.350006103515625 271.850006103515625 272.26251220703125 271.48748779296875 265.96875 257.42498779296875 248.6999969482421875 238.306243896484375 230.53125 233.8125 237.9562530517578125 242.5 244.743743896484375 245.681243896484375 246.837493896484375 250.53125 252.5749969482421875 250.5124969482421875 245.306243896484375 240.100006103515625 236.5437469482421875 233.0749969482421875 226.631256103515625 219.806243896484375 211.681243896484375 201.1062469482421875 191.8249969482421875 184.3000030517578125 181.337493896484375 188.162506103515625
260.11248779296875 264.5 271.71875 279.67498779296875 286.931243896484375 289.774993896484375 291.337493896484375 290.20623779296875 288.51873779296875 285.631256103515625 282.32501220703125 279.63751220703125 276.16876220703125 274.337493896484375 273.8125 275.024993896484375 275.79376220703125 278.131256103515625 275.45623779296875 271.037506103515625 264.193756103515625 254.2375030517578125 247.8249969482421875 240.84375 240.600006103515625 242.3312530517578125 245.837493896484375 247.506256103515625 249.0625 252.431243896484375 255.587493896484375 257.67498779296875 254.3625030517578125 247.506256103515625 241.1750030517578125 235.75 229.2375030517578125 221.8000030517578125 215.25 206.537506103515625 197.318756103515625 189.587493896484375 182.131256103515625 180.975006103515625 195.8937530517578125
268.38751220703125 273.818756103515625 280.375 287.756256103515625 293.11248779296875 293.16876220703125 290.88751220703125 289.649993896484375 287.38751220703125 285.475006103515625 283.893768310546875 282.13751220703125 280.23748779296875 280.6875 280.71875 282.4375 285.36248779296875 285.9375 283.96875 279.64373779296875 272.506256103515625 263.725006103515625 258.181243896484375 252.212493896484375 249.59375 248.8125 251.1750030517578125 252.3562469482421875 254.399993896484375 257.6875 259.8125 261 256.33123779296875 249.493743896484375 242.5124969482421875 235.0500030517578125 227.806243896484375 219.256256103515625 212.931243896484375 204.34375 194.15625 188.1374969482421875 184.6374969482421875 188.875 205.100006103515625
271.95001220703125 277.23126220703125 284.931243896484375 292.943756103515625 297.068756103515625 294.59375 290.806243896484375 289.475006103515625 287.29376220703125 285.23126220703125 285.268768310546875 285.91876220703125 286.09375 287.63751220703125 289.418731689453125 291.08123779296875 293.087493896484375 294.662506103515625 294.318756103515625 288.9375 281.57501220703125 275.08123779296875 269.17498779296875 262.71875 259.45001220703125 257.88751220703125 258.693756103515625 258.975006103515625 260.29376220703125 262.15625 264.125 264.45623779296875 258.33123779296875 251.899993896484375 244.149993896484375 236.056243896484375 227.4499969482421875 219.4187469482421875 212.506256103515625 204.693756103515625 196.806243896484375 193.71875 193.399993896484375 198.7624969482421875 209.1374969482421875
272.20001220703125 277.34375 283.23126220703125 290.837493896484375 296.024993896484375 291.381256103515625 288.762481689453125 287.256256103515625 285.70623779296875 285.225006103515625 286.9375 289.225006103515625 291.32501220703125 293.26251220703125 296.418731689453125 298.58123779296875 301.57501220703125 304.068756103515625 304.04376220703125 299.043731689453125 291.26251220703125 284.337493896484375 279.787506103515625 273.006256103515625 268.462493896484375 267.26251220703125 267.21875 266.48748779296875 267.568756103515625 267.73748779296875 268.65625 268.26873779296875 261.20623779296875 254.149993896484375 246.0187530517578125 237.25 227.7312469482421875 219.90625 213.868743896484375 206.6062469482421875 200.493743896484375 199.625 201.2375030517578125 204.7687530517578125 213.6374969482421875
268.89373779296875 272.850006103515625 277.20623779296875 282.20001220703125 284.98748779296875 283.21875 283.693756103515625 282.61248779296875 282.443756103515625 283.32501220703125 286.287506103515625 290.175018310546875 294.28125 298.949981689453125 303.17498779296875 305.774993896484375 307.399993896484375 309.26873779296875 307.96875 304.568756103515625 297.29998779296875 291.16876220703125 287.64373779296875 281.03125 277.712493896484375 275.774993896484375 274.41876220703125 273.70623779296875 273.01251220703125 273.399993896484375 273.21875 271.756256103515625 264.5 256.962493896484375 248.618743896484375 238.712493896484375 229.868743896484375 220.3125 213.625 207.5625 204.3625030517578125 205.40625 208.337493896484375 214.1062469482421875 222.9875030517578125
259.01251220703125 262.04376220703125 266.024993896484375 269.65625 270.681243896484375 270.274993896484375 270.29376220703125 270.60626220703125 271.17498779296875 276 283.462493896484375 290.17498779296875 298.78125 307.40625 310.881256103515625 312.675018310546875 313.131256103515625 312.67498779296875 310.48748779296875 307.725006103515625 301.631256103515625 296.274993896484375 292.53125 288.42498779296875 285.243743896484375 283.868743896484375 282.17498779296875 279.743743896484375 278.837493896484375 279.875 278.6875 275.5 268.537506103515625 261.381256103515625 252.368743896484375 242.962493896484375 233.381256103515625 223.756256103515625 216.40625 213.1062469482421875 210.1437530517578125 211.8625030517578125 215.806243896484375 222.6687469482421875 235.412506103515625
247.4187469482421875 249.868743896484375 252.8937530517578125 255.774993896484375 255.662506103515625 256.11248779296875 256.850006103515625 257.337493896484375 260.0625 265.88751220703125 276.36248779296875 289.61248779296875 303.34375 314.04376220703125 317.649993896484375 318.21875 318.918731689453125 317.899993896484375 313.887481689453125 309.806243896484375 304.79998779296875 300.45623779296875 297.33123779296875 293.75 291.381256103515625 289.868743896484375 287.725006103515625 286.25 286.087493896484375 285.287506103515625 284.28125 280.925018310546875 273.32501220703125 266.35626220703125 257.45001220703125 247.600006103515625 237.131256103515625 226.399993896484375 220.743743896484375 217.46875 214.1999969482421875 216.375 220.8312530517578125 227.787506103515625 240.8874969482421875
237.5749969482421875 238.587493896484375 240.9375 242.243743896484375 242.524993896484375 243.5124969482421875 243.524993896484375 244.0812530517578125 246.15625 254.21875 269.21875 287.34375 307.85626220703125 322.91876220703125 325.868743896484375 324.66876220703125 323.83123779296875 320.88751220703125 316.356231689453125 310.337493896484375 306.756256103515625 303.237518310546875 300.6875 297.58123779296875 296.20623779296875 294.01873779296875 293.0625 292.54376220703125 292.368743896484375 290.45001220703125 288.92498779296875 286.274993896484375 279 270.92498779296875 261.66876220703125 251.337493896484375 239.837493896484375 230.881256103515625 225.475006103515625 220.9499969482421875 217.712493896484375 218.756256103515625 222.5625 228.0749969482421875 238.3312530517578125
230.7937469482421875 230.6374969482421875 232.006256103515625 232.53125 232.4187469482421875 232.0500030517578125 232.03125 231.0124969482421875 231.71875 238.34375 255.34375 279.51251220703125 305.29998779296875 323.912506103515625 328.712493896484375 328.837493896484375 327.3125 323.5 318.09375 311.5 307.193756103515625 304.5875244140625 301.65625 298.57501220703125 297.556243896484375 297.118743896484375 296.51251220703125 296.8125 297.51873779296875 295.41876220703125 294.306243896484375 291.32501220703125 285.193756103515625 277.725006103515625 268.54998779296875 257.58123779296875 248.6187591552734375 239.100006103515625 232.181243896484375 227.431243896484375 224.0749969482421875 224.625 226.662506103515625 230.712493896484375 237.4187469482421875
224.306243896484375 223.5500030517578125 223.6062469482421875 223.6125030517578125 223.118743896484375 222.90625 223.28125 221.3562469482421875 219.3937530517578125 220.6062469482421875 241.71875 276.26251220703125 304.274993896484375 321.8125 329.01251220703125 331.20623779296875 330.60626220703125 326 319.643768310546875 312.03125 308.006256103515625 303.8375244140625 301.243743896484375 298.818756103515625 298.73126220703125 299.67498779296875 300.01251220703125 301.681243896484375 302.95623779296875 301.181243896484375 299.649993896484375 296.743743896484375 291.65625 285.006256103515625 276.1875 266.01251220703125 256.45623779296875 246.3874969482421875 239.5500030517578125 233.6374969482421875 228.5625 228.006256103515625 229.712493896484375 231.8937530517578125 235.7062530517578125
217.21875 215.993743896484375 215.5749969482421875 215.837493896484375 215.756256103515625 216.9875030517578125 217.6125030517578125 216.8625030517578125 216.3000030517578125 215.9499969482421875 249.350006103515625 285.61248779296875 307.83123779296875 322.63751220703125 330.29998779296875 333.39373779296875 332.95001220703125 328.65625 322.29998779296875 314.17498779296875 308.73748779296875 303.162506103515625 299.6875 298.04998779296875 298.84375 301.225006103515625 302.03125 304.53125 306.943756103515625 306.256256103515625 304.274993896484375 300.57501220703125 296.149993896484375 290.8125 282.600006103515625 272.96875 262.45001220703125 252.912506103515625 245.9875030517578125 239.1062469482421875 232.693756103515625 231.7624969482421875 231.243743896484375 230.774993896484375 233.4375
207.625 205.6999969482421875 206.618743896484375 207.71875 209.0187530517578125 211.71875 214.100006103515625 218.431243896484375 227.631256103515625 248.0437469482421875 287.587493896484375 303.25 314.13751220703125 325.287506103515625 332.037506103515625 334.850006103515625 335.837493896484375 330.46875 323.32501220703125 315.40625 307.29998779296875 300.868743896484375 297.162506103515625 296.024993896484375 296.96875 299.712493896484375 302.15625 305.90625 309.881256103515625 311.08123779296875 309.57501220703125 306.29998779296875 301.54998779296875 295.13751220703125 289.73126220703125 280.287506103515625 269.35626220703125 260.08123779296875 252.131256103515625 243.725006103515625 237.087493896484375 235.0437469482421875 233.3625030517578125 233.318756103515625 235.5187530517578125
197.537506103515625 196.493743896484375 197.9499969482421875 199.375 202.9562530517578125 207.993743896484375 213.4499969482421875 222.631256103515625 237.9875030517578125 260.975006103515625 287.5625 305.818756103515625 317.225006103515625 327.65625 333.5625 337.48748779296875 338.98748779296875 333.98748779296875 325.03125 315.86248779296875 304.306243896484375 297.350006103515625 293.225006103515625 292.381256103515625 294.39373779296875 297.45623779296875 301.4375 307.125 311.98748779296875 313.67498779296875 312.67498779296875 311.71875 308.756256103515625 302.63751220703125 295.318756103515625 285.975006103515625 275.33123779296875 265.67498779296875 256.943756103515625 247.743743896484375 240.899993896484375 238.1999969482421875 235.5187530517578125 234.7312469482421875 237.0625
