data/historical-monthly-weather-data/wc2.1_cruts4.09_10m_prec_1999-12.asc
ncols        45
nrows        45
xllcorner    -63.500000000000
yllcorner    -7.500000000000
cellsize     0.166666666667
NODATA_value -9999
[rows 0 to 19 of 45, columns 0 to 44 of 45]
118.3937530517578125 113.56874847412109375 111.00624847412109375 110.36875152587890625 108.9375 110.1125030517578125 110.86875152587890625 110.5812530517578125 110.8125 111.34999847412109375 113.4250030517578125 114.6125030517578125 116.46250152587890625 116.9875030517578125 117.33750152587890625 117.75624847412109375 118.5625 118.0749969482421875 118.9250030517578125 119.8937530517578125 122.08750152587890625 124.0625 125.96250152587890625 127.3937530517578125 128.649993896484375 129.412506103515625 129.7062530517578125 129.881256103515625 130.1062469482421875 130.631256103515625 130.4875030517578125 131.1750030517578125 131.975006103515625 132.4875030517578125 132.912506103515625 135.4250030517578125 136.774993896484375 137.837493896484375 137.5625 137.5749969482421875 137.125 135.8312530517578125 134.40625 132.287506103515625 131.6687469482421875
120.08750152587890625 113.5124969482421875 111.15000152587890625 109.9812469482421875 108.8874969482421875 109.33750152587890625 109.2937469482421875 110.40625 112.1999969482421875 113.7062530517578125 115.5500030517578125 116.13124847412109375 117.6999969482421875 118.74375152587890625 119.11875152587890625 119.7687530517578125 120.65000152587890625 120.5625 120.81874847412109375 122.28749847412109375 123.9250030517578125 125.41249847412109375 127.5500030517578125 128.9812469482421875 130.287506103515625 131.243743896484375 131.90625 132.287506103515625 132.7937469482421875 134.006256103515625 134.243743896484375 135.412506103515625 136.100006103515625 137.568756103515625 139.4562530517578125 140.6062469482421875 143.756256103515625 145.649993896484375 144.8937530517578125 144.53125 143.78125 142.1374969482421875 140.475006103515625 136.962493896484375 135.350006103515625
123.99375152587890625 117.55625152587890625 114.2062530517578125 111.56874847412109375 109.4375 109.1687469482421875 109.7062530517578125 111.2375030517578125 113.40625 115.09375 116.33750152587890625 117.0437469482421875 118.7624969482421875 119.94374847412109375 120.7624969482421875 121.2312469482421875 122.53125 122.80625152587890625 123.6875 125.125 126.84999847412109375 128.868743896484375 131.0625 132.068756103515625 133.100006103515625 134.78125 135.818756103515625 136.40625 137.625 138.2375030517578125 139.1687469482421875 140.7375030517578125 143.118743896484375 143.9812469482421875 145.774993896484375 148.40625 150.743743896484375 152.5500030517578125 152.6750030517578125 152.3874969482421875 151.399993896484375 149.1374969482421875 146.118743896484375 143.399993896484375 140.375
127.19374847412109375 121.6875 118 113.1687469482421875 109.97499847412109375 109.3625030517578125 109.9250030517578125 111.33750152587890625 113.50624847412109375 115.83750152587890625 117.0187530517578125 117.9499969482421875 119.16249847412109375 120.56874847412109375 121.36875152587890625 122.5812530517578125 124.08750152587890625 124.2375030517578125 125.72499847412109375 128.65625 130.78125 132.6999969482421875 133.9499969482421875 135.0124969482421875 135.5437469482421875 137.4499969482421875 139.024993896484375 139.631256103515625 141.625 143.4187469482421875 144.53125 145.7312469482421875 148.8125 151.225006103515625 152.8937530517578125 155.3937530517578125 157.212493896484375 159.4312591552734375 160.5625 160.2624969482421875 158.6125030517578125 155.78125 152.2062530517578125 149.318756103515625 145.431243896484375
135.78125 127.47499847412109375 120.1062469482421875 114.74375152587890625 110.69374847412109375 110.09999847412109375 110.0812530517578125 111.02500152587890625 114.00624847412109375 116.625 117.2687530517578125 117.78749847412109375 119.59999847412109375 121.3249969482421875 122.36875152587890625 123.7687530517578125 125.27500152587890625 126.03125 128.3562469482421875 132.2687530517578125 134.6125030517578125 135.65625 136.6125030517578125 137.475006103515625 137.96875 139.975006103515625 140.9250030517578125 142.1750030517578125 144.6374969482421875 147.34375 149.381256103515625 150.693756103515625 153.59375 156.4812469482421875 158.6750030517578125 161.837493896484375 164.806243896484375 166.931243896484375 168.306243896484375 167.9499969482421875 166.1750030517578125 162.649993896484375 158.912506103515625 154.4499969482421875 150.4875030517578125
142.100006103515625 133.75 124.96875 117.00624847412109375 113.1374969482421875 113.6125030517578125 114.16249847412109375 114.77500152587890625 117.21250152587890625 119.6062469482421875 120.2062530517578125 121.1999969482421875 123.5749969482421875 125.5 127.49375152587890625 129.2624969482421875 131.274993896484375 131.4562530517578125 134.6437530517578125 137.6999969482421875 138.787506103515625 140.118743896484375 140.6999969482421875 141.6125030517578125 142.399993896484375 143.7937469482421875 145.9875030517578125 147.4812469482421875 149.4250030517578125 152.0625 154.524993896484375 156.8562469482421875 158.34375 160.306243896484375 164.4499969482421875 168.25 171.4250030517578125 175.59375 177.618743896484375 176.3874969482421875 172.5124969482421875 168.743743896484375 163.568756103515625 159.5749969482421875 155.9250030517578125
149.725006103515625 140.725006103515625 131.693756103515625 122.91249847412109375 117.1062469482421875 116.7687530517578125 117.50624847412109375 117.8312530517578125 119.13124847412109375 120.09999847412109375 122.28749847412109375 124.3874969482421875 127.9375 130.337493896484375 132.787506103515625 135.381256103515625 138.631256103515625 141.118743896484375 144.0812530517578125 145.1374969482421875 144.537506103515625 145.1125030517578125 144.8874969482421875 145.350006103515625 146.9812469482421875 148.118743896484375 149.881256103515625 152.774993896484375 154.899993896484375 156.9875030517578125 159.287506103515625 161.5 163.868743896484375 165.587493896484375 168.6125030517578125 172.506256103515625 177.0749969482421875 181.78125 186.306243896484375 184.0749969482421875 178.7375030517578125 173.4875030517578125 168.7062530517578125 163.7624969482421875 158.931243896484375
157.493743896484375 147.5500030517578125 138.506256103515625 130.6875 124.6750030517578125 122.9875030517578125 121.52500152587890625 119.42499542236328125 118.7062530517578125 120.41249847412109375 124.3249969482421875 128.462493896484375 132.243743896484375 136.1062469482421875 138.71875 141.962493896484375 145.5124969482421875 149.462493896484375 152.59375 150.850006103515625 149.0749969482421875 148.1374969482421875 147.4250030517578125 147.6125030517578125 150.03125 152.100006103515625 153.618743896484375 156.287506103515625 159.943756103515625 162.493743896484375 163.5124969482421875 165.4875030517578125 168.2312469482421875 169.868743896484375 173.4562530517578125 176.1687469482421875 180.806243896484375 185.0500030517578125 187.8625030517578125 186.4875030517578125 182.631256103515625 177.2687530517578125 172.3312530517578125 166.975006103515625 160.568756103515625
165.068756103515625 154.9250030517578125 146.431243896484375 138.9187469482421875 132.462493896484375 130.84375 128.90625 125.83750152587890625 123.125 123.74375152587890625 129.087493896484375 134.53125 139.3125 143.2312469482421875 145.743743896484375 148.524993896484375 151.693756103515625 155.5 158.28125 155.837493896484375 152.3125 151.118743896484375 150.649993896484375 152.3625030517578125 154.149993896484375 155.84375 157.337493896484375 160.25 163.225006103515625 165.2312469482421875 167.59375 168.71875 171.0187530517578125 173.5437469482421875 176.34375 179.399993896484375 182.53125 185.2937469482421875 186.943756103515625 186.756256103515625 183.1750030517578125 178.53125 174.7624969482421875 170.3125 165.0437469482421875
171.4812469482421875 161.631256103515625 153.837493896484375 147.225006103515625 140.975006103515625 139.1750030517578125 137.3312530517578125 134.681243896484375 133.931243896484375 134.8874969482421875 138.53125 142.431243896484375 147.7687530517578125 150.8874969482421875 153.149993896484375 154.912506103515625 156.6999969482421875 158.375 159.243743896484375 157.725006103515625 154.931243896484375 153.6437530517578125 153.5437469482421875 155.868743896484375 157.306243896484375 158.6999969482421875 160.337493896484375 162.875 166.149993896484375 168.1374969482421875 169.524993896484375 170.75 172.7624969482421875 174.6750030517578125 177.84375 181.931243896484375 184.337493896484375 186.34375 186.556243896484375 186.1687469482421875 184.100006103515625 180.899993896484375 176.537506103515625 172.5187530517578125 168.287506103515625
179.0500030517578125 168.9812469482421875 161.1374969482421875 154.3000030517578125 149.1374969482421875 148.256256103515625 146.806243896484375 144.0187530517578125 143.806243896484375 145.5 148.6999969482421875 152.5625 156.5 159.4812469482421875 160.131256103515625 160.662506103515625 160.6437530517578125 160.7624969482421875 159.9375 158.2062530517578125 157.056243896484375 156.1374969482421875 156.4499969482421875 157.09375 160.7062530517578125 162.3249969482421875 163.28125 164.46875 166.181243896484375 168.225006103515625 169.743743896484375 171.6750030517578125 173.837493896484375 175.9499969482421875 178.774993896484375 181.9812469482421875 184.537506103515625 186.46875 187.8874969482421875 187.2937469482421875 185.59375 182.46875 179.34375 176.2687530517578125 171.6999969482421875
185.78125 175.4562530517578125 168.03125 162.0625 157.0812530517578125 156.4250030517578125 155.7687530517578125 153.53125 153.65625 156.193756103515625 159.5625 163.118743896484375 164.806243896484375 166.287506103515625 166.3937530517578125 165.4250030517578125 164.443756103515625 162.8125 161.212493896484375 159.600006103515625 157.931243896484375 157.8625030517578125 159.6437530517578125 161.131256103515625 164.28125 165.837493896484375 165.787506103515625 165.8312530517578125 166.3000030517578125 168.0749969482421875 169.475006103515625 171.4812469482421875 173.6875 176.2937469482421875 179.4499969482421875 182.837493896484375 185.306243896484375 187.5625 188.53125 188.25 186.8125 184.0749969482421875 181.100006103515625 177.837493896484375 171.9250030517578125
192.118743896484375 182.256256103515625 175.3562469482421875 169.225006103515625 164.71875 163.681243896484375 162.7062530517578125 161.556243896484375 162.4875030517578125 165.7375030517578125 169.53125 172.412506103515625 172.9812469482421875 172.100006103515625 171.787506103515625 170.1687469482421875 168.193756103515625 166.4812469482421875 164.2375030517578125 161.5625 158.3000030517578125 159.1687469482421875 162.78125 165.056243896484375 166.493743896484375 166.8562469482421875 166.600006103515625 166.631256103515625 166.8874969482421875 167.162506103515625 168.15625 169.71875 171.7624969482421875 174.881256103515625 178.4562530517578125 182.8937530517578125 186.3937530517578125 189.006256103515625 189.8562469482421875 188.7937469482421875 186.975006103515625 185.4250030517578125 181.59375 175.1062469482421875 168.943756103515625
197.1687469482421875 187.53125 180.774993896484375 175.1062469482421875 170.350006103515625 169.287506103515625 168.3937530517578125 168.5 171.006256103515625 174.056243896484375 176.743743896484375 178.4499969482421875 178.9250030517578125 177.881256103515625 175.975006103515625 175.0437469482421875 172.5437469482421875 170 167.3000030517578125 164.6125030517578125 162.649993896484375 163.3062591552734375 165.875 167.181243896484375 168.024993896484375 168.337493896484375 168.399993896484375 166.850006103515625 165.8312530517578125 165.3562469482421875 165.8874969482421875 166.7312469482421875 169.443756103515625 172.556243896484375 177.1750030517578125 182.118743896484375 186.8000030517578125 191.3000030517578125 193.4812469482421875 193.8937530517578125 189.5124969482421875 183.625 178.7375030517578125 174.743743896484375 170.3312530517578125
201.443756103515625 191.7062530517578125 185.568756103515625 179.90625 175.4812469482421875 174.381256103515625 174.537506103515625 174.943756103515625 177.5187530517578125 180.1125030517578125 182.5625 183.9812469482421875 183.75 182.975006103515625 180.787506103515625 179.71875 176.5437469482421875 173.7312469482421875 170.875 169.412506103515625 167.84375 168.212493896484375 169.443756103515625 169.962493896484375 170.631256103515625 170.524993896484375 169.9562530517578125 168.181243896484375 166.100006103515625 163.631256103515625 162.5 163.3312530517578125 166.21875 170.131256103515625 175.443756103515625 179.9375 186.59375 194.4375 200.6374969482421875 200.837493896484375 194.6999969482421875 187.787506103515625 182.274993896484375 177.693756103515625 170.462493896484375
204.2312469482421875 194.868743896484375 189.100006103515625 184.2687530517578125 180.0124969482421875 179.5 179.8249969482421875 179.7687530517578125 182.399993896484375 185.9187469482421875 188.0500030517578125 188.818756103515625 188.5437469482421875 187.5 185.774993896484375 183 179.818756103515625 177.837493896484375 175.0749969482421875 173.46875 172.8874969482421875 172.6750030517578125 173.381256103515625 173.1875 173.6875 174.381256103515625 173.1999969482421875 170.493743896484375 166.649993896484375 161.818756103515625 159.1999969482421875 158.431243896484375 160.118743896484375 163.943756103515625 168.6437530517578125 174.524993896484375 183.7375030517578125 195.3874969482421875 206.0812530517578125 207.6875 201.3249969482421875 192.8249969482421875 185.3062591552734375 176.96875 170.4250030517578125
206.287506103515625 197.431243896484375 191.0062408447265625 186.8874969482421875 183.4875030517578125 182.8562469482421875 183.725006103515625 184.875 188.212493896484375 191.21875 193.375 193.399993896484375 192.78125 191.524993896484375 189.975006103515625 186.818756103515625 182.1437530517578125 180.306243896484375 178.850006103515625 177.3562469482421875 177.087493896484375 177.024993896484375 177.5187530517578125 176.7624969482421875 177.3000030517578125 178.6374969482421875 177.75 173.381256103515625 166.1437530517578125 159.2062530517578125 155.03125 154 154.056243896484375 154.662506103515625 157.5437469482421875 164.931243896484375 177.837493896484375 196.4875030517578125 217.2624969482421875 215.3562469482421875 205.787506103515625 195.3125 184.6437530517578125 177.0812530517578125 170.3249969482421875
206.96875 198.28125 192.1875 188.4562530517578125 185.3125 185.84375 186.850006103515625 187.787506103515625 191.2312469482421875 195.274993896484375 198.15625 198.118743896484375 196.7375030517578125 195.4250030517578125 193.381256103515625 189.899993896484375 185.318756103515625 180.9875030517578125 181.3312530517578125 180.1750030517578125 180.875 181.024993896484375 181.212493896484375 180.931243896484375 181.568756103515625 183.2062530517578125 183.5812530517578125 176.3125 165.625 155.6062469482421875 149.318756103515625 147.28125 148.618743896484375 150.225006103515625 149.962493896484375 150.931243896484375 170.2062530517578125 192.96875 209.8249969482421875 211.850006103515625 202.6875 192.556243896484375 183.975006103515625 177.4187469482421875 171.03125
206.306243896484375 197.6999969482421875 192.5 189.0187530517578125 186.2937469482421875 187.4187469482421875 188.78125 190.9499969482421875 194.9562530517578125 199.3625030517578125 201.65625 200.8874969482421875 200.212493896484375 199.4875030517578125 196.84375 192.899993896484375 188.4375 184.087493896484375 181.568756103515625 181.2687530517578125 183.568756103515625 185.9187469482421875 184 184.5437469482421875 186.0749969482421875 187.5124969482421875 186.193756103515625 179.0749969482421875 167.131256103515625 154.087493896484375 144.3625030517578125 145.6374969482421875 149.9000091552734375 151.2125091552734375 150.256256103515625 154.1687469482421875 169.71875 186.8625030517578125 199.993743896484375 202.1999969482421875 196.40625 188.4375 181.6875 176.9250030517578125 172.3625030517578125
204.681243896484375 196.4499969482421875 191.15625 188.056243896484375 186.087493896484375 188.4250030517578125 190.9499969482421875 193.7062530517578125 198.5437469482421875 202.3000030517578125 205.1687469482421875 205.649993896484375 205.337493896484375 203.681243896484375 199.8125 194.375 189.1374969482421875 186.25 184.125 183.462493896484375 184.225006103515625 184.9749908447265625 186.4250030517578125 187.8625030517578125 189.5124969482421875 190.5124969482421875 188.4875030517578125 183.0625 172.256256103515625 159.100006103515625 150.96875 152.524993896484375 155.8000030517578125 158.8249969482421875 161.7062530517578125 165.943756103515625 176.15625 187.774993896484375 195.649993896484375 197.1125030517578125 192.350006103515625 184 180.181243896484375 177.4499969482421875 174.0562591552734375
