data/historical-monthly-weather-data/wc2.1_cruts4.09_10m_prec_1989-12.asc
ncols        45
nrows        45
xllcorner    -63.500000000000
yllcorner    -7.500000000000
cellsize     0.166666666667
NODATA_value -9999
[rows 20 to 39 of 45, columns 0 to 44 of 45]
290.73748779296875 300.368743896484375 309.274993896484375 319.75 331.225006103515625 340.1875 347.725006103515625 353.912506103515625 355.8125 354.212493896484375 350.13751220703125 348.76873779296875 346.90625 341.95001220703125 332.024993896484375 319.6875 307.4375 295.556243896484375 287.21875 279.34375 273.98748779296875 268.73126220703125 264.33123779296875 264.39373779296875 266.649993896484375 267.73126220703125 265.48748779296875 256.86248779296875 244.09375 230.7062530517578125 220.7375030517578125 218.5812530517578125 223.056243896484375 230.4499969482421875 239.3000030517578125 252.2624969482421875 269.375 287.95623779296875 304.20623779296875 313.756256103515625 316.274993896484375 314.70001220703125 316.13751220703125 317.98126220703125 317.29376220703125
300.65625 309.662506103515625 320.98748779296875 335.38751220703125 349.38751220703125 359.068756103515625 368.225006103515625 375.91876220703125 377.35626220703125 375.006256103515625 369.01251220703125 365.056243896484375 360.662506103515625 353.337493896484375 343.631256103515625 332.03125 320.287506103515625 307.41876220703125 296.08123779296875 285.681243896484375 276.131256103515625 269.381256103515625 265.23748779296875 264.33123779296875 266.07501220703125 269.79376220703125 272.881256103515625 266.48126220703125 255.6374969482421875 245.037506103515625 236.5124969482421875 232.8125 234.8937530517578125 240.912506103515625 247.618743896484375 259.48748779296875 276.274993896484375 295.256256103515625 309.65625 316.181243896484375 318.881256103515625 318.16876220703125 318.76251220703125 320.14373779296875 320.79376220703125
311.64373779296875 323.0625 334.75 350.356231689453125 367.16876220703125 379.368743896484375 388.78125 398.03125 401.20623779296875 396.524993896484375 388.193756103515625 380.149993896484375 374.04376220703125 365.41876220703125 355.03125 343.41876220703125 331.068756103515625 316.100006103515625 302.693756103515625 289.162506103515625 277.53125 268.32501220703125 261.556243896484375 260.04376220703125 262.28125 268.287506103515625 275.96875 272.38751220703125 263.587493896484375 255.899993896484375 249.681243896484375 246.131256103515625 247.6687469482421875 250.7375030517578125 255.1687469482421875 263.568756103515625 280.65625 304.40625 318.131256103515625 321.931243896484375 323.04376220703125 321.6875 321.868743896484375 322.78125 323.506256103515625
325.962493896484375 335.90625 348.318756103515625 366.375 386.54998779296875 399.162506103515625 409.662506103515625 417.506256103515625 418.743743896484375 411.537506103515625 401.462493896484375 392.13751220703125 383.53125 373.63751220703125 362.01251220703125 349.600006103515625 336.91876220703125 320.868743896484375 305.181243896484375 289.66876220703125 275.0625 263.5625 254.024993896484375 252.28125 253.6687469482421875 258.556243896484375 266.41876220703125 268.61248779296875 266.89373779296875 263 260.20001220703125 257.337493896484375 259.6875 261.875 265.26873779296875 270.85626220703125 286.475006103515625 309.51251220703125 323.212493896484375 327.037506103515625 327.29376220703125 325.76251220703125 324.42498779296875 324.21875 328.256256103515625
345.23748779296875 352.57501220703125 364.76251220703125 388.46875 413.693756103515625 424.287506103515625 431.91876220703125 435.76251220703125 433.131256103515625 425.881256103515625 415.14373779296875 403.07501220703125 391.71875 379.63751220703125 367.8125 355.29376220703125 341.92498779296875 324.70001220703125 307.04998779296875 289.63751220703125 272.54376220703125 257.568756103515625 245.9187469482421875 242.3874969482421875 243.6374969482421875 248.912506103515625 257.5625 263.66876220703125 266.79376220703125 267.71875 268.40625 267.8125 271.162506103515625 273.54376220703125 275.60626220703125 282.90625 297.21875 312.98748779296875 325.306243896484375 331.5625 332.381256103515625 330.34375 327.23126220703125 328.13751220703125 330.649993896484375
374.57501220703125 385.28125 398.60626220703125 422.375 444.32501220703125 451.39373779296875 453.90625 453.51873779296875 447.98126220703125 438.149993896484375 425.568756103515625 412.412506103515625 398.368743896484375 384.306243896484375 372.768768310546875 360.34375 346.024993896484375 327.73126220703125 308.75 289.587493896484375 271.806243896484375 253.1750030517578125 237.4562530517578125 230.975006103515625 234.0124969482421875 240.6750030517578125 251.4875030517578125 260.243743896484375 266.70623779296875 270.89373779296875 274.256256103515625 277.96875 283.10626220703125 284.899993896484375 287.35626220703125 294.649993896484375 306.89373779296875 319.881256103515625 331.23126220703125 338.66876220703125 340.29376220703125 335.125 329.125 327.40625 333.04376220703125
415.256256103515625 429.368743896484375 444.375 463.54998779296875 479.53125 480.662506103515625 475.962493896484375 469.568756103515625 458.58123779296875 447.04998779296875 434.42498779296875 418.5625 401.212493896484375 385.381256103515625 373.756256103515625 362.225006103515625 348.54998779296875 330.26873779296875 311.118743896484375 290.73126220703125 271.149993896484375 250.818756103515625 232.537506103515625 223.618743896484375 228.21875 235.15625 246.6999969482421875 256.84375 266.006256103515625 272.09375 278.38751220703125 284.88751220703125 292.962493896484375 295.58123779296875 298.51251220703125 306.337493896484375 316.15625 327.193756103515625 338.1875 347.087493896484375 350.087493896484375 342.48126220703125 331.962493896484375 328.537506103515625 342.3125
461.85626220703125 480.587493896484375 495.149993896484375 509.287506103515625 517.96875 512.34375 501.118743896484375 486.943756103515625 470.943756103515625 455.337493896484375 439.20001220703125 420.9375 403.01251220703125 385.725006103515625 374.28125 362.57501220703125 350.181243896484375 331.875 313.318756103515625 293.26251220703125 273.256256103515625 253.068756103515625 236.7062530517578125 229.3249969482421875 230.03125 234.6125030517578125 244.649993896484375 254.506256103515625 264.01873779296875 271.40625 278.537506103515625 285.59375 294.600006103515625 300.88751220703125 306.274993896484375 314.4375 324.162506103515625 334.943756103515625 347.34375 358.75 364.54376220703125 356.375 337.381256103515625 332.462493896484375 358.537506103515625
505.806243896484375 529.86248779296875 544.51251220703125 556.76873779296875 558.2249755859375 542.6875 523.08123779296875 502.79376220703125 482.10626220703125 461.73748779296875 443.73126220703125 424.23126220703125 404.17498779296875 385.962493896484375 374.068756103515625 364.193756103515625 352.431243896484375 335.03125 316.818756103515625 297.350006103515625 277.3125 257.787506103515625 242.625 235.1437530517578125 233.8562469482421875 236.0749969482421875 244.625 253.9375 263.35626220703125 270.481231689453125 277.462493896484375 284.34375 294.33123779296875 302.618743896484375 310.837493896484375 320.32501220703125 331.08123779296875 341.837493896484375 354.318756103515625 368.0625 378.96875 369.274993896484375 351.23126220703125 352.6875 379.537506103515625
533.96875 558.6812744140625 575.5250244140625 589.9749755859375 591.70001220703125 564.48748779296875 536.07501220703125 511.08123779296875 486.04998779296875 462.337493896484375 442.462493896484375 421.54998779296875 402.850006103515625 385.54998779296875 373.943756103515625 363 351.774993896484375 337.5625 320.625 301.506256103515625 281.193756103515625 262.318756103515625 246.5500030517578125 239.625 237.412506103515625 238.350006103515625 244.443756103515625 253.3000030517578125 261.693756103515625 268.975006103515625 276.0625 283.068756103515625 294.33123779296875 303.95001220703125 313.712493896484375 323.46875 334.625 345.36248779296875 357.381256103515625 369.368743896484375 377.45623779296875 375.743743896484375 367.318756103515625 371.17498779296875 385.96875
555.26251220703125 579.1875 593.53125 607.1812744140625 605.6312255859375 572.57501220703125 540.6812744140625 511.63751220703125 483.48126220703125 460.04998779296875 439.13751220703125 418.725006103515625 400.73126220703125 383.33123779296875 371.32501220703125 360.931243896484375 351.193756103515625 337.33123779296875 323.193756103515625 305.125 284.54376220703125 265.524993896484375 250.056243896484375 243.006256103515625 239.75 239.3312530517578125 244.6687469482421875 252.381256103515625 259.95623779296875 267.787506103515625 275 282.274993896484375 293.537506103515625 304.649993896484375 315.181243896484375 325.806243896484375 337.67498779296875 348.71875 358.95623779296875 367.493743896484375 375.96875 379.67498779296875 379.65625 380.8125 390.73126220703125
570.1312255859375 589.0999755859375 597.8062744140625 600.2874755859375 591.45001220703125 564.16876220703125 534.3812255859375 504.350006103515625 476.88751220703125 452.462493896484375 432.125 413.631256103515625 396.86248779296875 380.01251220703125 369.256256103515625 359.03125 347.01873779296875 333.756256103515625 320.4375 304.28125 285.306243896484375 266.899993896484375 251.1312408447265625 244.1687469482421875 241.7062530517578125 240.368743896484375 244.4812469482421875 251.34375 258.493743896484375 266.649993896484375 274.056243896484375 281.756256103515625 292.056243896484375 303.693756103515625 315.506256103515625 327.712493896484375 338.95001220703125 349.506256103515625 358.693756103515625 366.82501220703125 377.975006103515625 386.899993896484375 394.08123779296875 401.368743896484375 416.20001220703125
563.79998779296875 574.86248779296875 576.4437255859375 575.90625 566.92498779296875 542.64373779296875 514.2874755859375 486.0625 459.618743896484375 437.60626220703125 422.70001220703125 405.96875 391.58123779296875 377.95623779296875 366.35626220703125 354.23748779296875 340.568756103515625 328.86248779296875 314.5 299.868743896484375 282.92498779296875 266.649993896484375 252.162506103515625 245.6062469482421875 243.193756103515625 242.4375 245.875 250.6437530517578125 257.337493896484375 264.881256103515625 272.76251220703125 280.5625 290.95001220703125 302.381256103515625 314.29998779296875 326.38751220703125 338.100006103515625 349.21875 357.5625 369.13751220703125 380.287506103515625 391.89373779296875 405.79998779296875 424.743743896484375 457.29376220703125
551.4625244140625 555.92498779296875 555.10626220703125 550.79998779296875 539.58123779296875 517.08123779296875 492.056243896484375 466.100006103515625 440.556243896484375 420.08123779296875 406.618743896484375 396.631256103515625 386.274993896484375 373.087493896484375 361.67498779296875 348.15625 334.26251220703125 322.868743896484375 308.64373779296875 294.9375 279.79376220703125 264.774993896484375 251.287506103515625 245.78125 243.34375 242.649993896484375 246.0812530517578125 250.431243896484375 256.5625 263.29998779296875 270.868743896484375 279.20623779296875 289.45001220703125 300.70623779296875 311.90625 323.662506103515625 336.28125 346.399993896484375 356.431243896484375 368.375 380.32501220703125 393.318756103515625 410.17498779296875 434.51251220703125 471.006256103515625
535.6187744140625 536.375 533.13751220703125 525.83123779296875 514.76873779296875 492.774993896484375 468.493743896484375 444.006256103515625 417.625 399.13751220703125 390.3125 385.26873779296875 380.79998779296875 371.58123779296875 359.318756103515625 344.431243896484375 328.61248779296875 316.600006103515625 303.774993896484375 289.45001220703125 276.48748779296875 262.125 250.6875 245.568756103515625 243.0500030517578125 242.712493896484375 245.568756103515625 249.806243896484375 255.125 261.6875 269.225006103515625 277.381256103515625 287.59375 298.82501220703125 309.493743896484375 320.16876220703125 331.587493896484375 343.787506103515625 354.181243896484375 364.23748779296875 376.181243896484375 388.23748779296875 404.081268310546875 425.85626220703125 454.51873779296875
512.0250244140625 510.631256103515625 504.693756103515625 496.006256103515625 483.5 463.0625 439.0625 414.39373779296875 387.9375 368.73748779296875 365.29376220703125 368.86248779296875 371.912506103515625 366.29376220703125 354.70623779296875 339.350006103515625 322.58123779296875 310.837493896484375 297.66876220703125 283.79376220703125 271.993743896484375 260.524993896484375 249.6687469482421875 245.462493896484375 244.0124969482421875 243.693756103515625 246.5 250.100006103515625 254.6374969482421875 261.15625 268.63751220703125 275.868743896484375 285.65625 295.38751220703125 304.875 313.681243896484375 325.71875 336.912506103515625 346.20623779296875 356.118743896484375 367.46875 379.63751220703125 392.6875 410.21875 429.01873779296875
486.475006103515625 484.14373779296875 477.274993896484375 468.51251220703125 456.73748779296875 438.20001220703125 417.17498779296875 392.368743896484375 362.92498779296875 337.524993896484375 343.14373779296875 361.90625 367.21875 361.38751220703125 349.79998779296875 333.73748779296875 316.762481689453125 304.65625 292.48748779296875 279.243743896484375 268.274993896484375 257.681243896484375 248.256256103515625 244.899993896484375 243.7062530517578125 244.131256103515625 246.2687530517578125 250.3000030517578125 254.9812469482421875 261.15625 267.85626220703125 274.40625 283.10626220703125 292.243743896484375 300.26873779296875 309.32501220703125 319.493743896484375 329.07501220703125 336.212493896484375 344.931243896484375 354.837493896484375 365.14373779296875 376.337493896484375 390.25 400.881256103515625
462.98126220703125 460.75 454.462493896484375 445.82501220703125 435.993743896484375 419.212493896484375 402.09375 381.100006103515625 354.86248779296875 327.10626220703125 351.600006103515625 373.006256103515625 370.5 360.73748779296875 346.85626220703125 329.8125 311.54376220703125 300.04376220703125 287.54376220703125 275.23748779296875 264.162506103515625 254.350006103515625 246.5062408447265625 243.78125 242.881256103515625 243.6875 246.7312469482421875 250.443756103515625 254.756256103515625 261.01873779296875 266.66876220703125 272.9375 280.806243896484375 288.993743896484375 296.024993896484375 303.85626220703125 312.15625 319.524993896484375 326.118743896484375 333.024993896484375 340.63751220703125 348.84375 357.15625 367.537506103515625 374.837493896484375
455.6875 451.75 444.95001220703125 436.475006103515625 425.82501220703125 410.387481689453125 395.399993896484375 381.14373779296875 367.662506103515625 369.024993896484375 396.962493896484375 388.32501220703125 372.993743896484375 359.40625 344.71875 328.36248779296875 311.125 298.556243896484375 285.91876220703125 273.350006103515625 262.39373779296875 252.631256103515625 245.4562530517578125 243.162506103515625 242.787506103515625 243.7937469482421875 246.4250030517578125 250.475006103515625 254.90625 261.193756103515625 267.57501220703125 272.4375 279.34375 286.29376220703125 293.681243896484375 300.25 306.76873779296875 312.881256103515625 317.86248779296875 323.04376220703125 329.75 335.76873779296875 342.03125 349.662506103515625 355.006256103515625
453.23748779296875 447.39373779296875 439.20623779296875 429.90625 419.412506103515625 406.431243896484375 394.21875 385.70001220703125 378.587493896484375 380.6875 389.61248779296875 384.26873779296875 370.09375 356.600006103515625 343.26873779296875 327.725006103515625 311.443756103515625 299.33123779296875 285.5625 272.350006103515625 260.04998779296875 249.881256103515625 242.78125 240.2624969482421875 241.0124969482421875 243 246.587493896484375 251.068756103515625 255.462493896484375 262.006256103515625 267.600006103515625 273.39373779296875 279.875 285.618743896484375 291.25 295.58123779296875 301.162506103515625 305.64373779296875 309.212493896484375 312.506256103515625 316.79998779296875 321.79998779296875 327.26873779296875 333.225006103515625 338.3125
