data/historical-monthly-weather-data/wc2.1_cruts4.09_10m_tmax_2013-06.asc
ncols        45
nrows        45
xllcorner    -63.500000000000
yllcorner    -7.500000000000
cellsize     0.166666666667
NODATA_value -9999
31.0 31 31 31 31 31 31 31 31 31 31 31 31 31 31 31 31 31 31 31 31 31 31 31 31 31 31 30.375 30 30.5625 30.375 31 31 30.75 30.75 30.875 31 31 31 31 31 31 31 30.5 31 
31 31 31 31 31 31 31 31 31 30.9375 30.875 31 31 31 31 31 31 31 31 31 31 30.9375 30.875 30.875 31 31 31 30.3125 30.1875 30.5625 30.875 30.875 30.9375 30.1875 30.75 30.1875 30.6875 31 31 31 31 31 31 30.75 31 
31 31 31 31 31 31 31 31 31 31 30.5 31 31 31 31 31 31 31 31 30.9375 31 30.875 31 31 30.9375 31 31 30.1875 30.8125 31 30.9375 31 31 30.6875 30.4375 31 31 31 31 31.125 31.375 31 31 31 31 
31 30.6875 30.875 31 31 31 31 31 30.75 30.875 30.8125 31 31 31 31 31 31 31 31 30.875 30.1875 30.3125 31 31 30.9375 31 31 30.875 31 31 31 31 31 31 31 31 31 31 31 31.8125 31.5625 31.125 31 31 31 
31 31 30.375 30.4375 31 31 30.8125 30.8125 30.5 30.1875 30.875 31 31 31 31 31 31 31 31 31 30.75 30.6875 31 31 30.9375 31 31 31 31 31 31 31 31 31.0625 31 31.125 31.5625 31.0625 31.0625 31.6875 31.1875 31.5 31.5 31.1875 31 
31 31 30.875 30.0625 30.0625 30.5625 30.9375 30.875 30.9375 30.6875 30.9375 31 31 31 31 31 31 31 31 31 30.6875 30.8125 30.9375 31 31 31 31 31 31 31 31 31 31 30.9375 30.875 31 31 31.4375 31.8125 31.375 31 31.4375 31 31.125 31.1875 
31 31 31 30.1875 30 30 30.1875 30.875 30.75 30.875 31 31 31 31 31 31 31 31 31 31 31 31 31 31 31 31 31 31 31.5 31.3125 31 31 31.0625 31 31 31 31 31.8125 31.9375 31.6875 31.6875 31.5625 31.75 31.5 31.4375 
31 31 31 30.6875 30.25 30.75 30.9375 30.9375 30.9375 31 31 31 31 31 31 31 31 31 31 31 31 31 31 31 31 31 31.125 31.5625 31.875 31.6875 31.125 31 31 31 31.125 31.1875 31.5625 32 32 32 32 32 32 32 32 
31 31 31 30.875 30.5625 30.9375 31 31 31 31 31 31 31 31 31 31 31 31 31 31 31 31 31 31 31 31 31.4375 32 31.375 31.0625 31.0625 31 31.1875 32 31.6875 31.4375 31.1875 31.5 31.5625 31.9375 32 32 32 31.9375 31.9375 
31 31 31 31 31 31 31 31 31 31 31 31 31 31 31 31 31 31 31 31 31 31 31 31 31 31 31.0625 31.625 31.5625 31.625 31.3125 31 31 31 31.625 31.8125 31.6875 31.875 31.375 31.1875 31.0625 31.375 31.5625 31.6875 31.9375 
31 31 31 31 31 31 31 31 31 31 31 31 31 31 31 31 31 31 31 31 31 31 31 31 31.0625 31 31 31 31.0625 32 31.875 31.625 31.1875 31 31.125 32 32 32 32 31.6875 31.5 31.375 31.6875 31.9375 31.9375 
31 31 31 31 31 31 31 31 31 31 31 31 31 31 31 31 31 31 31 31 31 31 31 31.0625 31.25 31 31.1875 31.3125 31.3125 31.875 32 32 32 31.5625 31.5 31.625 31.8125 32 32 32 32 32 32 32 32 
31 31 31 31 31 31 31 31 31 31 31 31 31 31 31 31 31 31 31 31 31 31 31 31 31.5625 31.75 31.8125 32 32 31.9375 32 32 32 31.9375 31.8125 32 32 32 32 32 32 32 32 32 32 
31 31 31 31 31 31 31 31 31 31 31 31 31 31 31 31 31 31 31 31 31 31 31 31 31.3125 31.9375 32 32 32 32 32 32 32 32 31.875 32 32 32 32 32 32 32 32 31.9375 31.8125 
31 31 31 31 31 31 31 31 31 31 31 31 31 31 31 31 31 31 31 31 31 31 31 31.3125 31.1875 31.375 32 32 32 32 32 32 32 32 32 32 32 32 32 32 32 32 32 32 31.5 
31 31 31 31 31 31 31 31 31 31 31 31 31 31 31 31 31 31 31 31 31 31 31.125 31.1875 31.9375 31.8125 31.9375 32 32 32 32 32 32 32 32 32 32 32 32 32 32 32 32 31.3125 31.375 
31 31 31 31 31 31 31 31 31 31 31 31 31 31 31 31 31 31 31 31 31 31 31.1875 31.875 32 32 32 32 32 32 32 32 32 32 32 32 32 32 32 32 32 32 32 31.6875 31.5 
31 31 31 31 31 31 31 31 31 31 31 31 31 31 31 31 31.3125 31.375 31 31 31.3125 31.25 31.125 31.875 32 32 32 32 32 32 32 32 32.0625 32.375 32.1875 32 32 32 32 32 32 32 31.9375 31.9375 31.6875 
31 31 31 31 31 31 31 31 31 31 31 31 31 31.3125 31.125 31.3125 31.8125 32 31.625 31.1875 31.6875 32 31.9375 32 32 32 32 32 32 32 32.4375 32 32.0625 32.6875 32 32 32 32 32 32 32 32 32 32 32 
31 31 31 31 31 31 31 31 31 31 31 31.5 31.8125 32 31.9375 32 32 32 32 31.6875 31.9375 32 32 32 32 32 32 32 32 32 32.8125 32.5625 32.8125 33 32.625 32.125 32 32 32 32 32 32 32 32 32 
31.0625 31 31 31 31 31 31 31.125 31.25 31.25 31.4375 31.8125 32 32 32 32 32 32 32 32 32 32 32 32 32.0625 32 32 32 32.3125 32.6875 33 33 33 33 33 33 32.125 32 32 32 32 32 32 32 32 
31.8125 31 31 31.1875 31 31 31 31.5 32 32 32 32 32 32 32 32 32 32 32 32 32 32 32 32 32 32 32.5625 32.5 33 33 33 33 33 33 33 33 32.6875 32.4375 32.0625 32.0625 32.125 32 32 32 32 
32 31.6875 31.6875 31.625 31.0625 31.4375 31.0625 31.5 31.9375 32 32 32 32 32 32 32 32 32 32 32 32 32 32 32 32 32.375 32.625 33 33 33 33 33 33 33 33 33 32.875 32.625 32.75 32.25 32.125 32 32 32 32 
32 32 32 31.75 31.5 31.5 31.9375 32 32 32 32 32 32 32 32 32 32 32 32 32 32 32 32 32 32 32.8125 33 33 33 33 33 33 33 33 33 33 33 33 32.6875 32.3125 32 32 32 32 32 
32 32 32 32 32 32 32 32 32 32 32 32 32 32 32 32 32 32 32 32 32 32 32 32.125 32.5 33 33 33 33 33 33 33 33 33 33 33 33 33 33 32.9375 32.0625 32 32 32 32.4375 
32 32 32 32 32 32 32 32 32 32 32 32 32 32 32 32 32 32 32.25 32.125 32.4375 32.125 32.5 32.8125 33 33 33 33 33 33 33 33 33 33 33 33 33 33 33 32.9375 32.1875 32.125 32.8125 32.875 33 
32 32 32 32 32 32 32 32 32 32 32 32 32 32 32 32 32 32.0625 32.6875 32.8125 32.6875 32.9375 33 33 33 33 33 33 33 33 33 33 33 33 33 33 33 33 33 33 32.75 32.5 32.9375 33 32.8125 
32 32 32 32 32 32 32 32 32 32 32 32 32 32 32.0625 32.6875 32.8125 33 33 33 33 33 33 33 33 33 33 33 33 33 33 33 33 33 33 33 33 33 33 33 32.875 32.6875 32.75 32.875 32.375 
32 32 32 32 32 32 32 32 32 32 32 32 32 32 32.5 33 33 33 33 33 33 33 33 33 33 33 33 33 33 33 33 33 33 33 33 33 33 33 33 33 33 33 33 32.8125 32.0625 
32 32 32 32 32 32 32 32 32 32 32 32 32.125 32.75 33 33 33 33 33 33 33 33 33 33 33 33 33 33 33 33 33 33 33 33 33 33 33 32.75 32.9375 33 33 33 33 32.8125 32.875 
32 32 32 32 32 32 32 32.25 32.0625 32.4375 32 32.5625 32.9375 33 33 33 33 33 33 33 33 33 33 33 33 33 33 33 33 33 33 33 33 33 33 32.9375 33 32.4375 33 33 33 33 33 33 33 
32.6875 32.9375 32.875 32.125 32 32.0625 32.25 32.9375 32.875 33 32.8125 33 33 33 33 33 33 33 33 33 33 33 33 33 33 33 33 33 33 33 33 33 33 33 33 33 33 32.875 33 33 33 33 33 32.875 33 
33 33 33 32.875 32.75 32.9375 33 33 33 33 33 33 33 33 33 33 33 33 33 33 33 33 33 33 33 33 33 33 33 33 33 33 33 33 33 33 33 33 33 33 33 33 33 33 33 
33 33 33 33 33 33 33 33 33 33 33 33 33 33 33 33 33 33 33 33 33 33 33 33 33 33 33 33 33 33 33 33 33 33 33 33 33 33 33 33 33 33 32.8125 33 32.9375 
33 33 33 33 33 33 33 33 33 33 33 33 33 33 33 33 33 33 33 33 33 33 33 33.0625 33.125 33 33 33 33 33 33 33 33 33 33 33 33 33 33 33 33 33 32.9375 33 32.9375 
33 33 33 33 33 33 33 33 33 33 33 33 33 33 33 33 33 33 33 33 33 33 33 33.125 33.1875 33 33.0625 33 33 33 33 33 33 33 33 33 33 33 33 33 33 33 33 33 32.9375 
33 33 33 33 33 33 33 33 33 33 33 33 33 33 33 33 33 33 33 33 33 33 33 33 33.3125 33 33.375 33 33.0625 33 33 33 33 33 33 33 33.1875 33 33 33 33 33 33 32.9375 32.625 
33 33 33 33 33 33 33 33 33 33 33 33 33 33 33 33 33 33 33 33 33.25 33.125 33 33 33.3125 33.1875 33.6875 33 33 33 33.3125 33.375 33.25 33.1875 33.25 33.0625 33.125 33 33 33 33 33 33 33 33 
33 33 33 33 33 33 33 33 33 33 33 33 33 33 33 33 33 33 33 33 33.375 33.0625 33.3125 33 33.1875 33.5 33.75 33.125 33 33 33.3125 33.9375 33.9375 33.3125 33 33 33.75 33 33 33 33 33 33 33 33 
33 33 33 33 33 33 33 33 33 33 33 33 33 33 33 33 33 33 33 33 33.5 33 33.0625 33.1875 33.25 33.5625 34 33.375 33.0625 33.5625 33.9375 33.5625 33.1875 33.5625 33.125 33.25 34 33.5 33 33 33 33 33 33 33 
33 33 33 33 33 33 33 33 33 33 33 33 33 33 33 33 33 33 33 33 33.4375 33 33 33.0625 33.0625 33.125 34 33.5625 33 33.1875 33.5 33 33.125 33.5625 33.3125 33.3125 33.875 33.5625 33 33.0625 33 33 33 33 33 
32.9375 33 33 33 33 33 33 33 33 33 33 33 33 33 33 33 33 33 33 33 33 33 33 33 33 33.5 34 33.9375 33.375 33.0625 33.5625 33.1875 33 33.3125 33.8125 34 34 33.9375 33 33.0625 33 33 33 33 33 
32.75 33 33 33 33 33 33 33 33 33 33 33 33 33 33 33 33 33 33 33 33 33.625 33.5625 33.25 33 33 33.875 34 33.75 33.3125 33.125 33.8125 33.625 33.375 33.8125 33.8125 34 33.75 33.3125 33.8125 33 33 33 33 33 
32.5625 33 33 33 33 33 33 33 33 33 33 33 33 33 33 33 33 33 33 33 33 33.4375 33.0625 33.3125 33.0625 33.25 33.9375 34 34 33.125 33.8125 34 34 33.875 33.5 34 33.75 33.5625 33.9375 33.4375 33.25 33.0625 33 33 33 
32.4375 33 33 33 33 33 33 33 33 33 33 33 33 33 33 33 33 33 33 33 33 33 33 33.0625 33 33.0625 33.6875 33.9375 33.6875 33.0625 33.625 34 34 34 33.9375 34 33.3125 33.375 33.5625 33 33.0625 33.125 33 33 33 
