data/historical-monthly-weather-data/wc2.1_cruts4.09_10m_prec_1991-12.asc
ncols        51
nrows        45
xllcorner    -63.500000000000
yllcorner    -7.500000000000
cellsize     0.166666666667
NODATA_value -9999
[rows 0 to 18 of 45, columns 0 to 43 of 51]
113.00624847412109375 108.4499969482421875 103.2687530517578125 99.65625 95.31874847412109375 92.19374847412109375 88.75 84.8874969482421875 82.28125 80.15000152587890625 79.44374847412109375 79.40625 80.06874847412109375 80.00624847412109375 81.1437530517578125 82.5437469482421875 84.28749847412109375 85.86249542236328125 88.4499969482421875 91 93.3000030517578125 95.2375030517578125 97.0749969482421875 98.18125152587890625 99.11875152587890625 99.9499969482421875 102.18125152587890625 104.75 106.83750152587890625 105.16249847412109375 102.15000152587890625 99.6125030517578125 96.66249847412109375 93.33750152587890625 90 89.1750030517578125 87.6750030517578125 86.30625152587890625 86.03749847412109375 86.25 86.3562469482421875 86.99375152587890625 87.7312469482421875 87.75624847412109375
114.75624847412109375 109.9562530517578125 106.3874969482421875 103.59375 100.5625 96.9499969482421875 92.8000030517578125 90.00624847412109375 88.25624847412109375 86.4562530517578125 85.25624847412109375 84.5437469482421875 84.7937469482421875 84.90625 85.7624969482421875 87.03749847412109375 88.68125152587890625 90.8562469482421875 93.4812469482421875 96.78749847412109375 98.40625 99.6062469482421875 101.2937469482421875 102.00624847412109375 102.5625 103.09999847412109375 105.1374969482421875 107.3249969482421875 108.9375 106.7062530517578125 102.8125 99.375 94.9875030517578125 90.93125152587890625 87.2375030517578125 84.8000030517578125 83.80625152587890625 82.33750152587890625 81.72499847412109375 81.75624847412109375 81.75 82.46250152587890625 83.30625152587890625 82.8312530517578125
115.55625152587890625 111.4812469482421875 108.4375 105.78125 103.18125152587890625 99.8312530517578125 96.96875 95.09375 93.9250030517578125 92.3874969482421875 90.8000030517578125 90.0625 90.31874847412109375 90.4187469482421875 91.41249847412109375 92.38124847412109375 94.11875152587890625 95.9812469482421875 98.5 101.15000152587890625 102.3125 103.3625030517578125 104.5 104.44374847412109375 104.3249969482421875 104.99375152587890625 106.88124847412109375 108.7624969482421875 110.41249847412109375 106.84999847412109375 102.56874847412109375 98.5187530517578125 94.5749969482421875 89.3874969482421875 84.93125152587890625 82.75624847412109375 80.61875152587890625 78.53125 78.03125 77.7624969482421875 77.3874969482421875 77.93125152587890625 78.28125 78.55625152587890625
115.21250152587890625 112.3625030517578125 110.4562530517578125 107.34999847412109375 105.25 102.7624969482421875 100.9375 99.84999847412109375 99.09999847412109375 98.43125152587890625 96.99375152587890625 96.33750152587890625 96.09375 96.22499847412109375 97.06874847412109375 98.3937530517578125 100.0187530517578125 100.9250030517578125 103.03125 106.0187530517578125 106.78125 107.05625152587890625 106.77500152587890625 106.2624969482421875 105.27500152587890625 105.59999847412109375 107.4499969482421875 108.875 110.56874847412109375 107.05625152587890625 101.9875030517578125 96.8000030517578125 92.6687469482421875 87.84375 82.68125152587890625 79.7687530517578125 76.71875 74.1750030517578125 73.69374847412109375 73 72.0124969482421875 72.46875 72.8125 73.3000030517578125
119.8874969482421875 114.9499969482421875 110.97499847412109375 108.80625152587890625 107.3125 105.9562530517578125 104.61875152587890625 104.0500030517578125 104.5437469482421875 104.52500152587890625 102.88124847412109375 101.84999847412109375 102.0187530517578125 102.33750152587890625 103.1125030517578125 104.38124847412109375 105.71875 106.2062530517578125 107.9812469482421875 110.88124847412109375 111.0437469482421875 109.86875152587890625 108.59375 107.3312530517578125 105.77500152587890625 105.61875152587890625 106.46250152587890625 107.8562469482421875 109.34375 105.75624847412109375 100.56874847412109375 94.71250152587890625 89.8937530517578125 84.8000030517578125 79.36875152587890625 76.15625 73.0124969482421875 69.78125 68.84375 67.69374847412109375 66.3312530517578125 66.65000152587890625 67.21250152587890625 67.28749847412109375
123.86875152587890625 119.4187469482421875 114.56874847412109375 110.3249969482421875 109.34375 109.2375030517578125 108.6437530517578125 107.9499969482421875 108.2624969482421875 108.3874969482421875 106.9812469482421875 106.55625152587890625 107.4499969482421875 108.08750152587890625 109.6125030517578125 111.05625152587890625 112.6437530517578125 112.06874847412109375 113.93125152587890625 115.39374542236328125 113.77500152587890625 112.0749969482421875 109.75 107.72499847412109375 105.58750152587890625 104.2312469482421875 105.56874847412109375 106.7624969482421875 107.4875030517578125 103.78125 98.91249847412109375 93.7312469482421875 87.8937530517578125 82.15625 77.5500030517578125 74.2624969482421875 70.7937469482421875 67.96875 66.75624847412109375 64.7312469482421875 62.24375152587890625 62.31874847412109375 62.25624847412109375 62.50624847412109375
129.100006103515625 124.66249847412109375 119.90000152587890625 115.16249847412109375 112.52500152587890625 111.71875 111.3562469482421875 110.5187530517578125 110.06874847412109375 109.22499847412109375 109.61875152587890625 110.46250152587890625 112.7062530517578125 113.99375152587890625 115.8625030517578125 117.9187469482421875 120.3937530517578125 121.16249847412109375 122.16249847412109375 121.2312469482421875 117.3562469482421875 114.21875 110.46875 107.2375030517578125 104.84375 102.49375152587890625 103.0749969482421875 104.8625030517578125 105.3874969482421875 101.40000152587890625 96.6374969482421875 91.56874847412109375 86.1875 80.25624847412109375 74.9875030517578125 71.4812469482421875 68.28125 65.2687530517578125 64.3562469482421875 61.487499237060546875 58.11875152587890625 57.53749847412109375 57.456249237060546875 57.33750152587890625
134.524993896484375 129.8000030517578125 125.3000030517578125 121.65625 119.08750152587890625 117.0749969482421875 114.6999969482421875 111.7062530517578125 109.6750030517578125 109.8625030517578125 112.125 115.1062469482421875 117.8625030517578125 120.6687469482421875 122.5500030517578125 125.03125 127.5187530517578125 128.9375 129.306243896484375 125.2687530517578125 119.5812530517578125 114.40000152587890625 109.4875030517578125 105.28125 102.63124847412109375 100.1875 100.1999969482421875 101.4375 102.6437530517578125 99.15000152587890625 93.88124847412109375 88.96250152587890625 83.8125 77.8249969482421875 72.7624969482421875 68.53749847412109375 65.1437530517578125 61.69374847412109375 59.700000762939453125 56.700000762939453125 53.5 52.668750762939453125 52.36875152587890625 52.02500152587890625
140.756256103515625 136.1374969482421875 132.100006103515625 128.712493896484375 125.6999969482421875 123.88124847412109375 121.2312469482421875 117.4562530517578125 113.625 112.84375 116.4250030517578125 120.63124847412109375 124.28749847412109375 127.11875152587890625 128.4499969482421875 129.962493896484375 131.587493896484375 132.368743896484375 131.993743896484375 126.94374847412109375 119.2375030517578125 113.2062530517578125 107.9250030517578125 104.4250030517578125 100.96250152587890625 97.9499969482421875 97.7312469482421875 98.88124847412109375 99.5187530517578125 96.03125 92.05625152587890625 87.15625 81.93125152587890625 76.5187530517578125 71.24375152587890625 67.2624969482421875 63.41249847412109375 59.581249237060546875 57 54.168750762939453125 50.84999847412109375 49.862499237060546875 49.50624847412109375 49.15000152587890625
146.162506103515625 142 138.493743896484375 135.7937469482421875 132.875 131.068756103515625 128.6687469482421875 125.46250152587890625 123.41249847412109375 122.84999847412109375 124.81874847412109375 127.625 131.7687530517578125 133.78125 134.3249969482421875 134.28125 134.0500030517578125 132.59375 130.287506103515625 125.6374969482421875 117.97499847412109375 111.3312530517578125 105.78125 102.36875152587890625 98.4250030517578125 94.9562530517578125 94.6750030517578125 95.43125152587890625 96.08750152587890625 93.0437469482421875 89.13124847412109375 84.84999847412109375 79.75624847412109375 74.28125 69.38124847412109375 65.9875030517578125 62.043750762939453125 58.137500762939453125 54.981250762939453125 51.90625 48.84375 47.825000762939453125 46.893749237060546875 46.331249237060546875
152.6062469482421875 148.4375 144.787506103515625 141.71875 139.7375030517578125 138.90625 137.087493896484375 133.9375 132.34375 132.412506103515625 133.9375 136.587493896484375 139.431243896484375 141.181243896484375 139.7375030517578125 137.9875030517578125 135.6062469482421875 132.4499969482421875 128.4187469482421875 123.33750152587890625 116.4187469482421875 109.4812469482421875 103.65625 98.88124847412109375 96.0749969482421875 92.4875030517578125 91.6125030517578125 91.4250030517578125 91.11249542236328125 88.625 85.4250030517578125 82.1374969482421875 77.3874969482421875 72.25624847412109375 67.4812469482421875 63.96875 60.331249237060546875 56.612499237060546875 53.6875 50.393749237060546875 47.21875 45.81874847412109375 44.77500152587890625 44.11875152587890625
158.7062530517578125 154.2624969482421875 150.8937530517578125 148.537506103515625 146.6374969482421875 146.1875 145.2687530517578125 142.756256103515625 141.537506103515625 142.3562469482421875 144.006256103515625 146.037506103515625 146.399993896484375 146.4250030517578125 144.306243896484375 141.087493896484375 137.712493896484375 132.8562469482421875 127.94374847412109375 122.6687469482421875 114.90000152587890625 108.0500030517578125 102.71250152587890625 98.33750152587890625 95.0437469482421875 91.2937469482421875 89.6999969482421875 88.66249847412109375 87.59375 85.4250030517578125 82.7312469482421875 80.03749847412109375 75.59375 70.9187469482421875 66.5 63.28749847412109375 59.91249847412109375 56.512500762939453125 53.47499847412109375 50.22499847412109375 47.03749847412109375 45.36875152587890625 43.987499237060546875 42.96875
164.5749969482421875 160.40625 157.399993896484375 154.8125 153.3000030517578125 152.625 151.587493896484375 150.25 149.8312530517578125 151.3937530517578125 153.3874969482421875 154.3249969482421875 153.193756103515625 150.6875 148.0187530517578125 144.162506103515625 139.84375 134.6437530517578125 128.931243896484375 122.6062469482421875 113.1750030517578125 106.5 101.8625030517578125 97.78749847412109375 93.3874969482421875 88.90625 87.03125 85.80625152587890625 84.5187530517578125 82.0812530517578125 79.78125 77.4250030517578125 73.21875 69.0437469482421875 65.06874847412109375 62.549999237060546875 59.768749237060546875 56.71875 53.643749237060546875 50.1875 46.83750152587890625 45.13124847412109375 43.168750762939453125 41.06874847412109375
169.287506103515625 165.1687469482421875 162.1875 159.90625 158.100006103515625 157.5437469482421875 156.743743896484375 156.725006103515625 157.84375 159.2624969482421875 160.243743896484375 159.712493896484375 157.9812469482421875 154.84375 150.693756103515625 147.34375 142.5 136.350006103515625 130.0437469482421875 123.43125152587890625 114.375 106.90625 101.0437469482421875 96.2312469482421875 91.4812469482421875 86.9250030517578125 85.0437469482421875 82.84999847412109375 80.84999847412109375 78.53125 76.6062469482421875 74.46875 70.8562469482421875 66.9375 63.625 61.506252288818359375 59.38124847412109375 57.09375 54.28125 51.043750762939453125 46.893749237060546875 43.893749237060546875 41.456249237060546875 39.793750762939453125
172.931243896484375 168.774993896484375 166.350006103515625 164.100006103515625 162.625 162.087493896484375 162.368743896484375 162.681243896484375 163.806243896484375 164.7937469482421875 165.493743896484375 164.462493896484375 161.8125 158.65625 154.1875 150.65625 145.25 138.8000030517578125 132.3312530517578125 126.48125457763671875 117.125 108.78749847412109375 101.55625152587890625 96.19374847412109375 91.3312530517578125 86.55625152587890625 84.1750030517578125 81.69374847412109375 79.0749969482421875 76.15000152587890625 73.90000152587890625 72.1374969482421875 68.80625152587890625 65.3125 62.33750152587890625 60.068752288818359375 58.543750762939453125 57.11875152587890625 54.737499237060546875 50.63124847412109375 45.512500762939453125 42.700000762939453125 40.674999237060546875 39.30625152587890625
175.2375030517578125 171.46875 169.3874969482421875 167.912506103515625 166.618743896484375 166.6687469482421875 167.162506103515625 167.1062469482421875 168.256256103515625 170.0500030517578125 170.368743896484375 168.5437469482421875 165.59375 161.993743896484375 157.818756103515625 152.868743896484375 147.4187469482421875 141.6374969482421875 135.181243896484375 129.118743896484375 119.8874969482421875 110.50624847412109375 102.38124847412109375 96.5437469482421875 91.59999847412109375 87.2062530517578125 84.31874847412109375 81.1687469482421875 77.625 73.96875 71.4250030517578125 69.33750152587890625 65.69374847412109375 62.362499237060546875 59.33750152587890625 57.59999847412109375 56.862499237060546875 56.36875152587890625 54.450000762939453125 49.799999237060546875 44.018749237060546875 41.40000152587890625 39.612499237060546875 38.03749847412109375
176.8312530517578125 173.5749969482421875 170.9187469482421875 170.087493896484375 169.600006103515625 169.5562591552734375 170.6062469482421875 171.6750030517578125 173.4812469482421875 174.7375030517578125 175.024993896484375 172.318756103515625 168.875 164.899993896484375 160.818756103515625 155.5187530517578125 148.8562469482421875 143.21875 137.8125 131.774993896484375 122.16249847412109375 112.28125 103.47499847412109375 97.2375030517578125 92.25 88.11875152587890625 85.2062530517578125 81.0625 75.88124847412109375 71.61875152587890625 68.78749847412109375 66.9499969482421875 62.77500152587890625 58.375 54.96250152587890625 53.825000762939453125 54.299999237060546875 55.68125152587890625 55.706249237060546875 49.36875152587890625 42.36875152587890625 39.84999847412109375 37.97499847412109375 37.02500152587890625
176.774993896484375 173.931243896484375 171.6374969482421875 171.2062530517578125 170.962493896484375 171.868743896484375 172.8874969482421875 173.631256103515625 175.4937591552734375 177.6999969482421875 178.649993896484375 175.931243896484375 171.8562469482421875 167.881256103515625 163.4250030517578125 157.84375 151.274993896484375 143.8937530517578125 140.1750030517578125 134.537506103515625 125.16249847412109375 114.84375 105.43125152587890625 99.25624847412109375 94.2062530517578125 90.0812530517578125 87.59999847412109375 81.9499969482421875 75.1437530517578125 69.80625152587890625 66.3937530517578125 64.38124847412109375 60.793750762939453125 56.75624847412109375 52.18125152587890625 48.856250762939453125 51.18125152587890625 53.575000762939453125 52.93125152587890625 48.075000762939453125 41.549999237060546875 38.97499847412109375 37.325000762939453125 36.450000762939453125
175.537506103515625 172.9875030517578125 171.568756103515625 171.3562469482421875 171.524993896484375 172.84375 173.943756103515625 175.6374969482421875 178.006256103515625 180.5500030517578125 181.006256103515625 177.725006103515625 174.399993896484375 171.037506103515625 166.0749969482421875 160.1374969482421875 153.71875 146.5749969482421875 140.9375 136.1437530517578125 127.5500030517578125 118.2312469482421875 107.05625152587890625 101.13124847412109375 96.43125152587890625 92.05625152587890625 88.61875152587890625 82.9375 75.50624847412109375 69.09999847412109375 64.46250152587890625 64.16249847412109375 61.668750762939453125 57.262500762939453125 52.19374847412109375 49.518749237060546875 50.27500152587890625 50.81874847412109375 49.737499237060546875 45.6875 40.47499847412109375 38.11875152587890625 36.53749847412109375 35.78749847412109375
