data/historical-monthly-weather-data/wc2.1_cruts4.09_10m_prec_2024-09.asc
ncols        45
nrows        45
xllcorner    -63.500000000000
yllcorner    -7.500000000000
cellsize     0.166666666667
NODATA_value -9999
[rows 0 to 18 of 45, columns 0 to 43 of 45]
199.96875 199.274993896484375 199.9250030517578125 204.1750030517578125 205.431243896484375 204.1374969482421875 197.5812530517578125 189.0749969482421875 183.1062469482421875 177.8937530517578125 175.1437530517578125 173.506256103515625 171.8249969482421875 167.9562530517578125 164.837493896484375 160.587493896484375 157.9375 152.337493896484375 148.100006103515625 142.8562469482421875 138.7624969482421875 132.681243896484375 127.81874847412109375 122.7312469482421875 117.21875 113.7375030517578125 111.34375 108.9562530517578125 105.28749847412109375 102.7375030517578125 99.4375 97.34375 97.1687469482421875 95.375 94.1437530517578125 91.68125152587890625 89.96875 87.84375 83.90000152587890625 79.99375152587890625 76.1875 71.8562469482421875 66.69374847412109375 61.9375
189.681243896484375 188.53125 192.8000030517578125 200.5 208.693756103515625 202.693756103515625 193.6999969482421875 188.587493896484375 182.5812530517578125 176.7624969482421875 173.0625 170.0500030517578125 167.28125 162.087493896484375 158.4187469482421875 155.368743896484375 151.256256103515625 146.625 142.15625 137.618743896484375 132.90625 129.15625 124.4375 120.33750152587890625 114.27500152587890625 110.4499969482421875 108.72499847412109375 106.78125 102.59999847412109375 100.33750152587890625 98.00624847412109375 97.1062469482421875 96.21875 95.9375 95.02500152587890625 91.8937530517578125 89.2624969482421875 86.59375 81.78125 77.0812530517578125 72.6875 67.8625030517578125 62.78749847412109375 56.96875
173.931243896484375 175.3000030517578125 180.125 188.6687469482421875 196.274993896484375 194.556243896484375 188.618743896484375 183.8874969482421875 179.6750030517578125 175.09375 171.59375 168.068756103515625 164.8937530517578125 159.274993896484375 154.399993896484375 151.4187469482421875 146.774993896484375 142.3562469482421875 137.899993896484375 133.7312469482421875 129.274993896484375 125 121.09999847412109375 117.125 111.46250152587890625 106.8125 106.4250030517578125 103.80625152587890625 100.1374969482421875 97.81874847412109375 95.3125 94.375 94.7624969482421875 94.4187469482421875 93.59375 89.8562469482421875 86.78749847412109375 83.97499847412109375 79.1687469482421875 74.41249847412109375 69.72499847412109375 64.33750152587890625 59.393749237060546875 53.75624847412109375
155.600006103515625 157.743743896484375 167.618743896484375 173.96875 180.337493896484375 180.931243896484375 179.600006103515625 179.78125 177.8125 174.96875 170.96875 167.024993896484375 161.3125 156.5187530517578125 151.40625 147.399993896484375 143.225006103515625 138.90625 135.78125 132.4499969482421875 127.875 122.15625 117.08750152587890625 113.0500030517578125 107.11875152587890625 102.9375 101.6437530517578125 98.0124969482421875 95.40000152587890625 94.0124969482421875 92.65000152587890625 91.1125030517578125 90.68125152587890625 90.3249969482421875 89.03125 87.1062469482421875 84.61875152587890625 81.4187469482421875 76.75624847412109375 71.11875152587890625 65.6374969482421875 60.143749237060546875 54.981250762939453125 49.71250152587890625
154.037506103515625 151.5187530517578125 152.3562469482421875 157.8249969482421875 166.806243896484375 169.96875 170.6750030517578125 173.056243896484375 174.1062469482421875 172.4499969482421875 168.9812469482421875 162.993743896484375 158.306243896484375 154.993743896484375 149.8312530517578125 145.056243896484375 140.131256103515625 135.71875 132.4375 128.3625030517578125 125.03125 117.8562469482421875 113.3125 109.0437469482421875 103.2375030517578125 98.8874969482421875 95.91249847412109375 93.53125 90.98125457763671875 89.24375152587890625 88.46875 86.61875152587890625 85.71875 85.8000030517578125 85.4562530517578125 82.91249847412109375 80.3312530517578125 77.8312530517578125 73.25 67.5749969482421875 61.706249237060546875 55.93125152587890625 50.41249847412109375 45.481250762939453125
152.475006103515625 149.1437530517578125 147.181243896484375 144.7062530517578125 153.3249969482421875 162.037506103515625 165.4250030517578125 166.8937530517578125 167.9375 168.2375030517578125 164.600006103515625 158.693756103515625 154.5500030517578125 151.6999969482421875 146.306243896484375 142.649993896484375 138.131256103515625 133.399993896484375 130.024993896484375 126.8249969482421875 121.5437469482421875 115.21250152587890625 110.0187530517578125 104.6999969482421875 99.875 95.01874542236328125 91.8937530517578125 89.96875 87.18125152587890625 84.93125152587890625 83.74375152587890625 83.8874969482421875 82.81874847412109375 82.25 81.28749847412109375 79.81874847412109375 77.53125 75.8562469482421875 71.84999847412109375 66.0187530517578125 58.52500152587890625 52.97499847412109375 47.737499237060546875 43.28125
153.1875 150.2375030517578125 147.7687530517578125 145.0437469482421875 148.0124969482421875 151.375 156.337493896484375 159.8125 159.5562591552734375 158.212493896484375 156.7312469482421875 152.9499969482421875 150.162506103515625 147.181243896484375 143.0437469482421875 139.818756103515625 136.212493896484375 132.975006103515625 129.09375 124.81874847412109375 118.58750152587890625 112.24375152587890625 105.65625 100.2062530517578125 95.9812469482421875 91.78125 88.8562469482421875 86.7062530517578125 83.3874969482421875 80.69374847412109375 79.5187530517578125 78.5625 77.9562530517578125 77.81874847412109375 77.15000152587890625 75.00624847412109375 73.25 72.7687530517578125 70.15000152587890625 63.05625152587890625 55.47499847412109375 49.674999237060546875 44.80625152587890625 40.88124847412109375
154.5812530517578125 151.3874969482421875 148.96875 149.024993896484375 151.5500030517578125 154.875 154.6750030517578125 150.9812469482421875 147.5500030517578125 147.3125 148.65625 146.943756103515625 145.2375030517578125 142.5625 140.34375 136.3562469482421875 133.3000030517578125 131.193756103515625 127.9875030517578125 121.78749847412109375 115.8625030517578125 108.96250152587890625 102.3125 96.3249969482421875 91.7312469482421875 87.66249847412109375 84.40000152587890625 81.63124847412109375 79.09375 76.40625 74.96250152587890625 73.65625 72.84999847412109375 72.9375 71.5500030517578125 69.4187469482421875 67.71875 66.55625152587890625 62.68125152587890625 56.63124847412109375 49.78125 44.543750762939453125 40.293750762939453125 36.55625152587890625
157.381256103515625 155.1875 154.0437469482421875 153.90625 155.7062530517578125 156.9499969482421875 156.3625030517578125 152.53125 146.4562530517578125 141.975006103515625 142.9812469482421875 141.75 141.9499969482421875 139.3000030517578125 137.2375030517578125 134.09375 131.2937469482421875 129.1687469482421875 126.80625152587890625 120.46250152587890625 112.96875 106.72499847412109375 98.53749847412109375 93.81874847412109375 88.4375 83.56874847412109375 80.41249847412109375 78.33750152587890625 76.59375 73.63124847412109375 72.5 69.40625 67.1437530517578125 65.3937530517578125 64.08750152587890625 63.05625152587890625 61.78125 59.9375 55.47499847412109375 50.03749847412109375 44.125 39.481250762939453125 35.825000762939453125 32.65000152587890625
158.5 157.193756103515625 156.693756103515625 156.6750030517578125 159.181243896484375 160.181243896484375 159.15625 154.5625 149.381256103515625 145.475006103515625 143.2937469482421875 139.975006103515625 138.8625030517578125 137.3937530517578125 134.3000030517578125 132.2312469482421875 128.5625 126.1062469482421875 123.59375 119.1750030517578125 111.875 103.8249969482421875 95.25 89.6999969482421875 83.5437469482421875 78.8625030517578125 76.2375030517578125 74.36875152587890625 72.80625152587890625 70.59375 67.71875 64.21875 61.47499847412109375 59.918750762939453125 58.38124847412109375 56.90625 55.71875 53.6875 48.862499237060546875 43.91249847412109375 38.768749237060546875 34.94374847412109375 30.893749237060546875 28.024999618530273438
161.78125 160.618743896484375 160.25 159.9812469482421875 161.65625 163.725006103515625 162.65625 155.881256103515625 149.625 145.7624969482421875 143.59375 140.837493896484375 137.2624969482421875 134.006256103515625 130.3874969482421875 127.7062530517578125 123.75 121.31874847412109375 118.88124847412109375 115.78125 110.8125 102.86875152587890625 93.59375 84.125 79.125 76.68125152587890625 74.3874969482421875 71.5749969482421875 68.99375152587890625 66.34375 63.46875 59.831249237060546875 56.987499237060546875 54.71250152587890625 52.81874847412109375 51.03125 49.487499237060546875 47.31874847412109375 43.375 38.38124847412109375 33.43125152587890625 29.893749237060546875 26.987499237060546875 23.96875
162.912506103515625 161.8937530517578125 161.6062469482421875 162.493743896484375 163.818756103515625 165.037506103515625 164.6999969482421875 158.100006103515625 150.375 144.818756103515625 142.25 139.8937530517578125 134.1437530517578125 129.0749969482421875 126.93125152587890625 123.4499969482421875 120.00624847412109375 116.40625 114.1374969482421875 113.1999969482421875 110.1687469482421875 102.36875152587890625 92.4499969482421875 82.16249847412109375 76.21875 72.6687469482421875 69.9499969482421875 67.40000152587890625 64.3937530517578125 61.71875 58.575000762939453125 55.075000762939453125 52.25 50.331249237060546875 48.987499237060546875 47 45.03749847412109375 42.83750152587890625 38.24375152587890625 33.293750762939453125 28.8125 25.524999618530273438 23.087499618530273438 20.456249237060546875
162.7375030517578125 161.78125 160.9499969482421875 160.381256103515625 160.5124969482421875 160.8000030517578125 158.7937469482421875 153.037506103515625 147.5749969482421875 142.774993896484375 138.8937530517578125 136.5625 131.7312469482421875 123.72499847412109375 119.75624847412109375 117.49375152587890625 114.15000152587890625 111.22499847412109375 109.40000152587890625 108.2312469482421875 106.16249847412109375 99.8937530517578125 90.3874969482421875 80.9812469482421875 72.78125 68.3874969482421875 66.34999847412109375 64.1999969482421875 61.56874847412109375 58.25624847412109375 54.25 50.53125 48.012500762939453125 45.56874847412109375 44.018749237060546875 42.65625 41.668750762939453125 39.96875 36.24375152587890625 30.5 25.331249237060546875 22.774999618530273438 20.299999237060546875 16.5625
161.274993896484375 159.850006103515625 157.681243896484375 156.3312530517578125 156.131256103515625 154.1875 151.125 147.2937469482421875 142.3937530517578125 138.5749969482421875 133.693756103515625 128.9375 124.3874969482421875 117.78749847412109375 111.625 109.96875 107.09999847412109375 104.05625152587890625 101.5500030517578125 100.5 98.3312530517578125 92.55625152587890625 85.625 79.31874847412109375 72.41249847412109375 67.0812530517578125 64.24375152587890625 61.375 58.09375 54.668750762939453125 51.418750762939453125 47.293750762939453125 44.24375152587890625 41.731250762939453125 40.28125 39.88124847412109375 39.924999237060546875 39.762500762939453125 36.78125 31.799999237060546875 24.756250381469726562 20.4375 18.262500762939453125 16.168750762939453125
158.6374969482421875 156.100006103515625 153.3249969482421875 151.662506103515625 151.0437469482421875 146.568756103515625 144.350006103515625 140.1750030517578125 135.506256103515625 132.649993896484375 127.03125 121.88124847412109375 116.5812530517578125 110.36875152587890625 103.41249847412109375 99.9875030517578125 97.96250152587890625 96.13124847412109375 93.33750152587890625 92.44374847412109375 90.9187469482421875 87.33750152587890625 82.77500152587890625 78.8937530517578125 74.8249969482421875 70.06874847412109375 65.93125152587890625 61.200000762939453125 56.768749237060546875 53.19374847412109375 48.44374847412109375 44.299999237060546875 41.737499237060546875 39.049999237060546875 36.68125152587890625 37.237499237060546875 39.487499237060546875 41.96875 40.893749237060546875 35.487499237060546875 29.024999618530273438 23.862499237060546875 20.793750762939453125 18.006250381469726562
154.368743896484375 151.2312469482421875 149 146.75 144.28125 141.21875 137.7687530517578125 133.3249969482421875 129.6750030517578125 126.96875 121.3625030517578125 115.1999969482421875 109.28125 103.4250030517578125 96.9499969482421875 91.11875152587890625 88.9250030517578125 88.34375 86.1125030517578125 85.69374847412109375 84.15000152587890625 82.88124847412109375 81.4499969482421875 80.18125152587890625 77.375 72.24375152587890625 66.80625152587890625 61.81874847412109375 57.24375152587890625 52.59375 48.72499847412109375 43.80625152587890625 40.268749237060546875 37.90625 34.88124847412109375 36.96250152587890625 41.118747711181640625 43.893749237060546875 44.731250762939453125 40.61875152587890625 35.231250762939453125 28.787500381469726562 23.456249237060546875 19.350000381469726562
148.193756103515625 145.693756103515625 144.0812530517578125 141.90625 139 136.0812530517578125 132.3937530517578125 128.556243896484375 124.8937530517578125 121.19374847412109375 116.49375152587890625 109.99375152587890625 102.96250152587890625 96.65625 92.00624847412109375 87.02500152587890625 81.65625 80.4562530517578125 80 79.49375152587890625 78.18125152587890625 78.11875152587890625 79.4875030517578125 81.18125152587890625 80.05625152587890625 73.6125030517578125 67.6750030517578125 62.46250152587890625 57.825000762939453125 53.487499237060546875 50.34999847412109375 47.206249237060546875 43.018749237060546875 39.875 39.762500762939453125 40.78749847412109375 43.52500152587890625 48.856250762939453125 52.71875 45.83750152587890625 37.8125 30.756250381469726562 24.456249237060546875 20.543750762939453125
142.25 140.3937530517578125 137.7687530517578125 135.78125 134.1875 131.568756103515625 127.52500152587890625 123.24375152587890625 120.2624969482421875 115.9187469482421875 111.06874847412109375 104.77500152587890625 97.81874847412109375 91.65625 86.98125457763671875 82.8625030517578125 78.1374969482421875 73.41249847412109375 74.16249847412109375 73.3874969482421875 73.02500152587890625 72.8249969482421875 74.96250152587890625 78.0625 78.4812469482421875 73.1875 68.3562469482421875 63.350002288818359375 58.231250762939453125 53.21875 49.65000152587890625 46.606250762939453125 47.15625 47.71250152587890625 45.643749237060546875 43.50624847412109375 47.237499237060546875 51.38124847412109375 51.34999847412109375 45.643749237060546875 36.518749237060546875 29.668750762939453125 24.162500381469726562 21.075000762939453125
136.100006103515625 133.931243896484375 131.318756103515625 130.1875 128.4562530517578125 126.25624847412109375 122.5124969482421875 119.59999847412109375 116.21875 111.9562530517578125 106.875 100.1750030517578125 93.03125 87.1999969482421875 82.15625 79.09999847412109375 75.4499969482421875 70.34999847412109375 68.28749847412109375 67.61875152587890625 68.90625 72.69374847412109375 69.38124847412109375 72.08750152587890625 73.9250030517578125 72.9812469482421875 69.66249847412109375 64.52500152587890625 60.77500152587890625 55.11875152587890625 50.55625152587890625 50.981250762939453125 55.362499237060546875 55.893749237060546875 54.53125 52.049999237060546875 51.362499237060546875 50.50624847412109375 47.66249847412109375 41.512500762939453125 33.893749237060546875 28.087499618530273438 23.575000762939453125 20.918750762939453125
