data/historical-monthly-weather-data/wc2.1_cruts4.09_10m_prec_1968-05.asc
ncols        45
nrows        45
xllcorner    -63.500000000000
yllcorner    -7.500000000000
cellsize     0.166666666667
NODATA_value -9999
[rows 20 to 39 of 45, columns 0 to 43 of 45]
207.7624969482421875 224.600006103515625 239.4499969482421875 250.7687530517578125 261.96875 280.625 295.962493896484375 307.10626220703125 313.14373779296875 314.443756103515625 316.89373779296875 319.95001220703125 317.15625 313.412506103515625 306.04998779296875 301.475006103515625 291.79998779296875 293.41876220703125 303.98748779296875 309.73748779296875 329.693756103515625 347.837493896484375 362.95001220703125 366.449981689453125 365.274993896484375 354.806243896484375 334.35626220703125 322.23126220703125 311.51873779296875 302.068756103515625 296.837493896484375 296.57501220703125 292.38751220703125 292.39373779296875 298.568756103515625 308.0625 314.90625 317.225006103515625 312.35626220703125 303.10626220703125 294.41876220703125 285.431243896484375 281.70623779296875 285.28125
195.475006103515625 205.59375 224.068756103515625 242.1437530517578125 254.90625 270.3125 288.4375 303.88751220703125 311.350006103515625 314.024993896484375 315.26251220703125 314.568756103515625 310.837493896484375 305.912506103515625 304.95623779296875 298.04998779296875 304.3125 304.0625 313.45001220703125 317.38751220703125 323.962493896484375 339.4375 354.01251220703125 352.04376220703125 344.4375 341.01873779296875 335.08123779296875 322.556243896484375 319.381256103515625 311.88751220703125 300.587493896484375 291.08123779296875 291.86248779296875 295.337493896484375 295.36248779296875 298.881256103515625 305.493743896484375 307.60626220703125 302.84375 295.131256103515625 289.024993896484375 281.868743896484375 278.11248779296875 279.26873779296875
183.8625030517578125 200.375 217.78125 236.0625 249.40625 263.96875 273.524993896484375 290.568756103515625 305.82501220703125 310.412506103515625 309.66876220703125 307.84375 309.087493896484375 305.20623779296875 304.64373779296875 301.875 302.92498779296875 306.59375 312.54376220703125 318.01251220703125 327.60626220703125 333.04376220703125 343.274993896484375 340.17498779296875 339.899993896484375 335.04998779296875 324.51873779296875 320.725006103515625 318.256256103515625 308.95623779296875 295.60626220703125 289.993743896484375 294.0625 295.475006103515625 297.087493896484375 291.26873779296875 292.087493896484375 296.73748779296875 298.0625 290.931243896484375 283.10626220703125 277.71875 273.70001220703125 273.95001220703125
169.25 187.5500030517578125 207.78125 224.3562469482421875 237.5374908447265625 249.5749969482421875 268.53125 283.23748779296875 291.95001220703125 296.118743896484375 299.45623779296875 305.131256103515625 305.375 305.59375 303.20623779296875 301.29376220703125 302.462493896484375 309.412506103515625 317.431243896484375 325.15625 328.32501220703125 334.40625 339.243743896484375 341.54376220703125 336.625 326.243743896484375 319.75 316.5625 316.16876220703125 313.287506103515625 307.618743896484375 303.056243896484375 306.774993896484375 305.70623779296875 303.98748779296875 292.9375 296.26873779296875 296.48748779296875 293.86248779296875 287.82501220703125 279 275.65625 272.76873779296875 269.90625
158.8937530517578125 177.556243896484375 196.162506103515625 216.1062469482421875 231.9187469482421875 245.53125 257.143768310546875 272.037506103515625 279.899993896484375 286.962493896484375 290.51873779296875 293.98126220703125 299.337493896484375 299.82501220703125 297.88751220703125 299.51873779296875 305.26251220703125 311.925018310546875 318.28125 326.48748779296875 333.600006103515625 336.03125 342.693756103515625 341.631256103515625 335.681243896484375 334.70001220703125 327.475006103515625 324.73748779296875 322.587493896484375 324.600006103515625 320.024993896484375 322.212493896484375 323.61248779296875 320.45623779296875 310.57501220703125 301.54998779296875 300.387481689453125 293.399993896484375 289.037506103515625 283.26873779296875 276.36248779296875 271.01873779296875 268.01251220703125 262.39373779296875
152.7312469482421875 172.21875 186.212493896484375 204.868743896484375 217.962493896484375 230.53125 241.600006103515625 255.337493896484375 260.693756103515625 265.212493896484375 277.04376220703125 284.475006103515625 286.90625 289.71875 295.618743896484375 298.34375 305 312.58123779296875 319.412506103515625 326.38751220703125 333.75 336.618743896484375 343.10626220703125 337.90625 336.943756103515625 335.11248779296875 335.98748779296875 332.82501220703125 329.29376220703125 331.89373779296875 334.26873779296875 344.82501220703125 346.631256103515625 333.350006103515625 319.131256103515625 310.287506103515625 301.54998779296875 294.40625 283.056243896484375 276.193756103515625 270.662506103515625 263.23126220703125 257.16876220703125 254.96875
144.96875 157.2312469482421875 172.818756103515625 188.524993896484375 200.9375 213.556243896484375 224.368743896484375 234.09375 242.162506103515625 255.3062591552734375 265.725006103515625 270.787506103515625 277.274993896484375 282.993743896484375 289.431243896484375 295.88751220703125 300.556243896484375 306.36248779296875 319.899993896484375 326.181243896484375 330.48748779296875 335.756256103515625 342.287506103515625 342.868743896484375 341.375 340.149993896484375 339.649993896484375 335.88751220703125 333.431243896484375 332.75 340.212493896484375 350.66876220703125 358.693756103515625 339.73126220703125 321.03125 309.087493896484375 303.23748779296875 291.89373779296875 280.493743896484375 273.33123779296875 266.26251220703125 259.40625 253.931243896484375 248.9499969482421875
137.975006103515625 146.0124969482421875 159.024993896484375 170.912506103515625 183.493743896484375 196.96875 208.850006103515625 217.243743896484375 228.024993896484375 241.28125 251.2624969482421875 257.35626220703125 265.29998779296875 271.831268310546875 281.1875 285.59375 294.59375 306.98748779296875 320.70001220703125 329.15625 333.881256103515625 337.04376220703125 347.39373779296875 345.73126220703125 344.92498779296875 341.125 340.45623779296875 335.84375 333.75 333.868743896484375 338.13751220703125 344.056243896484375 346.475006103515625 332.89373779296875 320.91876220703125 308.84375 298.53125 290.79376220703125 281.850006103515625 270.993743896484375 261.71875 257.79376220703125 253.056243896484375 249.818756103515625
129.1687469482421875 135.149993896484375 144.9749908447265625 155.7687530517578125 166.875 176.5749969482421875 187.0187530517578125 200.1374969482421875 215.006256103515625 225.7937469482421875 237 246.0625 254.1062469482421875 264.66876220703125 276.76251220703125 286.887481689453125 296.1875 306.66876220703125 318.537506103515625 328.53125 334.600006103515625 338.01873779296875 345.8125 343.712493896484375 341.90625 334.98748779296875 334.23126220703125 332.35626220703125 329.306243896484375 327.03125 329.056243896484375 328.431243896484375 327.32501220703125 319.568756103515625 314.649993896484375 304.212493896484375 295.53125 285.4375 276.756256103515625 266.100006103515625 253.15625 247.1999969482421875 248.2312469482421875 251.350006103515625
124.74375152587890625 127.66249847412109375 133.9562530517578125 140.34375 148.53125 160.40625 171.568756103515625 186.5500030517578125 199.787506103515625 209.6999969482421875 222.568756103515625 233.4187469482421875 243.8937530517578125 256.568756103515625 269.068756103515625 280.162506103515625 289.89373779296875 305.20001220703125 315.34375 321.84375 328.64373779296875 335.60626220703125 342.225006103515625 337.6875 331.068756103515625 330.76873779296875 324.46875 316.73126220703125 312.975006103515625 311.78125 313.287506103515625 310.3125 309.42498779296875 307.01873779296875 304.475006103515625 293.725006103515625 291.45001220703125 283.26873779296875 273.45001220703125 268.98126220703125 260.92498779296875 253.8937530517578125 249.65625 247.837493896484375
120.78125 120.5 123.7062530517578125 129.2375030517578125 136.1999969482421875 147.212493896484375 160.274993896484375 172.7624969482421875 185.875 198.0187530517578125 210.931243896484375 221.3249969482421875 235.962493896484375 246.21875 259.07501220703125 272.84375 285.087493896484375 297.42498779296875 309.5 319.493743896484375 322.412506103515625 327.23126220703125 333.862518310546875 325.8125 319.0625 320.86248779296875 312.243743896484375 301.98748779296875 297.568756103515625 295.11248779296875 297.375 292.537506103515625 291.975006103515625 292.04376220703125 290.16876220703125 280.57501220703125 278.84375 276.45001220703125 272.38751220703125 266.67498779296875 264.20001220703125 256.881256103515625 251.7687530517578125 246.0500030517578125
114.84375 112.28749847412109375 114.5124969482421875 119.0625 125.5 135.0687408447265625 149.3249969482421875 159.4187469482421875 171.912506103515625 183.693756103515625 196.5187530517578125 206.8687591552734375 221.3125 235.9562530517578125 248.443756103515625 263.443756103515625 272.243743896484375 283.53125 295.45623779296875 306.287506103515625 308.493743896484375 314.20623779296875 319.42498779296875 313.71875 312.024993896484375 308.20001220703125 299.39373779296875 287.149993896484375 278.16876220703125 277.681243896484375 274.975006103515625 273.087493896484375 272.23126220703125 273.1875 274.34375 267.98126220703125 265.76873779296875 265.70001220703125 262.274993896484375 263.743743896484375 262.087493896484375 257.51251220703125 253.962493896484375 252.943756103515625
111.875 109.5812530517578125 110.46250152587890625 114.15000152587890625 117.65000152587890625 125.53749847412109375 136.631256103515625 146.1437530517578125 158.0437469482421875 171.125 187.131256103515625 198.4562530517578125 212.5500030517578125 228.7062530517578125 239.618743896484375 249.8125 258.51873779296875 272.13751220703125 279.931243896484375 289.3125 290.46875 297.087493896484375 299.73126220703125 297.225006103515625 294.399993896484375 291.48126220703125 280.556243896484375 269.76251220703125 258.681243896484375 256.66876220703125 255.837493896484375 253.431243896484375 251.368743896484375 256.543731689453125 257.28125 256.75 252.4562530517578125 253.3562469482421875 251.4812469482421875 256.78125 255.850006103515625 255.587493896484375 254.2687530517578125 256.29998779296875
109.69374847412109375 106.7687530517578125 107.9562530517578125 109.81874847412109375 112.7375030517578125 118.2375030517578125 125.9250030517578125 133.1437530517578125 143.8874969482421875 156.600006103515625 171.524993896484375 186.9875030517578125 200.556243896484375 214.524993896484375 226.6875 238.59375 248.0187530517578125 258.8125 263.5 269.23126220703125 273.9375 280.0625 282.350006103515625 277.20001220703125 274.837493896484375 270.08123779296875 258.91876220703125 247.8937530517578125 240.03125 237.9499969482421875 237.1875 235.181243896484375 235.0437469482421875 236.850006103515625 239.850006103515625 239.3249969482421875 239.087493896484375 236.881256103515625 240.0437469482421875 243.8937530517578125 244.1999969482421875 248.40625 252.6687469482421875 256.3125
107.03125 104.25624847412109375 104.9875030517578125 106.5124969482421875 108.34375 112.25624847412109375 116.00624847412109375 121.8562469482421875 129.774993896484375 142.193756103515625 157.7937469482421875 173.787506103515625 191.2937469482421875 208.0437469482421875 218.743743896484375 228.3874969482421875 236.0124969482421875 245.2375030517578125 249.25 250.943756103515625 254.931243896484375 257.899993896484375 261.73126220703125 256.524993896484375 252.9437408447265625 248.4187469482421875 241.149993896484375 232.0187530517578125 224.037506103515625 223.03125 220.8874969482421875 218.9875030517578125 216.881256103515625 219.568756103515625 216.693756103515625 218.6062469482421875 217.2312469482421875 223.068756103515625 226.649993896484375 229.399993896484375 231.3937530517578125 233.6437530517578125 238.7687530517578125 245.712493896484375
108.18125152587890625 106.3625030517578125 105.84375 106.3874969482421875 107.0437469482421875 109.5 111.3000030517578125 115.74375152587890625 122.34999847412109375 130.7624969482421875 143.4375 162.381256103515625 182.375 197.850006103515625 209.3874969482421875 217.475006103515625 224.0187530517578125 228.5749969482421875 233.75 234.087493896484375 237.087493896484375 239.1437530517578125 240.9562530517578125 236.9499969482421875 232.243743896484375 227 223.431243896484375 216.3000030517578125 207.0625 205.7375030517578125 204.9250030517578125 203.243743896484375 200.962493896484375 199.024993896484375 198.087493896484375 199.0437469482421875 205.506256103515625 206.5625 210.6750030517578125 217.5124969482421875 219.09375 224.600006103515625 227.649993896484375 233.837493896484375
110.1875 109.125 108.16249847412109375 108.1687469482421875 108.7937469482421875 109.1437530517578125 110.03749847412109375 111.27500152587890625 115.50624847412109375 118.8125 134.6062469482421875 159.5124969482421875 177.618743896484375 191.0187530517578125 200.4250030517578125 207.3874969482421875 211.318756103515625 213.7687530517578125 217.2312469482421875 215.3874969482421875 218.2375030517578125 219.7874908447265625 219.03125 215.1125030517578125 211.181243896484375 208.7312469482421875 204.21875 197.84375 190.5 190.4375 191.0625 190.8625030517578125 187.8874969482421875 183.3562469482421875 183.09375 187.131256103515625 191.6750030517578125 195.7062530517578125 198.4812469482421875 202.399993896484375 204.431243896484375 207.0749969482421875 215.1687469482421875 222.125
111.625 110.47499847412109375 110.5812530517578125 110.0187530517578125 111.0187530517578125 111.0749969482421875 111.08750152587890625 110.65625 113.7624969482421875 115.9375 138.5749969482421875 163.15625 176.7937469482421875 188.1125030517578125 194.6437530517578125 199.5124969482421875 201.6374969482421875 203.524993896484375 203.09375 202.2624969482421875 200.7062530517578125 201.087493896484375 199.931243896484375 196.03125 192.181243896484375 189.350006103515625 183.90625 182.818756103515625 178.381256103515625 177.056243896484375 176.5437469482421875 176.850006103515625 175.4562530517578125 170.1374969482421875 166.993743896484375 171.6374969482421875 178.524993896484375 182.3249969482421875 188.431243896484375 190.193756103515625 192.9499969482421875 196.2687530517578125 197.78125 200.756256103515625
107.3000030517578125 106.8125 107.56874847412109375 108.56874847412109375 108.6374969482421875 110.0500030517578125 112.375 115.6875 123.3874969482421875 137.774993896484375 163.962493896484375 175.0625 179.8625030517578125 187.4499969482421875 191.774993896484375 194.7624969482421875 196.462493896484375 196.1687469482421875 194.8874969482421875 191.399993896484375 186.600006103515625 183.149993896484375 182.40625 180.6125030517578125 176.006256103515625 173.25 171.78125 171.4749908447265625 166.8625030517578125 167.5812530517578125 165.243743896484375 161.5812530517578125 161.7937469482421875 160.962493896484375 162.4000091552734375 165.412506103515625 169.03125 175.100006103515625 176.3000030517578125 175.712493896484375 180.524993896484375 182.71875 182.256256103515625 186.4562530517578125
103.9250030517578125 103.77500152587890625 105.96250152587890625 107.6687469482421875 109.4562530517578125 111.91249847412109375 114.6687469482421875 122.41249847412109375 133.0500030517578125 147.631256103515625 163.149993896484375 174.9250030517578125 179.193756103515625 183.8000030517578125 188.8937530517578125 189.2312469482421875 188.743743896484375 186.59375 183.037506103515625 179.868743896484375 172.625 168.5187530517578125 164.131256103515625 162.443756103515625 160.568756103515625 159.6374969482421875 158.4562530517578125 158.3125 155.725006103515625 156.131256103515625 155.9875030517578125 156.2375030517578125 156.125 157.0437469482421875 158.6687469482421875 160.287506103515625 162.4562530517578125 167.3874969482421875 167.84375 164.1750030517578125 166.431243896484375 168.125 166.0749969482421875 166.5124969482421875
