data/historical-monthly-weather-data/wc2.1_cruts4.09_10m_prec_1983-04.asc
ncols        45
nrows        45
xllcorner    -63.500000000000
yllcorner    -7.500000000000
cellsize     0.166666666667
NODATA_value -9999
[rows 20 to 39 of 45, columns 0 to 43 of 45]
267.89373779296875 280.243743896484375 287.04998779296875 292.20623779296875 295.21875 300.20623779296875 303.57501220703125 301.73748779296875 297.662506103515625 289.774993896484375 279.29998779296875 266.693756103515625 254.631256103515625 244.2937469482421875 230.7624969482421875 219.100006103515625 209.5 203.3937530517578125 199.381256103515625 194.25 188.8625030517578125 181.287506103515625 172.993743896484375 169.443756103515625 168.681243896484375 167.8874969482421875 168.1750030517578125 168.4499969482421875 167.8562469482421875 169.03125 167.9812469482421875 166.0124969482421875 154.5500030517578125 141.4187469482421875 130.7375030517578125 136.537506103515625 146.693756103515625 154.2937469482421875 158.993743896484375 160.6750030517578125 160.1500091552734375 160.600006103515625 158.5 157.6750030517578125
255.649993896484375 264.86248779296875 272.21875 281.868743896484375 287.95623779296875 290.95001220703125 294.431243896484375 295.26251220703125 291.92498779296875 281.975006103515625 267.649993896484375 250.5749969482421875 236.756256103515625 226.931243896484375 218.8125 209.693756103515625 203.4499969482421875 197.2937469482421875 193.181243896484375 188.1062469482421875 180.649993896484375 174.462493896484375 169.868743896484375 167.5 167.287506103515625 169.712493896484375 177.5124969482421875 177.5500030517578125 176.2937469482421875 177.556243896484375 176.34375 173.1875 162.53125 151.9250030517578125 145.0437469482421875 146.412506103515625 153.0124969482421875 158.600006103515625 160.912506103515625 160.84375 159.7312469482421875 158.9375 156.4875030517578125 154.787506103515625
244.850006103515625 258.743743896484375 266.85626220703125 275.26873779296875 281.149993896484375 284.118743896484375 284.993743896484375 287.78125 290.04376220703125 275.493743896484375 256.01251220703125 235.65625 220.34375 212.6125030517578125 207.931243896484375 202.9562530517578125 196.868743896484375 190.5625 185.443756103515625 179.71875 174.024993896484375 168.6999969482421875 163.5812530517578125 162.243743896484375 164.4875030517578125 168.912506103515625 178.181243896484375 180.7375030517578125 180.8874969482421875 182.1750030517578125 183.15625 182.2125091552734375 175.0625 166.8000030517578125 161.3937530517578125 159.6687469482421875 161.9250030517578125 164.475006103515625 164.3874969482421875 161.6437530517578125 158.818756103515625 156.4499969482421875 153.631256103515625 151.350006103515625
236.2375030517578125 249.131256103515625 258.51873779296875 264.46875 269.274993896484375 272.51251220703125 276.20001220703125 277.71875 278.07501220703125 263.58123779296875 244.625 227.5124969482421875 209.5187530517578125 205.4562530517578125 202.662506103515625 198.024993896484375 191.9187469482421875 187.3312530517578125 181.618743896484375 176.4499969482421875 170.1999969482421875 163.524993896484375 158.3000030517578125 158.318756103515625 160.4375 162.5187530517578125 170.149993896484375 177.524993896484375 181.725006103515625 187.5124969482421875 192.318756103515625 196.006256103515625 190.46875 182.193756103515625 176.350006103515625 172.6437530517578125 171.625 169.375 166.006256103515625 161 156.943756103515625 153.5749969482421875 150.3625030517578125 147.5187530517578125
230.725006103515625 242.212493896484375 249.4875030517578125 255.7687530517578125 261.056243896484375 263.17498779296875 264.837493896484375 265.131256103515625 261.26251220703125 252.3937530517578125 237.5 222.306243896484375 212.0749969482421875 204.6750030517578125 199.649993896484375 194.6125030517578125 190.2312469482421875 185.618743896484375 180.193756103515625 173.7687530517578125 166.5749969482421875 159.3625030517578125 154.006256103515625 152.8125 153.931243896484375 158.875 167.912506103515625 176.2687530517578125 184.024993896484375 195.1687469482421875 204.5812530517578125 212.0625 207.399993896484375 198.3125 189.743743896484375 181.899993896484375 176.9812469482421875 170.4499969482421875 165.5749969482421875 160.443756103515625 155.2375030517578125 151.0687408447265625 148.1312408447265625 144.59375
232.850006103515625 241.1875 242.7937469482421875 247.068756103515625 249.7312469482421875 251.475006103515625 252.5 251.618743896484375 245.681243896484375 237.4562530517578125 228.649993896484375 220.381256103515625 212.806243896484375 207.3625030517578125 200.3499908447265625 195.8562469482421875 190.774993896484375 185.8562469482421875 179.5187530517578125 171.6999969482421875 165.256256103515625 156.7375030517578125 149.6125030517578125 145.5187530517578125 148.9375 156.1062469482421875 168.375 178.100006103515625 189.256256103515625 202 216.4562530517578125 228.556243896484375 224.5625 212.09375 199.3312530517578125 188.7687530517578125 180.1687469482421875 171.4562530517578125 165.024993896484375 159.1875 153.7937469482421875 148.9187469482421875 144.9562530517578125 140.65625
235.71875 239.0187530517578125 240.5625 242.006256103515625 241.7312469482421875 243.568756103515625 243.006256103515625 240.2375030517578125 235.34375 232.2624969482421875 227.71875 221.6374969482421875 216.712493896484375 212.806243896484375 206.3937530517578125 201.03125 195.40625 189.0749969482421875 183.1374969482421875 175.96875 167.28125 157.8312530517578125 148.712493896484375 144.2062530517578125 149.806243896484375 156.868743896484375 170.318756103515625 181.625 194.524993896484375 208.774993896484375 225.75 240.306243896484375 237.024993896484375 220.806243896484375 204.8249969482421875 192.0437469482421875 181.662506103515625 171.787506103515625 164.212493896484375 158.0187530517578125 151.65625 147.6687469482421875 143.725006103515625 140.4562530517578125
240.524993896484375 239.587493896484375 238.618743896484375 237.506256103515625 236.5500030517578125 236.162506103515625 235.774993896484375 231.78125 229.600006103515625 228.162506103515625 223.931243896484375 221.756256103515625 219.318756103515625 218.0124969482421875 212.4812469482421875 205.9375 200.774993896484375 196.1999969482421875 188.8312530517578125 182.2062530517578125 173.993743896484375 163.9187469482421875 157.8562469482421875 153.818756103515625 156.4875030517578125 162.8125 174.350006103515625 186.4562530517578125 199.149993896484375 213.868743896484375 229.1374969482421875 241.787506103515625 235.9124908447265625 220.7687530517578125 205.84375 192.3625030517578125 181.875 171.774993896484375 164.1437530517578125 157.375 151.2312469482421875 147.6875 144.3249969482421875 142.5
243.431243896484375 240.09375 236.337493896484375 233.8874969482421875 230.7687530517578125 228.100006103515625 226.5437469482421875 225.600006103515625 226.1687469482421875 224.5749969482421875 223.3000030517578125 222.9812469482421875 222.0812530517578125 222.46875 219.1750030517578125 215.28125 210.7687530517578125 203.7062530517578125 197.6062469482421875 190.2687530517578125 182.631256103515625 173.21875 167.662506103515625 165.212493896484375 165.9812469482421875 170.850006103515625 181.5999908447265625 192.7312469482421875 204.568756103515625 217.65625 229.368743896484375 238.8874969482421875 229.7937469482421875 216.9187469482421875 203.2375030517578125 191.09375 181.181243896484375 171.568756103515625 164.2937469482421875 156.7062530517578125 149.21875 146.2624969482421875 144.399993896484375 147.337493896484375
247.462493896484375 242.2312469482421875 237.462493896484375 231.4375 228.068756103515625 226.2062530517578125 224.8937530517578125 224.5437469482421875 224.7624969482421875 223.9187469482421875 224.443756103515625 225.3312530517578125 228.0437469482421875 229.837493896484375 227.368743896484375 223.7687530517578125 220 215.78125 208.787506103515625 199.912506103515625 191.0625 184.212493896484375 179.9875030517578125 176.7312469482421875 176.125 179.7937469482421875 189.8874969482421875 199.09375 209.600006103515625 219.4187469482421875 228.1437530517578125 233.2312469482421875 224.399993896484375 213.4000091552734375 201.65625 190.462493896484375 181.4375 172.3000030517578125 164.3125 158.087493896484375 152.2624969482421875 150.381256103515625 148.84375 151.9812469482421875
249.5437469482421875 242.287506103515625 236.5187530517578125 230.9812469482421875 227.7312469482421875 225.1437530517578125 224.3000030517578125 222.5812530517578125 223.1062469482421875 224.2312469482421875 225.943756103515625 228.71875 233.975006103515625 235.5625 234.9187469482421875 232.912506103515625 231.5124969482421875 227.631256103515625 221.5437469482421875 213.2624969482421875 204.1875 196.274993896484375 191.1374969482421875 186.3937530517578125 184.3312530517578125 189.7624969482421875 196.9250030517578125 205.850006103515625 214.4812469482421875 220.2375030517578125 226.1875 228.912506103515625 221.256256103515625 210.96875 199.568756103515625 189.53125 179.4875030517578125 170.868743896484375 164.975006103515625 159.2312469482421875 153.96875 152.287506103515625 152.0812530517578125 153.350006103515625
249.59375 241.1875 235.375 231.662506103515625 227.787506103515625 223.5812530517578125 222.40625 220.225006103515625 221.056243896484375 222.5124969482421875 225.756256103515625 232.125 237.0124969482421875 240.9812469482421875 241.3937530517578125 241.287506103515625 238.90625 235.8312530517578125 229.6750030517578125 224.431243896484375 216.15625 208.3000030517578125 201.681243896484375 197.274993896484375 197.118743896484375 199.6374969482421875 204.65625 212.649993896484375 218.756256103515625 222.631256103515625 226.399993896484375 227.0749969482421875 217.818756103515625 207.881256103515625 197.412506103515625 187.568756103515625 178.53125 169.100006103515625 163.274993896484375 157.78125 154.899993896484375 154.3249969482421875 154.1687469482421875 155.475006103515625
249.774993896484375 240.225006103515625 235.256256103515625 231.1125030517578125 228.40625 224.2375030517578125 220.9875030517578125 219.6062469482421875 219.8125 222.524993896484375 228.9250030517578125 234.649993896484375 242.1125030517578125 248.3874969482421875 249.46875 249.375 249.006256103515625 246.506256103515625 239.693756103515625 233.5124969482421875 227.368743896484375 220.0187530517578125 213.0749969482421875 209.225006103515625 209.274993896484375 208.9812469482421875 213.756256103515625 219.024993896484375 223.9562530517578125 226.5749969482421875 227.0124969482421875 224.9812469482421875 215.5500030517578125 206.350006103515625 196.6750030517578125 187.975006103515625 178.8562469482421875 170.1125030517578125 163.3874969482421875 160.9187469482421875 157.25 156.34375 156.7312469482421875 158.46875
248.4499969482421875 240.375 236.193756103515625 231.931243896484375 228.287506103515625 225.556243896484375 222.431243896484375 219.3249969482421875 219.0124969482421875 221.6062469482421875 226.8000030517578125 236.375 246.1750030517578125 251.84375 254.96875 255.46875 256.681243896484375 254.28125 248.568756103515625 242.625 236.8125 230.3937530517578125 224.2375030517578125 218.649993896484375 219.056243896484375 218.212493896484375 220.556243896484375 224.3874969482421875 228.3937530517578125 227.725006103515625 226.0749969482421875 223.618743896484375 214.381256103515625 205.21875 196.225006103515625 187.3625030517578125 178.8125 168.6875 164.9499969482421875 162.056243896484375 157.868743896484375 157.631256103515625 158.381256103515625 160.2624969482421875
245.5437469482421875 239.787506103515625 237.03125 231.912506103515625 227.8000030517578125 224.274993896484375 220.59375 218.087493896484375 216.09375 217.0124969482421875 224.618743896484375 237.5749969482421875 250.881256103515625 260.66876220703125 263.493743896484375 264.82501220703125 264.76251220703125 260.274993896484375 256.79376220703125 249.649993896484375 245.7624969482421875 238.6062469482421875 233.0625 226.5 225.6999969482421875 226.34375 227.9562530517578125 229.381256103515625 232.2687530517578125 230.84375 226.743743896484375 222.931243896484375 212.8625030517578125 204.46875 195.100006103515625 185.881256103515625 176.306243896484375 170.46875 166.6374969482421875 162.881256103515625 158.524993896484375 158.34375 159.2687530517578125 160.568756103515625
244.8562469482421875 241.15625 238.0625 233.46875 228.7687530517578125 224.03125 220.493743896484375 216.65625 212.4187469482421875 212.0187530517578125 218.756256103515625 234.662506103515625 252.40625 263.756256103515625 267.712493896484375 269.756256103515625 270.61248779296875 267.03125 263.53125 259.256256103515625 253.8812408447265625 247.9250030517578125 239.3874969482421875 234.2062530517578125 231.774993896484375 231.8125 233.443756103515625 235.1999969482421875 237.0500030517578125 233.40625 228.40625 222.6437530517578125 212.931243896484375 205.381256103515625 195.6750030517578125 185.3249969482421875 179.568756103515625 174.1875 169.631256103515625 166.193756103515625 163.056243896484375 162.1875 161.9875030517578125 162.9499969482421875
244.7937469482421875 242.90625 239.3625030517578125 235.493743896484375 230.600006103515625 225.881256103515625 222.287506103515625 215.943756103515625 208.7312469482421875 204.8562469482421875 214.1750030517578125 236.193756103515625 252.3937530517578125 262.024993896484375 268.975006103515625 272.57501220703125 272.42498779296875 270.225006103515625 268.01873779296875 262.5 258 251.693756103515625 243.6687469482421875 239.3249969482421875 236.1062469482421875 235.787506103515625 238.0500030517578125 240.125 240.84375 235.506256103515625 230.375 224.537506103515625 215.15625 206.149993896484375 196.40625 188.399993896484375 183.181243896484375 178.774993896484375 175.462493896484375 170.4250030517578125 167.1687469482421875 165.587493896484375 165.5124969482421875 165.475006103515625
247.3874969482421875 244.306243896484375 240.1437530517578125 237.181243896484375 232.631256103515625 228.6062469482421875 224.006256103515625 216.8874969482421875 210.875 205.25 220.412506103515625 242.1125030517578125 254.7687530517578125 263.131256103515625 269.475006103515625 273.806243896484375 273.26251220703125 272.375 267.91876220703125 261.95001220703125 257.63751220703125 251.2375030517578125 245.881256103515625 241.90625 238.743743896484375 239.71875 239.71875 243.068756103515625 244.3125 239.024993896484375 231.381256103515625 225.25 217.59375 208.1875 197.2874908447265625 192.59375 187.75 182.4250030517578125 180.3625030517578125 175.850006103515625 171.1999969482421875 169.59375 167.568756103515625 166.162506103515625
249.25 243.96875 240.3312530517578125 238.181243896484375 235.368743896484375 230.3312530517578125 226.5500030517578125 222.287506103515625 222.0500030517578125 228.1687469482421875 244.006256103515625 254.068756103515625 258.743743896484375 265.20623779296875 270.493743896484375 272.42498779296875 272.256256103515625 270.34375 263.82501220703125 259.54376220703125 254.625 248.256256103515625 243.6125030517578125 241.7312469482421875 239.993743896484375 238.9187469482421875 239.6687469482421875 242.375 243.3249969482421875 240.1437530517578125 234.431243896484375 226.8562469482421875 220.006256103515625 213.024993896484375 207.068756103515625 200.662506103515625 194.587493896484375 190.2375030517578125 186.368743896484375 180.5437469482421875 176.375 175.03125 172.2312469482421875 171.3937530517578125
250.2312469482421875 245.65625 242.6687469482421875 241.0437469482421875 238.681243896484375 235.4812469482421875 230.943756103515625 231.181243896484375 234.131256103515625 240.462493896484375 249.8000030517578125 258.6875 262.681243896484375 267.33123779296875 270.98748779296875 271.59375 270.868743896484375 268.443756103515625 261.287506103515625 255.4250030517578125 249.6125030517578125 245.9250030517578125 239.3125 237.375 238.6875 238.7062530517578125 239.7062530517578125 242.1999969482421875 243.28125 240.6750030517578125 234.412506103515625 232.1875 228.5437469482421875 222.5124969482421875 217.443756103515625 210.875 204.1125030517578125 199.193756103515625 193.90625 186.3249969482421875 181.25 179.6125030517578125 175.9562530517578125 174.600006103515625
