data/historical-monthly-weather-data/wc2.1_cruts4.09_10m_prec_2019-04.asc
ncols        51
nrows        45
xllcorner    -63.500000000000
yllcorner    -7.500000000000
cellsize     0.166666666667
NODATA_value -9999
[rows 0 to 19 of 45, columns 0 to 43 of 51]
345.368743896484375 356.33123779296875 354.90625 358.693756103515625 355.443756103515625 342.087493896484375 326.556243896484375 306.225006103515625 289.899993896484375 278.443756103515625 270.90625 264.84375 257.693756103515625 249.006256103515625 242.868743896484375 237.774993896484375 234.0625 228.962493896484375 226.587493896484375 224.3937530517578125 222.806243896484375 222.34375 221.625 225.1125030517578125 227.2937469482421875 232.6374969482421875 242.1125030517578125 254.368743896484375 265.73126220703125 276.84375 288.71875 300.70623779296875 308.375 317.568756103515625 325.818756103515625 330.125 331.40625 332.45001220703125 333.95001220703125 333.11248779296875 332.01251220703125 329.98748779296875 324.725006103515625 321.66876220703125
356.90625 369.70623779296875 379.90625 388.100006103515625 393.649993896484375 378.568756103515625 360.26873779296875 344.462493896484375 328.6875 315.04998779296875 305.10626220703125 295.5625 286.318756103515625 276.17498779296875 266.61248779296875 260.318756103515625 253.2937469482421875 249.9187469482421875 247.912506103515625 245.399993896484375 243.84375 242.787506103515625 243.587493896484375 245.693756103515625 249.149993896484375 253.568756103515625 262.006256103515625 273.59375 282.600006103515625 291.8125 303.181243896484375 315.381256103515625 322.3125 331.306243896484375 337.42498779296875 340.318756103515625 342.931243896484375 343.38751220703125 343.28125 340.399993896484375 337.306243896484375 335.006256103515625 329.399993896484375 323.63751220703125
357.04376220703125 373.70623779296875 384.274993896484375 397.412506103515625 407.13751220703125 397.287506103515625 384.76251220703125 373.712493896484375 363.631256103515625 350.412506103515625 337.28125 324.70623779296875 314.17498779296875 300.70001220703125 289.931243896484375 281.600006103515625 273.26251220703125 269.131256103515625 265.375 262.90625 261.73126220703125 261.162506103515625 260.29998779296875 261.943756103515625 265.5625 269.524993896484375 278.475006103515625 286.17498779296875 292.70623779296875 301.90625 311.76873779296875 321.756256103515625 331.243743896484375 339.537506103515625 344.42498779296875 346.212493896484375 350.431243896484375 352.67498779296875 350.95001220703125 347.88751220703125 344.287506103515625 339.41876220703125 333.350006103515625 327.875
349.5625 367.54998779296875 384.90625 397.63751220703125 409.412506103515625 408.024993896484375 403.15625 398.649993896484375 394.60626220703125 386.162506103515625 371.712493896484375 355.024993896484375 339.32501220703125 325.443756103515625 312.850006103515625 303.21875 294.51251220703125 288.86248779296875 283.818756103515625 280.5625 280.08123779296875 278.993743896484375 276.431243896484375 278.475006103515625 281.3125 283.25 292.006256103515625 297.362518310546875 302.649993896484375 312.39373779296875 321.131256103515625 329.962493896484375 336.493743896484375 344.193756103515625 349.23126220703125 353.524993896484375 357 359.274993896484375 359.29376220703125 354.28125 350.100006103515625 345.9375 337.243743896484375 329.787506103515625
358.462493896484375 371.087493896484375 379.67498779296875 394.20623779296875 411.65625 414.90625 413.70001220703125 416.41876220703125 419.774993896484375 418.618743896484375 401.475006103515625 377.89373779296875 361.1875 347.17498779296875 333.51251220703125 322.58123779296875 312.193756103515625 306 299.98126220703125 295.53125 295.631256103515625 293.51251220703125 291 294.04998779296875 293.95623779296875 295.1875 300.98126220703125 308.58123779296875 314.943756103515625 321.631256103515625 329.350006103515625 334.087493896484375 339.9375 348.087493896484375 354.38751220703125 358.54998779296875 361.09375 364.006256103515625 364.42498779296875 359.66876220703125 356.48748779296875 348.056243896484375 339.8125 333.76251220703125
356.26873779296875 370.66876220703125 380.21875 386.743743896484375 403.09375 409.60626220703125 410.41876220703125 414.96875 419.8125 423.39373779296875 403.95623779296875 382.46875 367.89373779296875 355.381256103515625 341.83123779296875 332 320.287506103515625 314.037506103515625 310.41876220703125 307.01873779296875 305.11248779296875 302.375 301.86248779296875 302.45001220703125 302.568756103515625 303.76251220703125 308.100006103515625 313.943756103515625 319.01873779296875 324.66876220703125 331.318756103515625 338.07501220703125 341.381256103515625 348.962493896484375 357.306243896484375 360.95001220703125 366.21875 369.76251220703125 369.64373779296875 367.074981689453125 360.01251220703125 351.337493896484375 344.01873779296875 338.587493896484375
355.21875 368.98126220703125 378.86248779296875 384.48748779296875 390.475006103515625 392.243743896484375 393.993743896484375 397.712493896484375 397.818756103515625 395.11248779296875 388.38751220703125 377.88751220703125 370.412506103515625 359.537506103515625 348.34375 340.51251220703125 330.125 321.162506103515625 316.100006103515625 314.5 313.756256103515625 312.212493896484375 310.98748779296875 308.649993896484375 308.63751220703125 309.64373779296875 313.91876220703125 316.89373779296875 320.431243896484375 326.13751220703125 333.25 338.8125 343.70001220703125 348.756256103515625 356.5 360.92498779296875 364.95623779296875 370.09375 372.837493896484375 369.649993896484375 359.13751220703125 351.5 345.162506103515625 339.993743896484375
354.96875 365.631256103515625 373.100006103515625 381.149993896484375 387.75 386.61248779296875 379.96875 372.48126220703125 364.42498779296875 362.58123779296875 368.412506103515625 370.337493896484375 368.631256103515625 363 355.26251220703125 347.15625 337.38751220703125 328.57501220703125 321.118743896484375 320.23126220703125 321.3125 320.76873779296875 318.28125 315.506256103515625 316.01251220703125 313.818756103515625 316.58123779296875 318.993743896484375 322.149993896484375 328.1875 332.48748779296875 337.63751220703125 342.54376220703125 347.931243896484375 354.337493896484375 355.975006103515625 360.662506103515625 364.875 365.212493896484375 360.6875 353.08123779296875 347.70623779296875 341.443756103515625 335.412506103515625
353.70001220703125 364.28125 371.03125 376.837493896484375 382.76873779296875 379.54376220703125 374.09375 364.818756103515625 349.63751220703125 342.17498779296875 352.868743896484375 359.962493896484375 366.85626220703125 363.881256103515625 356.375 349.943756103515625 342.54376220703125 335.149993896484375 329.693756103515625 326.318756103515625 321.57501220703125 322.96875 320.125 319.649993896484375 319.006256103515625 314.6875 316.09375 318.975006103515625 321.868743896484375 327.23126220703125 332.83123779296875 335.17498779296875 338.181243896484375 340.70623779296875 346.70623779296875 349.23748779296875 354.20001220703125 356.26251220703125 356.337493896484375 351.631256103515625 345.20623779296875 338.881256103515625 334.48126220703125 330.399993896484375
351.89373779296875 359.9375 367.193756103515625 373.212493896484375 377.524993896484375 375.5 371.9375 364.131256103515625 356.056243896484375 353.73748779296875 359.34375 362.01873779296875 366.20001220703125 364.15625 359.475006103515625 352.73748779296875 346.45623779296875 340.693756103515625 335.337493896484375 334.306243896484375 328.975006103515625 325.79376220703125 321.931243896484375 322.725006103515625 318.42498779296875 312.10626220703125 312.98126220703125 315.487518310546875 319.512481689453125 326.76873779296875 329.04998779296875 329.28125 331.01873779296875 333.35626220703125 337.8125 341.54998779296875 343.837493896484375 345.92498779296875 345.28125 343.056243896484375 339.243743896484375 333.725006103515625 328.274993896484375 320.33123779296875
350.149993896484375 358.649993896484375 364.79998779296875 369.975006103515625 372.225006103515625 371.625 370.024993896484375 365.262481689453125 362.506256103515625 362.881256103515625 367.82501220703125 372.056243896484375 369.412506103515625 366.71875 360.287506103515625 353.431243896484375 348.443756103515625 344.09375 340.681243896484375 338.73748779296875 337.587493896484375 332.618743896484375 325.09375 316.09375 315.21875 309.3125 307.943756103515625 309.631256103515625 312.125 318.681243896484375 320.53125 320.193756103515625 322.037506103515625 323.9375 327.625 328.318756103515625 330.16876220703125 332.65625 333.181243896484375 331.9375 328.38751220703125 323.1875 320.318756103515625 315.087493896484375
346.681243896484375 353.85626220703125 359.41876220703125 368.125 372.26873779296875 370.256256103515625 371.45623779296875 371.181243896484375 371.375 372.943756103515625 377.70001220703125 382.100006103515625 374.399993896484375 367.85626220703125 360.543731689453125 354 348.10626220703125 343.681243896484375 340.88751220703125 339.65625 337.60626220703125 332.54376220703125 325.5625 319.625 311.26251220703125 300.818756103515625 299.09375 299.51251220703125 302.181243896484375 305.981231689453125 307.9375 308.506256103515625 309.037506103515625 311.0625 314.20623779296875 315.86248779296875 318.993743896484375 322.21875 320.76251220703125 317.975006103515625 316.256256103515625 312.70001220703125 309.100006103515625 301.056243896484375
344.14373779296875 350.48126220703125 356.337493896484375 363.59375 369.70001220703125 372.600006103515625 372.76251220703125 372.54376220703125 372.850006103515625 377.38751220703125 381.850006103515625 385.568756103515625 378.79376220703125 363.875 355.82501220703125 351.399993896484375 344.15625 339.493743896484375 337.881256103515625 334.912506103515625 332.79998779296875 326.100006103515625 316.32501220703125 309.931243896484375 295.39373779296875 283.962493896484375 285.65625 286.462493896484375 290.5 293.125 294.76873779296875 294.899993896484375 294.993743896484375 296.850006103515625 298.756256103515625 302.45001220703125 306.256256103515625 309.774993896484375 310.26251220703125 308.481231689453125 302.712493896484375 301.368743896484375 295.681243896484375 288.65625
340.181243896484375 345.95001220703125 350.51873779296875 357.074981689453125 365.443756103515625 368.61248779296875 369.15625 370.48748779296875 372.85626220703125 375.85626220703125 376.806243896484375 375.212493896484375 370.0625 359.51873779296875 347.98126220703125 344.431243896484375 337.125 330.28125 328.82501220703125 324.100006103515625 320.58123779296875 312.193756103515625 303.662506103515625 293.17498779296875 281.63751220703125 272.34375 272.975006103515625 274.774993896484375 277.71875 280.618743896484375 281.837493896484375 282.64373779296875 280.625 282.04998779296875 284.96875 289.76251220703125 293.92498779296875 299.318756103515625 302.149993896484375 299.600006103515625 291.087493896484375 284.556243896484375 284.32501220703125 285.537506103515625
333.875 339.79376220703125 345.15625 352.256256103515625 361.306243896484375 364.443756103515625 366.756256103515625 368.33123779296875 368.693756103515625 369.32501220703125 369.225006103515625 366.6875 359.975006103515625 350.23748779296875 337.475006103515625 329.76251220703125 323.9375 320.9375 318.42498779296875 313.9375 308.287506103515625 301.931243896484375 292.006256103515625 282.28125 272.350006103515625 265.48748779296875 265.524993896484375 267.868743896484375 270.975006103515625 272.431243896484375 271.431243896484375 269.03125 269.600006103515625 269.38751220703125 270.75 274.524993896484375 283.35626220703125 292.35626220703125 295.131256103515625 290.54998779296875 283.23126220703125 281.118743896484375 285.35626220703125 284.01873779296875
325.48748779296875 331.087493896484375 338.649993896484375 347.33123779296875 355.681243896484375 359.149993896484375 361.48126220703125 363.6875 366.04376220703125 365.287506103515625 363.75 359.64373779296875 352.76873779296875 341.462493896484375 326.587493896484375 312 310.23748779296875 311.368743896484375 307.537506103515625 303.65625 298.306243896484375 290.46875 280.53125 272.368743896484375 263.65625 258.881256103515625 258.149993896484375 261.23126220703125 264.243743896484375 266.181243896484375 266.993743896484375 263.98748779296875 258.5625 256.29998779296875 254.9875030517578125 264.48126220703125 273.28125 282.899993896484375 287.09375 287.51873779296875 283.29376220703125 283.61248779296875 284.20001220703125 281.21875
315.625 322.587493896484375 331.618743896484375 341.16876220703125 349.29376220703125 352.993743896484375 357.6875 360.25 360.587493896484375 360.399993896484375 357.86248779296875 353.193756103515625 344.850006103515625 333.76873779296875 321.162506103515625 309.681243896484375 300.13751220703125 298.64373779296875 297.587493896484375 295.04376220703125 289.625 283.01873779296875 273.493743896484375 263.34375 256 251.256256103515625 251.7937469482421875 254.6999969482421875 258.90625 261.98748779296875 262.28125 259.600006103515625 254.7562408447265625 251.5812530517578125 255.1687469482421875 260.662506103515625 269.931243896484375 280.493743896484375 289.556243896484375 288.899993896484375 286.318756103515625 285.35626220703125 281.45623779296875 277.95001220703125
303.96875 313.243743896484375 322.225006103515625 334.162506103515625 342.774993896484375 347.98126220703125 353.8125 355.29376220703125 355.35626220703125 353.60626220703125 349.774993896484375 344.149993896484375 335.5 326.274993896484375 314.912506103515625 305.17498779296875 295.193756103515625 284.63751220703125 287.03125 285.631256103515625 282.912506103515625 276.20623779296875 267.59375 258.71875 253.1687469482421875 249.5374908447265625 247.7624969482421875 252.8874969482421875 258.068756103515625 260.15625 256.73748779296875 247.587493896484375 248.2624969482421875 249.1687469482421875 250.8625030517578125 259.45623779296875 268.48126220703125 277.76873779296875 284.83123779296875 289.28125 284.84375 282.399993896484375 278.524993896484375 274.149993896484375
291.26873779296875 302.13751220703125 313.399993896484375 324.368743896484375 334.11248779296875 341.181243896484375 346.53125 351.118743896484375 351.743743896484375 349.481231689453125 343.67498779296875 333.79376220703125 325.54998779296875 318.70623779296875 305.181243896484375 295.662506103515625 287.01873779296875 278.287506103515625 273.600006103515625 272.78125 275.837493896484375 272.65625 257.46875 253.774993896484375 251.899993896484375 251.8312530517578125 253.068756103515625 256.17498779296875 261.618743896484375 262.14373779296875 258.5 250.4562530517578125 246.4187469482421875 239.975006103515625 240.3312530517578125 249.3249969482421875 259.46875 268.29376220703125 278.006256103515625 281.26251220703125 281.98126220703125 279.850006103515625 274.98748779296875 270.46875
278.54376220703125 291.09375 302.068756103515625 311.837493896484375 324.16876220703125 334.756256103515625 342.84375 345.98126220703125 346.65625 344.45001220703125 337.35626220703125 328.881256103515625 319.975006103515625 311.23126220703125 296.493743896484375 281.631256103515625 270.70001220703125 268.92498779296875 264.20001220703125 263.04376220703125 262.39373779296875 258.03125 253.9749908447265625 252.118743896484375 251.725006103515625 252.225006103515625 255.2687530517578125 261.07501220703125 263.98748779296875 261.57501220703125 255.1374969482421875 252.537506103515625 244.1062469482421875 232.53125 226.8562469482421875 235.53125 250.681243896484375 263.912506103515625 272.5625 277.368743896484375 277.59375 275.568756103515625 271.3125 266.82501220703125
