data/historical-monthly-weather-data/wc2.1_cruts4.09_10m_prec_1962-02.asc
ncols        51
nrows        45
xllcorner    -63.500000000000
yllcorner    -7.500000000000
cellsize     0.166666666667
NODATA_value -9999
[rows 20 to 39 of 45, columns 0 to 44 of 51]
202.618743896484375 206.15625 215.243743896484375 225.90625 239.587493896484375 254.756256103515625 271.45001220703125 288.600006103515625 304.38751220703125 319.17498779296875 333.074981689453125 350.037506103515625 368.931243896484375 387.10626220703125 383.23748779296875 368.29998779296875 356.056243896484375 347.66876220703125 348.20623779296875 348.943756103515625 347.006256103515625 343.162506103515625 337.850006103515625 333.787506103515625 330.556243896484375 328.59375 329.193756103515625 329.912506103515625 331.743743896484375 332.412506103515625 325.76251220703125 311.82501220703125 287.850006103515625 259.287506103515625 233.3937530517578125 244.7937469482421875 269.42498779296875 287.45001220703125 296.149993896484375 296.96875 291.78125 286.056243896484375 281.193756103515625 276.131256103515625 271.79998779296875
199.7375030517578125 204.899993896484375 215.506256103515625 229.0124969482421875 243.3937530517578125 259.868743896484375 277.462493896484375 295.48126220703125 311.15625 323.26873779296875 333.01251220703125 343.399993896484375 354.57501220703125 364.20623779296875 368.01251220703125 363.61248779296875 357.618743896484375 352.40625 350.875 350.65625 344.15625 338.4375 335.274993896484375 331 328.65625 328.587493896484375 331.024993896484375 332.975006103515625 336.39373779296875 338.850006103515625 335.850006103515625 323.100006103515625 302.318756103515625 280.993743896484375 266.09375 271.38751220703125 287.29998779296875 298.850006103515625 302.0625 299.51251220703125 294.087493896484375 289.068756103515625 283.743743896484375 277.993743896484375 274.068756103515625
199.818756103515625 206.743743896484375 217.743743896484375 232.2687530517578125 247.462493896484375 265.5 282.41876220703125 301.274993896484375 317.42498779296875 325.29376220703125 329.38751220703125 332.637481689453125 336.08123779296875 343.10626220703125 352.493743896484375 355.975006103515625 355.09375 352.962493896484375 350.731231689453125 347.806243896484375 340.725006103515625 333.20001220703125 328 323.88751220703125 323.58123779296875 325.84375 329.287506103515625 332.98748779296875 338.75 343.73126220703125 344.89373779296875 339.51251220703125 321.88751220703125 307.268768310546875 302.681243896484375 307.82501220703125 314.587493896484375 317.0625 313.20623779296875 304.649993896484375 296.737518310546875 291.23748779296875 285.48748779296875 279.75 276.3125
203.5500030517578125 210.84375 222.368743896484375 235.743743896484375 251.1437530517578125 268.79998779296875 286.318756103515625 303.11248779296875 317.51873779296875 322.5 324.306243896484375 324.225006103515625 320.42498779296875 328.95623779296875 341.04998779296875 347.53125 349.79998779296875 350.32501220703125 348.431243896484375 344.556243896484375 335.90625 327.118743896484375 320.4375 316.79376220703125 317.537506103515625 318.95623779296875 324.95001220703125 331.087493896484375 337.20001220703125 344.0625 347.76873779296875 345.48748779296875 334.75 327.26251220703125 328.5 335.78125 337.912506103515625 331.23748779296875 321.068756103515625 309.29998779296875 299.63751220703125 292.45001220703125 286.41876220703125 281.287506103515625 279.943756103515625
211.3312530517578125 217.6125030517578125 228.4812469482421875 242.056243896484375 258.01873779296875 273.07501220703125 288.90625 303.493743896484375 313.75 319.38751220703125 321.64373779296875 321.91876220703125 322.28125 327.524993896484375 335.84375 343.287506103515625 348.131256103515625 348.975006103515625 347.100006103515625 342.5625 333.193756103515625 321.975006103515625 312.600006103515625 307.8125 308.149993896484375 314.618743896484375 320.53125 328.431243896484375 334.84375 341.0625 343.975006103515625 342.63751220703125 339.29376220703125 337.6875 340.462493896484375 342.51873779296875 341.774993896484375 334.193756103515625 322.743743896484375 310.625 300.337493896484375 292.618743896484375 286.86248779296875 283.34375 281.875
224.443756103515625 230.03125 238.756256103515625 251.100006103515625 265.53125 279.056243896484375 291.568756103515625 303.73748779296875 312.274993896484375 317.899993896484375 320.975006103515625 323.13751220703125 326.08123779296875 329.306243896484375 336.662506103515625 342.91876220703125 347.943756103515625 348.743743896484375 347.89373779296875 343.01873779296875 331.912506103515625 317.71875 304.806243896484375 296.943756103515625 301.068756103515625 309.9375 319.4375 326.024993896484375 332.587493896484375 336.774993896484375 338.5625 338.38751220703125 338.743743896484375 340.443756103515625 343.54376220703125 342.912506103515625 340.1875 333.712493896484375 320.993743896484375 309.32501220703125 299.256256103515625 291.875 285.60626220703125 282.51873779296875 284.162506103515625
237.912506103515625 241.912506103515625 248.7687530517578125 259.71875 270.91876220703125 281.29998779296875 292.318756103515625 301.287506103515625 309.056243896484375 315.73126220703125 320.631256103515625 323.600006103515625 327.28125 331.23126220703125 337.67498779296875 344.78125 349.48126220703125 350.78125 349.431243896484375 344.181243896484375 332.225006103515625 317.90625 302.149993896484375 292.01251220703125 299.868743896484375 309.618743896484375 318.181243896484375 324.46875 329.0625 332.54376220703125 334.67498779296875 333.66876220703125 335.993743896484375 341.73126220703125 343.92498779296875 342.82501220703125 339.63751220703125 332.46875 320.962493896484375 309.03125 298.51873779296875 290.756256103515625 284.29998779296875 280.90625 285.84375
252.1374969482421875 253.725006103515625 259.537506103515625 267.58123779296875 275.662506103515625 283.100006103515625 292.59375 301.60626220703125 308.58123779296875 315.681243896484375 320.506256103515625 323.85626220703125 327.26873779296875 331.149993896484375 338.368743896484375 346.17498779296875 351.125 354.45623779296875 353.118743896484375 349.125 338.73748779296875 325.431243896484375 314.45001220703125 306.118743896484375 307.79376220703125 314.61248779296875 320.681243896484375 325.306243896484375 328.15625 330.9375 332.3125 332.48126220703125 337.625 341.64373779296875 344.09375 342.79376220703125 337.881256103515625 332.16876220703125 320.26873779296875 307.712493896484375 297.04376220703125 290.10626220703125 283.868743896484375 281.71875 289.399993896484375
264.79376220703125 265.399993896484375 268.78125 274.41876220703125 280.53125 286.162506103515625 293.79376220703125 301.212493896484375 308.36248779296875 315.537506103515625 320.71875 323.90625 326.75 331.868743896484375 340.07501220703125 349.45001220703125 356.537506103515625 359.225006103515625 360.45623779296875 356.86248779296875 348.40625 336.79376220703125 329.46875 322.35626220703125 319.63751220703125 321.84375 325.70001220703125 328.04998779296875 330.57501220703125 332.29998779296875 331.868743896484375 332.70001220703125 337.09375 341.649993896484375 345.38751220703125 342.568756103515625 338.8125 333.42498779296875 323.08123779296875 309.318756103515625 295.975006103515625 288.57501220703125 285.36248779296875 286.84375 296.58123779296875
274.16876220703125 272.54998779296875 274.35626220703125 277.51251220703125 282.57501220703125 287.350006103515625 293.037506103515625 299.25 305.193756103515625 312.412506103515625 318.381256103515625 323.274993896484375 327.54998779296875 333.78125 342.850006103515625 350.850006103515625 359.0625 365.243743896484375 367.743743896484375 364.20623779296875 355.725006103515625 347.006256103515625 341.11248779296875 333.506256103515625 328.90625 328.79998779296875 329.96875 329.96875 330.70001220703125 331.60626220703125 332.837493896484375 334.3125 338.068756103515625 343.21875 346.46875 344.98748779296875 340.987518310546875 337.318756103515625 326.375 313.63751220703125 304.931243896484375 300.649993896484375 297.993743896484375 301.274993896484375 306.09375
280.662506103515625 277.931243896484375 277.13751220703125 279.08123779296875 281.881256103515625 286.40625 291.29376220703125 296.975006103515625 302.58123779296875 308.96875 316.943756103515625 323.67498779296875 330.193756103515625 335.82501220703125 343.95623779296875 353.01251220703125 361.850006103515625 369.64373779296875 374.75 371.65625 363.506256103515625 355.068756103515625 349.13751220703125 341.368743896484375 336.07501220703125 334.76873779296875 333.631256103515625 332.32501220703125 331.475006103515625 332.29998779296875 333.868743896484375 336.16876220703125 341.600006103515625 347.26873779296875 351.29376220703125 348.53125 345.79998779296875 343.774993896484375 333.45623779296875 321.037506103515625 314.59375 314.399993896484375 314.07501220703125 314.774993896484375 319.65625
283.09375 279.88751220703125 278.51251220703125 279.493743896484375 280.618743896484375 283.899993896484375 288.54376220703125 292.556243896484375 297.78125 305.26873779296875 313.34375 321.79376220703125 330.131256103515625 337.88751220703125 345.90625 355.42498779296875 361.26251220703125 368.20623779296875 373.25 373.243743896484375 367.087493896484375 360.84375 354.53125 347.33123779296875 342.4375 339.65625 336.568756103515625 333.912506103515625 332.14373779296875 334.33123779296875 336.63751220703125 339.056243896484375 345.024993896484375 350.79998779296875 355.67498779296875 353.95001220703125 352.34375 350.131256103515625 340.54376220703125 333.11248779296875 330.931243896484375 332.20623779296875 332.9375 335.412506103515625 342.15625
282.88751220703125 280.29376220703125 279.08123779296875 278.743743896484375 278.20623779296875 280.399993896484375 282.95623779296875 286.39373779296875 292.087493896484375 300.01251220703125 310.212493896484375 319.8125 331.04376220703125 341.08123779296875 348.625 354.6875 358.79998779296875 365.73748779296875 368.89373779296875 369.79998779296875 366.01873779296875 360.28125 354.85626220703125 347.762481689453125 343.36248779296875 340.51251220703125 336.556243896484375 334.20001220703125 332.287506103515625 334.46875 338.33123779296875 341.274993896484375 347.100006103515625 354.35626220703125 360.71875 361.362518310546875 360.57501220703125 357.91876220703125 351.26251220703125 350.63751220703125 351.162506103515625 354.018768310546875 357.88751220703125 363.73748779296875 377.46875
282.9375 279.993743896484375 278.0625 277.39373779296875 275.79376220703125 275.975006103515625 277.34375 279.975006103515625 283.90625 291.89373779296875 303.15625 316.556243896484375 331.543731689453125 343.068756103515625 349.67498779296875 353.931243896484375 356.35626220703125 361.625 364.42498779296875 365.51251220703125 361.631256103515625 356.1875 352 345.506256103515625 341.73126220703125 339.04998779296875 335.28125 332.23126220703125 330.993743896484375 334.962493896484375 340.01251220703125 344.29998779296875 351.9375 359.42498779296875 365.274993896484375 367.70001220703125 367.84375 366.912506103515625 364.9375 367.087493896484375 369.431243896484375 374.86248779296875 383.756256103515625 393.0625 408.85626220703125
282.5 280.36248779296875 277.962493896484375 275.20623779296875 273.32501220703125 272.462493896484375 271.431243896484375 271.962493896484375 274.41876220703125 281.431243896484375 294.806243896484375 313.25 332.5 346.28125 350.881256103515625 352.899993896484375 352.600006103515625 356.11248779296875 359.506256103515625 359.67498779296875 357.04376220703125 351.1875 346.712493896484375 340.193756103515625 337.54998779296875 334.5625 331.90625 329.850006103515625 329.07501220703125 334.66876220703125 340.21875 347.4375 355.649993896484375 364.29376220703125 370.774993896484375 373.037506103515625 373.54376220703125 377.243743896484375 379.162506103515625 381.337493896484375 386 391.899993896484375 401.862518310546875 413.04998779296875 426.9375
281.837493896484375 280.34375 277.524993896484375 273.84375 270.875 269.693756103515625 267.431243896484375 265.787506103515625 265.98126220703125 271.45623779296875 286.01251220703125 307.08123779296875 329.10626220703125 344.4375 348.399993896484375 349.26251220703125 348.95001220703125 351.20001220703125 351.787506103515625 352.350006103515625 348.925018310546875 344.32501220703125 338.90625 333.662506103515625 329.912506103515625 327.3125 325.493743896484375 325.70001220703125 325.82501220703125 331.868743896484375 339.431243896484375 347.76251220703125 357.618743896484375 367.33123779296875 373.45001220703125 375.649993896484375 380.475006103515625 383.1875 385.3125 390.11248779296875 396.993743896484375 402.306243896484375 410.337493896484375 422.21875 432.92498779296875
282.399993896484375 281.03125 277.23748779296875 274.91876220703125 271.287506103515625 268.98126220703125 265.693756103515625 262.256256103515625 259.443756103515625 258.006256103515625 276.86248779296875 305.3125 326.0625 338.837493896484375 343.587493896484375 343.91876220703125 343.225006103515625 344.375 345.34375 344.037506103515625 339.53125 334.08123779296875 328.868743896484375 323.962493896484375 320.149993896484375 318.40625 317.8125 318.662506103515625 320.86248779296875 328.09375 336.899993896484375 346.23126220703125 357.975006103515625 368.649993896484375 376.63751220703125 381.943756103515625 385.51251220703125 388.818756103515625 391.899993896484375 396.23748779296875 401.71875 408.01251220703125 416.21875 426.98126220703125 436.337493896484375
283.57501220703125 282.45623779296875 278.931243896484375 276.01873779296875 273.037506103515625 270.07501220703125 266.83123779296875 263.51251220703125 262.01873779296875 258.28125 286.79376220703125 315.8125 328.90625 336.13751220703125 339.42498779296875 339.04998779296875 336.15625 336.756256103515625 335.63751220703125 332.693756103515625 328.006256103515625 321.8125 317.28125 312.693756103515625 309.89373779296875 308.79376220703125 309.11248779296875 311.618743896484375 315.20001220703125 324.568756103515625 333.20623779296875 343.85626220703125 356.32501220703125 368.587493896484375 377.256256103515625 384.087493896484375 388.61248779296875 393.01873779296875 396.537506103515625 400.13751220703125 404.1875 410.568756103515625 416.98748779296875 425.60626220703125 434.524993896484375
289.131256103515625 286.618743896484375 282.51251220703125 280.475006103515625 277.118743896484375 274.88751220703125 273.82501220703125 273.76251220703125 277.993743896484375 293.26251220703125 324.524993896484375 332.59375 335.131256103515625 338.024993896484375 339.381256103515625 336.600006103515625 333.212493896484375 331.131256103515625 327.17498779296875 322.61248779296875 315.868743896484375 309.193756103515625 305.61248779296875 301.375 299.4375 300.33123779296875 302.056243896484375 305.712493896484375 310.787506103515625 319.9375 330.024993896484375 339.756256103515625 351.149993896484375 362.84375 374.381256103515625 380.92498779296875 384.725006103515625 390.068756103515625 392.40625 393.04998779296875 396.67498779296875 400.943756103515625 406.5625 413.41876220703125 420.57501220703125
295.625 292.16876220703125 288.125 284.899993896484375 281.850006103515625 280.88751220703125 280.618743896484375 284.1875 291.943756103515625 307.412506103515625 325.212493896484375 334.118743896484375 338.28125 339.79376220703125 339.21875 336.29376220703125 331.743743896484375 327.07501220703125 320.181243896484375 313.86248779296875 303.79376220703125 296.13751220703125 291.48126220703125 288.337493896484375 289.149993896484375 291.11248779296875 294.693756103515625 299.79376220703125 306.3125 315.29998779296875 324.21875 335.649993896484375 348.96875 359.71875 368.806243896484375 375.45001220703125 378.83123779296875 382.38751220703125 384.76873779296875 383.91876220703125 385.850006103515625 389.45001220703125 393.368743896484375 397.175018310546875 403.45623779296875
