data/historical-monthly-weather-data/wc2.1_cruts4.09_10m_prec_1983-11.asc
ncols        51
nrows        45
xllcorner    -63.500000000000
yllcorner    -7.500000000000
cellsize     0.166666666667
NODATA_value -9999
[rows 0 to 18 of 45, columns 0 to 43 of 51]
80.90625 79.30625152587890625 77.21250152587890625 76.9375 76.6437530517578125 77.8249969482421875 78.61875152587890625 79.52500152587890625 81.49375152587890625 83.1687469482421875 85.02500152587890625 87.0500030517578125 89.28749847412109375 90.2687530517578125 92.6750030517578125 94.78125 96.8937530517578125 97.3937530517578125 97.90000152587890625 98.56874847412109375 97.3625030517578125 95.78125 94.75624847412109375 93.28125 92.34999847412109375 91.90625 92.46250152587890625 93.1437530517578125 93.18125152587890625 91.3312530517578125 89.5500030517578125 88.4812469482421875 87.56874847412109375 87.34375 86.7937469482421875 86.22499847412109375 85.78125 84.83750152587890625 82.84375 80.7937469482421875 78.0500030517578125 75.6437530517578125 72.40625 69.31874847412109375
82.53125 80.22499847412109375 78.80625152587890625 78.55625152587890625 78.9875030517578125 79.8312530517578125 80.1374969482421875 81.53125 83.3249969482421875 84.59375 86.03125 87.43125152587890625 88.6687469482421875 89.7937469482421875 91.6374969482421875 94.21875 95.91249847412109375 97.75624847412109375 99.3125 100.84999847412109375 99.44374847412109375 97.61875152587890625 96.53749847412109375 95.94374847412109375 94.40000152587890625 93.61875152587890625 94.2062530517578125 94.41249847412109375 94.47499847412109375 93.2062530517578125 92.24375152587890625 91.96250152587890625 91.0625 92.125 92.61875152587890625 92.5124969482421875 92.50624847412109375 92.02500152587890625 90.0187530517578125 88.05625152587890625 85.8625030517578125 83.13124847412109375 80.15625 76.28125
87.90000152587890625 86.22499847412109375 84.69374847412109375 83.9375 84.34375 84.34999847412109375 85.06874847412109375 85.77500152587890625 87.47499847412109375 88.27500152587890625 88.4187469482421875 88.86875152587890625 89.46875 89.8125 91.38124847412109375 93.3125 95.2312469482421875 96.90000152587890625 97.8125 98.91249847412109375 97.50624847412109375 95.68125152587890625 94.56874847412109375 94.58750152587890625 93.9187469482421875 93.33750152587890625 94.00624847412109375 94.6687469482421875 94.58750152587890625 93.3874969482421875 93.34999847412109375 93.16249847412109375 93.90000152587890625 94.77500152587890625 95.8625030517578125 95.4499969482421875 95.28125 95.7375030517578125 93.97499847412109375 92.2937469482421875 89.9812469482421875 86.81874847412109375 83.70000457763671875 80.1437530517578125
92.1437530517578125 90.7375030517578125 90.3249969482421875 89.36875152587890625 89.7624969482421875 89.25 89.0500030517578125 89.78125 91.6687469482421875 92.25 91.06874847412109375 90.2375030517578125 89.75624847412109375 89.2937469482421875 90.75624847412109375 92.6750030517578125 94.6374969482421875 95.3000030517578125 95.83750152587890625 96.8562469482421875 95.53125 93.53125 91.77500152587890625 91.9499969482421875 92.0749969482421875 92.25 93.3000030517578125 93.36875152587890625 93.9250030517578125 93.72499847412109375 93.83750152587890625 94.46875 94.6875 95.8000030517578125 96.9375 97.83750152587890625 98.33750152587890625 98.5625 97.19374847412109375 95.4187469482421875 92.41249847412109375 89.84999847412109375 86.09999847412109375 82.33750152587890625
99.06874847412109375 96.65625 93.27500152587890625 93.13750457763671875 94.5500030517578125 93.8000030517578125 93 93.53125 95.8125 96.6875 93.28749847412109375 90.46875 89.0749969482421875 88.4562530517578125 89.90625 92.0500030517578125 93.66249847412109375 94 93.74375152587890625 93.33750152587890625 92.7375030517578125 90.81874847412109375 89.24375152587890625 90.3874969482421875 90.2687530517578125 90.7312469482421875 90.8125 92 93.33750152587890625 92.7937469482421875 93.21250152587890625 94.2375030517578125 95 96.58750152587890625 98.3000030517578125 99.4250030517578125 100.33750152587890625 101.09999847412109375 100.4375 97.7687530517578125 95.1062469482421875 91.7937469482421875 88.3249969482421875 84.65625
105.65000152587890625 103.84999847412109375 100.2624969482421875 96.93125152587890625 98.96250152587890625 99.68125152587890625 99.0500030517578125 98.53125 99.90625 100.63124847412109375 95.96250152587890625 92.6125030517578125 91.15625 90.15000152587890625 90.72499847412109375 91.7937469482421875 92.91249847412109375 92.25624847412109375 91.44374847412109375 89.96875 89.3937530517578125 88.5749969482421875 87.66249847412109375 88.38124847412109375 89.28749847412109375 89.56874847412109375 89.94374847412109375 90.70000457763671875 91.78749847412109375 91.30625152587890625 91.21250152587890625 93.34375 94.0437469482421875 95.96875 97.6437530517578125 99.52500152587890625 101 102.4250030517578125 102.8125 101.0124969482421875 96.8562469482421875 93.75 90.26250457763671875 86.96250152587890625
113.52500152587890625 113.21250152587890625 109.52500152587890625 105.8312530517578125 105.4875030517578125 104.08750152587890625 102.8000030517578125 101.21250152587890625 99.88124847412109375 97.3000030517578125 94.78749847412109375 93.05625152587890625 92.31874847412109375 91.44374847412109375 91.76874542236328125 92.36875152587890625 92.55625152587890625 90.61875152587890625 88.03125 86.71250152587890625 86.59999847412109375 86.3874969482421875 86.1875 87.0625 88.09999847412109375 89.0749969482421875 89.08750152587890625 89.2687530517578125 89.08750152587890625 88.875 89.4812469482421875 91.13124847412109375 92.34999847412109375 94.47499847412109375 96.78125 98.4562530517578125 99.90000152587890625 102.03125 104.6125030517578125 102.8625030517578125 98.375 95 91.68125152587890625 88.28749847412109375
122.69374847412109375 122.4812469482421875 119.40625 117.28749847412109375 116.38124847412109375 112.59999847412109375 107.2312469482421875 101.08750152587890625 96.03749847412109375 93.05625152587890625 92.75 93.09999847412109375 93.15625 92.61875152587890625 92.5124969482421875 92.6750030517578125 91.90000152587890625 88.77500152587890625 85.4562530517578125 82.9499969482421875 84.2062530517578125 85.03749847412109375 85.0187530517578125 86.2062530517578125 87.8874969482421875 87.84999847412109375 87.4250030517578125 86.875 86.78125 86.03749847412109375 86.52500152587890625 88.80625152587890625 90.2937469482421875 92.2062530517578125 94.5812530517578125 96 97.9499969482421875 99.53749847412109375 100.68125152587890625 99.5625 96.49375152587890625 93.6374969482421875 90.6062469482421875 87.31874847412109375
130.7687530517578125 131.306243896484375 129.225006103515625 127.24375152587890625 125.59375 120.6750030517578125 114.22499847412109375 106.6374969482421875 97.96250152587890625 92.6437530517578125 93.43125152587890625 94.7624969482421875 95.6750030517578125 95.34375 94.27500152587890625 92.8312530517578125 90.8937530517578125 88.0625 85.94374847412109375 83.4562530517578125 84.02500152587890625 85.2937469482421875 85.2375030517578125 87.3249969482421875 88.28125 87.7375030517578125 86.4187469482421875 85.72499847412109375 85.1687469482421875 83.30625152587890625 83.8874969482421875 86.49375152587890625 87.27500152587890625 88.55625152587890625 90.25624847412109375 92.0500030517578125 93.72499847412109375 94.96250152587890625 95.7375030517578125 95.71875 93.7062530517578125 91.1687469482421875 89.11875152587890625 86.5124969482421875
139.306243896484375 139.506256103515625 137.71875 136.1437530517578125 134.7375030517578125 130.0812530517578125 122.78125 114.2687530517578125 106.55625152587890625 101.43125152587890625 99.30625152587890625 98.63124847412109375 99.3874969482421875 98.71250152587890625 95.9875030517578125 93.0124969482421875 89.88124847412109375 87.8249969482421875 86.0124969482421875 84.69374847412109375 85.71250152587890625 86.71875 86.4187469482421875 87.99375152587890625 88.09999847412109375 87.5749969482421875 86.5187530517578125 84.96875 83.5812530517578125 80.8562469482421875 81.03749847412109375 83.19374847412109375 83.90000152587890625 85.13124847412109375 86.6687469482421875 88.34999847412109375 90.08750152587890625 90.7312469482421875 91.7375030517578125 92.125 91.34999847412109375 89.65000152587890625 87.5500030517578125 84.8000030517578125
148.337493896484375 148.6125030517578125 146.4812469482421875 144.90625 143.4499969482421875 140.1125030517578125 133.225006103515625 123.78749847412109375 115.8312530517578125 109.91249847412109375 106.6437530517578125 104.77500152587890625 103.75 102.0749969482421875 97.52500152587890625 92.75 88.68125152587890625 87.19374847412109375 86.2062530517578125 86.03749847412109375 89.2312469482421875 89.9375 88.6875 87.86875152587890625 88.33750152587890625 88.68125152587890625 87.55625152587890625 85.9499969482421875 83.59375 80.46875 80.22499847412109375 81.625 82.25624847412109375 83 83.69374847412109375 84.6687469482421875 85.71250152587890625 86.5187530517578125 88.56874847412109375 89.52500152587890625 89.1687469482421875 88.1437530517578125 86.71875 84.5437469482421875
155.8874969482421875 155.7624969482421875 153.5437469482421875 152.625 151.3000030517578125 148.256256103515625 142.493743896484375 132.962493896484375 124.76874542236328125 118.41249847412109375 113.75624847412109375 110.46250152587890625 106.56874847412109375 103.2624969482421875 98.4250030517578125 93.5625 89.6437530517578125 88.41249847412109375 88.3125 89.5625 94.05625152587890625 94.9187469482421875 92.63124847412109375 90.4562530517578125 89.59375 89.2624969482421875 87.90000152587890625 86.5 85.25624847412109375 82.25 80.80625152587890625 80.8000030517578125 80.50624847412109375 80.5187530517578125 81.1437530517578125 82.00624847412109375 82.72499847412109375 83.78749847412109375 85.65000152587890625 87.0749969482421875 87.65000152587890625 86.96875 85.96250152587890625 84.2937469482421875
163.068756103515625 163.024993896484375 160.8249969482421875 158.850006103515625 156.71875 153.4499969482421875 147.5187530517578125 139.537506103515625 131.9250030517578125 125.90625 120.49375152587890625 115.6875 110.1062469482421875 103.38124847412109375 97.8874969482421875 93.33750152587890625 89.8249969482421875 89.71250152587890625 90.1875 91.6374969482421875 97.0124969482421875 98.03125 95.16249847412109375 93.3000030517578125 91.00624847412109375 89.47499847412109375 89.0812530517578125 87.83750152587890625 86.7937469482421875 83.90000152587890625 81.8000030517578125 80.6374969482421875 79.0124969482421875 78.1875 78.3312530517578125 79.0500030517578125 79.83750152587890625 80.8125 83.28749847412109375 84.4562530517578125 85.9250030517578125 86.1437530517578125 84.52500152587890625 79.75624847412109375
169.84375 168.443756103515625 165.9875030517578125 163.5124969482421875 161.1437530517578125 156.7624969482421875 151.306243896484375 144.8937530517578125 138.649993896484375 132.381256103515625 126.4375 118.7312469482421875 111.4812469482421875 103.78125 96.41249847412109375 92.0187530517578125 89.08750152587890625 89.1374969482421875 89.68125152587890625 90.7375030517578125 94.96875 96.4250030517578125 95.16249847412109375 93.96250152587890625 92.56874847412109375 91.44374847412109375 91.4187469482421875 90.4187469482421875 88.86875152587890625 85.4250030517578125 82.88124847412109375 80.7624969482421875 78.02500152587890625 76.19374847412109375 76.1875 77.13124847412109375 77.9375 79.8125 81.8874969482421875 84.13124847412109375 84.9250030517578125 82.8625030517578125 80.36875152587890625 78.8125
173.774993896484375 172.024993896484375 169.5749969482421875 167.0500030517578125 164.368743896484375 159.8874969482421875 155.181243896484375 149.399993896484375 143.0124969482421875 136.5749969482421875 130.056243896484375 121.6374969482421875 113.15000152587890625 104.68125152587890625 95.9875030517578125 91.34375 89.1437530517578125 89.5124969482421875 90.1999969482421875 91.00624847412109375 94.22499847412109375 95.84375 95.6875 95.8249969482421875 95.9812469482421875 95.71250152587890625 95.27500152587890625 93.9562530517578125 92.0437469482421875 87.75 84.24375152587890625 81.15625 78.19374847412109375 75.96875 75.09375 75.96250152587890625 77.88124847412109375 81.02500152587890625 84.5 86.0625 85.3125 83.8562469482421875 82.9562530517578125 81.9250030517578125
176.4250030517578125 174.337493896484375 172.4812469482421875 169.9250030517578125 167.375 163.443756103515625 158.4250030517578125 152.9875030517578125 147.462493896484375 141.743743896484375 134.5749969482421875 125.34999847412109375 116.1125030517578125 106.3312530517578125 97 90.22499847412109375 89.5187530517578125 91 91.59999847412109375 92.1125030517578125 95.125 96.91249847412109375 97.11875152587890625 98.03125 99.08750152587890625 100.3000030517578125 100.46250152587890625 98.8125 95.4562530517578125 89.9875030517578125 85.63124847412109375 82.1062469482421875 78.47499847412109375 76.3125 74.4187469482421875 76.375 79.4499969482421875 81.03749847412109375 84.58750152587890625 86.8000030517578125 88.3874969482421875 87.6062469482421875 85.9875030517578125 82.3312530517578125
178.681243896484375 177.2624969482421875 174.962493896484375 172.537506103515625 170.4812469482421875 166.71875 162.65625 157.4187469482421875 152.2375030517578125 146.375 139.5812530517578125 130.162506103515625 120.18125152587890625 110.15625 101.1750030517578125 94.6687469482421875 91.58750152587890625 92.3625030517578125 93.52500152587890625 94.30625152587890625 96.9562530517578125 98.55625152587890625 98.83750152587890625 99.6875 101.55625152587890625 104.5437469482421875 106.3625030517578125 103.3625030517578125 97.875 91.7375030517578125 87.21875 84.4875030517578125 80.2062530517578125 77.34999847412109375 77.875 81.44374847412109375 82.8312530517578125 85.28749847412109375 89.7624969482421875 91.625 94.03749847412109375 92.7062530517578125 88.3625030517578125 85.05625152587890625
180.1875 178.7937469482421875 177.1875 175.3125 172.9812469482421875 170.5 167.068756103515625 162.125 157.1999969482421875 151.350006103515625 144.587493896484375 135.4562530517578125 125.02500152587890625 115.86875152587890625 108.0749969482421875 101.59999847412109375 97.29375457763671875 95.0124969482421875 96.8562469482421875 97.84999847412109375 100.46875 100.58750152587890625 100.03125 101.53749847412109375 104.21250152587890625 107.5812530517578125 111.78749847412109375 107.24375152587890625 99.5625 91.5749969482421875 86.41249847412109375 83.6374969482421875 82.3874969482421875 83.30625152587890625 84.78125 84.90000152587890625 87.1875 89.7687530517578125 91.68125152587890625 95.5124969482421875 96.97499847412109375 94.8874969482421875 91.31874847412109375 88.0187530517578125
181.0437469482421875 180.537506103515625 179.1437530517578125 177.6750030517578125 176.149993896484375 173.96875 170.6999969482421875 166.881256103515625 162.7062530517578125 157.787506103515625 150.8562469482421875 141.662506103515625 131.618743896484375 122.93125152587890625 114.84375 108.59375 103.9250030517578125 100.3000030517578125 100 101.05625152587890625 104.16249847412109375 105.1437530517578125 101.09999847412109375 102.74375152587890625 105.7062530517578125 108.63124847412109375 110.8562469482421875 107.4375 100.7062530517578125 91.90000152587890625 85.3874969482421875 85.0500030517578125 87.96875 88.90625 89.00624847412109375 90.9499969482421875 92.5124969482421875 94.125 96.6062469482421875 98.97499847412109375 99.84999847412109375 99.0812530517578125 95.0437469482421875 91.40000152587890625
