data/historical-monthly-weather-data/wc2.1_cruts4.09_10m_prec_1964-10.asc
ncols        51
nrows        45
xllcorner    -63.500000000000
yllcorner    -7.500000000000
cellsize     0.166666666667
NODATA_value -9999
[rows 20 to 39 of 45, columns 0 to 43 of 51]
242.6374969482421875 256.412506103515625 263.756256103515625 268.899993896484375 272.33123779296875 270.243743896484375 266.70623779296875 260.14373779296875 249.931243896484375 235.8562469482421875 220.2375030517578125 205.3312530517578125 191.5500030517578125 177.7062530517578125 168.4187469482421875 160.162506103515625 151.618743896484375 144.725006103515625 141.475006103515625 137.1374969482421875 131.850006103515625 127.28125 123.68125152587890625 126.03125 128.3937530517578125 128.15625 125.88124847412109375 119.88124847412109375 113.59999847412109375 109.18125152587890625 106.6062469482421875 108.0187530517578125 110.9499969482421875 115.43125152587890625 120.27500152587890625 116.625 112.16249847412109375 110.65000152587890625 108.8000030517578125 106.81874847412109375 104.11875152587890625 99.66249847412109375 93.1062469482421875 86.78125
222.8062591552734375 240.1500091552734375 249.493743896484375 256.26251220703125 261.66876220703125 261.475006103515625 258.90625 254.306243896484375 246.537506103515625 232.78125 216.337493896484375 200.6750030517578125 186.46875 174.1437530517578125 164.431243896484375 156.6062469482421875 149.7687530517578125 143.90625 140.118743896484375 136.743743896484375 131.1125030517578125 127.2312469482421875 125.1999969482421875 126.90000152587890625 128.118743896484375 128.1999969482421875 128.100006103515625 125.21875 122.41249847412109375 120.4375 119.3562469482421875 120.46875 122.7687530517578125 126.63124847412109375 128.8249969482421875 126.25 121.28749847412109375 117.25 113.7312469482421875 111.0812530517578125 107.90000152587890625 103.71875 98.65000152587890625 92.9375
206.837493896484375 227.40625 238.243743896484375 245.8874969482421875 250.743743896484375 251.274993896484375 250.225006103515625 248.256256103515625 244.375 229.6687469482421875 212.6750030517578125 195.9250030517578125 182.6062469482421875 171.8249969482421875 162.375 154.5749969482421875 148.1374969482421875 143.7375030517578125 140.0500030517578125 136.65625 132.8125 129.024993896484375 126.83750152587890625 128.3562469482421875 129.1999969482421875 128.1687469482421875 129.6437530517578125 130.662506103515625 129.7062530517578125 129.756256103515625 130.8937530517578125 132.943756103515625 134.1999969482421875 136.6875 137.53125 134.2375030517578125 129.0749969482421875 123.36875152587890625 119 117.1125030517578125 114.24375152587890625 110.3000030517578125 105.53749847412109375 99.9499969482421875
192.256256103515625 213.350006103515625 226.5124969482421875 233.399993896484375 238.3249969482421875 239.5875091552734375 238.9812469482421875 238.600006103515625 235.0437469482421875 222.4875030517578125 206.34375 192.0500030517578125 180.1999969482421875 170.3937530517578125 162.475006103515625 155.524993896484375 150.09375 146.1999969482421875 142.84375 139.625 136.399993896484375 133.5625 130.5812530517578125 131.337493896484375 131.34375 129.28125 129.5625 132.912506103515625 135.75 137.899993896484375 140.1999969482421875 142.600006103515625 144.024993896484375 145.53125 146.149993896484375 143.75 139.006256103515625 132.881256103515625 128.556243896484375 125.5187530517578125 122.19374847412109375 117.9250030517578125 112.55625152587890625 106.2937469482421875
183.412506103515625 201.837493896484375 215.3312530517578125 220.75 225.4250030517578125 226.6750030517578125 226.149993896484375 224.743743896484375 220.693756103515625 212.037506103515625 200.625 188.850006103515625 178.868743896484375 170.2937469482421875 163.287506103515625 157.712493896484375 152.837493896484375 149.6687469482421875 146.8125 144.2375030517578125 141.1875 137.5812530517578125 135.3874969482421875 135.59375 135.6999969482421875 135.6062469482421875 136.3249969482421875 139.337493896484375 142.6687469482421875 145.4625091552734375 148 149.8312530517578125 152.2937469482421875 153.649993896484375 154.625 152.0374908447265625 148.993743896484375 145.2687530517578125 140.25 136.7312469482421875 132.681243896484375 127.36875152587890625 121.0437469482421875 115
176.9312591552734375 191.2062530517578125 200.09375 207.1374969482421875 211.6999969482421875 212.899993896484375 212.600006103515625 211.3562469482421875 208.5187530517578125 203.118743896484375 193.631256103515625 185.1437530517578125 176.868743896484375 169.649993896484375 164.5 159.837493896484375 156.149993896484375 153.318756103515625 151.243743896484375 149.125 146.475006103515625 143.037506103515625 140.90625 141.431243896484375 142.1875 143.0500030517578125 144.8312530517578125 147.1437530517578125 150.0437469482421875 153 154.412506103515625 157.2062530517578125 160.337493896484375 161.8625030517578125 163.7312469482421875 161.875 159.7687530517578125 157.7687530517578125 153.28125 149.3312530517578125 144.9375 138.9875030517578125 131.6374969482421875 125.18125152587890625
176.375 184.9250030517578125 191.6437530517578125 197.1687469482421875 201.100006103515625 202.90625 202.84375 202.0749969482421875 199.3874969482421875 194.6875 189.4312591552734375 183.4562530517578125 177.350006103515625 171.8562469482421875 167.3125 163.8562469482421875 160.09375 158.0500030517578125 155.9000091552734375 153.75 151.462493896484375 148.306243896484375 146.131256103515625 148.087493896484375 148.7687530517578125 150.037506103515625 151.7624969482421875 154.03125 157.006256103515625 159.381256103515625 161.7062530517578125 163.399993896484375 167.587493896484375 170.6374969482421875 172.774993896484375 172.5437469482421875 172.006256103515625 171.243743896484375 168.03125 165.3187408447265625 161.3562469482421875 155.524993896484375 148.024993896484375 140.743743896484375
175.4499969482421875 180.5 185.03125 189.181243896484375 192.100006103515625 193.7312469482421875 194.587493896484375 193.774993896484375 191.712493896484375 189 185.131256103515625 181.306243896484375 177.8312530517578125 173.5 170.287506103515625 167.5812530517578125 165.0812530517578125 162.4562530517578125 160.7062530517578125 159.274993896484375 156.71875 153.818756103515625 152.625 154.068756103515625 155.1687469482421875 156.9875030517578125 159.2937469482421875 161.8249969482421875 163.725006103515625 165.6374969482421875 167.100006103515625 169.25 174.3249969482421875 178.40625 182.743743896484375 183.306243896484375 183.5812530517578125 185.3625030517578125 182.96875 181.9187469482421875 180.7687530517578125 174.28125 164.8562469482421875 158.1999969482421875
174.8249969482421875 177.4499969482421875 179.5625 182.59375 184.662506103515625 185.443756103515625 185.7937469482421875 185.8312530517578125 184.96875 184.0812530517578125 182.368743896484375 180.287506103515625 178.1437530517578125 175.2375030517578125 173.3562469482421875 171.350006103515625 169.787506103515625 167.4375 165.5187530517578125 164.1999969482421875 161.6374969482421875 159.381256103515625 158.3125 159.7937469482421875 161.162506103515625 163.568756103515625 166.056243896484375 168.4375 171.306243896484375 172.3874969482421875 172.78125 174.774993896484375 180.7062530517578125 186.1374969482421875 191.65625 193.962493896484375 195.6750030517578125 198 196.03125 195.868743896484375 196.7937469482421875 190.2624969482421875 180.899993896484375 176.5187530517578125
179.5437469482421875 180.6500091552734375 180.9375 181.181243896484375 182.100006103515625 181.5500030517578125 181.806243896484375 182.350006103515625 182.7624969482421875 182.087493896484375 182.024993896484375 180.6125030517578125 179.9875030517578125 178.3625030517578125 176.7375030517578125 175.625 173.5625 172.068756103515625 169.875 167.4562530517578125 165.537506103515625 163.600006103515625 162.256256103515625 163.350006103515625 165.4250030517578125 168.743743896484375 171.118743896484375 173.2249908447265625 175.3125 176.8000030517578125 178.368743896484375 180.8312530517578125 187.4812469482421875 194.6999969482421875 201.09375 204.7312469482421875 207.6999969482421875 211.8625030517578125 208.8625030517578125 207.9812469482421875 209.256256103515625 207.8125 202.4499969482421875 201.756256103515625
184.6999969482421875 184.1125030517578125 183.0749969482421875 180.71875 180.28125 180.318756103515625 180.056243896484375 180.375 180.8249969482421875 180.774993896484375 181.9187469482421875 182.087493896484375 182.993743896484375 182.368743896484375 180.5 179.6062469482421875 178.462493896484375 176.2375030517578125 173.8312530517578125 171.6062469482421875 169.1999969482421875 167.3937530517578125 166.162506103515625 167.337493896484375 169.6687469482421875 172.6187591552734375 175.0187530517578125 177.0500030517578125 178.9375 180.881256103515625 183.681243896484375 186.9250030517578125 194.618743896484375 203.3125 211.068756103515625 215.1750030517578125 219.9499969482421875 225.537506103515625 222.037506103515625 216.2375030517578125 219.0500030517578125 223.287506103515625 224.4625091552734375 225.056243896484375
188.7624969482421875 186.943756103515625 183.71875 181.2312469482421875 180.84375 179.0437469482421875 178.2624969482421875 178.399993896484375 179.131256103515625 179.931243896484375 181.46875 183.15625 184.4250030517578125 185.2375030517578125 184.7937469482421875 184.03125 182.162506103515625 179.09375 177.53125 175.212493896484375 172.6999969482421875 170.7062530517578125 169.5812530517578125 170.5749969482421875 173.1999969482421875 175.881256103515625 178.15625 180.28125 182.09375 185.2312469482421875 188.774993896484375 192.431243896484375 201.4250030517578125 211.943756103515625 220.25 226.100006103515625 232.5 239.125 234.9812469482421875 231.725006103515625 236.8937530517578125 244.0812530517578125 247.6374969482421875 251.6875
194.712493896484375 191.9250030517578125 187.993743896484375 185.3249969482421875 183.15625 180.600006103515625 178.681243896484375 177.618743896484375 177.8562469482421875 178.9499969482421875 183.1437530517578125 184.7624969482421875 187.493743896484375 189.9187469482421875 189.2624969482421875 187.7312469482421875 185.0124969482421875 182.149993896484375 179.975006103515625 177.59375 174.743743896484375 172.431243896484375 170.6750030517578125 172.024993896484375 174.1687469482421875 176.537506103515625 178.9187469482421875 180.8562469482421875 183.1750030517578125 188.4375 193.399993896484375 198.7624969482421875 207.53125 219.4187469482421875 230.96875 240.193756103515625 247.600006103515625 253.9187469482421875 253.4187469482421875 257.46875 265.162506103515625 272.956268310546875 279.51251220703125 285.618743896484375
199.4375 196.8000030517578125 192.975006103515625 189.6750030517578125 185.53125 182.3249969482421875 179.4187469482421875 177.4562530517578125 176.34375 177.5625 180.8249969482421875 185.8249969482421875 191.40625 193.1125030517578125 193.0437469482421875 190.931243896484375 188 185.256256103515625 181.9812469482421875 179.9187469482421875 176.6374969482421875 173.71875 171.6062469482421875 171.9375 174.25 176.4375 178.46875 180.600006103515625 183.7375030517578125 190.462493896484375 197.78125 205.399993896484375 216.587493896484375 228.431243896484375 242.381256103515625 253.1875 261.850006103515625 269.91876220703125 274.899993896484375 283.443756103515625 292 301.75 312.75 322.32501220703125
203.7687530517578125 201.618743896484375 196.6374969482421875 192.84375 187.9187469482421875 183.8125 179.7937469482421875 177.1875 174.318756103515625 174.993743896484375 179.225006103515625 186.21875 194.0187530517578125 198.2062530517578125 196.212493896484375 193.6750030517578125 190.6875 187.5812530517578125 184.381256103515625 181.2937469482421875 178.056243896484375 174.431243896484375 171.912506103515625 171.587493896484375 173.3874969482421875 175.3000030517578125 177.837493896484375 180.787506103515625 184.3562469482421875 192.3000030517578125 201.087493896484375 211.131256103515625 223.931243896484375 238.287506103515625 252.462493896484375 263.53125 273.681243896484375 286.15625 294.89373779296875 305.32501220703125 316.475006103515625 326.949981689453125 340.368743896484375 352.15625
205.9499969482421875 203.7687530517578125 199.649993896484375 194.8312530517578125 189.975006103515625 185.6687469482421875 180.53125 176.4437408447265625 172.5437469482421875 171.712493896484375 176.850006103515625 185.287506103515625 194.8937530517578125 199.5 198.181243896484375 195.193756103515625 191.59375 188.787506103515625 185.681243896484375 182.2375030517578125 179.0812530517578125 175.725006103515625 171.9499969482421875 171.1999969482421875 171.9499969482421875 172.78125 175 178.037506103515625 181.8312530517578125 191.7312469482421875 202.1125030517578125 213.631256103515625 227.6875 244.037506103515625 258.16876220703125 269 283.34375 295.75 306.149993896484375 317.481231689453125 330.57501220703125 342.51251220703125 352.91876220703125 366.399993896484375
207.8937530517578125 205.96875 201.931243896484375 197.381256103515625 192.6187591552734375 187.40625 181.493743896484375 176.1687469482421875 170.6937408447265625 166.774993896484375 173.4375 186.6750030517578125 194.912506103515625 198.25 198.0812530517578125 195.7937469482421875 191.8249969482421875 189.225006103515625 185.743743896484375 182.024993896484375 178.6875 175.037506103515625 171.78125 169.943756103515625 169.4250030517578125 169.6687469482421875 171.5749969482421875 174.662506103515625 179.1750030517578125 190.4375 202.9812469482421875 215.243743896484375 231.9875030517578125 249.4250030517578125 263.243743896484375 277.07501220703125 291.41876220703125 305.912506103515625 317.087493896484375 328.368743896484375 341.493743896484375 351.337493896484375 363.6875 378.462493896484375
210.318756103515625 208.618743896484375 204.5062408447265625 200.162506103515625 195.743743896484375 190.0625 184.818756103515625 179.118743896484375 173.6125030517578125 167.443756103515625 179.2624969482421875 192.3249969482421875 197.256256103515625 199.462493896484375 198.6437530517578125 196.1437530517578125 191.8625030517578125 189.0437469482421875 185.818756103515625 181.625 177.818756103515625 173.3562469482421875 169.8874969482421875 167.274993896484375 166.5812530517578125 166.3625030517578125 167.881256103515625 171.006256103515625 175.7375030517578125 188.59375 201.631256103515625 216 233.962493896484375 251.568756103515625 267.67498779296875 280.943756103515625 297.09375 311.25 324.92498779296875 337.79376220703125 347.875 359.368743896484375 369.368743896484375 381.743743896484375
215.3000030517578125 212.837493896484375 208.931243896484375 204.40625 199.662506103515625 194.068756103515625 189.024993896484375 185.65625 182.9375 186.181243896484375 198.3312530517578125 201.1687469482421875 200.8249969482421875 200.7687530517578125 199.931243896484375 197.506256103515625 193.256256103515625 189.774993896484375 185.337493896484375 181.2687530517578125 176.0749969482421875 171.212493896484375 167.7062530517578125 165.068756103515625 163.5749969482421875 163.75 165.90625 169.3625030517578125 173.725006103515625 185.5437469482421875 199 212.3625030517578125 228.2312469482421875 244.256256103515625 261.399993896484375 276.29376220703125 289.86248779296875 304.068756103515625 317.068756103515625 325.431243896484375 336.08123779296875 345.850006103515625 353.256256103515625 363.350006103515625
221.131256103515625 218.068756103515625 214.162506103515625 209.681243896484375 204.3874969482421875 199.8249969482421875 194.9250030517578125 193.0812530517578125 192.475006103515625 196.068756103515625 201.524993896484375 204.399993896484375 204.53125 203.1437530517578125 202.1687469482421875 199.03125 194.975006103515625 191.0124969482421875 185.5124969482421875 179.912506103515625 174.1374969482421875 168.662506103515625 164.46875 161.90625 161.306243896484375 161.287506103515625 163.631256103515625 167.4812469482421875 171.993743896484375 182.850006103515625 194.556243896484375 207.649993896484375 223.943756103515625 238.693756103515625 255.03125 268.131256103515625 280.07501220703125 293.17498779296875 305.53125 311.20623779296875 319.256256103515625 327.912506103515625 333.431243896484375 340.85626220703125
