data/historical-monthly-weather-data/wc2.1_cruts4.09_10m_prec_1970-06.asc
ncols        45
nrows        45
xllcorner    -63.500000000000
yllcorner    -7.500000000000
cellsize     0.166666666667
NODATA_value -9999
[rows 19 to 37 of 45, columns 0 to 43 of 45]
138.631256103515625 141.3125 142.3625030517578125 141.7624969482421875 143.649993896484375 148.4187469482421875 149.03125 147.5124969482421875 150.506256103515625 151.0437469482421875 149.6999969482421875 146.5437469482421875 141.118743896484375 135.0062408447265625 129.743743896484375 118.4187469482421875 111.7062530517578125 114.7687530517578125 110.16249847412109375 113.0437469482421875 109.4375 116.9250030517578125 131.5812530517578125 136.7375030517578125 134.4187469482421875 132.618743896484375 131.1125030517578125 137.243743896484375 132.8249969482421875 127.9187469482421875 127.26874542236328125 140.1999969482421875 144.90625 146.368743896484375 150.125 162.0625 170 167.818756103515625 163.4499969482421875 156.2375030517578125 142.1750030517578125 127.0500030517578125 128.318756103515625 129.6062469482421875
122.6374969482421875 131.7062530517578125 136.6374969482421875 137.3249969482421875 134.9562530517578125 136.993743896484375 140.8562469482421875 142.03125 143.681243896484375 143.181243896484375 143.7624969482421875 140.556243896484375 135.34375 127.4875030517578125 120.25 115.6687469482421875 108.59999847412109375 107.40625 111.8874969482421875 112.1875 121.84999847412109375 130.5812530517578125 141.506256103515625 150.100006103515625 149.9187469482421875 143.381256103515625 130.787506103515625 128.8937530517578125 127.81874847412109375 129.28125 130.7375030517578125 137.774993896484375 133.024993896484375 132.899993896484375 134.5999908447265625 145.149993896484375 154.256256103515625 156.1437530517578125 149.15625 141.8000030517578125 133.40625 122.56874847412109375 121.6374969482421875 123.8312530517578125
115.15625 117.6437530517578125 124.9812469482421875 129.8249969482421875 129.96875 130.15625 132.7624969482421875 133.8125 135.024993896484375 137.693756103515625 138.1374969482421875 133.2375030517578125 128.0500030517578125 124.9375 121.8937530517578125 113.90000152587890625 117.1437530517578125 114.1374969482421875 119.19374847412109375 120.99375152587890625 123.74375152587890625 137.0625 147.9812469482421875 148.162506103515625 144.5500030517578125 139.6437530517578125 137.524993896484375 130.1374969482421875 132.34375 133.5437469482421875 129.8312530517578125 125.4499969482421875 123.6437530517578125 126.99375152587890625 126.2375030517578125 130.9812469482421875 137.75 143.03125 140.493743896484375 135.5749969482421875 127.9499969482421875 121.2375030517578125 120.15625 122.9812469482421875
108.3874969482421875 117.33750152587890625 124.06874847412109375 128.1374969482421875 128.662506103515625 127.3937530517578125 123.1687469482421875 122.97499847412109375 128.7375030517578125 130.881256103515625 130.9812469482421875 130.625 131.618743896484375 130.8125 127.31874847412109375 122.46875 117.49375152587890625 116.34375 120.28749847412109375 125.68125152587890625 134.993743896484375 140.837493896484375 145.03125 146.2937469482421875 149.2624969482421875 144.306243896484375 136.274993896484375 131.6875 130.600006103515625 124.7687530517578125 120.33750152587890625 118.65000152587890625 115.2062530517578125 113.7624969482421875 117.68125152587890625 118.34999847412109375 121.11875152587890625 126.8249969482421875 130.037506103515625 129.2062530517578125 123.40000152587890625 119.28125 117.57500457763671875 117.625
99.19374847412109375 109.03749847412109375 119.53749847412109375 121.0500030517578125 120.5500030517578125 119.61875152587890625 121.6437530517578125 121.28125 121.3312530517578125 120.8125 126.27500152587890625 131.743743896484375 130.9562530517578125 132.881256103515625 126.625 122.7624969482421875 119.83750152587890625 123.375 126.5625 130.3562469482421875 138.0500030517578125 147.375 149.868743896484375 156.131256103515625 152.631256103515625 144.787506103515625 142.037506103515625 129.337493896484375 122.58750152587890625 118.6999969482421875 113.7937469482421875 111.09999847412109375 109.28749847412109375 105.6687469482421875 107.65000152587890625 107.0749969482421875 111.36875152587890625 116.65000152587890625 118.3937530517578125 117.78125 115.28125 113.90625 113.5625 114.9812469482421875
89.4499969482421875 100.3000030517578125 109.1125030517578125 115.5187530517578125 117.3125 116.72499847412109375 117.1687469482421875 118.96250152587890625 118.46250152587890625 121.84375 123.6437530517578125 125.9499969482421875 129.743743896484375 127.34999847412109375 122.3312530517578125 119.7937469482421875 119.7375030517578125 121.33750152587890625 126.6374969482421875 134.03125 141.3312530517578125 147.2624969482421875 157.0124969482421875 160.2687530517578125 151.4812469482421875 143.662506103515625 135.4875030517578125 126.28125 117.9250030517578125 113.88124847412109375 105.5625 99.84375 97.75 97.75624847412109375 97.9499969482421875 99.5124969482421875 102.46250152587890625 104.66249847412109375 108.7937469482421875 109.6875 108.68125152587890625 109.47499847412109375 111.28125 110.0812530517578125
83.84375 95.91249847412109375 99.6750030517578125 106.0749969482421875 107.80625152587890625 109 109.0812530517578125 111.5749969482421875 108.96875 109.21875 115.3312530517578125 118.25 121.90625 121.94374847412109375 120.5187530517578125 116.3125 117.0124969482421875 122.3625030517578125 128.537506103515625 132.256256103515625 140.3625030517578125 147.943756103515625 155.8125 156.318756103515625 151.693756103515625 141.3249969482421875 132.4875030517578125 123.1125030517578125 111.9187469482421875 106.0124969482421875 97.8125 91.8312530517578125 89.65000152587890625 88.5812530517578125 88.2687530517578125 92.09375 95.0625 95.53125 97.4812469482421875 101.3249969482421875 101.2312469482421875 97.125 98.65625 101.72499847412109375
76.5500030517578125 82.0625 88.84999847412109375 93.8562469482421875 96.08750152587890625 98.4187469482421875 99.69374847412109375 98 98.34999847412109375 104.5437469482421875 111.1437530517578125 114.1687469482421875 115.75624847412109375 117.875 118.40625 118.3562469482421875 117.24375152587890625 118.5500030517578125 125.7062530517578125 129.681243896484375 134.8125 142.6999969482421875 151.8312530517578125 157.631256103515625 147.1062469482421875 137.34375 128.6875 117.3937530517578125 106.65000152587890625 99.4875030517578125 93.4812469482421875 85.15000152587890625 82.0437469482421875 81.1437530517578125 81.0625 83.16249847412109375 87.13124847412109375 87.6125030517578125 88.19374847412109375 92.88124847412109375 95.25 93.7937469482421875 92.4250030517578125 93.8312530517578125
70.18125152587890625 71.94374847412109375 77.21250152587890625 80.0187530517578125 82.5187530517578125 86.65625 89.40000152587890625 89.6437530517578125 92.1875 98.6125030517578125 103.3625030517578125 107.56874847412109375 109.28749847412109375 110.875 111.5124969482421875 112.02500152587890625 111.9250030517578125 116.1125030517578125 118.71250152587890625 125.0749969482421875 131.65625 136.125 146.6125030517578125 146.84375 139.881256103515625 129.931243896484375 121.34999847412109375 110.5124969482421875 103.1687469482421875 97.5625 90.28749847412109375 83.625 78.97499847412109375 74.6750030517578125 75.9875030517578125 77.3562469482421875 80.65000152587890625 80.5 82.7624969482421875 86.3249969482421875 89.0749969482421875 91.05625152587890625 86.3000030517578125 89.49375152587890625
62.956249237060546875 65.72499847412109375 66.9250030517578125 68.44374847412109375 71.90000152587890625 73.3625030517578125 77.25 81.46875 86.50624847412109375 90.91249847412109375 96.34999847412109375 100.1125030517578125 103.9375 106.625 107.5437469482421875 108.65625 110.4562530517578125 112.46250152587890625 117.4187469482421875 123.33750152587890625 126.36875152587890625 129.7375030517578125 134.9250030517578125 134.006256103515625 128.9187469482421875 119.80625152587890625 114.7062530517578125 107.69374847412109375 99.4562530517578125 91.6125030517578125 84 78.9562530517578125 73.9375 71.86875152587890625 70.36875152587890625 71.0124969482421875 74.75 73.0187530517578125 75.5437469482421875 77.8312530517578125 79.22499847412109375 79.9187469482421875 80.3125 86
59.30625152587890625 59.84375 60.91249847412109375 61.49375152587890625 63.543750762939453125 66.875 70.11875152587890625 76.0437469482421875 80.21875 85.4875030517578125 90.71250152587890625 95.66249847412109375 100.2312469482421875 103.7687530517578125 103.84999847412109375 103.65625 104.59375 109.09999847412109375 109.625 110.9375 117.03125 120.8562469482421875 125.1875 124.25 117.90625 114.21875 108.08750152587890625 100.6437530517578125 93.61875152587890625 85.71250152587890625 79.16249847412109375 73.83750152587890625 70.55625152587890625 68.65625 67.9875030517578125 66.66249847412109375 70.4875030517578125 68.59375 67.22499847412109375 71.8937530517578125 72.46875 72.88124847412109375 75.49375152587890625 76.5437469482421875
57.137500762939453125 56.168750762939453125 56.075000762939453125 56.887500762939453125 58.44374847412109375 61.200000762939453125 65.36875152587890625 69.90625 74 79.99375152587890625 85.77500152587890625 89.65000152587890625 95.84375 95.5625 97.1875 100.83750152587890625 102.81874847412109375 103.6062469482421875 104.4812469482421875 106.7375030517578125 109.8125 111.16249847412109375 114.8937530517578125 114.75 110.2375030517578125 107.28125 100.86875152587890625 94.71875 87.7312469482421875 80.9812469482421875 77.3249969482421875 72.43125152587890625 68.08750152587890625 64.49375152587890625 63.206249237060546875 61.918750762939453125 63.84999847412109375 63.231250762939453125 61.956249237060546875 61.049999237060546875 63.00624847412109375 63.68125152587890625 65.6374969482421875 67.58750152587890625
54.981250762939453125 53.49375152587890625 52.40000152587890625 53.487499237060546875 56 58.424999237060546875 61.456249237060546875 65.03125 69.6374969482421875 73.94374847412109375 77.7312469482421875 82.49375152587890625 85.78749847412109375 90.0187530517578125 93.49375152587890625 95.84375 95.09375 95.61875152587890625 97.13124847412109375 99.53749847412109375 101.7687530517578125 104.1374969482421875 104.5812530517578125 103.5 102.21250152587890625 98.6437530517578125 94.19374847412109375 88.8562469482421875 82.34375 79.7375030517578125 74.7624969482421875 69.59999847412109375 65.8874969482421875 61.80625152587890625 59.512500762939453125 57.174999237060546875 56.97499847412109375 54.65000152587890625 54.88124847412109375 54.71875 56.50624847412109375 57.53125 58.5 60
55.34999847412109375 53.918750762939453125 53.68125152587890625 54.41249847412109375 54.762500762939453125 56.918750762939453125 59.581249237060546875 62.96875 65.9499969482421875 69.7687530517578125 75.63124847412109375 79.0812530517578125 82.9375 88.6687469482421875 92.2687530517578125 91.58750152587890625 90.3625030517578125 92.75 93.8312530517578125 95.1437530517578125 94.65000152587890625 95.21250152587890625 96.8562469482421875 96.24375152587890625 94.03125 91.6437530517578125 87.34375 82.34375 77.9812469482421875 75.625 71.88124847412109375 65.94374847412109375 62.637500762939453125 60.21250152587890625 56.86875152587890625 54.168750762939453125 51.875 49.393749237060546875 49.22499847412109375 50.768749237060546875 51.80625152587890625 52.0625 51.600002288818359375 52.02500152587890625
55.612499237060546875 55.043750762939453125 55.856250762939453125 55.68125152587890625 55.1875 56.33750152587890625 59.049999237060546875 60.487499237060546875 62.612499237060546875 65.3000030517578125 70.6374969482421875 76.2687530517578125 80.4812469482421875 83.80625152587890625 85.8249969482421875 87.90625 89.13124847412109375 89.03749847412109375 87.72499847412109375 88.6374969482421875 89.06874847412109375 88.66249847412109375 90.93125152587890625 88.43125152587890625 87.43125152587890625 83.96875 81.81874847412109375 77.75624847412109375 75.2687530517578125 72.3874969482421875 69.65000152587890625 65.68125152587890625 59.8125 56.231250762939453125 53.875 51.15000152587890625 48.28749847412109375 45.5 45.125 45.34999847412109375 44.72499847412109375 45.668750762939453125 45.731250762939453125 43.512500762939453125
56.918750762939453125 55.28749847412109375 56.5625 57.38124847412109375 56.53749847412109375 55.668750762939453125 56.1875 57.924999237060546875 59.875 62.049999237060546875 68.68125152587890625 74.80625152587890625 79.5 85.72499847412109375 87.69374847412109375 87.38124847412109375 86.22499847412109375 83.52500152587890625 81.8312530517578125 79.34999847412109375 82.21875 80.6125030517578125 80.9562530517578125 79.2624969482421875 80.88124847412109375 79.1374969482421875 76.53749847412109375 72.2937469482421875 69.6875 66.90000152587890625 65.09999847412109375 62.47499847412109375 56.418750762939453125 52.61875152587890625 49.15625 47.137500762939453125 43.518749237060546875 42.762500762939453125 40.90625 40.581249237060546875 39.6875 39.02500152587890625 39.143749237060546875 37.981250762939453125
58.887500762939453125 57.137500762939453125 57.50624847412109375 58.25 58.043750762939453125 57.41249847412109375 57.44374847412109375 57.512500762939453125 58.206249237060546875 59.75 63.856250762939453125 73.03125 79.86875152587890625 84.4375 86.31874847412109375 85.9812469482421875 83.6374969482421875 78.8249969482421875 75.99375152587890625 72.49375152587890625 72.68125152587890625 74.4375 73.71250152587890625 72.3874969482421875 73.65000152587890625 72.28749847412109375 70.0812530517578125 66.83750152587890625 65.68125152587890625 62.77500152587890625 59.90000152587890625 57.668750762939453125 53.31874847412109375 49.043750762939453125 44.84999847412109375 43.143749237060546875 41.950000762939453125 39.450000762939453125 38.293750762939453125 38.15000152587890625 37.15625 35.825000762939453125 35.325000762939453125 35.11875152587890625
58.875 59.43125152587890625 58.28749847412109375 59.137500762939453125 59.799999237060546875 58.99375152587890625 58.38124847412109375 58.90000152587890625 58.831249237060546875 57.02500152587890625 63.125 74.375 81.50624847412109375 83.5 84.74375152587890625 83.7375030517578125 81.5749969482421875 77.4499969482421875 73.65000152587890625 67.84999847412109375 66.40000152587890625 68.44374847412109375 67.44374847412109375 66.96250152587890625 66.19374847412109375 65.4375 65.46250152587890625 62.84999847412109375 60.33750152587890625 56.831249237060546875 55.856250762939453125 52.68125152587890625 49.46250152587890625 46.143749237060546875 42.200000762939453125 40.52500152587890625 39.518749237060546875 38.362499237060546875 36.40000152587890625 35.03125 33.86875152587890625 33.424999237060546875 31.837499618530273438 33.487499237060546875
58.668750762939453125 59.549999237060546875 59.78749847412109375 61.28749847412109375 61.262500762939453125 60.825000762939453125 60.875 60.950000762939453125 61.52500152587890625 59.012500762939453125 69.1999969482421875 79.36875152587890625 82.7624969482421875 84.65625 82.90000152587890625 81.0500030517578125 78.1125030517578125 74.7375030517578125 71.6062469482421875 66.9499969482421875 63.924999237060546875 63.47499847412109375 61.424999237060546875 61.27500152587890625 60.19374847412109375 60.93125152587890625 61.02500152587890625 58.68125152587890625 56.40625 52.53749847412109375 50.268749237060546875 49.31874847412109375 46.78749847412109375 42.90625 39.52500152587890625 38.293750762939453125 37.125 35.53749847412109375 35.72499847412109375 33.6875 31.987499237060546875 31.700000762939453125 29.575000762939453125 28.893749237060546875
