data/historical-monthly-weather-data/wc2.1_cruts4.09_10m_prec_1961-07.asc
ncols        51
nrows        45
xllcorner    -63.500000000000
yllcorner    -7.500000000000
cellsize     0.166666666667
NODATA_value -9999
[rows 19 to 37 of 45, columns 0 to 42 of 51]
99.75624847412109375 103.625 103.21875 102.33750152587890625 100.47499847412109375 99.78125 93.93125152587890625 90.36875152587890625 87.21250152587890625 81.75624847412109375 77.11875152587890625 74.09375 68.86875152587890625 63.77500152587890625 56.90000152587890625 49.762500762939453125 44.856250762939453125 46.44374847412109375 41.987499237060546875 39.25 36.137500762939453125 37.59999847412109375 40.84375 43.03749847412109375 43.44374847412109375 41.58750152587890625 41.237499237060546875 42.78749847412109375 42.737499237060546875 42.74375152587890625 45.63124847412109375 51.393749237060546875 52.106250762939453125 52.15625 52.987499237060546875 56.293750762939453125 58.174999237060546875 58.81874847412109375 59.331249237060546875 57.393749237060546875 52.86875152587890625 49.106250762939453125 48.206249237060546875
87.0187530517578125 95.84375 99.27500152587890625 96.3249969482421875 92.84375 91.8312530517578125 87.7312469482421875 84.6437530517578125 81.03125 77.0124969482421875 71.97499847412109375 69.27500152587890625 65.50624847412109375 60.262500762939453125 53.90625 48.03125 44.06874847412109375 42.30625152587890625 41.512500762939453125 37.606250762939453125 38.59999847412109375 39.97499847412109375 42.018749237060546875 44.55625152587890625 44.625 42.075000762939453125 39.393749237060546875 40.424999237060546875 42.03749847412109375 43.424999237060546875 47.543750762939453125 51.625 50.075000762939453125 50.362499237060546875 51.137500762939453125 53.38124847412109375 55.143749237060546875 54.56874847412109375 53.643749237060546875 51.549999237060546875 48.86875152587890625 47.11875152587890625 45.19374847412109375
81.25 84.4250030517578125 88.78125 89.03125 87.61875152587890625 83.1437530517578125 79.81874847412109375 76.94374847412109375 74.6437530517578125 71.30625152587890625 68.16249847412109375 63.825000762939453125 59.887500762939453125 57.887500762939453125 54.13124847412109375 48.512500762939453125 45.91249847412109375 43.1875 41.512500762939453125 39.38124847412109375 38.31874847412109375 39.50624847412109375 41.549999237060546875 41.674999237060546875 40.53749847412109375 38.90625 39.93125152587890625 39.38124847412109375 42.299999237060546875 45.612499237060546875 48.06874847412109375 50.043750762939453125 48.8125 48.018749237060546875 47.231250762939453125 49.71875 51.125 50.8125 50.043750762939453125 48.5625 46.53125 45.200000762939453125 43.762500762939453125
75.53749847412109375 82.1999969482421875 84.30625152587890625 83.25624847412109375 81.15000152587890625 77.9562530517578125 71.08750152587890625 68.36875152587890625 67.4875030517578125 67.53125 65.6687469482421875 61.862499237060546875 59.74375152587890625 57.06874847412109375 54.5 50.96875 46.393749237060546875 42.71875 40.481250762939453125 39.443752288818359375 40.58750152587890625 40.34999847412109375 40.77500152587890625 40.481250762939453125 40.50624847412109375 38.24375152587890625 37.71875 38.981250762939453125 40.40625 42.731250762939453125 45.24375152587890625 47.987499237060546875 46.34375 44.200000762939453125 43.918750762939453125 44.43125152587890625 46.22499847412109375 45.47499847412109375 46 45.731250762939453125 44.424999237060546875 42.375 41.200000762939453125
67.3562469482421875 75.00624847412109375 79.05625152587890625 77.63124847412109375 75.59999847412109375 71.38124847412109375 68.81874847412109375 65.19374847412109375 62.668750762939453125 60.762500762939453125 60 60.84999847412109375 59.299999237060546875 58 54.02500152587890625 50.5625 45.81874847412109375 43.90625 41.450000762939453125 41.174999237060546875 40.71250152587890625 41.700000762939453125 41.68125152587890625 42.38124847412109375 41.66249847412109375 38.918750762939453125 39.206249237060546875 38.21875 38.77500152587890625 40.700000762939453125 43.262500762939453125 45.387500762939453125 42.856250762939453125 39.99375152587890625 40.43125152587890625 39.68125152587890625 41.31874847412109375 41.84999847412109375 42.375 42.043750762939453125 41.46250152587890625 39.96250152587890625 39.299999237060546875
61.61875152587890625 68.9375 73.8000030517578125 73.40000152587890625 72.05625152587890625 67.22499847412109375 64.49375152587890625 61.53749847412109375 59.40000152587890625 59.075000762939453125 58.625 56.65000152587890625 57.918750762939453125 56.637500762939453125 52.65000152587890625 48.299999237060546875 45.09375 43.83750152587890625 42.40625 41.518749237060546875 41.77500152587890625 42.018749237060546875 43.674999237060546875 43.049999237060546875 40.84999847412109375 40.106250762939453125 38.168750762939453125 37.15000152587890625 36.825000762939453125 38.512500762939453125 39.168750762939453125 39.90625 38.893749237060546875 36.65000152587890625 35.393749237060546875 35.731250762939453125 37.231250762939453125 37.137500762939453125 38.200000762939453125 38.61875152587890625 37.88124847412109375 37.512500762939453125 37.356250762939453125
59.825000762939453125 66.08750152587890625 67.1374969482421875 67.90000152587890625 66.625 63.13124847412109375 60.512500762939453125 57.71250152587890625 55.318752288818359375 53.0625 55.293750762939453125 55.15000152587890625 54.137500762939453125 53.86875152587890625 50.96250152587890625 47.65000152587890625 44.325000762939453125 43.21875 42.44374847412109375 41.25 42.612499237060546875 43.137500762939453125 44.424999237060546875 43.71875 41.049999237060546875 38.799999237060546875 37.59375 35.90625 34.575000762939453125 34.9375 35.31874847412109375 35.27500152587890625 33.575000762939453125 32.231250762939453125 32.06874847412109375 32.43125152587890625 33.299999237060546875 33.78749847412109375 34.700000762939453125 35.262500762939453125 35.77500152587890625 34.956249237060546875 34.6875
56.762500762939453125 60.15625 62.612499237060546875 63.61875152587890625 62.30625152587890625 59.956249237060546875 58.043750762939453125 55.206249237060546875 52.112499237060546875 53 54.31874847412109375 54.543750762939453125 54.325000762939453125 53.112499237060546875 50.018749237060546875 48.106250762939453125 45.09999847412109375 43.13124847412109375 42.71875 42.21250152587890625 42.206249237060546875 42.893749237060546875 44.59375 44.86875152587890625 41.25624847412109375 37.55625152587890625 36.137500762939453125 34.90000152587890625 33.731250762939453125 32.581249237060546875 33.00624847412109375 31.512500762939453125 29.387500762939453125 29.424999237060546875 28.556249618530273438 29.331249237060546875 29.118749618530273438 29.5 30.693750381469726562 31.818750381469726562 33.081249237060546875 32.987499237060546875 32.487499237060546875
54.299999237060546875 55.21875 57.125 59.049999237060546875 58.06874847412109375 56.43125152587890625 54.83750152587890625 52.299999237060546875 51.0625 51.41249847412109375 51.93125152587890625 51.799999237060546875 52.28749847412109375 51.96875 48.9375 46.612499237060546875 44.450000762939453125 43.03749847412109375 41.38124847412109375 41.3125 42.44374847412109375 42.47499847412109375 42.21250152587890625 42.262500762939453125 39.97499847412109375 36.69374847412109375 35.237499237060546875 34.00624847412109375 32.78749847412109375 32.24375152587890625 31.756250381469726562 30.931249618530273438 28.5625 26.75 25.737499237060546875 26.068750381469726562 25.712499618530273438 26.068750381469726562 27.481250762939453125 29.3125 30.512500762939453125 31.662500381469726562 30.725000381469726562
51.168750762939453125 51.875 54.02500152587890625 53.206249237060546875 53.28749847412109375 51.237499237060546875 49.71875 48.94374847412109375 48.09375 49.043750762939453125 49.331249237060546875 49.625 50.6875 51.38124847412109375 48.84375 46.46250152587890625 45.00624847412109375 42.375 41.287502288818359375 41.03749847412109375 41.3125 41.143749237060546875 41.200000762939453125 40.21875 38.231250762939453125 35.606250762939453125 34.25 33.11875152587890625 32.862499237060546875 32.19374847412109375 31.118749618530273438 30.237499237060546875 27.399999618530273438 24.912500381469726562 23.393749237060546875 23.387500762939453125 23.037500381469726562 23.131250381469726562 24.34375 25.399999618530273438 27.206251144409179688 27.637500762939453125 27.725000381469726562
47.456249237060546875 49.3125 50.41249847412109375 49.831249237060546875 48.84999847412109375 47.90625 46.43125152587890625 46.93125152587890625 47.262500762939453125 47.4375 47.91249847412109375 49.393749237060546875 50.40625 50.34375 48.362499237060546875 46.46875 44.46250152587890625 42.893749237060546875 41.13124847412109375 40.231250762939453125 40.8125 40.40000152587890625 40.40000152587890625 38.68125152587890625 37.125 35.15000152587890625 33.71250152587890625 32.862499237060546875 32.625 31.4375 30.350000381469726562 28.9375 25.975000381469726562 23.549999237060546875 21.543750762939453125 20.987499237060546875 21.03125 20.418750762939453125 20.649999618530273438 21.46875 22.975000381469726562 23.59375 23.725000381469726562
44.799999237060546875 46.06874847412109375 45.174999237060546875 46.262500762939453125 46.34999847412109375 46.174999237060546875 45.075000762939453125 44.918750762939453125 45.512500762939453125 46.18125152587890625 47.21875 48.16249847412109375 50.4375 49.38124847412109375 47.3125 46.19374847412109375 45.68125152587890625 42.668750762939453125 40.012500762939453125 40.03125 40.668750762939453125 40.168750762939453125 39.512500762939453125 37.25 35.40000152587890625 34.74375152587890625 33.512500762939453125 32.16249847412109375 31.143749237060546875 30.268749237060546875 29.09375 27.90625 25.168750762939453125 22.756250381469726562 20.493749618530273438 19.243749618530273438 18.612499237060546875 18.21875 17.774999618530273438 17.556249618530273438 18.287500381469726562 19.306249618530273438 19.506250381469726562
42.112499237060546875 41.331249237060546875 40.643749237060546875 40.9375 42.00624847412109375 42.731250762939453125 43.137500762939453125 43.02500152587890625 44.1875 44.36875152587890625 45.74375152587890625 47.81874847412109375 48.88124847412109375 49.91249847412109375 48.418750762939453125 47.137500762939453125 45.950000762939453125 42.96250152587890625 39.84375 39.88124847412109375 39.387500762939453125 39.08750152587890625 37.950000762939453125 35.84375 34.887500762939453125 33.44374847412109375 32.5 31.931249618530273438 30.268749237060546875 29.256250381469726562 28.368749618530273438 26.893749237060546875 23.981250762939453125 21.512500762939453125 19.418750762939453125 17.774999618530273438 16.96875 15.449999809265136719 14.90625 14.956250190734863281 15.243749618530273438 15.568750381469726562 15.668749809265136719
38.75 37.56874847412109375 36.481250762939453125 36.56874847412109375 37.65625 38.549999237060546875 39.625 40.28749847412109375 40.66249847412109375 42.700000762939453125 45.25 46.31874847412109375 48.15000152587890625 50.231250762939453125 49.512500762939453125 47.512500762939453125 45.450000762939453125 44.09999847412109375 41.91249847412109375 41.3125 40.25624847412109375 38.90625 37.15000152587890625 35.737499237060546875 35.18125152587890625 33.581249237060546875 33.106250762939453125 31.856248855590820312 30.881250381469726562 29.056249618530273438 27.618749618530273438 25.71875 22.549999237060546875 20.237499237060546875 18.424999237060546875 17.112499237060546875 15.387499809265136719 13.787500381469726562 13.175000190734863281 13.274999618530273438 13.206250190734863281 13.381250381469726562 12.912500381469726562
35.50624847412109375 34.43125152587890625 34.09375 34.25 34.487499237060546875 34.450000762939453125 35.46250152587890625 35.637500762939453125 37.825000762939453125 39.3125 42.19374847412109375 44.893749237060546875 47.731250762939453125 49.200000762939453125 48.825000762939453125 46.862499237060546875 45.8125 44.174999237060546875 42.106250762939453125 41.125 40.52500152587890625 38.293750762939453125 37.368747711181640625 36.22499847412109375 34.737499237060546875 33.112499237060546875 32.543750762939453125 32.02500152587890625 30.924999237060546875 28.987499237060546875 27.106250762939453125 24.71875 21.618749618530273438 19.537500381469726562 17.587499618530273438 15.899999618530273438 13.856249809265136719 12.412500381469726562 11.943750381469726562 11.574999809265136719 11.350000381469726562 11.462500572204589844 11.368749618530273438
32.96250152587890625 31 31.568750381469726562 31.550001144409179688 32.125 32.231250762939453125 32.43125152587890625 32.68125152587890625 33.637500762939453125 35.549999237060546875 39.075000762939453125 43.24375152587890625 48.02500152587890625 50.59999847412109375 49.09375 47.549999237060546875 46.28125 44.206249237060546875 42.88124847412109375 41.012500762939453125 40.21875 39.16249847412109375 37.59375 36.262500762939453125 34.700000762939453125 32.924999237060546875 32.387500762939453125 31.831249237060546875 30.625 27.193750381469726562 25.181249618530273438 23.587499618530273438 20.956249237060546875 18.743749618530273438 16.350000381469726562 14.637499809265136719 12.962499618530273438 11.712499618530273438 10.893750190734863281 10.149999618530273438 9.5625 9.3062496185302734375 9.4750003814697265625
30.693750381469726562 29.487499237060546875 30.262500762939453125 29.6875 29.975000381469726562 29.84375 30.149999618530273438 30.299999237060546875 31.018749237060546875 32.231250762939453125 35.481250762939453125 40.487499237060546875 46.674999237060546875 48.331249237060546875 48.456249237060546875 47.581249237060546875 46.90000152587890625 44.50624847412109375 42.24375152587890625 40.731250762939453125 38.325000762939453125 38.262500762939453125 36.40000152587890625 34.96875 33.0625 32.65000152587890625 32.11875152587890625 31.549999237060546875 30.274999618530273438 26.918750762939453125 24.649999618530273438 23.081249237060546875 20.443750381469726562 18.337499618530273438 16.131250381469726562 14.199999809265136719 12.768750190734863281 11.4375 10.831250190734863281 10.037500381469726562 9.1437501907348632812 8.8687496185302734375 8.5124998092651367188
28.299999237060546875 27.899999618530273438 28.262498855590820312 27.59375 27.768749237060546875 28.274999618530273438 28.475000381469726562 28.450000762939453125 28.637500762939453125 28.581249237060546875 32.06874847412109375 37.74375152587890625 43.02500152587890625 45.299999237060546875 46.63124847412109375 46.75 46.05625152587890625 43.34375 41.09375 39.762500762939453125 37.3125 35.918750762939453125 34.518749237060546875 33.86875152587890625 32.22499847412109375 31.575000762939453125 31.1875 30.399999618530273438 29.21875 26.78125 24.174999237060546875 21.931249618530273438 19.40625 17.487499237060546875 15.462499618530273438 13.518750190734863281 12.143750190734863281 11.300000190734863281 10.818750381469726562 9.8249998092651367188 8.8062496185302734375 8.4437503814697265625 7.9562501907348632812
25.412500381469726562 25.59375 25.356250762939453125 25.668750762939453125 25.931249618530273438 26.350000381469726562 26.6875 26.725000381469726562 27.037500381469726562 26.5625 31.899999618530273438 37.11875152587890625 40.575000762939453125 43.09375 45.106250762939453125 45.731250762939453125 44.081249237060546875 42.887500762939453125 40.112499237060546875 38.59375 36.8125 35.03125 32.99375152587890625 32.55625152587890625 31.700000762939453125 30.987499237060546875 30.28125 29.5625 28.53125 25.743749618530273438 22.274999618530273438 20.462499618530273438 18.225000381469726562 16.618749618530273438 14.449999809265136719 12.587499618530273438 11.875 10.993749618530273438 10.475000381469726562 9.625 8.6625003814697265625 8.4624996185302734375 7.8687500953674316406
