data/historical-monthly-weather-data/wc2.1_cruts4.09_10m_prec_2000-03.asc
ncols        45
nrows        45
xllcorner    -63.500000000000
yllcorner    -7.500000000000
cellsize     0.166666666667
NODATA_value -9999
[rows 0 to 19 of 45, columns 0 to 44 of 45]
189.9562530517578125 183.537506103515625 180.5500030517578125 183.462493896484375 184.71875 187.1374969482421875 186.3874969482421875 185.1125030517578125 183.368743896484375 184.806243896484375 189.7687530517578125 195.0187530517578125 200.443756103515625 203.1374969482421875 206.037506103515625 208.7062530517578125 213.8625030517578125 214.6437530517578125 218.2687530517578125 221.556243896484375 226.306243896484375 230.0625 234.6437530517578125 236.6875 240.9812469482421875 245.0500030517578125 248.0187530517578125 254.2937469482421875 260.01873779296875 265.89373779296875 276.806243896484375 285.32501220703125 297.48126220703125 312.868743896484375 327.67498779296875 341.100006103515625 353 365.29376220703125 375.912506103515625 384.28125 392.73748779296875 398.64373779296875 402.087493896484375 406.243743896484375 402.399993896484375
199.368743896484375 192.193756103515625 192.75 195.3125 197.4375 198.9250030517578125 197.7375030517578125 197.318756103515625 198.431243896484375 200.40625 204.6750030517578125 208.399993896484375 212.274993896484375 214.75 216.84375 219.4499969482421875 223.4375 225.600006103515625 227.6125030517578125 230.0500030517578125 233.725006103515625 237.21875 241.8125 244.96875 248.743743896484375 253.0749969482421875 256.5625 263.756256103515625 269.6875 277.90625 288.89373779296875 301.91876220703125 314.693756103515625 333.70001220703125 348.48126220703125 364.131256103515625 379.462493896484375 393.04998779296875 403.79376220703125 411.649993896484375 421.17498779296875 426.443756103515625 429.25 432.212493896484375 428.8125
210.5812530517578125 204.7312469482421875 205.90625 208.087493896484375 208.78125 209.600006103515625 210.693756103515625 212.274993896484375 214.1062469482421875 216.899993896484375 218.412506103515625 219.9375 222.71875 224.65625 226.40625 229.774993896484375 233.2624969482421875 236.1062469482421875 237.881256103515625 240.287506103515625 244.5437469482421875 249.0500030517578125 252.662506103515625 257.0625 261.850006103515625 265.21875 269.58123779296875 276.6875 282 290.20623779296875 302.806243896484375 316.337493896484375 331.54998779296875 348.54376220703125 368.068756103515625 382.443756103515625 399.76873779296875 417.54998779296875 428.662506103515625 439.09375 448.943756103515625 452.649993896484375 454.162506103515625 454.625 452.07501220703125
220.3937530517578125 216.912506103515625 220.1125030517578125 221.024993896484375 220.8937530517578125 220.6999969482421875 222.318756103515625 225.118743896484375 229.181243896484375 232.0625 231.8249969482421875 230.5500030517578125 230.5437469482421875 231.25 233.53125 236.7937469482421875 241.899993896484375 245.9250030517578125 248.881256103515625 251.46875 257.068756103515625 260.899993896484375 263.23126220703125 268.03125 273.41876220703125 277.368743896484375 282.20001220703125 287 292.412506103515625 302.3125 313.63751220703125 329.662506103515625 345.318756103515625 362.92498779296875 382.625 401.36248779296875 421.33123779296875 441.487518310546875 456.100006103515625 467.01251220703125 475.212493896484375 479.087493896484375 479.818756103515625 477.76873779296875 473.875
236.774993896484375 232.0625 231.4562530517578125 232.4250030517578125 231.6374969482421875 231.006256103515625 231.1437530517578125 234.2937469482421875 240.6812591552734375 245.4499969482421875 242.975006103515625 238.431243896484375 237.0812530517578125 238.6125030517578125 240.1374969482421875 244.399993896484375 249.4187469482421875 255.1750030517578125 257.868743896484375 260.149993896484375 266.556243896484375 269.95001220703125 273.83123779296875 279.774993896484375 285.306243896484375 290.125 293.20001220703125 297.66876220703125 305.712493896484375 313.774993896484375 326.850006103515625 340.837493896484375 359.83123779296875 379.60626220703125 400.337493896484375 421.46875 443.056243896484375 464.506256103515625 481.662506103515625 492.774993896484375 503.487518310546875 504.149993896484375 502.774993896484375 500.92498779296875 493.63751220703125
250.5500030517578125 246.5749969482421875 246.9812469482421875 244.693756103515625 240.2312469482421875 239.462493896484375 239.2062530517578125 240.962493896484375 247.5 253.5500030517578125 248.3562469482421875 243.3937530517578125 243.306243896484375 244.0812530517578125 246.5812530517578125 250.90625 256.32501220703125 261.912506103515625 265.95623779296875 268.256256103515625 274.631256103515625 280.23748779296875 285.699981689453125 291.75 298.068756103515625 304.85626220703125 308.212493896484375 311.399993896484375 316.975006103515625 326.29376220703125 337.71875 351.98748779296875 369.07501220703125 392.600006103515625 416.11248779296875 437.01873779296875 461.837493896484375 484.600006103515625 502.95001220703125 517.45623779296875 525.84375 526.71875 524.84375 521.5562744140625 511.868743896484375
262.506256103515625 258.0625 257.162506103515625 252.350006103515625 245.412506103515625 242.912506103515625 241.3937530517578125 239.8312530517578125 240.8000030517578125 242.087493896484375 242.875 242.71875 244.7624969482421875 247.100006103515625 250.71875 255.2937469482421875 260.79376220703125 265.375 269.14373779296875 274.600006103515625 281.381256103515625 289.506256103515625 296.1875 303.662506103515625 311.618743896484375 318.53125 322.15625 324.574981689453125 327.51873779296875 334.89373779296875 348.60626220703125 361.899993896484375 379.45623779296875 400.84375 425.399993896484375 449.17498779296875 473.51251220703125 497.90625 522.23748779296875 535.6312255859375 540.10626220703125 541.4937744140625 539.51873779296875 536.29998779296875 529.13751220703125
270.73748779296875 265.60626220703125 262.181243896484375 257.149993896484375 251.0187530517578125 247.1125030517578125 241.21875 233.3125 227.493743896484375 228.0187530517578125 234.2062530517578125 239.4375 245.068756103515625 249.7624969482421875 253.96875 258.962493896484375 262.88751220703125 266.53125 271.118743896484375 277.53125 287.16876220703125 297.29998779296875 306.53125 314.837493896484375 325.63751220703125 332.20001220703125 334.037506103515625 335.65625 336.64373779296875 343.20623779296875 354.306243896484375 370.29998779296875 387.037506103515625 408.318756103515625 432.64373779296875 456.42498779296875 481.600006103515625 506.28125 529.60626220703125 542.82501220703125 549.4437255859375 550.79376220703125 549.14373779296875 545.6875 536.46875
276.78125 270.96875 267.76873779296875 262.90625 256.181243896484375 251.1750030517578125 243.881256103515625 233.6062469482421875 222.225006103515625 219.693756103515625 230.0500030517578125 238.9875030517578125 247.4812469482421875 252.46875 257.46875 262.79376220703125 266.681243896484375 270.524993896484375 276.78125 283.631256103515625 292.07501220703125 304.868743896484375 315.631256103515625 329.693756103515625 341.04998779296875 346.600006103515625 344.90625 343.618743896484375 345.14373779296875 349.556243896484375 360.037506103515625 374.868743896484375 391.29376220703125 411.024993896484375 433.04376220703125 457.506256103515625 484.70623779296875 508.75 531.26251220703125 544.42498779296875 552.0625 553.51251220703125 553.29998779296875 549.92498779296875 536.5999755859375
282.57501220703125 276.20001220703125 272.35626220703125 267.5 261.73748779296875 256.75 250.118743896484375 240.881256103515625 232.5749969482421875 230.7624969482421875 236.818756103515625 242.975006103515625 251.037506103515625 256.84375 261.53125 266.806243896484375 271.35626220703125 275.399993896484375 281.100006103515625 288.01873779296875 297.54998779296875 311.9375 327.225006103515625 345.29376220703125 355.14373779296875 360.11248779296875 357.26251220703125 353.725006103515625 352.11248779296875 354.01873779296875 361.89373779296875 377.28125 394.57501220703125 414.912506103515625 435.774993896484375 458.756256103515625 484.149993896484375 508.975006103515625 531.67498779296875 547.20623779296875 556.9749755859375 559.7562255859375 556.34375 546.70623779296875 534.32501220703125
287.95623779296875 281.59375 276.943756103515625 272.53125 267.96875 264.243743896484375 258.65625 250.337493896484375 245.1437530517578125 244.4250030517578125 247.21875 251.881256103515625 257.32501220703125 263.21875 267.5 271.618743896484375 275.537506103515625 279.70623779296875 284.20623779296875 290.837493896484375 303.28125 319.36248779296875 339.256256103515625 356.35626220703125 371.162506103515625 372.73748779296875 367.975006103515625 365.375 361.36248779296875 359.98748779296875 367.41876220703125 380.01873779296875 396 415.412506103515625 436.20001220703125 457.568756103515625 481.243743896484375 505.45623779296875 528.4312744140625 547.3125 558.4437255859375 559.1500244140625 553.0250244140625 541.9124755859375 528.28125
291.71875 285.85626220703125 281.45001220703125 278.01873779296875 273.225006103515625 271.3125 268 261.73126220703125 258.20623779296875 257.149993896484375 258.5625 261.524993896484375 265.024993896484375 269.73748779296875 275.600006103515625 279.462493896484375 281.0625 283.993743896484375 288.08123779296875 293.70623779296875 304.48748779296875 322.29998779296875 346.006256103515625 369.556243896484375 382.10626220703125 377.03125 370.66876220703125 367.868743896484375 367.337493896484375 369.45623779296875 372.45623779296875 381.193756103515625 395.006256103515625 412.21875 430.63751220703125 453.58123779296875 477.9375 501.774993896484375 523.5062255859375 544.4437255859375 557.625 555.61248779296875 543.5250244140625 523.25 503.725006103515625
295.149993896484375 289.32501220703125 285.75 281.84375 278.16876220703125 277.662506103515625 275.15625 271.29376220703125 268.76251220703125 269.037506103515625 271.3125 273.287506103515625 276.54998779296875 278.45623779296875 283.149993896484375 286.318756103515625 287.04998779296875 290.01873779296875 294.33123779296875 298.006256103515625 305.568756103515625 323.0625 346.28125 366.556243896484375 371.431243896484375 368.84375 370.46875 371.61248779296875 373.568756103515625 376.618743896484375 379.26873779296875 383.14373779296875 393.399993896484375 408.29376220703125 425 445.681243896484375 469.71875 493.73748779296875 517.4937744140625 541.0625 557.5687255859375 552.23748779296875 527.60626220703125 501.9375 477.90625
297.087493896484375 292.21875 288.79998779296875 285.306243896484375 282.82501220703125 281.59375 281.056243896484375 280.23748779296875 280.54376220703125 281.5 283.381256103515625 285.33123779296875 287.3125 290.087493896484375 290.71875 293.51873779296875 293.71875 295.8125 299.23748779296875 303.66876220703125 313.73126220703125 328.5625 346.193756103515625 359.431243896484375 364.59375 367.38751220703125 371.03125 373.95001220703125 376.931243896484375 380.26251220703125 384.10626220703125 386.649993896484375 392.100006103515625 402.09375 416.368743896484375 437.60626220703125 462.5625 485.66876220703125 508.212493896484375 529.9437255859375 545.1312255859375 531.28125 510.149993896484375 490.79998779296875 470.506256103515625
298.20623779296875 292.5625 289.95001220703125 288.568756103515625 287.1875 286.78125 288.23126220703125 289.493743896484375 290.506256103515625 292.15625 295.0625 297.068756103515625 299.087493896484375 301.243743896484375 299.67498779296875 301.28125 300.98126220703125 303.975006103515625 306.493743896484375 310.5 321.38751220703125 334.412506103515625 348.14373779296875 358.568756103515625 365.95623779296875 372.73126220703125 376.5625 379.649993896484375 383.699981689453125 387.368743896484375 387.51251220703125 387.6875 392.4375 395.95623779296875 405.131256103515625 428.48748779296875 455.618743896484375 478.98126220703125 495.78125 508.162506103515625 511.787506103515625 505.868743896484375 498.38751220703125 483.85626220703125 468.08123779296875
296.91876220703125 292.162506103515625 290.993743896484375 290.63751220703125 290.60626220703125 293.03125 295.04376220703125 296.86248779296875 300.48748779296875 303.975006103515625 306.506256103515625 309.537506103515625 311.98126220703125 313.5 311.881256103515625 310.23748779296875 308.912506103515625 311.82501220703125 314.006256103515625 318.350006103515625 328.068756103515625 339.181243896484375 350.962493896484375 359.91876220703125 367.381256103515625 375.73126220703125 380.78125 385.625 391.875 394.98748779296875 395.85626220703125 394.07501220703125 394.381256103515625 396.63751220703125 402.712493896484375 432.850006103515625 457.21875 470.42498779296875 479.818756103515625 487.76873779296875 490.08123779296875 488.51873779296875 484.506256103515625 475.006256103515625 462.28125
296.118743896484375 292.61248779296875 291.475006103515625 292.54998779296875 294.35626220703125 297.85626220703125 302.38751220703125 305.681243896484375 310.04376220703125 314.63751220703125 317.587493896484375 321.79998779296875 325.193756103515625 325.712493896484375 325.118743896484375 321.568756103515625 316.5 317.35626220703125 320.600006103515625 324.34375 333.29376220703125 343.850006103515625 355.006256103515625 363.087493896484375 371.08123779296875 377.42498779296875 383.5 390.475006103515625 396.618743896484375 401.78125 403.5625 401.91876220703125 402.850006103515625 409.5625 430.662506103515625 456.125 467.88751220703125 470.193756103515625 470.79998779296875 472.60626220703125 476.943756103515625 476.34375 471.11248779296875 463.875 455.600006103515625
294.36248779296875 291.850006103515625 292.962493896484375 295.837493896484375 298.86248779296875 303.38751220703125 308.381256103515625 313.51251220703125 319.16876220703125 324.29998779296875 328.67498779296875 334.79376220703125 337.4375 339.225006103515625 337.712493896484375 332.5625 326.943756103515625 320.9375 326.587493896484375 329.86248779296875 339.26251220703125 348.08123779296875 356.587493896484375 363.58123779296875 370.92498779296875 379.75 384.51251220703125 393.20623779296875 402.01873779296875 407.33123779296875 407.51251220703125 399.5 402.6875 416.29998779296875 444.818756103515625 481.6875 478.28125 468.67498779296875 463.23748779296875 464.693756103515625 464.6875 463.568756103515625 460.375 454.42498779296875 447.037506103515625
291.90625 290.600006103515625 292.743743896484375 297.056243896484375 302.33123779296875 309.212493896484375 315.84375 322.131256103515625 328.118743896484375 333.96875 339.03125 343.17498779296875 348.60626220703125 352.168731689453125 348.34375 341.61248779296875 334.29998779296875 327.225006103515625 327.287506103515625 331.04376220703125 341.51251220703125 351.03125 353.287506103515625 360.443756103515625 368.91876220703125 378.86248779296875 385.837493896484375 393.006256103515625 402.881256103515625 410.149993896484375 411.89373779296875 399.29998779296875 395.5 398.662506103515625 418.024993896484375 449.35626220703125 454.381256103515625 452.92498779296875 454.081268310546875 454.368743896484375 455.368743896484375 453.037506103515625 450.96875 447.09375 440.743743896484375
286.625 287.59375 291.181243896484375 297.11248779296875 304.42498779296875 314.04376220703125 322.787506103515625 330.649993896484375 337.368743896484375 342.86248779296875 347.618743896484375 351.5625 358.350006103515625 364.256256103515625 357.056243896484375 345.037506103515625 333.787506103515625 331.42498779296875 329.412506103515625 331.537506103515625 337.53125 342.91876220703125 349.20623779296875 355.21875 363.4375 372.45001220703125 380.48126220703125 389.78125 397.38751220703125 401.11248779296875 399.193756103515625 390.14373779296875 377.51873779296875 366.212493896484375 363.931243896484375 388.38751220703125 416.787506103515625 431.88751220703125 440.92498779296875 445.975006103515625 447.11248779296875 445.0625 444.4375 442.306243896484375 437.850006103515625
