data/historical-monthly-weather-data/wc2.1_cruts4.09_10m_prec_1971-03.asc
ncols        51
nrows        45
xllcorner    -63.500000000000
yllcorner    -7.500000000000
cellsize     0.166666666667
NODATA_value -9999
[rows 20 to 39 of 45, columns 0 to 44 of 51]
319.587493896484375 333.23748779296875 346.350006103515625 360.01873779296875 374.39373779296875 387.818756103515625 399.931243896484375 409.03125 413.337493896484375 412.45001220703125 408.57501220703125 408.15625 408.98748779296875 411.662506103515625 401.36248779296875 383.89373779296875 368.306243896484375 356.95623779296875 350.399993896484375 344.256256103515625 341.17498779296875 338.475006103515625 334.899993896484375 335.212493896484375 336.712493896484375 338.881256103515625 341.243743896484375 343.15625 344.54998779296875 343.537506103515625 336.73126220703125 324.64373779296875 304.91876220703125 281.425018310546875 259.537506103515625 275.04998779296875 298.287506103515625 309.14373779296875 312.45623779296875 310.318756103515625 305.506256103515625 300.88751220703125 294.98748779296875 290.04376220703125 286.26873779296875
311.82501220703125 326.54998779296875 342.787506103515625 358.46875 375.01251220703125 391.131256103515625 405.743743896484375 417.89373779296875 422.899993896484375 418.1875 407.53125 400.03125 394.20001220703125 391.806243896484375 384.96875 374.91876220703125 365.53125 355.25 346.98748779296875 339.20623779296875 332.131256103515625 326.631256103515625 324.912506103515625 323.82501220703125 325.04998779296875 328.9375 335.20001220703125 337.287506103515625 338.149993896484375 336.23748779296875 328.59375 317.056243896484375 300.8125 284.48126220703125 274.462493896484375 282.57501220703125 299.493743896484375 310.11248779296875 313.443756103515625 310.1875 304.35626220703125 299.15625 293.36248779296875 288.100006103515625 284.431243896484375
308.09375 324.881256103515625 341.350006103515625 358.712493896484375 375.993743896484375 392.068756103515625 407.20623779296875 424.21875 433.431243896484375 422.743743896484375 405.57501220703125 388.774993896484375 375.70623779296875 371.67498779296875 370.21875 365.70623779296875 358.943756103515625 349.78125 340.649993896484375 331.993743896484375 323.51251220703125 315.23126220703125 309.98748779296875 308.15625 311.40625 317.34375 324.756256103515625 328.79376220703125 329.712493896484375 327.131256103515625 321.475006103515625 315.087493896484375 306.98126220703125 298.20001220703125 296.71875 302.537506103515625 311.82501220703125 317.51873779296875 317.42498779296875 312.23748779296875 304.83123779296875 298.5625 292.493743896484375 286.13751220703125 282.23748779296875
308.681243896484375 324.51873779296875 341.375 359.25 376.774993896484375 391.556243896484375 407.600006103515625 423.756256103515625 430.54376220703125 417.068756103515625 396.806243896484375 379.26873779296875 360.76251220703125 357.556243896484375 359.33123779296875 357.756256103515625 353.625 345.53125 334.70623779296875 324.568756103515625 314.26873779296875 303.95001220703125 296.39373779296875 293.79376220703125 295.100006103515625 300.662506103515625 309.118743896484375 316.3125 320.287506103515625 321.84375 321.462493896484375 319.0625 315.33123779296875 312.32501220703125 313.943756103515625 319.98126220703125 325.35626220703125 324.399993896484375 319.837493896484375 313.181243896484375 305.556243896484375 298.39373779296875 292.16876220703125 285.04376220703125 281.76873779296875
315.774993896484375 328.73126220703125 342.625 360.1875 378.96875 392.67498779296875 404.375 415.100006103515625 416.75 407.506256103515625 393.17498779296875 376.118743896484375 363.20001220703125 357.243743896484375 354.95001220703125 354 349.875 342.11248779296875 331.79998779296875 318.975006103515625 305.32501220703125 292.6875 282.0625 276.15625 278.350006103515625 287.287506103515625 296.024993896484375 306.45001220703125 313.01873779296875 319.86248779296875 322.73126220703125 323.58123779296875 323.61248779296875 323.35626220703125 324.649993896484375 325.431243896484375 327.625 325.53125 319.743743896484375 314.162506103515625 306.712493896484375 299.10626220703125 291.11248779296875 285.837493896484375 278.25
328.11248779296875 339.92498779296875 349.443756103515625 365.20001220703125 380.16876220703125 390.79998779296875 399.4375 406.274993896484375 405.26873779296875 398.181243896484375 387.837493896484375 376.70623779296875 366.943756103515625 359.54376220703125 355.6875 354.01251220703125 348.70001220703125 341.28125 331.36248779296875 315.9375 301.35626220703125 284.15625 268.381256103515625 258.40625 262.95001220703125 275.3125 288.456268310546875 299.024993896484375 308.28125 318.13751220703125 324.85626220703125 329.86248779296875 332.34375 331.29998779296875 330.212493896484375 328.29998779296875 327.524993896484375 324.64373779296875 319.806243896484375 313.92498779296875 307.26873779296875 298.82501220703125 288.475006103515625 282.137481689453125 274.79376220703125
345.181243896484375 351.493743896484375 359.64373779296875 369.88751220703125 380.068756103515625 387.712493896484375 392.806243896484375 396.443756103515625 395.125 391.59375 385.91876220703125 378.181243896484375 370.881256103515625 365.024993896484375 361.29376220703125 357.899993896484375 354.15625 344.90625 333.29376220703125 319.23126220703125 301.63751220703125 282.51251220703125 261.57501220703125 249.337493896484375 257.95623779296875 270.23126220703125 284.225006103515625 294.71875 304.70001220703125 315.600006103515625 324.818756103515625 333.59375 338.08123779296875 334.6875 331.068756103515625 328.274993896484375 326.70623779296875 323.09375 319 314.3125 306.850006103515625 297.48748779296875 285.993743896484375 277.962493896484375 277.65625
364.33123779296875 366.943756103515625 371.35626220703125 377.10626220703125 381.162506103515625 385.043731689453125 389.61248779296875 391.17498779296875 390.024993896484375 388.024993896484375 383.712493896484375 378.368743896484375 373.95623779296875 370.09375 366.431243896484375 362.57501220703125 359.15625 352.181243896484375 340.90625 327 309.5625 289.79376220703125 273.943756103515625 263.587493896484375 265.899993896484375 274.149993896484375 285.23126220703125 295.34375 304.16876220703125 313.412506103515625 322.306243896484375 330.13751220703125 334.08123779296875 331.07501220703125 327.83123779296875 325.42498779296875 322.21875 319.95001220703125 317.48126220703125 315.13751220703125 311.33123779296875 300.85626220703125 286.17498779296875 277.60626220703125 286.04376220703125
381.587493896484375 381.625 382.243743896484375 382.51251220703125 384.85626220703125 385.57501220703125 385.631256103515625 385.88751220703125 385.76251220703125 384.20623779296875 382.600006103515625 379.54998779296875 376.6875 374.95001220703125 373.006256103515625 370.868743896484375 369.431243896484375 363.01251220703125 353.368743896484375 340.524993896484375 323.33123779296875 304.618743896484375 290.587493896484375 279.725006103515625 278.649993896484375 281.493743896484375 289.056243896484375 297.225006103515625 304.57501220703125 312.61248779296875 318.943756103515625 324.65625 327.59375 326.037506103515625 323.76251220703125 321.4375 317.67498779296875 315.475006103515625 313.98748779296875 311.9375 312.15625 301.875 287.743743896484375 286.29376220703125 297.79998779296875
392.23748779296875 389.806243896484375 387.168731689453125 384.600006103515625 383.98748779296875 381.787506103515625 381.3125 381.15625 381.625 380.73126220703125 380.35626220703125 380.181243896484375 380.39373779296875 380.41876220703125 379.70001220703125 378.92498779296875 378.350006103515625 378.13751220703125 371.03125 355.70001220703125 337.83123779296875 320.46875 306.131256103515625 295.618743896484375 290.85626220703125 290.837493896484375 295.662506103515625 300.631256103515625 305.13751220703125 310.67498779296875 315.73126220703125 318.98748779296875 320.40625 320.681243896484375 319.193756103515625 315.787506103515625 311.556243896484375 309.431243896484375 304.71875 302.29376220703125 302.84375 300.6875 294.65625 297.92498779296875 302.84375
398.14373779296875 393.375 388.40625 385 382.79376220703125 378.6875 378.506256103515625 377.65625 377.95001220703125 378.01873779296875 378.92498779296875 379.512481689453125 381.54998779296875 382.25 383.45001220703125 385.16876220703125 388.681243896484375 390.13751220703125 387.95001220703125 372.28125 353.493743896484375 334.78125 320.98126220703125 309.306243896484375 301.66876220703125 300.337493896484375 301.5 302.98126220703125 305.774993896484375 309.26873779296875 312.79998779296875 315.8125 316.45623779296875 316.26873779296875 314.86248779296875 309.881256103515625 305.306243896484375 303.024993896484375 296.92498779296875 288.662506103515625 290.868743896484375 297.162506103515625 300.10626220703125 304.912506103515625 310.225006103515625
399.54998779296875 393.20001220703125 386.774993896484375 381.868743896484375 378.931243896484375 374.60626220703125 374.287506103515625 372.45623779296875 372.850006103515625 373.67498779296875 375.42498779296875 376.96875 379.07501220703125 382.75 386.587493896484375 390.70001220703125 392.26873779296875 393.66876220703125 391.85626220703125 381.59375 363.20001220703125 346.79376220703125 331.73126220703125 319.04998779296875 312.381256103515625 307.83123779296875 305.70623779296875 306.131256103515625 305.568756103515625 308.287506103515625 311.087493896484375 313.0625 312.087493896484375 311.26873779296875 309.600006103515625 304.4375 300.78125 297.143768310546875 288.9375 283.931243896484375 289.381256103515625 299.625 306.73748779296875 316.79998779296875 325.16876220703125
390.899993896484375 385.48126220703125 379.375 374.681243896484375 370.693756103515625 368.33123779296875 366.73126220703125 364.625 364.125 366.506256103515625 372.337493896484375 373.83123779296875 377.70623779296875 384.881256103515625 389.15625 392.66876220703125 393.5 395.118743896484375 392 384.04998779296875 370.006256103515625 354.912506103515625 339.912506103515625 328.95623779296875 321.04376220703125 314.86248779296875 310.806243896484375 308.899993896484375 307.881256103515625 308.95623779296875 310.51873779296875 311.524993896484375 310.45001220703125 308.88751220703125 305.712493896484375 302.10626220703125 298.20623779296875 293.32501220703125 287.0625 288.82501220703125 294.51873779296875 304.243743896484375 314.20001220703125 325.818756103515625 342.318756103515625
380.23126220703125 375.431243896484375 371.962493896484375 368.25 364.79376220703125 361.600006103515625 359.037506103515625 356.881256103515625 356.04998779296875 358.46875 364.743743896484375 370.51873779296875 376.368743896484375 382.131256103515625 386.42498779296875 391.625 395.068756103515625 395.76251220703125 391.26251220703125 384.412506103515625 373.53125 359.90625 347.256256103515625 335.32501220703125 327.01873779296875 319.318756103515625 314.743743896484375 310.79376220703125 309.73126220703125 309.375 309.162506103515625 310.381256103515625 309.33123779296875 306.756256103515625 304.350006103515625 300.36248779296875 295.506256103515625 290.024993896484375 288.98126220703125 292.1875 296.61248779296875 306.181243896484375 318.875 331.95623779296875 350.83123779296875
369.66876220703125 366.51251220703125 364.443756103515625 361.17498779296875 356.462493896484375 353.931243896484375 350.399993896484375 348.818756103515625 346.162506103515625 347.287506103515625 355.53125 364.96875 374.34375 381.431243896484375 387.850006103515625 391.743743896484375 395.51873779296875 395.524993896484375 391.306243896484375 384.837493896484375 375.787506103515625 362.9375 350.73748779296875 338.787506103515625 330.774993896484375 323.42498779296875 317.037506103515625 312.931243896484375 309.48126220703125 309.212493896484375 309.61248779296875 310.15625 308.100006103515625 305.5625 301.92498779296875 296.743743896484375 291.64373779296875 289.71875 290.725006103515625 293.51873779296875 297.8125 305.556243896484375 317.26251220703125 330.20001220703125 345.618743896484375
359.60626220703125 356.524993896484375 354.42498779296875 351.649993896484375 347.85626220703125 344.318756103515625 341.125 336.837493896484375 331.89373779296875 332.66876220703125 341.243743896484375 354.212493896484375 369.23748779296875 381.03125 387.60626220703125 392.48748779296875 394.96875 394.125 391.08123779296875 385.96875 376.42498779296875 363.587493896484375 350.89373779296875 340.48748779296875 332.45001220703125 325.08123779296875 318.54376220703125 314.5 310.95623779296875 310.149993896484375 310.975006103515625 310.893768310546875 307.45001220703125 305.17498779296875 301.181243896484375 295.66876220703125 292.76251220703125 290.76251220703125 290.462493896484375 293.5625 298.181243896484375 304.48126220703125 312.64373779296875 324.28125 335.037506103515625
348.162506103515625 346.462493896484375 345.26251220703125 342.743743896484375 340.274993896484375 337.337493896484375 333.08123779296875 328.03125 320.46875 315.98748779296875 328.21875 350.431243896484375 368.649993896484375 380.64373779296875 388.34375 392.14373779296875 393.51873779296875 391.912506103515625 389.38751220703125 382.26873779296875 373.368743896484375 361.13751220703125 349.35626220703125 338.48126220703125 330.712493896484375 324.32501220703125 318.34375 315.318756103515625 311.693756103515625 311.443756103515625 311.73126220703125 311.274993896484375 308.693756103515625 306.15625 301.42498779296875 297.10626220703125 294.33123779296875 292.399993896484375 292.068756103515625 292.59375 295.068756103515625 299.899993896484375 306.71875 315.78125 324.368743896484375
338.0625 337.756256103515625 336.568756103515625 335.23126220703125 334.600006103515625 332.587493896484375 328.96875 323.40625 317.818756103515625 311.118743896484375 332.73126220703125 357.212493896484375 371.78125 382.95001220703125 388.16876220703125 391.53125 390.787506103515625 388.037506103515625 383.66876220703125 375.42498779296875 364.96875 353.95001220703125 344.837493896484375 334.662506103515625 327.85626220703125 322.899993896484375 317.412506103515625 315.475006103515625 312.95001220703125 312.625 311.95001220703125 311.10626220703125 308.66876220703125 306.46875 301.29376220703125 298.431243896484375 295.60626220703125 292.01251220703125 292.350006103515625 293.100006103515625 292.693756103515625 296.774993896484375 300.5625 304.318756103515625 311.193756103515625
330.056243896484375 329.868743896484375 329.83123779296875 329.537506103515625 329.631256103515625 327.58123779296875 326.756256103515625 324.63751220703125 326.037506103515625 336.75 360.82501220703125 369.806243896484375 375.381256103515625 382.21875 386.431243896484375 388.54376220703125 387.306243896484375 382.837493896484375 376.212493896484375 366.75 354.743743896484375 344.274993896484375 335.899993896484375 327.86248779296875 322.662506103515625 319.58123779296875 316.181243896484375 314.57501220703125 313.493743896484375 313.48126220703125 313.899993896484375 312.212493896484375 309.649993896484375 308.287506103515625 306.943756103515625 303.04998779296875 299.26873779296875 296.756256103515625 295.181243896484375 293.79998779296875 292.70623779296875 296.412506103515625 298.625 301.88751220703125 306.42498779296875
323.16876220703125 323.17498779296875 323.774993896484375 323.568756103515625 324.962493896484375 326.3125 326.149993896484375 329.38751220703125 334.92498779296875 345.243743896484375 359.48126220703125 370.087493896484375 376.61248779296875 381.162506103515625 385.243743896484375 386.26251220703125 384.60626220703125 378.193756103515625 368.79998779296875 358.86248779296875 345.600006103515625 334.82501220703125 325.375 318.662506103515625 316.225006103515625 315.04998779296875 312.83123779296875 313.243743896484375 313.274993896484375 313.125 312.48126220703125 313.756256103515625 314.662506103515625 313.26873779296875 312.20623779296875 309.068756103515625 304.08123779296875 300.59375 299.26251220703125 295.274993896484375 292.40625 295.14373779296875 296.71875 298.54376220703125 302.26873779296875
