data/historical-monthly-weather-data/wc2.1_cruts4.09_10m_prec_2007-12.asc
ncols        51
nrows        45
xllcorner    -63.500000000000
yllcorner    -7.500000000000
cellsize     0.166666666667
NODATA_value -9999
[rows 20 to 39 of 45, columns 0 to 44 of 51]
342.962493896484375 351.337493896484375 356.08123779296875 362.01251220703125 369.131256103515625 374.91876220703125 379.21875 382.32501220703125 383.15625 380.61248779296875 375.625 374.774993896484375 373.681243896484375 369.350006103515625 360.443756103515625 348.95001220703125 337.39373779296875 325.887481689453125 318.14373779296875 310.07501220703125 300.037506103515625 289.34375 279.70001220703125 274.8125 272.23126220703125 268.25 260.125 245.9250030517578125 228.6750030517578125 213.1687469482421875 201.443756103515625 196.5749969482421875 195.506256103515625 196.6062469482421875 198.2125091552734375 199.443756103515625 202.9250030517578125 206.506256103515625 205.9562530517578125 200.3937530517578125 191.024993896484375 181.6750030517578125 174.84375 169.34375 167.1374969482421875
332.51873779296875 339.86248779296875 346.61248779296875 355.90625 364.875 371.462493896484375 377.75 382.787506103515625 383.887481689453125 381.587493896484375 375.63751220703125 372.475006103515625 368.943756103515625 362.600006103515625 354.850006103515625 345.23748779296875 335.524993896484375 325.57501220703125 317.26873779296875 309.11248779296875 297.78125 288.881256103515625 282.524993896484375 277.90625 275.82501220703125 275.381256103515625 272.368743896484375 259.76873779296875 243.662506103515625 230.25 219.337493896484375 212.65625 209.193756103515625 208.912506103515625 208.5687408447265625 208.6875 211.7312469482421875 215.4812469482421875 213.3312530517578125 205.46875 195.9499969482421875 186.8625030517578125 179.3874969482421875 173.399993896484375 171.399993896484375
323.087493896484375 332.693756103515625 338.975006103515625 348.36248779296875 359.118743896484375 368.399993896484375 375.40625 382.5 386.17498779296875 382.71875 375.76251220703125 369.125 364.34375 357.29998779296875 349.88751220703125 341.36248779296875 332.337493896484375 322.73748779296875 314.868743896484375 305.962493896484375 295.58123779296875 287.181243896484375 280.774993896484375 276.824981689453125 276.23748779296875 279.10626220703125 280.6875 270.412506103515625 255.6875 244.506256103515625 235.2687530517578125 228.3125 224.056243896484375 220.962493896484375 218.5187530517578125 215.587493896484375 218.787506103515625 226.024993896484375 222.975006103515625 212.7937469482421875 201.912506103515625 192.193756103515625 184.2937469482421875 177.84375 175.337493896484375
314.16876220703125 322.21875 328.26873779296875 338.61248779296875 351.36248779296875 362.20001220703125 371.98126220703125 379.65625 382.98748779296875 378.86248779296875 372.08123779296875 365.88751220703125 360.29376220703125 353.66876220703125 346.600006103515625 338.79376220703125 331.01251220703125 322.600006103515625 314.662506103515625 305.86248779296875 294.04376220703125 284.818756103515625 276.899993896484375 273.399993896484375 272.625 274.962493896484375 276.70001220703125 271.84375 263.556243896484375 255.443756103515625 248.8874969482421875 242.037506103515625 238.274993896484375 234.2375030517578125 230.693756103515625 225.0437469482421875 226.90625 233.5187530517578125 230.118743896484375 219.506256103515625 207.65625 197.7312469482421875 188.8937530517578125 181.7062530517578125 180.618743896484375
309.17498779296875 314.681243896484375 319.600006103515625 333.412506103515625 349.23748779296875 359.662506103515625 368.95001220703125 375.243743896484375 376.75 374.38751220703125 368.92498779296875 362.04376220703125 355.6875 348.76873779296875 343.087493896484375 336.71875 329.875 322.57501220703125 314.88751220703125 306.15625 293.23748779296875 281.58123779296875 272.524993896484375 267.73126220703125 267.41876220703125 270.76251220703125 273.3125 272.181243896484375 268.26873779296875 264.36248779296875 260.600006103515625 255.3125 252.318756103515625 248.2937469482421875 243.40625 238.7375030517578125 239.1687469482421875 239.943756103515625 235.2062530517578125 225.8874969482421875 214.0124969482421875 203.681243896484375 193.6999969482421875 187.087493896484375 184.75
310.975006103515625 319.024993896484375 324.287506103515625 336.9375 349.20001220703125 358.350006103515625 365.506256103515625 370.506256103515625 371.29998779296875 368.54376220703125 363.38751220703125 357.36248779296875 350.40625 343.45001220703125 339.524993896484375 334.693756103515625 328.45623779296875 322.13751220703125 315.13751220703125 306.5 294.362518310546875 280.068756103515625 267.63751220703125 260.07501220703125 262.350006103515625 267.756256103515625 272.618743896484375 273.993743896484375 273.068756103515625 271.95623779296875 270.274993896484375 268.63751220703125 267.11248779296875 262.375 257.625 252.5 250.837493896484375 249.2062530517578125 243.3125 234.368743896484375 222.568756103515625 210.037506103515625 198.181243896484375 189.975006103515625 189.03125
315.57501220703125 324.11248779296875 332.73126220703125 344.3125 354.537506103515625 361.149993896484375 364.76873779296875 367.131256103515625 365.587493896484375 363.48748779296875 360.42498779296875 354.29376220703125 346.65625 340.13751220703125 337.26251220703125 334.1875 329.48126220703125 323.91876220703125 317.48126220703125 308.337493896484375 295.818756103515625 281.16876220703125 267 256.881256103515625 261.243743896484375 267.274993896484375 272.787506103515625 275.375 276.86248779296875 277.28125 278.100006103515625 278.725006103515625 279.712493896484375 275.41876220703125 270.83123779296875 266.07501220703125 262.443756103515625 259.29998779296875 252.962493896484375 244.8125 233.53125 218.9250030517578125 203.8312530517578125 194.34375 198.0500030517578125
321.618743896484375 330.9375 341.59375 352.76251220703125 361.13751220703125 365.16876220703125 366.243743896484375 364.962493896484375 361.725006103515625 358.51873779296875 354.725006103515625 348.73748779296875 342.774993896484375 337.037506103515625 335.36248779296875 333.006256103515625 330.32501220703125 325.243743896484375 319.881256103515625 311.71875 300.337493896484375 287.537506103515625 277.068756103515625 268.912506103515625 268.962493896484375 272.462493896484375 276.037506103515625 277.90625 279.36248779296875 280.76873779296875 282.037506103515625 282.837493896484375 284.568756103515625 283.54376220703125 281.04998779296875 276.78125 273.256256103515625 270.087493896484375 264.67498779296875 258.04376220703125 248.2437591552734375 232.462493896484375 211.3312530517578125 200.493743896484375 211.53125
325.76873779296875 336.29376220703125 349.056243896484375 361.95623779296875 368.71875 368.375 365.806243896484375 362.34375 357.66876220703125 352.850006103515625 349.51873779296875 344.48748779296875 338.73748779296875 334.037506103515625 332.95001220703125 333.068756103515625 331.79998779296875 328.08123779296875 323.524993896484375 316.67498779296875 306.91876220703125 296.662506103515625 289.131256103515625 281.118743896484375 278.95001220703125 279.806243896484375 281.33123779296875 282.17498779296875 283.131256103515625 283.912506103515625 284.70001220703125 285.037506103515625 287.649993896484375 288.45623779296875 288.537506103515625 285.78125 283.493743896484375 280.57501220703125 275.32501220703125 270.443756103515625 264 246.600006103515625 225.3249969482421875 217.96875 229.5
330.58123779296875 341.368743896484375 356.0625 371.13751220703125 379.14373779296875 372.662506103515625 365.53125 360.04998779296875 353.46875 347.318756103515625 343.631256103515625 338.45623779296875 334.806243896484375 331.881256103515625 331.5625 331.225006103515625 330.88751220703125 330.32501220703125 327.100006103515625 320.84375 311.90625 303.60626220703125 296.46875 289.42498779296875 286.36248779296875 285.899993896484375 284.412506103515625 284.60626220703125 284.350006103515625 285.306243896484375 286.29998779296875 286.868743896484375 290.91876220703125 293.193756103515625 294.91876220703125 292.89373779296875 291.5 289.1875 284.86248779296875 279.98748779296875 272.787506103515625 261.71875 247.162506103515625 241.84375 246.2937469482421875
332.48748779296875 343.09375 356.537506103515625 371.399993896484375 377.95623779296875 368.86248779296875 360.51873779296875 353.26873779296875 345.45623779296875 340.46875 336.881256103515625 332.875 330.600006103515625 328.36248779296875 328.118743896484375 328.70623779296875 330.15625 329.875 329.350006103515625 324.318756103515625 316.10626220703125 308.78125 303.037506103515625 296.16876220703125 292.04376220703125 290.149993896484375 287.6875 286.506256103515625 285.3125 286.975006103515625 288.20001220703125 289.162506103515625 293.45623779296875 297.42498779296875 300.15625 299.51251220703125 299.38751220703125 298.0625 293.818756103515625 287.931243896484375 282.600006103515625 276.850006103515625 269.162506103515625 262.875 264.61248779296875
332.037506103515625 340.068756103515625 350.23126220703125 358.350006103515625 360.46875 355.45623779296875 348.96875 341.556243896484375 334.95623779296875 329.95001220703125 327.48748779296875 325.61248779296875 325.04376220703125 323.993743896484375 325.20623779296875 326.35626220703125 326.09375 326.15625 326.162506103515625 322.95623779296875 317.16876220703125 311.38751220703125 306.08123779296875 299.60626220703125 296.681243896484375 293.818756103515625 289.899993896484375 287.806243896484375 286.21875 288.40625 290.04998779296875 291.73748779296875 295.399993896484375 300.20623779296875 304.556243896484375 306.100006103515625 306.100006103515625 305.256256103515625 301.943756103515625 297.57501220703125 296.20001220703125 296.09375 295.15625 294.475006103515625 300.193756103515625
329.63751220703125 333.743743896484375 338.48748779296875 343.118743896484375 343.443756103515625 338.75 331.6875 324.23126220703125 318.225006103515625 315.037506103515625 316.75 316.73126220703125 318.63751220703125 320.98126220703125 321.86248779296875 321.71875 320.21875 321.40625 319.83123779296875 317.625 313.243743896484375 309.13751220703125 304.76873779296875 298.75 295.9375 293.95623779296875 289.912506103515625 286.16876220703125 284.899993896484375 287.38751220703125 290.51873779296875 293.3125 297.84375 303.21875 308.48748779296875 310.912506103515625 312.381256103515625 313.243743896484375 311.787506103515625 313.09375 314.381256103515625 318.75 325.287506103515625 335.64373779296875 356.399993896484375
325.54376220703125 326.42498779296875 328.29376220703125 328.806243896484375 325.868743896484375 320.45623779296875 313.787506103515625 306.32501220703125 300.73748779296875 298.5625 301.28125 306.662506103515625 312.287506103515625 315.5625 317 316 314.59375 315.60626220703125 313.57501220703125 311.681243896484375 308.20001220703125 304.42498779296875 300.318756103515625 295.524993896484375 292.712493896484375 290.95001220703125 287.743743896484375 284.51251220703125 283.61248779296875 286.23748779296875 290.20001220703125 294.662506103515625 299.98126220703125 306.09375 311.5625 314.79998779296875 318.21875 319.5 322.524993896484375 327.4375 332.57501220703125 340.95623779296875 352.993743896484375 371.0625 398.212493896484375
320.037506103515625 319.243743896484375 318.35626220703125 315.42498779296875 310.92498779296875 304.149993896484375 296.318756103515625 288.368743896484375 281.75 280.600006103515625 286.29376220703125 295.48748779296875 306.07501220703125 313.149993896484375 314.29998779296875 312.51251220703125 309.681243896484375 309.631256103515625 308.32501220703125 305.07501220703125 302.78125 298.587493896484375 295.837493896484375 291.33123779296875 288.368743896484375 287.11248779296875 284.17498779296875 281.787506103515625 281.01873779296875 284.625 289.756256103515625 295.23126220703125 301.54998779296875 308.631256103515625 314.61248779296875 318 321.631256103515625 326.45623779296875 332.76873779296875 339.212493896484375 347.67498779296875 358.287506103515625 372.725006103515625 392.33123779296875 416.26251220703125
313.818756103515625 311.693756103515625 308.67498779296875 304.318756103515625 298.17498779296875 290.712493896484375 281.274993896484375 271.48748779296875 263.15625 259.806243896484375 267.78125 282.61248779296875 298.631256103515625 308.381256103515625 310.39373779296875 308.618743896484375 305.193756103515625 304.46875 301.71875 297.73126220703125 295.0625 292.368743896484375 288.818756103515625 284.73126220703125 282.537506103515625 280.975006103515625 278.86248779296875 276.868743896484375 276.375 281.375 287.962493896484375 293.975006103515625 301.337493896484375 308.32501220703125 314.67498779296875 318.381256103515625 324.943756103515625 331.04998779296875 338.08123779296875 346.17498779296875 355.899993896484375 368.212493896484375 381.712493896484375 399.431243896484375 417.087493896484375
307.024993896484375 304.14373779296875 300.181243896484375 295.3125 288.975006103515625 281.149993896484375 271.943756103515625 260.39373779296875 248.375 238.931243896484375 251.8249969482421875 277.35626220703125 294.76873779296875 304.04998779296875 306.368743896484375 304.412506103515625 301.04376220703125 299.01251220703125 296.024993896484375 291.4375 287.98748779296875 284.53125 280.9375 277.17498779296875 274.70623779296875 273.625 271.625 271.21875 272.024993896484375 278.17498779296875 285.5 292.41876220703125 300.212493896484375 308.162506103515625 314.6875 321.0625 328.28125 335.20001220703125 341.725006103515625 350.1875 360.07501220703125 371.868743896484375 384.89373779296875 400.725006103515625 412.91876220703125
300.125 297.29376220703125 293.48748779296875 288.4375 282.9375 274.96875 266.975006103515625 256.70001220703125 245.600006103515625 233.3312530517578125 259.17498779296875 286.66876220703125 297.95001220703125 303.881256103515625 304.475006103515625 301.943756103515625 297.45623779296875 295.01873779296875 290.51873779296875 285.662506103515625 280.431243896484375 276.068756103515625 272.65625 269.01251220703125 266.443756103515625 265.475006103515625 265.38751220703125 265.681243896484375 267.20623779296875 274.73748779296875 282.34375 290.41876220703125 298.774993896484375 307.256256103515625 314.399993896484375 321.75 329.46875 336.443756103515625 343.881256103515625 351.9375 360.912506103515625 371.600006103515625 382.70623779296875 396.212493896484375 406.95623779296875
295.54998779296875 292.618743896484375 289.462493896484375 285.5 280.35626220703125 273.837493896484375 267.774993896484375 262.493743896484375 260.350006103515625 269.40625 299.243743896484375 304.40625 304.90625 306.64373779296875 305.66876220703125 302.837493896484375 298.32501220703125 293.78125 288.09375 281.837493896484375 275.04376220703125 269.04998779296875 264.89373779296875 261.76873779296875 260.01251220703125 259.5625 259.912506103515625 261.5 263.98748779296875 271.6875 280.04998779296875 286.78125 294.881256103515625 302.91876220703125 311.399993896484375 318.63751220703125 325.78125 332.57501220703125 339 345.725006103515625 354.20623779296875 362.48126220703125 371.17498779296875 381.443756103515625 389.462493896484375
292.774993896484375 289.774993896484375 286.943756103515625 283.59375 279.693756103515625 275.79998779296875 272.57501220703125 272.23748779296875 275.09375 285.45623779296875 301.86248779296875 308.581268310546875 308.587493896484375 308.96875 308.024993896484375 304.76873779296875 299.92498779296875 294.71875 286.850006103515625 278.818756103515625 269.04998779296875 260.88751220703125 255.443756103515625 252.212493896484375 252.0062408447265625 252.9875030517578125 255.1687469482421875 258.131256103515625 261.368743896484375 269.25 276.57501220703125 284.17498779296875 292.48126220703125 300.068756103515625 307.524993896484375 313.443756103515625 320.67498779296875 326.774993896484375 332.125 337.225006103515625 343.38751220703125 350.23748779296875 357.6875 365.64373779296875 372.35626220703125
