data/historical-monthly-weather-data/wc2.1_cruts4.09_10m_prec_2018-10.asc
ncols        45
nrows        45
xllcorner    -63.500000000000
yllcorner    -7.500000000000
cellsize     0.166666666667
NODATA_value -9999
[rows 19 to 37 of 45, columns 0 to 43 of 45]
106.38124847412109375 105.2062530517578125 105.03749847412109375 104.9499969482421875 104.69374847412109375 104.53125 103.75 101.4875030517578125 95 87.28749847412109375 79.11875152587890625 72.69374847412109375 66.90000152587890625 61.762500762939453125 59.38124847412109375 57.78125 55.549999237060546875 55.137500762939453125 55.293750762939453125 55.987499237060546875 56.38124847412109375 58.11875152587890625 61.487499237060546875 65.03749847412109375 67.19374847412109375 67.3125 66.5500030517578125 64.68125152587890625 60.5 56.012500762939453125 53.387500762939453125 55.762500762939453125 57.97499847412109375 59.94374847412109375 60.575000762939453125 56.40000152587890625 53.16249847412109375 51.21875 49.25 46.512500762939453125 43.25 40.15625 35.90625 32.09999847412109375
107.77500152587890625 109.2062530517578125 110.96875 112.3000030517578125 112.91249847412109375 111.41249847412109375 109.33750152587890625 105.7375030517578125 99.0187530517578125 90.59375 81.96875 74.9187469482421875 68.625 62.71875 59.97499847412109375 57.8125 55.606250762939453125 54.84375 55.53749847412109375 56.012500762939453125 57.174999237060546875 58.956249237060546875 61.018749237060546875 63.69374847412109375 65.9812469482421875 66.9562530517578125 66.83750152587890625 64.65000152587890625 62.237499237060546875 61.018749237060546875 60.78125 62.59999847412109375 64.15000152587890625 66.41249847412109375 68.4499969482421875 63.44374847412109375 57.8125 53.981250762939453125 50.71250152587890625 47.53749847412109375 44.200000762939453125 41.043750762939453125 37.231250762939453125 33.78749847412109375
108.9812469482421875 113.3625030517578125 116.75 119.3874969482421875 121.08750152587890625 118.65000152587890625 114.77500152587890625 109.9250030517578125 103.6062469482421875 94.84375 85.4375 77.7937469482421875 71.1125030517578125 65.5 62.231250762939453125 59.887500762939453125 58 57.168750762939453125 57.25 57.625 57.90625 59.075000762939453125 60.9375 63.03749847412109375 64.63124847412109375 65.66249847412109375 66.6999969482421875 66.24375152587890625 65.8312530517578125 66.30625152587890625 67.28125 69.15625 69.9562530517578125 71.3249969482421875 71.47499847412109375 67.1062469482421875 61.3125 56.331249237060546875 52.362499237060546875 48.96250152587890625 45.456249237060546875 42.22499847412109375 38.793750762939453125 35.40625
111.4562530517578125 118.90625 123.6750030517578125 127.1999969482421875 128.7624969482421875 125.1062469482421875 120 114.46250152587890625 109.25624847412109375 99.5500030517578125 89.3312530517578125 80.90000152587890625 74.25624847412109375 68.9499969482421875 65.3625030517578125 62.625 60.49375152587890625 59.799999237060546875 59.481250762939453125 59.356250762939453125 59.58750152587890625 59.981250762939453125 60.96250152587890625 62.78125 64.08750152587890625 64.49375152587890625 66.34375 67.96875 68.6687469482421875 70.5500030517578125 73.125 75.7624969482421875 75.53125 75.57500457763671875 74.4875030517578125 69.8312530517578125 64.13124847412109375 58.5 54.21875 51.21875 47.88124847412109375 44.56874847412109375 41.049999237060546875 37.512500762939453125
115.0625 124.65000152587890625 130.2687530517578125 132.1750030517578125 132.5437469482421875 128.743743896484375 123.41249847412109375 118.2312469482421875 112.81874847412109375 103.46875 92.96875 84.90625 78.3249969482421875 72.91249847412109375 69.31874847412109375 66.2937469482421875 64.03125 62.9375 62.174999237060546875 61.55625152587890625 61.674999237060546875 62.0625 62.299999237060546875 63.643749237060546875 64.4812469482421875 64.3312530517578125 65.6875 68.6687469482421875 71.50624847412109375 74.8625030517578125 78.4375 81.56874847412109375 80.88124847412109375 79.75 78.03749847412109375 73.84999847412109375 68.4375 62.68125152587890625 58.543750762939453125 55.18125152587890625 51.731250762939453125 48.22499847412109375 44.41249847412109375 40.52500152587890625
122.4562530517578125 132.443756103515625 137.587493896484375 137 135.6750030517578125 131.4499969482421875 125.90000152587890625 119.9812469482421875 114.00624847412109375 105.99375152587890625 97.03749847412109375 89.4562530517578125 83.1062469482421875 77.65625 73.7375030517578125 70.6374969482421875 67.9562530517578125 66.53749847412109375 65.34999847412109375 64.4250030517578125 64.2375030517578125 63.90625 64.16249847412109375 65.16249847412109375 65.9875030517578125 66.81874847412109375 68.6062469482421875 71.6125030517578125 74.9499969482421875 78.9812469482421875 83.0749969482421875 86.11875152587890625 85.4812469482421875 83.6125030517578125 81.52500152587890625 77.25624847412109375 72.8249969482421875 68.28749847412109375 63.96875 60.5 56.84999847412109375 52.887500762939453125 48.637500762939453125 44.71875
131.40625 140.3562469482421875 141.71875 140.787506103515625 137.96875 133.3000030517578125 127.6687469482421875 121.59375 115.90625 109.0749969482421875 100.47499847412109375 93.875 87.7312469482421875 82.34375 78.5625 75.15000152587890625 72.34999847412109375 70.40000152587890625 68.90625 67.59375 67.19374847412109375 66.61875152587890625 66.5749969482421875 67.65625 68.7624969482421875 70.0625 72.5625 75.46250152587890625 78.8249969482421875 83.25624847412109375 87.03125 90.83750152587890625 90.0187530517578125 87.5500030517578125 85.34375 81.4562530517578125 77.53749847412109375 73.90000152587890625 69.97499847412109375 66.4375 62.743747711181640625 58.543750762939453125 53.831249237060546875 49.700000762939453125
140.1062469482421875 145.09375 144.899993896484375 142.899993896484375 139.625 135.46875 130.068756103515625 124.33750152587890625 118.4375 111.6125030517578125 104.78125 98.84999847412109375 93.1999969482421875 88.02500152587890625 83.9187469482421875 80.4812469482421875 77.0812530517578125 75.16249847412109375 73.34375 71.71875 71.19374847412109375 70.4375 70.15000152587890625 71.83750152587890625 72.90625 74.41249847412109375 77.08750152587890625 80.1750030517578125 83.7687530517578125 87.9250030517578125 92.2624969482421875 95.34999847412109375 94.46875 92.06874847412109375 89.3874969482421875 86.1999969482421875 83.03125 79.9562530517578125 76.69374847412109375 73.7937469482421875 70.34999847412109375 66.34999847412109375 61.6875 57.237499237060546875
148.256256103515625 150.375 148.5437469482421875 145.6374969482421875 141.787506103515625 137.6687469482421875 133.0187530517578125 127.30625152587890625 121.47499847412109375 115.3874969482421875 108.8937530517578125 103.5749969482421875 98.7312469482421875 93.55625152587890625 89.47499847412109375 85.81874847412109375 82.4875030517578125 79.97499847412109375 78.08750152587890625 76.55625152587890625 75.6062469482421875 74.6750030517578125 74.58750152587890625 76 77.24375152587890625 79.0187530517578125 82.1999969482421875 85.6437530517578125 88.88124847412109375 92.8000030517578125 96.58750152587890625 99.8000030517578125 98.6999969482421875 96.1062469482421875 93.9187469482421875 91.0124969482421875 88.19374847412109375 86.27500152587890625 83.4812469482421875 81.4187469482421875 79.30625152587890625 75.1999969482421875 69.9250030517578125 65.86875152587890625
156.0749969482421875 155.943756103515625 152.212493896484375 148.65625 144.381256103515625 139.774993896484375 134.9187469482421875 129.881256103515625 124.5812530517578125 119.34375 113.77500152587890625 108.9562530517578125 104.3249969482421875 99.375 95.4499969482421875 91.59375 88.21250152587890625 85.5500030517578125 83.30625152587890625 81.5625 80.30625152587890625 79.34999847412109375 79.0812530517578125 80.43125152587890625 81.7937469482421875 83.8625030517578125 87.28125 90.88124847412109375 94.78125 98.15000152587890625 101.15000152587890625 104.02500152587890625 102.72499847412109375 100.11875152587890625 97.94374847412109375 95.7687530517578125 93.56874847412109375 91.8625030517578125 89.3249969482421875 87.75 86.6374969482421875 82.7375030517578125 77.6750030517578125 74.7624969482421875
160.90625 159.1999969482421875 154.962493896484375 150.4187469482421875 146.4875030517578125 141.46875 137.068756103515625 132.881256103515625 128.65625 123.6750030517578125 119.24375152587890625 114.75624847412109375 110.91249847412109375 106.5500030517578125 102.59999847412109375 99.09375 95.28749847412109375 92.83750152587890625 90.2312469482421875 87.7312469482421875 86.56874847412109375 85.58750152587890625 84.9499969482421875 86.0437469482421875 87.6687469482421875 90.1750030517578125 93.5812530517578125 97.08750152587890625 100.49375152587890625 103.2624969482421875 106.0187530517578125 108.25624847412109375 106.8249969482421875 104.74375152587890625 102.5812530517578125 100.75624847412109375 98.9187469482421875 97.8312530517578125 94.5812530517578125 92.46875 91.3125 89.52500152587890625 86.06874847412109375 84.5812530517578125
164.7375030517578125 161.318756103515625 157.212493896484375 152.03125 148.412506103515625 144.53125 140.28125 136.4250030517578125 132.506256103515625 128.15625 124.74375152587890625 121.2937469482421875 118.3874969482421875 114.56874847412109375 110.3937530517578125 106.94374847412109375 103.5437469482421875 100.4875030517578125 97.53125 94.9187469482421875 93.28125 92.1374969482421875 91.41249847412109375 92.375 94.0749969482421875 96.34999847412109375 99.78125 103.2312469482421875 106.3874969482421875 108.43125152587890625 110.8000030517578125 112.47499847412109375 111.08750152587890625 109.38124847412109375 107.5437469482421875 105.59999847412109375 104.34375 103.6437530517578125 99.91249847412109375 95.3625030517578125 94.68125152587890625 95.1374969482421875 94.30625152587890625 93.18125152587890625
166.4499969482421875 161.912506103515625 157.274993896484375 153.524993896484375 151.3625030517578125 146.806243896484375 142.899993896484375 139.625 136.3125 132.8937530517578125 130.037506103515625 127.71250152587890625 125.15000152587890625 122.28749847412109375 118.98125457763671875 115.58750152587890625 111.6999969482421875 107.9187469482421875 105.2375030517578125 102.3562469482421875 100.4187469482421875 98.9812469482421875 98.1125030517578125 98.88124847412109375 100.625 102.6875 106.03125 109.5124969482421875 112.4250030517578125 114.1062469482421875 115.7062530517578125 116.5124969482421875 115.34999847412109375 114.18125152587890625 112.2062530517578125 110.78749847412109375 109.94374847412109375 109.4250030517578125 105.08750152587890625 101.4187469482421875 101.46875 102.96875 102.875 102.9562530517578125
163.1750030517578125 158.649993896484375 154.8249969482421875 152.3312530517578125 150.1374969482421875 146.962493896484375 144.212493896484375 141.9250030517578125 139.181243896484375 136.84375 136.78125 134.912506103515625 133.806243896484375 132.4562530517578125 129.1875 125.41249847412109375 120.9875030517578125 117.1875 114.0124969482421875 110.9499969482421875 108.71250152587890625 107 105.68125152587890625 106.5437469482421875 107.9562530517578125 109.74375152587890625 112.96250152587890625 116.1125030517578125 118.94374847412109375 120.66249847412109375 121.65000152587890625 122.1125030517578125 120.11875152587890625 119.25 118.46875 118.06874847412109375 117.0812530517578125 115.8249969482421875 112.6750030517578125 111.71875 112.3937530517578125 113.68125152587890625 114.4187469482421875 114.96250152587890625
157.756256103515625 154.3062591552734375 151.962493896484375 150.368743896484375 148.0749969482421875 146.5625 145.2687530517578125 144.3312530517578125 141.587493896484375 140.274993896484375 140.462493896484375 141.850006103515625 143.5124969482421875 142.1374969482421875 139.537506103515625 135.475006103515625 131.006256103515625 127.15000152587890625 123.0625 120.06874847412109375 117.49375152587890625 115.3562469482421875 113.7624969482421875 113.8937530517578125 115.34375 116.94374847412109375 119.68125152587890625 122.6999969482421875 125.66249847412109375 126.83750152587890625 127.75 128.1750030517578125 126.8249969482421875 125.33750152587890625 125.24375152587890625 124.9562530517578125 123.84999847412109375 122.75624847412109375 121.53125 122.03749847412109375 122.56874847412109375 124.21875 126.31874847412109375 127.875
151.9875030517578125 149.818756103515625 147.8562469482421875 147.125 145.568756103515625 145.318756103515625 145.181243896484375 145.5749969482421875 142.568756103515625 141.9499969482421875 144.0500030517578125 147.9250030517578125 152.1999969482421875 153.462493896484375 149.712493896484375 145.568756103515625 141.1687469482421875 136.9562530517578125 132.75 128.9562530517578125 126.30625152587890625 123.61875152587890625 121.69374847412109375 121.30625152587890625 122.41249847412109375 123.78125 126.625 129.9499969482421875 132.756256103515625 133.3000030517578125 133.537506103515625 134 132.90625 132.243743896484375 131.7375030517578125 130.8874969482421875 129.8562469482421875 130.1687469482421875 130.100006103515625 130.912506103515625 132.0749969482421875 133.6062469482421875 136.3312530517578125 138.431243896484375
144.4875030517578125 142.774993896484375 141.9812469482421875 141.0187530517578125 140.068756103515625 140.4499969482421875 140.2375030517578125 140.3625030517578125 138.5 138.75 143.7062530517578125 150.431243896484375 157.9250030517578125 161.193756103515625 158.743743896484375 154.8125 150.3937530517578125 146.431243896484375 142.28125 138.1437530517578125 135.4187469482421875 132.75 129.7937469482421875 129.1875 129.75 130.462493896484375 132.9250030517578125 136.0625 138.693756103515625 139.3937530517578125 139.381256103515625 139.662506103515625 138.7937469482421875 138.8874969482421875 137.9875030517578125 136.556243896484375 137.1125030517578125 136.9187469482421875 137.1374969482421875 137.881256103515625 139.5 141.4250030517578125 142.7624969482421875 145.475006103515625
136.84375 135.7249908447265625 135.4187469482421875 135.024993896484375 134.5812530517578125 134.881256103515625 134.712493896484375 134.6750030517578125 133.6374969482421875 133.59375 141.90625 154.4000091552734375 162.712493896484375 166.75 166.1374969482421875 163.462493896484375 159.2937469482421875 155.587493896484375 151.149993896484375 146.725006103515625 143.6999969482421875 140.631256103515625 137.90625 136.6624908447265625 136.5 137.006256103515625 139.056243896484375 142.056243896484375 144.9187469482421875 145.375 145.5625 145.15625 145.475006103515625 145.837493896484375 144.3562469482421875 144.037506103515625 144.131256103515625 144.4812469482421875 144.5625 144.8312530517578125 146.0437469482421875 146.899993896484375 148.931243896484375 152.0625
129.399993896484375 128.8625030517578125 128.875 129.0625 129.3125 129.90625 130.868743896484375 131.3625030517578125 132.256256103515625 132.493743896484375 146.9937591552734375 161.1750030517578125 168.587493896484375 173.506256103515625 173.412506103515625 171.462493896484375 167.7375030517578125 164.024993896484375 159.818756103515625 155 151.4250030517578125 147.462493896484375 144.462493896484375 142.75 142.7687530517578125 143.125 144.6687469482421875 147.53125 150.2687530517578125 150.993743896484375 150.4375 150.5625 151.381256103515625 151.625 151.193756103515625 150.1999969482421875 150.8625030517578125 150.6875 151.506256103515625 152.0749969482421875 151.59375 153.03125 153.975006103515625 156.1374969482421875
