data/historical-monthly-weather-data/wc2.1_cruts4.09_10m_prec_1963-04.asc
ncols        45
nrows        45
xllcorner    -63.500000000000
yllcorner    -7.500000000000
cellsize     0.166666666667
NODATA_value -9999
[rows 0 to 19 of 45, columns 0 to 44 of 45]
239.7312469482421875 238.71875 240.649993896484375 248.125 251.6624908447265625 252.96875 253.28125 249.256256103515625 247.5625 249.65625 254.96875 259.399993896484375 262.493743896484375 263.54998779296875 264.21875 265.53125 268.11248779296875 267.118743896484375 268.98748779296875 271.04998779296875 273.475006103515625 277.306243896484375 280.07501220703125 283.16876220703125 283.78125 287.20001220703125 289.11248779296875 292.86248779296875 295.287506103515625 298.3125 301.962493896484375 305.806243896484375 307.84375 311.66876220703125 315.16876220703125 319.537506103515625 321.79376220703125 324.225006103515625 329.368743896484375 332.66876220703125 335.82501220703125 338.537506103515625 338.01873779296875 339.631256103515625 340.181243896484375
245.712493896484375 243.3625030517578125 250.274993896484375 257.787506103515625 264.75 264.493743896484375 262.774993896484375 262.537506103515625 262.48126220703125 263.943756103515625 268.100006103515625 270.36248779296875 272.475006103515625 273.25 272.056243896484375 273.693756103515625 273.9375 274.20623779296875 275.39373779296875 276.01251220703125 277.64373779296875 279.875 283.76873779296875 285.631256103515625 288.412506103515625 291.412506103515625 293.79376220703125 298.524993896484375 300.131256103515625 301.881256103515625 305.587493896484375 310.287506103515625 312.84375 317.75 320.493743896484375 324.57501220703125 329.16876220703125 332.09375 336.70623779296875 339.03125 341.21875 344.26873779296875 343.931243896484375 343.181243896484375 342.61248779296875
249.381256103515625 249.1687469482421875 254.6312408447265625 263.431243896484375 271.106231689453125 272.45001220703125 273.024993896484375 274.70001220703125 278.33123779296875 279.75 280.8125 280.681243896484375 281.89373779296875 279.98748779296875 278.53125 279 278.79998779296875 279.399993896484375 279.76873779296875 281.356231689453125 283.66876220703125 286.556243896484375 288.65625 290.09375 293.13751220703125 295.79998779296875 299.67498779296875 301.318756103515625 301.42498779296875 303.75 306.38751220703125 309.306243896484375 314.09375 318.006256103515625 319.381256103515625 322.743743896484375 329.26873779296875 334.431243896484375 338.29998779296875 341.34375 343.899993896484375 345.118743896484375 345.08123779296875 345.23748779296875 344.48126220703125
248.774993896484375 249.5500030517578125 258.04376220703125 264.725006103515625 271.73748779296875 276.39373779296875 279.82501220703125 283.98748779296875 290.70623779296875 294.76251220703125 294.056243896484375 290.70001220703125 287.71875 285.693756103515625 283.393768310546875 283.40625 283.71875 284.181243896484375 284.756256103515625 286.875 290.26873779296875 292.85626220703125 293.36248779296875 295.26251220703125 297.38751220703125 297.98748779296875 302.524993896484375 302.850006103515625 302.818756103515625 306.20001220703125 308.15625 310.306243896484375 311.79376220703125 314.5 315.568756103515625 321.431243896484375 327.60626220703125 333.206268310546875 339.48126220703125 341.537506103515625 344.412506103515625 347.20001220703125 345.32501220703125 344.04376220703125 344.64373779296875
260.03125 256.8125 257.96875 264.193756103515625 273.225006103515625 278.73748779296875 282.399993896484375 289.3125 299.75 307.79998779296875 304.181243896484375 295.493743896484375 291.662506103515625 289.58123779296875 286.95623779296875 286.36248779296875 285.78125 286.837493896484375 287.681243896484375 289.681243896484375 293.912506103515625 295.60626220703125 296.39373779296875 299.38751220703125 298.58123779296875 298.73748779296875 301.149993896484375 304.8125 306.881256103515625 307.70001220703125 309.037506103515625 307.5625 308.04376220703125 310.59375 312.318756103515625 318.225006103515625 323.774993896484375 330.28125 337.556243896484375 340.649993896484375 345.26251220703125 344.568756103515625 343.85626220703125 344.568756103515625 343.462493896484375
263.85626220703125 262.618743896484375 264.29376220703125 264.850006103515625 272.943756103515625 280.11248779296875 284.45623779296875 291.931243896484375 302.399993896484375 312.787506103515625 306.26873779296875 298.162506103515625 295.100006103515625 293.39373779296875 290.181243896484375 289.875 287.4375 287.96875 290.600006103515625 293.20001220703125 295.5 296.73126220703125 299.78125 301.01873779296875 301.35626220703125 302.32501220703125 303.95623779296875 306.59375 307.962493896484375 307.399993896484375 307.25 307.199981689453125 305.14373779296875 306.98748779296875 310.318756103515625 315.58123779296875 323.331268310546875 330.21875 337.006256103515625 342.20623779296875 343.193756103515625 342.293731689453125 342.506256103515625 343.82501220703125 344.20001220703125
268.76873779296875 267.993743896484375 269.95623779296875 269.774993896484375 270.76251220703125 274.306243896484375 278.83123779296875 285.1875 291.037506103515625 295.368743896484375 296.837493896484375 295.83123779296875 297.23748779296875 295.76873779296875 293.60626220703125 294.100006103515625 291.993743896484375 289.350006103515625 289.85626220703125 293.42498779296875 296.76251220703125 299.274993896484375 301.84375 301.162506103515625 302.35626220703125 304.1875 306.42498779296875 306.868743896484375 307.23126220703125 306.287506103515625 305.912506103515625 304.212493896484375 303.412506103515625 302.92498779296875 305.600006103515625 311.256256103515625 317.63751220703125 325.618743896484375 334.76251220703125 339.225006103515625 336.89373779296875 336.79998779296875 337.8125 339.212493896484375 341.5625
274.431243896484375 272.26873779296875 272.54376220703125 274.04998779296875 275.368743896484375 276.524993896484375 274.59375 272.26251220703125 270.92498779296875 274.5 284.1875 291.631256103515625 296.506256103515625 298.26251220703125 298 297.29998779296875 294.83123779296875 291.64373779296875 289.35626220703125 292.90625 297.8125 301.29998779296875 302.806243896484375 302.5 305.118743896484375 304.725006103515625 306.056243896484375 306.51873779296875 306.95001220703125 306.01873779296875 302.66876220703125 300.243743896484375 299.412506103515625 299.225006103515625 300.712493896484375 303.6875 310.274993896484375 317.056243896484375 323.631256103515625 326.493743896484375 326.46875 328.131256103515625 328.88751220703125 329.07501220703125 329.725006103515625
278.881256103515625 277.556243896484375 277.443756103515625 277.306243896484375 278.09375 277.375 275.85626220703125 271.725006103515625 264.662506103515625 263.649993896484375 276.806243896484375 287.92498779296875 299.34375 302.86248779296875 301.756256103515625 301.40625 300.037506103515625 297.975006103515625 297.5 298.78125 298.118743896484375 303.16876220703125 304.11248779296875 305.975006103515625 307.475006103515625 304.96875 304.975006103515625 305.850006103515625 306.125 305.243743896484375 303.90625 299.75 297.712493896484375 295.48126220703125 297.024993896484375 300.33123779296875 306.57501220703125 310.84375 316.29998779296875 318.04998779296875 318.17498779296875 318.100006103515625 319.76873779296875 321.09375 317.962493896484375
282.975006103515625 280.61248779296875 281.056243896484375 281.07501220703125 280.65625 280.41876220703125 279.85626220703125 276.368743896484375 274.59375 277.600006103515625 287.006256103515625 294.631256103515625 303.79376220703125 307.76251220703125 308.056243896484375 306.306243896484375 304.9375 304.26251220703125 303.96875 307.5 306.14373779296875 306.65625 306.35626220703125 309.23126220703125 307.04376220703125 302.40625 301.75 302.118743896484375 303.487518310546875 305.32501220703125 301.96875 296.9375 294.356231689453125 292.45623779296875 293.056243896484375 296.975006103515625 300.287506103515625 303.899993896484375 307.78125 310.76873779296875 312.306243896484375 312.087493896484375 311.881256103515625 308.6875 307.59375
287.15625 286.068756103515625 285.774993896484375 285.15625 283.125 283.60626220703125 284.10626220703125 282.524993896484375 284.82501220703125 290.056243896484375 299.16876220703125 308.01873779296875 311.41876220703125 314.46875 312.34375 309.48126220703125 308.375 308.89373779296875 310.475006103515625 313.243743896484375 315.53125 314.10626220703125 310.100006103515625 303.36248779296875 304.212493896484375 299.75 296.79998779296875 296.29376220703125 296.274993896484375 298.381256103515625 295.787506103515625 291.287506103515625 289.368743896484375 287.625 288.01873779296875 288.912506103515625 291.350006103515625 294.743743896484375 298.71875 301.587493896484375 302.38751220703125 301.5625 302.89373779296875 301.57501220703125 299.25
289.51251220703125 287.9375 287.33123779296875 289.625 289.03125 288.20623779296875 290.625 292.32501220703125 297.006256103515625 303.35626220703125 312.45001220703125 320.962493896484375 319.29998779296875 318.337493896484375 315.39373779296875 312.88751220703125 311.043731689453125 311.48126220703125 313.600006103515625 317.01873779296875 318.20001220703125 316.29998779296875 312.399993896484375 308.26251220703125 301.475006103515625 292.28125 288.95623779296875 287.28125 287.60626220703125 288.01251220703125 286.524993896484375 283.8125 281.40625 280.46875 280.96875 282.975006103515625 286.78125 290.88751220703125 292.20001220703125 292.51873779296875 293.881256103515625 293.6875 293.475006103515625 288.67498779296875 285.962493896484375
292.587493896484375 290.868743896484375 290.67498779296875 291.92498779296875 292.91876220703125 295.79376220703125 297.20001220703125 298.78125 303.53125 312.40625 321.287506103515625 328.493743896484375 326.60626220703125 317.506256103515625 313.98748779296875 313.54998779296875 310.693756103515625 310.88751220703125 314.037506103515625 315.73126220703125 316.493743896484375 312.618743896484375 305.600006103515625 300.53125 287.29998779296875 276.70001220703125 276.743743896484375 275.54376220703125 277.375 277.51873779296875 276.681243896484375 274.46875 272.35626220703125 271.881256103515625 271.912506103515625 276.07501220703125 280.806243896484375 285.35626220703125 287.556243896484375 287.725006103515625 284.256256103515625 285.29376220703125 282.256256103515625 277.70001220703125 278.07501220703125
294.48126220703125 292.806243896484375 291.73126220703125 292.568756103515625 295.556243896484375 298.475006103515625 299.98748779296875 302.61248779296875 309.006256103515625 316.600006103515625 322.34375 324.20001220703125 322.712493896484375 316.54376220703125 309.975006103515625 310.524993896484375 307.756256103515625 305.850006103515625 309.0625 308.92498779296875 307.912506103515625 301.875 295.48126220703125 285.931243896484375 275.17498779296875 266.256256103515625 265.274993896484375 265.181243896484375 266.15625 267.29376220703125 266.881256103515625 266.04376220703125 262.54998779296875 262.256256103515625 263.75 269.274993896484375 274.662506103515625 281.16876220703125 284.95001220703125 283.57501220703125 276.61248779296875 271.850006103515625 273.16876220703125 275.76873779296875 278.931243896484375
294.149993896484375 292.993743896484375 292.768768310546875 294.25 297.98126220703125 300.86248779296875 303.76873779296875 306.48126220703125 310.82501220703125 315.962493896484375 320.32501220703125 321.162506103515625 318.04376220703125 312.35626220703125 304.743743896484375 301.75 300.45001220703125 302.068756103515625 304.256256103515625 304.1875 300.41876220703125 295.493743896484375 286.91876220703125 277.524993896484375 267.743743896484375 260.806243896484375 259.36248779296875 259.993743896484375 261.412506103515625 261.60626220703125 259.48126220703125 256.037506103515625 255.225006103515625 253.649993896484375 253.96875 258.95623779296875 269.21875 279.681243896484375 283.83123779296875 280.774993896484375 274.90625 273.20001220703125 277.51251220703125 276.46875 276.73126220703125
291.91876220703125 290.79376220703125 292.743743896484375 295.818756103515625 299.181243896484375 302.33123779296875 305.225006103515625 308.375 313.96875 317.33123779296875 319.912506103515625 319.243743896484375 315.912506103515625 308.71875 299.28125 290.04998779296875 292.625 298.17498779296875 299.08123779296875 299.48126220703125 295.1875 287.9375 278.443756103515625 270.006256103515625 260.875 255.5812530517578125 253.524993896484375 255.100006103515625 256.66876220703125 257.67498779296875 257.6875 253.9562530517578125 247.5749969482421875 244.243743896484375 242.25 253.09375 263.862518310546875 275.54376220703125 281.5625 283.818756103515625 281.162506103515625 280.64373779296875 279.975006103515625 276.04998779296875 274.3125
288.225006103515625 288.681243896484375 292.225006103515625 296.350006103515625 299.743743896484375 303.11248779296875 307.98126220703125 311.35626220703125 314.725006103515625 318.01873779296875 319.20623779296875 317.943756103515625 313.26251220703125 306.181243896484375 298.912506103515625 292.725006103515625 288.17498779296875 291.212493896484375 294.818756103515625 296.412506103515625 291.29376220703125 284.32501220703125 274.36248779296875 263.337493896484375 255.03125 249.3874969482421875 248.681243896484375 250.318756103515625 253.318756103515625 255.7624969482421875 255.587493896484375 252.431243896484375 246.7312469482421875 242.59375 245.4499969482421875 252.899993896484375 264.618743896484375 277.756256103515625 289.068756103515625 290.66876220703125 289.76873779296875 287.01873779296875 280.768768310546875 275.34375 271.98748779296875
282.59375 285.556243896484375 289.48126220703125 296.10626220703125 300.26251220703125 304.95001220703125 310.79376220703125 313.100006103515625 315.84375 317.337493896484375 316.91876220703125 315 310.20001220703125 305.037506103515625 299.01251220703125 294.587493896484375 289.681243896484375 283.85626220703125 290.912506103515625 293.54998779296875 290.193756103515625 281.92498779296875 271.78125 261.412506103515625 254.4625091552734375 249.5437469482421875 246.6875 250.743743896484375 254.912506103515625 256.51251220703125 252.8000030517578125 243.337493896484375 243.1750030517578125 243.131256103515625 244.2687530517578125 254.6125030517578125 265.95623779296875 277.662506103515625 286.743743896484375 293.16876220703125 290.1875 286.618743896484375 281.11248779296875 275.45001220703125 272.57501220703125
275.743743896484375 280.66876220703125 287.100006103515625 293.34375 298.881256103515625 305.243743896484375 310.60626220703125 315.568756103515625 318.493743896484375 319.0625 316.475006103515625 310.82501220703125 306.70001220703125 303.98126220703125 295.91876220703125 291.73748779296875 288.23748779296875 284.11248779296875 284.01873779296875 287.11248779296875 288.73126220703125 282.931243896484375 264.818756103515625 259.149993896484375 255.475006103515625 253.774993896484375 254.0437469482421875 256.318756103515625 260.98748779296875 261.125 257.16876220703125 248.774993896484375 244.0500030517578125 236.9187469482421875 236.8625030517578125 247.3312530517578125 259.5 270.399993896484375 281.787506103515625 286.587493896484375 288.59375 286.21875 280.756256103515625 275.82501220703125 273.318756103515625
268.57501220703125 275.587493896484375 282.274993896484375 287.899993896484375 296.23748779296875 305.837493896484375 313.66876220703125 317.212493896484375 319.86248779296875 320.100006103515625 315.975006103515625 311.806243896484375 307.32501220703125 303.03125 293.756256103515625 284.17498779296875 278.193756103515625 281.037506103515625 280.76251220703125 283.28125 280.181243896484375 272.087493896484375 264.556243896484375 260.26251220703125 257.6875 256.23126220703125 258.4375 263.625 265.931243896484375 263.162506103515625 256.39373779296875 253.431243896484375 244.399993896484375 232.193756103515625 226.181243896484375 236.131256103515625 253.024993896484375 268.068756103515625 278.037506103515625 284.0625 285.34375 283.86248779296875 279.962493896484375 275.8125 271.20623779296875
