data/historical-monthly-weather-data/wc2.1_cruts4.09_10m_prec_1955-08.asc
ncols        45
nrows        45
xllcorner    -63.500000000000
yllcorner    -7.500000000000
cellsize     0.166666666667
NODATA_value -9999
[rows 19 to 37 of 45, columns 0 to 42 of 45]
82.8125 82.36875152587890625 80.0124969482421875 78.06874847412109375 75.1999969482421875 72.1750030517578125 68.40625 64.3937530517578125 62.28749847412109375 59.22499847412109375 55.393749237060546875 49.206249237060546875 41.55625152587890625 34.581249237060546875 29.143749237060546875 24.181249618530273438 19.231250762939453125 17.137500762939453125 15.962499618530273438 15.737500190734863281 15.556249618530273438 16.243749618530273438 18.25 20.868749618530273438 23.162500381469726562 24.693750381469726562 26.28125 26.987499237060546875 26.793750762939453125 25.462499618530273438 25.862499237060546875 30.706249237060546875 34.137500762939453125 38.15000152587890625 42.84999847412109375 47.518749237060546875 51.637500762939453125 55.56874847412109375 57.52500152587890625 57.1875 54.22499847412109375 51.59375 49.731250762939453125
76.78749847412109375 78.44374847412109375 77.78125 76.06874847412109375 72.46250152587890625 69.47499847412109375 66.5812530517578125 63.33750152587890625 61.59999847412109375 58.668750762939453125 55.47499847412109375 50.46250152587890625 43.043750762939453125 36.081249237060546875 30.024999618530273438 24.90625 20.34375 17.424999237060546875 16.506250381469726562 15.800000190734863281 16.493749618530273438 17.59375 18.975000381469726562 21.512500762939453125 24.256250381469726562 25.3125 25.700000762939453125 26.368749618530273438 26.993749618530273438 28.125 30.049999237060546875 33.637500762939453125 35.512500762939453125 37.77500152587890625 41.799999237060546875 45.91249847412109375 50.625 54.299999237060546875 55.52500152587890625 55.637500762939453125 53.25 51.325000762939453125 49.793750762939453125
73.5812530517578125 74.27500152587890625 74.2312469482421875 73.71875 71.3562469482421875 67.9499969482421875 65.83750152587890625 62.125 60.893749237060546875 58.08750152587890625 56.168750762939453125 53.22499847412109375 48.88124847412109375 42.137500762939453125 35.02500152587890625 28.193750381469726562 23.912500381469726562 20.737499237060546875 18.975000381469726562 17.850000381469726562 17.399999618530273438 18.012500762939453125 19.256250381469726562 21.381250381469726562 23.287500381469726562 24.612499237060546875 27.037500381469726562 27.768749237060546875 28.962499618530273438 30.331249237060546875 32.28749847412109375 34.74375152587890625 36.02500152587890625 37.74375152587890625 39.34375 43.21250152587890625 48.443752288818359375 52.96875 54.69374847412109375 54.4375 52.456249237060546875 50.46875 48.16249847412109375
70.6437530517578125 73.7312469482421875 74.5124969482421875 73.09999847412109375 71.2375030517578125 68.08750152587890625 64.25 60.424999237060546875 60.106250762939453125 59.543750762939453125 59.268749237060546875 58.043750762939453125 55.831249237060546875 49.612499237060546875 40.799999237060546875 32.9375 27.112499237060546875 23.518749237060546875 21.118749618530273438 19.306249618530273438 18.768749237060546875 19.106250762939453125 19.850000381469726562 20.712499618530273438 22.806249618530273438 24.71875 27.15625 28.962499618530273438 29.9375 30.9375 32.862499237060546875 35.487499237060546875 36.21875 36.450000762939453125 36.90000152587890625 38.674999237060546875 43.456249237060546875 49.893749237060546875 52.9375 52.456249237060546875 51.293750762939453125 48.9375 46.78749847412109375
69.86875152587890625 73.9875030517578125 75.50624847412109375 72.58750152587890625 70.0187530517578125 67.375 64.84999847412109375 62.34999847412109375 60.22499847412109375 60.518749237060546875 60.950000762939453125 62.53125 61.9375 55.331249237060546875 46.00624847412109375 37.575000762939453125 31.206251144409179688 26.787500381469726562 23.606250762939453125 21.375 20.5625 20.393749237060546875 20.293750762939453125 21.418750762939453125 22.931249618530273438 24.225000381469726562 27.331249237060546875 28.725000381469726562 30.299999237060546875 32.02500152587890625 34.299999237060546875 36.53749847412109375 36.799999237060546875 35.66249847412109375 35.237499237060546875 35.88124847412109375 39.512500762939453125 45.356250762939453125 48.875 49.043750762939453125 48.231250762939453125 46.674999237060546875 44.78749847412109375
70.6374969482421875 74.4562530517578125 75.52500152587890625 74.22499847412109375 72.0437469482421875 68.8937530517578125 65.6875 63.40625 62.34375 62.5625 62.206249237060546875 62.77500152587890625 62.25 57.25624847412109375 48.9375 41.18125152587890625 34.77500152587890625 29.768749237060546875 25.943750381469726562 23.21875 22.118749618530273438 21.331249237060546875 20.862499237060546875 21.75 22.618749618530273438 24.1875 26.493749618530273438 28.325000762939453125 30.206249237060546875 32.47499847412109375 34.71875 36.725002288818359375 36.625 35.84375 34.84375 35.05625152587890625 37.831249237060546875 40.825000762939453125 43.78749847412109375 45.137500762939453125 45.03749847412109375 44.43125152587890625 43.268749237060546875
73.3937530517578125 76.8625030517578125 75.7312469482421875 75.38124847412109375 72.2312469482421875 69.22499847412109375 66.24375152587890625 64.71875 62.637500762939453125 61.737499237060546875 61.5 61.74375152587890625 61.0625 56.731250762939453125 50.262500762939453125 43 37.043750762939453125 32.18125152587890625 27.762500762939453125 24.875 23.556249618530273438 22.206249237060546875 21.556249618530273438 21.831249237060546875 22.431249618530273438 23.600000381469726562 26.081249237060546875 28.174999237060546875 30.475000381469726562 33.112499237060546875 35.331249237060546875 37.41249847412109375 36.53749847412109375 35.231250762939453125 33.90000152587890625 34.612499237060546875 36.19374847412109375 37.49375152587890625 40.28125 41.268749237060546875 41.887500762939453125 41.78125 41.61875152587890625
77.31874847412109375 79.1374969482421875 78.5124969482421875 77.05625152587890625 74.1374969482421875 70.96875 68.7375030517578125 65.88124847412109375 62.97499847412109375 62.71250152587890625 62.450000762939453125 61.0625 59.856250762939453125 56.625 51.30625152587890625 44.875 39.481250762939453125 34.44374847412109375 30.28125 26.649999618530273438 24.543750762939453125 23.15625 21.887500762939453125 22.450000762939453125 23.006250381469726562 23.575000762939453125 26.4375 28.84375 31.049999237060546875 33.293750762939453125 35.88124847412109375 37.375 36.38124847412109375 34.65625 32.65625 33.081249237060546875 33.53749847412109375 34.575000762939453125 36.33750152587890625 37.34999847412109375 38.075000762939453125 38.61875152587890625 39.80625152587890625
82.8937530517578125 81.28749847412109375 80.53125 78.9562530517578125 76.5812530517578125 72.46250152587890625 69.78749847412109375 66.9812469482421875 64.65625 63.487499237060546875 61.518749237060546875 59.918750762939453125 58.71250152587890625 56.71875 51.4375 46.08750152587890625 41.53749847412109375 36.606250762939453125 32.36875152587890625 28.456249237060546875 26.068750381469726562 23.65625 22.46875 22.899999618530273438 23.287500381469726562 23.625 26.53125 29.368749618530273438 31.887500762939453125 34.143749237060546875 36.106250762939453125 37.262500762939453125 35.793750762939453125 33.268749237060546875 31.581251144409179688 31.262500762939453125 31.068750381469726562 31.600000381469726562 33.43125152587890625 34.856250762939453125 35.58750152587890625 36.86875152587890625 38.299999237060546875
85.74375152587890625 85.63124847412109375 83.1687469482421875 81.16249847412109375 77.00624847412109375 73.08750152587890625 69.40625 65.75 64.9562530517578125 62.700000762939453125 60.59999847412109375 58.862499237060546875 57.61875152587890625 56.22499847412109375 51.91249847412109375 47.1875 43.41249847412109375 38.84999847412109375 34.49375152587890625 30.556249618530273438 27.712499618530273438 24.931249618530273438 23.200000762939453125 23.256250381469726562 23.787500381469726562 23.981250762939453125 27.006250381469726562 29.793750762939453125 32.27500152587890625 34.28749847412109375 35.90000152587890625 37.08750152587890625 34.643749237060546875 31.549999237060546875 29.637500762939453125 29.712499618530273438 29.662500381469726562 29.987499237060546875 31.700000762939453125 32.71875 32.88124847412109375 34.418750762939453125 36.55625152587890625
87.5625 87.91249847412109375 85.00624847412109375 80.96875 77.52500152587890625 73.8000030517578125 69.59375 66.9375 64.875 62.075000762939453125 60.243747711181640625 58.93125152587890625 57.5625 55.887500762939453125 52.33750152587890625 48.38124847412109375 44.612499237060546875 41.106250762939453125 37.65000152587890625 33.06874847412109375 29.912500381469726562 27.399999618530273438 25.512500762939453125 25.331249237060546875 25.481250762939453125 26.149999618530273438 28.518749237060546875 31.106250762939453125 32.799999237060546875 34.075000762939453125 35.325000762939453125 36.21250152587890625 33.65625 30.84375 28.793750762939453125 28.25 28.78125 29.081249237060546875 30.149999618530273438 31.712499618530273438 32.58750152587890625 33.674999237060546875 34.5
88.8625030517578125 88.1875 83.81874847412109375 81.0812530517578125 79.7624969482421875 75.19374847412109375 71.1125030517578125 67.0500030517578125 64.24375152587890625 61.41249847412109375 58.950000762939453125 58.8125 58.424999237060546875 56.731250762939453125 52.700000762939453125 49.28749847412109375 46.88124847412109375 43.63124847412109375 40.549999237060546875 36.393749237060546875 32.86875152587890625 29.34375 27.149999618530273438 26.924999237060546875 26.943750381469726562 27.725000381469726562 29.53125 32.08750152587890625 33.950000762939453125 34.793750762939453125 35.55625152587890625 35.56874847412109375 32.71875 30.012500762939453125 28.393749237060546875 27.543750762939453125 27.643749237060546875 27.774999618530273438 29.274999618530273438 31.200000762939453125 31.90625 31.649999618530273438 31.700000762939453125
89.09375 88.5187530517578125 84.14374542236328125 81.22499847412109375 80.38124847412109375 75.8000030517578125 71.18125152587890625 66.21875 63.59999847412109375 61.081249237060546875 58.637500762939453125 58 56.9375 56.00624847412109375 53.15000152587890625 51.56874847412109375 49.05625152587890625 45.71250152587890625 42.137500762939453125 38.512500762939453125 35.112499237060546875 32.231250762939453125 29.3125 28.368749618530273438 28.5 29.049999237060546875 30.75 33.16249847412109375 34.637500762939453125 34.71250152587890625 35.168750762939453125 34.512500762939453125 31.825000762939453125 29.431249618530273438 26.962499618530273438 25.887500762939453125 25.768749237060546875 25.862499237060546875 27.1875 28.768749237060546875 29.193750381469726562 28.725000381469726562 29.112499237060546875
85.4250030517578125 84.2062530517578125 81.27500152587890625 79.61875152587890625 77.61875152587890625 73.3562469482421875 70.1875 66.4375 63.16249847412109375 61.13124847412109375 59.99375152587890625 58.206249237060546875 56.69374847412109375 56.41249847412109375 54.112499237060546875 53.112499237060546875 51.06874847412109375 48.24375152587890625 44.66249847412109375 41.125 37.887500762939453125 34.924999237060546875 32.34375 32.09999847412109375 32.05625152587890625 31.950000762939453125 33.362499237060546875 34.387500762939453125 35.68125152587890625 35.012500762939453125 34.893749237060546875 33.668750762939453125 30.975000381469726562 28.381250381469726562 26.049999237060546875 24.787500381469726562 24.381250381469726562 24 24.725000381469726562 25.600000381469726562 25.46875 25.25 25.318750381469726562
81.2687530517578125 81.1687469482421875 78.77500152587890625 78.49375152587890625 74.53125 71.75 69.8249969482421875 66.77500152587890625 63.31874847412109375 60.612499237060546875 58.731250762939453125 57.75 57.19374847412109375 54.99375152587890625 54.16249847412109375 52.924999237060546875 52.15000152587890625 49.143749237060546875 45.643749237060546875 42.81874847412109375 40.15000152587890625 37.518749237060546875 35.41249847412109375 34.762500762939453125 34.9375 34.9375 35.78125 36.106250762939453125 37.362499237060546875 36.325000762939453125 35.18125152587890625 33.28125 30.068750381469726562 27.081249237060546875 24.96875 23.606250762939453125 22.918750762939453125 22.106250762939453125 22.28125 22.1875 22.193750381469726562 22.043750762939453125 21.737499237060546875
78.15000152587890625 77.59375 76.3125 74.75 72.75 70.55625152587890625 68.72499847412109375 66.4250030517578125 61.96875 59.825000762939453125 57.84999847412109375 57.65000152587890625 56.21250152587890625 55.362499237060546875 54.6875 54.33750152587890625 53.6875 50.700000762939453125 47.387500762939453125 44.768749237060546875 42.549999237060546875 39.96250152587890625 37.674999237060546875 37.38124847412109375 37.22499847412109375 37.41249847412109375 37.78749847412109375 37.83750152587890625 38.75 37.3125 34.90000152587890625 32.19374847412109375 29.006250381469726562 25.862499237060546875 23.575000762939453125 22.118749618530273438 20.875 20.168750762939453125 20.012500762939453125 19.53125 18.881250381469726562 18.543750762939453125 18.325000762939453125
75.10625457763671875 74.9375 73.1875 71.524993896484375 70.21250152587890625 67.5437469482421875 65.56874847412109375 62.94374847412109375 59.78749847412109375 58.393749237060546875 58.012500762939453125 57.325000762939453125 57.16249847412109375 56.375 56.09999847412109375 56.38124847412109375 55.262500762939453125 53.16249847412109375 49.487499237060546875 46.90625 45.21250152587890625 43.81874847412109375 41.512500762939453125 41.262500762939453125 40.6875 40.268749237060546875 39.99375152587890625 40.65625 40.237499237060546875 37.78125 34.86875152587890625 31.875 27.84375 25.087499618530273438 22.537500381469726562 20.643749237060546875 19.71875 18.899999618530273438 18.274999618530273438 17.931249618530273438 17.237499237060546875 17.09375 16.424999237060546875
70.11875152587890625 69.96250152587890625 68.3874969482421875 67.5625 66.65625 64.91249847412109375 63.36875152587890625 61.90000152587890625 58.637500762939453125 56.549999237060546875 58.481250762939453125 60.02500152587890625 60.174999237060546875 58.80625152587890625 59.012500762939453125 58.200000762939453125 57.06874847412109375 54.700000762939453125 51.793750762939453125 48.875 47.55625152587890625 46.575000762939453125 44.77500152587890625 44.74375152587890625 44.43125152587890625 43.15000152587890625 42.86875152587890625 42.71875 41.018749237060546875 38.09375 35.075000762939453125 31.399999618530273438 27.556249618530273438 24.212499618530273438 21.600000381469726562 19.850000381469726562 18.8125 18.049999237060546875 17.256250381469726562 16.78125 15.9375 15.681249618530273438 14.925000190734863281
66.44374847412109375 66.6687469482421875 64.7937469482421875 65.0187530517578125 64.7062530517578125 62.987499237060546875 61.75624847412109375 60.36875152587890625 58.81874847412109375 56.981250762939453125 62.575000762939453125 64.59999847412109375 62.74375152587890625 62.106250762939453125 62.450000762939453125 61.125 59.05625152587890625 56.0625 54.387500762939453125 51.58750152587890625 50.331249237060546875 48.91249847412109375 47.543750762939453125 47.481250762939453125 47.25624847412109375 46.512500762939453125 45.91249847412109375 45.337497711181640625 43.581249237060546875 39.71875 35.47499847412109375 32 28.274999618530273438 23.975000381469726562 20.943750381469726562 18.987499237060546875 18.337499618530273438 17.637500762939453125 16.918750762939453125 16.368749618530273438 14.899999618530273438 14.237500190734863281 13.5625
