data/historical-monthly-weather-data/wc2.1_cruts4.09_10m_prec_1978-01.asc
ncols        51
nrows        45
xllcorner    -63.500000000000
yllcorner    -7.500000000000
cellsize     0.166666666667
NODATA_value -9999
[rows 20 to 39 of 45, columns 0 to 44 of 51]
307.649993896484375 313.48748779296875 320.868743896484375 330.587493896484375 340.681243896484375 352.181243896484375 364.506256103515625 373.587493896484375 378.087493896484375 379.1875 379.45001220703125 383.5 391.67498779296875 400.649993896484375 388.10626220703125 363.568756103515625 345.29376220703125 332.118743896484375 326.51251220703125 319.4375 308.33123779296875 294.193756103515625 279.975006103515625 274.1875 270.26873779296875 267.29998779296875 267.34375 268.51251220703125 269.48126220703125 271.67498779296875 268.21875 260.83123779296875 250.4875030517578125 239.7312469482421875 230.84375 248.506256103515625 275.475006103515625 295.90625 304.36248779296875 302.20001220703125 293.01873779296875 283.79376220703125 278.33123779296875 274.993743896484375 274.193756103515625
310.806243896484375 315.45001220703125 323.256256103515625 335.14373779296875 348.8125 361.368743896484375 373.86248779296875 385.756256103515625 390.48748779296875 386.09375 379.162506103515625 372.01251220703125 369.48748779296875 371.350006103515625 367.08123779296875 355.381256103515625 346.32501220703125 336.475006103515625 329.181243896484375 322.212493896484375 307.83123779296875 294.006256103515625 282.068756103515625 276.35626220703125 272.32501220703125 269.743743896484375 272.287506103515625 271.60626220703125 269.57501220703125 267.774993896484375 260.78125 252.7062530517578125 246.412506103515625 243.1687469482421875 243.131256103515625 259.39373779296875 286.41876220703125 309.66876220703125 317.881256103515625 312.493743896484375 300.51873779296875 289.556243896484375 282.199981689453125 277.21875 275.48126220703125
314.17498779296875 319.1875 325.3125 337.61248779296875 354.068756103515625 369.756256103515625 383.118743896484375 396.26251220703125 404 393.11248779296875 375.068756103515625 355.668731689453125 342.85626220703125 342.45001220703125 347.15625 347.337493896484375 343.306243896484375 336.17498779296875 329.04376220703125 321.28125 307.756256103515625 293.5 280.64373779296875 274.318756103515625 271.73126220703125 271.125 274.66876220703125 273.368743896484375 269.15625 263.36248779296875 254.96875 247.90625 248.587493896484375 250.850006103515625 257.01251220703125 272.256256103515625 298.818756103515625 329.26873779296875 334.868743896484375 320.70623779296875 305.181243896484375 293.662506103515625 283.11248779296875 276.85626220703125 275.29376220703125
318.45001220703125 321.34375 326.393768310546875 340.475006103515625 360.318756103515625 375.537506103515625 389.64373779296875 401.88751220703125 406.056243896484375 390.8125 367.96875 344.931243896484375 320.58123779296875 322.912506103515625 334.256256103515625 338.943756103515625 338.14373779296875 332.51873779296875 326.0625 318.806243896484375 304.45001220703125 290.118743896484375 277.506256103515625 270.712493896484375 269.131256103515625 268.66876220703125 273.618743896484375 271.75 267.3125 263.36248779296875 257.54998779296875 253.59375 256.03125 260.5 268.037506103515625 282.51873779296875 304.60626220703125 330.09375 334.39373779296875 320.537506103515625 304.649993896484375 291.98748779296875 281.337493896484375 274.774993896484375 275.337493896484375
324.40625 326.193756103515625 329.66876220703125 348.26873779296875 373.26251220703125 386.125 396.10626220703125 403.83123779296875 401.712493896484375 388.54998779296875 368.443756103515625 347.53125 329.875 326.66876220703125 331.649993896484375 336.056243896484375 336.51873779296875 332.375 325.10626220703125 315.350006103515625 300.84375 285.36248779296875 272.318756103515625 264.90625 262.78125 263.875 267.649993896484375 269.537506103515625 267.61248779296875 267.0625 264.975006103515625 264.66876220703125 266.256256103515625 270.556243896484375 277.11248779296875 287.34375 302.9375 315.15625 318.04998779296875 310.86248779296875 298.100006103515625 286.787506103515625 277.09375 272.431243896484375 272.149993896484375
338.568756103515625 344.618743896484375 350.756256103515625 369.193756103515625 389.25 398.9375 404.17498779296875 405.225006103515625 399.587493896484375 387.23748779296875 371.981231689453125 356.868743896484375 342.931243896484375 336.100006103515625 335.806243896484375 337.51873779296875 337.98748779296875 333.493743896484375 325.681243896484375 314.38751220703125 299.84375 281.774993896484375 267.23748779296875 257.42498779296875 256.231231689453125 259.068756103515625 265.600006103515625 268.91876220703125 270.212493896484375 270.225006103515625 272.98126220703125 275.568756103515625 277.868743896484375 279.462493896484375 283.850006103515625 289.875 298.274993896484375 303.26873779296875 304.21875 298.86248779296875 289.443756103515625 279.35626220703125 269.64373779296875 266.39373779296875 270.63751220703125
360.01251220703125 369.600006103515625 379.26251220703125 393.51873779296875 407.14373779296875 412.056243896484375 413.58123779296875 409.13751220703125 400.931243896484375 391.09375 378.61248779296875 365.943756103515625 353.725006103515625 345.48748779296875 342.38751220703125 342.26873779296875 341.35626220703125 336.125 328.90625 315.993743896484375 299.037506103515625 282.10626220703125 264.23126220703125 253.212493896484375 254.9187469482421875 257.9375 264.600006103515625 269.431243896484375 272.73748779296875 275.087493896484375 280.118743896484375 283.962493896484375 287.0625 287.32501220703125 287.89373779296875 291.51251220703125 295.506256103515625 295.625 293.76873779296875 289.618743896484375 281.20623779296875 271.76251220703125 264.087493896484375 262.63751220703125 274.774993896484375
386.04998779296875 397.79998779296875 408.64373779296875 419.712493896484375 429.04376220703125 427.79998779296875 423.899993896484375 415.98126220703125 406.868743896484375 396.09375 384.75 373.58123779296875 361.368743896484375 352.024993896484375 348.04376220703125 346.806243896484375 344.59375 341.54998779296875 331.9375 320.26251220703125 305.23126220703125 286.837493896484375 273.35626220703125 263.306243896484375 261.23126220703125 261.78125 267.368743896484375 271.649993896484375 275.71875 280.64373779296875 285.149993896484375 289.181243896484375 291.274993896484375 290.14373779296875 289.76873779296875 291.09375 291.1875 289.84375 288.1875 283.07501220703125 276.41876220703125 269.11248779296875 261.45001220703125 262.53125 286.368743896484375
409.23126220703125 424.88751220703125 434.92498779296875 444.9375 450.98748779296875 444.212493896484375 433.16876220703125 423.67498779296875 412.4000244140625 401.63751220703125 391.25 379.57501220703125 367.70001220703125 359.66876220703125 355.65625 354.53125 354.46875 349.024993896484375 340.13751220703125 328.431243896484375 312.931243896484375 295.73126220703125 283.162506103515625 274.32501220703125 269.79376220703125 267.756256103515625 272.193756103515625 276.04998779296875 280.73748779296875 285.71875 289.26251220703125 292.462493896484375 293.41876220703125 292.73126220703125 292.006256103515625 290.881256103515625 289.96875 287.09375 285.681243896484375 280.631256103515625 272.51251220703125 267.58123779296875 265.524993896484375 274.45623779296875 300.149993896484375
422.225006103515625 438.95001220703125 450.86248779296875 461.75 465.556243896484375 453.45623779296875 438.66876220703125 427.70623779296875 415.46875 403.48126220703125 394.350006103515625 385.09375 374.92498779296875 367.287506103515625 364.556243896484375 362.38751220703125 360.318756103515625 356.01873779296875 349.118743896484375 336.23126220703125 320.350006103515625 305.61248779296875 292.556243896484375 283.40625 278.42498779296875 275.73748779296875 278.61248779296875 281.506256103515625 285.537506103515625 289.412506103515625 293.368743896484375 296.225006103515625 295.90625 296.04376220703125 294.725006103515625 292.868743896484375 290.26251220703125 288.07501220703125 285.83123779296875 281.8125 276.912506103515625 276.04998779296875 278.600006103515625 289.20623779296875 306.42498779296875
429.82501220703125 447.36248779296875 456.443756103515625 466.631256103515625 471.76251220703125 454.92498779296875 440.475006103515625 428.01873779296875 415.71875 405.04998779296875 397.32501220703125 389.48126220703125 381.08123779296875 373.08123779296875 371.04998779296875 368.4375 366.649993896484375 363.375 356.88751220703125 344.53125 328.10626220703125 312.8125 301.16876220703125 291.962493896484375 285.88751220703125 283.868743896484375 285.92498779296875 287.793731689453125 291.649993896484375 294.28125 297.73126220703125 300.40625 299.41876220703125 299.193756103515625 297.774993896484375 295.13751220703125 291.41876220703125 289.568756103515625 288.4375 285.17498779296875 282.806243896484375 285.087493896484375 290.412506103515625 298.318756103515625 313.39373779296875
431.51873779296875 447.86248779296875 454.51251220703125 460.40625 461.475006103515625 448.21875 437.587493896484375 424.774993896484375 413.54998779296875 403.91876220703125 397.0625 390.649993896484375 384.09375 378.693756103515625 376.912506103515625 373.743743896484375 369.29998779296875 365.256256103515625 357.51873779296875 347.212493896484375 331.462493896484375 317.09375 306.649993896484375 297.88751220703125 293.462493896484375 290.90625 291.67498779296875 293.587493896484375 295.631256103515625 299.056243896484375 301.975006103515625 304.162506103515625 303.368743896484375 302.96875 301.587493896484375 297.66876220703125 294.90625 290.89373779296875 288.806243896484375 287.07501220703125 288.78125 293.75 300.962493896484375 312.17498779296875 327.287506103515625
420.131256103515625 434.23748779296875 440.368743896484375 444.28125 442.762481689453125 432.125 421.29998779296875 410.962493896484375 400.006256103515625 395.07501220703125 393.506256103515625 389.90625 388.212493896484375 386.59375 382.618743896484375 377.21875 370.33123779296875 363.587493896484375 355.125 345.868743896484375 331.9124755859375 318.837493896484375 308.537506103515625 302.78125 298.837493896484375 297.16876220703125 297.54376220703125 297.59375 299.412506103515625 304.162506103515625 306.743743896484375 307.70001220703125 307.649993896484375 308.08123779296875 306.26251220703125 303.193756103515625 299.787506103515625 295.868743896484375 292.568756103515625 294.28125 296.087493896484375 302.037506103515625 310.76251220703125 323.64373779296875 344.412506103515625
405.600006103515625 417.612518310546875 422.274993896484375 425.26251220703125 422.212493896484375 413.631256103515625 404.70001220703125 395.181243896484375 386.64373779296875 382.20623779296875 383.943756103515625 388.32501220703125 392.149993896484375 391.89373779296875 386.79376220703125 378.625 370.96875 363.67498779296875 353.412506103515625 343.04998779296875 330.83123779296875 319.381256103515625 310.149993896484375 305.35626220703125 302.61248779296875 301.09375 300.98126220703125 301.943756103515625 304.568756103515625 307.95623779296875 311.5 313.006256103515625 312.70623779296875 313.73748779296875 312.462493896484375 309.16876220703125 304.931243896484375 299.693756103515625 298.32501220703125 299.662506103515625 300.70623779296875 307.26873779296875 316.756256103515625 329.8125 350.95623779296875
392.85626220703125 401.462493896484375 405.024993896484375 405.618743896484375 403.45001220703125 396.45001220703125 387.068756103515625 378.21875 368.23126220703125 366.537506103515625 374.087493896484375 384.25 395.868743896484375 399.73126220703125 392.443756103515625 380.83123779296875 370.318756103515625 360.9375 350.524993896484375 338.46875 328.41876220703125 318.431243896484375 310.375 306.431243896484375 305.04376220703125 303.11248779296875 304.1875 306.04998779296875 308.60626220703125 311.412506103515625 315.0625 318.08123779296875 318.54998779296875 318.662506103515625 317.29376220703125 313.600006103515625 308.20623779296875 305.412506103515625 304.04998779296875 303.306243896484375 304.068756103515625 308.931243896484375 317.48126220703125 328.381256103515625 345.181243896484375
379.006256103515625 384.837493896484375 386.537506103515625 385.756256103515625 383.03125 374.65625 366.26873779296875 356 344.95001220703125 342.15625 353.35626220703125 371.587493896484375 389.600006103515625 397.25 390.90625 379.54998779296875 367.225006103515625 357.23126220703125 346.42498779296875 334.431243896484375 324.556243896484375 316.48748779296875 308.85626220703125 305.23126220703125 304.34375 304.287506103515625 305.51251220703125 307.88751220703125 311.1875 314.17498779296875 318.79998779296875 321.92498779296875 323.774993896484375 324.66876220703125 323.431243896484375 318.67498779296875 316.162506103515625 312.39373779296875 308.943756103515625 307.912506103515625 308.41876220703125 312.61248779296875 318.57501220703125 327.26873779296875 338.51251220703125
364.681243896484375 368.67498779296875 367.95001220703125 366.162506103515625 362.83123779296875 355.64373779296875 348.88751220703125 338.21875 324.231231689453125 314.83123779296875 332.76251220703125 364.86248779296875 385.131256103515625 390.806243896484375 386.14373779296875 375.91876220703125 363.662506103515625 353.21875 342.037506103515625 329.70001220703125 321.09375 312.46875 306.087493896484375 303.318756103515625 303.524993896484375 304.9375 306.84375 310.33123779296875 313.98748779296875 317.6875 322.375 325.993743896484375 329.08123779296875 330.91876220703125 330.04376220703125 326.03125 322.337493896484375 317.493743896484375 314.21875 311.618743896484375 309.806243896484375 312.375 317.806243896484375 323.693756103515625 330.399993896484375
351.29998779296875 353.462493896484375 351.45001220703125 349.681243896484375 346.76251220703125 342.337493896484375 336.493743896484375 328.212493896484375 316.8125 305.63751220703125 340.537506103515625 373.92498779296875 385.806243896484375 387.462493896484375 382.3125 372.14373779296875 359.29998779296875 349.63751220703125 339.068756103515625 326.83123779296875 317.787506103515625 308.725006103515625 302.381256103515625 300.63751220703125 301.76873779296875 304.649993896484375 306.787506103515625 310.79998779296875 315.375 320.443756103515625 324.962493896484375 328.006256103515625 331.73126220703125 334.84375 334.51251220703125 330.76873779296875 325.51873779296875 320.95623779296875 317.51873779296875 313.70001220703125 310.100006103515625 312.024993896484375 314.29998779296875 316.36248779296875 321.01873779296875
346.056243896484375 344.32501220703125 342.25 339.693756103515625 336.96875 333.20001220703125 328.53125 326.443756103515625 328 344.1875 384.462493896484375 388.868743896484375 386.256256103515625 383.90625 378.1875 368.3125 357.743743896484375 347.181243896484375 336.03125 324.375 313.556243896484375 304.70001220703125 298.975006103515625 297.75 298.931243896484375 302.04376220703125 305.61248779296875 310.649993896484375 316.524993896484375 322.98748779296875 327.399993896484375 330.26873779296875 332.75 333.6875 335.65625 331.693756103515625 325.649993896484375 321.087493896484375 316.368743896484375 310.600006103515625 306.662506103515625 306.96875 307.493743896484375 309.85626220703125 313.568756103515625
342.32501220703125 338.95001220703125 335.08123779296875 330.587493896484375 329.181243896484375 327.024993896484375 325.08123779296875 328.14373779296875 336.693756103515625 354.212493896484375 374.818756103515625 382.912506103515625 381.70623779296875 379.368743896484375 373.54376220703125 365.84375 356.70001220703125 346.79376220703125 333.95001220703125 321.368743896484375 308 299.65625 294.381256103515625 293.45001220703125 295.54376220703125 298.818756103515625 303.71875 310.475006103515625 316.931243896484375 323.193756103515625 327.350006103515625 331.850006103515625 335.274993896484375 335.54376220703125 334.36248779296875 330.13751220703125 324.09375 318.78125 313.056243896484375 306.350006103515625 302.162506103515625 301.46875 300.54376220703125 301.76251220703125 305.25
