data/historical-monthly-weather-data/wc2.1_cruts4.09_10m_prec_1990-08.asc
ncols        45
nrows        45
xllcorner    -63.500000000000
yllcorner    -7.500000000000
cellsize     0.166666666667
NODATA_value -9999
[rows 0 to 18 of 45, columns 0 to 43 of 45]
240.1875 238.149993896484375 236.2750091552734375 240.568756103515625 245.9250030517578125 251.5749969482421875 249.850006103515625 250.7687530517578125 250.4187469482421875 247.100006103515625 236.7062530517578125 230.03125 226.2687530517578125 218.256256103515625 211.8874969482421875 201.350006103515625 194.162506103515625 186.5124969482421875 178.8312530517578125 176.03125 172.431243896484375 166.756256103515625 161.443756103515625 156.024993896484375 149.1999969482421875 142.9187469482421875 139.993743896484375 138.837493896484375 131.4250030517578125 128.162506103515625 120.7062530517578125 117.50624847412109375 114.3125 108.80625152587890625 104.9562530517578125 102.63124847412109375 99.28125 97.40625 97.33750152587890625 96.5187530517578125 96.40000152587890625 98.46875 98.4812469482421875 98.2687530517578125
230.350006103515625 227.8249969482421875 232.8125 239.6750030517578125 248.7375030517578125 253.0812530517578125 248.306243896484375 248.631256103515625 249.5500030517578125 246.462493896484375 238.7312469482421875 233.943756103515625 225.4187469482421875 215.212493896484375 206.9187469482421875 200.3562469482421875 190.725006103515625 182.681243896484375 176.03125 171.7375030517578125 167.6750030517578125 161.875 156.7062530517578125 152.493743896484375 145.306243896484375 137.7687530517578125 136.806243896484375 133.662506103515625 126.54999542236328125 121.8249969482421875 117.56874847412109375 113.50624847412109375 109.9250030517578125 106.61875152587890625 102.1750030517578125 98.5500030517578125 93.11875152587890625 92.21250152587890625 90.9875030517578125 90.03125 91.7937469482421875 92.5812530517578125 94.11875152587890625 95.0124969482421875
210.0124969482421875 211.71875 219.6125030517578125 230.21875 240.431243896484375 244.756256103515625 244.618743896484375 244.9875030517578125 243.53125 240.024993896484375 236.350006103515625 231.53125 222.493743896484375 209.9499969482421875 200.881256103515625 193.21875 185.212493896484375 177.125 170.431243896484375 163.818756103515625 161.443756103515625 158.59375 153.787506103515625 150.243743896484375 141.3249969482421875 135.037506103515625 134.7312469482421875 129.318756103515625 122.16249847412109375 118.4375 112.80625152587890625 108.81874847412109375 105.44374847412109375 102.86875152587890625 97.4875030517578125 91.50624847412109375 87.5 85.9499969482421875 84.25 84.5500030517578125 87.21250152587890625 88.8625030517578125 91.83750152587890625 92.4187469482421875
190.8125 190.506256103515625 202.024993896484375 214.84375 223.9375 228.8562469482421875 232.5187530517578125 235.3125 238.756256103515625 236.118743896484375 230.100006103515625 222.837493896484375 215.225006103515625 203.4187469482421875 194.1687469482421875 185.65625 178.725006103515625 171.837493896484375 165.6687469482421875 163.618743896484375 160 155.193756103515625 149.96875 146.40625 138.4375 131.59375 129.7624969482421875 121.7312469482421875 115.5 112.31874847412109375 107.6687469482421875 102.58750152587890625 97.63124847412109375 93.59375 89.2062530517578125 85.0437469482421875 83.0812530517578125 80.3312530517578125 77.78749847412109375 79.3625030517578125 80.8874969482421875 84.72499847412109375 87.7687530517578125 90.28749847412109375
190.3937530517578125 185.1750030517578125 185.443756103515625 194.5749969482421875 207.462493896484375 212.693756103515625 216.28125 225.181243896484375 232.3625030517578125 230.8625030517578125 223.3312530517578125 214.875 207.118743896484375 197.662506103515625 187.631256103515625 179.875 171.649993896484375 164.1750030517578125 158.53125 157.850006103515625 157.818756103515625 150.931243896484375 146.537506103515625 144.6374969482421875 134.875 126.93125152587890625 121.7687530517578125 117.3562469482421875 111.1374969482421875 105.3874969482421875 103.1374969482421875 97.40625 93.4375 89.9375 85.6125030517578125 80.3312530517578125 76.8312530517578125 74.24375152587890625 71.9499969482421875 72.2062530517578125 75.63124847412109375 79.40000152587890625 84.4812469482421875 87.38124847412109375
184.243743896484375 179.4375 177.4875030517578125 174.8874969482421875 185.625 199.0500030517578125 205.256256103515625 210.850006103515625 218.868743896484375 218.1125030517578125 208.462493896484375 201.0187530517578125 195.7312469482421875 188.40625 179.256256103515625 172.7937469482421875 163.912506103515625 155.943756103515625 153.0812530517578125 152.787506103515625 152.524993896484375 148.6999969482421875 144.837493896484375 137.287506103515625 130.4187469482421875 123.49375152587890625 118.11875152587890625 112.50624847412109375 107.24375152587890625 100.68125152587890625 97.96875 94.625 89.47499847412109375 86.46875 81.22499847412109375 77.84375 73.4875030517578125 69.46250152587890625 68.25624847412109375 69.5437469482421875 70.88124847412109375 75.19374847412109375 80.2375030517578125 85.18125152587890625
179.25 176.7937469482421875 175.4499969482421875 174.037506103515625 177.537506103515625 182.3249969482421875 187.318756103515625 192.1875 191.0124969482421875 191.7437591552734375 188.5812530517578125 185.0437469482421875 183.8625030517578125 178.5437469482421875 172.681243896484375 166.818756103515625 158.868743896484375 152.7937469482421875 148.8125 150.15625 148.4562530517578125 145.71875 141.850006103515625 135.15625 127.375 121.03125 114.94374847412109375 108.2937469482421875 100.72499847412109375 97.125 93.38124847412109375 89.0625 85.86875152587890625 82.8562469482421875 78.5749969482421875 74.38124847412109375 69.4499969482421875 65.91249847412109375 65.25 66.3125 67.08750152587890625 70.8937530517578125 76.375 82.3874969482421875
175.649993896484375 171.9187469482421875 173.787506103515625 174.4625091552734375 179.1125030517578125 183.2937469482421875 179.037506103515625 168.6687469482421875 162.131256103515625 163.9562530517578125 170.1750030517578125 170.2312469482421875 170.006256103515625 167.662506103515625 164.506256103515625 159.618743896484375 154.34375 149.28125 145.431243896484375 145.5187530517578125 145.618743896484375 143.306243896484375 137.881256103515625 130.5 124.84375 116.787506103515625 109.7312469482421875 103.55625152587890625 97.06874847412109375 91.28125 89.3937530517578125 85.15000152587890625 81.09375 78.96875 73.84999847412109375 69.5187530517578125 65.02500152587890625 61.237499237060546875 59.700000762939453125 59.5625 60.637500762939453125 64.5500030517578125 69.2937469482421875 74.03125
173.53125 170.837493896484375 173.725006103515625 172.943756103515625 175.3874969482421875 176.287506103515625 173.6374969482421875 166.0187530517578125 152.875 147.256256103515625 151.7687530517578125 153.6687469482421875 158.78125 157.8000030517578125 155.725006103515625 152.34375 150.943756103515625 147.787506103515625 147.693756103515625 144.53125 142.4812469482421875 140.881256103515625 134.806243896484375 131.024993896484375 123.91249847412109375 114.00624847412109375 104.7937469482421875 100.19374847412109375 94.18125152587890625 88.78749847412109375 86.90625 81.31874847412109375 76.28749847412109375 72.0187530517578125 68.2937469482421875 65.66249847412109375 62.1875 58.90625 56.63124847412109375 55.931247711181640625 55.950000762939453125 57.90000152587890625 60.59999847412109375 63.53749847412109375
170.1437530517578125 168.506256103515625 169.9187469482421875 171.1374969482421875 173.024993896484375 173.1875 173.524993896484375 165.96875 155.25 151.993743896484375 150.787506103515625 147.3937530517578125 151.1125030517578125 151.625 148.6437530517578125 147.2687530517578125 145.3625030517578125 145.787506103515625 146.024993896484375 145.3562469482421875 142.837493896484375 137.9562530517578125 131.256256103515625 127.0625 119.21250152587890625 109.46875 101.0124969482421875 95.5187530517578125 88.56874847412109375 83.44374847412109375 79.59375 75.2624969482421875 72.55625152587890625 69.8125 67.09375 64.08750152587890625 60.018749237060546875 56.30625152587890625 54.53749847412109375 53.24375152587890625 52.1875 52.3125 53.049999237060546875 53.3125
169.850006103515625 168.3874969482421875 167.5625 167.743743896484375 170.556243896484375 173.506256103515625 173.2687530517578125 163.7375030517578125 155.149993896484375 149.9187469482421875 149.6875 146.725006103515625 145.7375030517578125 144.399993896484375 140.4375 138.375 138.337493896484375 140.912506103515625 141.8312530517578125 143.743743896484375 145.34375 140.037506103515625 131.993743896484375 123.125 117.90625 108.65000152587890625 100.5437469482421875 93.1125030517578125 84.21875 78.1875 75.74375152587890625 72.1374969482421875 70.94374847412109375 68.7312469482421875 65.0437469482421875 61.375 57.299999237060546875 54.25624847412109375 51.65000152587890625 49.375 47.293750762939453125 46.80625152587890625 47.262500762939453125 46.27500152587890625
167.5500030517578125 166.962493896484375 166.0812530517578125 167.350006103515625 170.475006103515625 173.1750030517578125 173.9499969482421875 166.475006103515625 157 150.587493896484375 148.28125 144.975006103515625 140.9187469482421875 136.4562530517578125 136.9875030517578125 134.943756103515625 133.7375030517578125 134.2312469482421875 137.0812530517578125 141.6750030517578125 143.881256103515625 139.3312530517578125 132.2624969482421875 124.41249847412109375 116.0625 101.8000030517578125 93.69374847412109375 87.71250152587890625 80.21250152587890625 75.3625030517578125 72.09999847412109375 70.3312530517578125 67.6374969482421875 65.44374847412109375 63.268749237060546875 60.78749847412109375 57.143749237060546875 53.40625 49.00624847412109375 44.981250762939453125 42.59375 41.825000762939453125 41.28125 38.393749237060546875
163.818756103515625 161.6374969482421875 161.787506103515625 161.28125 165.368743896484375 166.5625 163.75 159.34375 151.0187530517578125 146.131256103515625 143.875 141.46875 136.03125 128.7375030517578125 126.3000030517578125 126.06874847412109375 124.24375152587890625 127.0812530517578125 129.6750030517578125 132.0625 135.4812469482421875 132.475006103515625 126.6687469482421875 116.08750152587890625 102.7687530517578125 91.1437530517578125 86.96250152587890625 82.43125152587890625 78.3937530517578125 74.3000030517578125 70.5437469482421875 67.875 66.66249847412109375 62.84999847412109375 61.36875152587890625 60.456249237060546875 59.41249847412109375 55.28749847412109375 50.912502288818359375 44.40000152587890625 38.512500762939453125 38.331249237060546875 37.018749237060546875 33.612499237060546875
158.7375030517578125 155.0500030517578125 154.0812530517578125 155.5 157.3874969482421875 156.662506103515625 154.1374969482421875 152.0812530517578125 144.568756103515625 140.256256103515625 136.443756103515625 131.818756103515625 127.875 121.8125 113.9499969482421875 115.18125152587890625 114.9812469482421875 117.2375030517578125 116.3625030517578125 117.63124847412109375 121.1125030517578125 118.84999847412109375 114.125 106.3937530517578125 96.38124847412109375 87.71875 83.81874847412109375 80.2312469482421875 76.61875152587890625 73.71250152587890625 71.1374969482421875 67.1687469482421875 65.46250152587890625 62.58750152587890625 62.56874847412109375 63.61875152587890625 63.15625 61.83750152587890625 57.456249237060546875 48.88124847412109375 38.25 34.59375 34.737499237060546875 36.02500152587890625
152.2062530517578125 150.4250030517578125 148.149993896484375 147.475006103515625 149.462493896484375 148.337493896484375 145.693756103515625 142.131256103515625 135.5 131.7062530517578125 126.0500030517578125 122.95624542236328125 118.9812469482421875 112.0500030517578125 104.21250152587890625 101.65000152587890625 101.46875 101.69374847412109375 102.03749847412109375 104.0500030517578125 107.3000030517578125 106.65000152587890625 104.13124847412109375 100.8562469482421875 95.58750152587890625 90.24375152587890625 85.55625152587890625 81.0812530517578125 76.5625 73.30625152587890625 69.7624969482421875 67.0187530517578125 65.59375 64.28749847412109375 63.41249847412109375 65.2062530517578125 67.31874847412109375 71.125 68.4499969482421875 57.88124847412109375 49.19374847412109375 44.21250152587890625 43.268749237060546875 41.19374847412109375
143.71875 142.9812469482421875 142.006256103515625 141.2312469482421875 141.381256103515625 141.375 139.1125030517578125 133.462493896484375 127.96250152587890625 123.56874847412109375 118.4375 113.6999969482421875 108.5749969482421875 102.4812469482421875 95.77500152587890625 88.90625 88.09999847412109375 88.63124847412109375 88.875 91.40625 94.27500152587890625 95.8625030517578125 97.33750152587890625 98.50624847412109375 96.58750152587890625 92.31874847412109375 87.90000152587890625 82.1062469482421875 76.9875030517578125 74.15625 71.7062530517578125 68.75624847412109375 66.25 65.03125 65.31874847412109375 71.8125 76.22499847412109375 80.16249847412109375 79.53749847412109375 73.0187530517578125 65.90000152587890625 58.25624847412109375 51.63124847412109375 45.518749237060546875
138.4499969482421875 138.125 136.243743896484375 135.9375 134.1437530517578125 134.587493896484375 133.4499969482421875 129.34375 122.1437530517578125 118.11875152587890625 113.28125 106.77500152587890625 101.38124847412109375 95.19374847412109375 88.47499847412109375 81.8937530517578125 75.59375 75.03125 77.33750152587890625 80.6062469482421875 82.03125 85.8937530517578125 90.78125 97.28125 99.19374847412109375 95.0124969482421875 88.22499847412109375 82.625 76.46875 72.96875 72.0500030517578125 71.71875 71.0625 70.8000030517578125 78.53125 84.88124847412109375 89.44374847412109375 96.31874847412109375 98.7375030517578125 88.34375 77.9187469482421875 66.1750030517578125 55.81874847412109375 49.34375
130.0124969482421875 131.243743896484375 130.65625 131.306243896484375 130.0187530517578125 130.5812530517578125 127.1999969482421875 123.83750152587890625 117.6062469482421875 112.7062530517578125 107.9499969482421875 102.22499847412109375 94.6062469482421875 87.47499847412109375 81.1437530517578125 74.61875152587890625 68.4499969482421875 63.71250152587890625 67.4562530517578125 68.96875 72.16249847412109375 76.74375152587890625 83.97499847412109375 91.49375152587890625 97.0124969482421875 95.36875152587890625 90.55625152587890625 84.38124847412109375 77.0812530517578125 72.33750152587890625 67.91249847412109375 66.53125 75.0500030517578125 84.05625152587890625 89.53749847412109375 97.5187530517578125 104.2375030517578125 107.91249847412109375 104.9812469482421875 95.90000152587890625 80.75 69.6125030517578125 59.706249237060546875 53.200000762939453125
121.81874847412109375 123.71875 124.4875030517578125 125.91249847412109375 126.6750030517578125 125.85625457763671875 123.625 119.80625152587890625 116.41249847412109375 112.4250030517578125 106.8000030517578125 97.3125 89.93125152587890625 83.16249847412109375 75.21875 69.94374847412109375 63.612499237060546875 57.893749237060546875 57.5 60.075000762939453125 66.96875 78.5625 74.84999847412109375 83.60625457763671875 90.19374847412109375 94.46875 92.22499847412109375 85.46875 80.3249969482421875 72.1437530517578125 66.72499847412109375 69.43125152587890625 80.2312469482421875 88.09375 95.68125152587890625 103.3937530517578125 105.81874847412109375 104.34375 101.7687530517578125 91.96250152587890625 81 70.93125152587890625 61.90000152587890625 55.049999237060546875
