data/historical-monthly-weather-data/wc2.1_cruts4.09_10m_prec_2003-07.asc
ncols        51
nrows        45
xllcorner    -63.500000000000
yllcorner    -7.500000000000
cellsize     0.166666666667
NODATA_value -9999
[rows 19 to 37 of 45, columns 0 to 43 of 51]
106.7062530517578125 108.83750152587890625 108.625 108.33750152587890625 107.25 109.09999847412109375 105.53125 104.3874969482421875 103.4812469482421875 99.65625 96.70000457763671875 96.4250030517578125 93.21250152587890625 89.9375 83.96250152587890625 76.97499847412109375 72.90000152587890625 79.25624847412109375 75.31874847412109375 74.1687469482421875 72.18125152587890625 79.4187469482421875 90.41249847412109375 97.1062469482421875 99.50624847412109375 96.40625 95.4812469482421875 98.6687469482421875 98.08750152587890625 96.72499847412109375 101.63124847412109375 113.47499847412109375 118.5437469482421875 123.2312469482421875 129.756256103515625 139.5374908447265625 145.3874969482421875 147.9375 147.9499969482421875 141.524993896484375 128.8562469482421875 117.46875 113.08750152587890625 106.61875152587890625
92.65625 100.13124847412109375 104.15000152587890625 101.8874969482421875 99.2687530517578125 100.90000152587890625 99.38124847412109375 98.84999847412109375 97.24375152587890625 94.9875030517578125 91.3125 91.03749847412109375 89.34375 85.4562530517578125 80.0437469482421875 74.8625030517578125 72.19374847412109375 72.8937530517578125 75.25 71.8874969482421875 77.7687530517578125 84.81874847412109375 93.31874847412109375 101.2375030517578125 103.3874969482421875 99.11875152587890625 92.68125152587890625 94.7062530517578125 97.83750152587890625 99.0625 106.0749969482421875 113.5187530517578125 113.6374969482421875 119.0437469482421875 125.5437469482421875 132.8562469482421875 138.5812530517578125 138.1437530517578125 134.756256103515625 128.2687530517578125 120.3249969482421875 114.32500457763671875 108.00624847412109375 102.9375
86.0625 87.65625 92.77500152587890625 94.0812530517578125 93.875 91.8562469482421875 91.1750030517578125 90.90000152587890625 90.7062530517578125 89.0437469482421875 87.56874847412109375 84.77500152587890625 82.34375 82.5812530517578125 80.8312530517578125 76.0625 75.75624847412109375 75.0625 76.00624847412109375 76.06874847412109375 77.78749847412109375 84.15000152587890625 92.38750457763671875 95.27500152587890625 94.9375 93.0812530517578125 95.3874969482421875 93.61875152587890625 99.73125457763671875 104.75 107.2375030517578125 109.4250030517578125 110.27500152587890625 113.28125 116.0124969482421875 124.0187530517578125 128.931243896484375 129.2312469482421875 126.5500030517578125 121.83750152587890625 115.75624847412109375 111.25624847412109375 106.53749847412109375 101.54375457763671875
79.5187530517578125 84.8625030517578125 87.8249969482421875 87.875 87.08750152587890625 86.5437469482421875 81.86875152587890625 81.68125152587890625 83.0187530517578125 85.38124847412109375 85.33750152587890625 82.93125152587890625 82.7062530517578125 81.71875 81.78125 80.36875152587890625 76.99375152587890625 74.77500152587890625 74.77500152587890625 76.8249969482421875 82.90000152587890625 86.1687469482421875 90.81874847412109375 93.02500152587890625 95.875 92.8562469482421875 91.3937530517578125 93.8625030517578125 96.28749847412109375 98.58750152587890625 100.75624847412109375 104.1875 104.08750152587890625 103.9812469482421875 107.8874969482421875 111.05625152587890625 117.08750152587890625 116.40000152587890625 117.25 115.83750152587890625 111.78125 105.84375 102.125 97.53749847412109375
70.61875152587890625 77.56874847412109375 82.46875 82.0124969482421875 81.13124847412109375 79.3000030517578125 79.4375 78.09375 77.3125 77.09999847412109375 78.28125 81.65625 81.875 82.5625 80.5812530517578125 79.3000030517578125 75.71250152587890625 76.52500152587890625 76.2687530517578125 79.91249847412109375 82.8625030517578125 88.8249969482421875 92.625 97.38124847412109375 98.84999847412109375 94.86875152587890625 95.21875 91.94374847412109375 92.0500030517578125 93.21875 95.25 97.16249847412109375 95.125 93.27500152587890625 98.9375 99.5187530517578125 105.78125 109.03125 109.99375152587890625 108.3562469482421875 106.09375 101.22499847412109375 98.46250152587890625 93.7062530517578125
64.33750152587890625 71.52500152587890625 77.1875 77.6125030517578125 77.28749847412109375 74.6999969482421875 74.49375152587890625 73.80625152587890625 73.40625 75.1125030517578125 76.61875152587890625 75.96875 79.59375 80.03749847412109375 77.9562530517578125 75.24375152587890625 74.0749969482421875 75.99375152587890625 77.59375 80.09999847412109375 84.6125030517578125 89.18125152587890625 96.81874847412109375 98.8249969482421875 96.99375152587890625 97.96875 92.69374847412109375 89.11875152587890625 86.9187469482421875 87.40000152587890625 85.15625 84.1374969482421875 85.25 84.69374847412109375 86.18125152587890625 89.875 96.44374847412109375 98.75624847412109375 101.2062530517578125 101.53749847412109375 98.6687469482421875 96.34375 94.5124969482421875 89.77500152587890625
61.768749237060546875 68.2687530517578125 69.96250152587890625 71.49375152587890625 71.15000152587890625 69.91249847412109375 69.72499847412109375 69.11875152587890625 68.3312530517578125 67.47499847412109375 72.3000030517578125 73.7375030517578125 73.9375 75.36875152587890625 74.71875 73.55625152587890625 72.15000152587890625 74.28125 76.96875 78.9250030517578125 85.6374969482421875 90.96250152587890625 98 99.97499847412109375 97.28125 94.6374969482421875 90.91249847412109375 85.5500030517578125 80.84999847412109375 78.3000030517578125 75.6374969482421875 73.1750030517578125 72.6437530517578125 73.84999847412109375 77.84999847412109375 81.9875030517578125 87.46250152587890625 91.7937469482421875 93.93125152587890625 94.6062469482421875 95.0124969482421875 91.1437530517578125 88.65000152587890625 84.15625
55.549999237060546875 58.8125 62.1875 64.38124847412109375 64.46875 64.63124847412109375 65.375 64.84375 63.28125 66.40000152587890625 70.0500030517578125 71.75624847412109375 72.8000030517578125 72.71250152587890625 71.6687469482421875 72.49375152587890625 71.5749969482421875 72.28749847412109375 75.5749969482421875 78.84375 82.8874969482421875 88.4562530517578125 96.25624847412109375 100.3625030517578125 95.5187530517578125 89.4250030517578125 85.09375 80.75624847412109375 76.40000152587890625 70.8312530517578125 68.78125 63.86875152587890625 62.768749237060546875 67.4375 70.28125 75.59375 78.38124847412109375 82.5 85.5625 87.72499847412109375 90.11875152587890625 87.8312530517578125 84.46875 79.8125
49.74375152587890625 50.33750152587890625 53.418750762939453125 56.924999237060546875 57.831249237060546875 58.91249847412109375 60.08750152587890625 60.018749237060546875 60.793750762939453125 63.25624847412109375 65.86875152587890625 66.9250030517578125 68.61875152587890625 69.52500152587890625 68.4187469482421875 68.4499969482421875 68.6125030517578125 70.18125152587890625 71.28749847412109375 75.2062530517578125 81.25 85.4375 88.9812469482421875 92.21250152587890625 90.1437530517578125 85.00624847412109375 80.46250152587890625 76.06874847412109375 71.68125152587890625 67.91249847412109375 64.3625030517578125 61.19374847412109375 60.231250762939453125 61.34999847412109375 64.41249847412109375 68.71875 71.13124847412109375 75.24375152587890625 78.96250152587890625 83.22499847412109375 85.4187469482421875 86.2937469482421875 81.40000152587890625 77.9250030517578125
43.81874847412109375 43.987499237060546875 47.4375 48.71250152587890625 50.924999237060546875 51.668750762939453125 52.88124847412109375 54.75 55.956249237060546875 59.143749237060546875 61.418750762939453125 62.868747711181640625 65.09999847412109375 67.16249847412109375 66.59999847412109375 66.4250030517578125 67.5124969482421875 67.1374969482421875 69.1374969482421875 72.59999847412109375 76.91249847412109375 80.50624847412109375 84.46875 85.22499847412109375 83.6437530517578125 79.84999847412109375 75.5749969482421875 71.36875152587890625 69.11875152587890625 65.5500030517578125 61.27500152587890625 58.481250762939453125 57.012500762939453125 57.11875152587890625 59.40625 62.97499847412109375 65.4562530517578125 69.0187530517578125 72.3000030517578125 74.4187469482421875 78.5625 77.40000152587890625 75.2624969482421875 72.4562530517578125
38.75 39.9375 42.33750152587890625 43.6875 44.737499237060546875 46.418750762939453125 47.612499237060546875 50.69374847412109375 53.1875 55.4375 57.94374847412109375 60.875 63.125 64.19374847412109375 64.09375 64.1687469482421875 64.1062469482421875 65.15000152587890625 65.8937530517578125 67.96875 72.43125152587890625 75.22499847412109375 78.65625 77.59999847412109375 76.55625152587890625 74.03125 69.83750152587890625 66.5500030517578125 64.5749969482421875 61.08750152587890625 57.924999237060546875 54.987499237060546875 53.38124847412109375 53.58750152587890625 54.59375 56.88124847412109375 60.74375152587890625 62.50624847412109375 63.52500152587890625 65.72499847412109375 69.8125 69.75 68.05625152587890625 64.9812469482421875
34.924999237060546875 35.700000762939453125 36.331249237060546875 38.80625152587890625 40.612499237060546875 42.93125152587890625 44.44374847412109375 46.768749237060546875 49.5 52.28125 55.362499237060546875 57.71250152587890625 61.543750762939453125 61.4375 60.91249847412109375 61.65000152587890625 63.30625152587890625 62.11875152587890625 61.325000762939453125 64.5749969482421875 68.7624969482421875 71.09375 72.99375152587890625 70.63124847412109375 68.68125152587890625 68.63124847412109375 65.11875152587890625 61.09999847412109375 58.012500762939453125 56.143749237060546875 53.8125 52.13124847412109375 51.075000762939453125 51.3125 51.674999237060546875 52.393749237060546875 54.53749847412109375 57.31874847412109375 56.8125 56.46250152587890625 58.93125152587890625 60.77500152587890625 59.831249237060546875 56.924999237060546875
31.5 30.806249618530273438 31.399999618530273438 32.956249237060546875 35.28125 38.19374847412109375 40.950000762939453125 43.168750762939453125 46.424999237060546875 48.606250762939453125 52.02500152587890625 55.71250152587890625 58.125 60.575000762939453125 60.5625 60.799999237060546875 61.25 60 58.456249237060546875 61.41249847412109375 63.4375 65.7687530517578125 66.46250152587890625 64.1750030517578125 63.674999237060546875 61.956249237060546875 59.200000762939453125 56.90000152587890625 53.03749847412109375 51.6875 50.80625152587890625 49.325000762939453125 47.9375 47.981250762939453125 48.612499237060546875 48.43125152587890625 50.299999237060546875 49.737499237060546875 49.418750762939453125 50.5625 52.27500152587890625 52.47499847412109375 51.66249847412109375 51.24375152587890625
29.15625 28.212499618530273438 28.162500381469726562 29.106250762939453125 31 33.512500762939453125 36.41249847412109375 38.918750762939453125 41.16249847412109375 45.11875152587890625 49.68125152587890625 52.21250152587890625 55.53125 59.1875 59.84999847412109375 58.9375 57.96250152587890625 58.737499237060546875 58.424999237060546875 60.25624847412109375 61.09375 61.34375 60.65000152587890625 59.34999847412109375 59.28749847412109375 57.19374847412109375 55.5625 52.47499847412109375 50.21250152587890625 48.299999237060546875 47.237499237060546875 45.68125152587890625 43.81874847412109375 43.893749237060546875 45.0625 45.799999237060546875 45.075000762939453125 44.40000152587890625 44.30625152587890625 46.3125 47.50624847412109375 47.96875 45.799999237060546875 45.86875152587890625
27.112499237060546875 26.268749237060546875 26.46875 27.106250762939453125 27.931249618530273438 29.231250762939453125 31.524999618530273438 33.125 36.875 40.075000762939453125 44.731250762939453125 48.950000762939453125 53.337497711181640625 56.268749237060546875 57.06874847412109375 55.96250152587890625 55.99375152587890625 56.200000762939453125 55.90625 56.875 58.03749847412109375 56.700000762939453125 56.99375152587890625 55.918750762939453125 54.143749237060546875 51.981250762939453125 50.424999237060546875 48.831249237060546875 46.72499847412109375 45.31874847412109375 44.24375152587890625 42.50624847412109375 40.762500762939453125 41.18125152587890625 41.762500762939453125 41.5625 40.075000762939453125 39.71875 40.69374847412109375 41.625 42.856250762939453125 43.77500152587890625 43.58750152587890625 42.66249847412109375
25.643749237060546875 24.125 24.75 24.943750381469726562 25.71875 26.806249618530273438 28 29.34375 31.674999237060546875 35.02500152587890625 40.0625 45.700000762939453125 52.137500762939453125 56.21875 55.59375 54.77500152587890625 54.33750152587890625 53.875 54.33750152587890625 53.96875 54.5625 54.612499237060546875 53.78749847412109375 52.30625152587890625 50.299999237060546875 47.856250762939453125 46.52500152587890625 45.106250762939453125 43.15625 40.037502288818359375 39.237499237060546875 39.15000152587890625 38.231250762939453125 38.16249847412109375 37.612499237060546875 37.22499847412109375 36.68125152587890625 37.08750152587890625 37.1875 37.143749237060546875 37.58750152587890625 37.568752288818359375 39.106250762939453125 38.856250762939453125
24.6875 23.731250762939453125 24.475000381469726562 24.125 24.556249618530273438 25.15625 26.112499237060546875 27.03125 28.799999237060546875 31.106250762939453125 35.40625 41.63124847412109375 49.27500152587890625 52.18125152587890625 53.19374847412109375 52.981250762939453125 53.087497711181640625 52.00624847412109375 51.08750152587890625 50.887500762939453125 49.13124847412109375 50.22499847412109375 48.793750762939453125 47.00624847412109375 44.49375152587890625 43.91249847412109375 42.78125 41.549999237060546875 39.71250152587890625 37.16249847412109375 36.28749847412109375 36.46875 35.44374847412109375 35.424999237060546875 34.99375152587890625 33.99375152587890625 33.86875152587890625 33.81874847412109375 34.66249847412109375 34.65625 34.03125 34.387500762939453125 34.131252288818359375 34.293750762939453125
23.600000381469726562 23.262500762939453125 23.65625 23.137500762939453125 23.399999618530273438 24.256250381469726562 24.868749618530273438 25.362499237060546875 26.331249237060546875 27.068750381469726562 31.212499618530273438 37.8125 44.212497711181640625 47.53125 49.69374847412109375 50.418750762939453125 50.387500762939453125 48.700000762939453125 47.518749237060546875 47.28749847412109375 45.30625152587890625 44.481250762939453125 43.46875 42.625 40.418750762939453125 39.46875 38.668750762939453125 37.34999847412109375 35.893749237060546875 34.72499847412109375 33.643749237060546875 32.97499847412109375 31.975000381469726562 31.950000762939453125 31.600000381469726562 30.399999618530273438 30.131250381469726562 31.174999237060546875 32.24375152587890625 31.71875 30.756250381469726562 30.96875 30.59375 31.424999237060546875
21.837499618530273438 22.006250381469726562 21.825000762939453125 22.137500762939453125 22.412500381469726562 23.024999618530273438 23.556249618530273438 23.862499237060546875 24.693750381469726562 24.793750762939453125 30.431249618530273438 36.33750152587890625 40.68125152587890625 44.143749237060546875 46.78125 47.94374847412109375 46.78125 46.53125 44.581249237060546875 43.887500762939453125 42.549999237060546875 41.106250762939453125 39.231250762939453125 38.56874847412109375 37.331249237060546875 36.262500762939453125 35.200000762939453125 34.125 32.97499847412109375 31.512500762939453125 29.331251144409179688 29.237499237060546875 28.4375 28.612499237060546875 27.668750762939453125 26.431249618530273438 27.375 28.043750762939453125 28.881250381469726562 28.693750381469726562 28.018749237060546875 28.893749237060546875 28.306249618530273438 26.743749618530273438
