data/historical-monthly-weather-data/wc2.1_cruts4.09_10m_prec_2016-03.asc
ncols        45
nrows        45
xllcorner    -63.500000000000
yllcorner    -7.500000000000
cellsize     0.166666666667
NODATA_value -9999
[rows 0 to 19 of 45, columns 0 to 44 of 45]
94.78125 86.6687469482421875 81.84375 80.0124969482421875 77.4875030517578125 75.9812469482421875 73.34999847412109375 70.9375 70.4187469482421875 71.44374847412109375 74.2624969482421875 79.9812469482421875 86.2937469482421875 91.9812469482421875 100.5 109.46875 119.86875152587890625 127.53749847412109375 136.912506103515625 145.7062530517578125 152.037506103515625 157.181243896484375 163.0437469482421875 167.8249969482421875 174.431243896484375 181.287506103515625 189.6125030517578125 201.149993896484375 212.056243896484375 219.6125030517578125 230.8312530517578125 239.568756103515625 247.899993896484375 258.20623779296875 267.42498779296875 272.725006103515625 276.11248779296875 279.65625 282.51251220703125 283.625 284.83123779296875 285.20001220703125 283.9375 283.631256103515625 280.90625
98.5437469482421875 91.0437469482421875 88.77500152587890625 87.6875 86.33750152587890625 84.88124847412109375 82.375 80.6125030517578125 81.43125152587890625 82.9499969482421875 85.84999847412109375 91.41249847412109375 97.58750152587890625 103.53749847412109375 111.8562469482421875 120.9250030517578125 131.1750030517578125 142.34375 153.9250030517578125 165.0749969482421875 171.587493896484375 177.09375 183.4812469482421875 188.6437530517578125 194.3000030517578125 200.6999969482421875 208.0500030517578125 218.850006103515625 228.15625 234.9187469482421875 243.287506103515625 252.8187408447265625 259.21875 269.95623779296875 276.65625 281.71875 285.75 288.375 290.14373779296875 289.931243896484375 290.88751220703125 290.1875 287.90625 286.26873779296875 283.725006103515625
101.3312530517578125 94.9562530517578125 94.2375030517578125 94.3937530517578125 93.8874969482421875 93.66249847412109375 93.63124847412109375 94.05625152587890625 96.0749969482421875 98.6999969482421875 101.1687469482421875 106.1374969482421875 112.16249847412109375 118.11875152587890625 126.40000152587890625 136.056243896484375 146.0812530517578125 156.8937530517578125 167.368743896484375 177.556243896484375 184.1437530517578125 190.125 195.462493896484375 201.462493896484375 207.8312530517578125 213.256256103515625 220.53125 230.375 238.0625 243.4124908447265625 251.5250091552734375 259.90625 267.274993896484375 275.40625 284.875 288.131256103515625 292.868743896484375 297.79998779296875 299.806243896484375 301.506256103515625 302.837493896484375 301.368743896484375 298.631256103515625 295.743743896484375 294.40625
102.9812469482421875 98.1437530517578125 99.78125 101.00624847412109375 101.86875152587890625 103.09999847412109375 105.25624847412109375 108.1062469482421875 112.30625152587890625 116.05625152587890625 118.53749847412109375 122.4375 127.22499847412109375 132.693756103515625 141.287506103515625 150.9250030517578125 161.8125 171.806243896484375 181.131256103515625 189.631256103515625 196.5500030517578125 201.4875030517578125 205.368743896484375 211.59375 218.368743896484375 224.131256103515625 230.993743896484375 238.0500030517578125 244.8249969482421875 250.3125 255.9812469482421875 265.056243896484375 272.03125 279.962493896484375 288.818756103515625 294.787506103515625 300.79376220703125 306.881256103515625 311.51251220703125 313.86248779296875 314.5 313.662506103515625 310.993743896484375 307.10626220703125 305.70001220703125
107.6750030517578125 102.7062530517578125 104.05625152587890625 107.00624847412109375 109.31874847412109375 112.28749847412109375 115.6875 120.625 127.31874847412109375 133.2375030517578125 135.40625 137.712493896484375 141.899993896484375 148.037506103515625 156.1125030517578125 166.3625030517578125 176.943756103515625 186.40625 193.412506103515625 199.6750030517578125 206.462493896484375 210.493743896484375 215.037506103515625 221.931243896484375 228.65625 234.818756103515625 239.4812469482421875 245.306243896484375 253.2937469482421875 256.162506103515625 262.087493896484375 268.431243896484375 277.45001220703125 286.537506103515625 295.649993896484375 302.95001220703125 309.681243896484375 316.29376220703125 323.01873779296875 326.037506103515625 328.90625 326.61248779296875 323.25 320.21875 317.51251220703125
112.15000152587890625 108.1437530517578125 110.9375 113.46250152587890625 115.0749969482421875 118.71250152587890625 122.59999847412109375 127.5437469482421875 135.100006103515625 142.4812469482421875 143.725006103515625 146.1437530517578125 151.5124969482421875 157.5124969482421875 165.975006103515625 175.9312591552734375 186.412506103515625 194.6125030517578125 201.274993896484375 206.381256103515625 212.556243896484375 217.837493896484375 223.100006103515625 229.3000030517578125 235.774993896484375 242.662506103515625 246.90625 250.993743896484375 256.41876220703125 260.649993896484375 265.73748779296875 272.82501220703125 281.10626220703125 293.850006103515625 305.899993896484375 314.01873779296875 324.162506103515625 332.837493896484375 341.53125 348.006256103515625 350.506256103515625 349.33123779296875 346.587493896484375 343.54998779296875 340.006256103515625
115.8937530517578125 112.41249847412109375 115.5500030517578125 117.875 119.1374969482421875 122.3625030517578125 126.00624847412109375 129.5437469482421875 134.5500030517578125 139.693756103515625 144.7375030517578125 150.306243896484375 157.375 164.78125 173.59375 183.2937469482421875 193.3249969482421875 199.6437530517578125 204.8562469482421875 211.15625 217.131256103515625 223.881256103515625 229.5437469482421875 235.899993896484375 242.6374969482421875 248.631256103515625 252.3874969482421875 255.287506103515625 258.11248779296875 261.45623779296875 269.14373779296875 276.29998779296875 285.943756103515625 298.131256103515625 312.17498779296875 323.76873779296875 335.08123779296875 346.462493896484375 360.712493896484375 367.82501220703125 368.975006103515625 369.274993896484375 367.462493896484375 365.41876220703125 364.34375
118.19374847412109375 115.18125152587890625 118.03749847412109375 121.0500030517578125 123.47499847412109375 126.4562530517578125 128.125 128.5124969482421875 129.9375 134.8625030517578125 143.381256103515625 152.524993896484375 162.256256103515625 171.53125 180.2687530517578125 189.625 197.787506103515625 202.3125 207.0124969482421875 212.9875030517578125 220.587493896484375 228.4250030517578125 235.5 241.6062469482421875 249.556243896484375 254.3562469482421875 256.225006103515625 258.037506103515625 259.056243896484375 262.600006103515625 269.287506103515625 279.48126220703125 289.537506103515625 302.73126220703125 317.743743896484375 330.75 344.17498779296875 357.39373779296875 372.462493896484375 380.868743896484375 384.850006103515625 386.225006103515625 385.693756103515625 384.443756103515625 382.618743896484375
121.2062530517578125 118.625 121.96250152587890625 125.375 127.78125 130.4812469482421875 131.662506103515625 130.8937530517578125 129.1437530517578125 132.2687530517578125 143.3562469482421875 154.8562469482421875 166.6125030517578125 175.96875 183.881256103515625 191.8874969482421875 198.5749969482421875 203.024993896484375 208.96875 215.1999969482421875 221.537506103515625 230.9562530517578125 238.787506103515625 248.9187469482421875 256.943756103515625 260.8125 260.53125 260.73748779296875 262.9375 266.54998779296875 274.64373779296875 285.79376220703125 296.381256103515625 309.0625 323.14373779296875 337.71875 353.79998779296875 367.787506103515625 383.73126220703125 393.449981689453125 399.381256103515625 401.837493896484375 403.274993896484375 402.943756103515625 398.54998779296875
124.40625 122.30625152587890625 125.6750030517578125 129.28125 132.3625030517578125 135.337493896484375 137.149993896484375 137.2062530517578125 137.40625 141.149993896484375 149.931243896484375 159.806243896484375 171.412506103515625 181.2312469482421875 187.381256103515625 193.53125 199.1062469482421875 203.662506103515625 209.3625030517578125 215.6999969482421875 222.53125 232.712493896484375 243.53125 256.33123779296875 262.993743896484375 266.381256103515625 266.01251220703125 265.42498779296875 266.212493896484375 269.76873779296875 277.943756103515625 291.45623779296875 303.475006103515625 317.1875 331.07501220703125 345.51873779296875 361.431243896484375 377.20001220703125 394.681243896484375 407.51873779296875 416.225006103515625 420.6875 420.67498779296875 416.381256103515625 412.975006103515625
127.77500152587890625 126.3937530517578125 129.662506103515625 133.681243896484375 137.600006103515625 141.53125 144.243743896484375 145.1062469482421875 147.375 152.1062469482421875 159.1062469482421875 168.100006103515625 177.912506103515625 187.5500030517578125 192.0625 195.8000030517578125 199.5187530517578125 204.100006103515625 209.037506103515625 215.2937469482421875 223.9562530517578125 234.9562530517578125 248.7312469482421875 260.568756103515625 270.67498779296875 271.63751220703125 270.76873779296875 271.89373779296875 272.024993896484375 274.95623779296875 284.73126220703125 297.9375 309.60626220703125 323.162506103515625 337.57501220703125 351.774993896484375 367.462493896484375 383.993743896484375 403.006256103515625 419.618743896484375 430.524993896484375 434.306243896484375 432.868743896484375 427.875 423.587493896484375
132.375 131.600006103515625 135.2312469482421875 139.9499969482421875 143.9187469482421875 149.1374969482421875 153.3937530517578125 155.75 159.25 164.0437469482421875 170.2624969482421875 176.975006103515625 184.0124969482421875 191.524993896484375 196.975006103515625 200.5187530517578125 202.5812530517578125 206.34375 211.068756103515625 216.5812530517578125 223.787506103515625 235.756256103515625 252.03125 268.693756103515625 277.431243896484375 274.006256103515625 273.58123779296875 276.274993896484375 280.681243896484375 287.568756103515625 295.168731689453125 306.537506103515625 316.693756103515625 328.58123779296875 341.32501220703125 357.51251220703125 374.66876220703125 391.818756103515625 410.568756103515625 429.375 442.35626220703125 444.29376220703125 438.20001220703125 425.693756103515625 415.98748779296875
137.2312469482421875 136.7687530517578125 140.993743896484375 145.6750030517578125 150.4562530517578125 156.712493896484375 161.7375030517578125 165.7937469482421875 170.100006103515625 176.024993896484375 182.8874969482421875 187.4499969482421875 192.600006103515625 196.587493896484375 201.2312469482421875 204.5687408447265625 206.2624969482421875 210.131256103515625 215.1125030517578125 219.1999969482421875 223.8000030517578125 235.25 250.96875 265.45001220703125 268.95623779296875 267.89373779296875 274.92498779296875 282.381256103515625 290.493743896484375 299.35626220703125 307.881256103515625 316.350006103515625 323.649993896484375 333.65625 345.125 360.25 378.04376220703125 396.21875 417.193756103515625 438.625 454.725006103515625 454.087493896484375 437.524993896484375 420.100006103515625 405.73748779296875
142.006256103515625 142.3874969482421875 146.9187469482421875 152.0187530517578125 157.631256103515625 163.693756103515625 170.125 176.25 182.4499969482421875 188.9187469482421875 195.4250030517578125 198.5187530517578125 201.068756103515625 204.2062530517578125 205.9812469482421875 209.3249969482421875 210.9187469482421875 214.225006103515625 218.5625 223.225006103515625 229.4250030517578125 238.618743896484375 250.068756103515625 259.806243896484375 264.024993896484375 267.45623779296875 277.475006103515625 287.98126220703125 298.506256103515625 308.725006103515625 319.3125 327.618743896484375 330.850006103515625 336.6875 346.162506103515625 362.537506103515625 382.07501220703125 400.431243896484375 420.868743896484375 441.20001220703125 456.38751220703125 448.48748779296875 434.36248779296875 421.71875 409.743743896484375
149.993743896484375 150.662506103515625 155.9812469482421875 162.524993896484375 169.1062469482421875 175.6374969482421875 183.256256103515625 190.5625 196.2375030517578125 202.0749969482421875 208.306243896484375 210.725006103515625 212.65625 214.818756103515625 215.09375 217.7937469482421875 219.118743896484375 222.962493896484375 226.4875030517578125 230.631256103515625 237.1437530517578125 244.693756103515625 253.181243896484375 262.04998779296875 269.193756103515625 276.79998779296875 287.850006103515625 299.33123779296875 311.51873779296875 322.70001220703125 330.82501220703125 337.48748779296875 339.79998779296875 339.631256103515625 344.649993896484375 363.79376220703125 386.45001220703125 406.09375 421.368743896484375 433.15625 437.743743896484375 435.649993896484375 432.36248779296875 423.0625 414.33123779296875
157.3249969482421875 159.131256103515625 165.6374969482421875 173.181243896484375 180.881256103515625 189.1687469482421875 197.0749969482421875 204.568756103515625 210.837493896484375 216.625 221.34375 223.9562530517578125 225.6875 226.9562530517578125 227.28125 227.78125 228.4187469482421875 232.0812530517578125 235.125 239.3249969482421875 244.587493896484375 250.412506103515625 257.381256103515625 266.399993896484375 275.087493896484375 285.29998779296875 298.03125 311.568756103515625 326.26873779296875 337.64373779296875 346.95623779296875 352.29998779296875 350.193756103515625 348.34375 350.39373779296875 376.462493896484375 398.04998779296875 409.912506103515625 418.243743896484375 425.28125 427.70623779296875 428.625 427.57501220703125 421.95001220703125 415.1875
165.3625030517578125 168.600006103515625 175.431243896484375 184.162506103515625 193.3125 202.193756103515625 211.712493896484375 219.975006103515625 225.6125030517578125 230.8937530517578125 234.7062530517578125 237.681243896484375 239.7375030517578125 239.96875 241.149993896484375 240.4187469482421875 238.375 240.3625030517578125 244.09375 247.6374969482421875 251.993743896484375 256.98126220703125 263.318756103515625 272.82501220703125 283.243743896484375 293.23126220703125 307.40625 323.287506103515625 338.5625 352.20623779296875 362.84375 368.60626220703125 366.618743896484375 368.212493896484375 383.287506103515625 406.3125 417.899993896484375 420.82501220703125 420.70001220703125 421.443756103515625 424.787506103515625 425.84375 423.04376220703125 418.693756103515625 415.15625
176.2375030517578125 180.5812530517578125 188.65625 198.3874969482421875 208.181243896484375 217.15625 226.318756103515625 235.1750030517578125 240.9875030517578125 245.8000030517578125 249.962493896484375 254.712493896484375 256.6875 258.306243896484375 259.20623779296875 257.537506103515625 255.3249969482421875 252.1750030517578125 258.09375 261.48126220703125 265.73126220703125 268.8125 272.6875 281.5 291.662506103515625 303.83123779296875 317.149993896484375 334.71875 352.53125 366.34375 375.412506103515625 375.10626220703125 375.4375 383.79376220703125 406.26873779296875 440.506256103515625 438.54998779296875 430.618743896484375 424.73126220703125 424.850006103515625 423.96875 423.78125 421.962493896484375 417.78125 413.524993896484375
186.9187469482421875 192.5437469482421875 201.1437530517578125 211.631256103515625 222.75 232.7687530517578125 242.3874969482421875 251.3312530517578125 256.60626220703125 261.225006103515625 265.28125 268.975006103515625 273.774993896484375 277.399993896484375 276.88751220703125 274.26251220703125 270.912506103515625 267.07501220703125 268.86248779296875 272.89373779296875 277.54376220703125 280.662506103515625 279.01873779296875 287.95001220703125 299.09375 312.25 327.512481689453125 343.89373779296875 362.787506103515625 378.26251220703125 388.568756103515625 383.587493896484375 377.58123779296875 376.76873779296875 391.78125 421.61248779296875 427.524993896484375 426.975006103515625 426.98126220703125 425.88751220703125 425.662506103515625 423.587493896484375 421.9375 418.70001220703125 413.818756103515625
195.087493896484375 202.756256103515625 212.1125030517578125 223.4375 235.743743896484375 247.25 257.76251220703125 267.225006103515625 272.51873779296875 276.23126220703125 279.568756103515625 283.61248779296875 290.20001220703125 296.350006103515625 293.34375 286.45001220703125 279.83123779296875 279.875 280.068756103515625 282.818756103515625 283.54376220703125 282.91876220703125 284.20623779296875 292.13751220703125 303.13751220703125 315.568756103515625 331.70001220703125 350.03125 366.881256103515625 378.85626220703125 385.212493896484375 383.0625 368.85626220703125 354.725006103515625 349.98748779296875 373.98126220703125 402.35626220703125 417.65625 425.09375 428.34375 427.95623779296875 425.3125 424.15625 421.587493896484375 417.04376220703125
