data/historical-monthly-weather-data/wc2.1_cruts4.09_10m_prec_1955-09.asc
ncols        45
nrows        45
xllcorner    -63.500000000000
yllcorner    -7.500000000000
cellsize     0.166666666667
NODATA_value -9999
[rows 19 to 37 of 45, columns 0 to 43 of 45]
192.75 187.1999969482421875 180.8249969482421875 176.3125 172.368743896484375 170.3312530517578125 166.5625 161.4375 157.993743896484375 151.993743896484375 144.943756103515625 137.037506103515625 128.1687469482421875 119.3312530517578125 110.8312530517578125 104.19374847412109375 96.3312530517578125 93.46875 89.0749969482421875 88.7312469482421875 86.59375 85.91249847412109375 89.16249847412109375 92.6750030517578125 94.69374847412109375 93.65625 91.83750152587890625 90.06874847412109375 84.46250152587890625 78.3937530517578125 75.09999847412109375 82.03125 88.18125152587890625 96.5437469482421875 101.61875152587890625 97.00624847412109375 91.2062530517578125 86.4812469482421875 81.4875030517578125 74.1750030517578125 64.77500152587890625 55.625 52.125 50.731250762939453125
183.3937530517578125 179.743743896484375 175.756256103515625 172.1437530517578125 168.600006103515625 165.8937530517578125 163.6999969482421875 160.381256103515625 158.5124969482421875 154.4250030517578125 147.806243896484375 141.193756103515625 132.181243896484375 121.6999969482421875 113.9250030517578125 105.0437469482421875 97.28125 91.94374847412109375 90.36875152587890625 87.1374969482421875 87.80625152587890625 89.21875 90.59375 93.72499847412109375 96.91249847412109375 96.84375 94.3125 90.6999969482421875 87.1062469482421875 86.2624969482421875 86.375 91.91249847412109375 98.80625152587890625 108.7062530517578125 119.4250030517578125 110.4375 96.6999969482421875 87.46250152587890625 80.02500152587890625 73.0500030517578125 66.25 59.799999237060546875 56.03125 54.112499237060546875
176.4250030517578125 170.90625 167.631256103515625 165 163.6875 163.2375030517578125 161.53125 160.493743896484375 159.5812530517578125 156.71875 151.524993896484375 145.912506103515625 139.0812530517578125 129.756256103515625 120.9875030517578125 110.6437530517578125 102.6374969482421875 96.50624847412109375 94.09375 90.6999969482421875 88.24375152587890625 88.83750152587890625 89.94374847412109375 92.5437469482421875 94.59375 95.63124847412109375 96.7062530517578125 94.3625030517578125 93.9499969482421875 94.43125152587890625 95.0812530517578125 98.34999847412109375 103.96875 111.5749969482421875 114.1750030517578125 107.6875 95.65000152587890625 87.0124969482421875 79.59375 73.94374847412109375 69.2062530517578125 64.8562469482421875 62.418750762939453125 60.34375
170.6437530517578125 167.1437530517578125 162.899993896484375 160.9499969482421875 159.75 159.881256103515625 160.2375030517578125 160.462493896484375 161.84375 159.0812530517578125 157.0749969482421875 152.9375 149.193756103515625 140.9187469482421875 128.868743896484375 117.65625 107.96250152587890625 102.00624847412109375 97.25 93.40000152587890625 90.7937469482421875 90.4375 90.1374969482421875 90.97499847412109375 93.5437469482421875 94.78749847412109375 95.8874969482421875 97.5124969482421875 97.75 97.9187469482421875 99.8000030517578125 103.34375 106.375 109.03125 107.6687469482421875 99.4375 91.4499969482421875 84.3874969482421875 79.00624847412109375 76.05625152587890625 74.02500152587890625 70.71250152587890625 68.4875030517578125 66.40000152587890625
168.3625030517578125 163.0500030517578125 159.975006103515625 157.0187530517578125 154.6687469482421875 156.8562469482421875 158.306243896484375 158.7687530517578125 160.1687469482421875 158.725006103515625 156.6374969482421875 156.0437469482421875 155.8625030517578125 147.181243896484375 133.7312469482421875 121.7937469482421875 112.28125 106.0187530517578125 100.99375152587890625 96.09375 93.1999969482421875 91.34375 91.25 92.09999847412109375 93.55625152587890625 93.6750030517578125 94.75624847412109375 96.53749847412109375 99.40625 100.6125030517578125 102.2624969482421875 105.58750152587890625 106.5749969482421875 106.96250152587890625 104.9562530517578125 96.5749969482421875 90.74375152587890625 86.5749969482421875 82.65000152587890625 81.5500030517578125 79.99375152587890625 77.33750152587890625 75.93125152587890625 74.2375030517578125
168.368743896484375 162.03125 157.506256103515625 153.649993896484375 155.149993896484375 156.412506103515625 157.181243896484375 157.8687591552734375 158.462493896484375 158.181243896484375 157 154.5625 152.087493896484375 145.4562530517578125 134.9499969482421875 124.11875152587890625 115.53749847412109375 108.625 103.03125 98.66249847412109375 95.75624847412109375 93.09999847412109375 93.2687530517578125 93.99375152587890625 93.375 94.5124969482421875 95.6437530517578125 97.8625030517578125 100.7375030517578125 102.7687530517578125 104.1125030517578125 106.3562469482421875 108.01250457763671875 107.59999847412109375 104.68125152587890625 98.44374847412109375 95.1374969482421875 92.19374847412109375 88.8625030517578125 87.57500457763671875 86.28125 84.86875152587890625 83.9812469482421875 84.30625152587890625
171.6999969482421875 167.181243896484375 159.8562469482421875 156.8312530517578125 155.006256103515625 155.493743896484375 156.681243896484375 156.975006103515625 157 157.0625 154.318756103515625 151.631256103515625 147.912506103515625 141.4499969482421875 133.4875030517578125 124.9562530517578125 116.88124847412109375 110.8249969482421875 105.09375 100.40000152587890625 97.33750152587890625 94.3312530517578125 94.3625030517578125 95.11875152587890625 94.71250152587890625 94.61875152587890625 97.23125457763671875 100.65000152587890625 103 105.0812530517578125 106.43125152587890625 108.9812469482421875 108.69374847412109375 108.0187530517578125 106.7687530517578125 104.4812469482421875 101.31874847412109375 99.11875152587890625 97.4875030517578125 95.625 95.13750457763671875 93.3562469482421875 92.4375 93.49375152587890625
176.5124969482421875 170.006256103515625 163.693756103515625 160.368743896484375 156.993743896484375 157.100006103515625 156.8625030517578125 155.618743896484375 153.693756103515625 153.274993896484375 151.912506103515625 148.9562530517578125 144.1374969482421875 138.40625 131.787506103515625 124.5437469482421875 118.53125 111.9562530517578125 106.52500152587890625 101.83750152587890625 98.99375152587890625 95.81874847412109375 94.90625 97.125 96.4187469482421875 96.7312469482421875 99.47499847412109375 101.90625 104.5 106.3249969482421875 107.66875457763671875 109.05625152587890625 111.08750152587890625 111.3874969482421875 110.3000030517578125 109.7312469482421875 108.68125152587890625 106.8937530517578125 105.56874847412109375 104.375 102.96250152587890625 101.5187530517578125 100.9250030517578125 99.95000457763671875
180.943756103515625 174.493743896484375 169.024993896484375 163.40625 160.181243896484375 158.5 157.4875030517578125 155.59375 152.4562530517578125 151.6687469482421875 149.4375 145.774993896484375 140.8874969482421875 136.40625 130.181243896484375 124.03125 118.34375 112.47499847412109375 107.3125 103.49375152587890625 100.28125 97.34999847412109375 96.1125030517578125 97.7375030517578125 98.55625152587890625 98.63124847412109375 101.0187530517578125 103.58750152587890625 106.15000152587890625 108.53749847412109375 109.0187530517578125 110.5437469482421875 113.69374847412109375 114.6875 115.21875 115.34375 116.77500152587890625 116.90625 115.77500152587890625 114.46250152587890625 113.1750030517578125 111.6125030517578125 108.1125030517578125 107.4250030517578125
185.881256103515625 178.9187469482421875 171.8125 165.5812530517578125 161.274993896484375 158.2687530517578125 156.0124969482421875 154.1750030517578125 151.431243896484375 149.3312530517578125 146.412506103515625 141.9812469482421875 138.5437469482421875 133.2624969482421875 127.6437530517578125 124.11875152587890625 120.6687469482421875 112.6687469482421875 107.49375152587890625 104.0749969482421875 101.3874969482421875 98.9562530517578125 97.8625030517578125 99.55625152587890625 99.50624847412109375 100.4375 102.78749847412109375 106.00624847412109375 109.66249847412109375 110.53749847412109375 110.4375 111.75 114.6875 117.49375152587890625 120.9187469482421875 121.77500152587890625 125.16249847412109375 127.5625 127.4562530517578125 126.00624847412109375 121.59375 117.3125 115.25624847412109375 115.0437469482421875
189.274993896484375 182.2312469482421875 172.962493896484375 165.931243896484375 160.7375030517578125 157.868743896484375 155.506256103515625 153.15625 149.96875 146.818756103515625 143.3937530517578125 140.181243896484375 136.4250030517578125 131.756256103515625 127.99375152587890625 123.56874847412109375 119.05625152587890625 113.3312530517578125 107.6062469482421875 104.1374969482421875 102.18125152587890625 100.6687469482421875 98.8562469482421875 99.78125 101.1374969482421875 103.1125030517578125 104.9812469482421875 107.3562469482421875 109.65000152587890625 111.53749847412109375 113.15000152587890625 115.0812530517578125 117.91249847412109375 121.25 125.71875 128.4562530517578125 133.212493896484375 138.5250091552734375 136.631256103515625 137.9812469482421875 135.90625 130.149993896484375 125.33750152587890625 124.11875152587890625
188.71875 182.368743896484375 175.0500030517578125 166.375 161.40625 158.743743896484375 154.681243896484375 151.618743896484375 148.649993896484375 145.7062530517578125 141.881256103515625 138.287506103515625 136.8312530517578125 131.881256103515625 127.4875030517578125 122.99375152587890625 119.8625030517578125 114.65000152587890625 109.09375 106.41249847412109375 104.3000030517578125 103.21250152587890625 101.78125 102.1687469482421875 102.97499847412109375 105.0500030517578125 106.7375030517578125 108.63124847412109375 110.84999847412109375 111.6062469482421875 114.6062469482421875 117.5437469482421875 120.63124847412109375 126.36875152587890625 131.587493896484375 133.975006103515625 139.9812469482421875 147.381256103515625 149.1125030517578125 150.725006103515625 148.818756103515625 141.8312530517578125 135.681243896484375 132.4812469482421875
188.96875 180.868743896484375 173.212493896484375 166.350006103515625 162.9562530517578125 158.600006103515625 154.625 151.306243896484375 148.524993896484375 144.806243896484375 141.3562469482421875 137.524993896484375 133.7312469482421875 130.787506103515625 128.0187530517578125 125.7062530517578125 121.71875 117.0437469482421875 113.125 111.3000030517578125 109.4499969482421875 106.1374969482421875 104.6875 104.3249969482421875 106.5124969482421875 106.59375 107.43125152587890625 110.2937469482421875 112.24375152587890625 113.6750030517578125 116.8625030517578125 119.03749847412109375 123.3312530517578125 129.25 134.6875 138.118743896484375 144.631256103515625 151.21875 154.350006103515625 157.287506103515625 157.9749908447265625 151.1125030517578125 145.3312530517578125 140.693756103515625
182.375 176.600006103515625 169.212493896484375 163.774993896484375 160.524993896484375 156.837493896484375 153.8000030517578125 149.618743896484375 146.556243896484375 142.3874969482421875 142.59375 137.4875030517578125 134.28125 133.631256103515625 130.8562469482421875 129.3249969482421875 126.24375152587890625 123.625 120.125 118.2062530517578125 115.1062469482421875 111.40000152587890625 107.91249847412109375 107.44374847412109375 108.7687530517578125 108.09999847412109375 108.80625152587890625 110.99375152587890625 112.9250030517578125 116.2312469482421875 118.80625152587890625 121.65625 125.31874847412109375 131.162506103515625 137.524993896484375 141.212493896484375 146.6062469482421875 151.024993896484375 154.693756103515625 159.787506103515625 161.6999969482421875 156.7624969482421875 152.6875 148.225006103515625
173.5187530517578125 170.2624969482421875 165.725006103515625 161.3249969482421875 157.8000030517578125 154.5187530517578125 152.181243896484375 148.6062469482421875 144.631256103515625 142.037506103515625 140.1750030517578125 138.9875030517578125 136.037506103515625 133.125 132.5124969482421875 131.4250030517578125 130.9562530517578125 129.4562530517578125 127.4812469482421875 125.5749969482421875 121.7624969482421875 116.6875 112.1750030517578125 110.25 109.69374847412109375 108.69374847412109375 109.2312469482421875 111.1062469482421875 112.55625152587890625 116.05625152587890625 119.84999847412109375 123.4812469482421875 127.56874847412109375 132.7062530517578125 138.931243896484375 145.118743896484375 148.537506103515625 152.1687469482421875 156.5625 160.15625 162.375 161.5500030517578125 160.287506103515625 157.3000030517578125
166 163.9562530517578125 161.0749969482421875 158.8625030517578125 156.399993896484375 152.568756103515625 150.8312530517578125 147.662506103515625 142.75 140.493743896484375 140.256256103515625 140.4875030517578125 138.162506103515625 135.868743896484375 135.537506103515625 135.6062469482421875 135.243743896484375 133.806243896484375 134.475006103515625 132.4499969482421875 128.6999969482421875 122.69374847412109375 116.03125 112.6999969482421875 110.0187530517578125 109.46250152587890625 110.3874969482421875 111.24375152587890625 112.46875 115.81874847412109375 119.90625 123.3312530517578125 127.90625 133.3125 138.5749969482421875 142.9875030517578125 147.78125 153.8562469482421875 157.1125030517578125 161.40625 161.693756103515625 160.7937469482421875 162.618743896484375 160.443756103515625
157.1437530517578125 155.056243896484375 153.662506103515625 152.274993896484375 150.5 148.09375 145.225006103515625 143.8874969482421875 140.25 137.65625 138.3000030517578125 138.774993896484375 139.0812530517578125 138.618743896484375 138.3312530517578125 138.7312469482421875 138.181243896484375 138.3937530517578125 139.4375 139.4875030517578125 133.84375 127.1437530517578125 118.9499969482421875 114.22499847412109375 111.5124969482421875 110.037506103515625 110.00624847412109375 110.97499847412109375 112.25624847412109375 115.125 119.2375030517578125 123.1062469482421875 126.59999847412109375 131.6687469482421875 136.381256103515625 139.5187530517578125 146.1125030517578125 150.8000030517578125 153.774993896484375 157.037506103515625 159.556243896484375 158.625 158.5999908447265625 158.09375
148.243743896484375 147.056243896484375 145.7687530517578125 144.2687530517578125 144.3874969482421875 142.7062530517578125 141.21875 139.90625 137.618743896484375 134.34375 136.7624969482421875 142.274993896484375 143.25 142.71875 142.6999969482421875 141.725006103515625 141.4250030517578125 140.6062469482421875 140.774993896484375 140.2937469482421875 136.1875 127.70624542236328125 119.84375 114.36875152587890625 111.2937469482421875 109.78125 109.11875152587890625 109.40000152587890625 110.59999847412109375 113.90625 117.59999847412109375 121.65625 125.76250457763671875 130.443756103515625 134.7375030517578125 138.59375 143.6750030517578125 148.774993896484375 150.4375 152.2937469482421875 154.243743896484375 153.243743896484375 154.5124969482421875 155.375
139.7249908447265625 139.662506103515625 139.09375 137.618743896484375 138.34375 138.225006103515625 137.9499969482421875 138.0124969482421875 137.256256103515625 134.7312469482421875 145.2687530517578125 150.024993896484375 148.975006103515625 147.256256103515625 146.225006103515625 145.1687469482421875 142.1062469482421875 141.1750030517578125 139.2624969482421875 136.818756103515625 133.5625 126.0812530517578125 119.1875 113.625 110.00624847412109375 107.8562469482421875 107.875 108.4499969482421875 109.53125 112.875 114.75624847412109375 118.3312530517578125 122.5625 128.5500030517578125 133.2375030517578125 134.631256103515625 139.0437469482421875 143.25 147.09375 149.5437469482421875 149.1374969482421875 151.1437530517578125 149.8000030517578125 149.693756103515625
