data/historical-monthly-weather-data/wc2.1_cruts4.09_10m_prec_1980-03.asc
ncols        51
nrows        45
xllcorner    -63.500000000000
yllcorner    -7.500000000000
cellsize     0.166666666667
NODATA_value -9999
[rows 0 to 19 of 45, columns 0 to 44 of 51]
297.26251220703125 303.193756103515625 297.29376220703125 298.225006103515625 295.243743896484375 287.20623779296875 273.54376220703125 259.66876220703125 245.431243896484375 235.8249969482421875 230.9375 227.4250030517578125 224.037506103515625 217.662506103515625 213.193756103515625 208.6374969482421875 206.65625 202.09375 200.368743896484375 198.337493896484375 198.3125 197.4375 197.537506103515625 197.806243896484375 200.306243896484375 203.34375 210.1687469482421875 220.8000030517578125 230.631256103515625 236.600006103515625 246.337493896484375 253.6812591552734375 262.70001220703125 274.1875 285.100006103515625 295.125 303.868743896484375 313.13751220703125 322.59375 330.38751220703125 338.524993896484375 345.66876220703125 350.98126220703125 357.21875 358.26873779296875
311.462493896484375 320.037506103515625 323.96875 328.368743896484375 330.34375 321.04376220703125 306.225006103515625 292.95001220703125 281.01873779296875 270.350006103515625 263.074981689453125 256.318756103515625 249.837493896484375 241.912506103515625 235.162506103515625 229.162506103515625 224.881256103515625 221.5 218.337493896484375 215.5749969482421875 214.65625 213.59375 213.568756103515625 213.225006103515625 213.4749908447265625 214.9499969482421875 220.587493896484375 230.375 238.5062408447265625 243.9875030517578125 251.0812530517578125 259.64373779296875 267.068756103515625 279.368743896484375 288.131256103515625 298.725006103515625 309.10626220703125 318.29376220703125 327.13751220703125 334.043731689453125 342.45001220703125 348.73126220703125 353.25 358.20623779296875 359.57501220703125
319.29376220703125 330.4375 338.024993896484375 344.86248779296875 347.493743896484375 339.53125 330.431243896484375 321.850006103515625 311.34375 301.91876220703125 291.04376220703125 281.087493896484375 272.89373779296875 263.931243896484375 255.962493896484375 249.9875030517578125 244.4250030517578125 240.875 236.65625 232.993743896484375 231.2937469482421875 229.725006103515625 227.2687530517578125 225.787506103515625 224.59375 222.96875 227.662506103515625 235.662506103515625 241.475006103515625 245.375 252.09375 259.38751220703125 267.931243896484375 277.743743896484375 289.57501220703125 298.643768310546875 310.20623779296875 322.26873779296875 330.84375 339.20001220703125 347.35626220703125 352.149993896484375 355.475006103515625 358.337493896484375 360.86248779296875
322.76873779296875 337.287506103515625 350.412506103515625 358.162506103515625 362.63751220703125 356.11248779296875 350.76873779296875 346.662506103515625 340.64373779296875 332.1875 319.4375 305.54376220703125 293.67498779296875 283.0625 275.09375 268.318756103515625 263.84375 260.568756103515625 256.41876220703125 251.7312469482421875 249.587493896484375 245.506256103515625 239.962493896484375 236.368743896484375 233.0625 229.5 232.7687530517578125 237.0749969482421875 241.181243896484375 244.9812469482421875 249.0749969482421875 256.837493896484375 265.100006103515625 274.84375 286.181243896484375 298.33123779296875 311.59375 325.100006103515625 335.76251220703125 343.875 350.274993896484375 354.96875 357.618743896484375 358.59375 360.600006103515625
335.53125 348.149993896484375 357.51251220703125 368.11248779296875 374.39373779296875 370.181243896484375 365.462493896484375 364.60626220703125 363.61248779296875 359.1875 344.11248779296875 325.78125 312.16876220703125 302.60626220703125 293.225006103515625 287.118743896484375 282.006256103515625 279.725006103515625 274.23126220703125 268.0625 264.868743896484375 258.38751220703125 252.149993896484375 246.9875030517578125 241.149993896484375 235.743743896484375 235.8125 238.149993896484375 242.681243896484375 243.537506103515625 247.5124969482421875 252.2312469482421875 262.306243896484375 273.037506103515625 284.524993896484375 298.0625 312.15625 326.1875 338.04998779296875 345.787506103515625 353.48126220703125 355.693756103515625 356.725006103515625 357.88751220703125 357.943756103515625
347.01873779296875 360.4375 371.6875 377.64373779296875 378.61248779296875 374.681243896484375 369.756256103515625 367.306243896484375 367.537506103515625 366.03125 348.306243896484375 330.45623779296875 319.53125 309.875 302.45001220703125 297.13751220703125 293.13751220703125 290.662506103515625 286.5 279.92498779296875 274.618743896484375 267.91876220703125 260.787506103515625 253.537506103515625 246.1999969482421875 240.431243896484375 239.6999969482421875 240.131256103515625 241.806243896484375 242.8000030517578125 244.587493896484375 248.5437469482421875 256.39373779296875 268.8125 281.26251220703125 294.131256103515625 309.918731689453125 324.350006103515625 336.375 345.931243896484375 351.662506103515625 353.79998779296875 354.36248779296875 354.46875 353.32501220703125
355.89373779296875 368.09375 377.21875 379.35626220703125 376.46875 369.95001220703125 363.29998779296875 356.07501220703125 349.399993896484375 342.625 335.07501220703125 325.45001220703125 318.64373779296875 312.243743896484375 307.337493896484375 303.368743896484375 300.40625 297.04998779296875 292.76873779296875 289.36248779296875 282.368743896484375 275.625 267.193756103515625 259.006256103515625 250.9375 243.318756103515625 241.899993896484375 241.03125 239.9812469482421875 238.787506103515625 241.3874969482421875 243.7624969482421875 251.037506103515625 260.987518310546875 273.131256103515625 287.274993896484375 302.20623779296875 317.13751220703125 332.399993896484375 340.71875 343.61248779296875 345.89373779296875 346.20001220703125 346.274993896484375 347.225006103515625
359.5625 369.92498779296875 375.04998779296875 376.625 374.89373779296875 366.443756103515625 353.54998779296875 337.60626220703125 322.57501220703125 316.29998779296875 317.6875 316.71875 315.90625 313.63751220703125 310.59375 308.274993896484375 304.51873779296875 300.29376220703125 297 294.42498779296875 288.337493896484375 281.162506103515625 272.67498779296875 263.1875 255.462493896484375 245.78125 242.2687530517578125 240.2062530517578125 237.162506103515625 234.912506103515625 235.1062469482421875 238.5812530517578125 244.5437469482421875 253.4812469482421875 264.506256103515625 278.04376220703125 292.868743896484375 307.381256103515625 321.256256103515625 329.024993896484375 332.95001220703125 334.90625 335.23748779296875 335.04998779296875 334.975006103515625
362.181243896484375 370.5 375.21875 376.45623779296875 373.4375 363.82501220703125 349.58123779296875 330.90625 308.60626220703125 298.5625 305.875 310.181243896484375 313.39373779296875 311.899993896484375 310.90625 310.21875 307.39373779296875 302.806243896484375 300.493743896484375 297.375 288.475006103515625 282.125 273.350006103515625 267.868743896484375 259.774993896484375 248.6999969482421875 242.6437530517578125 238.568756103515625 236.09375 233.0124969482421875 233.3874969482421875 236.600006103515625 242.024993896484375 249.443756103515625 258.443756103515625 271.649993896484375 286.881256103515625 300.20001220703125 312.787506103515625 319.88751220703125 323.912506103515625 325.38751220703125 326.0625 325.53125 322.850006103515625
364.60626220703125 371.01251220703125 374.10626220703125 374.63751220703125 372.48126220703125 363.39373779296875 350.774993896484375 334.225006103515625 316.399993896484375 307.243743896484375 308.48126220703125 309.131256103515625 311.818756103515625 311.600006103515625 311.306243896484375 311.78125 310.712493896484375 305.618743896484375 301.681243896484375 297.506256103515625 288.20623779296875 281.693756103515625 275.306243896484375 272.29998779296875 262.412506103515625 250.5812530517578125 243.881256103515625 238.537506103515625 234.1999969482421875 230.3125 229.9250030517578125 234.1750030517578125 239.8625030517578125 247.1687469482421875 254.9250030517578125 266.475006103515625 279.818756103515625 292.743743896484375 304.631256103515625 312.412506103515625 317.056243896484375 318.743743896484375 317.08123779296875 312.493743896484375 310.193756103515625
366.39373779296875 371.681243896484375 372.912506103515625 373.368743896484375 372.462493896484375 365.51873779296875 354.9375 340.162506103515625 326.64373779296875 318.75 315.399993896484375 314.17498779296875 313.668731689453125 313.83123779296875 313.962493896484375 314.131256103515625 313.16876220703125 307.54376220703125 301.34375 295.9375 288.087493896484375 281.42498779296875 277.29376220703125 272.79998779296875 266.26873779296875 251.850006103515625 244.0625 239.5812530517578125 234.0187530517578125 228.84375 229.0124969482421875 232.21875 236.9250030517578125 243.287506103515625 250.5812530517578125 260.61248779296875 272.20001220703125 284.07501220703125 295.4375 304.5 309.375 309.34375 305.681243896484375 299.95001220703125 296.725006103515625
366.26873779296875 371.23748779296875 372.26873779296875 373.625 371.96875 367.524993896484375 360.100006103515625 348.225006103515625 336.86248779296875 328.29376220703125 323.0625 320.33123779296875 318.26873779296875 317.75 319.712493896484375 319.443756103515625 315.693756103515625 308.25 301.14373779296875 294.149993896484375 283.63751220703125 277.306243896484375 275.087493896484375 275.6875 267.881256103515625 249.5500030517578125 241.024993896484375 236.6062469482421875 233.537506103515625 231.2937469482421875 229.4499969482421875 230.993743896484375 234.631256103515625 239.9250030517578125 246.0625 257.024993896484375 269.08123779296875 280.756256103515625 291.46875 301.712493896484375 307.649993896484375 305.51251220703125 297.9375 286.568756103515625 279.399993896484375
365.625 369.79376220703125 371.35626220703125 371.59375 371.100006103515625 368.412506103515625 362.01251220703125 353.337493896484375 343.15625 336.14373779296875 331.931243896484375 328.76251220703125 327.399993896484375 324.38751220703125 324.806243896484375 323.443756103515625 318.39373779296875 310.524993896484375 303.225006103515625 293.71875 279.100006103515625 271.381256103515625 267.85626220703125 266.57501220703125 254.6687469482421875 239.4499969482421875 236.4812469482421875 234.75 233.46875 232.5 231.21875 230.4812469482421875 232.3249969482421875 236.5812530517578125 242.0500030517578125 251.912506103515625 263.95623779296875 275.91876220703125 287.899993896484375 299.73748779296875 307.556243896484375 302.98748779296875 287.91876220703125 273.03125 262.66876220703125
363.162506103515625 367.600006103515625 368.84375 369.131256103515625 369.73126220703125 365.90625 361.98748779296875 357.14373779296875 350.51873779296875 344.193756103515625 339.368743896484375 336.962493896484375 334.9375 333.70001220703125 329.25 327.131256103515625 321.23748779296875 312.037506103515625 303.45623779296875 294.287506103515625 280.83123779296875 269.46875 260.57501220703125 254.962493896484375 244.6125030517578125 234.1687469482421875 232.75 232.2687530517578125 231.818756103515625 231.6875 231.8874969482421875 231.03125 230.337493896484375 232.006256103515625 236.34375 246.6687469482421875 259.337493896484375 270.868743896484375 282.125 292.88751220703125 299.84375 290.350006103515625 276.881256103515625 265.149993896484375 256.33123779296875
360.162506103515625 363.0625 364.61248779296875 366.868743896484375 368.26873779296875 365.09375 363.29376220703125 360.712493896484375 354.92498779296875 349.456268310546875 345.83123779296875 343.45001220703125 341.412506103515625 339.381256103515625 332.17498779296875 328.375 321.662506103515625 313.537506103515625 304.149993896484375 294.587493896484375 281.36248779296875 267.850006103515625 255.7062530517578125 249.212493896484375 241.756256103515625 235.037506103515625 233.8937530517578125 233.5187530517578125 233.7937469482421875 234.287506103515625 232.75 230.9187469482421875 229.8625030517578125 227.7687530517578125 229.243743896484375 240.537506103515625 254.1062469482421875 265.337493896484375 272.225006103515625 276.5 276.23748779296875 272.23748779296875 267.681243896484375 259.71875 253.2624969482421875
354.337493896484375 357.76873779296875 360.375 363.20623779296875 365.556243896484375 365.45623779296875 363.82501220703125 361.537506103515625 358.912506103515625 355.631256103515625 351.493743896484375 350.10626220703125 348.34375 345.350006103515625 337.79376220703125 330.11248779296875 322.09375 314.03125 304.54376220703125 295.443756103515625 280.73748779296875 265.29998779296875 251.618743896484375 245.2312469482421875 239.2062530517578125 234.6687469482421875 234.475006103515625 235.1687469482421875 236.850006103515625 237.4000091552734375 236.7312469482421875 234.1125030517578125 230.4250030517578125 227.524993896484375 227.1374969482421875 241.912506103515625 253.5500030517578125 258.631256103515625 260.20623779296875 260.71875 258.800018310546875 258.399993896484375 257.26873779296875 253.350006103515625 248.4875030517578125
349.037506103515625 353.45001220703125 355.40625 359.243743896484375 363.15625 363.84375 364.79376220703125 363.79998779296875 361.95623779296875 359.91876220703125 356.193756103515625 355.90625 354.912506103515625 350.600006103515625 343.725006103515625 333.66876220703125 321.60626220703125 311.67498779296875 303.537506103515625 294.09375 278.70001220703125 262.79998779296875 248.875 242.943756103515625 238.4499969482421875 233.743743896484375 234.306243896484375 236.306243896484375 237.9499969482421875 240.1437530517578125 240.5124969482421875 238.337493896484375 234.899993896484375 234.375 242.1875 253.8125 257.98748779296875 256.59375 252.399993896484375 248.59375 247.0437469482421875 248.1187591552734375 247.5437469482421875 245.8562469482421875 243.306243896484375
341.73126220703125 347.16876220703125 351.39373779296875 356.85626220703125 361.675018310546875 363.037506103515625 363.95001220703125 364.59375 363.975006103515625 362.29998779296875 359.91876220703125 361.056243896484375 358.681243896484375 355.10626220703125 346.73748779296875 334.618743896484375 321.71875 305.32501220703125 299.649993896484375 290.21875 276.85626220703125 261.475006103515625 247.3812408447265625 241.524993896484375 237.2375030517578125 234.6125030517578125 234.431243896484375 237.412506103515625 240.6687469482421875 243.318756103515625 243.1875 237.5749969482421875 235.2062530517578125 238.2312469482421875 249.7312469482421875 267.149993896484375 262.35626220703125 254.100006103515625 247.118743896484375 243.7375030517578125 240.399993896484375 240.8625030517578125 240.9375 239.5124969482421875 237.3125
333.587493896484375 340.26873779296875 345.256256103515625 351.875 358.85626220703125 362.4375 364.65625 366.01873779296875 365.4375 364.274993896484375 362.318756103515625 360.67498779296875 360.51873779296875 358.17498779296875 346.95623779296875 332.91876220703125 318.193756103515625 301.149993896484375 290.587493896484375 282.212493896484375 271.850006103515625 259.431243896484375 243.0124969482421875 238.100006103515625 235.1875 233.75 234.9375 236.962493896484375 240.8562469482421875 245.0749969482421875 246.318756103515625 238.2937469482421875 231.506256103515625 228.25 234.350006103515625 248.3937530517578125 247.9812469482421875 243.9875030517578125 241.2937469482421875 238.162506103515625 236 235.318756103515625 235.3000030517578125 234.3937530517578125 232.6125030517578125
322.13751220703125 331.162506103515625 337.33123779296875 345.225006103515625 353.95001220703125 360.131256103515625 364.15625 366.712493896484375 366.681243896484375 364.931243896484375 362.40625 360.056243896484375 360.649993896484375 359.975006103515625 345.112518310546875 325.850006103515625 307.493743896484375 295.26873779296875 283.350006103515625 274.21875 262.625 249.7312469482421875 238.7062530517578125 233.8125 231.274993896484375 229.725006103515625 231.618743896484375 234.90625 237.4562530517578125 239.962493896484375 239.46875 233.8937530517578125 221.71875 209.962493896484375 203.931243896484375 214.1687469482421875 226.462493896484375 231.381256103515625 233.493743896484375 233.5812530517578125 231.9812469482421875 230.9875030517578125 231.1125030517578125 230.556243896484375 229.6875
