data/historical-monthly-weather-data/wc2.1_cruts4.09_10m_prec_1980-10.asc
ncols        45
nrows        45
xllcorner    -63.500000000000
yllcorner    -7.500000000000
cellsize     0.166666666667
NODATA_value -9999
[rows 20 to 39 of 45, columns 0 to 43 of 45]
192.21875 198.28125 205.25 211.625 217.162506103515625 220.975006103515625 224.1687469482421875 224.8125 221.6374969482421875 214.6999969482421875 205.7937469482421875 195.9375 186.5250091552734375 176.6999969482421875 171.4875030517578125 167.118743896484375 162.21875 159.287506103515625 160.3000030517578125 160.2312469482421875 159.5187530517578125 160.024993896484375 160.5812530517578125 160.0124969482421875 157.8000030517578125 152.0500030517578125 142 128.21875 115.1750030517578125 105.1875 97.61875152587890625 93.8000030517578125 90.3937530517578125 87.83750152587890625 85.24375152587890625 76.46250152587890625 67.5 60.799999237060546875 55.05625152587890625 49.44374847412109375 43.887500762939453125 39.74375152587890625 35.25624847412109375 31.200000762939453125
183 191.743743896484375 200.681243896484375 208.8562469482421875 216.493743896484375 222.0749969482421875 226.287506103515625 228.6999969482421875 227.256256103515625 219.8874969482421875 209.431243896484375 198.3125 187.962493896484375 179.193756103515625 173.1062469482421875 168.8000030517578125 165.3125 162.90625 162.743743896484375 163.024993896484375 160.306243896484375 159.725006103515625 160.306243896484375 157.875 153.493743896484375 147.506256103515625 139.837493896484375 129.34375 119.65625 112.0749969482421875 105.7624969482421875 101.3937530517578125 96.9875030517578125 93.53125 88.7375030517578125 80.65625 71.34999847412109375 63.1875 56.55625152587890625 50.606250762939453125 44.83750152587890625 40.481250762939453125 36.231250762939453125 32.075000762939453125
176.875 188.3625030517578125 198.9250030517578125 208.2937469482421875 215.875 222.1999969482421875 227.8000030517578125 232.618743896484375 234.34375 225.2687530517578125 213.3874969482421875 200.4812469482421875 190.537506103515625 182.90625 176.649993896484375 171.9375 168.4625091552734375 167.09375 166.475006103515625 165.9375 163.806243896484375 161.59375 160.212493896484375 156.587493896484375 151.0187530517578125 143.225006103515625 137.1437530517578125 130.5500030517578125 122.4499969482421875 116.78125 112.40000152587890625 108.59375 102.96875 98.1062469482421875 92.125 83.55625152587890625 74.1875 65.125 58.081249237060546875 52.47499847412109375 46.731250762939453125 42.174999237060546875 37.731250762939453125 33.299999237060546875
174.34375 187.5187530517578125 199.9812469482421875 208.118743896484375 215.0749969482421875 221.3312530517578125 226.53125 231.993743896484375 233.25 225.318756103515625 213.2062530517578125 201.899993896484375 192.662506103515625 185.40625 180.2937469482421875 176.0437469482421875 173.274993896484375 171.8937530517578125 171.0500030517578125 170.0749969482421875 167.881256103515625 165.943756103515625 162.725006103515625 157.3249969482421875 150.0749969482421875 140.618743896484375 133.225006103515625 128.962493896484375 124.3874969482421875 120.68125152587890625 117.27500152587890625 113.6875 107.78749847412109375 101.8249969482421875 95.38124847412109375 87.06874847412109375 77.66249847412109375 68.15000152587890625 61.0625 54.875 48.9375 44.375 39.825000762939453125 35.21250152587890625
177.712493896484375 189.899993896484375 202.46875 208.412506103515625 214.1750030517578125 219.493743896484375 223.7062530517578125 227.037506103515625 226.881256103515625 221.7624969482421875 213.40625 203.818756103515625 195.7937469482421875 189.181243896484375 184.506256103515625 181.2937469482421875 178.6750030517578125 177.53125 176.6437530517578125 175.774993896484375 173.100006103515625 169.524993896484375 166.5187530517578125 159.59375 151.6750030517578125 143.7375030517578125 136.4375 131.475006103515625 127.05625152587890625 123.9250030517578125 120.7624969482421875 116.71250152587890625 111.28749847412109375 104.84999847412109375 98.34999847412109375 89.65625 80.90625 72.3312530517578125 64.8000030517578125 58.28749847412109375 51.96875 47.21875 42.512500762939453125 38.049999237060546875
183.162506103515625 192.524993896484375 200.350006103515625 207.03125 211.693756103515625 215.975006103515625 219.34375 221.6687469482421875 221.850006103515625 219.15625 211.850006103515625 204.868743896484375 197.868743896484375 192.03125 188.8874969482421875 186.243743896484375 184.53125 183.181243896484375 182.59375 181.6812591552734375 178.8000030517578125 174.78125 171.149993896484375 163.7312469482421875 155.71875 148.0437469482421875 141.381256103515625 135.287506103515625 130.0812530517578125 127.0437469482421875 123.0625 119.7375030517578125 114.4187469482421875 107.71250152587890625 101.3625030517578125 92.72499847412109375 84.11875152587890625 76.0500030517578125 68.6875 61.893749237060546875 55.33750152587890625 50.549999237060546875 45.700000762939453125 41.206249237060546875
189.649993896484375 193.09375 198.5437469482421875 203.34375 206.9875030517578125 211.381256103515625 214.40625 216.6125030517578125 216.274993896484375 213.631256103515625 210.1875 205.15625 199.8000030517578125 195.1875 192.381256103515625 190.837493896484375 188.7624969482421875 188.243743896484375 187.493743896484375 186.4187469482421875 183.7624969482421875 179.7937469482421875 175.8312530517578125 169.4875030517578125 160.743743896484375 152.868743896484375 145.6437530517578125 139.0062408447265625 133.4250030517578125 129.774993896484375 126.46875 122.0812530517578125 116.6437530517578125 110.03125 103.0124969482421875 94.7624969482421875 86.47499847412109375 78.5500030517578125 71.625 65.21875 58.6875 54.168750762939453125 49.55625152587890625 45.012500762939453125
195.2624969482421875 194.65625 197.5500030517578125 200.662506103515625 202.9375 206.743743896484375 210.225006103515625 211.8625030517578125 211.556243896484375 210.4562530517578125 207.868743896484375 204.4187469482421875 201.2312469482421875 197.212493896484375 195.5749969482421875 194.618743896484375 193.7937469482421875 192.524993896484375 192.256256103515625 192.0500030517578125 188.899993896484375 185.0625 182.03125 174.5 165.587493896484375 157.7062530517578125 150.4812469482421875 143.506256103515625 136.524993896484375 132.40625 128.34375 124.15000152587890625 118.34375 111.40000152587890625 104.80625152587890625 96.4250030517578125 87.99375152587890625 80.75 74.05625152587890625 68.13124847412109375 62.49375152587890625 57.987499237060546875 53.06874847412109375 48.96875
200.7624969482421875 197.0812530517578125 197.0749969482421875 198.71875 199.78125 202.243743896484375 204.7062530517578125 206.7624969482421875 207.2249908447265625 207.5625 206.806243896484375 204.6374969482421875 202.225006103515625 199.1687469482421875 198.71875 198.2687530517578125 198.287506103515625 197.337493896484375 196.90625 196.7937469482421875 193.524993896484375 190.337493896484375 187.25 179.2312469482421875 170.09375 162.2937469482421875 154.6999969482421875 147.1062469482421875 140.4499969482421875 135.4187469482421875 130.375 125.7937469482421875 119.61875152587890625 112.49375152587890625 105.7062530517578125 97.6125030517578125 89.3312530517578125 81.8125 75.1374969482421875 69.4250030517578125 64.34375 60.112499237060546875 55.55625152587890625 52.46875
206.5187530517578125 200.8937530517578125 198.9000091552734375 197.6125030517578125 197.493743896484375 198.28125 200.381256103515625 202.725006103515625 204.4124908447265625 204.78125 205.681243896484375 204.149993896484375 203.34375 201.6437530517578125 201.2062530517578125 201.568756103515625 200.84375 200.9562530517578125 200.256256103515625 198.9562530517578125 196.6687469482421875 194.100006103515625 190.818756103515625 182.256256103515625 173.7062530517578125 166.6750030517578125 158.65625 150.5124969482421875 142.875 137.375 132.3874969482421875 127.25624847412109375 120.4562530517578125 113.375 106.05625152587890625 97.7312469482421875 89.22499847412109375 81.72499847412109375 74.28749847412109375 67.9812469482421875 62.74375152587890625 60.09999847412109375 56.84375 54.793750762939453125
211.743743896484375 204.0812530517578125 200.725006103515625 196.743743896484375 195.2624969482421875 196.537506103515625 197.8562469482421875 199.7375030517578125 201.3000030517578125 202.225006103515625 204.337493896484375 204.556243896484375 205.475006103515625 204.868743896484375 203.96875 204.3375091552734375 204.4499969482421875 203.806243896484375 202.912506103515625 201.975006103515625 199.375 197.28125 194.375 185.8000030517578125 177.4437408447265625 169.9375 161.7624969482421875 153.3249969482421875 145.2312469482421875 139.149993896484375 134.1125030517578125 128.568756103515625 121.3125 113.9875030517578125 106.3625030517578125 97.3562469482421875 88.8249969482421875 81.125 73.1875 65.13124847412109375 60.168750762939453125 59.012500762939453125 57.53125 55.8125
215.4375 206.3874969482421875 200.787506103515625 196.850006103515625 195.556243896484375 194.631256103515625 195.1437530517578125 196.6374969482421875 198.350006103515625 200.0625 202.5 204.40625 205.725006103515625 206.712493896484375 207.15625 207.399993896484375 206.5124969482421875 204.912506103515625 205.0812530517578125 204.15625 201.7312469482421875 199.725006103515625 197.225006103515625 188.5437469482421875 180.524993896484375 172.787506103515625 164.350006103515625 155.8249969482421875 147.368743896484375 141.25 135.71875 129.4562530517578125 121.875 114.4875030517578125 106.1062469482421875 97.03749847412109375 88.36875152587890625 80.3625030517578125 71.96250152587890625 64.5 59.893749237060546875 59.31874847412109375 58.262500762939453125 57.25624847412109375
219.943756103515625 210.537506103515625 204.375 200.318756103515625 197.1374969482421875 195.1875 194.193756103515625 194.087493896484375 195.1437530517578125 197.15625 202.46875 204.306243896484375 207.28125 210.024993896484375 210 209.087493896484375 206.9875030517578125 205.625 205.15625 204.2062530517578125 201.6875 199.600006103515625 196.743743896484375 189.3000030517578125 181.712493896484375 174.399993896484375 166.1374969482421875 157.3937530517578125 149.1750030517578125 143.46875 137.59375 131.2062530517578125 122.21250152587890625 114.4250030517578125 106.53125 97.90000152587890625 88.68125152587890625 79.80625152587890625 72.40625 66.875 62.625 61.63124847412109375 60.737499237060546875 59.674999237060546875
222.8937530517578125 214.4499969482421875 208.6125030517578125 203.9875030517578125 198.71875 195.850006103515625 193.475006103515625 192.118743896484375 191.6437530517578125 193.6999969482421875 197.931243896484375 203.506256103515625 209.6125030517578125 211.568756103515625 211.868743896484375 210.0124969482421875 207.4499969482421875 206.193756103515625 204.4875030517578125 203.962493896484375 201.243743896484375 198.774993896484375 195.931243896484375 188.4250030517578125 182.100006103515625 175.5124969482421875 167.037506103515625 158.5250091552734375 150.837493896484375 144.9375 139.368743896484375 133.125 124.1875 115.03749847412109375 107.0625 98.1062469482421875 88.44374847412109375 79.43125152587890625 73.4812469482421875 69 64.84375 63.75624847412109375 63.21250152587890625 62.34999847412109375
225.412506103515625 218.350006103515625 211.475006103515625 206.4250030517578125 200.381256103515625 196.306243896484375 192.493743896484375 190.1750030517578125 187.693756103515625 189.0749969482421875 194.2062530517578125 201.899993896484375 210.4187469482421875 214.9875030517578125 212.9499969482421875 210.287506103515625 207.381256103515625 205.7375030517578125 204.131256103515625 202.493743896484375 200.0812530517578125 197.0749969482421875 194.1687469482421875 187.0749969482421875 181.4375 175.625 167.8937530517578125 160.274993896484375 152.837493896484375 146.587493896484375 140.6437530517578125 134.649993896484375 125.41249847412109375 116.34375 107.36875152587890625 97.7312469482421875 88 79.7937469482421875 74.75624847412109375 70.7062530517578125 67.09999847412109375 65.71875 65.1750030517578125 64.31874847412109375
225.756256103515625 219.4875030517578125 213.8249969482421875 207.875 202.037506103515625 197.5500030517578125 192.287506103515625 188.193756103515625 184.3562469482421875 183.8562469482421875 189.6999969482421875 198.7687530517578125 209.024993896484375 213.9499969482421875 212.399993896484375 209.100006103515625 205.3562469482421875 203.8937530517578125 202.318756103515625 200.2062530517578125 197.8125 195.118743896484375 190.962493896484375 184.8874969482421875 179.712493896484375 174.2312469482421875 167.2375030517578125 160.6374969482421875 154.006256103515625 148.2062530517578125 142.100006103515625 135.9562530517578125 126.80625152587890625 118.22499847412109375 108.84999847412109375 99.47499847412109375 91.5749969482421875 83.6687469482421875 78.96875 75.0500030517578125 71.75 70.3249969482421875 68.8125 68.00624847412109375
225.90625 220.6875 215.4187469482421875 209.9875030517578125 204.3937530517578125 198.7624969482421875 192.4375 186.7687530517578125 181.0749969482421875 177.0124969482421875 184.15625 198.125 206.75 210.1187591552734375 209.6062469482421875 206.806243896484375 202.506256103515625 201.1374969482421875 199.03125 196.475006103515625 193.818756103515625 190.725006103515625 187.3249969482421875 181.5999908447265625 176.756256103515625 172.256256103515625 166.1750030517578125 160.71875 155.5 149.6062469482421875 143.787506103515625 136.9875030517578125 128.84375 120.36875152587890625 110.58750152587890625 102.80625152587890625 95.4875030517578125 88.69374847412109375 84.11875152587890625 80.0124969482421875 76.59375 74.38124847412109375 72.875 72.0500030517578125
226.8562469482421875 222.600006103515625 217.46875 212.431243896484375 207.3249969482421875 201.0187530517578125 195.2062530517578125 188.899993896484375 182.9250030517578125 176.256256103515625 188.524993896484375 202.0437469482421875 206.9812469482421875 208.9875030517578125 207.587493896484375 204.3937530517578125 199.6062469482421875 197.8249969482421875 195.8125 192.65625 189.381256103515625 185.3125 181.850006103515625 176.71875 173.34375 169.8562469482421875 164.649993896484375 160.4499969482421875 156.28125 150.9562530517578125 144.5124969482421875 138.4187469482421875 130.8000030517578125 122.2937469482421875 113.5500030517578125 106.11875152587890625 100.0749969482421875 93.71250152587890625 89.81874847412109375 86.0124969482421875 81.7312469482421875 79.5812530517578125 77.3249969482421875 75.84375
232.0437469482421875 227.25 222.3874969482421875 217.125 211.618743896484375 205.2375030517578125 199.443756103515625 195.4562530517578125 192.125 195.087493896484375 207.318756103515625 209.8000030517578125 209.037506103515625 208.475006103515625 207.03125 203.868743896484375 199.0812530517578125 196.368743896484375 192.806243896484375 189.506256103515625 184.649993896484375 180.024993896484375 176.5187530517578125 172.225006103515625 168.8937530517578125 166.743743896484375 163.46875 160.875 157.681243896484375 152.9812469482421875 148.287506103515625 142.850006103515625 135.743743896484375 128.2312469482421875 121.5 115.4250030517578125 109.0124969482421875 103.22499847412109375 99.28749847412109375 94.27500152587890625 90.30625152587890625 88.08750152587890625 85.5437469482421875 84.0187530517578125
238.4250030517578125 233.1999969482421875 228.3000030517578125 223.024993896484375 216.84375 211.431243896484375 205.5812530517578125 203.006256103515625 201.6125030517578125 204.59375 209.4499969482421875 211.78125 211.2375030517578125 209.1374969482421875 207.5187530517578125 203.662506103515625 199.0625 195.5437469482421875 190.587493896484375 185.46875 179.8625030517578125 174.46875 170.21875 166.6875 165.0437469482421875 163.537506103515625 161.7312469482421875 160.912506103515625 159.318756103515625 155.75 151.5500030517578125 147.806243896484375 143.243743896484375 137.024993896484375 131.787506103515625 125.5625 119.0437469482421875 113.43125152587890625 109.4812469482421875 103.5749969482421875 98.9812469482421875 96.90625 94.25 92.6062469482421875
