data/historical-monthly-weather-data/wc2.1_cruts4.09_10m_prec_2011-11.asc
ncols        45
nrows        45
xllcorner    -63.500000000000
yllcorner    -7.500000000000
cellsize     0.166666666667
NODATA_value -9999
[rows 0 to 19 of 45, columns 0 to 43 of 45]
91.0187530517578125 88.0749969482421875 87.59375 89.6062469482421875 91.8000030517578125 97.30625152587890625 102.56874847412109375 107.93125152587890625 114.59999847412109375 120.84999847412109375 126.96875 131.225006103515625 135.462493896484375 137.28125 138.756256103515625 139.4375 140.0625 137.6999969482421875 135.40625 133.8187408447265625 131.9749908447265625 130.006256103515625 128.412506103515625 124.25 120.5749969482421875 117.27500152587890625 113.34375 109.28749847412109375 105.0124969482421875 101.2375030517578125 98.0124969482421875 95.49375152587890625 92.6125030517578125 90.375 88.00624847412109375 87.22499847412109375 86.875 86.28749847412109375 86.28125 86.52500152587890625 86.13124847412109375 86.55625152587890625 86.0187530517578125 85.6125030517578125
91.49375152587890625 87.09999847412109375 86.90000152587890625 88.44374847412109375 91.1687469482421875 96.78749847412109375 102.1437530517578125 108.91249847412109375 116.61875152587890625 123.58750152587890625 130.375 134.4812469482421875 137.8937530517578125 140.5625 141.337493896484375 142.868743896484375 142.756256103515625 140.693756103515625 138.056243896484375 136.2312469482421875 133.818756103515625 131.4499969482421875 129.6687469482421875 126.33750152587890625 121.52500152587890625 117.53125 113.61875152587890625 109.09999847412109375 104.84999847412109375 101.02500152587890625 97.81874847412109375 95.28125 91.7624969482421875 90.09999847412109375 88.09999847412109375 87.1875 86.68125152587890625 86.00624847412109375 85.84375 86.0625 86.125 86.2312469482421875 86.1875 85.0500030517578125
95.4812469482421875 91.69374847412109375 92.0500030517578125 93.7687530517578125 97.19374847412109375 102.55625152587890625 109.25624847412109375 116.08750152587890625 124.5437469482421875 131.774993896484375 137.5124969482421875 140.6750030517578125 143.493743896484375 145.256256103515625 145.4375 145.7375030517578125 145.9499969482421875 144.59375 142.037506103515625 140.4375 138.125 135.625 133.600006103515625 129.9812469482421875 125.13124847412109375 120.31874847412109375 115.6999969482421875 111.00624847412109375 105.91249847412109375 101.66249847412109375 99.03125 96.19374847412109375 94.125 92.1062469482421875 90.44374847412109375 89.08750152587890625 88.21250152587890625 88.18125152587890625 88.11875152587890625 88.4562530517578125 88.3562469482421875 88.0749969482421875 87.90625 87.28749847412109375
98.07500457763671875 94.72499847412109375 97.06874847412109375 99.53749847412109375 103.84375 109.33750152587890625 115.77500152587890625 123.65625 133.25 141.1125030517578125 145.6875 147.2937469482421875 148.787506103515625 149.462493896484375 149.2687530517578125 149.274993896484375 149.5625 148.125 146.662506103515625 146.3125 144.1999969482421875 141.3625030517578125 138.1374969482421875 133.4250030517578125 128.2062530517578125 123.1374969482421875 117.96250152587890625 111.625 106.55625152587890625 102.99375152587890625 100.09375 97.7624969482421875 95.08750152587890625 93.2312469482421875 91.58750152587890625 91.3249969482421875 90.9250030517578125 90.53749847412109375 90.6374969482421875 90.7624969482421875 89.86875152587890625 90.21875 89.4562530517578125 88.6999969482421875
103.4187469482421875 99.15000152587890625 99.09375 103.2375030517578125 109.5124969482421875 115.49375152587890625 122.08750152587890625 130.7062530517578125 141.837493896484375 151.149993896484375 153.087493896484375 151.931243896484375 152.2687530517578125 153.024993896484375 152.681243896484375 152.943756103515625 152.8312530517578125 152.587493896484375 151.71875 150.681243896484375 149.6999969482421875 146.649993896484375 143.2375030517578125 138.5625 131.506256103515625 125.49375152587890625 118.11875152587890625 112.375 107.5124969482421875 103.0749969482421875 100.1750030517578125 97.9562530517578125 95.85625457763671875 94.50624847412109375 93.40625 93.28125 93.1875 93.16249847412109375 93.69374847412109375 92.7062530517578125 91.93125152587890625 91.49375152587890625 90.9812469482421875 90.3562469482421875
107.9250030517578125 104.59999847412109375 104.6687469482421875 105.6374969482421875 112.83750152587890625 121.40000152587890625 129.337493896484375 137.7062530517578125 148.225006103515625 157.993743896484375 158.537506103515625 156.75 157.1999969482421875 157.65625 156.96875 156.625 156.9562530517578125 157.28125 157.806243896484375 156.7062530517578125 154.7687530517578125 152.1062469482421875 148.399993896484375 141.9375 135.3937530517578125 128.287506103515625 120.63124847412109375 113.86875152587890625 108.3000030517578125 103.6374969482421875 99.90000152587890625 98.75 96.99375152587890625 96.52500152587890625 95.8874969482421875 96.7624969482421875 97.38124847412109375 98.13124847412109375 99.11875152587890625 98.24375152587890625 95.2687530517578125 94.59999847412109375 93.71250152587890625 93.15000152587890625
113.6374969482421875 112.11875152587890625 112.40000152587890625 113.33750152587890625 118.2375030517578125 125.21250152587890625 133.2937469482421875 141.1687469482421875 148.1062469482421875 152.931243896484375 157.1374969482421875 158.1750030517578125 160.087493896484375 161.125 161.412506103515625 161.712493896484375 162.0124969482421875 162.59375 162.53125 163.7375030517578125 161.350006103515625 157.9375 153.806243896484375 146.4187469482421875 139.037506103515625 132.125 123.36875152587890625 115.34999847412109375 107.8937530517578125 103.25624847412109375 100.0749969482421875 98.30625152587890625 97.6125030517578125 98.02500152587890625 98.65000152587890625 99.63124847412109375 100.53125 102.16249847412109375 104.71875 103 98.84999847412109375 97.38124847412109375 96.18125152587890625 95.15000152587890625
120.69374847412109375 119.59375 120.8312530517578125 123.8000030517578125 128.600006103515625 133.912506103515625 137.975006103515625 140.412506103515625 141.9812469482421875 146 153.71875 158.318756103515625 161.743743896484375 163.837493896484375 165.0500030517578125 166.46875 166.975006103515625 167.78125 168.8625030517578125 169.693756103515625 168.6687469482421875 165.3874969482421875 159.7624969482421875 151.618743896484375 144.350006103515625 134.8625030517578125 124.88124847412109375 115.5 107.8625030517578125 102.4250030517578125 98.9250030517578125 97.84375 97.93125152587890625 98.78125 100.1437530517578125 101.21250152587890625 102.9499969482421875 104.18125152587890625 104.7375030517578125 102.84999847412109375 99.2312469482421875 97.6687469482421875 96.15625 94.6750030517578125
127.3874969482421875 127.58750152587890625 130.162506103515625 133.5625 137.84375 142.1750030517578125 145.09375 145.774993896484375 142.21875 142.556243896484375 151.618743896484375 157.9250030517578125 162.912506103515625 165.943756103515625 168.6750030517578125 170.8625030517578125 172.431243896484375 174.7062530517578125 178.6999969482421875 179.962493896484375 176.443756103515625 172.8312530517578125 165.9875030517578125 158.5812530517578125 149.2062530517578125 138.256256103515625 126.5812530517578125 116.8125 108.4562530517578125 101.74375152587890625 98.6125030517578125 98.2312469482421875 97.9875030517578125 98.6437530517578125 99.84999847412109375 101.6125030517578125 103.36875152587890625 104.46250152587890625 104.27500152587890625 103.02500152587890625 99.8937530517578125 97.6374969482421875 96.1750030517578125 94.4875030517578125
134.6437530517578125 135.1437530517578125 138.28125 142.306243896484375 147.131256103515625 151.912506103515625 153.943756103515625 153.6125030517578125 151.75 152.787506103515625 157.5124969482421875 160.693756103515625 165.537506103515625 168.625 171.931243896484375 175.3562469482421875 178.3000030517578125 182.818756103515625 187.7624969482421875 191.71875 187.975006103515625 182.5124969482421875 173.9250030517578125 164.6125030517578125 152.9562530517578125 141.4562530517578125 129.8625030517578125 118.5749969482421875 109.0749969482421875 101.40000152587890625 98.0500030517578125 97.52500152587890625 97.625 98.75 100.22499847412109375 102.2062530517578125 104.27500152587890625 104.90000152587890625 104.6437530517578125 103.41249847412109375 101.0124969482421875 98.68125152587890625 96.0749969482421875 93.3125
142.4250030517578125 143.600006103515625 146.693756103515625 150.975006103515625 155.931243896484375 162.2937469482421875 165.006256103515625 163.6999969482421875 161.875 162.118743896484375 165.3937530517578125 167.0749969482421875 169.506256103515625 171.756256103515625 174.9375 178.649993896484375 183.1062469482421875 189.46875 196.506256103515625 203.28125 203.412506103515625 195.899993896484375 183.9812469482421875 168.9562530517578125 157.3000030517578125 146.6125030517578125 134.46875 122.7375030517578125 111.65625 103.50624847412109375 99.8249969482421875 98.6437530517578125 99.05625152587890625 100.01874542236328125 100.9499969482421875 102.33750152587890625 103.8312530517578125 104.7624969482421875 105.5187530517578125 104.5749969482421875 102.1062469482421875 99.58750152587890625 96.74375152587890625 93.7312469482421875
149.3000030517578125 150.6125030517578125 153.8125 158.9562530517578125 164.193756103515625 170.649993896484375 174.4375 172.8249969482421875 170.65625 170.1687469482421875 171.4375 172.7062530517578125 172.524993896484375 173.8937530517578125 177.2937469482421875 181.350006103515625 186.65625 193.631256103515625 202.725006103515625 212.9875030517578125 216.1750030517578125 208.7937469482421875 194.4375 176.21875 161.6687469482421875 149.662506103515625 137.024993896484375 125.53749847412109375 115.84999847412109375 107.83750152587890625 102.71250152587890625 99.9812469482421875 99.44374847412109375 99.7312469482421875 100.76250457763671875 102.15000152587890625 103.3874969482421875 104.75624847412109375 105.33750152587890625 104.9812469482421875 103.52500152587890625 100.6062469482421875 97.40625 94.1999969482421875
155.9375 157.8000030517578125 161.225006103515625 165.46875 169.912506103515625 175.59375 178.5437469482421875 178.3625030517578125 176.6437530517578125 176.34375 176.5437469482421875 177.5 176.9812469482421875 174.6374969482421875 177.087493896484375 181.631256103515625 187.6687469482421875 196.90625 207.1875 218.0187530517578125 223.6125030517578125 216.975006103515625 201.493743896484375 183.65625 166.125 151.8562469482421875 140.787506103515625 129.3874969482421875 119.88124847412109375 111.99375152587890625 106.0749969482421875 102 99.9375 99.30625152587890625 99.9375 101.2312469482421875 102.6374969482421875 104.00624847412109375 105.50624847412109375 104.8937530517578125 104.47499847412109375 101.9562530517578125 97.24375152587890625 89.8312530517578125
162.1687469482421875 163.1750030517578125 166.4875030517578125 170.3125 174.506256103515625 178.443756103515625 181.2687530517578125 182.4375 182.1312408447265625 181.181243896484375 180.59375 179.006256103515625 177.850006103515625 175.5749969482421875 174.756256103515625 179.2375030517578125 186.162506103515625 195.40625 205.6125030517578125 215.2937469482421875 219.024993896484375 214.2062530517578125 202.8249969482421875 186.537506103515625 170.75 157.024993896484375 146.3625030517578125 135.125 124.7312469482421875 116.04375457763671875 109.53125 104.25 100.8625030517578125 99 99.53125 101.1750030517578125 102.6125030517578125 105.1750030517578125 106.02500152587890625 106.63124847412109375 105.1750030517578125 99.5 93.375 89.28125
165.6437530517578125 166.631256103515625 170.087493896484375 173.9562530517578125 177.8249969482421875 181.3249969482421875 184.6999969482421875 186.34375 185.756256103515625 184.5 183.131256103515625 180.9812469482421875 178.5 175.4124908447265625 171.9250030517578125 175.3000030517578125 182.9187469482421875 192.537506103515625 202.78125 211.787506103515625 214.118743896484375 210.7312469482421875 202.7312469482421875 190 177.5812530517578125 165.4812469482421875 153.9499969482421875 142.0124969482421875 130.8625030517578125 120.69374847412109375 112.6062469482421875 105.8562469482421875 102.0187530517578125 99.59999847412109375 98.83750152587890625 99.99375152587890625 102.50624847412109375 106.15000152587890625 107.3937530517578125 105.56874847412109375 101.16249847412109375 97.3249969482421875 94.46875 92.09375
167.868743896484375 168.837493896484375 172.96875 176.837493896484375 180.881256103515625 184.8125 187.493743896484375 189.2624969482421875 189.65625 189.34375 187.125 184.28125 181.1374969482421875 176.2375030517578125 171.3625030517578125 170.2375030517578125 180.0187530517578125 191.6187591552734375 201.5 209.8000030517578125 212.506256103515625 210.506256103515625 204.1750030517578125 193.8249969482421875 183.649993896484375 174.4499969482421875 163.7062530517578125 150.975006103515625 137.4562530517578125 125.1875 115.6062469482421875 108.03749847412109375 103.15000152587890625 100.6687469482421875 98.38124847412109375 100.56874847412109375 104.09375 105.03749847412109375 104.88124847412109375 102.2687530517578125 99.4812469482421875 97.6750030517578125 95.59999847412109375 91.65625
169.6687469482421875 171.5437469482421875 175.3625030517578125 179.506256103515625 184.15625 188.0124969482421875 191.625 193.462493896484375 194.2312469482421875 193.649993896484375 192.0500030517578125 189.3125 185.40625 180.4875030517578125 176.225006103515625 175.5 180.399993896484375 190.4375 201.3249969482421875 210.28125 212.9812469482421875 211.5437469482421875 206.337493896484375 196.712493896484375 188.7062530517578125 183 174.837493896484375 159.6374969482421875 142.662506103515625 129.0437469482421875 118.8249969482421875 111.99375152587890625 106.06874847412109375 102.47499847412109375 103.24375152587890625 107.09999847412109375 107.90625 109.24375152587890625 108.81874847412109375 104.34375 101.3874969482421875 99.9562530517578125 96.1875 93.7937469482421875
170.2624969482421875 172.399993896484375 177.287506103515625 182.3625030517578125 187.1062469482421875 192.681243896484375 197.256256103515625 199.712493896484375 200.7249908447265625 200.118743896484375 198.4499969482421875 195.774993896484375 190.806243896484375 186.899993896484375 184.6687469482421875 184.1062469482421875 186.6687469482421875 190.6750030517578125 202.975006103515625 212.6062469482421875 216.600006103515625 213.625 208.1374969482421875 200.6437530517578125 194.7687530517578125 190.0625 185.556243896484375 167.3562469482421875 146.5625 129.7687530517578125 118.2375030517578125 111.0437469482421875 108.81874847412109375 109.88124847412109375 111.5812530517578125 110.36875152587890625 111.77500152587890625 112.875 109.71250152587890625 108.1125030517578125 104.51250457763671875 102.05625152587890625 98.84999847412109375 96.2375030517578125
170.181243896484375 173.399993896484375 178.8874969482421875 184.84375 190.8874969482421875 197.1125030517578125 202.2375030517578125 206.34375 208.28125 208.881256103515625 206.837493896484375 203.59375 198.756256103515625 195.2062530517578125 192.46875 192.287506103515625 194.243743896484375 195.9749908447265625 204.0124969482421875 213.993743896484375 220.4562530517578125 220.993743896484375 209.787506103515625 203.475006103515625 198.7687530517578125 193.7937469482421875 185.899993896484375 169.2937469482421875 149.6875 131.1062469482421875 117.28749847412109375 112.9499969482421875 115.86875152587890625 116.66249847412109375 116.1062469482421875 116.75 116.6062469482421875 116.05625152587890625 114.3000030517578125 111.8249969482421875 108.28125 106.86875152587890625 102.55625152587890625 99.1062469482421875
169.65625 173.6875 179.65625 186.6374969482421875 193.6687469482421875 201.2312469482421875 207.899993896484375 213.1374969482421875 216.412506103515625 218.243743896484375 217.912506103515625 215.2687530517578125 210.662506103515625 205.412506103515625 202.53125 200.5625 198.71875 202.993743896484375 209.2937469482421875 217.556243896484375 219.9499969482421875 216.59375 211.868743896484375 205.943756103515625 199.8937530517578125 191.787506103515625 181.25 168.9375 151.3249969482421875 133.5124969482421875 121.67499542236328125 120.5124969482421875 121.69374847412109375 123.4499969482421875 123.96250152587890625 123.2062530517578125 122.7062530517578125 122.09999847412109375 119.36875152587890625 115.90000152587890625 112.25624847412109375 110.02500152587890625 105.875 102.65000152587890625
