data/historical-monthly-weather-data/wc2.1_cruts4.09_10m_prec_2004-06.asc
ncols        45
nrows        45
xllcorner    -63.500000000000
yllcorner    -7.500000000000
cellsize     0.166666666667
NODATA_value -9999
[rows 20 to 39 of 45, columns 0 to 43 of 45]
128.287506103515625 137.806243896484375 142.993743896484375 143.6999969482421875 141.1750030517578125 142.96875 146.6062469482421875 147.412506103515625 148.462493896484375 147.287506103515625 147.2624969482421875 143.493743896484375 137.743743896484375 129.318756103515625 121.3937530517578125 116.19374847412109375 108.5625 106.75 110.5625 110.15625 118.36875152587890625 125.50624847412109375 135.1437530517578125 145.568756103515625 148.162506103515625 144.5 135.256256103515625 137.024993896484375 139.462493896484375 143.3625030517578125 147.1125030517578125 156.993743896484375 151.743743896484375 151.4499969482421875 153.3125 165.774993896484375 176.7375030517578125 179.3625030517578125 171.412506103515625 162.943756103515625 153.1750030517578125 139.8625030517578125 137.881256103515625 139.256256103515625
122.84999847412109375 125.5 133.2624969482421875 138.350006103515625 138.375 138.162506103515625 140.475006103515625 141.0500030517578125 141.5812530517578125 143.6437530517578125 143.3937530517578125 137.78125 131.943756103515625 128.243743896484375 124.4812469482421875 115.71250152587890625 118.375 114.4375 118.5749969482421875 119.4187469482421875 120.875 132.53125 142.2687530517578125 144.712493896484375 143.96875 141.912506103515625 143.4875030517578125 139.5749969482421875 145.8125 149.6062469482421875 147.7062530517578125 144.7375030517578125 143.350006103515625 147.6687469482421875 147.306243896484375 153.3000030517578125 161.75 168.368743896484375 165.1750030517578125 159.1062469482421875 149.787506103515625 140.96875 138.649993896484375 140.6999969482421875
117.99375152587890625 127.71875 134.9250030517578125 139.21875 139.6062469482421875 137.65625 132.493743896484375 131.6875 137.0437469482421875 138.4499969482421875 137.743743896484375 136.7937469482421875 137.287506103515625 135.8874969482421875 131.506256103515625 125.78125 119.90625 117.6125030517578125 120.40625 124.625 132.524993896484375 136.9562530517578125 140.3000030517578125 143.90625 149.8000030517578125 147.8625030517578125 143.399993896484375 142.493743896484375 145.21875 141.1687469482421875 138.40625 138.5812530517578125 135.7062530517578125 135.0062408447265625 140.631256103515625 141.993743896484375 145.8000030517578125 153.03125 156.46875 154.90625 147.3249969482421875 141.318756103515625 138.1437530517578125 136.8312530517578125
110.59375 121.3874969482421875 132.9562530517578125 134.493743896484375 133.743743896484375 131.9187469482421875 133.2937469482421875 132.0124969482421875 131.056243896484375 129.4812469482421875 134.3562469482421875 139.4187469482421875 137.84375 139.0999908447265625 131.6875 126.8312530517578125 122.9187469482421875 125.15000152587890625 126.9499969482421875 129.381256103515625 135.725006103515625 143.65625 145.4187469482421875 154.1437530517578125 153.8249969482421875 149.118743896484375 150.274993896484375 140.75 137.162506103515625 135.1875 131.75 130.7375030517578125 130.256256103515625 127.5437469482421875 131.4375 131.4250030517578125 137.3249969482421875 144.243743896484375 145.78125 144.2375030517578125 140.381256103515625 137.3249969482421875 135.5124969482421875 135.618743896484375
102.2312469482421875 114.3937530517578125 124.28749847412109375 131.4812469482421875 133.2375030517578125 131.4812469482421875 130.7937469482421875 131.618743896484375 129.850006103515625 132.350006103515625 133.118743896484375 134.6437530517578125 137.743743896484375 134.274993896484375 127.99375152587890625 124.40000152587890625 123.3312530517578125 123.43125152587890625 127.19374847412109375 133.0625 139.09375 143.78125 152.712493896484375 158.7062530517578125 153.28125 148.631256103515625 144.056243896484375 138.1750030517578125 132.7125091552734375 130.475006103515625 122.9562530517578125 118.3000030517578125 117.8874969482421875 119.9562530517578125 122.15000152587890625 125.03125 129.431243896484375 132.71875 137.1624908447265625 137.274993896484375 134.9562530517578125 134.3312530517578125 134.868743896484375 131.5500030517578125
98.4562530517578125 112.3000030517578125 116.4562530517578125 123.7687530517578125 125.4562530517578125 125.48749542236328125 124.125 125.53125 121.22499847412109375 120.22499847412109375 125.63124847412109375 127.65625 130.475006103515625 129.4187469482421875 126.79999542236328125 121.3625030517578125 120.98125457763671875 124.77500152587890625 129.2624969482421875 131.3125 138.243743896484375 144.649993896484375 151.8562469482421875 155.243743896484375 154.0437469482421875 146.837493896484375 141.5 135.399993896484375 126.5812530517578125 122.11875152587890625 114.5749969482421875 109.5124969482421875 109.31874847412109375 110.5 112.4812469482421875 118.44374847412109375 123.1374969482421875 124.375 125.96250152587890625 129.7687530517578125 128.4187469482421875 121.3874969482421875 121.4499969482421875 123.15000152587890625
93.1437530517578125 99.66249847412109375 107.3562469482421875 112.7687530517578125 114.6437530517578125 115.8125 115.61875152587890625 112.0625 110.9375 116.41249847412109375 122.2375030517578125 124.1062469482421875 124.44374847412109375 125.3937530517578125 124.7687530517578125 123.6125030517578125 121.28749847412109375 120.8874969482421875 126.40625 128.7375030517578125 132.71875 139.412506103515625 147.84375 156.4000091552734375 149.3000030517578125 142.725006103515625 137.5124969482421875 129.1875 120.78749847412109375 114.77500152587890625 109.69374847412109375 101.8249969482421875 100.8249969482421875 102.6875 105.41249847412109375 109.5812530517578125 116.05625152587890625 117.6062469482421875 117.41249847412109375 122.34375 124 119.6875 115.5 114.7687530517578125
88.7062530517578125 91.03125 96.75 99.15625 101.0812530517578125 104.3249969482421875 105.7624969482421875 104.28749847412109375 105.4875030517578125 111.125 114.75624847412109375 117.69374847412109375 117.93125152587890625 118.11875152587890625 117.58750152587890625 117.0187530517578125 115.74375152587890625 118.4250030517578125 119.33750152587890625 124.10625457763671875 129.4812469482421875 132.818756103515625 142.5500030517578125 145.524993896484375 141.84375 134.912506103515625 129.6374969482421875 121.6374969482421875 116.9375 112.6687469482421875 106.08750152587890625 100.2312469482421875 97.83750152587890625 95.8249969482421875 100.86875152587890625 104.4875030517578125 110.5749969482421875 111.66249847412109375 113.7312469482421875 117.15625 119.1999969482421875 118.7062530517578125 109.4875030517578125 110.53749847412109375
82.125 86.09375 86.53125 87.15625 90.16249847412109375 90.15000152587890625 93.0187530517578125 96.2624969482421875 100.31874847412109375 103.6125030517578125 107.93125152587890625 110.22499847412109375 112.55625152587890625 113.7375030517578125 113.5124969482421875 113.5 114.2062530517578125 114.625 118.0124969482421875 122.375 124.22499847412109375 126.44374847412109375 130.96875 132.618743896484375 130.5812530517578125 124.3249969482421875 122.4499969482421875 118.5124969482421875 112.71875 105.86875152587890625 98.84999847412109375 94.88124847412109375 92.28749847412109375 93.55625152587890625 95.2937469482421875 98.36875152587890625 105.59999847412109375 104.7687530517578125 107.31874847412109375 109.1125030517578125 109.28125 106.8249969482421875 103.81874847412109375 107.7375030517578125
75.77500152587890625 77.16249847412109375 77.8312530517578125 77.65625 79.2624969482421875 82.08750152587890625 84.72499847412109375 90.4375 93.59375 97.9375 102.09375 105.69374847412109375 108.77500152587890625 110.81874847412109375 109.6062469482421875 108.25 108.03125 111.1374969482421875 110.15625 110.06874847412109375 114.93125152587890625 117.58750152587890625 121.19374847412109375 122.5625 119.0187530517578125 118.05625152587890625 114.94374847412109375 110.2937469482421875 105.6999969482421875 98.91249847412109375 93.24375152587890625 89.0749969482421875 88.6999969482421875 90.30625152587890625 93.49375152587890625 94.34375 102.46250152587890625 101.88124847412109375 99.2062530517578125 104.9875030517578125 104.375 101.51874542236328125 101.52500152587890625 99.6374969482421875
70.86875152587890625 70.59999847412109375 70.22499847412109375 70.75 72.1687469482421875 74.7687530517578125 78.9812469482421875 83.5187530517578125 86.77500152587890625 92.0625 96.96250152587890625 99.3312530517578125 104.19374847412109375 102.13124847412109375 102.58750152587890625 105.21875 106.0812530517578125 105.47499847412109375 104.96250152587890625 105.91249847412109375 107.77500152587890625 107.9562530517578125 110.9187469482421875 112.8249969482421875 110.8312530517578125 110.3874969482421875 106.7624969482421875 103.3249969482421875 98.6062469482421875 93.25 91.1687469482421875 87.7312469482421875 86.22499847412109375 85.75 88.18125152587890625 89.52500152587890625 95.5500030517578125 97.38124847412109375 95.27500152587890625 93.24375152587890625 95.2624969482421875 93.0187530517578125 92.46250152587890625 91.9812469482421875
65.65000152587890625 64.9562530517578125 63.731250762939453125 64.96875 67.90000152587890625 70.4875030517578125 73.7937469482421875 77.5625 81.6750030517578125 85.1750030517578125 88.00624847412109375 91.55625152587890625 93.3874969482421875 96.2687530517578125 98.6750030517578125 99.96250152587890625 97.99375152587890625 97.2687530517578125 97.5625 98.7687530517578125 99.80625152587890625 100.97499847412109375 100.72499847412109375 101.4250030517578125 102.36875152587890625 101.0437469482421875 99.2312469482421875 96.4187469482421875 92.08750152587890625 91.59375 88.21250152587890625 84.6374969482421875 84.00624847412109375 83.0187530517578125 84.2375030517578125 84.40625 87.6875 87.24375152587890625 87.9812469482421875 87.58750152587890625 89.83750152587890625 88.4187469482421875 86.625 85.8125
60.66249847412109375 60.08750152587890625 60.31874847412109375 61.543750762939453125 62.331249237060546875 64.96250152587890625 68.15625 72.06874847412109375 74.96250152587890625 78.6437530517578125 84.53125 87.0749969482421875 89.90000152587890625 94.77500152587890625 97.30625152587890625 95.34999847412109375 92.93125152587890625 94.18125152587890625 94.15000152587890625 94.3625030517578125 92.81874847412109375 92.34999847412109375 93.3125 94.15000152587890625 93.8125 93.3249969482421875 91.3562469482421875 88.6125030517578125 86.4375 86.3562469482421875 84.625 80.2937469482421875 80.1750030517578125 81.34375 81.13124847412109375 80.94374847412109375 81.0625 80.5124969482421875 81.0437469482421875 84.0437469482421875 85.80625152587890625 83.9499969482421875 80.6750030517578125 78.9499969482421875
55.768749237060546875 56.081249237060546875 57.71875 58.33750152587890625 58.59999847412109375 60.450000762939453125 63.924999237060546875 66.0124969482421875 68.59375 71.7687530517578125 77.7375030517578125 83.15000152587890625 86.8000030517578125 89.4562530517578125 90.3937530517578125 91.3937530517578125 91.47499847412109375 90.2937469482421875 87.9187469482421875 87.84999847412109375 87.3562469482421875 86.0437469482421875 87.6374969482421875 86.3937530517578125 86.8937530517578125 84.97499847412109375 84.94374847412109375 82.9562530517578125 82.68125152587890625 82.13124847412109375 81.78749847412109375 80.0625 76.77500152587890625 76.34375 77.4875030517578125 77.2312469482421875 76.5187530517578125 75.5187530517578125 76.30625152587890625 77.66249847412109375 77.3000030517578125 77.50624847412109375 75.9499969482421875 70.61875152587890625
52.493747711181640625 51.75 53.96250152587890625 55.78125 56.02500152587890625 56.075000762939453125 57.487499237060546875 60.16249847412109375 63.0625 66.23125457763671875 74.08750152587890625 80.4375 85.0749969482421875 91.1750030517578125 92.1062469482421875 90.58750152587890625 88.2687530517578125 84.5437469482421875 81.96875 78.63124847412109375 80.65000152587890625 78.3125 78.08750152587890625 77.36875152587890625 80.0749969482421875 79.6437530517578125 78.875 76.4562530517578125 75.78749847412109375 75.3874969482421875 76.18125152587890625 76.1875 72.5749969482421875 71.7312469482421875 71.13124847412109375 71.75624847412109375 69.7312469482421875 72.0437469482421875 70.625 71.6374969482421875 71.25624847412109375 69.5 68.8937530517578125 65.8562469482421875
50.393749237060546875 49.506252288818359375 50.75624847412109375 52.418750762939453125 53.24375152587890625 53.75 54.862499237060546875 56.043750762939453125 57.875 60.56874847412109375 65.84375 75.68125152587890625 83.11875152587890625 88.0749969482421875 89.4499969482421875 88.43125152587890625 85.36875152587890625 79.68125152587890625 76.0500030517578125 71.90625 71.4375 72.5625 71.44374847412109375 70.78749847412109375 72.8562469482421875 72.4499969482421875 71.71875 70 70.5812530517578125 70.00624847412109375 69.5500030517578125 69.9375 68.22499847412109375 66.4562530517578125 64.50624847412109375 65.15625 66.5500030517578125 65.58750152587890625 65.4562530517578125 66.78125 66.41249847412109375 64.02500152587890625 62.96875 62.28125
47.018749237060546875 47.97499847412109375 47.862499237060546875 49.481250762939453125 51 51.50624847412109375 52.19374847412109375 53.93125152587890625 55.18125152587890625 54.768749237060546875 61.96250152587890625 74.1062469482421875 82.3125 85.22499847412109375 86.51874542236328125 85.34375 82.9562530517578125 78.13124847412109375 73.6999969482421875 67.33750152587890625 65.43125152587890625 66.99375152587890625 65.69374847412109375 65.65625 65.4499969482421875 65.3249969482421875 66.5625 65.15625 64.0187530517578125 62.65000152587890625 64.3125 63.46250152587890625 62.86875152587890625 62.106250762939453125 60.18125152587890625 60.53125 61.77500152587890625 62.6875 61.13124847412109375 60.36875152587890625 59.762500762939453125 59.5 57.00624847412109375 60.25
43.762500762939453125 44.825000762939453125 45.8125 47.831249237060546875 48.78125 49.700000762939453125 51.11875152587890625 52.59375 54.59375 53.831249237060546875 64.8249969482421875 76.1125030517578125 81.1125030517578125 84.56874847412109375 83.31874847412109375 81.81874847412109375 79.06874847412109375 75.24375152587890625 71.6125030517578125 66.5124969482421875 63.15625 62.387500762939453125 60.106250762939453125 60.24375152587890625 59.50624847412109375 60.65625 61.668750762939453125 60.293750762939453125 59.15625 57.27500152587890625 57.299999237060546875 58.91249847412109375 58.90625 57.09999847412109375 55.643749237060546875 56.293750762939453125 56.90000152587890625 56.799999237060546875 58.72499847412109375 56.84375 55.40625 55.799999237060546875 52.84375 52.293750762939453125
40.362499237060546875 40.78749847412109375 42.33750152587890625 44.231250762939453125 45.91249847412109375 48.4375 49.981250762939453125 52.762500762939453125 56.731250762939453125 65.625 79.3312530517578125 81.9562530517578125 80.68125152587890625 80.5749969482421875 79.0187530517578125 76.375 74.96250152587890625 71.38124847412109375 67.75624847412109375 64.34999847412109375 60.231250762939453125 58.112499237060546875 56.0625 55.59999847412109375 55.41249847412109375 57.043750762939453125 56.81874847412109375 55.15000152587890625 54.19374847412109375 54.03125 54.487499237060546875 54.33750152587890625 53.52500152587890625 53.08750152587890625 53.793750762939453125 52.77500152587890625 53.143749237060546875 52.74375152587890625 51.31874847412109375 50.006252288818359375 50.950000762939453125 51.61875152587890625 50.27500152587890625 49.71875
35.950000762939453125 37.27500152587890625 39.34999847412109375 40.77500152587890625 43.9375 47.36875152587890625 48.612499237060546875 53.56874847412109375 59.03125 67.36875152587890625 73.8000030517578125 78.1999969482421875 78.0625 77.53125 76.25 75.33750152587890625 72.2624969482421875 68.3312530517578125 64.1875 61.25 57.61875152587890625 55.4375 51.65625 51.706249237060546875 50.46250152587890625 50.61875152587890625 51.46875 50.487499237060546875 49.456249237060546875 48.6687469482421875 48.518749237060546875 49.237499237060546875 47.84375 48.90000152587890625 47.77500152587890625 47.731250762939453125 47.799999237060546875 48.612499237060546875 47.50624847412109375 46.575000762939453125 47.950000762939453125 48 45.737499237060546875 44.50624847412109375
