data/historical-monthly-weather-data/wc2.1_cruts4.09_10m_prec_2008-09.asc
ncols        51
nrows        45
xllcorner    -63.500000000000
yllcorner    -7.500000000000
cellsize     0.166666666667
NODATA_value -9999
[rows 0 to 18 of 45, columns 0 to 43 of 51]
199.8125 199.1999969482421875 199.8312530517578125 204.0187530517578125 205.1875 203.8937530517578125 197.3125 188.743743896484375 182.53125 177.0437469482421875 174.037506103515625 172.162506103515625 170.2062530517578125 166.100006103515625 162.71875 158.243743896484375 155.375 149.600006103515625 145.25 139.9187469482421875 135.9875030517578125 130.1437530517578125 125.63124847412109375 121.97499847412109375 117.97499847412109375 116.03125 115.6125030517578125 115.22499847412109375 113.75624847412109375 115.5124969482421875 116.6062469482421875 119.1374969482421875 124.8000030517578125 128.5749969482421875 133.225006103515625 137.34375 143.0124969482421875 148.1500091552734375 149.9562530517578125 151.837493896484375 153.90625 154.15625 152.4812469482421875 151.09375
189.4187469482421875 188.40625 192.568756103515625 200.1374969482421875 208.193756103515625 202.125 193.068756103515625 187.8562469482421875 181.5187530517578125 175.3249969482421875 171.28125 167.9499969482421875 164.8625030517578125 159.3937530517578125 155.443756103515625 152.118743896484375 147.7624969482421875 142.9499969482421875 138.337493896484375 133.7312469482421875 129.375 126.00624847412109375 121.9187469482421875 119.7937469482421875 115.8249969482421875 114.06874847412109375 114.75624847412109375 115.21250152587890625 113.5812530517578125 116.4375 119.49375152587890625 124.34375 129.6875 135.9375 141.7624969482421875 146.693756103515625 153.0749969482421875 159.587493896484375 161.4187469482421875 163.443756103515625 166.024993896484375 166.568756103515625 166.25 163.318756103515625
173.6437530517578125 175.181243896484375 179.912506103515625 188.3562469482421875 195.837493896484375 194.0124969482421875 187.9499969482421875 183.006256103515625 178.2624969482421875 173.037506103515625 168.90625 164.7375030517578125 160.931243896484375 154.75 149.493743896484375 146.087493896484375 141.118743896484375 136.5749969482421875 131.993743896484375 127.90625 124.53125 121.46250152587890625 118.96875 117.91249847412109375 115.21875 113.3562469482421875 115.7312469482421875 115.59999847412109375 114.59999847412109375 117.2937469482421875 119.9875030517578125 124.74375152587890625 132.2062530517578125 138.9562530517578125 145.537506103515625 150.4562530517578125 157.256256103515625 164.787506103515625 168.09375 171.600006103515625 175.350006103515625 175.0625 175.6374969482421875 173.53125
155.3000030517578125 157.65625 167.5 173.7687530517578125 179.993743896484375 180.4250030517578125 178.943756103515625 178.837493896484375 176.0187530517578125 172.2312469482421875 167.3125 162.3625030517578125 155.6999969482421875 150.03125 144.375 139.818756103515625 135.1999969482421875 130.7375030517578125 127.49375152587890625 124.3125 121.72499847412109375 118.1999969482421875 115.49375152587890625 115.30625152587890625 113.2062530517578125 112.6062469482421875 114.1875 112.96875 113.0500030517578125 116.5812530517578125 120.38124847412109375 124.06874847412109375 130.693756103515625 137.774993896484375 144.0812530517578125 152.75 161.6125030517578125 169.6687469482421875 174.7687530517578125 178.087493896484375 181.375 181.1125030517578125 181.2937469482421875 180.3249969482421875
153.7062530517578125 151.462493896484375 152.287506103515625 157.649993896484375 166.53125 169.506256103515625 170.056243896484375 172.100006103515625 172.0187530517578125 169.1437530517578125 164.462493896484375 157.181243896484375 151.2062530517578125 146.587493896484375 140.712493896484375 135.28125 129.806243896484375 125.34375 121.9812469482421875 118.3312530517578125 117.71875 113.7687530517578125 112.43125152587890625 112.8874969482421875 111.72499847412109375 111.55625152587890625 111.3937530517578125 111.53125 111.6374969482421875 114.375 118.53749847412109375 121.46875 127.4875030517578125 135.4562530517578125 143.537506103515625 151.59375 160.818756103515625 171.0500030517578125 177.693756103515625 182.337493896484375 186.162506103515625 185.21875 184.1374969482421875 184.4499969482421875
152.1125030517578125 149.037506103515625 146.993743896484375 144.3874969482421875 152.850006103515625 161.5124969482421875 164.899993896484375 166.2062530517578125 166.03125 164.9375 159.9375 152.524993896484375 146.8562469482421875 142.5 136.087493896484375 131.4187469482421875 126.16249847412109375 121.6062469482421875 118.4499969482421875 115.9499969482421875 114.4875030517578125 112.2687530517578125 111.09999847412109375 110.75 110.75624847412109375 110.1374969482421875 109.71875 110.3125 109.9812469482421875 111.8312530517578125 115.1875 120.6374969482421875 126.0187530517578125 132.537506103515625 138.9875030517578125 148.1374969482421875 156.9375 168.0500030517578125 176.350006103515625 181.3000030517578125 180.65625 180.1125030517578125 179.524993896484375 181.225006103515625
152.787506103515625 150.100006103515625 147.493743896484375 144.5500030517578125 147.3312530517578125 150.818756103515625 155.943756103515625 159.3874969482421875 157.9187469482421875 155.1062469482421875 152.131256103515625 146.625 142.068756103515625 137.412506103515625 131.90625 127.3249969482421875 122.6875 119.72499847412109375 116.43125152587890625 113.3625030517578125 111.9499969482421875 110.6437530517578125 108.80625152587890625 108.44374847412109375 109.125 109.21250152587890625 108.96875 109.25 108.0749969482421875 109.0749969482421875 112.2312469482421875 115.78749847412109375 121.1999969482421875 127.69374847412109375 133.912506103515625 140.59375 148.96875 161.225006103515625 172.743743896484375 174.46875 173.34375 171.337493896484375 171.274993896484375 174.212493896484375
154.1437530517578125 151.193756103515625 148.5500030517578125 148.3312530517578125 150.587493896484375 154.1875 154.368743896484375 150.837493896484375 146.193756103515625 144.4812469482421875 144.2062530517578125 140.600006103515625 136.9562530517578125 132.40625 128.4187469482421875 122.8874969482421875 118.5437469482421875 116.88124847412109375 114.49375152587890625 110.06874847412109375 109.78749847412109375 108.7687530517578125 107.5187530517578125 106.625 106.8874969482421875 107.0812530517578125 106.25624847412109375 105.56874847412109375 105.22499847412109375 105.8937530517578125 108.40625 111.13124847412109375 115.56874847412109375 121.6750030517578125 125.80625152587890625 131.125 137.975006103515625 147.118743896484375 154.3000030517578125 157.2375030517578125 156.6875 155.0437469482421875 155.75 157.681243896484375
156.9187469482421875 154.899993896484375 153.4562530517578125 152.931243896484375 154.443756103515625 156.0749969482421875 156.006256103515625 152.462493896484375 145.3125 139.5437469482421875 139.1374969482421875 136.0124969482421875 134.2312469482421875 129.693756103515625 125.81874847412109375 120.97499847412109375 116.84375 115.41249847412109375 114.1125030517578125 109.86875152587890625 108.4187469482421875 108.24375152587890625 105.49375152587890625 105.93125152587890625 105.125 104.1437530517578125 103.28125 103.28125 103.7687530517578125 103.7375030517578125 106.3000030517578125 105.9250030517578125 107.28749847412109375 109.46875 112.5812530517578125 118.30625152587890625 124.2375030517578125 129.837493896484375 133.6374969482421875 135.8125 135.5749969482421875 134.131256103515625 135.181243896484375 137.2624969482421875
158.03125 156.787506103515625 155.8874969482421875 155.4375 157.6062469482421875 159.09375 158.7062530517578125 154.556243896484375 148.412506103515625 143.3562469482421875 139.9375 134.8625030517578125 131.8125 128.4250030517578125 123.53125 119.6687469482421875 114.78125 113.31874847412109375 112.19374847412109375 109.96875 108.8625030517578125 107.0625 103.8562469482421875 103.1999969482421875 101.25 100.21875 99.78125 99.80625152587890625 100.34999847412109375 100.88124847412109375 100.49375152587890625 98.94374847412109375 98.77500152587890625 100.41249847412109375 102.21250152587890625 105.7375030517578125 110.1999969482421875 113.6687469482421875 114.77500152587890625 115.8625030517578125 115.5187530517578125 115.1875 113.03749847412109375 114.2062530517578125
161.3000030517578125 160.068756103515625 159.2375030517578125 158.462493896484375 159.743743896484375 162.381256103515625 162.1125030517578125 155.881256103515625 148.868743896484375 144.0187530517578125 140.743743896484375 136.2375030517578125 130.837493896484375 125.8000030517578125 120.4375 115.9875030517578125 110.8625030517578125 109.6750030517578125 108.88124847412109375 108.125 109.38124847412109375 107.78749847412109375 103.91249847412109375 98.59375 97.66249847412109375 99.2937469482421875 99.0625 97.74375152587890625 96.59999847412109375 96.09999847412109375 95.1999969482421875 92.96250152587890625 91.94374847412109375 91.6875 92.1062469482421875 93.875 96.3000030517578125 97.9875030517578125 99.36875152587890625 98.49375152587890625 96.58750152587890625 95.5124969482421875 95.71250152587890625 94.46875
162.3562469482421875 161.1750030517578125 160.4187469482421875 160.743743896484375 161.681243896484375 163.506256103515625 164.0124969482421875 158.037506103515625 149.743743896484375 143.431243896484375 140.0187530517578125 135.9875030517578125 128.6062469482421875 121.96250152587890625 118.02500152587890625 112.9187469482421875 108.3312530517578125 106.25 105.7624969482421875 107.11875152587890625 110.2375030517578125 108.75624847412109375 104.0500030517578125 97.52500152587890625 95.2312469482421875 95.09375 94.06874847412109375 92.80625152587890625 90.8249969482421875 89.8000030517578125 87.9875030517578125 85.4499969482421875 83.90625 83.75 84.5625 85.4187469482421875 86.40000152587890625 87.1875 85.55625152587890625 82.84375 79.99375152587890625 78.2687530517578125 78.43125152587890625 77.08750152587890625
162.1437530517578125 160.8937530517578125 159.5749969482421875 158.475006103515625 158.25 159.131256103515625 157.9562530517578125 152.875 147.056243896484375 141.78125 137.2687530517578125 133.4375 127.0812530517578125 117.7375030517578125 112.1687469482421875 108.3000030517578125 103.90625 102.5500030517578125 102.5812530517578125 103.8125 107.68125152587890625 107.55625152587890625 103.0812530517578125 97.30625152587890625 91.9187469482421875 90.40000152587890625 90.05625152587890625 89.06874847412109375 87.3249969482421875 85 81.4562530517578125 78.15000152587890625 76.66249847412109375 75.18125152587890625 75.15625 76.50624847412109375 78.8000030517578125 80.05625152587890625 79.2375030517578125 73.46875 67.61875152587890625 66.9875030517578125 66.02500152587890625 59.612499237060546875
160.631256103515625 158.8249969482421875 156.1687469482421875 154.306243896484375 153.756256103515625 152.4562530517578125 150.1999969482421875 147.0500030517578125 142.0124969482421875 137.9562530517578125 132.693756103515625 126.6437530517578125 120.69374847412109375 112.83750152587890625 105.31874847412109375 102.13124847412109375 98.30625152587890625 96.8625030517578125 96.28125 97.6062469482421875 101.0187530517578125 100.94374847412109375 98.86875152587890625 96.38124847412109375 92.3562469482421875 89.4187469482421875 87.78125 85.63124847412109375 82.8125 79.9187469482421875 77.13124847412109375 72.8249969482421875 70.1875 68.21250152587890625 68.02500152587890625 70.69374847412109375 74.5187530517578125 78.5437469482421875 78.84999847412109375 74.6062469482421875 63.768749237060546875 57.88124847412109375 57.03125 55.66249847412109375
157.993743896484375 155.024993896484375 151.7687530517578125 149.6500091552734375 148.681243896484375 144.8562469482421875 143.431243896484375 139.9375 135.2687530517578125 132.3625030517578125 126.5187530517578125 120.20000457763671875 113.6750030517578125 106.3125 98.22499847412109375 93.55625152587890625 90.65625 90.1374969482421875 89.06874847412109375 90.25624847412109375 93.9875030517578125 95.96250152587890625 96.3562469482421875 96.43125152587890625 95.7687530517578125 93.4875030517578125 90.05625152587890625 85.34999847412109375 80.75624847412109375 77.36875152587890625 72.1125030517578125 67.52500152587890625 65.4250030517578125 63.00624847412109375 61.112499237060546875 65.4499969482421875 73.53749847412109375 83.1374969482421875 87.9875030517578125 83.52500152587890625 74.875 66.93125152587890625 63.587497711181640625 59.75624847412109375
153.7624969482421875 150.149993896484375 147.4562530517578125 144.7312469482421875 141.962493896484375 139.53125 136.875 133.1125030517578125 129.631256103515625 127 121.2937469482421875 114.0625 107.0500030517578125 100.16249847412109375 92.68125152587890625 85.8937530517578125 82.94374847412109375 83.4187469482421875 82.61875152587890625 84.05625152587890625 87.4499969482421875 91.6374969482421875 95.51250457763671875 98.52500152587890625 99.25624847412109375 96.3874969482421875 91.15000152587890625 85.9875030517578125 81.0749969482421875 76.03749847412109375 71.8937530517578125 65.96875 62.33750152587890625 60.331249237060546875 57.33750152587890625 64.4812469482421875 76.43125152587890625 87.36875152587890625 96.94374847412109375 96.36875152587890625 91.52500152587890625 80.2687530517578125 70.2687530517578125 62.143749237060546875
147.59375 144.6125030517578125 142.524993896484375 139.931243896484375 136.7312469482421875 134.431243896484375 131.4875030517578125 128.3562469482421875 124.9499969482421875 121.47499847412109375 116.78749847412109375 109.34999847412109375 101.33750152587890625 94.125 88.4812469482421875 82.63124847412109375 76.75624847412109375 76.4499969482421875 77.08750152587890625 78.1687469482421875 81.58750152587890625 86.875 93.78125 100.1125030517578125 102.8125 98.09999847412109375 92.1125030517578125 86.59375 81.58750152587890625 76.78749847412109375 73.5500030517578125 70.22499847412109375 65.72499847412109375 62.606250762939453125 64.52500152587890625 70.53749847412109375 80.75624847412109375 97.6374969482421875 114.86875152587890625 109.33750152587890625 98.65000152587890625 85.3562469482421875 72.03749847412109375 64.15000152587890625
141.7624969482421875 139.3937530517578125 136.3312530517578125 133.9187469482421875 132.0437469482421875 129.9562530517578125 126.61875152587890625 122.9875030517578125 120.3249969482421875 116.25 111.49375152587890625 104.3937530517578125 96.59375 89.63124847412109375 84.06874847412109375 79.1437530517578125 73.8874969482421875 69.9187469482421875 71.31874847412109375 71.78125 75.9187469482421875 80.79999542236328125 88.3625030517578125 96.00624847412109375 100.24375152587890625 96.7937469482421875 92.25 87.03749847412109375 81.3562469482421875 75.52500152587890625 71.46250152587890625 68.2375030517578125 71.02500152587890625 74.02500152587890625 73.2624969482421875 74.6062469482421875 87.0625 102.08750152587890625 111.30625152587890625 108.3000030517578125 94.81874847412109375 82.0812530517578125 71.03749847412109375 65.6999969482421875
135.71875 133.037506103515625 129.993743896484375 128.4250030517578125 126.40625 124.7062530517578125 121.59999847412109375 119.2624969482421875 116.25624847412109375 112.28749847412109375 107.38124847412109375 100.00624847412109375 92.16249847412109375 85.6437530517578125 79.8249969482421875 75.96250152587890625 71.75624847412109375 67.0812530517578125 65.4499969482421875 65.66249847412109375 71.28125 80.33750152587890625 81.6374969482421875 88.29999542236328125 93.8125 95.65000152587890625 93.125 87.78749847412109375 84.0500030517578125 77.21250152587890625 71.72499847412109375 73.44374847412109375 82.18125152587890625 85.6750030517578125 86.74375152587890625 88.4812469482421875 93.91249847412109375 99.61875152587890625 102.5187530517578125 97.8937530517578125 87.4812469482421875 77.46875 69.36875152587890625 65.46250152587890625
