data/historical-monthly-weather-data/wc2.1_cruts4.09_10m_prec_2022-07.asc
ncols        45
nrows        45
xllcorner    -63.500000000000
yllcorner    -7.500000000000
cellsize     0.166666666667
NODATA_value -9999
[rows 19 to 37 of 45, columns 0 to 42 of 45]
101.52500152587890625 100.30625152587890625 96.8125 93.25 89.1374969482421875 88 82.63124847412109375 79.03125 73.9562530517578125 66.84999847412109375 60.90625 58.049999237060546875 53.77500152587890625 49.72499847412109375 44.97499847412109375 40.03125 36.799999237060546875 39.00624847412109375 36.174999237060546875 34.65625 32.22499847412109375 33.81874847412109375 37.13124847412109375 40.22499847412109375 41.887500762939453125 41.38124847412109375 42.88124847412109375 46.481250762939453125 48.512500762939453125 50.793750762939453125 56.625 66.74375152587890625 72.50624847412109375 78.13124847412109375 84.97499847412109375 92.95000457763671875 98.25624847412109375 101.6374969482421875 104.58750152587890625 103.03125 96.49375152587890625 90.16249847412109375 88.88124847412109375
93.25624847412109375 98.03749847412109375 98.9812469482421875 93.8000030517578125 88.34999847412109375 86.28749847412109375 81.4499969482421875 77.38124847412109375 71.6125030517578125 65.4562530517578125 58.91249847412109375 56.03749847412109375 52.59375 48.13124847412109375 43.61875152587890625 39.549999237060546875 36.981250762939453125 36.31874847412109375 36.52500152587890625 33.875 35.06874847412109375 36.575000762939453125 38.84999847412109375 42.549999237060546875 44.1875 43.21875 42.299999237060546875 45.375 49.206249237060546875 52.825000762939453125 59.943752288818359375 67.56874847412109375 69.9250030517578125 75.4375 81.75 87.8937530517578125 92.9875030517578125 94.2375030517578125 94.63750457763671875 92.8312530517578125 89.6437530517578125 87.3562469482421875 84.5812530517578125
91.81874847412109375 91.4187469482421875 94.15000152587890625 92.7937469482421875 89.6437530517578125 83.31874847412109375 78.1875 73.49375152587890625 68.75624847412109375 63.081249237060546875 58.02500152587890625 53.443752288818359375 49.5 47.36875152587890625 44.799999237060546875 40.799999237060546875 39.33750152587890625 37.81874847412109375 37.19374847412109375 36.075000762939453125 35.40000152587890625 36.72499847412109375 39.043750762939453125 40.674999237060546875 41.21875 41.237499237060546875 44.25 45.59375 51.02500152587890625 56.74375152587890625 61.47499847412109375 65.9812469482421875 68.33750152587890625 71.81874847412109375 75.15625 81.5812530517578125 85.9875030517578125 87.5749969482421875 88.30625152587890625 87.6687469482421875 85.78125 84.6687469482421875 83.1687469482421875
90.0187530517578125 94.2937469482421875 95.1687469482421875 92.7062530517578125 89.01874542236328125 83.2062530517578125 73.52500152587890625 68.31874847412109375 64.90625 62.299999237060546875 58.16249847412109375 53.65625 50.88124847412109375 47.84375 46.15625 43.825000762939453125 40.5625 38.125 36.91249847412109375 36.731250762939453125 38.106250762939453125 38.125 39 40.38124847412109375 42.31874847412109375 41.831249237060546875 43.15625 46.543750762939453125 50.125 54.3125 58.674999237060546875 63.71875 65.0124969482421875 66.03125 69.6125030517578125 72.65625 77.6437530517578125 78.40000152587890625 81.3562469482421875 82.88750457763671875 82.38124847412109375 80.16249847412109375 79.44374847412109375
84.96875 91.8249969482421875 94.93125152587890625 91.50624847412109375 87.33750152587890625 80.06874847412109375 74.65000152587890625 68.16249847412109375 62.956249237060546875 58.450000762939453125 55.287502288818359375 54.53749847412109375 51.768749237060546875 49.50624847412109375 46.46250152587890625 44.075000762939453125 40.53749847412109375 39.58750152587890625 38.168750762939453125 38.668750762939453125 38.668750762939453125 40 40.581249237060546875 43.168750762939453125 44.58750152587890625 43.6875 45.96250152587890625 46.63124847412109375 49.0625 52.50624847412109375 56.63124847412109375 60.58750152587890625 60.268749237060546875 59.737499237060546875 64.0500030517578125 65.15000152587890625 70.03749847412109375 73.1875 75.97499847412109375 77.1437530517578125 77.7312469482421875 76.2687530517578125 76.21875
82.4562530517578125 90.3249969482421875 94.4187469482421875 91.59375 87.56874847412109375 79.15625 73.30625152587890625 67.3312530517578125 62.293750762939453125 59.25 56.168750762939453125 52.4375 51.78749847412109375 49.16249847412109375 45.93125152587890625 42.643749237060546875 40.34999847412109375 39.924999237060546875 39.34375 39.24375152587890625 40.06874847412109375 40.90625 43.318752288818359375 44.77500152587890625 44.72499847412109375 46.15625 45.77500152587890625 46.262500762939453125 47.41249847412109375 50.34999847412109375 51.77500152587890625 53.5625 54.84999847412109375 54.75 56.00624847412109375 58.918750762939453125 63.80625152587890625 66.0749969482421875 69.6062469482421875 71.8874969482421875 71.86875152587890625 72.18125152587890625 72.78125
84.56874847412109375 92.1750030517578125 91.16249847412109375 89.47499847412109375 85.0749969482421875 77.9375 72.02500152587890625 66.0749969482421875 60.61875152587890625 55.49375152587890625 55.11875152587890625 52.706249237060546875 49.606250762939453125 47.53125 45.08750152587890625 42.59999847412109375 40.075000762939453125 39.72499847412109375 39.6875 39.268749237060546875 41.30625152587890625 42.56874847412109375 44.84375 46.33750152587890625 45.9375 45.6875 46 45.543750762939453125 45.21250152587890625 46.21250152587890625 47.049999237060546875 47.581249237060546875 47.49375152587890625 48.25 50.856250762939453125 53.862499237060546875 57.856250762939453125 61.30625152587890625 64.40000152587890625 66.68125152587890625 68.83750152587890625 67.9250030517578125 67.93125152587890625
81.8562469482421875 85.8125 87.11875152587890625 86.0812530517578125 81.84999847412109375 76.3000030517578125 71.3874969482421875 65.44374847412109375 59.106250762939453125 57.34375 55.97499847412109375 53.56874847412109375 50.80625152587890625 47.58750152587890625 44.793750762939453125 43.40000152587890625 41.049999237060546875 39.88124847412109375 40.168750762939453125 40.393749237060546875 41.22499847412109375 42.74375152587890625 45.543750762939453125 48.15000152587890625 46.674999237060546875 44.6875 44.612499237060546875 44.53749847412109375 44.27500152587890625 43.19374847412109375 44.03125 42.58750152587890625 41.88124847412109375 44.68125152587890625 46.299999237060546875 50.02500152587890625 52.16249847412109375 55.38124847412109375 58.84375 61.94374847412109375 65.28749847412109375 65.3249969482421875 64.4499969482421875
79.4187469482421875 79.96250152587890625 80.9250030517578125 81.6062469482421875 78.2062530517578125 73.81874847412109375 69.50624847412109375 64.08750152587890625 59.84999847412109375 57.46250152587890625 55.21250152587890625 52.1875 49.86875152587890625 47.231250762939453125 44.3125 42.393749237060546875 40.674999237060546875 39.981250762939453125 39.08750152587890625 39.75 41.71250152587890625 42.69374847412109375 43.55625152587890625 45.799999237060546875 45.637500762939453125 44.00624847412109375 43.75 43.52500152587890625 43.08750152587890625 42.78125 42.41249847412109375 41.856250762939453125 41.00624847412109375 41.25624847412109375 42.856250762939453125 45.84999847412109375 47.674999237060546875 50.81874847412109375 54.55625152587890625 58.93125152587890625 61.93125152587890625 64.0625 61.825000762939453125
75.7687530517578125 76.13124847412109375 77.8249969482421875 75.0749969482421875 73.53125 68.8125 64.8249969482421875 61.77500152587890625 58.09999847412109375 56.481250762939453125 54.05625152587890625 51.268749237060546875 49.299999237060546875 47.40625 44.77500152587890625 42.66249847412109375 41.43125152587890625 39.59375 39.22499847412109375 39.65625 40.862499237060546875 41.68125152587890625 42.893749237060546875 43.912502288818359375 43.93125152587890625 42.94374847412109375 42.66249847412109375 42.41249847412109375 43.11875152587890625 42.6875 41.56874847412109375 41.018749237060546875 39.606250762939453125 39.00624847412109375 39.96250152587890625 42.424999237060546875 44.268749237060546875 46.981250762939453125 50.22499847412109375 52.862499237060546875 57.02500152587890625 57.34999847412109375 56.91249847412109375
70.28749847412109375 72.5749969482421875 73.1750030517578125 71.25 68.6687469482421875 65.50624847412109375 61.643749237060546875 60.293750762939453125 58.19374847412109375 55.83750152587890625 53.737499237060546875 52.293750762939453125 50.318752288818359375 47.674999237060546875 45.27500152587890625 43.28749847412109375 41.30625152587890625 40.33750152587890625 39.27500152587890625 39.06874847412109375 40.512500762939453125 41.03749847412109375 42.11875152587890625 42.16249847412109375 42.424999237060546875 41.96875 41.46250152587890625 41.50624847412109375 42.143749237060546875 41.299999237060546875 40.46875 39.41249847412109375 37.86875152587890625 37.362499237060546875 37.481250762939453125 39.03125 41.78125 43.174999237060546875 44.59375 46.981250762939453125 50.799999237060546875 51.61875152587890625 51.200000762939453125
66.24375152587890625 67.8312530517578125 65.9875030517578125 66.90000152587890625 66.22499847412109375 64.18125152587890625 60.762500762939453125 58.606250762939453125 57.03749847412109375 55.38124847412109375 54.09375 52.19374847412109375 51.58750152587890625 47.97499847412109375 45.21250152587890625 43.65000152587890625 42.78125 40.38124847412109375 38.418750762939453125 39.03125 40.49375152587890625 40.86875152587890625 41.22499847412109375 40.487499237060546875 40.143749237060546875 41.03749847412109375 40.65625 39.96875 39.59999847412109375 39.375 38.674999237060546875 38.1875 36.99375152587890625 36.53749847412109375 36.25 36.668750762939453125 38.18125152587890625 40.22499847412109375 40.356250762939453125 40.66249847412109375 43 44.918750762939453125 44.77500152587890625
61.9375 60.731250762939453125 59.50624847412109375 59.68125152587890625 60.768749237060546875 60.21250152587890625 59 57.012500762939453125 56.237499237060546875 54.168750762939453125 53.43125152587890625 52.9375 51.18125152587890625 49.6875 47.16249847412109375 45.137500762939453125 43.40000152587890625 40.9375 38.46250152587890625 39.03749847412109375 39.30625152587890625 39.831249237060546875 39.56874847412109375 38.78125 39.237499237060546875 39.043750762939453125 38.88124847412109375 39.012500762939453125 37.825000762939453125 37.612499237060546875 37.581249237060546875 36.93125152587890625 35.481250762939453125 34.918750762939453125 34.86875152587890625 34.61875152587890625 35.887500762939453125 35.487499237060546875 35.53749847412109375 36.6875 38.25624847412109375 38.737499237060546875 38.46875
55.44374847412109375 53.9375 52.40000152587890625 52.53125 53.950000762939453125 54.25624847412109375 54.737499237060546875 54.424999237060546875 52.75 53.03749847412109375 53.75624847412109375 52.1875 51.4375 51.06874847412109375 49.106250762939453125 46.11875152587890625 43.325000762939453125 42.34999847412109375 40.71250152587890625 40.63124847412109375 40.231250762939453125 39.543750762939453125 38.47499847412109375 38.174999237060546875 38.83750152587890625 38.25624847412109375 38.59999847412109375 37.93125152587890625 37.606250762939453125 36.637500762939453125 36.143749237060546875 35.143749237060546875 33.293750762939453125 32.831249237060546875 33.200000762939453125 33.575000762939453125 32.91249847412109375 32.3125 32.34999847412109375 33.9375 34.96250152587890625 35.49375152587890625 34.08750152587890625
49.112499237060546875 48.043750762939453125 47.81874847412109375 48.24375152587890625 48.674999237060546875 48.33750152587890625 49.418750762939453125 49.081249237060546875 50.012500762939453125 49.66249847412109375 50.90625 51.424999237060546875 51.91249847412109375 51.03749847412109375 49.1875 46.05625152587890625 44.05625152587890625 42.737499237060546875 41.16249847412109375 40.61875152587890625 40.53749847412109375 38.825000762939453125 38.44374847412109375 38.237499237060546875 37.643749237060546875 36.83750152587890625 37.006252288818359375 37.168750762939453125 36.71875 35.81874847412109375 35 33.612499237060546875 31.818750381469726562 31.643749237060546875 31.65625 31.262500762939453125 29.96875 29.537500381469726562 30.1875 30.831249237060546875 31.725000381469726562 32.46875 32.43125152587890625
43.75624847412109375 41.762500762939453125 42.9375 43.268749237060546875 44.38124847412109375 44.762500762939453125 45.174999237060546875 45.450000762939453125 44.9375 45.393749237060546875 47.668750762939453125 50.19374847412109375 53.08750152587890625 53.40000152587890625 50.21250152587890625 47.22499847412109375 44.83750152587890625 43.043750762939453125 42.106250762939453125 40.65000152587890625 40.27500152587890625 39.59999847412109375 38.46250152587890625 37.88124847412109375 36.99375152587890625 35.856250762939453125 35.99375152587890625 36.081249237060546875 35.512500762939453125 32.93125152587890625 32.09375 31.806249618530273438 30.668750762939453125 30.15625 29.299999237060546875 28.737499237060546875 28.09375 28.15625 28.043750762939453125 27.856250762939453125 28.024999618530273438 27.981250762939453125 29.118749618530273438
37.643749237060546875 36.86875152587890625 38.350002288818359375 38.0625 38.88124847412109375 39.06874847412109375 39.75 40.03749847412109375 39.924999237060546875 40.268749237060546875 42.956249237060546875 47.018749237060546875 51.981250762939453125 51.71875 50.15625 47.674999237060546875 45.75624847412109375 43.53749847412109375 41.66249847412109375 40.481250762939453125 38.393749237060546875 38.63124847412109375 37.075000762939453125 36.09375 34.668750762939453125 34.768749237060546875 34.8125 34.825000762939453125 34.11875152587890625 31.75 30.693750381469726562 30.524999618530273438 29.287500381469726562 28.825000762939453125 28.081249237060546875 26.975000381469726562 26.59375 26.256250381469726562 26.693750381469726562 26.487499237060546875 25.8125 26.012500762939453125 25.768749237060546875
31.768749237060546875 32.02500152587890625 33.024997711181640625 32.706249237060546875 33.450000762939453125 34.44374847412109375 35.06874847412109375 35.31874847412109375 35.206249237060546875 34.737499237060546875 38.40000152587890625 43.762500762939453125 48.200000762939453125 49.06874847412109375 48.793750762939453125 47.231250762939453125 45.18125152587890625 42.606250762939453125 40.65000152587890625 39.61875152587890625 37.387500762939453125 36.212497711181640625 35.02500152587890625 34.674999237060546875 33.27500152587890625 32.94374847412109375 33.03749847412109375 32.69374847412109375 32.049999237060546875 30.774999618530273438 29.424999237060546875 28.450000762939453125 27.193750381469726562 26.793750762939453125 26.112499237060546875 24.787500381469726562 24.256250381469726562 24.787500381469726562 25.393749237060546875 24.731250762939453125 23.78125 23.831249237060546875 23.443750381469726562
26.143749237060546875 26.981250762939453125 27.299999237060546875 28.168750762939453125 28.9375 29.875 30.681249618530273438 31.09375 31.662500381469726562 31.256250381469726562 37.537502288818359375 42.65000152587890625 45.424999237060546875 46.987499237060546875 47.512500762939453125 46.46875 43.518749237060546875 42.34999847412109375 39.799999237060546875 38.52500152587890625 36.90000152587890625 35.27500152587890625 33.387500762939453125 33.06874847412109375 32.325000762939453125 31.768749237060546875 31.431249618530273438 31.118749618530273438 30.549999237060546875 28.893749237060546875 26.456249237060546875 25.956249237060546875 24.881250381469726562 24.700000762939453125 23.524999618530273438 22.143749237060546875 22.606250762939453125 22.818750381469726562 23.225000381469726562 22.868749618530273438 22.081249237060546875 22.649999618530273438 22.081249237060546875
