data/historical-monthly-weather-data/wc2.1_cruts4.09_10m_prec_1953-12.asc
ncols        51
nrows        45
xllcorner    -63.500000000000
yllcorner    -7.500000000000
cellsize     0.166666666667
NODATA_value -9999
[rows 20 to 39 of 45, columns 0 to 44 of 51]
214.1437530517578125 212.5124969482421875 215.681243896484375 220.787506103515625 227.524993896484375 238.75 250.256256103515625 261.4375 272.131256103515625 280.76873779296875 287.1875 293.66876220703125 299.368743896484375 302.60626220703125 303.375 301.756256103515625 299.931243896484375 299.86248779296875 303.181243896484375 307.056243896484375 316.368743896484375 325.90625 334.9375 341.70001220703125 350.04376220703125 355.9375 352.10626220703125 339.01873779296875 320.67498779296875 301.931243896484375 287.850006103515625 284.118743896484375 290.04376220703125 299.9375 310.868743896484375 321.837493896484375 336.95001220703125 352.78125 361.51251220703125 361.5 353.64373779296875 341.243743896484375 332.681243896484375 325.51251220703125 319.274993896484375
209.943756103515625 207.65625 212.524993896484375 220.3125 228.850006103515625 241.1125030517578125 254.4562530517578125 267.412506103515625 278.118743896484375 286.524993896484375 291.84375 296.65625 300.662506103515625 302.36248779296875 303.693756103515625 303.1875 302.53125 303.45623779296875 305.774993896484375 308.91876220703125 314.88751220703125 323.96875 334.806243896484375 342.756256103515625 353.01873779296875 364.79376220703125 368.41876220703125 358.03125 341.82501220703125 325.8125 312.65625 306.256256103515625 309.33123779296875 317.899993896484375 326.412506103515625 336 350.76873779296875 367.25 373.6875 370.03125 362.337493896484375 351.29376220703125 342.29998779296875 335 329.818756103515625
206.6125030517578125 205.8562469482421875 210.8625030517578125 219.2375030517578125 229.431243896484375 243.8562469482421875 258.15625 272.91876220703125 285.26251220703125 292.42498779296875 296.51873779296875 298.70623779296875 301.91876220703125 303.125 304.3125 304.274993896484375 303.73126220703125 304.45001220703125 306.65625 308.28125 313.20001220703125 320.524993896484375 329.337493896484375 338.631256103515625 351.837493896484375 368.931243896484375 379.181243896484375 372.45623779296875 358.51251220703125 345.493743896484375 334.45001220703125 327.556243896484375 330.20001220703125 335.306243896484375 341.225006103515625 346.4375 361.79998779296875 384.58123779296875 390.024993896484375 382.79998779296875 373.10626220703125 361.568756103515625 352.45623779296875 344.899993896484375 339.46875
205.193756103515625 204.8874969482421875 209.6062469482421875 218.212493896484375 229.3312530517578125 244.5500030517578125 260.46875 275.38751220703125 287.14373779296875 293.399993896484375 297.193756103515625 299.71875 302.256256103515625 303.78125 304.82501220703125 304.86248779296875 304.91876220703125 306.056243896484375 307.48748779296875 308.399993896484375 310.693756103515625 315.79376220703125 321.681243896484375 331.63751220703125 344.90625 361.556243896484375 372.04376220703125 372.875 368.106231689453125 359.375 352.0625 345.368743896484375 349.5625 354.131256103515625 359.28125 361.28125 375.54998779296875 398.23748779296875 403.412506103515625 395.600006103515625 384.256256103515625 372.08123779296875 360.850006103515625 351.725006103515625 349.21875
206.6999969482421875 206.34375 210.0749969482421875 220.475006103515625 233.1750030517578125 247.8249969482421875 263.10626220703125 276.618743896484375 286.63751220703125 293.76873779296875 298.17498779296875 300.04376220703125 301.931243896484375 303.087493896484375 304.875 305.681243896484375 306.024993896484375 307.493743896484375 308.38751220703125 308.568756103515625 308.712493896484375 310.07501220703125 313.60626220703125 322.006256103515625 335.962493896484375 354.006256103515625 365.5625 371.51251220703125 373.006256103515625 370.11248779296875 366.681243896484375 362.337493896484375 368.4375 373.98126220703125 378 382.95623779296875 396.32501220703125 410.368743896484375 413.46875 408.0625 396.70623779296875 383.33123779296875 369.54376220703125 361.10626220703125 356.26251220703125
211.625 214.274993896484375 218.15625 227.5749969482421875 237.6750030517578125 251.2937469482421875 264.787506103515625 276.993743896484375 286.149993896484375 292.5625 296.818756103515625 299.318756103515625 300.662506103515625 301.712493896484375 304.618743896484375 306.29998779296875 306.681243896484375 308.362518310546875 309.23126220703125 308.787506103515625 308.806243896484375 306.368743896484375 305.100006103515625 310.125 327.16876220703125 347.875 362.5 371.86248779296875 377.64373779296875 378.625 378.087493896484375 378.98748779296875 388.23126220703125 393.88751220703125 399.337493896484375 405.03125 416.45623779296875 427.631256103515625 429.04998779296875 424.48126220703125 413.36248779296875 395.40625 377.51873779296875 365.5625 363.537506103515625
209.9875030517578125 212.787506103515625 219.9250030517578125 229.8625030517578125 239.8312530517578125 252.3312530517578125 263.78125 274.368743896484375 281.85626220703125 288.84375 294.850006103515625 297.443756103515625 298.42498779296875 299.98126220703125 303.5625 306.54998779296875 308.10626220703125 310.35626220703125 311.65625 310.45623779296875 309.381256103515625 305.725006103515625 301.79998779296875 303.45623779296875 322.57501220703125 343.66876220703125 358.975006103515625 369.89373779296875 379.006256103515625 382.39373779296875 385.631256103515625 390.29376220703125 405.037506103515625 413.54376220703125 421.20623779296875 428.79998779296875 438.131256103515625 447.65625 448.524993896484375 445.42498779296875 435.26873779296875 412.618743896484375 387.75 372.587493896484375 379.23126220703125
207.5 210.1687469482421875 219.9187469482421875 231.274993896484375 241.6374969482421875 253.225006103515625 263.5 271.95623779296875 278.381256103515625 284.649993896484375 290.1875 293.08123779296875 295.681243896484375 298.08123779296875 302.51873779296875 305.91876220703125 309.118743896484375 311.743743896484375 314.01873779296875 313.693756103515625 313.193756103515625 310.875 310.556243896484375 314.637481689453125 328.64373779296875 346.39373779296875 359.10626220703125 369.087493896484375 378.193756103515625 383.212493896484375 387.462493896484375 392.95001220703125 410.631256103515625 426.0625 438.92498779296875 448.431243896484375 458.9375 469.318756103515625 471.98126220703125 471.79998779296875 464.38751220703125 438.743743896484375 401.462493896484375 382.993743896484375 403.21875
204.1999969482421875 207.0625 219.2937469482421875 233.256256103515625 244.0500030517578125 253.443756103515625 261.66876220703125 268.875 274.443756103515625 279.59375 285.618743896484375 289.51251220703125 292.57501220703125 296.068756103515625 300.899993896484375 306.375 310.743743896484375 314.625 317.66876220703125 318.54376220703125 319.100006103515625 318.89373779296875 321.412506103515625 325.73126220703125 337.118743896484375 351.524993896484375 361.54998779296875 370.212493896484375 378.693756103515625 383.34375 387.46875 393.024993896484375 413.67498779296875 433.6875 452.32501220703125 465.306243896484375 478.850006103515625 490.5625 493.756256103515625 496.881256103515625 495.79376220703125 466.1875 427.712493896484375 415.08123779296875 435.82501220703125
207.15625 209.9562530517578125 223.149993896484375 238.28125 249.649993896484375 254.5 258.975006103515625 264.23126220703125 268.493743896484375 272.8125 278.70001220703125 282.875 288.14373779296875 293.649993896484375 299.462493896484375 304.818756103515625 310.306243896484375 317.15625 321.42498779296875 322.8125 323.556243896484375 324.70623779296875 327.04376220703125 331.806243896484375 341.431243896484375 353.462493896484375 359.5 367.118743896484375 373.993743896484375 380.17498779296875 386.11248779296875 393.550018310546875 417.274993896484375 440.493743896484375 462.787506103515625 478.181243896484375 494.493743896484375 508.399993896484375 513.7125244140625 517.17498779296875 514.82501220703125 496.475006103515625 470.006256103515625 460.625 467.475006103515625
209.3312530517578125 211.899993896484375 223.7687530517578125 238.0812530517578125 247.774993896484375 250.056243896484375 252.8187408447265625 256.037506103515625 259.39373779296875 264.693756103515625 270.8125 276.350006103515625 283.256256103515625 289.837493896484375 296.037506103515625 302.581268310546875 310.08123779296875 317.13751220703125 323.962493896484375 326.39373779296875 327.149993896484375 328.600006103515625 331.67498779296875 335.79376220703125 343.243743896484375 352.61248779296875 357.16876220703125 362.818756103515625 368.524993896484375 377.08123779296875 385.125 394.806243896484375 419.837493896484375 446.475006103515625 471.318756103515625 490.16876220703125 509.899993896484375 526.7562255859375 532.7125244140625 534.65625 536 527.09375 512.92498779296875 501.07501220703125 502.287506103515625
212.0124969482421875 212.975006103515625 222.0437469482421875 231.100006103515625 236.818756103515625 240.5437469482421875 243.381256103515625 245.443756103515625 249.375 254.46875 261.33123779296875 268.78125 277.399993896484375 285.318756103515625 293.16876220703125 300.556243896484375 306.76251220703125 314.04376220703125 321.17498779296875 325.162506103515625 327.57501220703125 329.76251220703125 332.45623779296875 335.881256103515625 343.54376220703125 350.70001220703125 353.193756103515625 357.443756103515625 362.649993896484375 373.41876220703125 383.850006103515625 396.20001220703125 421.26873779296875 449.90625 478.118743896484375 501.662506103515625 522.83123779296875 541.59375 549.6187744140625 554.6812744140625 563.58123779296875 564.95623779296875 563.0562744140625 561.2750244140625 569.5875244140625
225.3125 224.15625 228.212493896484375 233.0500030517578125 235.4875030517578125 237.181243896484375 237.4812469482421875 237.475006103515625 240.0812530517578125 244.8562469482421875 253.53125 261.806243896484375 271.962493896484375 282.412506103515625 290.212493896484375 296.774993896484375 302.100006103515625 310.181243896484375 315.48748779296875 320.068756103515625 323.14373779296875 326.337493896484375 329.16876220703125 331.48126220703125 337.45001220703125 343.98748779296875 345.8125 347.662506103515625 353.043731689453125 365.5 379.462493896484375 394.75 421.712493896484375 451.70001220703125 481.881256103515625 507.46875 531.75 554.0250244140625 565.26251220703125 580.53125 594.3687744140625 604.71246337890625 617.63751220703125 637.35626220703125 673.7874755859375
239.556243896484375 236.5 236.899993896484375 236.7312469482421875 234.59375 233.5625 231.9375 229.875 230.8249969482421875 234.53125 242.3249969482421875 254.125 266.743743896484375 277.48748779296875 285.92498779296875 292.04376220703125 297.712493896484375 305.375 309.899993896484375 314.39373779296875 317.61248779296875 320.36248779296875 322.58123779296875 324.368743896484375 328.34375 333.29376220703125 335.48126220703125 337.51251220703125 343.125 357.162506103515625 373.76873779296875 392.73126220703125 421.375 452.899993896484375 483.818756103515625 511.1875 539.23748779296875 562.6624755859375 581.6812744140625 603.10626220703125 623.9375 642.54376220703125 666.67498779296875 701.6937255859375 749.86248779296875
252.9499969482421875 248.8874969482421875 245.65625 241.0124969482421875 235.71875 231.6125030517578125 227.068756103515625 222.6687469482421875 220.96875 223.7375030517578125 232.3562469482421875 246.337493896484375 262.375 275.806243896484375 284.04376220703125 289.65625 294.10626220703125 300.462493896484375 305.3125 308.01251220703125 311.65625 313.125 315.86248779296875 316.162506103515625 318 321.712493896484375 323.506256103515625 326.056243896484375 331.54998779296875 348.068756103515625 367.693756103515625 389.337493896484375 419.787506103515625 453 485 512.8687744140625 541.4000244140625 571.01873779296875 595.5 619.28125 645.86248779296875 669.33123779296875 698.8125 737.38751220703125 779.39373779296875
266.82501220703125 261.82501220703125 256.462493896484375 250.1125030517578125 242.7062530517578125 236.3125 228.618743896484375 220.9312591552734375 216.0749969482421875 215.5 224.6750030517578125 242.037506103515625 261.287506103515625 275.618743896484375 283.6875 288.40625 291.46875 296.51251220703125 299.350006103515625 300.681243896484375 303.0625 305.23748779296875 306.15625 305.524993896484375 306.712493896484375 308.64373779296875 310.58123779296875 312.78125 318 336.818756103515625 359.04998779296875 382.037506103515625 413.368743896484375 445.78125 477.48748779296875 504.318756103515625 535.875 566.03125 591.1187744140625 617.2249755859375 645.6312255859375 672.67498779296875 701.1187744140625 736.71875 767.46875
280.274993896484375 274.70001220703125 268.21875 260.993743896484375 252.7937469482421875 244.412506103515625 235.0625 224.087493896484375 214.3625030517578125 207.0625 219.462493896484375 244.975006103515625 264.11248779296875 276.506256103515625 283.712493896484375 287.20001220703125 289.26251220703125 292.36248779296875 294.337493896484375 294.41876220703125 295.100006103515625 295.556243896484375 295.524993896484375 293.837493896484375 293.28125 294.36248779296875 295.58123779296875 298.75 304.76251220703125 325.462493896484375 349.337493896484375 373.975006103515625 405.26251220703125 438.162506103515625 469.118743896484375 498.29376220703125 528.90625 558.45623779296875 581.9312744140625 608.0562744140625 636.1624755859375 662.8187255859375 691.03125 723.78125 745.29998779296875
293.07501220703125 287.54998779296875 280.881256103515625 273.0625 264.98126220703125 254.9250030517578125 245.037506103515625 233.475006103515625 222.8625030517578125 211.5187530517578125 234.9562530517578125 261.506256103515625 273.84375 281.65625 286.100006103515625 287.90625 287.82501220703125 289.76251220703125 289.518768310546875 288.618743896484375 286.556243896484375 285.1875 284.368743896484375 281.587493896484375 279.60626220703125 279.59375 282.024993896484375 285.225006103515625 291.38751220703125 313.962493896484375 338.568756103515625 364.787506103515625 395.9375 428.4375 459.087493896484375 487.90625 517.25 545.01873779296875 569.2437744140625 594.03125 619.98748779296875 645.04376220703125 670.3687744140625 699.40625 719.01873779296875
305.83123779296875 299.79376220703125 293.39373779296875 286.20001220703125 277.962493896484375 268.51873779296875 259.65625 251.881256103515625 248.381256103515625 255.7624969482421875 282.818756103515625 288.09375 289.243743896484375 291.8125 293.32501220703125 293.28125 291.66876220703125 290.35626220703125 287.84375 284.493743896484375 279.943756103515625 275.962493896484375 273.60626220703125 270.875 269.35626220703125 269.4375 271.9375 276.0625 282.67498779296875 303.90625 327.79376220703125 350.6875 379.04376220703125 408.32501220703125 438.3125 465.20623779296875 491.931243896484375 517.79998779296875 539.5625 561.41876220703125 585.7249755859375 606.04376220703125 626.6187744140625 649.33123779296875 663.79376220703125
320.006256103515625 313.381256103515625 306.962493896484375 300.056243896484375 292.643768310546875 285.26873779296875 278.70001220703125 275.225006103515625 275.681243896484375 283.64373779296875 297.618743896484375 303.25 302.48748779296875 302.33123779296875 302.25 300.11248779296875 296.51873779296875 293.256256103515625 287.40625 281.14373779296875 272.61248779296875 265.57501220703125 261.07501220703125 257.912506103515625 257.70623779296875 259.006256103515625 263.056243896484375 268.23748779296875 275.08123779296875 294.693756103515625 315.368743896484375 337.20623779296875 363.13751220703125 389.04376220703125 414.931243896484375 438.1875 463.318756103515625 486.556243896484375 505.850006103515625 524.42498779296875 544.14373779296875 561.4375 579.1500244140625 597.1875 608.9625244140625
