data/historical-monthly-weather-data/wc2.1_cruts4.09_10m_prec_1970-01.asc
ncols        45
nrows        45
xllcorner    -63.500000000000
yllcorner    -7.500000000000
cellsize     0.166666666667
NODATA_value -9999
[rows 0 to 19 of 45, columns 0 to 44 of 45]
158.1437530517578125 158.943756103515625 153.0187530517578125 148.8312530517578125 143.243743896484375 140.59375 136.1999969482421875 129.90625 124.63124847412109375 121.25 119.1750030517578125 117.5187530517578125 115 109.78749847412109375 106.625 105.0437469482421875 103.65625 100.72499847412109375 102.3625030517578125 104.1062469482421875 107.24375152587890625 111.71250152587890625 116.2312469482421875 120.08750152587890625 125.40625 130.0437469482421875 135.225006103515625 141.537506103515625 147.9812469482421875 149.506256103515625 150.725006103515625 151.9250030517578125 152.024993896484375 153.40625 153.868743896484375 157.21875 158.9187469482421875 159.881256103515625 163.1437530517578125 166.3125 168.875 171.8937530517578125 174.09375 176.78125 180.625
167.381256103515625 167.6374969482421875 163.3937530517578125 159.100006103515625 155.631256103515625 153.931243896484375 150.1750030517578125 146.5749969482421875 143.4562530517578125 140.618743896484375 137.0500030517578125 133.2687530517578125 128.6875 124.40000152587890625 120.25624847412109375 116.80625152587890625 113.6750030517578125 111.9499969482421875 112.9250030517578125 115.58750152587890625 120.0812530517578125 124.90000152587890625 130.3312530517578125 135.225006103515625 139.1125030517578125 142.9375 147.9250030517578125 153.087493896484375 157.662506103515625 159.181243896484375 159.2687530517578125 158.9187469482421875 158.5749969482421875 160.493743896484375 160.350006103515625 161.9250030517578125 165.462493896484375 166.662506103515625 169.193756103515625 172.0124969482421875 175.0187530517578125 177.5500030517578125 178.3562469482421875 180.287506103515625 183.0437469482421875
174.1062469482421875 174.662506103515625 171.225006103515625 168.274993896484375 166.381256103515625 165.9812469482421875 165.0124969482421875 164.368743896484375 162.7937469482421875 160.6687469482421875 157.1125030517578125 152.125 147.037506103515625 141.212493896484375 135.8249969482421875 130.287506103515625 126.28125 124.6062469482421875 125.00624847412109375 128.743743896484375 134.1750030517578125 140.631256103515625 146.3625030517578125 149.9562530517578125 152.837493896484375 155.46875 159.71875 163.881256103515625 166.375 166.100006103515625 166.381256103515625 165.943756103515625 166.2624969482421875 164.8625030517578125 165.46875 166.6437530517578125 169.193756103515625 171.125 173.40625 175.3625030517578125 178.568756103515625 180.431243896484375 181.4749908447265625 182.71875 183.6125030517578125
178.774993896484375 179.6374969482421875 179.625 178.2062530517578125 178.8874969482421875 177.3312530517578125 179.462493896484375 182.7062530517578125 184.2937469482421875 184.4187469482421875 179.8562469482421875 173.118743896484375 166.4562530517578125 159.5749969482421875 153.1687469482421875 146.274993896484375 140.15625 136.8625030517578125 138.037506103515625 143.912506103515625 151.7312469482421875 158.8249969482421875 162.774993896484375 166.006256103515625 168.181243896484375 169.818756103515625 173.2375030517578125 174.399993896484375 175.443756103515625 174.631256103515625 173.6312408447265625 173.5625 172.618743896484375 170.725006103515625 169.256256103515625 171.3562469482421875 172.625 174.399993896484375 176.962493896484375 179.6437530517578125 181.118743896484375 183.5437469482421875 184.587493896484375 184.693756103515625 184.9937591552734375
189.2687530517578125 187.493743896484375 186.368743896484375 187.2062530517578125 188.8312530517578125 190.537506103515625 193.193756103515625 199.350006103515625 205.068756103515625 208.1125030517578125 202.21875 194.162506103515625 187.5 180.6374969482421875 173.006256103515625 164.6374969482421875 156.506256103515625 150.3125 153.587493896484375 162.5187530517578125 172.149993896484375 178.5437469482421875 182.225006103515625 183.6062469482421875 184.03125 185.5437469482421875 185.087493896484375 184.787506103515625 186.4875030517578125 184.3937530517578125 182.46875 178.9812469482421875 178.5625 177.4187469482421875 175.6125030517578125 176.850006103515625 178.6125030517578125 178.443756103515625 180.84375 182.8312530517578125 185.537506103515625 186.818756103515625 188 187.337493896484375 186.6750030517578125
196.149993896484375 195.131256103515625 194.125 193.681243896484375 195.2062530517578125 198.131256103515625 202.3937530517578125 208.193756103515625 214.837493896484375 220.09375 214.8249969482421875 209.024993896484375 203.350006103515625 198.100006103515625 190.6437530517578125 185.03125 177.087493896484375 170.9499969482421875 177.09375 187.0812530517578125 194.375 198.375 201.46875 199.9562530517578125 199.037506103515625 198.5187530517578125 197.556243896484375 195.993743896484375 196.0625 194.743743896484375 191.875 188.6999969482421875 186.7624969482421875 186.337493896484375 186.962493896484375 187.493743896484375 188.318756103515625 188.4375 190.0625 191.9812469482421875 191.993743896484375 193.006256103515625 192.8249969482421875 191.712493896484375 190.46875
202.6125030517578125 201.556243896484375 201.1125030517578125 199.162506103515625 198.7937469482421875 200.375 204.625 209.6875 214.2687530517578125 217.118743896484375 219.412506103515625 218.8249969482421875 218.2937469482421875 216.1750030517578125 212.037506103515625 209.2312469482421875 206.9375 208.8125 215.4875030517578125 220.556243896484375 219.59375 220.3000030517578125 218.568756103515625 215.506256103515625 213.6062469482421875 210.618743896484375 208.6875 206.837493896484375 204.837493896484375 203.068756103515625 201.806243896484375 199.03125 197.100006103515625 196.287506103515625 196.524993896484375 198.2062530517578125 198.6875 199.1062469482421875 201.375 200.6687469482421875 198.6999969482421875 198.53125 197.6062469482421875 195.9875030517578125 194.03125
210.0749969482421875 206.181243896484375 205.100006103515625 204.068756103515625 203.118743896484375 205.3125 207.256256103515625 206.9375 207.212493896484375 213.649993896484375 223.1125030517578125 228.881256103515625 233.337493896484375 233.868743896484375 234.1875 235.068756103515625 238.3562469482421875 246.3562469482421875 257.556243896484375 255.837493896484375 246.03125 240.881256103515625 236.0437469482421875 231.556243896484375 228.412506103515625 223.2624969482421875 219.5124969482421875 216.381256103515625 214.943756103515625 213.568756103515625 211.0812530517578125 208.8312530517578125 207.274993896484375 206.8125 207.0625 208.4000091552734375 209.0625 209.3562469482421875 209.8125 209.09375 206.943756103515625 205.975006103515625 204.40625 201.568756103515625 200.3125
216.3000030517578125 212.087493896484375 211.2624969482421875 209.3312530517578125 209.0749969482421875 210.09375 211.287506103515625 210.90625 208.8125 213.287506103515625 228.912506103515625 239.0500030517578125 247.475006103515625 250.8125 253.6125030517578125 256.556243896484375 261.26873779296875 269.806243896484375 279.45623779296875 275.36248779296875 261.443756103515625 254.649993896484375 247.8937530517578125 245.2312469482421875 240.693756103515625 234.162506103515625 229.8625030517578125 225.181243896484375 223.4875030517578125 223.181243896484375 222.118743896484375 219.0187530517578125 218.181243896484375 217.475006103515625 217.774993896484375 218.6125030517578125 220.21875 220.662506103515625 220.3562469482421875 219.1437530517578125 216 213.9875030517578125 213.287506103515625 211.274993896484375 209.287506103515625
222.03125 217.6062469482421875 215.6374969482421875 214.4187469482421875 214.681243896484375 216.7312469482421875 218.493743896484375 220.4875030517578125 222.993743896484375 231.2312469482421875 244.212493896484375 254.6687469482421875 263.3125 268.243743896484375 272.381256103515625 276.568756103515625 280.118743896484375 284.04376220703125 286.381256103515625 283.368743896484375 270.51873779296875 263.33123779296875 257.63751220703125 256.756256103515625 250.2062530517578125 242.0500030517578125 237.375 233.087493896484375 230.1999969482421875 230.3562469482421875 229.6062469482421875 227.9250030517578125 228.256256103515625 228.75 229.743743896484375 230.09375 231.1125030517578125 231.9562530517578125 230.868743896484375 228.9499969482421875 226.649993896484375 224.212493896484375 222.368743896484375 218.6999969482421875 217.4187469482421875
228.712493896484375 224.212493896484375 221.3125 219.84375 219.5625 222.943756103515625 226.6437530517578125 232.462493896484375 238.9812469482421875 249.3562469482421875 263.96875 274.79998779296875 281.03125 285.193756103515625 289.131256103515625 292.60626220703125 294.100006103515625 293.28125 290.53125 285.35626220703125 275.868743896484375 268.51251220703125 266.0625 263.04376220703125 259.399993896484375 249.149993896484375 243.4000091552734375 239.037506103515625 235.75 234.8249969482421875 234.962493896484375 235.131256103515625 236.9250030517578125 238.662506103515625 240.0500030517578125 241.443756103515625 242.2937469482421875 242.068756103515625 241.1750030517578125 239.3312530517578125 236.381256103515625 232.1437530517578125 229.462493896484375 225.5437469482421875 224.15625
233.787506103515625 229.1374969482421875 226.9875030517578125 227.0437469482421875 227.5999908447265625 230.96875 236.375 245.7062530517578125 255 266.368743896484375 282.25 296.412506103515625 300.70623779296875 302.66876220703125 305.35626220703125 305.918731689453125 305.943756103515625 299.850006103515625 294.45623779296875 286.162506103515625 275.03125 268.92498779296875 269.850006103515625 271.64373779296875 266 252.225006103515625 246.318756103515625 241.9812469482421875 239.6687469482421875 240.899993896484375 241.8249969482421875 242.1875 244.5187530517578125 246.6437530517578125 248.600006103515625 250.3312530517578125 251.5437469482421875 251.212493896484375 249.8312530517578125 248.0812530517578125 244.6999969482421875 239.368743896484375 232.9875030517578125 226.7312469482421875 223.375
239.881256103515625 235.8625030517578125 234.53125 234.493743896484375 235.4250030517578125 241.131256103515625 247.662506103515625 256.57501220703125 267.45623779296875 280.631256103515625 296.850006103515625 312.20623779296875 317.92498779296875 316.40625 318.01873779296875 317.806243896484375 315.381256103515625 309.14373779296875 301.149993896484375 290.243743896484375 272.21875 267.96875 271.600006103515625 270.587493896484375 259.41876220703125 247.3874969482421875 246.193756103515625 245.4562530517578125 244.037506103515625 246.587493896484375 248.4875030517578125 249.212493896484375 251.087493896484375 253.2624969482421875 255.375 257.306243896484375 258.243743896484375 257.98126220703125 255.78125 253.462493896484375 250.84375 243.6687469482421875 231.681243896484375 220.693756103515625 215.78125
244.0187530517578125 241.087493896484375 240.2937469482421875 240.931243896484375 242.899993896484375 247.78125 255.2937469482421875 266.618743896484375 278.318756103515625 292.07501220703125 305.84375 319.243743896484375 324.75 326.96875 326.412506103515625 327.23126220703125 323.725006103515625 317.662506103515625 308.399993896484375 298.04376220703125 283 276.41876220703125 273.412506103515625 269.162506103515625 257.71875 248.5812530517578125 248.0812530517578125 248.0437469482421875 249.0437469482421875 251.993743896484375 254.649993896484375 256.01251220703125 257.36248779296875 258.581268310546875 261.15625 262.712493896484375 264.087493896484375 264.71875 260.88751220703125 256.20623779296875 250.162506103515625 235.9749908447265625 224.4875030517578125 216.693756103515625 214.2624969482421875
247.068756103515625 244.71875 245.1125030517578125 246.4250030517578125 250.037506103515625 256.04376220703125 265.07501220703125 275.662506103515625 286.9375 299.01873779296875 312.537506103515625 324.024993896484375 330.91876220703125 334.600006103515625 333.89373779296875 333.63751220703125 330.056243896484375 322.412506103515625 314.58123779296875 307.26873779296875 294.46875 284.14373779296875 278.51873779296875 271.725006103515625 263.96875 256.618743896484375 255.318756103515625 255.8125 256.362518310546875 260.09375 262.03125 261.75 263.712493896484375 263.625 264.756256103515625 264.95001220703125 266.66876220703125 268.068756103515625 262.70001220703125 250.3249969482421875 235.350006103515625 225.318756103515625 220.0749969482421875 215.368743896484375 211.6125030517578125
248.743743896484375 246.662506103515625 248.0187530517578125 250.1687469482421875 254.8000030517578125 261.66876220703125 271.34375 281.768768310546875 291.993743896484375 304.36248779296875 317.45001220703125 328.79998779296875 336.51251220703125 340.82501220703125 341.25 337.100006103515625 334.42498779296875 327.693756103515625 319.787506103515625 313.73748779296875 304.318756103515625 294.274993896484375 286.42498779296875 278.787506103515625 271.068756103515625 264.381256103515625 262.23126220703125 263.875 265.631256103515625 270.037506103515625 271.725006103515625 270 267.625 266.181243896484375 265.350006103515625 267.375 269.181243896484375 268.962493896484375 261.21875 245.21875 225.837493896484375 217.912506103515625 215.662506103515625 211.34375 208.868743896484375
248.087493896484375 246.962493896484375 248.3562469482421875 251.787506103515625 257.806243896484375 265.274993896484375 275.587493896484375 286.056243896484375 296.3812255859375 307.66876220703125 321.10626220703125 333.506256103515625 341.712493896484375 346.48126220703125 347.381256103515625 344.024993896484375 334.38751220703125 327.587493896484375 322.943756103515625 320.8125 311.89373779296875 303.13751220703125 294.51873779296875 285.712493896484375 279.212493896484375 271.818756103515625 268.82501220703125 270.662506103515625 274.61248779296875 280.34375 282.98126220703125 280.17498779296875 274.40625 269.043731689453125 269.35626220703125 271.125 271.36248779296875 272.181243896484375 267.337493896484375 247.306243896484375 227.40625 218.3000030517578125 212.8312530517578125 208.681243896484375 206.8625030517578125
246.40625 245.850006103515625 247.774993896484375 252.475006103515625 258.462493896484375 267.20001220703125 277.95623779296875 288.693756103515625 298.731231689453125 310.23126220703125 321.65625 336.181243896484375 345.712493896484375 350.90625 351.13751220703125 345.75 335.54376220703125 324.65625 325.368743896484375 325.149993896484375 319.51251220703125 311.45623779296875 302.943756103515625 294.087493896484375 286.71875 280.28125 275.39373779296875 279.04376220703125 285.61248779296875 292.818756103515625 293.46875 282.881256103515625 275.21875 270.600006103515625 268.3125 268.962493896484375 271.787506103515625 272.350006103515625 264.5625 250.1125030517578125 231 219.6999969482421875 212.7375030517578125 208.287506103515625 206.5749969482421875
241.5812530517578125 241.943756103515625 245.0124969482421875 251.162506103515625 258.506256103515625 267.943756103515625 277.600006103515625 289.51251220703125 300.056243896484375 311.350006103515625 322.212493896484375 333.95623779296875 345.48126220703125 355.337493896484375 353.493743896484375 344.118743896484375 331.78125 321.10626220703125 318.350006103515625 322.51873779296875 322.587493896484375 318.5625 305.725006103515625 299.79376220703125 293.46875 288.88751220703125 287.13751220703125 288.756256103515625 295.631256103515625 303.39373779296875 304.60626220703125 289.32501220703125 276.86248779296875 265.1875 259.693756103515625 262.95623779296875 267.399993896484375 267.431243896484375 262.66876220703125 250.056243896484375 233.6437530517578125 221.1875 213.0749969482421875 208.65625 206.8312530517578125
235.75 236.59375 240.5500030517578125 246.243743896484375 254.7937469482421875 266.32501220703125 277.149993896484375 288.07501220703125 298.350006103515625 309.149993896484375 318.8125 330.443756103515625 345.26873779296875 359.993743896484375 352.975006103515625 336.162506103515625 321.04376220703125 316.08123779296875 315.5 319.337493896484375 317.787506103515625 311.787506103515625 306.76873779296875 302 297.899993896484375 296.33123779296875 295.087493896484375 297.26251220703125 299.649993896484375 302.32501220703125 300.04998779296875 286.993743896484375 271.431243896484375 255.2687530517578125 246.568756103515625 251.6374969482421875 262 267.837493896484375 264.28125 253.3874969482421875 237.5187530517578125 222.931243896484375 215.556243896484375 210.6687469482421875 208.443756103515625
