data/historical-monthly-weather-data/wc2.1_cruts4.09_10m_prec_2008-12.asc
ncols        45
nrows        45
xllcorner    -63.500000000000
yllcorner    -7.500000000000
cellsize     0.166666666667
NODATA_value -9999
[rows 0 to 19 of 45, columns 0 to 44 of 45]
337.725006103515625 334.75 322.48748779296875 313.756256103515625 302.056243896484375 291.17498779296875 278.912506103515625 264.9375 252.6187591552734375 241.59375 234.381256103515625 225.743743896484375 218.59375 208.962493896484375 199.193756103515625 189.4875030517578125 180.337493896484375 168.818756103515625 159 149.962493896484375 146.4375 143.125 139.9875030517578125 138.4375 137.0187530517578125 135.287506103515625 134.9375 134.756256103515625 135.056243896484375 138.162506103515625 141.118743896484375 144.8249969482421875 147.118743896484375 148.9250030517578125 150.443756103515625 153.443756103515625 154.931243896484375 156.162506103515625 156.131256103515625 156.4562530517578125 156.193756103515625 154.5124969482421875 152.65625 149.96875 148.899993896484375
342.943756103515625 339.79376220703125 333.36248779296875 328.125 321.462493896484375 309.48748779296875 295.40625 285.14373779296875 275.743743896484375 265.931243896484375 257.337493896484375 246.399993896484375 237.7375030517578125 228.162506103515625 216.9562530517578125 206.2375030517578125 196.1062469482421875 184.8937530517578125 174.2375030517578125 166.006256103515625 163.149993896484375 160.9250030517578125 159.462493896484375 157.181243896484375 154.65625 151.8874969482421875 150.256256103515625 148.506256103515625 147.4250030517578125 151.056243896484375 154.3625030517578125 158.475006103515625 159.7312469482421875 161.524993896484375 163.712493896484375 164.375 167.2312469482421875 168.756256103515625 167.9499969482421875 167.7624969482421875 167.0500030517578125 164.881256103515625 162.631256103515625 158.2375030517578125 155.943756103515625
338.75 337.48748779296875 333.931243896484375 330.51873779296875 326.506256103515625 316.51251220703125 307.506256103515625 301.162506103515625 294.118743896484375 285.65625 276.287506103515625 265.318756103515625 256.681243896484375 246.9250030517578125 235.306243896484375 223.0187530517578125 212.6125030517578125 202.2375030517578125 193.149993896484375 185.556243896484375 183.3000030517578125 182.1999969482421875 181.1062469482421875 177.3937530517578125 173.475006103515625 170.4499969482421875 167.787506103515625 164.693756103515625 163.0124969482421875 165.40625 169.024993896484375 173.1750030517578125 176.131256103515625 176.7937469482421875 178.4499969482421875 180.125 181.225006103515625 181.774993896484375 180.962493896484375 179.8125 177.881256103515625 174.6687469482421875 170.631256103515625 167.0437469482421875 163.475006103515625
330.01873779296875 331.96875 333 329.649993896484375 328.662506103515625 322.64373779296875 318.0625 315.26251220703125 310.350006103515625 305.199981689453125 296.85626220703125 286.225006103515625 276.26251220703125 266.556243896484375 253.662506103515625 241.381256103515625 230.2937469482421875 220.1125030517578125 212.84375 208.4812469482421875 207.1374969482421875 206.09375 203.65625 199.056243896484375 193.243743896484375 189.4250030517578125 185.84375 181.0187530517578125 178.75 181.8249969482421875 185.037506103515625 188.087493896484375 191.693756103515625 194.0124969482421875 195.1374969482421875 195.8874969482421875 195.4375 195.4812469482421875 194.6125030517578125 192.09375 188.15625 183.931243896484375 178.993743896484375 175.100006103515625 170.975006103515625
335.57501220703125 331.337493896484375 327.35626220703125 328.118743896484375 330.29998779296875 328.98748779296875 327.125 327.10626220703125 326.850006103515625 324.48748779296875 316.13751220703125 304.54376220703125 295.931243896484375 286.76873779296875 273.14373779296875 260.100006103515625 248.2312469482421875 239.8249969482421875 235.1125030517578125 233.725006103515625 232.9812469482421875 230.475006103515625 227.3874969482421875 221.3312530517578125 214.100006103515625 209.125 202.943756103515625 197.15625 193.8937530517578125 197.350006103515625 201.0625 203.5500030517578125 206.568756103515625 209.28125 210.743743896484375 211.4499969482421875 211.46875 210.34375 208.337493896484375 204.2312469482421875 198.78125 193.225006103515625 187.8125 181.8937530517578125 178.193756103515625
339.5 336.70623779296875 330.6875 325.837493896484375 329.868743896484375 333.3125 334.693756103515625 335.16876220703125 334.92498779296875 333.48126220703125 326.368743896484375 316.67498779296875 310.125 301.993743896484375 291.625 280.26251220703125 270.54376220703125 263.3125 263.0625 262.399993896484375 258.66876220703125 255.4375 250.287506103515625 242.649993896484375 234.25 226.84375 221.381256103515625 214.837493896484375 209.8937530517578125 212.681243896484375 216.443756103515625 219.8125 220.6374969482421875 221.850006103515625 225.65625 226.3874969482421875 225.6687469482421875 225.9812469482421875 223.0749969482421875 215.9375 206.2624969482421875 199.693756103515625 192.0124969482421875 186.225006103515625 183.462493896484375
346.51873779296875 343.70623779296875 338.48126220703125 332.73748779296875 332.318756103515625 334.39373779296875 337.42498779296875 338.306243896484375 336.29376220703125 332.4375 331.33123779296875 325.61248779296875 322.875 316.787506103515625 308.98748779296875 301.17498779296875 295.875 296.48748779296875 299.29376220703125 297.506256103515625 289.14373779296875 282.693756103515625 274.20001220703125 263.837493896484375 254.9875030517578125 245.431243896484375 238.256256103515625 232.8249969482421875 227.2375030517578125 228.6875 231.6687469482421875 234.28125 236.0749969482421875 236.681243896484375 238.59375 238.6062469482421875 238.7937469482421875 238.6750030517578125 237.024993896484375 226.59375 213.3000030517578125 204.1437530517578125 196.306243896484375 189.0124969482421875 185.4250030517578125
353.54998779296875 350.0625 345.975006103515625 343.912506103515625 344.20623779296875 343.63751220703125 341.54998779296875 336.76873779296875 330.5625 330.274993896484375 335.21875 335.84375 334.46875 332.912506103515625 327.649993896484375 323.625 321.48748779296875 328.66876220703125 335.45001220703125 330.274993896484375 317.943756103515625 306.4375 295.0625 282.35626220703125 273.23748779296875 263.6875 255.0625 248.4562530517578125 244.3499908447265625 245.8562469482421875 246.225006103515625 247.868743896484375 249.875 250.0749969482421875 252.475006103515625 249.9250030517578125 249.256256103515625 247.462493896484375 241.90625 230.6999969482421875 217.5437469482421875 207.3874969482421875 198.6750030517578125 190.4562530517578125 185.5749969482421875
363.25 360.45623779296875 358.03125 356.98126220703125 356.41876220703125 356.79998779296875 354.356231689453125 347.574981689453125 335.975006103515625 332.58123779296875 341.09375 344.818756103515625 345.53125 344.368743896484375 343.39373779296875 343.5 345.193756103515625 352.84375 359 351.95001220703125 334.524993896484375 321.274993896484375 309.41876220703125 299.08123779296875 288.34375 277.681243896484375 268.787506103515625 262.475006103515625 257.162506103515625 256.975006103515625 258.462493896484375 257.9375 258.85626220703125 260.03125 260.875 258.26251220703125 254.9562530517578125 250.5625 242.475006103515625 231.7062530517578125 217.787506103515625 207.506256103515625 199.1750030517578125 191.225006103515625 188.0124969482421875
370.45623779296875 369.23748779296875 368.48748779296875 369.568756103515625 369.568756103515625 370.29376220703125 368.91876220703125 364.1875 357.63751220703125 354.537506103515625 357.681243896484375 356.67498779296875 358.04376220703125 355.14373779296875 358.875 362.88751220703125 366.78125 369.943756103515625 371.10626220703125 365.23748779296875 348.3125 333.881256103515625 321.88751220703125 312.58123779296875 300.993743896484375 289.6875 281.04998779296875 274.193756103515625 269.34375 268.28125 267.1875 265.82501220703125 265.89373779296875 265.79376220703125 266.837493896484375 265.28125 260.42498779296875 254.4562530517578125 243.5500030517578125 231.5500030517578125 218.53125 208.850006103515625 198.8125 190.5625 188.7937469482421875
379.462493896484375 378.70001220703125 377.856231689453125 378.193756103515625 380.881256103515625 384.5625 385.04998779296875 380.70001220703125 375.162506103515625 373.36248779296875 374.71875 373.33123779296875 371.23748779296875 368.837493896484375 373.95001220703125 380.993743896484375 385.78125 385.337493896484375 381.743743896484375 374.587493896484375 360.45623779296875 345.850006103515625 333.931243896484375 321.100006103515625 313.881256103515625 302.912506103515625 293 283.899993896484375 276.51251220703125 274.693756103515625 272.83123779296875 271.649993896484375 271.524993896484375 271.350006103515625 271.5625 268.368743896484375 263.3125 256.84375 246.6374969482421875 233.462493896484375 219.931243896484375 209.318756103515625 199.7062530517578125 191.649993896484375 189.7375030517578125
385.600006103515625 384.83123779296875 385.09375 387.556243896484375 390.756256103515625 394.9375 397.48748779296875 394.54376220703125 389.287506103515625 388.67498779296875 390.16876220703125 391.787506103515625 388.818756103515625 387.04376220703125 392.04998779296875 396.08123779296875 398.962493896484375 393.84375 387.75 380.3125 364.45623779296875 351.256256103515625 342.17498779296875 331.41876220703125 323.66876220703125 312.956268310546875 301.193756103515625 290.0625 280.556243896484375 277.649993896484375 274.75 273.037506103515625 272.662506103515625 273.03125 273.5 270.45623779296875 265.20623779296875 259.04376220703125 247.899993896484375 234.7312469482421875 221.068756103515625 210.1374969482421875 199.850006103515625 190.899993896484375 187.40625
390.29376220703125 390.90625 392.46875 394.66876220703125 399 401.96875 403.46875 403.068756103515625 399.087493896484375 399.337493896484375 401.67498779296875 406.64373779296875 407.006256103515625 404.84375 409.20623779296875 411.26251220703125 411.20623779296875 405.29998779296875 397.006256103515625 386.48126220703125 366.431243896484375 355.024993896484375 349.59375 340.88751220703125 330.287506103515625 317.84375 305.837493896484375 294.73748779296875 284.82501220703125 278.75 274.537506103515625 271.443756103515625 270.57501220703125 271.51873779296875 272.5 271 267.26251220703125 261.45623779296875 249.8937530517578125 235.412506103515625 220.962493896484375 210.6875 198.6999969482421875 185.6750030517578125 181.71875
392.45001220703125 393.76873779296875 395.59375 398.6875 402.28125 404.84375 406.10626220703125 408.40625 407.61248779296875 406.600006103515625 406.3125 413.51251220703125 419.58123779296875 422.07501220703125 423.01873779296875 426.181243896484375 424.3125 415.71875 405.79376220703125 394.662506103515625 377.08123779296875 364.59375 356.54376220703125 346.274993896484375 335.21875 323.26251220703125 311.931243896484375 298.056243896484375 285.9375 278.006256103515625 272.350006103515625 267.53125 267.506256103515625 268.29376220703125 270.70001220703125 269.95623779296875 267.89373779296875 264.66876220703125 254.3562469482421875 241.1437530517578125 223.03125 207.2937469482421875 193.7937469482421875 183.1374969482421875 180.875
396.45001220703125 397.79998779296875 400.70623779296875 403.587493896484375 407.60626220703125 409.462493896484375 412.58123779296875 415.056243896484375 414.5 412.681243896484375 412.36248779296875 421.118743896484375 428.01251220703125 433.274993896484375 433.318756103515625 435.53125 431.568756103515625 422.087493896484375 411.71875 403.35626220703125 386.48126220703125 373.03125 362.006256103515625 350.631256103515625 339.837493896484375 327.70001220703125 315.28125 301.01251220703125 287.03125 275.17498779296875 266.26251220703125 261 261.125 263 266.3125 264.70623779296875 265.256256103515625 266.21875 260.11248779296875 245.318756103515625 224.3312530517578125 208.225006103515625 194.993743896484375 184.524993896484375 179.125
398.01873779296875 400.20623779296875 403.54376220703125 407.837493896484375 411.84375 414.34375 417.125 417.84375 417.79376220703125 418.51873779296875 418.14373779296875 427.20623779296875 435.9375 442.28125 443.01873779296875 440.556243896484375 435.96875 428.431243896484375 418.225006103515625 409.462493896484375 394.76873779296875 379.9375 367.693756103515625 355.41876220703125 344.962493896484375 334.9375 321.35626220703125 305.38751220703125 288.26251220703125 271.89373779296875 259.98748779296875 251.7937469482421875 249.96875 251.71875 254.068756103515625 254.475006103515625 258.53125 264.29998779296875 262.899993896484375 248.537506103515625 226.40625 209.5749969482421875 195.5124969482421875 182.1312408447265625 177.28125
398.399993896484375 401.78125 403.42498779296875 408.90625 414.40625 416.006256103515625 419.306243896484375 422.243743896484375 423.943756103515625 423.79998779296875 423.88751220703125 432.6875 442.318756103515625 449.475006103515625 450.26873779296875 446.243743896484375 437.54998779296875 430.35626220703125 423.28125 414.837493896484375 400.868743896484375 386.399993896484375 373.85626220703125 360.89373779296875 351.08123779296875 342.79376220703125 329.70623779296875 310.54998779296875 287.381256103515625 266.98748779296875 252.149993896484375 243.2687530517578125 238.8000030517578125 235.600006103515625 235.318756103515625 238.149993896484375 247.4875030517578125 262.42498779296875 272.837493896484375 252.881256103515625 226.5 208.6125030517578125 192.375 180.75 175.5187530517578125
398.375 403.01873779296875 405.962493896484375 412.818756103515625 419.48748779296875 423.73748779296875 427.40625 429.743743896484375 430.79376220703125 431.96875 432.693756103515625 440.33123779296875 447.118743896484375 453.149993896484375 452.45001220703125 447.42498779296875 438.83123779296875 426.07501220703125 423.631256103515625 416.42498779296875 405.368743896484375 392.125 379.5625 367.743743896484375 358.23126220703125 350.51251220703125 339.26873779296875 314.42498779296875 284.96875 259.07501220703125 240.59375 229.9562530517578125 227.4875030517578125 225.8625030517578125 220.931243896484375 214.6374969482421875 232.84375 253.162506103515625 259.73126220703125 246.2624969482421875 221.7375030517578125 204.59375 190.743743896484375 180.274993896484375 175.068756103515625
396.225006103515625 401.931243896484375 407.41876220703125 415.462493896484375 423.681243896484375 429.57501220703125 434.056243896484375 439.149993896484375 440.475006103515625 441.212493896484375 439.32501220703125 443.75 450.53125 456.5 453.943756103515625 447.725006103515625 439.36248779296875 427.04998779296875 418.42498779296875 413.662506103515625 407.125 399.6875 383.46875 373.46875 365.71875 357.524993896484375 342.70001220703125 317.71875 285.8125 254.4562530517578125 230.1750030517578125 224.537506103515625 226.40625 224.1687469482421875 218.1062469482421875 215.649993896484375 228.0812530517578125 240.65625 244.0749969482421875 232.9812469482421875 214.068756103515625 199.5812530517578125 187.756256103515625 179.068756103515625 175.3312530517578125
391.587493896484375 398.931243896484375 404.70623779296875 414.125 424.64373779296875 433.39373779296875 440.649993896484375 447.0625 449.32501220703125 447.568756103515625 445.868743896484375 451.40625 457.26873779296875 459.587493896484375 454.050018310546875 444.29376220703125 434.21875 425.83123779296875 418.65625 413.649993896484375 404.75 394.943756103515625 386.88751220703125 378.76251220703125 371.13751220703125 362 345.381256103515625 322.98126220703125 292.587493896484375 260.4375 238.037506103515625 232.0749969482421875 232.056243896484375 232.0625 231.1999969482421875 228.4250030517578125 232.65625 237.5124969482421875 235.5187530517578125 225.193756103515625 208.8937530517578125 194.2687530517578125 185.587493896484375 178.90625 176.037506103515625
