data/historical-monthly-weather-data/wc2.1_cruts4.09_10m_prec_2006-05.asc
ncols        51
nrows        45
xllcorner    -63.500000000000
yllcorner    -7.500000000000
cellsize     0.166666666667
NODATA_value -9999
[rows 0 to 19 of 45, columns 0 to 43 of 51]
403.16876220703125 402.225006103515625 408.556243896484375 423.725006103515625 435.75 447.506256103515625 453.76251220703125 462.45623779296875 468.931243896484375 479 485.20623779296875 481.16876220703125 479.01873779296875 477.012481689453125 467.287506103515625 459.568756103515625 449.96875 437.518768310546875 428.837493896484375 424.48126220703125 425.25 426.23126220703125 431.524993896484375 428.118743896484375 426.03125 425.39373779296875 416.03125 407.67498779296875 397.29998779296875 398.6875 396.26251220703125 397.26873779296875 401.98126220703125 405.024993896484375 408.54998779296875 416.20623779296875 422.48126220703125 424.912506103515625 426.493743896484375 430.243743896484375 430.21875 429.774993896484375 425.23126220703125 425.95001220703125
394.962493896484375 390.5 399.95001220703125 415.54376220703125 431.931243896484375 444.931243896484375 451.54998779296875 460.96875 471.11248779296875 477.98126220703125 485.16876220703125 481.037506103515625 475.84375 470.493743896484375 458.8125 447.506256103515625 436.006256103515625 419.649993896484375 410.274993896484375 403.568756103515625 404.20001220703125 407.0625 409.625 410.850006103515625 409.618743896484375 407.693756103515625 403.54376220703125 397.88751220703125 392.03125 394.08123779296875 395.23126220703125 403.51873779296875 407.04376220703125 414.59375 418.818756103515625 420.95623779296875 429.64373779296875 433.056243896484375 437.41876220703125 434.33123779296875 433.78125 438.17498779296875 433.53125 427.60626220703125
378.73748779296875 378.11248779296875 391.193756103515625 405.875 420 434.57501220703125 447.01251220703125 460.92498779296875 472.40625 479.57501220703125 484.54998779296875 477.399993896484375 468.850006103515625 457.70623779296875 445.149993896484375 434.32501220703125 420.393768310546875 404.54376220703125 396.493743896484375 392.537506103515625 395.04998779296875 401.962493896484375 406.41876220703125 407.024993896484375 406.14373779296875 408.131256103515625 406.774993896484375 400.1875 392.91876220703125 395.975006103515625 399.01251220703125 405.88751220703125 414.91876220703125 420.287506103515625 427.58123779296875 428.5 434.59375 439.131256103515625 440.725006103515625 440.475006103515625 443.524993896484375 440.59375 439.28125 433.66876220703125
357.6875 355.350006103515625 375.83123779296875 390.46875 405.79998779296875 419.693756103515625 434.53125 453.006256103515625 471.118743896484375 480.568756103515625 481.131256103515625 471.143768310546875 456.568756103515625 443.46875 429.60626220703125 416.28125 401.056243896484375 388.850006103515625 383.256256103515625 385.068756103515625 395.33123779296875 402.04998779296875 405.88751220703125 408.03125 407.712493896484375 407.48748779296875 407.431243896484375 399.037506103515625 392.23748779296875 399.51251220703125 404.537506103515625 411.649993896484375 418.681243896484375 423.518768310546875 427.556243896484375 435.712493896484375 443.36248779296875 447.037506103515625 448.95001220703125 449.662506103515625 449.63751220703125 451.368743896484375 444.26251220703125 437.11248779296875
359.350006103515625 353.25 355.16876220703125 369.306243896484375 387.493743896484375 400.70001220703125 418.26251220703125 439.95623779296875 464.5625 479.631256103515625 473.85626220703125 456.45001220703125 444.3125 431.6875 416.774993896484375 400.98126220703125 384.524993896484375 375.600006103515625 372.600006103515625 379 391.256256103515625 398.45623779296875 402.21875 409.48748779296875 407.856231689453125 407.824981689453125 401.243743896484375 398.20001220703125 393.64373779296875 399.875 408.23126220703125 413.85626220703125 419.850006103515625 429.181243896484375 435.993743896484375 440.45001220703125 449.60626220703125 456.412506103515625 459.618743896484375 459.006256103515625 460.9375 456.61248779296875 450.318756103515625 445.475006103515625
354.09375 349.29376220703125 349.399993896484375 348.45623779296875 366.9375 386.86248779296875 405.125 423.91876220703125 449.54998779296875 466.92498779296875 463.64373779296875 444.64373779296875 436.08123779296875 426.51873779296875 409.78125 398.899993896484375 381.962493896484375 373.462493896484375 374.149993896484375 384.118743896484375 394.212493896484375 403.337493896484375 411.21875 411.399993896484375 411.70001220703125 411.85626220703125 406.26873779296875 400.649993896484375 398.5625 405.51873779296875 413.5625 421.431243896484375 427.13751220703125 435.35626220703125 441.375 448.100006103515625 454.743743896484375 460.399993896484375 468.943756103515625 468.506256103515625 465.4375 462.03125 454.1875 448.462493896484375
351.618743896484375 345.57501220703125 345.01873779296875 345.100006103515625 351.89373779296875 364.51873779296875 381.3125 399.1875 409.38751220703125 426.399993896484375 433.40625 426.25 423.20623779296875 418.087493896484375 406.82501220703125 395.875 387.287506103515625 384.45623779296875 385.57501220703125 396.89373779296875 402.98748779296875 408.59375 411.01873779296875 414.568756103515625 416.962493896484375 420.912506103515625 413.36248779296875 406.76251220703125 400.32501220703125 407.787506103515625 416.806243896484375 421.600006103515625 425.649993896484375 433.756256103515625 441.725006103515625 451.04376220703125 455.756256103515625 461.42498779296875 470.493743896484375 474.01251220703125 468.368743896484375 461.01873779296875 453.41876220703125 449.98748779296875
347.993743896484375 341.337493896484375 340.4375 343.368743896484375 349.46875 361.756256103515625 366.412506103515625 363.131256103515625 360.756256103515625 379.84375 402.20623779296875 407.225006103515625 412.58123779296875 410.475006103515625 404.618743896484375 399.537506103515625 394.149993896484375 397.20623779296875 400.649993896484375 406.33123779296875 414.962493896484375 416.83123779296875 418.306243896484375 416.087493896484375 421.212493896484375 417.41876220703125 414.95623779296875 406.850006103515625 401.39373779296875 408.649993896484375 416.681243896484375 420.76873779296875 426.76251220703125 431.20001220703125 435.23748779296875 442.01873779296875 449.23748779296875 457.85626220703125 462.38751220703125 459.256256103515625 459.362518310546875 452.899993896484375 447.631256103515625 440.125
345.118743896484375 339.33123779296875 340.537506103515625 341.78125 345.78125 354.89373779296875 358.806243896484375 357.76873779296875 347.70623779296875 350.57501220703125 372.837493896484375 388.287506103515625 402.29998779296875 403.537506103515625 402.75 404.58123779296875 404.76873779296875 412.08123779296875 421.08123779296875 419.21875 417.118743896484375 422.83123779296875 417.73748779296875 424.76873779296875 421.01873779296875 415.337493896484375 408.118743896484375 405.556243896484375 405.59375 409.07501220703125 418.493743896484375 419.40625 416.65625 416.818756103515625 423.63751220703125 431.86248779296875 440.006256103515625 448.962493896484375 456.07501220703125 450.975006103515625 445.493743896484375 438.71875 438.16876220703125 436.13751220703125
341.26873779296875 338.149993896484375 339.67498779296875 342.600006103515625 343.037506103515625 351.58123779296875 357.006256103515625 358.931243896484375 358.29376220703125 364.53125 377.125 380.787506103515625 396.45001220703125 398.993743896484375 404.875 407.54376220703125 411.26873779296875 419.78125 430.943756103515625 436.91876220703125 430.03125 423.66876220703125 419.368743896484375 422.15625 414.70623779296875 409.149993896484375 401.70001220703125 399.36248779296875 402.037506103515625 409.78125 411.79376220703125 409.506256103515625 410.693756103515625 411.662506103515625 413.28125 420.212493896484375 426.53125 436.01873779296875 443.38751220703125 446.45001220703125 447.131256103515625 445.087493896484375 433.46875 422.681243896484375
337.287506103515625 336.837493896484375 337.462493896484375 340.95001220703125 341.57501220703125 351.29376220703125 358.11248779296875 358.806243896484375 361.41876220703125 371.38751220703125 384.681243896484375 392.743743896484375 391.975006103515625 397.86248779296875 402.899993896484375 407.40625 414.32501220703125 425.35626220703125 436.368743896484375 447.556243896484375 454.087493896484375 440.20623779296875 426.61248779296875 405.837493896484375 408.506256103515625 408.881256103515625 401.524993896484375 398.39373779296875 394.881256103515625 397 400.78125 400.76873779296875 400.443756103515625 400.412506103515625 400.33123779296875 402.85626220703125 408.79998779296875 419.774993896484375 431.875 438.475006103515625 441.625 436.8125 433.71875 417.42498779296875
336.087493896484375 334.649993896484375 336.399993896484375 339.993743896484375 342.787506103515625 348.4375 358.26873779296875 363.86248779296875 370.149993896484375 375.068756103515625 387.006256103515625 399.631256103515625 392.931243896484375 396.068756103515625 404.287506103515625 406.0625 412.45001220703125 423.1875 435.837493896484375 452.98126220703125 465.368743896484375 459.8125 443.399993896484375 417.09375 400.85626220703125 390.64373779296875 381.48748779296875 379.15625 380.20623779296875 381.125 378.82501220703125 378.006256103515625 377.79998779296875 377.64373779296875 381.587493896484375 389.100006103515625 398.024993896484375 406.125 414.92498779296875 423.16876220703125 430.506256103515625 426.34375 415.6875 387.431243896484375
335.943756103515625 332.48126220703125 333.618743896484375 337.61248779296875 339.868743896484375 347.98126220703125 354.42498779296875 358.850006103515625 366.39373779296875 376.350006103515625 386.962493896484375 397.243743896484375 398.125 387.11248779296875 391.34375 399.875 405.84375 416.787506103515625 428.756256103515625 445.54998779296875 463.806243896484375 457.59375 443.15625 416.51251220703125 379.79998779296875 363.162506103515625 365.59375 365.743743896484375 368.67498779296875 370.4375 364.462493896484375 357.14373779296875 355.04998779296875 353.54998779296875 358.78125 370.693756103515625 382.29376220703125 395.46875 408.350006103515625 416.125 419.756256103515625 416.350006103515625 393.243743896484375 370.75
328.66876220703125 326.66876220703125 329.524993896484375 333.024993896484375 337.26251220703125 343.09375 348.21875 353.806243896484375 363.6875 372.693756103515625 375.975006103515625 382.48748779296875 384.625 382.17498779296875 373.04376220703125 385.118743896484375 390.85626220703125 399.0625 413.5625 430.631256103515625 444.26873779296875 442.443756103515625 433.01873779296875 412.82501220703125 383.70623779296875 363.943756103515625 357.48748779296875 352.04376220703125 352.51251220703125 349.76873779296875 348.587493896484375 339.274993896484375 336.67498779296875 335.5625 338.556243896484375 354.600006103515625 372.38751220703125 390.26873779296875 405.475006103515625 408.78125 397.11248779296875 380.84375 374.82501220703125 372.63751220703125
321.16876220703125 321.45001220703125 325.48748779296875 328.60626220703125 331.82501220703125 338.006256103515625 346.350006103515625 353.95001220703125 360.306243896484375 364.28125 365.79376220703125 369.76251220703125 368.625 365.375 350.431243896484375 359.23126220703125 367.5 380.33123779296875 393.88751220703125 408.03125 422.61248779296875 426.83123779296875 425.725006103515625 419.03125 404.024993896484375 388.493743896484375 373.225006103515625 362.6875 355.181243896484375 347.48126220703125 333.818756103515625 321.9375 323.32501220703125 316.681243896484375 312.5625 324.350006103515625 356.243743896484375 382.725006103515625 393.84375 390.42498779296875 376.743743896484375 371.23748779296875 377.681243896484375 373.89373779296875
312.79998779296875 312.98126220703125 319.024993896484375 323.806243896484375 326.45623779296875 334.65625 343.61248779296875 350.28125 353.493743896484375 357.51873779296875 356.743743896484375 358.03125 356.100006103515625 354.756256103515625 344.01251220703125 331.70001220703125 344.431243896484375 364.57501220703125 373.931243896484375 387.006256103515625 402.32501220703125 417.38751220703125 427.32501220703125 430.03125 419.618743896484375 402.92498779296875 384.38751220703125 367.76873779296875 356.78125 348.86248779296875 338.78125 323.45623779296875 309.29376220703125 296.45623779296875 290.149993896484375 318.375 340.28125 362.98748779296875 377.181243896484375 381.556243896484375 375.181243896484375 370.1875 369.98126220703125 359.306243896484375
306.256256103515625 307.5 311.625 318.118743896484375 324.375 330.04376220703125 336.806243896484375 342.14373779296875 347.1875 350.037506103515625 350.61248779296875 353.350006103515625 350.17498779296875 346.54376220703125 339.975006103515625 332.225006103515625 322.10626220703125 338.86248779296875 354 368.14373779296875 385.07501220703125 402.25 422.16876220703125 435.76251220703125 435.337493896484375 407.16876220703125 383.850006103515625 367.6875 355.899993896484375 346.631256103515625 337.48748779296875 326.993743896484375 314.71875 304.506256103515625 313.95623779296875 326.11248779296875 346.82501220703125 368.13751220703125 387.65625 381.475006103515625 371.762481689453125 363.024993896484375 353.20623779296875 348.225006103515625
297.506256103515625 301.25 307.5 313.368743896484375 320.11248779296875 329.23126220703125 334.33123779296875 337.975006103515625 340.54998779296875 343.881256103515625 344.41876220703125 349.63751220703125 342.76251220703125 340.95001220703125 335.23126220703125 329.743743896484375 320.82501220703125 313.21875 339.34375 350.70623779296875 366.32501220703125 385.91876220703125 407.100006103515625 422.39373779296875 426.056243896484375 404.881256103515625 376.149993896484375 364.087493896484375 353.95623779296875 339.10626220703125 318.556243896484375 302.42498779296875 315.23748779296875 320.13751220703125 323.381256103515625 348.493743896484375 368.125 375.9375 383.96875 380.26873779296875 360.681243896484375 350.25 341.131256103515625 337.46875
288.662506103515625 293.556243896484375 299.70001220703125 308.88751220703125 317.837493896484375 324.943756103515625 331.524993896484375 337.11248779296875 339.34375 343.743743896484375 341.79998779296875 336.65625 331.92498779296875 330.762481689453125 325.96875 324.04998779296875 320.787506103515625 309.29998779296875 312.6875 325.850006103515625 343.40625 368.48748779296875 370.08123779296875 388.493743896484375 394.087493896484375 391.54376220703125 375.95001220703125 356.837493896484375 346.943756103515625 331.66876220703125 315.38751220703125 308.09375 317.774993896484375 322.73126220703125 330.45001220703125 349.08123779296875 357.86248779296875 360.837493896484375 368.943756103515625 360.6875 345.23748779296875 333.23126220703125 329.11248779296875 329.649993896484375
278.556243896484375 284.76251220703125 292.73126220703125 300.006256103515625 310.45623779296875 323.39373779296875 332.17498779296875 337.662506103515625 339.587493896484375 339.71875 340.556243896484375 340.912506103515625 340.537506103515625 333.34375 325.350006103515625 311.125 300.100006103515625 305.537506103515625 306.71875 314.95001220703125 320.962493896484375 337.73748779296875 359.32501220703125 366.649993896484375 366.13751220703125 357.774993896484375 350.399993896484375 345.51251220703125 330.350006103515625 312.681243896484375 304.3125 313.13751220703125 317.125 319.09375 330.03125 342.76251220703125 349.412506103515625 352.16876220703125 350.91876220703125 345.15625 327.92498779296875 316.600006103515625 318.17498779296875 319.60626220703125
