data/historical-monthly-weather-data/wc2.1_cruts4.09_10m_prec_1965-07.asc
ncols        45
nrows        45
xllcorner    -63.500000000000
yllcorner    -7.500000000000
cellsize     0.166666666667
NODATA_value -9999
[rows 19 to 37 of 45, columns 0 to 43 of 45]
144.75 150.46875 149.600006103515625 148.0500030517578125 145.056243896484375 143.625 134.787506103515625 129.15625 123.47499847412109375 114.5500030517578125 107.09999847412109375 103.63124847412109375 97.31874847412109375 91.05625152587890625 81.75624847412109375 71.9562530517578125 65.1875 67.25 60.50624847412109375 55.90625 49.25 48.50624847412109375 50.137500762939453125 52.72499847412109375 53.55625152587890625 51.674999237060546875 52.387500762939453125 55.65625 56.893749237060546875 57.94374847412109375 62.862499237060546875 72.2624969482421875 76.58750152587890625 80.6062469482421875 86.0812530517578125 95.0437469482421875 101.8000030517578125 106.3874969482421875 109.0187530517578125 106.78749847412109375 99.40000152587890625 92.09375 89.9875030517578125 86.0124969482421875
127.59375 140.6437530517578125 145.537506103515625 141.0187530517578125 135.693756103515625 133.9562530517578125 127.6875 122.80625152587890625 116.46875 109.52500152587890625 101.4562530517578125 98.1374969482421875 93.5437469482421875 86.71250152587890625 78.09999847412109375 70.1125030517578125 64.6999969482421875 61.862499237060546875 60.33750152587890625 54.05625152587890625 53.200000762939453125 52.46250152587890625 52.72499847412109375 55.91249847412109375 56.481250762939453125 53.83750152587890625 51.53749847412109375 54.174999237060546875 57.59375 60.3125 66.8312530517578125 73.6875 74.66249847412109375 78.94374847412109375 84.22499847412109375 91.22499847412109375 97.58750152587890625 99.69374847412109375 99.4812469482421875 96.8249969482421875 92.7375030517578125 89.5437469482421875 85.8625030517578125 83.03125
120.375 125.2375030517578125 131.65625 131.962493896484375 129.774993896484375 122.9875030517578125 117.8562469482421875 113.3312530517578125 108.96875 103.05625152587890625 97.65000152587890625 91.6750030517578125 86.38124847412109375 83.93125152587890625 79.03125 71.3562469482421875 68 63.69374847412109375 60.77500152587890625 57.02500152587890625 53.450000762939453125 52.71250152587890625 53.34375 53.700000762939453125 52.737499237060546875 51.262500762939453125 53.77500152587890625 54.325000762939453125 59.612499237060546875 64.8625030517578125 68.80625152587890625 72.47499847412109375 73.75 76.2375030517578125 78.74375152587890625 85.9562530517578125 91.3625030517578125 93.59375 93.6062469482421875 91.9812469482421875 89.13124847412109375 87.03749847412109375 84.6125030517578125 81.84999847412109375
113.0749969482421875 123.30625152587890625 126.5500030517578125 125 121.8937530517578125 117.0124969482421875 106.59375 102.3312530517578125 100.13124847412109375 99.1875 95.5749969482421875 89.99375152587890625 87.02500152587890625 83.25624847412109375 80.09999847412109375 75.53125 69.22499847412109375 63.43125152587890625 59.65625 57.46250152587890625 57.206249237060546875 54.74375152587890625 53.543750762939453125 53.46875 54.16249847412109375 51.86875152587890625 52.30625152587890625 55.3125 58.49375152587890625 62.125 65.8937530517578125 70.3874969482421875 70.83750152587890625 71.02500152587890625 74.125 77.6687469482421875 83.49375152587890625 84.59375 86.86875152587890625 87.4250030517578125 85.91249847412109375 82.65000152587890625 81 78.49375152587890625
101.83750152587890625 113.8562469482421875 120.21875 118.24375152587890625 115.3125 108.7375030517578125 104.65625 98.8625030517578125 94.13124847412109375 90.31874847412109375 88.28125 89.1125030517578125 86.50624847412109375 84.3874969482421875 79.1125030517578125 74.6999969482421875 68.1687469482421875 65.0187530517578125 60.981250762939453125 59.94374847412109375 57.612499237060546875 57.106250762939453125 55.53125 56.956249237060546875 56.83750152587890625 53.94374847412109375 55.518749237060546875 55.25 57.075000762939453125 59.9375 63.575000762939453125 66.96875 65.9250030517578125 64.7375030517578125 68.8874969482421875 70.2312469482421875 75.8000030517578125 79.3312530517578125 81.4375 81.6374969482421875 81.28125 78.74375152587890625 77.7312469482421875 75.06874847412109375
94.13124847412109375 105.96875 113.8000030517578125 113.53749847412109375 111.7312469482421875 104.02500152587890625 99.47499847412109375 94.5124969482421875 90.2937469482421875 88.78125 87.08750152587890625 83.40625 84.47499847412109375 82.03125 76.7375030517578125 71.0187530517578125 66.8249969482421875 64.72499847412109375 62.212497711181640625 60.331249237060546875 59.27500152587890625 58.0625 59.00624847412109375 58.80625152587890625 56.75 56.731250762939453125 55.081249237060546875 54.66249847412109375 55.03125 57.393749237060546875 58.018749237060546875 59.15000152587890625 60.16249847412109375 59.71875 60.81874847412109375 64.02500152587890625 69.44374847412109375 71.91249847412109375 74.84375 76.3125 75.3312530517578125 74.61875152587890625 74.21875 71.5625
92.34375 102.9562530517578125 105.06874847412109375 106.7375030517578125 105.09375 99.25624847412109375 94.69374847412109375 89.8000030517578125 85.11875152587890625 80.6125030517578125 82.9250030517578125 81.5187530517578125 78.875 77.52500152587890625 73.78125 69.625 65.3000030517578125 63.43125152587890625 61.94374847412109375 59.71250152587890625 60.543750762939453125 59.96250152587890625 60.6875 60.53749847412109375 57.97499847412109375 55.831249237060546875 55.106250762939453125 53.581249237060546875 52.3125 52.52500152587890625 52.59999847412109375 52.49375152587890625 52.1875 52.918750762939453125 55.68125152587890625 58.950000762939453125 63.28125 66.90625 69.4375 70.9875030517578125 72.34375 70.33750152587890625 69.34375 66.78125
88.46250152587890625 94.88124847412109375 99.2624969482421875 101.27500152587890625 99.47499847412109375 95.3000030517578125 91.6750030517578125 86.56874847412109375 80.6374969482421875 80.81874847412109375 81.58750152587890625 80.3000030517578125 78.34999847412109375 75.31874847412109375 71.2312469482421875 69.0749969482421875 65.21875 62.1875 61.3125 60.18125152587890625 59.25624847412109375 59.13124847412109375 60.625 61.97499847412109375 58.174999237060546875 54.0625 52.94374847412109375 52 50.86875152587890625 48.81874847412109375 49.012500762939453125 46.80625152587890625 45.950000762939453125 49 50.825000762939453125 54.81874847412109375 57.081249237060546875 60.431247711181640625 63.49375152587890625 66.0124969482421875 68.71875 67.90000152587890625 66.1999969482421875 63.456249237060546875
85.3625030517578125 88.15000152587890625 91.6875 95.13124847412109375 93.8249969482421875 90.59999847412109375 87.3562469482421875 82.59375 79.3937530517578125 78.625 78.00624847412109375 75.83750152587890625 74.5812530517578125 72.52500152587890625 68.46250152587890625 65.69374847412109375 62.99375152587890625 60.88124847412109375 58.31874847412109375 57.9375 58.762500762939453125 57.950000762939453125 56.987499237060546875 58.043750762939453125 56.13124847412109375 52.6875 51.424999237060546875 50.387500762939453125 49.15625 48.075000762939453125 46.987499237060546875 45.83750152587890625 44.875 45.22499847412109375 47.0625 50.262500762939453125 52.168750762939453125 55.418750762939453125 58.856250762939453125 62.83750152587890625 65.3312530517578125 66.91249847412109375 63.97499847412109375 62.11875152587890625
81.4499969482421875 84.0749969482421875 88.0124969482421875 86.9375 87.2312469482421875 83.1999969482421875 79.86875152587890625 77.7375030517578125 75.05625152587890625 75.1062469482421875 74.02500152587890625 72.21875 71.46875 70.58750152587890625 67.1437530517578125 64.2375030517578125 62.5 58.75624847412109375 57.08750152587890625 56.518749237060546875 56.3125 55.450000762939453125 55.06874847412109375 54.75624847412109375 53.30625152587890625 50.77500152587890625 49.65000152587890625 48.65000152587890625 48.825000762939453125 47.674999237060546875 45.831249237060546875 44.75 43.25624847412109375 42.75624847412109375 43.91249847412109375 46.518749237060546875 48.424999237060546875 51.1875 54.174999237060546875 56.4375 60.28125 60.22499847412109375 59.375 57.962497711181640625
78 82.63750457763671875 84.6125030517578125 83.5749969482421875 81.68125152587890625 78.86875152587890625 75.1125030517578125 74.50624847412109375 73.4499969482421875 72.11875152587890625 71.1750030517578125 71.02500152587890625 70.1750030517578125 68.1437530517578125 65.22499847412109375 62.66249847412109375 59.97499847412109375 57.72499847412109375 55.21250152587890625 53.793750762939453125 54.018749237060546875 52.90000152587890625 52.518749237060546875 51.237499237060546875 50.34375 48.72499847412109375 47.487499237060546875 46.956249237060546875 47.15000152587890625 45.75 44.38124847412109375 42.90625 41.293750762939453125 40.90625 41.16249847412109375 42.799999237060546875 45.71250152587890625 47.08750152587890625 48.237499237060546875 50.375 54.012500762939453125 54.65625 54 52.237499237060546875
76.27500152587890625 80 78.2937469482421875 79.6999969482421875 79.19374847412109375 77.11875152587890625 73.3625030517578125 71.24375152587890625 70.40625 69.6374969482421875 69.34999847412109375 68.43125152587890625 69.28125 65.8874969482421875 62.61875152587890625 60.825000762939453125 59.84375 55.731250762939453125 52.137500762939453125 51.94374847412109375 52.28749847412109375 51.09375 49.93125152587890625 47.956249237060546875 46.606250762939453125 46.78749847412109375 45.81874847412109375 44.63124847412109375 43.8125 43.262500762939453125 42.21875 41.49375152587890625 40.293750762939453125 39.97499847412109375 39.80625152587890625 40.231250762939453125 41.825000762939453125 43.9375 43.793750762939453125 43.793750762939453125 46.012500762939453125 47.987499237060546875 47.799999237060546875 46.03125
74.375 74.50624847412109375 72.8000030517578125 72.59999847412109375 73.48125457763671875 72.59999847412109375 70.9250030517578125 68.46250152587890625 68.2312469482421875 66.5500030517578125 66.55625152587890625 67.1999969482421875 66.3249969482421875 65.6125030517578125 62.875 60.58750152587890625 58.53749847412109375 54.52500152587890625 50.41249847412109375 50.25 49.18125152587890625 48.331249237060546875 46.625 44.862499237060546875 44.63124847412109375 43.74375152587890625 43.174999237060546875 43.018749237060546875 41.418750762939453125 40.99375152587890625 40.83750152587890625 40.043750762939453125 38.606250762939453125 38.174999237060546875 38.27500152587890625 37.981250762939453125 39.33750152587890625 38.856250762939453125 38.706249237060546875 39.74375152587890625 41.237499237060546875 41.793750762939453125 41.575000762939453125 41.68125152587890625
71.97499847412109375 71.0187530517578125 68.3562469482421875 67.58750152587890625 68.47499847412109375 67.78749847412109375 67.24375152587890625 65.90625 63.96250152587890625 64.5812530517578125 65.7624969482421875 64.5749969482421875 64.44374847412109375 64.81874847412109375 62.768749237060546875 59.356250762939453125 56.012500762939453125 54.11875152587890625 51.262500762939453125 50.325000762939453125 48.5625 46.44374847412109375 44.018749237060546875 43.043750762939453125 43.25 42.112499237060546875 42.200000762939453125 41.25 40.700000762939453125 39.612499237060546875 39.049999237060546875 37.99375152587890625 36.16249847412109375 35.862499237060546875 36.46875 36.91249847412109375 36.237499237060546875 35.575000762939453125 35.549999237060546875 37.1875 38.21875 38.862499237060546875 37.393749237060546875 37.75
69.46250152587890625 68.3562469482421875 66.90625 66.1062469482421875 65.25624847412109375 62.887500762939453125 62.268749237060546875 60.09999847412109375 60.768749237060546875 60.043750762939453125 61.31874847412109375 62.16249847412109375 63.049999237060546875 62.299999237060546875 60.44374847412109375 56.950000762939453125 54.71875 52.518749237060546875 49.90000152587890625 48.49375152587890625 47.3125 44.22499847412109375 42.80625152587890625 42.112499237060546875 41.06874847412109375 39.86875152587890625 39.86875152587890625 39.90000152587890625 39.28749847412109375 38.40625 37.65000152587890625 36.27500152587890625 34.52500152587890625 34.5625 34.768749237060546875 34.456249237060546875 33.125 32.737499237060546875 33.481250762939453125 34.200000762939453125 35.1875 36.112499237060546875 36.15625 35.575000762939453125
67.5437469482421875 64.3874969482421875 64.5625 63.27500152587890625 63.012500762939453125 60.856250762939453125 58.72499847412109375 56.68125152587890625 55.075000762939453125 54.856250762939453125 56.84375 59.581249237060546875 62.80625152587890625 63.02500152587890625 59.52500152587890625 56.331249237060546875 53.6875 51.012500762939453125 49.28749847412109375 46.9375 45.59375 43.893749237060546875 41.8125 40.8125 39.668750762939453125 38.231250762939453125 38.262500762939453125 38.25624847412109375 37.606250762939453125 35.012500762939453125 34.3125 34.231250762939453125 33.21250152587890625 32.90000152587890625 32.200000762939453125 31.743749618530273438 31.162500381469726562 31.40625 31.393749237060546875 31.237501144409179688 31.524999618530273438 31.5625 32.950000762939453125 32.875
63.856250762939453125 62.174999237060546875 62.899997711181640625 60.50624847412109375 59.77500152587890625 57.268749237060546875 55.43125152587890625 53.299999237060546875 51.50624847412109375 50.36875152587890625 52.200000762939453125 56.143749237060546875 61.05625152587890625 59.887500762939453125 57.987499237060546875 55.174999237060546875 52.90625 49.862499237060546875 47.168750762939453125 45.268749237060546875 42.25624847412109375 41.793750762939453125 39.49375152587890625 38.24375152587890625 36.56874847412109375 36.53749847412109375 36.50624847412109375 36.44374847412109375 35.674999237060546875 33.456249237060546875 32.581249237060546875 32.700000762939453125 31.618749618530273438 31.399999618530273438 30.850000381469726562 29.806249618530273438 29.575000762939453125 29.393749237060546875 30.018749237060546875 29.893749237060546875 29.268751144409179688 29.600000381469726562 29.418750762939453125 29.625
59.512500762939453125 59.456249237060546875 59.456249237060546875 56.924999237060546875 56.112499237060546875 54.893749237060546875 52.956249237060546875 50.69374847412109375 48.125 45.231250762939453125 47.75 52.731250762939453125 56.41249847412109375 55.91249847412109375 55.174999237060546875 53.16249847412109375 50.612499237060546875 47.262500762939453125 44.63124847412109375 43.043750762939453125 40.106250762939453125 38.33750152587890625 36.63124847412109375 36.13124847412109375 34.58750152587890625 34.1875 34.206249237060546875 33.8125 33.143749237060546875 32.09375 31.018749237060546875 30.337499618530273438 29.268749237060546875 29.118749618530273438 28.649999618530273438 27.393749237060546875 27.012500762939453125 27.8125 28.649999618530273438 28.056249618530273438 27.118749618530273438 27.306249618530273438 26.950000762939453125 27.756250381469726562
54.59375 55.637500762939453125 54.293750762939453125 53.93125152587890625 53.21250152587890625 51.931247711181640625 50.331249237060546875 48.15625 45.91249847412109375 42.46250152587890625 47.893749237060546875 52.09999847412109375 53.22499847412109375 53.018749237060546875 52.825000762939453125 51.137500762939453125 47.375 45.68125152587890625 42.55625152587890625 40.793750762939453125 38.72499847412109375 36.63124847412109375 34.375 33.97499847412109375 33.206249237060546875 32.58750152587890625 32.206249237060546875 31.831249237060546875 31.293748855590820312 29.90625 27.743749618530273438 27.5625 26.6875 26.75 25.75 24.443750381469726562 25.181249618530273438 25.631250381469726562 26.28125 26.006250381469726562 25.287500381469726562 26.056249618530273438 25.518749237060546875 24.137500762939453125
