data/historical-monthly-weather-data/wc2.1_cruts4.09_10m_prec_2011-10.asc
ncols        51
nrows        45
xllcorner    -63.500000000000
yllcorner    -7.500000000000
cellsize     0.166666666667
NODATA_value -9999
[rows 0 to 18 of 45, columns 0 to 43 of 51]
116.3625030517578125 110.5124969482421875 108.5124969482421875 109 109.0625 110.65625 110.9812469482421875 111.4187469482421875 112.71875 115.1687469482421875 119.0124969482421875 121.99375152587890625 124.22499847412109375 124.6374969482421875 124.8125 124.71250152587890625 124.31874847412109375 121.83750152587890625 120.00624847412109375 118.13124847412109375 116.96875 115.3625030517578125 114.0437469482421875 112.3562469482421875 111.00624847412109375 109.94374847412109375 108.19374847412109375 106.66249847412109375 105.83750152587890625 106.03125 106.75624847412109375 107.65000152587890625 108.96250152587890625 110.7062530517578125 112.96250152587890625 115.34999847412109375 117.75 119.9812469482421875 121.9499969482421875 123.6875 125.28749847412109375 125.99375152587890625 125.4562530517578125 123.90625
113.99375152587890625 107.9499969482421875 107.38124847412109375 109.2624969482421875 111.71875 113.4187469482421875 114.7937469482421875 117.16249847412109375 121.03749847412109375 124.75624847412109375 128.493743896484375 130.693756103515625 132.125 132.625 132.0562591552734375 131.662506103515625 129.975006103515625 127.4250030517578125 125.2062530517578125 123.4875030517578125 121.875 120.68125152587890625 119.56874847412109375 118.09375 116.6875 114.90625 113.3937530517578125 111.74375152587890625 110.38124847412109375 110.27500152587890625 112.0625 114.3562469482421875 116.55625152587890625 119.4375 121.83124542236328125 124.19374847412109375 127.3937530517578125 129.96875 132.3562469482421875 134.1875 136.1750030517578125 137.181243896484375 136.837493896484375 135.1750030517578125
110.36875152587890625 105.34999847412109375 105.7312469482421875 109.0812530517578125 112.90625 117.00624847412109375 121.6437530517578125 127.3562469482421875 133.6750030517578125 138.6062469482421875 141.899993896484375 142.7062530517578125 142.84375 142.0124969482421875 140.375 138.818756103515625 137.0500030517578125 134.6750030517578125 132.5187530517578125 130.9562530517578125 129.631256103515625 129.4375 128.662506103515625 126.8312530517578125 124.97499847412109375 123.31874847412109375 121.0187530517578125 118.72499847412109375 115.93125152587890625 116.2687530517578125 118.5749969482421875 120.5812530517578125 123.1062469482421875 126.6437530517578125 129.868743896484375 132.6062469482421875 135.7062530517578125 139.0500030517578125 141.8562469482421875 143.7937469482421875 145.8562469482421875 146.931243896484375 146.881256103515625 145.993743896484375
105.8312530517578125 101.2687530517578125 103.69374847412109375 107.03749847412109375 112.11875152587890625 118.81874847412109375 127.2624969482421875 136.850006103515625 147.0187530517578125 153.9375 156.1062469482421875 154.7687530517578125 152.912506103515625 150.96875 149.0749969482421875 146.4187469482421875 143.8874969482421875 142.25 140.756256103515625 139.8000030517578125 139.2375030517578125 138.6750030517578125 137.5187530517578125 135.725006103515625 133.53125 131.1875 128.0749969482421875 124.65000152587890625 121.40000152587890625 121.63124847412109375 123.875 126.5625 128.693756103515625 131.875 134.9375 139.443756103515625 143.662506103515625 147.524993896484375 150.90625 153.21875 154.350006103515625 155.9187469482421875 156.3874969482421875 156.368743896484375
105.9375 99.34375 99.78125 103.4562530517578125 110.0187530517578125 119.44374847412109375 130.556243896484375 143.3249969482421875 158.274993896484375 169.556243896484375 169.337493896484375 164.2375030517578125 161.25 159.3625030517578125 156.568756103515625 153.1374969482421875 150.6374969482421875 148.600006103515625 147.34375 146.850006103515625 147.4625091552734375 146.943756103515625 145.96875 144.1875 141.6374969482421875 138.8937530517578125 134.256256103515625 130.5500030517578125 127.36875152587890625 126.6374969482421875 128.5437469482421875 130.899993896484375 133.8625030517578125 137.337493896484375 141.399993896484375 145.899993896484375 150.8000030517578125 155.899993896484375 159.100006103515625 161.4499969482421875 162.53125 163.4250030517578125 164.868743896484375 165.225006103515625
104.9499969482421875 98.68125152587890625 97.1999969482421875 97.88124847412109375 105.30625152587890625 117.1687469482421875 129.4562530517578125 143.087493896484375 158.78125 173.087493896484375 171.3000030517578125 166.100006103515625 164.3874969482421875 162.912506103515625 160.5625 158.7312469482421875 156.3625030517578125 155.212493896484375 155.2312469482421875 155.318756103515625 155.993743896484375 155.8937530517578125 155.1875 151.9499969482421875 148.8625030517578125 145.443756103515625 139.912506103515625 134.8125 131.524993896484375 130.3125 131.774993896484375 134.7937469482421875 137.5437469482421875 141.462493896484375 145.943756103515625 151.1687469482421875 156.625 162.993743896484375 167.75 168.7624969482421875 166.9875030517578125 167.943756103515625 168.899993896484375 170.1875
106.15000152587890625 99.77500152587890625 98.21250152587890625 98.24375152587890625 103.7687530517578125 114.21250152587890625 125.65625 136.868743896484375 147.412506103515625 155.71875 161.1374969482421875 162.4875030517578125 163.975006103515625 164.84375 163.899993896484375 163.3125 162.2937469482421875 161.7375030517578125 162.149993896484375 163.631256103515625 164.8937530517578125 165.15625 164.149993896484375 160.5 156.787506103515625 152.462493896484375 146.431243896484375 140.056243896484375 134.931243896484375 134.0124969482421875 135.1062469482421875 137.181243896484375 139.931243896484375 144.399993896484375 149.537506103515625 154.287506103515625 160.056243896484375 166.787506103515625 173.4375 171.962493896484375 168.8000030517578125 167.868743896484375 168.975006103515625 171.2062530517578125
108.21875 101.5625 101.1437530517578125 102.8249969482421875 106.5625 115.5 123.31874847412109375 128.5625 130.993743896484375 137.28125 148.5812530517578125 155.899993896484375 161.7312469482421875 165.2624969482421875 167.162506103515625 167.84375 168.0749969482421875 168.53125 169.943756103515625 172.787506103515625 174.6125030517578125 174.8000030517578125 173.725006103515625 169.693756103515625 165.037506103515625 159.2375030517578125 151.681243896484375 143.6687469482421875 137.3874969482421875 135.0625 136.0625 138.287506103515625 141.4562530517578125 146.193756103515625 150.8625030517578125 155.21875 159.34375 164.7624969482421875 167.75 166.443756103515625 162.9250030517578125 160.962493896484375 160.4375 161.1750030517578125
110.96250152587890625 105.53749847412109375 106.31874847412109375 108.19374847412109375 111.58750152587890625 118.6875 124.5124969482421875 125.9875030517578125 122.65000152587890625 125.11875152587890625 139.3937530517578125 150.1062469482421875 158.725006103515625 164.0500030517578125 168.399993896484375 171.7624969482421875 174.0625 177.03125 180.712493896484375 183.662506103515625 185.0749969482421875 185.556243896484375 182.756256103515625 178.6374969482421875 171.9875030517578125 164.1687469482421875 154.5187530517578125 147.0124969482421875 140.212493896484375 136.7375030517578125 137.225006103515625 138.725006103515625 140.962493896484375 144.5749969482421875 148.118743896484375 152.2062530517578125 156.024993896484375 158.7624969482421875 158.649993896484375 156.649993896484375 152.556243896484375 148.5749969482421875 146.625 143.9875030517578125
114.2687530517578125 109.7687530517578125 110.8874969482421875 113.6750030517578125 117.6374969482421875 124.34999847412109375 129.2937469482421875 130.1999969482421875 128.6999969482421875 131.443756103515625 140.6062469482421875 149.037506103515625 157.7062530517578125 164.2624969482421875 170.65625 176.4375 180.8312530517578125 186.3249969482421875 191.9499969482421875 197.712493896484375 198.381256103515625 197.5500030517578125 193.1875 186.1374969482421875 176.475006103515625 167.3000030517578125 157.8937530517578125 148.881256103515625 141.9562530517578125 138.243743896484375 136.9375 137.818756103515625 139.568756103515625 142.8562469482421875 146.3249969482421875 149.3625030517578125 151.443756103515625 152.3312530517578125 150.8249969482421875 146.662506103515625 141.3625030517578125 135.868743896484375 130.6750030517578125 125.84999847412109375
117.83750152587890625 114.03125 115.47499847412109375 118.6437530517578125 123.1125030517578125 131.8000030517578125 137.431243896484375 137.756256103515625 137.4562530517578125 140.3249969482421875 146.59375 152.7687530517578125 159.03125 166.0187530517578125 173.774993896484375 180.712493896484375 187.6062469482421875 195.149993896484375 203.212493896484375 211.3249969482421875 214.243743896484375 211.399993896484375 204.462493896484375 192.2312469482421875 182.1750030517578125 173.024993896484375 163.2937469482421875 153.7687530517578125 144.9250030517578125 140.65625 138.712493896484375 138.4875030517578125 139.837493896484375 142.2062530517578125 144.243743896484375 145.649993896484375 146.3312530517578125 144.96875 141.875 136.4499969482421875 129.899993896484375 123.1875 117.2624969482421875 110.2062530517578125
121.47499847412109375 118.0500030517578125 119.9375 123.7937469482421875 128.837493896484375 138.024993896484375 145.0124969482421875 144.506256103515625 144.8562469482421875 146.9562530517578125 151.3937530517578125 156.8874969482421875 162.2624969482421875 169.193756103515625 177.9499969482421875 185.212493896484375 192.931243896484375 201.2312469482421875 210.34375 220.881256103515625 227.46875 224.1687469482421875 214.943756103515625 199.962493896484375 186.4375 174.568756103515625 163.506256103515625 154.993743896484375 147.3000030517578125 143.21875 139.6999969482421875 138.350006103515625 138.4187469482421875 139.8874969482421875 141.3874969482421875 141.3312530517578125 140.306243896484375 138.287506103515625 133.4187469482421875 127.24375152587890625 119.00624847412109375 111.49375152587890625 104.7937469482421875 98.1125030517578125
124.5187530517578125 121.78125 123.9375 127.53125 132.431243896484375 140.34375 145.537506103515625 147.5625 148.912506103515625 152.09375 156.274993896484375 160.90625 166.6125030517578125 171.8937530517578125 180.59375 189.225006103515625 196.631256103515625 205.899993896484375 215.712493896484375 225.8562469482421875 235.25 233.274993896484375 223.100006103515625 207 186.5812530517578125 172.662506103515625 165.6687469482421875 157.350006103515625 150.412506103515625 145.5812530517578125 141.100006103515625 137.6875 137.318756103515625 137.3249969482421875 137.9499969482421875 137.337493896484375 135.3562469482421875 133.1999969482421875 128.34375 119.625 110.91875457763671875 103.96250152587890625 96.2062530517578125 84.72499847412109375
126.5124969482421875 124.15625 126.59375 130.03125 134.118743896484375 140.787506103515625 145.6750030517578125 149.3562469482421875 152.34375 155.350006103515625 159.0812530517578125 163.75 169.131256103515625 175.1999969482421875 182.0749969482421875 191.006256103515625 198.162506103515625 206.6999969482421875 215.4812469482421875 224.475006103515625 232.4375 232.2624969482421875 226.962493896484375 213.0749969482421875 195.6437530517578125 182.1125030517578125 172.5187530517578125 162.6437530517578125 154.1062469482421875 146.9875030517578125 140.8312530517578125 136.7624969482421875 135.412506103515625 134.875 135 134.2375030517578125 132.475006103515625 130.8874969482421875 126.0625 118.1374969482421875 107.43125152587890625 97.0812530517578125 88.8312530517578125 80.6999969482421875
126.59375 124.88124847412109375 127 130.5500030517578125 134.506256103515625 140.5187530517578125 146.631256103515625 151.25 154.1999969482421875 157.587493896484375 161.4812469482421875 165.899993896484375 170.90625 176.818756103515625 182.9812469482421875 191.350006103515625 197.53125 203.9812469482421875 210.625 219 226.693756103515625 230.3499908447265625 230.412506103515625 222.8249969482421875 211.65625 198.743743896484375 184.4375 170.4875030517578125 158.412506103515625 148.2687530517578125 139.9875030517578125 134.2937469482421875 132.5500030517578125 132.65625 132.59375 131.118743896484375 130.5 131.725006103515625 129.9375 121.1999969482421875 108.6875 98.16249847412109375 90.50624847412109375 83.36875152587890625
125.4562530517578125 123.9875030517578125 126.61875152587890625 130.412506103515625 134.40625 140.8312530517578125 146.9562530517578125 151.7375030517578125 155.443756103515625 159.287506103515625 162.4187469482421875 165.7062530517578125 170.537506103515625 176.4875030517578125 183.21875 189.943756103515625 193.78125 198.8249969482421875 204.3125 211.1750030517578125 218.587493896484375 226.5812530517578125 233.46875 234.1750030517578125 227.2624969482421875 214.037506103515625 197.09375 179.568756103515625 163.537506103515625 149.5749969482421875 139 131.125 128.493743896484375 128.381256103515625 127.3562469482421875 124.90625 127.625 130.5500030517578125 131.818756103515625 124.7062530517578125 114.44374847412109375 104.1687469482421875 95.125 86.61875152587890625
122.81874847412109375 122.05625152587890625 125.72499847412109375 130.287506103515625 134.506256103515625 141.056243896484375 147.493743896484375 152.7375030517578125 156.7687530517578125 159.774993896484375 162.3625030517578125 165.0812530517578125 168.5500030517578125 173.287506103515625 178.931243896484375 184.1374969482421875 185.8000030517578125 189.5124969482421875 194.712493896484375 201.5437469482421875 209.6374969482421875 220.5124969482421875 233.899993896484375 242.6062469482421875 242.1750030517578125 225.212493896484375 206.5749969482421875 185.1999969482421875 165.46875 149.162506103515625 137.537506103515625 130.0749969482421875 124.36875152587890625 120.65000152587890625 118.2624969482421875 119.38124847412109375 123.7937469482421875 133.9375 142.5437469482421875 133.2062530517578125 121.6875 110.71250152587890625 99.7062530517578125 91.18125152587890625
118.63124847412109375 118.68125152587890625 123.5 128.7312469482421875 133.850006103515625 141.34375 148.4562530517578125 153.993743896484375 157.931243896484375 161.0437469482421875 163.46875 164.5124969482421875 166.056243896484375 168.1374969482421875 171.743743896484375 174.6999969482421875 175.662506103515625 177.8874969482421875 183.3874969482421875 189.4812469482421875 198.15625 210.1374969482421875 225.399993896484375 236.875 239.3625030517578125 227.3625030517578125 211.774993896484375 188.6750030517578125 165.71875 146.25 132.8625030517578125 124.6875 121.90625 120.5749969482421875 115.03125 108.3625030517578125 118.9875030517578125 132.3937530517578125 138.962493896484375 135.6999969482421875 125.8874969482421875 115.80625152587890625 105.125 96.5124969482421875
113.4562530517578125 114.93125152587890625 120.80625152587890625 127.1999969482421875 133.6125030517578125 141.5500030517578125 149.1062469482421875 155.4875030517578125 160.287506103515625 162.75 163.537506103515625 163.493743896484375 162.681243896484375 162.193756103515625 164.1062469482421875 166.8000030517578125 167.375 168.28125 173.006256103515625 177.9875030517578125 186.3562469482421875 201.431243896484375 212.943756103515625 223.6875 227.2937469482421875 222.993743896484375 208.5124969482421875 187.631256103515625 166.3937530517578125 144.475006103515625 127.90000152587890625 123.9187469482421875 127.59375 125.55625152587890625 120.81874847412109375 116.5812530517578125 122.27500152587890625 130.225006103515625 134.8562469482421875 133.7937469482421875 127.5812530517578125 121.74375152587890625 110.8874969482421875 102.1750030517578125
