data/historical-monthly-weather-data/wc2.1_cruts4.09_10m_prec_1994-01.asc
ncols        51
nrows        45
xllcorner    -63.500000000000
yllcorner    -7.500000000000
cellsize     0.166666666667
NODATA_value -9999
[rows 20 to 39 of 45, columns 0 to 44 of 51]
322.850006103515625 325.568756103515625 331.931243896484375 340.98126220703125 350.631256103515625 363.212493896484375 376.98126220703125 387.46875 393.73748779296875 396.568756103515625 398.625 405.100006103515625 416.10626220703125 428.13751220703125 417.70623779296875 394.1875 377.23126220703125 366.1875 363.46875 359.51873779296875 353.45623779296875 344.46875 334.95623779296875 332.64373779296875 332.20001220703125 332.537506103515625 334.037506103515625 336.51251220703125 338.524993896484375 340.850006103515625 335.90625 326.32501220703125 314.618743896484375 302.524993896484375 292.21875 312.681243896484375 344.11248779296875 366.89373779296875 373.61248779296875 367.17498779296875 352.51251220703125 338.381256103515625 329.024993896484375 322.399993896484375 319.07501220703125
322.212493896484375 323.318756103515625 329.91876220703125 341.01251220703125 354.131256103515625 367.931243896484375 382.006256103515625 395.625 402.256256103515625 399.600006103515625 394.3125 388.91876220703125 388.34375 392.5 390.818756103515625 381.231231689453125 374.48748779296875 367.6875 363.774993896484375 360.5 351.04376220703125 342.625 336.0625 334.67498779296875 335.006256103515625 336.725006103515625 341.54998779296875 341.774993896484375 340.056243896484375 336.96875 327.162506103515625 316.4375 310.162506103515625 307.96875 309.32501220703125 328.33123779296875 360.181243896484375 386.756256103515625 393.01251220703125 382.381256103515625 364.056243896484375 347.662506103515625 335.96875 327.306243896484375 322.83123779296875
321.899993896484375 323.01251220703125 327.712493896484375 339 354.71875 371.73126220703125 386.88751220703125 401.98126220703125 411.83123779296875 402.79376220703125 386.274993896484375 368.17498779296875 356.73126220703125 358.23748779296875 365.912506103515625 368.975006103515625 367.806243896484375 364.4375 361.23748779296875 357.59375 349.36248779296875 340.556243896484375 333.10626220703125 331.65625 334.54998779296875 339.475006103515625 345.725006103515625 345.23126220703125 340.743743896484375 332.29998779296875 320.29376220703125 310.587493896484375 313.46875 318.774993896484375 328.57501220703125 346.67498779296875 378.381256103515625 414.39373779296875 417.23748779296875 395.39373779296875 372.443756103515625 355.125 339.45623779296875 329.17498779296875 324.818756103515625
322.54376220703125 321.324981689453125 324.556243896484375 337.125 355.70001220703125 372.412506103515625 388.58123779296875 403.131256103515625 409.649993896484375 396.54376220703125 375.54376220703125 354 330.86248779296875 335.287506103515625 349.943756103515625 357.943756103515625 360.40625 358.975006103515625 356.91876220703125 354.17498779296875 345 336.04376220703125 328.76873779296875 326.993743896484375 331.42498779296875 336.8125 344.818756103515625 343.475006103515625 338.556243896484375 332.256256103515625 323.29998779296875 317.337493896484375 322.91876220703125 331.743743896484375 344.01873779296875 361.956268310546875 388.98126220703125 419.712493896484375 420.887481689453125 399.037506103515625 375.20001220703125 355.975006103515625 339.61248779296875 328.537506103515625 326.60626220703125
324.92498779296875 322.412506103515625 323.725006103515625 340.15625 363.23748779296875 377.79998779296875 390.25 400.65625 401.131256103515625 390.51251220703125 372.743743896484375 353.75 337.85626220703125 336.79998779296875 345.0625 353 357.087493896484375 357.64373779296875 355.068756103515625 349.88751220703125 340.493743896484375 330.037506103515625 322.11248779296875 319.70001220703125 323.63751220703125 331.149993896484375 337.53125 340.83123779296875 338.9375 336.71875 332.256256103515625 330.73126220703125 335.837493896484375 345.162506103515625 356.975006103515625 370.412506103515625 390.25 405.087493896484375 404.625 390.975006103515625 370.693756103515625 352.54376220703125 336.756256103515625 327.54998779296875 324.462493896484375
335.26873779296875 336.506256103515625 340.01873779296875 355.73126220703125 373.506256103515625 385.243743896484375 393.506256103515625 397.70623779296875 395.04998779296875 385.662506103515625 373.149993896484375 360.41876220703125 348.67498779296875 344.25 347.36248779296875 352.76873779296875 357.13751220703125 357.70001220703125 354.88751220703125 348.32501220703125 338.912506103515625 325.431243896484375 315.58123779296875 310.350006103515625 315.475006103515625 325.212493896484375 335.006256103515625 339.95001220703125 342.006256103515625 340.32501220703125 341.743743896484375 343.75 350.475006103515625 357.21875 367.100006103515625 376.14373779296875 387.756256103515625 394.225006103515625 391.368743896484375 379.931243896484375 363.59375 346.381256103515625 330.08123779296875 322.149993896484375 324.38751220703125
351.17498779296875 354.51873779296875 361.39373779296875 373.181243896484375 384.90625 392.53125 397.71875 397.125 392.48748779296875 386.118743896484375 376.98748779296875 367.16876220703125 357.67498779296875 352.23126220703125 352.756256103515625 356.493743896484375 359.64373779296875 359.60626220703125 357.662506103515625 349.506256103515625 337.431243896484375 325.212493896484375 311.381256103515625 304.537506103515625 312.975006103515625 322.73126220703125 332.431243896484375 339.056243896484375 343.46875 344.79998779296875 349.11248779296875 352.88751220703125 361.79998779296875 368.26251220703125 374.58123779296875 381.51251220703125 388.381256103515625 389.34375 383.024993896484375 373.149993896484375 357.95623779296875 340.78125 326.212493896484375 319.850006103515625 331.32501220703125
371.006256103515625 374.75 382.756256103515625 391.75 399.743743896484375 402.07501220703125 402.67498779296875 399.368743896484375 394.42498779296875 387.743743896484375 380.3125 372.462493896484375 363.4375 357.350006103515625 357.23748779296875 360.04376220703125 362.03125 364.537506103515625 360.1875 353.587493896484375 343.818756103515625 330.024993896484375 321.45623779296875 315.83123779296875 319.70623779296875 326.26873779296875 334.399993896484375 340.09375 345.225006103515625 349.85626220703125 353.649993896484375 357.931243896484375 366.8125 372.912506103515625 379.4375 384.375 387.068756103515625 386.90625 381.024993896484375 369.899993896484375 356.76251220703125 341.412506103515625 325.95001220703125 322.024993896484375 347.39373779296875
388.274993896484375 394.193756103515625 401.35626220703125 409.54998779296875 414.78125 412.456268310546875 406.88751220703125 402.649993896484375 396.10626220703125 389.962493896484375 384.03125 376.15625 367.89373779296875 363.53125 363.662506103515625 366.83123779296875 371.36248779296875 371.53125 368.23126220703125 361.837493896484375 351.73748779296875 339.506256103515625 332.11248779296875 327.975006103515625 328.85626220703125 332.125 338.60626220703125 343.5 349.26873779296875 354.118743896484375 356.9375 360.625 369.243743896484375 377.212493896484375 384.5625 387.337493896484375 389.6875 388.375 383.04998779296875 372.10626220703125 357 343.98126220703125 334.79998779296875 339.90625 367.23748779296875
399.16876220703125 405.13751220703125 413.76251220703125 422.57501220703125 425.61248779296875 418.350006103515625 409.20623779296875 403.48748779296875 396.28125 389.17498779296875 384.693756103515625 379.51873779296875 373.38751220703125 369.806243896484375 371.337493896484375 373.568756103515625 376.100006103515625 377.568756103515625 376.506256103515625 368.943756103515625 358.48126220703125 349.07501220703125 341.131256103515625 336.34375 336.33123779296875 338.412506103515625 342.75 346.256256103515625 351.16876220703125 355.587493896484375 360.04998779296875 364.375 372.125 381.818756103515625 389.15625 392.149993896484375 393.48748779296875 394.32501220703125 389.056243896484375 380.53125 370.412506103515625 362.79998779296875 359.39373779296875 366.681243896484375 383.475006103515625
405.5 411.45001220703125 417.20001220703125 425.16876220703125 429.21875 417.38751220703125 408.33123779296875 401.01873779296875 393.85626220703125 388.20001220703125 385.3125 381.82501220703125 377.76251220703125 374.162506103515625 376.48748779296875 378.29998779296875 381.212493896484375 383.818756103515625 383.29376220703125 376.39373779296875 365.34375 355.3125 348.95001220703125 343.76251220703125 341.98126220703125 344.41876220703125 347.48126220703125 349.618743896484375 354.287506103515625 358.25 363.399993896484375 368.73126220703125 376.29998779296875 386.11248779296875 394 397.162506103515625 398.3125 400.98126220703125 398.61248779296875 392.337493896484375 386.70001220703125 383.57501220703125 384.04998779296875 388.118743896484375 402.162506103515625
406.837493896484375 411.25 414.54376220703125 418.41876220703125 418.556243896484375 409.625 403.6875 395.73126220703125 389.54998779296875 384.931243896484375 382.92498779296875 381.01251220703125 379.037506103515625 378.25 380.931243896484375 382.181243896484375 382.412506103515625 384.16876220703125 382.25 377.54376220703125 367.10626220703125 357.98748779296875 352.806243896484375 347.693756103515625 347.337493896484375 348.587493896484375 349.91876220703125 351.96875 354.462493896484375 360.524993896484375 366.368743896484375 372.337493896484375 380.83123779296875 390.975006103515625 399.59375 402.25 406 406.98748779296875 404.75 402.037506103515625 403.350006103515625 404.524993896484375 408.068756103515625 416.975006103515625 431.01251220703125
399.48126220703125 402.787506103515625 405.48748779296875 407.23748779296875 404.587493896484375 397.15625 390.068756103515625 383.45001220703125 376.79998779296875 375.92498779296875 378.350006103515625 378.943756103515625 381.5625 384.475006103515625 384.89373779296875 383.88751220703125 381.58123779296875 380.41876220703125 377.53125 373.756256103515625 364.89373779296875 356.76873779296875 351.25 348.881256103515625 348.256256103515625 349.76251220703125 350.54376220703125 350.337493896484375 352.743743896484375 361.618743896484375 368.5 374.42498779296875 384.46875 396.20001220703125 404.818756103515625 409.443756103515625 413.20623779296875 415.350006103515625 413.08123779296875 416.975006103515625 420.23748779296875 424.61248779296875 432.056243896484375 444.975006103515625 467.26873779296875
389.70001220703125 392.3125 393.524993896484375 394.04998779296875 389.53125 383 376.618743896484375 369.76873779296875 364.5625 363.375 368.199981689453125 376.14373779296875 383.92498779296875 387.975006103515625 387.21875 383.39373779296875 380.26873779296875 378.381256103515625 373.46875 368.26873779296875 360.787506103515625 353.962493896484375 349.087493896484375 346.98126220703125 346.83123779296875 347.70623779296875 347.774993896484375 348.70623779296875 352.23126220703125 360.79998779296875 370.375 378.431243896484375 388.84375 401.86248779296875 411.76873779296875 416.91876220703125 420.350006103515625 421.61248779296875 423.806243896484375 429.10626220703125 433.237518310546875 440.73126220703125 451.568756103515625 466.95623779296875 490.88751220703125
381.756256103515625 382.33123779296875 382.40625 380.42498779296875 376.337493896484375 370.33123779296875 362.556243896484375 355.381256103515625 348 348.58123779296875 358.20623779296875 371.29376220703125 386.36248779296875 394.181243896484375 391.125 383.743743896484375 377.59375 373.368743896484375 368.04998779296875 360.76873779296875 355.09375 349.287506103515625 345.131256103515625 343.16876220703125 343.63751220703125 343.243743896484375 344.58123779296875 346.53125 350.15625 359.306243896484375 370.54998779296875 381.831268310546875 393.79998779296875 406.17498779296875 416.40625 421.743743896484375 424.3125 429.79998779296875 433.618743896484375 437.712493896484375 443.26873779296875 450.53125 462.41876220703125 477.087493896484375 496.29998779296875
373.59375 372.712493896484375 371.381256103515625 368.28125 363.70001220703125 355.65625 347.91876220703125 338.51251220703125 329.23748779296875 327.993743896484375 340.381256103515625 360.568756103515625 381.068756103515625 391.806243896484375 388.993743896484375 381.26873779296875 372.681243896484375 367.337493896484375 361.162506103515625 353.45623779296875 347.287506103515625 342.881256103515625 338.46875 336.037506103515625 336.243743896484375 337.20623779296875 338.5625 341.08123779296875 345.59375 355.9375 369.381256103515625 381.837493896484375 395.868743896484375 409.368743896484375 420.04376220703125 424.14373779296875 430.787506103515625 435.14373779296875 436.618743896484375 440.90625 446.84375 454.524993896484375 464.23748779296875 477.412506103515625 490.70623779296875
365.17498779296875 363.70623779296875 360.431243896484375 356.63751220703125 351.58123779296875 343.868743896484375 336.806243896484375 326.15625 313.181243896484375 304.756256103515625 322.98748779296875 355.975006103515625 377.89373779296875 385.78125 383.868743896484375 376.524993896484375 367.306243896484375 360.962493896484375 353.899993896484375 345.29998779296875 339.82501220703125 334.07501220703125 330.26873779296875 328.04998779296875 328.618743896484375 330.42498779296875 332.40625 336.04998779296875 341.056243896484375 353.118743896484375 367.743743896484375 381.78125 397.54376220703125 412.4375 423.743743896484375 428.92498779296875 434.07501220703125 437.037506103515625 439.162506103515625 441.693756103515625 444.79998779296875 451.443756103515625 461.78125 472.412506103515625 481.28125
357.8125 355.600006103515625 351.42498779296875 347.85626220703125 343.243743896484375 337.5625 330.5625 321.32501220703125 310.056243896484375 299.10626220703125 333.399993896484375 367.131256103515625 380.04998779296875 383.087493896484375 379.91876220703125 371.837493896484375 361.33123779296875 355.16876220703125 348.17498779296875 339.16876220703125 332.53125 325.66876220703125 321.1875 319.36248779296875 320.193756103515625 322.92498779296875 325.07501220703125 329.25 335.274993896484375 349.53125 364.76873779296875 378.850006103515625 395.38751220703125 411.774993896484375 423.712493896484375 429.274993896484375 432.36248779296875 435.71875 437.993743896484375 439.1875 440.20001220703125 446.98126220703125 453.92498779296875 460.20623779296875 467.893768310546875
359.33123779296875 353.54376220703125 349.3125 344.92498779296875 340.462493896484375 335.09375 328.88751220703125 325.412506103515625 326.25 341.6875 381.04376220703125 385.725006103515625 383.58123779296875 381.79998779296875 377.243743896484375 368.681243896484375 359.556243896484375 351.59375 343.11248779296875 333.875 324.64373779296875 317.274993896484375 312.8125 311.381256103515625 312.149993896484375 315.01873779296875 318.818756103515625 324.26251220703125 331.6875 346.65625 360.86248779296875 373.806243896484375 387.875 400.493743896484375 414.274993896484375 419.256256103515625 421.09375 424.256256103515625 424.850006103515625 423.48126220703125 424.100006103515625 428.48748779296875 432.85626220703125 439.45623779296875 445.625
362.631256103515625 355.42498779296875 349.306243896484375 342.85626220703125 339.66876220703125 335.725006103515625 331.993743896484375 333.493743896484375 340.818756103515625 357.181243896484375 376.631256103515625 384.20001220703125 382.587493896484375 379.91876220703125 374.399993896484375 367.11248779296875 358.54376220703125 350.25 339.11248779296875 328.006256103515625 315.506256103515625 307.96875 303.368743896484375 302.149993896484375 303.850006103515625 306.88751220703125 312.26251220703125 319.662506103515625 327.71875 341.39373779296875 354.03125 367.53125 381.45001220703125 392.14373779296875 401 405.256256103515625 406.881256103515625 408.818756103515625 408.11248779296875 405.625 405.89373779296875 408.693756103515625 410.8125 415.46875 420.9375
