data/historical-monthly-weather-data/wc2.1_cruts4.09_10m_prec_2002-05.asc
ncols        45
nrows        45
xllcorner    -63.500000000000
yllcorner    -7.500000000000
cellsize     0.166666666667
NODATA_value -9999
[rows 0 to 19 of 45, columns 0 to 43 of 45]
523.34375 523.76873779296875 520.46875 525.98748779296875 526.5 521.95001220703125 510.412506103515625 501.95623779296875 491.537506103515625 484.943756103515625 475.07501220703125 458.743743896484375 445.04376220703125 432.274993896484375 416.54998779296875 403.337493896484375 388.9375 374.54998779296875 363.82501220703125 356.743743896484375 353.64373779296875 350.625 351.693756103515625 349.29998779296875 348.63751220703125 350.15625 350.506256103515625 352.90625 352.92498779296875 358.70623779296875 360.287506103515625 364.79998779296875 371.41876220703125 376.3125 381.443756103515625 388.92498779296875 394.868743896484375 397.20001220703125 398.35626220703125 401.462493896484375 401.125 400.96875 397.056243896484375 398.21875
524.1500244140625 521.9437255859375 525.38751220703125 534.4937744140625 543 540.8375244140625 530.04376220703125 522.58123779296875 514.83123779296875 503.462493896484375 493.20001220703125 475.225006103515625 457.243743896484375 440.131256103515625 421.037506103515625 403.17498779296875 386.131256103515625 369.25 359.26251220703125 351.412506103515625 348.79998779296875 347.88751220703125 347.149993896484375 348.08123779296875 347.431243896484375 347.024993896484375 349.850006103515625 352.35626220703125 354.08123779296875 358.23748779296875 360.8125 369.85626220703125 374.13751220703125 382.04998779296875 386.83123779296875 389.08123779296875 397.293731689453125 400.59375 404.25 401 400.15625 404.41876220703125 400.5 395.51873779296875
509.39373779296875 511.431243896484375 519.1875 526.40625 531.73748779296875 533.92498779296875 532.66876220703125 532.6187744140625 527.60626220703125 517.48126220703125 505.70001220703125 484.54376220703125 462.975006103515625 440.118743896484375 419.649993896484375 401.67498779296875 381.73748779296875 363.96875 353.931243896484375 347.381256103515625 345.681243896484375 347.61248779296875 347.79376220703125 347.54998779296875 346.51251220703125 348.71875 353.04376220703125 353.774993896484375 353.20001220703125 357.23748779296875 360.51251220703125 367.28125 376.087493896484375 381.587493896484375 388.85626220703125 390.08123779296875 395.993743896484375 400.387481689453125 401.375 400.58123779296875 402.85626220703125 400.149993896484375 398.98748779296875 394.256256103515625
486.91876220703125 485.25 502.17498779296875 508.3125 514.54376220703125 518.58123779296875 523.3499755859375 531.5687255859375 536.1937255859375 530.21875 514.9437255859375 490.82501220703125 463.10626220703125 438.306243896484375 416.149993896484375 395.375 373.649993896484375 357.51251220703125 347.96875 345.09375 349.318756103515625 350.14373779296875 348.91876220703125 349.3125 348.10626220703125 347.756256103515625 352.42498779296875 350.76251220703125 349.75 356.787506103515625 361.024993896484375 367.256256103515625 373.88751220703125 378.66876220703125 382.73748779296875 390.5625 397.962493896484375 401.649993896484375 402.78125 402.70001220703125 401.98748779296875 403.14373779296875 396.5 390.306243896484375
494.45001220703125 486.34375 477.212493896484375 482.037506103515625 491.618743896484375 497.08123779296875 507.88751220703125 522.5562744140625 536.9437255859375 539.1624755859375 518.23126220703125 486.45623779296875 461.45001220703125 437.20001220703125 413.60626220703125 390.037506103515625 366.61248779296875 351.98748779296875 343.318756103515625 343.26873779296875 348.41876220703125 348.881256103515625 346.806243896484375 350.943756103515625 347.92498779296875 347.0625 345.35626220703125 347.524993896484375 347.774993896484375 353.21875 359.787506103515625 364.056243896484375 369.431243896484375 377.875 384.149993896484375 388.64373779296875 397.34375 403.774993896484375 405.91876220703125 404.48748779296875 405.318756103515625 400.875 394.712493896484375 390.506256103515625
488.95001220703125 480.66876220703125 468.41876220703125 453.07501220703125 462.962493896484375 476.40625 487.5625 498.462493896484375 515.1937255859375 521.4749755859375 504.84375 472.84375 452.943756103515625 432.90625 407.899993896484375 389.54376220703125 365.818756103515625 350.962493896484375 345 347.568756103515625 350.125 351.712493896484375 352.51873779296875 349.725006103515625 347.506256103515625 345.993743896484375 344.70001220703125 344.256256103515625 346.25 352.318756103515625 358.73126220703125 365.01251220703125 369.65625 376.537506103515625 381.54376220703125 387.48126220703125 393.399993896484375 398.32501220703125 404.818756103515625 403.46875 399.86248779296875 396.23126220703125 388.850006103515625 383.98748779296875
486.65625 474.631256103515625 460.79998779296875 446.4375 441.01873779296875 444.73126220703125 453.443756103515625 462.83123779296875 463.26873779296875 471.08123779296875 467.73126220703125 450.350006103515625 437.79998779296875 423.631256103515625 404.787506103515625 386.82501220703125 371.42498779296875 361.29998779296875 354.993743896484375 358.03125 356.42498779296875 354.29376220703125 349.86248779296875 349.118743896484375 347.83123779296875 348.649993896484375 345.33123779296875 343.76251220703125 341.78125 348.375 355.818756103515625 359.5625 362.337493896484375 368.51251220703125 374.58123779296875 382.09375 385.75 390.100006103515625 396.787506103515625 398.649993896484375 392.837493896484375 385.95623779296875 378.90625 376.17498779296875
482.35626220703125 467.54998779296875 452.725006103515625 441.79998779296875 435.01251220703125 437.35626220703125 430.699981689453125 415.368743896484375 403.23748779296875 415.13751220703125 430.149993896484375 427.28125 424.881256103515625 414.89373779296875 401.9375 390.09375 377.943756103515625 372.75 367.787506103515625 365.0625 365.024993896484375 359.0625 353.243743896484375 346.943756103515625 347.21875 341.0625 341.57501220703125 338.443756103515625 337.01251220703125 343.53125 350.26251220703125 353.54376220703125 357.51251220703125 360.04376220703125 362.28125 367.087493896484375 372.26873779296875 378.537506103515625 381.162506103515625 377.40625 376.412506103515625 370.381256103515625 365.431243896484375 359.475006103515625
476.337493896484375 461.41876220703125 449.475006103515625 436.600006103515625 427.45623779296875 425.83123779296875 418.20623779296875 405.475006103515625 385.07501220703125 379.681243896484375 395.243743896484375 404.04376220703125 411.07501220703125 404.86248779296875 396.86248779296875 391.59375 384.537506103515625 382.78125 382.32501220703125 372.14373779296875 362.28125 359.337493896484375 347.756256103515625 349.21875 342.29376220703125 334.73126220703125 331.350006103515625 332.649993896484375 335.712493896484375 339.01873779296875 346.8125 347.35626220703125 343.712493896484375 342.306243896484375 346.40625 351.98748779296875 357.524993896484375 363.67498779296875 368.225006103515625 362.899993896484375 357.33123779296875 351.29998779296875 350.34375 348.98748779296875
468.53125 456.07501220703125 444.693756103515625 434.381256103515625 421.149993896484375 418.743743896484375 412.774993896484375 403.3125 393.337493896484375 391.375 396.23748779296875 392.83123779296875 401.70623779296875 397.024993896484375 395.337493896484375 390.5625 386.600006103515625 385.51251220703125 386.493743896484375 382.806243896484375 368.40625 354.875 343.98126220703125 342.10626220703125 332.475006103515625 325.318756103515625 321.76873779296875 323.14373779296875 328.25 334.962493896484375 336.568756103515625 334.42498779296875 333.681243896484375 332.58123779296875 332.087493896484375 336.274993896484375 340.024993896484375 346.25 350.787506103515625 351.89373779296875 351.225006103515625 349.125 339.618743896484375 331.537506103515625
460.399993896484375 450.48126220703125 438.162506103515625 428.993743896484375 416.36248779296875 415.274993896484375 410.78125 399.78125 393.368743896484375 395.306243896484375 400.75 401.774993896484375 393.931243896484375 392.693756103515625 389.95623779296875 386.756256103515625 385.61248779296875 386.475006103515625 386.90625 387.368743896484375 383.993743896484375 363.71875 344.98748779296875 324.38751220703125 323.256256103515625 321.04998779296875 317.58123779296875 318.256256103515625 318.23126220703125 320.262481689453125 323.21875 322.868743896484375 320.681243896484375 318.462493896484375 316.350006103515625 316.787506103515625 319.975006103515625 327.0625 335.125 338.88751220703125 340.068756103515625 335.962493896484375 333.32501220703125 321.306243896484375
454.96875 443.51251220703125 432.92498779296875 424.17498779296875 414.51251220703125 408.787506103515625 407.91876220703125 402.493743896484375 400.17498779296875 396.70001220703125 400.66876220703125 406.29376220703125 392.506256103515625 388.54998779296875 388.78125 382.76251220703125 381 381.5 383.318756103515625 388.731231689453125 389.6875 375.73126220703125 354.17498779296875 329.600006103515625 313.975006103515625 303.96875 298.86248779296875 299.76873779296875 303.037506103515625 304.03125 302.087493896484375 301.0625 298.95623779296875 296.64373779296875 297.662506103515625 301.95001220703125 307.368743896484375 312.118743896484375 317.48748779296875 322.38751220703125 326.67498779296875 323.193756103515625 314.943756103515625 294.01873779296875
450.774993896484375 436.5625 425.475006103515625 417.587493896484375 407.60626220703125 405.08123779296875 400.59375 394.16876220703125 393.48126220703125 395.59375 398.306243896484375 401.493743896484375 395.368743896484375 377.64373779296875 374.01251220703125 374.45001220703125 372.212493896484375 373 374.26251220703125 379.35626220703125 384.84375 369.943756103515625 349.85626220703125 325.618743896484375 294.693756103515625 280.193756103515625 283.83123779296875 286.337493896484375 290.75 292.3125 287.475006103515625 281.29998779296875 277.73748779296875 274.431243896484375 276.412506103515625 284.08123779296875 291.51251220703125 300.081268310546875 308.34375 312.743743896484375 314.15625 311.33123779296875 293.98126220703125 277.64373779296875
437.375 425.149993896484375 416.63751220703125 408.46875 401.23126220703125 396.35626220703125 390.681243896484375 385.881256103515625 387.98126220703125 389.29998779296875 384.70623779296875 384.287506103515625 379.725006103515625 370.64373779296875 354.32501220703125 358.225006103515625 355.931243896484375 354.53125 358.33123779296875 363.84375 365.34375 354.043731689453125 338.037506103515625 319.412506103515625 295.01873779296875 278.54376220703125 275.149993896484375 273 275.15625 273.16876220703125 272.087493896484375 264.42498779296875 260.5 257.5 257.78125 268.51873779296875 280.556243896484375 292.54998779296875 302.443756103515625 303.368743896484375 293.443756103515625 281.17498779296875 276.681243896484375 275.587493896484375
425.524993896484375 416.175018310546875 409.118743896484375 400.493743896484375 392.125 387.82501220703125 385.91876220703125 383.45001220703125 381.9375 378.21875 372.10626220703125 369.306243896484375 361.67498779296875 352.09375 330.681243896484375 331.79998779296875 332.23126220703125 335.506256103515625 338.931243896484375 342.443756103515625 345.024993896484375 338.868743896484375 329.600006103515625 321.78125 308.59375 295.54376220703125 285.29998779296875 279.03125 274.8125 269.056243896484375 258.42498779296875 248.9499969482421875 248.15625 240.9812469482421875 235.943756103515625 243.5187530517578125 266.125 284.524993896484375 291.48126220703125 287.66876220703125 276.51873779296875 272.212493896484375 276.8125 274.45623779296875
412.92498779296875 403.274993896484375 398.850006103515625 392.29376220703125 383.25 381.41876220703125 380.32501220703125 376.91876220703125 372.28125 368.9375 360.8125 355.4375 347.21875 339.63751220703125 322.399993896484375 304.20623779296875 309.09375 319.318756103515625 319.587493896484375 322.63751220703125 326.13751220703125 328.881256103515625 328.32501220703125 327.912506103515625 318.48126220703125 304.79376220703125 291.9375 280.8125 273.73748779296875 267.90625 260.25 248.256256103515625 235.5625 223.8000030517578125 217.1999969482421875 237.100006103515625 252.1999969482421875 267.8125 277.20623779296875 279.38751220703125 273.774993896484375 269.83123779296875 269.493743896484375 261.975006103515625
403.03125 394.59375 387.662506103515625 383.17498779296875 378.368743896484375 373.681243896484375 370.25 365.625 363.17498779296875 358.95001220703125 352.45623779296875 348.618743896484375 339.212493896484375 329.556243896484375 316.40625 302.5625 286.931243896484375 294.66876220703125 300.46875 304.90625 310.006256103515625 314.71875 322.006256103515625 330.056243896484375 328.4375 306.287506103515625 289.66876220703125 278.693756103515625 270.79998779296875 264.068756103515625 257.318756103515625 249.212493896484375 237.9562530517578125 228.125 233.1875 240.975006103515625 255.09375 269.58123779296875 282.95623779296875 277.58123779296875 269.76873779296875 263.10626220703125 255.75 252.306243896484375
391.73126220703125 386.162506103515625 381.51873779296875 375.881256103515625 371.243743896484375 370.38751220703125 364.98748779296875 358.506256103515625 353.60626220703125 349.98126220703125 343.662506103515625 342.40625 329.65625 321.912506103515625 309.78125 298.149993896484375 283.83123779296875 270.61248779296875 286.243743896484375 288.774993896484375 293.318756103515625 300.381256103515625 309.087493896484375 318.462493896484375 319.89373779296875 303.024993896484375 282.243743896484375 274.162506103515625 267.443756103515625 256.725006103515625 241.568756103515625 229.4187469482421875 237.131256103515625 238.5500030517578125 238.806243896484375 255.962493896484375 269.131256103515625 273.618743896484375 278.662506103515625 275.3125 260.524993896484375 252.8312530517578125 246.1500091552734375 243.71875
380.524993896484375 376.100006103515625 371.01251220703125 369.006256103515625 366.54376220703125 363.20623779296875 359.41876220703125 354.912506103515625 349.70001220703125 347.21875 338.443756103515625 327.23126220703125 316.83123779296875 309.993743896484375 299.04998779296875 290.92498779296875 281.82501220703125 265.475006103515625 262.13751220703125 266.79998779296875 273.46875 285.54998779296875 279.806243896484375 291.63751220703125 294.524993896484375 291.58123779296875 280.5 267.024993896484375 260.368743896484375 249.556243896484375 237.9187469482421875 232.6999969482421875 237.975006103515625 239.2624969482421875 242.6687469482421875 254.9562530517578125 260.07501220703125 261.07501220703125 266.318756103515625 259.84375 248.274993896484375 239.649993896484375 236.7375030517578125 237.4375
367.51873779296875 364.51251220703125 361.431243896484375 356.79376220703125 355.76251220703125 358.975006103515625 357.462493896484375 352.725006103515625 347.25 340.45623779296875 334.631256103515625 328.868743896484375 322.681243896484375 310.17498779296875 296.399993896484375 277.4375 261.899993896484375 260.556243896484375 255.625 256.368743896484375 254.3937530517578125 260.51251220703125 270.70001220703125 274.14373779296875 272.399993896484375 265.118743896484375 260.006256103515625 256.975006103515625 246.287506103515625 233.931243896484375 228.493743896484375 235.5812530517578125 236.506256103515625 235.4875030517578125 241.1875 249.0812530517578125 252.600006103515625 253.412506103515625 252.0124969482421875 247.5187530517578125 234.850006103515625 226.868743896484375 228.1999969482421875 229.5749969482421875
