data/historical-monthly-weather-data/wc2.1_cruts4.09_10m_prec_1970-10.asc
ncols        51
nrows        45
xllcorner    -63.500000000000
yllcorner    -7.500000000000
cellsize     0.166666666667
NODATA_value -9999
[rows 19 to 37 of 45, columns 0 to 43 of 51]
101.84375 104.3312530517578125 107.55625152587890625 110.90625 114.11875152587890625 117.3625030517578125 119.90625 121.43125152587890625 121.7375030517578125 120.8125 117.90000152587890625 112.25624847412109375 106.3937530517578125 100.9812469482421875 97.9562530517578125 95.84375 92.5500030517578125 91.2624969482421875 90.77500152587890625 90.86875152587890625 88.61875152587890625 88.0749969482421875 90.0124969482421875 93.33124542236328125 94.7312469482421875 93.30625152587890625 90.55625152587890625 86.53749847412109375 79.58750152587890625 72.34375 67.7312469482421875 69.4375 70.18125152587890625 70.44374847412109375 69.6062469482421875 66.19374847412109375 64.34375 64.0187530517578125 63.21875 61.331249237060546875 58.581249237060546875 54.956249237060546875 49.543750762939453125 44.53749847412109375
96.97499847412109375 100.9562530517578125 105.74375152587890625 110.34999847412109375 114.61875152587890625 118.1999969482421875 121.5 123.5625 124.11875152587890625 122.5500030517578125 119.33124542236328125 113.18125152587890625 106.96875 100.6750030517578125 97.2624969482421875 94.3874969482421875 91.3000030517578125 89.68125152587890625 90.3312530517578125 90.34375 89.7375030517578125 89.76874542236328125 90.21250152587890625 92.4499969482421875 94.2624969482421875 94.125 92.30625152587890625 87.75 83.0437469482421875 79.8874969482421875 78.11875152587890625 79 79.24375152587890625 80.21875 81.3625030517578125 76.9375 72.1062469482421875 69.3249969482421875 66.6750030517578125 64.03125 60.99375152587890625 57.44374847412109375 52.768749237060546875 48.387500762939453125
92.56874847412109375 98.1062469482421875 103.9875030517578125 109.6062469482421875 115.05625152587890625 119.4812469482421875 123.21250152587890625 126.09375 127.4250030517578125 125.4499969482421875 121.25624847412109375 114.78749847412109375 108.5 103.13124847412109375 99.13124847412109375 96.1374969482421875 93.7375030517578125 92.30625152587890625 92.2312469482421875 92.3625030517578125 90.77500152587890625 90.40000152587890625 91.09375 92.6999969482421875 93.61875152587890625 93.6875 93.46250152587890625 91.2062530517578125 89.0812530517578125 87.96875 87.52500152587890625 88.3625030517578125 88.0187530517578125 88.4187469482421875 87.68125152587890625 83.8562469482421875 78.5812530517578125 74.1062469482421875 70.30625152587890625 67.11875152587890625 63.71250152587890625 60.137500762939453125 56.22499847412109375 52
89.75 96.84375 103.69374847412109375 110.0749969482421875 115.59375 120.29999542236328125 124.66249847412109375 128.71875 131.65625 128.568756103515625 123.4499969482421875 116.3874969482421875 110.78749847412109375 106.3874969482421875 102.18125152587890625 98.8249969482421875 96.28125 95.3312530517578125 94.875 94.4875030517578125 93.39374542236328125 92.28125 92.11875152587890625 93.4250030517578125 94.03125 93.2687530517578125 94.2062530517578125 94.80625152587890625 94.0625 94.6437530517578125 96.08750152587890625 97.80625152587890625 96.59999847412109375 95.93125152587890625 94.16249847412109375 89.7375030517578125 84.2624969482421875 78.5749969482421875 74.11875152587890625 71.28125 67.9187469482421875 64.33750152587890625 60.43125152587890625 56.118747711181640625
88.8312530517578125 96.93125152587890625 105 111.00624847412109375 116.43125152587890625 121.0124969482421875 124.95624542236328125 129.1875 131.75 129.1437530517578125 123.84375 118.0500030517578125 113.28125 109.4250030517578125 105.6999969482421875 102.3625030517578125 99.99375152587890625 98.90000152587890625 98.1875 97.4812469482421875 96.50624847412109375 95.7937469482421875 94.8249969482421875 95.5124969482421875 95.49375152587890625 93.96250152587890625 94.1125030517578125 96.46250152587890625 98.5437469482421875 100.818756103515625 103.30625152587890625 105.43125152587890625 104.30625152587890625 102.8125 100.7624969482421875 96.6999969482421875 91.18125152587890625 84.96250152587890625 80.34999847412109375 76.68125152587890625 72.90000152587890625 69.1062469482421875 64.7687530517578125 60.012500762939453125
90.93125152587890625 98.65000152587890625 107.09999847412109375 112.2687530517578125 117.28749847412109375 121.23125457763671875 124.44374847412109375 127.28749847412109375 128.8937530517578125 127.74375152587890625 124.59999847412109375 120.18125152587890625 116.53125 113.34999847412109375 109.6875 106.68125152587890625 104.1687469482421875 103.05625152587890625 102.1687469482421875 101.4250030517578125 100.38124847412109375 98.8937530517578125 98.3000030517578125 98.56874847412109375 98.59999847412109375 98.5187530517578125 99.037506103515625 101.21250152587890625 103.74375152587890625 106.65000152587890625 109.4875030517578125 111.3562469482421875 110.9187469482421875 109.2687530517578125 107.34375 102.88124847412109375 98.15625 93.16249847412109375 87.93125152587890625 83.77500152587890625 79.41249847412109375 74.9250030517578125 70 65.30625152587890625
94.2312469482421875 100.65625 106.83750152587890625 112.625 117.2375030517578125 120.4875030517578125 123.03125 125.1374969482421875 126.81874847412109375 126.94374847412109375 124.34375 121.8562469482421875 119.27500152587890625 116.8937530517578125 113.96875 111.02500152587890625 108.7937469482421875 107.3874969482421875 106.53125 105.66249847412109375 104.66249847412109375 103.13124847412109375 102.43125152587890625 102.8874969482421875 103.40625 104.01874542236328125 105.350006103515625 107.08750152587890625 109.40625 112.5625 114.7312469482421875 117.44374847412109375 117.4187469482421875 115.7375030517578125 114.2937469482421875 110.0500030517578125 105.625 101.4499969482421875 96.38124847412109375 91.7624969482421875 87.0124969482421875 82.09375 76.4875030517578125 71.43125152587890625
98.72499847412109375 102.3125 107.125 111.7062530517578125 115.53749847412109375 118.81874847412109375 121.15000152587890625 123.1687469482421875 124.5437469482421875 124.6687469482421875 124.375 123.4812469482421875 122.3937530517578125 121.1875 118.34375 115.88124847412109375 113.28125 112.2375030517578125 111.15000152587890625 110.1374969482421875 109.3125 107.8937530517578125 107.0749969482421875 108.56874847412109375 109.03125 109.9375 111.31874847412109375 113.09999847412109375 115.53125 118.25 121.0749969482421875 122.86875152587890625 123.2312469482421875 122.2312469482421875 120.63124847412109375 117.3249969482421875 113.84999847412109375 110.3937530517578125 105.9812469482421875 101.99375152587890625 97.3249969482421875 92.2312469482421875 86.3125 80.5500030517578125
102.97499847412109375 104.65625 107.9187469482421875 111.30625152587890625 114.125 117.03749847412109375 119.66249847412109375 121.375 122.77500152587890625 123.7937469482421875 124.06874847412109375 124.5812530517578125 125.34375 124.94374847412109375 122.75624847412109375 120.4812469482421875 118.47499847412109375 116.875 115.97499847412109375 115.34999847412109375 114.28125 113 112.84999847412109375 113.96250152587890625 114.71250152587890625 116 117.8874969482421875 119.94374847412109375 121.6437530517578125 123.9875030517578125 126.1125030517578125 128.131256103515625 128.681243896484375 127.9499969482421875 127.4875030517578125 124.6062469482421875 121.6125030517578125 119.7375030517578125 115.75624847412109375 112.66249847412109375 109.53749847412109375 103.78125 96.4187469482421875 90.71250152587890625
107.3312530517578125 107.53749847412109375 109.03749847412109375 111.33750152587890625 113.2312469482421875 115.36875152587890625 117.43125152587890625 119.38124847412109375 121.23749542236328125 123.16249847412109375 124.6062469482421875 126.34999847412109375 128.09375 128.7375030517578125 127.30625152587890625 125.28749847412109375 123.7375030517578125 122.15625 121.0437469482421875 120.40000152587890625 119.25 118.38124847412109375 118.2624969482421875 119.3562469482421875 120.3249969482421875 122.0500030517578125 124.1062469482421875 126.1437530517578125 128.6062469482421875 130.243743896484375 131.399993896484375 133.1374969482421875 133.8937530517578125 133.649993896484375 133.6437530517578125 131.8625030517578125 129.7624969482421875 128.181243896484375 124.40625 121.8000030517578125 119.81874847412109375 113.8249969482421875 106.2375030517578125 101.6062469482421875
112.43125152587890625 111.3312530517578125 111.5124969482421875 111.9562530517578125 112.99375152587890625 114.21875 116.13124847412109375 118.32500457763671875 121.0124969482421875 123.0749969482421875 125.6437530517578125 127.9812469482421875 130.9812469482421875 132.7375030517578125 131.837493896484375 130.850006103515625 129.212493896484375 128.2375030517578125 126.7687530517578125 125.2312469482421875 124.5187530517578125 123.8562469482421875 123.4812469482421875 124.30625152587890625 125.7375030517578125 128.1875 130.15625 131.993743896484375 133.8312530517578125 135.2687530517578125 136.7687530517578125 138.306243896484375 139.3000030517578125 140.1125030517578125 140.4875030517578125 139.4875030517578125 138.149993896484375 137.7312469482421875 133.21875 130.100006103515625 128.3562469482421875 125.4250030517578125 120.11875152587890625 117.5437469482421875
117.40000152587890625 114.79375457763671875 113.9875030517578125 112.72499847412109375 112.7937469482421875 114.34375 115.90000152587890625 117.93125152587890625 120.66249847412109375 123.19374847412109375 126.6750030517578125 130.274993896484375 134.5625 137.350006103515625 136.7062530517578125 136.375 135.84375 134.28125 132.53125 131.0124969482421875 129.8874969482421875 129.306243896484375 129.0187530517578125 129.8249969482421875 131.443756103515625 133.59375 135.6125030517578125 137.412506103515625 139.006256103515625 140.1999969482421875 141.975006103515625 143.5124969482421875 144.9562530517578125 146.6062469482421875 147.75 146.9499969482421875 146.75 147.1875 142.306243896484375 136.0812530517578125 135.318756103515625 135.8562469482421875 134.5 132.6999969482421875
121.8125 118.03749847412109375 115.6875 114.21875 114.24375152587890625 114.5749969482421875 115.75 117.63124847412109375 120.6062469482421875 123.75624847412109375 127.5749969482421875 132.4187469482421875 137.1750030517578125 141.287506103515625 142.212493896484375 142.5437469482421875 141.8937530517578125 139.600006103515625 138.3874969482421875 136.6999969482421875 135.4250030517578125 134.65625 134.3937530517578125 135.037506103515625 136.8625030517578125 138.7624969482421875 140.712493896484375 142.5749969482421875 144.03125 145.5187530517578125 147.149993896484375 148.3562469482421875 150.4875030517578125 153.2375030517578125 154.556243896484375 154.837493896484375 155.6437530517578125 156.6875 151.318756103515625 146.649993896484375 147.3625030517578125 149.743743896484375 149.8125 150.068756103515625
127.78125 123.3562469482421875 120.5 118.7937469482421875 117.60625457763671875 117.3874969482421875 117.75624847412109375 118.80625152587890625 121.4875030517578125 124.9250030517578125 130.7687530517578125 135.712493896484375 141.7375030517578125 147.3625030517578125 148.7375030517578125 149.087493896484375 148.243743896484375 146.0625 144.274993896484375 142.4187469482421875 140.818756103515625 139.712493896484375 138.899993896484375 139.787506103515625 141.21875 142.875 144.881256103515625 146.5437469482421875 148.2312469482421875 150.7312469482421875 152.6687469482421875 154.475006103515625 156.087493896484375 159.631256103515625 163.03125 165.412506103515625 166.662506103515625 167.350006103515625 164.306243896484375 164.337493896484375 166.6875 169.556243896484375 171.5437469482421875 173.2062530517578125
133.0625 128.75 125.86875152587890625 123.6687469482421875 121.11875152587890625 120.4250030517578125 120.0500030517578125 120.46250152587890625 122.2624969482421875 125.88124847412109375 131.1750030517578125 138.756256103515625 147.193756103515625 152.568756103515625 155.03125 155.5437469482421875 155.056243896484375 152.9499969482421875 150.1374969482421875 148.431243896484375 146.381256103515625 144.7062530517578125 143.5437469482421875 143.587493896484375 145.15625 146.662506103515625 148.274993896484375 150.09375 152.3125 155.1750030517578125 158.162506103515625 160.9812469482421875 164.037506103515625 167.28125 172.162506103515625 175.3625030517578125 177.212493896484375 178.868743896484375 179.412506103515625 182.375 185.3625030517578125 189.5437469482421875 194.4499969482421875 198.3874969482421875
138.306243896484375 134.399993896484375 130.6687469482421875 128.0625 124.9250030517578125 123.53125 122.34999847412109375 122.25624847412109375 122.84375 126.13124847412109375 132.2375030517578125 141.4812469482421875 151.8625030517578125 159.5187530517578125 161.0500030517578125 161.8562469482421875 161.8062591552734375 159.399993896484375 156.5187530517578125 153.875 151.743743896484375 149.3562469482421875 147.774993896484375 147.25 148.4250030517578125 149.7312469482421875 151.75 154.162506103515625 156.5749969482421875 159.693756103515625 163.03125 166.96875 170.9187469482421875 175.743743896484375 180.59375 183.743743896484375 186.399993896484375 190.8249969482421875 193.837493896484375 198.0500030517578125 202.8125 207.53125 214.118743896484375 219.6125030517578125
143.6374969482421875 139.837493896484375 136.662506103515625 133.350006103515625 130.1875 128.506256103515625 126.40625 125.1374969482421875 124.84375 126.9187469482421875 133.6999969482421875 144.068756103515625 155.975006103515625 164.125 166.618743896484375 167.5500030517578125 167.368743896484375 165.1687469482421875 162.287506103515625 159.21875 156.962493896484375 154.6374969482421875 151.787506103515625 150.9875030517578125 151.3937530517578125 151.881256103515625 153.6374969482421875 156.100006103515625 158.625 162.787506103515625 166.774993896484375 171.375 176.149993896484375 182.443756103515625 187.1750030517578125 190.131256103515625 195.649993896484375 199.9812469482421875 204.0187530517578125 208.787506103515625 214.787506103515625 220.587493896484375 225.431243896484375 232.2312469482421875
149 145.537506103515625 142.4250030517578125 139.2750091552734375 136.1062469482421875 133.649993896484375 130.818756103515625 128.475006103515625 126.88124847412109375 126.4875030517578125 134.381256103515625 148.6125030517578125 159.5500030517578125 166.743743896484375 170.600006103515625 172.537506103515625 172.4499969482421875 170.431243896484375 167.131256103515625 163.6812591552734375 161.087493896484375 158.256256103515625 155.6999969482421875 154.037506103515625 153.5187530517578125 153.662506103515625 155.15625 157.6374969482421875 160.693756103515625 165.475006103515625 170.6374969482421875 175.2937469482421875 182.087493896484375 189.162506103515625 193.631256103515625 198.681243896484375 204.181243896484375 209.9250030517578125 214.3874969482421875 219.0500030517578125 225.03125 229.556243896484375 235.8125 243.6999969482421875
154.0500030517578125 150.993743896484375 147.90625 144.9562530517578125 142.0749969482421875 139.212493896484375 136.7687530517578125 134.0812530517578125 132.368743896484375 130.1999969482421875 142.3499908447265625 156.712493896484375 165.0812530517578125 171.46875 175.1125030517578125 177.274993896484375 177.162506103515625 174.975006103515625 171.837493896484375 167.8937530517578125 164.6437530517578125 160.850006103515625 157.943756103515625 155.693756103515625 155.2375030517578125 155.100006103515625 156.243743896484375 158.787506103515625 161.9875030517578125 167.693756103515625 172.774993896484375 178.8000030517578125 186.5500030517578125 193.7937469482421875 199.9875030517578125 204.6687469482421875 211.4875030517578125 217.03125 223.125 228.787506103515625 232.6999969482421875 238.40625 243.2312469482421875 249.756256103515625
