data/historical-monthly-weather-data/wc2.1_cruts4.09_10m_prec_1972-12.asc
ncols        45
nrows        45
xllcorner    -63.500000000000
yllcorner    -7.500000000000
cellsize     0.166666666667
NODATA_value -9999
[rows 20 to 39 of 45, columns 0 to 44 of 45]
245.225006103515625 248.6125030517578125 249.0437469482421875 250.181243896484375 252.1687469482421875 253.943756103515625 254.78125 254.975006103515625 255.256256103515625 253.524993896484375 249.75 246.087493896484375 241.8312530517578125 235.506256103515625 226.15625 215.34375 204.818756103515625 195.125 187.931243896484375 180.787506103515625 173.649993896484375 166.3562469482421875 160.131256103515625 159.443756103515625 160.53125 161.0749969482421875 160.693756103515625 156.5500030517578125 150.0124969482421875 144.306243896484375 140.7312469482421875 141.4187469482421875 143.3687591552734375 146.6437530517578125 150.881256103515625 158.024993896484375 167.76873779296875 178.21875 186.2624969482421875 190.03125 189.5625 186.618743896484375 185.59375 185.056243896484375 184.2624969482421875
238.8249969482421875 241.493743896484375 243.181243896484375 246.4562530517578125 249.462493896484375 251.6125030517578125 253.568756103515625 254.850006103515625 255.1437530517578125 253.431243896484375 248.975006103515625 244.368743896484375 239.2687530517578125 232.25 223.600006103515625 213.837493896484375 204.287506103515625 195.3000030517578125 187.53125 180.193756103515625 172.399993896484375 166.243743896484375 162.006256103515625 161.5812530517578125 163.09375 165.9187469482421875 168.975006103515625 166.2062530517578125 160.84375 157.1437530517578125 154.8000030517578125 154.8125 154.912506103515625 156.9562530517578125 159.506256103515625 165.587493896484375 174.8125 185.212493896484375 191.8125 193.4187469482421875 192.8125 190.4875030517578125 189.100006103515625 188.4375 188.3937530517578125
233.1875 237.4812469482421875 238.681243896484375 241.7937469482421875 245.837493896484375 249.6437530517578125 251.912506103515625 254.412506103515625 256.225006103515625 253.587493896484375 248.412506103515625 242.162506103515625 236.9499969482421875 230.087493896484375 221.587493896484375 212.34375 203.0749969482421875 194.0625 186.34375 178.4499969482421875 171.21875 165.4437408447265625 161.287506103515625 161.3562469482421875 163.8625030517578125 168.787506103515625 174.9562530517578125 173.975006103515625 169.912506103515625 168.3125 167.8000030517578125 168.21875 167.5625 167.256256103515625 167.9375 171.350006103515625 180.3874969482421875 193.4499969482421875 199.287506103515625 198.837493896484375 196.993743896484375 194.3249969482421875 192.8249969482421875 191.962493896484375 191.9875030517578125
228.399993896484375 231.6437530517578125 232.5124969482421875 236.1125030517578125 241.3125 246.1750030517578125 250.34375 253.2062530517578125 254.725006103515625 251.5500030517578125 246.462493896484375 241.068756103515625 236.006256103515625 229.931243896484375 221.4499969482421875 212.375 203.5749969482421875 195.024993896484375 187.0187530517578125 178.912506103515625 170.818756103515625 164.5 159.4875030517578125 159.96875 162.524993896484375 167.3312530517578125 173.8125 176.556243896484375 177.03125 177.881256103515625 179.7062530517578125 180.59375 180.162506103515625 178.868743896484375 178.4375 179.3125 186.7375030517578125 198.743743896484375 204.1687469482421875 203.3312530517578125 200.587493896484375 197.725006103515625 195.2312469482421875 193.743743896484375 196.024993896484375
226.5812530517578125 228.03125 227.899993896484375 233.6875 240.8000030517578125 245.350006103515625 249.1812591552734375 251.149993896484375 251.381256103515625 249.2624969482421875 245.068756103515625 239.8125 234.868743896484375 229.1125030517578125 221.337493896484375 212.8312530517578125 204.3125 196.1437530517578125 188.006256103515625 179.7375030517578125 170.868743896484375 163.0999908447265625 157.4375 157.25 160.2687530517578125 165.868743896484375 173.068756103515625 178.5124969482421875 182.2375030517578125 186.2937469482421875 190.524993896484375 192.9499969482421875 192.899993896484375 191.3125 189.53125 190.681243896484375 196.4250030517578125 202.993743896484375 207.118743896484375 207.3874969482421875 204.631256103515625 201.3312530517578125 197.6875 196.8125 198.537506103515625
229.8312530517578125 233.1374969482421875 232.931243896484375 237.6437530517578125 242.0187530517578125 245.631256103515625 248.024993896484375 249.087493896484375 248.787506103515625 246.287506103515625 242.287506103515625 238.1687469482421875 233.4875030517578125 228.1999969482421875 221.399993896484375 213.587493896484375 205.1687469482421875 197.3000030517578125 189.28125 180.837493896484375 172.2937469482421875 162.875 155.1750030517578125 153.493743896484375 158.1750030517578125 165.243743896484375 174.193756103515625 181.6062469482421875 187.756256103515625 194.0437469482421875 200.1437530517578125 205.6374969482421875 206.4875030517578125 203.9875030517578125 201.9250030517578125 202.2062530517578125 205.7375030517578125 209.725006103515625 212.7375030517578125 213.350006103515625 210.7062530517578125 205.3312530517578125 199.787506103515625 197.318756103515625 201.1875
235.149993896484375 239.03125 241.399993896484375 245.431243896484375 248.506256103515625 250.243743896484375 250.068756103515625 249.243743896484375 247.212493896484375 245.0625 242.4187469482421875 238.7687530517578125 234.2624969482421875 229.7937469482421875 223.587493896484375 216.7249908447265625 209.0500030517578125 201.3499908447265625 193.3874969482421875 184.34375 175.243743896484375 165.3000030517578125 156.368743896484375 153.2687530517578125 159.399993896484375 167.118743896484375 176.8937530517578125 185.5500030517578125 193.7937469482421875 201.2624969482421875 209.2375030517578125 216.5 218.8312530517578125 216.1062469482421875 213.649993896484375 213.8937530517578125 215.475006103515625 217.899993896484375 220.381256103515625 221.6062469482421875 219.443756103515625 212.274993896484375 203.7624969482421875 200.087493896484375 208.850006103515625
241.71875 246.40625 250.462493896484375 254.412506103515625 256.33123779296875 256.10626220703125 253.943756103515625 250.4499969482421875 247.118743896484375 244.0625 240.9187469482421875 237.912506103515625 235.15625 231.725006103515625 226.2624969482421875 219.71875 213.1750030517578125 205.5 197.8812408447265625 189.1062469482421875 180.3125 171.100006103515625 164.03125 162.306243896484375 166.1875 172.7062530517578125 181.774993896484375 190.5124969482421875 199.225006103515625 207.4187469482421875 215.6875 222.9499969482421875 225.3125 224.53125 223.09375 223.3249969482421875 224.6875 226.756256103515625 229.868743896484375 232.368743896484375 231.618743896484375 223.7375030517578125 209.6062469482421875 204.8000030517578125 221.0812530517578125
247.256256103515625 253.1750030517578125 259.03125 264.5 265.431243896484375 261.86248779296875 256.88751220703125 251.6062469482421875 247.125 242.818756103515625 239.9250030517578125 238.0500030517578125 236 233.75 228.743743896484375 223.8249969482421875 218.118743896484375 211.024993896484375 203.618743896484375 195.2937469482421875 187.068756103515625 178.962493896484375 173.368743896484375 171.9562530517578125 174.8125 180.056243896484375 188.350006103515625 196.9812469482421875 205.8249969482421875 213.5124969482421875 221.274993896484375 227.9562530517578125 230.5437469482421875 230.681243896484375 230.756256103515625 231.8000030517578125 233.756256103515625 235.6687469482421875 238.65625 242.4562530517578125 244.7062530517578125 235.524993896484375 221.625 220.5625 237.3874969482421875
254.9562530517578125 261.399993896484375 269.087493896484375 276.51873779296875 278.537506103515625 270.056243896484375 261.29376220703125 254.212493896484375 248.212493896484375 242.8874969482421875 239.71875 237.7312469482421875 237.1750030517578125 236.318756103515625 232.5500030517578125 228.087493896484375 223.6062469482421875 218.462493896484375 211.631256103515625 203.3562469482421875 195.193756103515625 187.8000030517578125 182.131256103515625 181.368743896484375 183.850006103515625 188.5 195.100006103515625 203.587493896484375 211.756256103515625 219.056243896484375 226.2624969482421875 232.462493896484375 236.2624969482421875 237.7062530517578125 239.181243896484375 240.5812530517578125 242.9812469482421875 245.0625 247.975006103515625 250.875 251.5 247.625 239.84375 240.506256103515625 250.0812530517578125
260.90625 267.556243896484375 274.712493896484375 282.462493896484375 283.66876220703125 272.78125 262.60626220703125 253.8312530517578125 246.806243896484375 242.193756103515625 238.9812469482421875 237.774993896484375 238.181243896484375 237.9437408447265625 235.0625 232.162506103515625 229.6875 224.6999969482421875 219.443756103515625 211.6437530517578125 203.46875 196.2624969482421875 191.087493896484375 190.462493896484375 192.3937530517578125 196.256256103515625 202.4375 210.225006103515625 217.8125 225 231.568756103515625 237.368743896484375 241.493743896484375 244.59375 247.100006103515625 249.3874969482421875 252.5625 255.09375 257.125 258.024993896484375 259.29376220703125 259.48126220703125 257.54998779296875 256.75 263.51873779296875
265.337493896484375 270.34375 275.41876220703125 278.506256103515625 276.76873779296875 268.70001220703125 259.568756103515625 250.368743896484375 244 239.21875 236.6687469482421875 236.8937530517578125 238.4562530517578125 239.125 238.225006103515625 236.725006103515625 233.8562469482421875 229.149993896484375 224.15625 217.3562469482421875 210.3562469482421875 203.7375030517578125 198.493743896484375 198.0749969482421875 200.8625030517578125 204.1437530517578125 209.493743896484375 216.7937469482421875 224.149993896484375 231.0749969482421875 237.1374969482421875 242.756256103515625 246.4875030517578125 250.556243896484375 254.6062469482421875 258.537506103515625 261.524993896484375 264.0625 265.84375 266.943756103515625 270.618743896484375 275.081268310546875 278.693756103515625 282.631256103515625 293.337493896484375
269.693756103515625 271.662506103515625 273.068756103515625 274.14373779296875 271.625 264.20623779296875 255.0187530517578125 245.943756103515625 239.537506103515625 235.5 235.5625 236.71875 239.71875 242.712493896484375 242.5 241.15625 238.3125 234.5749969482421875 228.4562530517578125 222.306243896484375 216.193756103515625 210.6125030517578125 205.8625030517578125 205.381256103515625 207.943756103515625 211.587493896484375 216.712493896484375 222.649993896484375 230.024993896484375 236.4187469482421875 242.8000030517578125 248.537506103515625 253.162506103515625 258.068756103515625 263.1875 267.774993896484375 271.881256103515625 275.5625 277.693756103515625 282.412506103515625 287.11248779296875 294.42498779296875 303.850006103515625 317.181243896484375 341.88751220703125
272.92498779296875 272.287506103515625 271.91876220703125 270.33123779296875 265.787506103515625 258.35626220703125 249.912506103515625 241.125 234.46875 230.625 231.0124969482421875 235.8249969482421875 241.243743896484375 244.75 245.9499969482421875 245.100006103515625 243.3125 239.65625 233.2062530517578125 227.2624969482421875 221.774993896484375 216.443756103515625 211.8000030517578125 211.71875 213.875 217.3125 222.8125 228.9250030517578125 236.3000030517578125 241.993743896484375 248.100006103515625 254.4375 259.90625 265.79376220703125 271.368743896484375 276.5625 282.23748779296875 285.9375 290.70623779296875 297.11248779296875 303.76873779296875 313.399993896484375 326.443756103515625 345.524993896484375 375.23126220703125
275.04998779296875 273.01251220703125 270.818756103515625 266.899993896484375 261.51873779296875 253.46875 244.46875 235.5500030517578125 227.65625 224.2312469482421875 226.65625 234.1687469482421875 243.1999969482421875 249.5374908447265625 251.4187469482421875 251.0124969482421875 248.993743896484375 244.725006103515625 238.850006103515625 231.8937530517578125 227.368743896484375 221.7375030517578125 218.0437469482421875 217.7312469482421875 219.318756103515625 222.71875 228.0625 234.5 241.618743896484375 247.306243896484375 253.462493896484375 259.85626220703125 266.36248779296875 273.399993896484375 279.70001220703125 284.84375 290.45001220703125 296.92498779296875 303.337493896484375 309.66876220703125 317.875 328.14373779296875 342.01251220703125 361 386.368743896484375
277 273.850006103515625 269.993743896484375 264.98126220703125 258.35626220703125 250.056243896484375 240.0749969482421875 229.899993896484375 220.8125 215.962493896484375 220.78125 232.9187469482421875 246.287506103515625 254.65625 257.53125 257.41876220703125 255.181243896484375 250.693756103515625 243.9562530517578125 236.6125030517578125 232.006256103515625 227.6999969482421875 223.4562530517578125 223.006256103515625 224.681243896484375 227.337493896484375 232.556243896484375 238.4562530517578125 244.993743896484375 251.28125 258.149993896484375 264.51873779296875 271.95001220703125 279.03125 285.63751220703125 290.350006103515625 297.78125 304.618743896484375 311.125 318.45623779296875 327.28125 338.662506103515625 351.20623779296875 367.90625 386.34375
278.46875 274.681243896484375 270.0625 264.64373779296875 257.92498779296875 249.6437530517578125 240.149993896484375 228.662506103515625 216.600006103515625 206.8562469482421875 216.649993896484375 238.162506103515625 252.78125 260.662506103515625 263.98748779296875 263.899993896484375 261.837493896484375 256.587493896484375 249.9812469482421875 242.399993896484375 237.381256103515625 232.631256103515625 228.46875 227.7687530517578125 228.6999969482421875 231.225006103515625 235.6374969482421875 241.96875 248.693756103515625 255.443756103515625 262.443756103515625 269.14373779296875 276.95001220703125 284.98126220703125 291.662506103515625 297.98126220703125 305.08123779296875 311.743743896484375 317.368743896484375 324.631256103515625 333.21875 343.868743896484375 355.6875 370.256256103515625 382.5625
279.41876220703125 275.70623779296875 271.287506103515625 265.774993896484375 259.875 251.725006103515625 243.618743896484375 233.4187469482421875 222.2937469482421875 210.1875 232.431243896484375 256.25 265.53125 270.350006103515625 272.29376220703125 271.76873779296875 268.787506103515625 263.5625 255.9375 248.4250030517578125 242.0500030517578125 236.774993896484375 232.8562469482421875 231.7624969482421875 232.0749969482421875 234.162506103515625 239.243743896484375 245.149993896484375 251.600006103515625 259.08123779296875 265.84375 273.14373779296875 281.412506103515625 289.931243896484375 297.037506103515625 303.51251220703125 310.20001220703125 316.125 322.15625 328.712493896484375 336.14373779296875 345.54376220703125 355.3125 367.36248779296875 377.431243896484375
280.42498779296875 276.67498779296875 272.96875 268.524993896484375 263 256.32501220703125 250.1125030517578125 244.6437530517578125 241.975006103515625 249.71875 276.54998779296875 280.725006103515625 280.587493896484375 281.818756103515625 281.98748779296875 280.649993896484375 277.20623779296875 270.48748779296875 262.34375 254 246.5500030517578125 240.0500030517578125 235.6437530517578125 234.4875030517578125 234.962493896484375 236.850006103515625 241.1062469482421875 246.881256103515625 253.006256103515625 260.51873779296875 268.04376220703125 274.04376220703125 281.712493896484375 289.368743896484375 297.3125 303.4375 309.306243896484375 314.85626220703125 319.899993896484375 325.23748779296875 332.23126220703125 339.39373779296875 346.962493896484375 356.056243896484375 363.46875
282.73748779296875 278.98126220703125 275.67498779296875 271.9375 267.70623779296875 263.625 260.243743896484375 259.625 262.13751220703125 271.774993896484375 287.14373779296875 293.26251220703125 292.993743896484375 293.20623779296875 292.86248779296875 290.4375 286.125 279.25 269.625 260.10626220703125 250.1687469482421875 241.9187469482421875 236.475006103515625 234.681243896484375 235.9875030517578125 238.5749969482421875 243.2624969482421875 248.90625 254.5187530517578125 262.162506103515625 268.837493896484375 275.725006103515625 283.16876220703125 289.86248779296875 296.350006103515625 301.006256103515625 306.850006103515625 311.60626220703125 315.6875 319.543731689453125 324.48126220703125 330.375 336.818756103515625 343.818756103515625 350.0625
