data/historical-monthly-weather-data/wc2.1_cruts4.09_10m_prec_1995-07.asc
ncols        45
nrows        45
xllcorner    -63.500000000000
yllcorner    -7.500000000000
cellsize     0.166666666667
NODATA_value -9999
[rows 19 to 37 of 45, columns 0 to 43 of 45]
117.66249847412109375 122.7624969482421875 123.875 124.6437530517578125 124.27500152587890625 125.68125152587890625 120.6374969482421875 118.28125 115.5500030517578125 109.55625152587890625 104.74375152587890625 103.375 99.00624847412109375 94.56874847412109375 87.125 78.7687530517578125 73.53749847412109375 78.78125 73.80625152587890625 71.61875152587890625 68.86875152587890625 74.90625 84.4499969482421875 90.16249847412109375 91.9250030517578125 88.59375 87.3874969482421875 89.9499969482421875 89.00624847412109375 87.0187530517578125 90.55625152587890625 99.9250030517578125 102.03125 103.40000152587890625 106.03749847412109375 110.8937530517578125 112.22499847412109375 110.92499542236328125 108.4187469482421875 101.4250030517578125 90.2624969482421875 80.5625 75.9187469482421875 70.0625
103.8937530517578125 114.91249847412109375 120.84375 119.25 116.9562530517578125 118.05625152587890625 115.18125152587890625 113.42499542236328125 109.8937530517578125 105.625 100.0437469482421875 98.65000152587890625 95.8874969482421875 90.75624847412109375 83.83750152587890625 77.3312530517578125 73.50624847412109375 73.0124969482421875 74.15625 69.71250152587890625 74.31874847412109375 80.0124969482421875 86.9875030517578125 93.5500030517578125 94.7312469482421875 90.11875152587890625 83.875 85.3249969482421875 87.74375152587890625 88.22499847412109375 93.7312469482421875 99.33750152587890625 97.30625152587890625 99.48749542236328125 102.31874847412109375 105.4562530517578125 107.06874847412109375 103.90000152587890625 99.0749969482421875 92.25 84.6125030517578125 78.6687469482421875 72.71250152587890625 67.7624969482421875
98.21875 102.5 109.6875 112.19374847412109375 112.61875152587890625 109.21875 107.2375030517578125 105.66249847412109375 103.8125 100.28125 97.0749969482421875 92.90625 89.25 88.50624847412109375 85.44374847412109375 79.25 77.78749847412109375 75.66249847412109375 75.24375152587890625 73.9499969482421875 74.4187469482421875 79.30625152587890625 85.90000152587890625 87.5625 86.27500152587890625 83.68125152587890625 85.31874847412109375 83.38124847412109375 88.3874969482421875 92.34999847412109375 94.0187530517578125 95.19374847412109375 93.9875030517578125 94.34999847412109375 94.36875152587890625 98.40625 99.7687530517578125 97.49375152587890625 93.4250030517578125 88.0625 81.86875152587890625 76.91249847412109375 71.9812469482421875 66.9812469482421875
92.50624847412109375 101.16249847412109375 105.84375 106.86875152587890625 106.5500030517578125 104.74375152587890625 97.8312530517578125 96.2937469482421875 96.25 97.34375 95.77500152587890625 91.90000152587890625 90.5749969482421875 88.40625 87.21250152587890625 84.44374847412109375 79.6437530517578125 75.84999847412109375 74.3125 74.8874969482421875 79.3562469482421875 81.15625 84.21250152587890625 84.99375152587890625 86.34375 82.5500030517578125 80.78749847412109375 82.59999847412109375 84.3625030517578125 86.05625152587890625 87.6374969482421875 90.1062469482421875 88.30625152587890625 86.3249969482421875 87.5749969482421875 88.09375 90.71875 88.09375 86.90625 84.09375 79.44374847412109375 73.5437469482421875 69.30625152587890625 64.5500030517578125
83.78749847412109375 94.00624847412109375 101.2375030517578125 101.8249969482421875 101.5500030517578125 98.0187530517578125 96.66875457763671875 93.53749847412109375 90.9562530517578125 89.0625 88.86875152587890625 91.3625030517578125 90.3312530517578125 89.8312530517578125 86.34375 83.68125152587890625 78.6062469482421875 77.7687530517578125 75.83750152587890625 77.81874847412109375 79.15000152587890625 83.30625152587890625 85.43125152587890625 88.3249969482421875 88.2375030517578125 83.4499969482421875 83.2687530517578125 80.0812530517578125 79.8625030517578125 80.68125152587890625 82.3000030517578125 83.625 80.4375 77.27500152587890625 80.22499847412109375 78.9250030517578125 81.97499847412109375 82.55625152587890625 81.6374969482421875 78.875 75.72499847412109375 70.78125 67.4375 62.68125152587890625
77.96875 88.1875 96.61875152587890625 98.5500030517578125 99.1437530517578125 94.4250030517578125 92.4250030517578125 89.8874969482421875 87.65000152587890625 87.94374847412109375 88.00624847412109375 85.8000030517578125 88.46875 87.53749847412109375 83.8937530517578125 79.6750030517578125 77.09999847412109375 77.33750152587890625 77.15000152587890625 77.8874969482421875 80.5812530517578125 83.28125 88.80625152587890625 88.99375152587890625 85.8000030517578125 85.27500152587890625 80.21875 76.8249969482421875 74.65625 75.03749847412109375 73.13124847412109375 72.09375 71.8625030517578125 70.02500152587890625 69.84375 71.2312469482421875 74.7062530517578125 74.7687530517578125 75.1999969482421875 74.08750152587890625 70.68125152587890625 67.8000030517578125 65.3562469482421875 60.75624847412109375
76.96875 86.21250152587890625 89.7687530517578125 93.2312469482421875 93.81874847412109375 90.59999847412109375 88.3625030517578125 85.7312469482421875 82.90000152587890625 80.1125030517578125 84.0500030517578125 84.0749969482421875 82.74375152587890625 82.82500457763671875 80.72499847412109375 78.125 75.3000030517578125 75.6687469482421875 76.53125 76.65000152587890625 81.3625030517578125 84.6062469482421875 89.33750152587890625 89.3937530517578125 85.3125 81.5437469482421875 77.8874969482421875 73.03749847412109375 68.80625152587890625 66.71875 64.55625152587890625 62.43125152587890625 61.012500762939453125 60.918750762939453125 62.987499237060546875 64.90625 67.71250152587890625 69.4562530517578125 69.84999847412109375 69.1374969482421875 68.28125 64.47499847412109375 61.77500152587890625 57.47499847412109375
73.65000152587890625 79.1750030517578125 84.38124847412109375 87.88124847412109375 88.11875152587890625 86.33750152587890625 85.02500152587890625 82.16249847412109375 78.1374969482421875 79.9562530517578125 82.36875152587890625 82.4875030517578125 81.8625030517578125 80.1125030517578125 77.5437469482421875 77.09999847412109375 74.7375030517578125 73.6437530517578125 75.1437530517578125 76.5124969482421875 78.5812530517578125 81.97499847412109375 87.33750152587890625 89.2687530517578125 83.2687530517578125 76.59375 72.5187530517578125 68.5749969482421875 64.71875 60.075000762939453125 58.47499847412109375 54.28749847412109375 52.487499237060546875 55.3125 56.518749237060546875 59.518749237060546875 60.40625 62.25 63.46250152587890625 63.99375152587890625 64.65625 61.99375152587890625 58.65625 54.28125
70.9250030517578125 73.18125152587890625 77.3625030517578125 81.8249969482421875 82.25 81.31874847412109375 80.3312530517578125 77.8249969482421875 76.46875 77.33750152587890625 78.33750152587890625 77.53125 77.53125 76.72499847412109375 74.1062469482421875 72.81874847412109375 71.65625 71.50624847412109375 70.84999847412109375 72.93125152587890625 76.875 78.9187469482421875 80.3249969482421875 81.59375 78.1750030517578125 72.40000152587890625 68.20624542236328125 64.3000030517578125 60.456249237060546875 57.387500762939453125 54.487499237060546875 51.825000762939453125 50.13124847412109375 50.018749237060546875 51.43125152587890625 53.799999237060546875 54.53749847412109375 56.55625152587890625 58.375 60.55625152587890625 61.15000152587890625 60.6875 56.206249237060546875 52.61875152587890625
67.5 69.3937530517578125 73.6687469482421875 74.02500152587890625 75.625 73.8874969482421875 72.7687530517578125 72.65000152587890625 71.7312469482421875 73.3874969482421875 73.90000152587890625 73.41249847412109375 73.8937530517578125 74.27500152587890625 72.2062530517578125 70.71875 70.5124969482421875 68.40000152587890625 68.7062530517578125 70.3625030517578125 72.65000152587890625 74.1437530517578125 75.9562530517578125 75.0812530517578125 72.2062530517578125 67.71250152587890625 63.80625152587890625 60.125 58.118747711181640625 55.231250762939453125 51.700000762939453125 49.34375 47.212497711181640625 46.293750762939453125 47.081249237060546875 48.96875 49.91249847412109375 51.625 53.25 53.96250152587890625 56.06874847412109375 54.1875 51.625 48.59999847412109375
64.3562469482421875 67.5749969482421875 69.9812469482421875 70.15000152587890625 69.6750030517578125 68.9562530517578125 67.4187469482421875 68.6687469482421875 69.2937469482421875 69.6437530517578125 70.27500152587890625 71.4812469482421875 71.91249847412109375 71.125 69.53125 68.28749847412109375 66.90000152587890625 66.36875152587890625 65.5187530517578125 65.96875 68.5124969482421875 69.3562469482421875 70.8000030517578125 68.4499969482421875 66.21250152587890625 62.93125152587890625 59.112499237060546875 56.24375152587890625 54.49375152587890625 51.512500762939453125 48.793750762939453125 46.168750762939453125 43.93125152587890625 43.06874847412109375 42.862499237060546875 43.81874847412109375 45.918750762939453125 46.40000152587890625 46.393749237060546875 47.262500762939453125 49.387500762939453125 48.36875152587890625 46.206249237060546875 43.112499237060546875
62.606250762939453125 64.7687530517578125 63.96875 65.9250030517578125 66.46250152587890625 66.3249969482421875 64.83750152587890625 64.6875 65.50624847412109375 66.375 67.6750030517578125 68.13124847412109375 70.3125 68.1687469482421875 66.1125030517578125 65.5812530517578125 65.9812469482421875 63.25624847412109375 61.02500152587890625 62.737499237060546875 65.13124847412109375 65.66249847412109375 65.81874847412109375 62.46875 59.59999847412109375 58.5625 55.34375 51.875 49.168750762939453125 47.418750762939453125 45.25 43.5625 41.74375152587890625 40.88124847412109375 40.168750762939453125 39.950000762939453125 40.83750152587890625 42.174999237060546875 41.11875152587890625 40.22499847412109375 41.25624847412109375 41.6875 40.174999237060546875 37.325000762939453125
60.793750762939453125 59.84375 58.856250762939453125 59.293750762939453125 60.762500762939453125 61.5 61.731250762939453125 61.237499237060546875 62.59375 62.58750152587890625 64.1687469482421875 66.18125152587890625 66.66249847412109375 67.28125 65.75624847412109375 64.6437530517578125 63.774997711181640625 61.075000762939453125 58.174999237060546875 59.768749237060546875 60.206249237060546875 60.88124847412109375 60.125 56.96250152587890625 55.487499237060546875 53.11875152587890625 50.59375 48.581249237060546875 45.1875 43.75 42.68125152587890625 41.012500762939453125 38.93125152587890625 37.90000152587890625 37.387500762939453125 36.549999237060546875 37.28125 36.231250762939453125 35.40000152587890625 35.643749237060546875 36.206249237060546875 35.581249237060546875 34.262500762939453125 33.206249237060546875
58.78749847412109375 57.081249237060546875 55.137500762939453125 54.924999237060546875 56.15625 56.768749237060546875 57.668750762939453125 57.90000152587890625 57.643749237060546875 59.75 62.443752288818359375 62.768749237060546875 64.0500030517578125 65.81874847412109375 64.9562530517578125 62.56874847412109375 60.231250762939453125 59.72499847412109375 58.168750762939453125 58.737499237060546875 58.174999237060546875 57.11875152587890625 55.293750762939453125 53.231250762939453125 52.34375 49.78125 48.18125152587890625 45.393749237060546875 43.293750762939453125 41.1875 39.78125 37.91249847412109375 35.40000152587890625 34.418750762939453125 34.27500152587890625 34.13124847412109375 32.97499847412109375 31.818750381469726562 31.256250381469726562 32.143749237060546875 32.40625 32.049999237060546875 29.96875 29.350000381469726562
56.75624847412109375 55.02500152587890625 53.94374847412109375 53.512500762939453125 53.168750762939453125 52.13124847412109375 52.643749237060546875 51.887500762939453125 53.84375 54.668750762939453125 57.362499237060546875 59.612499237060546875 61.9375 62.65625 61.875 59.31874847412109375 58.06874847412109375 57.09375 55.668750762939453125 55.52500152587890625 55.5 53.13124847412109375 52.40000152587890625 50.74375152587890625 48.487499237060546875 45.987499237060546875 44.424999237060546875 42.88124847412109375 40.84375 38.981250762939453125 37.393749237060546875 35.231250762939453125 32.77500152587890625 32.02500152587890625 31.443750381469726562 30.59375 28.850000381469726562 28 28.206249237060546875 28.393749237060546875 28.768749237060546875 28.825000762939453125 28.137500762939453125 26.96875
55.25 51.96875 52.09375 51.13124847412109375 51.106250762939453125 50.05625152587890625 49.08750152587890625 48.237499237060546875 48.081249237060546875 49.21875 52.450000762939453125 56.424999237060546875 60.99375152587890625 62.737499237060546875 60.30625152587890625 58.00624847412109375 56.24375152587890625 54.674999237060546875 54.09999847412109375 52.78125 52.38124847412109375 51.49375152587890625 49.893749237060546875 47.99375152587890625 45.68125152587890625 43.05625152587890625 41.674999237060546875 40.231250762939453125 38.25 34.793750762939453125 33.3125 32.418750762939453125 30.631250381469726562 29.493749618530273438 28.043750762939453125 27.075000762939453125 26.043750762939453125 25.712499618530273438 25.362499237060546875 24.912500381469726562 24.799999237060546875 24.34375 24.893749237060546875 24.287500381469726562
52.6875 50.674999237060546875 51.237499237060546875 49.337497711181640625 48.84999847412109375 47.33750152587890625 46.418750762939453125 45.28125 44.72499847412109375 44.80625152587890625 47.581249237060546875 52.50624847412109375 58.575000762939453125 58.887500762939453125 58.075000762939453125 56.174999237060546875 54.793750762939453125 52.69374847412109375 50.893749237060546875 49.88124847412109375 47.40000152587890625 47.762500762939453125 45.75 43.72499847412109375 41.09375 40.299999237060546875 39.08750152587890625 37.83750152587890625 35.924999237060546875 32.825000762939453125 31.149999618530273438 30.424999237060546875 28.518749237060546875 27.431249618530273438 26.087499618530273438 24.65625 23.924999237060546875 23.293750762939453125 23.450000762939453125 23.056249618530273438 22.243749618530273438 22.087499618530273438 21.537500381469726562 21.243749618530273438
49.543750762939453125 48.987499237060546875 48.9375 46.90625 46.28125 45.668750762939453125 44.50624847412109375 43.075000762939453125 41.65625 39.956249237060546875 43.075000762939453125 48.768749237060546875 53.5 54.34999847412109375 54.606250762939453125 53.512500762939453125 51.856250762939453125 49.268749237060546875 47.38124847412109375 46.49375152587890625 43.96875 42.65000152587890625 41.21250152587890625 40.21875 38 36.96250152587890625 36.05625152587890625 34.700000762939453125 33.13124847412109375 31.206249237060546875 29.274999618530273438 27.737499237060546875 25.887500762939453125 24.862499237060546875 23.606250762939453125 22.056249618530273438 21.231250762939453125 21.375 21.681249618530273438 20.943750381469726562 19.9375 19.731250762939453125 19.137500762939453125 19.318750381469726562
45.75624847412109375 46.206249237060546875 45.0625 44.793750762939453125 44.27500152587890625 43.487499237060546875 42.450000762939453125 40.96250152587890625 39.65625 37.3125 42.86875152587890625 47.731250762939453125 49.981250762939453125 51 51.75624847412109375 50.956249237060546875 48.03125 47.02500152587890625 44.47499847412109375 43.268749237060546875 41.52500152587890625 39.72499847412109375 37.59375 36.887500762939453125 35.668750762939453125 34.59999847412109375 33.5 32.34375 31.043750762939453125 28.806249618530273438 25.862499237060546875 24.850000381469726562 23.225000381469726562 22.4375 20.806249618530273438 19.25 19.362499237060546875 19.256250381469726562 19.399999618530273438 18.931249618530273438 18.087499618530273438 18.337499618530273438 17.668750762939453125 16.412500381469726562
