data/historical-monthly-weather-data/wc2.1_cruts4.09_10m_prec_1952-12.asc
ncols        51
nrows        45
xllcorner    -63.500000000000
yllcorner    -7.500000000000
cellsize     0.166666666667
NODATA_value -9999
[rows 0 to 19 of 45, columns 0 to 44 of 51]
129.399993896484375 125.4250030517578125 123.1062469482421875 122.75624847412109375 121.5 123.00624847412109375 124.0187530517578125 123.8937530517578125 124.6374969482421875 125.75624847412109375 128.6062469482421875 130.274993896484375 132.7062530517578125 133.5187530517578125 133.725006103515625 133.9250030517578125 134.4875030517578125 133.2062530517578125 133.28125 133.6812591552734375 136.2687530517578125 138.725006103515625 141.03125 142.225006103515625 143.118743896484375 143.2937469482421875 142.0749969482421875 140.5500030517578125 139.1999969482421875 139.600006103515625 139.53125 140.274993896484375 140.556243896484375 140.46875 140.212493896484375 142.28125 143.1125030517578125 143.756256103515625 143.725006103515625 144.100006103515625 143.962493896484375 142.7624969482421875 141.4250030517578125 139.25 138.1750030517578125
129.993743896484375 124.44374847412109375 122.8874969482421875 122.5 122.1437530517578125 123.28749847412109375 123.8125 125.69374847412109375 128.662506103515625 131.368743896484375 134.412506103515625 135.693756103515625 138.0124969482421875 139.6687469482421875 139.868743896484375 140.243743896484375 140.8249969482421875 139.5625 138.5500030517578125 139.125 141.1437530517578125 143.21875 145.975006103515625 147.21875 148.2062530517578125 148.59375 147.556243896484375 145.9187469482421875 144.681243896484375 146.131256103515625 146.8562469482421875 148.443756103515625 148.3562469482421875 148.881256103515625 149.8562469482421875 150.03125 152.34375 153.462493896484375 152.8249969482421875 152.8312530517578125 152.375 150.850006103515625 149.2312469482421875 145.5437469482421875 143.225006103515625
130.9250030517578125 125.71250152587890625 124.25 123.53749847412109375 123.25624847412109375 124.59375 126.6875 129.90625 133.9499969482421875 137.3562469482421875 140.131256103515625 141.7375030517578125 144.4250030517578125 146.375 146.8937530517578125 146.8937530517578125 147.84375 147.21875 147.3000030517578125 148.2312469482421875 150.7687530517578125 153.9187469482421875 157.1062469482421875 157.7937469482421875 158.318756103515625 159.34375 158.1062469482421875 156.0500030517578125 155.0124969482421875 155.6687469482421875 157.037506103515625 158.9812469482421875 160.65625 160.3874969482421875 161.09375 162.4499969482421875 163.3874969482421875 163.931243896484375 163.837493896484375 163.5187530517578125 162.4562530517578125 160.1437530517578125 157.0124969482421875 154.0812530517578125 150.037506103515625
130.787506103515625 126.66249847412109375 126.03749847412109375 124.3937530517578125 124.3312530517578125 126.46250152587890625 129.7125091552734375 133.8249969482421875 138.5749969482421875 143.40625 146.6374969482421875 148.6750030517578125 150.931243896484375 153.2062530517578125 153.537506103515625 154.1624908447265625 155.1875 154.8125 156.181243896484375 159.4875030517578125 163.0625 166.5812530517578125 169.056243896484375 169.662506103515625 169.34375 170.399993896484375 169.118743896484375 166.256256103515625 165.3874969482421875 167.0625 168.443756103515625 169.743743896484375 172.15625 173.53125 173.9375 174.71875 174.5625 174.9875030517578125 175.4875030517578125 174.6374969482421875 172.399993896484375 169.3312530517578125 165.493743896484375 162.2937469482421875 157.0500030517578125
136.15625 129.3125 125.96250152587890625 124.98749542236328125 125.30625152587890625 128.6374969482421875 132.4187469482421875 137.1875 143.681243896484375 149.59375 152.7375030517578125 154.493743896484375 157.681243896484375 160.53125 160.9187469482421875 161.59375 162.5500030517578125 163.431243896484375 166.4875030517578125 171.8312530517578125 176.212493896484375 179.0812530517578125 181.53125 181.725006103515625 181.037506103515625 181.931243896484375 179.0500030517578125 176.1062469482421875 175.0749969482421875 177.5437469482421875 179.756256103515625 180.8874969482421875 183.0500030517578125 184.993743896484375 185.912506103515625 186.9875030517578125 187.5749969482421875 187.375 187.537506103515625 186.024993896484375 183.09375 179.037506103515625 174.8812408447265625 169.8000030517578125 164.25
139.399993896484375 132.75 128.399993896484375 125.15000152587890625 126.13124847412109375 131.6125030517578125 137.100006103515625 142.4250030517578125 148.9812469482421875 155.256256103515625 158.8937530517578125 161.568756103515625 165.806243896484375 169.1750030517578125 171.3249969482421875 172.8937530517578125 175.0812530517578125 176.412506103515625 182.0187530517578125 187.475006103515625 190.2687530517578125 193.4250030517578125 195.1437530517578125 194.9562530517578125 194.2249908447265625 193.8625030517578125 192.1125030517578125 188.9187469482421875 186.78125 188.9499969482421875 191.4812469482421875 193.774993896484375 194.4499969482421875 195.568756103515625 199.125 200.7687530517578125 201.3125 203.0187530517578125 203.1875 199.743743896484375 193.5812530517578125 188.774993896484375 182.649993896484375 177.65625 172.212493896484375
143.743743896484375 136.681243896484375 132.5625 128.8874969482421875 128.2062530517578125 133.65625 140.3625030517578125 146.3562469482421875 152.0812530517578125 157.1125030517578125 163.4375 167.881256103515625 174.03125 178.399993896484375 181.756256103515625 185.1374969482421875 189.774993896484375 195.78125 202.943756103515625 207.1875 207.5124969482421875 209.3249969482421875 209.493743896484375 208.125 207.975006103515625 206.725006103515625 203.931243896484375 202.0749969482421875 199.7062530517578125 200.9875030517578125 203.1374969482421875 205.100006103515625 207.1875 208.4187469482421875 210.943756103515625 212.5749969482421875 214.5500030517578125 216.6062469482421875 218.8125 213.162506103515625 204.3249969482421875 197.2937469482421875 191.1125030517578125 184.6687469482421875 177.618743896484375
148.15625 140.431243896484375 136.6687469482421875 134.443756103515625 134.125 139.0749969482421875 144.274993896484375 148.1999969482421875 151.943756103515625 158.399993896484375 167.5812530517578125 175.131256103515625 181.899993896484375 188.725006103515625 193.125 198.318756103515625 204.412506103515625 214.212493896484375 223.5124969482421875 225.1374969482421875 223.5749969482421875 222.693756103515625 221.6875 219.368743896484375 219.8249969482421875 219.381256103515625 215.7375030517578125 213.1875 212.443756103515625 214.1125030517578125 214.375 215.899993896484375 218.787506103515625 220.3000030517578125 223.899993896484375 223.8625030517578125 225.71875 226.9250030517578125 226.3000030517578125 220.65625 212.5625 204.78125 197.931243896484375 190.568756103515625 181.5187530517578125
153.21875 145.693756103515625 142.7874908447265625 141.212493896484375 140.756256103515625 146.318756103515625 151.5187530517578125 154.7624969482421875 156.350006103515625 161.662506103515625 172.899993896484375 182.368743896484375 190.6437530517578125 197.8937530517578125 203.875 210.3562469482421875 217.8249969482421875 228.243743896484375 237.6875 238.693756103515625 234.3249969482421875 232.881256103515625 232.125 231.850006103515625 231.212493896484375 230.0187530517578125 226.2312469482421875 223.9875030517578125 222.3312530517578125 223.181243896484375 225.1374969482421875 225.53125 228.0625 231 233.8125 234.118743896484375 234.006256103515625 233.1875 230.5124969482421875 225.524993896484375 216.931243896484375 209.368743896484375 203.2687530517578125 196.4250030517578125 188.475006103515625
157.212493896484375 150.3625030517578125 148.431243896484375 147.993743896484375 148.0749969482421875 153.881256103515625 159.662506103515625 163.975006103515625 168.462493896484375 174.631256103515625 183.9499969482421875 191.4749908447265625 200.618743896484375 207.181243896484375 214.8312530517578125 222.2062530517578125 229.756256103515625 237.725006103515625 244.618743896484375 247.0812530517578125 243.681243896484375 241.9875030517578125 241.681243896484375 242.2687530517578125 240.9812469482421875 239.274993896484375 235.7062530517578125 232.9812469482421875 231.818756103515625 232.6125030517578125 233.1624908447265625 233.600006103515625 235.9812469482421875 238.350006103515625 241.8874969482421875 243.53125 242.318756103515625 240.368743896484375 235.243743896484375 229.28125 221.75 215.1999969482421875 207.818756103515625 200.943756103515625 194.068756103515625
162.243743896484375 155.631256103515625 153.9250030517578125 153.524993896484375 155 162.1687469482421875 168.837493896484375 173.5124969482421875 179.024993896484375 186.506256103515625 195.587493896484375 203.368743896484375 210.975006103515625 217.881256103515625 225.28125 233.162506103515625 240.0812530517578125 246.243743896484375 250.712493896484375 252.9250030517578125 252.0437469482421875 250.90625 251.1999969482421875 249.068756103515625 251.1062469482421875 249.65625 245.0500030517578125 240.475006103515625 237.225006103515625 238.0500030517578125 238.725006103515625 240.100006103515625 242.84375 245.693756103515625 248.975006103515625 249.4562530517578125 248.368743896484375 246.181243896484375 241.9499969482421875 234.9499969482421875 227.125 220.0749969482421875 213.5500030517578125 207.28125 199.8312530517578125
167.2687530517578125 160.7687530517578125 159.6999969482421875 160.399993896484375 162.243743896484375 169.712493896484375 177.337493896484375 182.7687530517578125 188.83123779296875 197.3874969482421875 206.943756103515625 215.5625 221.556243896484375 227.787506103515625 235.21875 241.5437469482421875 247.587493896484375 251.2687530517578125 254.600006103515625 257.131256103515625 255.7062530517578125 256.26251220703125 259.28125 258.537506103515625 259.868743896484375 258.33123779296875 252.3874969482421875 246.3562469482421875 241.600006103515625 242.0187530517578125 242.399993896484375 243.8562469482421875 246.756256103515625 250.443756103515625 254.337493896484375 255.25 254.193756103515625 252.5 247.0500030517578125 239.7375030517578125 231.537506103515625 224.462493896484375 217.681243896484375 210.818756103515625 201.7937469482421875
172.0124969482421875 166.256256103515625 165.931243896484375 166.712493896484375 169.21875 176.2062530517578125 183.375 190 196.975006103515625 206.39373779296875 216.631256103515625 225.850006103515625 232.1374969482421875 236.71875 244.0812530517578125 249.8249969482421875 254.600006103515625 258.368743896484375 260.787506103515625 261.756256103515625 258.125 260.63751220703125 267.03125 267.65625 266.28125 262.931243896484375 256.98126220703125 251.243743896484375 246.4250030517578125 244.625 244.3625030517578125 245.118743896484375 247.899993896484375 252.399993896484375 257.07501220703125 259.662506103515625 260.3125 259.125 252.943756103515625 243.875 234.524993896484375 228.493743896484375 220.2312469482421875 209.181243896484375 199.9250030517578125
175.524993896484375 170.3125 170.3312530517578125 171.712493896484375 174.118743896484375 180.9250030517578125 187.975006103515625 195.8937530517578125 204.631256103515625 213.756256103515625 222.681243896484375 231.8000030517578125 239.587493896484375 245.443756103515625 251.09375 258.068756103515625 262.3125 264.943756103515625 266.806243896484375 267.89373779296875 266.79376220703125 269.431243896484375 274.5625 273.70623779296875 271.48748779296875 268.131256103515625 262.975006103515625 255.162506103515625 248.725006103515625 245.712493896484375 244.662506103515625 244.318756103515625 248.100006103515625 252.7312469482421875 259.037506103515625 262.649993896484375 265.20623779296875 266.837493896484375 261.95001220703125 254.1875 240.90625 228.9187469482421875 218.912506103515625 210.4875030517578125 203.3249969482421875
178.1750030517578125 173.2687530517578125 174.0625 175.7062530517578125 178.5999908447265625 185.3625030517578125 193.5500030517578125 201.806243896484375 210.681243896484375 219.318756103515625 228.0875091552734375 237.475006103515625 245.024993896484375 251.9375 257.39373779296875 264.287506103515625 267.6875 270.01873779296875 271.85626220703125 275.10626220703125 275.149993896484375 277.806243896484375 281.1875 279.39373779296875 277.20001220703125 273.53125 267.693756103515625 259.868743896484375 252.056243896484375 245.84375 242.09375 241.5437469482421875 245.6875 251.5812530517578125 259.04998779296875 262.287506103515625 268.01251220703125 274.725006103515625 276.09375 268.67498779296875 253.368743896484375 238.9499969482421875 226.8874969482421875 216.7312469482421875 205.9187469482421875
179.4250030517578125 175.2624969482421875 176.6062469482421875 179.2375030517578125 182.4875030517578125 189.850006103515625 198.1875 205.868743896484375 214.868743896484375 224.6687469482421875 233.181243896484375 242.225006103515625 250.3125 257.399993896484375 263.61248779296875 268.131256103515625 271.53125 275.350006103515625 277.46875 280.73748779296875 282.912506103515625 285.16876220703125 288.149993896484375 285.587493896484375 283.5 281.48748779296875 274.96875 265.943756103515625 255.6875 245.65625 239.3562469482421875 236.256256103515625 238.6374969482421875 244.524993896484375 251.225006103515625 256.89373779296875 266.73748779296875 279.375 288.13751220703125 283.54998779296875 268.318756103515625 250.5500030517578125 234.556243896484375 218.587493896484375 208.4250030517578125
179.8562469482421875 176.5500030517578125 177.506256103515625 181.006256103515625 185.28125 192.506256103515625 201.368743896484375 210.3937530517578125 220.2687530517578125 229.5187530517578125 238.1687469482421875 246.65625 254.774993896484375 261.993743896484375 268.53125 272.53125 273.76251220703125 277.92498779296875 282.243743896484375 285.931243896484375 289.149993896484375 292.243743896484375 295.449981689453125 292.337493896484375 290.699981689453125 290.125 284.36248779296875 272.9375 257.53125 243.9812469482421875 235.0625 231.381256103515625 231.3249969482421875 232.4562530517578125 236.59375 244.8874969482421875 260.631256103515625 283.98126220703125 307.962493896484375 299.15625 279.88751220703125 258.51251220703125 237.368743896484375 221.5187530517578125 210.912506103515625
178.21875 175.4937591552734375 177.225006103515625 181.5812530517578125 186.59375 195.2937469482421875 204.6437530517578125 213.712493896484375 223.7062530517578125 234.131256103515625 243.6374969482421875 251.868743896484375 258.76251220703125 265.625 271.45001220703125 274.912506103515625 276.23126220703125 276.743743896484375 283.95623779296875 288.41876220703125 293.962493896484375 298.23126220703125 301.693756103515625 299.837493896484375 298.850006103515625 299.131256103515625 295.5 279.493743896484375 258.649993896484375 239.962493896484375 227.4812469482421875 222.0500030517578125 223.96875 226.6750030517578125 226.149993896484375 225.03125 250.40625 279.95623779296875 298.58123779296875 295.5 276.90625 256.806243896484375 239.21875 225.3000030517578125 215.0187530517578125
175.3000030517578125 173.03125 176.056243896484375 181.1125030517578125 187.0500030517578125 196.725006103515625 206.725006103515625 217.462493896484375 228.162506103515625 239.037506103515625 247.71875 254.65625 262.01873779296875 269.318756103515625 274.181243896484375 276.962493896484375 278.443756103515625 279.056243896484375 281.975006103515625 287.89373779296875 296.82501220703125 305.568756103515625 306.368743896484375 306.42498779296875 307.350006103515625 307.73126220703125 301.48126220703125 285.73748779296875 262.84375 238.9562530517578125 220.818756103515625 220.1750030517578125 226.5500030517578125 228.899993896484375 227.3874969482421875 230.587493896484375 250.493743896484375 271.875 285.29376220703125 282.54998779296875 268.82501220703125 252.756256103515625 238.756256103515625 228.056243896484375 220.024993896484375
171.431243896484375 169.881256103515625 173.2375030517578125 179.131256103515625 186.306243896484375 197.4812469482421875 209.0500030517578125 220.75 232.40625 242.46875 251.8000030517578125 259.92498779296875 267.350006103515625 273.03125 276.162506103515625 276.76251220703125 277.068756103515625 280.01251220703125 283.70001220703125 289.350006103515625 296.48748779296875 303.381256103515625 310.42498779296875 312.506256103515625 314.15625 314.274993896484375 306.91876220703125 293.86248779296875 272.59375 247.96875 231.71875 231.037506103515625 235.975006103515625 241.037506103515625 245.40625 248.9187469482421875 260.681243896484375 273.88751220703125 279.787506103515625 276.024993896484375 263.90625 248.2687530517578125 239.225006103515625 231.96875 225.4499969482421875
