data/historical-monthly-weather-data/wc2.1_cruts4.09_10m_prec_2024-05.asc
ncols        51
nrows        45
xllcorner    -63.500000000000
yllcorner    -7.500000000000
cellsize     0.166666666667
NODATA_value -9999
[rows 20 to 39 of 45, columns 0 to 43 of 51]
241.287506103515625 265.5625 286.53125 303.17498779296875 320.087493896484375 348.087493896484375 372.59375 391.412506103515625 400.63751220703125 403.21875 406.774993896484375 408.01251220703125 401.40625 393.225006103515625 377.23748779296875 364.774993896484375 346.524993896484375 340.58123779296875 344.95001220703125 343.787506103515625 358.35626220703125 370.443756103515625 380.587493896484375 387.95623779296875 392.0625 386.600006103515625 373.23748779296875 369.225006103515625 365.54376220703125 357.46875 353.40625 353.98126220703125 342.443756103515625 334.65625 334.756256103515625 343.60626220703125 350.34375 351.375 340.79376220703125 324.92498779296875 309.868743896484375 293.899993896484375 283.51251220703125 280.67498779296875
234.75 250.068756103515625 274.73126220703125 298.9375 316.91876220703125 340.056243896484375 367.10626220703125 390.475006103515625 401.337493896484375 405.54376220703125 407.443756103515625 404.274993896484375 396.92498779296875 387.59375 379.64373779296875 364.206268310546875 364.83123779296875 355.63751220703125 357.54998779296875 353.53125 353.23126220703125 362.61248779296875 372.287506103515625 373.26251220703125 369.61248779296875 370.98126220703125 373.431243896484375 369 374.35626220703125 369.618743896484375 359.431243896484375 350.21875 346.912506103515625 345.662506103515625 340.98126220703125 343.881256103515625 351.037506103515625 352.225006103515625 341.04998779296875 326.03125 312.756256103515625 297.35626220703125 285.625 279.28125
228.6750030517578125 251.1062469482421875 273.9375 297.82501220703125 315.76873779296875 336.90625 351.98748779296875 376.537506103515625 397.13751220703125 403.63751220703125 402.818756103515625 398.57501220703125 398.024993896484375 390.29998779296875 382.79376220703125 372.256256103515625 366.35626220703125 360.962493896484375 358.125 355.20001220703125 358.056243896484375 356.65625 361.73748779296875 360.95001220703125 364.46875 363.712493896484375 360.88751220703125 366.10626220703125 372.399993896484375 366.38751220703125 354.6875 351.36248779296875 354.375 353.25 352.71875 345.375 346.23126220703125 350.76251220703125 346.181243896484375 330.975006103515625 314.95623779296875 300.287506103515625 287.07501220703125 278.8125
219.4562530517578125 243.3125 269.043731689453125 289.850006103515625 306.568756103515625 323.381256103515625 349.493743896484375 369.912506103515625 381.57501220703125 387.04376220703125 391.212493896484375 396.725006103515625 394.962493896484375 392.48748779296875 382.475006103515625 372.837493896484375 366.83123779296875 364.75 363.63751220703125 362.63751220703125 358.10626220703125 357.193756103515625 356.41876220703125 361.056243896484375 359.306243896484375 352.3125 353.67498779296875 359.556243896484375 368.243743896484375 370.25 368.38751220703125 367.287506103515625 372.587493896484375 371.45001220703125 369.53125 356.368743896484375 360.756256103515625 360.39373779296875 351.181243896484375 337.16876220703125 319.774993896484375 306.743743896484375 294.04998779296875 281.84375
215.350006103515625 239.0500030517578125 261.92498779296875 286.32501220703125 305.34375 323.10626220703125 338.51873779296875 358.193756103515625 368.14373779296875 376.96875 381 383.64373779296875 388.587493896484375 386.5 376.912506103515625 371.51251220703125 370.89373779296875 367.85626220703125 364.23126220703125 363.28125 362.818756103515625 357.73126220703125 358.70001220703125 359.51251220703125 356.46875 359.38751220703125 360.20001220703125 366.8125 373.756256103515625 382.03125 382.09375 390.21875 395.743743896484375 395.375 386.21875 376.04998779296875 375.26873779296875 366.368743896484375 355.09375 341.462493896484375 326.23126220703125 310.38751220703125 297.10626220703125 281.35626220703125
217 241.21875 256.993743896484375 278.92498779296875 293.368743896484375 308.631256103515625 322.131256103515625 339.193756103515625 345.243743896484375 350.193756103515625 364.681243896484375 372.493743896484375 373.63751220703125 374.54376220703125 374.912506103515625 370.73748779296875 371.037506103515625 368.587493896484375 365.04998779296875 362.256256103515625 361.850006103515625 356.962493896484375 357.524993896484375 353.8125 355.8125 357.63751220703125 367.29376220703125 373.712493896484375 379.399993896484375 388.8125 397.76251220703125 417.04998779296875 426.443756103515625 417.068756103515625 405.29998779296875 396.07501220703125 386.20001220703125 377.318756103515625 357.412506103515625 342.506256103515625 328.95001220703125 310.29376220703125 293.181243896484375 280.806243896484375
216.881256103515625 231.381256103515625 249.0124969482421875 266.193756103515625 278.84375 292.850006103515625 304.51873779296875 314.78125 323.34375 338.756256103515625 350.45001220703125 354.64373779296875 360.65625 365.006256103515625 366.13751220703125 366.774993896484375 364.66876220703125 360.212493896484375 364.318756103515625 360.66876220703125 356.29998779296875 353.506256103515625 353.57501220703125 355.8125 357.243743896484375 359.76251220703125 368.04998779296875 374.006256103515625 381.17498779296875 387.10626220703125 402.36248779296875 422.181243896484375 441.662506103515625 427.931243896484375 412.756256103515625 401.10626220703125 396.45001220703125 383.38751220703125 363.6875 348.76873779296875 333.587493896484375 315.21875 298.399993896484375 282.649993896484375
218.1374969482421875 226.8312530517578125 240.287506103515625 251.3562469482421875 263.42498779296875 277.318756103515625 289.037506103515625 296.04376220703125 307.225006103515625 321.756256103515625 331.90625 336.95623779296875 344.462493896484375 349.537506103515625 354.53125 352.83123779296875 356.25 359.64373779296875 363.84375 362.39373779296875 357.818756103515625 352.04998779296875 355.475006103515625 355.350006103515625 357.5 357.337493896484375 365.524993896484375 370.70623779296875 378.412506103515625 385.46875 397.162506103515625 412.018768310546875 426.662506103515625 421.725006103515625 417.09375 407.006256103515625 398.10626220703125 391.162506103515625 375.14373779296875 355.631256103515625 337.78125 322.725006103515625 306.381256103515625 292.225006103515625
215.443756103515625 221.524993896484375 229.65625 238.618743896484375 247.962493896484375 255.40625 263.92498779296875 276.39373779296875 292.20001220703125 302.493743896484375 313.368743896484375 321.83123779296875 329.006256103515625 338.899993896484375 347.48748779296875 353.006256103515625 356.806243896484375 357.82501220703125 359.931243896484375 360.08123779296875 356.381256103515625 350.26251220703125 350.54998779296875 349.85626220703125 350.95623779296875 347.568756103515625 355.45001220703125 363.5 370.181243896484375 374.681243896484375 383.881256103515625 391.25 402.98126220703125 406.899993896484375 412.912506103515625 406.625 401.537506103515625 392.774993896484375 377.6875 358.86248779296875 336.45623779296875 318.79376220703125 309.54376220703125 302.912506103515625
212.287506103515625 214.5124969482421875 217.725006103515625 220.537506103515625 226.131256103515625 236.3937530517578125 245.3625030517578125 259.82501220703125 272.662506103515625 281.04376220703125 293.41876220703125 303.64373779296875 313.337493896484375 325.431243896484375 334.806243896484375 341.96875 346.699981689453125 353.78125 354.1875 350.76251220703125 347.64373779296875 344.943756103515625 343.75 340.493743896484375 336.556243896484375 339.850006103515625 341.6875 342.98126220703125 348.368743896484375 354.381256103515625 363.32501220703125 368.20001220703125 380.375 391.181243896484375 400.774993896484375 395.625 400.975006103515625 396.48126220703125 380.993743896484375 371.6875 356.48126220703125 337.193756103515625 321.087493896484375 308.712493896484375
208.5749969482421875 206.743743896484375 205.743743896484375 208.0187530517578125 212.4187469482421875 220.993743896484375 232.193756103515625 242.524993896484375 254.5625 265.287506103515625 277.01873779296875 286.056243896484375 300.48748779296875 308.98748779296875 319.1875 330.08123779296875 338.287506103515625 342.28125 345.337493896484375 346.07501220703125 338.65625 333.57501220703125 332.20001220703125 325.337493896484375 321.17498779296875 326.350006103515625 325.45623779296875 323.58123779296875 327.84375 332.712493896484375 342.86248779296875 345.8125 358.256256103515625 372.07501220703125 382.725006103515625 380.443756103515625 388.07501220703125 393.225006103515625 387.131256103515625 377.26873779296875 370.912506103515625 351.16876220703125 333.9375 316.568756103515625
199.475006103515625 195 193.5500030517578125 195.3312530517578125 199.787506103515625 206.09375 218.9187469482421875 225.524993896484375 236.212493896484375 245.868743896484375 256.943756103515625 265.443756103515625 279.125 292.78125 302.84375 315.625 320.23126220703125 323.73126220703125 327.337493896484375 329.61248779296875 321.662506103515625 317.64373779296875 314.98748779296875 310.34375 311.087493896484375 310.412506103515625 308.868743896484375 304.399993896484375 303.181243896484375 310.39373779296875 315.08123779296875 321.493743896484375 333.212493896484375 347.73126220703125 362.225006103515625 365.20623779296875 373.34375 383.037506103515625 379.131256103515625 380.931243896484375 376.84375 361.318756103515625 346.462493896484375 335.493743896484375
184.6875 181.787506103515625 180.53125 183.375 185.3562469482421875 190.7687530517578125 200.399993896484375 207.4812469482421875 217.087493896484375 227.9812469482421875 242.600006103515625 251.931243896484375 264.79376220703125 279.92498779296875 288.23126220703125 295.58123779296875 300.475006103515625 307.4375 307.16876220703125 308.693756103515625 300.70623779296875 298.54998779296875 294.068756103515625 292.48126220703125 291.856231689453125 291.73748779296875 287.25 283.35626220703125 279.068756103515625 284.35626220703125 290.975006103515625 296.45001220703125 305.84375 324.662506103515625 337.78125 348.212493896484375 353.243743896484375 364.15625 363.66876220703125 372.29376220703125 370.71875 363.162506103515625 353.087493896484375 347.73126220703125
170.3249969482421875 167.4250030517578125 169.0124969482421875 171.3937530517578125 174.712493896484375 178.212493896484375 184.462493896484375 189.59375 197.4812469482421875 207.443756103515625 220.2624969482421875 234.5812530517578125 246.506256103515625 258.76251220703125 268.86248779296875 278.5 284.600006103515625 288.98126220703125 286.17498779296875 284.60626220703125 281.431243896484375 279.787506103515625 275.75 271.462493896484375 271.01251220703125 268.725006103515625 263.10626220703125 257.975006103515625 256.16876220703125 261.13751220703125 267.649993896484375 273.212493896484375 284.04376220703125 297.662506103515625 312.70623779296875 322.40625 332.381256103515625 338.524993896484375 346.21875 353.993743896484375 355.60626220703125 356.537506103515625 356.48748779296875 355.162506103515625
155.350006103515625 153.537506103515625 156.2375030517578125 159.9812469482421875 163.5187530517578125 166.3000030517578125 168.3125 172.868743896484375 177.0437469482421875 186.7375030517578125 200.3625030517578125 215.1875 231.662506103515625 246.9749908447265625 255.462493896484375 262.71875 267.09375 270.462493896484375 267.756256103515625 262.725006103515625 259.9375 256.20001220703125 254.5500030517578125 250.1125030517578125 248.193756103515625 245.7937469482421875 243.243743896484375 239.2062530517578125 236.506256103515625 242.443756103515625 247.21875 252.5500030517578125 260.162506103515625 273.768768310546875 280.20001220703125 292.09375 299.462493896484375 316.1875 325.149993896484375 332.25 337.34375 337.493743896484375 340.83123779296875 346.243743896484375
142.399993896484375 142.3312530517578125 143.618743896484375 146.28125 148.681243896484375 151.09375 152.1875 156.524993896484375 160.9812469482421875 167.3874969482421875 178.9499969482421875 197.475006103515625 216.587493896484375 230.068756103515625 239.8249969482421875 245.681243896484375 249.431243896484375 248.6062469482421875 248.1750030517578125 242.8874969482421875 240.34375 236.9875030517578125 234.375 231.0124969482421875 227.7375030517578125 224.28125 224.6125030517578125 221.6999969482421875 216.8125 221.8125 227.46875 232.3625030517578125 238.524993896484375 245.1062469482421875 252.4875030517578125 261.393768310546875 277.54376220703125 286.118743896484375 295.368743896484375 307.95623779296875 312.5625 318.84375 320.9375 327.0625
130.756256103515625 131.8625030517578125 132.8562469482421875 135.006256103515625 137.65625 138.7687530517578125 140.381256103515625 142.087493896484375 145.537506103515625 147.59375 164.631256103515625 190.1687469482421875 206.493743896484375 217.1999969482421875 224.756256103515625 229.8000030517578125 231.181243896484375 229.0749969482421875 227.881256103515625 221.350006103515625 219.9562530517578125 217.3625030517578125 213.25 209.9250030517578125 207.162506103515625 206.131256103515625 204.7062530517578125 201.6750030517578125 197.90625 203.59375 210.2687530517578125 216.1875 220.431243896484375 222.712493896484375 229.649993896484375 240.993743896484375 252.962493896484375 264.01251220703125 270.868743896484375 278.98126220703125 284.087493896484375 287.600006103515625 298.26251220703125 307.01873779296875
120.2375030517578125 121.28125 123.5625 125.0124969482421875 128.1999969482421875 130.149993896484375 131.899993896484375 132.8249969482421875 136.524993896484375 138.774993896484375 164.9499969482421875 189.725006103515625 200.431243896484375 208.6687469482421875 213.3625030517578125 216.53125 216.537506103515625 214.71875 210.3874969482421875 205.868743896484375 201.125 198.524993896484375 194.9749908447265625 191.568756103515625 188.649993896484375 186.931243896484375 183.8562469482421875 185.34375 183.806243896484375 187.631256103515625 192.4875030517578125 198.287506103515625 203.3125 203.5625 205.84375 216.462493896484375 229.931243896484375 239.350006103515625 250.1999969482421875 255.037506103515625 261.056243896484375 266.48126220703125 269.23126220703125 273.76251220703125
109.375 110.4562530517578125 112.71250152587890625 115.2624969482421875 116.8249969482421875 119.8125 123.84375 128.78125 137.787506103515625 154.1374969482421875 183.46875 193.3562469482421875 195.8874969482421875 201.625 204.7624969482421875 206.649993896484375 207.006256103515625 203.899993896484375 199.743743896484375 193.537506103515625 186.5625 181.1750030517578125 178.8312530517578125 177.3562469482421875 173.412506103515625 171.462493896484375 171.7624969482421875 173.4187469482421875 171.068756103515625 176.2624969482421875 178.4187469482421875 179.0187530517578125 184.587493896484375 188.943756103515625 195.71875 203.6125030517578125 212.118743896484375 223.681243896484375 227.8187408447265625 229.431243896484375 237.8937530517578125 241.8812408447265625 242.193756103515625 248.524993896484375
100.61875152587890625 101.25624847412109375 104.30625152587890625 106.90625 109.6062469482421875 113.15625 117.00624847412109375 125.93125152587890625 137.618743896484375 153.431243896484375 170.193756103515625 182.4375 186.75 191.34375 196.181243896484375 196.0812530517578125 194.9250030517578125 191.0187530517578125 185.6125030517578125 180.7375030517578125 172.3000030517578125 167.1437530517578125 161.9375 160.4250030517578125 158.8937530517578125 158.4375 158.524993896484375 159.7937469482421875 158.90625 163 166.6999969482421875 170.850006103515625 175.087493896484375 180.537506103515625 186.625 192.1999969482421875 198.381256103515625 207.8125 210.7937469482421875 208.40625 213.3249969482421875 216.662506103515625 214.993743896484375 216.3312530517578125
