data/historical-monthly-weather-data/wc2.1_cruts4.09_10m_prec_2023-12.asc
ncols        51
nrows        45
xllcorner    -63.500000000000
yllcorner    -7.500000000000
cellsize     0.166666666667
NODATA_value -9999
[rows 20 to 39 of 45, columns 0 to 44 of 51]
251.2062530517578125 252.6374969482421875 262.10626220703125 274.46875 288.70623779296875 306.618743896484375 324.66876220703125 341.95001220703125 356.056243896484375 367.037506103515625 374.618743896484375 379.28125 382.45001220703125 381.91876220703125 374.67498779296875 364.337493896484375 353.95001220703125 344.399993896484375 338.875 333.89373779296875 332.79376220703125 331.806243896484375 331.54376220703125 335.125 341.26873779296875 345.46875 343.10626220703125 332.09375 315.318756103515625 295.381256103515625 279.76251220703125 273.1875 269.41876220703125 268.20623779296875 268.33123779296875 272.037506103515625 279.5625 286.818756103515625 284.57501220703125 274.756256103515625 259.462493896484375 242.475006103515625 228.787506103515625 217.131256103515625 210.431243896484375
245.6374969482421875 246.5124969482421875 257.806243896484375 273.20001220703125 289.32501220703125 307.818756103515625 327.399993896484375 346.26873779296875 360.41876220703125 371.306243896484375 377.73748779296875 380.85626220703125 382.506256103515625 380.681243896484375 374.45623779296875 365.737518310546875 356.88751220703125 348.20623779296875 341.25 335.29376220703125 331.13751220703125 330.33123779296875 332.28125 336.274993896484375 343.36248779296875 352.45001220703125 357.14373779296875 348.787506103515625 334.26873779296875 318 304.256256103515625 296.03125 290.54376220703125 289.23748779296875 288.33123779296875 291.20623779296875 298.818756103515625 306.881256103515625 302.087493896484375 288.46875 272.25 254.587493896484375 239.024993896484375 225.8874969482421875 219.0749969482421875
240.912506103515625 243.65625 254.993743896484375 270.875 288.868743896484375 309.42498779296875 329.36248779296875 349.881256103515625 366.131256103515625 375.625 380.76251220703125 381.162506103515625 382.475006103515625 380.63751220703125 374.587493896484375 366.649993896484375 358.10626220703125 349 341.67498779296875 333.98748779296875 329.23126220703125 327.20001220703125 327.53125 332.212493896484375 341.337493896484375 354.774993896484375 365.66876220703125 360.837493896484375 348.774993896484375 336.381256103515625 325.71875 318.01873779296875 313.32501220703125 310.10626220703125 308.118743896484375 307.443756103515625 315.962493896484375 329.756256103515625 323.368743896484375 305.818756103515625 286.9375 267.3125 250.1437530517578125 235.4875030517578125 227.600006103515625
237.287506103515625 239.40625 250.662506103515625 267.350006103515625 286.92498779296875 308.056243896484375 329.5625 349.75 365.23126220703125 373.625 378.556243896484375 379.9375 381.131256103515625 380.256256103515625 374.225006103515625 366.59375 358.899993896484375 350.212493896484375 341.962493896484375 333.48748779296875 326.10626220703125 322.04998779296875 319.625 324.5625 333.23126220703125 345.78125 356.743743896484375 359.17498779296875 356.118743896484375 348.41876220703125 341.98126220703125 335.21875 333.600006103515625 331.64373779296875 330.45623779296875 326.90625 334.45623779296875 348.38751220703125 341.70623779296875 323.45623779296875 302.881256103515625 281.912506103515625 262.33123779296875 245.71875 238.875
236.8125 237.5625 248.037506103515625 267.59375 289.725006103515625 309.868743896484375 330.04376220703125 348.01873779296875 361.25 370.787506103515625 376.662506103515625 377.837493896484375 378.84375 378.125 373.25 366.693756103515625 359.46875 351.131256103515625 342.25 333.01251220703125 323.493743896484375 315.76251220703125 311.16876220703125 314.23126220703125 323.181243896484375 336.65625 348.5 355.818756103515625 358.83123779296875 357.212493896484375 355.03125 351.26873779296875 353.375 354.38751220703125 353.83123779296875 352.91876220703125 359.462493896484375 365.70623779296875 357.381256103515625 341.09375 320.29998779296875 297.618743896484375 275.29376220703125 258.38751220703125 248.9375
241.5625 244.774993896484375 255.774993896484375 274.66876220703125 294.01873779296875 312.42498779296875 329.79998779296875 345.568756103515625 357.568756103515625 366.17498779296875 371.86248779296875 374.42498779296875 375.38751220703125 375.100006103515625 371.83123779296875 366.51251220703125 359.506256103515625 351.39373779296875 342.48748779296875 332.5625 322.975006103515625 311.40625 302.162506103515625 301.725006103515625 313.318756103515625 328.993743896484375 343.60626220703125 354.14373779296875 361.306243896484375 363.79376220703125 364.88751220703125 366.881256103515625 373.95623779296875 377.10626220703125 379.61248779296875 379.4375 384.10626220703125 387.75 377.96875 362.39373779296875 341.51873779296875 314.42498779296875 288.181243896484375 268.03125 259.681243896484375
247.78125 251.9875030517578125 265.318756103515625 282.912506103515625 300.056243896484375 315.6875 329.193756103515625 341.712493896484375 350.931243896484375 359.65625 367.068756103515625 369.91876220703125 370.73748779296875 371.38751220703125 369.23748779296875 365.774993896484375 360.32501220703125 352.82501220703125 344.287506103515625 333.5 322.587493896484375 309.649993896484375 297.65625 293.931243896484375 307.51251220703125 323.45001220703125 338.63751220703125 350.600006103515625 360.95001220703125 365.89373779296875 370.774993896484375 376.681243896484375 389.881256103515625 396.662506103515625 402.20001220703125 404.631256103515625 408.26251220703125 411.274993896484375 401.4375 387.4375 367.462493896484375 336.243743896484375 304.25 281.537506103515625 279.212493896484375
255.2062530517578125 260.631256103515625 275.16876220703125 291.84375 306.743743896484375 319.524993896484375 330.04998779296875 338.48748779296875 345.61248779296875 352.75 359.006256103515625 362.38751220703125 365.475006103515625 367.412506103515625 366.60626220703125 363.875 360.600006103515625 353.524993896484375 346.01251220703125 336.037506103515625 325.443756103515625 313.59375 304.868743896484375 303.33123779296875 311.76873779296875 324.45001220703125 337.16876220703125 348.21875 358.524993896484375 365.11248779296875 371.07501220703125 377.956268310546875 394.67498779296875 408.881256103515625 420.1875 425.556243896484375 431.48126220703125 436.38751220703125 428.743743896484375 417.662506103515625 400.212493896484375 366.125 323.625 298.162506103515625 306.01251220703125
260.85626220703125 267.9375 283.649993896484375 300.96875 313.743743896484375 322.13751220703125 328.67498779296875 334.39373779296875 339.6875 344.787506103515625 351.125 355.78125 359.556243896484375 363.04376220703125 363.024993896484375 363.125 361.45623779296875 355.78125 349.01251220703125 340.23126220703125 330.412506103515625 320.36248779296875 314.09375 312.59375 318.412506103515625 327.787506103515625 337.95623779296875 347.73126220703125 357.46875 363.725006103515625 369.60626220703125 376.725006103515625 396.875 416.1875 433.79376220703125 443.693756103515625 453.71875 461.0625 454.60626220703125 447.0625 435.51251220703125 397.76251220703125 353.66876220703125 332.48126220703125 340.493743896484375
264.25 271.79376220703125 288.29998779296875 306.42498779296875 319.381256103515625 322.193756103515625 324.40625 327.90625 331.20623779296875 334.774993896484375 340.48748779296875 344.993743896484375 350.95623779296875 356.51873779296875 358.21875 358.818756103515625 359.03125 356.899993896484375 351.618743896484375 343.42498779296875 333.75 324.975006103515625 318.39373779296875 317.462493896484375 321.725006103515625 329 335.40625 344.15625 352.28125 359.76873779296875 367.100006103515625 375.743743896484375 398.86248779296875 421.318756103515625 442.649993896484375 455.89373779296875 469.76251220703125 480.38751220703125 476.98126220703125 470.881256103515625 459.25 431.51251220703125 397.21875 378.45623779296875 375.16876220703125
264.806243896484375 272.38751220703125 286.981231689453125 303.76873779296875 314.431243896484375 314.631256103515625 315.42498779296875 316.943756103515625 318.83123779296875 323.181243896484375 328.71875 334.28125 341.63751220703125 348.024993896484375 350.793731689453125 353.48126220703125 356.618743896484375 354.993743896484375 352.681243896484375 345.725006103515625 336.09375 327.556243896484375 321.712493896484375 320.3125 322.76251220703125 327.73126220703125 332.743743896484375 339.556243896484375 346.462493896484375 355.943756103515625 364.943756103515625 375.42498779296875 399.70001220703125 425.375 449.256256103515625 466.89373779296875 485.23748779296875 499.89373779296875 498.337493896484375 492.10626220703125 484.943756103515625 466 442.306243896484375 421.350006103515625 413.29376220703125
262.70623779296875 268.51873779296875 279.65625 289.881256103515625 295.84375 298.850006103515625 300.73126220703125 301.649993896484375 304.23126220703125 308.1875 314.41876220703125 321.92498779296875 330.899993896484375 338.631256103515625 343.88751220703125 348.26873779296875 350.51251220703125 349.5 347.82501220703125 342.818756103515625 335.07501220703125 327.431243896484375 321.3125 319.61248779296875 322.54998779296875 325.73126220703125 328.73748779296875 334.13751220703125 340.443756103515625 351.662506103515625 362.568756103515625 375.193756103515625 399.381256103515625 426.84375 453.975006103515625 476.9375 497.725006103515625 515.29998779296875 517 514.9749755859375 515.9937744140625 506.850006103515625 494.181243896484375 481.850006103515625 479.318756103515625
254.625 257.868743896484375 264.89373779296875 272.45001220703125 277.04376220703125 279.95001220703125 281.006256103515625 281.506256103515625 283.962493896484375 288.82501220703125 298.318756103515625 307.587493896484375 319.09375 330.537506103515625 336.306243896484375 340.26251220703125 342.04998779296875 342.42498779296875 339.20001220703125 335.32501220703125 329.04376220703125 323.07501220703125 317.712493896484375 315.600006103515625 317.587493896484375 320.71875 322.96875 325.8125 331.912506103515625 344.10626220703125 357.662506103515625 372.368743896484375 397.73126220703125 425.868743896484375 454.256256103515625 478.92498779296875 502.4375 523.3499755859375 529.4749755859375 538.53125 545.6187744140625 545.8187255859375 547.4000244140625 554.59375 576.1624755859375
244.4499969482421875 245.8312530517578125 251.0187530517578125 255.6750030517578125 257.89373779296875 259.98748779296875 261.04376220703125 261.1875 263.29376220703125 268.29376220703125 277.95623779296875 292.16876220703125 307.32501220703125 319.90625 327.024993896484375 331.006256103515625 333.756256103515625 334.15625 330.57501220703125 327.14373779296875 321.837493896484375 316.256256103515625 311.068756103515625 309.20623779296875 310.08123779296875 312.337493896484375 314.681243896484375 317.350006103515625 323.26251220703125 336.28125 351.568756103515625 369.01251220703125 395.23126220703125 424.087493896484375 452.5 478.375 505.01251220703125 526.8687744140625 541.6875 558.17498779296875 573.42498779296875 582.61248779296875 595.7125244140625 617.82501220703125 650.41876220703125
233.068756103515625 233.787506103515625 237.25 239.5749969482421875 240.8125 241.631256103515625 241.5 240.9875030517578125 241.75 247.0500030517578125 258.76251220703125 276.14373779296875 295.868743896484375 312.306243896484375 319.91876220703125 324.07501220703125 326.15625 325.649993896484375 322.95001220703125 318.212493896484375 314.225006103515625 308.26873779296875 304.381256103515625 301.899993896484375 301.51873779296875 303.21875 305.037506103515625 307.85626220703125 313.28125 327.931243896484375 345.29376220703125 364.475006103515625 391.63751220703125 421.337493896484375 450.04998779296875 475.875 502.475006103515625 529.83123779296875 550.98748779296875 571.1875 593.32501220703125 608.53125 628.1624755859375 655.26251220703125 683.98748779296875
220.3937530517578125 220.4187469482421875 222.274993896484375 223.431243896484375 223.4250030517578125 224 222.899993896484375 221.2312469482421875 221.1500091552734375 225.0437469482421875 238.943756103515625 260.381256103515625 283.975006103515625 302.11248779296875 311.274993896484375 316.412506103515625 318.78125 317.850006103515625 313.837493896484375 308.53125 304.38751220703125 300.243743896484375 295.649993896484375 293.04998779296875 292.79376220703125 293.45001220703125 295.306243896484375 297.662506103515625 302.556243896484375 318.618743896484375 337.568756103515625 357.125 384.3125 412.431243896484375 440.01873779296875 464.037506103515625 492.54376220703125 519.6187744140625 541.09375 563.3499755859375 587.1937255859375 606.84375 626.98126220703125 653.0374755859375 673.8125
207.243743896484375 206.96875 208.068756103515625 208.756256103515625 208.6062469482421875 209.287506103515625 208.8625030517578125 206.3562469482421875 204.125 203.5749969482421875 222.006256103515625 251.943756103515625 275.51873779296875 292.21875 302.350006103515625 308.318756103515625 311.67498779296875 309.66876220703125 305.625 299.92498779296875 295.23748779296875 290.58123779296875 286.10626220703125 283.32501220703125 282.15625 282.64373779296875 283.79998779296875 286.943756103515625 292.381256103515625 309.42498779296875 329.006256103515625 349.212493896484375 375.506256103515625 403.225006103515625 429.23748779296875 454.45623779296875 481.11248779296875 506.693756103515625 526.32501220703125 548.2249755859375 571.5875244140625 592.08123779296875 613.5 638.6937255859375 653.42498779296875
193.90625 193.899993896484375 195.1062469482421875 195.662506103515625 196.1687469482421875 197.212493896484375 198.193756103515625 197.287506103515625 196.8249969482421875 194.899993896484375 225.056243896484375 256.17498779296875 273.5 286.475006103515625 295.600006103515625 301.88751220703125 304.9375 302.89373779296875 297.5625 291.875 285.649993896484375 280.34375 276.23748779296875 273.087493896484375 271.25 271.274993896484375 273.587493896484375 276.587493896484375 281.993743896484375 300.14373779296875 319.6875 340.64373779296875 366.07501220703125 392.65625 417.63751220703125 441.66876220703125 466.274993896484375 489.39373779296875 509.318756103515625 529.6812744140625 550.9749755859375 571.1500244140625 591.42498779296875 614.83746337890625 629.7874755859375
180.9375 181.162506103515625 183.1687469482421875 184.868743896484375 186.056243896484375 188.475006103515625 191.2624969482421875 194.600006103515625 201.78125 218.25 252.625 265.8125 274.91876220703125 285.193756103515625 292.912506103515625 298.82501220703125 301.868743896484375 298.368743896484375 292.649993896484375 286.23748779296875 278.824981689453125 272.10626220703125 267.45623779296875 264.600006103515625 263.29998779296875 263.51873779296875 265.837493896484375 269.67498779296875 275.46875 292.631256103515625 311.774993896484375 329.83123779296875 352.6875 376.32501220703125 400.625 422.5625 444.399993896484375 465.475006103515625 482.96875 500.568756103515625 520.3187255859375 536.6500244140625 553.16876220703125 571.5562744140625 582.86248779296875
168.9499969482421875 169.381256103515625 172.037506103515625 174.631256103515625 177.118743896484375 181.625 186.7624969482421875 194.0437469482421875 205.506256103515625 223.337493896484375 246.806243896484375 262.712493896484375 273.09375 283.600006103515625 291.368743896484375 296.60626220703125 299.212493896484375 295.85626220703125 288.89373779296875 281.506256103515625 271.431243896484375 262.84375 257.08123779296875 253.9499969482421875 253.931243896484375 255.337493896484375 259.10626220703125 263.9375 269.96875 286.006256103515625 302.54998779296875 320.024993896484375 340.837493896484375 361.41876220703125 382.006256103515625 400.375 420.48748779296875 438.86248779296875 454.006256103515625 468.537506103515625 484.17498779296875 498.01873779296875 512.3187255859375 526.92498779296875 536.5374755859375
