data/historical-monthly-weather-data/wc2.1_cruts4.09_10m_prec_1958-02.asc
ncols        51
nrows        45
xllcorner    -63.500000000000
yllcorner    -7.500000000000
cellsize     0.166666666667
NODATA_value -9999
[rows 0 to 19 of 45, columns 0 to 43 of 51]
96.7937469482421875 94.3937530517578125 92.1750030517578125 91.74375152587890625 90.24375152587890625 91.2375030517578125 91.49375152587890625 90.31874847412109375 89.38124847412109375 90.125 93.16875457763671875 95.8562469482421875 98.1125030517578125 97.1875 97.7312469482421875 98.49375152587890625 99.84999847412109375 99.00624847412109375 100.8312530517578125 103.0749969482421875 105.4375 107.8562469482421875 111.7062530517578125 116.1750030517578125 121.5187530517578125 127.65625 135 142.9812469482421875 151.774993896484375 160.1687469482421875 169.59375 179.8937530517578125 189.600006103515625 200.1437530517578125 211.1125030517578125 216.9562530517578125 220.006256103515625 221.875 221.0124969482421875 217.600006103515625 215.3874969482421875 212.9812469482421875 208.899993896484375 207.837493896484375
100.28749847412109375 97.79375457763671875 96.8000030517578125 95.65625 95.1125030517578125 97.34999847412109375 98.31874847412109375 99.71250152587890625 101.3625030517578125 102.7375030517578125 104.68125152587890625 105.8000030517578125 106.52500152587890625 106.1437530517578125 106.0437469482421875 105.88124847412109375 106.43125152587890625 107.0749969482421875 109.31874847412109375 111.7624969482421875 114.0437469482421875 117.1374969482421875 121.18125152587890625 125.875 130.84375 137.306243896484375 144.5124969482421875 153.0625 161.850006103515625 171.0124969482421875 180.2062530517578125 192.0625 202.774993896484375 214.90625 225.71875 230.818756103515625 233.46875 234.2375030517578125 232.3312530517578125 228.125 224.725006103515625 221.2624969482421875 216.100006103515625 213.53125
105.6750030517578125 103.6062469482421875 102.59375 101.93125152587890625 102.11875152587890625 104.5124969482421875 107.3625030517578125 110.99375152587890625 114.61875152587890625 116.4875030517578125 117.2624969482421875 117.2375030517578125 116.66249847412109375 115.16249847412109375 114.09375 113.1875 112.6999969482421875 113.5437469482421875 115.2687530517578125 117.52500152587890625 120.125 124.3937530517578125 128.318756103515625 133.5437469482421875 140.34375 146.6062469482421875 154.2312469482421875 163.337493896484375 171.493743896484375 180.1750030517578125 190.65625 202.131256103515625 213.5187530517578125 224.2312469482421875 235.90625 239.662506103515625 242.8125 245.1374969482421875 242.3187408447265625 238.2249908447265625 234.40625 229.631256103515625 223.806243896484375 218.5437469482421875
110.3249969482421875 108.86875152587890625 108.8937530517578125 108.8000030517578125 110.78125 113.0812530517578125 117.1750030517578125 122.6125030517578125 128.21875 131.4250030517578125 131.149993896484375 128.8937530517578125 125.81874847412109375 122.8312530517578125 121.3874969482421875 119.96875 118.9875030517578125 118.33750152587890625 119.86875152587890625 123.2375030517578125 126.8625030517578125 130.899993896484375 134.649993896484375 140.8562469482421875 148.037506103515625 155.2312469482421875 164.024993896484375 172.993743896484375 181.1875 190.625 200.399993896484375 213.1687469482421875 223.2375030517578125 234.131256103515625 244.2937469482421875 249.375 252.850006103515625 254.9625091552734375 253.5 249.9875030517578125 244.618743896484375 238.743743896484375 231.9875030517578125 225
117.80625152587890625 115.3125 114.21875 115.08750152587890625 117.9375 121.40000152587890625 125.6750030517578125 132.975006103515625 141.818756103515625 147.493743896484375 143.7375030517578125 138.1999969482421875 134.3874969482421875 130.84375 128.243743896484375 126.44374847412109375 125.1875 123.25 124.9187469482421875 128.4812469482421875 132.9499969482421875 136.443756103515625 140.899993896484375 148.181243896484375 155.8937530517578125 164.193756103515625 171.8625030517578125 180.4375 190.943756103515625 201.0124969482421875 211.443756103515625 222.6437530517578125 233.618743896484375 244.337493896484375 253.8874969482421875 259.20623779296875 263.92498779296875 267.01873779296875 265.98748779296875 261.51873779296875 256.662506103515625 248.53125 239.600006103515625 231.5625
124.8562469482421875 123.2624969482421875 121.4562530517578125 121.40000152587890625 123.90000152587890625 128.3937530517578125 133.818756103515625 141.256256103515625 151.1687469482421875 158.9562530517578125 152.899993896484375 146.5250091552734375 142.649993896484375 139.4187469482421875 136.9375 135.6875 133.556243896484375 131.2687530517578125 132.7687530517578125 136.0437469482421875 140.024993896484375 144.162506103515625 149.056243896484375 156.3499908447265625 163.993743896484375 173.162506103515625 181.53125 189.899993896484375 199.6687469482421875 209.6999969482421875 220.28125 231.4499969482421875 240.7375030517578125 252.8874969482421875 263.01873779296875 268.524993896484375 274.0625 277.9375 278.725006103515625 275.006256103515625 268.41876220703125 259.25 249.6437530517578125 240.65625
132.6999969482421875 131.243743896484375 129.7687530517578125 128.5625 130.28125 133.8874969482421875 138.78125 144.1062469482421875 151.1750030517578125 154.649993896484375 153.618743896484375 151.1125030517578125 148.7375030517578125 146.712493896484375 145.46875 144.712493896484375 144.131256103515625 143.1875 143.556243896484375 144.131256103515625 146.84375 151.3249969482421875 155.712493896484375 163.1875 173.006256103515625 182.0749969482421875 190.7375030517578125 199.9625091552734375 208.162506103515625 217.4375 229.056243896484375 240.25 249.96875 258.774993896484375 268.350006103515625 276.17498779296875 282.01873779296875 287.45623779296875 291.037506103515625 288.037506103515625 279.73126220703125 270.33123779296875 260.681243896484375 250.837493896484375
140.350006103515625 138.181243896484375 136.506256103515625 136.4187469482421875 137.693756103515625 139.662506103515625 141.912506103515625 143.850006103515625 146.2375030517578125 148.774993896484375 151.8937530517578125 154.0437469482421875 154.5124969482421875 153.3937530517578125 152.8812408447265625 153.0749969482421875 153.2624969482421875 153.5500030517578125 153.993743896484375 151.3625030517578125 152.84375 157.0500030517578125 161.8125 170.3874969482421875 180.90625 190.65625 199.556243896484375 208.193756103515625 217.350006103515625 226.368743896484375 236.3000030517578125 248.0500030517578125 257.024993896484375 265.88751220703125 274.399993896484375 281.431243896484375 287.98748779296875 293.73748779296875 297.125 295.95623779296875 290.337493896484375 282.118743896484375 272.82501220703125 262.03125
148.0124969482421875 145.7375030517578125 143.875 143.712493896484375 144.162506103515625 144.506256103515625 145.75 145.90625 145.6374969482421875 147.712493896484375 152.90625 158.068756103515625 160.65625 161.006256103515625 159.7312469482421875 159.493743896484375 158.90625 158.5749969482421875 159.118743896484375 155.9499969482421875 157.0437469482421875 161.65625 167.368743896484375 178.225006103515625 189.381256103515625 199.5124969482421875 207.774993896484375 216.2937469482421875 225.84375 234.25 244.1875 255.4375 263.600006103515625 271.243743896484375 279.0625 286.83123779296875 293.806243896484375 299.89373779296875 304.875 305.60626220703125 301.868743896484375 295.462493896484375 288.42498779296875 279.61248779296875
155.6125030517578125 153.21875 151.5749969482421875 150.6875 150.306243896484375 150.037506103515625 151.1125030517578125 151.162506103515625 152.725006103515625 155.306243896484375 160.193756103515625 164.368743896484375 168.318756103515625 168.8249969482421875 166.806243896484375 164.162506103515625 161.631256103515625 160.3874969482421875 158.4562530517578125 156.3312530517578125 159.2375030517578125 165.3000030517578125 172.993743896484375 186.131256103515625 198.024993896484375 208.287506103515625 216.962493896484375 224.5749969482421875 234.6062469482421875 242.7687530517578125 250.8874969482421875 260.82501220703125 268.73126220703125 277.024993896484375 285.0625 292.556243896484375 299.79376220703125 305.287506103515625 311.09375 314.587493896484375 314.61248779296875 310.83123779296875 304.8125 296.443756103515625
162.7062530517578125 160.068756103515625 158.274993896484375 157.068756103515625 156.087493896484375 155.7562408447265625 156.6062469482421875 157.8562469482421875 160.6999969482421875 164.3249969482421875 169.493743896484375 173.899993896484375 176.8562469482421875 176.9875030517578125 173.2062530517578125 168.46875 163.5187530517578125 160.59375 157.587493896484375 155.9875030517578125 159.6999969482421875 167.068756103515625 177.7687530517578125 190.875 206.1374969482421875 216.7062530517578125 224.537506103515625 233.0124969482421875 241.78125 248.818756103515625 257.01873779296875 266 273.006256103515625 280.90625 290.024993896484375 298.25 304.29998779296875 311.1875 317.931243896484375 322.23748779296875 324.51873779296875 322.35626220703125 318.618743896484375 312.431243896484375
169.6750030517578125 166.7062530517578125 164.443756103515625 163.3249969482421875 162.625 162.587493896484375 163.75 166.5 169.9875030517578125 174.375 180.181243896484375 184.399993896484375 185.0187530517578125 183.225006103515625 178.7937469482421875 172.7062530517578125 167.006256103515625 162.8249969482421875 158.725006103515625 156.212493896484375 159.9187469482421875 168.6687469482421875 182.4875030517578125 199.0749969482421875 214.4250030517578125 223.7937469482421875 230.787506103515625 238.8625030517578125 247.774993896484375 255.3937530517578125 263.0625 270.649993896484375 277.587493896484375 284.89373779296875 293.51251220703125 302.23126220703125 310.493743896484375 318.181243896484375 325.79998779296875 331.46875 335.51873779296875 333.931243896484375 328.662506103515625 320.73126220703125
174.7687530517578125 172.068756103515625 170.2937469482421875 169.1062469482421875 169.1750030517578125 169.943756103515625 172.0749969482421875 174.962493896484375 178.90625 184.6374969482421875 190.5437469482421875 193.7937469482421875 192.7687530517578125 188.2312469482421875 182.8562469482421875 175.975006103515625 169.75 165.774993896484375 162.03125 158.8312530517578125 161.087493896484375 171.0500030517578125 186.6687469482421875 203.1687469482421875 216.556243896484375 226.3312530517578125 235.2375030517578125 243.9250030517578125 252.693756103515625 260.1875 267.625 274.725006103515625 280.056243896484375 287.412506103515625 296.07501220703125 304.57501220703125 313.149993896484375 323.25 332.5625 339.73748779296875 346.337493896484375 344.23748779296875 335.412506103515625 325.20001220703125
178.881256103515625 176.306243896484375 174.8874969482421875 174.1999969482421875 174.9250030517578125 176.3249969482421875 179.587493896484375 183.1750030517578125 187.875 193.475006103515625 198.712493896484375 199.568756103515625 197.149993896484375 192.6875 185.84375 179.274993896484375 172.462493896484375 169.21875 165.8125 164.087493896484375 169.2312469482421875 179.1125030517578125 192.587493896484375 206.087493896484375 218.3125 228.5812530517578125 238.5187530517578125 247.59375 257.056243896484375 263.16876220703125 270.1875 276.35626220703125 281.08123779296875 288.256256103515625 296.36248779296875 305.787506103515625 316.73748779296875 328.53125 340.71875 349.443756103515625 354.29376220703125 347.537506103515625 339.875 331.89373779296875
181.850006103515625 179.1125030517578125 178.3562469482421875 179.0062408447265625 179.6437530517578125 182.212493896484375 186.59375 190.46875 195.6687469482421875 201.1437530517578125 205.2937469482421875 205.59375 202.725006103515625 197.96875 191.4375 184.3562469482421875 178.0124969482421875 174.850006103515625 172.3249969482421875 172.006256103515625 178.71875 188.1125030517578125 200.149993896484375 211.943756103515625 222.743743896484375 233.6999969482421875 243.7062530517578125 252.368743896484375 261.33123779296875 267.54376220703125 272.53125 276.875 281.40625 287.04998779296875 295.024993896484375 304.693756103515625 318.66876220703125 334.48748779296875 350.29376220703125 360.931243896484375 362.95623779296875 357.04998779296875 349.67498779296875 339.75
183.6062469482421875 180.962493896484375 180.9375 182.256256103515625 184.0812530517578125 187.462493896484375 192.431243896484375 196.5437469482421875 202.2624969482421875 208.524993896484375 212.84375 212.8562469482421875 209.8625030517578125 204.3874969482421875 197.625 189.243743896484375 183.8625030517578125 181.9187469482421875 180.3874969482421875 180.875 187.7312469482421875 196.975006103515625 207.993743896484375 219.350006103515625 228.5437469482421875 237.881256103515625 246.9562530517578125 256.34375 266.03125 272.006256103515625 276.71875 278.66876220703125 279.274993896484375 282.493743896484375 287.95001220703125 299.431243896484375 316.42498779296875 337.149993896484375 359.71875 373.95623779296875 377.375 367.98748779296875 356.881256103515625 344.712493896484375
183.5 181.96875 182.506256103515625 184.5500030517578125 187.3874969482421875 191.587493896484375 197.087493896484375 202.28125 208.4875030517578125 215.3249969482421875 220.881256103515625 221.350006103515625 218.7375030517578125 213.3249969482421875 205.9562530517578125 197.25 190.350006103515625 188.0437469482421875 186.8874969482421875 188.15625 196.181243896484375 205.681243896484375 215.712493896484375 226.0625 235.0500030517578125 241.75 249.2062530517578125 259.45623779296875 270.34375 277.57501220703125 281.3125 281.350006103515625 278.318756103515625 275.181243896484375 278.756256103515625 290.600006103515625 309.443756103515625 337.6875 371.337493896484375 383.60626220703125 384.243743896484375 372.9375 358.32501220703125 344.399993896484375
181.381256103515625 180.712493896484375 182.662506103515625 185.8000030517578125 189.1687469482421875 193.8874969482421875 199.8874969482421875 205.649993896484375 212.412506103515625 219.625 226.5749969482421875 229.600006103515625 229.618743896484375 225.1125030517578125 217.84375 208.9499969482421875 199.3125 193.7062530517578125 193.368743896484375 194.412506103515625 204.006256103515625 213.162506103515625 221.3000030517578125 229.524993896484375 237.5749969482421875 244.306243896484375 250.931243896484375 262.45623779296875 274.91876220703125 283.20001220703125 285.91876220703125 279.71875 273.53125 267.71875 267.350006103515625 275.837493896484375 300.006256103515625 329.32501220703125 359.86248779296875 374.41876220703125 375.118743896484375 365.274993896484375 353.60626220703125 342.587493896484375
178.40625 178.8249969482421875 181.506256103515625 184.787506103515625 189.0437469482421875 195.1125030517578125 201.068756103515625 207.850006103515625 215.8000030517578125 223.40625 231.8125 236.431243896484375 239.40625 238.962493896484375 230.5 218.6999969482421875 207.4187469482421875 199.5 197.0187530517578125 198.537506103515625 209.162506103515625 218.8000030517578125 223.53125 230.818756103515625 238.5625 246.537506103515625 255.225006103515625 266.84375 280.431243896484375 290.375 293.756256103515625 284.48126220703125 272.699981689453125 259.79376220703125 253.556243896484375 263.54998779296875 288.350006103515625 316.318756103515625 342.475006103515625 356.662506103515625 360.92498779296875 353.4375 346.256256103515625 339.16876220703125
175.8249969482421875 176.21875 179.4875030517578125 183.381256103515625 188.787506103515625 195.681243896484375 202.774993896484375 209.3000030517578125 217.649993896484375 225.943756103515625 234.381256103515625 240.75 247.4875030517578125 252.3625030517578125 241.587493896484375 224.649993896484375 210.443756103515625 203.09375 199.899993896484375 200.806243896484375 208.412506103515625 215.90625 223.71875 230.8125 238.5812530517578125 246.899993896484375 257.70623779296875 271.09375 283.29376220703125 292.16876220703125 293.475006103515625 287.20001220703125 271.118743896484375 252.21875 239.3249969482421875 252.506256103515625 281.73748779296875 310.149993896484375 332 345.08123779296875 348.131256103515625 342.21875 340.60626220703125 337.54998779296875
