data/historical-monthly-weather-data/wc2.1_cruts4.09_10m_prec_1996-12.asc
ncols        51
nrows        45
xllcorner    -63.500000000000
yllcorner    -7.500000000000
cellsize     0.166666666667
NODATA_value -9999
[rows 0 to 19 of 45, columns 0 to 43 of 51]
91.46875 84.1999969482421875 79.0500030517578125 75.58750152587890625 71.7312469482421875 69.53749847412109375 67.22499847412109375 64.61875152587890625 63.325000762939453125 62.41249847412109375 62.643749237060546875 63.84375 65.66249847412109375 66.9499969482421875 69.46250152587890625 72.2312469482421875 75.2312469482421875 77.4499969482421875 80.49375152587890625 83.4375 85.8625030517578125 87.88124847412109375 90.03125 92.81874847412109375 95.71875 98.5812530517578125 102.96250152587890625 107.7375030517578125 112.49375152587890625 115.78749847412109375 118.2624969482421875 121.40625 123.3937530517578125 124.97499847412109375 126.02500152587890625 126.47499847412109375 125.3000030517578125 123.78125 120.65625 117.69374847412109375 114.53125 111.46875 108.49375152587890625 104.9499969482421875
92.78749847412109375 85.5187530517578125 81.6125030517578125 78.6875 75.7312469482421875 73.1750030517578125 70.375 68.6125030517578125 68.0437469482421875 67.46875 67.3874969482421875 68.16249847412109375 69.74375152587890625 71.25 73.625 76.36875152587890625 79.4562530517578125 82.9812469482421875 86.96250152587890625 91.5 93.9375 95.90625 98.52500152587890625 101.30625152587890625 104.15625 107 111.05625152587890625 115.2312469482421875 119.375 122.4499969482421875 124.4187469482421875 127.09375 127.96250152587890625 129.368743896484375 130.75 128.9250030517578125 128.431243896484375 126.66249847412109375 122.5749969482421875 118.8125 114.96250152587890625 111.44374847412109375 108.1125030517578125 103.40000152587890625
94.09375 87.8000030517578125 84.55625152587890625 82.0187530517578125 79.59999847412109375 77.15625 75.1750030517578125 74.03125 73.81874847412109375 73.375 72.94374847412109375 73.6374969482421875 75.1999969482421875 76.65000152587890625 79.19374847412109375 81.7062530517578125 84.8937530517578125 88.1750030517578125 92.03749847412109375 96.0625 98.4812469482421875 100.81874847412109375 103.4812469482421875 106.1374969482421875 109.02500152587890625 112.65625 116.7687530517578125 120.8125 125.19374847412109375 127.125 129.068756103515625 131.4187469482421875 133.09375 133.0812530517578125 133.524993896484375 132.2687530517578125 130.225006103515625 127.6437530517578125 123.7375030517578125 119.5437469482421875 115.05625152587890625 110.93125152587890625 106.53749847412109375 102.44374847412109375
94.58750152587890625 89.75624847412109375 87.78749847412109375 85.22499847412109375 83.4812469482421875 81.59999847412109375 80.25624847412109375 79.5812530517578125 79.6125030517578125 79.75624847412109375 79.3562469482421875 80.03749847412109375 81.1062469482421875 82.53749847412109375 84.9187469482421875 87.7624969482421875 90.86875152587890625 93.13124847412109375 96.4250030517578125 100.6750030517578125 103.19374847412109375 105.3625030517578125 107.2062530517578125 110.1687469482421875 112.9562530517578125 117.02500152587890625 121.3937530517578125 125.13124847412109375 129.818756103515625 132.2375030517578125 133.662506103515625 134.943756103515625 136.431243896484375 136.96875 136.431243896484375 134.2624969482421875 130.962493896484375 127.90625 124.25624847412109375 119.5437469482421875 114.09375 109.5 104.7062530517578125 100.55625152587890625
99.3125 93.19374847412109375 89.90000152587890625 88.4187469482421875 87.4562530517578125 86.3625030517578125 85.28749847412109375 84.9250030517578125 85.8312530517578125 86.4250030517578125 85.72499847412109375 85.99375152587890625 87.30625152587890625 88.81874847412109375 91.13124847412109375 93.93125152587890625 96.71875 98.4250030517578125 101.28125 105.3625030517578125 107.80625152587890625 109.1750030517578125 110.72499847412109375 113.7624969482421875 116.75 121.1062469482421875 124.6687469482421875 128.568756103515625 133.256256103515625 135.8874969482421875 137.5 138.162506103515625 138.631256103515625 138.6999969482421875 137.712493896484375 135.2312469482421875 132.0812530517578125 128.1374969482421875 124.03125 118.74375152587890625 112.84375 107.68125152587890625 102.8312530517578125 97.7687530517578125
104.02500152587890625 98.75624847412109375 94.84999847412109375 91.7375030517578125 91.28125 91.24375152587890625 90.71875 90.21250152587890625 90.8874969482421875 91.5 90.88124847412109375 91.52500152587890625 93.38124847412109375 95.06874847412109375 97.8937530517578125 100.69374847412109375 103.55625152587890625 104.2062530517578125 107.11875152587890625 109.9499969482421875 111.3625030517578125 112.99375152587890625 114.24375152587890625 117.1437530517578125 120.19374847412109375 123.8000030517578125 128.243743896484375 132.1374969482421875 136.1125030517578125 138.3874969482421875 140.1062469482421875 141.350006103515625 139.787506103515625 138.225006103515625 138.087493896484375 135.399993896484375 131.649993896484375 128.5 124.3874969482421875 118.0812530517578125 110.55625152587890625 105.3937530517578125 99.81874847412109375 95.27500152587890625
110.0625 105.21875 101.4812469482421875 97.9812469482421875 96.18125152587890625 95.53749847412109375 95.24375152587890625 94.56874847412109375 94.50624847412109375 94.1687469482421875 94.9375 96.55625152587890625 99.4875030517578125 101.61875152587890625 104.53125 107.68125152587890625 111.21250152587890625 113.1125030517578125 115.2062530517578125 115.8937530517578125 115.94374847412109375 117.03749847412109375 117.65000152587890625 119.9187469482421875 123.33750152587890625 126.40625 130.2687530517578125 135.149993896484375 139.068756103515625 140.618743896484375 141.96875 142.78125 141.256256103515625 138.662506103515625 136.712493896484375 133.4250030517578125 130.03125 126.5500030517578125 123.6374969482421875 116.40000152587890625 107.875 101.9562530517578125 96.875 92.0625
116.3625030517578125 111.7624969482421875 108.3249969482421875 105.8125 104.1062469482421875 102.43125152587890625 100.34999847412109375 97.7624969482421875 96.2312469482421875 96.61875152587890625 98.97499847412109375 102.36875152587890625 105.61875152587890625 109.0187530517578125 111.7062530517578125 114.9812469482421875 118.3125 120.78749847412109375 122.3625030517578125 120.24375152587890625 119.33750152587890625 119.2687530517578125 119.5187530517578125 121.30625152587890625 125.05625152587890625 128.6125030517578125 132 136.46875 141.46875 143.1999969482421875 143.149993896484375 143.4499969482421875 141.524993896484375 138.0625 135.756256103515625 130.8937530517578125 126.90000152587890625 122.53125 118.1875 111.41249847412109375 103.78749847412109375 98.0500030517578125 93.1125030517578125 88.40000152587890625
123.56874847412109375 119.34375 116.33750152587890625 114.02500152587890625 111.93125152587890625 110.3937530517578125 108.0500030517578125 104.71875 101.4812469482421875 101 104.4812469482421875 108.9499969482421875 113.00624847412109375 116.3125 118.1999969482421875 120.21250152587890625 122.46250152587890625 124.51874542236328125 125.63124847412109375 122.8249969482421875 120.5500030517578125 120.2937469482421875 120.7687530517578125 123.80625152587890625 127.03749847412109375 130.25 133.475006103515625 137.993743896484375 142.2312469482421875 143.193756103515625 144 143.2437591552734375 140.4749908447265625 137.2937469482421875 133.881256103515625 129 123.7312469482421875 118.1999969482421875 113.03125 106.94374847412109375 99.5437469482421875 94.41249847412109375 90.2624969482421875 86.21875
130.225006103515625 126.6687469482421875 124.1750030517578125 122.4187469482421875 120.4250030517578125 118.8937530517578125 116.72499847412109375 113.84375 112.15000152587890625 111.8312530517578125 113.86249542236328125 117.0187530517578125 121.4875030517578125 123.9562530517578125 124.7375030517578125 124.9250030517578125 125.1062469482421875 125.25624847412109375 124.78749847412109375 122.65000152587890625 120.9875030517578125 120.71250152587890625 121.4875030517578125 125.03125 128.0500030517578125 131.037506103515625 134.2687530517578125 138.3000030517578125 142.568756103515625 143.212493896484375 142.881256103515625 141.8874969482421875 138.537506103515625 134.4812469482421875 131.0124969482421875 126.71250152587890625 120.7937469482421875 114.6999969482421875 108.5812530517578125 102.375 95.8562469482421875 91.59375 87.3125 83.6875
137.90625 134.65625 132.037506103515625 129.96875 128.78125 128.1437530517578125 126.49375152587890625 123.6062469482421875 122.27500152587890625 122.49375152587890625 124.11875152587890625 127.0812530517578125 130.256256103515625 132.381256103515625 130.9499969482421875 129.1687469482421875 127.0437469482421875 125.78125 123.90000152587890625 121.56874847412109375 121.1875 121.1999969482421875 122.3000030517578125 124.5437469482421875 129.256256103515625 132.4499969482421875 134.9562530517578125 137.681243896484375 140.40625 140.818756103515625 140.34375 139.6437530517578125 136.118743896484375 131.912506103515625 127.9187469482421875 122.8937530517578125 117.09375 110.94374847412109375 105.46875 99.0749969482421875 92.7375030517578125 88.66249847412109375 85.1374969482421875 82.0812530517578125
145.212493896484375 141.787506103515625 139.4187469482421875 137.9875030517578125 136.9187469482421875 136.6687469482421875 135.9375 133.681243896484375 132.6999969482421875 133.6374969482421875 135.3625030517578125 137.5625 138.2375030517578125 138.506256103515625 136.3874969482421875 133.162506103515625 130.087493896484375 127.32500457763671875 124.7624969482421875 122.4562530517578125 121.52500152587890625 122.0500030517578125 124.16249847412109375 126.9250030517578125 131.149993896484375 134.125 135.5625 137.0500030517578125 138.475006103515625 138.462493896484375 137.7312469482421875 136.9875030517578125 133.4499969482421875 129.6125030517578125 125.8625030517578125 121.15000152587890625 115.4875030517578125 109.75 103.8625030517578125 97.47499847412109375 91.15000152587890625 87.3937530517578125 84.125 81.15000152587890625
152.412506103515625 149.2624969482421875 147.2375030517578125 145.587493896484375 144.875 144.5124969482421875 143.756256103515625 142.681243896484375 142.475006103515625 144.118743896484375 146.1875 147.1437530517578125 146.118743896484375 143.7375030517578125 141.0749969482421875 137.256256103515625 133.306243896484375 130.3937530517578125 127.2062530517578125 123.99375152587890625 121.6750030517578125 122.7687530517578125 126.1062469482421875 129.3125 132.0187530517578125 133.8125 134.818756103515625 135.962493896484375 136.90625 135.537506103515625 134.375 133.193756103515625 129.600006103515625 126.22499847412109375 122.875 119.1125030517578125 114.40000152587890625 109.03749847412109375 102.94374847412109375 95.96250152587890625 89.33750152587890625 86.3000030517578125 82.83750152587890625 78.5437469482421875
158.5812530517578125 155.506256103515625 153.4875030517578125 152.1374969482421875 151.15625 151 150.5437469482421875 150.837493896484375 152.100006103515625 153.65625 154.743743896484375 154.1062469482421875 152.2624969482421875 149.0749969482421875 144.9499969482421875 141.6125030517578125 137.193756103515625 133.475006103515625 129.8249969482421875 126.50624847412109375 125.00624847412109375 125.75 128.125 130.337493896484375 132.368743896484375 133.8874969482421875 134.850006103515625 134.4375 134.056243896484375 131.993743896484375 130.40625 128.631256103515625 125.6437530517578125 122.36875152587890625 119.8625030517578125 116.71875 113.03749847412109375 109.02500152587890625 103.59999847412109375 97.25624847412109375 89.2937469482421875 84.27500152587890625 80.40000152587890625 77.30625152587890625
163.443756103515625 160.3312530517578125 158.850006103515625 157.568756103515625 156.931243896484375 156.8937530517578125 157.5812530517578125 158.3125 159.6374969482421875 160.756256103515625 161.600006103515625 160.5187530517578125 157.8000030517578125 154.625 150.212493896484375 146.7375030517578125 141.743743896484375 137.6999969482421875 133.8249969482421875 131.2624969482421875 129.8125 130.0625 131.087493896484375 132.3312530517578125 133.8125 134.6125030517578125 134.7312469482421875 133.8125 132.350006103515625 128.78125 126.03125 124.3937530517578125 121.7375030517578125 119.21250152587890625 117.375 114.3312530517578125 112.30625152587890625 110.6875 108.25624847412109375 102.6125030517578125 94.3249969482421875 88.13124847412109375 83.125 79.0124969482421875
167.024993896484375 164.287506103515625 163.149993896484375 162.6062469482421875 162.2312469482421875 162.875 163.9187469482421875 164.3312530517578125 165.71875 167.6687469482421875 168.149993896484375 166.3812408447265625 163.462493896484375 159.90625 155.8187408447265625 150.9499969482421875 145.9187469482421875 142.443756103515625 138.4812469482421875 135.6750030517578125 134.6875 134.1687469482421875 134.46875 134.7312469482421875 135.631256103515625 136.6374969482421875 135.931243896484375 133.993743896484375 130.8874969482421875 125.6062469482421875 121.875 119.22499847412109375 115.9250030517578125 113.6062469482421875 111.69374847412109375 110.08750152587890625 110.16249847412109375 111.3000030517578125 112.40000152587890625 108.53125 100.78125 92.96875 86.0124969482421875 79.3312530517578125
169.993743896484375 167.71875 166.056243896484375 166.181243896484375 166.6062469482421875 167.287506103515625 168.9562530517578125 170.6437530517578125 172.681243896484375 174.131256103515625 174.5812530517578125 172.056243896484375 168.743743896484375 164.912506103515625 160.9375 155.743743896484375 149.4499969482421875 146 142.975006103515625 140.1062469482421875 139.0124969482421875 138.2312469482421875 138.006256103515625 137.368743896484375 137.84375 138.8937530517578125 138.1125030517578125 134.587493896484375 128.65625 121.9187469482421875 117.22499847412109375 114.58750152587890625 110.3249969482421875 106.06874847412109375 103.34375 103.30625152587890625 106.21875 111.97499847412109375 119.53125 114.59999847412109375 105.75624847412109375 96.28125 87.03749847412109375 80.0124969482421875
171.4250030517578125 169.5437469482421875 168.287506103515625 168.8625030517578125 169.6374969482421875 171.318756103515625 173.0749969482421875 174.506256103515625 176.65625 179.0812530517578125 180.2687530517578125 177.7937469482421875 173.9562530517578125 170.1999969482421875 165.875 160.431243896484375 154.225006103515625 148.662506103515625 147.0437469482421875 144.3249969482421875 143.431243896484375 142.1875 141.1125030517578125 140.318756103515625 140.368743896484375 141.1687469482421875 141.125 135.2312469482421875 126.61875152587890625 117.84999847412109375 111.9187469482421875 108.81874847412109375 105.7375030517578125 102.41249847412109375 97.81874847412109375 94.1062469482421875 101.2937469482421875 109.6999969482421875 115.1687469482421875 112.46250152587890625 103.91249847412109375 94.99375152587890625 87.11875152587890625 80.8125
171.7312469482421875 170.09375 169.7687530517578125 170.693756103515625 171.962493896484375 174.125 176.0625 178.53125 181.256256103515625 184.087493896484375 184.774993896484375 181.818756103515625 178.84375 175.806243896484375 171 165.193756103515625 159.0687408447265625 153.4250030517578125 149.4375 147.306243896484375 147.100006103515625 146.931243896484375 143.53125 142.818756103515625 142.993743896484375 143.1437530517578125 141.600006103515625 135.725006103515625 126.1687469482421875 115.44374847412109375 107.28125 106.91249847412109375 106.03749847412109375 102.53125 97.53125 95.71875 100.6875 105.96250152587890625 109.3562469482421875 106.69374847412109375 99.97499847412109375 92.69374847412109375 86.2937469482421875 81.2312469482421875
171.3312530517578125 170.3000030517578125 169.9499969482421875 171.3125 173.3625030517578125 176.537506103515625 179.4375 182.3249969482421875 185.818756103515625 188.056243896484375 189.3562469482421875 187.7312469482421875 185.2624969482421875 181.5625 175.743743896484375 168.631256103515625 161.850006103515625 157.3625030517578125 153.618743896484375 151.056243896484375 149.0437469482421875 146.975006103515625 145.65625 145.056243896484375 144.774993896484375 144.100006103515625 141.837493896484375 137.118743896484375 128.4499969482421875 117.98749542236328125 111.33750152587890625 111.38124847412109375 109.7062530517578125 107.2375030517578125 104.5812530517578125 102.77500152587890625 104.33750152587890625 106.375 106.74375152587890625 103.61875152587890625 97.44374847412109375 90.40000152587890625 85.88124847412109375 82.0625
