data/historical-monthly-weather-data/wc2.1_cruts4.09_10m_prec_1951-06.asc
ncols        45
nrows        45
xllcorner    -63.500000000000
yllcorner    -7.500000000000
cellsize     0.166666666667
NODATA_value -9999
[rows 0 to 18 of 45, columns 0 to 43 of 45]
291.71875 290.23126220703125 290.23126220703125 299.875 305.693756103515625 316.10626220703125 320.79998779296875 323.73748779296875 322.868743896484375 333.29376220703125 346.58123779296875 353.868743896484375 361.493743896484375 364.306243896484375 362.26873779296875 361.743743896484375 357.556243896484375 349.90625 341.32501220703125 337.29376220703125 341.04376220703125 334.587493896484375 329.443756103515625 316.975006103515625 306.60626220703125 297.412506103515625 288.306243896484375 280.881256103515625 266.143768310546875 254.0812530517578125 237.5124969482421875 227.7937469482421875 219.9875030517578125 207.6750030517578125 196.725006103515625 189.3625030517578125 182.006256103515625 176.8312530517578125 171.71875 169.2687530517578125 169.600006103515625 174.7375030517578125 173.806243896484375 174.8562469482421875
284.350006103515625 282.556243896484375 288.818756103515625 296.39373779296875 307.03125 318.15625 323.67498779296875 327.23126220703125 336.32501220703125 348.09375 359.36248779296875 364.962493896484375 363.58123779296875 364.068756103515625 359.381256103515625 356.193756103515625 348.79998779296875 336.087493896484375 325.26873779296875 321.38751220703125 322.48748779296875 317.256256103515625 314.9375 306.04376220703125 295.88751220703125 285.58123779296875 277.20623779296875 267.01251220703125 253.65625 238.1999969482421875 226.84375 221.993743896484375 211.6750030517578125 200.8625030517578125 190.931243896484375 179.524993896484375 171.899993896484375 164.5749969482421875 159.8125 157.899993896484375 160.1374969482421875 157.912506103515625 161.7937469482421875 162.8312530517578125
270.774993896484375 276.8125 284.82501220703125 290.087493896484375 303.54998779296875 319.65625 330.25 344.806243896484375 356.39373779296875 368.48126220703125 376.34375 375.681243896484375 375.08123779296875 365.875 356.881256103515625 350.068756103515625 338.681243896484375 327.693756103515625 318.91876220703125 313.71875 316.17498779296875 318.600006103515625 315.725006103515625 311.625 296.475006103515625 283.60626220703125 278.95623779296875 265.15625 247.350006103515625 238.462493896484375 225.1687469482421875 216.506256103515625 205.6999969482421875 196.5625 184.28125 168.0625 160.693756103515625 154.318756103515625 149.21875 146.8562469482421875 149.243743896484375 149 150.568756103515625 150.4875030517578125
255.8249969482421875 257.20001220703125 272.35626220703125 285.42498779296875 297.54998779296875 315.34375 334.11248779296875 353.20001220703125 371.51251220703125 387.181243896484375 390.98126220703125 384.60626220703125 376.5 364.350006103515625 354.162506103515625 344.45001220703125 327.618743896484375 319.86248779296875 313.0625 318.63751220703125 319.28125 314.837493896484375 314.91876220703125 312.756256103515625 296.443756103515625 283.20623779296875 273.84375 256.41876220703125 242.712493896484375 234.7312469482421875 224.068756103515625 212.3874969482421875 201.368743896484375 187.5749969482421875 175.493743896484375 166.899993896484375 158.0625 147.6999969482421875 141.0187530517578125 137.46875 137.3125 140.149993896484375 141.28125 140.5749969482421875
260.82501220703125 259.0625 259.58123779296875 276.662506103515625 298.181243896484375 313.237518310546875 334.48126220703125 362.16876220703125 389.11248779296875 407.412506103515625 409.837493896484375 389.10626220703125 378.506256103515625 366.58123779296875 349.881256103515625 336.91876220703125 322.57501220703125 309.23748779296875 303.57501220703125 307.725006103515625 308.600006103515625 310.07501220703125 312.149993896484375 307.73748779296875 291.54376220703125 279.725006103515625 266.024993896484375 255.2312469482421875 241.462493896484375 228.662506103515625 221.6374969482421875 212.881256103515625 199.587493896484375 187.4562530517578125 177.993743896484375 163.71875 152.65625 143.0749969482421875 134.181243896484375 127.8249969482421875 126.74375152587890625 128.943756103515625 131.1374969482421875 133.1062469482421875
252.037506103515625 255.225006103515625 258.006256103515625 257.149993896484375 282.306243896484375 311.306243896484375 330.48126220703125 355.5 387.98748779296875 409.381256103515625 404.09375 384.381256103515625 373.95623779296875 361.86248779296875 342.26873779296875 329.33123779296875 313.875 303.33123779296875 303.98748779296875 306.41876220703125 310.899993896484375 310.41876220703125 309.818756103515625 297.993743896484375 288.118743896484375 277.881256103515625 261.54998779296875 250.806243896484375 238.1875 226.0437469482421875 221.649993896484375 213.3937530517578125 203.1999969482421875 189.2062530517578125 174.743743896484375 165.618743896484375 150.6750030517578125 134.806243896484375 128.1875 124.9250030517578125 119.69374847412109375 122.2375030517578125 122.38124847412109375 123.40625
249.318756103515625 249.84375 254.28125 258.962493896484375 266.162506103515625 283.04376220703125 303.01251220703125 335.98748779296875 355.975006103515625 375.587493896484375 380.068756103515625 367.068756103515625 362.46875 355.1875 338.381256103515625 324.493743896484375 313.58123779296875 305.912506103515625 301.131256103515625 306.41876220703125 302.006256103515625 301.98748779296875 298.79376220703125 292.04376220703125 288.756256103515625 278.431243896484375 261.225006103515625 247.2062530517578125 234.4875030517578125 231.1875 220.600006103515625 208.8625030517578125 196.962493896484375 187.693756103515625 178.8937530517578125 163.931243896484375 144.7375030517578125 130.787506103515625 122.3000030517578125 118.4187469482421875 111.90625 112.47499847412109375 114.03749847412109375 114.8000030517578125
243.7624969482421875 239.774993896484375 245.3125 257.36248779296875 265.837493896484375 287.33123779296875 293.84375 300.79998779296875 306.41876220703125 329.774993896484375 346.493743896484375 346.787506103515625 347.40625 341.83123779296875 334.743743896484375 323.09375 308.412506103515625 304.287506103515625 300.568756103515625 297.037506103515625 308.13751220703125 302.493743896484375 296.33123779296875 288.443756103515625 284.95001220703125 271.61248779296875 256.631256103515625 242.931243896484375 230.78125 221.96875 220.837493896484375 208.4875030517578125 197.631256103515625 186.274993896484375 172.0500030517578125 156.125 139.9875030517578125 125.6062469482421875 113.74375152587890625 105.69374847412109375 100.1750030517578125 102.33750152587890625 100.90000152587890625 99.40625
236.6437530517578125 235.7937469482421875 238.5500030517578125 247.4562530517578125 258.181243896484375 271.912506103515625 288.73126220703125 301.493743896484375 295.73126220703125 296.662506103515625 307.98126220703125 315.306243896484375 327.09375 326.23126220703125 324.4375 315.23126220703125 315.10626220703125 316.037506103515625 316.07501220703125 307.64373779296875 297.4375 304.587493896484375 290.618743896484375 291.23748779296875 280.38751220703125 268.73126220703125 254.118743896484375 243.40625 236.5250091552734375 225.9499969482421875 224.6500091552734375 203.1750030517578125 184.5749969482421875 171.9562530517578125 163.5 153.8937530517578125 140.40625 127.5749969482421875 114.86875152587890625 103.2624969482421875 94.36875152587890625 91.5187530517578125 93.52500152587890625 91.3625030517578125
230.181243896484375 230.818756103515625 234.556243896484375 242.9250030517578125 252.3562469482421875 264.131256103515625 278.29998779296875 285.61248779296875 291.25 294.5625 296.13751220703125 288.8125 303.61248779296875 309.57501220703125 314.693756103515625 315.92498779296875 314.774993896484375 326.712493896484375 328.725006103515625 327.337493896484375 310.381256103515625 301.48126220703125 284.225006103515625 279.912506103515625 267.274993896484375 261.84375 249.3562469482421875 236.712493896484375 225.556243896484375 221.1125030517578125 215.912506103515625 199.2687530517578125 185.8125 174.006256103515625 160.90625 149.287506103515625 138.256256103515625 127.28749847412109375 115.7062530517578125 106.94374847412109375 98.4499969482421875 94.375 88.30625152587890625 81.90625
226.8937530517578125 226.149993896484375 229.6687469482421875 236.0187530517578125 242.5124969482421875 256.78125 263.92498779296875 270.95623779296875 279.962493896484375 286.625 292.04998779296875 286.912506103515625 285.149993896484375 293.28125 300.82501220703125 308.431243896484375 312.931243896484375 318.149993896484375 328.16876220703125 338.78125 340.11248779296875 320.92498779296875 290.66876220703125 258.125 256.95001220703125 264.96875 255.0437469482421875 237.4812469482421875 221.15625 213.506256103515625 206.90625 194.21875 183.4499969482421875 172.8562469482421875 161.3625030517578125 146.625 135.8625030517578125 123.52500152587890625 116.46875 105.74375152587890625 95.8625030517578125 89.50624847412109375 85.09375 75.80625152587890625
219.3562469482421875 220.03125 226.868743896484375 229.78125 236.78125 245.6437530517578125 258.462493896484375 267.162506103515625 274.1875 272.756256103515625 281.681243896484375 282.45623779296875 271.087493896484375 279.86248779296875 296.26873779296875 303.01873779296875 308.03125 316.32501220703125 330.100006103515625 353.743743896484375 357.649993896484375 342.1875 308.537506103515625 266.475006103515625 254.1374969482421875 249.2874908447265625 235.8187408447265625 224.8125 215.2624969482421875 204.8937530517578125 190.15625 183.225006103515625 174.899993896484375 162.399993896484375 155.1875 146.506256103515625 138.1875 127.22499847412109375 113.6750030517578125 105.61875152587890625 95.77500152587890625 88.19374847412109375 77.47499847412109375 64.34999847412109375
216.2062530517578125 215.7624969482421875 220.5500030517578125 223.537506103515625 231.4250030517578125 237.15625 246.8000030517578125 255.243743896484375 257.868743896484375 260.70623779296875 266.875 272.96875 273.431243896484375 264.59375 274.48126220703125 287.46875 295.931243896484375 308.712493896484375 312.193756103515625 332.375 343.51873779296875 331.337493896484375 307.57501220703125 272.431243896484375 243.037506103515625 233.600006103515625 226.5500030517578125 217.850006103515625 210.462493896484375 203.475006103515625 186.96875 173.087493896484375 168.899993896484375 155.318756103515625 148.037506103515625 142.381256103515625 138.6999969482421875 130.6687469482421875 124.00624847412109375 111.09999847412109375 95.50624847412109375 86.02500152587890625 71.2624969482421875 60.043750762939453125
210.931243896484375 211.149993896484375 214.350006103515625 217.975006103515625 221.5 228.4250030517578125 234.5187530517578125 244 249.0124969482421875 249.2375030517578125 253.4375 255.5187530517578125 260.831268310546875 260.36248779296875 252.743743896484375 270.36248779296875 277.193756103515625 285.03125 292.95623779296875 308.98748779296875 317.118743896484375 308.26873779296875 291.26873779296875 270.087493896484375 248.75 230.868743896484375 216.7687530517578125 204.712493896484375 196.4375 188.40625 180.256256103515625 169.1875 161.40625 154.412506103515625 143.6750030517578125 144.462493896484375 145.100006103515625 141.2062530517578125 133.7375030517578125 116.8625030517578125 91.66249847412109375 78.0749969482421875 71.03125 67.68125152587890625
200.8249969482421875 201.850006103515625 207.53125 212.681243896484375 215.6437530517578125 221.6624908447265625 228.993743896484375 235.0812530517578125 238.787506103515625 240.78125 242.2687530517578125 245.8625030517578125 249.993743896484375 247.225006103515625 235.9499969482421875 249.024993896484375 257.693756103515625 270.787506103515625 272.256256103515625 283.88751220703125 294.350006103515625 289.88751220703125 283.33123779296875 269.29376220703125 258.34375 242.287506103515625 227.5 212.3562469482421875 204.1437530517578125 188.25 172.1125030517578125 164.5 163.5749969482421875 150.6437530517578125 135.912506103515625 130.4499969482421875 139.5500030517578125 145.4375 134.75 114.03125 94.8562469482421875 85.2312469482421875 80.71875 71.5
193.475006103515625 192.931243896484375 198.6999969482421875 201.8125 208.8874969482421875 215.5812530517578125 220.78125 224.59375 231.3249969482421875 237.9187469482421875 238.943756103515625 241.1750030517578125 245.15625 243.15625 235.0437469482421875 221.274993896484375 234.725006103515625 252.28125 254.4499969482421875 264.274993896484375 271.9375 273.162506103515625 275 270.5 260.943756103515625 246.1999969482421875 227.462493896484375 214.5187530517578125 202.28125 194.274993896484375 180.587493896484375 165.90625 150.943756103515625 136.662506103515625 124.0437469482421875 135.3125 134.3249969482421875 135.131256103515625 129.5187530517578125 117.06874847412109375 102.59999847412109375 93.4499969482421875 83.1062469482421875 71.25
184.4875030517578125 185.9437408447265625 189.368743896484375 196.149993896484375 202.693756103515625 210.09375 214.931243896484375 220.068756103515625 221.493743896484375 225.3937530517578125 231.1437530517578125 235.837493896484375 235.818756103515625 234.381256103515625 235.3000030517578125 223.9375 207.806243896484375 221.912506103515625 234.568756103515625 241.8562469482421875 246.2937469482421875 255.056243896484375 259.75 265.75 257.20001220703125 235.4250030517578125 218.1125030517578125 204.787506103515625 199.9812469482421875 193.587493896484375 184.618743896484375 173.850006103515625 158.600006103515625 149.4499969482421875 149.8874969482421875 147.46875 148.0437469482421875 144.9375 137.09375 116.3249969482421875 101.28749847412109375 89.80625152587890625 77.50624847412109375 68.7687530517578125
173.40625 176.1999969482421875 183.506256103515625 190.756256103515625 198.350006103515625 208.2062530517578125 212.1125030517578125 216.3562469482421875 217.6374969482421875 217.1125030517578125 219.1687469482421875 226.9187469482421875 225.131256103515625 224.9812469482421875 229.0812530517578125 223.537506103515625 208.5625 193.5625 218.818756103515625 218.787506103515625 223.2062530517578125 232.09375 246.056243896484375 249.975006103515625 247.78125 227.1687469482421875 206.537506103515625 202.318756103515625 196.1125030517578125 185.5124969482421875 168.537506103515625 153.6750030517578125 165.868743896484375 162.037506103515625 156.3125 169 164.9187469482421875 147.2312469482421875 133.0500030517578125 115.2375030517578125 92.34375 79.84375 69.74375152587890625 63.13124847412109375
163.524993896484375 168.962493896484375 176.7624969482421875 185.5437469482421875 194.662506103515625 201.5437469482421875 206.84375 210.59375 213.881256103515625 215.850006103515625 215.743743896484375 212.125 211.78125 214.1875 214.0124969482421875 212.03125 211.537506103515625 192.6999969482421875 187.818756103515625 191.875 204.725006103515625 221.625 213.375 224.462493896484375 223.4187469482421875 222.350006103515625 210.5187530517578125 195.375 193.0812530517578125 181.9250030517578125 167.806243896484375 160.9562530517578125 163.212493896484375 157.118743896484375 157.25 162.4562530517578125 151.9812469482421875 134.1999969482421875 121.1999969482421875 102.33750152587890625 83.2937469482421875 69.93125152587890625 63.02500152587890625 58.59375
