data/historical-monthly-weather-data/wc2.1_cruts4.09_10m_prec_2019-01.asc
ncols        51
nrows        45
xllcorner    -63.500000000000
yllcorner    -7.500000000000
cellsize     0.166666666667
NODATA_value -9999
[rows 0 to 19 of 45, columns 0 to 44 of 51]
188.712493896484375 188.274993896484375 180.725006103515625 175.3874969482421875 168.243743896484375 163.7687530517578125 157.100006103515625 148.2375030517578125 140.28125 134.4187469482421875 130.068756103515625 126.22499847412109375 121.47499847412109375 114.0124969482421875 109.0625 105.8249969482421875 102.84999847412109375 98.90625 99.56874847412109375 100.25624847412109375 102.36875152587890625 105.7062530517578125 109.13124847412109375 112.8312530517578125 118 122.78749847412109375 129.4499969482421875 137.524993896484375 146.2375030517578125 152.100006103515625 158.1999969482421875 164.462493896484375 169.0187530517578125 175.118743896484375 180.2312469482421875 187.7062530517578125 193.087493896484375 197.5124969482421875 203.5 209.21875 214.21875 219.8125 224.381256103515625 229.368743896484375 234.625
200.056243896484375 199.3249969482421875 193.9812469482421875 188.725006103515625 184.2312469482421875 180.443756103515625 174.09375 167.8562469482421875 161.725006103515625 155.8249969482421875 149.193756103515625 142.618743896484375 135.3000030517578125 128.4562530517578125 122.2687530517578125 116.90000152587890625 112.05625152587890625 109.2687530517578125 109.21250152587890625 110.7687530517578125 114.15000152587890625 117.8249969482421875 122.1875 127.2312469482421875 131.6062469482421875 136.1750030517578125 143.212493896484375 150.818756103515625 158.2937469482421875 164.162506103515625 169.037506103515625 173.537506103515625 177.6062469482421875 184.399993896484375 188.899993896484375 194.681243896484375 202.7687530517578125 207.9375 213.412506103515625 219.056243896484375 224.9812469482421875 230.506256103515625 233.8249969482421875 238.431243896484375 242.931243896484375
208.537506103515625 208.649993896484375 204.3000030517578125 200.5812530517578125 197.8125 194.8937530517578125 190.9812469482421875 187.3625030517578125 182.2937469482421875 176.600006103515625 169.4250030517578125 161.125 152.9187469482421875 144.1999969482421875 136.6374969482421875 129.1437530517578125 123.3249969482421875 120.40625 119.59375 121.93125152587890625 126.1437530517578125 131.318756103515625 135.962493896484375 140.25 144.2375030517578125 148.256256103515625 155.1999969482421875 162.5187530517578125 168.5625 172.96875 178.3874969482421875 183.256256103515625 188.662506103515625 192.2375030517578125 198.2937469482421875 204.3125 211.993743896484375 218.8312530517578125 224.65625 229.818756103515625 236.59375 241.1999969482421875 244.65625 248.181243896484375 250.1062469482421875
214.65625 215.65625 215.3874969482421875 213.431243896484375 213.5124969482421875 208.375 207.15625 207.0812530517578125 204.818756103515625 200.875 191.9375 181.399993896484375 171.2062530517578125 161.125 152.475006103515625 143.5625 135.6374969482421875 130.9375 130.5812530517578125 134.681243896484375 141.0500030517578125 146.71875 149.7687530517578125 154.212493896484375 158.1125030517578125 161.881256103515625 168.743743896484375 173.8937530517578125 179.225006103515625 183.5625 188.09375 193.8937530517578125 198.600006103515625 202.40625 206.7937469482421875 214.7874908447265625 221.7312469482421875 229.21875 236.1812591552734375 243.0187530517578125 248.0625 253.3000030517578125 256.381256103515625 258.012481689453125 258.88751220703125
227.912506103515625 226.318756103515625 224.725006103515625 225.381256103515625 226.399993896484375 224.1999969482421875 222.5749969482421875 224.84375 226.431243896484375 224.8874969482421875 213.8562469482421875 201.5250091552734375 190.943756103515625 180.587493896484375 170.556243896484375 160.1125030517578125 150.1374969482421875 142.4375 143.7687530517578125 150.375 158.3249969482421875 163.337493896484375 166.2312469482421875 169.5124969482421875 172.4812469482421875 176.8125 180.6687469482421875 185.1062469482421875 191.9187469482421875 195.412506103515625 199.46875 202.037506103515625 207.912506103515625 213.21875 217.899993896484375 225.662506103515625 234.1687469482421875 239.993743896484375 247.625 254.4375 261.9375 265.462493896484375 268.51251220703125 268.712493896484375 267.98126220703125
237.6687469482421875 237.631256103515625 236.1875 235.1999969482421875 235.9250030517578125 234.4187469482421875 233.787506103515625 234.8000030517578125 236.8000030517578125 237.03125 226.1125030517578125 215.774993896484375 205.9187469482421875 196.850006103515625 186.6875 178.6062469482421875 168.46875 160.4250030517578125 163.912506103515625 171 176.9812469482421875 180.1750030517578125 182.9375 184.068756103515625 186.3000030517578125 189.256256103515625 193.087493896484375 196.725006103515625 202.2937469482421875 206.9187469482421875 210.2375030517578125 213.3249969482421875 217.100006103515625 222.7687530517578125 230.006256103515625 237.1875 244.943756103515625 251.774993896484375 259.962493896484375 268.431243896484375 273.79998779296875 277.774993896484375 279.54998779296875 279.65625 278.04998779296875
247.1687469482421875 247.899993896484375 247.1125030517578125 244.1937408447265625 242.4499969482421875 238.5749969482421875 237.1875 236.6999969482421875 235.9187469482421875 233.181243896484375 229.9812469482421875 224.8249969482421875 219.931243896484375 213.631256103515625 206.3125 200.5124969482421875 195.2624969482421875 194.068756103515625 197.2624969482421875 199.2375030517578125 198.0625 198.774993896484375 197.7062530517578125 197.9250030517578125 199.75 200.9187469482421875 204.193756103515625 207.9250030517578125 211.774993896484375 216.1374969482421875 221.3937530517578125 225 228.2624969482421875 232.712493896484375 238.7375030517578125 247.5749969482421875 255.25 263.08123779296875 273.92498779296875 280.837493896484375 285.26251220703125 288.60626220703125 290.1875 290.256256103515625 287.59375
258.118743896484375 255.993743896484375 254.4812469482421875 252.537506103515625 249.8562469482421875 245.9875030517578125 241.131256103515625 233.8937530517578125 228.0124969482421875 228.9562530517578125 233.0500030517578125 234.1999969482421875 234.0500030517578125 230 226.5437469482421875 223.7687530517578125 223.1750030517578125 226.962493896484375 233.4187469482421875 228.649993896484375 219.96875 216 212.725006103515625 212.1687469482421875 213.40625 213.0625 214.9812469482421875 217.818756103515625 222.587493896484375 227.6125030517578125 231.662506103515625 235.8937530517578125 238.962493896484375 243.0124969482421875 248.3249969482421875 256.8125 264.98748779296875 273.13751220703125 283.29998779296875 292.225006103515625 298.318756103515625 301.756256103515625 303.42498779296875 302.60626220703125 300.975006103515625
267.46875 265.212493896484375 263.774993896484375 260.412506103515625 258.28125 252.7937469482421875 246.84375 239.3625030517578125 230.537506103515625 229.0500030517578125 239.4250030517578125 244.7687530517578125 248.243743896484375 246.493743896484375 244.78125 243.193756103515625 243.28125 246.9812469482421875 251.5124969482421875 244.2687530517578125 232.2937469482421875 227.28125 222.6750030517578125 224.1999969482421875 224.53125 223.3312530517578125 225.087493896484375 226.7312469482421875 231.53125 237.5625 243.006256103515625 246.024993896484375 249.2312469482421875 252.2687530517578125 256.91876220703125 264.381256103515625 273.32501220703125 281.524993896484375 291.95001220703125 301.787506103515625 308.16876220703125 311.67498779296875 316.287506103515625 318.131256103515625 315.71875
276.34375 273.98748779296875 270.806243896484375 268 266.243743896484375 261.79376220703125 256.381256103515625 251.3625030517578125 247.1125030517578125 249.100006103515625 256 261.181243896484375 264.350006103515625 263.625 262.381256103515625 261.193756103515625 259.431243896484375 258.46875 256.08123779296875 249.65625 238.96875 233.975006103515625 230.693756103515625 234.162506103515625 233.0749969482421875 230.6875 232.399993896484375 234.7062530517578125 238.475006103515625 244.774993896484375 250.21875 254.40625 258.23126220703125 261.90625 266.581268310546875 272.98126220703125 280.725006103515625 289.162506103515625 299.76251220703125 310.118743896484375 319.34375 324.037506103515625 328.774993896484375 329.756256103515625 328.71875
286.35626220703125 284.04998779296875 279.431243896484375 275.90625 273.131256103515625 270.256256103515625 266.993743896484375 266.17498779296875 265.837493896484375 269.45623779296875 277.412506103515625 282.34375 282.48748779296875 280.4375 278.15625 275.48748779296875 271.149993896484375 265.475006103515625 258.306243896484375 249.90625 242.4250030517578125 237.6062469482421875 237.5187530517578125 239.3625030517578125 241.2624969482421875 237.2937469482421875 238.2062530517578125 240.693756103515625 244.274993896484375 249.149993896484375 255.09375 260.84375 265.600006103515625 269.881256103515625 274.28125 281.443756103515625 288.550018310546875 295.412506103515625 307.256256103515625 319.087493896484375 328.868743896484375 332.75 338.04376220703125 340.20623779296875 339.350006103515625
293.243743896484375 290.537506103515625 286.625 284.82501220703125 282.881256103515625 280.006256103515625 278.86248779296875 282.0625 284.5 288.787506103515625 297.625 305.556243896484375 303.287506103515625 298.600006103515625 294.42498779296875 288.3125 282.04998779296875 271.28125 261.537506103515625 250.2375030517578125 241.3000030517578125 237.5124969482421875 240.4375 246.787506103515625 247.1062469482421875 240.024993896484375 240.9562530517578125 243.65625 248.3125 255.15625 261.59375 267.10626220703125 272.07501220703125 276.40625 281.0625 288.418731689453125 295.76873779296875 302.381256103515625 313.82501220703125 326.0625 335.774993896484375 339.368743896484375 340.618743896484375 340.399993896484375 336.693756103515625
301.212493896484375 299.08123779296875 295.95001220703125 293.79998779296875 292.162506103515625 292.256256103515625 292.506256103515625 295.256256103515625 299.26873779296875 305.26251220703125 314.13751220703125 323 321.837493896484375 313.33123779296875 307.5 300.024993896484375 290.95001220703125 279.743743896484375 267.443756103515625 253.6750030517578125 238.59375 236.3249969482421875 241.5500030517578125 245.4375 240.6875 235.2312469482421875 240.774993896484375 247.15625 252.84375 260.743743896484375 267.82501220703125 273.29376220703125 277.431243896484375 281.5 285.98126220703125 293.368743896484375 300.20623779296875 306.76873779296875 317.11248779296875 328.600006103515625 339.51873779296875 341.600006103515625 335.881256103515625 329.48126220703125 323.556243896484375
306.58123779296875 305.54998779296875 302.881256103515625 301.32501220703125 300.79376220703125 300.024993896484375 301.662506103515625 307.33123779296875 312.20001220703125 318.70623779296875 324.912506103515625 331.54998779296875 330.0625 325.07501220703125 316.57501220703125 309.53125 298.91876220703125 287.59375 273.899993896484375 260.39373779296875 247.8125 243.4499969482421875 242.743743896484375 243.7937469482421875 238.850006103515625 236.162506103515625 242.5 249.6999969482421875 257.931243896484375 265.962493896484375 273.443756103515625 279.26251220703125 282.48748779296875 285.17498779296875 289.92498779296875 296.79376220703125 304.125 311.66876220703125 320.07501220703125 328.537506103515625 334.868743896484375 327.6875 323.056243896484375 321.693756103515625 319.524993896484375
309.600006103515625 308.943756103515625 307.587493896484375 306.693756103515625 308.03125 308.631256103515625 312.08123779296875 316.96875 321.71875 326.88751220703125 333.274993896484375 337.98126220703125 337.837493896484375 334.23126220703125 325.20001220703125 316.71875 305.631256103515625 292.51873779296875 279.71875 268.587493896484375 257.912506103515625 250.225006103515625 247.1750030517578125 246.0187530517578125 244.506256103515625 243.59375 249.274993896484375 257.10626220703125 264.90625 273.681243896484375 280.32501220703125 284.21875 288.08123779296875 289.337493896484375 292.51251220703125 298.556243896484375 307.024993896484375 316.25 323.225006103515625 322.131256103515625 316.28125 313.20001220703125 315.89373779296875 317.90625 313.41876220703125
310.693756103515625 309.975006103515625 309.662506103515625 309.64373779296875 312.100006103515625 313.806243896484375 318.087493896484375 322.90625 327.056243896484375 333.23748779296875 339.83123779296875 344.493743896484375 345.193756103515625 342.15625 333.875 321.25 310.70001220703125 297.98126220703125 284.756256103515625 274.41876220703125 266.618743896484375 259.15625 254.118743896484375 252.3125 250.9812469482421875 250.78125 255.6875 264.70001220703125 273.78125 283.25 289.57501220703125 291.90625 291.07501220703125 290.850006103515625 292.024993896484375 300.82501220703125 310.350006103515625 318.524993896484375 322.993743896484375 317.443756103515625 305.46875 303.725006103515625 309.012481689453125 310.14373779296875 307.162506103515625
308.837493896484375 308.95623779296875 308.4375 309.850006103515625 313.850006103515625 316.40625 321.556243896484375 326.618743896484375 331.524993896484375 337.32501220703125 345 350.92498779296875 352.149993896484375 349.54376220703125 341.381256103515625 329.13751220703125 311.693756103515625 298.61248779296875 288.01251220703125 280.79998779296875 273.318756103515625 266.899993896484375 261.14373779296875 258.399993896484375 258.306243896484375 257.475006103515625 261.63751220703125 270.88751220703125 282.25 293.068756103515625 300.42498779296875 301.631256103515625 297.26873779296875 292.881256103515625 295.46875 304.850006103515625 313.46875 323.73126220703125 332.243743896484375 321.943756103515625 309.337493896484375 304.943756103515625 304.40625 304.625 302.20001220703125
305.75 306.225006103515625 306.08123779296875 308.71875 312.41876220703125 316.556243896484375 322.36248779296875 327.931243896484375 333.16876220703125 339.9375 346.20623779296875 354.649993896484375 357.399993896484375 355.21875 346.287506103515625 331.95001220703125 313.837493896484375 296.70623779296875 290.65625 284.856231689453125 279.9375 273.8125 267.875 265.15625 264.28125 264.399993896484375 266.850006103515625 277.95001220703125 292.056243896484375 304.625 310.11248779296875 303.287506103515625 297.443756103515625 294.462493896484375 294.82501220703125 303.48748779296875 315.71875 326.225006103515625 330.60626220703125 326.67498779296875 314.59375 306.818756103515625 303.79376220703125 303.131256103515625 300.3125
298.725006103515625 299.993743896484375 300.975006103515625 305.09375 310.118743896484375 315.21875 319.881256103515625 327.006256103515625 333.54998779296875 340.881256103515625 347.3125 353.100006103515625 358.14373779296875 360.88751220703125 349.8125 331.54998779296875 311.36248779296875 294.225006103515625 284.912506103515625 282.8125 282.524993896484375 279.556243896484375 269.475006103515625 269.337493896484375 269.42498779296875 271.306243896484375 276.881256103515625 286.162506103515625 300.71875 314.04998779296875 320.38751220703125 308.962493896484375 298.600006103515625 288.600006103515625 285.993743896484375 297.98126220703125 312.51873779296875 322.743743896484375 330.024993896484375 327.54998779296875 318.337493896484375 308.67498779296875 303.818756103515625 302.89373779296875 299.36248779296875
290.70623779296875 292.162506103515625 293.943756103515625 297.17498779296875 303.412506103515625 311.162506103515625 317.4375 323.79998779296875 330.65625 338.13751220703125 343.993743896484375 350.006256103515625 358.76873779296875 366.63751220703125 350.34375 324.850006103515625 302.131256103515625 290.20001220703125 282.71875 280.118743896484375 278.08123779296875 273 269.443756103515625 270.21875 272.29376220703125 276.91876220703125 283.09375 293.01873779296875 303.118743896484375 311.350006103515625 314.13751220703125 305.21875 292.149993896484375 277.84375 272.149993896484375 286.29998779296875 307.95623779296875 325.45001220703125 333.73748779296875 332.83123779296875 323.75 310.9375 306.86248779296875 305.006256103515625 300.35626220703125
