data/historical-monthly-weather-data/wc2.1_cruts4.09_10m_prec_1990-06.asc
ncols        51
nrows        45
xllcorner    -63.500000000000
yllcorner    -7.500000000000
cellsize     0.166666666667
NODATA_value -9999
[rows 0 to 18 of 45, columns 0 to 43 of 51]
258.84375 247.2375030517578125 244.0124969482421875 250.068756103515625 252.8562469482421875 259.33123779296875 261.10626220703125 261.337493896484375 257.712493896484375 262.98126220703125 270.631256103515625 274.51873779296875 278.78125 279.71875 279.118743896484375 280.04376220703125 278.38751220703125 275.48126220703125 272.01251220703125 271.537506103515625 274.33123779296875 268.443756103515625 264.08123779296875 256.506256103515625 250.9499969482421875 246.806243896484375 246.181243896484375 247.7062530517578125 242.193756103515625 235.962493896484375 224.725006103515625 220.03125 218.65625 212.993743896484375 207.96875 203.4250030517578125 198.2687530517578125 194.850006103515625 187.8312530517578125 183.21875 181.631256103515625 185.2687530517578125 182.4875030517578125 181.9250030517578125
252.4250030517578125 241.2937469482421875 243.15625 247.037506103515625 253.306243896484375 259.193756103515625 260.443756103515625 259.912506103515625 262.63751220703125 267.28125 271.70001220703125 273.193756103515625 269.76873779296875 268.25 265.587493896484375 264.462493896484375 260.54376220703125 255.2375030517578125 251.600006103515625 252.53125 253.274993896484375 248.3312530517578125 246.193756103515625 241.568756103515625 236.306243896484375 231.318756103515625 231.412506103515625 230.600006103515625 226.381256103515625 216.806243896484375 210.1374969482421875 209.806243896484375 206.5500030517578125 203.09375 199.9250030517578125 192.1374969482421875 187.7624969482421875 182.90625 176.524993896484375 172.6062469482421875 173.2375030517578125 169.0437469482421875 171.3874969482421875 170.8125
240.9562530517578125 237.756256103515625 239.975006103515625 240.46875 247.506256103515625 255.5500030517578125 258.89373779296875 265.08123779296875 268.26251220703125 271.70623779296875 272.412506103515625 268.875 265.82501220703125 257.34375 252.0625 248.71875 242.2624969482421875 237.1875 233.7312469482421875 232.2375030517578125 233.306243896484375 233.84375 231.0500030517578125 230.868743896484375 222.931243896484375 217.125 221.1062469482421875 218.4812469482421875 211.6437530517578125 208.3625030517578125 200.4562530517578125 196.850006103515625 193.1062469482421875 191.15625 185.7562408447265625 174.4375 171.868743896484375 169.6875 164.5 161.5437469482421875 163.662506103515625 161.837493896484375 161.875 160.193756103515625
228.3000030517578125 222.3125 229.6062469482421875 235.1125030517578125 239.4187469482421875 246.875 254.618743896484375 262.256256103515625 269.024993896484375 273.73748779296875 270.53125 262.88751220703125 254.649993896484375 244.4375 238.9250030517578125 234.162506103515625 224.34375 220.2375030517578125 216.71875 221.337493896484375 220.3625030517578125 215.631256103515625 214.712493896484375 216.4812469482421875 209.0187530517578125 204.0625 205.3000030517578125 200.881256103515625 198.46875 196.412506103515625 191.318756103515625 185.412506103515625 181.2937469482421875 174.7687530517578125 169.506256103515625 167.256256103515625 164.818756103515625 160.0749969482421875 154.756256103515625 152.1062469482421875 152.8937530517578125 154.7624969482421875 154.4124908447265625 152.15625
233.5124969482421875 225.537506103515625 219.3125 226.912506103515625 237.537506103515625 241.0625 248.756256103515625 260.693756103515625 272.13751220703125 277.29998779296875 272.256256103515625 255.0437469482421875 245.2937469482421875 235.568756103515625 226.193756103515625 219.693756103515625 211.818756103515625 202.912506103515625 198.75 200.8562469482421875 199.75 198.84375 199.100006103515625 199.7687530517578125 193.431243896484375 190.306243896484375 189.125 190.53125 188.9250030517578125 183.4187469482421875 181.6875 178.600006103515625 172.537506103515625 167.5437469482421875 164.912506103515625 158.4187469482421875 155.125 152.625 146.4499969482421875 142.2375030517578125 143.3312530517578125 144.931243896484375 145.9562530517578125 146.7937469482421875
226.962493896484375 224.5124969482421875 220.2375030517578125 212.975006103515625 226.6750030517578125 240.068756103515625 244.787506103515625 253.462493896484375 267.95001220703125 274.412506103515625 263.725006103515625 247.287506103515625 237.6875 227.8000030517578125 215.9875030517578125 208.71875 199.34375 190.6750030517578125 188.78125 188.225006103515625 189.631256103515625 188.1875 187.368743896484375 183.9375 182.2062530517578125 180.6062469482421875 177.8874969482421875 179.34375 178.712493896484375 174.125 174.774993896484375 172.4875030517578125 169.212493896484375 162.7312469482421875 155.8249969482421875 154.943756103515625 148.78125 140.8125 138.506256103515625 139.25 137.256256103515625 139.96875 139.2062530517578125 139.53125
225.9375 222.2375030517578125 219.625 217.0812530517578125 216.162506103515625 219.5 224.2624969482421875 238.193756103515625 243.6687469482421875 248.868743896484375 244.6125030517578125 232.681243896484375 226.881256103515625 219.9499969482421875 209.087493896484375 200.381256103515625 192.9875030517578125 184.556243896484375 177.71875 177.40625 174.024993896484375 173.5812530517578125 171.975006103515625 171.962493896484375 174.600006103515625 173.4499969482421875 170.375 169.65625 168.9812469482421875 171.25 167.5 162.7375030517578125 158.100006103515625 155.5625 153.681243896484375 148.25 138.8562469482421875 133.600006103515625 130.662506103515625 132.131256103515625 130.1437530517578125 131.34375 132.8125 133.3562469482421875
222.3625030517578125 215.5749969482421875 214.2687530517578125 218.162506103515625 218.1312408447265625 224.068756103515625 217.5812530517578125 212.3874969482421875 208.3562469482421875 216.506256103515625 220.5437469482421875 217.2375030517578125 214.7937469482421875 208.818756103515625 202.9875030517578125 194.65625 184.03125 176.5124969482421875 169.09375 162.8562469482421875 168.46875 165.568756103515625 162.881256103515625 162.537506103515625 165.21875 162.5437469482421875 160.943756103515625 160.318756103515625 160.0749969482421875 158.493743896484375 161.8312530517578125 157.03125 153.2624969482421875 149.1125030517578125 142.8312530517578125 136.8125 130.662506103515625 125.52500152587890625 120.0749969482421875 118.03749847412109375 118.0625 121.8312530517578125 120.40625 118.81874847412109375
217.21875 213.6125030517578125 209.90625 211.1374969482421875 213.15625 213.2937469482421875 215.0875091552734375 214.149993896484375 202.306243896484375 195.8625030517578125 197.056243896484375 198.4812469482421875 203.193756103515625 199.8874969482421875 195.2687530517578125 186.274993896484375 182.537506103515625 177.587493896484375 172.1062469482421875 163.131256103515625 157.431243896484375 161.524993896484375 154.9250030517578125 159.3125 157.90625 156.274993896484375 154.850006103515625 156.125 159.4812469482421875 157.118743896484375 160.7125091552734375 149.7062530517578125 140.125 134.78125 132.9375 132.2375030517578125 128.693756103515625 125.375 119.8874969482421875 114.8249969482421875 111.6687469482421875 110.21875 113.68125152587890625 111.9562530517578125
212.65625 210.618743896484375 207.71875 208.4562530517578125 209.443756103515625 208.4187469482421875 208.7687530517578125 204.443756103515625 200.743743896484375 196.037506103515625 190.9562530517578125 183.256256103515625 190.03125 190.787506103515625 188.3249969482421875 183.3249969482421875 177.1687469482421875 178.100006103515625 173.7062530517578125 168.462493896484375 159.53125 155.4375 147.4812469482421875 149.056243896484375 146.556243896484375 148.2624969482421875 147.943756103515625 147.8000030517578125 148.0749969482421875 150.006256103515625 151.100006103515625 143.9562530517578125 138.4187469482421875 133.837493896484375 128.4875030517578125 126.05625152587890625 124.58750152587890625 123.18125152587890625 119.4875030517578125 118.33750152587890625 116.78749847412109375 114.8000030517578125 109.2937469482421875 102.96250152587890625
210.9124908447265625 207.7312469482421875 204.6374969482421875 203.649993896484375 202.28125 203.8625030517578125 199.412506103515625 195.537506103515625 194.625 192.443756103515625 190.024993896484375 183.506256103515625 179.662506103515625 181.506256103515625 178.9562530517578125 176 171.649993896484375 168.8562469482421875 168.8249969482421875 169.8125 170.3937530517578125 161.337493896484375 147.118743896484375 134.1437530517578125 137.5500030517578125 146.4562530517578125 147.6875 144.6999969482421875 141.7312469482421875 141.6687469482421875 141.9375 137.868743896484375 134.3625030517578125 130.787506103515625 126.77500152587890625 121.8312530517578125 120.5124969482421875 117.7687530517578125 119.0124969482421875 116.47499847412109375 113.97499847412109375 109.9375 107.19374847412109375 97.6437530517578125
204.943756103515625 203.0124969482421875 202.96875 198.96875 198.225006103515625 196.243743896484375 197.024993896484375 195.006256103515625 193.125 185.84375 186.0500030517578125 182.181243896484375 170.9875030517578125 172.181243896484375 174.84375 171.25 167.1750030517578125 166.125 168.118743896484375 175.5812530517578125 177.2062530517578125 169.90625 153.9875030517578125 136.443756103515625 134.118743896484375 135.881256103515625 134.78125 135.318756103515625 136.4187469482421875 134.662506103515625 129.4875030517578125 129.3625030517578125 127.43125152587890625 122.27500152587890625 121.31874847412109375 121.0437469482421875 121.74375152587890625 120.3000030517578125 115.41249847412109375 116.0187530517578125 113.96250152587890625 109.02500152587890625 98.7687530517578125 84.44374847412109375
202.993743896484375 199.875 198 194.181243896484375 194.375 190.618743896484375 189.875 188.53125 184.1875 180.443756103515625 179.15625 177.556243896484375 172.4499969482421875 161.6437530517578125 160.59375 161.125 159.287506103515625 160.8937530517578125 157.8937530517578125 163.837493896484375 168.7687530517578125 162.84375 151.7312469482421875 137.84375 126.69374847412109375 125.8562469482421875 128.0625 129.818756103515625 132.21875 132.7687530517578125 126.6437530517578125 121.78749847412109375 122.6750030517578125 116.6062469482421875 115.3874969482421875 117.18125152587890625 121.49375152587890625 122.69374847412109375 125.2375030517578125 121.59375 113.7375030517578125 106.9250030517578125 91.9187469482421875 80.1750030517578125
199 196.3312530517578125 193.100006103515625 189.9375 186.6437530517578125 184.6812591552734375 181.9875030517578125 182.243743896484375 180.193756103515625 175.0625 172.743743896484375 167.5500030517578125 164.53125 158.056243896484375 146.84375 150.4812469482421875 148.21875 147.649993896484375 147.28125 151.4499969482421875 154.681243896484375 150.125 142.1875 135.2375030517578125 128.318756103515625 123.0625 121.34999847412109375 120.93125152587890625 122.44374847412109375 122.25 121.6374969482421875 118.77500152587890625 117.0749969482421875 115.7312469482421875 111.84375 118.6687469482421875 126.6999969482421875 132.0437469482421875 134.7687530517578125 128.1125030517578125 109.7624969482421875 98.0749969482421875 93.0437469482421875 92.125
190.3125 188.274993896484375 187.431243896484375 185.7687530517578125 182.1437530517578125 179.912506103515625 178.7062530517578125 176.8312530517578125 174.1125030517578125 170.5187530517578125 166.443756103515625 162.0812530517578125 158.09375 150.0749969482421875 137.2375030517578125 138.7937469482421875 138.056243896484375 140.5625 137.25 139.4812469482421875 143.6999969482421875 141.0812530517578125 137.993743896484375 134.5625 133.087493896484375 129.0749969482421875 127.2687530517578125 125.3874969482421875 127.2687530517578125 122.3625030517578125 116.61875152587890625 116.3125 119.53125 113.875 106.7375030517578125 108.19374847412109375 123.1437530517578125 137.59375 138.4499969482421875 128.868743896484375 118.2687530517578125 111.1437530517578125 108.9250030517578125 99.6125030517578125
184.1750030517578125 180.4562530517578125 179.899993896484375 176.662506103515625 176.8312530517578125 175.600006103515625 173.162506103515625 170.006256103515625 169.7937469482421875 169.625 165.287506103515625 159.8000030517578125 155.4875030517578125 147.7937469482421875 136.962493896484375 123.69374847412109375 126.18125152587890625 131.475006103515625 128.75 130.318756103515625 133.056243896484375 132.9937591552734375 133.8249969482421875 135.0812530517578125 134.4562530517578125 131.243743896484375 127.36875152587890625 126.7937469482421875 126.2937469482421875 126.7375030517578125 123.09999847412109375 118.2312469482421875 111.3249969482421875 104.3562469482421875 98.5749969482421875 113.5812530517578125 119.99375152587890625 129.71875 136.306243896484375 137.068756103515625 134.225006103515625 127.05625152587890625 115.90625 101.77500152587890625
176.46875 174.4812469482421875 171.8937530517578125 172.037506103515625 171.899993896484375 171.600006103515625 169.193756103515625 167.350006103515625 163.431243896484375 161.6062469482421875 160.7937469482421875 156.943756103515625 150.0124969482421875 142.712493896484375 137.4187469482421875 125.6374969482421875 112.2312469482421875 116.11875152587890625 119.21250152587890625 119.78125 120.83750152587890625 124.27500152587890625 126.33124542236328125 132.6999969482421875 132.5625 125.6374969482421875 122.3000030517578125 121.2624969482421875 125.1687469482421875 126.83750152587890625 126.69374847412109375 125.02500152587890625 118.18125152587890625 115.46250152587890625 120.59375 125.43125152587890625 134.225006103515625 141.3625030517578125 147.71875 140.787506103515625 138.21875 126.78749847412109375 111.5625 100.77500152587890625
166.9812469482421875 166.125 166.96875 167.3312530517578125 167.899993896484375 169.53125 166.3312530517578125 163.743743896484375 159.962493896484375 155.2624969482421875 152.193756103515625 151.131256103515625 143.6687469482421875 137.725006103515625 134.618743896484375 126.33750152587890625 113.6062469482421875 102.125 112.07500457763671875 109.19374847412109375 110.1062469482421875 113.46250152587890625 119.81874847412109375 125.03749847412109375 128.037506103515625 121.68125152587890625 116.3625030517578125 120.5187530517578125 123.61875152587890625 122.71875 117.0625 112.1875 125.7312469482421875 127.41249847412109375 128.2937469482421875 147.0749969482421875 153.1437530517578125 147.3562469482421875 146.65625 141.681243896484375 127.30625152587890625 114.33750152587890625 102.40000152587890625 94.8312530517578125
158.5812530517578125 160.1374969482421875 161.2312469482421875 162.7312469482421875 164.3499908447265625 163.4499969482421875 161.337493896484375 158.412506103515625 156.368743896484375 153.7062530517578125 149.4499969482421875 141.306243896484375 135.5812530517578125 131.8874969482421875 126.6750030517578125 120.78749847412109375 116.21250152587890625 102.6125030517578125 97.0500030517578125 96.53125 101.56874847412109375 108.7687530517578125 104.0749969482421875 112.5124969482421875 115.81874847412109375 119.61875152587890625 119.1875 117.15625 122.6999969482421875 121.6125030517578125 118.11875152587890625 119.3562469482421875 125.875 125.98125457763671875 131.8874969482421875 144.71875 145 138.350006103515625 136.618743896484375 127.6750030517578125 115.31874847412109375 101.15000152587890625 94.21875 90.2687530517578125
