data/historical-monthly-weather-data/wc2.1_cruts4.09_10m_prec_1977-02.asc
ncols        45
nrows        45
xllcorner    -63.500000000000
yllcorner    -7.500000000000
cellsize     0.166666666667
NODATA_value -9999
[rows 0 to 19 of 45, columns 0 to 44 of 45]
100.8937530517578125 99.52500152587890625 99.40625 101.31874847412109375 102.03749847412109375 105.9875030517578125 109.13124847412109375 110.4187469482421875 111.4187469482421875 114.40000152587890625 120.11875152587890625 124.25624847412109375 127.6687469482421875 126.71250152587890625 126.3562469482421875 126.08750152587890625 126.6125030517578125 124.06874847412109375 124.88124847412109375 126.3625030517578125 128.9812469482421875 131.8249969482421875 136.1062469482421875 139.5437469482421875 143.631256103515625 148.181243896484375 152.006256103515625 155.881256103515625 160.662506103515625 167.193756103515625 175.1062469482421875 183.7624969482421875 191.4250030517578125 199.7937469482421875 209.09375 217.212493896484375 223.3312530517578125 228.662506103515625 233.28125 235.7062530517578125 239.3562469482421875 241.868743896484375 242.3625030517578125 246.09375 246.412506103515625
103.03125 101.03749847412109375 101.78125 102.53125 104.0124969482421875 109.3562469482421875 113.43125152587890625 117.96875 122.5437469482421875 126.77500152587890625 131.537506103515625 133.931243896484375 135.618743896484375 135.631256103515625 134.6937408447265625 133.493743896484375 133.024993896484375 131.5124969482421875 131.8249969482421875 132.618743896484375 134.787506103515625 138.181243896484375 142.46875 146.34375 150.256256103515625 155.475006103515625 159.475006103515625 164.337493896484375 169.381256103515625 175.912506103515625 182.5187530517578125 191.78125 200.443756103515625 210.4875030517578125 219.806243896484375 227.837493896484375 234.318756103515625 239.2937469482421875 243.3249969482421875 245.3000030517578125 248.1125030517578125 249.7687530517578125 249.350006103515625 251.631256103515625 251.28125
107.24375152587890625 105.50624847412109375 106.15625 107.31874847412109375 109.50624847412109375 114.77500152587890625 120.7624969482421875 127.76250457763671875 134.774993896484375 139.787506103515625 143.2937469482421875 144.5124969482421875 144.818756103515625 143.7062530517578125 141.693756103515625 139.681243896484375 138.1374969482421875 137.350006103515625 137.4812469482421875 138.506256103515625 141.1437530517578125 145.90625 150.0437469482421875 154.2312469482421875 159.912506103515625 164.618743896484375 169.1374969482421875 174.75 179.3312530517578125 185.5187530517578125 193.631256103515625 202.818756103515625 212.931243896484375 222.5437469482421875 233.71875 241.100006103515625 248.712493896484375 255.84375 258.875 260.84375 263 262.912506103515625 261.431243896484375 260.23748779296875 260.39373779296875
110.61875152587890625 109.3937530517578125 111.03125 112.74375152587890625 116.74375152587890625 121.58750152587890625 128.568756103515625 137.28125 146.46875 153.100006103515625 155.5187530517578125 154.3625030517578125 151.9250030517578125 149.274993896484375 147.006256103515625 144.5812530517578125 142.725006103515625 140.9375 141.7624969482421875 144.8625030517578125 148.8625030517578125 153.46875 157.381256103515625 162.28125 167.943756103515625 173.3000030517578125 179.149993896484375 184.7937469482421875 189.65625 196.993743896484375 204.8000030517578125 215.8249969482421875 225.712493896484375 236.7312469482421875 247.600006103515625 257.024993896484375 265.64373779296875 273.11248779296875 277.462493896484375 279.818756103515625 279.86248779296875 278.10626220703125 275.081268310546875 271.375 270.587493896484375
116.66249847412109375 114.31874847412109375 114.75624847412109375 117.39374542236328125 122.1999969482421875 127.94374847412109375 134.7375030517578125 145.0625 157.6374969482421875 166.993743896484375 165.556243896484375 160.9187469482421875 157.962493896484375 154.943756103515625 151.587493896484375 148.9562530517578125 147.0749969482421875 144.743743896484375 146.65625 150.8249969482421875 155.9562530517578125 159.975006103515625 164.6999969482421875 170.462493896484375 176.2687530517578125 182.506256103515625 187.2249908447265625 192.6750030517578125 200.25 208.6437530517578125 217.5625 227.53125 239.4562530517578125 251.5437469482421875 263.03125 273.45001220703125 284.056243896484375 293.13751220703125 297.83123779296875 298.78125 299.01873779296875 294.16876220703125 288.037506103515625 282.61248779296875 279.03125
121.8937530517578125 120.56874847412109375 120.5 122.3874969482421875 127 134.0187530517578125 142.256256103515625 152.931243896484375 166.649993896484375 178.381256103515625 174.4000091552734375 168.818756103515625 165.806243896484375 163.2375030517578125 160.34375 158.693756103515625 156.1374969482421875 154.0437469482421875 156.443756103515625 160.881256103515625 165.3562469482421875 169.8937530517578125 174.912506103515625 180.5500030517578125 186.1687469482421875 193.3312530517578125 198.837493896484375 204.131256103515625 211.037506103515625 219.587493896484375 228.8562469482421875 239.1125030517578125 249.993743896484375 264.375 277.23748779296875 288.32501220703125 300.1875 310.4375 316.943756103515625 318.39373779296875 316.225006103515625 309.79376220703125 302.493743896484375 295.5 287.89373779296875
127.6687469482421875 126.65625 127.1875 128.2062530517578125 132.243743896484375 138.6750030517578125 146.6687469482421875 155.318756103515625 165.837493896484375 172.5500030517578125 174.068756103515625 172.806243896484375 171.46875 170.28125 169.149993896484375 168.4250030517578125 168.056243896484375 168.2624969482421875 170.131256103515625 171.9875030517578125 174.7687530517578125 179.412506103515625 183.5749969482421875 189.34375 197.443756103515625 204.5 210.3874969482421875 216.625 221.96875 229.881256103515625 240.443756103515625 250.96875 262.993743896484375 274.60626220703125 287.631256103515625 301.568756103515625 314.068756103515625 326.287506103515625 335.743743896484375 337.54998779296875 332.875 325.743743896484375 318.006256103515625 309.60626220703125 299.493743896484375
133.2062530517578125 131.71875 132.28125 134.6374969482421875 138.46875 143.524993896484375 149.056243896484375 154.3249969482421875 159.600006103515625 165.0124969482421875 171.0187530517578125 174.875 176.6687469482421875 176.5437469482421875 176.6687469482421875 177.506256103515625 178.5500030517578125 180.9187469482421875 183.725006103515625 182.4187469482421875 183.493743896484375 187.4375 191.756256103515625 198.7375030517578125 207.625 215.4250030517578125 221.5749969482421875 227.25 233.65625 241.4499969482421875 250.3937530517578125 261.73748779296875 273.60626220703125 286.037506103515625 298.600006103515625 311.98748779296875 325.53125 338.225006103515625 347.100006103515625 350.493743896484375 348.462493896484375 342.318756103515625 334.618743896484375 324.67498779296875 315.28125
139.225006103515625 137.9375 138.443756103515625 140.8874969482421875 144.037506103515625 147.5625 152.162506103515625 155.59375 157.96875 162.8625030517578125 171.125 178.431243896484375 182.662506103515625 184.3874969482421875 184.4812469482421875 185.787506103515625 186.756256103515625 188.774993896484375 191.9375 190.125 190.4812469482421875 194.6687469482421875 199.9187469482421875 209.399993896484375 218.8249969482421875 226.8874969482421875 232.0625 237.3625030517578125 243.9875030517578125 250.962493896484375 259.800018310546875 270.556243896484375 281.649993896484375 292.943756103515625 304.85626220703125 319.08123779296875 333.08123779296875 346.162506103515625 356.82501220703125 362.39373779296875 362.5 358.26251220703125 352.98748779296875 345.16876220703125 337.58123779296875
145.21875 144.1125030517578125 145 146.837493896484375 149.2687530517578125 152.2624969482421875 156.787506103515625 160.1999969482421875 164.662506103515625 170.212493896484375 178.225006103515625 184.506256103515625 190.375 192.5124969482421875 192.743743896484375 192.350006103515625 192.0749969482421875 193.212493896484375 193.4187469482421875 192.875 195.225006103515625 200.9499969482421875 208.3625030517578125 220.3625030517578125 230.4375 238.412506103515625 243.75 247.7312469482421875 254.587493896484375 261.10626220703125 267.83123779296875 277.037506103515625 287.86248779296875 299.86248779296875 312.0625 325.98126220703125 340.23126220703125 352.568756103515625 364.17498779296875 372.96875 377.5 376.13751220703125 371.774993896484375 364.1875 359.25
150.71875 149.7062530517578125 150.5749969482421875 152.193756103515625 154.100006103515625 157.149993896484375 161.524993896484375 166.2937469482421875 172.212493896484375 179 187.443756103515625 194.1437530517578125 199.0749969482421875 201.087493896484375 200.25 198.462493896484375 196.2375030517578125 195.493743896484375 194.4812469482421875 194.524993896484375 197.6875 204.84375 215.7312469482421875 227.537506103515625 241.4187469482421875 249.4875030517578125 253.556243896484375 258.13751220703125 263.306243896484375 268.41876220703125 275.0625 283.08123779296875 292.89373779296875 304.45001220703125 317.82501220703125 332.45623779296875 345.26873779296875 359.10626220703125 371.787506103515625 381.568756103515625 388.73748779296875 388.975006103515625 387 381.70001220703125 376.774993896484375
156.6999969482421875 155.5 156.006256103515625 157.78125 160.0437469482421875 163.3937530517578125 168.0625 174.368743896484375 180.9875030517578125 188.568756103515625 197.756256103515625 204.71875 207.649993896484375 208.0500030517578125 206.787506103515625 203.743743896484375 200.84375 198.681243896484375 196.287506103515625 195.1750030517578125 198.4250030517578125 207.399993896484375 222.15625 238.0500030517578125 251.8000030517578125 258.29376220703125 260.95623779296875 264.649993896484375 269.58123779296875 275.0625 280.88751220703125 287.20001220703125 296.6875 307.3125 319.8125 334.587493896484375 349.475006103515625 363.899993896484375 377.88751220703125 389.65625 399.274993896484375 399.83123779296875 395.568756103515625 387.79998779296875 380.76251220703125
160.9875030517578125 160.1687469482421875 161.1875 162.9562530517578125 166.006256103515625 170.1374969482421875 175.774993896484375 182.2062530517578125 189.21875 198.1999969482421875 207.5 213.9562530517578125 215.756256103515625 213.7062530517578125 211.618743896484375 207.725006103515625 204.3312530517578125 202.4250030517578125 200.506256103515625 198.5437469482421875 200.0812530517578125 210.71875 227.818756103515625 243.524993896484375 254.8937530517578125 261.66876220703125 266.15625 270.100006103515625 274.443756103515625 279.54998779296875 284.881256103515625 290.45001220703125 297.90625 308.243743896484375 320.412506103515625 334.45623779296875 349.17498779296875 365.90625 382.100006103515625 396.087493896484375 409.04376220703125 408.66876220703125 399.725006103515625 388.86248779296875 378.350006103515625
164.375 163.7624969482421875 165.162506103515625 167.4562530517578125 171.2062530517578125 175.8874969482421875 182.6437530517578125 189.743743896484375 197.5124969482421875 206.256256103515625 214.8312530517578125 219.1437530517578125 219.9875030517578125 218.6437530517578125 215.0187530517578125 211.631256103515625 207.59375 206.625 205.1437530517578125 205.056243896484375 210.2937469482421875 220.912506103515625 235.4812469482421875 247.46875 257.36248779296875 264.587493896484375 269.88751220703125 273.850006103515625 278.54998779296875 281.91876220703125 286.5625 290.88751220703125 297.368743896484375 307.131256103515625 318.25 332.76873779296875 349.462493896484375 367.524993896484375 386.756256103515625 402.38751220703125 413.23126220703125 407.48748779296875 400.07501220703125 392.04376220703125 382.537506103515625
166.600006103515625 166.0437469482421875 168.1687469482421875 171.818756103515625 175.5437469482421875 181.3874969482421875 189.2062530517578125 196.600006103515625 204.8312530517578125 213.399993896484375 220.78125 224.6875 225.2624969482421875 223.8125 220.600006103515625 216.693756103515625 213.287506103515625 212.4812469482421875 212.1437530517578125 213.9312591552734375 221.3312530517578125 231.506256103515625 244.4250030517578125 254.131256103515625 262.04998779296875 269.806243896484375 274.806243896484375 277.98748779296875 281.818756103515625 284.90625 287.0625 289.11248779296875 294.96875 302.606231689453125 313.024993896484375 326.818756103515625 345.756256103515625 366.78125 386.725006103515625 400.90625 405.912506103515625 404.04376220703125 400.71875 393.743743896484375 383.53125
167.725006103515625 167.381256103515625 170.3000030517578125 174.6875 179.631256103515625 186.25 194.618743896484375 202.1750030517578125 210.912506103515625 220.2624969482421875 227.787506103515625 231.5437469482421875 232.181243896484375 230.1125030517578125 226.712493896484375 221.3249969482421875 219.0812530517578125 219.8125 220.8249969482421875 223.75 231.5124969482421875 241.725006103515625 253.556243896484375 262.475006103515625 268.1875 273.787506103515625 277.41876220703125 281.10626220703125 285.36248779296875 287.79376220703125 289.29376220703125 288.493743896484375 289.82501220703125 294.462493896484375 301.631256103515625 316.306243896484375 337.25 361.931243896484375 385.412506103515625 399.381256103515625 403.04376220703125 400.63751220703125 397.350006103515625 391.53125 380.14373779296875
167.068756103515625 167.943756103515625 171.462493896484375 176.587493896484375 182.587493896484375 189.9875030517578125 198.850006103515625 207.4499969482421875 216.625 226.506256103515625 235.3312530517578125 239.6875 240.9499969482421875 239.131256103515625 235.162506103515625 229.443756103515625 225.4875030517578125 225.90625 227.46875 231.4812469482421875 240.8312530517578125 251.53125 262.28125 269.743743896484375 274.943756103515625 277.256256103515625 278.76251220703125 283.07501220703125 288.337493896484375 291.75 291.8125 288.693756103515625 285.881256103515625 283.51251220703125 288.162506103515625 302.26251220703125 323.975006103515625 355.01873779296875 386.975006103515625 395.625 394.287506103515625 392.337493896484375 388.368743896484375 383.475006103515625 374.443756103515625
164.212493896484375 166.0625 171 177.306243896484375 183.9562530517578125 191.931243896484375 201.3312530517578125 210.6062469482421875 220.3249969482421875 230.556243896484375 240.818756103515625 247.8000030517578125 251.8312530517578125 250.9875030517578125 247.225006103515625 241.4250030517578125 234.3312530517578125 231.0500030517578125 233.7624969482421875 237.6062469482421875 248.693756103515625 258.71875 266.956268310546875 271.85626220703125 276.04998779296875 278.45001220703125 278.818756103515625 284.26251220703125 290.912506103515625 295.068756103515625 293.76251220703125 283.993743896484375 277.524993896484375 271.96875 272.04376220703125 282.04998779296875 308.35626220703125 339.681243896484375 369.1875 381.54998779296875 381.36248779296875 379.54376220703125 377.01873779296875 374 366.725006103515625
160.5500030517578125 163.556243896484375 169.318756103515625 175.837493896484375 183.4562530517578125 192.8125 202.225006103515625 212.59375 223.524993896484375 234.1437530517578125 245.875 254.381256103515625 261.4375 264.98748779296875 259.95001220703125 250.9375 242.0625 236.1999969482421875 236.524993896484375 241 253.0625 263.350006103515625 267.256256103515625 271.16876220703125 275.1875 279.14373779296875 281.61248779296875 286.8125 294.28125 299.806243896484375 298.818756103515625 285.71875 273.21875 260.15625 253.90625 264.86248779296875 290.975006103515625 320.26251220703125 346.5625 360.51251220703125 365.40625 364.037506103515625 363.774993896484375 363.04998779296875 357.6875
157.2375030517578125 160.4250030517578125 166.7750091552734375 174 182.8125 193.0124969482421875 203.6062469482421875 213.78125 225.087493896484375 236.368743896484375 248.068756103515625 258.20623779296875 269.131256103515625 278.350006103515625 270.787506103515625 256.01873779296875 243.8125 238.8125 238.40625 242.2312469482421875 250.3937530517578125 257.82501220703125 265.181243896484375 268.98748779296875 273.15625 277.57501220703125 282.25 289.08123779296875 294.78125 298.881256103515625 295.568756103515625 285.306243896484375 268.23748779296875 248.9375 235.8249969482421875 249.4562530517578125 279.212493896484375 308.33123779296875 331.318756103515625 345.693756103515625 350.506256103515625 349.14373779296875 352.556243896484375 354.45623779296875 351.07501220703125
