data/historical-monthly-weather-data/wc2.1_cruts4.09_10m_prec_1989-08.asc
ncols        45
nrows        45
xllcorner    -63.500000000000
yllcorner    -7.500000000000
cellsize     0.166666666667
NODATA_value -9999
[rows 19 to 37 of 45, columns 0 to 42 of 45]
132.556243896484375 131.725006103515625 128.4499969482421875 126.00624847412109375 122.03749847412109375 117.93125152587890625 112.5749969482421875 106.59999847412109375 102.84375 97.33750152587890625 90.96250152587890625 82.8000030517578125 72.1687469482421875 62.106250762939453125 54.02500152587890625 46.362499237060546875 38.18125152587890625 34.81874847412109375 33.16249847412109375 33.28749847412109375 32.19374847412109375 32.543750762939453125 35.18125152587890625 37.993747711181640625 39.75 40.03749847412109375 40.612499237060546875 40.081249237060546875 38.331249237060546875 35.3125 34.80625152587890625 40.356250762939453125 44.487499237060546875 49.41249847412109375 54.956249237060546875 59.25624847412109375 62.543750762939453125 65.46875 65.76874542236328125 63.55625152587890625 58.737499237060546875 54.61875152587890625 51.606250762939453125
122.53125 124.86875152587890625 124.59999847412109375 122.86875152587890625 118.0187530517578125 114.24375152587890625 110.5437469482421875 106.09375 103 97.7375030517578125 92.3562469482421875 85.625 74.8625030517578125 64.4250030517578125 55.200000762939453125 47.325000762939453125 40.012500762939453125 35.143749237060546875 34.231250762939453125 33.52500152587890625 34.53125 36.05625152587890625 37.81874847412109375 40.78125 43.53749847412109375 43.03749847412109375 41.512500762939453125 40.61875152587890625 39.78125 39.8125 41.03749847412109375 44.612499237060546875 46.75 49.49375152587890625 54.3125 58.043750762939453125 62.19374847412109375 64.84999847412109375 64.3000030517578125 62.581249237060546875 58.362499237060546875 55.0625 52.38124847412109375
116.8874969482421875 117.5437469482421875 118.5124969482421875 119.0437469482421875 116.625 112.3625030517578125 110.1999969482421875 105.19374847412109375 103.0812530517578125 98.05625152587890625 94.7687530517578125 91.03125 84.98749542236328125 74.7062530517578125 63.8125 53.018749237060546875 46.53125 41.512500762939453125 39.168750762939453125 38 36.862499237060546875 37.72499847412109375 39.6875 42.19374847412109375 43.77500152587890625 43.99375152587890625 45.61875152587890625 44.325000762939453125 43.9375 43.893749237060546875 44.731250762939453125 46.5 47.831249237060546875 50.00624847412109375 51.799999237060546875 55.33750152587890625 60.268749237060546875 64.1125030517578125 64.19374847412109375 62.03125 58.237499237060546875 54.88124847412109375 51.41249847412109375
111.7312469482421875 116.0625 118.61875152587890625 118.06874847412109375 116.8249969482421875 113.2312469482421875 108.34375 103.28749847412109375 102.8000030517578125 101.65625 101.16249847412109375 99.80625152587890625 96.93125152587890625 87.1750030517578125 73.5500030517578125 61.22499847412109375 52.137500762939453125 46.6875 43.46875 41.174999237060546875 40.231250762939453125 40.924999237060546875 42.262500762939453125 42.49375152587890625 44.83750152587890625 46.38124847412109375 47.75 47.91249847412109375 46.72499847412109375 45.643749237060546875 46.112499237060546875 47.825000762939453125 48.52500152587890625 48.768749237060546875 49.149997711181640625 50.174999237060546875 54.80625152587890625 61.22499847412109375 62.97499847412109375 60.56874847412109375 57.69374847412109375 53.9375 50.643749237060546875
110.0124969482421875 116.1875 120.3000030517578125 117.69374847412109375 115.6062469482421875 112.7375030517578125 109.9562530517578125 107.03125 103.38124847412109375 103.66249847412109375 104.2062530517578125 107.0437469482421875 106.21875 95.3312530517578125 81.24375152587890625 68.5187530517578125 58.956249237060546875 52.487499237060546875 48.174999237060546875 45.543750762939453125 44.418750762939453125 44.47499847412109375 44.450000762939453125 45.46250152587890625 46.799999237060546875 47.31874847412109375 49.625 48.65625 48.09999847412109375 47.84999847412109375 48.53125 49.52500152587890625 49.612499237060546875 48.125 47.40000152587890625 47.18125152587890625 50.65625 56.700000762939453125 59.125 57.481250762939453125 54.950000762939453125 52.03125 48.924999237060546875
110.71250152587890625 116.73749542236328125 120.44374847412109375 120.8874969482421875 119.77500152587890625 115.98125457763671875 111.91249847412109375 109.2062530517578125 107.3000030517578125 107.3312530517578125 106.3562469482421875 106.7937469482421875 105.3249969482421875 96.6875 84.69374847412109375 73.59999847412109375 64.4375 57.46875 52.52500152587890625 49.43125152587890625 48.18125152587890625 47.38124847412109375 47 47.6875 47.875 49.11875152587890625 49.59375 49.043750762939453125 48.68125152587890625 49.02500152587890625 49.47499847412109375 50.03749847412109375 49.66249847412109375 48.6875 47.3125 46.71875 49.356250762939453125 52.0625 53.950000762939453125 53.74375152587890625 52 50.08750152587890625 47.72499847412109375
114.3937530517578125 120.08750152587890625 120.5812530517578125 122.8312530517578125 120.40625 116.8125 113.03749847412109375 111.55625152587890625 107.80625152587890625 105.8625030517578125 104.97499847412109375 104.22499847412109375 101.78749847412109375 93.7624969482421875 85.0500030517578125 75.1125030517578125 67.1875 61.00624847412109375 55.46875 52.61875152587890625 51.40000152587890625 49.97499847412109375 49.69374847412109375 49.174999237060546875 48.924999237060546875 49.40000152587890625 50.081249237060546875 49.637500762939453125 49.6875 50.399997711181640625 50.61875152587890625 51.15625 49.80625152587890625 48.25 46.52500152587890625 46.78749847412109375 48.08750152587890625 48.84999847412109375 50.581249237060546875 49.950000762939453125 49.0625 47.66249847412109375 46.362499237060546875
118.7312469482421875 121.6687469482421875 122.875 123.2312469482421875 121.16249847412109375 117.58750152587890625 115.40625 111.96875 107.00624847412109375 106.30625152587890625 105.375 101.3125 97.2937469482421875 90.6125030517578125 83.71875 75.33750152587890625 68.5812530517578125 62.637500762939453125 58.125 54.3125 52.11875152587890625 51.28125 50.33750152587890625 50.543750762939453125 50.18125152587890625 49.34375 50.5625 50.512500762939453125 50.27500152587890625 50.41249847412109375 51.21875 50.97499847412109375 49.762500762939453125 47.950000762939453125 45.59999847412109375 45.66249847412109375 45.61875152587890625 46.168750762939453125 46.72499847412109375 46.237499237060546875 45.50624847412109375 44.77500152587890625 44.93125152587890625
125.33750152587890625 122.8625030517578125 123.6875 123.6999969482421875 122.41249847412109375 117.65000152587890625 115.1125030517578125 112.125 108.34999847412109375 106.25 102.5187530517578125 97.5749969482421875 93.02500152587890625 87.84375 80.91249847412109375 74.3000030517578125 68.9812469482421875 63.69374847412109375 59.575000762939453125 55.69374847412109375 53.72499847412109375 51.456249237060546875 51.356250762939453125 51.25624847412109375 50.5 49.1875 50.38124847412109375 50.956249237060546875 51.143749237060546875 51.34375 51.293750762939453125 50.65000152587890625 49.112499237060546875 46.53125 44.924999237060546875 44.09999847412109375 43.293750762939453125 43.30625152587890625 44.0625 44.16249847412109375 43.462497711181640625 43.53749847412109375 43.862499237060546875
127.59375 127.1750030517578125 125.27500152587890625 124.4499969482421875 120.30625152587890625 116.16249847412109375 112.31874847412109375 108.2375030517578125 107.1875 103.46875 99.60625457763671875 94.09999847412109375 89.0812530517578125 84.4187469482421875 78.7624969482421875 73.0124969482421875 68.8562469482421875 64.53125 60.606250762939453125 57.22499847412109375 54.987499237060546875 52.71875 52.00624847412109375 51.200000762939453125 50.793750762939453125 49.206249237060546875 50.56874847412109375 51.012500762939453125 51.09375 51.09999847412109375 50.700000762939453125 50.262500762939453125 47.65625 44.581249237060546875 42.893749237060546875 42.8125 42.331249237060546875 42.1875 42.893749237060546875 42.512500762939453125 41.16249847412109375 41.543750762939453125 42.59375
127.13124847412109375 127.1437530517578125 124.36875152587890625 120.1687469482421875 116.8625030517578125 113.40625 109.1875 107.1062469482421875 104.28125 99.97499847412109375 96.78749847412109375 91.9812469482421875 86.69374847412109375 81.4812469482421875 76.34375 71.0749969482421875 66.3249969482421875 63.5625 61.15625 56.793750762939453125 54.36875152587890625 52.987499237060546875 52.28749847412109375 51.34999847412109375 50.5 50.25624847412109375 50.56874847412109375 50.9375 50.15000152587890625 49.66249847412109375 49.34999847412109375 48.99375152587890625 46.362499237060546875 43.75624847412109375 42.02500152587890625 41.293750762939453125 41.90000152587890625 42.03125 42.125 42.78749847412109375 42.5 42.38124847412109375 41.9375
125.7687530517578125 124.11875152587890625 118.97499847412109375 116.4187469482421875 115.9875030517578125 111.65625 108.1125030517578125 104.24375152587890625 100.5500030517578125 96.5124969482421875 92.6062469482421875 89.68125152587890625 85.83750152587890625 80.4812469482421875 74.00624847412109375 68.86875152587890625 65.3937530517578125 62.862499237060546875 60.90000152587890625 57.356250762939453125 54.68125152587890625 51.84375 50.799999237060546875 50.231250762939453125 49.59375 49.93125152587890625 49.612499237060546875 50.30625152587890625 50.1875 49.612499237060546875 49.174999237060546875 48.09375 45.168750762939453125 42.762500762939453125 41.72499847412109375 40.768749237060546875 41.0625 41.231250762939453125 42.3125 43.825000762939453125 43.549999237060546875 41.793750762939453125 40.53749847412109375
122.9562530517578125 121.3312530517578125 116.00624847412109375 112.88124847412109375 112.8874969482421875 108.8312530517578125 104.8249969482421875 99.9187469482421875 96.80625152587890625 93.56874847412109375 89.9499969482421875 86.2937469482421875 81.4812469482421875 77.18125152587890625 71.86249542236328125 68.55625152587890625 64.38124847412109375 61.518749237060546875 58.75 55.950000762939453125 53.731250762939453125 52.21875 50.168750762939453125 48.700000762939453125 48.637500762939453125 48.924999237060546875 48.825000762939453125 49.643749237060546875 49.356250762939453125 48.30625152587890625 48.043750762939453125 46.512500762939453125 43.918750762939453125 41.981250762939453125 39.80625152587890625 38.71250152587890625 38.94374847412109375 39.36875152587890625 40.65625 42.08750152587890625 41.81874847412109375 39.96875 39.30625152587890625
114.6437530517578125 112.2937469482421875 108.74375152587890625 107.11875152587890625 105.21875 101.3249969482421875 99.0625 95.7687530517578125 92.03125 89.94374847412109375 88.6687469482421875 83.27500152587890625 77.83750152587890625 74.27500152587890625 69.47499847412109375 66.5812530517578125 62.737499237060546875 60.362499237060546875 57.4375 54.59375 52.424999237060546875 50.625 48.9375 48.77500152587890625 48.61875152587890625 48.075000762939453125 48.081249237060546875 47.43125152587890625 47.49375152587890625 46.40000152587890625 46.231250762939453125 44.78749847412109375 42.30625152587890625 40.09999847412109375 38.143749237060546875 37.018749237060546875 36.99375152587890625 36.950000762939453125 37.875 38.924999237060546875 38.34375 37.206249237060546875 36.44374847412109375
105.875 105.1687469482421875 102.2624969482421875 102.1875 97.5 95.33750152587890625 94.41249847412109375 91.8937530517578125 88.3125 85.6750030517578125 83.63124847412109375 79.46875 75.2687530517578125 69.1437530517578125 66.0500030517578125 62.637500762939453125 60.19374847412109375 57.418750762939453125 54.46875 52.34999847412109375 50.68125152587890625 49.106250762939453125 47.931247711181640625 47.268749237060546875 47.518749237060546875 47.299999237060546875 47.03749847412109375 46.00624847412109375 46.50624847412109375 45.8125 45.206249237060546875 43.65625 40.59999847412109375 37.88124847412109375 36.237499237060546875 35.08750152587890625 34.825000762939453125 34.34999847412109375 34.924999237060546875 35.02500152587890625 35.19374847412109375 34.59999847412109375 33.65625
98.7375030517578125 97.58750152587890625 96.02500152587890625 94.1750030517578125 91.9375 90.2312469482421875 89.15000152587890625 87.40000152587890625 82.81874847412109375 81.1999969482421875 79.27500152587890625 76.3000030517578125 71.05625152587890625 66.69374847412109375 63.643749237060546875 61.09999847412109375 58.59375 55.71875 52.831249237060546875 50.799999237060546875 49.518749237060546875 47.81874847412109375 46.237499237060546875 46.112499237060546875 45.99375152587890625 46.15000152587890625 45.72499847412109375 44.86875152587890625 45.38124847412109375 44.93125152587890625 43.53125 41.600002288818359375 38.69374847412109375 35.75624847412109375 33.84375 32.643749237060546875 31.662500381469726562 31.475000381469726562 31.949998855590820312 31.850000381469726562 31.418750762939453125 30.887500762939453125 30.475000381469726562
91.6750030517578125 91.19374847412109375 89.09999847412109375 87.19374847412109375 85.78125 83.1687469482421875 81.4499969482421875 78.94374847412109375 75.7937469482421875 74.86875152587890625 74.8312530517578125 71.91249847412109375 69.1687469482421875 65.69374847412109375 63.02500152587890625 60.94374847412109375 57.71875 55.549999237060546875 52.09999847412109375 49.831249237060546875 48.94374847412109375 48.456249237060546875 46.793750762939453125 46.72499847412109375 46.16249847412109375 45.71250152587890625 44.86875152587890625 45.05625152587890625 44.375 43.31874847412109375 41.90000152587890625 40.106250762939453125 36.22499847412109375 33.77500152587890625 31.487499237060546875 29.712499618530273438 29.306249618530273438 29.006250381469726562 28.850000381469726562 29.081249237060546875 28.700000762939453125 28.78125 27.862499237060546875
82.5625 82.27500152587890625 80.4812469482421875 79.6062469482421875 78.66249847412109375 76.8937530517578125 75.38124847412109375 73.9187469482421875 70.44374847412109375 68.33124542236328125 70.83124542236328125 71.3562469482421875 69.8937530517578125 66.5187530517578125 64.28125 60.8125 57.34999847412109375 54.6875 51.825000762939453125 49.03125 48.34999847412109375 48.08750152587890625 46.93125152587890625 47.05625152587890625 46.856250762939453125 45.575000762939453125 45.018749237060546875 44.59375 42.84999847412109375 41.74375152587890625 40.674999237060546875 38.47499847412109375 34.93125152587890625 31.756250381469726562 29.393749237060546875 27.881250381469726562 27.350000381469726562 27.174999237060546875 26.787500381469726562 26.899999618530273438 26.356250762939453125 26.418750762939453125 25.581249237060546875
75.4187469482421875 75.71250152587890625 73.6437530517578125 73.99375152587890625 73.7062530517578125 71.7312469482421875 70.3000030517578125 68.6875 67.0187530517578125 64.9875030517578125 71.3249969482421875 72.9187469482421875 69.9562530517578125 68.125 65.9812469482421875 61.856250762939453125 57.362499237060546875 53.94374847412109375 52.05625152587890625 49.231250762939453125 48.53125 47.71875 46.90000152587890625 47.03125 46.96875 46.33750152587890625 45.68125152587890625 45.018749237060546875 43.52500152587890625 41.80625152587890625 39.825000762939453125 38.21875 34.918750762939453125 30.618749618530273438 27.737499237060546875 25.96875 25.987499237060546875 25.950000762939453125 25.756250381469726562 25.737499237060546875 24.274999618530273438 23.787500381469726562 23.243749618530273438
