data/historical-monthly-weather-data/wc2.1_cruts4.09_10m_prec_1952-07.asc
ncols        45
nrows        45
xllcorner    -63.500000000000
yllcorner    -7.500000000000
cellsize     0.166666666667
NODATA_value -9999
[rows 0 to 18 of 45, columns 0 to 42 of 45]
264.875 257.731231689453125 253.0437469482421875 253.693756103515625 250.693756103515625 249.162506103515625 247.4812469482421875 243.4499969482421875 244.4187469482421875 247.4187469482421875 245.912506103515625 243.6374969482421875 240.0437469482421875 240.1062469482421875 240.90625 239.125 236.9499969482421875 229.962493896484375 225.0437469482421875 223.225006103515625 222.1687469482421875 215.4250030517578125 210.21875 205.2375030517578125 202.649993896484375 196.431243896484375 192.8937530517578125 189.818756103515625 184.46875 182.274993896484375 172.75 167.90625 168.725006103515625 166.181243896484375 163.3249969482421875 158.9812469482421875 151.7062530517578125 152.493743896484375 146.1374969482421875 141.037506103515625 141.225006103515625 142.568756103515625 139.5500030517578125
250.84375 243.2062530517578125 238.8000030517578125 240.125 239.881256103515625 238.7624969482421875 236.5437469482421875 234.318756103515625 235.3125 235.368743896484375 233.256256103515625 229.368743896484375 225.6437530517578125 223.337493896484375 220.868743896484375 218.881256103515625 215.693756103515625 210.243743896484375 206.962493896484375 204.2375030517578125 197.4499969482421875 194.774993896484375 191.5187530517578125 190.962493896484375 184.256256103515625 179.96875 178.256256103515625 177.056243896484375 171.5749969482421875 166.318756103515625 161.5124969482421875 161.712493896484375 161.59375 162.5500030517578125 160.837493896484375 154.037506103515625 147.193756103515625 145.4375 138.712493896484375 135.368743896484375 136.8625030517578125 135.5124969482421875 133.6999969482421875
222.806243896484375 221.431243896484375 222.2312469482421875 221.318756103515625 219.09375 216.587493896484375 216.100006103515625 218.1374969482421875 219.9812469482421875 219.587493896484375 217.2562408447265625 211.600006103515625 209.84375 203.8000030517578125 200.037506103515625 196.756256103515625 194.28125 189.068756103515625 184.6750030517578125 183.306243896484375 177.3249969482421875 175.556243896484375 173.962493896484375 172.587493896484375 168.631256103515625 162.8562469482421875 166.4499969482421875 165.09375 161.931243896484375 158.8000030517578125 155.03125 150.131256103515625 151.0812530517578125 154.53125 148.1999969482421875 140.725006103515625 137.524993896484375 137.524993896484375 130.618743896484375 127.9250030517578125 128.4187469482421875 128.0812530517578125 125.16249847412109375
198.212493896484375 194.1437530517578125 198.5687408447265625 202.1999969482421875 199.2062530517578125 195.3375091552734375 194.0812530517578125 198.993743896484375 203.75 204.7375030517578125 198.71875 193.1999969482421875 189.899993896484375 187.90625 182.1062469482421875 176.5812530517578125 172.25 168.2375030517578125 166.287506103515625 168.6062469482421875 164.3000030517578125 158.34375 156.212493896484375 156.7312469482421875 154.6999969482421875 151.15625 152.1875 148.756256103515625 149.375 151.3625030517578125 148.7062530517578125 143.8125 140.4499969482421875 138.15625 133.75 133.71875 132.6999969482421875 127.21875 122.65000152587890625 119.38124847412109375 121.52500152587890625 122.9812469482421875 120.3937530517578125
195.131256103515625 183.5124969482421875 174.4875030517578125 177.875 181.5124969482421875 177.350006103515625 178.2687530517578125 182.318756103515625 185.600006103515625 185.162506103515625 184.1999969482421875 177.912506103515625 174.493743896484375 171.2312469482421875 165.212493896484375 160.068756103515625 155.006256103515625 152.4187469482421875 147.7375030517578125 148.556243896484375 147.131256103515625 141.787506103515625 138.774993896484375 143.2624969482421875 141.1750030517578125 137.90625 137.443756103515625 139.837493896484375 140.375 138.8625030517578125 138.462493896484375 136.6875 135.75 132.3625030517578125 127.9812469482421875 123.2937469482421875 121.99375152587890625 119.53749847412109375 114.43125152587890625 112.84375 113.9875030517578125 112.5500030517578125 112.94374847412109375
179.5812530517578125 174.03125 167.756256103515625 153.3312530517578125 159.431243896484375 167.193756103515625 167.75 169.4250030517578125 174.125 173.100006103515625 170.2687530517578125 165.712493896484375 163.0812530517578125 156.3000030517578125 153.087493896484375 148.399993896484375 141.631256103515625 136.25 133.8625030517578125 135.162506103515625 133.5187530517578125 130.5500030517578125 129.8937530517578125 129.4875030517578125 130.3625030517578125 129.149993896484375 129.2312469482421875 130.931243896484375 130.587493896484375 129.5187530517578125 129.225006103515625 130.818756103515625 127.88124847412109375 126.69374847412109375 121.1374969482421875 117.8874969482421875 111.65625 109.49375152587890625 108.55625152587890625 109.0500030517578125 105.94374847412109375 106.4562530517578125 105.38124847412109375
167.1437530517578125 162.743743896484375 158.243743896484375 152.15625 147.6687469482421875 145.274993896484375 150.649993896484375 155.712493896484375 157.09375 158.125 157.725006103515625 151.100006103515625 150.5812530517578125 145.9812469482421875 140.524993896484375 137.4375 133.1999969482421875 124.96250152587890625 118.91249847412109375 122.06874847412109375 120.5437469482421875 118 116.61875152587890625 119.0749969482421875 119.83750152587890625 121.46250152587890625 124.5124969482421875 122.7062530517578125 120.93125152587890625 123.4562530517578125 122.49375152587890625 120.16249847412109375 117.27500152587890625 117.6687469482421875 115.71250152587890625 110.7624969482421875 104.4812469482421875 100.8937530517578125 101.1437530517578125 102.4875030517578125 99.2312469482421875 97.5500030517578125 97.75624847412109375
158 151.5187530517578125 149.149993896484375 146.6999969482421875 145.100006103515625 147.9250030517578125 144.256256103515625 136.625 135.381256103515625 137.2687530517578125 138.462493896484375 137.2937469482421875 136.537506103515625 132.5062408447265625 129.7312469482421875 126.56874847412109375 121.5625 114.56874847412109375 109.2062530517578125 106.43125152587890625 109.125 109.49375152587890625 107.8312530517578125 110.15625 113.21250152587890625 112.16249847412109375 114.71250152587890625 112.3312530517578125 113.86875152587890625 113.2937469482421875 115.91249847412109375 114.0187530517578125 112.125 109.49375152587890625 106.08750152587890625 99.9499969482421875 94.6875 91.65000152587890625 89.7624969482421875 88.59999847412109375 87.02500152587890625 87.2375030517578125 87.0812530517578125
149.9499969482421875 144.6999969482421875 141.5187530517578125 141.556243896484375 141.9875030517578125 141.681243896484375 139.9187469482421875 136.8687591552734375 131.618743896484375 125.97499847412109375 124.84999847412109375 122.2062530517578125 126.09999847412109375 122.6999969482421875 119.4875030517578125 115.83750152587890625 112.90000152587890625 109.6687469482421875 108.5 101.6999969482421875 100.15000152587890625 103.61875152587890625 102.78749847412109375 106.6875 109.0187530517578125 105.6125030517578125 105.19374847412109375 108.3874969482421875 110.3874969482421875 108.9499969482421875 111.9499969482421875 107.46875 101.15000152587890625 96.96250152587890625 94.74375152587890625 93.28749847412109375 90.69374847412109375 88.75624847412109375 85.3000030517578125 82.1437530517578125 79.80625152587890625 79.16249847412109375 79.4812469482421875
140.350006103515625 136.875 135.756256103515625 136.1687469482421875 136.6999969482421875 138.53125 136.78125 134.28125 131.0812530517578125 128.412506103515625 123.0124969482421875 115.9562530517578125 117.25 115.71875 112.71875 109.90625 104.8937530517578125 105.11875152587890625 104.8937530517578125 101.9499969482421875 100.0749969482421875 97.61875152587890625 95.38124847412109375 99.22499847412109375 100.58750152587890625 101.4375 100.8562469482421875 102.7312469482421875 102.9187469482421875 102.25 103.16249847412109375 98.9250030517578125 94.96875 90.5187530517578125 86.97499847412109375 86.36875152587890625 84.86875152587890625 83.40625 80.49375152587890625 79.4875030517578125 78.55625152587890625 76.53749847412109375 73.61875152587890625
134.100006103515625 131.4812469482421875 130.006256103515625 131.46875 131.6875 133.6687469482421875 133.09375 128.0187530517578125 122.6999969482421875 120.46875 118.5500030517578125 114.1062469482421875 108.4562530517578125 108.30625152587890625 103.16249847412109375 99.7062530517578125 97.78749847412109375 98.4562530517578125 98.68125152587890625 100.6374969482421875 102.16249847412109375 98.7312469482421875 92.9375 89.125 94.88124847412109375 101.16249847412109375 101.13124847412109375 100.5187530517578125 96.94374847412109375 96.02500152587890625 95.34375 93.96250152587890625 90.8625030517578125 85.6750030517578125 83.28125 81.4812469482421875 80.11875152587890625 76.75624847412109375 77.68125152587890625 75.7312469482421875 72.90000152587890625 70.3937530517578125 69.40000152587890625
129.3125 125.75624847412109375 124.9375 126.85625457763671875 128.0625 130.037506103515625 130.618743896484375 126.11875152587890625 119.27500152587890625 113.6374969482421875 110.5124969482421875 108.6999969482421875 101 98.15000152587890625 97.1125030517578125 92.28125 90.56874847412109375 91.5 92.6687469482421875 96.4250030517578125 101.65625 100.3562469482421875 98.09375 92.5124969482421875 92.34999847412109375 90.70624542236328125 90.9562530517578125 92.4812469482421875 91.0625 89.47499847412109375 86.375 85.0812530517578125 83.38124847412109375 80.5124969482421875 79.41249847412109375 78.8625030517578125 76.33750152587890625 75.47499847412109375 71.91249847412109375 70.25624847412109375 67.1999969482421875 66.3125 62.456249237060546875
121.05625152587890625 119.81874847412109375 120.47499847412109375 120.71250152587890625 120.6875 122.78125 121.9187469482421875 116.88124847412109375 111.2375030517578125 108.4812469482421875 106.46250152587890625 101.90625 98.1062469482421875 88.59375 84.88124847412109375 84.63124847412109375 83.3249969482421875 85.36875152587890625 87.18125152587890625 89.49375152587890625 93.16249847412109375 93.06874847412109375 93.46250152587890625 90.0437469482421875 85.3000030517578125 83.78749847412109375 84.7687530517578125 86.46875 85.66249847412109375 83.1999969482421875 80.0187530517578125 76.40625 76.43125152587890625 74.66249847412109375 73.4375 73.56874847412109375 73.93125152587890625 74.7937469482421875 74.40625 69.46875 63.856250762939453125 61.31874847412109375 55.66249847412109375
114.1750030517578125 112.84999847412109375 113.77500152587890625 113.44374847412109375 112.71250152587890625 112.8874969482421875 111.4812469482421875 107.7687530517578125 106.0124969482421875 101.97499847412109375 99.5187530517578125 95.4875030517578125 89.21250152587890625 82.2312469482421875 73.9375 75.40625 73.8937530517578125 76.7624969482421875 77.9499969482421875 80.88124847412109375 83.7375030517578125 85.875 87.1750030517578125 85.71250152587890625 81.72499847412109375 79.2687530517578125 78.5749969482421875 77.52500152587890625 76.5124969482421875 74.5500030517578125 74.69374847412109375 72.52500152587890625 70.08750152587890625 68.5 67.88124847412109375 70.56874847412109375 73.8562469482421875 77.0812530517578125 78.1062469482421875 72.4812469482421875 61.08750152587890625 54.924999237060546875 54.21875
108.3312530517578125 105.84999847412109375 105.5812530517578125 105.9875030517578125 104.1875 103.2937469482421875 104.24375152587890625 100.80625152587890625 97.9812469482421875 94.3312530517578125 91.6437530517578125 86.55625152587890625 81.6437530517578125 76.2937469482421875 66.3249969482421875 65.3562469482421875 64.75624847412109375 67.00624847412109375 68.8562469482421875 72.3000030517578125 76.86875152587890625 79.24375152587890625 81.2375030517578125 82.33750152587890625 81.31874847412109375 79.99375152587890625 78.58750152587890625 75.94374847412109375 75.1687469482421875 73.96875 70.47499847412109375 69.1875 69.53749847412109375 66.7687530517578125 62.93125152587890625 64.68125152587890625 71.8000030517578125 79.0812530517578125 80.8562469482421875 74.4875030517578125 66.69374847412109375 62.006252288818359375 64.6125030517578125
100.1687469482421875 98.31874847412109375 98.5749969482421875 97.71250152587890625 96.71250152587890625 97.66249847412109375 95.40000152587890625 92.59375 90.33750152587890625 88.5437469482421875 84.86875152587890625 80.1374969482421875 75.5437469482421875 70.3625030517578125 62.77500152587890625 53.96875 55.08750152587890625 58.40000152587890625 59.96875 63.731250762939453125 67.8312530517578125 72.4250030517578125 76.2624969482421875 81.3125 81.93125152587890625 80.27500152587890625 76.96250152587890625 72.45624542236328125 71.71875 70.93125152587890625 71.8625030517578125 67.73125457763671875 64.375 60.94374847412109375 58.231250762939453125 65.4562530517578125 71.1750030517578125 77.24375152587890625 81.09375 80.60625457763671875 76.34999847412109375 72.11875152587890625 69.2312469482421875
92.43125152587890625 91.09999847412109375 91.8312530517578125 91.9875030517578125 91.72499847412109375 90.06874847412109375 89.21250152587890625 86.78125 84.78125 83.0187530517578125 79.96875 74.3562469482421875 68.8125 64.84999847412109375 61.81874847412109375 55.674999237060546875 49.66249847412109375 50.13124847412109375 54.4375 57.674999237060546875 61.549999237060546875 66.7624969482421875 73.3312530517578125 80.30625152587890625 83.65625 76.9875030517578125 70.6999969482421875 66.8125 67.4812469482421875 68.81874847412109375 70.13124847412109375 70.40625 66.5500030517578125 63.524997711181640625 67.15625 70.6999969482421875 77.8874969482421875 87.0124969482421875 92.78749847412109375 85.0500030517578125 78.5812530517578125 72.7624969482421875 66.58750152587890625
84.09999847412109375 84.33750152587890625 84.1437530517578125 85.08750152587890625 84.71250152587890625 82.16249847412109375 80.63124847412109375 79.1750030517578125 77.5749969482421875 74.1374969482421875 71.81874847412109375 68.68125152587890625 63.96250152587890625 60.33750152587890625 58.80625152587890625 55.78125 50.77500152587890625 45.05625152587890625 49.9375 52.456249237060546875 56.28749847412109375 61.231250762939453125 70 75.9875030517578125 78.27500152587890625 71.8000030517578125 65.375 63.09999847412109375 64.4562530517578125 64.3937530517578125 62.518749237060546875 62.15625 69.7687530517578125 71.5124969482421875 69.65000152587890625 76.21875 85.25624847412109375 90.25624847412109375 92.0812530517578125 86.13124847412109375 75.375 69.4375 63.575000762939453125
76.3125 76.7687530517578125 75.88124847412109375 76.08750152587890625 76.6875 75.2062530517578125 72.6999969482421875 72.0124969482421875 71.31874847412109375 68.81874847412109375 66.69374847412109375 62.31874847412109375 58.86875152587890625 56.731250762939453125 53.58750152587890625 52.331249237060546875 49.762500762939453125 45.97499847412109375 43.83750152587890625 45.262500762939453125 51.518749237060546875 60.668750762939453125 58.831249237060546875 65.36875152587890625 68.25624847412109375 67.69374847412109375 63.956249237060546875 60.662502288818359375 62.137500762939453125 63.09375 62.78749847412109375 63.93125152587890625 68.9562530517578125 68.9250030517578125 69.28749847412109375 74.3249969482421875 78.2062530517578125 80.75624847412109375 82.83750152587890625 76.40000152587890625 70.16249847412109375 63.65000152587890625 59.362499237060546875
