data/historical-monthly-weather-data/wc2.1_cruts4.09_10m_prec_1979-03.asc
ncols        51
nrows        45
xllcorner    -63.500000000000
yllcorner    -7.500000000000
cellsize     0.166666666667
NODATA_value -9999
[rows 20 to 39 of 45, columns 0 to 44 of 51]
303.587493896484375 312.274993896484375 322.98126220703125 334.581268310546875 347.162506103515625 361.318756103515625 374.774993896484375 385.64373779296875 392.45623779296875 394.443756103515625 393.48126220703125 395.11248779296875 397.79998779296875 402.493743896484375 395.25 380.92498779296875 368.26251220703125 360 356.475006103515625 352.350006103515625 345.33123779296875 337.73126220703125 328.725006103515625 320.29376220703125 312.26873779296875 305.23748779296875 302.212493896484375 299.337493896484375 296.462493896484375 295.04998779296875 289.29376220703125 279.112518310546875 263.256256103515625 244.1374969482421875 226.5187530517578125 243.5187530517578125 268.23126220703125 282.38751220703125 289.725006103515625 292.118743896484375 291.89373779296875 291.131256103515625 288.96875 287.45001220703125 285.91876220703125
302.71875 313.17498779296875 327.78125 342.274993896484375 357.89373779296875 375.17498779296875 391.506256103515625 405.63751220703125 412.993743896484375 410.837493896484375 402.76251220703125 397.45623779296875 393.712493896484375 393.537506103515625 389.743743896484375 382.73126220703125 376.287506103515625 368.975006103515625 363.625 357.79998779296875 347.40625 337.83123779296875 331.5 321.46875 312.8125 306.95001220703125 306.375 302.29376220703125 297.61248779296875 294.38751220703125 286.806243896484375 276.04998779296875 262.181243896484375 248.34375 240.3562469482421875 250.59375 269.35626220703125 282.912506103515625 290.07501220703125 291.225006103515625 289.868743896484375 288.60626220703125 286.65625 285.024993896484375 284
306.212493896484375 319.66876220703125 335.34375 352.34375 369.48748779296875 387.16876220703125 404.412506103515625 423.618743896484375 434.962493896484375 426.23126220703125 410.9375 396.03125 384.83123779296875 382.993743896484375 384.725006103515625 383.431243896484375 379.67498779296875 373.36248779296875 366.96875 360.15625 348.868743896484375 337.068756103515625 327.78125 317.024993896484375 310.41876220703125 306.475006103515625 306.16876220703125 302.806243896484375 296.98748779296875 292.15625 285.28125 277.993743896484375 270.23748779296875 262.09375 260.82501220703125 268.76873779296875 280.506256103515625 289.28125 293.125 292.33123779296875 289.34375 287.15625 285.024993896484375 282.443756103515625 281.66876220703125
317.868743896484375 333.193756103515625 349.524993896484375 366.76251220703125 383.86248779296875 399.875 417.51873779296875 435.412506103515625 443.693756103515625 431.125 411.524993896484375 395.07501220703125 377.493743896484375 376.04376220703125 380.993743896484375 382.57501220703125 381.431243896484375 375.98126220703125 367.42498779296875 358.79998779296875 345.89373779296875 332.38751220703125 321.20623779296875 310.59375 303.162506103515625 299.962493896484375 300.681243896484375 299.90625 296.306243896484375 294.306243896484375 291.131256103515625 286.26251220703125 281.26873779296875 277.100006103515625 277.54376220703125 285.09375 292.76873779296875 294.92498779296875 294.493743896484375 292.149993896484375 288.818756103515625 285.64373779296875 283.20001220703125 279.875 280.53125
337.100006103515625 352.524993896484375 365.8125 382.32501220703125 400.243743896484375 414.53125 427.04376220703125 438.54998779296875 440.8125 431.618743896484375 417.087493896484375 400.29376220703125 387.89373779296875 383.0625 383.51873779296875 385.631256103515625 384.26251220703125 378.91876220703125 370.61248779296875 358.73126220703125 342.38751220703125 326.70623779296875 312.61248779296875 299.46875 294.287506103515625 295.837493896484375 296.931243896484375 299.11248779296875 297.51251220703125 299.600006103515625 298.399993896484375 295.375 292.59375 289.681243896484375 288.73126220703125 290.85626220703125 294.89373779296875 295.318756103515625 293.493743896484375 291.975006103515625 288.649993896484375 284.868743896484375 280.58123779296875 279.006256103515625 276.21875
361.29376220703125 378.306243896484375 386.88751220703125 401.25 414.79998779296875 425.324981689453125 433.9375 440.618743896484375 439.350006103515625 431.600006103515625 420.46875 409.318756103515625 399.73126220703125 392.943756103515625 391.493743896484375 392.693756103515625 389.8125 384.51873779296875 376.287506103515625 361.16876220703125 343.96875 323.381256103515625 303.82501220703125 287.006256103515625 285.63751220703125 292.10626220703125 297.943756103515625 300.149993896484375 300.850006103515625 305.125 306.631256103515625 306.399993896484375 304.693756103515625 299.875 295.587493896484375 294.462493896484375 295.006256103515625 293.95623779296875 292.73126220703125 290.75 287.98748779296875 283.318756103515625 276.649993896484375 274.037506103515625 272.14373779296875
383.431243896484375 395.318756103515625 403.73748779296875 413.493743896484375 423.20001220703125 430.725006103515625 435.46875 438.681243896484375 436.88751220703125 432.75 426.40625 418.693756103515625 411.63751220703125 406.324981689453125 404.631256103515625 403.5 401.92498779296875 394.087493896484375 383.40625 369.350006103515625 348.743743896484375 325.993743896484375 300.66876220703125 281.88751220703125 286.03125 293.431243896484375 300.693756103515625 303.17498779296875 304.82501220703125 309.78125 313.14373779296875 315.79376220703125 314.962493896484375 306.86248779296875 299.23126220703125 296.3125 295.149993896484375 292.524993896484375 291.693756103515625 290.649993896484375 287.03125 281.64373779296875 274.09375 269.98126220703125 274.86248779296875
406.818756103515625 415.26251220703125 421.081268310546875 427.618743896484375 432.149993896484375 435.806243896484375 440.13751220703125 441.11248779296875 439.368743896484375 436.756256103515625 431.693756103515625 426.524993896484375 422.5625 419.36248779296875 417.337493896484375 415.23748779296875 413.58123779296875 407.8125 396.95623779296875 382.60626220703125 362.193756103515625 338.743743896484375 319.35626220703125 302.95001220703125 300.54998779296875 304.26251220703125 308.743743896484375 311.118743896484375 311.774993896484375 314.774993896484375 317.36248779296875 318.568756103515625 316.375 307.625 299.337493896484375 295.75 292.09375 289.73748779296875 290.09375 291.04998779296875 290.712493896484375 284.57501220703125 274.3125 269.881256103515625 283.13751220703125
428.193756103515625 434.46875 437.5 439.5 443.600006103515625 443.98748779296875 443.318756103515625 442.91876220703125 442.28125 440.08123779296875 437.987518310546875 435.337493896484375 433.100006103515625 432.26873779296875 431.868743896484375 431.387481689453125 431.73126220703125 426.162506103515625 416.774993896484375 403.287506103515625 383.149993896484375 360.9375 343.6875 326.83123779296875 320.9375 318.98748779296875 319.774993896484375 320.20001220703125 319.443756103515625 320.912506103515625 320.54998779296875 319.25 315.41876220703125 307.20623779296875 298.95001220703125 294.4375 289.21875 286.01251220703125 286.89373779296875 287.881256103515625 291.112518310546875 285.375 275.881256103515625 278.506256103515625 294.75
441.89373779296875 446.01251220703125 446.04376220703125 445.537506103515625 446.912506103515625 444.375 443.506256103515625 443.01251220703125 443.45623779296875 442.35626220703125 441.98748779296875 442.837493896484375 444.306243896484375 445.662506103515625 446.73748779296875 447.868743896484375 449.274993896484375 451.162506103515625 444.83123779296875 428.3125 407.112518310546875 386.243743896484375 368.381256103515625 351.35626220703125 340.61248779296875 335.024993896484375 332.48126220703125 329.243743896484375 325.375 324.4375 323.01873779296875 319.48748779296875 314.193756103515625 307.631256103515625 299.8125 293.21875 286.4375 282.256256103515625 279.625 279.75 282.8125 284.46875 282.58123779296875 289.78125 299.506256103515625
450.306243896484375 452.3125 450.231231689453125 449.3125 449.399993896484375 445.04376220703125 444.95001220703125 444.056243896484375 444.73748779296875 445.17498779296875 446.70001220703125 448.681243896484375 452.51873779296875 454.89373779296875 458.318756103515625 462.53125 468.962493896484375 473.162506103515625 472.975006103515625 455.993743896484375 433.375 410.57501220703125 393.04376220703125 373.89373779296875 359.0625 351.40625 344.33123779296875 336.962493896484375 331.15625 328.26251220703125 325.587493896484375 322.149993896484375 316.09375 309.03125 301.118743896484375 292.04376220703125 283.76873779296875 278.375 273.86248779296875 268.01873779296875 272.13751220703125 281.42498779296875 287.91876220703125 296.462493896484375 306.57501220703125
453.92498779296875 454.487518310546875 451.23748779296875 449.07501220703125 448.774993896484375 444.60626220703125 444.76873779296875 443.1875 444.3125 446.01251220703125 448.899993896484375 452.29998779296875 456.5625 462.79998779296875 469.524993896484375 476.725006103515625 481.01251220703125 485.40625 485.9375 475.631256103515625 453.243743896484375 433 413.59375 392.5625 378.28125 366.26873779296875 354.91876220703125 346.006256103515625 336.23748779296875 332.64373779296875 329.381256103515625 325.056243896484375 317.45001220703125 309.868743896484375 301.59375 291.35626220703125 282.85626220703125 275.20001220703125 268.162506103515625 264.83123779296875 271.53125 284.274993896484375 294.5625 308.0625 321.16876220703125
447.65625 448.96875 446.243743896484375 444.587493896484375 443.337493896484375 442.024993896484375 441.274993896484375 439.84375 440.037506103515625 443.70623779296875 451.725006103515625 455.693756103515625 462.818756103515625 474.037506103515625 481.51251220703125 488.0625 491.48126220703125 496.70001220703125 496.118743896484375 489.068756103515625 471.95001220703125 453.13751220703125 433.58123779296875 414.16876220703125 397.912506103515625 383.51873779296875 369.006256103515625 356.524993896484375 345.381256103515625 339.42498779296875 334.337493896484375 328.57501220703125 321.25 313.40625 303.975006103515625 294.6875 285.20623779296875 275.662506103515625 269.84375 272.38751220703125 278.89373779296875 290.73126220703125 303.23126220703125 317.774993896484375 338.60626220703125
439.3125 440.84375 441.35626220703125 441.07501220703125 440.70623779296875 438.91876220703125 437.58123779296875 436.58123779296875 436.46875 440.181243896484375 448.962493896484375 458.881256103515625 469.29998779296875 479.58123779296875 487.212493896484375 495.88751220703125 502.693756103515625 507.256256103515625 505.48748779296875 500.23126220703125 487.181243896484375 470.056243896484375 453.274993896484375 432.212493896484375 415.100006103515625 398.381256103515625 382.32501220703125 366.42498779296875 354.3125 346.09375 338.399993896484375 332.38751220703125 325.524993896484375 317.21875 308.975006103515625 298.79998779296875 287.73126220703125 276.943756103515625 275.51251220703125 278.993743896484375 283.850006103515625 294.975006103515625 309.524993896484375 324.868743896484375 347.649993896484375
431.03125 434.125 436.506256103515625 437.056243896484375 435.462493896484375 435.01873779296875 433.024993896484375 433.20623779296875 430.90625 433.168731689453125 444.63751220703125 459.71875 475.318756103515625 488.024993896484375 498.587493896484375 505.75 513.1187744140625 517.4312744140625 516.51873779296875 512.125 501.33123779296875 484.962493896484375 468.48126220703125 446.875 429.76873779296875 413.03125 393.83123779296875 376.79376220703125 361.037506103515625 352.056243896484375 344.225006103515625 336.806243896484375 329.287506103515625 321.587493896484375 312.54376220703125 300.787506103515625 288.975006103515625 281.09375 281.20001220703125 283.89373779296875 288.256256103515625 297.08123779296875 310.0625 324.662506103515625 343.45001220703125
423.36248779296875 426.60626220703125 429.73126220703125 431.71875 432.056243896484375 431.01873779296875 430.149993896484375 427.537506103515625 422.76251220703125 425.131256103515625 437.65625 457.21875 479.9375 498.65625 510.162506103515625 519.5562744140625 526.0687255859375 529.79376220703125 530.8187255859375 528.40625 516.14373779296875 498.725006103515625 480.58123779296875 460.118743896484375 442.13751220703125 424.618743896484375 404.54376220703125 387.006256103515625 370.306243896484375 358.931243896484375 349.58123779296875 339.756256103515625 330.98126220703125 324.21875 315.337493896484375 303.53125 294.11248779296875 286.375 285.243743896484375 288.29998779296875 292.96875 300.193756103515625 309.48126220703125 322.48748779296875 335.9375
414.03125 419.01873779296875 424.131256103515625 427.41876220703125 430.29998779296875 430.806243896484375 429.1875 426.193756103515625 418.48748779296875 414.475006103515625 432.537506103515625 464.21875 490.92498779296875 509.71875 523.625 532.51873779296875 538.4375 541.5875244140625 543.70623779296875 538.5999755859375 526.29998779296875 508.568756103515625 490.568756103515625 468.475006103515625 450.01873779296875 433.04998779296875 413.10626220703125 396.38751220703125 378.82501220703125 366.193756103515625 353.98748779296875 341.875 334.300018310546875 327.85626220703125 318.78125 308.587493896484375 299.63751220703125 292.28125 291.243743896484375 291.837493896484375 294.506256103515625 300.11248779296875 307.88751220703125 318.056243896484375 328.5
406.587493896484375 413.21875 419.131256103515625 424.79376220703125 430.88751220703125 433.368743896484375 433.287506103515625 430.23748779296875 425.60626220703125 419.17498779296875 450.899993896484375 486.0625 507.89373779296875 525.53125 536.8125 545.9625244140625 549.57501220703125 551.32501220703125 550.9124755859375 543.9437255859375 528.3375244140625 511.08123779296875 495.73126220703125 473.67498779296875 455.787506103515625 440.07501220703125 420.29376220703125 404.493743896484375 387.64373779296875 373.04376220703125 357.63751220703125 343.23748779296875 335.91876220703125 330.29998779296875 321.14373779296875 312.95001220703125 304.45623779296875 295.787506103515625 295.568756103515625 296.48748779296875 296.32501220703125 301.024993896484375 305.5 310.037506103515625 318.0625
403.587493896484375 409.03125 416.6875 424.212493896484375 431.837493896484375 435.006256103515625 439.431243896484375 441.79998779296875 447.625 466.20001220703125 503.399993896484375 519.04998779296875 529.89373779296875 542.73748779296875 553.01873779296875 560.5374755859375 563.20001220703125 561.1187744140625 555.85626220703125 545.3375244140625 525.5374755859375 507.26251220703125 491.40625 471.76873779296875 455.631256103515625 442.01873779296875 424.618743896484375 408.84375 393.26873779296875 377.681243896484375 362.01251220703125 345.13751220703125 336.70623779296875 331.131256103515625 325.40625 316.837493896484375 308.28125 301.65625 299.693756103515625 298.5625 297.76873779296875 302.04998779296875 304.82501220703125 308.66876220703125 313.92498779296875
402.212493896484375 406.48748779296875 415.149993896484375 423.28125 433.25 441.79376220703125 448.024993896484375 458.774993896484375 471.73126220703125 491.45001220703125 516.85626220703125 536.5062255859375 550.20001220703125 561.1187744140625 571.38751220703125 577.14373779296875 578.66876220703125 572.0250244140625 560.5562744140625 547.26251220703125 523.5374755859375 502.9375 483.91876220703125 465.600006103515625 453.04998779296875 441.76873779296875 425.618743896484375 412.17498779296875 397.54376220703125 380.568756103515625 362.274993896484375 347.318756103515625 341.54998779296875 334.79998779296875 328.506256103515625 321.48748779296875 312.79376220703125 306.09375 304.631256103515625 300.975006103515625 298.45001220703125 301.65625 303.681243896484375 305.95001220703125 310.068756103515625
