data/historical-monthly-weather-data/wc2.1_cruts4.09_10m_prec_2015-03.asc
ncols        45
nrows        45
xllcorner    -63.500000000000
yllcorner    -7.500000000000
cellsize     0.166666666667
NODATA_value -9999
[rows 0 to 19 of 45, columns 0 to 44 of 45]
156.28125 146.2687530517578125 139.4812469482421875 137.412506103515625 133.993743896484375 131.15625 126.1999969482421875 121.375 118.05625152587890625 117.15625 118.8625030517578125 123.0437469482421875 127.74375152587890625 131.100006103515625 136.743743896484375 142.6875 150.3874969482421875 154.875 161.40625 167.493743896484375 172.9187469482421875 177.306243896484375 182.65625 187.8625030517578125 195.225006103515625 203.0124969482421875 212.943756103515625 226.625 240.09375 252.83123779296875 270.45623779296875 285.79998779296875 303.08123779296875 323.63751220703125 343.5 359.462493896484375 373.462493896484375 387.806243896484375 399.53125 408.73748779296875 417.98126220703125 424.07501220703125 427.46875 431.59375 426.91876220703125
163.9562530517578125 155.1437530517578125 152.743743896484375 151.9375 150.5124969482421875 147.4375 142.381256103515625 138.3000030517578125 136.881256103515625 136.337493896484375 137.743743896484375 141.1750030517578125 145.125 148.4562530517578125 153.431243896484375 159.131256103515625 166.1312408447265625 173.412506103515625 180.9187469482421875 188.399993896484375 193.9812469482421875 198.9499969482421875 205.1125030517578125 211.412506103515625 218.506256103515625 226.4875030517578125 235.5812530517578125 248.587493896484375 260.75 274.91876220703125 292.018768310546875 311.068756103515625 327.8125 350.868743896484375 369.399993896484375 387.36248779296875 404.793731689453125 420.306243896484375 432.16876220703125 440.850006103515625 451.21875 456.649993896484375 459.32501220703125 462.0625 457.181243896484375
170.743743896484375 164.274993896484375 165.087493896484375 166.993743896484375 167.28125 165.15625 162.8625030517578125 161.1875 160.681243896484375 161.0625 160.8625030517578125 162.71875 165.8562469482421875 168.6750030517578125 173.125 179.162506103515625 185.537506103515625 192.774993896484375 199.475006103515625 206.4250030517578125 212.912506103515625 219.3312530517578125 225.2624969482421875 233.350006103515625 242.15625 249.7375030517578125 258.774993896484375 270.71875 281.04998779296875 294.131256103515625 311.76251220703125 330.32501220703125 349.100006103515625 369.61248779296875 392.78125 409.20001220703125 428.618743896484375 448.4375 460.368743896484375 471.462493896484375 481.850006103515625 485.35626220703125 486.48126220703125 486.28125 482.056243896484375
175.850006103515625 172.5437469482421875 178.1125030517578125 182.587493896484375 185.6437530517578125 184.4875030517578125 184.1875 184.912506103515625 186.881256103515625 187.912506103515625 186.6875 186.1750030517578125 186.899993896484375 188.5 192.9875030517578125 198.5749969482421875 205.8874969482421875 212.96875 219.306243896484375 225.2624969482421875 233.2937469482421875 239.6437530517578125 244.9562530517578125 254.212493896484375 264.375 273.09375 281.649993896484375 290.15625 299.33123779296875 312.89373779296875 327.95623779296875 347.943756103515625 366.756256103515625 387.60626220703125 410.631256103515625 431.58123779296875 453.693756103515625 475.92498779296875 491.243743896484375 502.38751220703125 510.581268310546875 513.96875 513.9749755859375 510.850006103515625 505.006256103515625
186.53125 183.600006103515625 189.1875 197.21875 203.087493896484375 203.4562530517578125 203.556243896484375 206.2062530517578125 211.1374969482421875 214.5500030517578125 211.756256103515625 208.1125030517578125 207.3937530517578125 209.4250030517578125 212.818756103515625 218.8937530517578125 225.693756103515625 233.1999969482421875 237.912506103515625 242.399993896484375 251.4875030517578125 257.91876220703125 265.10626220703125 276.10626220703125 287.04998779296875 297 302.787506103515625 309.66876220703125 320.33123779296875 330.743743896484375 346.443756103515625 363.17498779296875 385.100006103515625 407.943756103515625 431.73748779296875 455.04376220703125 478.725006103515625 502.04998779296875 519.6500244140625 530.5374755859375 540.95001220703125 540.5687255859375 538.0562744140625 534.91876220703125 525.29376220703125
198.337493896484375 197.71875 205.368743896484375 211.787506103515625 215.4499969482421875 216.412506103515625 216.818756103515625 218.975006103515625 224.6062469482421875 229.712493896484375 224.75 220.712493896484375 221.181243896484375 222.5625 226.6125030517578125 232.53125 239.506256103515625 246.7624969482421875 252.6062469482421875 257.01251220703125 266.38751220703125 275.243743896484375 284.17498779296875 294.943756103515625 306.20001220703125 317.618743896484375 323.006256103515625 327.78125 335.125 346.475006103515625 360.09375 376.75 396.243743896484375 422.70623779296875 449.04998779296875 471.587493896484375 498.14373779296875 522.23748779296875 540.48748779296875 554.3062744140625 561.5687255859375 561.16876220703125 557.9124755859375 553.07501220703125 540.9375
209.368743896484375 210.28125 217.65625 222.4562530517578125 224.3000030517578125 224.15625 223.8937530517578125 223.4250030517578125 224.4875030517578125 225.681243896484375 226.537506103515625 227.024993896484375 229.618743896484375 232.625 237.5187530517578125 243.443756103515625 250.3562469482421875 256.6875 262.350006103515625 269.868743896484375 279.92498779296875 291.568756103515625 301.88751220703125 313.46875 325.70001220703125 336.5 341.41876220703125 344.693756103515625 348.556243896484375 357.54376220703125 373.368743896484375 388.73748779296875 408.350006103515625 432.068756103515625 459.07501220703125 484.100006103515625 509.46875 534.625 558.5 570.3812255859375 572.82501220703125 572.73748779296875 569.17498779296875 564.2874755859375 554.88751220703125
217.774993896484375 219.9250030517578125 225.75 230.618743896484375 233.5 232.462493896484375 228.524993896484375 222.4375 217.375 218.1999969482421875 224.537506103515625 230.306243896484375 236.524993896484375 241.9499969482421875 247.212493896484375 253.34375 258.524993896484375 263.975006103515625 270.45623779296875 279.024993896484375 292.15625 306.14373779296875 319.193756103515625 331.08123779296875 345.60626220703125 355.287506103515625 357.600006103515625 359.29998779296875 360.41876220703125 368.212493896484375 380.962493896484375 398.95001220703125 417.28125 440.475006103515625 466.71875 491.10626220703125 516.70623779296875 541.45001220703125 563.5250244140625 574.53125 578.63751220703125 578.28125 574.91876220703125 569.6312255859375 558.1812744140625
226.0749969482421875 228.693756103515625 234.625 239.375 241.443756103515625 239.5812530517578125 234.556243896484375 226.3125 215.7624969482421875 213.5500030517578125 223.9375 233.1999969482421875 242.1125030517578125 247.65625 253.5187530517578125 259.79998779296875 264.774993896484375 270.38751220703125 278.5625 287.63751220703125 299.693756103515625 316.568756103515625 331.36248779296875 349.28125 364.368743896484375 372.86248779296875 371.14373779296875 369.42498779296875 370.86248779296875 375.931243896484375 387.556243896484375 403.85626220703125 421.412506103515625 442.431243896484375 465.70001220703125 490.3125 517.48748779296875 540.95623779296875 561.5625 571.98126220703125 576.7437744140625 576.21875 574.1937255859375 568.875 553.1624755859375
234.5749969482421875 237.568756103515625 242.7687530517578125 247.068756103515625 249.631256103515625 248.006256103515625 243.8625030517578125 236.8000030517578125 229.0437469482421875 227.40625 233.568756103515625 239.943756103515625 248.2687530517578125 254.431243896484375 259.83123779296875 265.85626220703125 271.3125 277.131256103515625 284.76873779296875 293.90625 307.1875 325.868743896484375 345.556243896484375 367.818756103515625 381.375 389.23748779296875 386.08123779296875 381.78125 379.600006103515625 381.48126220703125 389.837493896484375 406.23126220703125 424.26251220703125 445.462493896484375 467 489.5 514.1937255859375 537.9124755859375 558.16876220703125 570.54376220703125 577.04998779296875 577.6812744140625 572.16876220703125 560.29998779296875 545.63751220703125
242.8312530517578125 246.5749969482421875 250.818756103515625 255.0625 258.48126220703125 258.25 255.40625 249.3874969482421875 244.59375 243.9187469482421875 246.75 251.5500030517578125 257.118743896484375 263.20001220703125 268.01873779296875 272.725006103515625 277.42498779296875 283.3125 289.71875 298.61248779296875 314.98126220703125 335.5625 360.287506103515625 381.59375 400.443756103515625 404.61248779296875 399.15625 395.66876220703125 390.64373779296875 388.524993896484375 395.912506103515625 408.806243896484375 425.03125 444.78125 465.75 486.0625 508.40625 530.98748779296875 551.0250244140625 566.375 573.875 572.17498779296875 563.79376220703125 550.40625 534.51251220703125
249.5500030517578125 253.681243896484375 257.899993896484375 262.79998779296875 265.70623779296875 267.36248779296875 266.881256103515625 263.04998779296875 259.850006103515625 258.73126220703125 260.13751220703125 263.193756103515625 266.837493896484375 271.73748779296875 278.14373779296875 282.54998779296875 284.868743896484375 289.48126220703125 295.431243896484375 303.225006103515625 317.9375 340.431243896484375 369.28125 397.368743896484375 413.61248779296875 410.29376220703125 402.806243896484375 398.76251220703125 397.162506103515625 398.42498779296875 400.61248779296875 408.95001220703125 422.506256103515625 439.5625 457.70623779296875 479.45001220703125 502.274993896484375 524.1812744140625 542.5999755859375 559.73748779296875 569.03125 564.4625244140625 550.0374755859375 527.4375 505.70001220703125
256.01251220703125 260.01251220703125 264.681243896484375 268.82501220703125 272.618743896484375 275.693756103515625 276.125 274.79998779296875 272.5 272.6875 274.9375 277 280.45001220703125 282.53125 287.73748779296875 291.462493896484375 292.837493896484375 297.42498779296875 303.58123779296875 309.33123779296875 320.731231689453125 342.92498779296875 371.32501220703125 395.66876220703125 403.29376220703125 402.28125 403.149993896484375 403.03125 403.78125 405.65625 407.068756103515625 409.787506103515625 419.225006103515625 433.556243896484375 449.568756103515625 468.75 491.04376220703125 512.92498779296875 533.15625 552.65625 565.04998779296875 557.0625 530.09375 502.256256103515625 476.125
261.04376220703125 265.64373779296875 270.193756103515625 274.41876220703125 279.07501220703125 281.46875 283.993743896484375 285.806243896484375 286.350006103515625 287.20001220703125 288.993743896484375 291.068756103515625 293.225006103515625 296.212493896484375 297.28125 300.600006103515625 301.4375 305.04998779296875 310.193756103515625 316.681243896484375 330.774993896484375 350.28125 372.71875 389.21875 396.79998779296875 401.337493896484375 404.10626220703125 405.64373779296875 407.20623779296875 408.96875 411.29998779296875 412.25 416.26251220703125 425.13751220703125 438.318756103515625 457.90625 481.03125 501.75 520.5 537.89373779296875 548.73748779296875 532.2874755859375 508.993743896484375 487.66876220703125 465.350006103515625
264.181243896484375 267.82501220703125 272.787506103515625 278.743743896484375 284.23748779296875 287.42498779296875 291.92498779296875 295.850006103515625 297.13751220703125 298.712493896484375 301.600006103515625 303.78125 306.024993896484375 308.46875 307.306243896484375 309.42498779296875 309.70623779296875 314.118743896484375 318.13751220703125 324.01873779296875 338.98748779296875 356.587493896484375 374.76873779296875 388.006256103515625 397.6875 406.318756103515625 409.212493896484375 410.84375 413.46875 415.375 413.48126220703125 411.63751220703125 414.8125 416.67498779296875 424.381256103515625 446.056243896484375 471.306243896484375 492.193756103515625 504.95623779296875 512.8687744140625 512.23748779296875 504.04376220703125 494.73126220703125 478.462493896484375 460.712493896484375
264.96875 269.11248779296875 275.11248779296875 281.774993896484375 288.33123779296875 294.26251220703125 299.274993896484375 303.76873779296875 307.774993896484375 311.25 313.76873779296875 317.131256103515625 319.88751220703125 321.71875 320.537506103515625 319.35626220703125 318.537506103515625 322.693756103515625 326.14373779296875 332.20623779296875 345.9375 361.48748779296875 377.53125 388.875 398.399993896484375 408.48126220703125 412.649993896484375 416.149993896484375 421.08123779296875 422.181243896484375 420.79998779296875 416.66876220703125 414.95001220703125 415.368743896484375 419.681243896484375 448.274993896484375 470.475006103515625 480.79998779296875 486.04376220703125 489.5625 487.76873779296875 484.25 478.662506103515625 467.649993896484375 452.98126220703125
265.962493896484375 270.993743896484375 276.76251220703125 284.524993896484375 292.681243896484375 299.618743896484375 307.162506103515625 313.162506103515625 317.912506103515625 322.54376220703125 325.5625 330.15625 333.95623779296875 334.850006103515625 334.693756103515625 331.53125 326.86248779296875 328.63751220703125 332.95623779296875 338.149993896484375 350.943756103515625 365.8125 381.087493896484375 391.287506103515625 401.13751220703125 408.899993896484375 414.131256103515625 419.98126220703125 424.774993896484375 427.875 427.29376220703125 423.10626220703125 421.912506103515625 426.806243896484375 446.537506103515625 469.89373779296875 478.88751220703125 477.962493896484375 474.337493896484375 471.806243896484375 472.20001220703125 469.89373779296875 463.36248779296875 454.787506103515625 444.57501220703125
264.88751220703125 270.75 278.60626220703125 288.13751220703125 297.537506103515625 305.38751220703125 313.3125 321.07501220703125 327.16876220703125 332.34375 336.78125 343.28125 346.3125 348.412506103515625 347.181243896484375 342.193756103515625 336.76251220703125 331.037506103515625 337.368743896484375 341.61248779296875 354.375 366.90625 378.881256103515625 388.024993896484375 397.318756103515625 407.89373779296875 412.037506103515625 420.01251220703125 427.962493896484375 431.337493896484375 429.1875 418.45623779296875 419.57501220703125 431.53125 458.66876220703125 493.443756103515625 486.693756103515625 473.681243896484375 464.368743896484375 461.993743896484375 458.54998779296875 455.9375 451.61248779296875 444.48748779296875 435.23748779296875
262.993743896484375 269.83123779296875 278.662506103515625 289.59375 301.256256103515625 311.41876220703125 320.881256103515625 329.774993896484375 336.15625 342.037506103515625 347.13751220703125 351.59375 357.375 361.25 357.431243896484375 350.649993896484375 343.225006103515625 335.98748779296875 336.037506103515625 340.256256103515625 353.46875 366.100006103515625 371.037506103515625 380.42498779296875 391.15625 403.125 409.962493896484375 416.67498779296875 426.043731689453125 431.725006103515625 431.399993896484375 416.087493896484375 409.92498779296875 411.01873779296875 428.63751220703125 457.693756103515625 459.662506103515625 455.04376220703125 452.912506103515625 449.9375 447.98126220703125 444.399993896484375 441.350006103515625 436.399993896484375 428.21875
258.5 267.26873779296875 277.443756103515625 289.931243896484375 303.63751220703125 316.412506103515625 327.88751220703125 338.25 345.368743896484375 350.837493896484375 355.59375 359.743743896484375 366.837493896484375 373.01251220703125 365.54376220703125 353.100006103515625 341.42498779296875 338.54376220703125 336.01873779296875 338.04376220703125 346.01873779296875 353.662506103515625 362.256256103515625 370.54998779296875 381.149993896484375 392.337493896484375 400.61248779296875 409.98126220703125 417.3125 419.51873779296875 415.65625 404.337493896484375 389.181243896484375 375.5 371.118743896484375 393.368743896484375 419.17498779296875 431.443756103515625 437.67498779296875 439.943756103515625 438.568756103515625 435.45001220703125 433.993743896484375 430.868743896484375 424.60626220703125
