data/historical-monthly-weather-data/wc2.1_cruts4.09_10m_prec_2000-03.asc
ncols        45
nrows        45
xllcorner    -63.500000000000
yllcorner    -7.500000000000
cellsize     0.166666666667
NODATA_value -9999
[rows 20 to 39 of 45, columns 0 to 44 of 45]
280.649993896484375 284.98126220703125 291.662506103515625 299.09375 307.506256103515625 319.32501220703125 330.837493896484375 340.306243896484375 347.82501220703125 351.368743896484375 352.13751220703125 354.20623779296875 357.08123779296875 361.76251220703125 355.881256103515625 343.59375 332.993743896484375 327.681243896484375 326.8125 326.67498779296875 331.881256103515625 337.850006103515625 342.70623779296875 350.037506103515625 358.54998779296875 367.60626220703125 375.243743896484375 382.23126220703125 388.59375 391.337493896484375 387.318756103515625 377.70623779296875 362.59375 342.60626220703125 323.600006103515625 352.3125 392.524993896484375 417.787506103515625 432.34375 439.45623779296875 442.306243896484375 442.07501220703125 439.34375 437.587493896484375 435.587493896484375
275.587493896484375 281.10626220703125 290.606231689453125 299.818756103515625 310.16876220703125 324.462493896484375 338.381256103515625 350.61248779296875 358.6875 358.787506103515625 353.5625 349.76251220703125 347.17498779296875 347.66876220703125 344.818756103515625 339.07501220703125 334.04998779296875 329.54998779296875 326.96875 324.95001220703125 325.17498779296875 327.087493896484375 332.6875 338.63751220703125 347.125 358.33123779296875 370.381256103515625 377.66876220703125 383.5 384.818756103515625 379.318756103515625 369.875 358.45623779296875 346.89373779296875 342.58123779296875 361.95623779296875 393.787506103515625 418.375 432.92498779296875 438.431243896484375 439.82501220703125 439.368743896484375 437.475006103515625 436.01251220703125 435.118743896484375
274.056243896484375 281.625 291.443756103515625 302.15625 313.23748779296875 327.71875 342.34375 358.90625 370.475006103515625 365.274993896484375 354.17498779296875 342.45623779296875 333.70623779296875 332.962493896484375 334.899993896484375 334.125 331.41876220703125 327.73126220703125 324.125 320.931243896484375 318.75 316.66876220703125 317.60626220703125 322.73126220703125 333.4375 347.04376220703125 360.41876220703125 369.9375 375.84375 376.01251220703125 372.337493896484375 368.46875 366.51251220703125 364.181243896484375 370.743743896484375 387.59375 409.76873779296875 427.806243896484375 437.725006103515625 440.57501220703125 439.76251220703125 438.25 436.53125 434 433.712493896484375
276.524993896484375 284.0625 294.274993896484375 305.3125 316.48748779296875 330 345.5 361.48126220703125 370.850006103515625 362.993743896484375 348.881256103515625 336.556243896484375 322.993743896484375 323.07501220703125 327.91876220703125 329.75 329.399993896484375 326.34375 320.70001220703125 315.63751220703125 310.98126220703125 306.162506103515625 304.07501220703125 308.04376220703125 316.40625 329.29998779296875 343.70001220703125 356.662506103515625 365.95623779296875 370.63751220703125 372.8125 373.40625 376.79998779296875 381.71875 392.568756103515625 410.35626220703125 428.024993896484375 437.600006103515625 441.368743896484375 441.89373779296875 440.48748779296875 437.212493896484375 434.66876220703125 430.681243896484375 432.537506103515625
284.875 290.662506103515625 298.243743896484375 308.899993896484375 321.03125 333.681243896484375 345.600006103515625 356.95623779296875 361.73126220703125 357.225006103515625 348.068756103515625 336.193756103515625 327.774993896484375 325.524993896484375 326.6875 329.11248779296875 328.67498779296875 325.58123779296875 320.01251220703125 311.899993896484375 303.36248779296875 295.600006103515625 289.756256103515625 289.89373779296875 298.806243896484375 315.03125 329.60626220703125 346.131256103515625 358.32501220703125 368.875 374.618743896484375 378.90625 386.899993896484375 395.462493896484375 406.274993896484375 417.79376220703125 431.625 439.806243896484375 441.681243896484375 443.40625 441.912506103515625 437.287506103515625 431.48126220703125 429.8125 426.25
297.306243896484375 302.693756103515625 306.5 315.618743896484375 324.537506103515625 334.66876220703125 344.024993896484375 352.08123779296875 354.33123779296875 351.41876220703125 345.54376220703125 339.006256103515625 333.5625 330.16876220703125 329.98748779296875 331.806243896484375 330.26251220703125 327.1875 321.625 310.57501220703125 300.625 287.737518310546875 276.087493896484375 271.54998779296875 282.51251220703125 302.14373779296875 321.493743896484375 338.149993896484375 353.368743896484375 367.274993896484375 377.337493896484375 386.36248779296875 397.600006103515625 405.59375 413.8125 422.20001220703125 432.368743896484375 439.58123779296875 442.443756103515625 443.412506103515625 442.649993896484375 436.25 426.287506103515625 422.57501220703125 420.16876220703125
309.08123779296875 309.975006103515625 313.82501220703125 319.618743896484375 325.83123779296875 333.725006103515625 340.131256103515625 345.45623779296875 347.20623779296875 347.14373779296875 345.20623779296875 341.65625 338.493743896484375 336.600006103515625 336.76873779296875 337.243743896484375 337.39373779296875 332.51873779296875 325.20623779296875 315.29998779296875 301.98126220703125 286.73748779296875 269.40625 262.056243896484375 276.92498779296875 296.0625 316.13751220703125 332.57501220703125 348.54376220703125 363.693756103515625 376.73748779296875 390.39373779296875 404.88751220703125 411.08123779296875 416.98126220703125 424.475006103515625 433.65625 439.84375 443.32501220703125 445.60626220703125 443.287506103515625 435.1875 423.21875 416.54998779296875 424.087493896484375
321.57501220703125 319.57501220703125 321.70001220703125 325.375 327.98126220703125 332.943756103515625 339.04998779296875 342.65625 344.32501220703125 345.375 344.399993896484375 342.975006103515625 342.45623779296875 342.443756103515625 342.975006103515625 343.318756103515625 344.024993896484375 341.32501220703125 334.29376220703125 324.48126220703125 311.037506103515625 294.837493896484375 282.48748779296875 277.01251220703125 285.10626220703125 299.67498779296875 316.48126220703125 332.412506103515625 346.98748779296875 360.32501220703125 373.118743896484375 385.91876220703125 400.57501220703125 408.131256103515625 415.318756103515625 423.33123779296875 430.306243896484375 438.11248779296875 443.48748779296875 448.64373779296875 451.243743896484375 441.274993896484375 424.387481689453125 416.625 436.4375
332.45623779296875 328.787506103515625 329.13751220703125 329.76873779296875 332.41876220703125 334.95623779296875 337.20001220703125 339.65625 342.0625 343.26251220703125 344.53125 345.20623779296875 346.13751220703125 348.1875 350.568756103515625 352.881256103515625 355.82501220703125 353.71875 348.306243896484375 339.54376220703125 326.087493896484375 310.712493896484375 300.056243896484375 294 298.42498779296875 306.98126220703125 319.818756103515625 333.48748779296875 346.29998779296875 358.41876220703125 368.51251220703125 379.10626220703125 393.28125 403.399993896484375 412.53125 420.774993896484375 426.975006103515625 434.79376220703125 441.100006103515625 446.287506103515625 454.28125 444.318756103515625 427.98748779296875 430.556243896484375 454.29998779296875
339.831268310546875 335.26251220703125 333.61248779296875 332.54376220703125 333.243743896484375 333.181243896484375 334.743743896484375 336.58123779296875 339.368743896484375 340.98748779296875 343.243743896484375 346.725006103515625 350.787506103515625 354.774993896484375 358.556243896484375 362.41876220703125 366.462493896484375 370.51251220703125 367.70001220703125 356.556243896484375 342.212493896484375 328.024993896484375 316.88751220703125 310.881256103515625 311.03125 316.162506103515625 325.625 335.32501220703125 344.600006103515625 354.45001220703125 363.831268310546875 372.34375 385.32501220703125 398.23748779296875 408.95001220703125 416.23748779296875 422.256256103515625 430.54376220703125 432.100006103515625 436.350006103515625 444.493743896484375 446.10626220703125 441.45623779296875 450.993743896484375 464.29376220703125
343.5 338.23748779296875 335.29998779296875 334.100006103515625 333.90625 331.993743896484375 333.524993896484375 334.5 336.95623779296875 339.287506103515625 342.600006103515625 347.037506103515625 353.08123779296875 358.056243896484375 363.84375 370.32501220703125 378.556243896484375 384.40625 386.631256103515625 375.162506103515625 359.712493896484375 343.91876220703125 333.125 325.493743896484375 322.162506103515625 325.375 330.42498779296875 335.756256103515625 342.743743896484375 350.962493896484375 359.46875 368.5625 381.212493896484375 394.16876220703125 405.631256103515625 411.412506103515625 417.431243896484375 425.943756103515625 425.3125 420.725006103515625 430.943756103515625 444.76251220703125 453.28125 464.912506103515625 478.40625
343.91876220703125 338.568756103515625 334.931243896484375 332.875 332.381256103515625 330.09375 331.20623779296875 331.037506103515625 333.38751220703125 336.23126220703125 340.20001220703125 345.73748779296875 352.23748779296875 360.306243896484375 368.78125 377.73126220703125 384.287506103515625 390.14373779296875 392.76873779296875 386.73748779296875 371.381256103515625 357.70001220703125 345.29376220703125 336.131256103515625 333.28125 332.54376220703125 333.54376220703125 337.26873779296875 340.20623779296875 348.11248779296875 356.46875 365.11248779296875 376.45001220703125 389.20001220703125 400.899993896484375 406.98748779296875 414.806243896484375 421.881256103515625 418.056243896484375 417.91876220703125 432.806243896484375 452.39373779296875 467.125 486.67498779296875 504.51873779296875
339.89373779296875 335.89373779296875 332.25 329.975006103515625 328.162506103515625 327.26251220703125 326.91876220703125 326.1875 327.399993896484375 331.33123779296875 338.8125 344.806243896484375 353.54376220703125 365.506256103515625 374.38751220703125 382.60626220703125 388.306243896484375 394.443756103515625 395.82501220703125 392.13751220703125 380.962493896484375 368.38751220703125 355.774993896484375 347.84375 343.11248779296875 340.149993896484375 338.912506103515625 339.96875 342.26873779296875 348.037506103515625 354.693756103515625 361.962493896484375 373.73126220703125 386.274993896484375 396.78125 405.774993896484375 414.16876220703125 420.32501220703125 419.29376220703125 429.112518310546875 444.54998779296875 463.58123779296875 482.787506103515625 504.881256103515625 535.0625
334.79998779296875 331.73748779296875 329.98748779296875 328.012481689453125 326.15625 324.131256103515625 322.587493896484375 321.506256103515625 322.09375 325.71875 333.38751220703125 343.818756103515625 355.068756103515625 366.29998779296875 375.087493896484375 384.71875 392.787506103515625 398.056243896484375 398.11248779296875 395.53125 387.399993896484375 376.056243896484375 365.60626220703125 356.07501220703125 350.318756103515625 345.14373779296875 343.23126220703125 341.993743896484375 344.118743896484375 347.86248779296875 351.962493896484375 359.07501220703125 371.41876220703125 383.45001220703125 395.76251220703125 405.23748779296875 413.34375 419.48126220703125 426.181243896484375 438.256256103515625 451.962493896484375 470.868743896484375 494.475006103515625 518.9625244140625 552.60626220703125
329.98748779296875 328.70001220703125 327.793731689453125 325.6875 322.225006103515625 320.48126220703125 317.75 316.90625 315.556243896484375 317.73748779296875 327.01251220703125 341.09375 356.11248779296875 369.0625 379.818756103515625 388.037506103515625 396.274993896484375 400.9375 401.34375 399.15625 392.649993896484375 381.79998779296875 371.5 361.25 355.11248779296875 349.712493896484375 345.6875 344.212493896484375 343.54376220703125 346.84375 351.04376220703125 356.943756103515625 368.54998779296875 381.33123779296875 392.787506103515625 401.45001220703125 410.03125 422.087493896484375 431.993743896484375 443.5625 457.26251220703125 473.524993896484375 495.756256103515625 520.10626220703125 547.88751220703125
327.037506103515625 325.51873779296875 324.39373779296875 322.537506103515625 319.73748779296875 317.068756103515625 314.70623779296875 311.375 307.83123779296875 309.6875 319.25 335.79998779296875 355.20001220703125 371.79376220703125 382.8125 392.318756103515625 399.51251220703125 403.462493896484375 405.17498779296875 404.42498779296875 396.96875 385.61248779296875 374.212493896484375 364.712493896484375 357.60626220703125 351.36248779296875 346.943756103515625 345.399993896484375 344.381256103515625 346.131256103515625 349.67498779296875 353.881256103515625 363.956268310546875 377.33123779296875 388.63751220703125 396.975006103515625 408.66876220703125 420.837493896484375 429.01251220703125 441.34375 455.75 470.193756103515625 487.36248779296875 509.96875 529.9312744140625
323.056243896484375 322.41876220703125 321.943756103515625 320.20001220703125 318.493743896484375 316.4375 313.125 309.10626220703125 303.07501220703125 299.9375 313.01873779296875 337.493743896484375 358.8125 374.506256103515625 386.82501220703125 395.54998779296875 401.943756103515625 405.25 407.618743896484375 404.79376220703125 397.51251220703125 386.243743896484375 375.21875 364.23748779296875 356.412506103515625 350.368743896484375 346.287506103515625 345.743743896484375 344.318756103515625 345.631256103515625 347.33123779296875 350.056243896484375 361.17498779296875 374.51251220703125 385.181243896484375 395.118743896484375 407.03125 419.39373779296875 427.79998779296875 436.51873779296875 447.96875 460.600006103515625 476.125 495.01873779296875 511.11248779296875
320.11248779296875 320.45623779296875 319.881256103515625 319.13751220703125 319.125 318.024993896484375 315.41876220703125 310.95001220703125 306.76251220703125 301.51251220703125 323.899993896484375 350 366.79998779296875 380.73126220703125 390.649993896484375 399.118743896484375 403.42498779296875 405.550018310546875 405.943756103515625 401.693756103515625 392.21875 381.618743896484375 372.82501220703125 361.67498779296875 353.993743896484375 348.6875 344.774993896484375 345.11248779296875 344.587493896484375 344.806243896484375 344.36248779296875 345.649993896484375 356.65625 370.26873779296875 380.25 391.95623779296875 403.70001220703125 413.600006103515625 423.137481689453125 432.42498779296875 439.743743896484375 451.5625 462.681243896484375 473.48748779296875 486.412506103515625
318.15625 318.70623779296875 319.48126220703125 319.98126220703125 320.88751220703125 319.96875 320.287506103515625 319.36248779296875 322.193756103515625 334.368743896484375 359.975006103515625 371.193756103515625 379.1875 388.725006103515625 397.056243896484375 403.5625 406.524993896484375 405.899993896484375 402.9375 396.368743896484375 384.34375 373.524993896484375 364.774993896484375 355.381256103515625 348.868743896484375 344.975006103515625 342.48126220703125 342.25 342.40625 342.587493896484375 343.024993896484375 342.881256103515625 351.912506103515625 364.32501220703125 377.09375 386.54998779296875 396.181243896484375 406.850006103515625 413.556243896484375 419.6875 425.89373779296875 436.662506103515625 444.962493896484375 454.4375 462.868743896484375
317.0625 318.024993896484375 319.712493896484375 320.60626220703125 323.16876220703125 325.899993896484375 327.15625 331.875 339.26873779296875 351.625 368.087493896484375 381.243743896484375 390.3125 397.48748779296875 404.975006103515625 409.375 410.86248779296875 407.09375 399.96875 391.725006103515625 377.431243896484375 365.48126220703125 354.806243896484375 346.32501220703125 342.356231689453125 340.01873779296875 337.86248779296875 338.743743896484375 339.162506103515625 338.88751220703125 338.01251220703125 340.61248779296875 351.41876220703125 361.493743896484375 372.34375 381.67498779296875 388.9375 397.45001220703125 404.306243896484375 406.8125 410.381256103515625 419.20001220703125 426.04376220703125 432.78125 439.21875
