data/historical-monthly-weather-data/wc2.1_cruts4.09_10m_prec_2015-03.asc
ncols        45
nrows        45
xllcorner    -63.500000000000
yllcorner    -7.500000000000
cellsize     0.166666666667
NODATA_value -9999
[rows 20 to 39 of 45, columns 0 to 44 of 45]
253.193756103515625 264.881256103515625 278.03125 292.125 307.04998779296875 321.787506103515625 335.73748779296875 347.42498779296875 355.20623779296875 358.618743896484375 359.212493896484375 361.28125 364.162506103515625 368.837493896484375 362.412506103515625 349.46875 338.193756103515625 331.912506103515625 330.125 329.375 335.868743896484375 343.45623779296875 349.975006103515625 359.600006103515625 370.57501220703125 381.90625 390.21875 397.600006103515625 404.162506103515625 405.79998779296875 400.23126220703125 388.868743896484375 371.53125 349.375 328.32501220703125 355.11248779296875 393.01251220703125 415.625 427.64373779296875 432.29376220703125 432.931243896484375 431.712493896484375 428.26873779296875 425.60626220703125 421.743743896484375
248.631256103515625 261.256256103515625 277.10626220703125 293.11248779296875 310.056243896484375 327.01251220703125 342.98126220703125 357.149993896484375 365.33123779296875 365.17498779296875 359.556243896484375 355.45001220703125 352.587493896484375 352.76873779296875 349.17498779296875 342.600006103515625 336.67498779296875 330.837493896484375 326.899993896484375 323.85626220703125 324.712493896484375 327.493743896484375 334.15625 342.33123779296875 353.25 366.83123779296875 380.08123779296875 388.274993896484375 394.806243896484375 395.431243896484375 388.868743896484375 378.1875 365.037506103515625 351.73126220703125 345.806243896484375 363.112518310546875 392.5625 414.54998779296875 426.8125 430.13751220703125 429.631256103515625 428.306243896484375 425.76251220703125 423.45001220703125 420.66876220703125
247.368743896484375 261.75 277.98126220703125 295.58123779296875 313.34375 330.17498779296875 346.493743896484375 364.662506103515625 376.28125 370.64373779296875 359.03125 346.73126220703125 337.462493896484375 336.21875 337.181243896484375 335.350006103515625 331.506256103515625 326.131256103515625 320.837493896484375 316.23748779296875 314.15625 312.40625 313.899993896484375 321.0625 334.125 350.056243896484375 364.95623779296875 375.881256103515625 382.931243896484375 382.86248779296875 378.631256103515625 374.10626220703125 370.875 367.16876220703125 372.337493896484375 387.03125 406.73126220703125 422.23126220703125 430.100006103515625 431.08123779296875 428.63751220703125 426.399993896484375 424.068756103515625 420.806243896484375 418.61248779296875
250.274993896484375 264.149993896484375 280.61248779296875 298.412506103515625 316.17498779296875 331.649993896484375 348.431243896484375 365.57501220703125 374.92498779296875 366.63751220703125 352.037506103515625 339.068756103515625 324.912506103515625 324.375 328.0625 328.625 326.9375 322.0625 314.60626220703125 308.0625 303.33123779296875 298.66876220703125 296.90625 302.556243896484375 312.818756103515625 327.537506103515625 343.48748779296875 358.04376220703125 368.76873779296875 373.6875 375.912506103515625 376.350006103515625 378.787506103515625 382.63751220703125 392.256256103515625 407.850006103515625 423.068756103515625 430.25 432.17498779296875 431.01873779296875 428.162506103515625 424.21875 421.17498779296875 416.51873779296875 416.26251220703125
258.58123779296875 270.45001220703125 284.3125 301.631256103515625 320.14373779296875 334.431243896484375 347.17498779296875 359.29376220703125 363.931243896484375 359.08123779296875 349.537506103515625 336.993743896484375 327.91876220703125 324.91876220703125 324.725006103515625 325.63751220703125 323.6875 318.649993896484375 311.193756103515625 301.587493896484375 292.9375 285.29376220703125 279.70623779296875 281.23126220703125 291.443756103515625 308.95623779296875 325.024993896484375 343.193756103515625 357.01873779296875 368.21875 374.45623779296875 379.056243896484375 386.38751220703125 394.11248779296875 403.875 413.318756103515625 424.82501220703125 430.806243896484375 430.98126220703125 431.14373779296875 428.287506103515625 423.10626220703125 416.899993896484375 414.51873779296875 408.98126220703125
271.20001220703125 282.393768310546875 292.46875 308.024993896484375 323.04376220703125 334.42498779296875 344.23126220703125 352.631256103515625 354.70001220703125 351.506256103515625 345.306243896484375 338.03125 331.82501220703125 327.54376220703125 325.8125 325.943756103515625 322.70623779296875 317.58123779296875 310.068756103515625 297.587493896484375 287.48748779296875 274.78125 263.53125 260.21875 271.96875 292.23126220703125 312.881256103515625 331.20623779296875 348.13751220703125 362.95001220703125 373.868743896484375 383.59375 394.40625 401.756256103515625 409.149993896484375 415.65625 423.67498779296875 428.86248779296875 430.14373779296875 429.681243896484375 427.662506103515625 420.79376220703125 410.618743896484375 406.26251220703125 401.79998779296875
286.931243896484375 293.45001220703125 302.13751220703125 312.73748779296875 323.399993896484375 332.056243896484375 338.60626220703125 344.0625 345.54376220703125 345.149993896484375 342.82501220703125 338.41876220703125 334.32501220703125 331.40625 329.899993896484375 328.60626220703125 326.962493896484375 320.20001220703125 311.149993896484375 299.91876220703125 286.59375 271.65625 254.975006103515625 248.7937469482421875 263.90625 283.3125 304.4375 322.39373779296875 339.943756103515625 356.10626220703125 370.149993896484375 384.71875 398.76873779296875 404.40625 409.59375 415.318756103515625 422.51873779296875 426.837493896484375 428.818756103515625 429.649993896484375 426.20623779296875 417.6875 405.625 398.45623779296875 403.662506103515625
304.36248779296875 307.631256103515625 312.875 319.35626220703125 324.5 329.79376220703125 335.79998779296875 339.29376220703125 340.631256103515625 341.287506103515625 339.875 337.418731689453125 335.743743896484375 334.51251220703125 333.26873779296875 331.79376220703125 330.625 326.11248779296875 317.48126220703125 306.493743896484375 293.01251220703125 277.149993896484375 265.15625 260.662506103515625 269.07501220703125 283.818756103515625 301.618743896484375 318.931243896484375 335.04376220703125 349.524993896484375 363.524993896484375 377.412506103515625 391.649993896484375 398.67498779296875 405.212493896484375 411.59375 416.79376220703125 422.850006103515625 426.67498779296875 430.33123779296875 431.600006103515625 421.318756103515625 404.58123779296875 396.375 413.42498779296875
320.524993896484375 321.35626220703125 323.0625 324.5625 327.899993896484375 330.306243896484375 332.23126220703125 334.40625 336.34375 337.087493896484375 337.78125 337.225006103515625 336.806243896484375 337.412506103515625 337.86248779296875 338.162506103515625 339.10626220703125 335.193756103515625 328.23126220703125 318.33123779296875 304.82501220703125 289.737518310546875 279.287506103515625 274.131256103515625 278.931243896484375 287.768768310546875 301.70623779296875 316.756256103515625 331.106231689453125 344.53125 356.04376220703125 367.875 381.63751220703125 391.181243896484375 399.625 406.375 411 417.20001220703125 421.962493896484375 425.65625 432.087493896484375 421.818756103515625 405.61248779296875 407.212493896484375 428.037506103515625
332.26873779296875 330.48748779296875 328.90625 327.475006103515625 327.76251220703125 327.162506103515625 328.14373779296875 329.41876220703125 331.51251220703125 332.46875 333.943756103515625 335.95623779296875 338.375 340.67498779296875 342.38751220703125 344.08123779296875 345.931243896484375 347.806243896484375 343.243743896484375 331.08123779296875 316.86248779296875 302.962493896484375 292.15625 287.262481689453125 288.23748779296875 293.975006103515625 304.89373779296875 316.3125 327.350006103515625 338.368743896484375 348.899993896484375 358.41876220703125 370.78125 382.837493896484375 392.66876220703125 398.600006103515625 403.243743896484375 410.006256103515625 410.20001220703125 412.912506103515625 419.39373779296875 420.043731689453125 414.875 422.912506103515625 433.76873779296875
340.33123779296875 335.899993896484375 331.76873779296875 329.04998779296875 327.42498779296875 324.618743896484375 325.256256103515625 325.381256103515625 326.962493896484375 328.42498779296875 330.70623779296875 333.443756103515625 337.60626220703125 340.618743896484375 344.17498779296875 348.26251220703125 353.931243896484375 357.381256103515625 357.39373779296875 344.95001220703125 329.78125 314.506256103515625 304.118743896484375 298 295.993743896484375 300.1875 307.15625 314.65625 323.63751220703125 332.83123779296875 342.1875 351.91876220703125 363.70001220703125 375.51873779296875 385.881256103515625 390.48126220703125 395.287506103515625 402.38751220703125 400.46875 394.818756103515625 403.14373779296875 415.125 422.181243896484375 432.01873779296875 442.931243896484375
345.14373779296875 338.712493896484375 332.681243896484375 328.056243896484375 325.193756103515625 321.625 321.537506103515625 320.25 321.48126220703125 323.20623779296875 325.868743896484375 329.42498779296875 333.725006103515625 339.475006103515625 345.4375 351.75 355.787506103515625 359.09375 359.38751220703125 351.9375 336.96875 323.73126220703125 311.993743896484375 304.712493896484375 303.39373779296875 304.1875 307.631256103515625 313.79376220703125 319.125 327.82501220703125 336.79376220703125 345.818756103515625 356.07501220703125 367.45001220703125 377.787506103515625 382.806243896484375 389.41876220703125 395.26873779296875 390.318756103515625 388.806243896484375 401.3125 418.45001220703125 431.068756103515625 447.98748779296875 462.725006103515625
344.5625 338.20623779296875 331.600006103515625 326.318756103515625 321.71875 319 317 314.6875 314.443756103515625 316.8125 322.412506103515625 325.76873779296875 331.493743896484375 340.225006103515625 346.493743896484375 352.14373779296875 355.381256103515625 358.71875 357.64373779296875 352.1875 341.118743896484375 329 317.225006103515625 311.318756103515625 308.51873779296875 307.48748779296875 309.193756103515625 313.20623779296875 318.20623779296875 325.149993896484375 332.73748779296875 340.600006103515625 350.86248779296875 361.51873779296875 370.28125 377.868743896484375 384.975006103515625 389.868743896484375 387.54376220703125 395.1875 407.96875 424.25 440.64373779296875 459.53125 485.23126220703125
342.70623779296875 336.15625 330.95623779296875 325.65625 320.66876220703125 316.33123779296875 312.631256103515625 309.475006103515625 308.212493896484375 309.88751220703125 315.225006103515625 322.087493896484375 329.42498779296875 336.76873779296875 342.850006103515625 349.82501220703125 355.23126220703125 357.53125 355.04998779296875 350.4375 342.13751220703125 331.256256103515625 321.51251220703125 314.4375 310.95623779296875 308.149993896484375 309.556243896484375 311.806243896484375 316.931243896484375 322.33123779296875 327.818756103515625 335.73748779296875 346.068756103515625 355.681243896484375 365.600006103515625 373.475006103515625 380.212493896484375 385.037506103515625 389.756256103515625 399.28125 410.287506103515625 426.16876220703125 446.181243896484375 466.837493896484375 495.26251220703125
340.84375 335.14373779296875 330.42498779296875 324.6875 317.806243896484375 313.23126220703125 307.88751220703125 304.5 300.975006103515625 300.90625 307.32501220703125 317 327.11248779296875 335.33123779296875 343.01251220703125 348.51251220703125 353.899993896484375 355.40625 353.03125 348.59375 341.84375 331.57501220703125 322.125 314.70623779296875 311.125 308.399993896484375 308.20623779296875 310.51873779296875 313.4375 318.774993896484375 324.774993896484375 331.875 341.10626220703125 350.818756103515625 359.462493896484375 366.40625 373.462493896484375 383.54998779296875 391.07501220703125 400 410.774993896484375 423.95623779296875 442.381256103515625 462.57501220703125 485.48748779296875
339.412506103515625 333.681243896484375 328.70623779296875 323.20001220703125 316.875 311.03125 305.63751220703125 299.443756103515625 293.39373779296875 292.61248779296875 298.875 310.5625 324.381256103515625 335.462493896484375 342.1875 347.524993896484375 350.79998779296875 351.34375 349.943756103515625 346.693756103515625 339.524993896484375 329.29998779296875 319.40625 313.16876220703125 309.256256103515625 306.23748779296875 305.993743896484375 308.48126220703125 311.375 316.131256103515625 322.48748779296875 328.837493896484375 336.368743896484375 346.16876220703125 354.1875 360.568756103515625 370.15625 380.07501220703125 385.868743896484375 395.23126220703125 406.45623779296875 417.79376220703125 431.493743896484375 449.912506103515625 465.92498779296875
336.65625 332.162506103515625 327.975006103515625 322.556243896484375 317.287506103515625 311.681243896484375 304.931243896484375 297.66876220703125 288.78125 282.837493896484375 291.993743896484375 310.76251220703125 326.03125 335.8125 342.34375 345.51873779296875 346.756256103515625 346.38751220703125 345.39373779296875 340.34375 333.774993896484375 324.17498779296875 315.131256103515625 308.20001220703125 304.212493896484375 301.8125 302.10626220703125 305.64373779296875 308.48126220703125 313.756256103515625 319.51873779296875 325.399993896484375 333.625 342.89373779296875 349.88751220703125 357.40625 366.86248779296875 376.625 382.40625 388.35626220703125 396.71875 406.28125 418.38751220703125 433.368743896484375 446.07501220703125
334.712493896484375 331.6875 327.45623779296875 323.08123779296875 319.41876220703125 314.381256103515625 307.90625 299.78125 292.14373779296875 283.67498779296875 300.943756103515625 320.66876220703125 331.3125 338.91876220703125 342.006256103515625 343.587493896484375 341.818756103515625 340.1875 337.4375 331.274993896484375 323.350006103515625 314.912506103515625 308.26251220703125 301.71875 298.32501220703125 296.98748779296875 297.65625 302.1875 306.118743896484375 311.29998779296875 316.08123779296875 321.506256103515625 329.51873779296875 338.756256103515625 344.875 353.63751220703125 362.625 369.899993896484375 376.493743896484375 382.756256103515625 387.29998779296875 396.01873779296875 404.131256103515625 412.01873779296875 422.125
332.40625 330.318756103515625 327.631256103515625 324.54376220703125 321.83123779296875 316.806243896484375 312.943756103515625 307.943756103515625 306.3125 313.39373779296875 332.568756103515625 337.36248779296875 338.91876220703125 341.61248779296875 342.42498779296875 341.462493896484375 337.912506103515625 334.024993896484375 328.6875 320.962493896484375 311.725006103515625 303.89373779296875 297.98748779296875 293.287506103515625 291.181243896484375 291.35626220703125 293.600006103515625 297.993743896484375 302.9375 308.681243896484375 314.962493896484375 319.76251220703125 326.787506103515625 335.8125 345.15625 351.76873779296875 358.524993896484375 366.225006103515625 370.137481689453125 373.54998779296875 377.04376220703125 385.01873779296875 390.806243896484375 397.70623779296875 404.306243896484375
330.787506103515625 329.899993896484375 328.29376220703125 325.66876220703125 324.618743896484375 323.01873779296875 319.868743896484375 319.98748779296875 321.92498779296875 328.274993896484375 338 343.51873779296875 344.9375 344.487518310546875 343.73126220703125 340.23748779296875 334.912506103515625 328.5625 320.131256103515625 311.45623779296875 301.212493896484375 293.243743896484375 286.524993896484375 282.875 283.131256103515625 284.875 287.73126220703125 293.45001220703125 299.04376220703125 304.9375 310.5625 318.59375 328.26251220703125 336.20001220703125 344.6875 351.04998779296875 355.350006103515625 360.8125 364.787506103515625 364.837493896484375 365.962493896484375 372.368743896484375 377.087493896484375 381.82501220703125 387.037506103515625
