data/historical-monthly-weather-data/wc2.1_cruts4.09_10m_prec_1965-08.asc
ncols        45
nrows        45
xllcorner    -63.500000000000
yllcorner    -7.500000000000
cellsize     0.166666666667
NODATA_value -9999
[rows 19 to 37 of 45, columns 0 to 42 of 45]
110.27500152587890625 108.94374847412109375 104.90625 101.38124847412109375 96.6750030517578125 91.90000152587890625 86.16249847412109375 80.15625 76.65000152587890625 71.97499847412109375 66.5749969482421875 59.21875 50.22499847412109375 41.950000762939453125 35.36875152587890625 29.337499618530273438 23.262500762939453125 20.487499237060546875 18.793750762939453125 18.075000762939453125 16.631250381469726562 15.818750381469726562 16.15625 17.975000381469726562 19.643749237060546875 20.743749618530273438 22.543750762939453125 23.693750381469726562 23.956249237060546875 23.03125 23.612499237060546875 28.112499237060546875 30.25 32.49375152587890625 34.9375 36.61875152587890625 37.63124847412109375 38.518749237060546875 38.731250762939453125 37.59999847412109375 34.924999237060546875 32.81874847412109375 31.331249237060546875
100.8125 102.2375030517578125 100.3874969482421875 97.1374969482421875 91.4812469482421875 86.84999847412109375 82.36875152587890625 77.4812469482421875 74.5187530517578125 70.1999969482421875 65.6750030517578125 59.668750762939453125 50.950000762939453125 42.71250152587890625 35.5 29.399999618530273438 23.943750381469726562 20.293750762939453125 19.006250381469726562 17.799999237060546875 17.46875 17.231250762939453125 17.112499237060546875 18.918750762939453125 20.993749618530273438 21.700000762939453125 22.481250762939453125 23.59375 24.600000381469726562 25.950000762939453125 28.037500381469726562 31.5 32.3125 33.200000762939453125 35.325000762939453125 36.706249237060546875 38.27500152587890625 39.03125 38.674999237060546875 37.737499237060546875 35.331249237060546875 33.66249847412109375 32.325000762939453125
95.15000152587890625 95.2624969482421875 94.21875 92.4187469482421875 88.34999847412109375 83.29999542236328125 79.88124847412109375 74.59375 72.3874969482421875 68.34999847412109375 65.46875 61.83750152587890625 56.625 48.706249237060546875 40.424999237060546875 32.47499847412109375 27.462499618530273438 23.612501144409179688 21.387500762939453125 19.762500762939453125 18.3125 17.768749237060546875 17.774999618530273438 19.262500762939453125 20.625 21.5625 24.15625 25.318750381469726562 26.868749618530273438 28.568750381469726562 30.743749618530273438 33.262500762939453125 33.66249847412109375 34.237499237060546875 34.49375152587890625 35.84375 38.012500762939453125 39.518749237060546875 39.487499237060546875 38.206249237060546875 35.94374847412109375 34.1875 32.325000762939453125
89.96250152587890625 93.0625 92.9250030517578125 89.90625 86.40000152587890625 81.78749847412109375 76.4187469482421875 71.125 70.1437530517578125 68.875 67.96875 66.21250152587890625 63.393749237060546875 56.049999237060546875 46.018749237060546875 37.06874847412109375 30.424999237060546875 26.231250762939453125 23.381250381469726562 21.0625 19.681249618530273438 19.049999237060546875 18.743749618530273438 19.118749618530273438 20.693750381469726562 22.143749237060546875 24.768749237060546875 26.931249618530273438 28.3125 29.693750381469726562 31.924999237060546875 34.6875 34.737499237060546875 34.112499237060546875 33.56874847412109375 33.38124847412109375 35.52500152587890625 38.8125 39.77500152587890625 38.21875 36.41249847412109375 34.3125 32.52500152587890625
87.2937469482421875 91.6437530517578125 92.27500152587890625 87.2937469482421875 82.8625030517578125 79.0437469482421875 75.49375152587890625 71.96250152587890625 69 68.8249969482421875 68.7687530517578125 70.1437530517578125 69.1062469482421875 61.393749237060546875 50.96250152587890625 41.63124847412109375 34.55625152587890625 29.5625 25.950000762939453125 23.287500381469726562 21.662500381469726562 20.59375 19.587499618530273438 20.206249237060546875 21.262500762939453125 22.162500381469726562 25.381250381469726562 27.15625 29.075000762939453125 31.193750381469726562 33.83750152587890625 36.33750152587890625 36.27500152587890625 34.768749237060546875 33.77500152587890625 32.918750762939453125 34.55625152587890625 37.893749237060546875 39.293750762939453125 38.049999237060546875 36.27500152587890625 34.53749847412109375 32.668750762939453125
86.5749969482421875 90.5187530517578125 90.4187469482421875 87.25624847412109375 83.1374969482421875 78.9187469482421875 74.81874847412109375 71.75624847412109375 70.15000152587890625 69.9250030517578125 69.08124542236328125 69.3125 68.3249969482421875 62.487499237060546875 53.43125152587890625 45 38.02500152587890625 32.55625152587890625 28.381250381469726562 25.331249237060546875 23.493749618530273438 21.881250381469726562 20.600000381469726562 21.006250381469726562 21.412500381469726562 22.575000762939453125 25.056249618530273438 27.206249237060546875 29.412500381469726562 32.081249237060546875 34.72499847412109375 37.09999847412109375 37.05625152587890625 36.31874847412109375 35.174999237060546875 34.19374847412109375 35.46250152587890625 36.77500152587890625 37.793750762939453125 37.41249847412109375 35.981250762939453125 34.72499847412109375 33.206249237060546875
88.1437530517578125 91.625 88.75 86.6125030517578125 81.375 77.52500152587890625 73.91249847412109375 71.90625 69.2624969482421875 67.91249847412109375 67.2687530517578125 67.1437530517578125 66.0187530517578125 61.012500762939453125 54.09999847412109375 46.36875152587890625 40.049999237060546875 34.887500762939453125 30.225000381469726562 27.137500762939453125 25.168750762939453125 23.09375 21.725000381469726562 21.518749237060546875 21.674999237060546875 22.456249237060546875 25.100000381469726562 27.5 30.056249618530273438 33.13124847412109375 35.84375 38.393749237060546875 37.99375152587890625 37.18125152587890625 36.106250762939453125 35.924999237060546875 36.40625 36.47499847412109375 37.38124847412109375 36.59375 35.643749237060546875 34.59999847412109375 33.612499237060546875
90.2624969482421875 91.56874847412109375 89.59999847412109375 86.56874847412109375 82.03125 78.1875 75.5625 72.21875 68.7937469482421875 68.1999969482421875 67.625 65.77500152587890625 64.1125030517578125 60.393749237060546875 54.768749237060546875 48.018749237060546875 42.41249847412109375 37.112499237060546875 32.75624847412109375 28.918750762939453125 26.243749618530273438 24.262500762939453125 22.399999618530273438 22.506250381469726562 22.606250762939453125 22.793750762939453125 25.768749237060546875 28.431249618530273438 30.918750762939453125 33.75624847412109375 36.99375152587890625 39.15000152587890625 39.27500152587890625 38.71875 37.543750762939453125 37.36875152587890625 36.94374847412109375 37 37.012500762939453125 36.206249237060546875 35.28749847412109375 34.55625152587890625 34.549999237060546875
94.0500030517578125 91.3000030517578125 89.55625152587890625 86.8625030517578125 83.36875152587890625 78.6999969482421875 75.71875 72.58750152587890625 69.84375 68.3625030517578125 66 63.99375152587890625 62.418750762939453125 60.075000762939453125 54.5625 49.03749847412109375 44.34375 39.21250152587890625 34.831249237060546875 30.6875 27.862499237060546875 24.962499618530273438 23.337499618530273438 23.274999618530273438 23.193750381469726562 23.15625 26.174999237060546875 29.206249237060546875 32.018749237060546875 35.02500152587890625 37.78749847412109375 39.83750152587890625 40.08750152587890625 39.331249237060546875 39.16249847412109375 38.424999237060546875 37.46875 37.231250762939453125 37.387500762939453125 36.956249237060546875 35.93125152587890625 35.71875 35.75624847412109375
94.77500152587890625 93.6374969482421875 90.33750152587890625 87.6125030517578125 82.65000152587890625 78.38124847412109375 74.4499969482421875 70.5187530517578125 69.5124969482421875 66.94374847412109375 64.49375152587890625 62.40625 60.84375 59.18125152587890625 54.731250762939453125 49.924999237060546875 46.09999847412109375 41.387500762939453125 36.88124847412109375 32.78749847412109375 29.600000381469726562 26.450000762939453125 24.350000381469726562 23.918750762939453125 23.987499237060546875 23.78125 26.887500762939453125 29.875 32.61875152587890625 35.575000762939453125 38.15625 40.49375152587890625 40.22499847412109375 39.36875152587890625 39.46250152587890625 39.53125 39 38.731250762939453125 38.8125 37.924999237060546875 36.21250152587890625 36.1875 36.77500152587890625
94.86875152587890625 94.4812469482421875 91.0124969482421875 86.38124847412109375 82.4499969482421875 78.5500030517578125 74.1687469482421875 71.3874969482421875 69.09999847412109375 66 63.887500762939453125 62.268749237060546875 60.5625 58.581249237060546875 54.90000152587890625 50.86875152587890625 47.012500762939453125 43.450000762939453125 39.918750762939453125 35.1875 31.756250381469726562 28.956249237060546875 26.799999237060546875 26.149999618530273438 25.806249618530273438 26.09375 28.5 31.21875 33.168750762939453125 35.793750762939453125 38.49375152587890625 40.987499237060546875 40.78749847412109375 40.418750762939453125 40.637500762939453125 40.25 40.9375 41.0625 40.69374847412109375 40.78125 40.018749237060546875 39.512500762939453125 38.74375152587890625
94.53125 93.3312530517578125 88.5812530517578125 85.625 84.18125152587890625 79.50624847412109375 75.3625030517578125 71.1999969482421875 68.1687469482421875 65.09999847412109375 62.387500762939453125 61.97499847412109375 61.268749237060546875 59.25624847412109375 55.03125 51.543750762939453125 49.05625152587890625 45.78749847412109375 42.668750762939453125 38.424999237060546875 34.66249847412109375 30.899999618530273438 28.475000381469726562 27.837499618530273438 27.393749237060546875 27.78125 29.581249237060546875 32.21250152587890625 34.36875152587890625 36.96250152587890625 39.71250152587890625 41.72499847412109375 41.33750152587890625 41.262500762939453125 42.237499237060546875 41.762500762939453125 42.331249237060546875 42.69374847412109375 43.450000762939453125 44.5 43.799999237060546875 41.63124847412109375 40.012500762939453125
93.1687469482421875 92.34375 87.8625030517578125 84.9250030517578125 84.15625 79.58750152587890625 74.97499847412109375 69.9375 67.1999969482421875 64.4875030517578125 61.84999847412109375 60.94374847412109375 59.512500762939453125 58.30625152587890625 55.28749847412109375 53.637500762939453125 51.012500762939453125 47.637500762939453125 44.043750762939453125 40.362499237060546875 36.831249237060546875 33.81874847412109375 30.700000762939453125 29.318750381469726562 29.024999618530273438 29.200000762939453125 30.850000381469726562 33.262500762939453125 35.05625152587890625 37.22499847412109375 40.112499237060546875 41.77500152587890625 41.65625 42.05625152587890625 41.956249237060546875 41.450000762939453125 42.15000152587890625 42.93125152587890625 44.08750152587890625 45.299999237060546875 44.668750762939453125 42.368747711181640625 41.33750152587890625
88.0625 86.7624969482421875 83.8125 82.2937469482421875 80.38124847412109375 76.1687469482421875 73.0625 69.3625030517578125 66.0124969482421875 63.96250152587890625 62.799999237060546875 60.768749237060546875 59 58.543750762939453125 56.06874847412109375 54.96250152587890625 52.78749847412109375 49.918750762939453125 46.331249237060546875 42.71250152587890625 39.36875152587890625 36.268749237060546875 33.512500762939453125 32.924999237060546875 32.53125 32.09999847412109375 33.424999237060546875 34.450000762939453125 36.02500152587890625 37.69374847412109375 40.24375152587890625 41.52500152587890625 41.356250762939453125 41.34375 41.33750152587890625 40.831249237060546875 41.3125 41.737499237060546875 42.74375152587890625 43.78125 42.981250762939453125 41.549999237060546875 40.5
82.61875152587890625 82.5812530517578125 80.3000030517578125 80.15000152587890625 76.28749847412109375 73.63124847412109375 71.84375 68.90000152587890625 65.4875030517578125 62.825000762939453125 61 59.94374847412109375 59.25624847412109375 56.88124847412109375 55.91249847412109375 54.512500762939453125 53.63124847412109375 50.549999237060546875 47.00624847412109375 44.11875152587890625 41.34375 38.59999847412109375 36.36875152587890625 35.4375 35.356250762939453125 35.08750152587890625 35.8125 36.081249237060546875 37.637500762939453125 39.1875 40.93125152587890625 41.674999237060546875 40.75624847412109375 40.043750762939453125 40.231250762939453125 39.71875 40.00624847412109375 40.02500152587890625 40.83750152587890625 41.02500152587890625 41.293750762939453125 40.56874847412109375 39.450000762939453125
78.34999847412109375 77.9562530517578125 76.84999847412109375 75.4562530517578125 73.6437530517578125 71.59999847412109375 69.9250030517578125 67.7687530517578125 63.456249237060546875 61.46250152587890625 59.65000152587890625 59.456249237060546875 57.96250152587890625 57.075000762939453125 56.24375152587890625 55.71875 54.93125152587890625 51.875 48.481250762939453125 45.81874847412109375 43.512500762939453125 40.83750152587890625 38.418750762939453125 37.918750762939453125 37.549999237060546875 37.537502288818359375 37.77500152587890625 37.74375152587890625 38.96250152587890625 40.287502288818359375 40.831249237060546875 40.75624847412109375 39.768749237060546875 38.612499237060546875 38.325000762939453125 37.768749237060546875 37.262500762939453125 37.65625 38.50624847412109375 38.65000152587890625 38.362499237060546875 37.862499237060546875 37.43125152587890625
74.375 74.3625030517578125 72.81874847412109375 71.36875152587890625 70.2375030517578125 67.74375152587890625 65.9375 63.47499847412109375 60.518749237060546875 59.33750152587890625 59.16249847412109375 58.549999237060546875 58.40625 57.66249847412109375 57.3125 57.46875 56.22499847412109375 54.09375 50.362499237060546875 47.72499847412109375 45.956249237060546875 44.52500152587890625 42.106250762939453125 41.69374847412109375 40.956249237060546875 40.362499237060546875 39.96250152587890625 40.518749237060546875 40.40625 40.59375 40.487499237060546875 40.02500152587890625 37.6875 36.8125 35.86875152587890625 34.575000762939453125 34.737499237060546875 35.012500762939453125 35.137500762939453125 35.75624847412109375 35.606250762939453125 35.90625 34.924999237060546875
68.6374969482421875 68.6125030517578125 67.22499847412109375 66.56874847412109375 65.86875152587890625 64.34375 62.981250762939453125 61.706249237060546875 58.674999237060546875 56.81874847412109375 58.956249237060546875 60.668750762939453125 60.9375 59.68125152587890625 59.862499237060546875 58.987499237060546875 57.793750762939453125 55.387500762939453125 52.4375 49.487499237060546875 48.11875152587890625 47.075000762939453125 45.237499237060546875 45.081249237060546875 44.63124847412109375 43.24375152587890625 42.825000762939453125 42.575000762939453125 41.137500762939453125 40.71875 40.40625 38.99375152587890625 36.74375152587890625 34.83750152587890625 33.612499237060546875 32.53749847412109375 32.52500152587890625 32.9375 32.862499237060546875 33.387500762939453125 33.08750152587890625 33.40625 32.56874847412109375
64.2312469482421875 64.58750152587890625 62.91249847412109375 63.3125 63.18125152587890625 61.700000762939453125 60.6875 59.53125 58.237499237060546875 56.637500762939453125 62.481250762939453125 64.71875 63.03125 62.606250762939453125 62.97499847412109375 61.65625 59.56874847412109375 56.55625152587890625 54.831249237060546875 51.99375152587890625 50.71875 49.262500762939453125 47.84999847412109375 47.72499847412109375 47.424999237060546875 46.606250762939453125 45.893749237060546875 45.200000762939453125 43.731250762939453125 42.237499237060546875 40.49375152587890625 39.262500762939453125 37.02500152587890625 33.71875 31.681249618530273438 30.306249618530273438 30.931249618530273438 31.506250381469726562 31.681249618530273438 32.106250762939453125 30.681249618530273438 30.325000762939453125 29.893749237060546875
