data/historical-monthly-weather-data/wc2.1_cruts4.09_10m_prec_1952-01.asc
ncols        51
nrows        45
xllcorner    -63.500000000000
yllcorner    -7.500000000000
cellsize     0.166666666667
NODATA_value -9999
[rows 0 to 19 of 45, columns 0 to 44 of 51]
110.3000030517578125 107.3125 102.13124847412109375 98.53125 94.1875 92.66249847412109375 90.1125030517578125 86.3874969482421875 83.97499847412109375 82.86875152587890625 82.78749847412109375 83.58750152587890625 83.84375 82.1437530517578125 82.25624847412109375 83.5812530517578125 84.9875030517578125 84.75624847412109375 88.34999847412109375 91.97499847412109375 96.05625152587890625 101.25624847412109375 106.6750030517578125 111.9250030517578125 118.7312469482421875 125.0812530517578125 132.4562530517578125 141.181243896484375 150.587493896484375 157.15625 164.024993896484375 171.0437469482421875 176.2312469482421875 182.9875030517578125 188.4187469482421875 194.1687469482421875 197.350006103515625 199.3625030517578125 202.1437530517578125 204.46875 205.9562530517578125 207.6437530517578125 208.25 209.3937530517578125 211.8625030517578125
117.1750030517578125 113.7062530517578125 109.49375152587890625 105.69374847412109375 102.61875152587890625 101.7375030517578125 99.69374847412109375 97.8312530517578125 97.06874847412109375 96.54375457763671875 95.63124847412109375 95.15625 94.1062469482421875 93.2624969482421875 92.79999542236328125 92.84375 93.09375 94.41249847412109375 98.0749969482421875 103.1437530517578125 108.68125152587890625 114.44374847412109375 120.97499847412109375 127.8000030517578125 133.9562530517578125 140.274993896484375 147.868743896484375 155.8562469482421875 163.8249969482421875 170.7312469482421875 176.7937469482421875 182.4250030517578125 187.0437469482421875 194.443756103515625 199.03125 202.1875 207.1999969482421875 208.9812469482421875 210.537506103515625 212.1437530517578125 213.9250030517578125 215.0749969482421875 214.118743896484375 214.524993896484375 215.9875030517578125
124.28125 121.3625030517578125 117.96875 115.3249969482421875 113.5437469482421875 113.4250030517578125 113.03125 113.00624847412109375 113.1437530517578125 113.0749969482421875 112.0625 110.625 109.15625 107.09999847412109375 105.75624847412109375 104.2375030517578125 103.7937469482421875 105.05625152587890625 108.11875152587890625 114.02500152587890625 120.7312469482421875 128.368743896484375 135.6875 142.28125 148.6374969482421875 154.90625 162.412506103515625 169.9875030517578125 176.3874969482421875 181.850006103515625 188.568756103515625 194.649993896484375 200.46875 204.21875 210.100006103515625 212.90625 216.837493896484375 219.6437530517578125 220.774993896484375 221.131256103515625 223.024993896484375 222.96875 221.9187469482421875 221.2062530517578125 220.368743896484375
130.524993896484375 128.25 127.6999969482421875 126.55625152587890625 126.90625 125.75 127.25 129.6750030517578125 131.875 133.193756103515625 131.212493896484375 128.368743896484375 125.53749847412109375 122.5124969482421875 120.40625 117.8562469482421875 115.68125152587890625 115.34375 118.72499847412109375 126.24375152587890625 135.4250030517578125 144.118743896484375 150.462493896484375 157.8937530517578125 164.90625 171.5437469482421875 178.993743896484375 184.1875 189.75 195.1687469482421875 201.0124969482421875 208.118743896484375 212.9187469482421875 216.5437469482421875 220.256256103515625 224.5500030517578125 227.100006103515625 229.90625 231.306243896484375 232.431243896484375 231.9250030517578125 232.1687469482421875 230.5500030517578125 228 226.3625030517578125
141.5124969482421875 137.743743896484375 136.806243896484375 137.71875 139.1187591552734375 140.0500030517578125 141.600006103515625 145.868743896484375 150.850006103515625 154.037506103515625 150.756256103515625 146.631256103515625 143.5500030517578125 140.3562469482421875 137.2687530517578125 133.53125 129.6750030517578125 126.61875152587890625 131.4312591552734375 141.3312530517578125 152.556243896484375 161.2937469482421875 168.149993896484375 175.118743896484375 181.899993896484375 189.868743896484375 194.125 198.4499969482421875 205.4875030517578125 210.0187530517578125 215.3625030517578125 218.9375 224.6999969482421875 229.6062469482421875 233.243743896484375 236.71875 240.2312469482421875 240.7375030517578125 241.931243896484375 242.162506103515625 243.181243896484375 241.506256103515625 239.65625 235.6875 232.78125
151.100006103515625 148.4375 147.7062530517578125 147.7312469482421875 149.131256103515625 150.8125 153.381256103515625 157.25 162.725006103515625 167.3249969482421875 164.056243896484375 161.2687530517578125 158.6750030517578125 156.412506103515625 153.100006103515625 151.25 147.243743896484375 143.9875030517578125 150.9875030517578125 161.6437530517578125 171.6374969482421875 179.256256103515625 186.681243896484375 191.931243896484375 198.46875 205.375 209.6875 213.149993896484375 218.8125 224.3125 228.506256103515625 232.318756103515625 235.625 240.75 246.962493896484375 249.6999969482421875 252.337493896484375 253.65625 254.681243896484375 255.6999969482421875 253.96875 252.4250030517578125 249.1750030517578125 244.943756103515625 241.34375
161.03125 159.024993896484375 158.7937469482421875 157.65625 157.5812530517578125 158.0124969482421875 160.399993896484375 163.556243896484375 167.1875 169.5749969482421875 171.756256103515625 172.59375 173.6374969482421875 173.5124969482421875 172.3625030517578125 172.381256103515625 172.65625 175.875 183.0812530517578125 189.4499969482421875 193.350006103515625 199.306243896484375 203.506256103515625 208.3312530517578125 214.868743896484375 220.256256103515625 224.024993896484375 227.625 231.399993896484375 236.21875 242.1125030517578125 246.056243896484375 248.618743896484375 252.256256103515625 257.0625 261.57501220703125 264.149993896484375 266.381256103515625 269.32501220703125 267.98126220703125 264.6875 262.225006103515625 258.57501220703125 254.1187591552734375 249.7062530517578125
172.225006103515625 168.587493896484375 168.006256103515625 167.5437469482421875 166.9187469482421875 167.6500091552734375 167.96875 166.5812530517578125 166.431243896484375 171.375 178.9187469482421875 184.46875 189.181243896484375 190.787506103515625 192.6750030517578125 195.125 199.5124969482421875 207.5500030517578125 218.2937469482421875 218.7687530517578125 216.212493896484375 218.306243896484375 220.943756103515625 225.381256103515625 231.774993896484375 235.90625 238.225006103515625 240.8249969482421875 245.568756103515625 250.6875 254.756256103515625 258.89373779296875 261.056243896484375 264.162506103515625 268.068756103515625 272.256256103515625 275.40625 277.92498779296875 279.53125 279.40625 276.993743896484375 274.23126220703125 270.36248779296875 264.90625 261.493743896484375
182.399993896484375 178.8562469482421875 178.412506103515625 177.068756103515625 176.9250030517578125 176.5124969482421875 176.0500030517578125 174.4562530517578125 172.118743896484375 175.3000030517578125 187.8000030517578125 196.7624969482421875 204.5 208.0812530517578125 211.243743896484375 214.4812469482421875 219.318756103515625 227.8125 237.3625030517578125 235.9875030517578125 230.6374969482421875 232.15625 233.84375 240.712493896484375 246.3562469482421875 249.681243896484375 251.6374969482421875 252.681243896484375 257.193756103515625 262.875 267.88751220703125 270.14373779296875 272.375 274.399993896484375 277.625 280.89373779296875 285.056243896484375 287.743743896484375 289.306243896484375 289.631256103515625 287.04998779296875 284.006256103515625 282.41876220703125 278.95623779296875 274.912506103515625
192.5187530517578125 189.118743896484375 187.6125030517578125 186.725006103515625 186.912506103515625 187.21875 187.0812530517578125 187.2624969482421875 188.5124969482421875 194.6937408447265625 204.975006103515625 214.0812530517578125 221.850006103515625 226.4187469482421875 229.6687469482421875 232.875 235.7687530517578125 240.375 243.912506103515625 243.662506103515625 239.7937469482421875 241.6437530517578125 245.0124969482421875 254.15625 258.34375 260.375 262.056243896484375 263.556243896484375 266.581268310546875 272.024993896484375 276.350006103515625 279.306243896484375 282.20001220703125 284.95623779296875 288.28125 290.587493896484375 293.76251220703125 296.850006103515625 298.29376220703125 298.82501220703125 298.556243896484375 296.181243896484375 294.274993896484375 289.70001220703125 286.95623779296875
203.8000030517578125 200.65625 198.1999969482421875 196.931243896484375 196.4562530517578125 197.8625030517578125 199.2687530517578125 202.65625 207.15625 215.03125 226.6687469482421875 235.899993896484375 241.350006103515625 244.8249969482421875 246.850006103515625 248.287506103515625 248.462493896484375 249.056243896484375 248.381256103515625 246.412506103515625 245.899993896484375 248.1437530517578125 255.1875 262.65625 270.09375 270.26873779296875 270.774993896484375 272.162506103515625 274.618743896484375 277.88751220703125 282.17498779296875 286.306243896484375 290.1875 293.681243896484375 296.79376220703125 300.10626220703125 302.787506103515625 304.4375 306.975006103515625 308.625 308.57501220703125 305.10626220703125 303.337493896484375 299.53125 297.01873779296875
212.9187469482421875 209.568756103515625 207.681243896484375 207.649993896484375 207.881256103515625 209.34375 212.4375 219.0500030517578125 226 234.8000030517578125 247.59375 259.32501220703125 262.493743896484375 263.443756103515625 264.01873779296875 262.65625 261.3125 257.3125 254.3000030517578125 249.5749969482421875 247.6374969482421875 251.1062469482421875 261.518768310546875 273.67498779296875 279.03125 275.181243896484375 275.29998779296875 276.45001220703125 279.70001220703125 284.774993896484375 289.225006103515625 292.78125 296.9375 300.568756103515625 304.04376220703125 307.524993896484375 310.40625 311.76251220703125 314.03125 316.256256103515625 316.243743896484375 312.32501220703125 306.725006103515625 300.712493896484375 295.662506103515625
223.118743896484375 220.243743896484375 218.962493896484375 218.756256103515625 219.2624969482421875 223.056243896484375 227.34375 233.8249969482421875 242.3125 252.850006103515625 266 278.29998779296875 281.962493896484375 279.125 278.48126220703125 276.23126220703125 272.58123779296875 268.368743896484375 263.01251220703125 255.912506103515625 247.806243896484375 252.9812469482421875 266.056243896484375 275.087493896484375 274.0625 271.375 276.274993896484375 281.193756103515625 285.149993896484375 291.056243896484375 295.893768310546875 299.149993896484375 302.412506103515625 305.83123779296875 309.21875 312.681243896484375 315 316.26251220703125 317.712493896484375 319.568756103515625 320.9375 315.574981689453125 303.61248779296875 292.118743896484375 285.100006103515625
231.712493896484375 229.71875 228.837493896484375 229.162506103515625 230.5812530517578125 233.7687530517578125 239.3000030517578125 248.306243896484375 257.70623779296875 268.91876220703125 279.96875 290.03125 292.787506103515625 292.537506103515625 289.725006103515625 288.20001220703125 283.41876220703125 279.225006103515625 272.587493896484375 265.85626220703125 260.58123779296875 263.868743896484375 270.70001220703125 276.10626220703125 274.162506103515625 273.975006103515625 279.350006103515625 284.774993896484375 291.17498779296875 296.91876220703125 301.90625 305.23748779296875 307.600006103515625 309.625 313.35626220703125 316.14373779296875 318.82501220703125 321.04998779296875 320.837493896484375 320.10626220703125 317.54376220703125 303.76873779296875 293.037506103515625 286.256256103515625 282.51251220703125
238.681243896484375 237.0500030517578125 237.2312469482421875 238.1750030517578125 241.1750030517578125 245.662506103515625 252.837493896484375 261.4375 270.625 280.475006103515625 291.493743896484375 299.899993896484375 303.868743896484375 304.90625 301.89373779296875 299.36248779296875 294.368743896484375 288.431243896484375 282.662506103515625 278.32501220703125 274.975006103515625 274.71875 278.8125 280.943756103515625 282.0625 283.10626220703125 287.35626220703125 293.23126220703125 298.89373779296875 305.306243896484375 309.181243896484375 310.29376220703125 313.412506103515625 314.024993896484375 316.07501220703125 317.41876220703125 320.64373779296875 324.087493896484375 322.70623779296875 313.149993896484375 299.70623779296875 290.625 287.350006103515625 284.09375 278.25
244.399993896484375 242.75 243.84375 245.5749969482421875 249.649993896484375 255.1687469482421875 263.26251220703125 272.056243896484375 280.39373779296875 290.73748779296875 301.5625 310.024993896484375 314.931243896484375 316.600006103515625 314.61248779296875 308.475006103515625 304.193756103515625 298.63751220703125 292.36248779296875 288.774993896484375 288.337493896484375 288.243743896484375 289.943756103515625 290.51251220703125 290.79376220703125 291.75 294.8125 301.806243896484375 308.6875 315.6875 319.01873779296875 318.306243896484375 316.431243896484375 315.556243896484375 315.45001220703125 319.15625 322.75 324.53125 321.01873779296875 307.681243896484375 289.068756103515625 282.04998779296875 281.85626220703125 278.381256103515625 273.83123779296875
248.024993896484375 247.087493896484375 248.149993896484375 251.1750030517578125 256.649993896484375 263.01873779296875 272.09375 281.20001220703125 289.84375 299.35626220703125 310.75 320.48126220703125 326.006256103515625 328.243743896484375 326.67498779296875 321.225006103515625 310.387481689453125 304.29998779296875 300.54376220703125 300.193756103515625 299.881256103515625 300.712493896484375 301.287506103515625 299.82501220703125 300.506256103515625 299.8125 301.6875 308.725006103515625 317.98126220703125 326.33123779296875 330.64373779296875 328.54376220703125 322.82501220703125 317.51251220703125 318.98126220703125 322.66876220703125 324.618743896484375 328.024993896484375 328.712493896484375 311.07501220703125 292.23748779296875 283.212493896484375 278.23126220703125 274.38751220703125 270.34375
251.212493896484375 250.6062469482421875 252.1750030517578125 256.493743896484375 262.04376220703125 269.85626220703125 279.61248779296875 289.20001220703125 297.70001220703125 307.51251220703125 317.15625 329.42498779296875 336.67498779296875 339.59375 337.48748779296875 330.0625 318.475006103515625 308.01251220703125 308.818756103515625 309.76873779296875 311.618743896484375 311.98748779296875 311.58123779296875 309.26251220703125 308.15625 307.774993896484375 307.39373779296875 316.443756103515625 328.64373779296875 338.75 340.82501220703125 329.82501220703125 322.3125 318.318756103515625 317.13751220703125 319.993743896484375 325.59375 329.118743896484375 325.774993896484375 314.475006103515625 296.21875 284.16876220703125 277.024993896484375 272.58123779296875 268.506256103515625
251.350006103515625 251.412506103515625 254.118743896484375 260.006256103515625 267 275.756256103515625 284.59375 295.64373779296875 304.76251220703125 314.48748779296875 323.71875 333.756256103515625 343.537506103515625 351.51251220703125 347.45001220703125 336.0625 322.20623779296875 311.3125 308.368743896484375 313.006256103515625 319.10626220703125 322.09375 315.875 315.618743896484375 314.76873779296875 315.61248779296875 318.631256103515625 325.412506103515625 337.96875 348.756256103515625 351.58123779296875 335.399993896484375 322.76873779296875 310.96875 306.4375 312.90625 320.993743896484375 324.256256103515625 323.92498779296875 314.131256103515625 298.64373779296875 284.931243896484375 276.243743896484375 271.693756103515625 267.34375
250.59375 250.943756103515625 254.5749969482421875 260.01873779296875 268.412506103515625 279.54376220703125 289.79998779296875 300 308.943756103515625 318.256256103515625 326.412506103515625 336.818756103515625 350.475006103515625 363.83123779296875 354.587493896484375 335.63751220703125 318.725006103515625 312.868743896484375 311.537506103515625 315.3125 318.412506103515625 317.8125 318.024993896484375 317.98748779296875 318.631256103515625 321.962493896484375 325.462493896484375 332.85626220703125 340.225006103515625 345.274993896484375 344.193756103515625 330.756256103515625 315.006256103515625 298.38751220703125 290.46875 299.443756103515625 315.056243896484375 325.73748779296875 326.412506103515625 318.118743896484375 302.79376220703125 286.21875 278.34375 273.0625 268.01873779296875
