data/historical-monthly-weather-data/wc2.1_cruts4.09_10m_prec_2013-03.asc
ncols        45
nrows        45
xllcorner    -63.500000000000
yllcorner    -7.500000000000
cellsize     0.166666666667
NODATA_value -9999
[rows 0 to 19 of 45, columns 0 to 44 of 45]
210.493743896484375 202.318756103515625 194.475006103515625 192.462493896484375 188.399993896484375 184.09375 176.681243896484375 169.25 162.9187469482421875 159.8000030517578125 160.024993896484375 162.34375 165.087493896484375 165.8125 168.5124969482421875 171.3125 176.181243896484375 177.587493896484375 181.3249969482421875 184.71875 188.90625 192.1687469482421875 196.493743896484375 200.9375 207.743743896484375 214.9562530517578125 224.662506103515625 238.2937469482421875 252.087493896484375 267.5 288.587493896484375 307.4375 328.95623779296875 354.25 378.868743896484375 398.53125 415.98126220703125 433.73126220703125 447.649993896484375 458.59375 469.45623779296875 475.962493896484375 479.212493896484375 483.0625 475.5
222.131256103515625 215.037506103515625 212.943756103515625 212.40625 210.912506103515625 206.2624969482421875 198.681243896484375 192.287506103515625 188.399993896484375 185.5437469482421875 185.125 186.15625 187.5749969482421875 188.0187530517578125 189.53125 191.743743896484375 195.375 198.931243896484375 202.625 206.5749969482421875 210.7375030517578125 214.600006103515625 219.7937469482421875 225.59375 232.337493896484375 240.03125 249.0500030517578125 262.25 275.006256103515625 292.95001220703125 314.649993896484375 338.618743896484375 360.10626220703125 388.743743896484375 412.41876220703125 434.73748779296875 456.412506103515625 475.85626220703125 490.11248779296875 500.63751220703125 512.95623779296875 518.71875 521.21875 523.5625 516.03125
230.3312530517578125 225.1999969482421875 225.8874969482421875 227.34375 226.6875 223.631256103515625 220.53125 218.0124969482421875 215.8000030517578125 214.587493896484375 212.368743896484375 211.5124969482421875 212.100006103515625 212.068756103515625 212.837493896484375 215.3249969482421875 218.1374969482421875 221.875 224.899993896484375 228.524993896484375 233.899993896484375 239.506256103515625 244.587493896484375 252.3499908447265625 260.868743896484375 268.118743896484375 277.04376220703125 289.04998779296875 299.868743896484375 316.90625 339.524993896484375 363.3125 387.36248779296875 413.493743896484375 442.681243896484375 463.53125 487.75 512.375 526.85626220703125 540.2249755859375 552.6624755859375 556.23748779296875 556.8812255859375 555.85626220703125 549
235.806243896484375 233.5187530517578125 238.59375 241.337493896484375 242.556243896484375 241.2624969482421875 241.5437469482421875 242.9812469482421875 244.662506103515625 244.8937530517578125 241.9562530517578125 238.4187469482421875 236.350006103515625 235.15625 235.993743896484375 237.90625 241.8625030517578125 245.9499969482421875 249.1750030517578125 252.225006103515625 259.568756103515625 265.324981689453125 269.931243896484375 278.88751220703125 288.8125 297.17498779296875 305.443756103515625 313.66876220703125 323.14373779296875 340.818756103515625 360.806243896484375 386.38751220703125 410.725006103515625 437.54998779296875 466.862518310546875 493.09375 520.64373779296875 548.2562255859375 566.78753662109375 580.34375 590.33123779296875 593.75 593.04998779296875 588.59375 579.7437744140625
247.9812469482421875 244.631256103515625 247.7687530517578125 253.1312408447265625 256.32501220703125 257.45623779296875 259.0625 263.66876220703125 269.837493896484375 273.82501220703125 269.631256103515625 262.712493896484375 259.32501220703125 259.11248779296875 258.78125 261.381256103515625 264.899993896484375 270.13751220703125 272.26873779296875 274.350006103515625 283.14373779296875 289.16876220703125 296.037506103515625 306.806243896484375 317.493743896484375 327.07501220703125 332.20623779296875 338.54376220703125 349.568756103515625 363.91876220703125 384.76251220703125 406.89373779296875 434.943756103515625 464.212493896484375 494.681243896484375 523.8499755859375 553.4312744140625 582.58123779296875 603.90625 617.23126220703125 629.8499755859375 628.8812255859375 625.23126220703125 620.6312255859375 607.34375
257.475006103515625 255.225006103515625 260.037506103515625 262.5625 262.54376220703125 264.681243896484375 267.024993896484375 271.35626220703125 279.006256103515625 285.76251220703125 279.73126220703125 273.09375 271.85626220703125 271.51251220703125 272.8125 276.04376220703125 280.662506103515625 286.649993896484375 291.15625 294.08123779296875 303.287506103515625 312.01873779296875 320.76873779296875 331.25 342.23126220703125 353.399993896484375 358.087493896484375 362.10626220703125 369.51873779296875 384.70623779296875 403.087493896484375 424.98126220703125 450.25 483.67498779296875 517.0687255859375 545.28125 578.16876220703125 608.1812744140625 630.26251220703125 647.0374755859375 656.0374755859375 655.04376220703125 650.5562744140625 644.0374755859375 627.8062744140625
264.82501220703125 262.39373779296875 266.125 266.3125 264 265.100006103515625 266.95623779296875 268.41876220703125 271.01251220703125 273.65625 275.537506103515625 275.3125 277.33123779296875 279.66876220703125 282.98126220703125 287.274993896484375 292.85626220703125 298.95623779296875 304.462493896484375 312.056243896484375 322.10626220703125 333.89373779296875 344.100006103515625 355.493743896484375 367.54998779296875 377.993743896484375 382.193756103515625 384.568756103515625 388.10626220703125 400.462493896484375 421.056243896484375 441.33123779296875 466.631256103515625 496.837493896484375 530.92498779296875 561.88751220703125 593.29376220703125 624.4000244140625 653.1187744140625 667.63751220703125 670.98126220703125 670.4124755859375 665.6500244140625 659.0875244140625 646.0999755859375
268.32501220703125 265.53125 266.912506103515625 267.07501220703125 265.96875 266.306243896484375 264.20001220703125 259.45001220703125 255.3874969482421875 258.118743896484375 267.11248779296875 273.837493896484375 280.84375 286.712493896484375 291.54998779296875 297.17498779296875 301.90625 308.09375 315.712493896484375 325.54998779296875 339.28125 353.725006103515625 367.006256103515625 378.725006103515625 393.368743896484375 402.556243896484375 403.806243896484375 404.48126220703125 404.962493896484375 415.693756103515625 432.587493896484375 455.53125 479.26873779296875 508.73748779296875 541.85626220703125 572 603.4937744140625 634.01873779296875 660.61248779296875 674.0875244140625 679.3812255859375 678.5374755859375 674.07501220703125 667.17498779296875 651.875
271.14373779296875 268.01873779296875 269.61248779296875 269.943756103515625 268.225006103515625 267.67498779296875 264.36248779296875 257.26873779296875 247.2937469482421875 246.7624969482421875 260.57501220703125 271.693756103515625 282.20001220703125 288.73126220703125 295.48748779296875 302.70001220703125 308.48748779296875 315.51251220703125 325.66876220703125 336.54998779296875 349.36248779296875 367.46875 383.037506103515625 401.8125 417.17498779296875 425.04998779296875 421.818756103515625 418.67498779296875 419.5 426.837493896484375 442.04376220703125 462.725006103515625 485.32501220703125 512.10626220703125 541.5250244140625 571.73748779296875 604.89373779296875 633.71875 658.51873779296875 671.25 677.22503662109375 676.32501220703125 673.5562744140625 666.76251220703125 646.75
273.85626220703125 270.53125 271.493743896484375 271.73748779296875 270.95623779296875 270.600006103515625 268.256256103515625 262.61248779296875 256.33123779296875 256.806243896484375 265.88751220703125 273.931243896484375 284.03125 291.756256103515625 299.25 307.64373779296875 315.381256103515625 323.20623779296875 333.149993896484375 344.5625 359.149993896484375 379.75 401.33123779296875 425.26251220703125 438.92498779296875 446.17498779296875 441.337493896484375 435.306243896484375 432.04376220703125 435.375 446.443756103515625 466.84375 489.743743896484375 516.5374755859375 543.7125244140625 571.2562255859375 601.3062744140625 630.23126220703125 654.4749755859375 669.4375 677.4124755859375 677.98126220703125 671.29376220703125 656.9749755859375 638.42498779296875
276.23748779296875 273.318756103515625 273.46875 274.03125 274.475006103515625 275.57501220703125 274.58123779296875 270.20623779296875 267.54376220703125 269.443756103515625 274.98748779296875 281.61248779296875 288.912506103515625 297.04998779296875 305.07501220703125 313.25 321.3125 329.83123779296875 338.76873779296875 350.34375 368.962493896484375 392.17498779296875 420.04376220703125 443.056243896484375 463.024993896484375 466.10626220703125 458.681243896484375 453.631256103515625 447.09375 445.51251220703125 455.037506103515625 471.08123779296875 491.63751220703125 516.53125 542.82501220703125 567.625 594.7249755859375 622.0687255859375 645.9937744140625 664.3499755859375 673.45001220703125 671.40625 661.4749755859375 645.51873779296875 625.85626220703125
278.068756103515625 275.806243896484375 276.181243896484375 277.70623779296875 277.84375 280.70001220703125 281.993743896484375 279.806243896484375 278.981231689453125 280.475006103515625 284.53125 289.66876220703125 295.350006103515625 302.662506103515625 312.73126220703125 320.86248779296875 326.475006103515625 333.9375 342.818756103515625 353.60626220703125 370.943756103515625 397.10626220703125 430.475006103515625 461.84375 479.1875 473.912506103515625 464.25 458.649993896484375 456.118743896484375 458.09375 461.337493896484375 471.806243896484375 489.118743896484375 510.693756103515625 533.48748779296875 559.76251220703125 587.2562255859375 613.66876220703125 635.5562744140625 655.9124755859375 667.0062255859375 661.6875 644.76251220703125 618.16876220703125 592.01873779296875
279.66876220703125 277.662506103515625 278.79998779296875 279.8125 281.037506103515625 285.131256103515625 287.04376220703125 287.287506103515625 287.40625 290.26873779296875 295.26873779296875 299.875 305.96875 310.71875 319.600006103515625 327.006256103515625 331.743743896484375 339.64373779296875 349.243743896484375 358.162506103515625 372.399993896484375 398.96875 432.58123779296875 460.0625 467.86248779296875 465.6875 465.86248779296875 464.912506103515625 465.11248779296875 467.506256103515625 469.54998779296875 473.25 485.600006103515625 503.806243896484375 523.9437255859375 547.0625 573.7562255859375 599.9437255859375 623.8812255859375 646.875 661.53125 652.28125 620.75 588.1500244140625 557.2437744140625
279.868743896484375 278.92498779296875 280.23126220703125 281.587493896484375 283.88751220703125 287.006256103515625 290.756256103515625 293.96875 296.98748779296875 300.506256103515625 305.03125 310.149993896484375 315.399993896484375 321.63751220703125 326.125 333.13751220703125 337.368743896484375 344.61248779296875 353.524993896484375 363.818756103515625 381.95623779296875 406.243743896484375 433.712493896484375 452.587493896484375 460.837493896484375 465.51873779296875 468.037506103515625 469.100006103515625 470.3125 472.32501220703125 475.09375 476.42498779296875 482.350006103515625 494.07501220703125 510.71875 534.17498779296875 561.67498779296875 586.36248779296875 608.4375 628.9000244140625 641.67498779296875 622.5562744140625 595.4375 570.58123779296875 544.45001220703125
279.399993896484375 277.881256103515625 279.91876220703125 283.26251220703125 286.625 290.375 295.90625 301.0625 304.681243896484375 308.8125 314.350006103515625 319.54376220703125 324.850006103515625 330.40625 332.350006103515625 337.875 341.38751220703125 349.693756103515625 357.600006103515625 367.57501220703125 387.71875 410.90625 434.48748779296875 450.29376220703125 461.618743896484375 471.600006103515625 474.38751220703125 475.60626220703125 478.03125 480.006256103515625 477.631256103515625 475.537506103515625 480.38751220703125 483.912506103515625 494.10626220703125 519.95623779296875 549.8812255859375 574.70623779296875 589.7874755859375 599.1624755859375 598.54376220703125 589.0875244140625 578.3375244140625 559.4312744140625 538.79376220703125
276.67498779296875 276.16876220703125 279.524993896484375 283.837493896484375 288.41876220703125 294.76873779296875 300.59375 306.118743896484375 312.32501220703125 318.21875 323.21875 329.4375 335.14373779296875 339.912506103515625 341.681243896484375 343.4375 345.649993896484375 353.8125 361.29376220703125 371.83123779296875 391.625 413.70001220703125 435.931243896484375 450.25 462.024993896484375 474.306243896484375 478.6875 482.125 487.21875 488.037506103515625 486.024993896484375 481.0625 480.21875 482.01873779296875 488.23748779296875 522.0687255859375 548.4312744140625 560.95001220703125 567.26873779296875 571.5374755859375 569.58123779296875 565.60626220703125 559.16876220703125 546.41876220703125 529.5062255859375
274.337493896484375 275.181243896484375 278.5625 284.16876220703125 290.493743896484375 297.649993896484375 305.8125 312.61248779296875 319.39373779296875 326.26873779296875 331.587493896484375 338.90625 345.5 349.125 351.82501220703125 351.368743896484375 349.350006103515625 355.125 363.712493896484375 373.5625 393.41876220703125 415.850006103515625 438.3125 452 464.78125 474.92498779296875 480.67498779296875 486.850006103515625 491.79376220703125 494.73126220703125 493.381256103515625 488.131256103515625 487.82501220703125 494.83123779296875 518.96875 546.75 557.73748779296875 557.14373779296875 553.16876220703125 550.41876220703125 551.07501220703125 548.46875 540.91876220703125 531.01873779296875 519.4437255859375
270.67498779296875 272.67498779296875 278.23748779296875 285.65625 293.193756103515625 301.20623779296875 309.618743896484375 318.100006103515625 326.100006103515625 333.40625 340.068756103515625 349.087493896484375 354.631256103515625 359.29998779296875 360.84375 358.462493896484375 355.681243896484375 353.5625 364.431243896484375 373.41876220703125 394.01251220703125 414.73126220703125 434.26873779296875 447.23126220703125 459.837493896484375 473.649993896484375 478.149993896484375 486.75 495.26873779296875 498.29998779296875 494.881256103515625 481.89373779296875 484.29376220703125 499.51251220703125 532.29376220703125 573.39373779296875 566.1624755859375 551.57501220703125 541.0562744140625 538.5250244140625 534.7562255859375 531.8187255859375 526.84375 518.64373779296875 508.23748779296875
266.32501220703125 269.67498779296875 276.25 285.0625 294.79376220703125 304.993743896484375 314.850006103515625 324.337493896484375 332.54376220703125 340.48748779296875 347.71875 354.35626220703125 362.381256103515625 368.60626220703125 367.475006103515625 363.26873779296875 358.462493896484375 354.90625 359.11248779296875 368.15625 389.931243896484375 411.51873779296875 423.787506103515625 437.5 452.15625 467.943756103515625 475.58123779296875 482.67498779296875 492.774993896484375 498.21875 496.66876220703125 478.25 472.274993896484375 474.95001220703125 496.66876220703125 531.1187744140625 534.0562744140625 529.3187255859375 527.2125244140625 524.0687255859375 522.0562744140625 518.0062255859375 514.5374755859375 508.899993896484375 499.79998779296875
259.46875 265.0625 272.993743896484375 283.287506103515625 294.962493896484375 307.631256103515625 319.381256103515625 330.256256103515625 339.10626220703125 346.59375 353.399993896484375 359.51873779296875 368.61248779296875 376.899993896484375 372.11248779296875 362.181243896484375 353.04376220703125 354.16876220703125 355.743743896484375 362.60626220703125 379.012481689453125 395.54998779296875 412.412506103515625 425.1875 440.04998779296875 455.20001220703125 464.556243896484375 474.63751220703125 482.3125 483.57501220703125 477.76251220703125 463.73748779296875 447.45001220703125 433.087493896484375 429.28125 455.75 486.399993896484375 501.29376220703125 508.95001220703125 511.975006103515625 510.725006103515625 507.25 505.649993896484375 502.181243896484375 495.32501220703125
