data/historical-monthly-weather-data/wc2.1_cruts4.09_10m_prec_2023-11.asc
ncols        45
nrows        45
xllcorner    -63.500000000000
yllcorner    -7.500000000000
cellsize     0.166666666667
NODATA_value -9999
[rows 19 to 37 of 45, columns 0 to 43 of 45]
197.4875030517578125 194.837493896484375 191.5500030517578125 188.8249969482421875 185.837493896484375 182.350006103515625 177.756256103515625 172.4375 168.662506103515625 164.34375 158.6374969482421875 151.993743896484375 144.375 136.756256103515625 131.375 126.86875152587890625 122.75 123.1875 124.90625 128.21875 131.0500030517578125 130.9562530517578125 129.90625 127.4375 124.7312469482421875 120.65000152587890625 114.61875152587890625 107.33750152587890625 96.6437530517578125 85.8125 78.74375152587890625 78.4875030517578125 79.5749969482421875 81 81.08750152587890625 77.19374847412109375 72.78749847412109375 68.22499847412109375 62.59999847412109375 56.581249237060546875 50.581249237060546875 46.075000762939453125 41 36.69374847412109375
191.5124969482421875 190.5187530517578125 188.75 186.631256103515625 183.693756103515625 181.368743896484375 178.6750030517578125 175.1125030517578125 172.693756103515625 168.9250030517578125 164.118743896484375 158.4499969482421875 151.712493896484375 143.462493896484375 137.5 131.493743896484375 126.47499847412109375 124.7062530517578125 126.16249847412109375 127.2062530517578125 129.756256103515625 130.8625030517578125 129.975006103515625 127.78125 125.28125 121.3125 115.0812530517578125 106.55625152587890625 97.66249847412109375 91.5437469482421875 86.86875152587890625 85.6125030517578125 85.17499542236328125 85.3625030517578125 85.02500152587890625 81.4812469482421875 76.30625152587890625 71 64.6999969482421875 58.331249237060546875 51.81874847412109375 46.831249237060546875 41.8125 37.200000762939453125
186.6374969482421875 185 184.2624969482421875 183.087493896484375 181.537506103515625 180.15625 179.100006103515625 176.931243896484375 176.5 174.2937469482421875 170.5625 166.524993896484375 160.7375030517578125 152.5124969482421875 145.28125 138.256256103515625 133.09375 129.8249969482421875 128.725006103515625 128.725006103515625 128.493743896484375 128.556243896484375 128.443756103515625 126.09375 123.125 119.5500030517578125 115.19374847412109375 108.34375 101.9187469482421875 97.5124969482421875 93.2312469482421875 91.65625 90.3874969482421875 90.5625 90.34375 86.24375152587890625 80.7062530517578125 74.69374847412109375 67.3625030517578125 60.450000762939453125 53.46250152587890625 48.049999237060546875 42.825000762939453125 38.237499237060546875
182.131256103515625 182.006256103515625 181.337493896484375 180.5749969482421875 179.774993896484375 178.943756103515625 178.100006103515625 178.2249908447265625 179.625 178.493743896484375 176.7375030517578125 174.118743896484375 171.9250030517578125 164.399993896484375 154.09375 145 138.4187469482421875 134.306243896484375 131.4187469482421875 129.6125030517578125 128.537506103515625 127.52500152587890625 126.40625 123.94374847412109375 121.84999847412109375 119.13124847412109375 115.11875152587890625 110.4187469482421875 105.03749847412109375 101.59999847412109375 99.00624847412109375 97.66249847412109375 96.6125030517578125 96.2937469482421875 95.22499847412109375 90.99375152587890625 85.19374847412109375 78.03125 69.9812469482421875 62.49375152587890625 55.375 49.487499237060546875 43.956249237060546875 39.125
178.087493896484375 178.2312469482421875 177.90625 176.6437530517578125 176.368743896484375 177.0500030517578125 177.4250030517578125 178.649993896484375 179.8000030517578125 179.6999969482421875 179.0437469482421875 180.149993896484375 180.587493896484375 172.462493896484375 160.524993896484375 150.59375 143.149993896484375 138.318756103515625 134.2312469482421875 130.7687530517578125 128.9499969482421875 127.25624847412109375 125.1062469482421875 122.7624969482421875 120.8937530517578125 118.40625 116.77500152587890625 112.0812530517578125 108.44374847412109375 106.1687469482421875 105.2937469482421875 104.77500152587890625 103.00624847412109375 101.50624847412109375 99.88124847412109375 95.9499969482421875 89.90625 81.63124847412109375 73.2937469482421875 65.3625030517578125 57.875 51.75 46.03125 40.97499847412109375
176.743743896484375 175.8937530517578125 175.368743896484375 174.28125 174.712493896484375 175.162506103515625 175.625 176.8625030517578125 178.506256103515625 178.90625 179.243743896484375 178.96875 178.3249969482421875 172.3562469482421875 162.7750091552734375 153.65625 146.274993896484375 140.5749969482421875 136.056243896484375 131.962493896484375 129.1687469482421875 126.13124847412109375 124.05625152587890625 121.5187530517578125 119.3625030517578125 118.46875 117.0749969482421875 114.3874969482421875 111.4375 111.0812530517578125 110.875 110.9875030517578125 108.46875 105.93125152587890625 102.9187469482421875 97.94374847412109375 91.88124847412109375 83.8125 75.71250152587890625 68.00624847412109375 60.36875152587890625 54.05625152587890625 48.43125152587890625 43.518749237060546875
178.212493896484375 177.21875 173.912506103515625 173.087493896484375 172.1999969482421875 172.34375 172.6062469482421875 173.71875 175.149993896484375 175.8562469482421875 176.0500030517578125 175.7937469482421875 173.868743896484375 169.256256103515625 162.256256103515625 154.9375 148.5437469482421875 142.8937530517578125 138.068756103515625 133.75 130.1437530517578125 126.4812469482421875 123.1750030517578125 119.79999542236328125 118.5124969482421875 118.5437469482421875 118.3937530517578125 117.1062469482421875 115.41249847412109375 115.9875030517578125 116.3625030517578125 116.71875 113.46875 109.1062469482421875 104.8874969482421875 99.2062530517578125 92.71250152587890625 85.41249847412109375 78.0812530517578125 70.47499847412109375 63.049999237060546875 56.674999237060546875 50.487499237060546875 45.768749237060546875
180.53125 177.375 173.818756103515625 171.537506103515625 169.4375 169.037506103515625 170.306243896484375 170.9375 171.0812530517578125 171.9375 173.09375 172.9812469482421875 171.25 167.8000030517578125 162.225006103515625 155.506256103515625 149.975006103515625 145.0187530517578125 140.5124969482421875 135.787506103515625 131.8937530517578125 127.9187469482421875 124 120.88124847412109375 120.6999969482421875 120.94374847412109375 121.0749969482421875 120.50624847412109375 120.05625152587890625 120.28125 121.30625152587890625 121.6125030517578125 117.80625152587890625 112.52500152587890625 106.66249847412109375 100.4812469482421875 93.7624969482421875 86.3937530517578125 79.68125152587890625 72.5500030517578125 65.4250030517578125 59.05625152587890625 53.0625 48.143749237060546875
182.8625030517578125 177.59375 173.1937408447265625 169.493743896484375 166.8562469482421875 165.8562469482421875 166.65625 167.625 168.2375030517578125 169.0812530517578125 169.34375 169.600006103515625 168.399993896484375 165.8125 161.625 156.118743896484375 150.912506103515625 146.943756103515625 142.6999969482421875 138.4499969482421875 134.9875030517578125 130.9187469482421875 128.306243896484375 126.09999847412109375 125.1999969482421875 124.75 124.6374969482421875 124.6374969482421875 124.33750152587890625 124.63124847412109375 125.05625152587890625 125.3000030517578125 120.6999969482421875 114.15000152587890625 108.04375457763671875 101.50624847412109375 94.58750152587890625 87.7312469482421875 80.81874847412109375 74.68125152587890625 68.3312530517578125 62.25 55.43125152587890625 50.43125152587890625
184.649993896484375 177.46875 171.25 166.8000030517578125 163.587493896484375 162.3125 162.712493896484375 163.6687469482421875 165.25 166 166.5 166.587493896484375 166.274993896484375 164.306243896484375 160.8000030517578125 157.0749969482421875 153.337493896484375 149.193756103515625 145.337493896484375 141.6437530517578125 138.774993896484375 135.375 133.412506103515625 131.96875 130.65625 129.600006103515625 129.693756103515625 129.2624969482421875 129.149993896484375 128.681243896484375 128.8312530517578125 128.3312530517578125 122.3625030517578125 115.27500152587890625 108.9499969482421875 102.1875 95.375 88.3312530517578125 81.71875 75.44374847412109375 69.9562530517578125 63.956249237060546875 57.987499237060546875 54.27500152587890625
184.193756103515625 175.8312530517578125 169.2687530517578125 163.1125030517578125 160.193756103515625 159.4375 159.962493896484375 161.193756103515625 162.8562469482421875 163.368743896484375 164.225006103515625 165.056243896484375 165.4499969482421875 164.881256103515625 162.2937469482421875 159.399993896484375 155.5 152.6437530517578125 148.931243896484375 145.6125030517578125 143.3000030517578125 141.6750030517578125 140.3562469482421875 138.431243896484375 137 136.1437530517578125 135.9250030517578125 135.0437469482421875 134.287506103515625 133.537506103515625 132.712493896484375 131.2687530517578125 124.6750030517578125 117.58750152587890625 110.66249847412109375 103.27500152587890625 95.9499969482421875 89.3874969482421875 82.2062530517578125 75.8312530517578125 70.5124969482421875 67.1125030517578125 62.918750762939453125 60.28125
182.1062469482421875 173.2687530517578125 166.837493896484375 161.006256103515625 157.443756103515625 157.631256103515625 158.3125 159.2937469482421875 160.2624969482421875 161.71875 163.15625 164.537506103515625 166.03125 165.3562469482421875 163.881256103515625 161.9812469482421875 159.725006103515625 156.725006103515625 152.8249969482421875 151.181243896484375 149.931243896484375 148.96875 148.1062469482421875 146.100006103515625 144 143.131256103515625 142.162506103515625 141.21875 139.868743896484375 138.0187530517578125 136.431243896484375 134.350006103515625 127.08750152587890625 120.125 112.3625030517578125 104.56874847412109375 97.30625152587890625 91.15000152587890625 83.7062530517578125 75.5187530517578125 71.08750152587890625 70.00624847412109375 67.91249847412109375 65.90625
178.162506103515625 169.8000030517578125 164.0500030517578125 159.8375091552734375 157.493743896484375 156.287506103515625 156.8125 157.412506103515625 158.443756103515625 159.84375 161.71875 164.068756103515625 165.962493896484375 166.8625030517578125 167.0500030517578125 166.2624969482421875 164.725006103515625 162.1062469482421875 159.46875 158.4250030517578125 157.78125 156.8937530517578125 155.9875030517578125 153.681243896484375 151.9562530517578125 150.3000030517578125 148.618743896484375 147.212493896484375 145.212493896484375 142.9562530517578125 140.53125 137.21875 129.774993896484375 122.0187530517578125 114.71875 106.8937530517578125 99.5500030517578125 92.77500152587890625 85.06874847412109375 78.28749847412109375 75.25 75.44374847412109375 74.7937469482421875 74.83750152587890625
167.28125 161.181243896484375 157.15625 154.649993896484375 153.21875 152.6437530517578125 153.7062530517578125 155.0437469482421875 155.8937530517578125 157.3937530517578125 160.818756103515625 163.6875 167.28125 171.0187530517578125 171.8562469482421875 172.25 171.212493896484375 170.5500030517578125 169.149993896484375 168.381256103515625 167.8312530517578125 166.34375 164.5500030517578125 162.0749969482421875 160.25 158.162506103515625 156.118743896484375 154.09375 152.28125 149.1062469482421875 145.787506103515625 141.71875 133.881256103515625 125.7687530517578125 118.7624969482421875 111.3249969482421875 104.4562530517578125 97.41249847412109375 90.5500030517578125 86.6999969482421875 84.3625030517578125 84.8937530517578125 85.72499847412109375 87.59375
155.03125 151.375 149.2687530517578125 148.5625 147.943756103515625 148.6687469482421875 150.037506103515625 152.3874969482421875 153.4187469482421875 154.7687530517578125 158.1999969482421875 163.59375 169.5 174.225006103515625 176.4499969482421875 178.181243896484375 179.1687469482421875 179.4875030517578125 179.1062469482421875 178.993743896484375 178 176.1999969482421875 174.0625 170.9875030517578125 168.7062530517578125 166.0437469482421875 163.9875030517578125 161.368743896484375 159.1374969482421875 155.0812530517578125 150.975006103515625 146.693756103515625 138.712493896484375 130.5124969482421875 123.5437469482421875 116.6125030517578125 109.40000152587890625 102.0124969482421875 97.7312469482421875 95.7062530517578125 93.91249847412109375 95.15000152587890625 97.8125 101.3125
143.4499969482421875 141.774993896484375 141.3562469482421875 141.46875 142.1125030517578125 143.8249969482421875 145.806243896484375 148.8000030517578125 148.943756103515625 151.100006103515625 155.8937530517578125 163.6750030517578125 171.6750030517578125 179.193756103515625 183.3125 185.2062530517578125 187.6687469482421875 188.931243896484375 189.306243896484375 189.5124969482421875 188.681243896484375 186.493743896484375 183.6062469482421875 179.506256103515625 176.056243896484375 173.556243896484375 170.712493896484375 168.412506103515625 165.5812530517578125 160.9187469482421875 156.506256103515625 151.5187530517578125 143.274993896484375 135.6374969482421875 127.99375152587890625 120.69374847412109375 113.65625 108.69374847412109375 105.84375 104.11875152587890625 103.4812469482421875 104.8937530517578125 107.97499847412109375 111.78125
131.1125030517578125 130.1999969482421875 130.681243896484375 131.274993896484375 132.40625 134.84375 137.337493896484375 139.431243896484375 140.40625 143.4250030517578125 151.09375 161.2624969482421875 172.71875 183.337493896484375 188.412506103515625 193.0187530517578125 195.743743896484375 198.0124969482421875 199.6999969482421875 201.256256103515625 199.8125 195.75 191.8000030517578125 187.493743896484375 183.743743896484375 180.625 177.90625 175.8249969482421875 173.149993896484375 167.274993896484375 162.84375 157.274993896484375 149.6125030517578125 142.087493896484375 133.943756103515625 126.875 122.59375 118.03125 115.11875152587890625 114.03125 113.93125152587890625 115.0625 117.43125152587890625 120.9562530517578125
118.6875 118.6750030517578125 120.03125 121.44374847412109375 122.90000152587890625 125.94374847412109375 128.462493896484375 130.6125030517578125 132.3874969482421875 134.818756103515625 146.100006103515625 162.600006103515625 176.1125030517578125 186.9812469482421875 193.71875 199.4499969482421875 203.59375 206.243743896484375 208.537506103515625 209.975006103515625 207.756256103515625 203.149993896484375 198.7687530517578125 194.125 190.1062469482421875 187.493743896484375 184.162506103515625 182.743743896484375 179.71875 174.09375 168.787506103515625 163.943756103515625 156.193756103515625 149.0500030517578125 141.181243896484375 135.5124969482421875 131.774993896484375 128.1687469482421875 125.90625 123.8249969482421875 123.0500030517578125 123.6999969482421875 125.5749969482421875 128.8249969482421875
107.47499847412109375 107.8625030517578125 109.68125152587890625 111.81874847412109375 113.84375 117.63124847412109375 121.18125152587890625 124.27500152587890625 128.212493896484375 131.725006103515625 149.9250030517578125 169.087493896484375 181.181243896484375 191.850006103515625 199.212493896484375 205.774993896484375 211.0187530517578125 213.506256103515625 215.15625 214.818756103515625 212.9187469482421875 208.9875030517578125 204.8562469482421875 199.5749969482421875 195.931243896484375 193.368743896484375 190.193756103515625 188.8937530517578125 186.4499969482421875 181.2375030517578125 173.850006103515625 168.5187530517578125 161.8000030517578125 155.181243896484375 148.243743896484375 144.181243896484375 141.399993896484375 138.0749969482421875 136.8562469482421875 135.225006103515625 132.65625 133.1999969482421875 133.4562530517578125 135.056243896484375
