data/historical-monthly-weather-data/wc2.1_cruts4.09_10m_prec_1956-02.asc
ncols        51
nrows        45
xllcorner    -63.500000000000
yllcorner    -7.500000000000
cellsize     0.166666666667
NODATA_value -9999
[rows 20 to 39 of 45, columns 0 to 43 of 51]
260.931243896484375 262.42498779296875 265.17498779296875 268.399993896484375 274.33123779296875 280.35626220703125 287.04376220703125 293.6875 300.3125 305.756256103515625 309.912506103515625 316.774993896484375 324.88751220703125 331.45623779296875 317.618743896484375 295.20623779296875 276 260.443756103515625 252.09375 244.399993896484375 236.743743896484375 228.131256103515625 219.475006103515625 216.431243896484375 214.712493896484375 214.1999969482421875 217.5 221.3249969482421875 226.1999969482421875 231.649993896484375 232.15625 227.225006103515625 214.1750030517578125 196.9187469482421875 181.537506103515625 199.243743896484375 229.9187469482421875 257.181243896484375 278.70001220703125 293.98748779296875 303.1875 308.899993896484375 314.9375 319.962493896484375
252.59375 255.943756103515625 259.79998779296875 265.38751220703125 271.08123779296875 278.10626220703125 285.36248779296875 292.59375 299.25 302.431243896484375 303.162506103515625 304.60626220703125 306.568756103515625 306.67498779296875 300.26873779296875 287.274993896484375 273.556243896484375 260.725006103515625 251.0437469482421875 242.96875 232.9250030517578125 223.8874969482421875 217.2937469482421875 213.8000030517578125 212.162506103515625 212.475006103515625 217.03125 221.774993896484375 227.90625 234.90625 238.4562530517578125 234.75 223.681243896484375 211.5437469482421875 204.556243896484375 217.8000030517578125 241.40625 262.89373779296875 279.40625 291.412506103515625 300.28125 306.5625 311.86248779296875 316.024993896484375
248.0124969482421875 253.287506103515625 256.75 262.46875 268.037506103515625 276.431243896484375 282.8125 290.70001220703125 298 297.64373779296875 293.79998779296875 289.64373779296875 285.725006103515625 284.54376220703125 283.59375 277.63751220703125 268.40625 258.274993896484375 248.375 238.7375030517578125 228.9499969482421875 219.431243896484375 212.0437469482421875 208.399993896484375 207.6750030517578125 209.09375 214.337493896484375 220.3625030517578125 228.193756103515625 237.2375030517578125 244.118743896484375 246.0812530517578125 236.9562530517578125 229.40625 230.037506103515625 243.6687469482421875 260.17498779296875 274.10626220703125 284.662506103515625 291.25 297.70001220703125 303.368743896484375 308.11248779296875 312.212493896484375
246.837493896484375 251.943756103515625 255.2624969482421875 258.850006103515625 264.01873779296875 272.5 280.306243896484375 286.931243896484375 293.037506103515625 290.587493896484375 285.375 279.162506103515625 270.024993896484375 271.006256103515625 272.850006103515625 269.75 263.368743896484375 255.537506103515625 246.1062469482421875 236.0187530517578125 225.1999969482421875 214.8625030517578125 206.5500030517578125 203.068756103515625 202.868743896484375 203.625 210.681243896484375 218.568756103515625 226.912506103515625 237.443756103515625 246.306243896484375 250.618743896484375 245.8312530517578125 242.8249969482421875 247.21875 262.193756103515625 274.65625 280.600006103515625 286.024993896484375 290.08123779296875 295.20001220703125 299.568756103515625 304.399993896484375 309.625
250.3625030517578125 253.5437469482421875 255.3125 258.26873779296875 263.318756103515625 269.70623779296875 276.70623779296875 282.225006103515625 285.037506103515625 283.756256103515625 279.568756103515625 274.431243896484375 269.568756103515625 268.443756103515625 267.58123779296875 265.568756103515625 261.45623779296875 254.0437469482421875 244.8625030517578125 234.4499969482421875 223.0500030517578125 211.03125 200.912506103515625 196.600006103515625 196.0124969482421875 199.899993896484375 207.087493896484375 216.4187469482421875 225.25 235.4562530517578125 243.8937530517578125 248.875 248.681243896484375 249.1125030517578125 253.7687530517578125 263.806243896484375 272.943756103515625 277.26251220703125 281.70623779296875 285.71875 290.524993896484375 294.787506103515625 300.350006103515625 307.850006103515625
260.09375 261.756256103515625 260.36248779296875 261.26873779296875 264.131256103515625 269.524993896484375 274.14373779296875 278.20001220703125 279.931243896484375 279.09375 276.118743896484375 273.26873779296875 271.212493896484375 268.95623779296875 267.5625 264.84375 261.0625 253.78125 245.431243896484375 234.868743896484375 222.118743896484375 207.96875 195.46875 189.1374969482421875 190.875 196.21875 205.9375 214.725006103515625 223.9499969482421875 232.84375 240.556243896484375 246.287506103515625 247.8874969482421875 249.681243896484375 253.5 260.412506103515625 266.79998779296875 270.993743896484375 274.337493896484375 278.875 284.01251220703125 289.037506103515625 294.5625 302.975006103515625
270.899993896484375 270.54376220703125 267.76873779296875 268.08123779296875 268.61248779296875 271.14373779296875 274.48126220703125 275.79376220703125 277.006256103515625 277.256256103515625 276.087493896484375 274.412506103515625 273.537506103515625 272.34375 270.412506103515625 268.48748779296875 264.5625 257.48126220703125 248.5437469482421875 237.475006103515625 223.6125030517578125 208.8937530517578125 194.212493896484375 186.4562530517578125 190.6875 196.7375030517578125 206.2312469482421875 215.25 223.5187530517578125 231.8937530517578125 239.6687469482421875 244.4499969482421875 246.037506103515625 249.181243896484375 250.743743896484375 256.056243896484375 260.868743896484375 263.46875 267.631256103515625 271.9375 276.787506103515625 282.306243896484375 288.63751220703125 297.61248779296875
282.34375 279.16876220703125 276.28125 274.79998779296875 273.399993896484375 273.23748779296875 275.17498779296875 276.60626220703125 277.162506103515625 277.85626220703125 276.75 275.912506103515625 275.34375 274.600006103515625 273.475006103515625 272.28125 268.63751220703125 262.818756103515625 253.5749969482421875 242.993743896484375 229.556243896484375 214.8312530517578125 202.6999969482421875 196.0812530517578125 196.5187530517578125 200.9187469482421875 209.212493896484375 217.649993896484375 225.1437530517578125 232.962493896484375 240.068756103515625 245.3625030517578125 247.5187530517578125 247.6750030517578125 247.756256103515625 251.6999969482421875 254.0749969482421875 256.774993896484375 260.42498779296875 264.100006103515625 268.86248779296875 276.10626220703125 283.70001220703125 294.91876220703125
292.225006103515625 288.056243896484375 283.65625 281.024993896484375 278.931243896484375 277.131256103515625 277.28125 277.23126220703125 278.04376220703125 278.875 278.131256103515625 277.568756103515625 276.96875 277.6875 277.625 277.84375 275.943756103515625 269.35626220703125 261.662506103515625 250.9250030517578125 238.118743896484375 223.7624969482421875 213.4250030517578125 207.600006103515625 205.3249969482421875 206.9562530517578125 214.3000030517578125 221.681243896484375 229.399993896484375 236.368743896484375 241.90625 247.2312469482421875 247.475006103515625 246.4812469482421875 246.006256103515625 247.5625 249.600006103515625 251.443756103515625 255.9875030517578125 258.493743896484375 260.806243896484375 268.15625 279.431243896484375 295.01251220703125
301.84375 296.25 291.274993896484375 287.32501220703125 285.25 282.662506103515625 280.83123779296875 279.5625 279.20623779296875 280.037506103515625 279.90625 280.66876220703125 281.118743896484375 282.73748779296875 283.79998779296875 283.38751220703125 282.79998779296875 278.8125 271.82501220703125 260.82501220703125 247.4562530517578125 234.506256103515625 224.6374969482421875 218.5437469482421875 215.2375030517578125 215.618743896484375 221.53125 227.6062469482421875 234.1750030517578125 239.618743896484375 245.21875 249.875 248.931243896484375 247.725006103515625 246.125 247.056243896484375 247.162506103515625 248.53125 250.9187469482421875 252.6374969482421875 257.41876220703125 266.743743896484375 277.83123779296875 294.287506103515625
308.818756103515625 303.23748779296875 296.73748779296875 292.743743896484375 289.475006103515625 286.693756103515625 283.98748779296875 282.13751220703125 281.350006103515625 281.350006103515625 282.91876220703125 285.087493896484375 287.225006103515625 288.118743896484375 288.91876220703125 289.962493896484375 290.350006103515625 287.64373779296875 282.48748779296875 271.493743896484375 257.8125 244.5 234.243743896484375 228.087493896484375 224.462493896484375 224.287506103515625 228.912506103515625 234.3625030517578125 239.8562469482421875 244.162506103515625 248.6437530517578125 252.65625 252.337493896484375 251.0187530517578125 249.2687530517578125 247.625 246.806243896484375 247.5500030517578125 248.600006103515625 248.837493896484375 253.756256103515625 265.39373779296875 277.54376220703125 290.51873779296875
311.29376220703125 306.368743896484375 300.51251220703125 296.84375 292.962493896484375 289.11248779296875 286.256256103515625 282.818756103515625 281.70001220703125 282.66876220703125 284.23748779296875 287.71875 291.23748779296875 293.79998779296875 295.03125 297.118743896484375 295.587493896484375 292.350006103515625 287.20623779296875 278.443756103515625 265.82501220703125 253.6687469482421875 242.806243896484375 237.125 233.96875 232.9875030517578125 236.475006103515625 241.118743896484375 245.943756103515625 250.068756103515625 253.7312469482421875 256.48126220703125 255.9375 254.1875 252.399993896484375 249.881256103515625 248.118743896484375 246.96875 246.625 248.693756103515625 255.0625 266.60626220703125 278.443756103515625 291.85626220703125
310.475006103515625 306.79998779296875 302.337493896484375 298.537506103515625 294.14373779296875 290.21875 286.25 283.14373779296875 282.524993896484375 283.850006103515625 287.274993896484375 291.543731689453125 297.29998779296875 301.618743896484375 303 302.90625 300.59375 297.6875 291.287506103515625 283.41876220703125 272.850006103515625 261.306243896484375 251.2624969482421875 245.7937469482421875 243.118743896484375 242.243743896484375 244.9812469482421875 249.618743896484375 253.943756103515625 256.59375 259.743743896484375 261.350006103515625 260.14373779296875 259.100006103515625 257.881256103515625 255.90625 253.462493896484375 250.524993896484375 249.462493896484375 253.4187469482421875 258.76251220703125 268.899993896484375 280.631256103515625 294.32501220703125
309.86248779296875 306.274993896484375 302.287506103515625 299.39373779296875 295.13751220703125 290.26873779296875 286.225006103515625 283.350006103515625 281.04376220703125 282.443756103515625 286.85626220703125 294.431243896484375 303.29998779296875 308.70623779296875 309.9375 309.04376220703125 305.95623779296875 302.0625 295.649993896484375 288.20001220703125 277.98126220703125 267.04998779296875 258.3125 253.3625030517578125 251.306243896484375 250.693756103515625 253.306243896484375 257.131256103515625 261.431243896484375 263.90625 266.181243896484375 267.16876220703125 266.774993896484375 265.48126220703125 263.4375 261.587493896484375 258.625 255.4375 254.5625 257.11248779296875 260.399993896484375 269.45623779296875 281.85626220703125 295.25
308.618743896484375 306.350006103515625 302.90625 298.9375 295.51251220703125 290.681243896484375 285.23748779296875 281.23126220703125 277.662506103515625 278.318756103515625 285.01251220703125 297.318756103515625 309.993743896484375 317.274993896484375 317.3125 315.17498779296875 310.375 305.381256103515625 299.850006103515625 291.962493896484375 283.29376220703125 272.53125 263.95623779296875 259.15625 258.11248779296875 257.38751220703125 260.462493896484375 264.67498779296875 268.79376220703125 270.96875 271.850006103515625 273.48126220703125 272.931243896484375 272.162506103515625 270.037506103515625 266.993743896484375 263.087493896484375 261.725006103515625 260.70001220703125 260.100006103515625 261.82501220703125 268.274993896484375 278.3125 289.91876220703125
306.506256103515625 305.08123779296875 301.48748779296875 296.912506103515625 292.76873779296875 288.600006103515625 282.95001220703125 277.756256103515625 272.912506103515625 273.087493896484375 282.16876220703125 297.58123779296875 313.318756103515625 322.318756103515625 322.131256103515625 319.28125 314.806243896484375 309.431243896484375 302.23126220703125 295.431243896484375 286.875 277.787506103515625 269.068756103515625 265.42498779296875 263.774993896484375 263.475006103515625 266.71875 272.149993896484375 276.26251220703125 277.48748779296875 278.54998779296875 279.743743896484375 279.98748779296875 279.64373779296875 276.787506103515625 272.831268310546875 271.08123779296875 268.08123779296875 265.993743896484375 265.96875 267.850006103515625 271.83123779296875 278.20001220703125 287.76251220703125
305.649993896484375 304.368743896484375 299.96875 297.08123779296875 292.587493896484375 288.162506103515625 282.524993896484375 276.51251220703125 269.60626220703125 263.89373779296875 278.649993896484375 302.13751220703125 317.125 324.100006103515625 324.95623779296875 321.91876220703125 317.39373779296875 311.85626220703125 305.8125 298.20001220703125 289.53125 280.48126220703125 272.59375 269.475006103515625 267.993743896484375 268.54376220703125 272.193756103515625 277.5 282.63751220703125 283.5625 284.23748779296875 284.975006103515625 286.274993896484375 286.337493896484375 284.462493896484375 281.881256103515625 278.28125 274.787506103515625 272.431243896484375 271.193756103515625 271.056243896484375 273.743743896484375 278.04998779296875 284.431243896484375
305.67498779296875 304.712493896484375 300.75 297.41876220703125 293.881256103515625 289.59375 284.91876220703125 279.91876220703125 275.29376220703125 268.08123779296875 293.90625 318.61248779296875 326.387481689453125 328.3125 328.118743896484375 324.649993896484375 318.39373779296875 313.181243896484375 306.15625 297.9375 289.943756103515625 281.03125 274.412506103515625 271.73126220703125 271.28125 272.51251220703125 276.29376220703125 282.318756103515625 287.912506103515625 289.649993896484375 289 289.818756103515625 291.41876220703125 292.53125 290.8125 288.64373779296875 284.91876220703125 281.38751220703125 278.493743896484375 275.89373779296875 273.875 274.912506103515625 276.193756103515625 279.193756103515625
312.068756103515625 309.35626220703125 304.5625 301.98126220703125 297.868743896484375 294.38751220703125 292.087493896484375 290.618743896484375 292.45623779296875 305.41876220703125 334.443756103515625 338.34375 336.350006103515625 334.787506103515625 332.993743896484375 327.39373779296875 320.95623779296875 314.20623779296875 305.600006103515625 296.931243896484375 287.98126220703125 279.48748779296875 274.38751220703125 271.76873779296875 271.712493896484375 274.350006103515625 278.431243896484375 284.475006103515625 290.649993896484375 292.681243896484375 294.0625 294.76873779296875 295.90625 297.01251220703125 297.88751220703125 295.381256103515625 290.91876220703125 287.91876220703125 283.993743896484375 279.149993896484375 276.73748779296875 276.3125 277.056243896484375 278.90625
319.73748779296875 315.73748779296875 310.756256103515625 306.60626220703125 302.61248779296875 300.368743896484375 298.76251220703125 301.11248779296875 307.006256103515625 320.67498779296875 336.375 342.162506103515625 342.84375 340.85626220703125 337.45001220703125 331.837493896484375 324.51873779296875 316.306243896484375 305.95623779296875 296.63751220703125 285.443756103515625 276.875 271.48748779296875 269.53125 271.625 274.806243896484375 279.64373779296875 285.975006103515625 292.70623779296875 295.38751220703125 296.78125 300.04376220703125 303.48126220703125 304.23126220703125 303.51251220703125 301.13751220703125 296.3125 291.912506103515625 287.96875 281.9375 278.33123779296875 277.681243896484375 277.537506103515625 277.61248779296875
