data/historical-monthly-weather-data/wc2.1_cruts4.09_10m_prec_1988-11.asc
ncols        51
nrows        45
xllcorner    -63.500000000000
yllcorner    -7.500000000000
cellsize     0.166666666667
NODATA_value -9999
[rows 20 to 39 of 45, columns 0 to 43 of 51]
325.38751220703125 335.11248779296875 340.53125 345 347.618743896484375 349.10626220703125 349.618743896484375 347.59375 342.087493896484375 332.962493896484375 322.256256103515625 312.662506103515625 301.29998779296875 286.462493896484375 273.88751220703125 260.943756103515625 249.712493896484375 242.9875030517578125 242.212493896484375 240.3000030517578125 239.625 235.8312530517578125 229.556243896484375 226.8625030517578125 224.649993896484375 219.9375 212.399993896484375 200.4562530517578125 187.0500030517578125 176.787506103515625 168.868743896484375 168.287506103515625 173.7062530517578125 181.3625030517578125 189.40625 199.162506103515625 207.006256103515625 214.993743896484375 220.1687469482421875 225.15625 228.15625 229.537506103515625 228.71875 226.3874969482421875
322.28125 330.350006103515625 337.337493896484375 343.23126220703125 348.23748779296875 350.993743896484375 354.1875 354.493743896484375 353.0625 347.1875 338.625 331.53125 321.225006103515625 305.73748779296875 290.631256103515625 275.8125 264.33123779296875 254.2375030517578125 248.0749969482421875 243.8874969482421875 238.125 232.756256103515625 228.0124969482421875 224.837493896484375 221.368743896484375 217.0124969482421875 212.693756103515625 203.806243896484375 194.975006103515625 187.399993896484375 179.6437530517578125 178.0437469482421875 182.9812469482421875 192.1125030517578125 201.975006103515625 211.493743896484375 219.3937530517578125 226.431243896484375 229.350006103515625 233.350006103515625 235.3312530517578125 235.756256103515625 235.0500030517578125 233.875
319.5 329.806243896484375 336.71875 343.306243896484375 349.537506103515625 352.875 355.85626220703125 360.212493896484375 362.54998779296875 358.96875 354.36248779296875 349.26251220703125 345.212493896484375 330.35626220703125 309.17498779296875 290.350006103515625 276.125 263.912506103515625 253.881256103515625 246.024993896484375 238.75 231.65625 225.3249969482421875 221.6062469482421875 219.3249969482421875 216.1875 212.350006103515625 207.337493896484375 200.381256103515625 194.0187530517578125 188.8000030517578125 187.243743896484375 193.899993896484375 203.6750030517578125 213.431243896484375 223.6875 231.90625 236.5437469482421875 238.1437530517578125 240.881256103515625 243.131256103515625 242.59375 241.443756103515625 240.03125
317.037506103515625 326.618743896484375 334.13751220703125 339.931243896484375 347.23126220703125 352.71875 357.100006103515625 362.725006103515625 364.350006103515625 362.76873779296875 360.10626220703125 361.40625 361.41876220703125 344.375 320.10626220703125 299.975006103515625 284.274993896484375 270.587493896484375 258.03125 246.8937530517578125 238.381256103515625 230.1437530517578125 222.0625 218.2937469482421875 216.125 213.09375 213.337493896484375 208.21875 204.3125 199.662506103515625 197.131256103515625 196.8125 203.506256103515625 212.65625 222.9812469482421875 235.068756103515625 243.6999969482421875 246.1125030517578125 247.462493896484375 249.25 250.5500030517578125 249.8125 248.6437530517578125 247.056243896484375
319.26251220703125 325.837493896484375 333.04376220703125 339.443756103515625 348.25 352.41876220703125 355.875 360.51251220703125 362.931243896484375 362.181243896484375 361.225006103515625 358.59375 355.181243896484375 341.443756103515625 322.15625 304.03125 288.725006103515625 273.34375 259.95001220703125 247.625 237.368743896484375 226.837493896484375 218.993743896484375 214.625 211.6125030517578125 211.118743896484375 211.493743896484375 209.875 207.0500030517578125 205.4499969482421875 203.5437469482421875 204.006256103515625 210.693756103515625 219.5124969482421875 228.5187530517578125 238.899993896484375 247.8000030517578125 251.0812530517578125 253.4375 256.29376220703125 257.256256103515625 256.462493896484375 256.800018310546875 257.149993896484375
327.493743896484375 332.85626220703125 334.712493896484375 341.556243896484375 347.53125 350.118743896484375 352.087493896484375 355.39373779296875 357.006256103515625 356.756256103515625 355.131256103515625 351.399993896484375 344.131256103515625 332.118743896484375 318.118743896484375 303.962493896484375 290.943756103515625 275.681243896484375 261.743743896484375 249.037506103515625 237.3000030517578125 225.7687530517578125 215.7937469482421875 209.7062530517578125 207.9375 208.756256103515625 211.131256103515625 211.743743896484375 211.0687408447265625 210.649993896484375 209.306243896484375 209.9375 216.6437530517578125 223.5625 231.662506103515625 240.78125 248.712493896484375 254.193756103515625 258.993743896484375 262.381256103515625 264.618743896484375 264.0625 262.381256103515625 264.4375
342.274993896484375 343.443756103515625 342.9375 344.787506103515625 346.274993896484375 346.39373779296875 349.149993896484375 350.26873779296875 348.46875 347.774993896484375 347.29376220703125 342.4375 334.056243896484375 323.068756103515625 311.96875 299.33123779296875 288.256256103515625 274.67498779296875 261.65625 248.4562530517578125 236.118743896484375 223.96875 212.9250030517578125 207.1687469482421875 207.0749969482421875 207.993743896484375 210.5187530517578125 212.162506103515625 213.4812469482421875 212.681243896484375 212.712493896484375 213.693756103515625 220.90625 227.875 234.1125030517578125 242.28125 249.5812530517578125 254.7687530517578125 261.524993896484375 266.65625 270.20001220703125 269.625 268.45623779296875 269.17498779296875
358.5 355.462493896484375 351.03125 347.368743896484375 345.274993896484375 342.756256103515625 343.256256103515625 343.89373779296875 342.274993896484375 340.73126220703125 337.625 332.08123779296875 323.3125 312.73748779296875 304.34375 294.26873779296875 284.181243896484375 272.818756103515625 260.60626220703125 248.506256103515625 236.8625030517578125 224.4250030517578125 215.4562530517578125 211.100006103515625 209.618743896484375 209.1437530517578125 210.912506103515625 213.21875 214.59375 214.2062530517578125 213.6062469482421875 214.993743896484375 222.243743896484375 228.4187469482421875 235.6875 243.1374969482421875 249.756256103515625 256.306243896484375 262.337493896484375 270.95623779296875 277.837493896484375 278.28125 272.774993896484375 272.431243896484375
373.287506103515625 366.118743896484375 355.60626220703125 347.79376220703125 342.100006103515625 337.681243896484375 336.3125 335.806243896484375 335.381256103515625 332.931243896484375 329.443756103515625 322.337493896484375 313.92498779296875 303.431243896484375 296.193756103515625 289.493743896484375 282.26873779296875 270.899993896484375 259.774993896484375 248.875 238.2312469482421875 226.756256103515625 218.649993896484375 215.3874969482421875 213.0187530517578125 211.368743896484375 213.256256103515625 214.5 216 214.818756103515625 214.350006103515625 215.193756103515625 221.3312530517578125 227.90625 235.8874969482421875 242.899993896484375 249.5124969482421875 255.3312530517578125 261.89373779296875 269.60626220703125 279.21875 279.037506103515625 276.64373779296875 282.10626220703125
378.431243896484375 368.068756103515625 354.943756103515625 341.70001220703125 334.9375 330.881256103515625 329.17498779296875 328.631256103515625 327.51251220703125 323.70001220703125 320.04376220703125 313.681243896484375 305.92498779296875 297.34375 290.806243896484375 284.706268310546875 276.40625 267.70001220703125 257.28125 247.493743896484375 237.7687530517578125 229.1437530517578125 221.868743896484375 217.743743896484375 215.0749969482421875 213.5812530517578125 214.6687469482421875 215.0124969482421875 215.462493896484375 215.4562530517578125 215.212493896484375 216.1999969482421875 222.0437469482421875 229.1999969482421875 236.537506103515625 241.931243896484375 247.0124969482421875 253.6125030517578125 257.381256103515625 263.26251220703125 271.59375 279.9375 283.837493896484375 293.04998779296875
379.475006103515625 367.118743896484375 352.48748779296875 338.13751220703125 328.51873779296875 325.8125 323.96875 322.368743896484375 318.987518310546875 316.15625 312.76251220703125 306.875 300.53125 291.13751220703125 285.431243896484375 279.89373779296875 273.54998779296875 264.89373779296875 254.693756103515625 247.96875 239.9562530517578125 232.162506103515625 225.399993896484375 221.03125 217.193756103515625 215.5437469482421875 215.2937469482421875 215.3000030517578125 214.9375 215 215.6875 217.5437469482421875 222.90625 230.8249969482421875 236.837493896484375 241.256256103515625 246.181243896484375 253.537506103515625 255.59375 254.0437469482421875 263.537506103515625 278.375 288.95623779296875 299.125
376.79376220703125 364.26873779296875 349.337493896484375 336.66876220703125 328.04376220703125 321.58123779296875 318.618743896484375 315.45623779296875 311.53125 307.912506103515625 304.6875 299.96875 293.756256103515625 286.431243896484375 282.41876220703125 277.518768310546875 271.42498779296875 263.59375 255.8312530517578125 250.3249969482421875 243.1062469482421875 235.2750091552734375 228.2375030517578125 223.368743896484375 220.037506103515625 217.118743896484375 215.6125030517578125 214.787506103515625 213.5500030517578125 214.8000030517578125 216.25 218.068756103515625 223.756256103515625 230.618743896484375 237.9250030517578125 242.212493896484375 246.9187469482421875 252.256256103515625 252.53125 254.225006103515625 267.11248779296875 284.774993896484375 299.100006103515625 316.149993896484375
360.337493896484375 350.40625 337.8125 327.57501220703125 319.600006103515625 311.818756103515625 307.23748779296875 303.368743896484375 298.98748779296875 295.75 295.51873779296875 291.193756103515625 287.368743896484375 284.056243896484375 279.681243896484375 275.193756103515625 268.63751220703125 264.01873779296875 258.493743896484375 253.587493896484375 246.6687469482421875 238.1374969482421875 230.037506103515625 225.0500030517578125 221.6437530517578125 218.15625 215.962493896484375 214.024993896484375 213.0812530517578125 214.625 216.618743896484375 218.931243896484375 224.443756103515625 230.850006103515625 238.875 244.125 250.21875 254.9187469482421875 255.90625 264.712493896484375 277.79998779296875 294.75 312.86248779296875 335.16876220703125
340.95001220703125 333.98126220703125 324.193756103515625 316.768768310546875 309.17498779296875 301.287506103515625 294.443756103515625 290.23748779296875 286.16876220703125 283.08123779296875 283.10626220703125 282.787506103515625 282.23126220703125 279.67498779296875 276.04376220703125 271.993743896484375 267.181243896484375 263.95623779296875 260.193756103515625 256.42498779296875 249.125 240.4562530517578125 232.181243896484375 226.5812530517578125 222.7062530517578125 218.475006103515625 216.131256103515625 213.181243896484375 211.71875 213.625 216.3249969482421875 220 225.712493896484375 232.181243896484375 240.40625 247.037506103515625 252.625 256.45623779296875 262.41876220703125 273.912506103515625 286.243743896484375 303.45623779296875 325.537506103515625 351.25
323.01251220703125 318.26873779296875 310.96875 304.287506103515625 298.23126220703125 289.899993896484375 281.84375 276.881256103515625 270.84375 269.162506103515625 271.32501220703125 274.54376220703125 276.70001220703125 277.64373779296875 275.337493896484375 269.899993896484375 265.725006103515625 263.774993896484375 261.20001220703125 258.04998779296875 251.318756103515625 242.5749969482421875 233.7375030517578125 227.03125 221.8625030517578125 217.962493896484375 214.46875 211.78125 209.6125030517578125 212.15625 216.1687469482421875 220.306243896484375 225.9187469482421875 233.368743896484375 240.306243896484375 246.118743896484375 251.90625 261.29998779296875 269.13751220703125 279.13751220703125 292.07501220703125 307.65625 328.493743896484375 352.162506103515625
304.20001220703125 300.274993896484375 294.42498779296875 288.337493896484375 282.88751220703125 275.399993896484375 267.868743896484375 260.45001220703125 253.0124969482421875 249.7312469482421875 253.993743896484375 260.17498779296875 267.024993896484375 271.912506103515625 269.85626220703125 267.087493896484375 262.28125 261.649993896484375 260.993743896484375 259.806243896484375 253.087493896484375 242.9250030517578125 233.618743896484375 227.0187530517578125 221.6687469482421875 217.1999969482421875 213.875 211.375 209.4562530517578125 211.2624969482421875 216.056243896484375 220.100006103515625 226.15625 233.1062469482421875 238.5124969482421875 243.8125 254.318756103515625 263.662506103515625 270.84375 281.65625 294.95001220703125 307.95623779296875 324.318756103515625 343.931243896484375
285.33123779296875 282.79376220703125 278.462493896484375 273.75 268.618743896484375 262.056243896484375 254.274993896484375 246.3249969482421875 236.9875030517578125 229.2687530517578125 236.443756103515625 251.53125 260.53125 264.76251220703125 264 261.64373779296875 257.86248779296875 257.649993896484375 257.88751220703125 256.8125 250.118743896484375 240.46875 231.7062530517578125 225.1437530517578125 219.71875 215.993743896484375 211.9499969482421875 210.1875 207.90625 210.6687469482421875 215.037506103515625 220.568756103515625 226.0187530517578125 232.7624969482421875 237.8937530517578125 244.850006103515625 255.1999969482421875 265.399993896484375 273.65625 281.6875 292.5 302.631256103515625 315.48748779296875 331.556243896484375
270.5 268.17498779296875 264.274993896484375 260.66876220703125 256.15625 250.600006103515625 244.3312530517578125 237.243743896484375 228.5187530517578125 219.3937530517578125 234.3625030517578125 251.5124969482421875 257.006256103515625 259.774993896484375 258.70001220703125 256.33123779296875 253.006256103515625 252.556243896484375 252.162506103515625 249.256256103515625 244 236.3312530517578125 228.9187469482421875 222.03125 217.2624969482421875 213.806243896484375 210.024993896484375 208.381256103515625 206.84375 210.5124969482421875 212.837493896484375 217.90625 223.9562530517578125 230.524993896484375 236.149993896484375 244.693756103515625 255.4812469482421875 265.087493896484375 274.925018310546875 283.587493896484375 289.806243896484375 298.36248779296875 305.76251220703125 315.61248779296875
261.506256103515625 259.162506103515625 256.08123779296875 252.4187469482421875 247.774993896484375 242.7062530517578125 237.875 232.9812469482421875 230.068756103515625 234.662506103515625 251.412506103515625 253.806243896484375 253.9499969482421875 255.28125 253.7312469482421875 251.3125 248.7687530517578125 248.0625 246.2937469482421875 243.850006103515625 238.5437469482421875 231.693756103515625 225.9875030517578125 220.462493896484375 215.1062469482421875 212.0812530517578125 209.1125030517578125 207.662506103515625 206.8937530517578125 209.9562530517578125 213.0437469482421875 217.274993896484375 222.8249969482421875 228.881256103515625 237.5812530517578125 246.756256103515625 255.350006103515625 266.0625 274.256256103515625 278.068756103515625 282.5625 289.818756103515625 293.118743896484375 300.58123779296875
253.2687530517578125 251.306243896484375 248.100006103515625 244.1750030517578125 240.9187469482421875 237.287506103515625 233.1437530517578125 231.193756103515625 231.625 236.1125030517578125 243.84375 247.6750030517578125 248.3812408447265625 249.4187469482421875 248.5124969482421875 246.5500030517578125 245.375 243.9812469482421875 241.7624969482421875 239.256256103515625 233.693756103515625 227.756256103515625 222.0625 216.787506103515625 213.149993896484375 209.96875 207.6125030517578125 207.068756103515625 206.65625 209.03125 211.568756103515625 218.318756103515625 225.8249969482421875 232.118743896484375 240.9499969482421875 248.7375030517578125 255.8562469482421875 263.962493896484375 271.45001220703125 272.48748779296875 275.1875 279.943756103515625 281.756256103515625 284.475006103515625
