data/historical-monthly-weather-data/wc2.1_cruts4.09_10m_prec_1981-03.asc
ncols        51
nrows        45
xllcorner    -63.500000000000
yllcorner    -7.500000000000
cellsize     0.166666666667
NODATA_value -9999
[rows 20 to 39 of 45, columns 0 to 43 of 51]
203.274993896484375 209.28125 216.725006103515625 224.8312530517578125 233.6875 244.506256103515625 255.068756103515625 264.23126220703125 272.493743896484375 277.787506103515625 280.51873779296875 282.14373779296875 284 287.431243896484375 283.131256103515625 273.837493896484375 265.787506103515625 261.524993896484375 260.774993896484375 258.9375 251.4187469482421875 242.9187469482421875 233.287506103515625 223.287506103515625 213.3562469482421875 204.181243896484375 198.649993896484375 193.306243896484375 188.287506103515625 186.568756103515625 182.4875030517578125 174.6875 157.9187469482421875 139.162506103515625 122.4375 125.40000152587890625 131.5749969482421875 131.7624969482421875 129.2750091552734375 124.5500030517578125 119.28749847412109375 117.5187530517578125 115.8125 114.8562469482421875
197.693756103515625 204.556243896484375 213.8125 222.9187469482421875 232.943756103515625 245.4187469482421875 257.625 268.79998779296875 277.443756103515625 280.11248779296875 278.274993896484375 275.943756103515625 274.274993896484375 275.07501220703125 273.524993896484375 269.693756103515625 266.41876220703125 263.54376220703125 262.16876220703125 259.881256103515625 251.1437530517578125 242.5437469482421875 235.993743896484375 225.1125030517578125 214.8312530517578125 206.5187530517578125 202.725006103515625 196.6999969482421875 190.6500091552734375 188.3937530517578125 183.8562469482421875 176.1875 160.2062530517578125 143.899993896484375 131.6999969482421875 130.493743896484375 133.181243896484375 132.6437530517578125 129.712493896484375 124.1125030517578125 118.06874847412109375 115.83750152587890625 113.96875 112.77500152587890625
194.8562469482421875 203.1750030517578125 212.3874969482421875 222.2624969482421875 232.4875030517578125 244.931243896484375 257.51873779296875 271.8125 283.15625 281.850006103515625 275.693756103515625 267.86248779296875 262.100006103515625 262.58123779296875 265.11248779296875 265.493743896484375 264.375 262.818756103515625 261.35626220703125 259.01873779296875 250.78125 241.75 234.1437530517578125 223.0749969482421875 214.375 207.5187530517578125 204.0749969482421875 198.6437530517578125 192.0187530517578125 189.3125 185.8312530517578125 180.818756103515625 168.1750030517578125 154.3625030517578125 144.9375 141.506256103515625 139.7062530517578125 136.087493896484375 131.125 124.27500152587890625 117.21875 114.3874969482421875 112.2375030517578125 110.50624847412109375
195.625 203.75 212.806243896484375 222.412506103515625 232.2687530517578125 243.943756103515625 257.26251220703125 271.23126220703125 281.09375 278.024993896484375 269.89373779296875 262.26251220703125 253.4375 255.1750030517578125 260.399993896484375 263.21875 264.34375 263.743743896484375 261.07501220703125 257.774993896484375 248.8937530517578125 239.1750030517578125 230.71875 220.1374969482421875 211.34375 205.475006103515625 203.056243896484375 199.587493896484375 194.6437530517578125 194.0124969482421875 193.1999969482421875 189.899993896484375 178.4875030517578125 166.2937469482421875 156.850006103515625 151.681243896484375 146.118743896484375 137.8312530517578125 130.3625030517578125 122.4875030517578125 115.03749847412109375 111.77500152587890625 109.52500152587890625 107.61875152587890625
200.65625 207.3874969482421875 214.118743896484375 222.9250030517578125 232.9562530517578125 244.0437469482421875 254.850006103515625 265.48748779296875 272.087493896484375 271.8125 267.82501220703125 261.243743896484375 257.118743896484375 257.6875 260.443756103515625 264.118743896484375 265.59375 265.375 263.16876220703125 257.818756103515625 246.875 236 225.8249969482421875 213.850006103515625 207.1125030517578125 205.0625 203.1875 201.993743896484375 198.600006103515625 200.899993896484375 201.625 199.725006103515625 189.2687530517578125 177.149993896484375 166 156.3249969482421875 147.3562469482421875 136.84375 128.287506103515625 120.47499847412109375 112.7624969482421875 109.28125 106.36875152587890625 105.2937469482421875
208.537506103515625 214.8312530517578125 218.5187530517578125 225.756256103515625 233.1125030517578125 242.4250030517578125 251.475006103515625 259.79376220703125 264.64373779296875 265.743743896484375 264.54376220703125 262.65625 261.53125 261.78125 263.95001220703125 267.61248779296875 268.600006103515625 268.86248779296875 267.056243896484375 259.75 248.625 234.6062469482421875 220.8249969482421875 206.5749969482421875 203.03125 204.9250030517578125 206.6875 205.7687530517578125 204.15625 208.1750030517578125 210.943756103515625 211.0812530517578125 200.7624969482421875 186.625 172.6062469482421875 159.6999969482421875 147.5187530517578125 135.0437469482421875 126.33124542236328125 118.0500030517578125 110.3312530517578125 106.6062469482421875 102.9562530517578125 101.6999969482421875
216.274993896484375 218.712493896484375 222.4562530517578125 227.46875 232.9812469482421875 240.787506103515625 247.7687530517578125 254.1437530517578125 258.443756103515625 261.5 263.131256103515625 263.70623779296875 264.524993896484375 266.23748779296875 269.32501220703125 272.600006103515625 275.67498779296875 274.98748779296875 272.193756103515625 266.381256103515625 253.412506103515625 238.3625030517578125 220.818756103515625 205.462493896484375 206.337493896484375 209.4187469482421875 212.600006103515625 212.2937469482421875 211.6750030517578125 216.1374969482421875 220.0625 221.9187469482421875 210.9812469482421875 193.274993896484375 175.881256103515625 161.0812530517578125 147.149993896484375 133.193756103515625 124.36875152587890625 116.2937469482421875 108.1687469482421875 104.68125152587890625 101.24375152587890625 99.8937530517578125
224.5187530517578125 224.15625 226.7624969482421875 230.5 233.681243896484375 239.506256103515625 246.3812408447265625 251.5437469482421875 255.600006103515625 259.25 261.45001220703125 263.70623779296875 266.66876220703125 270.04998779296875 274.08123779296875 278.006256103515625 282.256256103515625 283.962493896484375 281.962493896484375 276.78125 264.693756103515625 249.756256103515625 237.1062469482421875 223.6687469482421875 220.100006103515625 220.9375 222.537506103515625 222.524993896484375 221.5437469482421875 224.524993896484375 227.71875 228.212493896484375 215.274993896484375 195.875 176.8249969482421875 160.9562530517578125 145.1125030517578125 130.6999969482421875 122.2062530517578125 114.75 107.7937469482421875 104.55625152587890625 100.78125 99.78125
232.212493896484375 229.806243896484375 231.243743896484375 233.03125 236.412506103515625 240.5625 244.6812591552734375 248.9875030517578125 253.3874969482421875 256.912506103515625 260.60626220703125 264.537506103515625 268.76873779296875 273.96875 280.125 286.350006103515625 293.15625 295.91876220703125 295.818756103515625 292.17498779296875 281.118743896484375 267.868743896484375 257.48748779296875 244.0500030517578125 238.25 235.3937530517578125 234.7624969482421875 233.8000030517578125 232.162506103515625 233.875 234.625 232.8312530517578125 217.8874969482421875 197.8000030517578125 177.7624969482421875 160.71875 143.506256103515625 128.149993896484375 119.69374847412109375 112.1062469482421875 106.40000152587890625 103.8125 100.90625 102.9562530517578125
241.2937469482421875 237.3312530517578125 237 237.34375 239.03125 240.8625030517578125 243.962493896484375 247.375 251.7312469482421875 255.3000030517578125 259.54998779296875 265.83123779296875 272.79998779296875 279.881256103515625 287.412506103515625 295.181243896484375 303.14373779296875 311.1875 313.431243896484375 307.95623779296875 297.087493896484375 285.787506103515625 275.91876220703125 263.475006103515625 255.2375030517578125 250.881256103515625 248.7312469482421875 246.056243896484375 242.899993896484375 242.006256103515625 240.7687530517578125 236.274993896484375 220.125 201.1062469482421875 181.149993896484375 162.5124969482421875 143.96875 127.59999847412109375 117.3312530517578125 109.16249847412109375 103.19374847412109375 103.4562530517578125 103.5124969482421875 107.4375
248.537506103515625 243.125 241.40625 241.28125 241.943756103515625 241.8937530517578125 244.412506103515625 246.6125030517578125 250.443756103515625 254.274993896484375 259.10626220703125 266.368743896484375 275.225006103515625 283.39373779296875 292.73748779296875 302.787506103515625 314.40625 324 330.53125 324.993743896484375 314.10626220703125 302.443756103515625 293.85626220703125 281.20623779296875 271.35626220703125 266.818756103515625 262.35626220703125 257.64373779296875 253.818756103515625 250.4812469482421875 246.962493896484375 241.318756103515625 224.475006103515625 205.1437530517578125 185.068756103515625 164.5500030517578125 144.7375030517578125 127.3000030517578125 115.84999847412109375 105.06874847412109375 99.36875152587890625 102.46250152587890625 105.7375030517578125 110.27500152587890625
254.212493896484375 247.78125 245.03125 243.818756103515625 243.806243896484375 242.8562469482421875 244.443756103515625 245.2375030517578125 248.6062469482421875 252.46875 257.54998779296875 265.90625 275.42498779296875 286.368743896484375 297.993743896484375 310.193756103515625 320.556243896484375 330.100006103515625 336.912506103515625 336.131256103515625 326.212493896484375 317.35626220703125 308.318756103515625 295.60626220703125 287.5625 281.081268310546875 274.4375 269.618743896484375 263.59375 258.96875 253.9812469482421875 246.712493896484375 228.7062530517578125 209.1062469482421875 188.818756103515625 167.3312530517578125 146.899993896484375 127.9187469482421875 115.0625 105.03749847412109375 100.1125030517578125 104.46875 109.19374847412109375 115.6125030517578125
260.33123779296875 254.4250030517578125 250.8000030517578125 248.568756103515625 246.756256103515625 245.9187469482421875 245.5812530517578125 245.0812530517578125 246.9000091552734375 250.9375 258.131256103515625 267.087493896484375 278.8125 293.256256103515625 305.13751220703125 316.59375 326.07501220703125 335.875 341.631256103515625 342.8125 336.65625 328.931243896484375 319.98126220703125 309.162506103515625 300.337493896484375 292.76251220703125 284.725006103515625 278.225006103515625 272.212493896484375 266.725006103515625 261.29376220703125 253.850006103515625 236.40625 216.9250030517578125 196.09375 175.056243896484375 153.837493896484375 133.662506103515625 121.5 114.1687469482421875 109.2687530517578125 112.86875152587890625 117.83750152587890625 124.09999847412109375
266.212493896484375 260.600006103515625 257.537506103515625 254.587493896484375 251.8249969482421875 249.193756103515625 246.993743896484375 245.3312530517578125 245.931243896484375 249.03125 255.8312530517578125 268.462493896484375 282.631256103515625 296.89373779296875 308.51873779296875 320.88751220703125 332.14373779296875 341.16876220703125 345.774993896484375 347.931243896484375 344.431243896484375 337.8125 330.899993896484375 319.38751220703125 310.51873779296875 301.837493896484375 293.63751220703125 285.568756103515625 279.95623779296875 273.962493896484375 267.806243896484375 261.42498779296875 244.787506103515625 225.256256103515625 205.5 183.7937469482421875 161.4812469482421875 140.40625 130.6125030517578125 124.05625152587890625 118.7624969482421875 121.56874847412109375 126.65000152587890625 132.537506103515625
272.29998779296875 267.76251220703125 264.61248779296875 260.70623779296875 255.818756103515625 252.5437469482421875 248.59375 246.3249969482421875 244.774993896484375 246.118743896484375 253.6750030517578125 269.20001220703125 286.51251220703125 302.306243896484375 315.412506103515625 326.34375 337.51251220703125 346.01873779296875 350.931243896484375 353.399993896484375 351.306243896484375 345.04376220703125 338.337493896484375 326.975006103515625 318.631256103515625 310.54998779296875 300.9375 293.08123779296875 285.70001220703125 280.53125 275.76251220703125 269.662506103515625 253.024993896484375 234.3312530517578125 214.381256103515625 191.774993896484375 169.0500030517578125 149.5749969482421875 140.90625 134.4250030517578125 129.2687530517578125 130.618743896484375 134.443756103515625 139.4562530517578125
280.60626220703125 275.899993896484375 272.350006103515625 268.39373779296875 263.75 259.53125 255.6750030517578125 251.225006103515625 247.600006103515625 248.46875 256.024993896484375 272.318756103515625 291.73748779296875 309.100006103515625 321.881256103515625 333.48748779296875 343.381256103515625 351.29376220703125 357.462493896484375 361.23126220703125 357.96875 350.88751220703125 342.95623779296875 332.85626220703125 324.39373779296875 316.21875 306.64373779296875 299.07501220703125 291.912506103515625 287.050018310546875 283.5625 277.850006103515625 261.225006103515625 244.0500030517578125 225.0124969482421875 203.412506103515625 183.256256103515625 164.8312530517578125 155.9250030517578125 150.15625 145.631256103515625 146.193756103515625 148.3249969482421875 152.6437530517578125
288.0625 284.21875 281.118743896484375 277.07501220703125 273.181243896484375 269.375 264.587493896484375 259.42498779296875 253.337493896484375 249.881256103515625 260.181243896484375 281.774993896484375 301.181243896484375 316.181243896484375 329.443756103515625 339.92498779296875 348.681243896484375 356.07501220703125 362.89373779296875 364.79998779296875 361.3125 353.875 345.98748779296875 335.14373779296875 326.75 319.42498779296875 310.54998779296875 304.243743896484375 297.29376220703125 293.774993896484375 290.66876220703125 285.57501220703125 270.98126220703125 254.9000091552734375 236.600006103515625 217.243743896484375 198.631256103515625 181.600006103515625 173.2375030517578125 166.568756103515625 161.462493896484375 161.243743896484375 162.6062469482421875 165.59375
296.14373779296875 293.36248779296875 290.14373779296875 286.868743896484375 284.381256103515625 281.318756103515625 277.01251220703125 271.287506103515625 266.41876220703125 260.787506103515625 279.118743896484375 301.143768310546875 315.26873779296875 327.25 337.73126220703125 347.39373779296875 353.725006103515625 359.899993896484375 364.83123779296875 365.243743896484375 359.29376220703125 351.975006103515625 345.837493896484375 335.39373779296875 327.83123779296875 321.850006103515625 313.63751220703125 308.65625 303.100006103515625 300.181243896484375 296.90625 292.318756103515625 279.20001220703125 264.868743896484375 247.5749969482421875 230.9812469482421875 213.931243896484375 197.2624969482421875 189.9499969482421875 183.943756103515625 177.6125030517578125 176.90625 176.4187469482421875 176.3312530517578125
303.743743896484375 301.524993896484375 300.024993896484375 298.35626220703125 297.131256103515625 294.481231689453125 293.006256103515625 290.493743896484375 291.76873779296875 301.537506103515625 323.26873779296875 332.118743896484375 338.09375 345.618743896484375 353.46875 359.92498779296875 363.600006103515625 366.08123779296875 366.75 363.850006103515625 354.84375 346.693756103515625 340.17498779296875 331.725006103515625 325.76873779296875 321.725006103515625 315.90625 311.5625 307.6875 304.975006103515625 302.61248779296875 297.23126220703125 285.39373779296875 273.5 261.14373779296875 245.4875030517578125 229.600006103515625 215.4562530517578125 207.4562530517578125 200.475006103515625 194.0687408447265625 193.4375 192.125 191.8625030517578125
311.981231689453125 310.54998779296875 310.48748779296875 309.79998779296875 310.70001220703125 311.79376220703125 311.48126220703125 314.524993896484375 320.131256103515625 330.39373779296875 344.368743896484375 354.787506103515625 361.262481689453125 366.08123779296875 371.6875 374.5625 375.17498779296875 373.375 368.774993896484375 363.01251220703125 351.15625 341.33123779296875 332.57501220703125 325.33123779296875 322.23748779296875 320.23748779296875 315.89373779296875 313.92498779296875 311.443756103515625 308.35626220703125 304.662506103515625 302.0625 294.84375 284.524993896484375 274.162506103515625 260.96875 246.0124969482421875 232.912506103515625 225.681243896484375 217.1374969482421875 209.868743896484375 208.774993896484375 207.1750030517578125 206.09375
