data/historical-monthly-weather-data/wc2.1_cruts4.09_10m_prec_2021-02.asc
ncols        51
nrows        45
xllcorner    -63.500000000000
yllcorner    -7.500000000000
cellsize     0.166666666667
NODATA_value -9999
[rows 20 to 39 of 45, columns 0 to 44 of 51]
199.306243896484375 203.712493896484375 210.8125 218.868743896484375 229.5749969482421875 241 253.493743896484375 266.59375 280.58123779296875 294.01873779296875 306.556243896484375 321.287506103515625 337.631256103515625 353.07501220703125 347.57501220703125 332.07501220703125 319.212493896484375 310.11248779296875 309.162506103515625 308.9375 309.743743896484375 309.381256103515625 307.71875 307.5625 308.26251220703125 310.23748779296875 315.35626220703125 320.850006103515625 327.14373779296875 330.34375 325.837493896484375 313.45001220703125 287.75 257.287506103515625 229.912506103515625 239.7687530517578125 262.462493896484375 277.84375 280.39373779296875 274.45001220703125 262.75 250.337493896484375 238.7062530517578125 227.787506103515625 222.4187469482421875
195.8562469482421875 201.7687530517578125 210.149993896484375 220.681243896484375 231.806243896484375 244.5437469482421875 258.068756103515625 272.193756103515625 286.662506103515625 298.32501220703125 307.73748779296875 317.212493896484375 327.32501220703125 335.70623779296875 337.26251220703125 331.14373779296875 323.65625 316.931243896484375 313.60626220703125 312.08123779296875 308.42498779296875 305.962493896484375 305.88751220703125 305.54376220703125 307.037506103515625 310.82501220703125 317.63751220703125 324.21875 332.09375 337.431243896484375 337.11248779296875 326.443756103515625 304.64373779296875 281.95001220703125 265.89373779296875 270.28125 285.20623779296875 294.96875 292.13751220703125 282.79998779296875 270.493743896484375 257.61248779296875 244.40625 231.8562469482421875 226.1437530517578125
195.3562469482421875 202.993743896484375 211.587493896484375 222.8625030517578125 234.5625 248.993743896484375 262.125 277.36248779296875 292.78125 301.10626220703125 305.83123779296875 309.324981689453125 312.881256103515625 319.45623779296875 326.23748779296875 327.225006103515625 324.193756103515625 319.8125 315.39373779296875 311.01251220703125 306.431243896484375 301.91876220703125 299.63751220703125 299.337493896484375 302.73126220703125 308.66876220703125 316.368743896484375 324.54998779296875 334.712493896484375 342.962493896484375 347.306243896484375 344.618743896484375 326.8125 311.625 306.61248779296875 311.51873779296875 318.024993896484375 319.350006103515625 309.34375 293.912506103515625 278.931243896484375 264.618743896484375 249.9562530517578125 236.399993896484375 230.4187469482421875
198.3125 206.6750030517578125 216.0749969482421875 226.5437469482421875 238.881256103515625 253.649993896484375 268.1875 282.225006103515625 296.162506103515625 301.64373779296875 304.131256103515625 304.38751220703125 301.09375 309.01251220703125 318.118743896484375 321.587493896484375 321.149993896484375 318.96875 314.61248779296875 309.14373779296875 302.662506103515625 296.48748779296875 292.42498779296875 292.431243896484375 296.76251220703125 301.89373779296875 311.975006103515625 322.556243896484375 333.149993896484375 343.462493896484375 350.59375 351.45001220703125 341.73748779296875 334.95001220703125 337.01873779296875 344.98748779296875 347.65625 340.412506103515625 324.42498779296875 306.15625 289.73126220703125 273.381256103515625 257.881256103515625 244.2312469482421875 239.162506103515625
205.21875 213.0124969482421875 222.1125030517578125 233.212493896484375 246.5500030517578125 259.58123779296875 273.41876220703125 286.23126220703125 296.26873779296875 302.162506103515625 304.806243896484375 305.193756103515625 305.63751220703125 310.3125 315.568756103515625 319.625 321.23126220703125 319.11248779296875 314.61248779296875 308.29998779296875 300.6875 291.837493896484375 284.868743896484375 283.712493896484375 287.58123779296875 297.39373779296875 307.40625 319.73126220703125 330.70623779296875 340.54998779296875 347.0625 349.20001220703125 348.131256103515625 348.649993896484375 353.618743896484375 357.131256103515625 357.662506103515625 350.1875 333.48126220703125 315.375 298.75 281.54376220703125 265.85626220703125 253.1125030517578125 247.100006103515625
217.8125 225.431243896484375 232.8125 243.1374969482421875 255.493743896484375 267.756256103515625 279.181243896484375 290.337493896484375 298.70623779296875 304.368743896484375 307.54376220703125 309.649993896484375 312.431243896484375 315.037506103515625 319.100006103515625 321.649993896484375 323.024993896484375 320.600006103515625 316.743743896484375 309.84375 300.11248779296875 288.037506103515625 277.381256103515625 273.274993896484375 280.5625 292.54998779296875 306.01873779296875 317.14373779296875 328.337493896484375 336.29998779296875 341.8125 345.399993896484375 349.212493896484375 354.34375 360.850006103515625 362.5 361.79998779296875 356.25 338.850006103515625 321.8125 305.9375 288.899993896484375 272.48748779296875 259.837493896484375 255.881256103515625
234.118743896484375 240.912506103515625 247.056243896484375 256.618743896484375 266.45001220703125 275.818756103515625 285.850006103515625 293.943756103515625 301.29376220703125 307.63751220703125 312.32501220703125 315.38751220703125 319.20623779296875 322.743743896484375 325.506256103515625 328.29376220703125 328.79998779296875 326.13751220703125 321.07501220703125 313.07501220703125 301.67498779296875 288.587493896484375 274.625 268.287506103515625 278.88751220703125 291.625 304.29376220703125 315.26251220703125 324.662506103515625 331.9375 337.79376220703125 340.662506103515625 347.1875 357.381256103515625 363.837493896484375 366.131256103515625 366.118743896484375 360.91876220703125 345.649993896484375 329.14373779296875 313.54376220703125 296.731231689453125 280.66876220703125 268.212493896484375 267
252.0500030517578125 257.212493896484375 262.95001220703125 270.287506103515625 277.64373779296875 284.07501220703125 292.493743896484375 300.51251220703125 306.774993896484375 313.21875 317.556243896484375 321.3125 325.287506103515625 329.087493896484375 332.14373779296875 335.0625 335.17498779296875 333.60626220703125 327.73126220703125 319.993743896484375 309.037506103515625 295.881256103515625 285.48748779296875 280.725006103515625 285.681243896484375 295.693756103515625 306.13751220703125 315.66876220703125 323.506256103515625 330.11248779296875 335.256256103515625 339.42498779296875 349.54998779296875 358.756256103515625 366.29998779296875 369.5625 368.88751220703125 366.381256103515625 351.568756103515625 335.17498779296875 320.16876220703125 304.92498779296875 289.76251220703125 279.10626220703125 280.38751220703125
268.381256103515625 273.26873779296875 277.193756103515625 282.79998779296875 288.78125 293.399993896484375 299.92498779296875 306.21875 312.46875 318.73126220703125 323.1875 327.08123779296875 330.899993896484375 336.23748779296875 339.98748779296875 344.04998779296875 345.725006103515625 342.78125 338.53125 330.33123779296875 320.04376220703125 307.38751220703125 299.4375 295.63751220703125 296.481231689453125 302.11248779296875 310.58123779296875 318.024993896484375 325.681243896484375 331.3125 334.67498779296875 339.631256103515625 349.625 360.09375 369.743743896484375 372.462493896484375 374.20623779296875 373.125 360.868743896484375 343.9375 326.774993896484375 311.73126220703125 300.475006103515625 294.125 297.381256103515625
279.17498779296875 282.425018310546875 285.631256103515625 289.693756103515625 295.51251220703125 299.70001220703125 304.618743896484375 310.024993896484375 315.08123779296875 321.443756103515625 326.712493896484375 332.337493896484375 337.5625 344.20001220703125 349.4375 352.79998779296875 356.181243896484375 356.58123779296875 353.287506103515625 344.66876220703125 333.256256103515625 322.10626220703125 314.39373779296875 309.17498779296875 307.381256103515625 310.01251220703125 315.475006103515625 320.212493896484375 325.681243896484375 330.506256103515625 335.63751220703125 341.36248779296875 350.943756103515625 362.26873779296875 371.743743896484375 376.774993896484375 379.162506103515625 380.85626220703125 368.85626220703125 353.95623779296875 342.79376220703125 331.70001220703125 321.45001220703125 317.54376220703125 315.86248779296875
286.70623779296875 289.368743896484375 290.881256103515625 294.73126220703125 299.20001220703125 303.63751220703125 308.16876220703125 313.46875 318.28125 323.82501220703125 331.225006103515625 338.76873779296875 346.29998779296875 352.36248779296875 357.475006103515625 362.88751220703125 367.725006103515625 369.83123779296875 368.98748779296875 360.39373779296875 348.087493896484375 335.956268310546875 327.08123779296875 320.51873779296875 316.88751220703125 317.350006103515625 320.006256103515625 322.92498779296875 326.34375 331.125 336.67498779296875 343.337493896484375 354.875 366.975006103515625 377.57501220703125 382.043731689453125 386.70001220703125 391.15625 380.79376220703125 367.149993896484375 359.431243896484375 353.412506103515625 346.212493896484375 339.98748779296875 338.493743896484375
289.26251220703125 291.89373779296875 293.806243896484375 297.73748779296875 301.39373779296875 305.10626220703125 309.9375 313.95001220703125 318.67498779296875 325.65625 333.431243896484375 342.850006103515625 352.4375 360.975006103515625 366.85626220703125 373.774993896484375 376.38751220703125 377.837493896484375 376.98126220703125 371.21875 359.806243896484375 348.61248779296875 338.29376220703125 331.056243896484375 326.662506103515625 324.662506103515625 324.743743896484375 325.712493896484375 327.649993896484375 333.54998779296875 339.693756103515625 346.34375 358.5625 370.956268310546875 382.71875 389.024993896484375 395.66876220703125 400.681243896484375 392.006256103515625 384.931243896484375 382.95623779296875 379.1875 373.64373779296875 369.84375 370.443756103515625
283.92498779296875 287.412506103515625 290.42498779296875 294.0625 297.03125 300.6875 304.38751220703125 308.90625 315.32501220703125 324.04376220703125 335.350006103515625 346.95001220703125 360.53125 372.443756103515625 378.92498779296875 383.3125 385.037506103515625 386.79998779296875 384.09375 379.225006103515625 369.931243896484375 358.98748779296875 349.16876220703125 341.243743896484375 336.51873779296875 333.693756103515625 331.98748779296875 332.256256103515625 332.899993896484375 337.125 342.95623779296875 348.45001220703125 360.149993896484375 373.95623779296875 387.15625 395.90625 403.287506103515625 407.681243896484375 402.78125 404.01251220703125 405.64373779296875 404.54376220703125 403.53125 404.431243896484375 413.274993896484375
278.037506103515625 281.306243896484375 284.556243896484375 288.875 291.806243896484375 294.506256103515625 298.100006103515625 303 308.79998779296875 318.993743896484375 332.912506103515625 349.70623779296875 368.475006103515625 383.15625 389.818756103515625 393.399993896484375 394.29376220703125 394.556243896484375 391.60626220703125 386.943756103515625 377.524993896484375 366.75 358.037506103515625 349.9375 345.11248779296875 341.712493896484375 339.118743896484375 337.57501220703125 337.631256103515625 341.618743896484375 346.45001220703125 351.33123779296875 364.462493896484375 378.35626220703125 390.8125 401.181243896484375 409.287506103515625 415.35626220703125 416.08123779296875 420.850006103515625 425.04376220703125 427.943756103515625 433.756256103515625 439.66876220703125 451.63751220703125
271.79376220703125 275.9375 279.51873779296875 282.625 286.193756103515625 288.931243896484375 291.14373779296875 294.95001220703125 300.350006103515625 310.79998779296875 328.4375 351.96875 376.76873779296875 395.243743896484375 401.04376220703125 403.475006103515625 402.48126220703125 401.10626220703125 398.9375 393.331268310546875 385.28125 374.01251220703125 364.818756103515625 355.956268310546875 351.54376220703125 347.07501220703125 344.524993896484375 342.850006103515625 342.118743896484375 345.600006103515625 348.60626220703125 354.318756103515625 367.53125 382.399993896484375 395.243743896484375 404.993743896484375 412.993743896484375 423.868743896484375 429.25 434.32501220703125 441.51873779296875 445.98748779296875 454.181243896484375 463.41876220703125 474.274993896484375
265.962493896484375 270.3125 273.581268310546875 275.95001220703125 278.66876220703125 282.068756103515625 284.087493896484375 286.61248779296875 290.5625 300.26251220703125 320.306243896484375 348.20001220703125 377.78125 399.881256103515625 407.181243896484375 410.59375 411.587493896484375 409.306243896484375 404.181243896484375 399.25 390.29376220703125 380.26251220703125 369.88751220703125 361.73126220703125 355.5625 350.83123779296875 348.193756103515625 347.85626220703125 346.8125 348.131256103515625 350.318756103515625 354.5 368.475006103515625 383.73748779296875 395.41876220703125 403.875 415.26251220703125 423.850006103515625 428.912506103515625 436.53125 445.92498779296875 450.35626220703125 457.21875 468.118743896484375 476.39373779296875
261.39373779296875 265.34375 267.66876220703125 271.443756103515625 273.76873779296875 277.056243896484375 279.14373779296875 280.86248779296875 282.475006103515625 285.42498779296875 311.23126220703125 348.9375 378.818756103515625 399.881256103515625 410.524993896484375 415.806243896484375 418.475006103515625 415.51251220703125 411.100006103515625 404.193756103515625 394 382.91876220703125 372.631256103515625 364.25 357.475006103515625 353.118743896484375 350.774993896484375 350.14373779296875 350.037506103515625 349.89373779296875 350.350006103515625 352.78125 367.625 383.118743896484375 395.899993896484375 406.29998779296875 414.82501220703125 422.693756103515625 428.181243896484375 434.70001220703125 442.162506103515625 448.337493896484375 456.256256103515625 466.73748779296875 474.618743896484375
257.056243896484375 260.881256103515625 263.51251220703125 266.806243896484375 270.01873779296875 273.568756103515625 276.83123779296875 279.76873779296875 283.90625 285.412506103515625 323.3125 363.45623779296875 386.412506103515625 402.875 414.09375 420.78125 422.774993896484375 419.868743896484375 413.41876220703125 404.89373779296875 394.524993896484375 382.54998779296875 372.931243896484375 364.39373779296875 358.181243896484375 353.993743896484375 351.66876220703125 351.79998779296875 351.95623779296875 351.712493896484375 349.274993896484375 350.58123779296875 365.006256103515625 381.193756103515625 393.693756103515625 404.29998779296875 412.443756103515625 420.20001220703125 425.59375 430.83123779296875 436.381256103515625 443.318756103515625 450.068756103515625 459.07501220703125 467.462493896484375
254.9187469482421875 258.037506103515625 260.306243896484375 264.51251220703125 267.51251220703125 272.33123779296875 278.412506103515625 285.54998779296875 297.33123779296875 321.51873779296875 364.5625 383 395.556243896484375 408.568756103515625 418.76873779296875 423.712493896484375 426.26251220703125 421.54998779296875 413.07501220703125 403.82501220703125 391.09375 378.493743896484375 369.95623779296875 361.14373779296875 355.23748779296875 352.618743896484375 350.60626220703125 350.70001220703125 351.29376220703125 350.337493896484375 349.125 348.912506103515625 360.681243896484375 374.53125 388.350006103515625 397.71875 404.318756103515625 412.337493896484375 416.17498779296875 418.04998779296875 422.96875 427.76251220703125 433.88751220703125 441.20001220703125 448.125
253.1750030517578125 256.1875 258.712493896484375 261.931243896484375 265.368743896484375 271.868743896484375 279.21875 290.743743896484375 307.743743896484375 333.850006103515625 363.681243896484375 384.649993896484375 400.725006103515625 413.70623779296875 422.70001220703125 428.48126220703125 430.649993896484375 424.26251220703125 413.70001220703125 403.600006103515625 386.774993896484375 372.931243896484375 363.068756103515625 354.95001220703125 351.70623779296875 349.64373779296875 348.51873779296875 348.90625 349.88751220703125 348.67498779296875 346.26873779296875 347.649993896484375 359.756256103515625 370.73748779296875 380.243743896484375 388.82501220703125 394.318756103515625 399.818756103515625 403.45001220703125 403.60626220703125 406.57501220703125 410.725006103515625 415.15625 419.337493896484375 425.67498779296875
