data/historical-monthly-weather-data/wc2.1_cruts4.09_10m_prec_1980-03.asc
ncols        51
nrows        45
xllcorner    -63.500000000000
yllcorner    -7.500000000000
cellsize     0.166666666667
NODATA_value -9999
[rows 20 to 39 of 45, columns 0 to 44 of 51]
308.48126220703125 320.8125 329.774993896484375 338.58123779296875 347.73126220703125 355.91876220703125 362.61248779296875 366.568756103515625 367.51873779296875 364.024993896484375 357.725006103515625 353.475006103515625 350.125 348.26251220703125 334.95001220703125 315.86248779296875 298.625 284.70001220703125 274.712493896484375 264.8125 255.256256103515625 245.6437530517578125 235.962493896484375 232.1999969482421875 229.7624969482421875 228.15625 229.681243896484375 231.475006103515625 233.243743896484375 235.649993896484375 234.40625 228.875 214.868743896484375 197.787506103515625 182.1687469482421875 194.837493896484375 213.5812530517578125 223.8000030517578125 228.7624969482421875 229.806243896484375 228.943756103515625 228.5437469482421875 227.1875 226.506256103515625 226.774993896484375
295.86248779296875 308.98748779296875 320.26873779296875 330.16876220703125 340.60626220703125 351.024993896484375 359.84375 366.443756103515625 368.14373779296875 361.60626220703125 349.86248779296875 340.04376220703125 331.64373779296875 326.04998779296875 316.14373779296875 303.625 291.85626220703125 279.537506103515625 268.962493896484375 258.66876220703125 247.78125 237.943756103515625 231.2312469482421875 226.8312530517578125 224.306243896484375 223.993743896484375 228.181243896484375 230 231.4250030517578125 233.4187469482421875 231.8312530517578125 226.7312469482421875 214.556243896484375 201.7937469482421875 193.90625 200.9562530517578125 214.756256103515625 224.2937469482421875 228.9499969482421875 228.881256103515625 227.006256103515625 226.149993896484375 224.881256103515625 224.068756103515625 224.7624969482421875
286.912506103515625 301.53125 312.45623779296875 323.274993896484375 333.73748779296875 343.962493896484375 353.25 364.03125 369.51873779296875 358.306243896484375 341.5625 324.587493896484375 310.818756103515625 304.48126220703125 299.41876220703125 291.79998779296875 282.54998779296875 271.84375 261.375 251.287506103515625 240.8625030517578125 230.5749969482421875 222.787506103515625 218.256256103515625 217.3625030517578125 218.6750030517578125 223.662506103515625 226.8249969482421875 228.2937469482421875 229.9875030517578125 229.962493896484375 228.6125030517578125 221.65625 213.5437469482421875 211.068756103515625 216.0187530517578125 223.881256103515625 229.34375 231.1999969482421875 229.443756103515625 226.149993896484375 224.5124969482421875 223.0749969482421875 221.46875 222.399993896484375
279.71875 292.162506103515625 303.48126220703125 315.03125 326.100006103515625 335.6875 346.29998779296875 356.95623779296875 360.82501220703125 347.899993896484375 329.29998779296875 312.61248779296875 295.20001220703125 290.243743896484375 288.35626220703125 283.57501220703125 276.85626220703125 267.600006103515625 256.38751220703125 245.7937469482421875 234.725006103515625 223.7375030517578125 215.0124969482421875 210.4187469482421875 208.6750030517578125 210.2312469482421875 216.1687469482421875 221.6750030517578125 225.3625030517578125 229.931243896484375 233.662506103515625 235.125 230.8000030517578125 226.162506103515625 225.1999969482421875 229.4250030517578125 233.5187530517578125 233.256256103515625 231.524993896484375 228.4499969482421875 224.7937469482421875 222.399993896484375 220.71875 218.587493896484375 220.9499969482421875
277.875 286.28125 295.16876220703125 306.89373779296875 319.5625 328.85626220703125 336.48748779296875 343.3125 343.431243896484375 334.67498779296875 321.71875 306.26251220703125 294.21875 287.662506103515625 282.9375 279.08123779296875 272.850006103515625 264.39373779296875 254.118743896484375 242 229 216.8937530517578125 206.4875030517578125 200.0124969482421875 199.4187469482421875 203.9187469482421875 210.306243896484375 218.2874908447265625 223.943756103515625 232.34375 238.4187469482421875 242.25 240.1062469482421875 236.8312530517578125 234.9312591552734375 234.318756103515625 234.9812469482421875 232.868743896484375 229.9187469482421875 227.3625030517578125 223.6374969482421875 220.756256103515625 217.681243896484375 217.006256103515625 217.0437469482421875
280.693756103515625 286.79998779296875 292.162506103515625 302.818756103515625 312.79998779296875 320.125 325.92498779296875 330.26251220703125 328.662506103515625 322.21875 313.100006103515625 303.131256103515625 294.256256103515625 287.118743896484375 281.59375 277.618743896484375 270.89373779296875 263.25 253.806243896484375 240.21875 227.056243896484375 212.0500030517578125 198.3562469482421875 189.3249969482421875 190.975006103515625 198.4562530517578125 208.3125 216.649993896484375 224.4875030517578125 235.087493896484375 244.0437469482421875 250.9187469482421875 250.006256103515625 245.381256103515625 240.9250030517578125 237.3312530517578125 234.774993896484375 231.125 228.493743896484375 225.5 222.125 218.6062469482421875 213.756256103515625 212.337493896484375 213.350006103515625
289.75 291.287506103515625 295.86248779296875 302.33123779296875 308.79376220703125 314.006256103515625 317.225006103515625 319.29998779296875 317.506256103515625 313.962493896484375 308.662506103515625 301.45623779296875 294.600006103515625 288.78125 283.90625 279.17498779296875 274.29998779296875 265.850006103515625 255.756256103515625 243.78125 228.881256103515625 212.8937530517578125 195.7687530517578125 185.3937530517578125 190.5437469482421875 198.537506103515625 209.4499969482421875 218.162506103515625 226.8937530517578125 238.2312469482421875 248.875 258.337493896484375 257.912506103515625 250.3125 242.881256103515625 237.8874969482421875 234.09375 229.3000030517578125 226.931243896484375 224.6125030517578125 220.587493896484375 216.7375030517578125 211.46875 209.0625 215.274993896484375
300.618743896484375 299.36248779296875 301.26251220703125 304.493743896484375 306.4375 308.85626220703125 311.912506103515625 312.556243896484375 310.868743896484375 308.51873779296875 304.25 298.89373779296875 294.212493896484375 289.975006103515625 285.73748779296875 281.29998779296875 277.318756103515625 271.34375 262.14373779296875 250.899993896484375 236.65625 220.6374969482421875 207.6999969482421875 198.975006103515625 199.8249969482421875 205.3562469482421875 214.6062469482421875 223.5124969482421875 231.774993896484375 241.7624969482421875 251.943756103515625 260.337493896484375 258.5 249.993743896484375 241.712493896484375 236.350006103515625 230.787506103515625 226.3937530517578125 224.9812469482421875 224.15625 222.649993896484375 218.46875 211.3937530517578125 208.9562530517578125 221.59375
310.20623779296875 307.212493896484375 306.41876220703125 305.64373779296875 306.600006103515625 306.712493896484375 306.368743896484375 306.131256103515625 305.23748779296875 303.162506103515625 301.006256103515625 297.375 293.818756103515625 291.21875 288.787506103515625 286.26251220703125 284.381256103515625 279.39373779296875 272.056243896484375 262.21875 248.693756103515625 233.962493896484375 222.868743896484375 214.131256103515625 212.9187469482421875 214.8874969482421875 222.0124969482421875 229.962493896484375 237.53125 246.443756103515625 254.318756103515625 260.556243896484375 257.100006103515625 248.7624969482421875 240.28125 234.3312530517578125 227.75 222.899993896484375 221.8874969482421875 221.03125 222.2562408447265625 218.6062469482421875 212.375 215.59375 230.4812469482421875
318.350006103515625 313.712493896484375 310.40625 307.42498779296875 306.01873779296875 303.618743896484375 302.65625 301.875 301.29998779296875 299.60626220703125 298.26873779296875 296.868743896484375 295.70623779296875 294.41876220703125 292.89373779296875 291.350006103515625 290.068756103515625 289.83123779296875 284.399993896484375 272.712493896484375 259.26873779296875 246.2062530517578125 235.5124969482421875 228.100006103515625 225.1374969482421875 226.0500030517578125 231.90625 238.1999969482421875 244.149993896484375 250.4875030517578125 256.462493896484375 259.9375 255.2375030517578125 248.368743896484375 240.375 233.100006103515625 225.631256103515625 220.225006103515625 216.34375 214.6437530517578125 215.568756103515625 217.6125030517578125 217.28125 224.0812530517578125 233.881256103515625
323.381256103515625 317.193756103515625 312.0625 308.39373779296875 305.6875 301.506256103515625 300.475006103515625 298.850006103515625 297.98748779296875 296.90625 296.4375 295.600006103515625 295.83123779296875 295.01873779296875 294.837493896484375 295.0625 296.73748779296875 297.600006103515625 295.79376220703125 283.86248779296875 270.33123779296875 256.912506103515625 247.34375 240.2687530517578125 236.3937530517578125 237.587493896484375 241.462493896484375 245.806243896484375 251.03125 255.024993896484375 258.79376220703125 261.212493896484375 255.8937530517578125 248.806243896484375 240.9499969482421875 231.993743896484375 223.681243896484375 217.568756103515625 212.087493896484375 205.6062469482421875 207.162506103515625 214.9812469482421875 221.1062469482421875 229.0187530517578125 239.0187530517578125
325.33123779296875 318.20001220703125 311.837493896484375 306.88751220703125 303.48748779296875 298.837493896484375 297.35626220703125 294.681243896484375 293.712493896484375 293.08123779296875 293.11248779296875 292.962493896484375 293.20001220703125 294.631256103515625 296.337493896484375 298.23748779296875 298.306243896484375 298.95623779296875 297.274993896484375 289.462493896484375 276.78125 265.756256103515625 255.868743896484375 249.2062530517578125 247.381256103515625 247.25 249.3312530517578125 253.625 256.73748779296875 259.58123779296875 261.98748779296875 262.88751220703125 256.36248779296875 249.03125 241.0749969482421875 231.5500030517578125 223.368743896484375 215.78125 208.149993896484375 203.412506103515625 206.7375030517578125 217.131256103515625 226.1687469482421875 237.881256103515625 250.1875
322.64373779296875 316.181243896484375 309.556243896484375 304.20623779296875 299.41876220703125 295.79998779296875 292.76251220703125 289.368743896484375 287.493743896484375 287.90625 290.95623779296875 290.475006103515625 291.76251220703125 295.58123779296875 297.600006103515625 299.050018310546875 298.556243896484375 299.26251220703125 296.493743896484375 290.35626220703125 281.03125 271.087493896484375 261.399993896484375 256.51873779296875 254.15625 253.243743896484375 254.5625 257.75 261.28125 263.4375 265.54998779296875 266.306243896484375 260.23126220703125 252.806243896484375 244.087493896484375 235.6875 227.181243896484375 218.4562530517578125 211.65625 211.28125 214.287506103515625 223.743743896484375 234.181243896484375 246.3937530517578125 264.631256103515625
318.85626220703125 312.75 307.6875 302.48748779296875 297.493743896484375 292.59375 288.181243896484375 284.274993896484375 281.88751220703125 282.15625 285.38751220703125 287.931243896484375 290.40625 292.82501220703125 294.83123779296875 297.587493896484375 299.100006103515625 299.024993896484375 295.131256103515625 289.743743896484375 282.787506103515625 273.931243896484375 266.08123779296875 260.73748779296875 258.39373779296875 256.625 258.25 260.600006103515625 264.931243896484375 266.79998779296875 268.274993896484375 270.15625 264.75 257.01873779296875 249.4375 240.75 231.40625 222.068756103515625 218.6687469482421875 218.8562469482421875 220.4187469482421875 229.006256103515625 240.6437530517578125 253.1624908447265625 272.78125
315.20001220703125 310.26251220703125 305.79998779296875 300.306243896484375 293.65625 288.73126220703125 283.04998779296875 279.13751220703125 275.068756103515625 274.17498779296875 278.78125 283.931243896484375 288.818756103515625 291.943756103515625 295.45623779296875 297.162506103515625 298.82501220703125 298.162506103515625 294.41876220703125 289.243743896484375 283.649993896484375 275.368743896484375 267.899993896484375 262.76251220703125 260.90625 259.73126220703125 260.58123779296875 263.524993896484375 266.61248779296875 269.493743896484375 272.53125 274.837493896484375 269.193756103515625 262.09375 253.993743896484375 244.4562530517578125 234.962493896484375 228.368743896484375 226.162506103515625 225.618743896484375 226.649993896484375 233.131256103515625 243.193756103515625 254.7624969482421875 271.07501220703125
312.350006103515625 307.09375 302.100006103515625 296.524993896484375 290.193756103515625 284.20623779296875 278.625 272.32501220703125 266.1875 264.818756103515625 269.568756103515625 277.381256103515625 286.54998779296875 293.118743896484375 296.149993896484375 297.949981689453125 298.03125 296.662506103515625 293.818756103515625 289.6875 283.83123779296875 275.681243896484375 267.943756103515625 264.056243896484375 262.243743896484375 261.087493896484375 262.056243896484375 265.32501220703125 268.712493896484375 272.337493896484375 277.10626220703125 280.193756103515625 274.131256103515625 268.056243896484375 260.368743896484375 251.1062469482421875 243.962493896484375 237.7937469482421875 234.625 234.4499969482421875 235.774993896484375 240.8000030517578125 247.725006103515625 257.818756103515625 269.625
308.375 303.875 299.20623779296875 293.381256103515625 287.75 282.04998779296875 275.368743896484375 268.28125 259.774993896484375 253.943756103515625 261.506256103515625 276.556243896484375 288.118743896484375 294.60626220703125 297.86248779296875 298.03125 296.58123779296875 294.5625 292.125 286.568756103515625 281.3125 273.787506103515625 266.84375 262.59375 260.95623779296875 260.556243896484375 262.100006103515625 266.381256103515625 270.006256103515625 275.36248779296875 281.08123779296875 285.1875 280.806243896484375 275.306243896484375 267.71875 260.09375 253.7062530517578125 248.1750030517578125 245.193756103515625 243.0749969482421875 242.8312530517578125 246.368743896484375 251.84375 259.4375 268.568756103515625
305.212493896484375 301.625 296.58123779296875 291.375 286.931243896484375 281.79998779296875 275.493743896484375 267.73748779296875 260.54376220703125 252.625 267.54376220703125 284.256256103515625 292.73126220703125 298.318756103515625 298.943756103515625 298.04376220703125 294.33123779296875 291.375 287.587493896484375 281.193756103515625 274.91876220703125 268.41876220703125 263.61248779296875 259.868743896484375 258.943756103515625 259.66876220703125 261.662506103515625 266.95623779296875 271.818756103515625 278.20001220703125 284.3125 289.306243896484375 285.95623779296875 281.618743896484375 274.418731689453125 268.806243896484375 263.056243896484375 256.66876220703125 254.4812469482421875 252.7312469482421875 250.193756103515625 252.806243896484375 255.368743896484375 258.13751220703125 264.962493896484375
302.11248779296875 298.868743896484375 294.95623779296875 290.73126220703125 286.96875 281.725006103515625 277.662506103515625 272.625 270.875 276.837493896484375 293.45623779296875 297.23748779296875 298.162506103515625 299.943756103515625 299.35626220703125 297.03125 292.568756103515625 288.131256103515625 282.524993896484375 275.13751220703125 267.868743896484375 261.98126220703125 257.90625 255.7874908447265625 256.03125 258.20623779296875 261.762481689453125 267.181243896484375 273.17498779296875 280.10626220703125 287.58123779296875 292.25 289.66876220703125 287.10626220703125 284.35626220703125 278.375 272.306243896484375 267.45623779296875 263.84375 260.46875 257.51251220703125 259.850006103515625 261.024993896484375 263.274993896484375 267.78125
299.70001220703125 297 293.85626220703125 289.86248779296875 287.368743896484375 285.04998779296875 281.443756103515625 280.82501220703125 282.25 287.60626220703125 295.9375 300.693756103515625 301.90625 301.431243896484375 300.28125 296.73126220703125 291.54998779296875 285.475006103515625 277.61248779296875 269.76873779296875 261.712493896484375 255.8125 251.0812530517578125 249.90625 252.2687530517578125 255.912506103515625 260.225006103515625 267.13751220703125 273.931243896484375 280.84375 287.524993896484375 295.21875 296.76251220703125 295.162506103515625 293.649993896484375 288.95623779296875 282.32501220703125 277.08123779296875 273.95001220703125 268.42498779296875 264.08123779296875 265.59375 266.1875 267.13751220703125 270.712493896484375
