data/historical-monthly-weather-data/wc2.1_cruts4.09_10m_prec_2013-09.asc
ncols        51
nrows        45
xllcorner    -63.500000000000
yllcorner    -7.500000000000
cellsize     0.166666666667
NODATA_value -9999
[rows 0 to 18 of 45, columns 0 to 43 of 51]
122.1999969482421875 116.3562469482421875 114.84375 115.96875 115.78125 116.6125030517578125 114.7624969482421875 111.91249847412109375 111.9499969482421875 112.52500152587890625 114.66249847412109375 118.3312530517578125 122.05625152587890625 124.1750030517578125 126.71875 128.318756103515625 130.90625 129.8562469482421875 129.681243896484375 128.368743896484375 127.5187530517578125 124.59375 122.6062469482421875 119.7937469482421875 116.3625030517578125 114.71250152587890625 113.28749847412109375 111.7375030517578125 108.99375152587890625 108.28749847412109375 106.8937530517578125 106.6750030517578125 108.16249847412109375 107.80625152587890625 108.3249969482421875 109.21250152587890625 111.40000152587890625 113.3312530517578125 114.0625 115.0625 116.3000030517578125 116.7312469482421875 115.7937469482421875 115.2062530517578125
116.84999847412109375 111.03125 111.6750030517578125 114.8000030517578125 118.66249847412109375 117.44374847412109375 114.85625457763671875 114.6999969482421875 115.5187530517578125 116.5749969482421875 118.93125152587890625 122.18125152587890625 125.66249847412109375 127.08750152587890625 129.1687469482421875 131.59375 132.806243896484375 132.537506103515625 132.087493896484375 131.318756103515625 129.59375 128.587493896484375 126.3937530517578125 124.25624847412109375 119.88124847412109375 117.56874847412109375 116.4187469482421875 114.81874847412109375 111.0187530517578125 110.5124969482421875 110.08750152587890625 111.1437530517578125 111.55625152587890625 112.55625152587890625 113.28749847412109375 114.1374969482421875 116.19374847412109375 118.5437469482421875 119.16249847412109375 120.18125152587890625 121.7062530517578125 122.38124847412109375 122.50624847412109375 120.83750152587890625
111.375 108.28125 110.6374969482421875 115.81874847412109375 120.78125 122.11875152587890625 121.0812530517578125 120.9562530517578125 122.65000152587890625 124.2062530517578125 126.5 129.056243896484375 131.875 132.5437469482421875 133.256256103515625 135.412506103515625 135.84375 135.556243896484375 134.9562530517578125 134.431243896484375 133.1125030517578125 131.75 130.5625 128.568756103515625 124.50624847412109375 121.1374969482421875 120.9187469482421875 117.91249847412109375 113.9375 112.83750152587890625 111.6374969482421875 112.28125 114.2375030517578125 115.3125 116.3125 116.71250152587890625 118.61875152587890625 121.31874847412109375 122.6437530517578125 124.4375 126.5187530517578125 126.65625 127.55625152587890625 126.65625
104.0812530517578125 102.74375152587890625 109.8562469482421875 115.3562469482421875 121.1062469482421875 123.9187469482421875 125.625 128.600006103515625 131.4875030517578125 133.90625 135.4250030517578125 137.181243896484375 137.3625030517578125 138.125 138.193756103515625 139.0812530517578125 139.556243896484375 139.1750030517578125 139.7624969482421875 140.03125 138.8937530517578125 136.28125 134.03125 132.0437469482421875 127.49375152587890625 124.56874847412109375 122.69374847412109375 117.77500152587890625 114.28125 113.61875152587890625 113.1875 112.5625 113.63124847412109375 114.84999847412109375 115.46875 118.4562530517578125 121.53749847412109375 124.15000152587890625 126.43125152587890625 127.6875 129.149993896484375 129.3937530517578125 130.1750030517578125 130.243743896484375
107.6999969482421875 104.13124847412109375 106.4187469482421875 112.58750152587890625 121.53125 126.3625030517578125 129.4375 134.0812530517578125 139 141.9812469482421875 143.4875030517578125 142.90625 143.368743896484375 144.868743896484375 144.462493896484375 144.243743896484375 143.6125030517578125 142.9499969482421875 143.306243896484375 142.681243896484375 143.1062469482421875 138.9812469482421875 137.462493896484375 135.212493896484375 130.6750030517578125 127.3249969482421875 122.78125 118.61875152587890625 114.5187530517578125 112.8562469482421875 112.6062469482421875 111.13124847412109375 111.6437530517578125 113.64374542236328125 115.6125030517578125 117.93125152587890625 121.0187530517578125 124.96875 128.0124969482421875 129.875 131.381256103515625 131.1999969482421875 131.15625 132.2249908447265625
112.34375 108.93125152587890625 109.4812469482421875 110.09375 119.2687530517578125 128.8125 134.431243896484375 138.7062530517578125 143.53125 147.993743896484375 149.006256103515625 147.875 148.225006103515625 149.693756103515625 148.4562530517578125 148.787506103515625 148.100006103515625 147.0625 147.350006103515625 147.756256103515625 145.818756103515625 142.412506103515625 139.9187469482421875 135.8874969482421875 132.15625 127.71250152587890625 122.5749969482421875 118.6125030517578125 113.86875152587890625 111.40000152587890625 110.50624847412109375 111.5749969482421875 111.93125152587890625 113.125 114.25624847412109375 117.7375030517578125 120.7687530517578125 125.6062469482421875 129.631256103515625 131.34375 129.287506103515625 129.1062469482421875 129.25 131.068756103515625
118.98125457763671875 116.59375 116.9250030517578125 117.40625 122.5187530517578125 128.287506103515625 135.6374969482421875 142.03125 145.693756103515625 148.40625 151.03125 151.287506103515625 152.4187469482421875 153.2624969482421875 152.649993896484375 152.868743896484375 152.6999969482421875 153.306243896484375 153.125 152.28125 148.9812469482421875 145.21875 140.53125 135.8249969482421875 132.381256103515625 128.34375 123.09375 118.55625152587890625 112.8000030517578125 109.61875152587890625 108.77500152587890625 108.3249969482421875 109.28749847412109375 111.09375 112.5812530517578125 114.49375152587890625 117.625 123.7687530517578125 130.03125 129.006256103515625 126.21875 124.71875 124.9187469482421875 127.47499847412109375
126.25 124.3937530517578125 124.9375 127.7937469482421875 132.912506103515625 139.318756103515625 142.787506103515625 142.9875030517578125 143.3562469482421875 146.8249969482421875 152 153.787506103515625 155.5500030517578125 156.212493896484375 157.162506103515625 155.9875030517578125 155.962493896484375 157.899993896484375 158.568756103515625 155.274993896484375 152.0749969482421875 147.2062530517578125 142.0500030517578125 136.0749969482421875 131.65625 127.34375 121.28749847412109375 115.6062469482421875 110.6875 107.3874969482421875 106.16249847412109375 105.21250152587890625 105.83750152587890625 107.9250030517578125 108.21875 109.4499969482421875 111.8625030517578125 116.03749847412109375 119.03125 118.8000030517578125 116.2624969482421875 114.7312469482421875 115.2312469482421875 116.7687530517578125
134.25 133.6750030517578125 135.412506103515625 138.287506103515625 143.0500030517578125 147.90625 151.2312469482421875 151.368743896484375 148.899993896484375 147.8874969482421875 152.462493896484375 154.274993896484375 157.662506103515625 157.881256103515625 158.875 158.537506103515625 158.712493896484375 160.4375 161.993743896484375 158.243743896484375 152.725006103515625 148.4812469482421875 140.837493896484375 136.350006103515625 130.4812469482421875 124.71875 118.71250152587890625 113.94374847412109375 110.05625152587890625 106.3312530517578125 105.5124969482421875 101.93125152587890625 100.2375030517578125 99.40625 99.46250152587890625 101.6437530517578125 103.8874969482421875 105.7937469482421875 106.36875152587890625 105.6999969482421875 103.44374847412109375 101.71875 102.11875152587890625 103.4499969482421875
140.9812469482421875 141.5749969482421875 144.0124969482421875 147.1374969482421875 152.8000030517578125 157.71875 160.818756103515625 160.21875 158.412506103515625 157.7687530517578125 158.8125 157.9562530517578125 159.46875 160.618743896484375 160.3000030517578125 161.1999969482421875 160.2375030517578125 161.3562469482421875 162.4375 160.90625 155.368743896484375 148.368743896484375 139.78125 133.8312530517578125 126.4812469482421875 120.74375152587890625 115.41249847412109375 110.91249847412109375 107.2687530517578125 104.5625 101.1687469482421875 96.8625030517578125 94.19374847412109375 93.43125152587890625 92.8312530517578125 93.58750152587890625 95.09999847412109375 95.72499847412109375 94.36875152587890625 93.06874847412109375 90.8125 89.6687469482421875 87.2937469482421875 87.6875
149.725006103515625 150.850006103515625 153.587493896484375 156.625 161.743743896484375 168.0250091552734375 171.337493896484375 168.4250030517578125 165.1750030517578125 164.287506103515625 165.15625 164.618743896484375 162.8562469482421875 161.568756103515625 160.462493896484375 160.506256103515625 158.899993896484375 159.7624969482421875 160.6312408447265625 160.568756103515625 157.993743896484375 150.84375 140.9562530517578125 128.71875 122.75 120.2687530517578125 115.33750152587890625 109.33750152587890625 104.11875152587890625 100.69374847412109375 97.1687469482421875 92.5124969482421875 89.4812469482421875 87.31874847412109375 85.8874969482421875 85.5 85.71875 85.25 84.3249969482421875 81.5749969482421875 78.19374847412109375 76.27500152587890625 75.53749847412109375 73.88124847412109375
155.3125 156.65625 159.6374969482421875 163.96875 168.9875030517578125 174.6437530517578125 178.9250030517578125 176.1999969482421875 171.0812530517578125 168.0500030517578125 168.350006103515625 168.3000030517578125 163.9875030517578125 160.431243896484375 160.899993896484375 159.6687469482421875 158.381256103515625 157.306243896484375 157.962493896484375 160.5187530517578125 160.5187530517578125 153.337493896484375 142.125 128.118743896484375 120.31874847412109375 115.71875 110.13124847412109375 104.52500152587890625 98.6687469482421875 95.06874847412109375 90.9812469482421875 86.36875152587890625 83.125 81.41249847412109375 80.63124847412109375 79.69374847412109375 78.8562469482421875 77.90000152587890625 74.59375 70.47499847412109375 66.52500152587890625 64.02500152587890625 63.200000762939453125 61.38124847412109375
159.6125030517578125 160.9562530517578125 163.4875030517578125 166.4812469482421875 170.381256103515625 175.131256103515625 177.587493896484375 175.6062469482421875 172.6875 170.318756103515625 168.8249969482421875 168.9375 165.806243896484375 158.506256103515625 156.2937469482421875 156.2937469482421875 154.7687530517578125 154.125 154.9499969482421875 156.787506103515625 157.9375 152.681243896484375 141.725006103515625 128.5625 116.71250152587890625 110.4499969482421875 105.96250152587890625 101.00624847412109375 95.65625 90.94374847412109375 85.3312530517578125 80.19374847412109375 77.2937469482421875 74.5124969482421875 73.2375030517578125 73.05625152587890625 73.7375030517578125 73.375 70.91249847412109375 64.1875 57.75 56.09375 54.3125 48.325000762939453125
162.5124969482421875 163.350006103515625 164.537506103515625 166.7624969482421875 170.368743896484375 172.662506103515625 173.837493896484375 173.868743896484375 171.337493896484375 169.8249969482421875 166.868743896484375 163.962493896484375 161.1374969482421875 155.4250030517578125 149.9812469482421875 150.412506103515625 149.181243896484375 147.8125 147.181243896484375 148.7312469482421875 149.318756103515625 144.34375 136.8000030517578125 128.068756103515625 117.84999847412109375 109.75624847412109375 103.8562469482421875 97.75 91.4187469482421875 86.375 81.8125 75.84375 71.9562530517578125 68.86875152587890625 67.6374969482421875 68.97499847412109375 71.3312530517578125 73.71875 72.2687530517578125 66.77500152587890625 55.75624847412109375 49.53125 47.80625152587890625 45.924999237060546875
163.3874969482421875 162.9375 163.475006103515625 165.375 168.5437469482421875 167.962493896484375 169.9812469482421875 169.475006103515625 167.037506103515625 166.5187530517578125 162.4812469482421875 159.0187530517578125 155.193756103515625 149.850006103515625 142.962493896484375 140.6750030517578125 140.28125 140.1437530517578125 138.537506103515625 139.7687530517578125 140.6999969482421875 138.462493896484375 134.125 128.818756103515625 122.7937469482421875 115.2937469482421875 107.21875 98.19374847412109375 90.00624847412109375 84.5187530517578125 77.36875152587890625 71.18125152587890625 67.94374847412109375 64.4875030517578125 61.612499237060546875 64.69374847412109375 71.2312469482421875 78.91249847412109375 81.3249969482421875 75.13124847412109375 65.63124847412109375 57.575000762939453125 53.74375152587890625 49.831249237060546875
162.34375 161.100006103515625 162.162506103515625 163.412506103515625 164.462493896484375 165.431243896484375 165.9875030517578125 165.024993896484375 163.6687469482421875 163.2375030517578125 158.993743896484375 154.149993896484375 149.4250030517578125 144.431243896484375 137.868743896484375 131.8625030517578125 130.8937530517578125 132.1687469482421875 130.868743896484375 132.399993896484375 132.6750030517578125 133.46875 133.71875 132.225006103515625 127.90625 119.46875 109.2062530517578125 99.74375152587890625 91.2375030517578125 83.9499969482421875 77.99375152587890625 70.40625 65.53125 62.53125 58.53125 64.4562530517578125 74.8625030517578125 83.68125152587890625 90.09999847412109375 86.84999847412109375 80.1999969482421875 69.22499847412109375 59.768749237060546875 52.31874847412109375
159.1062469482421875 158.3874969482421875 160.0812530517578125 161.4250030517578125 161.962493896484375 163.0625 163.256256103515625 162.96875 161.462493896484375 159.600006103515625 156.318756103515625 150.9812469482421875 144.5812530517578125 138.774993896484375 134.4875030517578125 129.4562530517578125 123.5437469482421875 123.49375152587890625 124.50624847412109375 125.47499847412109375 125.58750152587890625 127.77500152587890625 132.09375 135.131256103515625 133.225006103515625 122.2624969482421875 111.125 101.2937469482421875 92.6999969482421875 85.66249847412109375 80.7062530517578125 75.81874847412109375 69.90625 65.68125152587890625 66.6750030517578125 71.30625152587890625 79.88124847412109375 94.30625152587890625 107.3562469482421875 98.84375 86.5124969482421875 73.84375 61.66249847412109375 54.50624847412109375
156.15625 155.9499969482421875 156.5749969482421875 158.1750030517578125 160.318756103515625 161.8000030517578125 161.5625 160.662506103515625 159.8312530517578125 156.818756103515625 153.0437469482421875 147.631256103515625 141.006256103515625 135.0625 130.53125 126.53749847412109375 121.31874847412109375 115.59375 118.3125 118.56874847412109375 119.52500152587890625 120.7062530517578125 125.63124847412109375 130.725006103515625 131.056243896484375 121.74375152587890625 112.4187469482421875 102.9187469482421875 93.52500152587890625 85.18125152587890625 79.22499847412109375 74.36875152587890625 76.2624969482421875 78.34999847412109375 76.3874969482421875 76 86.61875152587890625 99.11875152587890625 104.6437530517578125 98.55625152587890625 83.7687530517578125 71.5 61.1875 56.11875152587890625
152.7312469482421875 152.006256103515625 152.65625 155.3125 157.399993896484375 159.412506103515625 159.537506103515625 160.3937530517578125 158.8000030517578125 155.6125030517578125 151.2687530517578125 144.899993896484375 137.631256103515625 131.8562469482421875 126.5187530517578125 123.9250030517578125 120.2062530517578125 113.5812530517578125 111.66249847412109375 111.8874969482421875 114.86875152587890625 122.0625 117.21250152587890625 121.3562469482421875 123.8125 121.5437469482421875 114.6999969482421875 104.9562530517578125 97.75 88.05625152587890625 80.31874847412109375 80.7687530517578125 89.03125 91.46875 91.1687469482421875 90.80625152587890625 93.96250152587890625 97.1750030517578125 96.97499847412109375 89.71875 77.94374847412109375 67.99375152587890625 60.125 56.200000762939453125
