data/historical-monthly-weather-data/wc2.1_cruts4.09_10m_prec_1955-01.asc
ncols        51
nrows        45
xllcorner    -63.500000000000
yllcorner    -7.500000000000
cellsize     0.166666666667
NODATA_value -9999
[rows 20 to 39 of 45, columns 0 to 44 of 51]
299.39373779296875 296.681243896484375 297.975006103515625 301.70623779296875 306.100006103515625 315.006256103515625 325.193756103515625 332.681243896484375 337.787506103515625 340.175018310546875 341.649993896484375 345.5 352.868743896484375 360.993743896484375 349.931243896484375 328.068756103515625 311.95001220703125 301.287506103515625 297.600006103515625 293.193756103515625 289.01251220703125 282.743743896484375 276.15625 276.10626220703125 277.73748779296875 280.181243896484375 284.412506103515625 289.649993896484375 294.28125 297.556243896484375 294.21875 285.86248779296875 270.53125 254.53125 240.3625030517578125 249.7624969482421875 266.662506103515625 275.850006103515625 273.04998779296875 260.79998779296875 243.1687469482421875 226.3249969482421875 213.2687530517578125 202.524993896484375 194.8937530517578125
302.412506103515625 298.34375 299.912506103515625 305.493743896484375 313.018768310546875 323.09375 333.64373779296875 343.899993896484375 349.14373779296875 346.493743896484375 341.431243896484375 335.34375 333.274993896484375 335.15625 331.506256103515625 321.131256103515625 313.29376220703125 305.51873779296875 300.181243896484375 295.725006103515625 287.96875 281.33123779296875 276.412506103515625 276.78125 278.774993896484375 282.13751220703125 289.23748779296875 292.70001220703125 294.26251220703125 293.48748779296875 286.5625 277.88751220703125 268.08123779296875 261.243743896484375 257.25 265.70623779296875 283.33123779296875 295.712493896484375 292.15625 276.23126220703125 255.40625 236.4499969482421875 221.350006103515625 208.8249969482421875 199.5124969482421875
305.78125 301.98748779296875 301.79998779296875 307.556243896484375 317.41876220703125 330.45001220703125 342.04998779296875 353.631256103515625 361.5 352.912506103515625 337.76251220703125 320.774993896484375 309.625 309.61248779296875 314.01873779296875 314.32501220703125 310.962493896484375 305.524993896484375 300.193756103515625 294.8125 287.29998779296875 279.618743896484375 273.274993896484375 273.26251220703125 277.08123779296875 282.899993896484375 291.256256103515625 294.212493896484375 293.64373779296875 288.78125 280.587493896484375 273.42498779296875 272.35626220703125 272.59375 276.193756103515625 284.193756103515625 302.04376220703125 322.0625 315.39373779296875 290.45623779296875 265.6875 245.5500030517578125 227.350006103515625 213.3625030517578125 203.0625
310.831268310546875 305.73126220703125 303.975006103515625 310.64373779296875 322.912506103515625 335.59375 348.056243896484375 359.04376220703125 363.693756103515625 351.100006103515625 331.556243896484375 311.412506103515625 289.95001220703125 292.537506103515625 302.931243896484375 307.23748779296875 306.681243896484375 302.40625 297.48748779296875 292.3125 283.5625 275.274993896484375 268.66876220703125 268.1875 273.131256103515625 279.21875 289.162506103515625 291.631256103515625 290.9375 288.381256103515625 283.36248779296875 280.04998779296875 282.01251220703125 285.92498779296875 292.225006103515625 300.39373779296875 314.875 331.26873779296875 323.23126220703125 297.881256103515625 272.07501220703125 250.4250030517578125 231.6437530517578125 216.837493896484375 206.5124969482421875
317.63751220703125 312.256256103515625 308.39373779296875 318.350006103515625 334.41876220703125 345.04376220703125 354.037506103515625 361.14373779296875 360.14373779296875 349.3125 332.20623779296875 314.11248779296875 298.837493896484375 296.5625 301.15625 305.125 305.618743896484375 302.51251220703125 296.625 288.91876220703125 279.5625 269.63751220703125 262.13751220703125 261 265.412506103515625 273.09375 281.806243896484375 288.337493896484375 290.48126220703125 291.96875 291.40625 292.57501220703125 294.76873779296875 299.79998779296875 306.381256103515625 311.13751220703125 320.25 324.600006103515625 315.58123779296875 296.48748779296875 273.149993896484375 252.3000030517578125 233.9250030517578125 220.15625 207.4875030517578125
331.70001220703125 330.881256103515625 328.82501220703125 337.73126220703125 348.61248779296875 356.462493896484375 361.41876220703125 362.725006103515625 358.51873779296875 348.40625 335.600006103515625 322.881256103515625 311.181243896484375 305.806243896484375 305.54376220703125 307 307.412506103515625 303.79376220703125 297.21875 287.881256103515625 278.056243896484375 265.25 255.8312530517578125 252.287506103515625 257.54998779296875 266.975006103515625 278.58123779296875 286.743743896484375 292.48748779296875 294.86248779296875 299.92498779296875 304.79998779296875 309.087493896484375 312.54998779296875 318.149993896484375 319.625 322.493743896484375 320.6875 310 292.693756103515625 272.26873779296875 252.0187530517578125 233.2062530517578125 220.100006103515625 209.649993896484375
348.118743896484375 350.20623779296875 352.23748779296875 358.225006103515625 364.212493896484375 368.0625 369.837493896484375 366.350006103515625 359.91876220703125 352.087493896484375 341.850006103515625 331.51873779296875 321.649993896484375 315.15625 312.350006103515625 312.11248779296875 311.20623779296875 306.82501220703125 300.693756103515625 289.756256103515625 277.23748779296875 264.95001220703125 251.899993896484375 246.9875030517578125 254.9375 264.39373779296875 276.10626220703125 285.881256103515625 293.92498779296875 299.04376220703125 306.79376220703125 313.443756103515625 320.0625 323.71875 326.756256103515625 327.287506103515625 327.20001220703125 321.79998779296875 308.51251220703125 292.443756103515625 272.65625 251.3312530517578125 232.6437530517578125 219.8125 215.65625
367.89373779296875 371.306243896484375 375.46875 379.89373779296875 383.337493896484375 381.96875 379.04376220703125 372.587493896484375 365.412506103515625 356.787506103515625 347.66876220703125 338.91876220703125 329.26251220703125 321.96875 318.368743896484375 317.056243896484375 314.95001220703125 312.51251220703125 304.14373779296875 294.16876220703125 282.975006103515625 268.850006103515625 259.556243896484375 255.65625 259.9375 266.85626220703125 277.54376220703125 286.83123779296875 295.76873779296875 303.8125 311.20623779296875 318.443756103515625 325.431243896484375 329.20623779296875 332.912506103515625 332.73126220703125 330.20001220703125 324.83123779296875 311.975006103515625 294.84375 276.337493896484375 255.0437469482421875 234.375 222.149993896484375 227.59375
384.98126220703125 391.48126220703125 395.98126220703125 400.86248779296875 402.625 396.60626220703125 387.38751220703125 379.63751220703125 370.54998779296875 362.006256103515625 353.83123779296875 344.85626220703125 335.71875 329.837493896484375 326.23748779296875 325.037506103515625 324.90625 320.193756103515625 312.412506103515625 302.29998779296875 290.23126220703125 276.756256103515625 267.931243896484375 265.225006103515625 267.15625 271.45623779296875 281.056243896484375 289.98748779296875 299.70623779296875 308.024993896484375 314.58123779296875 321.33123779296875 328.42498779296875 334.256256103515625 339.20001220703125 338.162506103515625 336.4375 331.03125 318.79376220703125 301.71875 281.41876220703125 260.712493896484375 243.28125 236.28125 243.037506103515625
394.725006103515625 402.412506103515625 409.32501220703125 415.78125 416.256256103515625 405.51251220703125 392.82501220703125 383.618743896484375 373.70623779296875 364.056243896484375 357.037506103515625 350.350006103515625 342.91876220703125 337.587493896484375 335.40625 333.51251220703125 331.73126220703125 328.0625 322.04998779296875 310.71875 297.92498779296875 286.318756103515625 276.662506103515625 273.35626220703125 274.58123779296875 277.96875 285.956268310546875 293.912506103515625 303 310.57501220703125 318.08123779296875 324.975006103515625 331.375 338.875 344.125 344.431243896484375 343.087493896484375 340.70623779296875 329.3125 314.85626220703125 298.868743896484375 281.83123779296875 267.931243896484375 261.95623779296875 261.54376220703125
399.70001220703125 408.568756103515625 413.631256103515625 420.25 422.60626220703125 407.54998779296875 395 384.33123779296875 374.32501220703125 365.881256103515625 360.193756103515625 354.881256103515625 349.17498779296875 343.649993896484375 342.399993896484375 340.399993896484375 339.13751220703125 336.45001220703125 330.787506103515625 319.8125 306.087493896484375 293.5 284.756256103515625 281.08123779296875 280.84375 284.54998779296875 291.693756103515625 298.60626220703125 307.60626220703125 314.318756103515625 321.84375 329.131256103515625 335.38751220703125 343.125 349.10626220703125 350.71875 350.537506103515625 351.03125 343.01873779296875 331.20001220703125 319.41876220703125 305.556243896484375 294.118743896484375 285.431243896484375 283.162506103515625
399.65625 408.024993896484375 411.58123779296875 415.068756103515625 414.475006103515625 402.54376220703125 393.25 382.10626220703125 373.01873779296875 365.46875 360.556243896484375 356.59375 352.67498779296875 349.66876220703125 348.95001220703125 346.76251220703125 343.34375 339.95001220703125 333.01873779296875 323.875 310.318756103515625 298.15625 290.09375 286.39373779296875 287.3125 290.0625 295.82501220703125 302.78125 309.89373779296875 317.9375 325.45001220703125 332.75 339.8125 347.88751220703125 354.73126220703125 356.9375 360.193756103515625 360.318756103515625 353.443756103515625 345.57501220703125 340.375 329.993743896484375 320.787506103515625 315.59375 313.32501220703125
390.537506103515625 397.76873779296875 401.212493896484375 403.16876220703125 400.4375 390.743743896484375 381.09375 371.975006103515625 362.83123779296875 359.26251220703125 358.88751220703125 357.375 357.806243896484375 358.28125 355.83123779296875 351.931243896484375 346.5625 340.67498779296875 333.03125 324.774993896484375 312.662506103515625 301.4375 293.243743896484375 291.76251220703125 292.399993896484375 295.32501220703125 300.462493896484375 305.23126220703125 311.98126220703125 321.743743896484375 329.3125 335.712493896484375 343.86248779296875 353.125 359.8125 363.868743896484375 367.306243896484375 368.743743896484375 363 362.149993896484375 359.912506103515625 353.712493896484375 349.16876220703125 348.54376220703125 353.337493896484375
379 385.287506103515625 387.681243896484375 388.962493896484375 384.912506103515625 376.91876220703125 368.83123779296875 360.21875 352.96875 349.53125 351.90625 357.53125 362.95001220703125 364.63751220703125 361.45623779296875 355.36248779296875 349.59375 343.181243896484375 333.806243896484375 324.42498779296875 313.743743896484375 303.84375 296.399993896484375 295.07501220703125 296.04376220703125 298.35626220703125 302.625 308.08123779296875 315.443756103515625 324.09375 333.100006103515625 340.524993896484375 348.64373779296875 358.837493896484375 366.399993896484375 370.850006103515625 373.98126220703125 374.79376220703125 374.212493896484375 375.98126220703125 375.993743896484375 374.41876220703125 374.76873779296875 378.20001220703125 385.75
369.25 373.32501220703125 374.899993896484375 374.149993896484375 371.01251220703125 364.318756103515625 355.625 347.449981689453125 338.53125 337.318756103515625 344.79998779296875 355.60626220703125 368.15625 373.631256103515625 368.6875 359.681243896484375 351.493743896484375 343.11248779296875 333.51873779296875 322.431243896484375 313.625 304.91876220703125 298.29376220703125 297.037506103515625 298.475006103515625 299.59375 304.618743896484375 310.73126220703125 317.76251220703125 326.08123779296875 335.625 345.04376220703125 354.16876220703125 363.475006103515625 371.09375 375.5625 377.787506103515625 382.412506103515625 384.32501220703125 386.243743896484375 388.86248779296875 389.131256103515625 392.61248779296875 397.756256103515625 403.524993896484375
359.5 361.568756103515625 361.6875 359.79998779296875 356.26251220703125 348.16876220703125 340.20001220703125 330.5 320.431243896484375 318.08123779296875 328.899993896484375 347.10626220703125 365.431243896484375 374.231231689453125 370.118743896484375 361.306243896484375 351.350006103515625 342.3125 332.28125 321.13751220703125 312.32501220703125 305.29376220703125 298.85626220703125 297.287506103515625 298.58123779296875 300.85626220703125 305.51873779296875 311.60626220703125 318.943756103515625 327.53125 338.21875 347.850006103515625 358.34375 368.26251220703125 375.75 378.4375 383.57501220703125 386.54998779296875 386.29376220703125 388.41876220703125 391.59375 393.743743896484375 397.193756103515625 403.10626220703125 407.024993896484375
349.475006103515625 350.38751220703125 348.443756103515625 345.774993896484375 341.78125 334.60626220703125 327.98126220703125 317.712493896484375 304.675018310546875 296.01251220703125 313.15625 344.36248779296875 364.681243896484375 371.38751220703125 368.743743896484375 360.875 350.85626220703125 341.287506103515625 330.79998779296875 319.20001220703125 311.46875 303.71875 298.256256103515625 296.95001220703125 298.662506103515625 301.774993896484375 306.54376220703125 313.193756103515625 320.399993896484375 329.756256103515625 340.631256103515625 350.86248779296875 362.431243896484375 373.118743896484375 380.67498779296875 383.51251220703125 386.475006103515625 387.475006103515625 387.51873779296875 387.899993896484375 388.625 391.375 397.118743896484375 402.881256103515625 406.243743896484375
340.26251220703125 339.95001220703125 337.006256103515625 334.51251220703125 330.98126220703125 326.318756103515625 320.34375 312.118743896484375 301.337493896484375 290.8125 324.243743896484375 356.756256103515625 368.962493896484375 371.574981689453125 368.3125 360.3125 349.556243896484375 340.64373779296875 330.61248779296875 319.006256103515625 310.649993896484375 302.3125 296.63751220703125 295.79998779296875 297.83123779296875 301.79998779296875 306.256256103515625 312.83123779296875 320.462493896484375 331.15625 341.875 351.42498779296875 363.306243896484375 374.9375 382.59375 385.024993896484375 385.375 386.03125 385.975006103515625 384.98748779296875 383.943756103515625 388.131256103515625 392.46875 396.25 401.287506103515625
338.29998779296875 334.537506103515625 331.64373779296875 328.53125 325.29376220703125 321.256256103515625 316.412506103515625 314.09375 315.649993896484375 331.368743896484375 370.306243896484375 375.17498779296875 373.36248779296875 371.899993896484375 367.70001220703125 359.556243896484375 350.5625 340.600006103515625 329.88751220703125 318.67498779296875 308.399993896484375 300.03125 294.774993896484375 294.16876220703125 295.96875 299.837493896484375 305.23748779296875 312.318756103515625 320.725006103515625 332.28125 342.29998779296875 351.01251220703125 360.568756103515625 368.71875 377.943756103515625 379.54376220703125 378.399993896484375 378.60626220703125 376.91876220703125 373.600006103515625 372.17498779296875 374.568756103515625 377.04998779296875 381.51251220703125 385.993743896484375
337.743743896484375 332.66876220703125 328.16876220703125 323.26251220703125 321.41876220703125 319.01251220703125 316.850006103515625 319.625 328.024993896484375 345.225006103515625 365.51873779296875 373.837493896484375 373.1875 371.46875 366.725006103515625 360.16876220703125 352.0625 342.537506103515625 329.98126220703125 317.693756103515625 304.70001220703125 296.61248779296875 291.64373779296875 291.04998779296875 293.53125 297.306243896484375 303.556243896484375 311.875 320.33123779296875 330.98126220703125 340 349.64373779296875 359.125 365.462493896484375 370.13751220703125 370.79376220703125 369.1875 368.0625 365.118743896484375 360.73126220703125 358.96875 360.087493896484375 360.743743896484375 363.71875 368.006256103515625
