data/historical-monthly-weather-data/wc2.1_cruts4.09_10m_prec_1969-05.asc
ncols        45
nrows        45
xllcorner    -63.500000000000
yllcorner    -7.500000000000
cellsize     0.166666666667
NODATA_value -9999
[rows 0 to 19 of 45, columns 0 to 43 of 45]
393.20623779296875 397.51873779296875 396.96875 402.83123779296875 404.79998779296875 402.21875 394.14373779296875 388.75 383.587493896484375 381.712493896484375 377.475006103515625 369.59375 363.943756103515625 359.10626220703125 352.537506103515625 348.09375 342.287506103515625 335.04998779296875 330.78125 329.48748779296875 330.087493896484375 330.48126220703125 334.92498779296875 336.88751220703125 340.70001220703125 346.67498779296875 351.54376220703125 358.51873779296875 363.64373779296875 377.712493896484375 387.912506103515625 401.04376220703125 414.6875 426.17498779296875 437.53125 448.774993896484375 457.76873779296875 462.29998779296875 463.587493896484375 466.837493896484375 466.087493896484375 465.399993896484375 460.40625 461.23126220703125
387.3125 391.07501220703125 397.26251220703125 407.54376220703125 417.287506103515625 417.48748779296875 410.787506103515625 406.943756103515625 404.70623779296875 399.899993896484375 396.149993896484375 387.48126220703125 378.806243896484375 370.71875 361.23126220703125 352.64373779296875 344.443756103515625 335.71875 333.068756103515625 331.993743896484375 333.350006103515625 335.98748779296875 338.82501220703125 343.23126220703125 346.09375 349.23126220703125 355.64373779296875 361.774993896484375 367.568756103515625 378.20623779296875 387.59375 403.693756103515625 412.587493896484375 425.21875 433.95623779296875 437.32501220703125 446.96875 450.82501220703125 453.868743896484375 448.9375 446.79376220703125 450.9375 446.006256103515625 439.88751220703125
366.51251220703125 373.82501220703125 385.912506103515625 398 408.53125 414.0625 416.556243896484375 420.23126220703125 421.23126220703125 418.318756103515625 414.181243896484375 403.07501220703125 391.48748779296875 378.493743896484375 367.381256103515625 358.225006103515625 346.92498779296875 336.756256103515625 333.45623779296875 333.162506103515625 335.743743896484375 341.649993896484375 345.868743896484375 349.48126220703125 352.274993896484375 358.274993896484375 365.25 368.399993896484375 370.568756103515625 380.01873779296875 389.056243896484375 401.60626220703125 414.78125 424.0625 434.899993896484375 436.318756103515625 442.51251220703125 446.79998779296875 446.13751220703125 443.306243896484375 443.962493896484375 439.64373779296875 437.100006103515625 430.649993896484375
340.368743896484375 345.212493896484375 366.33123779296875 380.756256103515625 395.243743896484375 404.28125 413.40625 425.51251220703125 435.36248779296875 436.787506103515625 430.51251220703125 417.024993896484375 400.0625 385.125 371.993743896484375 359.725006103515625 346.118743896484375 336.51873779296875 332.837493896484375 335.45001220703125 344.181243896484375 349.60626220703125 353 357.806243896484375 360.962493896484375 364.693756103515625 371.100006103515625 370.487518310546875 370.993743896484375 382.587493896484375 391.73126220703125 402.86248779296875 413.1875 421.287506103515625 428.14373779296875 436.318756103515625 443.493743896484375 446.32501220703125 445.212493896484375 442.493743896484375 439.225006103515625 438.33123779296875 429.01873779296875 420.29376220703125
336.21875 337.006256103515625 341.681243896484375 357.58123779296875 377.04376220703125 389 404.60626220703125 423.67498779296875 442.59375 451.71875 441.381256103515625 421.274993896484375 406.462493896484375 391.73126220703125 376.818756103515625 361.475006103515625 345.61248779296875 336.65625 333.10626220703125 337.943756103515625 348.006256103515625 353.5625 356.556243896484375 365.70001220703125 367.46875 370.899993896484375 369.6875 372.006256103515625 372.712493896484375 381.64373779296875 392.29998779296875 400.32501220703125 408.693756103515625 420.350006103515625 429.149993896484375 432.962493896484375 440.899993896484375 446.125 445.524993896484375 440.82501220703125 438.63751220703125 430.993743896484375 421.618743896484375 414.493743896484375
326.0625 327.350006103515625 330.375 331.91876220703125 351.70623779296875 370.806243896484375 387.96875 405.26873779296875 426.774993896484375 439.881256103515625 433.618743896484375 413.33123779296875 403.037506103515625 392.100006103515625 375.71875 364.95623779296875 348.60626220703125 339.462493896484375 338.618743896484375 346.225006103515625 354.15625 361.26251220703125 367.625 369.600006103515625 372.09375 374.712493896484375 373.431243896484375 372.368743896484375 374.29998779296875 382.70623779296875 391.868743896484375 400.79376220703125 407.01873779296875 415.5625 421.64373779296875 426.20001220703125 430.25 433.10626220703125 437.13751220703125 432.524993896484375 425.63751220703125 419.087493896484375 408.71875 401.15625
318.58123779296875 318.006256103515625 320.26873779296875 322.73748779296875 331.225006103515625 343.662506103515625 359.806243896484375 376.712493896484375 385.01873779296875 399.45623779296875 404.54376220703125 396.806243896484375 392.993743896484375 387.36248779296875 376.45001220703125 365.89373779296875 357.35626220703125 353.056243896484375 352.21875 360.76873779296875 364.912506103515625 368.662506103515625 369.818756103515625 373.84375 377.193756103515625 382.20001220703125 378.26873779296875 375.45623779296875 372.443756103515625 380.256256103515625 389.21875 393.96875 396.73748779296875 403.01251220703125 408.84375 414.243743896484375 415.024993896484375 416.5625 420.67498779296875 419.631256103515625 410.65625 401.118743896484375 391.57501220703125 386.61248779296875
310.287506103515625 308.443756103515625 310.274993896484375 315.306243896484375 323.100006103515625 335.5 340.61248779296875 338.256256103515625 336.006256103515625 353.631256103515625 374.29998779296875 379.15625 384.39373779296875 382.600006103515625 377.03125 372.14373779296875 366.681243896484375 367.53125 368.48126220703125 371.63751220703125 377.90625 378.100006103515625 378.16876220703125 376.17498779296875 381.037506103515625 378.14373779296875 378.006256103515625 373.04998779296875 370.106231689453125 376.743743896484375 383.71875 386.743743896484375 389.493743896484375 390.45623779296875 390.881256103515625 392.5625 394.3125 397.20001220703125 396.975006103515625 390.193756103515625 386.40625 378.243743896484375 371.337493896484375 363.48748779296875
303.85626220703125 302.28125 305.83123779296875 309.23126220703125 314.98126220703125 324.57501220703125 329.21875 329.243743896484375 320.3125 323.193756103515625 344.04376220703125 358.9375 372.556243896484375 374.23748779296875 373.11248779296875 374.28125 373.743743896484375 378.59375 384.806243896484375 381.1875 377.850006103515625 381.681243896484375 375.96875 382.26873779296875 379.056243896484375 374.318756103515625 369.587493896484375 369.28125 370.975006103515625 373.51873779296875 381.04376220703125 380.412506103515625 374.03125 369.89373779296875 371.537506103515625 373.39373779296875 374.85626220703125 376.98126220703125 378.48748779296875 370.006256103515625 361.54998779296875 353.693756103515625 351.16876220703125 348.29376220703125
296.79998779296875 297.04998779296875 300.693756103515625 305.51873779296875 307.98748779296875 317.131256103515625 323.375 326.32501220703125 326.375 332.59375 344.65625 348.9375 364.350006103515625 367.45001220703125 372.11248779296875 373.600006103515625 375.993743896484375 382.09375 390.493743896484375 394.25 386.82501220703125 380.01251220703125 375.256256103515625 377.79998779296875 371.35626220703125 366.76873779296875 361.568756103515625 361.14373779296875 364.89373779296875 370.73126220703125 370.943756103515625 366.8125 362.912506103515625 358.41876220703125 354.42498779296875 354.20623779296875 353.162506103515625 354.79998779296875 356.037506103515625 353.96875 350.3125 346.63751220703125 335.875 326.60626220703125
289.89373779296875 291.95001220703125 294.70623779296875 299.88751220703125 302.462493896484375 312.73126220703125 320.34375 322.412506103515625 325.63751220703125 335.42498779296875 348.306243896484375 356.787506103515625 357.33123779296875 363.59375 367.23126220703125 370.068756103515625 375.07501220703125 383.649993896484375 392.17498779296875 400.881256103515625 405.756256103515625 392.48748779296875 379.66876220703125 361.318756103515625 363.9375 364.65625 359.3125 357.881256103515625 355.67498779296875 355.92498779296875 357.23126220703125 354.600006103515625 348.57501220703125 342.375 336.100006103515625 331.556243896484375 329.54376220703125 331.712493896484375 336.318756103515625 336.73748779296875 334.82501220703125 329.38751220703125 325.693756103515625 312.89373779296875
286.774993896484375 287.70623779296875 291.28125 296.45001220703125 300.899993896484375 307.51251220703125 317.79998779296875 324.26251220703125 330.962493896484375 336.368743896484375 348.056243896484375 360.131256103515625 354.76251220703125 358.068756103515625 364.524993896484375 364.993743896484375 369.631256103515625 378.21875 388.537506103515625 402.85626220703125 413.23126220703125 407.787506103515625 392.787506103515625 369.71875 355.625 346.943756103515625 339.48748779296875 338.162506103515625 339.5 338.399993896484375 334.0625 330.54998779296875 324.787506103515625 318.649993896484375 315.95623779296875 315.64373779296875 316.162506103515625 316.087493896484375 318.09375 319.76251220703125 321.024993896484375 316.28125 307.20001220703125 285.850006103515625
284.787506103515625 283.75 286.67498779296875 292.08123779296875 295.95623779296875 304.6875 311.92498779296875 317.318756103515625 325.23126220703125 335.26251220703125 345.76873779296875 355.10626220703125 355.92498779296875 345.975006103515625 348.92498779296875 355.58123779296875 360.01873779296875 369.11248779296875 379.11248779296875 393.443756103515625 409.36248779296875 403.73126220703125 390.931243896484375 367.71875 335.600006103515625 321.20001220703125 323.556243896484375 323.899993896484375 326.337493896484375 325.70001220703125 317.96875 308.70623779296875 301.58123779296875 294.662506103515625 293.29376220703125 296.90625 299.83123779296875 303.84375 308.912506103515625 310.1875 308.66876220703125 304.681243896484375 286.76873779296875 269.931243896484375
276.70623779296875 276.70001220703125 280.993743896484375 285.875 291.368743896484375 298.037506103515625 304.056243896484375 310.45001220703125 320.45001220703125 329.66876220703125 333.64373779296875 339.056243896484375 340.39373779296875 337.631256103515625 328.850006103515625 338.756256103515625 343.14373779296875 350.14373779296875 362.66876220703125 377.537506103515625 389.70001220703125 388.39373779296875 380.36248779296875 362.975006103515625 337.693756103515625 320.556243896484375 314.618743896484375 309.53125 309.32501220703125 304.59375 300.931243896484375 289.96875 282.625 276.32501220703125 273.375 280.51873779296875 288.493743896484375 296.1875 302.9375 300.79376220703125 288.1875 275.07501220703125 269.85626220703125 267.89373779296875
268.106231689453125 270.125 275.418731689453125 279.96875 284.587493896484375 291.475006103515625 300.20623779296875 308.29376220703125 315.0625 319.712493896484375 321.90625 324.6875 322.71875 319 305.306243896484375 312.368743896484375 319.056243896484375 330.243743896484375 342.131256103515625 354.662506103515625 368.14373779296875 372.693756103515625 372.493743896484375 366.89373779296875 353.95001220703125 340.40625 326.337493896484375 316.35626220703125 308.78125 299.712493896484375 285.36248779296875 272.40625 268.73748779296875 258.17498779296875 249.8937530517578125 254.131256103515625 273.45001220703125 287.91876220703125 291.556243896484375 284.51873779296875 270.67498779296875 265.568756103515625 269.48748779296875 266.5625
258.79376220703125 260.875 267.86248779296875 273.82501220703125 277.943756103515625 286.493743896484375 295.70623779296875 302.881256103515625 306.73748779296875 311.20001220703125 311.23126220703125 311.28125 308.32501220703125 305.98748779296875 296.118743896484375 285.037506103515625 295.631256103515625 313.1875 321.61248779296875 333.38751220703125 347.962493896484375 362.48126220703125 372.46875 374.96875 365.850006103515625 351.131256103515625 333.868743896484375 318.1875 307.29998779296875 298 286.84375 271.04376220703125 254.5812530517578125 239.337493896484375 229.6999969482421875 247.1374969482421875 258.9375 270.787506103515625 276.787506103515625 275.51251220703125 266.943756103515625 262.431243896484375 261.83123779296875 254.1312408447265625
250.9499969482421875 254.0749969482421875 259.45623779296875 266.82501220703125 273.993743896484375 280.306243896484375 287.5 293.41876220703125 298.67498779296875 302.024993896484375 303.04376220703125 304.09375 299.768768310546875 295.29376220703125 289.118743896484375 282.106231689453125 273.21875 287.91876220703125 301.35626220703125 314.1875 330.5625 347.443756103515625 366.493743896484375 378.337493896484375 377.712493896484375 352.85626220703125 331.125 315.568756103515625 303.67498779296875 293.306243896484375 283.03125 271.412506103515625 256.600006103515625 243.493743896484375 246.193756103515625 250.881256103515625 261.63751220703125 272.375 282.08123779296875 273.04376220703125 262.16876220703125 255.1687469482421875 247.9437408447265625 244.3687591552734375
240.431243896484375 245.8125 252.9375 259.73748779296875 267.1875 276.181243896484375 281.70623779296875 285.993743896484375 289.1875 292.98748779296875 294.10626220703125 297.28125 289.9375 287.068756103515625 281.681243896484375 276.618743896484375 268.84375 262.95001220703125 285.443756103515625 295.85626220703125 311.60626220703125 331.14373779296875 351.83123779296875 364.95001220703125 367.556243896484375 348.57501220703125 322.03125 309.75 299.13751220703125 284.32501220703125 264.85626220703125 248.962493896484375 254.868743896484375 253.8874969482421875 251.5124969482421875 265.91876220703125 275.587493896484375 276.162506103515625 277.59375 270.725006103515625 253.15625 244.84375 237.9187469482421875 235.0500030517578125
229.8625030517578125 236.3562469482421875 243.375 252.78125 261.975006103515625 268.98748779296875 275.48748779296875 281.20001220703125 284.1875 289.03125 288.162506103515625 282.70001220703125 277.306243896484375 275.118743896484375 270.5625 268.54998779296875 265.524993896484375 256.40625 259.73748779296875 271.54998779296875 289.350006103515625 314.068756103515625 318.381256103515625 333.96875 337.96875 334.787506103515625 319.356231689453125 300.90625 290.381256103515625 275.524993896484375 259.98126220703125 251.6062469482421875 254.8874969482421875 253.8937530517578125 254.9250030517578125 264.287506103515625 265.868743896484375 263.149993896484375 265.10626220703125 255.493743896484375 241.3312530517578125 231.787506103515625 228.1062469482421875 227.868743896484375
218.4812469482421875 226.1875 234.600006103515625 242.3874969482421875 252.649993896484375 264.162506103515625 272.225006103515625 277.631256103515625 280.462493896484375 281.84375 283.48748779296875 282.73126220703125 281.09375 274.01251220703125 266.86248779296875 254.774993896484375 245.46875 250.2937469482421875 251.7937469482421875 259.493743896484375 267.9375 285.962493896484375 307.61248779296875 313.537506103515625 312.08123779296875 303.78125 295.306243896484375 288.818756103515625 273.88751220703125 257.40625 248.7687530517578125 253.7562408447265625 252.4562530517578125 249.09375 252.6750030517578125 257.600006103515625 257.743743896484375 255.09375 250.693756103515625 243.381256103515625 228.375 219.181243896484375 219.212493896484375 219.3125
