data/historical-monthly-weather-data/wc2.1_cruts4.09_10m_prec_2003-06.asc
ncols        45
nrows        45
xllcorner    -63.500000000000
yllcorner    -7.500000000000
cellsize     0.166666666667
NODATA_value -9999
[rows 20 to 39 of 45, columns 0 to 43 of 45]
181.131256103515625 193.1750030517578125 197.8625030517578125 196.1999969482421875 190.1374969482421875 189.59375 191.368743896484375 189.4250030517578125 187.537506103515625 182.837493896484375 179.9187469482421875 173.7687530517578125 165.5437469482421875 154.1875 143.118743896484375 135.443756103515625 124.94374847412109375 120.41249847412109375 122.1125030517578125 118.72499847412109375 122.1437530517578125 123.625 127.5187530517578125 134.287506103515625 134.100006103515625 128.568756103515625 119.71250152587890625 120.86875152587890625 122.73749542236328125 126.30625152587890625 129.8562469482421875 138.875 134.600006103515625 134.75 136.5812530517578125 146.493743896484375 154.681243896484375 155.53125 147.2937469482421875 138.774993896484375 129.3125 117.06874847412109375 114.38124847412109375 115
175.931243896484375 178.256256103515625 186.6999969482421875 191.037506103515625 188.3125 185.068756103515625 185.181243896484375 183.0187530517578125 180.662506103515625 180.212493896484375 177.0812530517578125 168.4875030517578125 159.912506103515625 154.0187530517578125 147.8562469482421875 135.8937530517578125 137.2687530517578125 129.975006103515625 131.6999969482421875 129.40625 125.58750152587890625 131.7062530517578125 135.6750030517578125 134.774993896484375 131.25 126.96875 127.68125152587890625 123.8249969482421875 129.0124969482421875 132.537506103515625 131.118743896484375 128.6999969482421875 127.625 131.631256103515625 131.243743896484375 135.412506103515625 141.4812469482421875 145.8625030517578125 141.787506103515625 135.368743896484375 126.29999542236328125 117.86875152587890625 114.97499847412109375 116.1999969482421875
171.3874969482421875 183.881256103515625 191.40625 194.4375 192.03125 186.3312530517578125 176.46875 172.5625 176.618743896484375 175.493743896484375 171.868743896484375 168.818756103515625 167.6875 164.28125 157.225006103515625 148.693756103515625 139.975006103515625 134.3625030517578125 134.3937530517578125 135.6687469482421875 138.568756103515625 137.34375 135.2062530517578125 135.2312469482421875 137.5812530517578125 133.0625 128.318756103515625 127.1437530517578125 129.256256103515625 125.81874847412109375 123.59999847412109375 123.9375 121.2937469482421875 120.55625152587890625 125.31874847412109375 125.40625 127.4875030517578125 132.5 134.212493896484375 131.6750030517578125 124.09375 118.09999847412109375 114.5625 113.05625152587890625
163.0500030517578125 177.2687530517578125 191.131256103515625 190.256256103515625 186.1875 180.600006103515625 179.4499969482421875 174.818756103515625 170.6125030517578125 165.6937408447265625 169.118743896484375 173.1875 169.0812530517578125 168.5625 157.7312469482421875 150.2062530517578125 143.71875 143.1374969482421875 141.899993896484375 141.024993896484375 142.412506103515625 144.837493896484375 141.225006103515625 145.9375 142.3249969482421875 135.131256103515625 135.4375 126.49375152587890625 122.97499847412109375 121.36875152587890625 118.5124969482421875 117.7312469482421875 117.0187530517578125 114.22499847412109375 117.21875 116.16249847412109375 120.18125152587890625 125.02500152587890625 125.1750030517578125 122.7375030517578125 118.41249847412109375 114.97499847412109375 112.6687469482421875 112.36875152587890625
152.9812469482421875 169.4875030517578125 181.149993896484375 188.350006103515625 187.712493896484375 182.09375 178.0812530517578125 176.15625 170.725006103515625 170.9250030517578125 168.9875030517578125 168.2750091552734375 169.618743896484375 162.9875030517578125 153.5 147.462493896484375 144.3125 141.287506103515625 142.243743896484375 145.118743896484375 146.34375 145.693756103515625 149.34375 151.375 142.881256103515625 135.6687469482421875 130.787506103515625 125.09999847412109375 119.86875152587890625 118.00624847412109375 111.4187469482421875 107.29999542236328125 106.44374847412109375 107.72499847412109375 109.0500030517578125 110.59999847412109375 113.39374542236328125 115.1875 117.9250030517578125 116.98125457763671875 114.02500152587890625 112.70000457763671875 112.42499542236328125 109.34999847412109375
149.6750030517578125 168.931243896484375 172.2062530517578125 179.787506103515625 179.0749969482421875 175.9562530517578125 170.975006103515625 169.84375 161.024993896484375 156.6999969482421875 160.806243896484375 160.5187530517578125 161.21875 157.274993896484375 152.149993896484375 143.9187469482421875 141.587493896484375 142.818756103515625 144.5749969482421875 143.2687530517578125 145.806243896484375 147.2312469482421875 149.4812469482421875 149.09375 144.568756103515625 135.0187530517578125 129.412506103515625 123.4875030517578125 115.22499847412109375 111.3000030517578125 104.63750457763671875 100.05625152587890625 99.22499847412109375 99.56874847412109375 100.53125 104.875 108.03125 108.100006103515625 108.5 110.77500152587890625 108.6999969482421875 102.1125030517578125 101.56874847412109375 102.76250457763671875
144.3249969482421875 153.125 162.087493896484375 167.100006103515625 166.7624969482421875 165.1750030517578125 161.681243896484375 153.681243896484375 149.0124969482421875 153.1437530517578125 157.556243896484375 156.681243896484375 153.8937530517578125 152.056243896484375 149.350006103515625 146.15625 141.506256103515625 138 141 140.162506103515625 139.8562469482421875 142.0749969482421875 145.9250030517578125 150.8874969482421875 140.962493896484375 132.15625 126.75 118.83750152587890625 110.9187469482421875 105.4812469482421875 100.97499847412109375 93.6999969482421875 92.09999847412109375 92.9562530517578125 94.59375 97.3874969482421875 102.1687469482421875 102.59375 101.49375152587890625 104.83750152587890625 105.40000152587890625 101.22499847412109375 97.2312469482421875 96.4562530517578125
140.162506103515625 142.9375 149.2375030517578125 150.0124969482421875 149.993743896484375 151.4875030517578125 150.2375030517578125 144.96875 143.287506103515625 147.53125 148.9187469482421875 149.125 145.912506103515625 142.899993896484375 140.2937469482421875 137.8874969482421875 134.5500030517578125 134.693756103515625 132.6750030517578125 134.725006103515625 136.306243896484375 135.431243896484375 141.056243896484375 140.9499969482421875 134.6374969482421875 125.8125 120.4375 112.84375 108.35625457763671875 104.44374847412109375 98.40000152587890625 92.91249847412109375 89.91249847412109375 87.21875 90.90625 93.25624847412109375 97.72499847412109375 97.75 98.70624542236328125 100.80625152587890625 101.7687530517578125 100.96250152587890625 92.8249969482421875 93.63124847412109375
132.8625030517578125 138.662506103515625 136.8312530517578125 135.0625 136.84375 133.524993896484375 134.412506103515625 135.6687469482421875 137.84375 138.806243896484375 140.962493896484375 140.1687469482421875 139.306243896484375 137.256256103515625 134.993743896484375 133.2375030517578125 132.21875 129.881256103515625 130.743743896484375 132.4375 130.5749969482421875 128.9562530517578125 129.868743896484375 128.899993896484375 124.63124847412109375 116.74375152587890625 114.65000152587890625 110.875 105.3874969482421875 98.96875 92.40625 88.57500457763671875 85.3562469482421875 85.6062469482421875 86.29375457763671875 88.1750030517578125 93.7312469482421875 92.11875152587890625 93.55625152587890625 94.35625457763671875 93.8312530517578125 91.46875 88.7062530517578125 92.0187530517578125
128.5749969482421875 130.0749969482421875 128.53125 125.375 124.9187469482421875 125.32500457763671875 125.1374969482421875 129.337493896484375 130 132.1750030517578125 133.899993896484375 134.662506103515625 134.600006103515625 133.462493896484375 129.850006103515625 126.38124847412109375 124.19374847412109375 125.0749969482421875 121.3000030517578125 118.49375152587890625 120.33750152587890625 119.6687469482421875 120.0812530517578125 119.34999847412109375 114.0749969482421875 111.59375 108.40625 104.03125 99.68125152587890625 93.19374847412109375 87.79999542236328125 83.7062530517578125 82.60625457763671875 83.21250152587890625 85.2687530517578125 85.2062530517578125 91.63124847412109375 90.2687530517578125 87.21250152587890625 91.6125030517578125 90.5 87.8625030517578125 87.80625152587890625 86.1999969482421875
126.47499847412109375 124.94374847412109375 121.46250152587890625 119.2937469482421875 118.41249847412109375 117.88124847412109375 119.4187469482421875 121.28125 121.8312530517578125 125.1437530517578125 127.65000152587890625 126.78125 128.931243896484375 122.78125 121.0749969482421875 122.1374969482421875 121.0500030517578125 117.86875152587890625 114.8249969482421875 113.34999847412109375 112.34999847412109375 109.5625 109.78749847412109375 110.03749847412109375 106.6687469482421875 105.0625 101.46875 98.21875 93.75624847412109375 88.5812530517578125 86.47499847412109375 83.00624847412109375 80.83750152587890625 79.60625457763671875 81.0437469482421875 81.5 86.15625 87.0124969482421875 84.5187530517578125 82.18125152587890625 83.46875 81.4875030517578125 81.0124969482421875 80.68125152587890625
123.34999847412109375 120.9250030517578125 115.6687469482421875 114.72499847412109375 116.33750152587890625 115.2062530517578125 114.80625152587890625 115 116.46875 117.0500030517578125 116.59375 117.21250152587890625 115.59999847412109375 115.4562530517578125 115.9812469482421875 115.31874847412109375 110.9499969482421875 107.8874969482421875 105.9812469482421875 105.06874847412109375 103.56874847412109375 102.1750030517578125 99.59375 99.0625 98.93125152587890625 96.7687530517578125 94.99375152587890625 92.3937530517578125 88.3125 87.6875 84.2687530517578125 80.6062469482421875 79.31874847412109375 77.65000152587890625 78.0500030517578125 77.4812469482421875 79.75624847412109375 78.662506103515625 78.84375 78.05625152587890625 79.66249847412109375 78.44374847412109375 76.94374847412109375 76.38124847412109375
121.28749847412109375 119.02500152587890625 116.5625 115.74375152587890625 113.6999969482421875 112.91249847412109375 112.56874847412109375 113.1374969482421875 111.9187469482421875 111.7375030517578125 114.40625 112.86875152587890625 111.75 113.27500152587890625 113.59375 109.03125 104.08750152587890625 103.4187469482421875 101.3937530517578125 99.6374969482421875 95.75624847412109375 93.05625152587890625 92.03749847412109375 91.9875030517578125 90.9375 89.86875152587890625 88.02500152587890625 85.5500030517578125 83.5749969482421875 83.33750152587890625 81.48125457763671875 77.0625 76.36249542236328125 76.84375 76.0187530517578125 75.1999969482421875 74.6999969482421875 73.6062469482421875 73.71250152587890625 76.09375 77.40000152587890625 75.78125 72.9375 71.5124969482421875
118.6687469482421875 118.25624847412109375 118.83750152587890625 116.97499847412109375 114.0437469482421875 112.0625 112.53125 110.25624847412109375 107.69374847412109375 105.78125 107.71250152587890625 109.2937469482421875 108.41249847412109375 106.53125 104.81874847412109375 103.53749847412109375 101.3125 98.11875152587890625 93.8125 92 89.5437469482421875 86.33750152587890625 86.2375030517578125 84.40625 84.46250152587890625 82.26874542236328125 82.3874969482421875 80.70000457763671875 80.58124542236328125 79.90625 79.36875152587890625 77.4562530517578125 73.78749847412109375 72.8562469482421875 73.4250030517578125 72.6750030517578125 71.5 70.08124542236328125 70.53125 71.53749847412109375 70.99375152587890625 71.28125 69.9562530517578125 65.1999969482421875
118.2062530517578125 115.5437469482421875 117.7375030517578125 118.65625 115.7687530517578125 110.36875152587890625 107.44374847412109375 106.4812469482421875 103.9562530517578125 101.3562469482421875 105.41249847412109375 107.5437469482421875 107.08750152587890625 108.5 106.2624969482421875 101.75624847412109375 96.66249847412109375 90.90000152587890625 86.65000152587890625 81.68125152587890625 82.19374847412109375 78.2624969482421875 76.68125152587890625 75.63124847412109375 78.08750152587890625 77.5187530517578125 76.97499847412109375 74.881256103515625 74.4187469482421875 73.89374542236328125 74.49375152587890625 74.27500152587890625 70.38124847412109375 69.16875457763671875 68.20624542236328125 68.40625 66.0500030517578125 67.86875152587890625 66.350006103515625 67.15625 66.66875457763671875 65.125 64.65625 61.94374847412109375
117.06874847412109375 114.3000030517578125 114.68125152587890625 115.59375 114.25624847412109375 110.1062469482421875 106.9562530517578125 103.6125030517578125 99.6687469482421875 96.7937469482421875 97.71875 104.7937469482421875 107.40000152587890625 106.56874847412109375 103.8937530517578125 99 92.3625030517578125 84.6750030517578125 79.59999847412109375 74.1125030517578125 72.41249847412109375 72.3249969482421875 70.1687469482421875 69.31874847412109375 71.2687530517578125 70.83750152587890625 70.32500457763671875 68.88124847412109375 69.6374969482421875 69 68.46250152587890625 68.6875 66.77500152587890625 64.77500152587890625 62.600002288818359375 62.956249237060546875 63.987499237060546875 62.793750762939453125 62.52500152587890625 63.700000762939453125 63.25624847412109375 61.075000762939453125 60.15000152587890625 59.606250762939453125
112.1374969482421875 113.9562530517578125 111.47499847412109375 112.6437530517578125 113.13124847412109375 109.28749847412109375 105.63124847412109375 103.7624969482421875 99.1125030517578125 91.5187530517578125 96.13124847412109375 106.49375152587890625 109.4499969482421875 105.1687469482421875 101.3937530517578125 95.33750152587890625 88.6999969482421875 82.05625152587890625 76.3625030517578125 68.8562469482421875 65.9875030517578125 66.625 64.56874847412109375 64.4250030517578125 64.22499847412109375 64.16875457763671875 65.55625152587890625 64.3874969482421875 63.46875 62.09999847412109375 63.72499847412109375 62.8125 62.06874847412109375 61.18125152587890625 59.15000152587890625 59.287502288818359375 60.293750762939453125 60.987499237060546875 59.424999237060546875 58.612499237060546875 57.987499237060546875 57.78749847412109375 55.412502288818359375 58.68125152587890625
108.22499847412109375 110.4562530517578125 110.59999847412109375 112.8937530517578125 112.1374969482421875 109.3937530517578125 107.34375 105.05625152587890625 101.90625 93.5625 104.5812530517578125 113.125 110.66249847412109375 106.2375030517578125 98.52500152587890625 91.3125 83.7312469482421875 78.22499847412109375 73.52500152587890625 67.47499847412109375 63.36875152587890625 61.93125152587890625 59.16249847412109375 59.24375152587890625 58.59375 59.825000762939453125 61.00624847412109375 59.825000762939453125 58.84999847412109375 57.03749847412109375 57.09999847412109375 58.72499847412109375 58.66249847412109375 56.831249237060546875 55.31874847412109375 55.831249237060546875 56.30625152587890625 56.09999847412109375 57.97499847412109375 56.09999847412109375 54.66249847412109375 55.09999847412109375 52.25 51.75
110.22499847412109375 109.8249969482421875 110.5 111.59375 111.75624847412109375 111.75624847412109375 109 108.4187469482421875 108.1687469482421875 115.6750030517578125 129.274993896484375 123.03125 111.3562469482421875 102.3937530517578125 94.27500152587890625 85.7624969482421875 79.59999847412109375 74.1999969482421875 69.40000152587890625 64.9812469482421875 60.30625152587890625 57.768749237060546875 55.375 54.91249847412109375 54.77500152587890625 56.450000762939453125 56.34999847412109375 54.84999847412109375 54.03749847412109375 53.91249847412109375 54.41249847412109375 54.28749847412109375 53.47499847412109375 53.03749847412109375 53.72499847412109375 52.65625 52.918750762939453125 52.44374847412109375 51.012500762939453125 49.71250152587890625 50.65000152587890625 51.33750152587890625 50.02500152587890625 49.53125
109.36875152587890625 110.34999847412109375 111.58750152587890625 110.4375 113.38124847412109375 114.55625152587890625 110.0187530517578125 113.02500152587890625 114.65625 120.125 120.90625 118.05625152587890625 108.6437530517578125 99.5437469482421875 91.77500152587890625 85.1999969482421875 77.13124847412109375 71.1875 65.63124847412109375 61.581249237060546875 57.58750152587890625 55.1875 51.2312469482421875 51.28749847412109375 50.09999847412109375 50.28749847412109375 51.22499847412109375 50.34999847412109375 49.41249847412109375 48.66249847412109375 48.53749847412109375 49.28749847412109375 47.91249847412109375 48.97499847412109375 47.84999847412109375 47.78749847412109375 47.84999847412109375 48.66249847412109375 47.53749847412109375 46.59999847412109375 47.97499847412109375 48.03749847412109375 45.78749847412109375 44.59999847412109375
