data/historical-monthly-weather-data/wc2.1_cruts4.09_10m_prec_1956-12.asc
ncols        51
nrows        45
xllcorner    -63.500000000000
yllcorner    -7.500000000000
cellsize     0.166666666667
NODATA_value -9999
[rows 0 to 19 of 45, columns 0 to 44 of 51]
112.1999969482421875 103.53125 101.6875 102.2937469482421875 102.3249969482421875 106.13124847412109375 109.56874847412109375 111.77500152587890625 114.03125 116.5124969482421875 120.4375 122.77500152587890625 125.7312469482421875 127.15000152587890625 127.84999847412109375 128.506256103515625 129.5749969482421875 129.0625 129.9187469482421875 131.0187530517578125 133.7312469482421875 136.25 138.756256103515625 141.125 143.3874969482421875 145.068756103515625 146.024993896484375 146.8625030517578125 148.3874969482421875 154.0625 159.818756103515625 167.037506103515625 175.712493896484375 184.506256103515625 192.7687530517578125 200.84375 206.71875 211.681243896484375 211.15625 210.475006103515625 208.8562469482421875 204.6687469482421875 200.162506103515625 194.712493896484375 192.15625
114.28749847412109375 103.03749847412109375 100.30625152587890625 99.40625 98.91249847412109375 101.83750152587890625 104.4375 107.9812469482421875 112.0187530517578125 115.68125152587890625 119.5187530517578125 121.4562530517578125 124.2375030517578125 126.40000152587890625 127.3249969482421875 128.4375 129.743743896484375 129.4250030517578125 129.34375 130.6437530517578125 132.75 134.787506103515625 137.6999969482421875 140.6062469482421875 143.568756103515625 146.1687469482421875 148.2937469482421875 150.100006103515625 152.9250030517578125 161.5500030517578125 170.181243896484375 180.337493896484375 190.1437530517578125 201.337493896484375 212.899993896484375 219.6374969482421875 229.0187530517578125 235.9499969482421875 234.59375 233.28125 231.0812530517578125 226.024993896484375 220.712493896484375 212.662506103515625 207.9187469482421875
121.02500152587890625 109.9375 105.41249847412109375 102.16249847412109375 99.7687530517578125 101.09999847412109375 103.4562530517578125 106.6750030517578125 110.75624847412109375 114.33750152587890625 117.34375 119.34999847412109375 122.27500152587890625 124.59375 126.1062469482421875 127.2062530517578125 129.068756103515625 129.318756103515625 130.162506103515625 131.6999969482421875 134.4499969482421875 137.693756103515625 141.318756103515625 144.837493896484375 148.587493896484375 153.0500030517578125 156.256256103515625 158.8937530517578125 163.212493896484375 172 182.337493896484375 193.8812408447265625 206.818756103515625 217.84375 229.993743896484375 239.9562530517578125 249.0749969482421875 256.756256103515625 257.32501220703125 256.48748779296875 254.1750030517578125 247.743743896484375 239.8625030517578125 232.6062469482421875 224.8937530517578125
127.55625152587890625 117.55625152587890625 111.9187469482421875 105.6687469482421875 101.28125 101.2624969482421875 102.59375 104.8000030517578125 108.34999847412109375 112.11875152587890625 114.71250152587890625 116.86875152587890625 119.24375152587890625 121.74375152587890625 123.38124847412109375 125.375 127.59375 128.09375 129.931243896484375 133.443756103515625 137.375 141.287506103515625 144.787506103515625 149.587493896484375 154.09375 160.0437469482421875 164.5187530517578125 167.7624969482421875 173.568756103515625 184.4499969482421875 195.65625 207.274993896484375 221.8312530517578125 235.78125 248.4499969482421875 259.29998779296875 268.618743896484375 277.95623779296875 280.85626220703125 280.48748779296875 277.29998779296875 269.625 260.32501220703125 252.3249969482421875 242.350006103515625
139.4875030517578125 126.8000030517578125 116.9187469482421875 109.31874847412109375 103.27500152587890625 102.24375152587890625 102.03749847412109375 102.90000152587890625 106.6062469482421875 110.11875152587890625 111.77500152587890625 113.43125152587890625 116.2937469482421875 119.03749847412109375 120.9875030517578125 123.2937469482421875 125.68125152587890625 127.1999969482421875 130.256256103515625 135.225006103515625 140.2062530517578125 144.1687469482421875 148.350006103515625 154.225006103515625 160.0437469482421875 167.4124908447265625 171.8000030517578125 176.3000030517578125 183.243743896484375 195.787506103515625 208.693756103515625 220.881256103515625 235.6374969482421875 250.837493896484375 264.875 277.725006103515625 290.037506103515625 300.29376220703125 304.256256103515625 304.32501220703125 301.29998779296875 292.01873779296875 282.04376220703125 270.84375 259.962493896484375
148.725006103515625 136.212493896484375 124.71875 114.40000152587890625 108.40000152587890625 108.0124969482421875 107.9250030517578125 108.03749847412109375 110.8312530517578125 113.71250152587890625 114.88124847412109375 116.6374969482421875 119.7312469482421875 122.40000152587890625 125.1374969482421875 127.625 130.399993896484375 131.5 135.6437530517578125 140.0562591552734375 144.837493896484375 150.287506103515625 155.21875 162.274993896484375 169.537506103515625 177.1999969482421875 183.587493896484375 188.7624969482421875 195.399993896484375 207.837493896484375 221.2312469482421875 234.837493896484375 247.3312530517578125 260.83123779296875 277.943756103515625 292.149993896484375 305.13751220703125 319.431243896484375 325.399993896484375 324.5625 318.287506103515625 308.84375 296.412506103515625 286.056243896484375 275.29376220703125
159.493743896484375 146.5 134.681243896484375 123.40625 115.38124847412109375 113.93125152587890625 113.7375030517578125 113.27500152587890625 114.5187530517578125 115.5812530517578125 117.86875152587890625 120.24375152587890625 124.09375 126.84999847412109375 129.756256103515625 132.837493896484375 136.65625 140.193756103515625 144.3312530517578125 147.100006103515625 151.3874969482421875 157.4250030517578125 162.7687530517578125 170.4562530517578125 179.7937469482421875 188.131256103515625 194.4187469482421875 201.7375030517578125 208.9187469482421875 220.4875030517578125 233.431243896484375 246.53125 260.09375 272.92498779296875 287.818756103515625 302.26873779296875 317.868743896484375 333.36248779296875 344.6875 342.824981689453125 334.462493896484375 322.60626220703125 311.181243896484375 299.287506103515625 285.98748779296875
170.53125 156.787506103515625 144.8874969482421875 134.4499969482421875 126.09999847412109375 123.02500152587890625 120.33750152587890625 117.1687469482421875 116.02500152587890625 117.36875152587890625 120.93125152587890625 124.9250030517578125 128.6062469482421875 132.40625 135.212493896484375 138.6687469482421875 142.5812530517578125 147.725006103515625 152.243743896484375 152.587493896484375 157 162.7624969482421875 168.8249969482421875 177.21875 188.506256103515625 198.9250030517578125 205.2937469482421875 212.6437530517578125 222.1125030517578125 234.162506103515625 244.875 257.16876220703125 270.90625 283.162506103515625 298.649993896484375 311.01873779296875 326.743743896484375 341.5 350.318756103515625 350.75 345.76251220703125 334.056243896484375 322.70001220703125 310.29376220703125 293.850006103515625
180.9250030517578125 167.162506103515625 155.7937469482421875 145.625 136.7312469482421875 133.4875030517578125 130.09375 125.69374847412109375 122.3937530517578125 122.5124969482421875 127.33750152587890625 132.46875 136.9499969482421875 140.625 143.149993896484375 145.9812469482421875 149.412506103515625 154.6875 159.193756103515625 159.274993896484375 162.78125 169.162506103515625 176.431243896484375 187.2312469482421875 198.337493896484375 208.7624969482421875 215.3062591552734375 223.25 231.899993896484375 242.506256103515625 254.350006103515625 264.587493896484375 277.07501220703125 290.23126220703125 303.8125 316.45001220703125 329.125 340.82501220703125 347.70623779296875 350.649993896484375 346.524993896484375 336.912506103515625 328.42498779296875 318.274993896484375 304.006256103515625
190.125 176.881256103515625 166.2937469482421875 157.0437469482421875 148.28125 144.6687469482421875 141.1062469482421875 136.899993896484375 135.3625030517578125 135.6750030517578125 138.6999969482421875 142.1374969482421875 147.006256103515625 149.6999969482421875 151.8312530517578125 153.5 155.431243896484375 158.899993896484375 161.84375 163.1750030517578125 168.212493896484375 175.431243896484375 183.868743896484375 195.943756103515625 207.0749969482421875 217.537506103515625 224.4499969482421875 232.03125 241.1687469482421875 250.9875030517578125 260.42498779296875 269.79376220703125 281.20623779296875 292.67498779296875 306.23126220703125 320.1875 331.149993896484375 341.09375 345.46875 348.274993896484375 347.34375 341.131256103515625 332.29376220703125 323.600006103515625 311.42498779296875
200.649993896484375 187.4187469482421875 176.7624969482421875 167.2624969482421875 159.625 156.8000030517578125 153.40625 148.8000030517578125 147.6125030517578125 148.5187530517578125 151.006256103515625 154.21875 157.524993896484375 159.931243896484375 160.2624969482421875 160.5437469482421875 160.59375 162.7687530517578125 164.28125 165.71875 173.256256103515625 181.7062530517578125 191.4250030517578125 201.8187408447265625 216.131256103515625 227.3125 233.4375 239.256256103515625 246.118743896484375 255.1062469482421875 263.662506103515625 273.11248779296875 284.037506103515625 295.16876220703125 307.493743896484375 319.443756103515625 330.131256103515625 339.53125 346.23748779296875 348.92498779296875 349.01873779296875 343.681243896484375 337.90625 331.618743896484375 318.943756103515625
209.5437469482421875 196.193756103515625 186.006256103515625 177.412506103515625 169.943756103515625 167.3312530517578125 164.743743896484375 160.600006103515625 159.6687469482421875 161.2937469482421875 163.868743896484375 166.806243896484375 167.8625030517578125 168.7624969482421875 168.5 167.15625 166.2062530517578125 166.787506103515625 167.6687469482421875 169.462493896484375 176.8625030517578125 186.7687530517578125 198.78125 210.381256103515625 224.274993896484375 235.462493896484375 240.2937469482421875 244.537506103515625 249.537506103515625 257.33123779296875 264.73126220703125 273.40625 283.787506103515625 295.20001220703125 307.53125 319.26251220703125 329.3125 338.88751220703125 344.83123779296875 348.243743896484375 349.037506103515625 345.01251220703125 340.131256103515625 334.03125 319.15625
217.993743896484375 205.256256103515625 195.649993896484375 186.868743896484375 179.90625 176.8874969482421875 173.9875030517578125 170.9875030517578125 170.7624969482421875 173.068756103515625 176.0124969482421875 178.3249969482421875 178.3249969482421875 176.8625030517578125 176.068756103515625 173.96875 171.9499969482421875 172.6062469482421875 173.0124969482421875 173.899993896484375 179.9375 191.368743896484375 206.0500030517578125 218.7937469482421875 230.431243896484375 239.9187469482421875 244.5 248.756256103515625 253.3312530517578125 258.08123779296875 263.95001220703125 270.993743896484375 280.48748779296875 292.125 304.57501220703125 317.574981689453125 328.962493896484375 338.712493896484375 344.524993896484375 346.625 346.9375 345.6875 339.787506103515625 328.162506103515625 313.16876220703125
225.0749969482421875 212.712493896484375 203.2687530517578125 194.9875030517578125 187.774993896484375 184.7687530517578125 181.9875030517578125 180.350006103515625 181.71875 183.7312469482421875 185.475006103515625 186.662506103515625 186.693756103515625 185.09375 182.6374969482421875 181.1374969482421875 178.4812469482421875 178.4187469482421875 178.4875030517578125 179.537506103515625 187.556243896484375 199.350006103515625 213.274993896484375 224.7687530517578125 235.537506103515625 244.8249969482421875 249.9187469482421875 251.8874969482421875 254.4250030517578125 257.225006103515625 261.443756103515625 266.48126220703125 276.45623779296875 287.53125 301.17498779296875 314.568756103515625 327.54376220703125 340.318756103515625 348.662506103515625 353.78125 349.6875 340.83123779296875 333.368743896484375 326.806243896484375 315.39373779296875
231.6750030517578125 219.0124969482421875 210.193756103515625 201.868743896484375 194.9562530517578125 191.9312591552734375 190.3312530517578125 189.0500030517578125 190.524993896484375 192.1374969482421875 193.6687469482421875 194.787506103515625 194.25 193.09375 190.28125 188.6062469482421875 185.193756103515625 184.743743896484375 184.5625 186.90625 195.850006103515625 207.787506103515625 220.4499969482421875 230.6999969482421875 240.875 249.2687530517578125 253.375 254.9875030517578125 255.8312530517578125 255.056243896484375 256.11248779296875 260.568756103515625 270.5625 282.743743896484375 297.32501220703125 309.818756103515625 326.087493896484375 344.76873779296875 361.11248779296875 366.76251220703125 360.16876220703125 349.118743896484375 340.10626220703125 332.13751220703125 315.41876220703125
236.6875 224.2687530517578125 215.774993896484375 208.2937469482421875 201.5124969482421875 199.162506103515625 197.8000030517578125 196.068756103515625 197.6999969482421875 200.3937530517578125 201.6875 202.318756103515625 201.9250030517578125 200.7062530517578125 198.337493896484375 194.818756103515625 191.3249969482421875 191.625 191.3625030517578125 193.506256103515625 203.9812469482421875 215.774993896484375 228.0437469482421875 237.09375 246.6999969482421875 255.9312591552734375 259.13751220703125 259.35626220703125 257.42498779296875 252.524993896484375 250.725006103515625 252.162506103515625 259.943756103515625 271.73126220703125 285 299.681243896484375 320.193756103515625 345.600006103515625 370.8125 380.03125 373.79376220703125 359.35626220703125 346.07501220703125 330.63751220703125 315.181243896484375
241.0187530517578125 228.9812469482421875 219.6374969482421875 212.9250030517578125 207.056243896484375 204.631256103515625 203.9250030517578125 203.59375 206.09375 208.306243896484375 209.6999969482421875 209.71875 209.1875 207.8937530517578125 205.725006103515625 201.774993896484375 196.568756103515625 196.8312530517578125 197.8000030517578125 199.962493896484375 211.1374969482421875 223.493743896484375 235.787506103515625 243.818756103515625 253.100006103515625 262.96875 266.63751220703125 264.39373779296875 257.14373779296875 248.556243896484375 243.84375 244.462493896484375 249.3874969482421875 255.5812530517578125 265.524993896484375 282.443756103515625 309.1875 346.90625 390.837493896484375 394.631256103515625 383.162506103515625 364.725006103515625 345.07501220703125 330.67498779296875 314.868743896484375
244.5124969482421875 232.4375 223.4187469482421875 217.131256103515625 211.5437469482421875 210.5 210.1062469482421875 209.6062469482421875 212.1750030517578125 215.4812469482421875 217.631256103515625 217.6875 216.381256103515625 215.0749969482421875 212.399993896484375 208.0625 202.90625 200.0124969482421875 202.53125 204.7062530517578125 216.9375 229.5 241.34375 249.78125 258.95001220703125 269.01873779296875 274.681243896484375 268.193756103515625 255.7062530517578125 242.087493896484375 233.774993896484375 232.46875 239.412506103515625 247.3249969482421875 251.975006103515625 258.056243896484375 295.787506103515625 340.818756103515625 377.28125 387.712493896484375 376.587493896484375 358.975006103515625 343.462493896484375 331.17498779296875 316.125
246.6062469482421875 234.3874969482421875 226.375 220.3625030517578125 215.25 215.0437469482421875 215.1062469482421875 216.1062469482421875 219.3000030517578125 222.943756103515625 224.368743896484375 223.6437530517578125 223.193756103515625 222.59375 219.2687530517578125 214.4875030517578125 209.3625030517578125 205.962493896484375 204.8125 207.431243896484375 221.3249969482421875 236.475006103515625 245.431243896484375 254.7062530517578125 264.850006103515625 274.381256103515625 277.625 271.506256103515625 257.20001220703125 238.6999969482421875 224.8000030517578125 228.5 240.256256103515625 247.962493896484375 251.7937469482421875 263.212493896484375 294.95001220703125 330.318756103515625 359.462493896484375 369.368743896484375 363.82501220703125 350.48748779296875 338.756256103515625 330.131256103515625 318.51873779296875
247.493743896484375 235.600006103515625 227.40625 221.8562469482421875 217.681243896484375 218.993743896484375 220.5500030517578125 222.34375 226.3937530517578125 229.21875 231.2624969482421875 231.8937530517578125 231.875 230.2312469482421875 225.5749969482421875 219.0625 213.0187530517578125 210.774993896484375 209.5437469482421875 211.350006103515625 223.006256103515625 235.7312469482421875 248.5812530517578125 258.850006103515625 268.92498779296875 277.649993896484375 279.89373779296875 276.46875 264.04376220703125 245.256256103515625 233.693756103515625 237.6875 248.2937469482421875 259.29376220703125 270.118743896484375 282.79998779296875 305.92498779296875 332.01873779296875 351.462493896484375 359.45623779296875 355.399993896484375 341.631256103515625 335.6875 331.10626220703125 321.76251220703125
