data/historical-monthly-weather-data/wc2.1_cruts4.09_10m_prec_1969-04.asc
ncols        45
nrows        45
xllcorner    -63.500000000000
yllcorner    -7.500000000000
cellsize     0.166666666667
NODATA_value -9999
[rows 20 to 39 of 45, columns 0 to 44 of 45]
214.2687530517578125 228.90625 245.4875030517578125 262.412506103515625 278.26873779296875 298.225006103515625 317.86248779296875 332.318756103515625 341.306243896484375 345.26873779296875 345.868743896484375 344.03125 342.306243896484375 342.63751220703125 339.95623779296875 339.4375 341.524993896484375 350.54998779296875 363.537506103515625 376.056243896484375 396.350006103515625 414.0625 426.587493896484375 428.51251220703125 433.75 437 430.881256103515625 422.66876220703125 411.51873779296875 399.524993896484375 381.82501220703125 365.45001220703125 343.59375 319.91876220703125 300.23126220703125 312.54998779296875 333.58123779296875 348.212493896484375 354.3125 353.162506103515625 347.131256103515625 343.45623779296875 334.41876220703125 327.86248779296875 320.712493896484375
204.6062469482421875 216.837493896484375 234.587493896484375 256.5 276.40625 295.024993896484375 315.306243896484375 333.068756103515625 342.662506103515625 343.631256103515625 338.662506103515625 329.53125 323.70001220703125 322.993743896484375 326.96875 329.350006103515625 336.20623779296875 344.71875 357.0625 368.556243896484375 380.556243896484375 396.11248779296875 412.818756103515625 417.78125 425.48126220703125 437.962493896484375 450.54998779296875 440.86248779296875 426.918731689453125 412.587493896484375 392.08123779296875 371.33123779296875 352.475006103515625 336.20623779296875 326.76873779296875 329.75 343.45001220703125 354.431243896484375 356.17498779296875 352.318756103515625 346.03125 340.256256103515625 330.98126220703125 323.07501220703125 315.32501220703125
196.0625 212.368743896484375 231.8000030517578125 254 275.04376220703125 294.193756103515625 312.04376220703125 332.26251220703125 348.29998779296875 343.149993896484375 330.6875 315.625 306 306.64373779296875 314.70001220703125 322.8125 329.350006103515625 336.993743896484375 346.818756103515625 355.71875 367.48748779296875 380.399993896484375 391.612518310546875 399.04998779296875 413.456268310546875 431.58123779296875 447.36248779296875 443.34375 431.92498779296875 415.649993896484375 397.98126220703125 380.399993896484375 370.32501220703125 360.95001220703125 356.537506103515625 353.92498779296875 358.993743896484375 364.412506103515625 361.89373779296875 353.149993896484375 344.17498779296875 335.556243896484375 325.931243896484375 317.256256103515625 310.024993896484375
189.243743896484375 205.2937469482421875 226.75 247.7624969482421875 268.63751220703125 287.42498779296875 307.42498779296875 325.32501220703125 338.40625 332.48126220703125 319.61248779296875 307.3125 292.443756103515625 296.92498779296875 307.212493896484375 315.40625 321.431243896484375 331.33123779296875 339.25 348.16876220703125 356.731231689453125 364.25 372.79998779296875 382.712493896484375 396.274993896484375 407.806243896484375 418.681243896484375 425.875 423.41876220703125 416.649993896484375 406.287506103515625 397.375 391.89373779296875 384.35626220703125 380.89373779296875 376.6875 377.443756103515625 374.92498779296875 366.149993896484375 353.175018310546875 342.10626220703125 331.475006103515625 321.11248779296875 311.212493896484375 305.84375
184.8937530517578125 200.493743896484375 221.0812530517578125 243.5187530517578125 265.837493896484375 282.83123779296875 299.5 314.6875 321.86248779296875 322.01873779296875 313.462493896484375 302.381256103515625 296.96875 295.79376220703125 302.51251220703125 309.90625 318.431243896484375 327.681243896484375 335.36248779296875 340.98748779296875 345.96875 350.368743896484375 356.75 362.95623779296875 373.29998779296875 391.118743896484375 404.443756103515625 412.850006103515625 417.725006103515625 421.899993896484375 419.912506103515625 417.40625 414.96875 407.70623779296875 400.54998779296875 390.70623779296875 386.32501220703125 377.41876220703125 366.32501220703125 353.743743896484375 340.73748779296875 328.412506103515625 318.600006103515625 307.100006103515625 295.774993896484375
186.274993896484375 200 216.625 238.056243896484375 258.40625 274.25 289.100006103515625 301.70001220703125 305.51873779296875 305.65625 304.149993896484375 301.118743896484375 298.23126220703125 298.9375 302.66876220703125 310.90625 318.243743896484375 326.67498779296875 332.25 334.431243896484375 339.524993896484375 339.6875 340.45001220703125 339.14373779296875 354.037506103515625 376.14373779296875 396.149993896484375 406.41876220703125 417.618743896484375 424.037506103515625 431.212493896484375 436.53125 437.07501220703125 425.381256103515625 411.98748779296875 399.556243896484375 390.46875 379.568756103515625 365.98126220703125 352.48748779296875 339.600006103515625 325.75 313.67498779296875 300.475006103515625 291.26873779296875
185.9250030517578125 194.943756103515625 210.943756103515625 228.975006103515625 245.53125 261.29376220703125 274.375 284.60626220703125 289.625 296.1875 300.243743896484375 299.45001220703125 299.45001220703125 301.625 306.274993896484375 313.23126220703125 319.693756103515625 326 332.568756103515625 336.274993896484375 336.643768310546875 334.33123779296875 329.962493896484375 326.681243896484375 345.17498779296875 365.256256103515625 386 398.01873779296875 411.212493896484375 420.83123779296875 433.056243896484375 443.537506103515625 448.875 434.36248779296875 418.381256103515625 403.056243896484375 391.375 379.04376220703125 363.48748779296875 349.66876220703125 335.056243896484375 323.10626220703125 311.01251220703125 300.024993896484375 297.056243896484375
186.493743896484375 191.46875 204.53125 219.2312469482421875 234.193756103515625 247.75 261.118743896484375 270.10626220703125 278.512481689453125 287.274993896484375 291.79998779296875 295.45623779296875 298.024993896484375 303.10626220703125 308.9375 314.11248779296875 321.35626220703125 331.01251220703125 335.787506103515625 341.01873779296875 342.443756103515625 338.98748779296875 341.23748779296875 338.462493896484375 348.993743896484375 365.693756103515625 379.975006103515625 391.64373779296875 402.54998779296875 413.337493896484375 422.931243896484375 431.01873779296875 434.850006103515625 426.306243896484375 416.20001220703125 400.67498779296875 389.600006103515625 377.54376220703125 362.412506103515625 347.756256103515625 333.962493896484375 322.943756103515625 312.006256103515625 304.056243896484375 309.95623779296875
185.9187469482421875 188.1687469482421875 197.993743896484375 210.3249969482421875 222.118743896484375 233.2687530517578125 245.4187469482421875 257.887481689453125 269.66876220703125 278.412506103515625 286.806243896484375 292.381256103515625 296.375 303.149993896484375 311.931243896484375 321.056243896484375 329.462493896484375 335.76251220703125 343.350006103515625 348.01251220703125 350.76251220703125 348.96875 352.41876220703125 352.26873779296875 357.41876220703125 369.318756103515625 379.76873779296875 387.399993896484375 394.86248779296875 403.10626220703125 407.443756103515625 411.631256103515625 412.17498779296875 410.693756103515625 405.725006103515625 394.037506103515625 384.95001220703125 374.73748779296875 361.04998779296875 345.225006103515625 328.975006103515625 319.274993896484375 311.568756103515625 313.91876220703125 321.59375
188.8937530517578125 188.3625030517578125 195.3312530517578125 202.3562469482421875 211.6875 223.0812530517578125 235.181243896484375 248.056243896484375 259.48748779296875 269.32501220703125 280.162506103515625 287.65625 296.787506103515625 305.71875 314.881256103515625 323.4375 332.131256103515625 343.193756103515625 349.91876220703125 352.493743896484375 353.23748779296875 356.5625 362.66876220703125 359.756256103515625 360.40625 367.78125 375.28125 377.76873779296875 382.037506103515625 387.162506103515625 389.98748779296875 390.181243896484375 391.318756103515625 393 391.818756103515625 382.943756103515625 376.725006103515625 368.70623779296875 354.95001220703125 343.568756103515625 332.32501220703125 325.73126220703125 319.29998779296875 322.54998779296875 324.625
190.84375 187.337493896484375 191.2375030517578125 196.25 203.506256103515625 213.6125030517578125 225.8312530517578125 236.912506103515625 248.6999969482421875 260.91876220703125 273.39373779296875 283.712493896484375 296.625 305.662506103515625 316.318756103515625 325.881256103515625 337.056243896484375 348.806243896484375 357.58123779296875 361.912506103515625 362.6875 364.36248779296875 368.51873779296875 361.60626220703125 357.85626220703125 366.78125 367.20001220703125 368.193756103515625 368.79376220703125 370.006256103515625 372.16876220703125 372.08123779296875 375.125 377.34375 376.431243896484375 370.625 363.21875 357.3125 349.568756103515625 340.82501220703125 332.256256103515625 326.943756103515625 324.162506103515625 324.08123779296875 327.21875
192.21875 186.4812469482421875 188.118743896484375 192.2375030517578125 196.7937469482421875 204.65625 215.806243896484375 225.8312530517578125 237.78125 250.3000030517578125 264.54376220703125 279.556243896484375 292.42498779296875 304.76251220703125 315.693756103515625 326.54998779296875 335.20001220703125 347.8125 356.58123779296875 366.08123779296875 368.35626220703125 370.29998779296875 371.57501220703125 364.17498779296875 362.5625 364.16876220703125 359.82501220703125 358.45623779296875 354.662506103515625 355.79998779296875 358.056243896484375 357.98748779296875 358.287506103515625 360.375 360.60626220703125 355.70001220703125 351.10626220703125 344.399993896484375 338.23748779296875 331.48748779296875 329.40625 327.462493896484375 325.59375 326.412506103515625 329.975006103515625
199.3874969482421875 192 191.9875030517578125 193.225006103515625 196.2687530517578125 201.9562530517578125 208.96875 217.71875 228.1125030517578125 241.306243896484375 258.51873779296875 272.82501220703125 289.01251220703125 304.34375 314.881256103515625 324.29376220703125 334.28125 347.100006103515625 354.61248779296875 362.3125 367.537506103515625 369.85626220703125 370.100006103515625 362.993743896484375 360.60626220703125 356.17498779296875 351.068756103515625 345.056243896484375 339.89373779296875 341.66876220703125 341.91876220703125 340.45001220703125 339.90625 341.92498779296875 342.48748779296875 339.912506103515625 335.631256103515625 330.993743896484375 324.5625 325.58123779296875 323.48126220703125 322.181243896484375 322.787506103515625 325.625 330.024993896484375
206.0437469482421875 199.21875 197.631256103515625 196.2687530517578125 196.068756103515625 200.649993896484375 205.4812469482421875 210.443756103515625 219.399993896484375 231.631256103515625 246.6875 265.181243896484375 284.10626220703125 298.693756103515625 310.40625 318.962493896484375 329.46875 341.618743896484375 350.149993896484375 357.662506103515625 362.587493896484375 365.681243896484375 366.625 356.01873779296875 353.256256103515625 347.125 338.23748779296875 330.212493896484375 324.287506103515625 323.73748779296875 323.88751220703125 324.29998779296875 323.506256103515625 324.381256103515625 325.037506103515625 322.256256103515625 319.33123779296875 312.693756103515625 313.26251220703125 314.837493896484375 313.20001220703125 314.618743896484375 317.25 321.537506103515625 327.36248779296875
211.181243896484375 205.7687530517578125 203.4499969482421875 199.181243896484375 196.4499969482421875 198.1062469482421875 200.1999969482421875 203.6374969482421875 209.850006103515625 219.318756103515625 235.8000030517578125 257.493743896484375 280.11248779296875 299.28125 309.4375 317.625 325.23748779296875 333.743743896484375 344.506256103515625 349.66876220703125 356.318756103515625 357.412506103515625 358.537506103515625 346.131256103515625 340.66876220703125 336.29376220703125 326.631256103515625 315.70623779296875 309.03125 309.649993896484375 308.931243896484375 309.60626220703125 307.087493896484375 307.9375 307.01873779296875 303.681243896484375 299.15625 300.45001220703125 301.91876220703125 303.03125 302.306243896484375 304.962493896484375 309.01251220703125 313.181243896484375 316.256256103515625
218.6999969482421875 215.006256103515625 211.84375 207.3625030517578125 203.274993896484375 201.96875 202.149993896484375 202.375 204.5 210.6750030517578125 224.100006103515625 247.368743896484375 273.462493896484375 293.149993896484375 303.368743896484375 311.193756103515625 318.681243896484375 326.85626220703125 336.050018310546875 343.66876220703125 346.86248779296875 348.443756103515625 344.23126220703125 334.100006103515625 326.350006103515625 321.256256103515625 312.9375 303.899993896484375 297.149993896484375 296.10626220703125 295.4375 294.36248779296875 291.65625 292.5625 290.068756103515625 284.912506103515625 286.5 288.39373779296875 288.86248779296875 290.79376220703125 292.693756103515625 294.61248779296875 297.100006103515625 301.16876220703125 302.0625
226.600006103515625 224.524993896484375 220.600006103515625 216.3625030517578125 211.475006103515625 208.431243896484375 206.662506103515625 202.6875 200.024993896484375 200.7687530517578125 214.6875 242.631256103515625 265.625 282.0625 294.26873779296875 302.65625 307.76873779296875 315.868743896484375 324.881256103515625 329.318756103515625 332.01251220703125 331.649993896484375 327.118743896484375 318.475006103515625 310.04998779296875 304.76873779296875 298.631256103515625 291.556243896484375 284.818756103515625 282.71875 282.86248779296875 282.5 279.587493896484375 277.46875 274.125 272.45001220703125 274.693756103515625 278.01873779296875 280.631256103515625 280.087493896484375 281.96875 283.11248779296875 286.28125 288.98748779296875 290.53125
236.537506103515625 233.28125 228.4562530517578125 224.712493896484375 219.6062469482421875 215.681243896484375 211.3312530517578125 204.96875 201.7624969482421875 199.1374969482421875 217.09375 243.2687530517578125 261.3125 275.100006103515625 285.4375 293.462493896484375 297.006256103515625 304.881256103515625 309.45623779296875 311.618743896484375 312.837493896484375 310.806243896484375 308.649993896484375 300.8125 292.943756103515625 289.712493896484375 282.28125 278.306243896484375 273.65625 272.45001220703125 270.337493896484375 270.100006103515625 268.76873779296875 265.375 259.83123779296875 262.5 265.149993896484375 266.943756103515625 271.431243896484375 271.90625 271.6875 273.125 273.4375 274.20623779296875 276.51873779296875
244.34375 238.8625030517578125 234.4812469482421875 231.4812469482421875 227.8937530517578125 222.556243896484375 218.53125 214.28125 215.5437469482421875 223.2937469482421875 240.8874969482421875 254.3125 262.725006103515625 272.98748779296875 281.23748779296875 285.85626220703125 288.868743896484375 293.556243896484375 293.65625 295.67498779296875 294.41876220703125 290.912506103515625 288.443756103515625 283.912506103515625 278.73748779296875 274.100006103515625 269.662506103515625 267.11248779296875 263.962493896484375 264.76873779296875 264.193756103515625 261.66876220703125 260.73126220703125 259.76873779296875 260.131256103515625 260.0625 260.42498779296875 262.92498779296875 264.29998779296875 262.568756103515625 262.774993896484375 264.45623779296875 263.5250244140625 265.118743896484375 266.73748779296875
250.9875030517578125 246.100006103515625 242.3125 239.818756103515625 236.6374969482421875 232.8562469482421875 227.774993896484375 227.587493896484375 230.993743896484375 237.912506103515625 247.9875030517578125 258.712493896484375 264.79376220703125 271.587493896484375 277.274993896484375 279.806243896484375 281.350006103515625 283.45001220703125 280.806243896484375 279.100006103515625 275.21875 273.3125 267.524993896484375 263.681243896484375 262.89373779296875 260.5625 258.48748779296875 257.8125 256.568756103515625 257.46875 255.4937591552734375 258.087493896484375 260.39373779296875 260.318756103515625 261.35626220703125 260.631256103515625 259.618743896484375 260.71875 259.806243896484375 255.4937591552734375 254.0437469482421875 255.1312408447265625 252.95623779296875 253.6750030517578125 256.568756103515625
