data/historical-monthly-weather-data/wc2.1_cruts4.09_10m_prec_2010-01.asc
ncols        51
nrows        45
xllcorner    -63.500000000000
yllcorner    -7.500000000000
cellsize     0.166666666667
NODATA_value -9999
[rows 0 to 19 of 45, columns 0 to 44 of 51]
58.09999847412109375 52.6875 49.9375 48.55625152587890625 47.09375 48.831249237060546875 50.28749847412109375 51.03749847412109375 52.862499237060546875 55.46250152587890625 58.731250762939453125 62.674999237060546875 66.15625 67.94374847412109375 70.8937530517578125 74.80625152587890625 78.66249847412109375 80.50624847412109375 85.9250030517578125 91.3562469482421875 96.625 103.0124969482421875 109.56874847412109375 115.28125 122.47499847412109375 129.0500030517578125 135.337493896484375 142.662506103515625 150.412506103515625 154.443756103515625 158.4812469482421875 162.5625 165.100006103515625 169.0500030517578125 171.818756103515625 175.8000030517578125 177.556243896484375 178.3312530517578125 180.28125 181.90625 182.8625030517578125 184.493743896484375 185.1875 186.40625 189.03125
62.075000762939453125 55.581249237060546875 52.450000762939453125 50.13124847412109375 48.63124847412109375 50.549999237060546875 52.3125 54.22499847412109375 57.418750762939453125 60.84999847412109375 63.981250762939453125 67.4499969482421875 70.40625 73.3249969482421875 76.31874847412109375 79.5625 82.8125 86.4375 92.1750030517578125 99.1750030517578125 105.69374847412109375 112.36875152587890625 119.78749847412109375 126.9187469482421875 133.3562469482421875 139.756256103515625 146.493743896484375 153.3874969482421875 159.962493896484375 164.03125 166.881256103515625 169.34375 171.4187469482421875 176.0625 178.131256103515625 179.6999969482421875 182.975006103515625 183.462493896484375 184.193756103515625 185.037506103515625 186.125 187.212493896484375 186.5749969482421875 187.1750030517578125 189.1062469482421875
69.8874969482421875 63.549999237060546875 60.268749237060546875 57.93125152587890625 56.47499847412109375 58.325000762939453125 60.424999237060546875 62.9375 66.52500152587890625 70.11875152587890625 73.15000152587890625 76.11875152587890625 78.93125152587890625 81.125 83.78749847412109375 86.11875152587890625 89.06874847412109375 92.7937469482421875 97.9812469482421875 105.6875 113.16249847412109375 121.4499969482421875 129.4562530517578125 136.3249969482421875 142.931243896484375 149.368743896484375 156.2687530517578125 163.068756103515625 168.46875 171.287506103515625 174.8937530517578125 177.806243896484375 180.943756103515625 182.193756103515625 185.350006103515625 186.3937530517578125 188.462493896484375 189.587493896484375 189.6437530517578125 189.1062469482421875 189.9812469482421875 189.9375 189.131256103515625 188.774993896484375 189.0812530517578125
78.22499847412109375 72.2937469482421875 70.0187530517578125 67.90625 66.96250152587890625 67.5812530517578125 70.02500152587890625 73.2312469482421875 77.6875 81.91249847412109375 84.1437530517578125 86.21250152587890625 88.15000152587890625 89.77500152587890625 92.21250152587890625 94.13124847412109375 95.9812469482421875 98.38124847412109375 103.80625152587890625 112.81874847412109375 122.375 131.4562530517578125 138.399993896484375 146.068756103515625 153.3562469482421875 160.25 167.399993896484375 172.3562469482421875 177.368743896484375 180.350006103515625 183.306243896484375 187.3000030517578125 189.4499969482421875 190.493743896484375 191.6374969482421875 193.725006103515625 194.3312530517578125 195.1750030517578125 195.1125030517578125 194.8562469482421875 193.381256103515625 193.431243896484375 192.1062469482421875 190.193756103515625 190.212493896484375
89.8874969482421875 82.97499847412109375 79.97499847412109375 78.3874969482421875 77.47499847412109375 78.50624847412109375 80.25 83.83750152587890625 89.53125 94.53749847412109375 95.65625 96.875 98.6750030517578125 100.23749542236328125 102.30625152587890625 103.6687469482421875 104.46875 104.6437530517578125 111.1750030517578125 122.0187530517578125 133.181243896484375 142.1374969482421875 149.5124969482421875 156.837493896484375 164.0437469482421875 172.3000030517578125 176.90625 181.493743896484375 188.2375030517578125 190.6062469482421875 193.256256103515625 194.2624969482421875 197.21875 199.2624969482421875 200.2062530517578125 201.3000030517578125 202.443756103515625 201.006256103515625 200.3874969482421875 198.9812469482421875 198.4375 196.774993896484375 195.1687469482421875 192.118743896484375 191.506256103515625
100.66249847412109375 94.41249847412109375 91.2624969482421875 88.93125152587890625 87.76874542236328125 89.03125 91.21875 94.41249847412109375 100.1750030517578125 105.7624969482421875 106.53749847412109375 108.33750152587890625 110.2375030517578125 112.28125 113.9562530517578125 116.59375 117.13124847412109375 116.8874969482421875 124.8125 135.837493896484375 145.96875 154.1125030517578125 162.181243896484375 168.3249969482421875 175.631256103515625 183.287506103515625 188.0812530517578125 192.068756103515625 197.7375030517578125 201.0124969482421875 202.6750030517578125 203.9187469482421875 204.506256103515625 206.5500030517578125 209.4499969482421875 209.6125030517578125 209.6999969482421875 208.631256103515625 207.4375 206.243743896484375 203.056243896484375 201.28125 198.40625 195.0749969482421875 194.337493896484375
112.1125030517578125 106.28125 103.28125 99.96875 97.7624969482421875 98.13124847412109375 100.0812530517578125 102.7375030517578125 107.0124969482421875 110.78749847412109375 114.5749969482421875 118.38124847412109375 122.4875030517578125 125.7624969482421875 128.649993896484375 132.3874969482421875 136.024993896484375 140.600006103515625 148.1875 155.2312469482421875 160.46875 167.4812469482421875 173.118743896484375 179.256256103515625 186.962493896484375 193.6125030517578125 198.1374969482421875 202.381256103515625 206.475006103515625 209.193756103515625 212.3937530517578125 213.75 213.493743896484375 214.0500030517578125 215.5187530517578125 216.8562469482421875 216.5187530517578125 215.875 215.7624969482421875 212.2062530517578125 207.3562469482421875 204.662506103515625 201.287506103515625 197.7312469482421875 196.725006103515625
124.80625152587890625 117.8312530517578125 114.43125152587890625 111.38124847412109375 108.6437530517578125 109.02500152587890625 109.50624847412109375 109.0187530517578125 110.44374847412109375 115.4812469482421875 122.4562530517578125 129.1750030517578125 135.5500030517578125 139.787506103515625 144.3937530517578125 149.4499969482421875 155.837493896484375 163.662506103515625 173.443756103515625 175.287506103515625 175.587493896484375 179.78125 184.431243896484375 190.649993896484375 198.5812530517578125 204.53125 207.899993896484375 211.40625 216.4375 219.462493896484375 221.118743896484375 222.6437530517578125 221.84375 221.712493896484375 222.21875 222.9812469482421875 222.818756103515625 222.09375 220.4187469482421875 217.381256103515625 212.837493896484375 209.662506103515625 205.9250030517578125 201.506256103515625 201.6687469482421875
136.03125 129.0812530517578125 125.77500152587890625 122.0812530517578125 119.6125030517578125 119.0749969482421875 118.8249969482421875 118.00624847412109375 117.83750152587890625 121.63124847412109375 132.1125030517578125 141.2312469482421875 149.837493896484375 155.3937530517578125 160.09375 164.756256103515625 170.587493896484375 178.5749969482421875 187.3625030517578125 187.743743896484375 185.9812469482421875 189.850006103515625 193.8562469482421875 202.131256103515625 209.4875030517578125 214.7624969482421875 217.712493896484375 219.6875 224.337493896484375 227.84375 230.256256103515625 230.181243896484375 229.350006103515625 228.1374969482421875 227.8874969482421875 227.75 228.306243896484375 227.5187530517578125 225.5749969482421875 222.6062469482421875 217.6687469482421875 213.9812469482421875 211.681243896484375 208.568756103515625 208.53125
147.3937530517578125 140.53125 136.4562530517578125 133.118743896484375 130.8874969482421875 130.631256103515625 130.399993896484375 130.6062469482421875 132.90625 138.931243896484375 148.131256103515625 157.5187530517578125 166.2687530517578125 172.462493896484375 176.15625 179.5500030517578125 182.756256103515625 187.6062469482421875 191.6750030517578125 192.96875 192.4562530517578125 196.649993896484375 202.087493896484375 212.2312469482421875 218.306243896484375 222.4250030517578125 224.912506103515625 227.0749969482421875 230.243743896484375 233.46875 235.375 235.8874969482421875 235.4375 234.662506103515625 234.399993896484375 233.368743896484375 232.993743896484375 232.4375 230.15625 227.100006103515625 223.6437530517578125 220.1437530517578125 217.243743896484375 213.09375 214.2062530517578125
159.90625 153.2312469482421875 148.431243896484375 144.8000030517578125 142.118743896484375 142.475006103515625 143.1687469482421875 145.506256103515625 150.1875 157.618743896484375 168.0812530517578125 177.662506103515625 184.662506103515625 189.7937469482421875 191.431243896484375 192.193756103515625 192.21875 193.78125 194.5625 194.4812469482421875 196.649993896484375 201.1750030517578125 209.6125030517578125 218.256256103515625 226.943756103515625 229.3874969482421875 230.6374969482421875 232.4562530517578125 234.875 236.25 238.162506103515625 239.725006103515625 240 239.725006103515625 239.09375 238.787506103515625 237.943756103515625 236.1437530517578125 234.5124969482421875 232.068756103515625 228.556243896484375 223.8874969482421875 220.75 216.90625 218.381256103515625
170.5812530517578125 163.662506103515625 159.25 156.5124969482421875 154.287506103515625 154.743743896484375 156.681243896484375 161.5 168.1750030517578125 176.568756103515625 188.087493896484375 199.0187530517578125 203.4250030517578125 205.818756103515625 206.1062469482421875 204.53125 203.1999969482421875 201.1687469482421875 200.0437469482421875 197.712493896484375 198.6125030517578125 204.0187530517578125 215.0749969482421875 227.318756103515625 233.9437408447265625 232.65625 233.25 234.4812469482421875 237.28125 240.15625 242.2375030517578125 243.2937469482421875 243.75 243.506256103515625 243.1125030517578125 242.9250030517578125 242.225006103515625 240.193756103515625 238.306243896484375 236.25 232.662506103515625 227.4250030517578125 221.225006103515625 215.537506103515625 215.1374969482421875
182.3000030517578125 175.6750030517578125 171.6437530517578125 168.743743896484375 166.693756103515625 168.96875 171.9375 176.8000030517578125 184.868743896484375 194.881256103515625 206.8874969482421875 217.4187469482421875 221.03125 219.443756103515625 218.6374969482421875 216.4562530517578125 213.368743896484375 211.0749969482421875 208.024993896484375 203.712493896484375 199.53125 206.1875 219.274993896484375 228.5812530517578125 229.443756103515625 228.6750030517578125 232.9187469482421875 236.9499969482421875 239.96875 243.537506103515625 245.9375 246.78125 246.462493896484375 246.006256103515625 245.506256103515625 245.3000030517578125 244.1687469482421875 242.087493896484375 239.618743896484375 237.3000030517578125 234.7312469482421875 228.21875 217.193756103515625 207.4562530517578125 205.4812469482421875
192.774993896484375 186.8125 183.087493896484375 180.556243896484375 179.256256103515625 181.1999969482421875 185.2312469482421875 192.2312469482421875 201.256256103515625 212.068756103515625 222.5749969482421875 230.443756103515625 232.212493896484375 231.6125030517578125 229.024993896484375 227.462493896484375 223.524993896484375 221.162506103515625 216.993743896484375 212.8562469482421875 210.806243896484375 215.84375 223.65625 229.537506103515625 229.1999969482421875 230.1062469482421875 234.3625030517578125 238.4187469482421875 243.1437530517578125 246.537506103515625 249.0812530517578125 250.0437469482421875 248.9250030517578125 247.3249969482421875 247.056243896484375 246.318756103515625 245.4812469482421875 244.15625 240.3874969482421875 236.1437530517578125 230.6875 218.0625 207.931243896484375 201.4812469482421875 201.7624969482421875
201.131256103515625 195.318756103515625 192.4875030517578125 190.4812469482421875 190.506256103515625 193.625 199.2062530517578125 206.181243896484375 215.1374969482421875 225.006256103515625 235.5437469482421875 241.875 244.2624969482421875 244.3562469482421875 241.6437530517578125 239.3937530517578125 235.3562469482421875 231.4375 227.7624969482421875 225.3249969482421875 224.537506103515625 226.337493896484375 231.5437469482421875 234.131256103515625 235.71875 237.0625 240.0187530517578125 244.149993896484375 247.962493896484375 251.881256103515625 253.568756103515625 252.7312469482421875 252.15625 249.274993896484375 247.625 245.6374969482421875 245.100006103515625 244.524993896484375 239.53125 228.4499969482421875 215.0500030517578125 206.4187469482421875 202.1875 198.693756103515625 197.337493896484375
208.3562469482421875 202.4187469482421875 200.381256103515625 199.149993896484375 200.1125030517578125 204.28125 210.881256103515625 218.256256103515625 226.6437530517578125 236.96875 247.40625 253.65625 256.54376220703125 256.975006103515625 255.181243896484375 250.1437530517578125 246.743743896484375 242.943756103515625 238.631256103515625 236.587493896484375 237.774993896484375 239.3125 242.1374969482421875 242.756256103515625 242.962493896484375 243.600006103515625 245.2062530517578125 249.9250030517578125 254.46875 258.84375 260.149993896484375 257.875 253.149993896484375 249.0187530517578125 245.5812530517578125 245.3000030517578125 244.90625 242.8937530517578125 235.9375 221.8000030517578125 204.649993896484375 198.056243896484375 196.662506103515625 193.556243896484375 192.9499969482421875
213.8562469482421875 208.412506103515625 206.3937530517578125 206.3125 208.5437469482421875 213.649993896484375 221.318756103515625 229.2312469482421875 237.962493896484375 247.6687469482421875 258.64373779296875 265.868743896484375 269.162506103515625 269.89373779296875 268.556243896484375 264.162506103515625 255.399993896484375 250.9875030517578125 248.5500030517578125 248.962493896484375 249.7624969482421875 251.556243896484375 252.912506103515625 251.1687469482421875 250.9812469482421875 249.6125030517578125 249.875 254.3312530517578125 260.51873779296875 265.975006103515625 268.125 264.787506103515625 256.881256103515625 249.131256103515625 246.787506103515625 246.350006103515625 244.5437469482421875 243.568756103515625 239.375 221.8312530517578125 204.4250030517578125 196.899993896484375 192.681243896484375 189.693756103515625 189.306243896484375
218.818756103515625 213.350006103515625 211.65625 212.6062469482421875 214.8937530517578125 221.3249969482421875 229.743743896484375 238.243743896484375 247.0625 257.256256103515625 267.006256103515625 276.76251220703125 281.85626220703125 283.5 281.78125 275.774993896484375 266.32501220703125 258.149993896484375 259.462493896484375 260.83123779296875 262.568756103515625 263.012481689453125 262.59375 259.462493896484375 257.20001220703125 255.5 253.6687469482421875 259.51873779296875 267.899993896484375 274.837493896484375 275.29998779296875 264.88751220703125 255.4562530517578125 248.6125030517578125 244.087493896484375 242.850006103515625 243.6062469482421875 242.5812530517578125 235.7375030517578125 223.225006103515625 206.53125 196.931243896484375 191.225006103515625 187.787506103515625 187.1125030517578125
221.118743896484375 215.90625 215.1437530517578125 217.34375 220.818756103515625 228.131256103515625 235.975006103515625 245.8499908447265625 255.431243896484375 265.79998779296875 275.51251220703125 283.868743896484375 291.625 297.943756103515625 294.662506103515625 285.26251220703125 273.79998779296875 265.10626220703125 263.212493896484375 267.59375 272.01251220703125 273.58123779296875 267.23126220703125 265.193756103515625 262.51873779296875 261.29376220703125 262 265.71875 274.16876220703125 281.73748779296875 282.95001220703125 268.53125 254.881256103515625 241.818756103515625 234.6437530517578125 236.056243896484375 238.5437469482421875 237.2687530517578125 233.0812530517578125 222.1437530517578125 207.837493896484375 197.087493896484375 190.1875 186.6062469482421875 185.493743896484375
222.756256103515625 217.5500030517578125 217.5 219.337493896484375 224.0124969482421875 233.4562530517578125 242.631256103515625 252 261.57501220703125 271.774993896484375 280.76873779296875 289.881256103515625 301.5 312.91876220703125 305.225006103515625 289.20001220703125 274.95623779296875 270.4375 269.806243896484375 273.318756103515625 274.318756103515625 271.83123779296875 270.006256103515625 267.53125 265.51873779296875 265.8125 266.63751220703125 270.66876220703125 274.75 277.806243896484375 276.08123779296875 264.07501220703125 247.9562530517578125 231.1374969482421875 221.3874969482421875 224.6687469482421875 232.681243896484375 236.787506103515625 233.649993896484375 224.2312469482421875 210.375 197.5749969482421875 191.1687469482421875 186.9499969482421875 185.131256103515625
