data/historical-monthly-weather-data/wc2.1_cruts4.09_10m_prec_2005-07.asc
ncols        45
nrows        45
xllcorner    -63.500000000000
yllcorner    -7.500000000000
cellsize     0.166666666667
NODATA_value -9999
[rows 19 to 37 of 45, columns 0 to 43 of 45]
105.75 107.55625152587890625 106.93125152587890625 106.21250152587890625 104.6125030517578125 105.10625457763671875 100.3312530517578125 97.59375 93.4499969482421875 86.63124847412109375 80.96250152587890625 78.47499847412109375 73.84375 69.33750152587890625 63.15000152587890625 56.487499237060546875 52.15000152587890625 55.174999237060546875 51.018749237060546875 48.706249237060546875 45.25 47.424999237060546875 52.03125 56.674999237060546875 59.356250762939453125 58.96875 61.268749237060546875 66.5749969482421875 69.4499969482421875 71.65000152587890625 78.6374969482421875 91.3312530517578125 97.69374847412109375 103.75 111.65625 123.44374847412109375 132.274993896484375 138.4187469482421875 142.818756103515625 140.8937530517578125 132.118743896484375 123.63750457763671875 121.99375152587890625 117.46875
96.0625 103.65625 107.4499969482421875 104.61875152587890625 101.2687530517578125 101.03125 97.4375 94.65000152587890625 89.6999969482421875 84.1062469482421875 77.72499847412109375 75.1875 71.71250152587890625 66.6687469482421875 60.84375 55.46875 52.106250762939453125 51.11875152587890625 51.27500152587890625 47.450000762939453125 49.112499237060546875 51.22499847412109375 54.4375 59.981250762939453125 62.66249847412109375 61.643749237060546875 60.46250152587890625 65 70.4250030517578125 74.53749847412109375 83.31874847412109375 92.6750030517578125 94.9375 101.5 109.33750152587890625 118.90000152587890625 127.53125 130.712493896484375 131.40625 128.875 124.36875152587890625 121.08750152587890625 117.09999847412109375 113.8625030517578125
93.53125 95.36875152587890625 100.53125 101.46250152587890625 100.43125152587890625 95.7312469482421875 92.28749847412109375 89.16249847412109375 85.4499969482421875 80.40625 75.8625030517578125 71.11249542236328125 66.96250152587890625 65.13124847412109375 62.03125 56.84375 55.081249237060546875 52.93125152587890625 52.012500762939453125 50.387500762939453125 49.46875 51.38124847412109375 54.71250152587890625 57.34375 58.487499237060546875 58.856250762939453125 63.262500762939453125 65.25624847412109375 72.93125152587890625 80.02500152587890625 85.4812469482421875 90.66249847412109375 93.43125152587890625 97.8312530517578125 102.25624847412109375 112.34999847412109375 120.0437469482421875 123.63124847412109375 124.6750030517578125 123.5187530517578125 120.6062469482421875 118.58750152587890625 116.0437469482421875 112.68125152587890625
90.7312469482421875 97.1437530517578125 100.06874847412109375 99.56874847412109375 97.7312469482421875 93.9499969482421875 85.63124847412109375 82.1875 79.96250152587890625 78.66249847412109375 75.3000030517578125 70.6875 68.1999969482421875 65.19374847412109375 63.393749237060546875 60.581249237060546875 56.387500762939453125 53.0625 51.387500762939453125 51.112499237060546875 53.125 53.25 54.59375 56.918750762939453125 60.02500152587890625 59.66249847412109375 61.61875152587890625 66.47499847412109375 71.50624847412109375 76.4562530517578125 81.49375152587890625 87.5437469482421875 89.375 90.99375152587890625 96.28749847412109375 101.8249969482421875 110.31874847412109375 112.625 116.69374847412109375 118.47499847412109375 117.35625457763671875 113.50624847412109375 111.7624969482421875 108.5437469482421875
84.99375152587890625 93.75 98.91249847412109375 97.3562469482421875 95.03125 89.4499969482421875 85.90625 80.90625 76.46250152587890625 72.71250152587890625 70.46875 70.75624847412109375 68.3625030517578125 66.50624847412109375 62.987499237060546875 60.21875 55.8125 54.61875152587890625 52.706249237060546875 53.481250762939453125 53.575000762939453125 55.543750762939453125 56.50624847412109375 60.47499847412109375 62.84375 61.91249847412109375 65.1437530517578125 66.06874847412109375 69.33750152587890625 73.2687530517578125 78.0124969482421875 82.6374969482421875 82.69374847412109375 82.6875 89.47499847412109375 92.34375 100.7687530517578125 106.5625 110.4562530517578125 111.74375152587890625 112.1750030517578125 109.15625 108.1750030517578125 104.58124542236328125
81.84999847412109375 91.47499847412109375 97.6062469482421875 96.72499847412109375 94.5812530517578125 87.6374969482421875 83.40625 78.80625152587890625 74.5749969482421875 72.5500030517578125 70.41249847412109375 66.9499969482421875 67.34375 65.0625 61.418750762939453125 57.53749847412109375 54.90625 54.56874847412109375 53.94374847412109375 53.956249237060546875 55.21250152587890625 56.4375 59.93125152587890625 62.3125 62.61875152587890625 64.9375 64.3625030517578125 64.96250152587890625 66.38124847412109375 69.59999847412109375 70.63124847412109375 72.41249847412109375 75.0437469482421875 76.02500152587890625 78.96875 84.43125152587890625 92.90000152587890625 97.4875030517578125 102.5437469482421875 105.53749847412109375 105.0625 104.46875 104.2312469482421875 100.46250152587890625
83.40000152587890625 92.7062530517578125 93.5437469482421875 93.78125 91.1999969482421875 85.4812469482421875 80.9875030517578125 76.22499847412109375 71.46875 66.86875152587890625 67.9562530517578125 66.1687469482421875 63.43125152587890625 61.91249847412109375 59.41249847412109375 56.700000762939453125 53.918750762939453125 53.69374847412109375 53.91249847412109375 53.56874847412109375 56.46875 58.30625152587890625 61.575000762939453125 64.00624847412109375 63.793750762939453125 63.71875 64.0812530517578125 63.30625152587890625 62.63124847412109375 63.200000762939453125 63.52500152587890625 63.75 64.7375030517578125 67.1750030517578125 72.28125 77.96250152587890625 85.18125152587890625 91.52500152587890625 96.0437469482421875 99.1374969482421875 101.90625 99.38124847412109375 98.1374969482421875 94.40625
80.5500030517578125 86.03749847412109375 89 89.68125152587890625 87.0500030517578125 82.8125 79.18125152587890625 74.2312469482421875 68.4375 67.8249969482421875 67.6437530517578125 65.91249847412109375 63.674999237060546875 60.72499847412109375 57.862499237060546875 56.71250152587890625 54.25 53 53.674999237060546875 54.268749237060546875 55.481250762939453125 57.649997711181640625 61.581249237060546875 65.4250030517578125 63.774997711181640625 61.299999237060546875 61.08750152587890625 60.831249237060546875 60.21875 58.112499237060546875 58.61875152587890625 56.375 56.668750762939453125 62.075000762939453125 66.00624847412109375 72.7375030517578125 77.2624969482421875 83.2937469482421875 88.4812469482421875 92.875 97.49375152587890625 96.3625030517578125 93.84375 89.6437530517578125
78.00624847412109375 80.0124969482421875 82.3625030517578125 84.53125 82.5 79.24375152587890625 76.0500030517578125 71.5187530517578125 68.06874847412109375 66.6750030517578125 65.40625 62.94374847412109375 61.24375152587890625 59.03125 56.137500762939453125 54.40000152587890625 52.8125 52.25 51.38124847412109375 52.518749237060546875 55.25 56.65000152587890625 57.956249237060546875 61.21875 61.30625152587890625 59.34375 58.84999847412109375 58.362499237060546875 57.53125 56.65000152587890625 55.668750762939453125 54.768749237060546875 55.06874847412109375 57.15000152587890625 61.18125152587890625 66.9187469482421875 71 76.93125152587890625 82.60625457763671875 89.03749847412109375 93.25 95.28125 90.7687530517578125 87.625
74.3125 76.0187530517578125 78.90000152587890625 77.27500152587890625 76.90625 73.09999847412109375 69.9875030517578125 67.8562469482421875 64.96875 64.36875152587890625 62.825000762939453125 60.625 59.34999847412109375 58.08750152587890625 55.59999847412109375 53.6875 52.793750762939453125 50.799999237060546875 50.61875152587890625 51.5 53.18125152587890625 54.362499237060546875 56.049999237060546875 57.674999237060546875 57.97499847412109375 56.84375 56.3125 55.80625152587890625 56.53749847412109375 55.58750152587890625 53.793750762939453125 53.02500152587890625 52.78125 53.862499237060546875 57.125 62.0625 66.15000152587890625 71.46250152587890625 76.5124969482421875 80.4250030517578125 86.49375152587890625 85.9875030517578125 84.2062530517578125 81.56874847412109375
69.09375 72.3125 73.80625152587890625 72.7312469482421875 71.00624847412109375 68.6999969482421875 65.6125030517578125 65.2062530517578125 63.99375152587890625 62.456249237060546875 61.22499847412109375 60.55625152587890625 59.231250762939453125 57.081249237060546875 54.90625 53.13124847412109375 51.325000762939453125 50.47499847412109375 49.43125152587890625 49.4375 51.362499237060546875 52.075000762939453125 53.575000762939453125 53.862499237060546875 54.43125152587890625 54.02500152587890625 53.25 53.174999237060546875 53.86875152587890625 52.72499847412109375 51.63124847412109375 50.49375152587890625 50.05625152587890625 51.21250152587890625 53.24375152587890625 56.825000762939453125 62.1875 65.5124969482421875 67.88124847412109375 71.5812530517578125 77.3000030517578125 77.8000030517578125 76.3000030517578125 73.2062530517578125
65.2687530517578125 67.4499969482421875 66.19374847412109375 67.75 67.71875 66.4812469482421875 63.80625152587890625 62.456249237060546875 61.68125152587890625 60.887500762939453125 60.456249237060546875 59.237499237060546875 59.481250762939453125 56.1875 53.575000762939453125 52.30625152587890625 51.86875152587890625 49.28749847412109375 47.15000152587890625 48.16249847412109375 50.043750762939453125 50.53125 51.03125 50.31874847412109375 50.081249237060546875 51.38124847412109375 50.83750152587890625 49.88124847412109375 49.38124847412109375 49.3125 48.674999237060546875 48.49375152587890625 48.53749847412109375 49.731250762939453125 51.11875152587890625 53.049999237060546875 56.5625 60.768749237060546875 61.31874847412109375 61.96250152587890625 65.5749969482421875 68.00624847412109375 67.22499847412109375 64.15625
61.043750762939453125 60.174999237060546875 59.331249237060546875 59.90625 61.44374847412109375 61.59999847412109375 61.143749237060546875 59.881252288818359375 59.93125152587890625 58.55625152587890625 58.65625 58.94374847412109375 57.84375 56.950000762939453125 54.66249847412109375 52.887500762939453125 51.362499237060546875 48.75624847412109375 46.06874847412109375 47.012500762939453125 47.393749237060546875 48.02500152587890625 47.74375152587890625 46.9375 47.68125152587890625 47.55625152587890625 47.356250762939453125 47.487499237060546875 46.06874847412109375 46.206249237060546875 46.637500762939453125 46.46250152587890625 46.137500762939453125 47.15625 48.793750762939453125 49.731250762939453125 52.825000762939453125 53.34999847412109375 53.825000762939453125 55.875 58.46875 58.90000152587890625 58.125 57.77500152587890625
54.09999847412109375 52.84375 51.66249847412109375 52.09999847412109375 53.875 54.793750762939453125 55.90000152587890625 56.21250152587890625 55.21250152587890625 56.28125 57.83750152587890625 56.918750762939453125 56.86875152587890625 57.24375152587890625 55.581249237060546875 52.668750762939453125 49.956249237060546875 49.09999847412109375 47.456249237060546875 47.59999847412109375 47.15000152587890625 46.331249237060546875 45.112499237060546875 44.893749237060546875 45.825000762939453125 45.268749237060546875 45.68125152587890625 44.893749237060546875 44.575000762939453125 44 44.081249237060546875 43.61875152587890625 42.737499237060546875 43.71250152587890625 45.825000762939453125 47.55625152587890625 47.793750762939453125 48.012500762939453125 48.53749847412109375 51.331249237060546875 53.1875 53.862499237060546875 51.506252288818359375 51.668750762939453125
47.25624847412109375 46.4375 46.52500152587890625 47.22499847412109375 48 48.143749237060546875 49.71875 49.86875152587890625 51.44374847412109375 51.706249237060546875 53.706249237060546875 54.956249237060546875 56.231250762939453125 56 54.450000762939453125 51.375 49.549999237060546875 48.30625152587890625 46.74375152587890625 46.356250762939453125 46.28125 44.31874847412109375 43.90625 43.762500762939453125 43.21250152587890625 42.393749237060546875 42.625 42.825000762939453125 42.40625 42.081249237060546875 41.94374847412109375 41.137500762939453125 40.299999237060546875 41.55625152587890625 43.02500152587890625 43.643749237060546875 42.90625 43.28749847412109375 44.8125 46.237499237060546875 48 49.13124847412109375 48.987499237060546875 48.018749237060546875
41.418750762939453125 39.69374847412109375 41.106250762939453125 41.731250762939453125 43.15625 43.93125152587890625 44.768749237060546875 45.46875 45.46250152587890625 46.44374847412109375 49.387500762939453125 52.643749237060546875 56.40000152587890625 57.43125152587890625 54.418750762939453125 51.56874847412109375 49.3125 47.5625 46.731250762939453125 45.30625152587890625 44.893749237060546875 44.15625 42.887500762939453125 42.28749847412109375 41.418750762939453125 40.21250152587890625 40.393749237060546875 40.512500762939453125 40.02500152587890625 37.862499237060546875 37.78125 38.393749237060546875 38.27500152587890625 38.987499237060546875 39.21875 39.518749237060546875 39.59375 40.6875 41.112499237060546875 41.33750152587890625 42.043750762939453125 42.106250762939453125 43.90000152587890625 43.6875
34.8125 34.22499847412109375 35.924999237060546875 35.956249237060546875 37.03125 37.63124847412109375 38.700000762939453125 39.40625 39.768749237060546875 40.575000762939453125 43.825000762939453125 48.481250762939453125 54.16249847412109375 54.46250152587890625 53.231250762939453125 50.99375152587890625 49.27500152587890625 47.09375 45.19374847412109375 44.049999237060546875 41.831249237060546875 42.09375 40.424999237060546875 39.424999237060546875 37.84999847412109375 38.012500762939453125 38.106250762939453125 38.13124847412109375 37.50624847412109375 35.700000762939453125 35.393749237060546875 36.18125152587890625 35.81874847412109375 36.512500762939453125 36.75624847412109375 36.237499237060546875 36.625 37.043750762939453125 38.237499237060546875 38.450000762939453125 37.956249237060546875 38.40625 38.15000152587890625 38.33750152587890625
28.506250381469726562 28.912500381469726562 30.106250762939453125 30.118749618530273438 31.074998855590820312 32.4375 33.46250152587890625 34.143749237060546875 34.512500762939453125 34.50624847412109375 38.59999847412109375 44.393749237060546875 49.325000762939453125 50.643749237060546875 50.75624847412109375 49.53749847412109375 47.768749237060546875 45.174999237060546875 43.21875 42.22499847412109375 39.881252288818359375 38.662502288818359375 37.40625 37.02500152587890625 35.53749847412109375 35.19374847412109375 35.325000762939453125 35.00624847412109375 34.46875 33.84999847412109375 33.25 33.081249237060546875 32.61875152587890625 33.200000762939453125 33.40625 32.512500762939453125 32.58750152587890625 34.08750152587890625 35.450000762939453125 35.075000762939453125 34.137500762939453125 34.450000762939453125 34.03749847412109375 35
22.637500762939453125 23.5625 24.09375 25.137500762939453125 26.137500762939453125 27.443750381469726562 28.643749237060546875 29.443750381469726562 30.462499618530273438 30.537500381469726562 37.15000152587890625 42.575000762939453125 45.6875 47.637500762939453125 48.55625152587890625 47.924999237060546875 45.22499847412109375 44.11875152587890625 41.56874847412109375 40.293750762939453125 38.65000152587890625 36.950000762939453125 35 34.643749237060546875 33.856250762939453125 33.25 32.93125152587890625 32.61875152587890625 32.18125152587890625 31.15625 29.337499618530273438 29.618749618530273438 29.243749618530273438 29.931249618530273438 29.368749618530273438 28.34375 29.600000381469726562 30.5625 31.625 31.575000762939453125 30.96875 31.962499618530273438 31.337499618530273438 29.631250381469726562
