data/historical-monthly-weather-data/wc2.1_cruts4.09_10m_prec_1967-11.asc
ncols        51
nrows        45
xllcorner    -63.500000000000
yllcorner    -7.500000000000
cellsize     0.166666666667
NODATA_value -9999
[rows 19 to 37 of 45, columns 0 to 43 of 51]
66.1750030517578125 68.3874969482421875 71.59999847412109375 75.2312469482421875 78.99375152587890625 83.53749847412109375 87.8000030517578125 91.6875 96.1374969482421875 100.15625 102.40000152587890625 99.4562530517578125 95.09999847412109375 90.8000030517578125 88.625 87.06874847412109375 85.8937530517578125 89.1875 93.7062530517578125 100.46875 112.5812530517578125 123.2624969482421875 132.4562530517578125 137.4875030517578125 141.7624969482421875 144.0625 143.006256103515625 139.787506103515625 131.0812530517578125 120.25624847412109375 113.77500152587890625 117.0500030517578125 123.0625 129.9187469482421875 136.006256103515625 142.65625 150.1999969482421875 157.993743896484375 163.6374969482421875 168.4187469482421875 172.3312530517578125 174.162506103515625 172.1812591552734375 170.662506103515625
62.137500762939453125 65 68.8125 72.81874847412109375 76.65000152587890625 81.5500030517578125 86.5187530517578125 91.1875 96.34375 100.68125152587890625 103.59999847412109375 101.9812469482421875 98.90625 94.8125 92.31874847412109375 89.7312469482421875 87.93125152587890625 89.77500152587890625 94.1437530517578125 99.1437530517578125 110.59999847412109375 121.8562469482421875 130.975006103515625 137.0124969482421875 142.399993896484375 145.618743896484375 144.5500030517578125 139.7937469482421875 133.537506103515625 129.0500030517578125 125.96875 127.90625 132.5625 138.6062469482421875 145.0187530517578125 153.087493896484375 159.78125 166.5749969482421875 171.1374969482421875 175.5500030517578125 178.3125 179.162506103515625 178.1999969482421875 176.037506103515625
58.668750762939453125 61.375 65.6062469482421875 70.02500152587890625 74.4812469482421875 79.59375 85.13124847412109375 90.33750152587890625 96.3937530517578125 101.55625152587890625 105.22499847412109375 105.3625030517578125 103.7624969482421875 100.40625 97.1687469482421875 93.90625 92.03125 93.02500152587890625 95.69374847412109375 99.96250152587890625 108.6875 118.31874847412109375 127.59999847412109375 134.193756103515625 139.7937469482421875 144.1437530517578125 145.556243896484375 143.0749969482421875 140.3125 138.1125030517578125 135.506256103515625 137.0437469482421875 141.431243896484375 148.6687469482421875 156.537506103515625 164.412506103515625 171.100006103515625 177.087493896484375 179.7312469482421875 183.212493896484375 185.037506103515625 185.1062469482421875 184.2312469482421875 182.9499969482421875
55.36875152587890625 58.65625 63 67.65000152587890625 72.47499847412109375 77.65000152587890625 83.0500030517578125 89.15000152587890625 95.9875030517578125 101.625 106.56874847412109375 108.3937530517578125 110.03749847412109375 107.96875 102.8249969482421875 98.1437530517578125 95.33750152587890625 95.90000152587890625 97.4187469482421875 100.31874847412109375 107.90000152587890625 116.0124969482421875 123.8874969482421875 130.84375 138.131256103515625 144.1687469482421875 146.1687469482421875 146.631256103515625 145.431243896484375 144.4187469482421875 144.0749969482421875 145.9812469482421875 151.78125 159.631256103515625 167.4562530517578125 175.875 182.725006103515625 186.7062530517578125 188.1687469482421875 190.4562530517578125 192.318756103515625 191.59375 190.350006103515625 188.8562469482421875
52.44374847412109375 55.84375 60.356250762939453125 64.86875152587890625 69.90000152587890625 75.4562530517578125 81.11875152587890625 87.4875030517578125 94.1437530517578125 100.3562469482421875 106.0812530517578125 111.09999847412109375 115.49375152587890625 113.9875030517578125 107.7937469482421875 102.44374847412109375 98.96875 98.97499847412109375 99.56874847412109375 101.09375 107.6750030517578125 114.6875 121.1750030517578125 128.493743896484375 136.375 142.9499969482421875 148.006256103515625 148.65625 149.9187469482421875 150.34375 152.2624969482421875 155.412506103515625 161.3625030517578125 168.8000030517578125 177.181243896484375 186.9250030517578125 193.9375 195.9562530517578125 196.993743896484375 198.3625030517578125 199.256256103515625 198.243743896484375 196.8625030517578125 195.087493896484375
50.299999237060546875 53.512500762939453125 58.02500152587890625 62.674999237060546875 67.9812469482421875 73.24375152587890625 78.6750030517578125 84.7375030517578125 91.5625 98.00624847412109375 104.4250030517578125 109.44374847412109375 114.1062469482421875 114.78125 110.1374969482421875 105.1875 101.63124847412109375 100.9250030517578125 101.09375 101.9562530517578125 107.3312530517578125 112.6687469482421875 118.80625152587890625 126.0812530517578125 133.881256103515625 142.556243896484375 148 151.3249969482421875 153.631256103515625 156.537506103515625 159.1437530517578125 163.181243896484375 169.225006103515625 176.506256103515625 183.9250030517578125 192.1374969482421875 199.15625 201.625 203.25 205.274993896484375 205.6999969482421875 204.5 204.15625 203.756256103515625
48.887500762939453125 52.18125152587890625 55.918750762939453125 60.731250762939453125 65.55625152587890625 70.4812469482421875 75.58750152587890625 81.3125 87.91249847412109375 94.47499847412109375 100.84375 106.6437530517578125 111.36875152587890625 113.68125152587890625 110.72499847412109375 106.8874969482421875 103.8874969482421875 103.0625 102.88124847412109375 103.44374847412109375 107.7062530517578125 112.0812530517578125 116.6750030517578125 123.21875 132.1062469482421875 142.0187530517578125 149.087493896484375 154.306243896484375 158.5124969482421875 162.5124969482421875 165.75 170.1062469482421875 176.2624969482421875 182.1125030517578125 188.8125 195.8874969482421875 201.9375 206 209.368743896484375 211.6125030517578125 212.881256103515625 211.6437530517578125 209.5 210.3000030517578125
47.59999847412109375 49.924999237060546875 53.462497711181640625 57.65625 61.862499237060546875 66.625 72.1437530517578125 77.7062530517578125 83.8249969482421875 90.55625152587890625 97.71250152587890625 104.49375152587890625 110.33750152587890625 114.24375152587890625 112.36875152587890625 108.91249847412109375 106.4812469482421875 106.00624847412109375 105.8937530517578125 105.9499969482421875 109.4875030517578125 113.03749847412109375 116.61875152587890625 123.25624847412109375 133.1687469482421875 143.2375030517578125 150.649993896484375 156.8874969482421875 162.806243896484375 166.5500030517578125 170.875 175.5 182.037506103515625 187.7937469482421875 192.9499969482421875 199.40625 205.131256103515625 209.0500030517578125 213.931243896484375 217.4562530517578125 219.6062469482421875 217.912506103515625 215.6875 215.024993896484375
46.19374847412109375 47.52500152587890625 50.700000762939453125 54.25 58.112499237060546875 62.725002288818359375 68.09999847412109375 73.8562469482421875 80.3937530517578125 87.3249969482421875 94.2687530517578125 102.0749969482421875 109.1875 114.4562530517578125 113.6875 111.0749969482421875 108.875 108.96250152587890625 108.8937530517578125 109.11875152587890625 112.5124969482421875 115.4812469482421875 119.91249847412109375 127.4375 136.662506103515625 145.9499969482421875 153.118743896484375 160.118743896484375 166.3249969482421875 170.381256103515625 174.15625 179.037506103515625 185.46875 190.4562530517578125 196.34375 202.431243896484375 207.8312530517578125 213.0812530517578125 217.2937469482421875 223.5437469482421875 228.25 226.881256103515625 220.6125030517578125 218.6437530517578125
45.125 45.481250762939453125 47.94374847412109375 51.02500152587890625 54.450000762939453125 58.987499237060546875 64.25 70.0187530517578125 77.1437530517578125 84.18125152587890625 91.5 99.93125152587890625 108.41249847412109375 114.84375 114.7624969482421875 113.55625152587890625 112.52500152587890625 112.34999847412109375 112.4250030517578125 112.88124847412109375 116.3125 119.38124847412109375 123.96875 132.225006103515625 141.068756103515625 149.681243896484375 157.181243896484375 163.7062530517578125 170.2687530517578125 173.6062469482421875 177.3562469482421875 181.65625 187.0749969482421875 192.3000030517578125 198.7624969482421875 204.6999969482421875 210.368743896484375 215.2062530517578125 219.8312530517578125 225.287506103515625 232.1500091552734375 229.8249969482421875 225.59375 227.899993896484375
46.981250762939453125 46.168750762939453125 47.78125 49.58750152587890625 52.41249847412109375 56.950000762939453125 62.19374847412109375 67.97499847412109375 75.21250152587890625 82.28125 89.88124847412109375 98.9875030517578125 108.1875 115.97499847412109375 117.3249969482421875 117.53749847412109375 117.0187530517578125 117.71875 117.72499847412109375 118.2375030517578125 121.59375 125.66249847412109375 130.399993896484375 137.78125 146.0749969482421875 154.506256103515625 161.5562591552734375 167.4875030517578125 173.274993896484375 177.2312469482421875 180.78125 184.868743896484375 190.181243896484375 196.131256103515625 202.287506103515625 207.1875 211.881256103515625 217.71875 220.131256103515625 224.21875 230.2062530517578125 234.9625091552734375 235.7687530517578125 241.037506103515625
49.0625 47.16249847412109375 47.924999237060546875 48.987499237060546875 50.875 55.575000762939453125 60.77500152587890625 66.3562469482421875 73.40000152587890625 81.0124969482421875 89.05625152587890625 98.7062530517578125 108.8625030517578125 116.94374847412109375 119.91249847412109375 121.7687530517578125 123.25624847412109375 123.8125 123.50624847412109375 125.1687469482421875 128.875 133.0124969482421875 137.6875 144.5 151.5749969482421875 159.5500030517578125 165.6125030517578125 171.3937530517578125 176.4812469482421875 180.125 183.96875 188.412506103515625 193.5 200.3625030517578125 205.6875 210.068756103515625 214.975006103515625 221.8000030517578125 222.943756103515625 220.774993896484375 228.024993896484375 238.462493896484375 244.9187469482421875 250.993743896484375
51.65000152587890625 48.90000152587890625 48.918750762939453125 49.58750152587890625 51.08750152587890625 55.08750152587890625 60.0625 65.2937469482421875 72.40000152587890625 80.05625152587890625 88.375 98.71250152587890625 109.30625152587890625 118.75 123.78125 127.46250152587890625 130.318756103515625 131.162506103515625 131.6875 133.712493896484375 137.475006103515625 141.1687469482421875 145.28125 151.193756103515625 158.0749969482421875 164.631256103515625 169.71875 174.84375 179.1687469482421875 183.3937530517578125 187.412506103515625 191.412506103515625 196.9499969482421875 203.1999969482421875 209.9499969482421875 214.5437469482421875 219.587493896484375 224.975006103515625 224.681243896484375 225.53125 236.0124969482421875 249.1437530517578125 258.943756103515625 270.96875
58.21875 55.09375 54.34375 54.33750152587890625 55.049999237060546875 58.231250762939453125 62.36875152587890625 66.9562530517578125 73.6125030517578125 81.06874847412109375 89.97499847412109375 100.44374847412109375 111.9562530517578125 123.41249847412109375 129.806243896484375 135.3874969482421875 139.537506103515625 141.9812469482421875 143.443756103515625 145.6062469482421875 149.100006103515625 151.8562469482421875 154.6875 159.3937530517578125 165.024993896484375 170.125 174.462493896484375 178.600006103515625 183.068756103515625 187.2062530517578125 191.2937469482421875 195.4250030517578125 201.0437469482421875 207.2062530517578125 214.899993896484375 220.5625 227.0437469482421875 232.0749969482421875 232.618743896484375 240.100006103515625 251.1999969482421875 264.368743896484375 278.162506103515625 295.46875
65.125 61.81874847412109375 60.41249847412109375 59.768749237060546875 59.543750762939453125 62 64.9875030517578125 68.8562469482421875 75.19374847412109375 82.2312469482421875 90.84999847412109375 102.5812530517578125 115.40625 127.5124969482421875 135.8249969482421875 143.5437469482421875 150.28125 153.618743896484375 155.84375 158.493743896484375 161.2312469482421875 163.2937469482421875 165.256256103515625 168.212493896484375 172.100006103515625 175.4250030517578125 179.368743896484375 182.568756103515625 186.431243896484375 190.524993896484375 194.8249969482421875 199.8625030517578125 205.881256103515625 212.4375 220.6687469482421875 227.78125 233.96875 238.368743896484375 243.78125 254.181243896484375 265.087493896484375 279.287506103515625 297.631256103515625 318.98126220703125
72.65625 69.2312469482421875 67.2312469482421875 65.69374847412109375 64.78749847412109375 66.3874969482421875 68.3562469482421875 71.36875152587890625 76.6437530517578125 83.58750152587890625 92.4812469482421875 105.38124847412109375 119.34999847412109375 133.40625 143.9812469482421875 152.868743896484375 161.7312469482421875 165.943756103515625 168.774993896484375 171.5625 174.0437469482421875 175.287506103515625 176.0124969482421875 176.6875 178.09375 180.368743896484375 183 186.1875 189.1999969482421875 193.475006103515625 198.5749969482421875 203.743743896484375 209.8937530517578125 217.6875 225.0437469482421875 231.5437469482421875 238.0437469482421875 247.806243896484375 255.318756103515625 264.73126220703125 276.79376220703125 290.33123779296875 308.556243896484375 329.212493896484375
83.58750152587890625 79.96250152587890625 77.7312469482421875 75.7624969482421875 74.43125152587890625 75.30625152587890625 76.43125152587890625 77.90625 81.90625 87.58750152587890625 96.61875152587890625 110.13124847412109375 125.6875 141.28125 152.7624969482421875 164.087493896484375 173.412506103515625 178.3874969482421875 182.2375030517578125 186.0500030517578125 187.556243896484375 186.568756103515625 185.649993896484375 185.03125 184.9562530517578125 185.5749969482421875 187.662506103515625 190.5 193.274993896484375 196.6750030517578125 202.3625030517578125 207.3312530517578125 214.100006103515625 221.693756103515625 227.743743896484375 233.6125030517578125 244.431243896484375 254.09375 261.037506103515625 271.39373779296875 284.04998779296875 295.86248779296875 310.73126220703125 328.58123779296875
95.01250457763671875 91.46250152587890625 89.1999969482421875 87.1374969482421875 85.36875152587890625 85.52500152587890625 85.53125 85.80625152587890625 88.16249847412109375 91.2375030517578125 100.9875030517578125 118.05625152587890625 134.318756103515625 149.318756103515625 162.125 174.53125 185.131256103515625 190.3125 194.5 197.962493896484375 198.25 196.1750030517578125 194.2375030517578125 192.1687469482421875 190.625 190.6437530517578125 191.34375 194.181243896484375 196.087493896484375 200.1999969482421875 205.3937530517578125 211.7375030517578125 218.0812530517578125 225.7062530517578125 231.6687469482421875 238.9562530517578125 249.4875030517578125 259.8125 267.86248779296875 275.662506103515625 286.11248779296875 295.806243896484375 308.118743896484375 323.51873779296875
106.25624847412109375 102.6062469482421875 100.2062530517578125 98.28749847412109375 96.3562469482421875 96.0812530517578125 95.78125 95.52500152587890625 97.2937469482421875 99.0749969482421875 112.5500030517578125 131.0500030517578125 145.399993896484375 159.2375030517578125 172.2937469482421875 185.225006103515625 196.5437469482421875 201.3312530517578125 204.712493896484375 206.181243896484375 206.2062530517578125 204.1875 201.850006103515625 198.0625 195.7687530517578125 194.8249969482421875 194.9375 197.225006103515625 199.181243896484375 203.9812469482421875 207.1062469482421875 212.9250030517578125 219.9812469482421875 227.6125030517578125 234.149993896484375 242.881256103515625 253.6999969482421875 263.34375 273.024993896484375 281.51873779296875 287.63751220703125 296.350006103515625 303.975006103515625 314.068756103515625
