data/historical-monthly-weather-data/wc2.1_cruts4.09_10m_prec_2020-09.asc
ncols        51
nrows        45
xllcorner    -63.500000000000
yllcorner    -7.500000000000
cellsize     0.166666666667
NODATA_value -9999
[rows 19 to 37 of 45, columns 0 to 43 of 51]
152.5437469482421875 155.912506103515625 157.943756103515625 161.4499969482421875 165.125 168.350006103515625 169.5124969482421875 169.4250030517578125 172.0500030517578125 171.875 169.7687530517578125 163.7062530517578125 155.7624969482421875 147.4875030517578125 139.068756103515625 132.7062530517578125 124.52500152587890625 122.4499969482421875 118.22499847412109375 119.25 117.05625152587890625 116.74375152587890625 121.36875152587890625 123.6125030517578125 123.31874847412109375 118.88124847412109375 112.3937530517578125 106.0812530517578125 95.72499847412109375 85.24375152587890625 78.25624847412109375 81.78749847412109375 83.96875 87.61875152587890625 87.83750152587890625 79.75624847412109375 71.11875152587890625 63.581249237060546875 55.231250762939453125 45.84375 36.30625152587890625 28.75 24.725000381469726562 22.200000762939453125
139.9875030517578125 144.1875 147.725006103515625 151.59375 155.375 158.6374969482421875 162.212493896484375 164.756256103515625 169.256256103515625 171.4250030517578125 170.087493896484375 166.006256103515625 158.381256103515625 148.537506103515625 141.2312469482421875 132.2062530517578125 124.30625152587890625 119.24375152587890625 118.96250152587890625 116.3562469482421875 118.125 120.875 123.0749969482421875 124.78749847412109375 125.94374847412109375 122.65000152587890625 115.05625152587890625 106.38124847412109375 98.19374847412109375 93.4499969482421875 89.81874847412109375 91.6750030517578125 94.22499847412109375 98.96250152587890625 103.7062530517578125 91.28125 75.8312530517578125 64.6875 54.61875152587890625 45.487499237060546875 37.40625 31.056249618530273438 26.662500381469726562 23.681249618530273438
129.7624969482421875 131.875 135.381256103515625 139.5187530517578125 144.9187469482421875 150.9499969482421875 155.9375 161.6875 167.25 170.7687530517578125 171.2312469482421875 168.787506103515625 164.318756103515625 156.4499969482421875 148.2687530517578125 137.6999969482421875 129.7562408447265625 124.0749969482421875 123.0437469482421875 120.52500152587890625 118.2937469482421875 120.0749969482421875 122.01874542236328125 123.03125 122.74375152587890625 120.8625030517578125 117.61875152587890625 110.21875 105.36875152587890625 101.94374847412109375 98.75 98.15000152587890625 99.33750152587890625 101.94374847412109375 99.66249847412109375 89.47499847412109375 75.43125152587890625 64.7687530517578125 54.674999237060546875 46.375 39.393749237060546875 33.924999237060546875 29.837499618530273438 26.450000762939453125
120.88124847412109375 123.90625 126.35625457763671875 130.6750030517578125 135.931243896484375 143.056243896484375 150.712493896484375 158.40625 166.3874969482421875 170.1125030517578125 174.3000030517578125 174.0812530517578125 173.875 167.943756103515625 156.181243896484375 144.881256103515625 135.1374969482421875 130.087493896484375 126.3874969482421875 123.59999847412109375 121.3562469482421875 121.9812469482421875 122.16249847412109375 120.83750152587890625 121.21875 119.59999847412109375 116.31874847412109375 113.4499969482421875 109.1437530517578125 105.34375 103.47499847412109375 103.1374969482421875 101.77500152587890625 99.93125152587890625 94.40625 83.03125 72.4812469482421875 63.16249847412109375 54.625 48.081249237060546875 42.50624847412109375 37.25 32.91249847412109375 29.21875
114.6750030517578125 115.787506103515625 119.40625 123.3937530517578125 128.0625 136.806243896484375 145.28125 153.087493896484375 161.0749969482421875 166.25 170.537506103515625 174.8000030517578125 179.3937530517578125 173.756256103515625 160.756256103515625 148.899993896484375 139.6750030517578125 134.5625 130.868743896484375 127.00624847412109375 124.55625152587890625 123.2624969482421875 123.83750152587890625 122.4375 121.28749847412109375 118.19374847412109375 114.8125 112.03749847412109375 110.59999847412109375 107.90000152587890625 105.71250152587890625 105.13124847412109375 101.875 98.0625 92.18125152587890625 80.78125 72.03749847412109375 64.94374847412109375 57.41249847412109375 51.96250152587890625 46.46250152587890625 41.27500152587890625 36.987499237060546875 33.13124847412109375
110.1750030517578125 110.0749969482421875 113.0437469482421875 116.9812469482421875 125.21875 133.100006103515625 140.756256103515625 148.53125 155.7687530517578125 162.1875 167.649993896484375 170.412506103515625 172.881256103515625 170.162506103515625 160.962493896484375 150.725006103515625 142.912506103515625 137.2937469482421875 133.1875 130.287506103515625 127.97499847412109375 125.75624847412109375 126.78125 125.1437530517578125 121.19374847412109375 119.2687530517578125 115.8125 113.33750152587890625 111.7312469482421875 109.84999847412109375 107.31874847412109375 105.6125030517578125 103.0812530517578125 98.625 92.0500030517578125 82.40625 75.63124847412109375 69.28125 62.012500762939453125 56.25 50.72499847412109375 45.893749237060546875 41.46875 38.200000762939453125
108.19374847412109375 108.94374847412109375 110.55625152587890625 115.69374847412109375 121.81874847412109375 128.943756103515625 136.78125 144.0187530517578125 150.712493896484375 157.556243896484375 161.537506103515625 164.4499969482421875 166.0124969482421875 163.9375 157.931243896484375 150.662506103515625 143.7312469482421875 139.4812469482421875 135.475006103515625 132.412506103515625 130.0625 127.53749847412109375 128.4812469482421875 126.8000030517578125 123.03749847412109375 119.4562530517578125 117.6125030517578125 116.31874847412109375 113.88124847412109375 111.9562530517578125 109.3625030517578125 107.90000152587890625 103.50624847412109375 98.9187469482421875 93.875 87.46250152587890625 80.5437469482421875 74.5187530517578125 68.2375030517578125 61.83750152587890625 56.5 51.112499237060546875 46.33750152587890625 43.112499237060546875
109.02500152587890625 108.3000030517578125 110.4375 115.05625152587890625 119.66249847412109375 126.3312530517578125 132.8000030517578125 138.568756103515625 143.475006103515625 149.868743896484375 155.381256103515625 158.493743896484375 159.3562469482421875 158.6687469482421875 154.5124969482421875 149 144.7687530517578125 140.037506103515625 136.600006103515625 133.6875 131.9250030517578125 129.46875 129.412506103515625 129.6875 125.40625 122.1999969482421875 120.22499847412109375 117.5187530517578125 115.13124847412109375 112.84999847412109375 110.19374847412109375 107.5124969482421875 105.22499847412109375 101.40625 96.33750152587890625 91.1875 85.6999969482421875 79.7624969482421875 73.53125 67.3937530517578125 61.362499237060546875 56.28749847412109375 51.799999237060546875 47.700000762939453125
109.875 109.0437469482421875 111.41249847412109375 114.06874847412109375 118.34375 123.4812469482421875 129.2375030517578125 134.3249969482421875 138.28125 144.431243896484375 149.256256103515625 152.056243896484375 153.431243896484375 154.649993896484375 151.193756103515625 147.149993896484375 143.53125 139.774993896484375 136.7687530517578125 135.1875 133.2375030517578125 131.443756103515625 131.2624969482421875 130.6687469482421875 128.3125 124.68125152587890625 122.00624847412109375 119.18125152587890625 116.53125 114.7624969482421875 111.1062469482421875 108.4812469482421875 107.0812530517578125 103.6750030517578125 99.84999847412109375 95.0500030517578125 91.28125 86.46250152587890625 80.1437530517578125 73.7062530517578125 67.58750152587890625 62.61875152587890625 56.84999847412109375 53.112499237060546875
111.2937469482421875 109.91249847412109375 110.83750152587890625 112.56874847412109375 115.53125 119.47499847412109375 124.05625152587890625 129.0500030517578125 133.40625 138.412506103515625 142.693756103515625 145.100006103515625 148.4187469482421875 149.193756103515625 146.65625 145.931243896484375 145.212493896484375 139.0124969482421875 136.100006103515625 135.1062469482421875 134.1875 133.4187469482421875 133.71875 133.193756103515625 129.587493896484375 126.9187469482421875 123.9875030517578125 121.66249847412109375 119.9375 116.38124847412109375 112.0500030517578125 109.1374969482421875 107.375 105.44374847412109375 103.94374847412109375 99.46875 96.9375 93.50624847412109375 87.6875 80.9375 72.80625152587890625 66.63124847412109375 62.049999237060546875 58.893749237060546875
114.0187530517578125 111.8125 110.44374847412109375 110.6687469482421875 112.0625 115.75 119.9812469482421875 124.3249969482421875 128.2312469482421875 132.25 135.96875 139.725006103515625 142.881256103515625 144.59375 144.5625 143.193756103515625 141.556243896484375 138.21875 134.65625 133.681243896484375 133.943756103515625 134.6875 134.2624969482421875 132.75 131.006256103515625 129.649993896484375 125.99375152587890625 122.5500030517578125 119.30625152587890625 116.7375030517578125 114.13124847412109375 111.6999969482421875 109.52500152587890625 107.7624969482421875 106.8562469482421875 103.6875 101.93125152587890625 100.375 93.3000030517578125 88.40000152587890625 81.71875 75.00624847412109375 69.30625152587890625 66.03749847412109375
114.7937469482421875 112.06874847412109375 110.86875152587890625 108.9375 109.50624847412109375 113.05625152587890625 115.78749847412109375 119.31874847412109375 123.31874847412109375 127.43125152587890625 130.8249969482421875 134.25 139.943756103515625 141.631256103515625 141.306243896484375 140.306243896484375 140.6750030517578125 138.087493896484375 134.8125 134.912506103515625 135.2375030517578125 136.8625030517578125 137.25 135.006256103515625 132.5437469482421875 131.256256103515625 127.30625152587890625 123.31874847412109375 119.8874969482421875 116.125 114.8562469482421875 113.34375 111.11875152587890625 111.1875 110.55625152587890625 106.83750152587890625 105.77500152587890625 105.5500030517578125 101.0124969482421875 96.3625030517578125 89.88124847412109375 82.90000152587890625 76.96250152587890625 73.06874847412109375
116.28125 111.61875152587890625 109.13124847412109375 107.3312530517578125 107.9875030517578125 109.97499847412109375 112.5 115.53749847412109375 119.5812530517578125 122.99375152587890625 126.66249847412109375 130.006256103515625 133.431243896484375 137.34375 139.149993896484375 141.0749969482421875 140.9187469482421875 139.09375 137.9375 139.2624969482421875 140.212493896484375 139.243743896484375 139.850006103515625 136.662506103515625 135.9812469482421875 132.21875 127.2375030517578125 124.3625030517578125 120.6687469482421875 117.5124969482421875 116.3625030517578125 114.0187530517578125 112.6750030517578125 112.59999847412109375 111.8874969482421875 108.8625030517578125 108.0437469482421875 107.16249847412109375 103.9499969482421875 100.56874847412109375 96.1062469482421875 89.74375152587890625 84.5500030517578125 80.3000030517578125
114.7937469482421875 111.1437530517578125 108.1125030517578125 106.46875 106.5 108.03749847412109375 110.2937469482421875 111.84999847412109375 115.18125152587890625 117.8249969482421875 124.25624847412109375 126.5 130.5687408447265625 136.943756103515625 139.1750030517578125 142.3625030517578125 143.71875 144.4812469482421875 143.96875 145.2624969482421875 144.6999969482421875 143.306243896484375 141.287506103515625 138.1750030517578125 136.5749969482421875 132.149993896484375 127.25 123.8125 120.27500152587890625 119.1374969482421875 117.38124847412109375 115.71875 113.61875152587890625 113.2687530517578125 113.15000152587890625 110.375 108.8000030517578125 106.5812530517578125 104.6437530517578125 103.6374969482421875 100.83750152587890625 95.91249847412109375 91.9250030517578125 87.9250030517578125
112.0437469482421875 109.6437530517578125 107.74375152587890625 106.08750152587890625 105.2312469482421875 106.06874847412109375 107.8000030517578125 108.8125 111 114.4499969482421875 118.6999969482421875 124.375 128.774993896484375 132.993743896484375 137.725006103515625 141.806243896484375 146.46875 148.6125030517578125 149.96875 151.337493896484375 149.9625091552734375 146.8312530517578125 143.5749969482421875 138.8625030517578125 135.2375030517578125 130.75 125.96875 122.49375152587890625 118.71875 117.93125152587890625 117.4812469482421875 116.6062469482421875 114.7624969482421875 113.61875152587890625 113.30625152587890625 112.55625152587890625 109.59375 107.09375 106.5437469482421875 105.6062469482421875 103.9499969482421875 101.84999847412109375 99.75 96.7312469482421875
110.16249847412109375 108.2375030517578125 106.81874847412109375 105.9562530517578125 105.15625 104.72499847412109375 105.9187469482421875 106.3874969482421875 107.38124847412109375 110.63124847412109375 115.71875 122.5124969482421875 127.46875 132.3249969482421875 137.6687469482421875 143.368743896484375 148.556243896484375 150.78125 155.149993896484375 156.4187469482421875 155.0812530517578125 150.850006103515625 144.9250030517578125 138.8000030517578125 132.962493896484375 129.40625 125.40000152587890625 121.1125030517578125 117.4187469482421875 116.6062469482421875 116.58750152587890625 115.65625 114.25 113.2937469482421875 112.16249847412109375 110.2937469482421875 108.70000457763671875 108.3125 107.78749847412109375 108.29999542236328125 106.25 104.36875152587890625 104.41249847412109375 102.05625152587890625
107.78749847412109375 105.7937469482421875 105.09375 104.5187530517578125 103.8625030517578125 103.94374847412109375 103.8312530517578125 105.0749969482421875 106.3249969482421875 108.6125030517578125 113.7062530517578125 119.8312530517578125 126.28125 132.21875 137.662506103515625 143.90625 149.0437469482421875 152.899993896484375 157.443756103515625 160.875 157.1125030517578125 151.84375 143.96875 136.5812530517578125 131.149993896484375 126.93125152587890625 122.52500152587890625 118.97499847412109375 115.88124847412109375 114.84999847412109375 115.0749969482421875 114.75624847412109375 112.6687469482421875 111.7687530517578125 110.5812530517578125 108.4375 108.96875 108.27500152587890625 108.02500152587890625 108.1999969482421875 108 106.28125 105.27500152587890625 104.11875152587890625
105.375 103.9812469482421875 103.1687469482421875 102.3000030517578125 102.72499847412109375 102.8874969482421875 103.3562469482421875 104.15000152587890625 105.68125152587890625 106.69374847412109375 112.44374847412109375 121.94374847412109375 128.162506103515625 133.318756103515625 139.0812530517578125 144.1687469482421875 149.7375030517578125 152.2062530517578125 155.368743896484375 157.8125 155.4562530517578125 147.8625030517578125 140.287506103515625 132.524993896484375 127.18125152587890625 123.46250152587890625 118.99375152587890625 115.43125152587890625 112.8937530517578125 112.5625 112.625 112.75 111.58750152587890625 110.71875 109.65000152587890625 108.8000030517578125 108.97499847412109375 109.31874847412109375 108.4375 107.9375 107.625 105.9812469482421875 106.03749847412109375 105.90000152587890625
102.78749847412109375 102.25 101.7937469482421875 100.78125 101.50624847412109375 102.4562530517578125 103.4187469482421875 104.86875152587890625 106.99375152587890625 107.94374847412109375 119.75624847412109375 127.943756103515625 131.6875 135.0625 139.875 144.9250030517578125 147.618743896484375 149.681243896484375 150.2312469482421875 150.0812530517578125 148.256256103515625 141.5124969482421875 134.8937530517578125 127.57500457763671875 122.13124847412109375 118.1687469482421875 115.22499847412109375 112.63124847412109375 110.5812530517578125 110.6062469482421875 109.18125152587890625 109.18125152587890625 108.625 109.36875152587890625 109.09375 106.9812469482421875 107.4250030517578125 107.8562469482421875 108.93125152587890625 109.09999847412109375 107.28749847412109375 107.90000152587890625 106.1999969482421875 105.5187530517578125
