data/historical-monthly-weather-data/wc2.1_cruts4.09_10m_prec_2006-04.asc
ncols        45
nrows        45
xllcorner    -63.500000000000
yllcorner    -7.500000000000
cellsize     0.166666666667
NODATA_value -9999
[rows 20 to 39 of 45, columns 0 to 44 of 45]
266.399993896484375 272.89373779296875 278.662506103515625 283.63751220703125 287.14373779296875 296.337493896484375 304.850006103515625 308.33123779296875 309.01873779296875 305.600006103515625 299.287506103515625 290.39373779296875 281.8125 275.01873779296875 264.774993896484375 256.412506103515625 250.3125 248.90625 250.181243896484375 251.0812530517578125 257.42498779296875 262.056243896484375 264.862518310546875 269.868743896484375 278.51251220703125 286.66876220703125 293.087493896484375 298.850006103515625 302.20001220703125 303.88751220703125 300.76251220703125 297.806243896484375 287.88751220703125 275.28125 265.625 287.306243896484375 318.95623779296875 346.212493896484375 366.09375 379.20623779296875 386.287506103515625 390.193756103515625 386.850006103515625 385.9375 382.16876220703125
263.83123779296875 267.818756103515625 274.91876220703125 285.26251220703125 292.58123779296875 300.350006103515625 309.5 315.993743896484375 316.943756103515625 310.41876220703125 298.90625 284 272.42498779296875 265.306243896484375 260.506256103515625 254.431243896484375 251.7624969482421875 249.1374969482421875 249.0500030517578125 248.4749908447265625 249.225006103515625 252.462493896484375 257.818756103515625 264.412506103515625 274.274993896484375 288.25 307.850006103515625 313.46875 315.743743896484375 316.493743896484375 311.912506103515625 306.03125 298.662506103515625 292.38751220703125 292.068756103515625 305.79376220703125 330.82501220703125 354.54376220703125 369.73748779296875 379.443756103515625 385.774993896484375 387.42498779296875 384.024993896484375 381.649993896484375 377.337493896484375
262.51251220703125 272.162506103515625 280.931243896484375 290.975006103515625 298.98748779296875 307.087493896484375 313.712493896484375 322.537506103515625 329.26873779296875 316.48126220703125 297.712493896484375 277.662506103515625 263.193756103515625 257.60626220703125 256.318756103515625 254.756256103515625 251.631256103515625 247.537506103515625 244.875 241.9250030517578125 242.4250030517578125 243.9812469482421875 245.850006103515625 253.681243896484375 267.51873779296875 284.975006103515625 307.037506103515625 317.09375 321.78125 321.61248779296875 319.818756103515625 317.125 317.3125 317.28125 321.899993896484375 331.09375 348.381256103515625 366.756256103515625 377.431243896484375 381.58123779296875 384.48748779296875 382.912506103515625 379.181243896484375 375.975006103515625 372.431243896484375
264.868743896484375 275.51251220703125 286.493743896484375 294.51251220703125 301.73126220703125 309.4375 318.28125 324.649993896484375 328.16876220703125 313.85626220703125 293.962493896484375 275.9375 256.5 254.131256103515625 254.4250030517578125 252.587493896484375 248.6875 245.6687469482421875 240.943756103515625 237.443756103515625 235.75 233.868743896484375 234.149993896484375 243.5625 256.86248779296875 269.98748779296875 288.6875 306.662506103515625 318.16876220703125 325.493743896484375 329.89373779296875 334.95623779296875 339.506256103515625 341.5 347.431243896484375 355.60626220703125 369.14373779296875 379.75 383.89373779296875 383.181243896484375 383.35626220703125 379.131256103515625 374.10626220703125 369.13751220703125 368.068756103515625
270.83123779296875 282.306243896484375 291.768768310546875 300.712493896484375 308.806243896484375 314.29998779296875 319.57501220703125 323.118743896484375 320.38751220703125 311.306243896484375 294.600006103515625 277.07501220703125 265.54998779296875 257.76251220703125 254.5437469482421875 251.5625 249.131256103515625 244.90625 239.337493896484375 232.975006103515625 228.837493896484375 224.993743896484375 223.9812469482421875 231.100006103515625 242.3312530517578125 259.649993896484375 280.1875 299.35626220703125 316.712493896484375 332.84375 344.5625 355.76873779296875 363.475006103515625 366.15625 369.15625 372.225006103515625 380.79376220703125 384.725006103515625 386.125 385.51251220703125 383.10626220703125 376.48748779296875 371.64373779296875 364.431243896484375 356.462493896484375
285.51873779296875 295.462493896484375 298.875 306.006256103515625 311.23126220703125 315.25 318.45623779296875 319.118743896484375 312.48126220703125 302.774993896484375 292.162506103515625 281.600006103515625 271.79376220703125 265.125 258.67498779296875 255.7937469482421875 251.8312530517578125 246.212493896484375 238.375 229.0812530517578125 224.90625 218.243743896484375 213.693756103515625 216.0500030517578125 230.243743896484375 250.46875 275.82501220703125 296.850006103515625 319.61248779296875 337.98126220703125 357.70623779296875 376.35626220703125 387.15625 386.23748779296875 383.725006103515625 384.318756103515625 388.10626220703125 389.712493896484375 388.16876220703125 386.131256103515625 383.431243896484375 374.556243896484375 366.600006103515625 356.90625 351.54376220703125
297.149993896484375 302.506256103515625 306.318756103515625 310.13751220703125 311.67498779296875 315.10626220703125 315.35626220703125 312.54376220703125 306.04998779296875 301.725006103515625 295.32501220703125 285.88751220703125 277.85626220703125 271.693756103515625 265.45001220703125 260.975006103515625 255.84375 248.162506103515625 240.7062530517578125 232.0812530517578125 224.100006103515625 215.2937469482421875 207.131256103515625 208.399993896484375 225.125 244.3625030517578125 270.693756103515625 293.61248779296875 318.60626220703125 339.662506103515625 363.78125 387.162506103515625 402.449981689453125 399.03125 394.14373779296875 392.1875 393.57501220703125 393.712493896484375 389.73748779296875 386.881256103515625 381.71875 374.287506103515625 365.600006103515625 357.806243896484375 359.1875
310.875 312.40625 313.274993896484375 313.89373779296875 314.556243896484375 314.375 313.975006103515625 308.600006103515625 304.5 301.20623779296875 294.01251220703125 288.0250244140625 281.51251220703125 277.212493896484375 271.431243896484375 265.01873779296875 260.087493896484375 254.631256103515625 245.287506103515625 237.256256103515625 229.2062530517578125 218.881256103515625 214.28125 216.2062530517578125 228.350006103515625 245.8312530517578125 268.5 291.962493896484375 315.95001220703125 338.037506103515625 359.912506103515625 381.068756103515625 394.71875 396.35626220703125 396.631256103515625 394.48126220703125 396.61248779296875 397.068756103515625 393.131256103515625 388.96875 384.243743896484375 377.1875 369.09375 364.243743896484375 375.412506103515625
321.818756103515625 321.59375 318.98748779296875 317.756256103515625 315.35626220703125 311.375 308.5625 306.39373779296875 305.006256103515625 300.51251220703125 296.118743896484375 291.0625 285.03125 281.493743896484375 277.95001220703125 274.4375 269.91876220703125 261.16876220703125 253.5 244.4499969482421875 236.4250030517578125 226.25 221.743743896484375 225.6999969482421875 234.90625 249.8125 270.6875 292.056243896484375 314.17498779296875 334.20623779296875 351.36248779296875 368.67498779296875 378.962493896484375 386.693756103515625 391.48748779296875 392.95001220703125 397.08123779296875 399.42498779296875 396.63751220703125 390.681243896484375 382.5625 376.26251220703125 371.23748779296875 378.024993896484375 390.587493896484375
329.868743896484375 327.6875 323.4375 317.04376220703125 313.83123779296875 310.412506103515625 307.35626220703125 305.38751220703125 302.962493896484375 298.899993896484375 296.33123779296875 292.40625 290.51873779296875 288.193756103515625 284.90625 280.92498779296875 276.681243896484375 271.54998779296875 262.88751220703125 251.9875030517578125 241.837493896484375 234.28125 230.837493896484375 233.225006103515625 239.850006103515625 252.15625 271.350006103515625 289.243743896484375 308.993743896484375 326.03125 341.181243896484375 354.181243896484375 365.15625 376.131256103515625 384.85626220703125 388.98126220703125 396.03125 400.64373779296875 397.11248779296875 395.506256103515625 392.600006103515625 389.212493896484375 384.96875 392.26251220703125 397.48126220703125
334.57501220703125 330.01251220703125 324.07501220703125 317.92498779296875 314.48126220703125 309.54376220703125 306.59375 302.23126220703125 299.756256103515625 297.86248779296875 296.399993896484375 294.556243896484375 295.54998779296875 292.524993896484375 290.693756103515625 287.78125 285.71875 281.03125 273.70001220703125 263.63751220703125 252.625 243.0625 237.662506103515625 237.618743896484375 241.5500030517578125 255.2062530517578125 269.712493896484375 286.631256103515625 303.48748779296875 316.6875 330.45623779296875 342.412506103515625 355.399993896484375 367.39373779296875 376.787506103515625 383.899993896484375 389.568756103515625 396.26873779296875 398.75 399.443756103515625 399.09375 396.42498779296875 395.79376220703125 398.34375 404.35626220703125
336.162506103515625 330.20001220703125 323.92498779296875 319.868743896484375 315.16876220703125 307.5625 303.693756103515625 298.23126220703125 295.76251220703125 293.868743896484375 294.037506103515625 296.556243896484375 296.73126220703125 296.256256103515625 294.850006103515625 293.36248779296875 289.32501220703125 285.58123779296875 278.350006103515625 272.04998779296875 261.431243896484375 251.2937469482421875 243.4875030517578125 243.15625 248.774993896484375 257.693756103515625 268.9375 284.100006103515625 297.25 309.83123779296875 322.95623779296875 334.20623779296875 344.88751220703125 357.1875 368.068756103515625 376 384.45001220703125 389.95623779296875 393.381256103515625 395.537506103515625 402.118743896484375 402.79376220703125 402.58123779296875 405.59375 411.63751220703125
335.42498779296875 327.48126220703125 322.087493896484375 317.181243896484375 313.82501220703125 306.125 299.33123779296875 294.88751220703125 291.350006103515625 290.881256103515625 294.79376220703125 296.20001220703125 299.3125 301.21875 299.693756103515625 297.20623779296875 294.712493896484375 291.57501220703125 283.618743896484375 276.33123779296875 268.23126220703125 258.60626220703125 250.21875 249.7375030517578125 254.5124969482421875 258.85626220703125 269.11248779296875 280.09375 291.40625 303.868743896484375 314.4375 323.60626220703125 333.681243896484375 346.274993896484375 357.8125 367.84375 376.23748779296875 383.5 385.04998779296875 394.85626220703125 400.08123779296875 401.3125 404.056243896484375 409.568756103515625 416.59375
332.28125 325.899993896484375 321.256256103515625 315.98126220703125 311.125 305.3125 298.662506103515625 291.84375 287.45001220703125 286.568756103515625 288.662506103515625 294.712493896484375 300.412506103515625 301.212493896484375 301.20001220703125 298.443756103515625 296.912506103515625 293.818756103515625 287.26873779296875 280.33123779296875 272.600006103515625 264.087493896484375 256.493743896484375 253.056243896484375 257.125 259.73748779296875 266.4375 275.03125 284.78125 294.399993896484375 303.98126220703125 314.13751220703125 324.149993896484375 336.01251220703125 347.912506103515625 357.337493896484375 366.79376220703125 370.993743896484375 379.26873779296875 388.100006103515625 392.399993896484375 396.76251220703125 402.131256103515625 409.524993896484375 418.34375
326.643768310546875 322.86248779296875 319.9375 313.256256103515625 307.625 300.75 293.35626220703125 287.34375 280.649993896484375 277.48126220703125 282.4375 292.51873779296875 302.17498779296875 307.443756103515625 306.09375 303.337493896484375 299.54998779296875 293.962493896484375 290.0625 281.868743896484375 276.35626220703125 267.024993896484375 260.04998779296875 254.75 256.256256103515625 259.5625 264.837493896484375 270.04998779296875 278.10626220703125 288.04376220703125 296.04376220703125 305.774993896484375 314.10626220703125 326.21875 336.58123779296875 344.76873779296875 351.5625 364.337493896484375 372.34375 379.07501220703125 383.149993896484375 388.96875 396.16876220703125 403.462493896484375 408.73748779296875
321.51873779296875 319.98126220703125 316.368743896484375 310.26873779296875 303.76251220703125 295.350006103515625 288.32501220703125 280.75 271.39373779296875 266.73126220703125 270.6875 284.350006103515625 299.256256103515625 306.118743896484375 305.462493896484375 302.774993896484375 299.412506103515625 294.79998779296875 290.88751220703125 285.993743896484375 279.0625 271.42498779296875 261.34375 257 256.006256103515625 257.868743896484375 262.537506103515625 267.5 273.881256103515625 281.625 289.100006103515625 296.59375 304.29376220703125 316.13751220703125 324.212493896484375 328.57501220703125 340.568756103515625 352.399993896484375 358.3125 365.368743896484375 372.13751220703125 377.037506103515625 382.39373779296875 389.681243896484375 392.09375
316.95623779296875 317.287506103515625 312.89373779296875 307.643768310546875 300.8125 292.60626220703125 285.66876220703125 275.087493896484375 262.23748779296875 253.493743896484375 260.787506103515625 281.712493896484375 294.59375 299.318756103515625 301.51251220703125 299.931243896484375 294.89373779296875 291.774993896484375 289.29998779296875 283.1875 277.51251220703125 269.84375 260.587493896484375 256.70001220703125 254.212493896484375 255 259.712493896484375 264.375 268.931243896484375 275.01873779296875 282.818756103515625 290.51873779296875 297.65625 305.850006103515625 312.26251220703125 318.82501220703125 329.73126220703125 341.54998779296875 349.41876220703125 352.837493896484375 359.125 363.08123779296875 369.45623779296875 375.143768310546875 378.36248779296875
316.82501220703125 315.09375 309.618743896484375 305.29376220703125 298.76251220703125 291.5 283.34375 271.90625 260.712493896484375 249.9499969482421875 264.09375 284.287506103515625 292.82501220703125 295.95623779296875 297.0250244140625 295.787506103515625 289.975006103515625 288.162506103515625 283.32501220703125 276.79376220703125 271.631256103515625 264.212493896484375 258.037506103515625 254.1125030517578125 251.118743896484375 252.6875 254.3874969482421875 259.831268310546875 264.45623779296875 270.6875 275.725006103515625 282.962493896484375 291.175018310546875 297.41876220703125 300.59375 310.63751220703125 320.34375 328.75 338.337493896484375 342.58123779296875 345.78125 350.181243896484375 352.962493896484375 356.14373779296875 360.29998779296875
321.15625 315.48748779296875 309.818756103515625 305.71875 300.53125 291.274993896484375 283.51873779296875 274.993743896484375 270.381256103515625 273.13751220703125 287.01873779296875 293.037506103515625 292.35626220703125 293.53125 293.743743896484375 290.29998779296875 285.25 282.20001220703125 274.98126220703125 270.07501220703125 264.493743896484375 257.40625 252.1875 250.2687530517578125 248.568756103515625 247.7624969482421875 250.0187530517578125 254.5500030517578125 258.48126220703125 265.6875 271.39373779296875 275.29376220703125 282.33123779296875 289.54998779296875 297.98126220703125 304.03125 310.28125 318.837493896484375 324.331268310546875 325.725006103515625 329.34375 333.837493896484375 334.89373779296875 338.95001220703125 341.806243896484375
325.20001220703125 319.29376220703125 313.45001220703125 309.0625 303.53125 295.78125 286.26251220703125 282.493743896484375 280.962493896484375 283.100006103515625 288.46875 293.024993896484375 291.79376220703125 291.225006103515625 290.118743896484375 285.83123779296875 280.67498779296875 276.875 268.743743896484375 262.0625 255.725006103515625 251.681243896484375 244.662506103515625 242.587493896484375 243.8249969482421875 243.975006103515625 246.34375 250.4812469482421875 254.1750030517578125 260.39373779296875 263.78125 272.0625 280.95001220703125 287.462493896484375 295.08123779296875 299.693756103515625 303.83123779296875 310.181243896484375 312.818756103515625 311.100006103515625 312.600006103515625 316.149993896484375 315.45623779296875 318.15625 322.256256103515625
