data/historical-monthly-weather-data/wc2.1_cruts4.09_10m_tmax_2000-08.asc
ncols        51
nrows        45
xllcorner    -63.500000000000
yllcorner    -7.500000000000
cellsize     0.166666666667
NODATA_value -9999
31.3125 31.375 31.0625 31.25 31 31.8125 31.5625 31.0625 31 31 31 31.25 31.8125 31.4375 31.875 31.625 31.9375 31.5 31 31 31 31 31 31 31.1875 31.25 31.3125 31 31 31 31 31.875 31.9375 31.6875 31.625 31.8125 32 32 32 32 32 32 32 31.3125 31.9375 31.4375 31.0625 31 31 30.375 30.0625 
31.25 31 31 31 31 31.3125 31 31 31 31 31 31 31.0625 31 31.0625 31.1875 31.375 31 31 31 31 31 31 31 31.0625 31.8125 31.5 31 31 31 31.25 31.75 31.8125 31.125 31.4375 31.125 31.5625 32 32 32 32 32 32 31.6875 32 31.3125 31 31 30.9375 30.0625 30 
31 31 31 31 31 31 31 31 31 31 31 31 31 31 31.0625 31.1875 31.375 31 31 31 31 31 31 31 31 31.5 31.5 31 31 31.75 31.1875 31.75 32 31.6875 31.25 31.8125 31.9375 32 32 32 32 32 32 32 32 31.4375 31 31 31 30.1875 30.0625 
31 31 31 31 31.0625 31 31 31 31 31 31 31 31 31 31 31.0625 31.5625 31 31 31 31 31 31 31 31 31.1875 31.25 31.0625 31.6875 31.9375 31.875 31.5 32 32 32 32 32 32 32 32 32 32 32 32 31.9375 31.625 31 31 31 30.75 30.1875 
31.125 31 31 31 31 31 31 31 31 31 31 31 31 31 31 31 31.25 31.6875 31.3125 31.25 31 31 31 31 31 31.625 31.9375 31.6875 31.3125 31.9375 31.9375 31.9375 31.75 31.9375 32 32 32 32 32 32 32 32 32.0625 32.125 32 31.625 31.125 31 31 31 30.3125 
31 31 31 31 31 31 31 31 31 31 31 31 31 31 31 31 31 31.3125 31.0625 31.3125 31 31 31 31.125 31.3125 31.3125 31.625 31.9375 31.4375 31.625 32 32 31.875 31.1875 31.5 32 32 32 32.125 32 32 32 32 32 32 32 31.25 31 31 31 31 
31 31.1875 31 31 31 31 31 31 31 31 31 31 31 31.125 31 31 31 31.1875 31.3125 31.5 31.1875 31 31.5 31.625 31.5625 31.75 31.3125 31.75 31.75 31.875 31.9375 32 32 31.9375 31.625 31.5625 31.9375 32.0625 32.4375 32.5 32.625 32.4375 32.5625 32.4375 32.3125 32.25 31.8125 31.3125 31.625 31.5 31 
31 31.0625 31 31 31 31 31 31 31 31 31 31 31 31.125 31 31 31 31.0625 31.125 31.5 32 31.6875 31.6875 31.9375 31.0625 31.6875 31.875 32 31.9375 32 32 32 32 31.9375 32 32 32 32.25 32.875 33 33 33 33 33 32.9375 32.875 32.8125 32.375 31.875 31.9375 31.625 
31 31 31 31 31 31 31 31 31 31 31 31 31 31 31 31 31 31.375 31.875 31.6875 31.9375 32 32 31.875 31.25 31.4375 31.9375 32 31.75 31.875 31.9375 32 32 32 32 32 32 32 32.0625 32.75 33 33 33 32.875 32.875 33 33 32.9375 32.5 32.25 32 
31.5 31.3125 31 31 31 31 31 31 31 31 31 31 31 31 31 31 31.125 31.625 31.3125 31.5625 32 32 32 31.9375 32 31.875 31.6875 31.9375 32 32 32 32 32 32 32 32.125 32.0625 32 32 32.0625 32.0625 32.25 32.375 32.5625 32.875 33 32.9375 32.875 32.875 32.875 32.1875 
31.875 31.6875 31 31 31 31 31 31 31 31 31 31 31 31 31.25 31.1875 31.625 31.875 31.75 31.3125 31.1875 31.875 32 32 32 31.375 31.25 31.6875 32 32 32 32 32 32 32 32 32.375 32.625 32.875 32.5 32.5 32.3125 32.8125 32.875 32.8125 33 33 32.875 33 32.9375 32.5 
32 31.875 31.125 31 31 31 31 31 31 31 31 31 31.0625 31 31.3125 31.0625 31.5625 32 31.5625 31.3125 31.0625 31.125 31.375 31.8125 31.9375 31.75 32 32 32 32 32 32 32 32 32 32 32 32.3125 33 33 33 33 33 33 33 33 33 33 33 33 32.5 
32 32 31.375 31 31 31 31.125 31.25 31.25 31.3125 31.1875 31.25 31 31.375 31.4375 31.8125 31.625 31.6875 31.3125 31.125 31.5625 31.625 31.375 31.625 32 32 32 32 32 32 32 32.0625 32.0625 32 32 32.0625 32.5625 32.75 32.9375 33 33 33 33 33 33 33 33 33 33 32.6875 32 
32 32 31.5 31.5 31.125 31.375 31.9375 32 31.9375 32 31.9375 31.4375 31.4375 31.5 31.375 32 32 32 31.9375 31.8125 31.875 31.9375 32 32 32 32 32 32 32 32.0625 32.4375 32.375 32.4375 32.125 32 32.125 32.6875 33 32.8125 33 33 33 33 32.875 32.8125 32.75 33 33 33 32.8125 32.125 
32 32 32 32 32 32 32 32 32 32 32 31.875 32 31.9375 32 32 32 32 32 32 32 31.875 32 32 32 32 32 32 32 32 32.625 32.875 32.8125 32.75 32.5625 33 33 33 33 33 33 33 32.9375 32.9375 32.4375 32.25 32.25 32.375 32.4375 32.625 32 
32 32 32 32 32 32 32 32 32 32 32 32 32 32 32 32 32 32 32 32 32 32 32 32 32 32 32 32 32 32 32.0625 32.8125 33 33 33 33 33 33 33 33 33 33 33 32.125 32.25 32.3125 32.5625 32.625 32.4375 32.125 32 
32 32 32 32 32 32 32 32 32 32 32 32 32 32 32 32 32 32 32 32 32 32 32 32 32 32 32 32 32.1875 32.25 32.5625 33 33 33 33 33 33 33 33 33 33 32.875 32.5625 32.5 32.4375 32 32.5 32.1875 32 32.125 32.375 
32 32 32 32 32 32 32 32 32 32 32 32 32 32 32 32 32 32 32 32 32 32 32 32 32 32 32.375 32.125 32.25 32.9375 33 33 33 33 33 33 33 33 33 33 33 33 32.6875 32.9375 32.625 32.5625 32.4375 32 32 32.3125 32.4375 
32 32 32 32 32 32 32 32 32 32 32 32 32 32 32 32 32 32 32 32 32.1875 32.375 32 32 32 32.6875 32.6875 32.8125 32.9375 33 33 33 33 33 33 33 33 33 33 33 33 33 33 33 33 32.6875 32.25 32 32 32.5625 32.1875 
32 32 32 32 32 32 32 32 32 32 32 32 32 32 32 32 32 32 32 32 32 32 32 32.1875 32.4375 32.75 32.6875 32.875 33 33 33 33 33 33 33 33 33 33 33 33 33 33 33 33 33 33 32.375 32 32.0625 32.8125 32 
32 32 32 32 32 32 32 32 32 32 32 32 32 32 32 32 32 32 32 32 32 32 32 32.25 32.5625 33 33 33 33 33 33 33 33 33 33 33 33 33 33 33 33 33 33 33 32.9375 32.6875 32.0625 32 32.5625 32.625 32 
32 32 32 32 32 32 32 32 32 32 32 32 32 32 32 32 32 32 32 32 32 32 32.0625 32.375 32.75 33 33 33 33 33 33 33 33 33 33 33 33 33 33 33 33 33 33 33 32.6875 32.4375 32.125 32 32.75 32.4375 32 
32 32 32 32 32 32 32 32.0625 32.125 32.5 32.0625 32 32 32 32 32 32 32 32 32 32 32 32.0625 32.6875 32.625 32.9375 33 33 33 33 33 33 33 33 33 33 33 33 33 33 33 33 33 33 32.5 32.125 32 32.75 32.9375 32.4375 32 
32.1875 32 32 32 32 32.0625 32.5625 32.9375 32.75 32.625 32.5 32.5625 32 32 32 32 32 32 32 32 32 32.1875 32.8125 33 33 33 33 33 33 33 33 33 33 33 33 33 33 33 33 33 33 33 33 33 32.875 32.625 32.875 33 33 32.8125 32.0625 
32.9375 32.3125 32.3125 32 32.375 32.625 33 33 33 33 33 32.875 32.625 32.25 32.4375 32.6875 32.75 32.625 32.9375 32.8125 32.9375 33 33 33 33 33 33 33 33 33 33 33 33 33 33 33 33 33 33 33 33 33 33 33 33.1875 33.375 33 33 33 32.9375 32.4375 
33 33 32.9375 33 33 33 33 33 33 33 33 33 33 33 33 33 33 33 33 33 33 33 33 33 33 33 33 33 33 33 33 33 33 33 33 33 33 33 33 33 33 33 33 33.1875 34 33.3125 33 32.9375 32.9375 32.125 32 
33 33 33 33 33 33 33 33 33 33 33 33 33 33 33 33 33 33 33 33 33 33 33 33 33 33 33 33 33 33 33 33 33 33 33 33 33 33 33 33 33 33 33 33.625 33.3125 33 32.6875 32.25 32 32 32 
33 33 33 33 33 33 33 33 33 33 33 33 33 33 33 33 33 33 33 33 33 33 33 33 33 33 33 33 33 33 33 33 33 33 33 33 33 33 33 33 33 33 33.0625 33.1875 33 33.0625 32.8125 32.125 32 32.1875 32 
33 33 33 33 33 33 33 33 33 33 33 33 33 33 33 33 33 33 33 33 33 33 33 33 33 33 33 33 33 33 33 33 33 33 33 33 33 33 33 33 33.1875 33.1875 33.25 33 33 33 32.875 32.0625 32 32 32.5 
33 33 33 33 33 33 33 33 33 33 33 33 33 33 33 33 33 33 33 33 33 33 33 33 33 33 33 33 33 33 33 33 33 33 33 33 33 33 33 33.1875 33.0625 33.25 33.5625 33.125 33.375 32.9375 32.875 32.75 32.625 32.75 32.875 
33 33 33 33 33 33 33 33 33 33 33 33 33.375 33.125 33 33 33 33 33 33 33 33 33 33 33 33 33 33 33 33.0625 33.0625 33 33 33 33 33 33 33 33 33.375 33.6875 33.1875 33.625 33.5625 33.5625 33 33 33 33 33 33 
33 33 33 33 33 33 33 33 33 33 33 33 33.1875 33.625 33.3125 33 33 33 33 33 33 33 33.1875 33.25 33.4375 33 33 33 33.0625 33.0625 33 33 33 33 33 33 33.125 33 33.6875 33.8125 33.875 33.5 33.625 33.25 33.875 33.375 33 32.9375 33 33 33 
33 33 33 33 33 33 33 33 33 33.125 33.875 33.8125 34 34 34 33.625 33.125 33 33.125 33 33.1875 33.25 33.625 33.75 33.875 33.5 33 33.0625 33.5625 33 33 33 33 33 33 33 33.0625 33.4375 34 33.9375 33.6875 33.375 33.5 33.875 34 34 33.25 33 33 33 33 
33 33 33 33 33.0625 33.0625 33.125 33.4375 33.6875 33.875 34 34 34 34 34 34 33.875 33.875 33.8125 33.5 34 33.875 33.75 34 33.875 34 33.4375 33.375 33.9375 33.125 33.0625 33 33 33.1875 33.125 33.125 33.75 33.9375 34 33.875 34 33.6875 33.1875 33.6875 33.8125 33.75 33.375 33 33 33 33 
33 33 33 33 33.1875 33.6875 33.9375 34 34 34 34 34 34 34 34 34 34 34 34 33.9375 34 33.9375 33.9375 34 33.9375 34 34 33.8125 34 33.625 33.1875 33 33.25 33.4375 33.375 34 34 33.9375 34 34 34 34 33.875 33.8125 33.8125 33.25 33.6875 33 33 33 33 
33.375 33.25 33.125 33.375 33.9375 34 34 34 34 34 34 34 34 34 34 34 34 34 34 34 34 34 34 34 34 34 34 34 34 33.8125 33.375 33 33.5 33.375 33.875 34 34 34 34 34 34 34 34 34 33.5625 33.9375 34 33.125 33 33 33 
33.8125 33.4375 33.8125 34 34 34 34 34 34 34 34 34 34 34 34 34 34 34 34 34 34 34 34 34 34 34 34 34 34 34 33.875 33.4375 34 33.6875 34 34 34 34 34 34 34 34 34 33.9375 33.1875 33.5 33.75 33.0625 33.125 33.0625 33 
34 34 34 34 34 34 34 34 34 34 34 34 34 34 34 34 34 34 34 34 34 34 34 34 34 34 34 34 34 34 34 34 34 34 34 34 34 34 34 33.9375 34 34 34 34 33.9375 34 34 33.6875 33.25 33.625 33.5625 
34 34 34 34 34 34 34 34 34 34 34 34 34 34 34 34 34 34 34 34 34 34 34 34 34 34 34 34 34 34 34 34 34 34 34 34 34 34 34 34 34 34 34 34 34 34 34 34 34 34 34 
34 34 34 34 34 34 34 34 34 34 34 34 34 34 34 34 34 34 34 34 34 34 34 34 34 34 34 34 34 34 34 34 34 34 34 34 34.5 34.4375 34 34.0625 34 34 34 34 34 34 34 34.0625 34.0625 34 34 
34 34 34 34 34 34 34 34 34 34 34 34 34 34 34 34 34 34 34 34 34 34 34 34 34 34 34 34 34 34 34 34 34 34.375 34.375 34.375 34.8125 34.75 34 34.1875 34.3125 34.1875 34.125 34 34 34 34 34.25 34.5 34 34 
34 34 34 34 34 34 34 34 34 34 34 34 34 34 34 34 34 34 34 34 34 34 34 34 34 34 34 34 34 34 34 34 34 34.375 34.875 35 35 34.9375 34.25 34.625 34.5625 34.125 34.0625 34 34 34 34 34.375 35 34.625 34.3125 
34 34 34 34 34 34 34 34 34 34 34 34 34 34 34 34 34 34 34 34 34 34 34 34 34 34 34 34 34 34.1875 34 34.75 34.5625 34.4375 34.875 35 35 34.9375 34.75 35 34.6875 34.0625 34 34.0625 34 34 34.625 35 35 34.5625 34.875 
34 34 34 34 34 34 34 34 34 34 34 34 34 34 34 34 34 34 34 34 34 34.25 34 34 34 34 34 34 34.25 34 34.6875 34.9375 35 34.875 34.6875 35 34.9375 34.875 35 34.9375 34.875 34.375 34.375 34.875 34.1875 34.5625 34.75 34.5625 35 34.75 34.6875 
34 34 34 34 34 34 34 34 34 34 34 34 34 34 34 34 34 34.0625 34 34 34 34 34 34 34 34 34 34 34.3125 34 34.8125 35 35 35 35 35 34.6875 34.6875 34.9375 34.375 34.75 34.875 34.1875 34.9375 34.5625 34.5 34.875 34.75 35 34.875 34.625 
