data/historical-monthly-weather-data/wc2.1_cruts4.09_10m_prec_1960-11.asc
ncols        51
nrows        45
xllcorner    -63.500000000000
yllcorner    -7.500000000000
cellsize     0.166666666667
NODATA_value -9999
[rows 0 to 19 of 45, columns 0 to 43 of 51]
147.381256103515625 145.5812530517578125 141.71875 141.0437469482421875 140.131256103515625 140.837493896484375 140.6875 140.6687469482421875 141.899993896484375 142.5187530517578125 143.1999969482421875 142.71875 142.46875 139.962493896484375 138.3874969482421875 136.274993896484375 134.3562469482421875 130.4187469482421875 126.75 123.8625030517578125 121.0437469482421875 118.24375152587890625 115.96875 112.3249969482421875 109.25 106.7062530517578125 104.8125 103 100.88124847412109375 99.05625152587890625 97.6999969482421875 97 96.00624847412109375 95.6687469482421875 95.18125152587890625 96 97.25 98.1374969482421875 99.0437469482421875 100.1125030517578125 100.3000030517578125 100.96250152587890625 100.4499969482421875 99.84999847412109375
149.7312469482421875 147.149993896484375 145.4250030517578125 145.681243896484375 147.0625 148.1687469482421875 148.149993896484375 149.9812469482421875 151.8562469482421875 152.6374969482421875 153.368743896484375 152.0187530517578125 150.212493896484375 148.0187530517578125 145.100006103515625 143.287506103515625 140.1624908447265625 136.4812469482421875 132.524993896484375 129.4250030517578125 126.15625 122.96250152587890625 120.5437469482421875 117.5124969482421875 113.2375030517578125 109.90000152587890625 107.6437530517578125 104.94374847412109375 102.49375152587890625 100.4499969482421875 99.03125 98.30625152587890625 96.6062469482421875 96.90000152587890625 96.875 97.875 99.33750152587890625 100.53749847412109375 101.4250030517578125 102.59375 103.5 103.8125 103.7937469482421875 102.25624847412109375
150.3000030517578125 148.4562530517578125 147.850006103515625 148.625 151.431243896484375 153.4250030517578125 156.725006103515625 159.756256103515625 163.243743896484375 164.806243896484375 164.6687469482421875 162.287506103515625 159.8312530517578125 156.6125030517578125 152.8125 149.506256103515625 146.4250030517578125 143.0625 138.850006103515625 135.681243896484375 132.306243896484375 128.881256103515625 126.1062469482421875 122.7375030517578125 118.3249969482421875 114.09999847412109375 110.9812469482421875 107.88124847412109375 104.40625 101.7624969482421875 100.77500152587890625 99.6062469482421875 99.5625 99.66249847412109375 100.24375152587890625 101.08750152587890625 102.55625152587890625 104.9562530517578125 106.2937469482421875 107.9875030517578125 108.99375152587890625 108.7937469482421875 108.5500030517578125 107.41249847412109375
147.2375030517578125 145.506256103515625 148.006256103515625 149.9499969482421875 154.2624969482421875 157.943756103515625 162.4499969482421875 168.475006103515625 174.506256103515625 177.6999969482421875 176.8625030517578125 172.850006103515625 169.0437469482421875 164.756256103515625 160.337493896484375 156.475006103515625 153.256256103515625 149.40625 145.806243896484375 143.5124969482421875 140.09375 136.1374969482421875 132.0437469482421875 127.5437469482421875 122.71875 118.1374969482421875 114.30625152587890625 109.4250030517578125 105.75624847412109375 103.6125030517578125 102.1999969482421875 101.43125152587890625 100.8562469482421875 101.33750152587890625 102.15000152587890625 104.58750152587890625 107.0500030517578125 109.5 111.53125 113.40625 113.78749847412109375 114.28749847412109375 113.15625 111.6374969482421875
148.0625 144.53125 143.5187530517578125 148.0437469482421875 155.3562469482421875 161.0187530517578125 167.1875 175.6062469482421875 184.6687469482421875 190.693756103515625 187.4375 180.443756103515625 175.625 171.6875 167.037506103515625 163.34375 159.5187530517578125 156.506256103515625 153.087493896484375 149.7687530517578125 147.2687530517578125 142.9250030517578125 138.4875030517578125 133.9187469482421875 127.2062530517578125 121.65000152587890625 115.4375 110.9499969482421875 107.28749847412109375 104.15625 102.53749847412109375 101.78749847412109375 101.93125152587890625 103.1125030517578125 104.73125457763671875 107.65625 110.86875152587890625 114.25 117.2624969482421875 118.25 119.18125152587890625 118.66249847412109375 117.6999969482421875 116.1750030517578125
147.1062469482421875 144.53125 143.899993896484375 144.087493896484375 152.618743896484375 161.8000030517578125 169.7624969482421875 177.881256103515625 186.7062530517578125 194.0187530517578125 190.0124969482421875 183.225006103515625 179.3249969482421875 175.7375030517578125 171.1875 167.274993896484375 164.2937469482421875 161.96875 160.037506103515625 156.649993896484375 153.131256103515625 149.087493896484375 144.2312469482421875 137.7312469482421875 131.3625030517578125 124.5625 118.0500030517578125 112.46875 108.05625152587890625 104.6875 102.24375152587890625 102.5812530517578125 103.1374969482421875 105.34999847412109375 107.52500152587890625 111.65625 115.7937469482421875 120.2062530517578125 124.1999969482421875 125.787506103515625 124.3562469482421875 123.71875 122.43125152587890625 121.0500030517578125
147.556243896484375 147.0500030517578125 146.868743896484375 147.21875 152.5749969482421875 159.462493896484375 167.4375 174.8874969482421875 179.899993896484375 182.118743896484375 183.5625 181.212493896484375 179.90625 177.743743896484375 174.8937530517578125 172.193756103515625 169.625 167.756256103515625 165.3625030517578125 164.40625 160.3625030517578125 155.4875030517578125 150.118743896484375 142.524993896484375 135.1437530517578125 128.350006103515625 120.69374847412109375 113.8562469482421875 107.5187530517578125 104.1999969482421875 102.3625030517578125 102.0812530517578125 103.77500152587890625 106.9375 110.5625 114.8249969482421875 119.25624847412109375 124.77500152587890625 131.0437469482421875 132.0625 129.524993896484375 128.100006103515625 126.59999847412109375 124.7375030517578125
149.71875 149.4250030517578125 150.59375 153.649993896484375 158.8125 163.475006103515625 166.3937530517578125 167.3249969482421875 166.712493896484375 168.8874969482421875 175.225006103515625 177.818756103515625 179.0500030517578125 178.774993896484375 177.53125 176.537506103515625 174.649993896484375 173.1999969482421875 172.1062469482421875 170.8874969482421875 168.181243896484375 163.318756103515625 156.412506103515625 147.8937530517578125 140.431243896484375 131.0124969482421875 122.125 113.90000152587890625 107.3937530517578125 103.25624847412109375 101.1374969482421875 101.6125030517578125 104.1374969482421875 107.75624847412109375 112.1750030517578125 116.4250030517578125 121.75624847412109375 126.75 130.75 131.806243896484375 130.2687530517578125 128.9562530517578125 127.3125 125.0500030517578125
152.5749969482421875 153.7312469482421875 156.5124969482421875 160.100006103515625 164.5812530517578125 168.0500030517578125 169.75 168.8000030517578125 162.5749969482421875 160.875 169.024993896484375 173.8625030517578125 177.1374969482421875 178.306243896484375 179.0749969482421875 179.2687530517578125 178.837493896484375 179.0187530517578125 180.962493896484375 180.21875 175.087493896484375 169.975006103515625 161.9562530517578125 154.243743896484375 144.806243896484375 134.03125 123.61875152587890625 115.09999847412109375 107.96250152587890625 102.65000152587890625 100.96875 102.1999969482421875 104.30625152587890625 107.59375 111.65000152587890625 116.4875030517578125 121.53749847412109375 126.0625 129.0437469482421875 130.8312530517578125 129.9375 128.15625 127.0500030517578125 124.93125152587890625
156.1125030517578125 157.4562530517578125 160.8312530517578125 165.15625 170.181243896484375 174.2624969482421875 175.087493896484375 173.181243896484375 169.1750030517578125 168.4375 171.787506103515625 173.412506103515625 176.818756103515625 178.318756103515625 180.037506103515625 181.899993896484375 183.21875 185.7874908447265625 188.7062530517578125 190.693756103515625 185.4250030517578125 178.587493896484375 168.975006103515625 159.5437469482421875 147.975006103515625 136.837493896484375 126.625 116.74375152587890625 108.55625152587890625 102.3874969482421875 100.5625 101.6999969482421875 104.05625152587890625 107.6999969482421875 111.90000152587890625 116.74375152587890625 121.8937530517578125 125.5437469482421875 128.3125 130 130.0625 128.59375 126.47499847412109375 123.36875152587890625
160.162506103515625 162.1437530517578125 165.4562530517578125 169.9499969482421875 175.1062469482421875 180.993743896484375 182.7062530517578125 179.9375 176.2375030517578125 174.774993896484375 176.625 176.912506103515625 177.9499969482421875 178.875 180.756256103515625 183.21875 186.368743896484375 190.8937530517578125 195.9875030517578125 200.818756103515625 199.443756103515625 190.7062530517578125 177.9812469482421875 163.149993896484375 151.756256103515625 141.5 130.9499969482421875 120.80625152587890625 111.21250152587890625 104.65625 102.55625152587890625 103.09999847412109375 105.74375152587890625 109.1125030517578125 112.59375 116.53749847412109375 120.75 124.5187530517578125 128.2937469482421875 130.21875 130.1875 128.868743896484375 126.88124847412109375 123.8249969482421875
164.100006103515625 166.21875 169.618743896484375 175.056243896484375 180.431243896484375 186.3874969482421875 189.25 186.2687530517578125 182.350006103515625 180.2312469482421875 180.0749969482421875 180.0187530517578125 178.524993896484375 178.6437530517578125 180.84375 183.6999969482421875 187.774993896484375 193.0500030517578125 200.306243896484375 208.71875 210.475006103515625 202.037506103515625 187.131256103515625 169.537506103515625 155.625 144.3249969482421875 133.524993896484375 123.8000030517578125 115.75 109.4187469482421875 105.91249847412109375 104.86875152587890625 106.4375 109.00624847412109375 112.4875030517578125 116.27500152587890625 120.00624847412109375 124.0812530517578125 127.3874969482421875 129.7062530517578125 130.693756103515625 129.1437530517578125 127.03125 124.0625
167.774993896484375 170.537506103515625 174.162506103515625 178.556243896484375 183.006256103515625 188.0437469482421875 190.0187530517578125 188.662506103515625 185.3874969482421875 183.625 182.4812469482421875 182.28125 180.5749969482421875 177.087493896484375 178.3625030517578125 181.7375030517578125 186.5500030517578125 194.2312469482421875 202.8000030517578125 211.8937530517578125 216.15625 208.65625 192.912506103515625 176.0124969482421875 159.5625 146.368743896484375 137.274993896484375 127.90000152587890625 120.19374847412109375 114.0812530517578125 109.81874847412109375 107.38750457763671875 107.2937469482421875 108.78125 111.6750030517578125 115.24375152587890625 119.0187530517578125 122.90000152587890625 126.96875 128.649993896484375 130.6374969482421875 129.8000030517578125 126.0812530517578125 117.9187469482421875
171.0187530517578125 172.899993896484375 176.375 180.2687530517578125 184.4250030517578125 187.5500030517578125 189.399993896484375 189.5124969482421875 187.868743896484375 185.6062469482421875 183.787506103515625 181.1062469482421875 178.943756103515625 175.6875 173.75 177.100006103515625 182.8000030517578125 190.6437530517578125 199.318756103515625 207.4812469482421875 210.162506103515625 204.6875 193.162506103515625 178.125 163.6687469482421875 151.306243896484375 142.881256103515625 133.868743896484375 125.4875030517578125 118.65000152587890625 113.83750152587890625 110.19374847412109375 108.61875152587890625 108.71250152587890625 111.41249847412109375 115.27500152587890625 118.96875 124.15625 127.3312530517578125 130.3625030517578125 130.962493896484375 126.16249847412109375 120.66249847412109375 116.9187469482421875
172.0187530517578125 173.9375 177.5124969482421875 181.375 185.125 187.75 190.1125030517578125 190.7062530517578125 188.8249969482421875 186.287506103515625 183.725006103515625 180.493743896484375 176.975006103515625 172.90625 168.412506103515625 170.631256103515625 177 185.28125 194.1125030517578125 201.7937469482421875 203.475006103515625 199.8312530517578125 192.0124969482421875 180.881256103515625 170.125 159.7687530517578125 150.756256103515625 141.2687530517578125 132.3125 124 117.59375 112.43125152587890625 110.3937530517578125 109.7937469482421875 111.05625152587890625 114.5187530517578125 119.65000152587890625 126.36875152587890625 130.7312469482421875 131.6437530517578125 129.0749969482421875 125.8125 123.4812469482421875 121.16249847412109375
171.8125 173.78125 178.006256103515625 181.837493896484375 185.662506103515625 188.618743896484375 190.2375030517578125 190.931243896484375 190.068756103515625 188.524993896484375 185.131256103515625 181.1687469482421875 176.9499969482421875 171.118743896484375 165.318756103515625 163.1999969482421875 171.587493896484375 181.84375 190.412506103515625 197.537506103515625 199.962493896484375 198.0749969482421875 192.28125 183.9562530517578125 175.8937530517578125 168.787506103515625 160.850006103515625 150.8125 139.6437530517578125 129.2687530517578125 121.3312530517578125 115.2937469482421875 112.09999847412109375 111.46250152587890625 111.00624847412109375 115.80625152587890625 122.3937530517578125 126.3000030517578125 129.7687530517578125 130.5187530517578125 130.662506103515625 129.1062469482421875 126.6437530517578125 121.30625152587890625
171.162506103515625 174.131256103515625 177.9812469482421875 181.96875 186.368743896484375 189.212493896484375 191.6750030517578125 192.3937530517578125 191.90625 190.125 187.375 183.4499969482421875 178.4812469482421875 172.625 167.462493896484375 165.6999969482421875 169.3937530517578125 178.1687469482421875 187.71875 195.6062469482421875 198.40625 197.475006103515625 193.2624969482421875 186.149993896484375 180.6999969482421875 177.4875030517578125 172.368743896484375 160.125 145.6374969482421875 133.912506103515625 125.3249969482421875 120.09375 115.8249969482421875 113.97499847412109375 117.02500152587890625 124.0625 127.8249969482421875 132.5875091552734375 136.600006103515625 135.868743896484375 136.462493896484375 134.6687469482421875 128.9875030517578125 124.93125152587890625
169.193756103515625 172.568756103515625 177.4187469482421875 182.2687530517578125 186.65625 191.037506103515625 194.3312530517578125 195.53125 195.337493896484375 193.5625 190.8125 186.9562530517578125 180.975006103515625 176.1062469482421875 172.875 171.274993896484375 172.6875 175.7687530517578125 186.493743896484375 194.975006103515625 199.53125 197.9187469482421875 194.1437530517578125 189.5812530517578125 186.649993896484375 184.8625030517578125 183.631256103515625 168.618743896484375 150.4250030517578125 135.381256103515625 125.3625030517578125 119.71250152587890625 119.49375152587890625 122.96875 127.28749847412109375 128.7687530517578125 133.46875 138.1062469482421875 138.53125 141.21875 140.787506103515625 137.9812469482421875 133.4812469482421875 129.4812469482421875
166.556243896484375 171.125 176.506256103515625 182.1374969482421875 187.693756103515625 192.556243896484375 196.212493896484375 198.899993896484375 199.600006103515625 199.024993896484375 195.9875030517578125 191.59375 185.75 181.225006103515625 177.53125 176.2624969482421875 177.037506103515625 177.96875 184.65625 193.3937530517578125 200.8125 203.2312469482421875 194.931243896484375 191.975006103515625 190.649993896484375 189.0500030517578125 184.681243896484375 171.3874969482421875 154.4250030517578125 137.5 125.0124969482421875 122.43125152587890625 128 131.3562469482421875 133.375 137.193756103515625 140.318756103515625 143.1687469482421875 145.006256103515625 146.15625 145.462493896484375 144.587493896484375 139.306243896484375 134.725006103515625
163.5 168.943756103515625 174.7312469482421875 181.256256103515625 187.6687469482421875 193.6875 198.6437530517578125 202.25 204.243743896484375 204.9375 203.5437469482421875 199.71875 194.125 188.0124969482421875 184.1875 181.287506103515625 178.5812530517578125 181.78125 186.8312530517578125 193.993743896484375 198.256256103515625 197.78125 196.118743896484375 194.03125 191.881256103515625 187.631256103515625 180.7687530517578125 171.8249969482421875 156.9187469482421875 140.7375030517578125 130.337493896484375 131.28125 135.1500091552734375 139.8499908447265625 143.287506103515625 145.78125 148.7624969482421875 151.756256103515625 152.118743896484375 151.5749969482421875 150.475006103515625 149.03125 144.6125030517578125 140.912506103515625
