data/historical-monthly-weather-data/wc2.1_cruts4.09_10m_prec_1996-11.asc
ncols        51
nrows        45
xllcorner    -63.500000000000
yllcorner    -7.500000000000
cellsize     0.166666666667
NODATA_value -9999
[rows 0 to 18 of 45, columns 0 to 43 of 51]
217.631256103515625 214.274993896484375 206.3874969482421875 203.0124969482421875 199.056243896484375 195.4187469482421875 190.2687530517578125 185.25 180.9187469482421875 175.6812591552734375 170.537506103515625 164.412506103515625 158.649993896484375 150.7624969482421875 144.975006103515625 138.8937530517578125 133.337493896484375 127.13124847412109375 121.4499969482421875 116.6999969482421875 112.49375152587890625 108.4187469482421875 105.08750152587890625 101.71875 99.0625 97.15000152587890625 97.2375030517578125 97.6125030517578125 97.69374847412109375 97.8937530517578125 98.49375152587890625 99.7687530517578125 100.7062530517578125 102.31874847412109375 103.47499847412109375 104.0500030517578125 104.72499847412109375 104.8312530517578125 103.83750152587890625 102.81874847412109375 100.96875 99.8249969482421875 97.5812530517578125 95.38124847412109375
222.5187530517578125 218.4812469482421875 214.287506103515625 212.8000030517578125 212.556243896484375 209.3874969482421875 204.212493896484375 201.375 197.068756103515625 191.1062469482421875 185.1937408447265625 177.306243896484375 169.1437530517578125 160.96875 153.2312469482421875 146.9812469482421875 139.8312530517578125 133.8000030517578125 127.8625030517578125 122.93125152587890625 118.2937469482421875 113.9187469482421875 110.49375152587890625 107.6875 103.90625 101.2375030517578125 100.875 100.2937469482421875 99.8874969482421875 99.9562530517578125 100.6062469482421875 101.9250030517578125 102.03125 104.24375152587890625 105.8249969482421875 106.41249847412109375 107.09999847412109375 107.3125 106.0500030517578125 104.91249847412109375 103.52500152587890625 101.8625030517578125 99.94374847412109375 96.6999969482421875
219.3874969482421875 216.056243896484375 212.7375030517578125 211.181243896484375 212.21875 210.71875 210.693756103515625 209.943756103515625 208.037506103515625 203.318756103515625 196.6437530517578125 187.7062530517578125 179.0187530517578125 169.899993896484375 161.225006103515625 153.4187469482421875 146.2937469482421875 140.3249969482421875 133.8562469482421875 128.59375 123.7375030517578125 119.00624847412109375 115.1750030517578125 112.1125030517578125 108.2937469482421875 104.86875152587890625 103.7687530517578125 102.875 101.53749847412109375 100.9875030517578125 102.02500152587890625 102.8625030517578125 104.47499847412109375 106.2375030517578125 108.25 108.625 109.3125 110.78749847412109375 110.05625152587890625 109.47499847412109375 108.22499847412109375 105.9812469482421875 103.78125 100.8874969482421875
209.943756103515625 206.3249969482421875 206.412506103515625 205.4499969482421875 207.743743896484375 209.068756103515625 211.3937530517578125 215.256256103515625 217.0749969482421875 214.96875 208.0500030517578125 197.649993896484375 187.8562469482421875 177.9562530517578125 168.7624969482421875 160.493743896484375 153.2312469482421875 146.4812469482421875 140.256256103515625 135.5124969482421875 130.4375 125.03749847412109375 119.88124847412109375 115.8625030517578125 111.75 108.1062469482421875 106.44374847412109375 103.9375 102.46250152587890625 102.38124847412109375 102.9499969482421875 104.13124847412109375 104.93125152587890625 106.74375152587890625 108.7062530517578125 110.7937469482421875 112.5500030517578125 114.09999847412109375 114.1999969482421875 113.90000152587890625 112.1437530517578125 110.5749969482421875 107.46875 104.1999969482421875
205.6437530517578125 199.0062408447265625 193.53125 195.2937469482421875 200.8000030517578125 205.15625 210.256256103515625 217.75 223.912506103515625 225.818756103515625 216.756256103515625 203.5812530517578125 193.256256103515625 184.256256103515625 175.068756103515625 167.1374969482421875 159.375 153.1750030517578125 146.8125 140.78125 136.40625 130.537506103515625 124.96250152587890625 120.93125152587890625 115.2375030517578125 110.7687530517578125 106.99375152587890625 104.9187469482421875 103.52500152587890625 102.40625 102.74375152587890625 103.80625152587890625 105.0625 107.2687530517578125 109.77500152587890625 112.3312530517578125 114.8874969482421875 117.41875457763671875 118.6687469482421875 117.68125152587890625 116.59375 114.0124969482421875 111.0749969482421875 107.83750152587890625
197.0625 191.375 186.5437469482421875 182.743743896484375 189.681243896484375 198.1875 205.2312469482421875 212.0749969482421875 218.2937469482421875 222.2624969482421875 213.25 201.306243896484375 192.899993896484375 185.0500030517578125 176.6062469482421875 169.006256103515625 162.5500030517578125 156.993743896484375 151.943756103515625 145.818756103515625 140.556243896484375 134.993743896484375 129.0812530517578125 123.3937530517578125 118.0437469482421875 112.5124969482421875 108.5437469482421875 105.53125 103.44374847412109375 102.02500152587890625 101.4250030517578125 103.4562530517578125 104.80625152587890625 107.6999969482421875 110.46250152587890625 114.1999969482421875 117.72499847412109375 121.36875152587890625 123.84999847412109375 123.75624847412109375 120.68125152587890625 118.19374847412109375 115.09999847412109375 112.15625
189.868743896484375 186.5124969482421875 182.475006103515625 179.068756103515625 181.9875030517578125 187.375 194.056243896484375 199.8874969482421875 202.181243896484375 201.181243896484375 199.337493896484375 193.3625030517578125 188.6687469482421875 183.21875 177.212493896484375 171.4875030517578125 165.943756103515625 160.850006103515625 155.3312530517578125 151.4250030517578125 145.7375030517578125 139.5124969482421875 133.243743896484375 126.63124847412109375 120.41249847412109375 114.95000457763671875 110.03749847412109375 105.92499542236328125 102.06874847412109375 100.6125030517578125 100.46250152587890625 101.71250152587890625 103.8937530517578125 107.40000152587890625 111.2687530517578125 115.09375 118.9187469482421875 123.7062530517578125 128.75 128.475006103515625 124.71250152587890625 121.6999969482421875 118.625 115.4562530517578125
184.818756103515625 181.337493896484375 179.0625 179.0812530517578125 181.662506103515625 184.1750030517578125 184.806243896484375 183.3125 180.1125030517578125 179.90625 184.100006103515625 184.3125 183.087493896484375 180.375 176.6125030517578125 173.15625 168.7624969482421875 164.131256103515625 159.818756103515625 155.6875 151.3000030517578125 145.21875 137.6437530517578125 130.3000030517578125 124.09999847412109375 116.3562469482421875 110.4250030517578125 105.1125030517578125 101.1062469482421875 98.7687530517578125 98.22499847412109375 100.03749847412109375 102.7624969482421875 106.38124847412109375 110.71875 114.5 119.22499847412109375 123.53749847412109375 126.6750030517578125 126.85625457763671875 124.4812469482421875 121.8937530517578125 118.94374847412109375 115.65000152587890625
181.53125 179.6812591552734375 179.4187469482421875 180.0749969482421875 181.850006103515625 183.0187530517578125 182.375 179.024993896484375 170.256256103515625 166.3937530517578125 172.743743896484375 175.7062530517578125 177.068756103515625 176.243743896484375 174.631256103515625 172.4250030517578125 169.5749969482421875 166.631256103515625 165.274993896484375 161.712493896484375 155.381256103515625 149.337493896484375 141.0500030517578125 134.587493896484375 126.8312530517578125 118.1062469482421875 110.94374847412109375 105.45000457763671875 100.96250152587890625 97.3937530517578125 97.08750152587890625 99.4562530517578125 101.61875152587890625 104.78125 108.59999847412109375 112.93125152587890625 117.375 121.28125 123.625 124.78125 123.3000030517578125 120.59999847412109375 118.4812469482421875 115.6750030517578125
178.9812469482421875 177.274993896484375 177.774993896484375 179.287506103515625 181.65625 183.5124969482421875 182.068756103515625 177.931243896484375 171.868743896484375 169.2375030517578125 170.8249969482421875 170.899993896484375 172.7312469482421875 172.59375 171.962493896484375 171.375 170.21875 169.681243896484375 169.34375 168.375 162.1999969482421875 154.9375 145.5749969482421875 137.8562469482421875 128.5 119.6062469482421875 112.80625152587890625 106.2624969482421875 100.83750152587890625 96.36875152587890625 95.7937469482421875 97.8625030517578125 100.15625 103.51874542236328125 107.3937530517578125 111.6875 116.2624969482421875 119.3625030517578125 121.65625 122.90000152587890625 122.58750152587890625 120.49375152587890625 117.80625152587890625 114.34999847412109375
176.881256103515625 175.881256103515625 176.3249969482421875 178.100006103515625 180.587493896484375 184.3312530517578125 183.899993896484375 179.1062469482421875 173.725006103515625 170.625 170.9187469482421875 169.943756103515625 169.806243896484375 169.3625030517578125 169 169.0187530517578125 169.587493896484375 171.024993896484375 172.818756103515625 174.5 172.006256103515625 163.3937530517578125 151.6875 139.631256103515625 130.6374969482421875 122.78749847412109375 115.86875152587890625 109.2687530517578125 102.68125152587890625 97.78125 96.8249969482421875 98.19374847412109375 100.66249847412109375 103.6687469482421875 106.74375152587890625 110.2062530517578125 113.88124847412109375 117.1374969482421875 120.5437469482421875 122.18125152587890625 121.96875 120.3249969482421875 118.03749847412109375 114.9812469482421875
176.149993896484375 175.462493896484375 176.0562591552734375 178.75 181.4499969482421875 185.118743896484375 185.818756103515625 180.899993896484375 175.524993896484375 172.0500030517578125 170.493743896484375 169.131256103515625 166.4499969482421875 165.2375030517578125 165.1687469482421875 165.5812530517578125 167.056243896484375 169.4187469482421875 173.3874969482421875 178.4187469482421875 178.90625 170.9250030517578125 157.8000030517578125 143.806243896484375 133.024993896484375 124.56874847412109375 117.58750152587890625 111.5 106.40625 101.7375030517578125 99.3937530517578125 99.2062530517578125 100.61875152587890625 102.84999847412109375 105.93125152587890625 109.28749847412109375 112.58750152587890625 116.1999969482421875 119.1750030517578125 121.25 122.08124542236328125 120.49375152587890625 118.3874969482421875 115.6750030517578125
175.1875 175.412506103515625 176.287506103515625 177.8937530517578125 179.662506103515625 182.3249969482421875 182.131256103515625 178.912506103515625 174.412506103515625 171.4812469482421875 169.1374969482421875 167.5 164.5 159.8562469482421875 158.9875030517578125 159.931243896484375 162.131256103515625 166.850006103515625 172.256256103515625 178.1750030517578125 181.068756103515625 174.3000030517578125 160.9375 148.0187530517578125 135.475006103515625 125.71250152587890625 120.3937530517578125 114.6999969482421875 110.0749969482421875 105.5812530517578125 102.50624847412109375 100.96875 100.8312530517578125 102.0437469482421875 104.58750152587890625 107.78125 111.19374847412109375 114.69374847412109375 118.43125152587890625 119.93125152587890625 121.7687530517578125 121.09999847412109375 117.7624969482421875 110.4499969482421875
173.7687530517578125 173.306243896484375 174.100006103515625 175.21875 176.693756103515625 177.5 177.1875 175.4250030517578125 172.649993896484375 169.4499969482421875 166.649993896484375 162.625 159.09375 154.6125030517578125 151.03125 152.03125 155.0625 160.1999969482421875 165.962493896484375 171.412506103515625 173.3562469482421875 168.7624969482421875 159.4250030517578125 148.5124969482421875 138.0749969482421875 129.350006103515625 124.80625152587890625 119.63124847412109375 114.50624847412109375 109.33750152587890625 105.75 103.0625 101.55625152587890625 101.46875 103.8312530517578125 107.38124847412109375 110.83750152587890625 115.63124847412109375 118.6875 121.6062469482421875 122.28749847412109375 118.0749969482421875 113.1875 110.11875152587890625
170.943756103515625 170.6687469482421875 171.556243896484375 172.662506103515625 173.75 174.0124969482421875 174.1437530517578125 172.787506103515625 169.818756103515625 166.4187469482421875 162.899993896484375 158.2312469482421875 153.306243896484375 148.03125 142.337493896484375 142.4250030517578125 145.993743896484375 151.631256103515625 157.712493896484375 163.024993896484375 164.756256103515625 162.399993896484375 156.8125 149.6687469482421875 142.8625030517578125 136.287506103515625 131.3874969482421875 125.90625 120.375 113.9812469482421875 109 104.9375 103.0749969482421875 102.44374847412109375 103.5749969482421875 106.8937530517578125 111.84999847412109375 118.3937530517578125 123.40000152587890625 125.2624969482421875 123.68125152587890625 120.4250030517578125 117.88124847412109375 115.5749969482421875
167.068756103515625 166.993743896484375 168.506256103515625 169.5875091552734375 170.6999969482421875 171.2437591552734375 170.618743896484375 169.3562469482421875 167.2375030517578125 164.6999969482421875 160.462493896484375 154.931243896484375 149.21875 142.3249969482421875 135.693756103515625 132.243743896484375 137.412506103515625 144.71875 150.7375030517578125 155.837493896484375 158.7937469482421875 158.5749969482421875 155.412506103515625 151.131256103515625 147.0812530517578125 143.7375030517578125 139.9375 134.125 126.70000457763671875 118.5187530517578125 112.2312469482421875 107.4562530517578125 104.61875152587890625 104.0124969482421875 103.65625 108.4187469482421875 114.9375 119.1437530517578125 124.21250152587890625 126.95624542236328125 128.7624969482421875 126.61249542236328125 123.1687469482421875 117.28749847412109375
162.71875 163.7312469482421875 164.8937530517578125 166.0812530517578125 167.6875 168.006256103515625 168.0625 166.725006103515625 164.9562530517578125 162.21875 158.524993896484375 152.868743896484375 146.34375 139.3562469482421875 133.350006103515625 130.2062530517578125 131.568756103515625 137.71875 144.587493896484375 150.4562530517578125 154.34375 155.693756103515625 154.5625 151.837493896484375 150.443756103515625 150.8562469482421875 149.681243896484375 142.087493896484375 131.806243896484375 122.5124969482421875 115.7375030517578125 111.80625152587890625 108.0500030517578125 106.4375 109.4375 116.5124969482421875 120.58750152587890625 125.96250152587890625 132.381256103515625 134.59375 137.5437469482421875 134.7312469482421875 127.52500152587890625 122.30625152587890625
156.8312530517578125 158.337493896484375 160.274993896484375 162.056243896484375 163.46875 164.90625 165.443756103515625 164.375 162.9375 160.3937530517578125 156.84375 151.2937469482421875 144.037506103515625 137.868743896484375 133.462493896484375 130.4375 129.9375 131.587493896484375 139.100006103515625 145.3125 151.506256103515625 153.462493896484375 153.75 153.600006103515625 154.712493896484375 156.743743896484375 159.131256103515625 149.28125 135.837493896484375 123.69374847412109375 115.7312469482421875 111.50624847412109375 111.6437530517578125 115.13124847412109375 119.46250152587890625 121.5500030517578125 126.77500152587890625 132.25 135.0812530517578125 140.412506103515625 142.2312469482421875 138.618743896484375 132.881256103515625 127.9375
150.350006103515625 153.024993896484375 155.28125 157.53125 159.7312469482421875 161.306243896484375 161.868743896484375 161.84375 161.2687530517578125 159.8562469482421875 156.2687530517578125 150.3562469482421875 143.274993896484375 137.475006103515625 132.71875 129.962493896484375 128.8937530517578125 128.8312530517578125 133.0812530517578125 139.3874969482421875 148.600006103515625 154.875 152.8874969482421875 154.5187530517578125 157.368743896484375 159.881256103515625 159.6750030517578125 151.399993896484375 139.1687469482421875 125.47499847412109375 115.3625030517578125 114.13124847412109375 119.78749847412109375 123.2937469482421875 125.6062469482421875 130.193756103515625 134.225006103515625 138.1875 142.09375 145.524993896484375 146.78125 145.493743896484375 139.399993896484375 134.243743896484375
