data/historical-monthly-weather-data/wc2.1_cruts4.09_10m_prec_1979-12.asc
ncols        45
nrows        45
xllcorner    -63.500000000000
yllcorner    -7.500000000000
cellsize     0.166666666667
NODATA_value -9999
[rows 0 to 19 of 45, columns 0 to 43 of 45]
191.725006103515625 188.6999969482421875 181.2687530517578125 175.9499969482421875 169.068756103515625 163.037506103515625 156.28125 148.65625 142.524993896484375 137.162506103515625 134.09375 131.037506103515625 128.975006103515625 125.58750152587890625 122.91249847412109375 120.4187469482421875 118.41249847412109375 115.71875 114.3249969482421875 113.2062530517578125 113.93125152587890625 114.50624847412109375 115.18125152587890625 116.375 117.59999847412109375 118.625 120.8249969482421875 123.25 126.0187530517578125 130.1812591552734375 133.96875 138.625 142.274993896484375 145.53125 148.4375 151.806243896484375 153.5437469482421875 154.8000030517578125 153.5 152.2937469482421875 150.4875030517578125 147.1125030517578125 143.53125 139.25
193.962493896484375 190.9562530517578125 186.875 183.6062469482421875 179.625 172.9812469482421875 165.2312469482421875 159.681243896484375 155.2062530517578125 150.556243896484375 146.712493896484375 142.443756103515625 139.587493896484375 136.306243896484375 132.9499969482421875 130 127.50624847412109375 124.97499847412109375 122.9499969482421875 122.2687530517578125 122.6125030517578125 122.9499969482421875 123.9812469482421875 124.7937469482421875 125.5500030517578125 126.17499542236328125 127.86875152587890625 129.568756103515625 131.587493896484375 135.34375 138.412506103515625 142.3625030517578125 144.5749969482421875 147.46875 150.681243896484375 152.0187530517578125 155.3625030517578125 157.212493896484375 155.5437469482421875 154.212493896484375 152.3937530517578125 149.09375 145.7062530517578125 140.5
191.15625 189.25 186.8000030517578125 184.524993896484375 182.03125 176.6437530517578125 171.84375 168.649993896484375 165.5812530517578125 161.78125 157.587493896484375 153.3625030517578125 150.6125030517578125 147.3249969482421875 143.899993896484375 140.1687469482421875 137.631256103515625 135.1687469482421875 133.568756103515625 132.7062530517578125 133.100006103515625 133.9499969482421875 134.9562530517578125 134.90625 134.9187469482421875 135.725006103515625 136.9250030517578125 137.899993896484375 139.693756103515625 141.90625 144.6687469482421875 148 151.21875 152.631256103515625 154.96875 157.381256103515625 159.350006103515625 160.7062530517578125 159.8874969482421875 158.6125030517578125 156.5749969482421875 152.975006103515625 148.600006103515625 144.5749969482421875
185.837493896484375 185.787506103515625 185.875 183.600006103515625 182.774993896484375 179.787506103515625 177.6437530517578125 176.6062469482421875 174.8312530517578125 172.9875030517578125 169.506256103515625 165.556243896484375 162.100006103515625 158.943756103515625 154.9250030517578125 151.4250030517578125 148.568756103515625 145.5500030517578125 144.375 144.9187469482421875 145.65625 146.3000030517578125 146.181243896484375 145.681243896484375 144.59375 145.056243896484375 145.899993896484375 145.84375 147.381256103515625 149.7375030517578125 151.618743896484375 153.4875030517578125 156.59375 158.875 160.287506103515625 162.0500030517578125 162.931243896484375 164.2062530517578125 164.3187408447265625 162.9562530517578125 160.256256103515625 156.462493896484375 151.962493896484375 148.162506103515625
188.524993896484375 185 182.256256103515625 182.2624969482421875 183.1750030517578125 182.962493896484375 182.556243896484375 183.25 184.193756103515625 184.056243896484375 180.662506103515625 176.2375030517578125 173.649993896484375 170.90625 166.625 162.818756103515625 159.4875030517578125 156.8874969482421875 156.46875 158.118743896484375 158.9562530517578125 158.40625 157.6750030517578125 156.412506103515625 154.5749969482421875 154.4812469482421875 153.6187591552734375 153.15625 154.09375 156.3937530517578125 158.149993896484375 159.0500030517578125 161.181243896484375 163.162506103515625 164.3562469482421875 166.162506103515625 167.65625 168.3000030517578125 168.4187469482421875 166.875 164.0124969482421875 159.875 155.6437530517578125 150.681243896484375
190.0749969482421875 187.2687530517578125 183.399993896484375 180.306243896484375 182.287506103515625 184.8000030517578125 186.318756103515625 187.3937530517578125 188.5 189.006256103515625 186.4499969482421875 183.306243896484375 182.125 180.131256103515625 177.662506103515625 174.75 172.506256103515625 169.8249969482421875 171.3249969482421875 172.5500030517578125 171.40625 170.5625 168.662506103515625 166.4875030517578125 164.056243896484375 162.3874969482421875 162.274993896484375 161.4499969482421875 161.3000030517578125 163.1374969482421875 165.0124969482421875 166.6125030517578125 166.8687591552734375 167.48126220703125 170.28125 172.068756103515625 173.03125 174.96875 175.193756103515625 172.25 166.931243896484375 162.537506103515625 156.943756103515625 152.475006103515625
193.2687530517578125 190.3625030517578125 186.943756103515625 183.3499908447265625 182.8937530517578125 184.75 187.3000030517578125 188.725006103515625 188.962493896484375 188.2312469482421875 189.1999969482421875 188.5187530517578125 189.7687530517578125 189.162506103515625 188.037506103515625 187 187.15625 188.524993896484375 190.850006103515625 190.399993896484375 186.3874969482421875 183.693756103515625 179.8937530517578125 176.100006103515625 173.5625 170.5812530517578125 169.40625 169.5812530517578125 169.118743896484375 170.1062469482421875 171.5500030517578125 172.75 173.618743896484375 173.6750030517578125 174.8874969482421875 176.0812530517578125 177.6999969482421875 179.3625030517578125 181.337493896484375 176.8125 169.6125030517578125 163.712493896484375 158.475006103515625 153.1437530517578125
196.431243896484375 193.068756103515625 190.25 188.7312469482421875 188.681243896484375 189.21875 189.0500030517578125 187.4562530517578125 185.462493896484375 186.84375 191.3937530517578125 194.5749969482421875 196.84375 199.100006103515625 199.09375 199.899993896484375 201.462493896484375 205.962493896484375 209.7062530517578125 206.25 199.8937530517578125 194.3125 188.9562530517578125 183.8000030517578125 181.193756103515625 178.375 176.34375 175.8125 176.556243896484375 177.774993896484375 177.5500030517578125 178.25 179.2062530517578125 178.850006103515625 180.243743896484375 179.537506103515625 180.462493896484375 180.962493896484375 180.6374969482421875 176.3562469482421875 170.131256103515625 164 158.5812530517578125 152.8937530517578125
201.3562469482421875 198.2687530517578125 196.412506103515625 195.462493896484375 195.006256103515625 196.1374969482421875 195.881256103515625 193.287506103515625 188.4875030517578125 188.3125 195.0812530517578125 200.306243896484375 204.087493896484375 206.662506103515625 208.0749969482421875 209.96875 212.5625 217.162506103515625 220.506256103515625 216.0437469482421875 206.850006103515625 200.4250030517578125 195.0124969482421875 191.462493896484375 187.837493896484375 184.3249969482421875 182.149993896484375 181.84375 181.7624969482421875 182.2062530517578125 183.28125 182.8625030517578125 183.131256103515625 183.5124969482421875 183.850006103515625 183.087493896484375 182.131256103515625 180.712493896484375 178.6875 174.993743896484375 168.506256103515625 162.8562469482421875 158.337493896484375 153.3562469482421875
204.875 202.600006103515625 201.6687469482421875 201.962493896484375 201.8312530517578125 203.256256103515625 203.7062530517578125 202.381256103515625 200.662506103515625 200.9875030517578125 205.024993896484375 207.84375 212.350006103515625 213.975006103515625 216.774993896484375 219.3000030517578125 221.7312469482421875 223.524993896484375 224.100006103515625 220.6687469482421875 212.100006103515625 205.2375030517578125 199.962493896484375 197.1125030517578125 192.9375 189.024993896484375 187.0187530517578125 186.306243896484375 186.5625 186.84375 186.649993896484375 186.1437530517578125 185.962493896484375 185.506256103515625 186.0749969482421875 186.068756103515625 183.962493896484375 181.4562530517578125 177.5 173.0500030517578125 167.46875 162.850006103515625 157.6062469482421875 152.881256103515625
209.5749969482421875 207.431243896484375 206.5 206.3937530517578125 207.806243896484375 210.943756103515625 212.5187530517578125 211.5437469482421875 210.712493896484375 212.0749969482421875 215.412506103515625 218.193756103515625 220.8125 222.65625 224.912506103515625 227.631256103515625 229.225006103515625 228.90625 226.931243896484375 223.068756103515625 216.46875 209.787506103515625 204.756256103515625 199.71875 198.2937469482421875 194.6062469482421875 191.756256103515625 189.537506103515625 188.0749969482421875 188.2624969482421875 188.0500030517578125 188.1687469482421875 187.9812469482421875 187.6062469482421875 187.6750030517578125 186.5187530517578125 184.306243896484375 181.443756103515625 178.0812530517578125 172.8874969482421875 167.1437530517578125 162.3625030517578125 158.0124969482421875 153.9499969482421875
213.8312530517578125 211.5812530517578125 211.2062530517578125 212.306243896484375 213.975006103515625 217.506256103515625 220.34375 220.2937469482421875 219.881256103515625 222.25 225.8375091552734375 229.3249969482421875 230.118743896484375 231.1062469482421875 233.0625 233.9375 234.3874969482421875 231.5437469482421875 228.381256103515625 224.625 217.243743896484375 211.625 208.5187530517578125 204.7375030517578125 202.9250030517578125 199.3312530517578125 195.3874969482421875 191.8625030517578125 189.0812530517578125 188.850006103515625 188.337493896484375 188.4562530517578125 188.287506103515625 188.462493896484375 188.8874969482421875 187.9499969482421875 185.71875 183.1750030517578125 179.0625 173.806243896484375 167.9562530517578125 163.287506103515625 158.8625030517578125 154.46875
217.5625 215.962493896484375 216.28125 217.181243896484375 219.4875030517578125 222.462493896484375 224.850006103515625 226.350006103515625 226.9562530517578125 230.149993896484375 234.3125 238.318756103515625 239.34375 238.59375 240.1437530517578125 240.068756103515625 239.056243896484375 236.0500030517578125 231.8874969482421875 226.6062469482421875 217.006256103515625 212.662506103515625 211.962493896484375 209.412506103515625 205.7312469482421875 200.975006103515625 196.9250030517578125 193.4562530517578125 190.46875 188.4375 187.399993896484375 186.912506103515625 186.6125030517578125 187.3562469482421875 188.306243896484375 188.5812530517578125 187.524993896484375 185.3625030517578125 180.881256103515625 174.53125 168.056243896484375 164.225006103515625 158.84375 151.46875
219.7312469482421875 218.46875 218.9375 220.3249969482421875 222.2624969482421875 225.1062469482421875 227.475006103515625 230.625 233.28125 236.0437469482421875 238.712493896484375 242.5500030517578125 245.1687469482421875 245.6750030517578125 245.212493896484375 246.03125 244.2312469482421875 239.96875 235.1624908447265625 229.8249969482421875 221.975006103515625 217.28125 215.193756103515625 211.65625 207.625 203.118743896484375 199.5437469482421875 194.34375 189.9499969482421875 186.975006103515625 185.3000030517578125 183.943756103515625 184.431243896484375 185.2375030517578125 187.3312530517578125 188.287506103515625 188.5812530517578125 188.3687591552734375 184.875 179.5749969482421875 170.4250030517578125 162.5 156.0124969482421875 150.662506103515625
221.6437530517578125 220.5437469482421875 221.7937469482421875 223.212493896484375 225.537506103515625 228.1687469482421875 231.7624969482421875 235.1687469482421875 237.899993896484375 240.0500030517578125 242.506256103515625 246.475006103515625 248.6999969482421875 250.118743896484375 249.1750030517578125 249.6437530517578125 246.806243896484375 242.256256103515625 237.4250030517578125 233.912506103515625 226.818756103515625 221.868743896484375 218.2687530517578125 214.1437530517578125 210.2937469482421875 205.712493896484375 201.462493896484375 196.0124969482421875 190.4499969482421875 185.131256103515625 181.5187530517578125 180.1062469482421875 180.84375 182.59375 185.493743896484375 186.149993896484375 188.618743896484375 191.84375 192.306243896484375 186.774993896484375 175.9812469482421875 166.868743896484375 159.493743896484375 153.375
221.931243896484375 221.53125 223.1875 225.618743896484375 228.131256103515625 231.3000030517578125 234.8937530517578125 237.462493896484375 240.3125 243.75 245.8937530517578125 249.34375 251.9187469482421875 253.306243896484375 252.868743896484375 250.8249969482421875 247.850006103515625 244.6374969482421875 240.0625 236.568756103515625 231.0749969482421875 225.6437530517578125 221.600006103515625 217.0187530517578125 213.4562530517578125 210.21875 205.287506103515625 198.787506103515625 191.2062530517578125 183.118743896484375 177.7687530517578125 174.5500030517578125 174.068756103515625 175.8625030517578125 178.28125 180.618743896484375 185.9250030517578125 193.125 198.125 194.024993896484375 182.993743896484375 172.125 162.65625 152.9812469482421875
221.3249969482421875 221.787506103515625 222.6999969482421875 225.9499969482421875 229.4499969482421875 232.2624969482421875 236.28125 240.212493896484375 243.962493896484375 246.787506103515625 249 251.7062530517578125 254.149993896484375 255.506256103515625 255.1687469482421875 252.431243896484375 247.3000030517578125 244.4562530517578125 241.875 238.7375030517578125 233.9812469482421875 229.118743896484375 225.193756103515625 220.3562469482421875 217.2624969482421875 215.2062530517578125 210.6750030517578125 202.193756103515625 190.6750030517578125 180.1437530517578125 172.9875030517578125 169.506256103515625 167.318756103515625 165.756256103515625 166.443756103515625 170.65625 180.024993896484375 194.4375 209.350006103515625 201.912506103515625 187.943756103515625 175.056243896484375 162.5500030517578125 153.34375
219.006256103515625 220.306243896484375 221.9187469482421875 225.881256103515625 230 234.1687469482421875 238.274993896484375 241.7937469482421875 245.4250030517578125 249.3000030517578125 252.1999969482421875 254.4499969482421875 255.5 256.40625 255.2937469482421875 252.0374908447265625 247.037506103515625 241.0500030517578125 241.068756103515625 238.65625 235.9562530517578125 232.181243896484375 228.618743896484375 224.712493896484375 222.0625 220.59375 217.46875 205.4562530517578125 189.912506103515625 175.8249969482421875 166.3312530517578125 161.712493896484375 161.03125 160.600006103515625 158.03125 155.7375030517578125 171.7687530517578125 190.34375 201.71875 198.4124908447265625 185.100006103515625 172.78125 162.3625030517578125 154.193756103515625
215.256256103515625 217.2312469482421875 220.212493896484375 224.7687530517578125 229.6437530517578125 234.5124969482421875 238.8874969482421875 243.8312530517578125 247.912506103515625 251.9499969482421875 253.7687530517578125 254.587493896484375 255.9812469482421875 257.1875 255.09375 251.1999969482421875 246.3625030517578125 240.59375 237.068756103515625 236.0625 236.3000030517578125 236.3249969482421875 230.943756103515625 228.4375 227.1437530517578125 225.6374969482421875 220.4250030517578125 208.462493896484375 191.412506103515625 173.8125 160.4499969482421875 159.5187530517578125 161.9562530517578125 161.2062530517578125 157.868743896484375 158.556243896484375 170.681243896484375 183.6687469482421875 191.7375030517578125 189.024993896484375 179.1875 169.181243896484375 160.712493896484375 154.3562469482421875
210.3000030517578125 213.28125 216.3937530517578125 221.631256103515625 227.631256103515625 233.868743896484375 239.5625 245.09375 249.9812469482421875 252.9375 255.225006103515625 257.100006103515625 258.41876220703125 257.9375 254.2375030517578125 248.3937530517578125 242.600006103515625 239.006256103515625 236.28125 235.1437530517578125 234.25 233.2062530517578125 232.912506103515625 231.850006103515625 230.9499969482421875 229.149993896484375 222.9812469482421875 212.912506103515625 197.0124969482421875 179.162506103515625 167.40625 166.625 167.875 168.837493896484375 169.4250030517578125 170.149993896484375 176.587493896484375 183.943756103515625 187.118743896484375 183.993743896484375 175.3874969482421875 165.34375 159.774993896484375 155.3625030517578125
