data/historical-monthly-weather-data/wc2.1_cruts4.09_10m_prec_2022-02.asc
ncols        51
nrows        45
xllcorner    -63.500000000000
yllcorner    -7.500000000000
cellsize     0.166666666667
NODATA_value -9999
[rows 0 to 19 of 45, columns 0 to 44 of 51]
83.53749847412109375 76.25624847412109375 76.2375030517578125 78.75624847412109375 80.6875 87.72499847412109375 94.4499969482421875 99.4187469482421875 103.78125 109.91249847412109375 118.59999847412109375 125.16249847412109375 130.9499969482421875 132.087493896484375 133.1374969482421875 134.125 135.84375 133.84375 135.368743896484375 137.6437530517578125 141.243743896484375 145.09375 150.5437469482421875 154.693756103515625 159.524993896484375 164.6437530517578125 167.5437469482421875 170.131256103515625 172.912506103515625 173.5 174.475006103515625 175.9499969482421875 177.8125 180.3562469482421875 183.5437469482421875 186.3625030517578125 187.4250030517578125 187.787506103515625 187.787506103515625 186 185.0812530517578125 183.2624969482421875 179.868743896484375 179.037506103515625 176.9250030517578125
84.97499847412109375 75.9250030517578125 75.24375152587890625 75.59375 77.0812530517578125 85.1687469482421875 92.90000152587890625 101.0625 109.34375 117.3562469482421875 125.7375030517578125 131.1374969482421875 135.6624908447265625 138.3312530517578125 139.225006103515625 139.681243896484375 140.6687469482421875 139.65625 140.462493896484375 141.78125 144.75 149.100006103515625 154.337493896484375 158.3937530517578125 162.375 167.556243896484375 170.1437530517578125 173.3249969482421875 176.0812530517578125 177.337493896484375 177.9562530517578125 180.9250030517578125 184.256256103515625 188.774993896484375 192.375 194.625 195.3625030517578125 194.7687530517578125 193.6999969482421875 191.024993896484375 188.9187469482421875 185.9375 181.443756103515625 179.0749969482421875 176.006256103515625
89.59375 80.34375 78.72499847412109375 78.4812469482421875 79.6437530517578125 87.1750030517578125 96.09999847412109375 106.09375 116.63124847412109375 125.6437530517578125 133.225006103515625 137.9187469482421875 141.493743896484375 143.3874969482421875 143.6125030517578125 143.5625 143.7062530517578125 143.8125 144.7375030517578125 146.568756103515625 150.131256103515625 155.993743896484375 161.037506103515625 165.1125030517578125 170.6062469482421875 174.8312530517578125 177.6437530517578125 181.28125 183.28125 184.337493896484375 186.6125030517578125 189.649993896484375 193.6125030517578125 196.899993896484375 201.212493896484375 201.962493896484375 202.712493896484375 202.875 200.0749969482421875 196.431243896484375 193 188.6062469482421875 183.3562469482421875 178.5437469482421875 175.7687530517578125
93.90000152587890625 84.86875152587890625 83.1875 82.40625 84.0124969482421875 90.56874847412109375 99.65000152587890625 110.5124969482421875 122.8312530517578125 133.381256103515625 140.2375030517578125 143.1999969482421875 144.6125030517578125 145.431243896484375 145.743743896484375 145.649993896484375 145.84375 145.3937530517578125 147.46875 151.90625 157.0187530517578125 162.7687530517578125 167.625 172.181243896484375 177.2624969482421875 181.8125 185.693756103515625 189.056243896484375 191.1312408447265625 193.375 195.4875030517578125 200.243743896484375 203.037506103515625 206.3874969482421875 209.2624969482421875 210.662506103515625 211.118743896484375 210.4875030517578125 207.5812530517578125 203.118743896484375 197.2312469482421875 191.6062469482421875 185.381256103515625 179 175.5875091552734375
100.59999847412109375 90.40000152587890625 87.0749969482421875 86.16249847412109375 87.4375 93.9499969482421875 102.2062530517578125 113.6374969482421875 128.4562530517578125 141.306243896484375 144.9812469482421875 145.256256103515625 146.587493896484375 147.431243896484375 147.09375 147.1437530517578125 147.662506103515625 147.131256103515625 150.787506103515625 156.725006103515625 163.149993896484375 168.337493896484375 174.056243896484375 179.2125091552734375 184.1062469482421875 189.2312469482421875 191.7062530517578125 194.65625 199.2937469482421875 202.6062469482421875 205.8562469482421875 209.5625 213.2312469482421875 216.350006103515625 218.5625 219.6875 220.631256103515625 220.125 216.256256103515625 209.6125030517578125 202.8937530517578125 195.056243896484375 186.8625030517578125 179.443756103515625 174.34375
106.6750030517578125 97.5124969482421875 93.80625152587890625 92.33750152587890625 93.53749847412109375 100.8937530517578125 110.09999847412109375 121.6875 137.337493896484375 152.0437469482421875 153.368743896484375 152.631256103515625 153.787506103515625 154.96875 155.0812530517578125 156.100006103515625 156.03125 155.931243896484375 160.3000030517578125 166.631256103515625 172.274993896484375 177.8625030517578125 183.7312469482421875 188.662506103515625 193.318756103515625 199.381256103515625 202.7312469482421875 205.6062469482421875 209.6437530517578125 212.6875 215.806243896484375 219.2687530517578125 221.3625030517578125 225.78125 228.431243896484375 229.4812469482421875 230.8000030517578125 230.4562530517578125 226.7437591552734375 219.243743896484375 209.84375 200.4562530517578125 191.15625 182.4875030517578125 175.0500030517578125
113.3874969482421875 104.78125 101.69374847412109375 99.7375030517578125 100.7312469482421875 107.5812530517578125 116.5187530517578125 126.36875152587890625 139.0749969482421875 149.068756103515625 154.618743896484375 157.2687530517578125 159.6374969482421875 161.875 163.59375 165.5 167.568756103515625 169.9499969482421875 173.9250030517578125 177.7624969482421875 181.46875 186.943756103515625 191.6999969482421875 196.78125 203.9812469482421875 209.962493896484375 213.850006103515625 217.90625 220.4562530517578125 222.4187469482421875 226.149993896484375 229.2312469482421875 231.712493896484375 233.149993896484375 235.3625030517578125 238.1875 239.5 240.037506103515625 237.2624969482421875 228.756256103515625 216.6062469482421875 206.193756103515625 196.15625 186.2937469482421875 177.5500030517578125
120.0437469482421875 111.40000152587890625 108.5749969482421875 107.90000152587890625 108.96250152587890625 114.6687469482421875 121.4875030517578125 128.34375 136.243743896484375 144.59375 153.5625 160.4250030517578125 165.3562469482421875 168.3125 171.087493896484375 174.4375 177.8874969482421875 182.568756103515625 187.65625 188.3249969482421875 190.09375 194.5749969482421875 199.2624969482421875 205.5500030517578125 213.600006103515625 220.350006103515625 224.662506103515625 228.287506103515625 231.9812469482421875 233.3312530517578125 234.9250030517578125 238.193756103515625 240.0187530517578125 241.6062469482421875 242.899993896484375 244.875 246.59375 247 242.7624969482421875 234.274993896484375 222.881256103515625 212.46875 201.9499969482421875 190.725006103515625 182.6125030517578125
127.2312469482421875 119.24375152587890625 116.5625 116.09375 116.76250457763671875 121.15000152587890625 127.09375 132.2312469482421875 137.537506103515625 145.2375030517578125 156.09375 165.943756103515625 172.993743896484375 177.618743896484375 180.3312530517578125 184.1374969482421875 187.587493896484375 191.9375 197.4875030517578125 197.6125030517578125 198.243743896484375 202.65625 207.9812469482421875 216.7624969482421875 225.3000030517578125 232.25 235.3249969482421875 238.306243896484375 241.9812469482421875 242.181243896484375 243.28125 245.662506103515625 246.7437591552734375 247.40625 248.243743896484375 250.8937530517578125 252.975006103515625 253.59375 249.9499969482421875 242.118743896484375 231.28125 221.2062530517578125 211.21875 200.5500030517578125 193.493743896484375
134.53125 127.28125 125.1062469482421875 124.2937469482421875 124.4812469482421875 128.34375 134.0812530517578125 139.0749969482421875 146.1875 154.537506103515625 165.243743896484375 174.100006103515625 182.625 187.5687408447265625 190.4187469482421875 192.5625 194.75 198.2375030517578125 200.71875 202.0124969482421875 204.40625 210.0124969482421875 217.2375030517578125 228.53125 237.6374969482421875 244.375 247.2937469482421875 248.625 252.1687469482421875 251.5625 250.318756103515625 251.024993896484375 251.993743896484375 253.4499969482421875 254.65625 257.131256103515625 259.48748779296875 259.54376220703125 255.962493896484375 249.631256103515625 240.837493896484375 231.524993896484375 221.09375 209.712493896484375 204.1875
141.5625 134.9812469482421875 133.006256103515625 132.162506103515625 132.0437469482421875 135.8312530517578125 141.2437591552734375 147.306243896484375 155.7062530517578125 165.243743896484375 176.40625 185.6687469482421875 193.2312469482421875 197.975006103515625 199.774993896484375 200.5749969482421875 200.8562469482421875 202.3874969482421875 203.4875030517578125 205.2937469482421875 208.1687469482421875 214.899993896484375 225.4187469482421875 236.3937530517578125 249.368743896484375 256.10626220703125 257.34375 258.893768310546875 260.40625 258.162506103515625 256.59375 256.01873779296875 256.25 257.57501220703125 260 263.149993896484375 264.5 265.712493896484375 262.375 256.01873779296875 248.2375030517578125 239.024993896484375 229.056243896484375 218.193756103515625 212.681243896484375
149.09375 142.8562469482421875 140.662506103515625 140.0625 140.287506103515625 144.1437530517578125 149.65625 156.90625 165.8874969482421875 176.149993896484375 188 197.4875030517578125 203.0500030517578125 206.15625 207.693756103515625 207.3625030517578125 207.068756103515625 207.131256103515625 206.78125 207.2687530517578125 209.96875 218.318756103515625 232.662506103515625 247.7687530517578125 260.51873779296875 265.42498779296875 264.756256103515625 264.868743896484375 265.63751220703125 263.75 261.51251220703125 259.48126220703125 259.78125 260.693756103515625 262.787506103515625 266.26873779296875 269.375 271.08123779296875 268.462493896484375 263.23748779296875 256.725006103515625 247.068756103515625 235.068756103515625 222.2687530517578125 215.4375
155.100006103515625 149.787506103515625 148.212493896484375 147.6437530517578125 148.631256103515625 153.0187530517578125 159.1750030517578125 166.3562469482421875 175.649993896484375 187.162506103515625 199.087493896484375 208 212.368743896484375 213.006256103515625 213.8312530517578125 212.837493896484375 212.15625 212.4875030517578125 212.6062469482421875 212.131256103515625 212.7375030517578125 222.568756103515625 239.131256103515625 253.9499969482421875 264.11248779296875 269.181243896484375 269.875 269.64373779296875 269.375 267.212493896484375 264.6875 262.20623779296875 261.10626220703125 262.25 264.5625 267.6875 270.86248779296875 274.5 273.4375 269.63751220703125 265.11248779296875 254.2687530517578125 238.84375 223.8125 214.8937530517578125
160.506256103515625 155.962493896484375 154.84375 154.818756103515625 156.46875 161.131256103515625 168.1125030517578125 175.693756103515625 185.5187530517578125 196.712493896484375 207.8125 214.524993896484375 217.837493896484375 219.056243896484375 218.493743896484375 218.1374969482421875 216.8937530517578125 218.212493896484375 218.78125 220.2624969482421875 224.443756103515625 233.881256103515625 247.4250030517578125 258.26251220703125 266.837493896484375 272.25 273.350006103515625 272.6875 272.35626220703125 268.66876220703125 265.76251220703125 262.443756103515625 260.96875 262.13751220703125 264.056243896484375 267.806243896484375 272.743743896484375 277.51251220703125 278.70623779296875 276.024993896484375 270.03125 255.375 240.5124969482421875 226.787506103515625 218.287506103515625
166.1999969482421875 161.6687469482421875 161.024993896484375 162.024993896484375 163.4250030517578125 168.962493896484375 176.725006103515625 184.350006103515625 194.1687469482421875 204.6374969482421875 214.100006103515625 220.3562469482421875 223.443756103515625 224.587493896484375 224.5437469482421875 223.78125 223.274993896484375 224.71875 226.493743896484375 229.8562469482421875 235.725006103515625 244.006256103515625 255.287506103515625 263.66876220703125 270.29998779296875 276.39373779296875 277.225006103515625 275.756256103515625 274.64373779296875 271.01251220703125 266.10626220703125 261.149993896484375 259.51873779296875 259.28125 261.04998779296875 264.21875 270.78125 277.743743896484375 280.087493896484375 277.081268310546875 267.8125 255.6875 243.3125 230.100006103515625 220.9375
171.024993896484375 166.6374969482421875 166.5437469482421875 167.96875 170.225006103515625 176.306243896484375 184.368743896484375 191.8874969482421875 201.6374969482421875 212.212493896484375 221.256256103515625 227.337493896484375 230.5187530517578125 231.125 230.993743896484375 228.818756103515625 229.618743896484375 232.65625 235.806243896484375 240.2624969482421875 245.8562469482421875 253.412506103515625 262.88751220703125 270.46875 274.98126220703125 278.9375 278.537506103515625 277.73126220703125 277.20623779296875 273.26873779296875 268.13751220703125 260.9375 255.7062530517578125 253.3687591552734375 252.8625030517578125 256.850006103515625 264.95623779296875 274.70001220703125 280.4375 278.087493896484375 268.58123779296875 256.21875 243.8625030517578125 231.337493896484375 221.225006103515625
174.181243896484375 170.96875 171.243743896484375 173.1687469482421875 176.2312469482421875 182.818756103515625 191.1437530517578125 199.381256103515625 208.9250030517578125 219.337493896484375 229 235.6125030517578125 239.46875 240.4250030517578125 239.868743896484375 237.5124969482421875 236.6125030517578125 239.287506103515625 242.9812469482421875 248.46875 255.118743896484375 262.431243896484375 270.13751220703125 276.16876220703125 280.16876220703125 280.82501220703125 278.48126220703125 278.53125 279.149993896484375 276.537506103515625 270.46875 261.568756103515625 252.962493896484375 244.9562530517578125 242.8000030517578125 246.46875 255.2687530517578125 270.024993896484375 282.6875 277.25 264.95623779296875 253.1437530517578125 240.587493896484375 228.8125 219.975006103515625
175.625 173.3125 175.0124969482421875 178.09375 181.712493896484375 188.600006103515625 197.225006103515625 205.6999969482421875 214.975006103515625 224.8000030517578125 235.006256103515625 244.09375 250.7687530517578125 252.7624969482421875 252.5500030517578125 250.1875 246.162506103515625 245.024993896484375 250.03125 255.381256103515625 263.45623779296875 269.61248779296875 274.21875 277.04998779296875 279.41876220703125 279.73126220703125 276.61248779296875 278.20623779296875 280.67498779296875 279.318756103515625 272.57501220703125 258.131256103515625 246.462493896484375 235.931243896484375 230.15625 230.662506103515625 243.4250030517578125 258.5625 269.625 267.03125 255.7062530517578125 244.725006103515625 233.8312530517578125 223.8249969482421875 216.462493896484375
176.274993896484375 175.037506103515625 177.568756103515625 180.931243896484375 185.5437469482421875 193.600006103515625 201.9499969482421875 211.1437530517578125 220.7375030517578125 229.943756103515625 240.649993896484375 251.149993896484375 260.868743896484375 267.318756103515625 265.931243896484375 260.35626220703125 254.53125 250.787506103515625 253.350006103515625 259.4375 268.23748779296875 274.306243896484375 274.01873779296875 275.149993896484375 276.618743896484375 277.96875 277.26873779296875 279.149993896484375 282.912506103515625 283.431243896484375 277.618743896484375 260.600006103515625 243.625 226.587493896484375 215.649993896484375 217.2312469482421875 230.1062469482421875 243.912506103515625 252.837493896484375 251.6125030517578125 244.056243896484375 234.2062530517578125 225.5625 217.6750030517578125 211.9562530517578125
176.90625 175.818756103515625 178.993743896484375 183.0625 188.8625030517578125 197.5812530517578125 206.8625030517578125 215.5124969482421875 224.7687530517578125 233.787506103515625 243.662506103515625 255.6374969482421875 269.17498779296875 281.34375 277.431243896484375 265.96875 256.587493896484375 253.7624969482421875 255.5500030517578125 260.912506103515625 265.41876220703125 268.33123779296875 271.42498779296875 271.84375 272.82501220703125 274.13751220703125 275.95623779296875 279.875 282.42498779296875 282.256256103515625 274.975006103515625 261.16876220703125 240.1374969482421875 217.71875 201.1125030517578125 205.243743896484375 221.2375030517578125 235.0749969482421875 241.631256103515625 240.8000030517578125 233.4312591552734375 224.28125 218.681243896484375 212.96875 208.875
