data/historical-monthly-weather-data/wc2.1_cruts4.09_10m_prec_2004-01.asc
ncols        51
nrows        45
xllcorner    -63.500000000000
yllcorner    -7.500000000000
cellsize     0.166666666667
NODATA_value -9999
[rows 20 to 39 of 45, columns 0 to 44 of 51]
217.8312530517578125 213.28125 210.8125 209.7937469482421875 209.0187530517578125 210.8312530517578125 213.1750030517578125 213.46875 212 208.6999969482421875 205.068756103515625 204.649993896484375 206.537506103515625 209.1687469482421875 202.993743896484375 190.899993896484375 182.3249969482421875 178.274993896484375 178.537506103515625 178.725006103515625 181.5124969482421875 183.462493896484375 185.1999969482421875 191.1125030517578125 198.2062530517578125 206.1062469482421875 215.8312530517578125 226.53125 236.962493896484375 247.0625 251.6999969482421875 251.7624969482421875 245.3125 237.59375 231.318756103515625 250.5500030517578125 279.20001220703125 301.58123779296875 312.98126220703125 313.625 306.506256103515625 297.725006103515625 292.625 288.88751220703125 283.11248779296875
219.181243896484375 214.506256103515625 212.649993896484375 213.3249969482421875 214.8000030517578125 215.8562469482421875 216.506256103515625 216.78125 215.431243896484375 209.4375 202.3249969482421875 196.412506103515625 193.2062530517578125 192.5812530517578125 190.6999969482421875 185.2375030517578125 181.4812469482421875 179.34375 178.8562469482421875 179.243743896484375 179.837493896484375 181.4875030517578125 184.375 191.243743896484375 199.412506103515625 208.712493896484375 220.8937530517578125 230.412506103515625 238.53125 245.0812530517578125 246.350006103515625 245.65625 243.431243896484375 243.5625 246.649993896484375 265.20623779296875 294.8125 320.95001220703125 332.243743896484375 329.399993896484375 319.08123779296875 307.931243896484375 300.35626220703125 294.39373779296875 287.024993896484375
220.462493896484375 216.662506103515625 213.850006103515625 214.912506103515625 218.1062469482421875 219.9375 219.725006103515625 219.4250030517578125 219.78125 210.649993896484375 198.068756103515625 186.256256103515625 178.212493896484375 176.881256103515625 179.5812530517578125 180.162506103515625 178.9375 178.3000030517578125 177.975006103515625 177.9250030517578125 178.649993896484375 179.556243896484375 181.5187530517578125 188.6125030517578125 198.712493896484375 210.475006103515625 223.850006103515625 233.125 239.5749969482421875 242.556243896484375 242.3937530517578125 242.6437530517578125 247.6875 253.8937530517578125 263.92498779296875 282.29376220703125 312.431243896484375 347.09375 355.86248779296875 343.48748779296875 329.024993896484375 316.6875 305.149993896484375 297.337493896484375 289.42498779296875
221.1062469482421875 216.2375030517578125 211.9499969482421875 213.162506103515625 217.556243896484375 219.756256103515625 220.899993896484375 221.0625 220.0625 209.149993896484375 194.625 181.4499969482421875 167.90625 168.493743896484375 174.5187530517578125 177.193756103515625 177.399993896484375 177.28125 177.118743896484375 177.09375 176.850006103515625 177.193756103515625 178.78125 185.7624969482421875 196.881256103515625 209.09375 223.787506103515625 232.6999969482421875 239.056243896484375 243.774993896484375 246.1750030517578125 249.6875 257.149993896484375 266.412506103515625 278.76873779296875 297.306243896484375 323.962493896484375 354.54998779296875 361.96875 349.524993896484375 334.15625 319.975006103515625 307.693756103515625 298.90625 292.037506103515625
222.7312469482421875 217.3874969482421875 211.193756103515625 213.9562530517578125 220.34375 221.975006103515625 222.024993896484375 220.9875030517578125 217.2687530517578125 208.0749969482421875 195.506256103515625 183.9875030517578125 174.4250030517578125 172.53125 175.1437530517578125 177.4499969482421875 178.037506103515625 178.4875030517578125 177.625 175.9187469482421875 175.1125030517578125 174.162506103515625 174.9375 181.5 192.34375 205.868743896484375 219.59375 231.71875 240.381256103515625 248.399993896484375 254.587493896484375 262.10626220703125 269.54998779296875 279.54376220703125 291.85626220703125 306.92498779296875 327.787506103515625 345.01251220703125 350.84375 345.23126220703125 332.78125 319.45623779296875 307.600006103515625 300.274993896484375 291.212493896484375
229.34375 226.743743896484375 221.2687530517578125 222.65625 225.0437469482421875 225.693756103515625 224.3625030517578125 220.8937530517578125 215.9375 207.756256103515625 198.306243896484375 190.381256103515625 183.3062591552734375 179.9375 179.59375 180.2687530517578125 180.631256103515625 180.6437530517578125 179.2375030517578125 176.4499969482421875 175.181243896484375 172.1750030517578125 171.4499969482421875 176.3562469482421875 187.8312530517578125 202.712493896484375 218.6750030517578125 232.149993896484375 243.8312530517578125 252.5625 263.60626220703125 274.399993896484375 283.48126220703125 291.67498779296875 302.70001220703125 314.34375 328.443756103515625 338.57501220703125 342.14373779296875 338.181243896484375 328.98126220703125 316.25 303.649993896484375 297.225006103515625 292.09375
237.0124969482421875 235.4187469482421875 232.7687530517578125 232.4499969482421875 232.0625 231.181243896484375 229 223.7375030517578125 218.087493896484375 211.8312530517578125 204.443756103515625 198.399993896484375 192.8312530517578125 189.225006103515625 187.256256103515625 186.7375030517578125 186.15625 185.600006103515625 184.3312530517578125 180.368743896484375 177.2687530517578125 174.399993896484375 171.0625 174.7937469482421875 188.068756103515625 202.90625 219.0124969482421875 233.850006103515625 247.4562530517578125 258.399993896484375 271.725006103515625 284.04376220703125 294.88751220703125 302.774993896484375 310.89373779296875 321.14373779296875 331.731231689453125 337.41876220703125 337.71875 334.743743896484375 326.056243896484375 312.368743896484375 300.38751220703125 294.712493896484375 298.39373779296875
246.649993896484375 244.7375030517578125 243.774993896484375 242.875 241.4562530517578125 238.306243896484375 234.381256103515625 228.443756103515625 222.9812469482421875 216.806243896484375 210.6062469482421875 206.037506103515625 201.125 197.4562530517578125 194.899993896484375 193.537506103515625 192.056243896484375 192.568756103515625 189.75 186.225006103515625 183.8625030517578125 179.6999969482421875 178.8562469482421875 183.3499908447265625 194.125 207.087493896484375 222.5500030517578125 237.118743896484375 251.568756103515625 264.92498779296875 277.850006103515625 290.54376220703125 301.212493896484375 308.66876220703125 316.818756103515625 325.831268310546875 333.3125 338.35626220703125 338.787506103515625 334.34375 327.087493896484375 314.006256103515625 300.149993896484375 295.9375 312.8125
254.587493896484375 253.649993896484375 253.1999969482421875 253.1750030517578125 251.3625030517578125 246.337493896484375 239.618743896484375 233.899993896484375 227.912506103515625 222.350006103515625 217.243743896484375 213.068756103515625 209 206.681243896484375 204.056243896484375 202.6750030517578125 202.287506103515625 201.2937469482421875 198.712493896484375 194.9562530517578125 191.9562530517578125 188.1374969482421875 187.5625 192.993743896484375 202.149993896484375 213.181243896484375 227.9562530517578125 242.3562469482421875 257.61248779296875 271.09375 283.125 295.131256103515625 305.45001220703125 314.306243896484375 323.068756103515625 330.631256103515625 338.25 342.60626220703125 343.306243896484375 338.693756103515625 329.212493896484375 317.25 308.14373779296875 311.48748779296875 330.42498779296875
259.649993896484375 259.318756103515625 261.08123779296875 262.89373779296875 261.07501220703125 253.631256103515625 245.2062530517578125 239.068756103515625 233.09375 227.368743896484375 223.493743896484375 221.1374969482421875 218.556243896484375 217.006256103515625 215.662506103515625 214.2375030517578125 213.1687469482421875 212.7687530517578125 211.1750030517578125 206.3937530517578125 202.6687469482421875 199.8937530517578125 198.600006103515625 203.46875 211.96875 222.1875 235.6374969482421875 249.1875 263.79376220703125 276.26873779296875 288.693756103515625 300.45001220703125 310.03125 320.412506103515625 329.306243896484375 337.23126220703125 344.15625 350.48748779296875 350.71875 347.71875 342.25 334.412506103515625 329.731231689453125 334.274993896484375 343.79998779296875
261.85626220703125 262.368743896484375 263.71875 266.57501220703125 266.850006103515625 257.125 249.149993896484375 242.4812469482421875 236.9250030517578125 232.475006103515625 229.975006103515625 228.912506103515625 227.8625030517578125 226.631256103515625 226.4499969482421875 225.462493896484375 225.212493896484375 225.412506103515625 223.8562469482421875 219.068756103515625 214.40625 210.6999969482421875 209.84375 214.1750030517578125 221.337493896484375 231.59375 244.306243896484375 256.91876220703125 271.3125 282.61248779296875 294.587493896484375 306.26873779296875 315.71875 326.337493896484375 335.83123779296875 344.056243896484375 350.962493896484375 358.95001220703125 361.26251220703125 359.70001220703125 357.76873779296875 353.16876220703125 351.09375 351.912506103515625 359.07501220703125
261.162506103515625 261.54998779296875 262.70001220703125 264.443756103515625 263.6875 256.4375 250.96875 244.431243896484375 239.912506103515625 236.506256103515625 234.993743896484375 235.2375030517578125 235.7624969482421875 236.712493896484375 237.4875030517578125 236.9812469482421875 235.7937469482421875 235.46875 232.8562469482421875 228.9812469482421875 224.0749969482421875 220.3000030517578125 219.6374969482421875 223.587493896484375 231.287506103515625 240.4812469482421875 251.8937530517578125 264.40625 276.975006103515625 289.006256103515625 300.46875 311.70001220703125 321.82501220703125 332.84375 343.04376220703125 350.86248779296875 360.087493896484375 366.51873779296875 368.3125 369.33123779296875 373.09375 371.631256103515625 371.462493896484375 375.912506103515625 383.17498779296875
256.92498779296875 257.287506103515625 258.725006103515625 259.79998779296875 258.04998779296875 253.1062469482421875 248.3562469482421875 243.912506103515625 239.53125 238.850006103515625 240.53125 242.75 246.600006103515625 250.4499969482421875 250.8625030517578125 250.006256103515625 248.131256103515625 246.03125 242.65625 239.1374969482421875 234.71875 231.1374969482421875 229.8562469482421875 234.78125 241.46875 250.149993896484375 260.774993896484375 271.20623779296875 283.14373779296875 296.20623779296875 307.08123779296875 316.89373779296875 327.96875 340.10626220703125 350.037506103515625 358.9375 367.45623779296875 374.15625 374.837493896484375 380.787506103515625 385.399993896484375 386.725006103515625 390.09375 398.056243896484375 412.84375
251.4375 252.037506103515625 253.037506103515625 253.8625030517578125 251.53125 248.5812530517578125 245.8000030517578125 242.5500030517578125 239.5 238.993743896484375 242.725006103515625 250.1875 258.01251220703125 263.26873779296875 264.01251220703125 262.493743896484375 261.07501220703125 258.493743896484375 253.600006103515625 248.8874969482421875 244.975006103515625 241.837493896484375 240.625 244.7937469482421875 250.8937530517578125 258.212493896484375 267.76251220703125 278.53125 290.743743896484375 302.21875 313.76873779296875 323.9375 334.88751220703125 347.912506103515625 358.59375 367.15625 374.524993896484375 379.53125 383.087493896484375 389.068756103515625 393.46875 397.60626220703125 404.162506103515625 414.46875 430.96875
247.368743896484375 247.21875 248.006256103515625 247.631256103515625 246.125 244.7062530517578125 242.287506103515625 239.90625 235.9187469482421875 237.1062469482421875 244.7312469482421875 256.399993896484375 270.01873779296875 278.756256103515625 279.07501220703125 276.193756103515625 273.63751220703125 269.46875 263.98126220703125 257.54376220703125 254.5124969482421875 251.7375030517578125 250.587493896484375 253.881256103515625 259.46875 264.91876220703125 274.75 285.75 297.375 307.912506103515625 319.318756103515625 330.75 342.54998779296875 354.668731689453125 365.212493896484375 372.98748779296875 378.600006103515625 386.35626220703125 390.243743896484375 393.95001220703125 398.625 402.600006103515625 410.26251220703125 420.14373779296875 432.975006103515625
244.6999969482421875 243.693756103515625 243.75 242.8625030517578125 241.193756103515625 238.6750030517578125 236.493743896484375 232.9375 228.743743896484375 230.0124969482421875 241.125 259.13751220703125 278.087493896484375 290.243743896484375 291.70623779296875 289.337493896484375 285.63751220703125 280.625 274.412506103515625 267.40625 263.58123779296875 261.431243896484375 259.63751220703125 261.75 266.29998779296875 271.943756103515625 280.86248779296875 291.34375 302.712493896484375 312.98126220703125 324.92498779296875 336.037506103515625 348.75 361.056243896484375 371.01873779296875 376.20623779296875 383.78125 389.01873779296875 389.912506103515625 393.03125 397.375 401.89373779296875 407.88751220703125 416.78125 425.1875
242.1374969482421875 240.774993896484375 239.6687469482421875 238.431243896484375 236.5749969482421875 234.3562469482421875 232.725006103515625 228.5 222.8562469482421875 220.318756103515625 237.3874969482421875 266.42498779296875 288.131256103515625 299.59375 302.67498779296875 301.32501220703125 297.70001220703125 291.90625 284.818756103515625 276.850006103515625 273.131256103515625 269.48126220703125 267.6875 269.13751220703125 273.1875 278.78125 287.20001220703125 297.631256103515625 308.35626220703125 318.82501220703125 330.42498779296875 341.58123779296875 354.868743896484375 367.506256103515625 377.01873779296875 381.45001220703125 385.95623779296875 388.3125 388.9375 389.787506103515625 391.037506103515625 394.84375 401.73126220703125 408.787506103515625 414.20623779296875
239.4812469482421875 237.7062530517578125 236.212493896484375 235.350006103515625 234 233.368743896484375 231.9562530517578125 229.09375 225.787506103515625 222.725006103515625 253.8937530517578125 285.587493896484375 302.118743896484375 311.131256103515625 314.1875 313.037506103515625 308.92498779296875 303.29376220703125 296.087493896484375 287.5 282.375 277.26251220703125 274.45001220703125 275.412506103515625 278.993743896484375 284.61248779296875 292.11248779296875 301.88751220703125 312.431243896484375 323.71875 334.66876220703125 344.64373779296875 357.76873779296875 370.86248779296875 379.91876220703125 383.131256103515625 384.15625 385.381256103515625 385.412506103515625 384.462493896484375 383.4375 387.53125 391.79376220703125 395.51251220703125 400.64373779296875
237.631256103515625 234.1750030517578125 233.3562469482421875 232.6875 232.15625 232.5124969482421875 232.443756103515625 234.46875 241.1437530517578125 259.36248779296875 296.83123779296875 308.006256103515625 313.993743896484375 320.256256103515625 322.993743896484375 322.068756103515625 319.6875 312.787506103515625 304.524993896484375 295.756256103515625 287.96875 281.943756103515625 278.681243896484375 279.381256103515625 282.29998779296875 287.412506103515625 295.03125 304.537506103515625 315.131256103515625 327.08123779296875 337.243743896484375 346.20623779296875 356.5625 365.631256103515625 375.66876220703125 377.662506103515625 376.86248779296875 377.318756103515625 375.61248779296875 372.21875 370.71875 372.931243896484375 375.16876220703125 379.4375 383.79376220703125
236.0812530517578125 232.4499969482421875 231.2375030517578125 230 231.162506103515625 233.40625 236.0187530517578125 242.6687469482421875 255.4375 275.975006103515625 299.806243896484375 314.537506103515625 322.04998779296875 328.59375 331.29376220703125 332.13751220703125 330.756256103515625 323.868743896484375 313.38751220703125 303.024993896484375 291.70001220703125 285.03125 281.256256103515625 281.5625 284.79376220703125 289.41876220703125 297.118743896484375 307.006256103515625 316.92498779296875 327.875 337 346.79998779296875 356.556243896484375 363.212493896484375 368.17498779296875 368.92498779296875 367.399993896484375 366.306243896484375 363.28125 358.76873779296875 356.90625 357.881256103515625 358.38751220703125 361.212493896484375 365.412506103515625
