data/historical-monthly-weather-data/wc2.1_cruts4.09_10m_prec_1968-02.asc
ncols        45
nrows        45
xllcorner    -63.500000000000
yllcorner    -7.500000000000
cellsize     0.166666666667
NODATA_value -9999
[rows 0 to 18 of 45, columns 0 to 43 of 45]
90.6687469482421875 86.18125152587890625 83.4187469482421875 82.52500152587890625 80.7312469482421875 81.4375 81.53749847412109375 80.38124847412109375 79.63124847412109375 80.4499969482421875 83.3312530517578125 86.1750030517578125 88.7062530517578125 88.3874969482421875 89.63124847412109375 91.1062469482421875 93.125 93.03749847412109375 95.4375 98.13750457763671875 100.61875152587890625 103.125 106.99375152587890625 111.49375152587890625 116.8874969482421875 123.0437469482421875 130.40625 138.40625 147.087493896484375 154.4562530517578125 162.6437530517578125 171.506256103515625 179.1875 187.524993896484375 196.6125030517578125 203.625 208.5749969482421875 212.693756103515625 215.5749969482421875 216.3187408447265625 218.0625 218.25 216.5124969482421875 217.7062530517578125
93.5625 88.9187469482421875 87.28125 85.80625152587890625 84.9250030517578125 86.875 87.74375152587890625 89.03749847412109375 90.66249847412109375 92.1062469482421875 94.1062469482421875 95.625 96.86875152587890625 97.09999847412109375 97.83750152587890625 98.4875030517578125 99.8125 101.3625030517578125 104.4375 107.58750152587890625 109.9875030517578125 113.0749969482421875 117.00624847412109375 121.0749969482421875 125.28749847412109375 130.9499969482421875 137.6750030517578125 145.7062530517578125 153.6875 160.306243896484375 166.537506103515625 175.09375 182.600006103515625 191.2312469482421875 199.1437530517578125 205.4875030517578125 210.3562469482421875 213.78125 216.0500030517578125 216.4562530517578125 217.4875030517578125 217.087493896484375 214.8125 214.96875
96.0187530517578125 91.41249847412109375 89.97499847412109375 89.1875 89.24375152587890625 91.7312469482421875 94.74375152587890625 98.47499847412109375 102.24375152587890625 104.4812469482421875 105.78125 106.53125 106.8000030517578125 106.22499847412109375 106.13124847412109375 106.1437530517578125 106.5124969482421875 108.19374847412109375 110.6999969482421875 113.5749969482421875 116.03125 119.94374847412109375 123.40000152587890625 127.34375 132.6062469482421875 137.40625 143.975006103515625 152 158.7937469482421875 164.1687469482421875 170.71875 178.131256103515625 186.162506103515625 193.649993896484375 202.443756103515625 207.8625030517578125 213.4499969482421875 218.5250091552734375 219.9562530517578125 220.443756103515625 221.0124969482421875 219.5812530517578125 216.943756103515625 214.6437530517578125
97.2062530517578125 92.7937469482421875 92.46250152587890625 92.46250152587890625 94.375 97.3000030517578125 101.9562530517578125 107.86875152587890625 113.91249847412109375 117.84999847412109375 118.69374847412109375 117.77500152587890625 116.03125 114.2937469482421875 113.90625 113.49375152587890625 113.4250030517578125 113.50624847412109375 115.66249847412109375 119.4562530517578125 122.53125 125.8625030517578125 128.681243896484375 132.8874969482421875 137.78125 142.7375030517578125 149.7937469482421875 157.125 163.3812408447265625 168.7062530517578125 173.8562469482421875 181.693756103515625 188.7687530517578125 196.7624969482421875 204.618743896484375 211.443756103515625 217.6374969482421875 222.84375 225.3874969482421875 226.274993896484375 225.3625030517578125 223.09375 219.8312530517578125 216.068756103515625
100.34375 94.71875 93.68125152587890625 94.7937469482421875 97.7624969482421875 102.1999969482421875 107.61875152587890625 115.75 125.1750030517578125 131.931243896484375 130.243743896484375 126.7375030517578125 124.6374969482421875 122.6374969482421875 121.28125 120.5749969482421875 120.2687530517578125 118.97499847412109375 121.06874847412109375 124.8562469482421875 128.318756103515625 130.649993896484375 133.6437530517578125 138.125 142.774993896484375 147.993743896484375 153.5 159.9250030517578125 167.65625 172.8249969482421875 177.8312530517578125 183.649993896484375 191.6687469482421875 199.8312530517578125 207.537506103515625 214.881256103515625 222.3874969482421875 228.7062530517578125 231.5625 231.462493896484375 230.8937530517578125 226.78125 221.75 217.212493896484375
101.25 96.58750152587890625 95.3625030517578125 96.125 99.08750152587890625 104.74375152587890625 111.50624847412109375 120.13124847412109375 130.881256103515625 140 136.875 133.131256103515625 131.46875 130.1875 129.2750091552734375 129.3625030517578125 128.4562530517578125 126.78125 128.662506103515625 132.024993896484375 134.506256103515625 136.806243896484375 139.6062469482421875 143.5437469482421875 147.524993896484375 153.0187530517578125 158.7624969482421875 164.649993896484375 171.3937530517578125 176.2375030517578125 181.0500030517578125 186.6125030517578125 193.3125 202.7624969482421875 211.037506103515625 218.556243896484375 226.7312469482421875 233.625 237.7624969482421875 238.0500030517578125 235.743743896484375 230.618743896484375 224.8562469482421875 219.368743896484375
102.0625 97.83750152587890625 97.31874847412109375 97.61875152587890625 100.31874847412109375 105.6125030517578125 112.2687530517578125 119.4375 128.0437469482421875 133.75 135.5187530517578125 135.7624969482421875 135.9375 136.2687530517578125 136.8562469482421875 137.78125 138.6125030517578125 138.256256103515625 138.96875 139.600006103515625 140.2062530517578125 142.1750030517578125 143.875 147.40625 152.774993896484375 157.6687469482421875 163.3249969482421875 169.6374969482421875 174.725006103515625 178.725006103515625 184.1437530517578125 189.524993896484375 196.6374969482421875 203.5124969482421875 211.431243896484375 220.6999969482421875 229.0124969482421875 237.056243896484375 243.1875 243.774993896484375 239.75 234.2312469482421875 228.337493896484375 221.962493896484375
102.4562530517578125 98.125 97.875 99.4375 102.16249847412109375 106.5500030517578125 111.43125152587890625 116.18125152587890625 121.15000152587890625 126.28749847412109375 132.03125 136.7375030517578125 139.96875 141.5749969482421875 143.1750030517578125 145.287506103515625 147.1687469482421875 147.9812469482421875 148.75 146.125 144.9250030517578125 145.96875 147.381256103515625 151.3562469482421875 156.8312530517578125 161.7624969482421875 167.318756103515625 172.8125 178.4187469482421875 182.068756103515625 185.993743896484375 191.6875 198.274993896484375 205.256256103515625 212.40625 220.912506103515625 229.6062469482421875 237.693756103515625 243.243743896484375 244.975006103515625 242.9250030517578125 238.212493896484375 232.475006103515625 225.1999969482421875
103.90625 100.13124847412109375 100.0124969482421875 101.6687469482421875 103.96875 107.28749847412109375 111.5625 115.0187530517578125 118.02500152587890625 122.94374847412109375 130.6062469482421875 138.2375030517578125 143.712493896484375 147.03125 147.9562530517578125 149.7062530517578125 150.8937530517578125 151.243743896484375 152.25 149.1999969482421875 147.318756103515625 148.375 150.306243896484375 155.9499969482421875 161.59375 166.5 171.287506103515625 176.46875 182.25 185.693756103515625 190.0124969482421875 195.6437530517578125 201.568756103515625 207.5437469482421875 214.006256103515625 222.774993896484375 231.4187469482421875 239.4187469482421875 245.875 248.8187408447265625 248.068756103515625 244.600006103515625 240.4875030517578125 234.71875
105.2312469482421875 102.0749969482421875 102.34999847412109375 103.625 105.4562530517578125 108.4812469482421875 112.75 116.3312530517578125 121.06874847412109375 126.72499847412109375 134.412506103515625 141.556243896484375 148.587493896484375 152.399993896484375 152.65625 152.087493896484375 151.462493896484375 151.100006103515625 149.90625 147.993743896484375 147.625 149.71875 153.1750030517578125 160.4375 166.350006103515625 171.037506103515625 175.9499969482421875 180.2312469482421875 186.2375030517578125 189.899993896484375 193.3125 198.399993896484375 204.0812530517578125 210.3937530517578125 216.8625030517578125 225.0749969482421875 233.53125 240.631256103515625 247.3562469482421875 252.1687469482421875 254.131256103515625 252.475006103515625 248.8937530517578125 243.274993896484375
106.25 103.6437530517578125 104.03749847412109375 105.2375030517578125 106.74375152587890625 109.9250030517578125 114.1687469482421875 118.83750152587890625 124.8625030517578125 131.6687469482421875 139.90625 147.5625 154.037506103515625 157.7937469482421875 156.4562530517578125 153.931243896484375 151.0625 149.274993896484375 147.306243896484375 146.024993896484375 146.2687530517578125 149.350006103515625 155.1999969482421875 162.1374969482421875 170.568756103515625 175.212493896484375 179.225006103515625 183.9875030517578125 188.8937530517578125 192.1374969482421875 196.162506103515625 200.9749908447265625 205.9250030517578125 211.850006103515625 218.9749908447265625 227.40625 234.5812530517578125 242.3874969482421875 249.506256103515625 254.6062469482421875 258.037506103515625 257.3125 255.21875 251.068756103515625
109.1687469482421875 106.69374847412109375 106.91249847412109375 108.24375152587890625 110.08750152587890625 113.59375 118.21250152587890625 124.1062469482421875 130.8874969482421875 138.568756103515625 147.4875030517578125 154.59375 158.6750030517578125 160.399993896484375 158.6374969482421875 155.162506103515625 151.8249969482421875 149.118743896484375 146.2624969482421875 144.28125 144.6374969482421875 149.024993896484375 157.537506103515625 167.2937469482421875 175.556243896484375 179.087493896484375 182.256256103515625 186.5 191.412506103515625 195.4250030517578125 199.4499969482421875 203.59375 208.5625 214.0500030517578125 220.8000030517578125 229.4875030517578125 238.274993896484375 246.6062469482421875 254.399993896484375 260.61248779296875 265.418731689453125 264.6875 260.89373779296875 255
111.1374969482421875 109.1687469482421875 109.81874847412109375 111.22499847412109375 113.6374969482421875 117.8125 123.28125 129.431243896484375 136.7687530517578125 145.756256103515625 154.8937530517578125 160.6374969482421875 162.625 161.5437469482421875 159.149993896484375 155.256256103515625 151.774993896484375 149.4375 147.1437530517578125 144.6999969482421875 143.8312530517578125 149.350006103515625 159.4562530517578125 169.037506103515625 175.6062469482421875 179.399993896484375 183.912506103515625 188.462493896484375 193.1437530517578125 197.4250030517578125 201.6875 205.8625030517578125 209.6999969482421875 215.25 222.03125 230.506256103515625 239.443756103515625 249.618743896484375 258.756256103515625 266.212493896484375 273.024993896484375 271.46875 264.368743896484375 256.26873779296875
112.4187469482421875 110.8937530517578125 111.93125152587890625 113.75 116.7624969482421875 121.4875030517578125 127.8562469482421875 134.6687469482421875 142.8000030517578125 151.875 160.5437469482421875 163.6687469482421875 163.787506103515625 162.2312469482421875 158.75 155.4499969482421875 151.693756103515625 150.25 148.46875 147.5437469482421875 149.318756103515625 154.743743896484375 162.9562530517578125 169.90625 175.5 179.625 184.774993896484375 189.4250030517578125 194.5187530517578125 198.0749969482421875 202.4375 206.28125 209.725006103515625 215.131256103515625 221.475006103515625 230.5500030517578125 241.15625 252.4875030517578125 263.66876220703125 272.143768310546875 277.399993896484375 272.006256103515625 265.63751220703125 259.13751220703125
112.86875152587890625 111.78749847412109375 113.65625 116.7375030517578125 120.0437469482421875 125.78125 133.1374969482421875 140.337493896484375 148.7624969482421875 157.6624908447265625 165.3249969482421875 167.618743896484375 166.96875 164.84375 161.712493896484375 158.149993896484375 155.0124969482421875 153.8625030517578125 153.1062469482421875 153.6750030517578125 156.899993896484375 161.931243896484375 168.96875 174.375 178.65625 183.2062530517578125 188.1062469482421875 192.162506103515625 196.631256103515625 200.375 203.431243896484375 206.068756103515625 209.2312469482421875 213.287506103515625 219.3249969482421875 228.1312408447265625 240.5500030517578125 254.2624969482421875 266.712493896484375 274.98748779296875 276.850006103515625 273.39373779296875 268.92498779296875 262.40625
112.50624847412109375 112.0749969482421875 114.84375 118.80625152587890625 123.28749847412109375 129.8125 137.75 145.287506103515625 154 163.337493896484375 170.9499969482421875 172.6687469482421875 171.524993896484375 168.5437469482421875 165.3125 160.818756103515625 158.65625 158.806243896484375 159.2062530517578125 160.725006103515625 164.1750030517578125 169.15625 175.3937530517578125 180.3000030517578125 183.118743896484375 186.2249908447265625 190.125 194.4187469482421875 199.2062530517578125 202.837493896484375 205.84375 206.8125 206.912506103515625 208.9562530517578125 212.875 222.5437469482421875 236.6437530517578125 253.3000030517578125 269.100006103515625 278.225006103515625 279.818756103515625 275.243743896484375 269.85626220703125 263.287506103515625
110.96250152587890625 111.8125 115.34999847412109375 120.1374969482421875 125.6999969482421875 132.9375 141.4250030517578125 149.8562469482421875 158.837493896484375 168.493743896484375 176.9250030517578125 178.712493896484375 177.587493896484375 174.3937530517578125 170.84375 166.2562408447265625 162.9812469482421875 163.1437530517578125 164.1750030517578125 166.681243896484375 171.274993896484375 176.5625 182.0124969482421875 185.9375 188.40625 189.256256103515625 191.59375 196.2062530517578125 201.6062469482421875 206.256256103515625 208.65625 208.3000030517578125 205.53125 202.662506103515625 204.943756103515625 214.40625 229.3000030517578125 250.8125 273.375 279.556243896484375 278.16876220703125 273.368743896484375 266.82501220703125 260.28125
107.9250030517578125 109.91249847412109375 114.58750152587890625 120.3312530517578125 126.46250152587890625 134.0625 142.875 151.75 161.274993896484375 171.318756103515625 181.0124969482421875 184.975006103515625 186.125 183.8312530517578125 180.662506103515625 176.1875 170.8937530517578125 168.787506103515625 171.125 173.9562530517578125 180.0812530517578125 185.100006103515625 188.9499969482421875 190.8249969482421875 192.2687530517578125 192.84375 194.087493896484375 199.193756103515625 205.34375 210.6437530517578125 212.1875 207.0625 201.6125030517578125 196.4250030517578125 195.4187469482421875 201.9812469482421875 220.25 242.0437469482421875 262.743743896484375 271.29998779296875 270.5 266.337493896484375 261.42498779296875 256.662506103515625
104.40625 107.625 112.97499847412109375 118.96250152587890625 125.8125 134.306243896484375 143.0124969482421875 152.6125030517578125 163.1437530517578125 173.712493896484375 184.71875 190.162506103515625 193.90625 195.181243896484375 191.3125 184.71875 178.3625030517578125 174.8249969482421875 175.943756103515625 179.756256103515625 186.975006103515625 192.506256103515625 193.399993896484375 194.2624969482421875 195.2062530517578125 196.493743896484375 198.837493896484375 203.4812469482421875 209.96875 216.337493896484375 218.225006103515625 210.662506103515625 200.662506103515625 189.899993896484375 184.287506103515625 191.5437469482421875 209.756256103515625 230.125 248.306243896484375 257.568756103515625 260.10626220703125 256.993743896484375 254.5124969482421875 251.9812469482421875
