data/historical-monthly-weather-data/wc2.1_cruts4.09_10m_prec_1966-08.asc
ncols        45
nrows        45
xllcorner    -63.500000000000
yllcorner    -7.500000000000
cellsize     0.166666666667
NODATA_value -9999
[rows 19 to 37 of 45, columns 0 to 42 of 45]
47.65000152587890625 53.03749847412109375 59.625 66.9562530517578125 73.46875 79.6374969482421875 84.7624969482421875 88.8562469482421875 93.125 95.3125 96.1062469482421875 93.80625152587890625 87.5500030517578125 80.81874847412109375 76.30625152587890625 71.2062530517578125 63.84375 64.0500030517578125 67.1999969482421875 74.65000152587890625 80.96875 92.30625152587890625 111.0187530517578125 122.6875 129.625 130.850006103515625 126.59375 118 106.4250030517578125 91.71250152587890625 84.4562530517578125 91.86875152587890625 97.6374969482421875 104.81874847412109375 112.03749847412109375 112.75 110.3000030517578125 106.75624847412109375 98.96875 88.1125030517578125 75.24375152587890625 66.68125152587890625 60.33750152587890625
41.206249237060546875 47.643749237060546875 55.59375 63.543750762939453125 69.7624969482421875 75.94374847412109375 82.03125 87.1999969482421875 91.94374847412109375 94.3249969482421875 96.09999847412109375 95.4499969482421875 89.25 82.31874847412109375 76.53749847412109375 71.375 65.71875 63.68125152587890625 68.53125 74.43125152587890625 85.49375152587890625 99.75 115.59375 127.65625 137.9375 136.9187469482421875 126.05625152587890625 116.65000152587890625 107.75 100.66249847412109375 96.6687469482421875 98.4187469482421875 99.61875152587890625 102.25624847412109375 108.1875 108.22499847412109375 107.7687530517578125 104.30625152587890625 95.81874847412109375 86.18125152587890625 74.5437469482421875 67.00624847412109375 61.018749237060546875
36.612499237060546875 42.3125 50.78749847412109375 59.91249847412109375 67.7312469482421875 73.5500030517578125 80.6125030517578125 85.3125 90.7375030517578125 93.25 97.15000152587890625 99.90625 99.6999969482421875 93.8562469482421875 87.05625152587890625 78.71875 75.4187469482421875 74.36875152587890625 77.8562469482421875 83.78749847412109375 89.9375 101.96250152587890625 117.44374847412109375 127.9250030517578125 134.6374969482421875 136.0749969482421875 134.90625 124.06874847412109375 115.90625 107.9250030517578125 102.125 99.18125152587890625 98.78749847412109375 100.4250030517578125 100.65000152587890625 100.96250152587890625 102.65000152587890625 101.72499847412109375 94.6750030517578125 84.91249847412109375 74.15000152587890625 66.59375 59.68125152587890625
32.4375 39.28125 48.63124847412109375 57.66249847412109375 66.4875030517578125 72.78749847412109375 77.90625 82.3874969482421875 89.05625152587890625 95.1750030517578125 102.0812530517578125 107.78125 111.86875152587890625 107.6875 98.7312469482421875 89.5812530517578125 83.34375 82.79375457763671875 85.72499847412109375 90.15000152587890625 96.84375 108.18125152587890625 121.36875152587890625 125.03125 133.9499969482421875 139.53125 137.3562469482421875 130.4499969482421875 119.93125152587890625 108.94374847412109375 101.9187469482421875 98.59375 97.0187530517578125 95.18125152587890625 93.08750152587890625 89.61875152587890625 91.7312469482421875 95.83750152587890625 92.02500152587890625 82.4187469482421875 73.2624969482421875 65.27500152587890625 58.612499237060546875
29.137500762939453125 36.30625152587890625 46.43125152587890625 54.9375 63.462497711181640625 70.0437469482421875 76.46875 82.68125152587890625 86.96250152587890625 94.5500030517578125 102.78749847412109375 113.2687530517578125 120.3937530517578125 115.91249847412109375 107.59999847412109375 99.09999847412109375 93.34999847412109375 92.27500152587890625 94.2312469482421875 98.93125152587890625 105.6125030517578125 115.46875 124.8874969482421875 130.431243896484375 135.8874969482421875 137.912506103515625 138.068756103515625 127.8562469482421875 118.875 109.8562469482421875 103.1999969482421875 98.1875 95.71250152587890625 90.90000152587890625 87.25624847412109375 82.4375 83.47499847412109375 87.91249847412109375 85.80625152587890625 77.90000152587890625 69.6125030517578125 62.9375 56.700000762939453125
26.543750762939453125 33.46250152587890625 43.612499237060546875 53.825000762939453125 63.325000762939453125 69.47499847412109375 75.0812530517578125 81.46250152587890625 87.4812469482421875 95.24375152587890625 102.3937530517578125 110.65000152587890625 117.1750030517578125 115.75 110.7062530517578125 105.36875152587890625 101.21250152587890625 100.21875 101.90625 106.46875 113.18125152587890625 121.03125 129.399993896484375 133.568756103515625 135.1875 138.6999969482421875 133.3125 124.25624847412109375 115.71250152587890625 108.2312469482421875 101.1687469482421875 95.40625 92.375 89.03125 84.59999847412109375 79.8312530517578125 80.125 80.02500152587890625 77.78749847412109375 72.50624847412109375 65.74375152587890625 60.58750152587890625 55.393749237060546875
24.581249237060546875 31.287500381469726562 40.61875152587890625 51.72499847412109375 60.825000762939453125 67.05625152587890625 72.84375 80.06874847412109375 84.90625 91.1374969482421875 98.4812469482421875 105.54999542236328125 111.03125 110.4499969482421875 109.69374847412109375 106.34375 104.59999847412109375 105.53125 106.6750030517578125 112.2375030517578125 119.18125152587890625 125.53125 134.006256103515625 134.3874969482421875 134.2624969482421875 135.1062469482421875 129.962493896484375 121.0625 113.3937530517578125 106.8249969482421875 99.43125152587890625 93.69374847412109375 89.3249969482421875 85.375 80.8874969482421875 78.15000152587890625 76.8000030517578125 74.30625152587890625 72.34999847412109375 67 61.81874847412109375 57.5625 53.799999237060546875
22.40625 27.774999618530273438 36.80625152587890625 46.59375 55.46875 61.99375152587890625 69.11875152587890625 75.47499847412109375 79.8562469482421875 87.40625 95.1062469482421875 99.3312530517578125 103.44374847412109375 104.6875 106.25 105.1999969482421875 105.5625 106.96250152587890625 110.1875 113.78749847412109375 118.5 126.0187530517578125 132.274993896484375 134.0187530517578125 132.912506103515625 129.524993896484375 125.46250152587890625 117.2062530517578125 108.75624847412109375 101.53125 95.93125152587890625 89.34999847412109375 85.8874969482421875 82.2062530517578125 77.27500152587890625 74.53749847412109375 71.3000030517578125 68.8249969482421875 65.61875152587890625 60.956249237060546875 56.47499847412109375 53.418750762939453125 51.6875
20.4375 24.149999618530273438 32.33750152587890625 41.299999237060546875 49.94374847412109375 56.3125 63.59375 70.58750152587890625 76.28749847412109375 83.19374847412109375 88.75 92.4875030517578125 96.3312530517578125 99.47499847412109375 100.97499847412109375 102.3312530517578125 104.86875152587890625 107.33750152587890625 111.1875 114.63124847412109375 119.6437530517578125 123.53749847412109375 131.5625 131.8312530517578125 129.1125030517578125 123.96250152587890625 119.4375 112.4250030517578125 104.7937469482421875 98.1750030517578125 91.53749847412109375 84.9375 81.59375 77.28125 74.22499847412109375 70.3249969482421875 66.16249847412109375 63.168750762939453125 60.612499237060546875 57.125 53 51.200000762939453125 49.90625
17.912500381469726562 21.337499618530273438 28.337499618530273438 36.356250762939453125 43.424999237060546875 50.1875 57.012500762939453125 63.53125 71.1062469482421875 77.00624847412109375 82.6750030517578125 86.11875152587890625 89.69374847412109375 93.6374969482421875 96.5625 99.03749847412109375 103.38124847412109375 107.2624969482421875 111.3312530517578125 115.6437530517578125 120.0437469482421875 123.8562469482421875 129.9499969482421875 127.81874847412109375 125.2624969482421875 118.9562530517578125 114.4562530517578125 106.96875 99.11875152587890625 92.8249969482421875 86.3000030517578125 80.6999969482421875 76.1687469482421875 71.59375 68.9187469482421875 66.4499969482421875 63.018749237060546875 60.00624847412109375 57.63124847412109375 53.8125 49.21250152587890625 48.03749847412109375 47.86875152587890625
16.34375 18.799999237060546875 24.700000762939453125 30.799999237060546875 37.112499237060546875 44.081249237060546875 50.72499847412109375 58.24375152587890625 64.75624847412109375 70.2624969482421875 76.41249847412109375 80.71875 84.4375 88.08750152587890625 91.4875030517578125 94.46875 97.8125 103.84999847412109375 110.40625 112.77500152587890625 116.4562530517578125 121.93125152587890625 127.60625457763671875 124.1062469482421875 119.46250152587890625 115.4375 108.2062530517578125 100.52500152587890625 91.24375152587890625 85.2062530517578125 79.96875 75.4375 71.0124969482421875 67.2375030517578125 64.46875 61.28125 59.674999237060546875 57.262500762939453125 54.40000152587890625 52.21875 49.1875 47.68125152587890625 46.075000762939453125
14.893750190734863281 16.056249618530273438 20.462499618530273438 25.818750381469726562 31.96875 38.61875152587890625 45.71250152587890625 52.299999237060546875 58.293750762939453125 63.887500762939453125 69.4250030517578125 75.3937530517578125 80.8000030517578125 84.66249847412109375 86.59999847412109375 89.5812530517578125 94.6062469482421875 100.8125 107.9875030517578125 111.94374847412109375 114.96250152587890625 116.90000152587890625 121.1437530517578125 117.56874847412109375 112.46250152587890625 109 100.3249969482421875 93.43125152587890625 85.69374847412109375 80.40000152587890625 75.94374847412109375 71.03749847412109375 66.2687530517578125 62.75 60.918750762939453125 57.575000762939453125 55.69374847412109375 53.56874847412109375 52.262500762939453125 51.375 48.625 45.58750152587890625 43.387500762939453125
13.831250190734863281 14.050000190734863281 17.450000762939453125 21.65625 26.84375 33.4375 40.168750762939453125 46.106250762939453125 52.299999237060546875 58.24375152587890625 63.90625 69.4187469482421875 74.13124847412109375 79.16249847412109375 82.11875152587890625 87.2375030517578125 91.28749847412109375 96.7062530517578125 102.15625 106.9875030517578125 110.5749969482421875 115.03749847412109375 116.53749847412109375 110.1750030517578125 105.74375152587890625 101.59999847412109375 93.5625 86.99375152587890625 79.2937469482421875 74.0812530517578125 70.6687469482421875 65.8562469482421875 61.58750152587890625 58.643749237060546875 55.15625 51.887500762939453125 50.18125152587890625 48.58750152587890625 47.93125152587890625 47.31874847412109375 44.96875 42.1875 40.90625
15.262499809265136719 14.96875 17.356250762939453125 20.393749237060546875 23.806249618530273438 29.106250762939453125 35.13124847412109375 40.625 46.18125152587890625 52.481250762939453125 59.46250152587890625 64.05625152587890625 68.5749969482421875 74.6437530517578125 77.7375030517578125 82.7062530517578125 86.5812530517578125 92.13124847412109375 96.77500152587890625 101.0187530517578125 103.99375152587890625 107.13124847412109375 108.88124847412109375 105.56874847412109375 101.0500030517578125 95.34999847412109375 87.90000152587890625 79.16249847412109375 72.56874847412109375 67.59999847412109375 64.6062469482421875 60.174999237060546875 56.09999847412109375 52.674999237060546875 49.43125152587890625 46.393749237060546875 44.612499237060546875 42.74375152587890625 42.19374847412109375 41.71250152587890625 39.63124847412109375 37.91249847412109375 36.700000762939453125
16.912500381469726562 16.549999237060546875 17.793750762939453125 19.862499237060546875 21.362499237060546875 25.818750381469726562 30.950000762939453125 35.668750762939453125 40.94374847412109375 46.700000762939453125 52.793750762939453125 58.356250762939453125 64.21250152587890625 68.05625152587890625 72.3312530517578125 75.9375 80.75 85.0124969482421875 88.7624969482421875 93.38124847412109375 96.6437530517578125 99.50624847412109375 101.8125 97.7062530517578125 94.3562469482421875 89.625 82.0625 73.21250152587890625 67.63124847412109375 63.46250152587890625 59.96875 55.575000762939453125 50.793750762939453125 46.66249847412109375 43.80625152587890625 41.012500762939453125 39.15000152587890625 37.06874847412109375 36.612499237060546875 35.69374847412109375 34.918750762939453125 33.91249847412109375 32.71250152587890625
18.800001144409179688 18.131250381469726562 18.600000381469726562 19.162500381469726562 20.049999237060546875 23.487499237060546875 27.425001144409179688 31.368749618530273438 35.84999847412109375 41.63124847412109375 47.38124847412109375 53.668750762939453125 58.706249237060546875 64.13124847412109375 68.03749847412109375 72.0812530517578125 76.2687530517578125 79.78749847412109375 83.0625 87.1750030517578125 90.40000152587890625 92.4875030517578125 93.4187469482421875 90.61875152587890625 86.84999847412109375 83.2312469482421875 75.93125152587890625 67.9375 62.84375 59.18125152587890625 54.793750762939453125 50.174999237060546875 45.65625 41.31874847412109375 38.143749237060546875 35.581249237060546875 33.19374847412109375 31.731250762939453125 31.524999618530273438 30.84375 29.899999618530273438 29.125 28.487499237060546875
22.056249618530273438 21.412500381469726562 21.368749618530273438 21.5 22.068750381469726562 24.268749237060546875 26.956249237060546875 29.5 33.40625 38.424999237060546875 44.1875 49.549999237060546875 55.46250152587890625 60.700000762939453125 64.75624847412109375 69.21250152587890625 72.39374542236328125 76.2687530517578125 78.0749969482421875 81.09375 84.1062469482421875 87.47499847412109375 87.7062530517578125 85.21250152587890625 81.03749847412109375 76.80625152587890625 69.90625 64.5187530517578125 58.518749237060546875 54.237499237060546875 50.02500152587890625 45.75 40.268749237060546875 36.674999237060546875 33.299999237060546875 30.524999618530273438 29.162500381469726562 27.950000762939453125 27.3125 27.15625 26.40625 26.268749237060546875 25.225000381469726562
24.575000762939453125 23.899999618530273438 23.631250381469726562 23.71875 24.0625 25.575000762939453125 27.356250762939453125 29.337499618530273438 32.08750152587890625 35.5 41.65000152587890625 48.362499237060546875 54.41249847412109375 58.918750762939453125 63.30625152587890625 66.375 69.25 71.90000152587890625 73.90625 75.4875030517578125 77.9875030517578125 80.8000030517578125 81.3249969482421875 79.40625 76.25 71.11875152587890625 65.6687469482421875 60.34999847412109375 53.8125 49.700000762939453125 46.03125 41.481250762939453125 36.63124847412109375 32.4375 29.181249618530273438 27.024999618530273438 25.875 25.100000381469726562 24.431249618530273438 24.262500762939453125 23.506250381469726562 23.356250762939453125 22.431249618530273438
26.512500762939453125 26.043748855590820312 25.475000381469726562 25.84375 26.15625 26.912500381469726562 27.96875 29.181249618530273438 31.868749618530273438 34.543750762939453125 42.25624847412109375 49.09375 53.375 58.387500762939453125 62.78125 65.2312469482421875 66.81874847412109375 68.0437469482421875 70.78749847412109375 71.75624847412109375 73.4375 74.58750152587890625 75.03125 73.3312530517578125 70.77500152587890625 67.2375030517578125 62.424999237060546875 57.643749237060546875 52.143749237060546875 47.46250152587890625 42.924999237060546875 39.137500762939453125 34.737499237060546875 29.606250762939453125 26.037500381469726562 23.950000762939453125 23.575000762939453125 23.143749237060546875 22.737499237060546875 22.53125 21.087499618530273438 20.46875 19.837499618530273438
