data/historical-monthly-weather-data/wc2.1_cruts4.09_10m_prec_1966-02.asc
ncols        51
nrows        45
xllcorner    -63.500000000000
yllcorner    -7.500000000000
cellsize     0.166666666667
NODATA_value -9999
[rows 0 to 19 of 45, columns 0 to 43 of 51]
102.8625030517578125 97.59999847412109375 92.7312469482421875 89.8125 85.8249969482421875 83.80625152587890625 81.0437469482421875 77.1999969482421875 74.1999969482421875 72.71875 73.21250152587890625 74.5 75.64374542236328125 74.5187530517578125 75.61875152587890625 77.0500030517578125 78.96250152587890625 79.28749847412109375 81.72499847412109375 84.375 86.375 88.30625152587890625 91.4875030517578125 95.90000152587890625 101.19374847412109375 107.40625 115.9812469482421875 125.50624847412109375 135.225006103515625 140.3312530517578125 145.493743896484375 151.0812530517578125 155.5749969482421875 160.5187530517578125 165.993743896484375 170.037506103515625 172.3249969482421875 174.0187530517578125 175.5 175.3562469482421875 176.09375 175.993743896484375 174.431243896484375 175.34375
106.72499847412109375 102.13124847412109375 99.28125 96.36875152587890625 93.96250152587890625 93.4562530517578125 91.5749969482421875 90.13124847412109375 89.125 87.91249847412109375 87.3562469482421875 87.25 87.03125 86.09999847412109375 86.40000152587890625 86.80625152587890625 87.9187469482421875 90.03125 93.63124847412109375 97.16249847412109375 99.28125 101.95000457763671875 105.38124847412109375 109.15000152587890625 113.0625 118.5 126.0124969482421875 134.993743896484375 143.631256103515625 148.4187469482421875 152.3312530517578125 158.193756103515625 162.6125030517578125 167.84375 172.399993896484375 176.024993896484375 178.40625 179.662506103515625 180.8249969482421875 180.5812530517578125 180.8625030517578125 180.1437530517578125 177.881256103515625 177.7375030517578125
108.49375152587890625 104.5124969482421875 102.53749847412109375 101.01874542236328125 100.25624847412109375 100.9562530517578125 101.9499969482421875 103.5437469482421875 104.90000152587890625 104.56874847412109375 103.4187469482421875 102.40625 101.09999847412109375 99.19374847412109375 98.4562530517578125 97.96250152587890625 97.9562530517578125 99.8312530517578125 102.5812530517578125 105.5749969482421875 107.5500030517578125 110.77500152587890625 113.5500030517578125 116.84375 121.34375 125.5749969482421875 132.443756103515625 140.875 147.8562469482421875 151.1687469482421875 155.09375 159.59375 164.0812530517578125 167.875 172.743743896484375 175.2375030517578125 177.931243896484375 180.287506103515625 180.5812530517578125 180.2687530517578125 180.100006103515625 178.649993896484375 176.287506103515625 174.2687530517578125
108.46875 105.2312469482421875 105.16249847412109375 105.28125 107.3312530517578125 109.25 112.8312530517578125 117.6062469482421875 121.8000030517578125 123.5500030517578125 122.0812530517578125 119.19374847412109375 115.66249847412109375 112.38124847412109375 110.98749542236328125 109.71250152587890625 108.9375 108.7624969482421875 110.66249847412109375 114.06874847412109375 116.28749847412109375 118.6437530517578125 120.5124969482421875 123.61875152587890625 127.3125 131.1750030517578125 137.9562530517578125 145.131256103515625 150.9812469482421875 153.7937469482421875 156 160.3625030517578125 163.4875030517578125 167.1374969482421875 170.625 173.8937530517578125 176.662506103515625 178.7062530517578125 179.71875 179.556243896484375 178.068756103515625 176.1875 173.6062469482421875 170.693756103515625
110.6999969482421875 106.56874847412109375 106.3562469482421875 108.38124847412109375 112.3249969482421875 116.77500152587890625 122.05625152587890625 130.21875 138.78125 144.0124969482421875 140.0124969482421875 134.1999969482421875 130.056243896484375 126.22499847412109375 123.46250152587890625 121.5 120.09999847412109375 118.03749847412109375 119.375 122.33750152587890625 124.5625 125.61875152587890625 127.24375152587890625 130.1062469482421875 133.0124969482421875 136.5749969482421875 141.28125 146.993743896484375 153.537506103515625 155.7687530517578125 157.3249969482421875 159.4250030517578125 162.8000030517578125 166.0437469482421875 168.8375091552734375 172.056243896484375 175.462493896484375 177.962493896484375 178.975006103515625 177.881256103515625 176.59375 173.493743896484375 169.881256103515625 166.631256103515625
111.4187469482421875 108.4875030517578125 108.1062469482421875 109.7062530517578125 113.72499847412109375 119.6687469482421875 126.61875152587890625 135.5124969482421875 145.818756103515625 153.975006103515625 148.6437530517578125 142.712493896484375 139.118743896484375 136.1374969482421875 133.774993896484375 132.6125030517578125 130.5187530517578125 127.9375 128.962493896484375 131.350006103515625 132.149993896484375 132.662506103515625 133.5437469482421875 135.212493896484375 136.8625030517578125 140.037506103515625 144.53125 149.3249969482421875 154.5500030517578125 156.193756103515625 157.3312530517578125 158.899993896484375 160.850006103515625 164.774993896484375 167.662506103515625 170.618743896484375 174.1374969482421875 176.7624969482421875 178.46875 177.5 174.7687530517578125 171.03125 166.975006103515625 163.1875
112.1999969482421875 109.78125 110.11875152587890625 111.1437530517578125 114.74375152587890625 120.2624969482421875 127.1125030517578125 134.40625 142.649993896484375 147.462493896484375 147.899993896484375 146.53125 145.1687469482421875 144.056243896484375 143.381256103515625 143.1125030517578125 142.837493896484375 141.5124969482421875 141.34375 140.8312530517578125 139.225006103515625 138.7687530517578125 137.96875 138.5437469482421875 140.787506103515625 142.681243896484375 146.6687469482421875 151.4250030517578125 154.8312530517578125 155.4562530517578125 156.8687591552734375 158 159.9499969482421875 161.475006103515625 163.725006103515625 167.712493896484375 170.943756103515625 174.0625 176.96875 176.037506103515625 171.993743896484375 168.03125 163.9812469482421875 159.7312469482421875
112.56874847412109375 109.99375152587890625 110.55625152587890625 112.88124847412109375 116.44374847412109375 120.90625 125.8000030517578125 130.4562530517578125 134.9187469482421875 139.475006103515625 144.625 148.4375 150.5812530517578125 151.0437469482421875 151.568756103515625 152.6875 153.59375 153.4375 153.243743896484375 149.3000030517578125 145.2375030517578125 143.2062530517578125 141.4812469482421875 141.7937469482421875 143.3562469482421875 144.662506103515625 148.131256103515625 151.8312530517578125 155.306243896484375 155.462493896484375 155.412506103515625 156.6125030517578125 157.90625 159.2249908447265625 160.568756103515625 163.631256103515625 166.8000030517578125 169.6062469482421875 171.7937469482421875 171.506256103515625 168.774993896484375 165.4375 161.5812530517578125 156.818756103515625
114.2375030517578125 112.08750152587890625 112.6999969482421875 115.0749969482421875 118.05625152587890625 121.34375 125.5187530517578125 128.75 131.0437469482421875 135.3874969482421875 142.6687469482421875 149.6875 154.25 156.5437469482421875 156.6125030517578125 157.5437469482421875 157.8625030517578125 157.068756103515625 156.899993896484375 152.243743896484375 147.037506103515625 144.568756103515625 142.9250030517578125 144.5187530517578125 145.9562530517578125 146.9812469482421875 149.6875 153.1062469482421875 156.78125 157.0187530517578125 157.625 159.09375 159.9875030517578125 160.600006103515625 161.5187530517578125 164.5749969482421875 167.493743896484375 169.9562530517578125 172.3874969482421875 172.493743896484375 170.28125 167.5749969482421875 164.649993896484375 160.8249969482421875
115.84999847412109375 114.13124847412109375 115.06874847412109375 116.93125152587890625 119.2937469482421875 122.24375152587890625 126.44374847412109375 129.787506103515625 133.962493896484375 139.0437469482421875 146.25 152.6687469482421875 158.868743896484375 161.71875 161.2624969482421875 160.0124969482421875 158.618743896484375 156.868743896484375 154.1750030517578125 150.443756103515625 146.399993896484375 144.5625 143.9812469482421875 146.8312530517578125 148.256256103515625 148.881256103515625 151.756256103515625 154.412506103515625 158.375 159.1687469482421875 159.53125 161.024993896484375 161.899993896484375 163 164.0500030517578125 166.524993896484375 169.056243896484375 170.625 172.7937469482421875 173.712493896484375 172.899993896484375 171.1374969482421875 168.3249969482421875 164.4375
117.05625152587890625 115.66249847412109375 116.63124847412109375 118.30625152587890625 120.25624847412109375 123.34375 127.5124969482421875 132.0500030517578125 137.5500030517578125 143.787506103515625 151.506256103515625 158.4250030517578125 164.024993896484375 166.8312530517578125 164.8937530517578125 161.8125 158.2687530517578125 154.8312530517578125 151.118743896484375 147.806243896484375 144.056243896484375 142.8249969482421875 144.149993896484375 146.506256103515625 150.0124969482421875 150.462493896484375 152.600006103515625 155.787506103515625 158.943756103515625 159.837493896484375 161.1999969482421875 162.9499969482421875 163.556243896484375 164.5500030517578125 166.3000030517578125 168.850006103515625 170.306243896484375 172.181243896484375 174.1437530517578125 174.78125 174.475006103515625 173 170.9187469482421875 167.8000030517578125
119.9187469482421875 118.55625152587890625 119.2375030517578125 121.02500152587890625 123.22499847412109375 126.56874847412109375 130.9875030517578125 136.7312469482421875 142.9250030517578125 149.96875 158.3000030517578125 164.8125 168.0187530517578125 168.899993896484375 166.5437469482421875 162.5 158.4187469482421875 153.931243896484375 149.2375030517578125 145.1374969482421875 141.350006103515625 141.1374969482421875 144.743743896484375 149.618743896484375 153 152.5 154.162506103515625 157.131256103515625 160.537506103515625 162.5437469482421875 164.443756103515625 166.162506103515625 167.1062469482421875 168.118743896484375 169.943756103515625 173.037506103515625 176 178.46875 180.5437469482421875 181.3874969482421875 181.524993896484375 179.6999969482421875 176.1374969482421875 171.5749969482421875
121.68125152587890625 120.7312469482421875 121.81874847412109375 123.5749969482421875 126.3562469482421875 130.2687530517578125 135.4499969482421875 141.306243896484375 147.9562530517578125 156.25 164.7062530517578125 169.912506103515625 171.2375030517578125 169.3625030517578125 166.3625030517578125 161.8625030517578125 157.6062469482421875 153.443756103515625 149.21875 144.5812530517578125 139.399993896484375 140.0625 144.9250030517578125 149.693756103515625 151.6999969482421875 151.625 154.6875 158.1687469482421875 161.7062530517578125 164.412506103515625 167.024993896484375 169.2624969482421875 169.725006103515625 171.15625 173.462493896484375 176.806243896484375 180.318756103515625 184.4812469482421875 187.1999969482421875 188.412506103515625 189.3937530517578125 186.6062469482421875 180.40625 174.0749969482421875
122.61875152587890625 122.0124969482421875 123.38124847412109375 125.5 128.787506103515625 133.1374969482421875 139.1437530517578125 145.493743896484375 152.8625030517578125 161.100006103515625 168.96875 171.6062469482421875 171.1875 169.0187530517578125 164.90625 161.0124969482421875 156.462493896484375 153.15625 149.431243896484375 146.1999969482421875 143.3249969482421875 143.5500030517578125 146.3937530517578125 148.9375 150.3125 150.8000030517578125 154.662506103515625 158.5437469482421875 162.712493896484375 165.3000030517578125 168.5124969482421875 171.0124969482421875 171.524993896484375 173.25 175.631256103515625 179.875 185.131256103515625 190.5749969482421875 194.618743896484375 196.274993896484375 195.8125 189.8562469482421875 183.625 177.943756103515625
122.3562469482421875 121.96250152587890625 123.9375 127.1125030517578125 130.412506103515625 135.649993896484375 142.475006103515625 149.037506103515625 156.618743896484375 164.568756103515625 171.3125 173.0124969482421875 171.725006103515625 168.962493896484375 165.1999969482421875 161.0437469482421875 157.131256103515625 154.193756103515625 151.5500030517578125 149.837493896484375 148.1999969482421875 147.8874969482421875 149.5625 151.2375030517578125 152.0999908447265625 153.5437469482421875 157.587493896484375 161.3000030517578125 165.3312530517578125 168.4499969482421875 170.9375 172.774993896484375 173.318756103515625 174.243743896484375 176.6750030517578125 181.15625 188.3000030517578125 196.149993896484375 202.243743896484375 204.9250030517578125 202.78125 197.006256103515625 190.6125030517578125 183.5625
121.15625 121.15000152587890625 123.7937469482421875 127.53749847412109375 131.787506103515625 137.6125030517578125 144.8249969482421875 151.506256103515625 159.28125 167.6374969482421875 174.212493896484375 175.181243896484375 173.3249969482421875 169.5625 165.712493896484375 160.6125030517578125 157.71875 156.1374969482421875 154.725006103515625 153.96875 152.431243896484375 151.9250030517578125 152.8562469482421875 154.693756103515625 155.0500030517578125 155.962493896484375 159.568756103515625 163.850006103515625 168.4875030517578125 171.8937530517578125 174.712493896484375 175.4562530517578125 173.6437530517578125 173.162506103515625 174.1875 179.806243896484375 188.806243896484375 199.625 209.6999969482421875 214.4187469482421875 213.006256103515625 205.056243896484375 196.3562469482421875 187.837493896484375
118.5187530517578125 119.5625 122.7062530517578125 127.00624847412109375 132.0625 138.399993896484375 145.8937530517578125 153.318756103515625 161.28125 169.837493896484375 177.162506103515625 178.024993896484375 176.0124969482421875 171.9375 167.6875 162.5124969482421875 158.493743896484375 157 156.243743896484375 156.4499969482421875 155.9875030517578125 155.7624969482421875 156.1687469482421875 157.806243896484375 158.6374969482421875 158.3874969482421875 161.1125030517578125 166.068756103515625 171.631256103515625 176.2687530517578125 178.90625 178.875 174.78125 170.368743896484375 170.306243896484375 176.15625 186.3000030517578125 201.693756103515625 218.318756103515625 221.875 218.837493896484375 209.7062530517578125 198.9250030517578125 189.34375
113.2687530517578125 115.2062530517578125 119.30625152587890625 124.33750152587890625 129.6875 136.1875 143.787506103515625 151.3937530517578125 159.7687530517578125 168.649993896484375 177.1374969482421875 179.837493896484375 179.7624969482421875 176.350006103515625 172.2375030517578125 167 160.881256103515625 157.0749969482421875 157.350006103515625 157.756256103515625 159.2375030517578125 159.4812469482421875 159.193756103515625 160.024993896484375 160.9187469482421875 161.34375 163.7062530517578125 169.5625 176.2937469482421875 181.912506103515625 184.225006103515625 180.337493896484375 174.0124969482421875 167.6875 164.9812469482421875 168.524993896484375 181.6374969482421875 197.4250030517578125 212.4562530517578125 217.568756103515625 214.8125 206.9812469482421875 198.337493896484375 190.7312469482421875
107.4187469482421875 110.3000030517578125 114.8562469482421875 119.91249847412109375 125.75624847412109375 132.8937530517578125 140.125 148.2062530517578125 157.4499969482421875 166.743743896484375 176.350006103515625 180.1624908447265625 182.21875 181.90625 176.8937530517578125 169.475006103515625 162.25 157.024993896484375 155.975006103515625 157.162506103515625 160.3249969482421875 161.8562469482421875 160.037506103515625 160.9937591552734375 162.4375 164.337493896484375 168.225006103515625 174.25 181.850006103515625 188.850006103515625 191.850006103515625 186.087493896484375 175.774993896484375 164.59375 158.006256103515625 162.2062530517578125 175.4375 190.1687469482421875 202.8625030517578125 208.100006103515625 207.6999969482421875 201.75 196.1999969482421875 191.274993896484375
101.9499969482421875 105.09375 109.9187469482421875 115.28749847412109375 121.7624969482421875 129.1374969482421875 136.8312530517578125 144.443756103515625 153.943756103515625 163.7624969482421875 173.399993896484375 178.4562530517578125 183.25 186.850006103515625 180.181243896484375 169 159.712493896484375 155.412506103515625 154.212493896484375 155.3625030517578125 157.1875 158.25 159.712493896484375 161.3000030517578125 163.5 166.2624969482421875 171.725006103515625 179.0500030517578125 185.875 192.4812469482421875 194.4000091552734375 190.6750030517578125 177.149993896484375 161.725006103515625 150.649993896484375 156.6374969482421875 172.350006103515625 187.1125030517578125 197.399993896484375 202.1999969482421875 201.2937469482421875 196.6999969482421875 194.8000030517578125 192.5437469482421875
