data/historical-monthly-weather-data/wc2.1_cruts4.09_10m_prec_1954-10.asc
ncols        51
nrows        45
xllcorner    -63.500000000000
yllcorner    -7.500000000000
cellsize     0.166666666667
NODATA_value -9999
[rows 19 to 37 of 45, columns 0 to 43 of 51]
134.8874969482421875 135.8249969482421875 137.2624969482421875 138.681243896484375 139.8249969482421875 140.5124969482421875 140.2624969482421875 138.8874969482421875 136.4812469482421875 132.881256103515625 127.38124847412109375 119.90625 112.44374847412109375 105.53749847412109375 101.0124969482421875 97.46250152587890625 92.9375 91.3000030517578125 90.59999847412109375 91.4187469482421875 95.56874847412109375 102.75 112.5812530517578125 120.1374969482421875 124.6750030517578125 125.0500030517578125 121.2312469482421875 115.31874847412109375 105.4875030517578125 94.69374847412109375 87.49375152587890625 88.84999847412109375 90.78125 92.3937530517578125 92.7624969482421875 90.4875030517578125 90.47499847412109375 92.71875 95.13124847412109375 96.18125152587890625 95.79375457763671875 93.375 87.5 81.6062469482421875
125.96250152587890625 128.181243896484375 131.2062530517578125 133.8249969482421875 135.881256103515625 136.96875 137.6750030517578125 136.993743896484375 135.09375 131.100006103515625 125.5749969482421875 117.75624847412109375 110.09999847412109375 102.4562530517578125 97.71250152587890625 93.55625152587890625 89.44374847412109375 87.6437530517578125 88.22499847412109375 89.0187530517578125 94.5437469482421875 101.90000152587890625 109.40625 115.30625152587890625 120.09375 122.02500152587890625 119.44374847412109375 113.03125 106.36875152587890625 101.05625152587890625 97.53125 97.6999969482421875 99.0625 101.71875 104.84375 101.8249969482421875 98.25 97.4375 97.5437469482421875 97.7624969482421875 97.21250152587890625 94.7312469482421875 90.11875152587890625 85.3125
117.69374847412109375 121.21250152587890625 125.15000152587890625 128.5437469482421875 131.568756103515625 133.625 134.875 135.1999969482421875 134.4250030517578125 130.3625030517578125 124.1750030517578125 116.24375152587890625 108.7312469482421875 102.22499847412109375 97.0812530517578125 92.99375152587890625 89.6875 88.3000030517578125 88.34375 89.40000152587890625 93.52500152587890625 99.77500152587890625 106.90000152587890625 111.74375152587890625 115.2624969482421875 117.3249969482421875 116.8874969482421875 113.55625152587890625 110.28125 107.5625 105.6437530517578125 105.6687469482421875 106.4250030517578125 108.4875030517578125 109.34375 107.52500152587890625 103.875 101.16249847412109375 99.9875030517578125 99.7375030517578125 98.8562469482421875 96.41249847412109375 92.96250152587890625 88.5437469482421875
111.68125152587890625 116.46875 120.97499847412109375 124.6687469482421875 127.27500152587890625 129.6687469482421875 131.6875 133.3937530517578125 134.53125 129.6750030517578125 122.99375152587890625 114.7624969482421875 108.1437530517578125 102.8000030517578125 97.65000152587890625 93.36875152587890625 90.125 89.36875152587890625 89.25 89.9187469482421875 94.15000152587890625 99.0812530517578125 104.6062469482421875 108.90625 111.8937530517578125 112.86875152587890625 113.84999847412109375 114.09375 112.6125030517578125 111.96250152587890625 112.24375152587890625 113.24375152587890625 113.1062469482421875 113.94374847412109375 113.69374847412109375 111.5749969482421875 108.125 104.28749847412109375 102.6062469482421875 103.2062530517578125 102.79375457763671875 100.4187469482421875 97.1125030517578125 92.65625
108.5437469482421875 114.11875152587890625 119.1062469482421875 121.3312530517578125 122.90000152587890625 125.3562469482421875 127.4250030517578125 129.75 130.875 126.9875030517578125 120.5812530517578125 114.03749847412109375 108.55625152587890625 104.0187530517578125 99.56874847412109375 95.5124969482421875 92.58750152587890625 91.78125 91.4562530517578125 91.78125 95.6125030517578125 100.2624969482421875 104.22499847412109375 107.5625 109.59375 109.53749847412109375 109.6687469482421875 112.0812530517578125 114.05625152587890625 115.5187530517578125 117.06874847412109375 118.59999847412109375 118.52500152587890625 118.3874969482421875 117.8625030517578125 116.5437469482421875 113.58750152587890625 109.6374969482421875 108.4375 108.5124969482421875 108.125 105.96875 102.5749969482421875 97.86875152587890625
109.15625 113.7937469482421875 118.09999847412109375 118.21875 118.43125152587890625 120.53125 122.34999847412109375 123.86249542236328125 124.4375 122.4499969482421875 118.59375 113.7687530517578125 109.7375030517578125 106.1875 102.02500152587890625 98.5 95.59999847412109375 94.8000030517578125 94.36875152587890625 94.58750152587890625 97.7624969482421875 100.9812469482421875 104.69374847412109375 107.27500152587890625 109.18125152587890625 110.68125152587890625 111.3249969482421875 113.58750152587890625 116.1437530517578125 118.40000152587890625 120.4875030517578125 121.78749847412109375 122.44374847412109375 122.03749847412109375 121.6687469482421875 120.30625152587890625 118.83750152587890625 117.03125 115.77500152587890625 115.9875030517578125 115.5500030517578125 113.13124847412109375 109.53749847412109375 105.5187530517578125
110.81874847412109375 113.3562469482421875 114.28749847412109375 114.21875 113.3125 115.03125 116.74375152587890625 118.05625152587890625 119.08750152587890625 118.71250152587890625 115.8125 113.2312469482421875 110.5749969482421875 108.11875152587890625 104.86875152587890625 101.5812530517578125 99.11875152587890625 98.09999847412109375 97.69374847412109375 97.7375030517578125 100.34375 102.84375 105.78125 108.3000030517578125 110.58750152587890625 112.6999969482421875 114.33750152587890625 116.1999969482421875 118.5812530517578125 121.2312469482421875 122.72499847412109375 125.0500030517578125 126.0437469482421875 125.55625152587890625 125.6750030517578125 124.90625 124.22499847412109375 123.9375 123.63124847412109375 124.05625152587890625 123.96250152587890625 121.7312469482421875 117.9875030517578125 114.125
111.96875 110.36249542236328125 110.1374969482421875 109.44374847412109375 108.4375 110.52500152587890625 112.30625152587890625 113.84375 114.90625 114.8562469482421875 114.4562530517578125 113.75 112.88124847412109375 111.8249969482421875 108.83750152587890625 106.1374969482421875 103.41249847412109375 102.6437530517578125 101.97499847412109375 101.66249847412109375 103.80625152587890625 105.6875 107.83750152587890625 111.11875152587890625 113.08750152587890625 115.3000030517578125 116.9875030517578125 118.90625 121.43125152587890625 123.78749847412109375 126.16249847412109375 127.6750030517578125 128.9250030517578125 128.9499969482421875 128.6999969482421875 128.943756103515625 129.274993896484375 129.8562469482421875 130.9250030517578125 132.8625030517578125 133.681243896484375 132.3000030517578125 129.28125 125.53125
112.21875 107.63124847412109375 106.3249969482421875 105.3125 104.2062530517578125 106.2624969482421875 108.56874847412109375 110.06874847412109375 111.4499969482421875 112.53749847412109375 112.97499847412109375 113.96875 115.1999969482421875 115.2375030517578125 113.0187530517578125 110.65000152587890625 108.55625152587890625 107.19374847412109375 106.53749847412109375 106.43125152587890625 107.63124847412109375 108.8562469482421875 110.96875 113.49375152587890625 115.50624847412109375 117.8937530517578125 120.0749969482421875 122.28749847412109375 124.0749969482421875 126.25 128.149993896484375 130.087493896484375 131.318756103515625 131.3874969482421875 132.100006103515625 132.618743896484375 133.337493896484375 135.6062469482421875 137.65625 141.306243896484375 144.943756103515625 143.818756103515625 140.0812530517578125 137.7375030517578125
112.4187469482421875 105.47499847412109375 103.0124969482421875 101.8249969482421875 100.6687469482421875 102.3625030517578125 104.4187469482421875 106.40000152587890625 108.4875030517578125 110.65625 112.4499969482421875 114.90625 117.4187469482421875 118.7624969482421875 117.3874969482421875 115.3874969482421875 113.8312530517578125 112.43125152587890625 111.44374847412109375 111.1062469482421875 111.53125 112.3562469482421875 113.8000030517578125 115.96250152587890625 117.86875152587890625 120.4499969482421875 122.75 124.96250152587890625 127.5500030517578125 129.181243896484375 130.306243896484375 132.0625 133.306243896484375 133.6125030517578125 134.5124969482421875 135.8937530517578125 137.3062591552734375 139.65625 142.1437530517578125 146.6374969482421875 152.1125030517578125 151.4562530517578125 148.4562530517578125 148.774993896484375
114.1125030517578125 105.84375 102.6437530517578125 100.3625030517578125 99.0437469482421875 100.27500152587890625 102.51250457763671875 105.0187530517578125 108.0187530517578125 110.5 113.4875030517578125 116.58750152587890625 120.3562469482421875 122.84375 122.09375 121.1875 119.64374542236328125 118.7624969482421875 117.46250152587890625 116.18125152587890625 116.53749847412109375 117.0437469482421875 117.71250152587890625 119.13124847412109375 121.09375 123.9250030517578125 126.0812530517578125 128.056243896484375 129.993743896484375 131.337493896484375 132.75 134.2062530517578125 135.225006103515625 136.0625 136.8625030517578125 138.3062591552734375 139.78125 142.556243896484375 143.631256103515625 146.725006103515625 151.4562530517578125 154.0500030517578125 153.8000030517578125 156.5749969482421875
115.6750030517578125 106.13124847412109375 102.5500030517578125 99.3000030517578125 97.69374847412109375 99.53749847412109375 101.7624969482421875 104.4187469482421875 107.6750030517578125 110.7375030517578125 114.6999969482421875 119.03749847412109375 124.03125 127.55625152587890625 127.19374847412109375 127.0500030517578125 126.6437530517578125 125.22499847412109375 123.59999847412109375 122.28125 121.78749847412109375 121.83750152587890625 122.09999847412109375 123.0187530517578125 124.65625 126.8000030517578125 128.8937530517578125 130.7687530517578125 132.40625 133.4187469482421875 134.975006103515625 136.243743896484375 137.21875 138.350006103515625 139.337493896484375 140.2562408447265625 141.9937591552734375 144.7937469482421875 144.78125 143.712493896484375 148.3625030517578125 153.9812469482421875 157.6687469482421875 160.712493896484375
116.4875030517578125 106.1437530517578125 101.75624847412109375 98.9250030517578125 97.7624969482421875 98.875 101.03749847412109375 103.8312530517578125 107.4875030517578125 111.30625152587890625 115.7687530517578125 121.3312530517578125 126.8562469482421875 131.6999969482421875 132.962493896484375 133.5437469482421875 133.1875 131.09375 129.9375 128.368743896484375 127.3249969482421875 126.7312469482421875 126.56874847412109375 126.8562469482421875 128.1687469482421875 129.7062530517578125 131.537506103515625 133.399993896484375 134.7937469482421875 135.90625 137.1687469482421875 137.875 138.975006103515625 140.5749969482421875 141.131256103515625 142.28125 144.1687469482421875 146.6687469482421875 145.46875 145.2062530517578125 150.3000030517578125 156.7937469482421875 161.0812530517578125 165.5749969482421875
118.3562469482421875 108.22499847412109375 103.8625030517578125 101.3000030517578125 99.5 100.28125 101.86875152587890625 104.0437469482421875 107.72499847412109375 112.1437530517578125 118.75 124.65000152587890625 131.568756103515625 138.0749969482421875 139.943756103515625 140.7062530517578125 140.287506103515625 138.274993896484375 136.59375 134.850006103515625 133.4187469482421875 132.46875 131.693756103515625 131.899993896484375 132.524993896484375 133.4562530517578125 135.0500030517578125 136.381256103515625 137.649993896484375 139.125 140.037506103515625 140.71875 140.59375 142.162506103515625 143.818756103515625 145.96875 147.3874969482421875 148.5625 148.1624908447265625 150.8000030517578125 155.6374969482421875 160.868743896484375 165.475006103515625 169.7312469482421875
119.5 110.3625030517578125 106.5187530517578125 103.96250152587890625 101.375 101.86875152587890625 102.90625 104.59375 107.8125 112.6999969482421875 119.1750030517578125 127.71250152587890625 137.149993896484375 143.6750030517578125 146.75 147.850006103515625 147.912506103515625 145.975006103515625 143.287506103515625 141.65625 139.8312530517578125 138.381256103515625 137.2624969482421875 136.368743896484375 136.8249969482421875 137.3000030517578125 138.1687469482421875 139.21875 140.5812530517578125 141.756256103515625 142.899993896484375 143.7937469482421875 144.181243896484375 144.6374969482421875 146.743743896484375 148.7062530517578125 149.743743896484375 150.7937469482421875 151.9312591552734375 155.3000030517578125 158.7937469482421875 163.5749969482421875 169.0812530517578125 173.84375
120.8249969482421875 112.9250030517578125 108.84999847412109375 106.3562469482421875 103.625 103.6437530517578125 104.0625 105.4187469482421875 107.8000030517578125 112.6687469482421875 120.13124847412109375 130.431243896484375 141.9375 150.9250030517578125 153.318756103515625 154.8874969482421875 155.537506103515625 153.3125 150.5124969482421875 148 146.09375 143.9812469482421875 142.4375 140.78125 140.625 140.6437530517578125 141.537506103515625 142.837493896484375 143.9562530517578125 144.649993896484375 145.368743896484375 146.5 146.875 147.8562469482421875 149.0749969482421875 150.118743896484375 150.9499969482421875 153.306243896484375 154.96875 157.65625 160.8249969482421875 164.600006103515625 169.9499969482421875 174.493743896484375
123.65000152587890625 116.5625 113.3000030517578125 110.44374847412109375 107.91249847412109375 107.7062530517578125 107.3000030517578125 107.65000152587890625 109.28749847412109375 113.08750152587890625 121.1687469482421875 132.681243896484375 145.850006103515625 155.5625 159.2437591552734375 161.2312469482421875 162.037506103515625 160.0437469482421875 157.243743896484375 154.28125 152.2375030517578125 150.125 147.381256103515625 145.6687469482421875 145.0124969482421875 144.4499969482421875 145.03125 146.2687530517578125 147.28125 148.0500030517578125 148.3874969482421875 149.131256103515625 149.34375 150.7062530517578125 151.006256103515625 151.125 153.46875 154.9562530517578125 156.53125 158.681243896484375 161.806243896484375 165.2312469482421875 167.9812469482421875 172.212493896484375
126.7687530517578125 120.65000152587890625 117.7375030517578125 115.21250152587890625 112.8937530517578125 112.03749847412109375 110.96875 110.38124847412109375 110.83750152587890625 112.40625 121.4562530517578125 136.65625 149.181243896484375 158.3000030517578125 163.59375 166.9499969482421875 168.118743896484375 166.3249969482421875 163.0812530517578125 159.7375030517578125 157.3125 154.7062530517578125 152.21875 149.9749908447265625 148.7312469482421875 148.1125030517578125 148.431243896484375 149.649993896484375 151.0187530517578125 151.4187469482421875 151.7375030517578125 151.537506103515625 152.5500030517578125 153.681243896484375 152.9250030517578125 153.9250030517578125 155.443756103515625 157.1875 158.28125 159.5187530517578125 161.7624969482421875 163.193756103515625 165.837493896484375 169.662506103515625
129.318756103515625 124.25 121.6750030517578125 119.59999847412109375 117.71875 116.5749969482421875 115.90000152587890625 115.03749847412109375 115.4562530517578125 115.5124969482421875 128.4375 143.962493896484375 154.3937530517578125 163.0124969482421875 168.4499969482421875 172.337493896484375 173.78125 171.8625030517578125 168.7937469482421875 164.9375 161.8312530517578125 158.225006103515625 155.3874969482421875 152.8312530517578125 152 151.381256103515625 151.381256103515625 152.649993896484375 153.993743896484375 154.5 153.912506103515625 154.0625 155.1437530517578125 155.681243896484375 155.6062469482421875 155.5749969482421875 157.337493896484375 158.1750030517578125 159.71875 160.9499969482421875 160.9562530517578125 162.3937530517578125 163.243743896484375 165.2624969482421875
