data/historical-monthly-weather-data/wc2.1_cruts4.09_10m_prec_1988-02.asc
ncols        51
nrows        45
xllcorner    -63.500000000000
yllcorner    -7.500000000000
cellsize     0.166666666667
NODATA_value -9999
[rows 0 to 19 of 45, columns 0 to 44 of 51]
163.818756103515625 160.087493896484375 154.681243896484375 152.037506103515625 147.587493896484375 146.9250030517578125 145.006256103515625 140.943756103515625 137.5875091552734375 136.90625 139.5812530517578125 141.28125 142.2937469482421875 138.537506103515625 136.0749969482421875 133.806243896484375 132.399993896484375 127.83750152587890625 126.7312469482421875 126.47499847412109375 128.287506103515625 130.506256103515625 134.2062530517578125 137.587493896484375 141.7062530517578125 146.3937530517578125 150.9875030517578125 155.8312530517578125 161.493743896484375 167.975006103515625 175.6687469482421875 183.9187469482421875 190.1062469482421875 196.756256103515625 204.1875 210.1875 214.1374969482421875 217.5124969482421875 221.6125030517578125 223.837493896484375 227.1875 229.0562591552734375 228.912506103515625 232.006256103515625 232.8249969482421875
172.25 168.7062530517578125 165.899993896484375 162.5749969482421875 160.274993896484375 162.412506103515625 162.375 163.087493896484375 164.3125 165.131256103515625 166.71875 166.1999969482421875 165 161.8874969482421875 157.837493896484375 153.6125030517578125 150.399993896484375 146.3625030517578125 144.475006103515625 143.3125 145.0749969482421875 148.3562469482421875 152.556243896484375 156.024993896484375 159.4499969482421875 164.2687530517578125 167.912506103515625 172.4250030517578125 177.2312469482421875 184.2312469482421875 191.462493896484375 201.09375 207.5500030517578125 214.881256103515625 221.337493896484375 226.5625 230.2062530517578125 232.618743896484375 236.256256103515625 238.318756103515625 241.024993896484375 242.0999908447265625 241.068756103515625 242.8125 243.037506103515625
181.21875 178.3562469482421875 176.8125 175.7312469482421875 176.1125030517578125 180.0749969482421875 184.7937469482421875 190.787506103515625 196.4187469482421875 199 199.4250030517578125 197.037506103515625 193.5500030517578125 188.318756103515625 181.7687530517578125 175.40625 169.9562530517578125 166.475006103515625 164.3312530517578125 163.537506103515625 166.09375 171.4375 175.806243896484375 179.087493896484375 183.806243896484375 187.28125 189.9187469482421875 193.618743896484375 196.193756103515625 202 210.1062469482421875 218.9375 226.162506103515625 232.225006103515625 239.662506103515625 243.1125030517578125 246.693756103515625 250.068756103515625 252.0812530517578125 253.53125 255.162506103515625 254.8312530517578125 253.1437530517578125 251.850006103515625 252.5625
188.375 186.4875030517578125 188.212493896484375 189.899993896484375 195.2624969482421875 200.9812469482421875 209.962493896484375 221.368743896484375 232.2062530517578125 238.5437469482421875 238.100006103515625 231.65625 223.5124969482421875 215.243743896484375 206.8312530517578125 198.4499969482421875 191.368743896484375 186.3000030517578125 184.975006103515625 186.899993896484375 191.5187530517578125 197.131256103515625 201.506256103515625 204.9375 208.774993896484375 211.931243896484375 214.287506103515625 215.912506103515625 216.756256103515625 222.600006103515625 229.243743896484375 238.9875030517578125 245.068756103515625 251.6999969482421875 257.899993896484375 262.162506103515625 265.3125 267.6875 270.13751220703125 271.15625 270.149993896484375 268.51251220703125 265.8125 262.53125 262.29376220703125
200.131256103515625 196.431243896484375 197.71875 202.868743896484375 211.6374969482421875 221.600006103515625 233.2624969482421875 250.6687469482421875 269.600006103515625 282.431243896484375 276.556243896484375 263.73126220703125 253.8375091552734375 244 232.40625 222.212493896484375 213.9562530517578125 207.7687530517578125 208.1437530517578125 211.9250030517578125 218.375 223.4499969482421875 228.9875030517578125 232.5 235.3249969482421875 238.2687530517578125 237.1062469482421875 236.28125 238.2312469482421875 243.975006103515625 250.6999969482421875 258.087493896484375 265.556243896484375 272.5 278.38751220703125 282.318756103515625 286.024993896484375 288.537506103515625 290.32501220703125 289.03125 287.41876220703125 283.07501220703125 277.818756103515625 273.193756103515625 270.26873779296875
210.25 208.3562469482421875 209.0625 213.193756103515625 222.0625 235.1062469482421875 250.287506103515625 269.5 291.868743896484375 310.118743896484375 300.65625 286.23748779296875 276.193756103515625 267.03125 256.21875 247.600006103515625 238.5500030517578125 233.90625 236.7312469482421875 242.4250030517578125 247.33123779296875 252.162506103515625 256.98748779296875 258.70623779296875 259.54998779296875 262.14373779296875 260.61248779296875 258.225006103515625 258.162506103515625 263.399993896484375 269.95001220703125 277.131256103515625 283.21875 292.600006103515625 299.693756103515625 303.34375 307.212493896484375 309.631256103515625 311.774993896484375 309.475006103515625 304.20623779296875 297.91876220703125 291.256256103515625 284.962493896484375 278.15625
221.3687591552734375 220.068756103515625 221.78125 224.46875 232.475006103515625 244.9812469482421875 260.431243896484375 276.86248779296875 294.82501220703125 305.681243896484375 306.85626220703125 300.36248779296875 293.45623779296875 286.899993896484375 279.60626220703125 273.100006103515625 268.125 268.98748779296875 273.318756103515625 276.931243896484375 278.08123779296875 281.54376220703125 283.5 283.42498779296875 285.88751220703125 286.443756103515625 284.04998779296875 281.649993896484375 278.431243896484375 282.324981689453125 289.875 296.931243896484375 304.212493896484375 310.51251220703125 317.70001220703125 323.506256103515625 326.95001220703125 330.17498779296875 333.64373779296875 329.95623779296875 320.73126220703125 313.17498779296875 305.75 297.73748779296875 288.568756103515625
232.0812530517578125 229.9562530517578125 231.78125 236.868743896484375 244.649993896484375 255.25 266.850006103515625 277.85626220703125 287.462493896484375 297.100006103515625 307.29998779296875 310.48748779296875 309.462493896484375 305.11248779296875 301.068756103515625 298.306243896484375 296.90625 303.48748779296875 311.78125 311.806243896484375 308.625 309.20001220703125 309.568756103515625 309.350006103515625 311.03125 310.75 307.412506103515625 303.03125 300.09375 303.1875 308.26873779296875 315.89373779296875 322.993743896484375 330.26873779296875 336.868743896484375 341.23126220703125 344.756256103515625 347.368743896484375 348.662506103515625 344.868743896484375 336.600006103515625 329.368743896484375 321.45623779296875 311.54998779296875 303.149993896484375
242.9562530517578125 241.3937530517578125 243.274993896484375 248.5500030517578125 255.2062530517578125 263.0625 272.975006103515625 280.631256103515625 284.931243896484375 293.48748779296875 307.631256103515625 316.73748779296875 319.76873779296875 318.850006103515625 317.70001220703125 319.08123779296875 320.462493896484375 326.73748779296875 335.600006103515625 334.337493896484375 328.475006103515625 328.10626220703125 328.78125 331.725006103515625 333.431243896484375 332.76873779296875 327.600006103515625 322.368743896484375 319.42498779296875 321.287506103515625 326.04376220703125 332.818756103515625 339.1875 345.375 351.45001220703125 356.4375 360 362.375 364.20001220703125 360.975006103515625 353.287506103515625 346.78125 340.21875 331.54376220703125 324.787506103515625
253.6999969482421875 252.75 255.350006103515625 259.66876220703125 265.100006103515625 271.943756103515625 281.60626220703125 289.04376220703125 296.806243896484375 306.243743896484375 319.5625 326.40625 331.82501220703125 331.71875 334.34375 336.837493896484375 339.381256103515625 344.04998779296875 347 347.006256103515625 343.368743896484375 344.38751220703125 347.51873779296875 353.9375 356.037506103515625 354.63751220703125 349.431243896484375 342.14373779296875 339.381256103515625 340.46875 342.40625 347.256256103515625 353.587493896484375 360.98748779296875 367.60626220703125 371.95001220703125 375.381256103515625 376.431243896484375 377.90625 376.431243896484375 371.506256103515625 366.581268310546875 359.774993896484375 350.35626220703125 345.962493896484375
263.35626220703125 262.774993896484375 265.48748779296875 269.524993896484375 274.10626220703125 280.89373779296875 290.100006103515625 299.806243896484375 309.850006103515625 321.07501220703125 334.787506103515625 342.243743896484375 345.96875 346.125 350.23748779296875 354.07501220703125 356.287506103515625 357.29998779296875 357.09375 357.23748779296875 353.899993896484375 356.26873779296875 364.337493896484375 369.98126220703125 377.725006103515625 375.98126220703125 368.662506103515625 362.14373779296875 357.01251220703125 356.14373779296875 357.875 361.21875 366.59375 373.85626220703125 382.23126220703125 387.21875 388.70623779296875 390.95001220703125 392.23126220703125 390.20001220703125 386.368743896484375 381.787506103515625 376.125 367.88751220703125 363.34375
272.04998779296875 271.51251220703125 273.743743896484375 278.162506103515625 283.42498779296875 290.42498779296875 299.79376220703125 311.774993896484375 322.462493896484375 334.48748779296875 349.21875 359.743743896484375 363.0625 363.13751220703125 367.256256103515625 369.1875 370.33123779296875 368.037506103515625 364.462493896484375 361.65625 357.78125 362.725006103515625 376.850006103515625 389.14373779296875 396.54376220703125 392.193756103515625 382.975006103515625 375.35626220703125 370.068756103515625 369.70001220703125 370.32501220703125 371.45001220703125 376.71875 383.23748779296875 390.98126220703125 396.54998779296875 400.79376220703125 403.76251220703125 405.318756103515625 403.98126220703125 401.1875 395.850006103515625 386.943756103515625 375.42498779296875 368.412506103515625
277.4375 277.931243896484375 281.225006103515625 285.73748779296875 292.42498779296875 300.443756103515625 311.04998779296875 322.76251220703125 333.462493896484375 347.21875 361.931243896484375 374.787506103515625 380.04998779296875 379.20001220703125 382.024993896484375 382.10626220703125 381.931243896484375 379.26873779296875 375.712493896484375 370.506256103515625 362.756256103515625 370.006256103515625 387.65625 399.79376220703125 403.59375 400.024993896484375 393.86248779296875 386.9375 381.162506103515625 380.29376220703125 380.28125 380.475006103515625 383.506256103515625 390.08123779296875 397.92498779296875 403.162506103515625 407.78125 413.756256103515625 416.712493896484375 416.34375 415.600006103515625 408.20001220703125 393.64373779296875 378.25 367.45623779296875
281.48126220703125 282.67498779296875 286.712493896484375 292.1875 300.09375 308.693756103515625 320.743743896484375 333.09375 344.524993896484375 357.23126220703125 370.53125 382.818756103515625 390.20623779296875 393.78125 394.01873779296875 394.58123779296875 392.725006103515625 391.024993896484375 387.462493896484375 384.92498779296875 382.82501220703125 388.96875 401.45001220703125 407.48126220703125 409.35626220703125 406.92498779296875 402.46875 396.0625 391.16876220703125 387.98126220703125 387.0625 385.70001220703125 387.79376220703125 394.07501220703125 401.118743896484375 407.5625 415.20001220703125 423.100006103515625 428.58123779296875 428.79376220703125 424.65625 410.787506103515625 396.787506103515625 383.26873779296875 373.006256103515625
285.556243896484375 286.568756103515625 291.57501220703125 299.11248779296875 306.64373779296875 316.818756103515625 330.29376220703125 342.75 355.037506103515625 367.54998779296875 379.15625 392.225006103515625 400.89373779296875 405.79376220703125 406.67498779296875 405.88751220703125 404.84375 402.90625 400.975006103515625 401.350006103515625 401.806243896484375 405.67498779296875 414.20623779296875 417 416.58123779296875 415.962493896484375 411.75 404.83123779296875 399.29376220703125 395.59375 391.04998779296875 386.5 387.931243896484375 391.71875 398.1875 404.375 415.337493896484375 427.306243896484375 433.975006103515625 432.84375 422.618743896484375 411.82501220703125 400.868743896484375 387.412506103515625 375.98748779296875
288.01251220703125 289.131256103515625 295.13751220703125 303.54998779296875 312.78125 323.931243896484375 337.83123779296875 350.181243896484375 363.53125 377.618743896484375 389.95623779296875 404.08123779296875 414.337493896484375 419.38751220703125 419.76251220703125 415.86248779296875 416.60626220703125 417.125 417.243743896484375 419.08123779296875 418.6875 421.07501220703125 426.568756103515625 428.712493896484375 425.79998779296875 422.787506103515625 417.375 412.01251220703125 407.756256103515625 403.006256103515625 397.23748779296875 388.59375 384.14373779296875 384.274993896484375 386.95623779296875 394.993743896484375 409.21875 426.274993896484375 437.73126220703125 436.84375 425.368743896484375 413.04998779296875 401.04998779296875 387.84375 374.78125
287.75 290.61248779296875 297.35626220703125 306.73126220703125 317.5 329.568756103515625 343.96875 357.79376220703125 372.006256103515625 387.26251220703125 402.068756103515625 418.40625 431.07501220703125 437.75 436.993743896484375 432.17498779296875 429.306243896484375 428.79998779296875 429.568756103515625 432.925018310546875 434.162506103515625 435.98126220703125 438.556243896484375 438.931243896484375 436.100006103515625 428.881256103515625 421.056243896484375 417.462493896484375 415.32501220703125 411.756256103515625 403.681243896484375 391.618743896484375 381.649993896484375 372.743743896484375 372.568756103515625 380.61248779296875 396.65625 422.162506103515625 444.20001220703125 437.875 421.28125 408.79376220703125 395.39373779296875 382.431243896484375 371.293731689453125
285.412506103515625 289.6875 298.9375 310.493743896484375 322.5 335.850006103515625 351.5 366.6875 381.475006103515625 396.837493896484375 413.65625 433.993743896484375 451.20623779296875 459.256256103515625 458.78125 453.706268310546875 444.975006103515625 437.787506103515625 441.13751220703125 444.462493896484375 448.54376220703125 448.76873779296875 446.743743896484375 442.88751220703125 438.45623779296875 431.506256103515625 422.399993896484375 421 421.28125 418.475006103515625 408.056243896484375 386.587493896484375 371.756256103515625 358.84375 352.95623779296875 356.131256103515625 378.29376220703125 404.57501220703125 424.662506103515625 423.51251220703125 409 397.462493896484375 386.23748779296875 375.70001220703125 366.09375
281.95001220703125 287.95623779296875 298.67498779296875 310.82501220703125 324.73748779296875 340.92498779296875 357.04376220703125 374.53125 390.98748779296875 406.40625 425.0625 447.26251220703125 468.975006103515625 484.256256103515625 481.33123779296875 470.175018310546875 458.10626220703125 446.5625 445.993743896484375 451.037506103515625 456.962493896484375 457.631256103515625 448.17498779296875 442.587493896484375 437.850006103515625 433.337493896484375 427.78125 426.443756103515625 428.25 427.0625 416.587493896484375 390.0625 367.03125 344.225006103515625 330.306243896484375 335.04998779296875 357.318756103515625 381.51873779296875 398.90625 400.6875 392.75 382.76873779296875 374.88751220703125 367.399993896484375 359.53125
278.662506103515625 284.681243896484375 296.556243896484375 310.056243896484375 326.36248779296875 344.41876220703125 363.09375 380.54376220703125 397.35626220703125 413.48748779296875 431.493743896484375 455.556243896484375 483.04998779296875 507.70001220703125 499.95001220703125 478.100006103515625 459.681243896484375 450.34375 448.95001220703125 453.3125 452.756256103515625 449.037506103515625 446.056243896484375 440.256256103515625 435.66876220703125 431.875 430.01873779296875 431.493743896484375 430.95623779296875 427.431243896484375 413.33123779296875 390.381256103515625 361.15625 330.193756103515625 307.524993896484375 316.0625 343.09375 367.35626220703125 381.65625 384.73748779296875 377.649993896484375 368.61248779296875 365.443756103515625 361.28125 355.29376220703125
