data/historical-monthly-weather-data/wc2.1_cruts4.09_10m_prec_1999-02.asc
ncols        45
nrows        45
xllcorner    -63.500000000000
yllcorner    -7.500000000000
cellsize     0.166666666667
NODATA_value -9999
[rows 0 to 19 of 45, columns 0 to 44 of 45]
200.8000030517578125 200.5124969482421875 195.7687530517578125 194.1062469482421875 189.78125 188.412506103515625 185.162506103515625 178.9562530517578125 172.1875 168.6062469482421875 168.993743896484375 167.350006103515625 164.712493896484375 156.6062469482421875 150.1125030517578125 143.96875 138.90625 131.0749969482421875 126.99375152587890625 123.8249969482421875 123.03125 122.61875152587890625 123.78749847412109375 126.2312469482421875 129.600006103515625 133.806243896484375 139.9187469482421875 146.725006103515625 154.40625 162.524993896484375 171.8562469482421875 181.975006103515625 191.225006103515625 201.256256103515625 212.2312469482421875 221.399993896484375 228.4375 234.631256103515625 239.3125 241.587493896484375 244.993743896484375 246.4250030517578125 245.649993896484375 248.056243896484375 246.4812469482421875
210.1374969482421875 210.1750030517578125 208.693756103515625 206.1062469482421875 204.375 205.6875 203.7937469482421875 202.506256103515625 200.125 196.90625 194.5187530517578125 189.1999969482421875 183.087493896484375 175.068756103515625 166.59375 158.193756103515625 151.1437530517578125 144.28125 139.7312469482421875 135.962493896484375 135.068756103515625 135.5625 137.09375 139.462493896484375 142.0437469482421875 146.2062530517578125 151.8000030517578125 158.78125 166.037506103515625 174.5437469482421875 183.1875 194.568756103515625 205.1437530517578125 217.2312469482421875 228.587493896484375 238.2687530517578125 246.2687530517578125 252.59375 256.943756103515625 258.98126220703125 261.70623779296875 262.162506103515625 260.28125 261.125 258.76873779296875
219.899993896484375 220.662506103515625 219.5625 218.46875 218.7375030517578125 220.850006103515625 223.34375 226.931243896484375 228.40625 225.9187469482421875 221.006256103515625 212.9375 203.8562469482421875 193.3562469482421875 182.443756103515625 172.0625 162.931243896484375 156.5124969482421875 151.524993896484375 147.7937469482421875 147.2062530517578125 148.9875030517578125 150.1374969482421875 152.28125 155.9812469482421875 159.0625 164.4875030517578125 171.506256103515625 177.6062469482421875 185.462493896484375 195.3562469482421875 206.375 218.28125 229.681243896484375 242.75 251.506256103515625 260.51251220703125 268.837493896484375 271.71875 273.32501220703125 274.95001220703125 273.493743896484375 270.45001220703125 267.67498779296875 266.0625
227.34375 229.0625 230.4812469482421875 231.0437469482421875 235.625 238.1062469482421875 243.743743896484375 251.6687469482421875 257.33123779296875 257.46875 250.3562469482421875 237.537506103515625 223.462493896484375 209.84375 197.46875 185.537506103515625 175.1687469482421875 167.125 162.6062469482421875 160.912506103515625 161.475006103515625 162.818756103515625 163.4250030517578125 165.6687469482421875 168.6687469482421875 171.693756103515625 177.6750030517578125 183.8937530517578125 189.4562530517578125 197.9562530517578125 207.0999908447265625 219.556243896484375 230.881256103515625 243.375 255.7624969482421875 266.306243896484375 275.95623779296875 284.23748779296875 287.931243896484375 289.32501220703125 288.26251220703125 284.962493896484375 280.287506103515625 275.006256103515625 272.725006103515625
240.3125 239.625 239.006256103515625 242.0500030517578125 248.850006103515625 254.4250030517578125 261.13751220703125 273.475006103515625 286.01873779296875 291.212493896484375 277.256256103515625 257.83123779296875 242.0187530517578125 226.9812469482421875 211.9562530517578125 198.7687530517578125 187.5500030517578125 178.3562469482421875 174.912506103515625 174.274993896484375 175.7937469482421875 176.087493896484375 177.1374969482421875 179.506256103515625 181.850006103515625 184.9499969482421875 188.975006103515625 194.1374969482421875 201.537506103515625 210.631256103515625 220.3937530517578125 231.274993896484375 244.2375030517578125 257.42498779296875 269.975006103515625 281.024993896484375 292.193756103515625 301.54998779296875 304.881256103515625 304.09375 302.59375 296.04998779296875 288.23126220703125 281.256256103515625 276.57501220703125
251.756256103515625 253 251.1437530517578125 252.381256103515625 258.625 266.274993896484375 275.181243896484375 287.631256103515625 302.256256103515625 311.631256103515625 293.274993896484375 272.16876220703125 256.08123779296875 241.5124969482421875 227.03125 214.993743896484375 202.7624969482421875 193.931243896484375 191.3000030517578125 191.0500030517578125 191.068756103515625 191.0812530517578125 191.59375 192.899993896484375 194.118743896484375 197.3625030517578125 201.7312469482421875 206.350006103515625 212.71875 221.625 231.4375 242.21875 253.3874969482421875 268.07501220703125 281.100006103515625 291.431243896484375 302.35626220703125 311.350006103515625 315.20001220703125 313.70623779296875 308.84375 300.524993896484375 291.475006103515625 283.0625 275.29376220703125
264.431243896484375 266.056243896484375 265.04998779296875 264.16876220703125 268.84375 274.4375 282.024993896484375 289.91876220703125 298.98748779296875 300.25 292.14373779296875 278.65625 265.462493896484375 253.1062469482421875 241.4187469482421875 230.8125 221.524993896484375 215.875 212.8562469482421875 209.618743896484375 206.6437530517578125 205.71875 204.256256103515625 204.681243896484375 207.5500030517578125 209.7687530517578125 214.1062469482421875 219.375 223.8375091552734375 231.7937469482421875 242.600006103515625 253.2624969482421875 264.73748779296875 275.681243896484375 287.768768310546875 299.29998779296875 309.068756103515625 318.21875 323.399993896484375 320.931243896484375 312.625 303.41876220703125 293.943756103515625 284.337493896484375 275.274993896484375
276.53125 276.76873779296875 275.506256103515625 277.08123779296875 280.89373779296875 282.96875 284.962493896484375 285.98126220703125 286.03125 285.881256103515625 286.212493896484375 281.73126220703125 273.79376220703125 263.20623779296875 253.8625030517578125 245.8937530517578125 238.837493896484375 236.3249969482421875 234.7375030517578125 227.6062469482421875 221.443756103515625 218.5500030517578125 216.1500091552734375 216.9250030517578125 219.6750030517578125 221.8125 226.0437469482421875 230.412506103515625 235.649993896484375 243.15625 251.96875 263.024993896484375 273.46875 284.21875 294.67498779296875 304.01251220703125 312.962493896484375 320.73748779296875 323.79376220703125 321.51251220703125 314.63751220703125 306.087493896484375 296.60626220703125 285.756256103515625 278.41876220703125
288.58123779296875 288.881256103515625 287.25 288.600006103515625 290.71875 289.39373779296875 289.306243896484375 286.6875 281.35626220703125 280.13751220703125 284.17498779296875 285.10626220703125 280.70001220703125 272.774993896484375 264.6875 258.818756103515625 252.743743896484375 249.149993896484375 247.2312469482421875 238.556243896484375 230.462493896484375 226.912506103515625 224.743743896484375 227.962493896484375 231.03125 233.1875 236.381256103515625 240.3312530517578125 245.6999969482421875 251.975006103515625 260.16876220703125 270.056243896484375 278.88751220703125 287.600006103515625 296.462493896484375 305.3125 313.274993896484375 319.98748779296875 323.1875 321.45623779296875 315.35626220703125 308.149993896484375 300.568756103515625 291.60626220703125 286.618743896484375
300.399993896484375 300.693756103515625 299.4375 299.26251220703125 299.568756103515625 296.962493896484375 296.5 293.57501220703125 291.39373779296875 290.625 293.475006103515625 292.118743896484375 289.631256103515625 282.087493896484375 275.76251220703125 269.29376220703125 262.850006103515625 257.368743896484375 250.625 242.6374969482421875 236.131256103515625 233.5 233.006256103515625 238.787506103515625 242.3874969482421875 244.337493896484375 247.7125091552734375 250.350006103515625 255.899993896484375 261.243743896484375 266.76873779296875 274.53125 282.25 290.756256103515625 298.88751220703125 306.100006103515625 312.931243896484375 317.537506103515625 320.068756103515625 319.712493896484375 316.149993896484375 310.912506103515625 303.837493896484375 295.006256103515625 292.98126220703125
310.76251220703125 310.756256103515625 309.20623779296875 308.28125 307.243743896484375 304.5 303.506256103515625 302.806243896484375 302.54998779296875 303.100006103515625 305.83123779296875 304.693756103515625 300.38751220703125 292.57501220703125 286.14373779296875 279.36248779296875 271.51873779296875 262.78125 253.4562530517578125 245.3312530517578125 238.9937591552734375 237.212493896484375 239.8874969482421875 245.306243896484375 252.96875 254.9812469482421875 257.024993896484375 260.28125 264.07501220703125 267.54376220703125 272.4375 278.381256103515625 284.3125 291.48126220703125 299.76873779296875 306.45001220703125 310.66876220703125 315.26873779296875 317.21875 316.181243896484375 313.493743896484375 309.10626220703125 303.662506103515625 296.625 295.33123779296875
319.48748779296875 318.96875 316.48126220703125 315.6875 315.149993896484375 312.662506103515625 311.89373779296875 313.59375 313.91876220703125 315.20001220703125 318.70001220703125 319.51251220703125 314.03125 305.4375 298.36248779296875 289.46875 280.350006103515625 268.899993896484375 256.98748779296875 246.71875 239.5437469482421875 238.912506103515625 244.96875 254.818756103515625 262.45001220703125 262.943756103515625 263.48748779296875 265.6875 269.037506103515625 272.462493896484375 276.056243896484375 279.83123779296875 284.90625 290.61248779296875 297.5 303.84375 309.493743896484375 313.98748779296875 315.725006103515625 314.96875 312.962493896484375 308.38751220703125 300.92498779296875 291.962493896484375 289.45623779296875
324.17498779296875 324.28125 322.712493896484375 321.70623779296875 322.53125 321.25 321.89373779296875 323.33123779296875 323.806243896484375 326.774993896484375 330.1875 332.256256103515625 327.5625 317.399993896484375 308.83123779296875 298.10626220703125 287.65625 275.76873779296875 263.681243896484375 251.524993896484375 241.1750030517578125 241.34375 249.0437469482421875 258.78125 264.1875 265.32501220703125 267.57501220703125 269.875 272.431243896484375 275.04998779296875 277.71875 280.26873779296875 282.912506103515625 287.86248779296875 293.931243896484375 299.29998779296875 304.506256103515625 310.54998779296875 312.92498779296875 312.537506103515625 311.86248779296875 306.15625 295.068756103515625 283.84375 279.149993896484375
327.256256103515625 327.618743896484375 326.59375 326.39373779296875 328.26873779296875 327.75 330.006256103515625 332.21875 333.54376220703125 335.631256103515625 337.79376220703125 338.66876220703125 335.118743896484375 328.087493896484375 317.018768310546875 306.45001220703125 294.462493896484375 283.118743896484375 270.92498779296875 260.36248779296875 253.09375 251.725006103515625 255.3562469482421875 261.11248779296875 265.29376220703125 267.149993896484375 270.118743896484375 272.25 274.962493896484375 275.45623779296875 277.024993896484375 277.9375 279.256256103515625 283.20623779296875 287.875 293.42498779296875 300.131256103515625 306.88751220703125 310.681243896484375 310.4375 307.10626220703125 297.087493896484375 286.993743896484375 277.837493896484375 274.25
330.5625 330.14373779296875 329.79376220703125 331.493743896484375 332.58123779296875 333.6875 337.40625 339.65625 341.86248779296875 343.84375 344.506256103515625 345.8125 343.03125 336.850006103515625 326.225006103515625 314.493743896484375 303.087493896484375 291.712493896484375 280.79376220703125 272.212493896484375 266.25 263.03125 263.73748779296875 266.800018310546875 268.850006103515625 271.16876220703125 273.5625 274.59375 276.11248779296875 276.068756103515625 274.96875 273.5 273.943756103515625 275.66876220703125 279.443756103515625 284.48126220703125 293.193756103515625 302.524993896484375 307.38751220703125 306.5625 299.34375 291.64373779296875 283.82501220703125 274.818756103515625 270.51873779296875
332.006256103515625 331.131256103515625 331.537506103515625 333.75 336.33123779296875 338.39373779296875 342.53125 344.681243896484375 348.006256103515625 351.618743896484375 352.962493896484375 354.943756103515625 353.225006103515625 346.931243896484375 335.83123779296875 321.587493896484375 311.568756103515625 302.17498779296875 292.84375 285.29376220703125 278.506256103515625 273.943756103515625 272.35626220703125 274.274993896484375 273.88751220703125 273.837493896484375 274.581268310546875 275.76251220703125 277.38751220703125 276.475006103515625 274.53125 270.162506103515625 266.193756103515625 264.98748779296875 265.76873779296875 271.79998779296875 282.412506103515625 294.993743896484375 303.45623779296875 303.35626220703125 295.79998779296875 287.118743896484375 278.58123779296875 269.756256103515625 264.26873779296875
330.26873779296875 330.837493896484375 331.618743896484375 334.506256103515625 338.3125 341.35626220703125 345.943756103515625 349.5625 353.8125 358.625 362.306243896484375 365.943756103515625 365.975006103515625 360.71875 348.487518310546875 333.38751220703125 320.51251220703125 310.506256103515625 301.76873779296875 295.337493896484375 289.45001220703125 284.32501220703125 280.64373779296875 280.681243896484375 279.58123779296875 276.03125 274.33123779296875 275.787506103515625 278.01873779296875 277.8125 274.29376220703125 267.59375 259.618743896484375 251.9875030517578125 250.524993896484375 256.274993896484375 267.73748779296875 285.66876220703125 301.5 298.1875 287.712493896484375 279.100006103515625 269.67498779296875 261.131256103515625 256.875
325.95623779296875 327.63751220703125 330.75 335.40625 339.975006103515625 344.037506103515625 349.631256103515625 354.29376220703125 359.087493896484375 364.03125 369.53125 376.618743896484375 380.35626220703125 376.037506103515625 363.70001220703125 348.04376220703125 330.412506103515625 315 307.600006103515625 300.743743896484375 297.26873779296875 291.712493896484375 285.51873779296875 282.587493896484375 280.01873779296875 276.16876220703125 272.899993896484375 274.98126220703125 278.118743896484375 278.41876220703125 273.53125 260.65625 249.3125 238.868743896484375 233.4562530517578125 235.7062530517578125 250.84375 268.850006103515625 283.34375 283.774993896484375 275.1875 267.868743896484375 260.631256103515625 254.225006103515625 250.6999969482421875
320.36248779296875 323.51873779296875 327.774993896484375 332.57501220703125 338.631256103515625 345.3125 351.0625 357.693756103515625 364.03125 369.056243896484375 376.17498779296875 384.88751220703125 392.368743896484375 393.84375 379.100006103515625 358.462493896484375 338.04998779296875 318.92498779296875 308.199981689453125 302.193756103515625 300.618743896484375 296.20001220703125 285.90625 281.66876220703125 278.53125 275.83123779296875 274.125 275.462493896484375 278.84375 280.256256103515625 275.59375 259.631256103515625 242.787506103515625 225.774993896484375 215.0187530517578125 218.100006103515625 232.875 249.0749969482421875 261.6875 264.29998779296875 260.462493896484375 254.881256103515625 250.5812530517578125 246.78125 244.0124969482421875
314.881256103515625 317.63751220703125 322.73126220703125 328.493743896484375 336.537506103515625 344.89373779296875 352.91876220703125 359.26873779296875 365.975006103515625 371.6875 378.318756103515625 388.73748779296875 401.09375 410.087493896484375 391.243743896484375 362.212493896484375 337.08123779296875 319.26251220703125 307.58123779296875 300.881256103515625 295.70001220703125 289.32501220703125 283.95623779296875 279.375 276 273.337493896484375 273.32501220703125 275.70623779296875 276.91876220703125 276.881256103515625 270.087493896484375 256.78125 235.8625030517578125 213.524993896484375 197.1687469482421875 202.46875 219.943756103515625 235.8125 246.381256103515625 250.0187530517578125 247.0625 242.625 242.0500030517578125 240.868743896484375 238.9875030517578125
