data/historical-monthly-weather-data/wc2.1_cruts4.09_10m_prec_1991-05.asc
ncols        45
nrows        45
xllcorner    -63.500000000000
yllcorner    -7.500000000000
cellsize     0.166666666667
NODATA_value -9999
[rows 20 to 39 of 45, columns 0 to 43 of 45]
237.368743896484375 253.587493896484375 261.537506103515625 264.26873779296875 266.58123779296875 275.28125 280.10626220703125 280.89373779296875 278.51873779296875 272.29998779296875 267.368743896484375 263.506256103515625 255.1374969482421875 246.3312530517578125 234.568756103515625 225.4187469482421875 213.287506103515625 211.431243896484375 216.3874969482421875 218.4250030517578125 233.693756103515625 248.3125 261.57501220703125 271.181243896484375 278.256256103515625 278.037506103515625 269.8125 267.899993896484375 266.475006103515625 263.5625 263.875 268.1875 266.149993896484375 267.431243896484375 274.54376220703125 285.73126220703125 294.787506103515625 299.818756103515625 298.725006103515625 293.41876220703125 288.01873779296875 279.11248779296875 274.868743896484375 277.20001220703125
231.118743896484375 239.2375030517578125 251.118743896484375 260.868743896484375 264.20623779296875 269.63751220703125 277.100006103515625 281.693756103515625 280.48126220703125 275.28125 269.125 262.225006103515625 253.2312469482421875 243.5812530517578125 236.6875 225.5437469482421875 224.8562469482421875 220.6500091552734375 223.693756103515625 223.568756103515625 229 241.40625 253.9250030517578125 258.943756103515625 260.42498779296875 264.975006103515625 268.318756103515625 266.38751220703125 271.73748779296875 271.162506103515625 266.787506103515625 263.368743896484375 266.337493896484375 271.28125 273.193756103515625 279.10626220703125 288.193756103515625 293.149993896484375 291.90625 287.76873779296875 284.60626220703125 277.34375 272.912506103515625 272.78125
225.306243896484375 240.6999969482421875 250.90625 260.34375 263.725006103515625 268.006256103515625 267.04376220703125 273.34375 279.29998779296875 275.662506103515625 267.64373779296875 259.912506103515625 255.1374969482421875 246.2687530517578125 239.443756103515625 231.162506103515625 226.2312469482421875 223.9375 223.5500030517578125 223.6374969482421875 230.84375 235.7937469482421875 244.84375 248.5500030517578125 254.96875 258.04376220703125 257.85626220703125 263.09375 269.29998779296875 267.662506103515625 261.975006103515625 262.58123779296875 269.01873779296875 272.58123779296875 276.42498779296875 273.875 277.625 285.131256103515625 289.54998779296875 285.76251220703125 280.662506103515625 275.056243896484375 270.274993896484375 269.13751220703125
216.6687469482421875 234.0749969482421875 247.506256103515625 254.6437530517578125 257.493743896484375 259.3125 267.85626220703125 271.84375 271.618743896484375 267.412506103515625 262.875 261.38751220703125 255.556243896484375 249.7687530517578125 241.0625 233.0124969482421875 227.7062530517578125 226.9375 227.056243896484375 227.837493896484375 229.9375 234.806243896484375 239.537506103515625 247.037506103515625 249.96875 248.8000030517578125 251.943756103515625 258.0625 266.368743896484375 270.693756103515625 272.39373779296875 274.63751220703125 281.34375 283.15625 284.381256103515625 277.212493896484375 283.65625 287.125 287.76873779296875 285.037506103515625 278.912506103515625 275.45623779296875 271.975006103515625 267.725006103515625
213.0749969482421875 230.875 242.1374969482421875 252.8874969482421875 258.07501220703125 261.375 262.39373779296875 266.75 265.51873779296875 263.818756103515625 259.212493896484375 255.65625 254.0749969482421875 248.2687530517578125 239.5187530517578125 233.875 231.587493896484375 229.6374969482421875 227.6125030517578125 227.850006103515625 232.087493896484375 233.8312530517578125 239.3625030517578125 244.412506103515625 246.662506103515625 252.7375030517578125 255.9187469482421875 263.056243896484375 270.58123779296875 279.743743896484375 283.125 292.26873779296875 297.537506103515625 297.993743896484375 292.131256103515625 287.181243896484375 289.61248779296875 286.350006103515625 285.337493896484375 282.818756103515625 278.625 273.318756103515625 269.931243896484375 262.9375
215.149993896484375 233.9187469482421875 238.7937469482421875 247.931243896484375 249.806243896484375 252.087493896484375 252.8125 256.243743896484375 252.6062469482421875 248.5 251.4499969482421875 251.3625030517578125 247.1125030517578125 243.131256103515625 240.493743896484375 235.318756103515625 233.3125 231.1750030517578125 228.625 227.1687469482421875 230.8874969482421875 232.274993896484375 237.1125030517578125 239.1999969482421875 245.1125030517578125 250.6374969482421875 260.51251220703125 268.03125 275.11248779296875 285.350006103515625 295.54998779296875 313.087493896484375 319.48748779296875 311.212493896484375 301.806243896484375 297.39373779296875 292.85626220703125 289.625 281.75 278.100006103515625 275.23748779296875 267.83123779296875 261.38751220703125 257.756256103515625
215.3625030517578125 225.3125 233.1062469482421875 239.162506103515625 240.71875 243.100006103515625 243.337493896484375 242.587493896484375 241.3000030517578125 245.131256103515625 246.375 243.818756103515625 242.837493896484375 241.0437469482421875 238.6750030517578125 236.3312530517578125 232.537506103515625 228.743743896484375 230.6687469482421875 228.256256103515625 228.7312469482421875 230.631256103515625 234.5187530517578125 240.631256103515625 246.2937469482421875 252.524993896484375 261.88751220703125 269.53125 278.15625 285.962493896484375 300.89373779296875 318.76251220703125 331.337493896484375 318.26251220703125 304.98748779296875 298.024993896484375 296.73748779296875 289.71875 281.681243896484375 277.618743896484375 273.006256103515625 265.5 258.931243896484375 251.962493896484375
216.975006103515625 221.8125 226.756256103515625 228.4812469482421875 230.881256103515625 234.256256103515625 235.5187530517578125 233.0500030517578125 234.181243896484375 237.774993896484375 238.2062530517578125 236.3562469482421875 236.431243896484375 235.087493896484375 235.15625 231.087493896484375 230.6750030517578125 231.6062469482421875 233.274993896484375 231.837493896484375 231.4250030517578125 230.631256103515625 236.037506103515625 240.6125030517578125 246.9187469482421875 251.462493896484375 261.149993896484375 268.681243896484375 278.13751220703125 286.85626220703125 299.16876220703125 313.09375 320.774993896484375 312.92498779296875 306.26873779296875 299.587493896484375 294.381256103515625 291.256256103515625 285.631256103515625 277.681243896484375 270.54998779296875 265.274993896484375 258.625 252.7937469482421875
214.625 217.5812530517578125 218.59375 219.6875 220.899993896484375 219.7687530517578125 219.506256103515625 222.375 227.75 228.5437469482421875 229.9250030517578125 230.5812530517578125 230.506256103515625 232.5 234.8937530517578125 235.375 234.931243896484375 234.03125 234.0625 233.2937469482421875 232.6687469482421875 230.8249969482421875 233.475006103515625 237.587493896484375 243.2062530517578125 245.537506103515625 255.3125 265.32501220703125 274.350006103515625 281.0625 291.33123779296875 299.212493896484375 303.70623779296875 301.399993896484375 301.568756103515625 296.82501220703125 293.625 288.4375 282.98748779296875 275.04998779296875 263.86248779296875 255.8000030517578125 254.318756103515625 254.4124908447265625
211.8874969482421875 211.75 209.5 206.4875030517578125 205.962493896484375 208.3312530517578125 209.225006103515625 214.600006103515625 218.2624969482421875 218.274993896484375 221.381256103515625 223.6875 225.625 229.3874969482421875 232.3937530517578125 234.0187530517578125 234.1687469482421875 237.181243896484375 235.9812469482421875 232.6062469482421875 231.712493896484375 231.4187469482421875 232.46875 234.4812469482421875 236.28125 243.0500030517578125 248.618743896484375 253.8125 261.90625 268.95001220703125 278.056243896484375 283.100006103515625 287.66876220703125 290.3125 292.79998779296875 288.0625 291.5625 288.618743896484375 281.91876220703125 280.287506103515625 273.98748779296875 264.25 256.818756103515625 251.600006103515625
208.5625 205.149993896484375 200.25 198.3312530517578125 198.131256103515625 199.7687530517578125 203.318756103515625 205.8874969482421875 209.6062469482421875 212.09375 215.3000030517578125 217.0124969482421875 222.7624969482421875 224.131256103515625 227.899993896484375 232.225006103515625 234.774993896484375 235.6999969482421875 236.1875 235.40625 230.9375 228.3312530517578125 228.6750030517578125 227.6999969482421875 228.875 236.6999969482421875 240.306243896484375 243.212493896484375 250.368743896484375 255.65625 264.6875 267.274993896484375 271.96875 276.86248779296875 280.01873779296875 276.5625 280.818756103515625 283.993743896484375 283.11248779296875 280.03125 279.51251220703125 268.975006103515625 260.125 250.631256103515625
199.962493896484375 194.568756103515625 190.5500030517578125 189.5500030517578125 190.7062530517578125 191.087493896484375 196.962493896484375 197.0500030517578125 200.3625030517578125 202.618743896484375 205.993743896484375 207.6374969482421875 213.2937469482421875 218.84375 222.712493896484375 228.59375 228.71875 229.3000030517578125 230.181243896484375 230.368743896484375 224.875 222.368743896484375 221.2375030517578125 221.2687530517578125 225.537506103515625 228.774993896484375 231.850006103515625 232.7312469482421875 235.568756103515625 241.818756103515625 245.587493896484375 249.96875 254.0875091552734375 259.70001220703125 265.649993896484375 265.38751220703125 269.28125 274.912506103515625 274.48126220703125 278.787506103515625 278.89373779296875 270.931243896484375 263.40625 258.46875
186.2062530517578125 182.6062469482421875 179.4250030517578125 180.1500091552734375 179.7375030517578125 180.7375030517578125 185.381256103515625 187.3937530517578125 190.6374969482421875 194.6750030517578125 201.6687469482421875 204.256256103515625 209.568756103515625 216.618743896484375 219.4812469482421875 221.7312469482421875 222.287506103515625 225.5437469482421875 223.6875 223.3874969482421875 217.5812530517578125 216.21875 213.5187530517578125 215.037506103515625 217.59375 220.625 221.0625 222.0187530517578125 221.9812469482421875 225.84375 230.193756103515625 233.006256103515625 235.524993896484375 244.725006103515625 249.8874969482421875 254.875 256.23126220703125 262.381256103515625 263.068756103515625 270.86248779296875 271.38751220703125 268.381256103515625 263.61248779296875 262.23126220703125
172.868743896484375 169.431243896484375 169.6062469482421875 170.399993896484375 171.975006103515625 172.568756103515625 175.618743896484375 177.3562469482421875 179.9250030517578125 183.9250030517578125 190.212493896484375 197.5 202.4375 207.6374969482421875 212.34375 216.7687530517578125 218.5187530517578125 220.0437469482421875 216.2687530517578125 213.7312469482421875 211.28125 210.212493896484375 207.631256103515625 206.4187469482421875 208.399993896484375 209.100006103515625 208.1374969482421875 207.625 209.0437469482421875 211.8249969482421875 215.1750030517578125 217.337493896484375 221.162506103515625 226.75 233.681243896484375 238.068756103515625 242.912506103515625 245.2687530517578125 250.6437530517578125 256.35626220703125 257.806243896484375 260.024993896484375 261.70001220703125 262.51873779296875
158.8000030517578125 156.625 158.375 161.024993896484375 163.431243896484375 164.493743896484375 164.7937469482421875 167.243743896484375 167.1125030517578125 171.78125 179.7687530517578125 188.1437530517578125 197.5437469482421875 205.78125 209.4875030517578125 212.3562469482421875 213 213.8937530517578125 210.1875 204.9812469482421875 202.7312469482421875 199.9499969482421875 199 197.024993896484375 197.1999969482421875 197.162506103515625 198.1687469482421875 198.100006103515625 198.306243896484375 201.100006103515625 202.2312469482421875 203.568756103515625 205.0500030517578125 211.037506103515625 211.7687530517578125 217.837493896484375 220.7375030517578125 230.65625 235.912506103515625 239.9499969482421875 242.7937469482421875 243.4812469482421875 246.7312469482421875 251.600006103515625
146.8125 146.4250030517578125 146.975006103515625 148.8625030517578125 150.381256103515625 151.475006103515625 151.25 153.931243896484375 155.1125030517578125 157.84375 165.318756103515625 178.4875030517578125 191.65625 199.587493896484375 204.7375030517578125 206.568756103515625 206.774993896484375 204.4562530517578125 202.693756103515625 197.212493896484375 195.068756103515625 192.431243896484375 190.5625 189.0749969482421875 187.8125 186.537506103515625 189.3562469482421875 189.625 187.368743896484375 188.8874969482421875 190.287506103515625 190.9250030517578125 191.5124969482421875 192.368743896484375 194.162506103515625 198.131256103515625 207.6687469482421875 211.59375 216.818756103515625 224.5749969482421875 226.6687469482421875 231.193756103515625 232.875 237.618743896484375
136.0749969482421875 136.9375 137.368743896484375 138.9375 140.962493896484375 140.931243896484375 141.3874969482421875 141.774993896484375 142.899993896484375 142.556243896484375 156.524993896484375 177.787506103515625 189.912506103515625 196.556243896484375 200.0437469482421875 201.21875 199.431243896484375 196.1187591552734375 193.875 187.306243896484375 186.024993896484375 183.8625030517578125 180.600006103515625 178.8312530517578125 177.681243896484375 178.118743896484375 178.96875 178.493743896484375 176.53125 178.28125 180.1750030517578125 181.381256103515625 180.587493896484375 178.306243896484375 180.0625 185.96875 192.462493896484375 198.243743896484375 201.6062469482421875 205.962493896484375 208.2312469482421875 210.243743896484375 217.6062469482421875 223.6750030517578125
126.4375 127.2624969482421875 129.1999969482421875 130.25 133.0124969482421875 133.96875 134.71875 134.5500030517578125 136.631256103515625 137.2687530517578125 161.2937469482421875 183.2312469482421875 191.274993896484375 196.662506103515625 197.774993896484375 197.34375 194.368743896484375 191.3625030517578125 186.431243896484375 181.524993896484375 177.225006103515625 174.975006103515625 171.9812469482421875 169.8625030517578125 168.2937469482421875 167.8562469482421875 166.681243896484375 169.712493896484375 169.21875 169 169.0625 170.056243896484375 170.1437530517578125 166.431243896484375 164.7312469482421875 170.3249969482421875 178.1125030517578125 182.787506103515625 189.1062469482421875 190.912506103515625 193.6875 196.71875 197.850006103515625 200.4250030517578125
116.38124847412109375 117.2312469482421875 119.15625 121.34999847412109375 122.4562530517578125 124.6437530517578125 127.84999847412109375 131.9499969482421875 139.712493896484375 154.6875 182.3562469482421875 190.162506103515625 190.681243896484375 194.225006103515625 194.693756103515625 193.90625 191.912506103515625 187.7687530517578125 182.881256103515625 176.3249969482421875 169.837493896484375 164.931243896484375 162.912506103515625 162.256256103515625 159.475006103515625 158.506256103515625 159.850006103515625 162.4812469482421875 160.725006103515625 162.131256103515625 160.2375030517578125 157.09375 158.149993896484375 158.225006103515625 160.443756103515625 164.006256103515625 168.087493896484375 174.600006103515625 175.837493896484375 175.21875 179.993743896484375 181.975006103515625 181.3062591552734375 185.2375030517578125
108.47499847412109375 108.83750152587890625 111.61875152587890625 113.84999847412109375 116.1437530517578125 119.0124969482421875 122.13124847412109375 130.4875030517578125 141.318756103515625 156.1875 171.818756103515625 182.4250030517578125 185.0500030517578125 187.962493896484375 191 189.2312469482421875 186.5749969482421875 181.6750030517578125 175.443756103515625 169.975006103515625 161.9187469482421875 157.0500030517578125 152.225006103515625 151.34375 150.5 150.662506103515625 151.2624969482421875 152.9875030517578125 152.1437530517578125 153.0187530517578125 153.1125030517578125 153.625 153.84375 155.100006103515625 156.9812469482421875 158.787506103515625 161.100006103515625 166.131256103515625 166.5500030517578125 162.8125 164.9875030517578125 166.5749969482421875 164.4250030517578125 164.6999969482421875
