data/historical-monthly-weather-data/wc2.1_cruts4.09_10m_prec_2021-09.asc
ncols        51
nrows        45
xllcorner    -63.500000000000
yllcorner    -7.500000000000
cellsize     0.166666666667
NODATA_value -9999
[rows 0 to 18 of 45, columns 0 to 43 of 51]
202.5 201.9187469482421875 200.6999969482421875 202.6875 201.462493896484375 196.412506103515625 186.2062530517578125 174.4812469482421875 165.3625030517578125 157.125 151.350006103515625 147.5187530517578125 143.75 138.3625030517578125 134.7375030517578125 130.412506103515625 127.5749969482421875 123.2937469482421875 120.3125 116.3625030517578125 112.8625030517578125 107.66249847412109375 103.5437469482421875 99.75 95.64374542236328125 93.38124847412109375 93.09375 92.9250030517578125 91.6374969482421875 91.5124969482421875 90.65625 90.8000030517578125 92.4187469482421875 92.4250030517578125 92.7937469482421875 90.88124847412109375 89.5749969482421875 87.77500152587890625 83.90000152587890625 79.99375152587890625 76.1875 71.8562469482421875 66.69374847412109375 62.03749847412109375
192.4812469482421875 192.2062530517578125 195.756256103515625 202.475006103515625 209.3000030517578125 200.0500030517578125 187.725006103515625 179.3625030517578125 169.9499969482421875 160.837493896484375 153.90625 148.5749969482421875 143.6500091552734375 136.8562469482421875 132.493743896484375 128.8687591552734375 124.61875152587890625 121.3562469482421875 118.40625 115.2062530517578125 110.8937530517578125 107.25624847412109375 102.86875152587890625 99.28749847412109375 94.1437530517578125 91.05625152587890625 90.93125152587890625 90.72499847412109375 88.6875 88.61875152587890625 88.5 89.65000152587890625 90.72499847412109375 92.375 93.25 90.7937469482421875 88.6750030517578125 86.4875030517578125 81.80625152587890625 77.1875 72.8562469482421875 68.06874847412109375 63.018749237060546875 57.375
175.3249969482421875 177.818756103515625 182.2375030517578125 190.131256103515625 196.6750030517578125 191.931243896484375 182.787506103515625 174.8874969482421875 167.21875 159.243743896484375 152.493743896484375 146.725006103515625 141.4875030517578125 134.412506103515625 129.2624969482421875 125.90000152587890625 121.34999847412109375 117.88124847412109375 114.5 111.1750030517578125 106.4875030517578125 101.8312530517578125 97.5749969482421875 93.6875 88.55625152587890625 84.5 85.2937469482421875 84.50624847412109375 82.93125152587890625 83.03749847412109375 83.0187530517578125 84.375 87.06874847412109375 89.16249847412109375 90.6125030517578125 87.86875152587890625 85.55625152587890625 83.52500152587890625 79.3874969482421875 75.2624969482421875 71.21250152587890625 66.0625 61.28749847412109375 56.02500152587890625
155.5 158.875 168.53125 174.34375 179.8125 177.59375 173.162506103515625 170.0812530517578125 164.568756103515625 158.2062530517578125 151.0124969482421875 144.9875030517578125 137.65625 131.443756103515625 126.36875152587890625 122.4562530517578125 118.5 114.61875152587890625 111.78749847412109375 108.5625 103.1437530517578125 96.68125152587890625 90.97499847412109375 86.65625 81.02500152587890625 77.1062469482421875 77.1125030517578125 75.5625 74.875 76.0124969482421875 77.2624969482421875 78.3874969482421875 80.7687530517578125 83.31874847412109375 84.77500152587890625 84.1062469482421875 82.6687469482421875 80.5749969482421875 77.1750030517578125 72.8874969482421875 68.6125030517578125 63.59999847412109375 58.825000762939453125 54.16249847412109375
152.600006103515625 151.4250030517578125 152.056243896484375 157.0437469482421875 165.193756103515625 165.7062530517578125 163.4375 162.5812530517578125 160.0124969482421875 154.8312530517578125 148.225006103515625 140.568756103515625 134.2937469482421875 129.4875030517578125 124.65625 120.375 115.90000152587890625 111.4499969482421875 107.8562469482421875 103.46875 98.4375 90.3249969482421875 84.4812469482421875 79.65625 73.90625 69.65625 68.4187469482421875 67.84999847412109375 67.3000030517578125 68.4375 70.40625 71.5749969482421875 73.9250030517578125 77.28749847412109375 80.05625152587890625 79.0749969482421875 77.7937469482421875 76.7687530517578125 74.0437469482421875 70.34375 66.31874847412109375 61.293750762939453125 56.3125 52.3125
149.600006103515625 147.556243896484375 145.118743896484375 141.881256103515625 149.28125 155.3062591552734375 155.774993896484375 154.28125 152.068756103515625 149.0437469482421875 142.725006103515625 135.625 130.28125 126.27500152587890625 121.2624969482421875 117.90000152587890625 113.66249847412109375 108.1750030517578125 103.6437530517578125 99.16249847412109375 92.21875 84.52500152587890625 78.00624847412109375 72.3625030517578125 67.33750152587890625 62.768749237060546875 61.46250152587890625 61.25 60.625 61.75 63.75624847412109375 66.8937530517578125 69.5625 72.7937469482421875 75.4187469482421875 75.80625152587890625 75.1687469482421875 75.3312530517578125 73.7624969482421875 70.55625152587890625 65.34375 60.96250152587890625 56.71250152587890625 53.6875
148.743743896484375 147.037506103515625 143.725006103515625 139.84375 141.2937469482421875 142.2624969482421875 144.399993896484375 144.962493896484375 142.0124969482421875 138.037506103515625 134.131256103515625 129.40625 125.7375030517578125 122.0437469482421875 118.09999847412109375 115.03749847412109375 111.3874969482421875 106.2312469482421875 100.375 94.2312469482421875 86.25624847412109375 78.40000152587890625 70.7937469482421875 65.1062469482421875 60.53125 56.424999237060546875 55.33750152587890625 55.0625 54.24375152587890625 55.40000152587890625 57.793750762939453125 60.34999847412109375 63.762500762939453125 67.71875 70.97499847412109375 71.03125 71.2062530517578125 72.86875152587890625 73.2937469482421875 69.2937469482421875 64.3937530517578125 60.106250762939453125 56.637500762939453125 54.63124847412109375
148.493743896484375 146.4812469482421875 142.868743896484375 141.212493896484375 141.8000030517578125 142.6437530517578125 140.037506103515625 134.318756103515625 129.037506103515625 126.5437469482421875 125.53125 123.0437469482421875 120.7687530517578125 117.71250152587890625 115.2624969482421875 111.40625 107.9187469482421875 102.93125152587890625 96.72499847412109375 88.46250152587890625 80.49375152587890625 72.15000152587890625 64.49375152587890625 58.53125 53.799999237060546875 49.875 48.72499847412109375 48.1875 48.018749237060546875 49.52500152587890625 52.049999237060546875 54.65625 58.15000152587890625 62.518749237060546875 65.375 65.65000152587890625 66.06874847412109375 67.28749847412109375 66.63124847412109375 63.918750762939453125 59.99375152587890625 56.487499237060546875 53.981250762939453125 52.331249237060546875
149.6875 148.3625030517578125 145.71875 143.59375 143.2375030517578125 142.1374969482421875 139.3125 133.6125030517578125 126.2687530517578125 120.43125152587890625 119.4499969482421875 117.65625 117.2375030517578125 114.3562469482421875 111.2375030517578125 107.16249847412109375 103.1125030517578125 97.84375 92.1687469482421875 83.7937469482421875 74.84999847412109375 67.1062469482421875 58.668750762939453125 53.625 48.581249237060546875 44.4375 43.762500762939453125 43.981250762939453125 44.643749237060546875 46.481250762939453125 49.65000152587890625 51.356250762939453125 53.65000152587890625 56.27500152587890625 58.90000152587890625 60.143749237060546875 60.96875 61.393749237060546875 60 57.731250762939453125 54.643749237060546875 51.84999847412109375 50.168750762939453125 49.25
149.212493896484375 148.3937530517578125 146.1062469482421875 143.8874969482421875 143.912506103515625 142.662506103515625 139.5187530517578125 133.337493896484375 127.0187530517578125 121.8874969482421875 118.4250030517578125 115.1687469482421875 113.91249847412109375 112.0812530517578125 107.2312469482421875 103.0187530517578125 97.43125152587890625 91.7937469482421875 86.03749847412109375 79.05625152587890625 70.4562530517578125 61.768749237060546875 53.41249847412109375 48.11875152587890625 42.88124847412109375 39.06874847412109375 39.018749237060546875 39.731250762939453125 40.86875152587890625 43.581249237060546875 46.00624847412109375 47.65000152587890625 49.40625 51.918750762939453125 54.106250762939453125 54.81874847412109375 55.61875152587890625 55.737499237060546875 53.77500152587890625 51.68125152587890625 49.137500762939453125 47.34999847412109375 44.956249237060546875 44.237499237060546875
150.756256103515625 149.7062530517578125 147.2937469482421875 144.59375 143.6687469482421875 143.381256103515625 140.3562469482421875 132.4812469482421875 125.52500152587890625 120.7062530517578125 117.47499847412109375 114.81874847412109375 111.6437530517578125 108.3625030517578125 102.3625030517578125 96.8249969482421875 90.36875152587890625 84.7375030517578125 79.125 73.15000152587890625 66.1750030517578125 57.77500152587890625 49.3125 42.231250762939453125 37.856250762939453125 35.331249237060546875 35.90000152587890625 36.575000762939453125 37.52500152587890625 40.30625152587890625 42.97499847412109375 44.69374847412109375 46.19374847412109375 47.83750152587890625 49.424999237060546875 49.706249237060546875 50.043750762939453125 49.83750152587890625 48.53749847412109375 46.0625 43.331249237060546875 41.643749237060546875 40.63124847412109375 39.30625152587890625
150.59375 149.3000030517578125 146.850006103515625 145.0812530517578125 143.756256103515625 142.868743896484375 140.6875 133.212493896484375 125.3000030517578125 119.3625030517578125 115.9812469482421875 112.99375152587890625 107.34375 102.0187530517578125 97.03749847412109375 90.8249969482421875 84.73749542236328125 78.4250030517578125 73.0812530517578125 68.59375 62.94374847412109375 54.799999237060546875 46.262500762939453125 39.27500152587890625 34.862499237060546875 32.25624847412109375 33.21250152587890625 34.56874847412109375 35.71250152587890625 38.393749237060546875 40.72499847412109375 42.28749847412109375 43.34375 44.875 46.5625 46.55625152587890625 46.331249237060546875 45.93125152587890625 43.549999237060546875 40.643749237060546875 37.90625 36.143749237060546875 35.387500762939453125 34.143749237060546875
149.225006103515625 147.631256103515625 144.5875091552734375 141.506256103515625 139.162506103515625 137.6750030517578125 134.34375 127.9375 122.25624847412109375 117.2687530517578125 112.9375 109.2687530517578125 103.53749847412109375 95.2312469482421875 88.8874969482421875 83.74375152587890625 77.8874969482421875 72.2375030517578125 67.33750152587890625 62.90625 57.97499847412109375 50.956249237060546875 42.981250762939453125 36.93125152587890625 31.956249237060546875 29.412500381469726562 31.243749618530273438 33.331249237060546875 35.106250762939453125 37.34375 38.86875152587890625 39.97499847412109375 40.862499237060546875 41.481250762939453125 42.55625152587890625 42.956249237060546875 43.612499237060546875 43.637500762939453125 42 37.799999237060546875 33.8125 32.71250152587890625 31.556249618530273438 28.024999618530273438
146.75 144.381256103515625 140.131256103515625 136.40625 133.8249969482421875 130.6999969482421875 126.78749847412109375 122.30625152587890625 117.3249969482421875 113.3562469482421875 108.3125 102.0500030517578125 95.8625030517578125 88.18125152587890625 80.3312530517578125 75.7937469482421875 70.4812469482421875 65.0437469482421875 59.993747711181640625 55.893749237060546875 51.231250762939453125 44.893749237060546875 38.606250762939453125 34.52500152587890625 30.637500762939453125 28.118749618530273438 30.15625 32.38124847412109375 34.15000152587890625 36.168750762939453125 38.03125 38.549999237060546875 38.65625 38.768749237060546875 39.61875152587890625 40.856250762939453125 42.543750762939453125 44.22499847412109375 43.418750762939453125 40.09375 33.481250762939453125 29.793750762939453125 28.756250381469726562 27.662500381469726562
143.681243896484375 140.149993896484375 135.4875030517578125 131.6875 128.9250030517578125 123.8874969482421875 120.94374847412109375 116.34375 111.28749847412109375 107.71250152587890625 101.7312469482421875 94.8312530517578125 87.81874847412109375 80.25624847412109375 72.1374969482421875 66.63124847412109375 62.200000762939453125 57.831249237060546875 52.96875 49.27500152587890625 45.375 40.55625152587890625 35.799999237060546875 33.612499237060546875 31.693750381469726562 30.106250762939453125 32.0625 33.737499237060546875 35.02500152587890625 36.77500152587890625 37.25624847412109375 37.387500762939453125 37.512500762939453125 37.137500762939453125 36.75624847412109375 38.924999237060546875 43.049999237060546875 47.887500762939453125 49.518749237060546875 45.91249847412109375 40.268749237060546875 35.456249237060546875 33.200000762939453125 30.875
139.274993896484375 135.056243896484375 131.0437469482421875 126.9250030517578125 122.8000030517578125 119.1999969482421875 115.47499847412109375 110.7937469482421875 106.18125152587890625 102.28749847412109375 95.91249847412109375 87.9812469482421875 80.28749847412109375 72.96875 65.41249847412109375 58.61875152587890625 54.356250762939453125 51.075000762939453125 46.83750152587890625 43.6875 40.15625 36.8125 33.84375 33.55625152587890625 33.03749847412109375 32.03125 33.862499237060546875 35.68125152587890625 37.02500152587890625 38.012500762939453125 38.950000762939453125 38.24375152587890625 37.237499237060546875 36.875 35.61875152587890625 39.450000762939453125 45.862499237060546875 51.356250762939453125 55.637500762939453125 53.987499237060546875 50.1875 43.59375 37.862499237060546875 33.28125
133.25 129.537506103515625 126.22499847412109375 122.3937530517578125 118.06874847412109375 114.8000030517578125 111.00624847412109375 106.9499969482421875 101.90625 96.74375152587890625 90.6750030517578125 82.28749847412109375 73.6999969482421875 66.02500152587890625 59.90000152587890625 53.887500762939453125 47.9375 44.55625152587890625 41.612499237060546875 38.66249847412109375 35.63124847412109375 33.1875 31.762500762939453125 33.487499237060546875 34.581249237060546875 33.75 35.72499847412109375 37.69374847412109375 39.206249237060546875 40.299999237060546875 41.75624847412109375 42.55625152587890625 40.84999847412109375 39.65625 41.393749237060546875 44.393749237060546875 49.668750762939453125 58.643749237060546875 67.30625152587890625 62.49375152587890625 55.1875 47.47499847412109375 39.97499847412109375 35.53749847412109375
128.1437530517578125 124.99375152587890625 120.99375152587890625 117.53749847412109375 114.55625152587890625 111.4499969482421875 107.28749847412109375 102.65625 97.52500152587890625 91.1374969482421875 84.3874969482421875 76.1687469482421875 67.78125 60.34375 54.44374847412109375 49.174999237060546875 43.81874847412109375 38.78749847412109375 36.77500152587890625 34.012500762939453125 31.912500381469726562 29.9375 29.337499618530273438 32.375 34.856250762939453125 35.16249847412109375 37.856250762939453125 40.043750762939453125 41.293750762939453125 41.6875 42.5625 43.25 46.012500762939453125 48.606250762939453125 48.518749237060546875 48.44374847412109375 55.21250152587890625 63.231250762939453125 67.21250152587890625 63.799999237060546875 54.66249847412109375 46.97499847412109375 40.46250152587890625 37.268749237060546875
122.91249847412109375 119.52500152587890625 115.72499847412109375 113.2312469482421875 110.31874847412109375 107.4812469482421875 103.43125152587890625 99.75 93.58750152587890625 86.52500152587890625 79.0437469482421875 70.58750152587890625 62.21875 55.19374847412109375 49.293750762939453125 44.81874847412109375 40.25 35.325000762939453125 32.13124847412109375 29.799999237060546875 28.84375 28.962499618530273438 26.71875 30.137500762939453125 33.875 36.799999237060546875 40.44374847412109375 42.68125152587890625 45.00624847412109375 44.825000762939453125 44.75 48.625 55.34375 58.231250762939453125 59.262500762939453125 59.262500762939453125 61.443752288818359375 63.66249847412109375 63.90000152587890625 59.518749237060546875 52.012500762939453125 45.59999847412109375 40.518749237060546875 37.97499847412109375
