data/historical-monthly-weather-data/wc2.1_cruts4.09_10m_prec_2018-08.asc
ncols        51
nrows        45
xllcorner    -63.500000000000
yllcorner    -7.500000000000
cellsize     0.166666666667
NODATA_value -9999
[rows 19 to 37 of 45, columns 0 to 42 of 51]
111.66249847412109375 114.4499969482421875 115.03749847412109375 116.38124847412109375 116.28125 115.6374969482421875 113.6062469482421875 110.8249969482421875 110.125 107.3874969482421875 103.4375 96.6437530517578125 86.46250152587890625 76.4562530517578125 68.66249847412109375 60.950000762939453125 52.00624847412109375 49.21875 48.762500762939453125 50.856250762939453125 50.24375152587890625 51.8125 56.53749847412109375 57.518749237060546875 55.5625 51.25 48.38124847412109375 44.53125 40.00624847412109375 36.393749237060546875 35.78125 41.56874847412109375 47.174999237060546875 54.13124847412109375 61.61875152587890625 65.0124969482421875 66.65625 67.90625 66.90625 63.5625 57.84999847412109375 53.481250762939453125 50.28749847412109375
106.6125030517578125 112.08750152587890625 115.7375030517578125 118.1437530517578125 117.5187530517578125 117.375 117.1999969482421875 116.1750030517578125 116.47499847412109375 114.24375152587890625 111.56874847412109375 106.46250152587890625 95.8312530517578125 85.0124969482421875 75.30625152587890625 66.8874969482421875 58.65625 53.52500152587890625 54.206249237060546875 55.206249237060546875 57.9375 61.53749847412109375 65.1062469482421875 66.59375 66.25 60.612499237060546875 54.075000762939453125 48.88124847412109375 44.393749237060546875 43.143749237060546875 43.575000762939453125 46.66249847412109375 49.78125 53.90625 60.13124847412109375 62.94374847412109375 65.66249847412109375 66.8312530517578125 65.16249847412109375 62.47499847412109375 57.518749237060546875 54.02500152587890625 51.25
104.75 108.6374969482421875 113.7062530517578125 118.7312469482421875 120.86875152587890625 120.47499847412109375 122.21875 120.7687530517578125 122.56874847412109375 120.88124847412109375 121.125 120.05625152587890625 115.65000152587890625 104.9812469482421875 92.8249969482421875 79.97499847412109375 72.96250152587890625 67.4812469482421875 66.1999969482421875 66.65625 65.78125 68.36875152587890625 72.50624847412109375 73.5812530517578125 71.80625152587890625 67.30625152587890625 64.38124847412109375 57.375 52.200000762939453125 49.875 48.97499847412109375 49.424999237060546875 51.19374847412109375 54.19374847412109375 56.606250762939453125 59.30625152587890625 63.11875152587890625 65.7062530517578125 64.84999847412109375 61.90000152587890625 57.46875 54.03125 50.53749847412109375
103.51250457763671875 111.0187530517578125 118.13124847412109375 122.61875152587890625 126.4562530517578125 126.96250152587890625 125.80625152587890625 124.34375 128.399993896484375 131.8000030517578125 136.100006103515625 138.7375030517578125 139.2062530517578125 129.4375 113.1125030517578125 97.78125 86.53125 80.34999847412109375 77.71875 76.3562469482421875 75.81874847412109375 78.1875 81.2375030517578125 78.46875 78.4812469482421875 76.2687530517578125 72.2312469482421875 66.1750030517578125 58.84999847412109375 54.28749847412109375 52.081249237060546875 51.75624847412109375 52.293750762939453125 52.700000762939453125 53.08750152587890625 53.25624847412109375 57 62.5 63.549999237060546875 60.47499847412109375 57.09999847412109375 53.293750762939453125 50.024997711181640625
107.9187469482421875 119.21250152587890625 128.6999969482421875 131.287506103515625 134.3625030517578125 135.375 136.337493896484375 137.1437530517578125 136.693756103515625 141.4562530517578125 146.7937469482421875 155.1062469482421875 158.3625030517578125 146.4187469482421875 129.21875 113.1062469482421875 101.16249847412109375 93.43125152587890625 89.06874847412109375 87.40000152587890625 86.6687469482421875 87.96875 88.65000152587890625 87.4187469482421875 85.8249969482421875 82.0500030517578125 79.28125 70.9875030517578125 63.90625 59.55625152587890625 56.899997711181640625 55.06874847412109375 54.40000152587890625 52.36875152587890625 51.137500762939453125 50.106250762939453125 52.94374847412109375 58.325000762939453125 60.15000152587890625 57.91249847412109375 54.84375 51.831249237060546875 48.69374847412109375
114.8625030517578125 128.2687530517578125 138.1687469482421875 144.5500030517578125 148.9375 148.631256103515625 147.6750030517578125 148.443756103515625 149.6687469482421875 153.662506103515625 156.350006103515625 160.71875 162.318756103515625 152.9375 138.625 125.0812530517578125 113.8312530517578125 105.28749847412109375 99.9812469482421875 97.69374847412109375 96.875 96.6750030517578125 96.7937469482421875 95.06874847412109375 91.47499847412109375 89.18125152587890625 83.06874847412109375 75.0812530517578125 67.8937530517578125 63.700000762939453125 60.106250762939453125 57.168750762939453125 55.44374847412109375 53.46875 51.02500152587890625 49.731250762939453125 51.88124847412109375 54.049999237060546875 55.43125152587890625 54.68125152587890625 52.4375 50.34999847412109375 47.86875152587890625
125.46250152587890625 140.787506103515625 147.649993896484375 156.556243896484375 159.412506103515625 158.9187469482421875 157.9187469482421875 159.993743896484375 157.899993896484375 158.381256103515625 160.5187530517578125 162.5812530517578125 162.0437469482421875 152.787506103515625 143.274993896484375 131.3249969482421875 122.0187530517578125 114.8874969482421875 108.4562530517578125 106.74375152587890625 106.11875152587890625 104.71250152587890625 105.1437530517578125 101.02500152587890625 96.7062530517578125 93.2062530517578125 87.2937469482421875 79.18125152587890625 72.2624969482421875 67.9812469482421875 63.481250762939453125 59.96250152587890625 56.65625 53.543750762939453125 50.38124847412109375 50.049999237060546875 50.94374847412109375 51.237499237060546875 52.52500152587890625 51.36875152587890625 50.02500152587890625 48.393749237060546875 46.887500762939453125
140.3874969482421875 154.0812530517578125 162.100006103515625 168.5437469482421875 171.4562530517578125 170.0749969482421875 170.40625 168.7624969482421875 164.024993896484375 165.6750030517578125 167.1437530517578125 163.8000030517578125 160.587493896484375 153.068756103515625 145.9124908447265625 135.9562530517578125 128.2937469482421875 120.91249847412109375 115.9562530517578125 111.78749847412109375 108.9875030517578125 108.625 107.4375 104.94374847412109375 100.52500152587890625 94.6125030517578125 89.8874969482421875 82.4375 75.09375 69.875 65.9812469482421875 61.3125 58.03749847412109375 54.53749847412109375 50.518749237060546875 49.893749237060546875 49.21875 49.206249237060546875 49.3125 48.3125 47.137500762939453125 46.106250762939453125 46.00624847412109375
158.84375 167.1437530517578125 174.662506103515625 180.5187530517578125 184.1999969482421875 180.0500030517578125 178.837493896484375 176.8937530517578125 173.0749969482421875 171.899993896484375 168.1687469482421875 163.225006103515625 158.9875030517578125 153.7437591552734375 145.850006103515625 138.350006103515625 132.8000030517578125 125.9562530517578125 121.02500152587890625 116.16249847412109375 113.4375 109.8125 110.2687530517578125 107.2062530517578125 102.125 95.4812469482421875 90.91249847412109375 84.6875 78.11875152587890625 72.84375 67.6875 62.393749237060546875 58.72499847412109375 54.262500762939453125 51.049999237060546875 49.299999237060546875 47.668750762939453125 46.956249237060546875 47.293750762939453125 46.9375 45.762500762939453125 45.5 45.481250762939453125
171.9187469482421875 184.068756103515625 187.8874969482421875 192.3625030517578125 191.225006103515625 186.993743896484375 182.743743896484375 178.024993896484375 177.875 173.274993896484375 168.631256103515625 162.475006103515625 157.256256103515625 152.7687530517578125 146.6374969482421875 140.2312469482421875 136.4812469482421875 130.875 125.6875 121.25 117.68125152587890625 113.7687530517578125 112.625 108 103.6125030517578125 96.46250152587890625 92.28749847412109375 86.0124969482421875 79.36875152587890625 73.9375 68.3249969482421875 63.325000762939453125 58.33750152587890625 53.28749847412109375 49.96875 48.93125152587890625 47.53749847412109375 46.56874847412109375 46.8125 45.956249237060546875 44.09375 44.075000762939453125 44.77500152587890625
179.756256103515625 192.9812469482421875 195.625 194.899993896484375 194.8937530517578125 190.962493896484375 185.118743896484375 182.8625030517578125 179.087493896484375 172.743743896484375 168.6062469482421875 163.4187469482421875 157.65625 152.006256103515625 146.756256103515625 141.21875 136.28125 133.7312469482421875 131.6437530517578125 124.9250030517578125 120.43125152587890625 117.9250030517578125 116.25624847412109375 110.27500152587890625 103.9375 98.5187530517578125 92.11875152587890625 85.63124847412109375 77.71875 72.25 67.4562530517578125 63.09999847412109375 58.09999847412109375 53.52500152587890625 50.112499237060546875 48.231250762939453125 47.94374847412109375 47.15000152587890625 46.78749847412109375 47.11875152587890625 46.43125152587890625 45.86875152587890625 44.99375152587890625
186.0124969482421875 196.84375 195.6062469482421875 197.4562530517578125 202.2312469482421875 196.006256103515625 190.493743896484375 184.3249969482421875 178.3125 171.6437530517578125 165.6125030517578125 163.5812530517578125 160.4187469482421875 154.4375 146.725006103515625 141.443756103515625 139.2624969482421875 137.256256103515625 136.2937469482421875 131.3312530517578125 125.6750030517578125 119.2624969482421875 116.18125152587890625 109.90000152587890625 102.94374847412109375 97.8249969482421875 90.03749847412109375 84.15625 77.40625 72.3937530517578125 68.0625 63.21875 57.84375 53.47499847412109375 50.868747711181640625 48.58750152587890625 47.83750152587890625 47.02500152587890625 47.81874847412109375 49.18125152587890625 48.55625152587890625 46.174999237060546875 44.38124847412109375
189.3125 200.1062469482421875 198.4812469482421875 199.368743896484375 204.9250030517578125 198.5187530517578125 191.4250030517578125 182.6062469482421875 177.024993896484375 171.125 165.0124969482421875 161.65625 156.59375 152.59375 147 145.59375 142.0374908447265625 139.350006103515625 136.5437469482421875 133.0500030517578125 127.9250030517578125 124.0437469482421875 118.02500152587890625 108.74375152587890625 102.18125152587890625 96.30625152587890625 88.78749847412109375 83.00624847412109375 76.03125 70.80625152587890625 67.24375152587890625 62.25 57.293750762939453125 53.518749237060546875 49.456249237060546875 46.956249237060546875 46.09999847412109375 45.52500152587890625 46.66249847412109375 48.075000762939453125 47.52500152587890625 45.0625 43.931247711181640625
180.625 189.1687469482421875 190.399993896484375 194.0500030517578125 196.381256103515625 190.4187469482421875 186.7937469482421875 181.0812530517578125 173.96875 169.818756103515625 167.7937469482421875 161.5437469482421875 155.756256103515625 153.693756103515625 148.59375 147.4562530517578125 144.0437469482421875 142.1999969482421875 138.78125 134.9562530517578125 129.625 124.71250152587890625 119.31874847412109375 112.8562469482421875 105.8625030517578125 98.03749847412109375 90.2312469482421875 81.38124847412109375 74.65625 69.08750152587890625 65.4375 60.393749237060546875 55.65625 51.581249237060546875 47.850002288818359375 45.262500762939453125 44.075000762939453125 42.9375 43.78749847412109375 44.924999237060546875 44.15625 42.65000152587890625 41.518749237060546875
170.4187469482421875 180.6125030517578125 182.8937530517578125 189.53125 186.6687469482421875 184.28125 183.631256103515625 179.6125030517578125 172.40625 166.818756103515625 163.131256103515625 159.59375 156.84375 149.818756103515625 147.6875 144.6750030517578125 143.6999969482421875 140.5124969482421875 136.5625 134.125 129.875 125.2624969482421875 120.96250152587890625 113.36875152587890625 107.40625 100.2062530517578125 91.31874847412109375 81.21250152587890625 74.72499847412109375 69.36875152587890625 64.71875 59.206249237060546875 53.731250762939453125 49.043750762939453125 45.799999237060546875 43.21875 41.700000762939453125 40.03125 40.625 40.80625152587890625 41.075000762939453125 40.268749237060546875 39.081249237060546875
162.2312469482421875 170.7312469482421875 175.28125 178.59375 180.2687530517578125 179.1687469482421875 178.5625 176.3625030517578125 166.850006103515625 163.1125030517578125 159.506256103515625 158.600006103515625 153.8937530517578125 150.8000030517578125 148.3562469482421875 146.725006103515625 145.068756103515625 141.2937469482421875 137.212493896484375 134.71875 131.1062469482421875 126.00624847412109375 120.4499969482421875 114.2624969482421875 107.5124969482421875 101.22499847412109375 91.5812530517578125 81.3562469482421875 74.5625 69.15000152587890625 62.887500762939453125 56.581249237060546875 51.36875152587890625 46.487499237060546875 42.981250762939453125 40.38124847412109375 37.987499237060546875 36.737499237060546875 37.30625152587890625 37.38124847412109375 37.043750762939453125 36.450000762939453125 35.96875
152.7062530517578125 161.40625 164.743743896484375 167.65625 170.75 168.431243896484375 167.337493896484375 164.2937469482421875 158.4375 157 158.0124969482421875 156.3874969482421875 155.8562469482421875 153.618743896484375 151.9250030517578125 151.5625 148.1125030517578125 145.9250030517578125 139.9187469482421875 136.5124969482421875 133.5 131.0812530517578125 124.8125 118.59375 110.65625 102.90000152587890625 92.3937530517578125 84.1062469482421875 74.9562530517578125 67.74375152587890625 60.6875 53.981250762939453125 47.481250762939453125 43.431247711181640625 39.612499237060546875 36.4375 34.94374847412109375 33.700000762939453125 33.543750762939453125 34.03125 33.799999237060546875 34 32.975002288818359375
139.3312530517578125 147.287506103515625 150.5625 154.993743896484375 158.8125 158.8000030517578125 158.8562469482421875 158.725006103515625 152.9562530517578125 149.8937530517578125 157.2624969482421875 162.3562469482421875 163.5124969482421875 160.274993896484375 159.6812591552734375 156.0187530517578125 152.1125030517578125 148.2937469482421875 143.568756103515625 138.318756103515625 135.4562530517578125 133.1687469482421875 127.7687530517578125 121.96250152587890625 114.8249969482421875 104.9562530517578125 95.0500030517578125 85.5 74.3249969482421875 66.2687530517578125 58.96250152587890625 51.106250762939453125 45.15625 40.30625152587890625 36.5625 33.84375 32.299999237060546875 31.325000762939453125 30.96875 31.368749618530273438 30.962499618530273438 31.174999237060546875 30.293750762939453125
129.131256103515625 137.03125 139.381256103515625 145.899993896484375 150.875 151.006256103515625 151.8874969482421875 152.100006103515625 150.975006103515625 148.787506103515625 166.162506103515625 173.21875 169.649993896484375 169.037506103515625 168.6999969482421875 163.5124969482421875 156.806243896484375 150.618743896484375 148.2750091552734375 142.5500030517578125 139.0437469482421875 134.743743896484375 129.7937469482421875 123.91249847412109375 117.0500030517578125 108.71875 98.4499969482421875 88.33750152587890625 77.2687530517578125 67.3562469482421875 57.825000762939453125 50.174999237060546875 44.52500152587890625 38.34375 34.02500152587890625 31.15625 30.418750762939453125 29.668750762939453125 29.537500381469726562 29.837499618530273438 28.393749237060546875 27.962499618530273438 27.475000381469726562
