data/historical-monthly-weather-data/wc2.1_cruts4.09_10m_prec_1965-03.asc
ncols        51
nrows        45
xllcorner    -63.500000000000
yllcorner    -7.500000000000
cellsize     0.166666666667
NODATA_value -9999
[rows 0 to 19 of 45, columns 0 to 44 of 51]
340.318756103515625 345.9375 337.587493896484375 336.899993896484375 331.787506103515625 320.86248779296875 303.70001220703125 286.51873779296875 269.86248779296875 258.4375 252.256256103515625 247.9562530517578125 243.8625030517578125 236.5 231.0437469482421875 225.4375 222.4875030517578125 216.1750030517578125 212.756256103515625 209.1875 209.15625 208.4187469482421875 208.712493896484375 208.962493896484375 211.5812530517578125 214.4812469482421875 219.693756103515625 228.5124969482421875 236.2937469482421875 239.756256103515625 246.8562469482421875 251.256256103515625 256.181243896484375 263.09375 269.25 274.83123779296875 279.08123779296875 283.818756103515625 289.625 294 298.618743896484375 302.774993896484375 305.28125 308.73748779296875 308.59375
356.475006103515625 365.881256103515625 369.71875 373.993743896484375 375.41876220703125 363.912506103515625 346.14373779296875 330.32501220703125 316.83123779296875 304.95001220703125 296.850006103515625 289.54376220703125 282.537506103515625 273.8125 265.70001220703125 258.28125 252.7062530517578125 247.28125 241.9187469482421875 237.3312530517578125 236.7375030517578125 236.3874969482421875 237.118743896484375 236.96875 237.431243896484375 238.7312469482421875 241.6750030517578125 248.462493896484375 253.462493896484375 256.625 261.53125 267.556243896484375 270.5 277.79998779296875 281.33123779296875 287.04376220703125 292.443756103515625 296.75 302.193756103515625 305.98126220703125 311.20623779296875 314.90625 317.04376220703125 319.75 320.29998779296875
361.92498779296875 374.66876220703125 384.568756103515625 393.837493896484375 398.256256103515625 390.225006103515625 380.787506103515625 372.006256103515625 361.29376220703125 351.88751220703125 340.67498779296875 330.09375 321.537506103515625 311.83123779296875 302.01251220703125 294.29376220703125 287.01251220703125 281.912506103515625 275.9375 270.95001220703125 270.59375 270.818756103515625 269.84375 268.79998779296875 267.90625 265.79376220703125 266.837493896484375 270.8125 272.39373779296875 273.79998779296875 278.543731689453125 283.38751220703125 286.79998779296875 290.70001220703125 296.39373779296875 299.45623779296875 304.70001220703125 310.5625 315.350006103515625 320.274993896484375 325.037506103515625 327.681243896484375 329.08123779296875 330.20001220703125 331.85626220703125
361.65625 378.48748779296875 396.82501220703125 409.8125 419.04376220703125 414.975006103515625 412.14373779296875 410.76251220703125 406.75 399.787506103515625 387.42498779296875 372.48748779296875 359.787506103515625 348.287506103515625 338.10626220703125 329.04998779296875 322.91876220703125 318.83123779296875 313.774993896484375 308.48126220703125 309.006256103515625 307.618743896484375 304.04998779296875 301.006256103515625 297.98748779296875 293.6875 292.23126220703125 290.9375 289.756256103515625 291.024993896484375 293.037506103515625 298.61248779296875 300.91876220703125 303.82501220703125 308.04998779296875 312.90625 318.399993896484375 324.243743896484375 330.58123779296875 334.90625 337.712493896484375 340.524993896484375 341.65625 341.29376220703125 342.48126220703125
371.524993896484375 386.537506103515625 402.818756103515625 421.5625 435.506256103515625 436.51251220703125 436.725006103515625 441.443756103515625 445.137481689453125 444.537506103515625 430.399993896484375 410.1875 395.556243896484375 385.587493896484375 373.381256103515625 364.975006103515625 358.037506103515625 356.25 350.64373779296875 344.65625 345.256256103515625 342.10626220703125 338.875 334.34375 328.475006103515625 322.056243896484375 315.73126220703125 311.09375 309.76873779296875 307.600006103515625 309.91876220703125 312.28125 316.337493896484375 319.85626220703125 323.5625 328.73126220703125 333.787506103515625 338.85626220703125 345.899993896484375 349.32501220703125 352.98748779296875 353.537506103515625 353.350006103515625 353.3125 352.51251220703125
380.17498779296875 396.5625 415.76251220703125 430.131256103515625 438.899993896484375 441.73126220703125 443.32501220703125 447.64373779296875 453.95623779296875 458.09375 441.443756103515625 422.15625 411.225006103515625 401.51251220703125 392.556243896484375 385.993743896484375 381.57501220703125 381.88751220703125 380.54998779296875 376.23748779296875 374.837493896484375 371.8125 367.75 360.181243896484375 352.024993896484375 344.8125 336.993743896484375 329.39373779296875 324.225006103515625 323.36248779296875 324.399993896484375 327.443756103515625 330.67498779296875 338.48748779296875 345.42498779296875 350.131256103515625 357.243743896484375 362.67498779296875 369.25 373.48748779296875 373.91876220703125 373.787506103515625 372.53125 370.85626220703125 368.287506103515625
385.712493896484375 401.331268310546875 418.64373779296875 429.212493896484375 434.10626220703125 435.17498779296875 436.068756103515625 435.79376220703125 434.41876220703125 432.59375 429.3125 420.75 415.375 410.29376220703125 405.524993896484375 401.78125 400.0625 401.787506103515625 403.056243896484375 405.568756103515625 402.5 399.837493896484375 394.212493896484375 385.09375 375.53125 365.32501220703125 356.15625 346.40625 337.443756103515625 335 338.975006103515625 341.868743896484375 346.8125 354.26873779296875 363.58123779296875 370.818756103515625 377.493743896484375 383.875 393.54998779296875 395.20623779296875 391.07501220703125 390.306243896484375 388.037506103515625 385.600006103515625 384.662506103515625
385.60626220703125 399.787506103515625 413.087493896484375 423.33123779296875 430.006256103515625 430.006256103515625 424.60626220703125 414.64373779296875 403.3125 402.4375 410.88751220703125 413.712493896484375 416.40625 417.149993896484375 416.006256103515625 415.743743896484375 414.412506103515625 417.337493896484375 422.506256103515625 428.51873779296875 427.53125 424.8125 419.5625 408.34375 399.15625 385.506256103515625 372.90625 361.16876220703125 349.29998779296875 346.5625 348.76251220703125 355.20623779296875 360.79376220703125 369.82501220703125 380.51873779296875 388.13751220703125 395.6875 402.274993896484375 410.01251220703125 409.931243896484375 405.70001220703125 403.8125 400.76251220703125 397.23748779296875 394.48748779296875
385.84375 398.475006103515625 411.475006103515625 421.4375 426.774993896484375 425.6875 418.899993896484375 405.774993896484375 385.42498779296875 379.64373779296875 395.54998779296875 405.1875 413.17498779296875 415.274993896484375 419.100006103515625 423.67498779296875 426.024993896484375 429.60626220703125 437.21875 443.5 439.01873779296875 438.350006103515625 433.42498779296875 428.67498779296875 418.962493896484375 403.0625 386.412506103515625 371.70001220703125 360.79998779296875 356.837493896484375 359.556243896484375 366.1875 373.162506103515625 382.625 393.193756103515625 402.76251220703125 413.25 420.26873779296875 426.806243896484375 425.600006103515625 420.837493896484375 417.431243896484375 413.79998779296875 408.8125 402.38751220703125
386.087493896484375 397.33123779296875 408.65625 417.868743896484375 424.20001220703125 423.837493896484375 419.162506103515625 408.83123779296875 394.274993896484375 389.837493896484375 398.181243896484375 403.087493896484375 410.350006103515625 414.506256103515625 421.76873779296875 430.806243896484375 438.256256103515625 442.10626220703125 448.149993896484375 453.693756103515625 449.318756103515625 449.28125 449.01873779296875 448.662506103515625 436.17498779296875 418.975006103515625 401.23748779296875 384.48748779296875 370.818756103515625 365.34375 366.693756103515625 375.33123779296875 384.89373779296875 396.84375 408.287506103515625 417.92498779296875 428.274993896484375 437.149993896484375 443.40625 443.11248779296875 438.712493896484375 434.631256103515625 426.78125 415.45001220703125 408.92498779296875
385.67498779296875 396.36248779296875 405.83123779296875 414.943756103515625 422.75 424.98748779296875 422.90625 414.95623779296875 405.975006103515625 403.38751220703125 406.10626220703125 408.899993896484375 412.26873779296875 417.45623779296875 427.618743896484375 438.88751220703125 448.86248779296875 452.84375 456.23126220703125 460.618743896484375 459.34375 460.118743896484375 464.67498779296875 462.318756103515625 455.568756103515625 433.85626220703125 414.29376220703125 399.100006103515625 383.46875 375.59375 377.67498779296875 384.83123779296875 394.78125 407.73126220703125 420.993743896484375 430.53125 440.75 450.381256103515625 456.58123779296875 458.20001220703125 453.787506103515625 446.431243896484375 434.712493896484375 420.600006103515625 412.337493896484375
383.912506103515625 394.712493896484375 404.0625 414.26873779296875 421.318756103515625 426.20623779296875 427.662506103515625 423.17498779296875 416.78125 413.34375 413.78125 416.024993896484375 419 424.79998779296875 438.21875 449.53125 456.100006103515625 457.76251220703125 460.118743896484375 462.42498779296875 458.01873779296875 460.73748779296875 470.006256103515625 476.681243896484375 467.76251220703125 438.962493896484375 418.76251220703125 404.5 393.712493896484375 390.425018310546875 388.818756103515625 393.0625 401.943756103515625 413.89373779296875 426.149993896484375 438.600006103515625 450.91876220703125 461.45001220703125 466.35626220703125 469.118743896484375 465.5 454.70623779296875 436.88751220703125 414.3125 400.537506103515625
381.725006103515625 392.03125 402.08123779296875 411.162506103515625 419.537506103515625 426.118743896484375 428.506256103515625 427.63751220703125 422.48126220703125 420.78125 422.587493896484375 426.04376220703125 431.993743896484375 436.26873779296875 448.118743896484375 458.15625 463.07501220703125 464.45001220703125 466.76873779296875 465.587493896484375 455.76873779296875 457.59375 466.07501220703125 469.76251220703125 453.23748779296875 429.493743896484375 419.981231689453125 411.40625 404.462493896484375 403.118743896484375 402.068756103515625 402.1875 408.318756103515625 419.01251220703125 430.693756103515625 442.337493896484375 455.875 467.90625 474.59375 479.1875 477.631256103515625 462.82501220703125 433.38751220703125 405.3125 386.943756103515625
377.70623779296875 388.6875 398.51251220703125 407.712493896484375 417.33123779296875 422.3125 427.25 430.67498779296875 429.662506103515625 428.60626220703125 429.756256103515625 435.912506103515625 442.98748779296875 451.38751220703125 457.068756103515625 466.26873779296875 470.17498779296875 469.79376220703125 470.375 470.04376220703125 463.381256103515625 460.725006103515625 461.3125 457.46875 443.412506103515625 428.03125 422.21875 416.92498779296875 412.35626220703125 412.212493896484375 413.33123779296875 412.912506103515625 414.79998779296875 421.32501220703125 431.5625 445.09375 461.07501220703125 473.51251220703125 479.350006103515625 482.443756103515625 479.5 456.25 428.34375 404.20001220703125 387.899993896484375
373.8125 383.66876220703125 394.037506103515625 405.61248779296875 416.29998779296875 421.837493896484375 429.01873779296875 435.04376220703125 435.024993896484375 435.04376220703125 437.818756103515625 444.86248779296875 452.850006103515625 461.01251220703125 463.01873779296875 469.86248779296875 472.506256103515625 473.53125 472.75 471.76873779296875 466.29376220703125 460.96875 456.725006103515625 451.8125 443.45001220703125 435.375 431.15625 427.28125 424.962493896484375 425.681243896484375 423.125 420.48126220703125 422.056243896484375 422.162506103515625 427.693756103515625 444.38751220703125 463.60626220703125 477.493743896484375 479.881256103515625 476.712493896484375 465.5 447.806243896484375 429.462493896484375 407.20623779296875 393.57501220703125
367.13751220703125 377.962493896484375 389.6875 402.10626220703125 414.056243896484375 422.962493896484375 430.181243896484375 436.38751220703125 440.20001220703125 442.95623779296875 445.274993896484375 454.306243896484375 463.48126220703125 471.07501220703125 472.70001220703125 474.024993896484375 474.67498779296875 475.600006103515625 474.368743896484375 474.006256103515625 466.875 459.087493896484375 452.875 448.756256103515625 443.53125 440.14373779296875 438.818756103515625 438.16876220703125 439.45001220703125 439.95001220703125 438.443756103515625 433.881256103515625 430.868743896484375 429.95623779296875 432.600006103515625 457.23126220703125 474.35626220703125 478.837493896484375 476.13751220703125 471.33123779296875 460.89373779296875 445.78125 428.462493896484375 408.475006103515625 396.337493896484375
361.0625 373.4375 384.725006103515625 398.524993896484375 412.51251220703125 422.20623779296875 432.28125 439.993743896484375 444.70623779296875 448.98748779296875 451.912506103515625 462.90625 473.818756103515625 480.243743896484375 482.993743896484375 480.95623779296875 475.618743896484375 473.54998779296875 474.09375 473.024993896484375 465.23126220703125 457.20623779296875 451.087493896484375 448.399993896484375 446.66876220703125 443.631256103515625 444.943756103515625 447.975006103515625 450.29998779296875 453.5 453.243743896484375 448.993743896484375 446.881256103515625 451.087493896484375 470.399993896484375 490.274993896484375 494.318756103515625 487.91876220703125 477.79998779296875 468.774993896484375 461.787506103515625 446.649993896484375 426.86248779296875 407.48748779296875 398.25
353.41876220703125 367.662506103515625 381.90625 398.118743896484375 413.756256103515625 424.51251220703125 434.868743896484375 444.73748779296875 450.79998779296875 455.318756103515625 459.66876220703125 472.399993896484375 481.29998779296875 488.662506103515625 489.5 484.70623779296875 478.318756103515625 466.58123779296875 471.01873779296875 469.899993896484375 464.64373779296875 456.462493896484375 449.09375 447.350006103515625 447.09375 449.11248779296875 450 456.01873779296875 462.287506103515625 465.79376220703125 463.70001220703125 452.193756103515625 452.73748779296875 464.850006103515625 492.63751220703125 524.78125 511.83123779296875 492.32501220703125 475.625 465.993743896484375 454.78125 440.83123779296875 424.75 407.931243896484375 398.92498779296875
345.01873779296875 361.306243896484375 376.98126220703125 395.07501220703125 413.79376220703125 427.51873779296875 439.787506103515625 450.899993896484375 456.818756103515625 461.70623779296875 466.29376220703125 475.08123779296875 486.524993896484375 495.23748779296875 492.23748779296875 484.806243896484375 475.79376220703125 463.13751220703125 460.0625 460.38751220703125 458.91876220703125 454.28125 441.51251220703125 442.23126220703125 445.600006103515625 451.03125 455.600006103515625 460.787506103515625 469.14373779296875 475.087493896484375 474.71875 457.787506103515625 450.462493896484375 451.0625 469.131256103515625 495.66876220703125 491.993743896484375 481.01251220703125 470.756256103515625 459.46875 449.112518310546875 435.912506103515625 423.149993896484375 410.024993896484375 401.462493896484375
333.118743896484375 352.524993896484375 370.01251220703125 390.09375 411.443756103515625 428.537506103515625 443.29376220703125 456.16876220703125 462.649993896484375 466.54376220703125 470.118743896484375 477.40625 489.443756103515625 500.149993896484375 492.04376220703125 477.04998779296875 462.475006103515625 457.11248779296875 451.82501220703125 450.712493896484375 445.76873779296875 438.57501220703125 433.76873779296875 435.162506103515625 440.243743896484375 446.48126220703125 453.3125 461.92498779296875 468.431243896484375 470.38751220703125 465.73126220703125 452.73748779296875 435.39373779296875 419.65625 413.75 433.73126220703125 456.51251220703125 463.631256103515625 461.61248779296875 454.88751220703125 444.54998779296875 433.256256103515625 423.84375 413.86248779296875 406.63751220703125
