data/historical-monthly-weather-data/wc2.1_cruts4.09_10m_prec_2013-01.asc
ncols        45
nrows        45
xllcorner    -63.500000000000
yllcorner    -7.500000000000
cellsize     0.166666666667
NODATA_value -9999
[rows 0 to 19 of 45, columns 0 to 44 of 45]
61.100002288818359375 58.237499237060546875 54.793750762939453125 52.34375 49.612499237060546875 49.075000762939453125 48.112499237060546875 46.637500762939453125 46.65000152587890625 47.481250762939453125 49.02500152587890625 51.950000762939453125 54.61875152587890625 56.02500152587890625 59.09375 63.068752288818359375 67.0187530517578125 69.25 74.56874847412109375 79.8625030517578125 84.65000152587890625 90.30625152587890625 96.2624969482421875 102.125 109.47499847412109375 116.5 124.33750152587890625 133.537506103515625 143.375 150.0124969482421875 156.8625030517578125 163.806243896484375 168.4812469482421875 174.59375 179.412506103515625 184.618743896484375 187.3625030517578125 188.993743896484375 191.3625030517578125 193.3000030517578125 194.506256103515625 196.056243896484375 196.6125030517578125 197.631256103515625 199.4187469482421875
64.52500152587890625 61.487499237060546875 58.65625 56.137500762939453125 54.1875 54.143749237060546875 53.606250762939453125 53.325000762939453125 54.49375152587890625 55.94374847412109375 57.268749237060546875 59.674999237060546875 61.799999237060546875 63.987499237060546875 66.90000152587890625 70.0812530517578125 73.34375 77.49375152587890625 83.63124847412109375 90.8562469482421875 97.11875152587890625 103.41249847412109375 110.53125 117.94374847412109375 124.8562469482421875 131.962493896484375 140.3125 149.125 157.818756103515625 164.2375030517578125 169.59375 174.4875030517578125 178.15625 184.40625 187.9812469482421875 190.600006103515625 195.006256103515625 196.337493896484375 197.524993896484375 198.71875 200.131256103515625 201.149993896484375 200.2687530517578125 200.5812530517578125 201.4499969482421875
69.3000030517578125 66.6999969482421875 64.7062530517578125 63.22499847412109375 62.31874847412109375 62.96250152587890625 63.575000762939453125 64.53125 66.41249847412109375 68.2937469482421875 69.71875 71.6374969482421875 73.5625 75.02500152587890625 77.40625 79.5625 82.34999847412109375 86.33750152587890625 91.8000030517578125 99.5749969482421875 106.88124847412109375 114.94374847412109375 122.84375 130.381256103515625 137.8625030517578125 145.3249969482421875 153.9187469482421875 162.6999969482421875 170.125 174.837493896484375 180.381256103515625 185.2312469482421875 189.8249969482421875 192.3625030517578125 196.9375 199.0812530517578125 202.3312530517578125 204.524993896484375 205.3125 205.3625030517578125 206.8937530517578125 206.8312530517578125 205.850006103515625 205.125 203.8249969482421875
73.875 71.8249969482421875 71.8937530517578125 71.77500152587890625 72.5812530517578125 72.9187469482421875 74.8625030517578125 77.5187530517578125 80.8312530517578125 83.75624847412109375 84.69374847412109375 85.7687530517578125 86.78125 87.5812530517578125 89.5124969482421875 91 92.4812469482421875 94.84375 100.1875 108.99375152587890625 118.46250152587890625 127.50624847412109375 134.6374969482421875 143.350006103515625 151.90625 160.1999969482421875 169.149993896484375 176.0500030517578125 182.975006103515625 187.287506103515625 191.5625 196.9499969482421875 200.3125 202.5500030517578125 204.90625 208.3000030517578125 210.09375 212.1875 213.2312469482421875 214.068756103515625 213.4187469482421875 213.625 212.149993896484375 209.712493896484375 207.6125030517578125
81.3312530517578125 78.59999847412109375 78.91249847412109375 80.5124969482421875 82.44374847412109375 84.30625152587890625 86.5500030517578125 90.6125030517578125 95.8937530517578125 100.22499847412109375 100.4187469482421875 100.6125030517578125 101.4499969482421875 102.1687469482421875 103.46875 104.1374969482421875 104.3312530517578125 104.1125030517578125 110.22499847412109375 120.68125152587890625 131.931243896484375 141.087493896484375 148.868743896484375 157.618743896484375 166.493743896484375 176.53125 182.875 189.3312530517578125 197.975006103515625 201.125 204.4499969482421875 206.0749969482421875 210.125 213.3249969482421875 215.40625 217.84375 220.3937530517578125 220.1999969482421875 221.118743896484375 221.2312469482421875 222.0437469482421875 220.506256103515625 218.837493896484375 215.1374969482421875 211.8249969482421875
88.5625 86.5749969482421875 87.13124847412109375 88.34375 90.41249847412109375 92.9812469482421875 96.1687469482421875 100.2937469482421875 106.0749969482421875 111.49375152587890625 111.77500152587890625 112.9250030517578125 114.15625 115.59375 116.63124847412109375 118.69374847412109375 118.69374847412109375 118.05625152587890625 125.68125152587890625 136.506256103515625 146.9250030517578125 155.443756103515625 164.0500030517578125 171.618743896484375 180.6062469482421875 190.024993896484375 196.5812530517578125 202.3625030517578125 209.818756103515625 213.84375 216.03125 217.8000030517578125 219.25 222.368743896484375 226.5187530517578125 228.1125030517578125 229.743743896484375 230.2624969482421875 231.1374969482421875 232.118743896484375 230.6374969482421875 229.256256103515625 226.350006103515625 222.4187469482421875 218.34375
96.2375030517578125 94.7687530517578125 95.69374847412109375 96.25 97.49375152587890625 99.53749847412109375 102.86875152587890625 106.8125 111.4875030517578125 115.46875 119.4187469482421875 123.09999847412109375 127.0124969482421875 130.0749969482421875 132.600006103515625 136.006256103515625 139.3312530517578125 143.7375030517578125 151.2624969482421875 158.274993896484375 163.875 171.4187469482421875 177.6437530517578125 185.118743896484375 194.443756103515625 202.7312469482421875 208.943756103515625 214.962493896484375 220.7062530517578125 224.131256103515625 227.9250030517578125 229.787506103515625 230.256256103515625 231.6750030517578125 234.1999969482421875 237.274993896484375 238.7312469482421875 239.9875030517578125 242.7687530517578125 241.850006103515625 239.125 237 233.7687530517578125 229.6374969482421875 224.649993896484375
104.8874969482421875 102.5749969482421875 103.3125 104.30625152587890625 105.30625152587890625 107.74375152587890625 110.02500152587890625 111.125 113.31874847412109375 119.05625152587890625 126.77500152587890625 133.850006103515625 140.5124969482421875 144.9250030517578125 149.5187530517578125 154.5812530517578125 161.024993896484375 169.03125 179.0749969482421875 180.975006103515625 181.65625 186.3874969482421875 191.693756103515625 199.2312469482421875 208.7062530517578125 216.162506103515625 221.1125030517578125 226.2687530517578125 233.0124969482421875 236.725006103515625 238.837493896484375 240.881256103515625 240.681243896484375 241.25 242.649993896484375 245.3125 247.2062530517578125 248.6999969482421875 250.4250030517578125 250.8312530517578125 249.118743896484375 246.787506103515625 243.381256103515625 238.375 234.1125030517578125
113.0500030517578125 110.84375 111.71875 112.2062530517578125 113.53749847412109375 115.3625030517578125 117.1875 118.24375152587890625 119.0187530517578125 123.6374969482421875 135.037506103515625 144.7375030517578125 153.868743896484375 159.8562469482421875 164.7937469482421875 169.6999969482421875 175.8125 184.2624969482421875 193.556243896484375 194.193756103515625 192.90625 197.493743896484375 202.306243896484375 212.1999969482421875 221.2624969482421875 228.193756103515625 232.8249969482421875 236.4499969482421875 242.868743896484375 247.1062469482421875 250.087493896484375 250.350006103515625 250.056243896484375 249.40625 250.006256103515625 251.9499969482421875 254.8937530517578125 256.66876220703125 258.51251220703125 259.475006103515625 257.76873779296875 255.1937408447265625 253.8625030517578125 250.662506103515625 245.7312469482421875
121.38124847412109375 119.3125 119.54999542236328125 120.33750152587890625 121.93125152587890625 124.27500152587890625 126.4375 128.8125 132.225006103515625 139.2312469482421875 149.40625 159.5187530517578125 168.9749908447265625 175.837493896484375 179.993743896484375 183.8499908447265625 187.53125 193.03125 197.725006103515625 199.5812530517578125 199.806243896484375 204.943756103515625 211.4812469482421875 223.5500030517578125 231.537506103515625 237.475006103515625 241.725006103515625 245.662506103515625 250.5625 254.556243896484375 256.92498779296875 257.875 257.98748779296875 257.787506103515625 258.350006103515625 259.568756103515625 261.787506103515625 264.131256103515625 266.03125 267.3125 267.78125 265.84375 264.25 260.07501220703125 256.23748779296875
130.6999969482421875 128.8000030517578125 128.475006103515625 129.03125 130.21875 133.4187469482421875 136.712493896484375 141.431243896484375 147.381256103515625 155.931243896484375 167.462493896484375 177.9499969482421875 185.8125 191.8125 194.149993896484375 195.6125030517578125 196.3000030517578125 198.71875 200.318756103515625 201.056243896484375 204.256256103515625 209.943756103515625 219.8249969482421875 230.631256103515625 241.65625 246.056243896484375 249.087493896484375 252.725006103515625 256.91876220703125 258.88751220703125 261.28125 263.34375 264.243743896484375 264.53125 264.76873779296875 267.03125 269.024993896484375 270.26873779296875 273.29376220703125 275.71875 276.54998779296875 273.65625 272.20623779296875 268.712493896484375 265.04998779296875
139.225006103515625 137.0749969482421875 137.068756103515625 138.493743896484375 140.1750030517578125 143.5124969482421875 148.118743896484375 155.3000030517578125 163.306243896484375 172.875 185.5500030517578125 197.381256103515625 202.712493896484375 206.056243896484375 207.1875 206.412506103515625 205.9375 204.9499969482421875 204.899993896484375 203.556243896484375 205.743743896484375 212.5749969482421875 225.506256103515625 240.475006103515625 249.7375030517578125 250.506256103515625 252.850006103515625 255.8937530517578125 260.5 264.193756103515625 266.818756103515625 268.41876220703125 269.51251220703125 269.92498779296875 270.45623779296875 273.037506103515625 275.443756103515625 276.64373779296875 279.600006103515625 282.681243896484375 283.66876220703125 280.42498779296875 275.51251220703125 270.04998779296875 264.29998779296875
148.6999969482421875 146.712493896484375 147.1125030517578125 148.443756103515625 150.375 155.4187469482421875 161.056243896484375 168.3625030517578125 177.806243896484375 188.993743896484375 202.181243896484375 213.59375 218.1999969482421875 217.600006103515625 217.8125 216.5812530517578125 214.493743896484375 213.568756103515625 211.868743896484375 208.818756103515625 206.024993896484375 214.4250030517578125 229.7312469482421875 241.962493896484375 245.462493896484375 247.09375 253.4250030517578125 259.51251220703125 264.368743896484375 268.90625 271.96875 273.375 273.66876220703125 273.868743896484375 274.381256103515625 277.10626220703125 279.23126220703125 280.556243896484375 282.962493896484375 285.875 288.243743896484375 283.693756103515625 273.056243896484375 262.6875 255.399993896484375
157.037506103515625 155.568756103515625 156.256256103515625 157.993743896484375 160.6374969482421875 165.4375 172.068756103515625 181.4375 191.8125 203.8312530517578125 215.5812530517578125 224.318756103515625 227.056243896484375 227.493743896484375 226.056243896484375 225.59375 222.8249969482421875 222.15625 219.6687469482421875 217.1125030517578125 216.90625 223.943756103515625 234.0749969482421875 243.0812530517578125 245.7062530517578125 249.462493896484375 255.881256103515625 262.006256103515625 268.76873779296875 273.162506103515625 276.506256103515625 278.10626220703125 277.568756103515625 276.53125 277.35626220703125 279.725006103515625 282.381256103515625 284.79376220703125 285.8125 286.53125 285.4375 273.350006103515625 263.83123779296875 257.743743896484375 253.649993896484375
163.0437469482421875 161.912506103515625 163.506256103515625 165.8312530517578125 169.78125 175.725006103515625 183.8249969482421875 193.1750030517578125 203.462493896484375 214.506256103515625 226.1875 233.274993896484375 236.4562530517578125 237.4875030517578125 235.9812469482421875 234.9499969482421875 232.2062530517578125 230.3000030517578125 228.618743896484375 228.149993896484375 229.631256103515625 233.7312469482421875 241.524993896484375 247.5749969482421875 252.7687530517578125 257.506256103515625 262.662506103515625 268.91876220703125 274.79376220703125 279.875 282.34375 282.04998779296875 282.274993896484375 279.931243896484375 279.337493896484375 280.625 284.006256103515625 287.66876220703125 287.568756103515625 280.212493896484375 269.225006103515625 261.45001220703125 258.743743896484375 255.962493896484375 250.306243896484375
167.9875030517578125 167.0187530517578125 169.4250030517578125 172.5124969482421875 177.4187469482421875 184.337493896484375 193.4187469482421875 203.125 212.774993896484375 224.1750030517578125 235.6062469482421875 242.4187469482421875 245.9250030517578125 247.118743896484375 246.5625 242.899993896484375 240.912506103515625 239.4375 237.462493896484375 237.712493896484375 241.600006103515625 245.899993896484375 251.65625 256.23126220703125 260.54376220703125 265.0625 268.899993896484375 275.912506103515625 282.662506103515625 288.38751220703125 290.54376220703125 288.76251220703125 284.45001220703125 280.83123779296875 278.399993896484375 281.993743896484375 285.92498779296875 288.29998779296875 286.14373779296875 275.225006103515625 259.418731689453125 253.5500030517578125 253.774993896484375 250.962493896484375 246.837493896484375
171.368743896484375 171.037506103515625 173.568756103515625 177.774993896484375 183.8937530517578125 191.649993896484375 201.65625 211.8249969482421875 221.756256103515625 232.4499969482421875 244.2687530517578125 251.8125 255.506256103515625 256.875 256.8125 253.8625030517578125 246.8312530517578125 245.0187530517578125 245.15625 248.1374969482421875 252.1750030517578125 257.243743896484375 262.006256103515625 264.67498779296875 269.181243896484375 272.037506103515625 274.54998779296875 281.36248779296875 290.0625 297.11248779296875 300.287506103515625 297.412506103515625 289.725006103515625 282.225006103515625 281.23126220703125 284.98748779296875 287.6875 291.65625 293.162506103515625 278.21875 262.11248779296875 254.5 250.46875 247.4375 244.1374969482421875
173.368743896484375 173.375 176.399993896484375 181.649993896484375 187.943756103515625 196.84375 207.4250030517578125 218.0812530517578125 228.0500030517578125 239.225006103515625 249.899993896484375 259.6875 264.98748779296875 267.13751220703125 266.725006103515625 262.256256103515625 254.6374969482421875 249.28125 253.1437530517578125 257.23748779296875 263.118743896484375 267.850006103515625 271.743743896484375 273.34375 275.875 278.631256103515625 279.024993896484375 287.51873779296875 298.84375 307.649993896484375 309.0625 298.35626220703125 289.243743896484375 283.131256103515625 280 283.0625 289.01251220703125 293.100006103515625 290.91876220703125 281.568756103515625 265.86248779296875 255.462493896484375 249.3562469482421875 245.712493896484375 242.6999969482421875
173.0749969482421875 173.65625 177.600006103515625 184.0625 191.493743896484375 201.1062469482421875 211.0500030517578125 222.850006103515625 233.5187530517578125 244.881256103515625 255.5187530517578125 263.899993896484375 271.57501220703125 278.037506103515625 276.149993896484375 268.537506103515625 259.056243896484375 253.287506103515625 254.024993896484375 261.149993896484375 270.543731689453125 277.5 276.32501220703125 279.318756103515625 281.625 285.100006103515625 288.40625 294.787506103515625 306.350006103515625 315.98748779296875 318.35626220703125 303.243743896484375 289.743743896484375 276.88751220703125 271.03125 277.29376220703125 285.40625 289.26873779296875 289.712493896484375 281.618743896484375 268.36248779296875 256.26251220703125 248.600006103515625 244.8000030517578125 241.818756103515625
172.34375 173.21875 177.8937530517578125 184.149993896484375 192.712493896484375 204.0187530517578125 215.0437469482421875 226.2375030517578125 236.9187469482421875 248.125 258.11248779296875 267.131256103515625 278.287506103515625 289.399993896484375 283.42498779296875 269.66876220703125 257.649993896484375 255.8187408447265625 257.78125 264.149993896484375 270.92498779296875 274.67498779296875 278.85626220703125 281.63751220703125 284.818756103515625 290.131256103515625 293.774993896484375 300.63751220703125 307.506256103515625 312.15625 311.28125 298.9375 282.899993896484375 266.024993896484375 257.38751220703125 265.868743896484375 280.64373779296875 291.07501220703125 292.35626220703125 285.537506103515625 272.29998779296875 257.5 250.4250030517578125 245.8625030517578125 242.556243896484375
