data/historical-monthly-weather-data/wc2.1_cruts4.09_10m_prec_1992-11.asc
ncols        45
nrows        45
xllcorner    -63.500000000000
yllcorner    -7.500000000000
cellsize     0.166666666667
NODATA_value -9999
[rows 20 to 39 of 45, columns 0 to 43 of 45]
150.6999969482421875 154.6750030517578125 156.649993896484375 158.162506103515625 158.868743896484375 159.337493896484375 159.3937530517578125 158.53125 157.431243896484375 154.8937530517578125 151.0124969482421875 144.2624969482421875 136.25 126.9187469482421875 118.77500152587890625 110.68125152587890625 103.52500152587890625 98.71250152587890625 96.34999847412109375 93.2312469482421875 88.8000030517578125 82.8874969482421875 76.56874847412109375 74.41249847412109375 72.91249847412109375 71.00624847412109375 70.3125 68.3125 65.71250152587890625 64.8625030517578125 64.75 66.6062469482421875 66.625 66.7937469482421875 67.15625 69.1374969482421875 70.55625152587890625 72.09999847412109375 73.18125152587890625 74.28749847412109375 74.78749847412109375 75.09375 74.7062530517578125 74.03125
150.40625 153.75 156.3874969482421875 158.493743896484375 160.1687469482421875 161.024993896484375 162.0812530517578125 162.024993896484375 162.5437469482421875 161.2687530517578125 158.287506103515625 153.3000030517578125 146.4812469482421875 137.3312530517578125 127.8125 118.5749969482421875 111.00624847412109375 104.43125152587890625 99.58750152587890625 95.34999847412109375 89.15000152587890625 82.9499969482421875 77.3937530517578125 74.9812469482421875 72.88124847412109375 70.93125152587890625 71.34375 70.43125152587890625 69.59999847412109375 70.2687530517578125 70.84999847412109375 72.875 72.55625152587890625 72.97499847412109375 73.76874542236328125 75.375 76.5625 77.4875030517578125 77.46875 77.91249847412109375 77.74375152587890625 77.53125 77.00624847412109375 76.5124969482421875
150.337493896484375 154.774993896484375 157.34375 159.725006103515625 161.90625 162.8312530517578125 163.5812530517578125 165.131256103515625 167.125 166.65625 165.4250030517578125 162.0749969482421875 158.9187469482421875 150.5625 137.975006103515625 126.5625 117.46250152587890625 109.6437530517578125 102.90000152587890625 96.97499847412109375 90.34999847412109375 83.7375030517578125 77.84375 75.15000152587890625 73.3312530517578125 71.68125152587890625 72.30625152587890625 72.84999847412109375 72.84999847412109375 74.50624847412109375 76.65625 79.24375152587890625 79.4562530517578125 79.875 80.3125 81.83750152587890625 82.7624969482421875 82.47499847412109375 81.625 81.2937469482421875 80.90000152587890625 80.15000152587890625 79.3000030517578125 78.56874847412109375
150.8625030517578125 154.9250030517578125 157.806243896484375 159.806243896484375 162.5 164.306243896484375 165.568756103515625 167.5812530517578125 169.1125030517578125 169.3937530517578125 169.024993896484375 169.381256103515625 168.931243896484375 160.131256103515625 145.6062469482421875 133.006256103515625 122.78125 113.9812469482421875 105.8937530517578125 98.46250152587890625 91.4812469482421875 84.6374969482421875 78.34375 75.7375030517578125 74.0437469482421875 72.47499847412109375 74.6875 75.375 76.69374847412109375 79.3125 82.96875 86.43125152587890625 86.46250152587890625 86.34375 86.6750030517578125 88.21250152587890625 88.46875 86.65000152587890625 85.3625030517578125 84.41249847412109375 83.46250152587890625 82.5187530517578125 81.625 80.80625152587890625
153.6999969482421875 156.28125 159.0187530517578125 161.3125 164.71875 165.84375 166.5500030517578125 167.9875030517578125 169.7375030517578125 170.274993896484375 170.6750030517578125 169.931243896484375 168.75 162.0812530517578125 149.4499969482421875 137.1624908447265625 126.6437530517578125 116.7687530517578125 108.0749969482421875 99.9562530517578125 92.4187469482421875 84.9250030517578125 78.9375 76.2062530517578125 74.3125 73.78125 76.2624969482421875 78.43125152587890625 80.375 84.5187530517578125 88.7937469482421875 92.97499847412109375 92.80625152587890625 92.30625152587890625 91.8000030517578125 91.90625 91.4250030517578125 89.11875152587890625 87.81874847412109375 86.9812469482421875 85.71250152587890625 84.7312469482421875 84.25624847412109375 84.02500152587890625
159.59375 161.5812530517578125 161.693756103515625 164.2062530517578125 166.25 166.5 166.399993896484375 167.1125030517578125 168.3874969482421875 169.006256103515625 169.0625 168.5 166.3312530517578125 161.087493896484375 150.662506103515625 139.7687530517578125 129.8249969482421875 119.68125152587890625 110.4562530517578125 101.96250152587890625 93.9562530517578125 86.2375030517578125 79.63124847412109375 76.40000152587890625 75.09999847412109375 75.19374847412109375 78.63124847412109375 81.9187469482421875 84.97499847412109375 89.90000152587890625 94.7624969482421875 99.27500152587890625 98.84999847412109375 97.19374847412109375 95.9250030517578125 94.8312530517578125 93.2375030517578125 91.02500152587890625 90.28749847412109375 89.36249542236328125 88.27500152587890625 87.25 86.1125030517578125 86.3874969482421875
169.53125 169.5625 168.3874969482421875 168.2937469482421875 168.006256103515625 167 167.2312469482421875 166.875 166.4562530517578125 166.8312530517578125 167.4749908447265625 167.1125030517578125 165.181243896484375 161.0749969482421875 151.96875 141.5437469482421875 132.287506103515625 122.59999847412109375 113.5124969482421875 104.58750152587890625 96.40000152587890625 88.53125 81.58750152587890625 78.6875 78.25624847412109375 78.68125152587890625 82.5500030517578125 86.58750152587890625 90.75624847412109375 95.4250030517578125 100.75 105.2062530517578125 104.1750030517578125 101.55625152587890625 98.6875 96.9562530517578125 94.9499969482421875 92.47499847412109375 92.27500152587890625 91.7687530517578125 90.9562530517578125 89.75624847412109375 88.6062469482421875 88.27500152587890625
180.4375 178.506256103515625 175.1875 172.181243896484375 169.962493896484375 167.5749969482421875 166.681243896484375 166.03125 165.693756103515625 165.600006103515625 165.09375 165.03125 163.662506103515625 160.412506103515625 152.6437530517578125 143.318756103515625 134.3125 125.4375 116.44374847412109375 107.7937469482421875 99.90625 91.96875 85.9187469482421875 83.75624847412109375 83.0749969482421875 83.27500152587890625 87.25 91.97499847412109375 96.4875030517578125 101.15625 105.91249847412109375 110.1875 108.24375152587890625 104.24375152587890625 100.90625 98.72499847412109375 96.41249847412109375 94.3874969482421875 93.7687530517578125 94.3249969482421875 94.46875 93.43125152587890625 90.6125030517578125 89.75
191.068756103515625 187.068756103515625 180.46875 175.1687469482421875 170.975006103515625 167.5812530517578125 165.6875 164.4250030517578125 164.6437530517578125 164.118743896484375 163.4562530517578125 163.1999969482421875 162.693756103515625 160.024993896484375 153.0187530517578125 145.3937530517578125 137.756256103515625 128.631256103515625 119.875 111.5500030517578125 104.1437530517578125 96.625 90.9812469482421875 89.5437469482421875 88.7687530517578125 88.81874847412109375 93.2375030517578125 97.9375 102.8249969482421875 106.77500152587890625 111.15625 114.6374969482421875 111.2687530517578125 106.56874847412109375 102.81874847412109375 100.31874847412109375 97.96875 95.625 95.0625 95.16249847412109375 96.09999847412109375 94.65625 92.6999969482421875 93.58124542236328125
198.712493896484375 192.6750030517578125 184.4499969482421875 176.1624908447265625 171.256256103515625 167.8125 165.53125 164.0749969482421875 163.975006103515625 162.8249969482421875 162.1374969482421875 162.399993896484375 162.350006103515625 161.0187530517578125 155.1999969482421875 148.8249969482421875 141.318756103515625 133.431243896484375 124.80625152587890625 116.77500152587890625 109.8125 103.55625152587890625 98.3625030517578125 96.8249969482421875 96.27500152587890625 96.7375030517578125 101.1125030517578125 105.5812530517578125 109.99375152587890625 113.4375 116.6374969482421875 118.99375152587890625 115.15000152587890625 110.58750152587890625 106.3874969482421875 103.1125030517578125 100.0812530517578125 97.96250152587890625 96.21875 95.52500152587890625 95.9250030517578125 97.28125 97.28125 99.2687530517578125
204.6374969482421875 197.0500030517578125 187.7375030517578125 178.600006103515625 172.0187530517578125 169.0187530517578125 166.412506103515625 164.212493896484375 163 162.412506103515625 161.9187469482421875 162.506256103515625 163.337493896484375 161.7624969482421875 157.443756103515625 152.4562530517578125 146.8874969482421875 138.931243896484375 130.1500091552734375 123.4875030517578125 117.3312530517578125 111.52500152587890625 106.66249847412109375 105.30625152587890625 104.6062469482421875 105.3562469482421875 109.2937469482421875 113.77500152587890625 117.7062530517578125 119.86875152587890625 122.0500030517578125 123.55625152587890625 119.1999969482421875 114.94374847412109375 110.1062469482421875 106.3000030517578125 103.11875152587890625 101.2312469482421875 98.6125030517578125 94.96250152587890625 95.6750030517578125 99.31874847412109375 101.52500152587890625 103.71875
209.0437469482421875 200.850006103515625 191.0625 182.5749969482421875 176.318756103515625 171.068756103515625 167.693756103515625 164.5124969482421875 162.9875030517578125 161.96875 161.5625 162.806243896484375 163.78125 163.537506103515625 161.2312469482421875 157.787506103515625 153.256256103515625 145.71875 137.9937591552734375 131.78125 126.09375 120.3312530517578125 115.44374847412109375 114.13124847412109375 114.02500152587890625 114.4812469482421875 117.9187469482421875 122.06874847412109375 125.3625030517578125 126.85625457763671875 127.90625 128.0124969482421875 123.59375 118.7687530517578125 114.53125 110.55625152587890625 107.1374969482421875 104.3249969482421875 100.7687530517578125 98.16249847412109375 100.0124969482421875 104.65000152587890625 108.10625457763671875 112.6125030517578125
208.3874969482421875 201.15625 192.412506103515625 185.100006103515625 179.118743896484375 173.225006103515625 169.131256103515625 165.6875 163.537506103515625 162.256256103515625 163.068756103515625 164.256256103515625 166.2624969482421875 168.28125 166.931243896484375 165.0187530517578125 161.3562469482421875 155.743743896484375 149.1374969482421875 143.2062530517578125 137.693756103515625 131.5500030517578125 126.1374969482421875 124.86875152587890625 124.875 125.15000152587890625 128.2312469482421875 131.71875 135.03125 135.375 135.256256103515625 134.368743896484375 129.71875 124.71875 120.90625 117.18125152587890625 114.15000152587890625 110.8249969482421875 107.375 107.4250030517578125 109.3125 113.75624847412109375 118.69374847412109375 125.21875
206.287506103515625 200.3625030517578125 193.006256103515625 187.181243896484375 181.3312530517578125 175.4375 170.193756103515625 166.693756103515625 164.225006103515625 162.5 162.993743896484375 166.09375 169.743743896484375 172.1374969482421875 172.4499969482421875 172.3000030517578125 170.993743896484375 166.443756103515625 160.84375 155.5625 149.806243896484375 143.5812530517578125 138.0187530517578125 136.462493896484375 136.2937469482421875 136.1999969482421875 139.181243896484375 141.9875030517578125 144.6999969482421875 143.899993896484375 142.6875 141.337493896484375 136.6374969482421875 131.756256103515625 128.1187591552734375 124.84999847412109375 121.30625152587890625 117.30625152587890625 115.8874969482421875 117.08124542236328125 118.6437530517578125 123.3125 129.9812469482421875 138.0437469482421875
205.087493896484375 200.162506103515625 194.0749969482421875 188.5 183.4499969482421875 177.2937469482421875 171.399993896484375 167.4812469482421875 163.3937530517578125 162.0187530517578125 163.443756103515625 168.40625 173.4562530517578125 178.024993896484375 180.3937530517578125 180.78125 181.225006103515625 177.756256103515625 172.9875030517578125 168.100006103515625 162.743743896484375 156.3937530517578125 150.4187469482421875 148.118743896484375 147.15625 147.2375030517578125 149.337493896484375 152.149993896484375 154.0625 152.318756103515625 150.5 148.193756103515625 143.3249969482421875 139.1687469482421875 134.943756103515625 131.0749969482421875 127.44374847412109375 125.9250030517578125 125.2937469482421875 125.83750152587890625 127.74375152587890625 131.931243896484375 138.368743896484375 145.962493896484375
204.5812530517578125 199.96875 194.600006103515625 189.21875 184.3874969482421875 178.649993896484375 172.9812469482421875 167.493743896484375 162.4875030517578125 160.2687530517578125 163.2624969482421875 169.943756103515625 177.743743896484375 184.65625 187.649993896484375 190.4187469482421875 190.96875 188.8000030517578125 185.625 182.34375 176.962493896484375 169.4375 162.9000091552734375 160.3562469482421875 158.9187469482421875 158.306243896484375 160.0437469482421875 162.5500030517578125 164.1374969482421875 161 158.943756103515625 155.9000091552734375 151.5124969482421875 147.3625030517578125 142.4499969482421875 138.375 137.2937469482421875 135.743743896484375 134.712493896484375 135.65625 137.8562469482421875 141.212493896484375 146.162506103515625 152.6374969482421875
204.1875 200.375 195.8312530517578125 191.193756103515625 186.3937530517578125 181.087493896484375 175.087493896484375 169.0625 162.6999969482421875 157.53125 162.9499969482421875 175.71875 184.850006103515625 191.100006103515625 195.337493896484375 198.868743896484375 200.5187530517578125 199.1062469482421875 197 194.1374969482421875 188.662506103515625 181.225006103515625 174.7687530517578125 171.787506103515625 169.8625030517578125 169.4124908447265625 170.03125 172.600006103515625 173.318756103515625 170.1750030517578125 167.0812530517578125 164.5812530517578125 159.9562530517578125 156.024993896484375 151.243743896484375 148.15625 147.125 146.1062469482421875 145.6125030517578125 145.149993896484375 146.2375030517578125 148.537506103515625 152.3249969482421875 157.7937469482421875
206.0500030517578125 202.2687530517578125 197.912506103515625 193.90625 189.3937530517578125 184.6437530517578125 179.5187530517578125 173.9499969482421875 167.8625030517578125 161.6374969482421875 173.368743896484375 188.0187530517578125 194.443756103515625 199.3937530517578125 203.6437530517578125 207.443756103515625 209.712493896484375 208.5 206.337493896484375 202.3562469482421875 197.850006103515625 191.662506103515625 185.9187469482421875 182.15625 180.28125 179.631256103515625 179.756256103515625 181.84375 182.5812530517578125 179.556243896484375 174.1750030517578125 170.96875 167.181243896484375 163.600006103515625 159.506256103515625 157.6687469482421875 157.125 155.9375 156.375 156.2375030517578125 154.943756103515625 156.7375030517578125 158.1437530517578125 161.056243896484375
208.1750030517578125 204.524993896484375 201.0124969482421875 197.181243896484375 192.71875 188.5500030517578125 184.6875 180.881256103515625 179.431243896484375 183.9812469482421875 198.212493896484375 202.1999969482421875 204.6437530517578125 208.4250030517578125 211.568756103515625 214.462493896484375 216.5625 215.443756103515625 212.59375 209.3312530517578125 204.681243896484375 198.9187469482421875 194.3125 191.100006103515625 188.15625 187.318756103515625 187.0749969482421875 188.2624969482421875 188.8249969482421875 185.693756103515625 181.524993896484375 178.193756103515625 174.625 171.2937469482421875 169.931243896484375 168.943756103515625 167.4375 167.375 167.068756103515625 164.28125 162.225006103515625 163.59375 162.975006103515625 164.9499969482421875
210.287506103515625 207.1687469482421875 203.8874969482421875 200.1437530517578125 197.09375 194.381256103515625 191.3625030517578125 190.287506103515625 191.9562530517578125 197.1687469482421875 205.274993896484375 210.6374969482421875 213.537506103515625 216.9375 219.6687469482421875 221.725006103515625 223.943756103515625 222.4375 219.5812530517578125 216.5812530517578125 211.5437469482421875 206.256256103515625 201.375 197.8000030517578125 195.8125 194.243743896484375 193.412506103515625 194.25 194.2624969482421875 191.1374969482421875 187.306243896484375 186.9562530517578125 185.6875 183.087493896484375 182.4499969482421875 180.943756103515625 178.8937530517578125 177.6437530517578125 177.2062530517578125 172.756256103515625 169.774993896484375 169.8562469482421875 168.4499969482421875 167.90625
