data/historical-monthly-weather-data/wc2.1_cruts4.09_10m_prec_1964-09.asc
ncols        51
nrows        45
xllcorner    -63.500000000000
yllcorner    -7.500000000000
cellsize     0.166666666667
NODATA_value -9999
[rows 19 to 37 of 45, columns 0 to 43 of 51]
233.5187530517578125 232.03125 225.431243896484375 220.412506103515625 215.587493896484375 209.9250030517578125 201.5812530517578125 191.5437469482421875 183.0625 171.6437530517578125 159.462493896484375 147.537506103515625 135.0625 122.93125152587890625 110.97499847412109375 101.1999969482421875 90.46875 83.97499847412109375 76.1750030517578125 71.41249847412109375 62.268749237060546875 53.59999847412109375 48.03749847412109375 48.24375152587890625 48.625 47.793750762939453125 48.69374847412109375 49.799999237060546875 48.59999847412109375 46.9375 46.71250152587890625 52.668750762939453125 56.94374847412109375 62.5 65.9375 63.19374847412109375 59.668750762939453125 56.793750762939453125 53.46250152587890625 48.58750152587890625 42.31874847412109375 35.93125152587890625 33.231250762939453125 31.9375
219.443756103515625 220.1125030517578125 216.193756103515625 212.03125 207.4250030517578125 200.8562469482421875 194.3562469482421875 186.46875 180.0437469482421875 171.131256103515625 159.6999969482421875 149.3249969482421875 136.8562469482421875 123.18125152587890625 112.18125152587890625 100.3937530517578125 89.97499847412109375 81.4250030517578125 76.2937469482421875 69.41249847412109375 63.125 56.59999847412109375 50.49375152587890625 50.581249237060546875 51.5625 51.19374847412109375 51.768749237060546875 51.918750762939453125 51.875 53.49375152587890625 55.6875 61.19374847412109375 66.125 72.83750152587890625 80.08750152587890625 74.1999969482421875 65.08750152587890625 58.9375 53.731250762939453125 48.8125 44.05625152587890625 39.40000152587890625 36.56874847412109375 35.018749237060546875
208.40625 206.693756103515625 203.3625030517578125 200.0749969482421875 197.931243896484375 193.96875 187.96875 182.681243896484375 177.6062469482421875 170.3562469482421875 160.774993896484375 151.6125030517578125 141.506256103515625 129.1062469482421875 117.2062530517578125 104.1374969482421875 93.5812530517578125 84.3625030517578125 78.49375152587890625 71.55625152587890625 63.575000762939453125 57.40625 52.03749847412109375 51.93125152587890625 52.24375152587890625 52.38124847412109375 54.94374847412109375 55.856250762939453125 57.831249237060546875 60.58750152587890625 63.487499237060546875 67.86875152587890625 72.0437469482421875 77.3125 79.09375 74.55625152587890625 66.1687469482421875 60.112499237060546875 54.643749237060546875 50.40625 46.84375 43.58750152587890625 41.643749237060546875 40.012500762939453125
198.8562469482421875 199.3562469482421875 194.6750030517578125 191.9812469482421875 189.7687530517578125 186.431243896484375 182.787506103515625 178.9250030517578125 176.59375 169.774993896484375 163.806243896484375 156.3000030517578125 149.34375 137.9875030517578125 122.9375 109.1687469482421875 97.16249847412109375 88.1437530517578125 80.2624969482421875 73.1125030517578125 65.63124847412109375 59.55625152587890625 54.043750762939453125 52.981250762939453125 53.549999237060546875 53.762500762939453125 56.387500762939453125 59.700000762939453125 62.18125152587890625 64.96250152587890625 68.9499969482421875 73.81874847412109375 76.2312469482421875 78.05625152587890625 76.96250152587890625 70.88124847412109375 64.96250152587890625 59.706249237060546875 55.418750762939453125 52.856250762939453125 50.956249237060546875 48.40625 46.59999847412109375 44.96250152587890625
192.662506103515625 190.149993896484375 186.975006103515625 183.412506103515625 180.0812530517578125 179.524993896484375 177.475006103515625 174.1999969482421875 172.212493896484375 167.1125030517578125 161.375 157.662506103515625 154.4250030517578125 142.8000030517578125 126.53749847412109375 112.18125152587890625 100.40625 91.21875 83.25624847412109375 75.375 68.0187530517578125 61.331249237060546875 56.362499237060546875 55.456249237060546875 55.46875 55.106250762939453125 57.768749237060546875 61.25624847412109375 65.5 69.0500030517578125 73 77.84999847412109375 78.8562469482421875 79.0500030517578125 77.4375 70.8562469482421875 66.15000152587890625 62.68125152587890625 59.16249847412109375 57.643749237060546875 55.86875152587890625 53.55625152587890625 52.16249847412109375 50.65625
189.03125 184.462493896484375 179.7937469482421875 175.5812530517578125 177.024993896484375 175.6875 173.225006103515625 170.5625 168 164.40625 159.912506103515625 154.568756103515625 149.2937469482421875 139.9562530517578125 126.74375152587890625 113.59375 102.7937469482421875 93.22499847412109375 84.9187469482421875 77.66249847412109375 70.61875152587890625 63.706249237060546875 59.268749237060546875 58.424999237060546875 57.28749847412109375 57.66249847412109375 60.456249237060546875 64.3249969482421875 68.73125457763671875 72.9250030517578125 76.74375152587890625 80.88124847412109375 82.4187469482421875 81.9875030517578125 79.59999847412109375 74.2687530517578125 71.08750152587890625 68.1999969482421875 64.8312530517578125 62.918750762939453125 61.09375 59.393749237060546875 58.125 57.825000762939453125
189.818756103515625 186.631256103515625 178.962493896484375 175.8874969482421875 173.7624969482421875 171.806243896484375 170.1125030517578125 167.318756103515625 164.4187469482421875 161.443756103515625 155.6374969482421875 150.3000030517578125 144.056243896484375 135.131256103515625 124.6062469482421875 113.7937469482421875 103.59375 94.96875 86.7062530517578125 79.36875152587890625 72.5625 65.78125 61.643749237060546875 60.96875 60.081249237060546875 59.825000762939453125 63.68125152587890625 68.5187530517578125 72.71875 77.0500030517578125 80.91249847412109375 85.40000152587890625 85.43125152587890625 84.80625152587890625 83.625 80.9812469482421875 77.625 75.00624847412109375 72.5749969482421875 69.9562530517578125 68.40625 66.16249847412109375 64.5625 64.5500030517578125
196.3125 190.837493896484375 183.850006103515625 179.931243896484375 175.600006103515625 173.1687469482421875 169.8937530517578125 165.5187530517578125 160.631256103515625 157.3000030517578125 153.03125 147.6062469482421875 140.4375 132.3937530517578125 123.2937469482421875 113.78125 105.49375152587890625 96.3874969482421875 88.3937530517578125 81.0812530517578125 74.65625 68.02500152587890625 63.481250762939453125 64.05625152587890625 63.1875 63.38124847412109375 67.625 72.03125 76.625 80.72499847412109375 84.5187530517578125 87.9812469482421875 89.8312530517578125 89.9375 88.81874847412109375 87.5 85.7624969482421875 83.40000152587890625 80.96250152587890625 78.55625152587890625 76.0625 73.69374847412109375 71.9499969482421875 70.1750030517578125
203.193756103515625 197.787506103515625 191.1687469482421875 183.993743896484375 179.256256103515625 174.6750030517578125 170.537506103515625 165.412506103515625 159.306243896484375 155.6750030517578125 150.6062469482421875 144.59375 137.537506103515625 130.850006103515625 122.2312469482421875 113.7937469482421875 105.90000152587890625 97.41249847412109375 89.6125030517578125 83.03125 76.5500030517578125 70.30625152587890625 65.8249969482421875 66.25624847412109375 66.68125152587890625 66.97499847412109375 71.2312469482421875 76.00624847412109375 80.8000030517578125 85.28749847412109375 88.2624969482421875 91.7312469482421875 94.4875030517578125 95.09999847412109375 95.28125 94.5500030517578125 94.84999847412109375 94.00624847412109375 91.44374847412109375 88.65625 85.93125152587890625 83.02500152587890625 78.7312469482421875 76.74375152587890625
210.693756103515625 204.6687469482421875 195.6062469482421875 187.1437530517578125 180.693756103515625 174.556243896484375 169.0625 164.03125 158.375 153.443756103515625 147.78125 141.125 135.6062469482421875 128.2375030517578125 120.3312530517578125 114.4562530517578125 108.61875152587890625 98.21250152587890625 90.4187469482421875 84.16249847412109375 78.36875152587890625 72.7375030517578125 68.59999847412109375 69.41249847412109375 69.46250152587890625 70.6374969482421875 75.15000152587890625 80.6750030517578125 86.56874847412109375 89.8000030517578125 92.125 95.3249969482421875 97.90625 100.0749969482421875 102.69374847412109375 102.68125152587890625 104.72499847412109375 105.75624847412109375 103.80625152587890625 100.63124847412109375 95.13124847412109375 89.8000030517578125 86.1999969482421875 84.18125152587890625
216.306243896484375 209.90625 198.1875 188.6687469482421875 181.125 175.2375030517578125 169.6999969482421875 164.243743896484375 158.125 152.1125030517578125 145.899993896484375 140.4250030517578125 134.475006103515625 127.6125030517578125 121.53749847412109375 114.83750152587890625 108.05625152587890625 99.72499847412109375 91.44374847412109375 85.22499847412109375 80.16875457763671875 75.3937530517578125 70.90000152587890625 71.5187530517578125 72.96875 75.25 79.6125030517578125 84.6875 89.6125030517578125 93.53125 97.1125030517578125 100.75 103.46250152587890625 106.3937530517578125 110.24375152587890625 112.16249847412109375 115.79999542236328125 119.71250152587890625 116.3249969482421875 115.53749847412109375 111.88124847412109375 105.13124847412109375 99.2687530517578125 96.4812469482421875
217.4437408447265625 211.4375 201.868743896484375 190.3874969482421875 183.056243896484375 177.46875 170.1750030517578125 164.037506103515625 158.1750030517578125 152.34375 145.6875 139.725006103515625 135.912506103515625 128.681243896484375 121.94374847412109375 115.2624969482421875 109.7687530517578125 101.86875152587890625 93.7375030517578125 88.1687469482421875 83.09375 78.7624969482421875 74.66249847412109375 75.2624969482421875 76.74375152587890625 79.4875030517578125 83.90000152587890625 88.75624847412109375 93.6999969482421875 96.50624847412109375 101.13124847412109375 105.4812469482421875 108.7375030517578125 114.1999969482421875 119.09999847412109375 121.15625 126.3937530517578125 132.681243896484375 132.631256103515625 132.2375030517578125 128.75 120.84375 113.6999969482421875 109.3125
219.0625 210.693756103515625 200.6437530517578125 191.287506103515625 185.806243896484375 178.3937530517578125 171.337493896484375 165.03125 159.368743896484375 152.7312469482421875 146.4250030517578125 140.1374969482421875 133.899993896484375 128.537506103515625 123.4187469482421875 118.8000030517578125 112.5187530517578125 105.11875152587890625 98.34375 93.46250152587890625 88.59375 82.5812530517578125 78.5749969482421875 78.9875030517578125 81.93125152587890625 83.5500030517578125 87.46250152587890625 93.2312469482421875 98.05625152587890625 101.3249969482421875 105.9499969482421875 109.53749847412109375 114.1999969482421875 120.25624847412109375 125.8125 129.2312469482421875 135.4562530517578125 141.568756103515625 143.118743896484375 144.256256103515625 143.2937469482421875 135.3937530517578125 128.537506103515625 122.9562530517578125
210.03125 204.1937408447265625 194.875 187.6374969482421875 182.7937469482421875 176.5812530517578125 170.943756103515625 164.09375 158.3125 151.3249969482421875 148.9562530517578125 141.28125 135.5749969482421875 132.412506103515625 127.3312530517578125 123.46250152587890625 117.99375152587890625 112.41249847412109375 105.9375 100.86875152587890625 94.9875030517578125 88.65625 83.1687469482421875 83.71875 86.25624847412109375 87.47499847412109375 91.38124847412109375 96.75 101.6687469482421875 106.6750030517578125 110.8000030517578125 115.18125152587890625 119.7062530517578125 126.21250152587890625 133.2062530517578125 137.318756103515625 142.9812469482421875 147.5437469482421875 150.337493896484375 154.306243896484375 155.149993896484375 149.3125 144.287506103515625 139.0749969482421875
197.9812469482421875 194.850006103515625 189.34375 183.868743896484375 179.21875 173.9375 169.59375 163.7937469482421875 157.21875 152.056243896484375 147.693756103515625 144.024993896484375 138.53125 133.0500030517578125 130.131256103515625 126.75 123.8000030517578125 119.2062530517578125 114.02500152587890625 108.93125152587890625 102.43125152587890625 94.9812469482421875 88.7937469482421875 88.3625030517578125 89.61875152587890625 90.69374847412109375 94.56874847412109375 99.77500152587890625 104.3562469482421875 109.625 115.0124969482421875 120.24375152587890625 125.63124847412109375 132.037506103515625 139.493743896484375 146.524993896484375 150.7062530517578125 154.993743896484375 159.25 162.5812530517578125 164.4375 163.0187530517578125 161.162506103515625 157.5812530517578125
187.3937530517578125 185.5437469482421875 182.3625030517578125 179.868743896484375 176.9312591552734375 171.46875 168.256256103515625 163.337493896484375 155.943756103515625 151.3312530517578125 148.837493896484375 146.6999969482421875 141.7937469482421875 136.875 134.3249969482421875 132.149993896484375 129.337493896484375 124.80625152587890625 122.0812530517578125 116.84999847412109375 110.46250152587890625 102.28749847412109375 94.3625030517578125 92.9250030517578125 92.53749847412109375 94.1125030517578125 98.34375 102.7062530517578125 107.13124847412109375 112.3874969482421875 118.1687469482421875 123.36875152587890625 129.71875 136.943756103515625 143.912506103515625 149.600006103515625 155.587493896484375 162.8562469482421875 166.59375 171.3874969482421875 171.881256103515625 170.818756103515625 172.5812530517578125 170.1750030517578125
174.7375030517578125 172.875 171.5124969482421875 170.1062469482421875 168.15625 164.7375030517578125 160.6750030517578125 158.2312469482421875 152.6125030517578125 148.056243896484375 146.875 145.2375030517578125 143.243743896484375 140.431243896484375 138.056243896484375 136.34375 133.493743896484375 130.7687530517578125 128.6062469482421875 125.47499847412109375 117.66249847412109375 109.125 100.0625 97.2375030517578125 96.56874847412109375 97.09375 100.22499847412109375 104.40000152587890625 108.6687469482421875 113.7312469482421875 119.9187469482421875 125.90000152587890625 131.6062469482421875 138.962493896484375 145.850006103515625 150.399993896484375 158.5625 164.631256103515625 168.4499969482421875 172.53125 175.7937469482421875 175.1437530517578125 175.46875 175.287506103515625
162.0187530517578125 161.1687469482421875 160.037506103515625 158.6125030517578125 158.8937530517578125 156.693756103515625 154.625 152.6125030517578125 148.9187469482421875 144.03125 145.181243896484375 149.09375 148.006256103515625 145.287506103515625 143.337493896484375 140.4375 138.03125 134.59375 131.9250030517578125 128.681243896484375 122.625 112.8625030517578125 104.2687530517578125 100.4812469482421875 99.13124847412109375 99.34375 101.5 104.6750030517578125 108.6437530517578125 114.38124847412109375 120.52500152587890625 127.0437469482421875 133.8562469482421875 141.3249969482421875 148.212493896484375 153.78125 160.5437469482421875 167.34375 169.975006103515625 172.84375 175.75 175.443756103515625 177.6875 179.493743896484375
149.9250030517578125 150.3562469482421875 150.056243896484375 148.7624969482421875 149.806243896484375 149.6437530517578125 149.28125 149.181243896484375 147.5187530517578125 143.850006103515625 153.9375 157.2312469482421875 154.2375030517578125 150.5500030517578125 147.78125 144.9812469482421875 140.03125 136.806243896484375 132.568756103515625 127.90625 123.08750152587890625 114.6062469482421875 107.10625457763671875 102.8874969482421875 100.6875 99.9562530517578125 102.36875152587890625 105.4250030517578125 109.00624847412109375 115 119.53125 125.8249969482421875 133.0749969482421875 142.3562469482421875 150.024993896484375 153.0437469482421875 159.306243896484375 165.3249969482421875 170.75 174.5437469482421875 175.037506103515625 178.5124969482421875 178.0500030517578125 179.03125
