data/historical-monthly-weather-data/wc2.1_cruts4.09_10m_prec_2014-03.asc
ncols        45
nrows        45
xllcorner    -63.500000000000
yllcorner    -7.500000000000
cellsize     0.166666666667
NODATA_value -9999
[rows 0 to 19 of 45, columns 0 to 44 of 45]
224.0500030517578125 220.931243896484375 214.2062530517578125 213.2375030517578125 209.975006103515625 206.09375 198.649993896484375 191.1437530517578125 184.6374969482421875 181.6999969482421875 182.493743896484375 185.024993896484375 187.9562530517578125 188.462493896484375 190.40625 192.318756103515625 196.475006103515625 196.600006103515625 199.21875 201.568756103515625 205.5187530517578125 208.6125030517578125 212.4499969482421875 214.40625 218.46875 222.53125 227.149993896484375 235.131256103515625 242.412506103515625 247.9875030517578125 257.912506103515625 265.100006103515625 272.662506103515625 282.48126220703125 291.524993896484375 299.362518310546875 305.70001220703125 312.649993896484375 320.556243896484375 326.931243896484375 333.54998779296875 338.993743896484375 342.556243896484375 346.98748779296875 346.193756103515625
237.1687469482421875 234.756256103515625 234.1374969482421875 234.6437530517578125 234.0812530517578125 230.0124969482421875 222.587493896484375 216.4562530517578125 212.9812469482421875 210.6750030517578125 211.0124969482421875 212.1999969482421875 213.7624969482421875 214.024993896484375 214.6875 215.96875 218.71875 220.5500030517578125 222.368743896484375 224.6125030517578125 228.1750030517578125 231.6062469482421875 236.0500030517578125 238.600006103515625 241.6437530517578125 245.2937469482421875 248.5625 255.4187469482421875 260.84375 266.71875 274.90625 284.38751220703125 290.34375 301.068756103515625 307.73126220703125 315.83123779296875 323.45623779296875 329.92498779296875 337.36248779296875 342.92498779296875 350.056243896484375 354.875 357.84375 361.306243896484375 361.293731689453125
247.25 246.306243896484375 248.100006103515625 250.1374969482421875 250 247.899993896484375 245.850006103515625 244.399993896484375 243.181243896484375 243.03125 241.600006103515625 240.8937530517578125 241.6750030517578125 241.59375 241.412506103515625 242.962493896484375 244.8312530517578125 247.149993896484375 248.6062469482421875 250.743743896484375 255.0437469482421875 259.61248779296875 263.01873779296875 265.912506103515625 268.899993896484375 270.350006103515625 272.587493896484375 277.4375 280.193756103515625 284.5625 292.88751220703125 301.41876220703125 308.462493896484375 316.23126220703125 325.943756103515625 331.462493896484375 339.29998779296875 347.693756103515625 353.962493896484375 360.20623779296875 366.26873779296875 369.5625 371.42498779296875 372.83123779296875 374.16876220703125
254.5749969482421875 255.9499969482421875 261.800018310546875 264.462493896484375 265.75 265.868743896484375 268 271.33123779296875 274.86248779296875 276.70623779296875 274.78125 271.26873779296875 269.23748779296875 268.03125 267.943756103515625 268.83123779296875 272.01251220703125 275.318756103515625 277.63751220703125 279.625 285.350006103515625 289.14373779296875 290.92498779296875 293.07501220703125 295.381256103515625 295.98126220703125 296.631256103515625 296.98126220703125 297.71875 302.256256103515625 307.90625 317.524993896484375 323.993743896484375 331.399993896484375 340.243743896484375 348.162506103515625 356.67498779296875 365.42498779296875 372.868743896484375 377.71875 380.868743896484375 383.993743896484375 385.1875 384.67498779296875 385.618743896484375
269.024993896484375 268.42498779296875 271.36248779296875 276.100006103515625 278.88751220703125 281.95623779296875 285.98748779296875 293.28125 302.149993896484375 308.59375 305.63751220703125 298.57501220703125 295.287506103515625 295.40625 294.03125 295.756256103515625 298.556243896484375 303.787506103515625 305.60626220703125 306.962493896484375 313.443756103515625 316.41876220703125 319.41876220703125 321.449981689453125 322.38751220703125 322.26251220703125 318.899993896484375 316.693756103515625 318.04376220703125 319.243743896484375 325.29376220703125 331.63751220703125 340.42498779296875 349 357.76873779296875 366.412506103515625 374.787506103515625 382.912506103515625 390.618743896484375 393.73748779296875 397.15625 397.34375 396.73748779296875 396.34375 395.28125
279.131256103515625 278.51873779296875 282.774993896484375 284.01873779296875 283.006256103515625 287.51251220703125 292.75 300.11248779296875 310.9375 320.79998779296875 316.08123779296875 309.537506103515625 308.912506103515625 309.09375 309.95001220703125 312.837493896484375 317.350006103515625 324.01873779296875 329.11248779296875 331.71875 337.20623779296875 341.39373779296875 344.73748779296875 345.006256103515625 344.83123779296875 345.01873779296875 340.568756103515625 335.63751220703125 333.274993896484375 335.23748779296875 339.26873779296875 345.53125 352.48748779296875 364.600006103515625 375.818756103515625 383.58123779296875 393.92498779296875 402.100006103515625 408.756256103515625 412.36248779296875 411.79998779296875 411.10626220703125 409.23748779296875 407.037506103515625 404.48748779296875
286.58123779296875 284.41876220703125 287.01251220703125 285.45001220703125 281.79998779296875 285.462493896484375 290.506256103515625 295.037506103515625 300.5 305.92498779296875 310.306243896484375 311.162506103515625 314.36248779296875 317.79998779296875 321.48126220703125 326.09375 332.256256103515625 339.64373779296875 346.412506103515625 354.57501220703125 359.443756103515625 365.09375 368.13751220703125 368.01251220703125 367.625 365.90625 360.412506103515625 353.51873779296875 347.287506103515625 346.931243896484375 353.131256103515625 358.256256103515625 365.79998779296875 376.131256103515625 388.524993896484375 398.4375 407.787506103515625 416.537506103515625 426.07501220703125 426.38751220703125 420.556243896484375 419.04998779296875 416.056243896484375 413.09375 412.88751220703125
289.725006103515625 285.806243896484375 285.45001220703125 283.662506103515625 281.17498779296875 284.318756103515625 285.39373779296875 283.368743896484375 281.64373779296875 287.274993896484375 299.73126220703125 308.54998779296875 317.493743896484375 325.131256103515625 331.087493896484375 337.868743896484375 343.681243896484375 351.64373779296875 361.287506103515625 372.1875 379.66876220703125 386.32501220703125 390.875 389.76251220703125 390.76873779296875 386.64373779296875 377.89373779296875 369.03125 359.806243896484375 358.33123779296875 361.725006103515625 369.53125 376.462493896484375 387.006256103515625 399.443756103515625 409.0625 418.743743896484375 427.10626220703125 434.01251220703125 432.08123779296875 425.91876220703125 423.149993896484375 419.287506103515625 415.23748779296875 413.631256103515625
291.087493896484375 286.03125 285.96875 284.53125 281.59375 283.756256103515625 283.493743896484375 278.92498779296875 270.8125 272.85626220703125 290.618743896484375 304.399993896484375 317.40625 326.006256103515625 335.04998779296875 344.67498779296875 352.600006103515625 361.42498779296875 373.725006103515625 385.4375 390.618743896484375 399.962493896484375 405.625 410.98748779296875 411.79376220703125 405.649993896484375 392.350006103515625 379.90625 371 367.23748779296875 369.98748779296875 376.75 383.6875 393.15625 403.850006103515625 414.36248779296875 425.993743896484375 433.787506103515625 439.10626220703125 436.01873779296875 429.42498779296875 425.087493896484375 420.681243896484375 415.25 410.149993896484375
292.09375 286.181243896484375 285.568756103515625 284.29376220703125 282.57501220703125 284.89373779296875 285.57501220703125 282.54376220703125 278.631256103515625 281.975006103515625 294.58123779296875 305.0625 317.6875 327.88751220703125 338.756256103515625 350.83123779296875 361.975006103515625 371.493743896484375 383.17498779296875 394.98126220703125 401 411.743743896484375 422.5625 432.36248779296875 430.6875 423.23126220703125 408.23748779296875 393.04998779296875 380.53125 374.09375 374.23748779296875 381.743743896484375 389.91876220703125 400.38751220703125 410.45001220703125 419.83123779296875 430.162506103515625 438.76873779296875 443.506256103515625 441.35626220703125 435.23748779296875 430.23748779296875 421.649993896484375 409.95001220703125 405.09375
292.75 286.625 285.287506103515625 284.64373779296875 284.42498779296875 288.181243896484375 290.181243896484375 288.46875 288.70623779296875 293.756256103515625 302.61248779296875 311.66876220703125 321.381256103515625 332.3125 344.70623779296875 357.618743896484375 370 380.0625 390.181243896484375 401.65625 411.16876220703125 423.537506103515625 439.756256103515625 447.850006103515625 451.774993896484375 439.73126220703125 422.17498779296875 407.71875 392.39373779296875 382.40625 382.125 386.881256103515625 394.13751220703125 404.20001220703125 414.64373779296875 422.868743896484375 431.975006103515625 440.3125 444.76873779296875 444.537506103515625 438.524993896484375 430.29998779296875 418 403.806243896484375 397.475006103515625
292.899993896484375 287.42498779296875 286.45623779296875 287 286.587493896484375 291.962493896484375 296.15625 296.64373779296875 298.79998779296875 303.42498779296875 310.681243896484375 318.58123779296875 326.993743896484375 337.475006103515625 352.462493896484375 365.54998779296875 375.28125 383.875 393.493743896484375 403.681243896484375 411.23748779296875 426.33123779296875 447.881256103515625 464.306243896484375 465.46875 445.506256103515625 426.04998779296875 411.306243896484375 399.725006103515625 393.475006103515625 388.556243896484375 389.462493896484375 394.84375 403.118743896484375 411.73748779296875 421.993743896484375 432.306243896484375 440.787506103515625 444.162506103515625 445.462493896484375 440.66876220703125 429.131256103515625 411.024993896484375 388.89373779296875 377.23126220703125
292.83123779296875 287.625 287.606231689453125 287.79998779296875 288.61248779296875 295.01251220703125 299.60626220703125 302.45001220703125 305.506256103515625 311.51251220703125 319.8125 327.65625 337.193756103515625 345.375 359.23126220703125 371.59375 380.32501220703125 389.11248779296875 399.21875 406.875 410.537506103515625 425.73748779296875 447.26251220703125 460.10626220703125 452.600006103515625 436.375 426.45001220703125 416.149993896484375 407.193756103515625 401.95623779296875 396.71875 392.6875 394.743743896484375 401.118743896484375 408.524993896484375 417.26873779296875 427.899993896484375 437.15625 442.45001220703125 445.96875 443.54998779296875 428.25 399.40625 372.34375 356.40625
291.337493896484375 287.306243896484375 287.600006103515625 288.28125 290.318756103515625 295.48748779296875 301.681243896484375 307.38751220703125 313.412506103515625 320.01251220703125 327.79376220703125 336.70623779296875 345.90625 356.3125 365.36248779296875 377.368743896484375 385.58123779296875 393.274993896484375 402.256256103515625 411.09375 418.54998779296875 430.6875 445.493743896484375 450.181243896484375 443.90625 434.89373779296875 427.493743896484375 419.26873779296875 411.5 406.600006103515625 402.675018310546875 397.337493896484375 394.73748779296875 396.58123779296875 402.056243896484375 411.83123779296875 423.931243896484375 432.82501220703125 437.125 439.11248779296875 435.51873779296875 413 386.287506103515625 363.39373779296875 349.48126220703125
289.45001220703125 285.056243896484375 286.23748779296875 289.087493896484375 292.28125 297.899993896484375 305.76251220703125 313.3125 319.84375 327 335.768768310546875 344.868743896484375 354.256256103515625 364.006256103515625 370.15625 380.35626220703125 387.618743896484375 396.39373779296875 404.08123779296875 412.33123779296875 421.33123779296875 431.60626220703125 442.03125 444.618743896484375 442.631256103515625 439.725006103515625 433.01251220703125 425.287506103515625 418.9375 414.337493896484375 406.350006103515625 398.46875 395.14373779296875 390.600006103515625 391.23748779296875 403.024993896484375 417.04998779296875 425.9375 424.41876220703125 417.837493896484375 404.85626220703125 390.225006103515625 375.725006103515625 357.649993896484375 346.693756103515625
285.318756103515625 282.212493896484375 284.88751220703125 288.82501220703125 293.33123779296875 301.46875 309.399993896484375 317.162506103515625 326.26251220703125 335.17498779296875 343.274993896484375 353.51251220703125 363.337493896484375 372.225006103515625 378.125 383.975006103515625 389.625 398.10626220703125 405.225006103515625 413.88751220703125 421.850006103515625 430.29376220703125 439.01873779296875 441.243743896484375 440.993743896484375 441.462493896484375 436.78125 431.46875 427.850006103515625 422.51251220703125 415.07501220703125 404.931243896484375 396.95623779296875 391.08123779296875 388.59375 406.524993896484375 417.5 416.818756103515625 408.09375 397.131256103515625 382.868743896484375 373.36248779296875 363.35626220703125 350.51251220703125 341.45623779296875
281.67498779296875 280.162506103515625 282.943756103515625 288.33123779296875 294.66876220703125 303.48748779296875 313.63751220703125 322.53125 332.087493896484375 341.88751220703125 350.21875 361.618743896484375 372.41876220703125 380.024993896484375 386.85626220703125 390.149993896484375 390.962493896484375 396.76873779296875 405.125 412.975006103515625 420.53125 428.931243896484375 437.693756103515625 440.16876220703125 442.03125 441.524993896484375 438.60626220703125 436.20001220703125 432.837493896484375 429.631256103515625 423 412.774993896484375 405.20001220703125 403.449981689453125 415.10626220703125 427.524993896484375 425.993743896484375 414.89373779296875 397.86248779296875 381.34375 368.57501220703125 361.13751220703125 351.75 341.79376220703125 335.66876220703125
276.943756103515625 276.756256103515625 281.82501220703125 289.04376220703125 296.618743896484375 306.287506103515625 316.662506103515625 327.26873779296875 338.01251220703125 348.181243896484375 357.875 370.868743896484375 380.337493896484375 388.95001220703125 394.443756103515625 395.59375 395.587493896484375 393.256256103515625 404.8125 412.368743896484375 421.162506103515625 428.16876220703125 434.375 436.287506103515625 438.056243896484375 441.125 437.306243896484375 437.36248779296875 437.412506103515625 434.45001220703125 426.1875 409.45623779296875 403.993743896484375 408.76873779296875 427.056243896484375 449.16876220703125 432.59375 410.45001220703125 389.26873779296875 373.83123779296875 358.931243896484375 351.40625 343.73126220703125 334.79998779296875 329.024993896484375
271.587493896484375 272.881256103515625 279.006256103515625 287.662506103515625 297.493743896484375 309.34375 321.20623779296875 332.824981689453125 343.70001220703125 354.46875 364.662506103515625 374.91876220703125 386.76251220703125 396.8125 399.36248779296875 398.443756103515625 396.29376220703125 393.09375 398.07501220703125 406.537506103515625 417.318756103515625 425.95623779296875 425.350006103515625 428.131256103515625 431.881256103515625 436.837493896484375 436.149993896484375 435.10626220703125 436.83123779296875 436.193756103515625 429.681243896484375 408.29998779296875 395.65625 390.08123779296875 399.568756103515625 416.60626220703125 408.006256103515625 393.375 379.475006103515625 364.82501220703125 352.125 343.818756103515625 336.943756103515625 329.4375 324.100006103515625
263.712493896484375 267.381256103515625 274.899993896484375 285.04376220703125 296.806243896484375 311.14373779296875 324.92498779296875 337.962493896484375 349.4375 359.66876220703125 369.350006103515625 378.818756103515625 391.568756103515625 403.618743896484375 402.11248779296875 394.95001220703125 388.087493896484375 390.73126220703125 393.568756103515625 400.36248779296875 406.40625 410.84375 415.912506103515625 417.88751220703125 421.875 426.3125 427.4375 429.412506103515625 429.26873779296875 425.212493896484375 415.243743896484375 397.88751220703125 376.524993896484375 357.03125 346.399993896484375 358.04376220703125 371.61248779296875 372.225006103515625 366.59375 357.38751220703125 346.068756103515625 338.100006103515625 332.225006103515625 325.912506103515625 321.63751220703125
