data/historical-monthly-weather-data/wc2.1_cruts4.09_10m_prec_1983-02.asc
ncols        45
nrows        45
xllcorner    -63.500000000000
yllcorner    -7.500000000000
cellsize     0.166666666667
NODATA_value -9999
[rows 19 to 37 of 45, columns 0 to 43 of 45]
123.25624847412109375 118.4375 116.8625030517578125 115.77500152587890625 115.83750152587890625 119.2062530517578125 123.09999847412109375 127.02500152587890625 134.524993896484375 142.59375 150.212493896484375 152.25 153.631256103515625 153.8187408447265625 145.506256103515625 133.850006103515625 123.9375 118.05625152587890625 114.625 112.74375152587890625 109.6437530517578125 105.8312530517578125 102.84375 102.71875 103.46250152587890625 104.9187469482421875 110.34375 117.38124847412109375 124.3249969482421875 132.306243896484375 137.2375030517578125 137.662506103515625 128.875 118.25624847412109375 111.06874847412109375 118.25 133.4812469482421875 148.631256103515625 160.8937530517578125 169.056243896484375 172.46875 172.2312469482421875 174.243743896484375 175.6687469482421875
119.84375 116.0625 114.84375 114.08750152587890625 114.74375152587890625 118.0187530517578125 122.1062469482421875 126.6750030517578125 133.875 141.243743896484375 147.431243896484375 149.837493896484375 151.84375 153.087493896484375 145.431243896484375 134.0625 124.4562530517578125 117.77500152587890625 114.53749847412109375 111.63124847412109375 109.1125030517578125 106.22499847412109375 103.40000152587890625 104.03749847412109375 105.4499969482421875 107.71250152587890625 113.6687469482421875 120.3000030517578125 127.75 136.743743896484375 142.975006103515625 144.59375 134.8562469482421875 121.8312530517578125 110.46875 119.56874847412109375 136.28125 150.6374969482421875 161.2375030517578125 168.0625 171.3312530517578125 172.4875030517578125 173.787506103515625 174.7375030517578125
116.09375 113.19374847412109375 112.5187530517578125 112.8000030517578125 113.375 117.0625 121.3874969482421875 126.1437530517578125 132.96875 138.837493896484375 143.1062469482421875 143.850006103515625 144.162506103515625 143.475006103515625 139.15625 131.681243896484375 124.21875 118.5749969482421875 114.53749847412109375 111.33750152587890625 107.8000030517578125 104.81874847412109375 103.1125030517578125 103.9875030517578125 105.9375 109.1374969482421875 116.05625152587890625 123.46250152587890625 132.03125 142.6750030517578125 151.5812530517578125 154.53125 145.787506103515625 135.5062408447265625 128.7687530517578125 134.9375 147.2937469482421875 158.0625 165.3874969482421875 169.875 172.556243896484375 173.912506103515625 174.8000030517578125 175.212493896484375
113.96875 111.90000152587890625 111.13124847412109375 111.5749969482421875 112.1750030517578125 116.4499969482421875 120.375 125.3625030517578125 132.1125030517578125 135.9562530517578125 137.7687530517578125 136.6999969482421875 135.3000030517578125 134.9187469482421875 133.0749969482421875 128.5812530517578125 122.8937530517578125 118.25624847412109375 113.9375 109.8874969482421875 106.53749847412109375 103.4187469482421875 101.47499847412109375 102.6750030517578125 105.52500152587890625 109.7624969482421875 117.3125 125.7062530517578125 135.6374969482421875 148.2312469482421875 160.0124969482421875 167.368743896484375 159.631256103515625 151.9250030517578125 149.725006103515625 155.7062530517578125 163.3249969482421875 169.068756103515625 172.28125 173.0124969482421875 173.84375 174.7624969482421875 175.287506103515625 175.5749969482421875
112.69374847412109375 110.49375152587890625 110.0749969482421875 110.1125030517578125 111.03749847412109375 115.40625 119.9375 124.33750152587890625 130.381256103515625 133 134.0187530517578125 132.537506103515625 129.3249969482421875 130.5625 130.1062469482421875 126.90000152587890625 122.3874969482421875 118.5749969482421875 114.2687530517578125 109.8312530517578125 106.0437469482421875 102.6062469482421875 100.375 101.9812469482421875 105.52500152587890625 109.8312530517578125 118.7062530517578125 128.5187530517578125 139.15625 153 166.4562530517578125 175.725006103515625 170.9375 166.2062530517578125 166.3937530517578125 172.681243896484375 176.9875030517578125 176.993743896484375 176.4375 175.1125030517578125 174.65625 174.537506103515625 174.850006103515625 175.587493896484375
113.43125152587890625 110.25624847412109375 109.61875152587890625 109.97499847412109375 111.3937530517578125 114.9499969482421875 119.1125030517578125 122.99375152587890625 127.38124847412109375 130.274993896484375 131.6374969482421875 131.1999969482421875 130.65625 131.4499969482421875 129.6999969482421875 126.9499969482421875 123.41249847412109375 119.59375 115.1687469482421875 110.38124847412109375 106.3937530517578125 102.2312469482421875 99.1999969482421875 100.71250152587890625 104.40625 110.78749847412109375 120.1125030517578125 131.15625 142.4812469482421875 156.412506103515625 169.787506103515625 179.6875 178.2687530517578125 176.0749969482421875 176.524993896484375 179.006256103515625 180.4812469482421875 178.743743896484375 177.0437469482421875 175.193756103515625 174.087493896484375 173.5812530517578125 174.0500030517578125 175.8562469482421875
116.83750152587890625 112.81874847412109375 111.2375030517578125 111.2687530517578125 112.2687530517578125 115.49375152587890625 118.65625 121.88124847412109375 125.5500030517578125 128.381256103515625 130.131256103515625 131.1374969482421875 132.399993896484375 133.0500030517578125 131.162506103515625 128.087493896484375 124.7312469482421875 120.9499969482421875 116.88124847412109375 111.9812469482421875 107.49375152587890625 102.41249847412109375 98.31874847412109375 99.03125 104.28749847412109375 111.90000152587890625 123.05625152587890625 134.1750030517578125 146.1374969482421875 159.412506103515625 172.3937530517578125 182.90625 182.9812469482421875 181.9437408447265625 181.9562530517578125 181.912506103515625 181.1125030517578125 178.806243896484375 175.9499969482421875 173.9812469482421875 172.6999969482421875 172.3125 172.40625 174.462493896484375
120.05625152587890625 115.4250030517578125 113.5500030517578125 113.58750152587890625 113.8937530517578125 116.1687469482421875 119.03125 121.2062530517578125 124.13124847412109375 126.8125 128.7375030517578125 129.6875 130.8937530517578125 131.631256103515625 130.0437469482421875 128.100006103515625 125.4499969482421875 122.83750152587890625 119.56874847412109375 115.40000152587890625 110.9562530517578125 106.0500030517578125 101.1999969482421875 101.3249969482421875 108.21250152587890625 116.61875152587890625 128.100006103515625 139.837493896484375 151.5749969482421875 164.337493896484375 177.0812530517578125 186.6062469482421875 186.475006103515625 186.256256103515625 184.4875030517578125 183.756256103515625 182.34375 179.28125 176.7687530517578125 174.3874969482421875 172.618743896484375 171.8562469482421875 171.725006103515625 173.46875
123.3249969482421875 117.84999847412109375 116.1999969482421875 115.71875 115.5187530517578125 116.9499969482421875 119.47499847412109375 121.88124847412109375 123.97499847412109375 126.1750030517578125 127.4562530517578125 127.97499847412109375 128.506256103515625 128.850006103515625 128.3000030517578125 127.5812530517578125 126.02500152587890625 125.2937469482421875 123.15625 120.4250030517578125 116.8937530517578125 112.5812530517578125 109.59375 110.65000152587890625 115.86875152587890625 123.7312469482421875 135.0625 146.9250030517578125 158.5187530517578125 170.75 182.71875 192.3000030517578125 192.375 189.649993896484375 186.6437530517578125 185.431243896484375 182.8625030517578125 180.368743896484375 177.3937530517578125 174.3874969482421875 172.2624969482421875 171.868743896484375 171.7687530517578125 174.1374969482421875
126.36875152587890625 120.7937469482421875 118.7312469482421875 117.9875030517578125 117.66249847412109375 118.56874847412109375 120.53749847412109375 122.38124847412109375 124.0500030517578125 125.6750030517578125 126.44374847412109375 126.41249847412109375 126.19374847412109375 126.6437530517578125 127.1437530517578125 127.8625030517578125 127.93125152587890625 127.96875 127.74375152587890625 126.0187530517578125 123.59375 120.19374847412109375 118.8562469482421875 120.96875 125.25624847412109375 132.100006103515625 143.4499969482421875 155.2375030517578125 167.4812469482421875 178.9250030517578125 189.381256103515625 198.6687469482421875 197.0749969482421875 193.3312530517578125 189.850006103515625 187.431243896484375 185.2624969482421875 182.6875 180.256256103515625 176.2687530517578125 172.34375 171.4375 172.9875030517578125 177.4187469482421875
132.8937530517578125 126.55625152587890625 123.8625030517578125 122.1437530517578125 121.40625 121.4812469482421875 122.08750152587890625 122.875 123.5812530517578125 124.7624969482421875 125.4562530517578125 125.93125152587890625 126.15625 126.96250152587890625 127.8937530517578125 128.225006103515625 128.850006103515625 130.0124969482421875 130.1062469482421875 128.375 126.55625152587890625 124.8312530517578125 124.8125 128.524993896484375 133.9749908447265625 141.756256103515625 153.368743896484375 165.375 177.65625 187.3562469482421875 197.0124969482421875 205.0812530517578125 202.837493896484375 199.3937530517578125 195.5812530517578125 193.556243896484375 190.875 188.8125 185.3312530517578125 181.1875 179.2375030517578125 179.7312469482421875 181.1750030517578125 186.3125
139.056243896484375 132.443756103515625 128.5625 126.28125 124.4812469482421875 123.84375 123.46250152587890625 123.34999847412109375 123.46875 123.875 124.9812469482421875 126.0749969482421875 127.1374969482421875 127.6437530517578125 128.2687530517578125 129.03125 129.84375 131.3000030517578125 131.9499969482421875 130.1875 129.1437530517578125 128.306243896484375 129.193756103515625 134.8312530517578125 142.181243896484375 151.5437469482421875 163.600006103515625 176.34375 188.725006103515625 196.90625 204.774993896484375 211.5749969482421875 210.2062530517578125 207.212493896484375 203.90625 200.78125 198.3625030517578125 196.787506103515625 192.868743896484375 188.0812530517578125 186.7624969482421875 189.1437530517578125 191.506256103515625 194.6062469482421875
144.375 137.78125 133.5187530517578125 130.6875 127.9250030517578125 126.1125030517578125 124.86875152587890625 123.36875152587890625 122.89374542236328125 123.34375 124.0437469482421875 125.65000152587890625 127.2624969482421875 128.4812469482421875 129.1125030517578125 130.15625 129.8874969482421875 130.756256103515625 131.0812530517578125 130.2062530517578125 130.46875 131.09375 132.662506103515625 140.375 149.8562469482421875 160.4499969482421875 173.024993896484375 186.3874969482421875 199.2937469482421875 207.03125 213.6999969482421875 219.0749969482421875 217.993743896484375 215.243743896484375 212.5437469482421875 209.631256103515625 207.431243896484375 205.2687530517578125 200.899993896484375 198.162506103515625 198.5749969482421875 201.3249969482421875 203.837493896484375 207.568756103515625
154.7624969482421875 148.2687530517578125 143.274993896484375 138.9562530517578125 134.5625 131.2687530517578125 128.100006103515625 125.4375 124.56874847412109375 124.6750030517578125 125.6999969482421875 127.1125030517578125 129.1999969482421875 130.6875 131.3249969482421875 131.40625 130.8062591552734375 131.600006103515625 131.118743896484375 130.4250030517578125 131.537506103515625 132.375 134.318756103515625 142.306243896484375 152.21875 163.149993896484375 176.568756103515625 191.5124969482421875 205.5187530517578125 213.84375 221.912506103515625 228.037506103515625 227.3249969482421875 226.006256103515625 224.6062469482421875 222.881256103515625 220.818756103515625 217.899993896484375 213.962493896484375 213.9187469482421875 214.71875 217.725006103515625 221.524993896484375 226.75
166.28125 159.3000030517578125 153.087493896484375 147.65625 141.756256103515625 136.4812469482421875 131.725006103515625 127.73749542236328125 125.5187530517578125 125.18125152587890625 126.1125030517578125 128.4187469482421875 131.225006103515625 132.59375 133.1437530517578125 132.9250030517578125 132.0187530517578125 132.1687469482421875 131.4562530517578125 130.7375030517578125 131.6687469482421875 132.5124969482421875 134.8249969482421875 142.912506103515625 152.9812469482421875 164.100006103515625 178.8125 194.693756103515625 210.3937530517578125 220.6750030517578125 230.274993896484375 238.0187530517578125 239.037506103515625 238.399993896484375 237.0812530517578125 236.243743896484375 234.412506103515625 232.006256103515625 229.5124969482421875 229.693756103515625 230.2062530517578125 234 240.1999969482421875 246.943756103515625
177.6437530517578125 170.837493896484375 163.5625 156.100006103515625 149.1687469482421875 142.4562530517578125 135.65625 129.8937530517578125 126.50624847412109375 125.31874847412109375 126.8000030517578125 130.6125030517578125 134.4250030517578125 135.975006103515625 135.7312469482421875 134.787506103515625 132.931243896484375 132.399993896484375 131.8312530517578125 130.681243896484375 132.03125 132.662506103515625 134.787506103515625 142.6750030517578125 153.0187530517578125 163.943756103515625 180.181243896484375 197.7624969482421875 214.8625030517578125 227.1062469482421875 237.9375 248.5 250.475006103515625 251.15625 250.6437530517578125 249.399993896484375 247.3937530517578125 247.4499969482421875 246.0500030517578125 244.774993896484375 245.368743896484375 248.65625 254.8125 262.087493896484375
189.9812469482421875 183.2624969482421875 175.1437530517578125 166.537506103515625 158.46875 151.4375 143.84375 136.899993896484375 132.1437530517578125 130.100006103515625 132.1750030517578125 136.975006103515625 141.568756103515625 142.9812469482421875 140.9875030517578125 137.943756103515625 134.649993896484375 133.6062469482421875 132.1875 131.375 132.6437530517578125 133.9562530517578125 135.8625030517578125 144 153.6062469482421875 164.4875030517578125 181.1374969482421875 200.037506103515625 217.90625 231.837493896484375 245.631256103515625 258.48748779296875 262.337493896484375 264.3125 263.912506103515625 262.26251220703125 262.67498779296875 261.568756103515625 259.61248779296875 259.368743896484375 260.79998779296875 263.14373779296875 267.57501220703125 274.79376220703125
203.306243896484375 196.3625030517578125 187.0437469482421875 178.7624969482421875 169.774993896484375 161.9812469482421875 153.75 145.7312469482421875 139.087493896484375 133.375 137.8249969482421875 146.2062530517578125 149.9187469482421875 149.4375 146.0812530517578125 140.875 135.75 134.243743896484375 133.193756103515625 131.912506103515625 133.037506103515625 134.225006103515625 136.3937530517578125 144.3562469482421875 153.5812530517578125 164.5749969482421875 181.5812530517578125 200.600006103515625 219.8000030517578125 235.943756103515625 252.3249969482421875 267.493743896484375 273.54376220703125 276.82501220703125 278.162506103515625 278.26251220703125 277.23126220703125 275.95623779296875 274.068756103515625 272.962493896484375 272.931243896484375 275.35626220703125 279.36248779296875 285.375
216.4499969482421875 209.4812469482421875 199.943756103515625 190.8562469482421875 181.9187469482421875 173.649993896484375 165.3874969482421875 157.318756103515625 151.037506103515625 143.649993896484375 153.537506103515625 162.131256103515625 161.5 157.5812530517578125 151.8625030517578125 144.4375 136.725006103515625 134.90625 133.15625 131.350006103515625 132.65625 133.818756103515625 136.3874969482421875 144.162506103515625 153.493743896484375 164.462493896484375 181.568756103515625 201.181243896484375 221.125 240.1125030517578125 257.88751220703125 275.524993896484375 282.96875 288.20001220703125 290.53125 291.40625 290.556243896484375 289.587493896484375 287.42498779296875 285.28125 283.76251220703125 285.756256103515625 288.037506103515625 292.118743896484375
