data/historical-monthly-weather-data/wc2.1_cruts4.09_10m_prec_1976-06.asc
ncols        45
nrows        45
xllcorner    -63.500000000000
yllcorner    -7.500000000000
cellsize     0.166666666667
NODATA_value -9999
[rows 19 to 37 of 45, columns 0 to 43 of 45]
146.1125030517578125 145.71875 142.9562530517578125 138.475006103515625 136.4812469482421875 137.412506103515625 134.4812469482421875 129.868743896484375 130.056243896484375 128.243743896484375 124.78749847412109375 119.1125030517578125 111.7062530517578125 103.97499847412109375 96.9499969482421875 85.77500152587890625 78.4562530517578125 78.2937469482421875 73.05625152587890625 72.9812469482421875 69.46250152587890625 73.09375 81.7624969482421875 88.375 90.9375 94.0124969482421875 98.77500152587890625 110 112.94374847412109375 114.1999969482421875 118.9375 136.9562530517578125 146.318756103515625 152.46875 161.03125 178.431243896484375 191.8125 193.662506103515625 191.649993896484375 185.899993896484375 171.09375 151.993743896484375 152.212493896484375 152.318756103515625
132.34375 138.881256103515625 139.993743896484375 136.537506103515625 130.2624969482421875 128.649993896484375 128.774993896484375 126.56874847412109375 125.56874847412109375 122.875 121.08750152587890625 115.65000152587890625 108.68125152587890625 99.8125 91.31874847412109375 85.16249847412109375 77.4875030517578125 74.2312469482421875 74.9562530517578125 72.97499847412109375 77.875 82.25624847412109375 88.61875152587890625 98.03749847412109375 102.8000030517578125 103.2312469482421875 100.25 105.3312530517578125 111.00624847412109375 117.91249847412109375 124.86249542236328125 137.462493896484375 137.34375 141.71875 147.9562530517578125 163.6374969482421875 178.0625 184.1374969482421875 178.3562469482421875 171.649993896484375 163.0500030517578125 149.162506103515625 147.100006103515625 148.6374969482421875
127.49375152587890625 127.1374969482421875 130.84375 131.5437469482421875 127.5187530517578125 124.09375 123.09999847412109375 120.78125 119.4250030517578125 119.53125 117.65625 111.01874542236328125 104.30625152587890625 99.40625 94.05625152587890625 85.1750030517578125 84.8312530517578125 79.8312530517578125 80.4875030517578125 79.1374969482421875 79.5500030517578125 86.9250030517578125 93.4375 97.81874847412109375 100.44374847412109375 102.1750030517578125 107.2937469482421875 108.375 117.3625030517578125 124.3249969482421875 126.6062469482421875 127.875 130.600006103515625 138.65625 142.2375030517578125 151.193756103515625 162.625 172.3125 171.3625030517578125 167.131256103515625 159.0812530517578125 150.256256103515625 148.1437530517578125 150.6687469482421875
123.21250152587890625 130.09375 132.931243896484375 132.5124969482421875 128.5187530517578125 123.46875 115.9375 112.5500030517578125 115.3874969482421875 114.9875030517578125 112.81874847412109375 110.2375030517578125 108.7937469482421875 105.80625152587890625 99.8625030517578125 93.00624847412109375 86.30625152587890625 82.2937469482421875 81.8625030517578125 82.61875152587890625 87.28125 89.8874969482421875 92.24375152587890625 97.59375 105.1125030517578125 107.25 108.2312469482421875 111.78749847412109375 118.1750030517578125 118.59375 119.84375 123.5812530517578125 124.4250030517578125 127.21875 135.9250030517578125 139.9812469482421875 146.381256103515625 156.256256103515625 161.9499969482421875 162.3625030517578125 156.15625 150.5625 147.774993896484375 146.975006103515625
116.36875152587890625 124.625 131.75 128.4375 123.2624969482421875 118.4875030517578125 116.90000152587890625 113.1875 110.65000152587890625 107.81874847412109375 110.33750152587890625 112.7937469482421875 109.9187469482421875 109.15000152587890625 100.72499847412109375 94.40000152587890625 88.9875030517578125 87.9250030517578125 86.5625 85.8937530517578125 89.44374847412109375 94.24375152587890625 95.5500030517578125 104.78125 108.4562530517578125 108.96250152587890625 114.43125152587890625 111.56874847412109375 112.9812469482421875 114.86875152587890625 115.33750152587890625 117.75 120.3312530517578125 120.7312469482421875 127.3000030517578125 129.78125 138.0812530517578125 147.4812469482421875 151.0500030517578125 151.3000030517578125 148.8625030517578125 146.337493896484375 144.9499969482421875 145.6437530517578125
108.40625 118.4375 123.9499969482421875 125.99375152587890625 122.96875 118.3312530517578125 115.04375457763671875 113.28125 110.0437469482421875 110.5625 109.6437530517578125 109.4562530517578125 110.5625 106.2375030517578125 98.66249847412109375 93.21875 89.80625152587890625 87.1062469482421875 86.9812469482421875 88.47499847412109375 91.69374847412109375 94.3000030517578125 100.27500152587890625 108.08124542236328125 108.5812530517578125 109.40625 110.7062530517578125 110.71250152587890625 110.58750152587890625 112.16249847412109375 108.81874847412109375 107.65625 109.7312469482421875 114.09999847412109375 118.5749969482421875 123.71875 130.3937530517578125 135.9812469482421875 142.3249969482421875 144.1750030517578125 143.2312469482421875 143.1687469482421875 144.193756103515625 141.162506103515625
105.18125152587890625 117.19374847412109375 116.90000152587890625 119.1999969482421875 116.18125152587890625 113.3874969482421875 109.68125152587890625 108.59375 103.24375152587890625 100.8625030517578125 103.91249847412109375 104.38124847412109375 105.5187530517578125 103.3249969482421875 98.58750152587890625 91.6750030517578125 88.71875 88.5625 88.8000030517578125 87.5812530517578125 91.2937469482421875 94.90625 99.6875 105.9375 109.6999969482421875 108.9187469482421875 109.71250152587890625 109.6687469482421875 106.75624847412109375 106.19374847412109375 102.5437469482421875 100.6875 102.5749969482421875 105.6687469482421875 109.5187530517578125 117.5187530517578125 124.40000152587890625 127.80625152587890625 131.037506103515625 136.5625 136.4875030517578125 129.5 129.8937530517578125 132.1500091552734375
99.90000152587890625 104.6687469482421875 108.75624847412109375 109.96875 107.7937469482421875 106.21250152587890625 103.6125030517578125 98.24375152587890625 95.59999847412109375 98.7312469482421875 102.13124847412109375 102.6125030517578125 101.9187469482421875 101.47499847412109375 98.38124847412109375 94.6875 90.18125152587890625 86.96875 87.96250152587890625 86.88124847412109375 88.4375 92.0500030517578125 97.43125152587890625 107.29999542236328125 107.03125 106.7624969482421875 107.71875 105.8937530517578125 103.21250152587890625 101.1062469482421875 99.34999847412109375 94.65625 95.5812530517578125 99.0187530517578125 103.4250030517578125 109.53125 118.125 121.72499847412109375 122.96250152587890625 129.5500030517578125 132.5500030517578125 128.3625030517578125 124.09999847412109375 123.63124847412109375
95.5 96.11875152587890625 98.9562530517578125 98.02500152587890625 96.71875 97.30625152587890625 96.28125 92.75624847412109375 92.1125030517578125 95.39374542236328125 96.9562530517578125 98.5 97.88124847412109375 96.9875030517578125 94.06874847412109375 90.96875 87.3625030517578125 86.46250152587890625 84.2062530517578125 84.88124847412109375 87.19374847412109375 88.31874847412109375 94.36875152587890625 100.375 102.41249847412109375 101.75624847412109375 102.6125030517578125 100.90625 101.28749847412109375 100.53749847412109375 97.2312469482421875 94.2312469482421875 93.6437530517578125 93.26250457763671875 99.80625152587890625 105.30625152587890625 113.46875 116.4875030517578125 120.02500152587890625 124.9250030517578125 128.243743896484375 128.0500030517578125 118.27500152587890625 119.63124847412109375
89 91.7312469482421875 89.63124847412109375 87.6062469482421875 88.00624847412109375 85.6875 86.16249847412109375 86.9875030517578125 88.8625030517578125 90.09999847412109375 92.27500152587890625 93.41249847412109375 94.6750030517578125 94.7375030517578125 92.1750030517578125 89.59999847412109375 87.5625 85 84.58750152587890625 84.94374847412109375 84.65625 84.8249969482421875 87.2375030517578125 92.1062469482421875 95.0187530517578125 94.67499542236328125 97.9812469482421875 99.53125 98.9499969482421875 95.6750030517578125 91.6999969482421875 90.18125152587890625 89.27500152587890625 91.9250030517578125 95.1437530517578125 100.02500152587890625 109.31874847412109375 110.25 114.1750030517578125 117.3000030517578125 118.49375152587890625 116.0625 112.90625 117.3125
84.3125 84.5124969482421875 83.06874847412109375 80.625 80.0124969482421875 80.40000152587890625 80.5 83.5 84.56874847412109375 86.72499847412109375 88.74375152587890625 90.9812469482421875 92.8562469482421875 93.625 90.5 87.1687469482421875 84.7312469482421875 84.38124847412109375 80.8937530517578125 78.31874847412109375 80.09999847412109375 80.4499969482421875 82.125 86.4187469482421875 87.84375 91.1125030517578125 93.19374847412109375 93.8937530517578125 94.0500030517578125 90.5437469482421875 87.5749969482421875 85.6999969482421875 86.8937530517578125 89.9187469482421875 94.625 97.2312469482421875 107.4812469482421875 108.625 106.99375152587890625 114.38124847412109375 114.7312469482421875 111.8125 111.9499969482421875 110
81.1687469482421875 79.8000030517578125 77.46250152587890625 76.0625 75.52500152587890625 75.6062469482421875 77.1062469482421875 78.8874969482421875 80.03125 83.05625152587890625 85.71875 86.8562469482421875 90.2375030517578125 87.50624847412109375 86.15000152587890625 86.4250030517578125 85.1687469482421875 82.0625 79.0749969482421875 77.33750152587890625 76.9187469482421875 75.4375 76.5749969482421875 80.88124847412109375 83.03125 86.3625030517578125 87.7687530517578125 89.15625 88.91249847412109375 86.5187530517578125 86.71875 85.43125152587890625 85.53125 86.5625 90.5187530517578125 93.5625 101.65625 105.28749847412109375 104.1999969482421875 103.0812530517578125 106.28125 104.0437469482421875 103.53749847412109375 103.11875152587890625
77.5500030517578125 75.90625 72.80625152587890625 72.46250152587890625 73.8125 73.7937469482421875 74.28749847412109375 75.2375030517578125 77.1437530517578125 78.5124969482421875 79.3312530517578125 81.4562530517578125 82.1687469482421875 83.6999969482421875 84.3249969482421875 83.80625152587890625 80.52500152587890625 77.59375 75.40000152587890625 74.0437469482421875 73.0124969482421875 72.1999969482421875 70.9812469482421875 74.08750152587890625 77.9875030517578125 80.21875 82.7375030517578125 84.36875152587890625 84.2312469482421875 86.1062469482421875 84.96875 83.4187469482421875 84.40625 84.97499847412109375 87.75 89.5124969482421875 94.6374969482421875 95.7062530517578125 97.66249847412109375 98.3125 101.7687530517578125 100.44374847412109375 98.5187530517578125 97.7312469482421875
74.75624847412109375 73.34999847412109375 72.15000152587890625 72.0437469482421875 71.21875 71.5812530517578125 72.28125 73.66249847412109375 74.15000152587890625 75.38124847412109375 78.68125152587890625 79.6062469482421875 80.8874969482421875 83.96250152587890625 84.88124847412109375 81.93125152587890625 78.49375152587890625 77.38124847412109375 75.09375 73.1437530517578125 70.28749847412109375 68.40000152587890625 68.125 70.88124847412109375 73.2624969482421875 75.6374969482421875 77.59375 78.83750152587890625 80.28749847412109375 82.3625030517578125 82.65000152587890625 80.24375152587890625 81.7937469482421875 84.65000152587890625 86.0500030517578125 87.40625 89.09999847412109375 89.9187469482421875 91.50624847412109375 95.8249969482421875 98.69374847412109375 96.8562469482421875 93.3000030517578125 91.5
71.78125 71.59375 72.3874969482421875 71.75624847412109375 70.52500152587890625 70.2624969482421875 71.625 71.34999847412109375 71.2687530517578125 71.69374847412109375 74.8874969482421875 78.21250152587890625 79.9499969482421875 80.78749847412109375 80.5500030517578125 80.4375 79.3874969482421875 76.3874969482421875 72.3625030517578125 70.38124847412109375 68.47499847412109375 66.0749969482421875 66.3874969482421875 67.1437530517578125 69.65000152587890625 70.375 73.5124969482421875 75.09999847412109375 77.9562530517578125 79.49375152587890625 81.00624847412109375 81.1062469482421875 79.5 80.78125 83.6999969482421875 84.9875030517578125 85.71875 85.9562530517578125 87.69374847412109375 90.02500152587890625 90.27500152587890625 90.88124847412109375 89.3625030517578125 83.3625030517578125
70.4250030517578125 68.9499969482421875 70.7624969482421875 71.90625 70.8249969482421875 68.5749969482421875 67.8874969482421875 68.5625 68.7312469482421875 68.9875030517578125 73.96875 77.9875030517578125 80.3249969482421875 84.0749969482421875 83.91249847412109375 81.6750030517578125 78.65000152587890625 73.59375 69.5437469482421875 65.0749969482421875 65.4187469482421875 62.331249237060546875 61.34999847412109375 62.075000762939453125 65.9187469482421875 67.4187469482421875 69.5812530517578125 70.375 72.5124969482421875 73.9875030517578125 76.50624847412109375 78.25 76.2937469482421875 77.17499542236328125 78.21250152587890625 80.40625 79.50624847412109375 83.46875 82.5437469482421875 84.3312530517578125 84.46875 82.8000030517578125 82.40000152587890625 79.09375
69.6125030517578125 68 68.74375152587890625 69.8625030517578125 69.71250152587890625 68.28749847412109375 67.53749847412109375 66.71875 65.99375152587890625 66.05625152587890625 68.86875152587890625 76.56874847412109375 81.47499847412109375 83.8937530517578125 83.9250030517578125 81.91249847412109375 77.9875030517578125 71.27500152587890625 66.5500030517578125 61.543750762939453125 60.106250762939453125 60.081249237060546875 58.487499237060546875 58.924999237060546875 61.918750762939453125 63 64.65625 65.52500152587890625 68.375 69.5625 70.7375030517578125 72.7937469482421875 72.70624542236328125 72.5124969482421875 71.9375 73.9562530517578125 76.7687530517578125 76.78749847412109375 77.2687530517578125 79.3937530517578125 79.4875030517578125 77.03125 76.09999847412109375 75.57500457763671875
66.68125152587890625 67.75 66.72499847412109375 67.99375152587890625 68.9375 67.7624969482421875 66.71250152587890625 66.8874969482421875 65.71875 62.56874847412109375 67.9875030517578125 78.2937469482421875 83.8562469482421875 83.99375152587890625 83.6687469482421875 81.1875 77.65625 71.7624969482421875 66.40000152587890625 59.5625 57.0625 57.65000152587890625 56.018749237060546875 56.69374847412109375 57.44374847412109375 58.41249847412109375 61.33750152587890625 61.981250762939453125 62.80625152587890625 63.03749847412109375 66.25624847412109375 66.90000152587890625 67.91249847412109375 68.7062530517578125 68.09375 69.56874847412109375 72.03125 74.08750152587890625 72.84999847412109375 72.4250030517578125 72.18125152587890625 72.2375030517578125 69.50624847412109375 73.80625152587890625
64.03125 65.3312530517578125 65.90625 67.84999847412109375 68.0812530517578125 67.6437530517578125 67.73749542236328125 67.75 67.68125152587890625 64.1875 74.31874847412109375 83.72499847412109375 85.6374969482421875 86.03125 82.9187469482421875 79.8312530517578125 75.72499847412109375 70.8562469482421875 66.3249969482421875 60.643749237060546875 56.956249237060546875 55.706249237060546875 53.299999237060546875 53.887500762939453125 53.862499237060546875 55.6875 58.05625152587890625 58.299999237060546875 58.674999237060546875 58.231250762939453125 59.68125152587890625 62.80625152587890625 64.30625152587890625 63.88124847412109375 63.643749237060546875 65.3312530517578125 66.90000152587890625 67.58750152587890625 70.4375 68.65000152587890625 67.36875152587890625 68.2062530517578125 64.8937530517578125 64.50624847412109375
