data/historical-monthly-weather-data/wc2.1_cruts4.09_10m_prec_2008-06.asc
ncols        45
nrows        45
xllcorner    -63.500000000000
yllcorner    -7.500000000000
cellsize     0.166666666667
NODATA_value -9999
[rows 0 to 18 of 45, columns 0 to 42 of 45]
241.6437530517578125 237.40625 234.225006103515625 238.7687530517578125 240.21875 245.375 246.125 245.7624969482421875 243.837493896484375 250.662506103515625 259.962493896484375 266.84375 274.33123779296875 278.51251220703125 280.9375 284.82501220703125 285.70623779296875 283.631256103515625 280.65625 280.98748779296875 285.79376220703125 281.75 279.17498779296875 272.943756103515625 268.75 265.875 266.04998779296875 268.45001220703125 264.11248779296875 264.068756103515625 258.84375 260.67498779296875 265.70001220703125 265.32501220703125 265.46875 265.39373779296875 264.32501220703125 265.243743896484375 259.962493896484375 257.625 259.125 265.4375 262.181243896484375
237.1125030517578125 233.2312469482421875 235.743743896484375 239.193756103515625 245 251.149993896484375 252.850006103515625 253.21875 258.899993896484375 266.787506103515625 274.61248779296875 280.16876220703125 280.65625 282.837493896484375 282.66876220703125 283.868743896484375 281.79376220703125 276.58123779296875 272.931243896484375 274.524993896484375 277.600006103515625 274.71875 274.76251220703125 271.681243896484375 267.70623779296875 263.774993896484375 263.76873779296875 262.443756103515625 258.45623779296875 254.931243896484375 255.53125 263.368743896484375 265.506256103515625 266.850006103515625 268.60626220703125 264.087493896484375 264.181243896484375 263.243743896484375 258.6875 257.399993896484375 262.412506103515625 257.26251220703125 261.587493896484375
227.8000030517578125 230.8125 235.181243896484375 237.2062530517578125 245.899993896484375 256.649993896484375 262.975006103515625 272.5 280.375 288.756256103515625 294.149993896484375 294.67498779296875 295.493743896484375 289.70623779296875 285.649993896484375 283.45623779296875 277.46875 272.493743896484375 269.26251220703125 268.67498779296875 273.225006103515625 277.51251220703125 277.681243896484375 280.0625 272.83123779296875 267.462493896484375 271.006256103515625 265.868743896484375 256.89373779296875 259.556243896484375 257.35626220703125 260.100006103515625 261.1875 264.368743896484375 262.743743896484375 252.8625030517578125 255.375 258.287506103515625 255.193756103515625 255.2687530517578125 262.850006103515625 261.46875 262.48126220703125
217.25 216.693756103515625 227.4875030517578125 236.443756103515625 244.5187530517578125 257.35626220703125 270.9375 284.76251220703125 298.40625 309.975006103515625 312.287506103515625 307.975006103515625 302.431243896484375 293.85626220703125 288.368743896484375 283.29998779296875 272.162506103515625 268.381256103515625 265.28125 272.66876220703125 275.962493896484375 274.8125 278.162506103515625 283.48748779296875 276.42498779296875 271.73748779296875 270.66876220703125 261.54998779296875 256.318756103515625 259.01251220703125 258.875 257.23748779296875 257.54998779296875 254.125 252.431243896484375 255.506256103515625 258.53125 257.51873779296875 254.056243896484375 254.568756103515625 260.39373779296875 265.256256103515625 265.82501220703125
223.5749969482421875 220.556243896484375 219.3000030517578125 231.962493896484375 248.318756103515625 259.41876220703125 275.60626220703125 297.10626220703125 318.162506103515625 332.181243896484375 333.48748779296875 317.16876220703125 309.25 300.431243896484375 289.087493896484375 280.83123779296875 271.100006103515625 261.368743896484375 257.912506103515625 262.993743896484375 266.71875 271.212493896484375 276.912506103515625 281.068756103515625 274.993743896484375 272.399993896484375 266.89373779296875 264.149993896484375 258.568756103515625 255.3125 258.40625 259.67498779296875 256.9375 255.6125030517578125 257.89373779296875 254.5625 256.337493896484375 259.20001220703125 253.962493896484375 251.649993896484375 258.287506103515625 263.087493896484375 266.29376220703125
218.100006103515625 219.4375 220.0625 217.625 237.2062530517578125 260.01251220703125 274.537506103515625 293.875 319.774993896484375 336.53125 331.54376220703125 315.962493896484375 308.08123779296875 298.993743896484375 284.67498779296875 275.84375 264.59375 256.58123779296875 257.837493896484375 261.024993896484375 268.57501220703125 272.28125 276.399993896484375 274.0625 273.875 272.85626220703125 264.462493896484375 261.431243896484375 256.60626220703125 253.5625 259.26251220703125 260.8125 262.318756103515625 258.89373779296875 254.537506103515625 260.23126220703125 257.1875 250.337493896484375 251.5562591552734375 258.16876220703125 259.26873779296875 266.431243896484375 266.475006103515625
217.8187408447265625 216.9562530517578125 218.9499969482421875 221.162506103515625 225.5437469482421875 238.1999969482421875 253.3874969482421875 279.48126220703125 295.20001220703125 310.73126220703125 313.89373779296875 303.73126220703125 300.67498779296875 295.431243896484375 282.868743896484375 272.71875 264.774993896484375 258.66876220703125 254.8562469482421875 260.16876220703125 260.76251220703125 265.59375 268.068756103515625 270.3125 276.300018310546875 275.34375 265.806243896484375 259.087493896484375 253.8125 260.17498779296875 258.537506103515625 255.5500030517578125 254.7687530517578125 257.66876220703125 261.818756103515625 259.92498779296875 250.7375030517578125 248.287506103515625 248.1062469482421875 256.11248779296875 257.13751220703125 261.537506103515625 266.04998779296875
214.9812469482421875 210.21875 213.1687469482421875 221.6999969482421875 227.09375 243.5812530517578125 247.34375 251.693756103515625 255.6374969482421875 274.48126220703125 287.95001220703125 288.78125 290.006256103515625 286.100006103515625 281.09375 272.21875 260.5625 257.068756103515625 253.806243896484375 251.4375 265.91876220703125 266.71875 267.212493896484375 268.537506103515625 274.3125 270.274993896484375 262.66876220703125 255.9187469482421875 250.9375 250.65625 259.42498779296875 255.5500030517578125 256.181243896484375 256.51873779296875 253 249.625 245.7312469482421875 243.181243896484375 237.7687530517578125 238.6687469482421875 243.350006103515625 253.149993896484375 251.7937469482421875
210.1999969482421875 208.1687469482421875 208.7375030517578125 214.6125030517578125 222.006256103515625 231.962493896484375 244.4875030517578125 253.6999969482421875 248.125 248.28125 257.29998779296875 263.90625 274.40625 274.21875 272.818756103515625 265.056243896484375 264.98126220703125 265.90625 266.07501220703125 259.881256103515625 256.712493896484375 269.17498779296875 263.16876220703125 272.337493896484375 271.11248779296875 268.65625 261.368743896484375 257.8125 258.649993896484375 256.58123779296875 265.26251220703125 250.3562469482421875 240.6374969482421875 238.3125 242.0500030517578125 247.8937530517578125 248.4499969482421875 249.2624969482421875 243.6437530517578125 238.3125 236.2937469482421875 235.181243896484375 244.125
205.8874969482421875 205.1125030517578125 206.556243896484375 212.006256103515625 218.368743896484375 226.65625 237.03125 241.712493896484375 245.662506103515625 247.806243896484375 248.649993896484375 242.8874969482421875 255.8874969482421875 261.26873779296875 264.8125 264.943756103515625 263.274993896484375 273.631256103515625 275.868743896484375 276.03125 267.893768310546875 267.01873779296875 258.32501220703125 262.76251220703125 259.537506103515625 262.84375 257.681243896484375 252.0437469482421875 248.0749969482421875 252.46875 256.45001220703125 247.006256103515625 243.818756103515625 242.649993896484375 239.837493896484375 242.0812530517578125 246.28125 250.493743896484375 248.4562530517578125 251.381256103515625 252.9812469482421875 250.8000030517578125 240.412506103515625
204.3312530517578125 202.25 203.493743896484375 207.256256103515625 211.15625 221.693756103515625 226.118743896484375 230.600006103515625 237.462493896484375 242.4562530517578125 246.5500030517578125 242.4875030517578125 241.368743896484375 248.3625030517578125 253.28125 258.03125 260.556243896484375 265.46875 274.70623779296875 285.36248779296875 293.75 284.850006103515625 265.14373779296875 243.306243896484375 250.53125 267.087493896484375 264.743743896484375 254.1875 244.693756103515625 245.274993896484375 247.2312469482421875 242.337493896484375 242.256256103515625 242.6875 242.181243896484375 239.274993896484375 243.3937530517578125 244.537506103515625 252.6750030517578125 252.618743896484375 252.2375030517578125 245.4187469482421875 240.8312530517578125
198.71875 197.912506103515625 202.149993896484375 202.875 207.2937469482421875 213.3000030517578125 222.7624969482421875 228.818756103515625 234.0812530517578125 232.25 239.318756103515625 239.7312469482421875 229.875 236.9187469482421875 249.21875 253.21875 256.1875 263.89373779296875 276.54376220703125 298.48126220703125 309.78125 304.88751220703125 282.774993896484375 252.243743896484375 248.8625030517578125 252.337493896484375 246.25 242.4875030517578125 240.431243896484375 237.600006103515625 229.3874969482421875 230.806243896484375 232.9875030517578125 229.868743896484375 234.537506103515625 240.21875 248.0187530517578125 251.600006103515625 246.9499969482421875 253.899993896484375 254.6437530517578125 245.7624969482421875 224.1062469482421875
197.037506103515625 195.1125030517578125 197.568756103515625 198.40625 203.6687469482421875 207.1062469482421875 214.006256103515625 220.024993896484375 221.6374969482421875 223.53125 228.2624969482421875 232.625 232.1750030517578125 223.787506103515625 230.65625 240.037506103515625 245.962493896484375 257.63751220703125 261.875 281.07501220703125 298.48748779296875 296.42498779296875 283.225006103515625 259.03125 238.931243896484375 237.506256103515625 238.0124969482421875 236.8874969482421875 237.431243896484375 238.337493896484375 227.8562469482421875 220.193756103515625 227.068756103515625 221.662506103515625 225.318756103515625 234.524993896484375 249.2312469482421875 257.993743896484375 269.600006103515625 267.91876220703125 256.131256103515625 242.837493896484375 210.1687469482421875
193.2937469482421875 191.9375 192.9812469482421875 194.4375 195.912506103515625 200.568756103515625 204.568756103515625 211.6374969482421875 215.399993896484375 215.118743896484375 218.1875 218.625 221.7874908447265625 220.0749969482421875 212.243743896484375 225.6437530517578125 230.368743896484375 238.03125 246.068756103515625 261.868743896484375 276.39373779296875 276.881256103515625 269.45001220703125 258.01251220703125 245.6062469482421875 235.8000030517578125 229.131256103515625 224.412506103515625 223.756256103515625 222.9375 221.899993896484375 217.381256103515625 219.1687469482421875 222.2687530517578125 220.368743896484375 239.2375030517578125 261.32501220703125 278.75 291.1875 283.35626220703125 248.1374969482421875 223.8125 213.818756103515625
184.725006103515625 184.0875091552734375 187.46875 190.3874969482421875 191.40625 195.40625 200.625 204.8625030517578125 207.4812469482421875 208.756256103515625 209.4187469482421875 211.03125 213.0500030517578125 209.256256103515625 198.4562530517578125 208.2062530517578125 214.6062469482421875 226.5812530517578125 229.1437530517578125 241.1062469482421875 257.318756103515625 261.41876220703125 263.29998779296875 258.568756103515625 256.61248779296875 249.1062469482421875 242.368743896484375 234.993743896484375 235.125 225.1999969482421875 214.243743896484375 213.9250030517578125 224.600006103515625 219.306243896484375 210.725006103515625 218.2312469482421875 253.6312408447265625 289.39373779296875 296.556243896484375 281.193756103515625 262.70001220703125 250.0500030517578125 248.1062469482421875
178.5625 176.5 180.0625 181.2375030517578125 186.0437469482421875 190.7624969482421875 194.21875 196.5812530517578125 201.850006103515625 207.0625 207.318756103515625 207.6374969482421875 209.4187469482421875 206.193756103515625 198.100006103515625 185.4187469482421875 195.9375 211.5749969482421875 214.618743896484375 224.9250030517578125 238.431243896484375 247.256256103515625 256.75 261.118743896484375 260.79376220703125 254.881256103515625 244.350006103515625 239.681243896484375 235.537506103515625 235.1062469482421875 227.443756103515625 218.243743896484375 209.693756103515625 201.3625030517578125 194.806243896484375 228.8937530517578125 246.475006103515625 271.42498779296875 288.993743896484375 294.193756103515625 291.90625 281.01873779296875 261.006256103515625
170.8562469482421875 170.618743896484375 172.100006103515625 176.6687469482421875 181.087493896484375 186.524993896484375 189.7624969482421875 193.3625030517578125 193.993743896484375 196.881256103515625 201.225006103515625 203.6437530517578125 201.912506103515625 199.1374969482421875 198.7375030517578125 188.1062469482421875 173.90625 186.5437469482421875 198.243743896484375 206.2312469482421875 216.5437469482421875 231.6875 243.524993896484375 257.787506103515625 258.475006103515625 245.368743896484375 236.193756103515625 231.03125 235.4812469482421875 236.9250030517578125 235.181243896484375 231.462493896484375 223.0124969482421875 223.0500030517578125 238.3874969482421875 252.431243896484375 274.868743896484375 294.306243896484375 310.181243896484375 297.818756103515625 295.149993896484375 276.28125 248.5749969482421875
161.0749969482421875 162.056243896484375 167.0749969482421875 172.0187530517578125 177.318756103515625 184.9499969482421875 187.381256103515625 190.1750030517578125 190.774993896484375 189.875 191.0625 196.3625030517578125 193.2937469482421875 191.75 194.1125030517578125 188.4187469482421875 175.131256103515625 163.068756103515625 185.1187591552734375 186.59375 196.399993896484375 211.118743896484375 231.1125030517578125 243.212493896484375 250.118743896484375 238.2062530517578125 225.381256103515625 230.40625 233.4375 229.587493896484375 217.131256103515625 207.0749969482421875 236.524993896484375 245.2375030517578125 252.6062469482421875 294.774993896484375 312.26873779296875 305.46875 306.96875 298.993743896484375 271.3125 247.975006103515625 226.3937530517578125
152.34375 155.7312469482421875 161.193756103515625 167.46875 174.118743896484375 179.087493896484375 182.7624969482421875 185.1125030517578125 187.537506103515625 188.8937530517578125 188.318756103515625 183.899993896484375 182.3249969482421875 183.193756103515625 181.9812469482421875 179.3562469482421875 178.2312469482421875 162.6750030517578125 159.056243896484375 163.6125030517578125 180.274993896484375 201.6125030517578125 200.725006103515625 219.0124969482421875 226.53125 234.5625 231.431243896484375 224.6062469482421875 232.368743896484375 227.7312469482421875 218.693756103515625 219.431243896484375 235.774993896484375 241.443756103515625 258.51251220703125 288.75 294.381256103515625 285.625 285.243743896484375 269.34375 245.96875 218.806243896484375 206.8249969482421875
