data/historical-monthly-weather-data/wc2.1_cruts4.09_10m_prec_2008-10.asc
ncols        45
nrows        45
xllcorner    -63.500000000000
yllcorner    -7.500000000000
cellsize     0.166666666667
NODATA_value -9999
[rows 19 to 37 of 45, columns 0 to 43 of 45]
133.2687530517578125 134.5437469482421875 137.600006103515625 140.868743896484375 144.1687469482421875 148.5124969482421875 152.15625 154.506256103515625 155.337493896484375 154.587493896484375 151.524993896484375 146.53125 141.28125 136.350006103515625 134.368743896484375 133.4875030517578125 130.8937530517578125 131.3625030517578125 132.96875 136.0500030517578125 139.4499969482421875 146.40625 156.774993896484375 162.493743896484375 163.625 159.287506103515625 149.524993896484375 137.6437530517578125 121.96875 106.7062530517578125 96.125 95.2062530517578125 95.2687530517578125 94.9875030517578125 93.2375030517578125 87.99375152587890625 84.875 83.75624847412109375 82.2312469482421875 79.33750152587890625 75.58750152587890625 72.0812530517578125 66.3312530517578125 61.25624847412109375
124.29999542236328125 127.40625 132.431243896484375 137.337493896484375 141.962493896484375 146.9499969482421875 151.8312530517578125 155.149993896484375 156.4812469482421875 155.131256103515625 151.84375 146.006256103515625 140.0749969482421875 133.787506103515625 131.3562469482421875 129.5187530517578125 127.3312530517578125 127.47499847412109375 130.9187469482421875 133.943756103515625 139.4250030517578125 146.7062530517578125 153.8625030517578125 157.25 158.6875 156.3000030517578125 147.943756103515625 135.28125 123.09999847412109375 113.75624847412109375 106.8625030517578125 104.2312469482421875 103.3000030517578125 103.74375152587890625 104.38124847412109375 97.96875 91.125 86.96250152587890625 83.4499969482421875 79.96875 76.21875 72.77500152587890625 68.0625 63.856250762939453125
115.93125152587890625 120.8625030517578125 127.2062530517578125 133.3625030517578125 139.475006103515625 145.712493896484375 151.412506103515625 156.037506103515625 158.6062469482421875 157 152.6999969482421875 146.287506103515625 140.0500030517578125 134.850006103515625 131.8125 130.03125 128.9812469482421875 129.71875 132.381256103515625 135.806243896484375 139.2937469482421875 145.162506103515625 151.9250030517578125 153.8000030517578125 153.443756103515625 151.1875 145.3937530517578125 136.2624969482421875 127.75624847412109375 120.9812469482421875 115.4375 112.1875 110.28749847412109375 109.75624847412109375 107.8312530517578125 102.3937530517578125 95.2937469482421875 89.28749847412109375 84.7062530517578125 80.9499969482421875 77.05625152587890625 73.6750030517578125 69.91249847412109375 66.03125
109.68125152587890625 116.3937530517578125 123.80625152587890625 130.7624969482421875 136.943756103515625 143.7624969482421875 150.475006103515625 156.8625030517578125 161.662506103515625 158.975006103515625 153.7687530517578125 146.4875030517578125 140.9499969482421875 136.9312591552734375 133.8000030517578125 131.7375030517578125 130.71875 132.475006103515625 134.96875 137.806243896484375 141.568756103515625 145.65625 150.25 151.256256103515625 150.1062469482421875 146.337493896484375 142.243743896484375 137.28125 130.5749969482421875 125.8125 122.30625152587890625 119.68125152587890625 116.4812469482421875 114.3937530517578125 111.0749969482421875 105.1687469482421875 98.09999847412109375 91 86.03125 83.05625152587890625 79.5625 76.27500152587890625 72.63124847412109375 68.75624847412109375
105.58750152587890625 113.6437530517578125 122.18125152587890625 128.337493896484375 134.0875091552734375 140.9812469482421875 147.556243896484375 154.524993896484375 159.0812530517578125 157.34375 152.1999969482421875 146.5500030517578125 142.006256103515625 138.693756103515625 136.5124969482421875 134.818756103515625 134.381256103515625 136.2312469482421875 138.59375 141.1125030517578125 144.662506103515625 148.743743896484375 151.4499969482421875 150.90625 148.3249969482421875 143.037506103515625 137.6875 135.2062530517578125 132.2937469482421875 129.662506103515625 127.2312469482421875 124.88124847412109375 121.43125152587890625 118.0437469482421875 114.1875 108.8125 101.96875 94.5749969482421875 89.83750152587890625 86.2624969482421875 82.6750030517578125 79.4499969482421875 75.66249847412109375 71.59999847412109375
105 112.7687530517578125 121.33750152587890625 126.13124847412109375 131.1062469482421875 137.5187530517578125 143.600006103515625 149.256256103515625 152.9499969482421875 153.21875 150.96875 147.037506103515625 143.899993896484375 141.493743896484375 139.7312469482421875 138.881256103515625 138.625 140.712493896484375 143.1125030517578125 145.7624969482421875 148.7312469482421875 151.15625 153.881256103515625 152.087493896484375 149.0500030517578125 145.53125 140.4250030517578125 137.3625030517578125 134.756256103515625 132.756256103515625 130.6437530517578125 127.7624969482421875 124.78749847412109375 120.8874969482421875 116.9562530517578125 111.28125 105.5500030517578125 99.7375030517578125 94.7312469482421875 91.0437469482421875 87.1875 83.625 79.59375 75.97499847412109375
105.1125030517578125 111.4875030517578125 117.3125 122.53749847412109375 126.9562530517578125 132.8625030517578125 138.556243896484375 143.71875 147.712493896484375 149.787506103515625 148.46875 146.931243896484375 145.087493896484375 143.71875 143.2062530517578125 142.837493896484375 143.2937469482421875 145.306243896484375 148.03125 150.6687469482421875 153.3312530517578125 155.1750030517578125 157.149993896484375 155.0749969482421875 152.2062530517578125 149.193756103515625 144.8874969482421875 140.8312530517578125 137.556243896484375 135.7312469482421875 132.6999969482421875 130.6687469482421875 127.77500152587890625 123.53749847412109375 119.8249969482421875 114.4375 109.1374969482421875 104.3249969482421875 99.86875152587890625 96.06874847412109375 92.24375152587890625 88.6875 84.41249847412109375 80.8937530517578125
103.24375152587890625 105.99375152587890625 110.91249847412109375 115.75624847412109375 120.24375152587890625 126.63750457763671875 132.506256103515625 137.9250030517578125 141.931243896484375 144.381256103515625 146.1374969482421875 146.5812530517578125 146.5812530517578125 146.7125091552734375 146.600006103515625 147.125 147.3937530517578125 150.087493896484375 152.693756103515625 155.21875 157.8874969482421875 159.5749969482421875 161.056243896484375 159.975006103515625 156.4812469482421875 153.337493896484375 148.6062469482421875 144.0812530517578125 140.5187530517578125 138.1062469482421875 135.8874969482421875 132.787506103515625 129.931243896484375 125.9562530517578125 121.63124847412109375 116.84375 112.0812530517578125 107.66875457763671875 104.0625 101.1437530517578125 97.72499847412109375 94.75 91.0124969482421875 87.5
100.05625152587890625 100.3249969482421875 104.49375152587890625 109.24375152587890625 113.77500152587890625 120.25624847412109375 126.8312530517578125 132.350006103515625 136.756256103515625 140.600006103515625 143.375 145.5500030517578125 147.818756103515625 148.993743896484375 149.9187469482421875 150.9562530517578125 152.243743896484375 154.368743896484375 157.4250030517578125 160.631256103515625 162.71875 164.3249969482421875 166.431243896484375 164.225006103515625 160.59375 157.4562530517578125 152.84375 148.1062469482421875 143.193756103515625 140.350006103515625 137.4250030517578125 134.6062469482421875 131.506256103515625 127.3625030517578125 123.7312469482421875 118.84375 114.05625152587890625 110.6875 107.5749969482421875 105.6875 104.02500152587890625 101.21250152587890625 96.97499847412109375 94.3874969482421875
96.7375030517578125 95.1875 98.56874847412109375 103.34375 107.9875030517578125 114.18125152587890625 120.52500152587890625 126.6750030517578125 131.931243896484375 137.1062469482421875 141.5500030517578125 145.256256103515625 148.7312469482421875 151.256256103515625 153.243743896484375 154.787506103515625 156.8625030517578125 159.28125 162.162506103515625 165.4562530517578125 167.2624969482421875 169.162506103515625 171.0500030517578125 168.306243896484375 164.381256103515625 161.3312530517578125 156.3937530517578125 151.1125030517578125 146.65625 142.9812469482421875 139.118743896484375 135.993743896484375 132.6437530517578125 128.506256103515625 124.78749847412109375 120.36875152587890625 115.8249969482421875 112.1687469482421875 109.22499847412109375 107.7312469482421875 107.13124847412109375 104.6999969482421875 101.0812530517578125 100.1999969482421875
95.43125152587890625 92.96250152587890625 95.66249847412109375 99.2687530517578125 103.56874847412109375 109.15000152587890625 115.6125030517578125 122.25 128.6062469482421875 134.1875 140.131256103515625 144.7062530517578125 149.8249969482421875 153.806243896484375 156.2687530517578125 158.875 160.6999969482421875 163.96875 166.600006103515625 168.818756103515625 171.225006103515625 173.4187469482421875 174.837493896484375 171.256256103515625 167.6125030517578125 165.037506103515625 159.681243896484375 153.8687591552734375 148.4375 144.4375 140.8625030517578125 137.375 133.53125 129.6125030517578125 125.46250152587890625 120.8249969482421875 116.02500152587890625 112.4499969482421875 108.2687530517578125 105.71875 104.6125030517578125 104.59999847412109375 103.0500030517578125 103.86875152587890625
94.09999847412109375 90.7375030517578125 93.0437469482421875 95.5812530517578125 99.38124847412109375 105.52500152587890625 111.86875152587890625 118.56874847412109375 125.2062530517578125 131.506256103515625 138.6687469482421875 144.8625030517578125 151.649993896484375 156.962493896484375 159.5500030517578125 162.6687469482421875 165.618743896484375 168.256256103515625 170.681243896484375 173.0687408447265625 174.962493896484375 177.306243896484375 178.7937469482421875 174.8312530517578125 171 167.625 162.0500030517578125 155.962493896484375 150.068756103515625 145.725006103515625 142.306243896484375 138.631256103515625 134.46875 130.475006103515625 126.1687469482421875 120.71250152587890625 115.8874969482421875 112.06874847412109375 107.0437469482421875 101.53749847412109375 100.43125152587890625 102.66249847412109375 103.94374847412109375 104.99375152587890625
92.4812469482421875 88.6125030517578125 90.0437469482421875 92.6750030517578125 96.6687469482421875 101.93125152587890625 108.1125030517578125 114.8312530517578125 121.93125152587890625 129.131256103515625 136.8874969482421875 144.65625 152.1875 159.15625 163.3249969482421875 166.899993896484375 169.493743896484375 171.337493896484375 174.556243896484375 176.84375 178.59375 180.712493896484375 182.225006103515625 177.7687530517578125 173.8249969482421875 169.8562469482421875 163.943756103515625 157.7312469482421875 151.493743896484375 147.306243896484375 143.6062469482421875 139.368743896484375 135.0625 131.1750030517578125 126.1750030517578125 120.6875 115.69374847412109375 111.44374847412109375 105.5625 100.6999969482421875 99.94374847412109375 102.8249969482421875 104.65000152587890625 106.63124847412109375
94.625 90.6687469482421875 91.25 93.1750030517578125 95.65625 100.33750152587890625 105.6687469482421875 111.5187530517578125 118.56874847412109375 126.3562469482421875 136.5437469482421875 144.7937469482421875 154.100006103515625 163.056243896484375 167.5 170.7624969482421875 172.850006103515625 174.8249969482421875 177.3312530517578125 179.4562530517578125 180.8249969482421875 182.5625 183.399993896484375 179.5 175.306243896484375 171.212493896484375 165.287506103515625 158.7687530517578125 152.681243896484375 149.0187530517578125 145.149993896484375 140.943756103515625 135.21875 131.0187530517578125 126.75624847412109375 121.9499969482421875 116.4187469482421875 111.0625 106.1687469482421875 103.7062530517578125 103.05625152587890625 105.02500152587890625 106.9187469482421875 108.6125030517578125
96.6437530517578125 93.1999969482421875 93.2062530517578125 94.0437469482421875 94.8625030517578125 98.90625 103.4375 108.59999847412109375 115.0437469482421875 123.28125 133.181243896484375 144.4875030517578125 156.681243896484375 165.7312469482421875 171.100006103515625 174.2375030517578125 176.443756103515625 178.46875 179.7312469482421875 182.0437469482421875 182.90625 183.9562530517578125 184.4499969482421875 179.818756103515625 176.15625 172.125 165.787506103515625 159.350006103515625 153.7062530517578125 149.962493896484375 146.537506103515625 142.65625 137.162506103515625 131.6125030517578125 127.4562530517578125 122.33750152587890625 116.40000152587890625 110.90000152587890625 107.56874847412109375 106.1062469482421875 104.9250030517578125 106.52500152587890625 108.8312530517578125 110.6750030517578125
99.0500030517578125 96.2375030517578125 95.06874847412109375 94.93125152587890625 94.69374847412109375 97.9187469482421875 101.53749847412109375 106.05625152587890625 111.56874847412109375 119.65625 130.4812469482421875 143.681243896484375 158.212493896484375 169.993743896484375 174.1687469482421875 177.34375 179.8000030517578125 181.368743896484375 182.5187530517578125 183.6374969482421875 184.399993896484375 184.6187591552734375 184.625 179.712493896484375 176.0187530517578125 172.118743896484375 166.3312530517578125 160.6125030517578125 155.100006103515625 151.087493896484375 147.4187469482421875 143.9250030517578125 138.2062530517578125 132.8874969482421875 127.6750030517578125 121.8000030517578125 115.75624847412109375 111.31874847412109375 108.8000030517578125 107.34999847412109375 106.40625 107.25 109.3312530517578125 110.90000152587890625
103.8125 101.00624847412109375 99.90625 98.8125 98.1374969482421875 100.4875030517578125 102.6750030517578125 105.5625 110.06874847412109375 116.77500152587890625 127.90000152587890625 142.21875 158.381256103515625 170.8937530517578125 176.1750030517578125 179.4875030517578125 181.8249969482421875 183.3625030517578125 184.21875 184.5625 184.9187469482421875 184.899993896484375 183.2937469482421875 178.8625030517578125 175.149993896484375 171.1125030517578125 165.8000030517578125 160.8625030517578125 155.96875 152.3625030517578125 148.524993896484375 144.8562469482421875 139.131256103515625 134.256256103515625 128.4250030517578125 122.44374847412109375 118.28749847412109375 113.78125 111.5 109.9250030517578125 109.1750030517578125 109.81874847412109375 110.15625 111.53125
108.97499847412109375 106.2624969482421875 104.86875152587890625 103.5812530517578125 102.50624847412109375 103.53125 104.40000152587890625 105.7375030517578125 108.7937469482421875 112.99375152587890625 124.7375030517578125 142.600006103515625 157.8937530517578125 169.6125030517578125 176.337493896484375 180.8125 183.2624969482421875 184.65625 184.712493896484375 184.287506103515625 183.8625030517578125 182.9375 181.524993896484375 176.962493896484375 173.1125030517578125 169.6125030517578125 164.90625 160.8874969482421875 157.1750030517578125 153.475006103515625 149.8874969482421875 145.506256103515625 140.712493896484375 135.78125 129.28125 124.78125 120.7937469482421875 117.21250152587890625 114.8625030517578125 112.8562469482421875 111.6750030517578125 110.9875030517578125 111.25 112.36875152587890625
114.33750152587890625 111.78125 110.0749969482421875 108.6374969482421875 107.40625 107.4375 107.94374847412109375 108.3937530517578125 111.0812530517578125 113.49375152587890625 128.6875 146.6062469482421875 159.5500030517578125 170.600006103515625 177.1750030517578125 181.9187469482421875 184.4250030517578125 185.287506103515625 185.1437530517578125 183.806243896484375 182.287506103515625 179.8874969482421875 177.868743896484375 173.46875 170.6125030517578125 167.7375030517578125 163.600006103515625 160.5437469482421875 157.6875 154.4499969482421875 150.21875 146.4499969482421875 142.03125 136.837493896484375 131.2624969482421875 126.6750030517578125 123.68125152587890625 120.16249847412109375 118.4250030517578125 116.6437530517578125 114.08750152587890625 113.3937530517578125 112.40000152587890625 112.34999847412109375
