data/historical-monthly-weather-data/wc2.1_cruts4.09_10m_prec_1962-02.asc
ncols        51
nrows        45
xllcorner    -63.500000000000
yllcorner    -7.500000000000
cellsize     0.166666666667
NODATA_value -9999
[rows 0 to 19 of 45, columns 0 to 44 of 51]
90.2375030517578125 84 84.7937469482421875 88.24375152587890625 90.90625 98.5187530517578125 105.6687469482421875 110.8874969482421875 115.63124847412109375 122.34999847412109375 131.912506103515625 138.993743896484375 145.1687469482421875 146.15625 146.743743896484375 147.2624969482421875 148.53125 145.6062469482421875 146.5187530517578125 148.2937469482421875 151.8562469482421875 155.8125 161.1437530517578125 163.274993896484375 165.7062530517578125 168.2312469482421875 167.962493896484375 167.037506103515625 166.943756103515625 169.931243896484375 174.412506103515625 179.3874969482421875 183.4187469482421875 187.993743896484375 193.431243896484375 198.9000091552734375 202.6374969482421875 205.78125 209.006256103515625 210.381256103515625 212.8562469482421875 214.431243896484375 214.225006103515625 216.9812469482421875 217.306243896484375
92.1062469482421875 84.1437530517578125 84.53125 85.86875152587890625 88.28749847412109375 96.99375152587890625 105.09999847412109375 113.7687530517578125 122.8874969482421875 131.7624969482421875 141.024993896484375 146.8125 151.618743896484375 154.2624969482421875 154.65625 154.4812469482421875 154.875 152.6687469482421875 152.3874969482421875 152.806243896484375 155.65625 160.056243896484375 165.2375030517578125 167.962493896484375 170.3249969482421875 173.743743896484375 173.78125 174.1437530517578125 174.506256103515625 177.256256103515625 180.0812530517578125 185.350006103515625 190.243743896484375 196.3000030517578125 201.649993896484375 206.631256103515625 210.2624969482421875 212.6687469482421875 215.3000030517578125 216.306243896484375 218.037506103515625 218.7624969482421875 217.662506103515625 219.03125 218.693756103515625
98.9187469482421875 91.13124847412109375 90.96250152587890625 92.15000152587890625 94.6687469482421875 102.68125152587890625 111.9499969482421875 122.46875 133.96875 143.725006103515625 151.84375 156.568756103515625 160.037506103515625 161.6062469482421875 160.975006103515625 160.0749969482421875 159.412506103515625 158.5625 158.587493896484375 159.6999969482421875 163.1062469482421875 169.0625 173.881256103515625 176.3312530517578125 179.9812469482421875 182.131256103515625 182.3000030517578125 183.1187591552734375 182.6687469482421875 184.681243896484375 188.53125 193.1875 198.5187530517578125 203.1437530517578125 209.100006103515625 212.506256103515625 216.181243896484375 219.568756103515625 220.9250030517578125 221.6374969482421875 222.5437469482421875 222 220.3312530517578125 218.9812469482421875 219.1687469482421875
105.78125 98.6750030517578125 99.06874847412109375 100.34999847412109375 104.03749847412109375 110.8874969482421875 120.19374847412109375 131.5500030517578125 144.912506103515625 156.1374969482421875 163.0187530517578125 165.3625030517578125 165.962493896484375 165.931243896484375 165.149993896484375 163.931243896484375 163.118743896484375 161.8874969482421875 163.5187530517578125 167.75 172.7624969482421875 178.46875 182.881256103515625 185.337493896484375 188 189.962493896484375 191.037506103515625 191.443756103515625 190.8937530517578125 193.5749969482421875 196.6750030517578125 202.5 206.462493896484375 211.056243896484375 215.4187469482421875 219.46875 222.850006103515625 225.4812469482421875 227.475006103515625 228.100006103515625 227.0437469482421875 225.431243896484375 222.90625 219.9000091552734375 219.462493896484375
115.50624847412109375 107.52500152587890625 106.5437469482421875 108.38124847412109375 112.45624542236328125 119.3249969482421875 127.6125030517578125 139.6999969482421875 155.899993896484375 169.59375 172.2687530517578125 170.8874969482421875 170.9187469482421875 170.4875030517578125 168.618743896484375 167.3000030517578125 166.7312469482421875 165.6437530517578125 169.40625 175.625 181.962493896484375 186.8625030517578125 191.9499969482421875 194.524993896484375 196.34375 198.368743896484375 197.75 197.5749969482421875 199.412506103515625 202.625 206.274993896484375 210.4499969482421875 215.1125030517578125 219.3625030517578125 222.931243896484375 226.6125030517578125 230.40625 233.181243896484375 234.84375 233.9250030517578125 232.7062530517578125 228.9562530517578125 224.4375 220.462493896484375 218.068756103515625
124.46250152587890625 117.91249847412109375 116.5437469482421875 117.66249847412109375 121.6875 129.899993896484375 139.7125091552734375 152.34375 169.6062469482421875 185.4375 184.9375 181.96875 181.4250030517578125 181.056243896484375 179.5437469482421875 179.2062530517578125 177.881256103515625 177.537506103515625 182.5 189.493743896484375 194.681243896484375 199.587493896484375 204.4562530517578125 206.287506103515625 207.3937530517578125 209.975006103515625 209.75 208.9875030517578125 209.71875 212.318756103515625 215.524993896484375 219.149993896484375 222.125 227.6125030517578125 231.5 234.493743896484375 237.96875 240.3312530517578125 242.3937530517578125 240.9375 237.1437530517578125 232.181243896484375 226.8937530517578125 221.899993896484375 216.943756103515625
134.28125 128.587493896484375 127.8874969482421875 128.28125 131.9499969482421875 139.8125 149.712493896484375 160.556243896484375 174.306243896484375 184.3874969482421875 188.912506103515625 189.787506103515625 190.375 190.9875030517578125 191.225006103515625 191.787506103515625 192.8937530517578125 195.7687530517578125 200.743743896484375 205.2312469482421875 207.8000030517578125 212.0500030517578125 215.2062530517578125 216.712493896484375 220.1687469482421875 222.2062530517578125 221.943756103515625 221.725006103515625 220.431243896484375 221.625 225.1374969482421875 228.1125030517578125 231.3625030517578125 233.78125 237.0437469482421875 241.0749969482421875 243.693756103515625 246.225006103515625 249.2624969482421875 247.03125 240.5749969482421875 235.068756103515625 229.5437469482421875 223.71875 217.5437469482421875
144.125 138.493743896484375 137.9812469482421875 139.850006103515625 143.5 150.181243896484375 157.7312469482421875 165.131256103515625 172.9375 181.068756103515625 189.818756103515625 195.681243896484375 199.100006103515625 200.3125 201.8249969482421875 204.149993896484375 206.912506103515625 212.818756103515625 219.506256103515625 220.600006103515625 220.399993896484375 223.0187530517578125 225.5124969482421875 227.8874969482421875 231.806243896484375 234.225006103515625 233.850006103515625 232.662506103515625 232.006256103515625 232.381256103515625 233.568756103515625 236.5625 239.100006103515625 241.587493896484375 243.787506103515625 246.181243896484375 248.2624969482421875 249.78125 251.162506103515625 248.9875030517578125 243.537506103515625 238.587493896484375 233.1062469482421875 226.28125 221.256256103515625
153.9562530517578125 149.0500030517578125 148.6750030517578125 150.712493896484375 153.774993896484375 158.8562469482421875 165.368743896484375 170.71875 175.1999969482421875 182.524993896484375 193.6374969482421875 203.0187530517578125 208.8562469482421875 211.975006103515625 213.9812469482421875 217.5500030517578125 220.8249969482421875 226.2312469482421875 233.2062530517578125 233.3312530517578125 231.350006103515625 233.381256103515625 236.1999969482421875 240.9562530517578125 244.9375 247.1687469482421875 245.5 243.743743896484375 243.2062530517578125 243.0187530517578125 244.368743896484375 247.100006103515625 249.0749969482421875 250.7062530517578125 252.3937530517578125 254.7687530517578125 256.33123779296875 257.1875 258.418731689453125 256.20623779296875 250.837493896484375 246.40625 241.943756103515625 236.1437530517578125 232.725006103515625
163.912506103515625 159.8000030517578125 159.9250030517578125 161.4499969482421875 163.8562469482421875 168.287506103515625 174.6750030517578125 179.8937530517578125 186.5812530517578125 194.6062469482421875 205.381256103515625 213.375 220.8000030517578125 224.21875 227.1374969482421875 229.5812530517578125 232.087493896484375 236.181243896484375 239.09375 240.15625 239.78125 242.7937469482421875 247.3625030517578125 254.4875030517578125 258.631256103515625 260.225006103515625 258.53125 255.2312469482421875 254.8937530517578125 254.625 254.4875030517578125 256.337493896484375 258.36248779296875 260.90625 262.96875 264.4375 265.38751220703125 264.73126220703125 265.10626220703125 263.54998779296875 259.625 256.212493896484375 251.537506103515625 245.2624969482421875 243.9187469482421875
173.399993896484375 169.9499969482421875 170.243743896484375 171.6437530517578125 173.5500030517578125 177.9812469482421875 184.1062469482421875 190.774993896484375 199.0437469482421875 208.3937530517578125 219.6437530517578125 228.024993896484375 234.1999969482421875 237.40625 239.806243896484375 241.4562530517578125 242.2687530517578125 243.662506103515625 244.4562530517578125 245.59375 245.3937530517578125 249.3312530517578125 257.26873779296875 263.66876220703125 271.67498779296875 272.899993896484375 269.681243896484375 266.95001220703125 264.92498779296875 263.76873779296875 264.131256103515625 265.443756103515625 266.943756103515625 269.48748779296875 272.79376220703125 274.368743896484375 273.51873779296875 273.225006103515625 272.86248779296875 270.29376220703125 266.60626220703125 263.256256103515625 259.29998779296875 253.850006103515625 252.725006103515625
182.556243896484375 179.243743896484375 179.2062530517578125 180.8874969482421875 183.3000030517578125 188.03125 194.4875030517578125 202.8874969482421875 211.868743896484375 222.0749969482421875 234.2062530517578125 243.693756103515625 248.368743896484375 250.368743896484375 252.5187530517578125 252.71875 252.6999969482421875 251.743743896484375 250.1125030517578125 249.1374969482421875 248.3625030517578125 253.8562469482421875 265.818756103515625 276.64373779296875 284.118743896484375 283.23748779296875 278.70001220703125 275.29998779296875 273.337493896484375 273.09375 273.274993896484375 273.568756103515625 275.375 277.71875 280.98126220703125 283.23126220703125 284.58123779296875 284.975006103515625 284.412506103515625 281.84375 278.36248779296875 274.1875 267.71875 259.806243896484375 256.975006103515625
189.6687469482421875 187.131256103515625 187.837493896484375 189.600006103515625 193.006256103515625 198.6125030517578125 206.1687469482421875 214.712493896484375 224.056243896484375 235.8249969482421875 248.1437530517578125 257.98748779296875 262.40625 262.381256103515625 263.587493896484375 262.70623779296875 261.90625 260.61248779296875 258.875 256.131256103515625 252.40625 259.26873779296875 273.48126220703125 283.82501220703125 288.368743896484375 287.712493896484375 285.443756103515625 282.70623779296875 280.5625 280.537506103515625 280.881256103515625 281.10626220703125 281.6875 284.54376220703125 288.32501220703125 290.73748779296875 292.73748779296875 295.5625 295.67498779296875 293.300018310546875 290.806243896484375 284.86248779296875 274.149993896484375 263.243743896484375 257.712493896484375
195.787506103515625 193.8312530517578125 195.125 197.587493896484375 201.881256103515625 208.1437530517578125 217.03125 226.350006103515625 236.537506103515625 247.943756103515625 259.475006103515625 267.73748779296875 272.0625 273.76251220703125 273.1875 272.84375 271.01873779296875 270.318756103515625 268.475006103515625 267.45001220703125 267.412506103515625 273.28125 283.60626220703125 289.274993896484375 291.98748779296875 291.787506103515625 290.787506103515625 288.51873779296875 287.20623779296875 286.037506103515625 286.33123779296875 286.01251220703125 286.350006103515625 289.4375 293.068756103515625 296.76251220703125 301.350006103515625 305.91876220703125 307.76251220703125 305.556243896484375 300.368743896484375 289.412506103515625 278.59375 268.556243896484375 263.25
200.90625 198.8937530517578125 201.024993896484375 205.1125030517578125 209.431243896484375 217.1374969482421875 227.3937530517578125 237.193756103515625 248.1750030517578125 259.625 270.0625 278.587493896484375 283.412506103515625 285.681243896484375 285.712493896484375 284.67498779296875 283.60626220703125 282.76251220703125 282.037506103515625 282.96875 284.34375 288.212493896484375 295.350006103515625 298.149993896484375 298.63751220703125 299.14373779296875 298.243743896484375 295.587493896484375 293.82501220703125 292.725006103515625 290.84375 288.649993896484375 288.78125 290.28125 293.818756103515625 297.70001220703125 305.193756103515625 313.318756103515625 317.32501220703125 315.524993896484375 306.899993896484375 296.818756103515625 286.506256103515625 275.08123779296875 268.48126220703125
204.7375030517578125 202.875 205.9375 210.875 216.6750030517578125 225.4250030517578125 236.4562530517578125 246.618743896484375 258.506256103515625 271.23126220703125 282.26873779296875 291.38751220703125 297.131256103515625 299.306243896484375 299.181243896484375 296.16876220703125 296.61248779296875 297.537506103515625 298.29376220703125 300.243743896484375 300.600006103515625 302.92498779296875 307.41876220703125 309.100006103515625 307.08123779296875 305.287506103515625 303.34375 301.756256103515625 300.9375 299.48748779296875 297.23748779296875 292.431243896484375 288.399993896484375 287.368743896484375 288.381256103515625 294.04998779296875 304.443756103515625 317.01251220703125 326.11248779296875 326.13751220703125 317.681243896484375 305.037506103515625 292.16876220703125 279.32501220703125 270.9375
206.59375 206.0187530517578125 209.8000030517578125 215.7062530517578125 222.837493896484375 232.662506103515625 244.5 256.125 268.83123779296875 282.5625 295.57501220703125 306.23126220703125 313.568756103515625 316.818756103515625 316.07501220703125 312.618743896484375 310.693756103515625 310.98126220703125 312.256256103515625 315.32501220703125 316.318756103515625 317.662506103515625 319.475006103515625 319.26873779296875 316.662506103515625 311.212493896484375 307.35626220703125 306.96875 307.693756103515625 307.524993896484375 304.03125 297.037506103515625 289.01251220703125 281.375 280.45623779296875 286.475006103515625 298.67498779296875 318.25 336.64373779296875 333.88751220703125 322.39373779296875 308.51873779296875 293.26251220703125 279.399993896484375 271.86248779296875
206.462493896484375 206.875 212.556243896484375 220.125 228.3000030517578125 239.3000030517578125 252.3562469482421875 265.29998779296875 278.837493896484375 293.13751220703125 308.08123779296875 322.256256103515625 333.475006103515625 338.11248779296875 337.837493896484375 334.350006103515625 328.225006103515625 323.70001220703125 326.98126220703125 330.037506103515625 332.48126220703125 331.82501220703125 329.54998779296875 325.9375 321.92498779296875 316.431243896484375 311.431243896484375 312.493743896484375 314.912506103515625 315.51251220703125 310.4375 296.337493896484375 284.631256103515625 273.95623779296875 268.76251220703125 271.162506103515625 288.131256103515625 308.39373779296875 324.975006103515625 325.54376220703125 315.15625 302.82501220703125 290.212493896484375 278.868743896484375 272.09375
205.3937530517578125 207.0124969482421875 213.8562469482421875 221.993743896484375 231.681243896484375 244.9562530517578125 258.61248779296875 273.54998779296875 288.79376220703125 303.61248779296875 320.518768310546875 336.818756103515625 352.14373779296875 362.78125 360.90625 353.024993896484375 344.46875 336.662506103515625 337.10626220703125 341.5 344.618743896484375 343.46875 334.83123779296875 329.693756103515625 325.287506103515625 321.412506103515625 318.837493896484375 319.818756103515625 323.287506103515625 325.23748779296875 320.274993896484375 302.32501220703125 284.181243896484375 265.8125 254.493743896484375 258.08123779296875 275.23748779296875 293.975006103515625 307.875 309.818756103515625 303.881256103515625 293.837493896484375 285.068756103515625 277.10626220703125 271.29998779296875
204.6062469482421875 206.243743896484375 214.0437469482421875 223.337493896484375 234.9187469482421875 249.8062591552734375 265.600006103515625 280.86248779296875 296.725006103515625 312.506256103515625 329.399993896484375 347.85626220703125 368.35626220703125 386.837493896484375 381.493743896484375 365.48748779296875 352.068756103515625 345.850006103515625 345.73126220703125 349.618743896484375 347.17498779296875 341.95623779296875 337.51251220703125 332.024993896484375 327.631256103515625 324.14373779296875 324.162506103515625 327.0625 328.65625 328.962493896484375 321.26251220703125 306.056243896484375 282.912506103515625 258.01251220703125 239.774993896484375 246.306243896484375 267.33123779296875 286.181243896484375 297.14373779296875 299.399993896484375 293.556243896484375 285.131256103515625 281.14373779296875 276.61248779296875 271.9375
