data/historical-monthly-weather-data/wc2.1_cruts4.09_10m_prec_2022-03.asc
ncols        51
nrows        45
xllcorner    -63.500000000000
yllcorner    -7.500000000000
cellsize     0.166666666667
NODATA_value -9999
[rows 0 to 19 of 45, columns 0 to 44 of 51]
224.256256103515625 224 229.1875 241.943756103515625 252.756256103515625 265.943756103515625 274.5 281.33123779296875 284.356231689453125 291.70623779296875 303.95623779296875 312.693756103515625 321.03125 324.3125 324.07501220703125 322.756256103515625 325.100006103515625 320.462493896484375 319.931243896484375 319.3125 324.07501220703125 327.98748779296875 332.443756103515625 330.10626220703125 330.225006103515625 328.993743896484375 321.14373779296875 316.024993896484375 308.73748779296875 296.899993896484375 289.08123779296875 278.5 275.537506103515625 275.537506103515625 275.212493896484375 280.14373779296875 284.725006103515625 289.91876220703125 296.91876220703125 302.618743896484375 308.618743896484375 314.10626220703125 317.931243896484375 322.8125 324.118743896484375
227.818756103515625 225.5124969482421875 233.756256103515625 244.8562469482421875 255.8874969482421875 267.837493896484375 276.0625 284.54376220703125 292.61248779296875 301.40625 312.875 319.274993896484375 325.10626220703125 328.23126220703125 327.225006103515625 326.350006103515625 326.85626220703125 321.256256103515625 314.712493896484375 309.41876220703125 311.1875 313.556243896484375 316.85626220703125 315.556243896484375 314.493743896484375 313.287506103515625 306.568756103515625 303 296.625 288.07501220703125 281.068756103515625 275.98126220703125 275.643768310546875 280.962493896484375 282.75 289.48748779296875 296.443756103515625 302.3125 309.11248779296875 314.23748779296875 320.837493896484375 325.837493896484375 329.243743896484375 333.193756103515625 334.63751220703125
233.46875 232.5124969482421875 241.149993896484375 251.4499969482421875 260.274993896484375 269.649993896484375 279.3125 289.1875 297.681243896484375 307.17498779296875 314.149993896484375 317.36248779296875 321.76873779296875 324.34375 323.225006103515625 323.837493896484375 324.10626220703125 320.631256103515625 315.118743896484375 311 313.15625 316.26251220703125 317.61248779296875 316.462493896484375 315.0625 311.38751220703125 306.04998779296875 302.95001220703125 296.743743896484375 289.98126220703125 286.46875 283.649993896484375 285.4375 288.78125 294.212493896484375 299.39373779296875 307.306243896484375 315.88751220703125 322.962493896484375 330.162506103515625 337.17498779296875 341.48748779296875 344.462493896484375 347.037506103515625 349.73126220703125
237.212493896484375 238.881256103515625 249.4499969482421875 257.96875 265.306243896484375 271.225006103515625 279.0625 288.287506103515625 298.51251220703125 307.0625 310.95623779296875 310.625 311.53125 312.806243896484375 312.95623779296875 313.88751220703125 316.95623779296875 317.29998779296875 315.98126220703125 314.39373779296875 318.17498779296875 319.962493896484375 319.20001220703125 316.92498779296875 314.412506103515625 310.024993896484375 305.6875 300.90625 295.993743896484375 293.08123779296875 290.6875 292.26251220703125 294.20001220703125 297.375 302.256256103515625 310.287506103515625 319.60626220703125 329.39373779296875 339.181243896484375 346.899993896484375 352.9375 357.975006103515625 361.04376220703125 362.42498779296875 364.82501220703125
247.7375030517578125 248.1750030517578125 254.25 262.53125 268.59375 271.73126220703125 275.25 282.375 293.787506103515625 303.375 303.6875 299.625 299.193756103515625 301.875 301.631256103515625 304.33123779296875 307.95623779296875 312.78125 313.84375 314.287506103515625 318.90625 319.78125 320.32501220703125 317.95001220703125 314.068756103515625 309.443756103515625 303.9375 299.88751220703125 298.85626220703125 296.181243896484375 297.662506103515625 299.375 304.01251220703125 308.39373779296875 313.48748779296875 322.84375 332.875 343.149993896484375 354.943756103515625 363.087493896484375 371.34375 374.60626220703125 376.76873779296875 378.975006103515625 379.506256103515625
256.493743896484375 258.1875 266.04376220703125 271.48748779296875 274.006256103515625 276.88751220703125 279.649993896484375 284.79998779296875 295.39373779296875 305.462493896484375 301.70623779296875 296.66876220703125 297.39373779296875 298.725006103515625 299.962493896484375 303.024993896484375 307.48126220703125 312.818756103515625 316.38751220703125 317.556243896484375 321.39373779296875 323.92498779296875 325.5 323.306243896484375 320.59375 318.46875 314.23748779296875 309.96875 307.631256103515625 306.76251220703125 307.256256103515625 309.73748779296875 312.90625 320.537506103515625 327.975006103515625 337.51251220703125 350.443756103515625 362.181243896484375 375.48126220703125 386.75 393.868743896484375 397.725006103515625 399.912506103515625 401.443756103515625 400.61248779296875
263.17498779296875 264.912506103515625 272.181243896484375 275.774993896484375 276.23748779296875 277.350006103515625 278.79998779296875 279.975006103515625 283.100006103515625 286.399993896484375 288.86248779296875 288.993743896484375 291.48126220703125 294.131256103515625 296.931243896484375 300.54376220703125 305.38751220703125 310.0625 313.875 319.131256103515625 322.625 327.006256103515625 329.14373779296875 328.96875 328.625 327.412506103515625 324.58123779296875 320.806243896484375 317.03125 314.75 317.6875 319.57501220703125 323.431243896484375 329.54998779296875 338.274993896484375 350.6875 363.962493896484375 377.662506103515625 396.23126220703125 407.36248779296875 412.087493896484375 416.71875 419.131256103515625 420.975006103515625 422.537506103515625
266.131256103515625 267.587493896484375 272.899993896484375 276.92498779296875 278.95001220703125 278.73126220703125 275.36248779296875 269.225006103515625 263.71875 265.212493896484375 273.131256103515625 278.85626220703125 284.912506103515625 289.73748779296875 293.48126220703125 297.98748779296875 301.39373779296875 305.45623779296875 310.693756103515625 317.36248779296875 323.3125 328.95001220703125 333.08123779296875 334.193756103515625 337.462493896484375 336.59375 333.10626220703125 329.76873779296875 325.26873779296875 322.79998779296875 323.818756103515625 328.66876220703125 332.162506103515625 338.58123779296875 347.568756103515625 360.631256103515625 375.287506103515625 390.01873779296875 408.587493896484375 420.26251220703125 427.193756103515625 432.10626220703125 435.01873779296875 436.912506103515625 437.0625
268.850006103515625 270.09375 275.756256103515625 280.068756103515625 281.600006103515625 280.537506103515625 276.006256103515625 267.53125 255.5812530517578125 253.4187469482421875 265.98748779296875 275.912506103515625 285.1875 290.39373779296875 295.881256103515625 301.8125 306.09375 310.350006103515625 317.4375 324.35626220703125 328.29376220703125 336.118743896484375 341.23126220703125 348.25 351.881256103515625 349.875 343.32501220703125 337.693756103515625 334.381256103515625 330.993743896484375 332.693756103515625 337.70001220703125 341.462493896484375 347.068756103515625 354.693756103515625 368.85626220703125 385.64373779296875 400.40625 419.21875 431.67498779296875 440.04376220703125 445.10626220703125 449.118743896484375 450.98748779296875 447.53125
271.60626220703125 272.6875 277.79998779296875 282.07501220703125 284.67498779296875 284.068756103515625 280.79998779296875 273.943756103515625 265.70623779296875 264.42498779296875 272.01873779296875 278.71875 287.46875 293.76251220703125 299.90625 306.91876220703125 312.96875 317.40625 323.600006103515625 330.29998779296875 334.79998779296875 343.67498779296875 352.993743896484375 363.875 365.600006103515625 362.79376220703125 355.46875 348.100006103515625 342.33123779296875 337.756256103515625 338.443756103515625 345.38751220703125 350.506256103515625 357.125 364.32501220703125 377.70001220703125 393.556243896484375 409.5 429.350006103515625 444.51251220703125 455.26251220703125 461.475006103515625 462.76873779296875 459.287506103515625 456.181243896484375
274.037506103515625 275.587493896484375 279.881256103515625 284.58123779296875 288.53125 289.693756103515625 288.068756103515625 282.712493896484375 278.149993896484375 278.14373779296875 281.98748779296875 287.068756103515625 292.881256103515625 299.48748779296875 306.07501220703125 312.787506103515625 319.01873779296875 323.537506103515625 328.100006103515625 334.21875 341.412506103515625 351.443756103515625 365.087493896484375 374.65625 381.306243896484375 374.943756103515625 366.17498779296875 360.29376220703125 352.82501220703125 346.274993896484375 347.881256103515625 353.58123779296875 358.11248779296875 364.45623779296875 372.125 384.70001220703125 399.681243896484375 415.75 436.58123779296875 455.20001220703125 467.649993896484375 472.125 470.881256103515625 465.743743896484375 461.03125
276.04376220703125 278.212493896484375 282.743743896484375 288.399993896484375 292.03125 295.199981689453125 296.15625 293.243743896484375 290.51251220703125 290.04376220703125 292.29998779296875 295.943756103515625 300.16876220703125 305.993743896484375 314.625 321.243743896484375 324.912506103515625 327.95001220703125 331.943756103515625 336.76251220703125 341.787506103515625 353.40625 370.86248779296875 387.54376220703125 392.23126220703125 379.57501220703125 370.21875 365.21875 362.20623779296875 360.068756103515625 358.475006103515625 361.5625 364.53125 369.3125 375.4375 390.15625 406.556243896484375 423.07501220703125 443 463.29376220703125 477.256256103515625 479.09375 472.26873779296875 458.475006103515625 447.51873779296875
277.85626220703125 280.21875 285.48126220703125 290.5625 295.32501220703125 299.92498779296875 301.71875 301.48126220703125 299.75 300.66876220703125 303.868743896484375 307.04376220703125 311.787506103515625 315.11248779296875 322.5 328.36248779296875 331.04376220703125 334.0625 338.23126220703125 340.70001220703125 341.83123779296875 352.806243896484375 369.618743896484375 383.412506103515625 380.993743896484375 371.806243896484375 371.60626220703125 371.681243896484375 372.23748779296875 372.07501220703125 371.162506103515625 370.54376220703125 370.5 373.556243896484375 378.63751220703125 392.1875 409.243743896484375 426.73748779296875 448.431243896484375 470.82501220703125 487.412506103515625 485.91876220703125 467.4375 448.056243896484375 431.83123779296875
278.23748779296875 281.60626220703125 286.91876220703125 292.29998779296875 298.149993896484375 301.86248779296875 305.725006103515625 308.76251220703125 310.11248779296875 311.70623779296875 314.475006103515625 318.243743896484375 322.23748779296875 327.181243896484375 330.08123779296875 335.506256103515625 337.61248779296875 339.524993896484375 342.649993896484375 345.89373779296875 349.506256103515625 357.21875 367.82501220703125 374.912506103515625 373.725006103515625 370.9375 373.868743896484375 376.875 379.625 380.73126220703125 382.01873779296875 381.01251220703125 376.5625 375.36248779296875 378.675018310546875 393.65625 412.631256103515625 430.21875 450.79998779296875 471.32501220703125 486.306243896484375 476.57501220703125 460.337493896484375 445.76251220703125 431.881256103515625
277.850006103515625 280.48126220703125 286.350006103515625 293.51873779296875 300.26873779296875 304.600006103515625 310.36248779296875 315.51873779296875 317.79998779296875 320.38751220703125 324.462493896484375 328.48748779296875 332.631256103515625 337.01251220703125 337.399993896484375 341.362518310546875 342.78125 345.774993896484375 347.86248779296875 350.631256103515625 355 360.524993896484375 367.04376220703125 372.524993896484375 375.17498779296875 377.887481689453125 382.09375 386.287506103515625 391.087493896484375 393.274993896484375 391.506256103515625 388.63751220703125 383.556243896484375 376.15625 375.125 393.462493896484375 416.131256103515625 435.399993896484375 450.14373779296875 461.125 464.40625 460.587493896484375 455.58123779296875 444.337493896484375 433.84375
275.20001220703125 278.63751220703125 285.60626220703125 293.493743896484375 301.287506103515625 308.318756103515625 314.350006103515625 319.931243896484375 325.274993896484375 330.125 334.03125 339.256256103515625 343.9375 347.60626220703125 347.875 348.100006103515625 348.26251220703125 351.193756103515625 352.95001220703125 356.13751220703125 359.07501220703125 362.412506103515625 367 372.350006103515625 376.75 382.63751220703125 389.181243896484375 396.20001220703125 404.26251220703125 406.556243896484375 406.11248779296875 401.693756103515625 391.98748779296875 383.212493896484375 379.375 405.537506103515625 427.38751220703125 438.662506103515625 445.70623779296875 451.29998779296875 451.96875 451.068756103515625 448.15625 440.568756103515625 432.1875
272.875 277.493743896484375 284.162506103515625 293.131256103515625 302.475006103515625 310.28125 318.712493896484375 325.649993896484375 332 338.35626220703125 343.01873779296875 349.57501220703125 355.337493896484375 357.943756103515625 359.25 357.25 353.1875 353.862518310546875 356.850006103515625 359.412506103515625 361.506256103515625 364.29376220703125 368.48748779296875 374.26873779296875 380.73126220703125 386.10626220703125 394.712493896484375 404.962493896484375 413.91876220703125 419.024993896484375 420.131256103515625 416.3125 407.10626220703125 402.41876220703125 412.912506103515625 435.92498779296875 447.337493896484375 449.25 447.09375 445.70001220703125 447.125 446.14373779296875 441.1875 434.756256103515625 429.79376220703125
268.837493896484375 274.368743896484375 282.868743896484375 293.25 303.462493896484375 312.037506103515625 320.649993896484375 329.318756103515625 337.51873779296875 345.04376220703125 351.787506103515625 360.337493896484375 365.212493896484375 369.125 369.26251220703125 365.35626220703125 360.556243896484375 353.725006103515625 359.431243896484375 361.61248779296875 364.912506103515625 366.65625 368.899993896484375 374.58123779296875 381.42498779296875 390.318756103515625 398.38751220703125 411.17498779296875 423.70001220703125 429.587493896484375 429.59375 419.63751220703125 413.58123779296875 416.73748779296875 435.443756103515625 470.26873779296875 467.037506103515625 457.33123779296875 449.024993896484375 447.01873779296875 443.98748779296875 441.84375 438.0625 431.98748779296875 426.475006103515625
264.08123779296875 270.64373779296875 279.756256103515625 291.09375 303.181243896484375 313.837493896484375 323.818756103515625 333.53125 342.59375 351.54376220703125 359.568756103515625 366.024993896484375 373.70001220703125 379.412506103515625 376.881256103515625 371.08123779296875 364.34375 356.45623779296875 356.100006103515625 358.987518310546875 364.29376220703125 367.806243896484375 364.53125 371.318756103515625 380.29376220703125 391.29998779296875 402.34375 414.225006103515625 428.600006103515625 437.225006103515625 439.46875 425.131256103515625 412.774993896484375 406.63751220703125 417.89373779296875 447.89373779296875 452.899993896484375 450.95001220703125 448.95623779296875 445.75 443.506256103515625 439.587493896484375 436.162506103515625 431.243743896484375 425.29376220703125
256.78125 265.274993896484375 275.318756103515625 287.70001220703125 301.34375 314.42498779296875 326.318756103515625 337.5 347.85626220703125 357.037506103515625 365.33123779296875 371.57501220703125 380.64373779296875 388.73748779296875 382.443756103515625 370.83123779296875 359.743743896484375 357.04376220703125 354.5625 355.881256103515625 357.375 357.587493896484375 359.59375 366.056243896484375 375.618743896484375 386.46875 399.193756103515625 413.91876220703125 426.475006103515625 431.931243896484375 430.78125 420.76251220703125 400.193756103515625 380.46875 371.475006103515625 395.256256103515625 423.91876220703125 438.60626220703125 444.506256103515625 445.912506103515625 443.57501220703125 439.23748779296875 436.54998779296875 432.51251220703125 427.100006103515625
