data/historical-monthly-weather-data/wc2.1_cruts4.09_10m_prec_1962-10.asc
ncols        51
nrows        45
xllcorner    -63.500000000000
yllcorner    -7.500000000000
cellsize     0.166666666667
NODATA_value -9999
[rows 0 to 19 of 45, columns 0 to 43 of 51]
128.7062530517578125 127.34999847412109375 124.46875 123.5124969482421875 121.6062469482421875 118.7937469482421875 114.34375 110.24375152587890625 107.0437469482421875 105.11875152587890625 104.71875 104.65000152587890625 104.15625 102.47499847412109375 101.9187469482421875 101.40625 100.75 98.99375152587890625 97.84375 96.53749847412109375 95.06874847412109375 93.11875152587890625 91.5 90.0749969482421875 88.99375152587890625 88.3312530517578125 88.1437530517578125 88.34999847412109375 88.5187530517578125 86.25 83.78749847412109375 81.5124969482421875 79.83750152587890625 78.46875 77.55625152587890625 77.9499969482421875 78.50624847412109375 79.1875 81.22499847412109375 83.3937530517578125 85.625 87.94374847412109375 89.5187530517578125 90.46875
126.125 125.4562530517578125 125.34375 127.1687469482421875 128.9875030517578125 125.8937530517578125 122.0500030517578125 119.3562469482421875 117.7312469482421875 116.03125 114.65625 113.3125 111.66249847412109375 109.5812530517578125 108.1125030517578125 107.0187530517578125 105.16249847412109375 103.8937530517578125 103.0625 102.3625030517578125 100.4812469482421875 98.77500152587890625 97.1750030517578125 95.4812469482421875 93.88124847412109375 92.1875 91.8000030517578125 91.5124969482421875 90.88124847412109375 87.97499847412109375 86.00624847412109375 84.46250152587890625 83.3625030517578125 82.7624969482421875 81.9375 82.6062469482421875 84.0500030517578125 85.27500152587890625 87.9875030517578125 90.59999847412109375 93.40625 96 97.7375030517578125 98.61875152587890625
120.5124969482421875 120.75 121.71250152587890625 125.15000152587890625 128.5 128.1875 127.8125 128.4562530517578125 128.96875 128.125 126.1062469482421875 123.36875152587890625 120.44374847412109375 117.1437530517578125 114.75624847412109375 112.68125152587890625 110.65000152587890625 109.05625152587890625 107.78125 106.71250152587890625 104.5187530517578125 103.02500152587890625 101.1875 98.77500152587890625 96.4812469482421875 94.53749847412109375 93.50624847412109375 92.74375152587890625 91 88.3125 86.50624847412109375 84.5187530517578125 83.43125152587890625 82.97499847412109375 82.49375152587890625 83.77500152587890625 85.6374969482421875 87.91249847412109375 91.53749847412109375 94.9812469482421875 98.5749969482421875 101.74375152587890625 104.1875 106.13124847412109375
113.75 114.03125 117.06874847412109375 120.28125 124.83750152587890625 127.5500030517578125 131.306243896484375 135.9187469482421875 140.1062469482421875 140.9812469482421875 137.868743896484375 133.1437530517578125 128.46875 124.22499847412109375 121.625 118.6875 115.94374847412109375 114.27500152587890625 112.81874847412109375 111.5500030517578125 109.25624847412109375 106.83124542236328125 104.1062469482421875 101.3249969482421875 98.34375 95.59999847412109375 94.00624847412109375 92.46250152587890625 90.46250152587890625 87.6125030517578125 85.56874847412109375 83.83750152587890625 82.19374847412109375 81.2062530517578125 80.41249847412109375 83.18125152587890625 86.2062530517578125 89.36875152587890625 94.13124847412109375 98.65000152587890625 102.46875 106.61875152587890625 110.06874847412109375 113.1875
112.22499847412109375 110.03125 110.65000152587890625 114.0749969482421875 120.125 125.8000030517578125 132.4250030517578125 140.212493896484375 148.9499969482421875 153.774993896484375 148.462493896484375 140.4812469482421875 134.8874969482421875 130.7062530517578125 127.36875152587890625 123.80625152587890625 120.97499847412109375 118.3125 116.28125 114.65625 112.6374969482421875 109.6374969482421875 106.47499847412109375 103.33750152587890625 99.74375152587890625 96.4250030517578125 93.78125 92.0812530517578125 90.1875 86.625 84.25 82.20000457763671875 80.96875 79.99375152587890625 79.7062530517578125 82.83750152587890625 86.8249969482421875 91.33750152587890625 96.7375030517578125 102.0812530517578125 106.6750030517578125 111 115.6750030517578125 119.59999847412109375
110.7687530517578125 108.59999847412109375 106.9375 106.9250030517578125 113.69374847412109375 121.6437530517578125 129.0625 137.306243896484375 146.7312469482421875 154.4250030517578125 148 140.2687530517578125 136.0437469482421875 132.4562530517578125 129.3625030517578125 126.9499969482421875 124.0500030517578125 121.34999847412109375 119.50624847412109375 117.63124847412109375 115.21875 112.15000152587890625 108.86875152587890625 104.4187469482421875 100.28749847412109375 96.3625030517578125 93.15000152587890625 90.5 88.61875152587890625 85.09999847412109375 82.8312530517578125 81.5749969482421875 80.875 80.91249847412109375 81.6687469482421875 86.00624847412109375 91.1750030517578125 97.28749847412109375 104.22499847412109375 109.25 112.46250152587890625 116.9375 121.3562469482421875 126.0124969482421875
111.78125 109.28125 107.34375 106.44374847412109375 110.9375 116.9499969482421875 123.125 128.8249969482421875 133.7375030517578125 136.537506103515625 137.03125 135.412506103515625 134.1875 132.743743896484375 130.6875 129.118743896484375 127.0437469482421875 124.0500030517578125 121.7312469482421875 120.1750030517578125 117.78125 114.625 110.78749847412109375 105.90625 101.1437530517578125 96.4812469482421875 92.9812469482421875 89.5749969482421875 86.53125 83.6437530517578125 81.59999847412109375 80.2624969482421875 80.40625 81.6750030517578125 83.74375152587890625 88.65625 94.8562469482421875 102.1062469482421875 110.7062530517578125 114.53749847412109375 117.0749969482421875 120.22499847412109375 124.7062530517578125 130
113.7062530517578125 110.68125152587890625 109.8000030517578125 110.4875030517578125 112.75 116.7375030517578125 118.9187469482421875 118.84999847412109375 116.84999847412109375 118.5 124.58124542236328125 128.3625030517578125 131.0437469482421875 131.943756103515625 131.975006103515625 131.149993896484375 129.7312469482421875 126.8312530517578125 124.53125 123.28125 120.84375 117.24375152587890625 113.03125 107.6750030517578125 102.1687469482421875 96.4875030517578125 92.1125030517578125 87.7687530517578125 84.11875152587890625 80.8937530517578125 79.34375 78.6437530517578125 79.86875152587890625 82.1750030517578125 84.9187469482421875 90.33750152587890625 96.3625030517578125 103.52500152587890625 110.0749969482421875 114.0749969482421875 116.36875152587890625 118.5625 121.56874847412109375 125.46250152587890625
116.4250030517578125 114.2937469482421875 114.4562530517578125 115.0749969482421875 116.71250152587890625 118.72499847412109375 119.0124969482421875 115.5749969482421875 108.6374969482421875 107.27500152587890625 116.1875 122.9812469482421875 128.100006103515625 130.4375 131.7312469482421875 132.21875 131.6687469482421875 130.287506103515625 129.274993896484375 127.7312469482421875 124.5812530517578125 120.78125 115.16249847412109375 109.69374847412109375 102.9875030517578125 96.1875 90.7687530517578125 86.9875030517578125 83.3562469482421875 80.18125152587890625 79.1437530517578125 78.8562469482421875 80.36875152587890625 82.94374847412109375 85.90000152587890625 91.7312469482421875 98.0437469482421875 103.96250152587890625 108.4250030517578125 111.6999969482421875 113.2312469482421875 113.4375 114.8625030517578125 115.59999847412109375
119.7624969482421875 118.09375 118.30625152587890625 119.6374969482421875 121.63124847412109375 123.15625 122.59999847412109375 118.68125152587890625 113.36875152587890625 112.16249847412109375 116.7062530517578125 121.65625 126.875 130.1750030517578125 132.287506103515625 133.7312469482421875 133.96875 134.056243896484375 134.1125030517578125 134.149993896484375 129.993743896484375 124.8937530517578125 118.02500152587890625 110.75624847412109375 102.3562469482421875 94.91249847412109375 89.9375 85.5500030517578125 82.16249847412109375 79.6750030517578125 78.4375 78.65625 80.7062530517578125 83.90000152587890625 87.6062469482421875 93.28125 98.88124847412109375 103.8562469482421875 107.2312469482421875 108.6875 108.93125152587890625 107.43125152587890625 105.78125 104.16249847412109375
123.32500457763671875 121.8625030517578125 122.09999847412109375 123.5749969482421875 125.84999847412109375 129.28125 129.3625030517578125 124.86875152587890625 120.4875030517578125 119.2624969482421875 121.24375152587890625 124.2624969482421875 127.5 131.0187530517578125 133.4499969482421875 134.9499969482421875 136.318756103515625 137.506256103515625 138.9187469482421875 140.131256103515625 136.9562530517578125 130.100006103515625 121.3125 111.0500030517578125 102.58750152587890625 95.30625152587890625 90.4562530517578125 86.1374969482421875 82.0124969482421875 79.96875 79.1687469482421875 79.55625152587890625 82.08750152587890625 85.46875 88.99375152587890625 94.00624847412109375 98.95624542236328125 102.5187530517578125 104.5625 104.7062530517578125 103.53125 100.5187530517578125 97.7624969482421875 93.78125
126.68125152587890625 125.1687469482421875 125.66249847412109375 127.65000152587890625 130.3937530517578125 134.40625 135.881256103515625 130.6875 126.91249847412109375 125.03125 125.41249847412109375 127.38124847412109375 129.3562469482421875 132.2937469482421875 135.2437591552734375 136.7687530517578125 138.537506103515625 140.056243896484375 141.9562530517578125 144.524993896484375 143.131256103515625 135.475006103515625 124.97499847412109375 113.31874847412109375 103.15625 94.6875 89.56874847412109375 86.2375030517578125 83.19374847412109375 81.91249847412109375 80.875 81.21875 83.34375 86.5124969482421875 89.9812469482421875 94.13124847412109375 97.9187469482421875 100.8937530517578125 101.1687469482421875 100.1875 97.09999847412109375 92.9812469482421875 89.15000152587890625 85.06874847412109375
129.3562469482421875 128.1062469482421875 128.693756103515625 130.256256103515625 132.75 135.75 135.8249969482421875 133.256256103515625 130.5 129.6750030517578125 129.8125 130.462493896484375 132.0124969482421875 133.068756103515625 135.787506103515625 138.274993896484375 139.6999969482421875 141.725006103515625 143.943756103515625 146.03125 145.931243896484375 138.631256103515625 127.3249969482421875 115.30625152587890625 101.65000152587890625 92.43125152587890625 89.96875 87.2062530517578125 85.08750152587890625 83.99375152587890625 83.03749847412109375 82.7062530517578125 84.875 87.34375 90.46875 94.24375152587890625 97.28749847412109375 100.03125 99.90000152587890625 96.43125152587890625 92.4187469482421875 88.40000152587890625 83.34999847412109375 74.7312469482421875
130.9375 129.6374969482421875 130.337493896484375 131.618743896484375 133.2312469482421875 135.2687530517578125 135.3874969482421875 134.59375 133.506256103515625 132.625 132.4250030517578125 132.53125 133.1999969482421875 134.3249969482421875 135.5437469482421875 138.1750030517578125 139.399993896484375 140.837493896484375 142.306243896484375 143.5437469482421875 142.3000030517578125 135.881256103515625 127.29375457763671875 116.84375 105.21250152587890625 96.49375152587890625 93.15625 90.05625152587890625 87.53125 85.71875 84.30625152587890625 84.08750152587890625 85.8562469482421875 88.16249847412109375 91.08750152587890625 94.75624847412109375 97.9250030517578125 101.02500152587890625 100.72499847412109375 97.61875152587890625 91.59375 84.3125 78.4250030517578125 72.4250030517578125
130.618743896484375 129.75 130.0187530517578125 131.3249969482421875 132.71875 134.3000030517578125 135.75 135.9375 134.8562469482421875 134.306243896484375 134.225006103515625 133.850006103515625 133.8874969482421875 134.649993896484375 135.306243896484375 137.5812530517578125 138.125 138.2062530517578125 138.3562469482421875 139.287506103515625 137.8125 133.5500030517578125 127.96250152587890625 121.5625 113.8874969482421875 106.0124969482421875 100.6750030517578125 95.75 91.6125030517578125 88.36875152587890625 85.9499969482421875 84.9375 86.5 89.24375152587890625 92.05625152587890625 95.1875 99.16249847412109375 104.52500152587890625 107.2312469482421875 103.9499969482421875 96.5187530517578125 88.2937469482421875 82.1437530517578125 76.375
129.09375 128.256256103515625 128.9250030517578125 130.40625 131.806243896484375 133.899993896484375 135.5 135.943756103515625 135.59375 135.443756103515625 134.6875 133.2062530517578125 132.931243896484375 133.5625 134.6687469482421875 135.7687530517578125 134.8000030517578125 134.056243896484375 133.618743896484375 133.7312469482421875 132.100006103515625 130.318756103515625 128.556243896484375 127.34999847412109375 122.6437530517578125 115.1999969482421875 108.99375152587890625 102.55625152587890625 96.46250152587890625 91.1687469482421875 87.55625152587890625 85.3000030517578125 86.25 88.8125 90.9187469482421875 93.18125152587890625 99.5749969482421875 106.4375 112.3249969482421875 111.0812530517578125 105.99375152587890625 97.06874847412109375 88.72499847412109375 81.0124969482421875
126.03125 125.71875 127.40625 129.5187530517578125 131.087493896484375 133.375 135.3562469482421875 136.3125 136.256256103515625 135.4187469482421875 134.2312469482421875 132.1750030517578125 130.693756103515625 130.34375 130.7312469482421875 130.90625 128.6062469482421875 127.21875 126.8249969482421875 127.19374847412109375 126.02500152587890625 126.00624847412109375 127.90000152587890625 131.6999969482421875 131.318756103515625 122.52500152587890625 115.90000152587890625 107.6437530517578125 99.61875152587890625 93.05625152587890625 88.90000152587890625 87.0187530517578125 85.84999847412109375 85.78749847412109375 86.72499847412109375 91.41249847412109375 99.0625 112.02500152587890625 125.0625 122.6062469482421875 116.7687530517578125 106.46250152587890625 95.40625 87.0625
121.59999847412109375 122.06874847412109375 124.69374847412109375 127.3000030517578125 129.5187530517578125 132.53125 134.943756103515625 136 135.931243896484375 135.3000030517578125 134.068756103515625 130.818756103515625 128.0500030517578125 125.90000152587890625 124.9875030517578125 123.8000030517578125 121.2624969482421875 119.25624847412109375 119.46250152587890625 119.7062530517578125 119.25624847412109375 120.2062530517578125 123.5 129.6062469482421875 131.681243896484375 126.26250457763671875 121.6875 112.59999847412109375 102.7062530517578125 94.03749847412109375 88.6125030517578125 86.1437530517578125 86.80625152587890625 88.31874847412109375 86.75624847412109375 85.18125152587890625 97.58750152587890625 113.18125152587890625 124.05625152587890625 126.5812530517578125 122.06874847412109375 112.97499847412109375 102.6125030517578125 94.4250030517578125
116.16249847412109375 118.0500030517578125 121.59375 125.1125030517578125 128.3562469482421875 131.5437469482421875 134.131256103515625 135.7687530517578125 136.4812469482421875 135.399993896484375 132.931243896484375 129.068756103515625 124.7312469482421875 120.90625 119.00624847412109375 117.84375 115.25624847412109375 112.71250152587890625 112.75624847412109375 112.65625 112.38124847412109375 115.53125 117.1062469482421875 123.55625152587890625 127.03125 126.51874542236328125 122.8000030517578125 115.0625 106.1750030517578125 95.7687530517578125 88.00624847412109375 88.4187469482421875 93.69374847412109375 94.6999969482421875 93.6999969482421875 94.03125 102.65000152587890625 113.65625 122.3125 126.09375 124.4499969482421875 120.125 110.22499847412109375 102.4187469482421875
110.3625030517578125 113.66875457763671875 117.9187469482421875 122.3249969482421875 126.6125030517578125 130.850006103515625 134.2937469482421875 136.5625 137.118743896484375 136.2312469482421875 133.1999969482421875 127.78125 122.13124847412109375 116.8562469482421875 114.25624847412109375 112.65000152587890625 109.5812530517578125 108.75624847412109375 108.85625457763671875 109.75 108.46875 109.4812469482421875 113.68125152587890625 119.875 123.7624969482421875 123.84999847412109375 121.78125 117.74375152587890625 109.46250152587890625 100.125 94.25 97.6062469482421875 102.46250152587890625 107.2624969482421875 110.6437530517578125 110.90000152587890625 113.8312530517578125 119.49375152587890625 124.1687469482421875 126.90000152587890625 127.61875152587890625 124.96875 117.55625152587890625 110.24375152587890625
