data/historical-monthly-weather-data/wc2.1_cruts4.09_10m_prec_1954-01.asc
ncols        45
nrows        45
xllcorner    -63.500000000000
yllcorner    -7.500000000000
cellsize     0.166666666667
NODATA_value -9999
[rows 20 to 39 of 45, columns 0 to 44 of 45]
288.54998779296875 281.649993896484375 278.91876220703125 278.375 278.54998779296875 284.26873779296875 291.28125 296.08123779296875 300.587493896484375 303 304.48748779296875 307.33123779296875 313.181243896484375 319.693756103515625 309.60626220703125 290.01873779296875 275.63751220703125 266.462493896484375 263.54998779296875 259.98748779296875 256.54376220703125 251.2062530517578125 245.681243896484375 246.399993896484375 248.693756103515625 251.6999969482421875 256.01251220703125 261.16876220703125 265.96875 270.524993896484375 269.193756103515625 263.212493896484375 250.568756103515625 237.2062530517578125 225.475006103515625 236.5812530517578125 255.1999969482421875 266.71875 266.20001220703125 256.34375 241.09375 226.443756103515625 215.4375 206.65625 201.256256103515625
283.681243896484375 275.13751220703125 272.26873779296875 272.931243896484375 275.399993896484375 282.118743896484375 289.506256103515625 296.79376220703125 301.618743896484375 299.96875 296.100006103515625 290.63751220703125 288.568756103515625 289.92498779296875 286.668731689453125 277.612518310546875 270.899993896484375 265.20623779296875 261.756256103515625 259.087493896484375 253.6125030517578125 249.1374969482421875 246.193756103515625 248.03125 251.350006103515625 255.8062591552734375 262.881256103515625 266.54376220703125 268.631256103515625 269.412506103515625 264.64373779296875 258.13751220703125 250.193756103515625 244.899993896484375 242.3562469482421875 252.350006103515625 271.443756103515625 285.76251220703125 284.462493896484375 271.006256103515625 252.625 236.1750030517578125 223.375 213.100006103515625 206.3937530517578125
279.26873779296875 270.64373779296875 265.76873779296875 266.04376220703125 270.024993896484375 279.287506103515625 287.693756103515625 296.26251220703125 303.54376220703125 297.306243896484375 285.39373779296875 271.287506103515625 261.96875 262.07501220703125 265.90625 266.243743896484375 263.73748779296875 260.837493896484375 258.25 255.6437530517578125 251.4375 247.0812530517578125 243.850006103515625 246 251.59375 258.912506103515625 267.3125 270.54998779296875 270.693756103515625 267.618743896484375 261.493743896484375 256.16876220703125 256.006256103515625 257 261.306243896484375 270.61248779296875 289.66876220703125 311.100006103515625 306.70001220703125 284.412506103515625 262.131256103515625 244.7375030517578125 229.0749969482421875 217.53125 210.2937469482421875
276.118743896484375 266.212493896484375 259.40625 259.631256103515625 264.79376220703125 274.149993896484375 283.962493896484375 292.76873779296875 297.88751220703125 289.074981689453125 274.35626220703125 258.649993896484375 241.6374969482421875 244.5749969482421875 253.75 257.787506103515625 258.01873779296875 256.725006103515625 255.162506103515625 253.375 248.5500030517578125 244.131256103515625 241.100006103515625 243.225006103515625 250.2687530517578125 258.20001220703125 268.193756103515625 270.975006103515625 270.95001220703125 269.806243896484375 266.42498779296875 264.48748779296875 266.92498779296875 271.118743896484375 277.73748779296875 286.868743896484375 302.306243896484375 319.806243896484375 313.84375 290.95623779296875 267.51251220703125 248.475006103515625 232.087493896484375 219.725006103515625 213.337493896484375
274.59375 264.375 255.1999969482421875 257.162506103515625 264.399993896484375 272.51251220703125 280.337493896484375 286.881256103515625 287.98126220703125 281.368743896484375 269.5 256.493743896484375 245.618743896484375 245.256256103515625 249.9250030517578125 254.024993896484375 255.5437469482421875 255.818756103515625 254.0749969482421875 250.71875 245.7687530517578125 240.225006103515625 236.7312469482421875 238.5625 245.443756103515625 255.21875 264.11248779296875 270.71875 273.28125 275.71875 276.318756103515625 278.4375 280.88751220703125 285.912506103515625 292.51251220703125 297.98748779296875 307.850006103515625 313.225006103515625 305.92498779296875 288.86248779296875 267.618743896484375 249.131256103515625 232.943756103515625 221.59375 213.662506103515625
278.88751220703125 272.09375 263.76251220703125 263.912506103515625 266.15625 272.65625 278.181243896484375 281.04376220703125 280.256256103515625 274.881256103515625 267.306243896484375 259.64373779296875 252.662506103515625 250.5500030517578125 251.6374969482421875 253.9875030517578125 255.7937469482421875 256.23126220703125 254.4562530517578125 250.225006103515625 245.28125 237.5124969482421875 232.59375 232.4499969482421875 240.399993896484375 252.0812530517578125 263.806243896484375 271.943756103515625 277.88751220703125 281.037506103515625 286.818756103515625 292.306243896484375 296.46875 299.743743896484375 305.131256103515625 307.07501220703125 310.431243896484375 309.412506103515625 300.1875 284.59375 265.943756103515625 247.8625030517578125 231.0749969482421875 220.34375 215.3249969482421875
282.368743896484375 276.51873779296875 272.068756103515625 270.75 270.162506103515625 274.412506103515625 278.318756103515625 278.32501220703125 276.600006103515625 273.78125 269.09375 264.443756103515625 260.0625 258.10626220703125 257.48748779296875 258.73126220703125 259.73748779296875 259.70623779296875 258.493743896484375 253.037506103515625 246.0625 239.09375 231.118743896484375 229.7937469482421875 240.375 252.212493896484375 264.149993896484375 273.881256103515625 282.006256103515625 287.618743896484375 295.83123779296875 302.86248779296875 309.10626220703125 312.33123779296875 315.03125 315.73748779296875 315.9375 311.0625 299.10626220703125 284.443756103515625 266.287506103515625 247.256256103515625 230.7624969482421875 220.375 221.524993896484375
287.54376220703125 280.931243896484375 279.01251220703125 277.806243896484375 276.67498779296875 277.993743896484375 279.212493896484375 277.88751220703125 276.368743896484375 273.774993896484375 270.774993896484375 268.5 265.48126220703125 263.931243896484375 263.056243896484375 263.73748779296875 264 265.73748779296875 262.681243896484375 258.20001220703125 252.7937469482421875 244.587493896484375 240.443756103515625 240.2375030517578125 247.568756103515625 257.1875 268.212493896484375 277.506256103515625 286.5 294.82501220703125 302.568756103515625 310.024993896484375 316.40625 319.54376220703125 322.631256103515625 322.35626220703125 319.85626220703125 314.693756103515625 302.9375 287.037506103515625 269.96875 251.15625 232.9250030517578125 223.3562469482421875 233.931243896484375
290.550018310546875 284.693756103515625 283.90625 284.368743896484375 283.45001220703125 282.381256103515625 279.88751220703125 278.4375 276.26873779296875 274.45623779296875 273.006256103515625 271.58123779296875 270.08123779296875 270.6875 270.29998779296875 271.42498779296875 273.70001220703125 273.6875 271.256256103515625 266.83123779296875 261.04998779296875 253.8874969482421875 250.5625 251.6374969482421875 256.91876220703125 264.181243896484375 274.25 283.23748779296875 293.056243896484375 301.53125 308.306243896484375 315.131256103515625 321.5 326.462493896484375 330.568756103515625 329.15625 327.11248779296875 321.625 310.23748779296875 294.20623779296875 275.25 257.1875 242.40625 238.287506103515625 250.056243896484375
291.60626220703125 286.181243896484375 287.756256103515625 290.212493896484375 289.26873779296875 285.524993896484375 281.14373779296875 279.20001220703125 276.943756103515625 274.868743896484375 274.85626220703125 275.76873779296875 276.225006103515625 277.90625 279.274993896484375 280.443756103515625 281.90625 282.850006103515625 281.95623779296875 276.431243896484375 270.181243896484375 264.91876220703125 261.056243896484375 261.681243896484375 266.35626220703125 272.806243896484375 281.318756103515625 289.40625 298.625 306.350006103515625 314.037506103515625 321.01251220703125 326.83123779296875 333.60626220703125 338.15625 337.92498779296875 336.125 333.42498779296875 322.65625 308.962493896484375 294.056243896484375 279.6875 268.59375 265.6875 270.14373779296875
289.57501220703125 284.83123779296875 285.818756103515625 289.25 290.46875 284.318756103515625 280.51873779296875 277.975006103515625 276.149993896484375 275.46875 276.96875 279.40625 281.76873779296875 283.85626220703125 286.65625 288.399993896484375 290.899993896484375 292.76251220703125 292.118743896484375 286.89373779296875 279.962493896484375 273.96875 271.13751220703125 271.41876220703125 274.73748779296875 281.493743896484375 289.212493896484375 296.306243896484375 305.45623779296875 312.318756103515625 320.037506103515625 327.381256103515625 333.26873779296875 340.524993896484375 346.01873779296875 347 346.16876220703125 346.118743896484375 338.48126220703125 327.17498779296875 316.225006103515625 305.118743896484375 296.662506103515625 291.16876220703125 293.66876220703125
284.462493896484375 279.5625 280.181243896484375 282.26251220703125 282.23126220703125 278.60626220703125 277.399993896484375 274.818756103515625 274.068756103515625 274.48748779296875 277.01873779296875 280.95623779296875 285.193756103515625 289.92498779296875 293.85626220703125 296.131256103515625 297.431243896484375 298.662506103515625 296.8125 293.068756103515625 286.3125 280.787506103515625 278.649993896484375 278.850006103515625 283.23126220703125 289.04376220703125 295.42498779296875 302.61248779296875 309.9375 318.15625 325.850006103515625 333.29998779296875 340.20623779296875 348.09375 354.6875 356.1875 358.681243896484375 358.17498779296875 351.462493896484375 343.89373779296875 339.34375 331.75 325.67498779296875 323.881256103515625 326.36248779296875
276.90625 272.443756103515625 273.212493896484375 274.274993896484375 272.79376220703125 270.36248779296875 268.475006103515625 266.98126220703125 266.337493896484375 269.931243896484375 276.20623779296875 282.4375 290.67498779296875 298.89373779296875 302.16876220703125 303.8125 304.08123779296875 303.118743896484375 300.412506103515625 297.243743896484375 291.42498779296875 286.35626220703125 283.70623779296875 285.71875 289.48748779296875 295.225006103515625 301.118743896484375 306.350006103515625 313.54376220703125 323.756256103515625 331.8125 338.67498779296875 347.149993896484375 356.743743896484375 363.60626220703125 367.287506103515625 370.20001220703125 371.26873779296875 365.693756103515625 365.16876220703125 363.587493896484375 359.9375 358.287506103515625 360.95623779296875 370.64373779296875
268.26251220703125 264.600006103515625 264.78125 265.287506103515625 262.78125 261.04998779296875 259.73126220703125 258.20001220703125 258.975006103515625 262.82501220703125 271.36248779296875 283.5625 296.33123779296875 306.193756103515625 309.662506103515625 310.23748779296875 310.875 309.375 304.91876220703125 300.443756103515625 295.45623779296875 291.15625 288.787506103515625 290.54376220703125 294.212493896484375 298.96875 304.16876220703125 310.34375 318.431243896484375 327.881256103515625 337.75 346.006256103515625 354.912506103515625 365.975006103515625 374.256256103515625 378.70623779296875 381.662506103515625 382.350006103515625 382.07501220703125 384.243743896484375 384.925018310546875 385.61248779296875 388.625 395.125 407.368743896484375
261.45623779296875 257.556243896484375 257.350006103515625 256.431243896484375 254.3874969482421875 253.125 250.875 249.1937408447265625 248.7312469482421875 254.212493896484375 266.725006103515625 283.26873779296875 302.287506103515625 315.96875 318.76873779296875 317.67498779296875 316.850006103515625 313.506256103515625 308.556243896484375 302.1875 298.38751220703125 294.70001220703125 292.61248779296875 293.95001220703125 297.64373779296875 300.84375 306.96875 313.975006103515625 321.993743896484375 331.45623779296875 342.225006103515625 352.899993896484375 363.40625 374.100006103515625 382.92498779296875 387.75 390.14373779296875 395.03125 397.38751220703125 399.806243896484375 403.14373779296875 405.35626220703125 411.193756103515625 419.04376220703125 428.90625
257.975006103515625 253.5749969482421875 252.59375 251.03125 248.7624969482421875 245.993743896484375 243.6437530517578125 240.243743896484375 238.2937469482421875 242.3625030517578125 256.962493896484375 279.256256103515625 303.024993896484375 319.631256103515625 323.78125 323.506256103515625 321.625 317.36248779296875 311.568756103515625 304.63751220703125 300.15625 297.350006103515625 294.73126220703125 295.11248779296875 298.04376220703125 301.875 307.5625 314.61248779296875 323.04998779296875 333.274993896484375 345.787506103515625 357.29376220703125 369.78125 381.70623779296875 390.98126220703125 394.42498779296875 400.256256103515625 403.868743896484375 404.23748779296875 407.11248779296875 411.25 415.274993896484375 420.84375 429.23126220703125 436.375
254.875 250.4562530517578125 248.318756103515625 246.34375 243.78125 241.149993896484375 239.1374969482421875 234.6875 229.875 228.431243896484375 247.475006103515625 280.11248779296875 305.65625 320.58123779296875 326.524993896484375 327.725006103515625 326.23126220703125 321.14373779296875 314.4375 306.51873779296875 302.34375 298.04376220703125 295.64373779296875 295.618743896484375 298.3125 302.399993896484375 308.13751220703125 315.75 324.14373779296875 335.693756103515625 349.03125 361.76873779296875 375.98748779296875 389.34375 399.287506103515625 403.36248779296875 407.399993896484375 409.35626220703125 410.32501220703125 411.649993896484375 413.399993896484375 417.90625 425.66876220703125 433.57501220703125 439.287506103515625
251.5437469482421875 247.125 244.5812530517578125 243.0187530517578125 240.9499969482421875 239.774993896484375 237.8562469482421875 234.46875 230.943756103515625 227.693756103515625 259.693756103515625 293.79998779296875 312.90625 324.45623779296875 330.32501220703125 331.84375 329.975006103515625 325.14373779296875 318.381256103515625 309.95001220703125 304.40625 298.75 295.399993896484375 295.21875 297.649993896484375 302.08123779296875 307.42498779296875 314.9375 323.806243896484375 337.14373779296875 350.818756103515625 363.368743896484375 378.41876220703125 393.29376220703125 403.85626220703125 407.975006103515625 409.66876220703125 411.681243896484375 412.774993896484375 412.899993896484375 412.943756103515625 418.73748779296875 424.75 430.13751220703125 436.89373779296875
248.2937469482421875 242.649993896484375 241.15625 240.0500030517578125 239.0812530517578125 239.037506103515625 238.556243896484375 240.243743896484375 246.71875 264.962493896484375 302.962493896484375 315.29376220703125 322.537506103515625 330.14373779296875 334.631256103515625 335.39373779296875 334.53125 328.38751220703125 320.6875 312.29376220703125 304.100006103515625 297.64373779296875 293.98748779296875 293.79376220703125 295.806243896484375 299.981231689453125 306.10626220703125 314.024993896484375 323.5 337.524993896484375 350.29376220703125 361.818756103515625 374.38751220703125 385.556243896484375 397.76873779296875 401.26873779296875 401.71875 403.493743896484375 403.056243896484375 400.78125 400.493743896484375 404.21875 407.98748779296875 413.89373779296875 419.568756103515625
245.1875 239.931243896484375 238.399993896484375 237.0187530517578125 238.087493896484375 240.1437530517578125 242.5749969482421875 249.125 261.774993896484375 282.3125 306.23748779296875 321.21875 328.89373779296875 335.662506103515625 338.85626220703125 340.25 339.41876220703125 333.38751220703125 323.65625 313.837493896484375 302.1875 295.225006103515625 291.149993896484375 290.806243896484375 293.412506103515625 297.375 304.181243896484375 313.15625 322.48126220703125 335.3125 346.725006103515625 358.912506103515625 371.23748779296875 380.368743896484375 387.725006103515625 390.48126220703125 390.73748779296875 391.35626220703125 389.681243896484375 386.381256103515625 385.806243896484375 388 389.631256103515625 393.70623779296875 398.79998779296875
