data/historical-monthly-weather-data/wc2.1_cruts4.09_10m_prec_1993-07.asc
ncols        51
nrows        45
xllcorner    -63.500000000000
yllcorner    -7.500000000000
cellsize     0.166666666667
NODATA_value -9999
[rows 19 to 37 of 45, columns 0 to 42 of 51]
64.4812469482421875 64.625 63.43125152587890625 62.206249237060546875 60.63124847412109375 61.13124847412109375 58.71250152587890625 57.78125 57.78749847412109375 56.25 54.81874847412109375 53.15625 49.65625 46.28125 41.9375 37.36875152587890625 34.450000762939453125 37.11875152587890625 35.0625 34.681247711181640625 35.83750152587890625 41.96250152587890625 50.518749237060546875 58.27500152587890625 63.987499237060546875 66.13124847412109375 70.0749969482421875 77.2937469482421875 81.625 84.5625 93.0500030517578125 108.58750152587890625 118.0437469482421875 127.52500152587890625 139.4875030517578125 156.3125 169.618743896484375 179.350006103515625 185.4562530517578125 183.125 171.4812469482421875 158.0124969482421875 153.3000030517578125
56.762500762939453125 60.24375152587890625 61.53125 59.106250762939453125 56.581249237060546875 56.90000152587890625 55.512500762939453125 54.83750152587890625 54.331249237060546875 53.543750762939453125 51.71250152587890625 50.393749237060546875 48.106250762939453125 44.71875 40.65625 36.90000152587890625 34.575000762939453125 34.47499847412109375 35.268749237060546875 33.731250762939453125 38.66249847412109375 44.737499237060546875 52.06874847412109375 61 67.17499542236328125 68.99375152587890625 69.1437530517578125 75.55625152587890625 82.9875030517578125 88.25624847412109375 98.9250030517578125 110.5812530517578125 115.15000152587890625 125.31874847412109375 137.1437530517578125 151.0124969482421875 163.7937469482421875 169.443756103515625 170.5625 167.243743896484375 161.1062469482421875 154.90625 147.6687469482421875
53.606250762939453125 53.606250762939453125 55.637500762939453125 55.28125 54.09999847412109375 52.262500762939453125 51.25624847412109375 50.63124847412109375 50.78749847412109375 50.21250152587890625 49.549999237060546875 47.143749237060546875 44.84999847412109375 43.97499847412109375 41.762500762939453125 38.06874847412109375 36.77500152587890625 35.86875152587890625 35.84999847412109375 35.78125 38.65625 44.25624847412109375 51.34375 57.612499237060546875 62.27500152587890625 65.7624969482421875 72.3562469482421875 76 86.19374847412109375 95.0187530517578125 101.8249969482421875 108.53749847412109375 113.71875 121.2312469482421875 128.75 143.006256103515625 154.306243896484375 160.193756103515625 161.649993896484375 160.0625 156.03125 151.84375 146.943756103515625
50.46250152587890625 52.856250762939453125 53.53749847412109375 52.418750762939453125 50.84999847412109375 49.75 46.418750762939453125 45.762500762939453125 46.63124847412109375 48.21250152587890625 48.325000762939453125 46.418750762939453125 45.674999237060546875 44.38124847412109375 43.05625152587890625 40.893749237060546875 37.91249847412109375 36.125 35.5 36.25 41.1875 45.18125152587890625 50.293750762939453125 56.4375 63.481250762939453125 66.5187530517578125 70.4812469482421875 77.5187530517578125 84.7312469482421875 91.0749969482421875 97.375 105.1437530517578125 109.125 113.1125030517578125 121.625 129.881256103515625 141.9187469482421875 145.912506103515625 151.1999969482421875 153.3937530517578125 151.6437530517578125 145.493743896484375 142.024993896484375
46 49.581249237060546875 51.518749237060546875 49.987499237060546875 48.299999237060546875 46.393749237060546875 45.75 44.399997711181640625 43.99375152587890625 44.03125 44.793750762939453125 46.418750762939453125 46.19374847412109375 46.06874847412109375 43.512500762939453125 41.262500762939453125 38 37.487499237060546875 36.549999237060546875 37.88124847412109375 41.1875 46.387500762939453125 51.018749237060546875 59.13124847412109375 65.88124847412109375 68.6875 74.3625030517578125 77.05625152587890625 82.3125 87.4562530517578125 93.41249847412109375 99.43125152587890625 101.16249847412109375 102.90625 113.13124847412109375 117.94374847412109375 129.868743896484375 138.3249969482421875 143.337493896484375 144.8562469482421875 145.100006103515625 140.149993896484375 137.75
43.137500762939453125 47.049999237060546875 49.52500152587890625 48.46875 47.043750762939453125 44.59999847412109375 43.71875 42.65625 42.418750762939453125 43.481250762939453125 44.387500762939453125 43.950000762939453125 45.956249237060546875 45.91249847412109375 43.19374847412109375 40.0625 37.91249847412109375 37.77500152587890625 37.549999237060546875 38.15000152587890625 42.043750762939453125 46.41249847412109375 53.049999237060546875 60.018749237060546875 65 71.68125152587890625 73.28749847412109375 75.7687530517578125 78.9375 83.2375030517578125 84.71875 87.28125 91.90000152587890625 94.71875 99.91249847412109375 107.97499847412109375 119.9375 126.8249969482421875 133.350006103515625 137.024993896484375 136.0812530517578125 134.34375 133
42.77500152587890625 46.356250762939453125 46.231250762939453125 45.88124847412109375 44.375 42.700000762939453125 41.768749237060546875 40.731250762939453125 40.15625 39.668750762939453125 42.518749237060546875 43.487499237060546875 43.74375152587890625 44.50624847412109375 42.53749847412109375 40.137500762939453125 37.75 37.575000762939453125 37.72499847412109375 37.887500762939453125 42.65000152587890625 47.25624847412109375 53.46250152587890625 60.75 65.59999847412109375 69.93125152587890625 72.74375152587890625 73.75624847412109375 74.53749847412109375 75.66249847412109375 76.30625152587890625 76.9187469482421875 79.40000152587890625 83.78749847412109375 91.59999847412109375 99.90000152587890625 110.24375152587890625 119.40625 125.22499847412109375 129.0187530517578125 132.2375030517578125 128.0749969482421875 125.5187530517578125
40.00624847412109375 41.637500762939453125 42.77500152587890625 42.9375 41.706249237060546875 40.825000762939453125 40.38124847412109375 39.299999237060546875 38.168750762939453125 39.956249237060546875 42.11875152587890625 43.47499847412109375 44.49375152587890625 44.549999237060546875 42.33750152587890625 41.02500152587890625 38.80625152587890625 37.80625152587890625 38.21250152587890625 38.88124847412109375 42.03749847412109375 46.34999847412109375 52.637500762939453125 61.206249237060546875 64.74375152587890625 66.5749969482421875 68.7687530517578125 70.44374847412109375 71.41249847412109375 69.3937530517578125 70.2687530517578125 67.97499847412109375 69.59375 77.72499847412109375 84.1125030517578125 93.75 100.55625152587890625 109.27500152587890625 115.99375152587890625 121.5124969482421875 127.19374847412109375 124.8937530517578125 120.7375030517578125
37.44374847412109375 37.393749237060546875 38.450000762939453125 39.625 38.94374847412109375 38.581249237060546875 38.393749237060546875 37.518749237060546875 37.6875 39.03749847412109375 40.56874847412109375 41.706249237060546875 43.36875152587890625 44.174999237060546875 41.94374847412109375 40.200000762939453125 38.61875152587890625 38.02500152587890625 37.25 38.206249237060546875 42.018749237060546875 45.25 48.8125 56.46875 61.46250152587890625 63.706249237060546875 65.68125152587890625 67.18125152587890625 67.94374847412109375 67.4250030517578125 66.5749969482421875 65.93125152587890625 67.6999969482421875 71.84999847412109375 78.46875 86.78125 93 101.5625 108.9562530517578125 117.1687469482421875 122.375 124.24375152587890625 117.50624847412109375
34.956249237060546875 34.77500152587890625 36.237499237060546875 35.799999237060546875 36.075000762939453125 35.40000152587890625 35.11875152587890625 35.40000152587890625 35.77500152587890625 37.50624847412109375 38.81874847412109375 40.34375 42.481250762939453125 44.206249237060546875 42.33750152587890625 40.512500762939453125 39.46875 37.75624847412109375 37.43125152587890625 38.09375 40.72499847412109375 43.24375152587890625 46.65625 52.487499237060546875 57.412502288818359375 60.325000762939453125 62.27500152587890625 63.77500152587890625 66.40625 65.9250030517578125 64.19374847412109375 63.806247711181640625 65.0124969482421875 67.9812469482421875 73.6750030517578125 81.03125 87.21875 94.97499847412109375 101.6125030517578125 106.59375 114.3562469482421875 112.9562530517578125 109.875
34.75 35.38124847412109375 35.99375152587890625 35.549999237060546875 34.825000762939453125 34.41249847412109375 33.65000152587890625 34.40625 35.487499237060546875 36.53749847412109375 37.90000152587890625 40.362499237060546875 42.512500762939453125 43.59999847412109375 42.30625152587890625 40.956249237060546875 39.543750762939453125 38.68125152587890625 37.65000152587890625 37.612499237060546875 40.075000762939453125 41.77500152587890625 44.53749847412109375 48.65625 53.22499847412109375 56.481250762939453125 58.08750152587890625 60.06874847412109375 62.6875 62.168750762939453125 61.46875 60.825000762939453125 61.83750152587890625 64.96250152587890625 69.1062469482421875 74.7687530517578125 82.81874847412109375 88.0749969482421875 91.34999847412109375 96.28125 103.8625030517578125 103.9875030517578125 101.4250030517578125
35.487499237060546875 35.66249847412109375 34.625 35.15000152587890625 34.9375 34.575000762939453125 33.549999237060546875 33.375 34.49375152587890625 35.80625152587890625 37.481250762939453125 39.53125 42.706249237060546875 42.97499847412109375 41.700000762939453125 41.137500762939453125 41.143749237060546875 38.93125152587890625 37.03749847412109375 37.706249237060546875 39.78125 40.931247711181640625 42.44374847412109375 45.16249847412109375 48.418750762939453125 52.893749237060546875 54.66249847412109375 55.674999237060546875 56.875 57.77500152587890625 57.856250762939453125 58.524997711181640625 60.15625 63.36875152587890625 66.7687530517578125 70.3874969482421875 76.09999847412109375 82.7312469482421875 83.68125152587890625 84.65625 89.68125152587890625 92.66249847412109375 91.22499847412109375
36.31874847412109375 34.84375 33.71250152587890625 33.44374847412109375 33.78125 33.74375152587890625 33.424999237060546875 32.84375 34.174999237060546875 34.93125152587890625 36.674999237060546875 39.56874847412109375 41.68125152587890625 43.6875 43.012500762939453125 42.418750762939453125 41.856250762939453125 39.63124847412109375 37.22499847412109375 37.825000762939453125 38.4375 39.34375 39.84375 41.96250152587890625 45.61875152587890625 48.27500152587890625 50.231250762939453125 52.34375 52.5 53.78125 55.30625152587890625 56.15000152587890625 57.387500762939453125 60.356250762939453125 64.09999847412109375 66.5187530517578125 71.7937469482421875 73.5187530517578125 74.5187530517578125 77.58750152587890625 81.3937530517578125 81.8249969482421875 80.5437469482421875
38.72499847412109375 36.799999237060546875 34.987499237060546875 34.325000762939453125 34.58750152587890625 34.450000762939453125 34.5 34.25624847412109375 34.30625152587890625 35.875 37.96875 39.549999237060546875 41.893749237060546875 44.44374847412109375 44.481250762939453125 43.299999237060546875 41.99375152587890625 41.231250762939453125 39.625 39.549999237060546875 39.38124847412109375 38.96250152587890625 38.450000762939453125 40.450000762939453125 43.66249847412109375 45.38124847412109375 47.8125 48.81874847412109375 50.16249847412109375 50.80625152587890625 52.075000762939453125 52.78125 53.331249237060546875 56.25624847412109375 60.63124847412109375 64.22499847412109375 65.71250152587890625 67.03749847412109375 68.2312469482421875 72.5 75.4499969482421875 76.43125152587890625 73.03125
40.956249237060546875 38.981250762939453125 37.65625 36.806247711181640625 36.012500762939453125 34.81874847412109375 34.65000152587890625 33.72499847412109375 34.84999847412109375 35.293750762939453125 37.137500762939453125 39.606250762939453125 42.36875152587890625 43.987499237060546875 44.30625152587890625 43.21875 42.875 41.78749847412109375 40.21250152587890625 39.69374847412109375 39.78125 38.231250762939453125 38.21875 39.793750762939453125 41.0625 42 44.018749237060546875 45.956249237060546875 47.125 48.181247711181640625 49.40625 49.799999237060546875 50.43125152587890625 53.74375152587890625 57.356250762939453125 59.487499237060546875 59.65625 61.28749847412109375 63.97499847412109375 66.47499847412109375 69.41249847412109375 71.19374847412109375 71.1062469482421875
43.13124847412109375 40.00624847412109375 39.518749237060546875 38.24375152587890625 37.681247711181640625 36.40625 35.21875 34.137500762939453125 33.65625 34.106250762939453125 36.13124847412109375 39.56874847412109375 43.72499847412109375 45.91249847412109375 45.16249847412109375 44.418750762939453125 43.81874847412109375 42.268749237060546875 41.331249237060546875 39.893749237060546875 39.59375 38.987499237060546875 38.125 38.8125 39.30625152587890625 39.450000762939453125 41.231250762939453125 42.93125152587890625 43.91249847412109375 42.987499237060546875 44.3125 46.49375152587890625 48.03125 50.674999237060546875 52.63124847412109375 54.299999237060546875 55.643749237060546875 58.268749237060546875 59.518749237060546875 60.393749237060546875 61.90625 62.24375152587890625 65.06874847412109375
44.262500762939453125 42.0625 42.043750762939453125 40 39.13124847412109375 37.47499847412109375 36.299999237060546875 34.981250762939453125 34.1875 33.90625 35.72499847412109375 39.793750762939453125 44.9375 45.74375152587890625 45.97499847412109375 45.362499237060546875 44.94374847412109375 42.94374847412109375 41.049999237060546875 39.86875152587890625 37.875 38.137500762939453125 36.78749847412109375 36.69374847412109375 36.15625 37.25624847412109375 38.643749237060546875 39.981250762939453125 40.606250762939453125 40.11875152587890625 41.28749847412109375 43.71250152587890625 44.950000762939453125 47.487499237060546875 49.424999237060546875 49.918750762939453125 51.59375 53.262500762939453125 55.58750152587890625 56.456249237060546875 56.22499847412109375 57.231250762939453125 57.143749237060546875
44.424999237060546875 43.50624847412109375 43.03749847412109375 40.862499237060546875 39.918750762939453125 38.99375152587890625 37.58750152587890625 36.00624847412109375 34.481250762939453125 32.75 35.03125 39.75 43.77500152587890625 44.731250762939453125 45.637500762939453125 45.47499847412109375 44.625 42.16249847412109375 40.22499847412109375 39.16249847412109375 36.987499237060546875 35.86875152587890625 34.78749847412109375 35 34.18125152587890625 34.49375152587890625 35.625 36.31874847412109375 36.799999237060546875 37.66249847412109375 38.549999237060546875 39.88124847412109375 40.887500762939453125 43.22499847412109375 45.00624847412109375 44.88124847412109375 45.99375152587890625 49.09375 51.674999237060546875 51.66249847412109375 50.856250762939453125 51.637500762939453125 51.362499237060546875
43.450000762939453125 43.49375152587890625 42.09999847412109375 41.49375152587890625 40.674999237060546875 39.581249237060546875 38.28749847412109375 36.600002288818359375 35.137500762939453125 32.793750762939453125 37.387500762939453125 41.512500762939453125 43.33750152587890625 44.25624847412109375 45.418750762939453125 45.331249237060546875 43.174999237060546875 42.075000762939453125 39.512500762939453125 38.206249237060546875 36.61875152587890625 35.012500762939453125 33.1875 33.200000762939453125 32.78749847412109375 32.625 33.043750762939453125 33.518749237060546875 33.924999237060546875 34.28749847412109375 33.75624847412109375 35.55625152587890625 36.53749847412109375 38.875 39.512500762939453125 39.03125 41.71250152587890625 43.956249237060546875 46.075000762939453125 46.55625152587890625 46.16249847412109375 48.05625152587890625 47.512500762939453125
