data/historical-monthly-weather-data/wc2.1_cruts4.09_10m_prec_1968-08.asc
ncols        51
nrows        45
xllcorner    -63.500000000000
yllcorner    -7.500000000000
cellsize     0.166666666667
NODATA_value -9999
[rows 19 to 37 of 45, columns 0 to 42 of 51]
80.15000152587890625 82.8562469482421875 84.74375152587890625 87.30625152587890625 88.7687530517578125 89.93125152587890625 90.00624847412109375 89.31874847412109375 89.72499847412109375 88.3125 85.84375 80.83750152587890625 72.8874969482421875 65.03749847412109375 59.25 53.393749237060546875 46.362499237060546875 45.3125 46.40000152587890625 50.34999847412109375 53.106250762939453125 58.91249847412109375 69.25 76.1125030517578125 80.16249847412109375 80.86875152587890625 79.4375 75.46875 69.5 61.612499237060546875 58.518749237060546875 65.71250152587890625 72.02500152587890625 79.84375 88.40000152587890625 93.5812530517578125 96.7687530517578125 99.28125 97.65625 92.43125152587890625 83.8249969482421875 76.9499969482421875 71.84375
76.0124969482421875 80.90000152587890625 84.8312530517578125 87.94374847412109375 88.81874847412109375 89.97499847412109375 91.1374969482421875 91.50624847412109375 92.2937469482421875 90.96250152587890625 89.25624847412109375 85.6687469482421875 77.53749847412109375 69.2937469482421875 62.299999237060546875 56.206249237060546875 50.206249237060546875 47.293750762939453125 49.606250762939453125 52.487499237060546875 58.47499847412109375 66.27500152587890625 74.9187469482421875 81.97499847412109375 87.9562530517578125 86.9187469482421875 80.96250152587890625 76.1125030517578125 71.5437469482421875 68.59375 67.78749847412109375 71.08750152587890625 74.0812530517578125 78.38124847412109375 85.78749847412109375 90.24375152587890625 94.96875 97.3625030517578125 94.7624969482421875 90.5124969482421875 83.0124969482421875 77.31874847412109375 72.6999969482421875
74.5500030517578125 78.50624847412109375 83.3000030517578125 88.11875152587890625 90.8125 91.4250030517578125 93.6374969482421875 93.31874847412109375 94.8562469482421875 93.56874847412109375 93.8249969482421875 93.3625030517578125 90.34375 82.5187530517578125 74.11875152587890625 64.96875 60.424999237060546875 57.78125 58.77500152587890625 61.50624847412109375 63.987499237060546875 70.41249847412109375 79.0500030517578125 85.0500030517578125 88.5749969482421875 88.80625152587890625 88.78749847412109375 82.6687469482421875 78.34999847412109375 74.69374847412109375 72.5812530517578125 72.46875 74.16249847412109375 77.53125 80.21250152587890625 84.58750152587890625 90.84375 95.26250457763671875 93.84375 89.2687530517578125 82.5500030517578125 76.84999847412109375 71.1437530517578125
73.75 80.46250152587890625 86.47499847412109375 90.5124969482421875 94.0812530517578125 95.05625152587890625 94.78749847412109375 94.11875152587890625 97.03125 99.3625030517578125 102.43125152587890625 104.78125 105.56874847412109375 98.75 87.75 77.2687530517578125 69.78125 67.0625 67.28749847412109375 68.66249847412109375 71.4562530517578125 77.4499969482421875 84.59999847412109375 85.9187469482421875 90.8312530517578125 93.5749969482421875 92.6687469482421875 88.8312530517578125 82.65625 76.69374847412109375 73.5124969482421875 72.96875 73.6125030517578125 74.06874847412109375 74.6062469482421875 75.43125152587890625 81.5500030517578125 90.06874847412109375 91.4187469482421875 86.72499847412109375 81.52500152587890625 75.3312530517578125 69.91249847412109375
78.22499847412109375 87.27500152587890625 93.81874847412109375 95.09999847412109375 96.8125 97.84375 98.99375152587890625 99.96250152587890625 99.83750152587890625 103.5500030517578125 107.74375152587890625 114.75 118.1999969482421875 110.3874969482421875 99.1875 88.5500030517578125 80.875 77.13124847412109375 76.06874847412109375 77.2937469482421875 79.93125152587890625 84.78125 89.27500152587890625 91.9375 94.6437530517578125 95.1062469482421875 95.74375152587890625 89.4499969482421875 84.05625152587890625 79.2062530517578125 76.06874847412109375 74.0812530517578125 73.77500152587890625 71.6062469482421875 70.5437469482421875 69.8625030517578125 74.5437469482421875 82.8562469482421875 85.4562530517578125 82.1125030517578125 77.59375 72.6875 67.6687469482421875
84.65625 94.80625152587890625 100.3312530517578125 102.8000030517578125 104.0749969482421875 103.8562469482421875 103.46875 104.33750152587890625 105.84375 109.39374542236328125 112.1374969482421875 116.7687530517578125 119.5625 114.28749847412109375 105.6437530517578125 97.3249969482421875 90.53749847412109375 86.2312469482421875 84.4499969482421875 85.18125152587890625 87.6687469482421875 90.91249847412109375 94.6125030517578125 96.47499847412109375 96.6437530517578125 98.33750152587890625 95.03125 89.3312530517578125 84.05625152587890625 80.00624847412109375 76.3000030517578125 73.46250152587890625 72.41249847412109375 71.0500030517578125 69.02500152587890625 68.1062469482421875 71.84999847412109375 75.6062469482421875 77.65000152587890625 76.6125030517578125 73.40625 70.0500030517578125 66.125
92.65625 103.59375 105.80625152587890625 108.8625030517578125 108.03749847412109375 107.50624847412109375 107.03125 108.78749847412109375 108.40625 109.90000152587890625 112.71250152587890625 116.1125030517578125 117.8249969482421875 113.16249847412109375 108.41249847412109375 101.55625152587890625 96.52500152587890625 93.40625 90.71250152587890625 91.90000152587890625 94.4250030517578125 96.34999847412109375 100.1062469482421875 99.31874847412109375 98.41249847412109375 98.34999847412109375 95.1750030517578125 89.4375 84.6687469482421875 81.03125 76.7937469482421875 73.7312469482421875 71.2624969482421875 69.06874847412109375 66.63124847412109375 67.18125152587890625 69.25 70.43125152587890625 72.4250030517578125 70.9875030517578125 69.18125152587890625 66.68125152587890625 64.28125
97.0124969482421875 105.1687469482421875 108.4812469482421875 110.5124969482421875 110.5500030517578125 109.9875030517578125 110.90000152587890625 110.68125152587890625 109.09999847412109375 111.9187469482421875 114.78749847412109375 114.8125 115 112.05625152587890625 109.3625030517578125 104.33750152587890625 100.88124847412109375 97.6875 96.3000030517578125 95.4812469482421875 95.875 98.50624847412109375 100.40000152587890625 100.83750152587890625 99.4562530517578125 96.52500152587890625 94.2937469482421875 89.09999847412109375 83.75 79.3562469482421875 76.19374847412109375 72.13124847412109375 70.03125 67.6374969482421875 64.4375 64.72499847412109375 64.8249969482421875 65.72499847412109375 66.1999969482421875 65.11875152587890625 63.737499237060546875 62.293750762939453125 62.043750762939453125
102.4250030517578125 105.4562530517578125 109.0437469482421875 111.6687469482421875 113.2062530517578125 111.56874847412109375 112.0437469482421875 112.19374847412109375 111.7937469482421875 113.25624847412109375 113.1062469482421875 112.40625 112.22499847412109375 111.28749847412109375 108.28749847412109375 105.3937530517578125 103.8125 101.1374969482421875 99.8625030517578125 98.4875030517578125 98.8000030517578125 98.25 101.34999847412109375 100.8874969482421875 98.5187530517578125 94.5 92.0812530517578125 87.9499969482421875 83.28749847412109375 79.1062469482421875 74.84375 70.4187469482421875 68.03125 64.69374847412109375 62.706249237060546875 61.72499847412109375 60.731250762939453125 60.81874847412109375 61.706249237060546875 61.58750152587890625 60.38124847412109375 60.143749237060546875 60.206249237060546875
105.0625 109.1687469482421875 110.9187469482421875 113.4375 112.875 111.71875 110.75624847412109375 109.5749969482421875 111.8874969482421875 111.5812530517578125 111.25624847412109375 110.0812530517578125 109.52500152587890625 109.41249847412109375 107.8874969482421875 106 106.0187530517578125 104.40625 102.99375152587890625 102.0187530517578125 101.44374847412109375 100.47499847412109375 101.88124847412109375 99.6875 97.6374969482421875 92.8562469482421875 90.5749969482421875 86.1437530517578125 81.28749847412109375 77.1125030517578125 72.625 68.74375152587890625 65 61.11875152587890625 59.106250762939453125 59.075000762939453125 58.487499237060546875 58.34375 59.21875 58.63124847412109375 56.61875152587890625 56.887500762939453125 58.05625152587890625
109.93125152587890625 113.5749969482421875 113.93125152587890625 112.8625030517578125 112.4562530517578125 111.41249847412109375 109.49375152587890625 109.8249969482421875 110.1125030517578125 108.99375152587890625 109.26250457763671875 109.0124969482421875 108.36875152587890625 107.7062530517578125 106.86875152587890625 105.6750030517578125 104.81874847412109375 105.5749969482421875 106.63124847412109375 103.83750152587890625 102.46875 102.6999969482421875 103.59999847412109375 100.05625152587890625 96.0749969482421875 92.83750152587890625 88.2624969482421875 83.52500152587890625 77.2687530517578125 73.0500030517578125 69.375 66.18125152587890625 62.38124847412109375 59.02500152587890625 56.825000762939453125 55.762500762939453125 56.49375152587890625 56.581249237060546875 56.737499237060546875 57.63124847412109375 57.25624847412109375 56.96250152587890625 56.200000762939453125
114.73125457763671875 115.9375 113.2312469482421875 112.875 114.5500030517578125 112.05625152587890625 110.2687530517578125 108.2375030517578125 107.3874969482421875 106.28125 105.56874847412109375 107.5749969482421875 108.96875 108.3312530517578125 105.8000030517578125 104.8000030517578125 106.0437469482421875 107.21250152587890625 109.16249847412109375 107.84375 105.5500030517578125 102.49375152587890625 102.08750152587890625 98.18125152587890625 93.5 90.40000152587890625 84.4187469482421875 80.11875152587890625 74.9499969482421875 71.1437530517578125 67.9375 64.1999969482421875 59.97499847412109375 56.75624847412109375 55.3125 53.78125 53.88124847412109375 53.887500762939453125 55.40000152587890625 57.53125 57.31874847412109375 54.97499847412109375 53.22499847412109375
118.83750152587890625 119.1062469482421875 115.38124847412109375 113.71250152587890625 115.13124847412109375 112.25 109.3562469482421875 105.6437530517578125 105.0187530517578125 104.41249847412109375 103.71250152587890625 104.94374847412109375 105.1750030517578125 106.0124969482421875 104.97499847412109375 106.8000030517578125 107.0625 107.68125152587890625 108.15000152587890625 107.9875030517578125 106.16249847412109375 105.24375152587890625 102.3249969482421875 95.6875 91.2375030517578125 87.3000030517578125 81.5187530517578125 77.2375030517578125 71.7687530517578125 67.77500152587890625 65.28125 61.38124847412109375 57.5 54.75 51.68125152587890625 49.84375 49.72499847412109375 49.88124847412109375 51.674999237060546875 53.737499237060546875 53.61875152587890625 51.30625152587890625 50.450000762939453125
122.03749847412109375 120.6875 117.7062530517578125 116.7375030517578125 115.3874969482421875 111.6875 109.7687530517578125 106.8312530517578125 104.34375 103.8312530517578125 104.80625152587890625 103.9812469482421875 103.53125 105.52500152587890625 104.7687530517578125 106.72499847412109375 107.05625152587890625 108.3937530517578125 108.50624847412109375 108.18125152587890625 106.18125152587890625 104.40625 101.97499847412109375 97.7375030517578125 92.81874847412109375 87.0749969482421875 81.11875152587890625 74.11875152587890625 68.9499969482421875 64.63124847412109375 62.049999237060546875 58.0625 54.28749847412109375 51.06874847412109375 48.174999237060546875 46.200000762939453125 45.56874847412109375 45.018749237060546875 46.27500152587890625 47.793750762939453125 47.299999237060546875 46.03125 45.16249847412109375
124.49375152587890625 124.25624847412109375 120.8937530517578125 120.8625030517578125 115.3312530517578125 112.65625 111.4499969482421875 108.4562530517578125 104.8312530517578125 102.4375 101.4187469482421875 101.96875 103.28125 101.6999969482421875 102.86875152587890625 103.36875152587890625 105.3312530517578125 105.7312469482421875 105.46250152587890625 106.27500152587890625 105.1437530517578125 103.5812530517578125 102.05625152587890625 96.72499847412109375 92.6125030517578125 87.3562469482421875 80.4875030517578125 72.4812469482421875 67.6125030517578125 63.5 60 55.612499237060546875 51.018749237060546875 47.09999847412109375 44.512500762939453125 42.43125152587890625 41.362499237060546875 40.16249847412109375 40.91249847412109375 41.225002288818359375 41.61875152587890625 41.05625152587890625 40.08750152587890625
127.69374847412109375 126.40000152587890625 123.93125152587890625 121 117.5812530517578125 114.7687530517578125 112.69374847412109375 109.84375 103.78125 101.5625 99.75 101.43125152587890625 101.05625152587890625 101.6875 102.4250030517578125 103.6999969482421875 105.0437469482421875 105.05625152587890625 104.78749847412109375 105.6062469482421875 104.95000457763671875 102.96875 100.3562469482421875 96.11875152587890625 91.25624847412109375 86.7312469482421875 79.30625152587890625 71.2687530517578125 66.2062530517578125 62.06874847412109375 57.16249847412109375 52.081249237060546875 47.612499237060546875 43.40000152587890625 40.4375 38.225002288818359375 36.28125 35.325000762939453125 35.86875152587890625 35.90000152587890625 35.55625152587890625 35.125 34.78125
129.7062530517578125 129.7687530517578125 127.09999847412109375 124.59999847412109375 122.6999969482421875 118.5124969482421875 115.49375152587890625 111.43125152587890625 106.5812530517578125 104.8937530517578125 105.05625152587890625 104.83750152587890625 105.5749969482421875 105.2312469482421875 105.5812530517578125 106.88124847412109375 106.24375152587890625 107.375 105.8125 105.94374847412109375 105.65625 105.71875 102.46250152587890625 98.2624969482421875 92.4250030517578125 86.71875 78.66249847412109375 72.4375 65.4250030517578125 59.96250152587890625 54.549999237060546875 49.25 43.50624847412109375 39.90000152587890625 36.52500152587890625 33.71250152587890625 32.47499847412109375 31.431249618530273438 31.206249237060546875 31.587499618530273438 31.274999618530273438 31.424999237060546875 30.493749618530273438
127.5500030517578125 128.4250030517578125 126.75 126.4562530517578125 125.86249542236328125 122.84375 120.05625152587890625 117.38124847412109375 111.3562469482421875 107.5 111.2624969482421875 114.18125152587890625 114.40625 111.71250152587890625 111.81874847412109375 109.97499847412109375 108.19374847412109375 108.1374969482421875 107.59999847412109375 106.4187469482421875 106.1125030517578125 106.1437530517578125 103.49375152587890625 99.63124847412109375 94.52500152587890625 87.1374969482421875 79.7062530517578125 72.52500152587890625 63.893749237060546875 57.887500762939453125 52.49375152587890625 46.362499237060546875 41.00624847412109375 36.55625152587890625 33.09375 30.65625 29.299999237060546875 28.418750762939453125 27.962499618530273438 28.174999237060546875 27.674999237060546875 27.737499237060546875 26.84375
127.25624847412109375 129.3312530517578125 127.625 130.056243896484375 131.1125030517578125 127.68125152587890625 124.9875030517578125 121.9499969482421875 118.375 114.2687530517578125 124.94374847412109375 127.8937530517578125 123.0124969482421875 120.59375 119.83750152587890625 115.91249847412109375 111.3125 109.3562469482421875 110.49375152587890625 108.8937530517578125 107.96875 106.24375152587890625 103.84999847412109375 99.9562530517578125 95.1125030517578125 89.0812530517578125 81.4499969482421875 73.90000152587890625 65.5500030517578125 58.174999237060546875 51.03749847412109375 45.28125 40.15000152587890625 34.41249847412109375 30.368749618530273438 27.731250762939453125 27.03125 26.306249618530273438 26.018751144409179688 26.081249237060546875 24.631250381469726562 24.068750381469726562 23.450000762939453125
