data/historical-monthly-weather-data/wc2.1_cruts4.09_10m_tmin_1989-03.asc
ncols        45
nrows        45
xllcorner    -63.500000000000
yllcorner    -7.500000000000
cellsize     0.166666666667
NODATA_value -9999
20.0625 21 21 21 21 21 21 21 21 21 20.75 20.8125 21 21 21 21 21 21 21 21 21 21 21 21 21 21 21 20.6875 20.625 20.9375 20.9375 21 21 21 21 21 21 21 21 21 21 21 21 20.625 21 
20 20.875 21 21 21 21 21 21 21 20.6875 20.1875 20 20 20.125 20.5 20.25 20.5 20.9375 21 21 21 21 21 21 21 21.0625 21 20.625 20.5625 21 21 21 21 20.8125 21 20.625 21 21 21 21.3125 21.3125 21 21 20.8125 21 
20.6875 21 21 21 21 21 21 20.875 20.4375 20.25 20.125 20 20 20 20 20.125 20.5625 20.9375 21 21 21 21 21 21 21 21.0625 21.25 20.8125 21 21 21 21 21 20.9375 20.75 21 21 21 21.3125 21.9375 21.6875 21.1875 21 21 21 
20.9375 21 21 21 21 20.8125 20.125 20.0625 20 20 20 20 20 20 20 20.0625 20.5 21 21 21 20.6875 20.625 21 21 21 21.1875 21.25 21 21 21 21 21 21 21 21 21.4375 21.3125 21.1875 21.625 22 21.875 21.3125 21 21 21 
21 21 21 21 21 20.8125 20 20 20 20 20 20 20 20 20 20 20.625 21 21 21 20.9375 20.875 21 21 21 21.25 21.9375 21.3125 21 21.125 21 21 21 21 21 21.375 21.875 21.5625 21.8125 22 21.875 22 21.4375 21 21 
21 21 20.8125 20.9375 21 20.375 20 20 20 20 20 20 20 20 20 20.25 21 21 21 21 20.9375 21 21 21 21 21.125 21.4375 21.75 21.1875 21 21 21 21 20.875 20.8125 21 21.0625 21.875 22 21.875 21.375 21.75 21.125 21 21 
21 21 20.625 20.0625 20.375 20.5 20.0625 20 20 20 20 20 20 20 20 20.5625 20.9375 21 21 21 21 21 21 21.0625 21 21 21 21.5625 21.625 21.3125 21 21 21 21 21 21.0625 21.375 21.9375 22 21.875 21.875 21.875 21.75 21.4375 21.1875 
21 21 20.5 20 20 20 20 20.0625 20.25 20 20 20.125 20 20 20 20.625 21 21 21 21 21 21 21.25 21.1875 21 21.25 21.5 21.875 21.875 21.6875 21.0625 21 21 21 21 21.125 21.625 22 22 22 22 22 22 22 21.9375 
21 21 20.5625 20 20 20 20 20 20 20 20 20.3125 20.0625 20 20.125 20.8125 21 21 21 21 21 21 21.5625 21.5625 21 21.0625 21.8125 22 21.625 21.0625 21.0625 21 21 21.125 21.3125 21.375 21.5 22 22 22 22 22 22 21.9375 21.9375 
21 21 20.9375 20.25 20 20 20 20 20 20 20 20.5625 20.3125 20 20.1875 20.75 21 21 21 21 21 21 21.6875 21.4375 21.5625 21.5625 21.1875 21.6875 21.5625 21.5 21.125 21 21 21 21.3125 21.75 22 22 21.9375 22 21.8125 21.625 21.6875 21.5625 21.8125 
21 21 20.875 20.1875 20 20 20 20 20 20 20 20 20.5 20.125 20.75 21 21 21 21 21 21 21 21.4375 22 21.8125 21.1875 21 21 21.125 21.9375 21.3125 21 21 21 21 21.4375 22 22 22 22 21.9375 21.75 21.6875 21.875 21.625 
20.625 20.25 20.0625 20 20 20 20 20 20 20 20 20.0625 20.875 20.8125 20.8125 21 21 21 21 21 21 21 21.0625 21.375 21.5625 21 21.1875 21.25 21.3125 21.25 21.5625 21.375 21 21 21 21.3125 21.9375 22 22 22 22 22 22 22 22 
20 20 20 20 20 20 20 20 20 20 20 20 20.125 21 21 21 21 21 21 21 21 21 21 21 21.3125 21.5 21.6875 22 21.875 21.3125 21 21.3125 21.375 21 21 21.75 22 22 22 22 22 22 22 22 22 
20 19.5 20 20 20 20 20 20 20 20 20 20.3125 20.75 21 21 21 21 21 21 21 21 21 21 21 21 21.5625 22 22 22 22 21.875 21.375 21.625 21.0625 21 21.6875 22 22 22 22 22.25 22 22 22 21.625 
20 19.25 20 20 20 20 20 20 20 20 20.5 20.9375 21 21 21 21 21 21 21 21 21 21 21 21.0625 21.0625 21.0625 21.3125 21.75 22 21.625 21.9375 21.9375 21.75 21.6875 21.5625 22 22 22.125 22 22.8125 22.625 22 22 22 21.5625 
20 19.3125 20 20 20 20 20 20 20 20.625 21 21 21 21 21 21 21 21 21 21 21 21 21 21 21.375 21.25 21.1875 21.1875 21.75 21.5 21.0625 21.375 21.875 22 22 22 22.1875 23 22.875 22.375 22.5 22 22 21.8125 21.625 
20 19.375 20 20 20 20 20 20 20.25 21 21 21 21 21 21 21 21 21 21 21 21 21 21.0625 21.25 21.5 22 21.9375 22 22 21.75 21.125 21.5625 21.6875 22 22 22 22.125 22.75 22.6875 22.5 22.0625 22 22 22 21.8125 
20 19.875 20 20 20 20 20 20.25 20.9375 21 21 21 21 21 21 21 21 21.4375 21.0625 21 21 21.0625 21.1875 21.8125 22 22 22 22 22 22 22 22 22 22 22 22 22 22 22 22 22 22 22 22 21.9375 
20 19.75 20 20 20 20 20.3125 21 21 21 21 21 21 21 21 21.0625 21 21.25 21.875 21.25 21.75 21.75 22 22 22 22 22 22 22 22 22 22 22 22 22 22 22 22 22 22 22 22 22 22 22 
20 19.875 20 20 20 20 20.9375 21 21 21 21 21 21 21 21.125 21.375 21.5625 21.25 21.5625 21.5 21.75 22 22 22 22 22 22 22 22 22 22 22 22 22 22 22 22 22 22 22 22 22 22 22 22 
20.125 20 20 20 20.125 20.5 21 21 21 21 21 21 21 21 21.5 22 22 22 21.875 22 22 22 22 22 22 22 22 22 22.0625 22 22 22 22 22 22 22 22 22 22 22 22 22 22 22 22 
20.125 20 20 20 20 20.8125 21 21 21 21 21 21 21 21 21.125 21.8125 21.625 21.75 21.875 22 22 22 22 22 22 22 22 22 22.0625 22 22 22 22 22 22 22 22 22 22 22 22 22 22 22 21.625 
20.625 20 20 20 20 20.75 21 21 21 21 21 21 21 21 21.125 21.25 21.5 21.9375 22 22 22 22 22 22 22 22 22 22 22 22 22.0625 22 22 22 22 22 22 22 22 22 22 22 22 22 21.5 
21 20 20 20.25 20.5625 21 21 21 21 21 21 21 21 21 21 21 21.0625 21.875 22 22 22 22 22 22 22 22 22 22 22 22 22.0625 22 22 22 22 22 22 22 22 22 22 22 22 22 21.25 
21 21 21 20.9375 20.9375 21 21 21 21 21 21 21 21 21 21 21.3125 21.6875 22 22 22 22 22 22 22 22 22 22 22 22.125 22 22 22 22 22 22 22 22 22 22 22 22 22 22 21.875 21.9375 
21.0625 21 21 21 21 21 21 21 21 21.125 21.0625 21 21 21 21 21.8125 22 22 22 22 22 22 22 22 22 22 22 22 22.0625 22 22 22 22 22 22 22 22 22 22 22 22 22 22 22 22 
21.4375 21 21 21 21 21 21 21 21 21 21 21 21 21 21 22 22 22 22 22 22 22 22 22 22 22 22 22 22 22.1875 22 22 22 22 22 22 22 22 22 22 22 22 22 22 22 
21 21 21 21 21 21 21 21 21 21 21 21 21 21.0625 21.6875 22 22 22 22 22 22 22 22 22 22 22 22 22 22 22 22 22 22 22 22 22 22 22 22 22 22 22 22 22 21.8125 
21 21 21 21 21 21 21 21 21 21 21 21 21.1875 21.9375 21.9375 22 22 22 22 22 22 22 22 22 22 22 22 22 22 22 22 22 22 22 22 22 22 22 22 22 22 22 22 22 21.0625 
21 21 21 21 21 21 21 21 21 21 21 21.0625 21.625 22 22 22 22 22 22 22 22 22 22 22 22 22 22 22 22 22 22 22 22 22 22 22 22 21.9375 22 22 22 22 22 21.8125 21.75 
21.3125 21 21 21 21 21 21 21 21 21 21 21.5 22 22 22 22 22 22 22 22 22 22 22 22 22 22 22 22 22 22 22 22 22 22 21.5 21.875 22 21.9375 22 22 22 22 22 22 22 
21.75 21.0625 21.0625 21 21 21 21 21 21 21.125 21.75 22 22 22 22 22 22 22 22 22 22 22 22 22 22 22 22 22 22 22 22 22 22 22 21.4375 22 22 22 22 22.1875 22 22 22 21.875 22 
22 21.9375 21.375 21.0625 21 21 21 21 21 21.125 21.8125 22 22 22 22 22 22 22 22 22 22 22 22 22 22 22 22 22 22 22 22 22 22 22 21.875 22 22 22 22.1875 22.125 22 22 22 22 22 
22 22 21.1875 21 21 21 21 21 21 21.5 22 22 22 22 22 22 22 22 22 22 22 22 22 22 22 22 22 22 22 22 22 22 22 22 22 22 22 22.1875 22.25 22 22 22 21.5625 21.9375 21.8125 
22 21.625 21 21 21 21 21 21 21 21.5625 22 22 22 22 22 22 22 22 22 22 22 22 22 22.125 22 22 22 22 22 22 22 22 22 22 22 22 22.4375 22.4375 22 22 22 22 21.875 21.9375 21.8125 
21.625 21.375 21 21 21.0625 21 21 21.125 21.3125 22 22 22 22 22 22 22 22 22 22 22 22 22 22 22 22 22 22 22 22 22 22 22 22 22 22 22.25 22.125 22.125 22 22 22 22 22 21.875 21.25 
21.5625 21 21 21 21 21 21 21.5625 22 22 22 22 22 22 22 22 22 22 22 22 22 22 22 22 22 22 22 22 22 22 22 22 22 22 22 22.0625 22 22 22 22 22 21.875 21.9375 21.5625 21 
21.25 21 21 21 21 21 21.25 21.875 22 22 22 22 22 22 22 22 22 22 22 22 22 22 22 22 22 22 22 22 22 22 22 22 22 22 22.25 22 22 22 21.875 21.25 21.375 21.0625 21.3125 21.6875 21 
21 21 21 21 21 21.4375 21.5625 21.9375 21.9375 22 22 22 22 22 22 22 22 22 22 22 22 22 22 22 22 22 22 22 22 22 22 22 22.25 22.0625 22 22 22 22 21.6875 21.5625 21.6875 21 21 21.125 21 
21 21 21 21 21 21 21.4375 21.3125 21.625 22 22 22 22 22 22 22 22 22 22 22 22 22 22 22 22 22 22 22 22 22 22 22 21.9375 22 21.9375 22 22 22 21.4375 21.625 21.5625 21 21 21 21 
21 21 21 21 21 21 21.0625 21 21.3125 22 22 22 22 22 22 22 22 22 22 22 22 22 22 22 22 22 22 22 22 22 22 21.6875 21.375 21.625 21.5 22 22 22 21.25 21.4375 21.1875 21 21 21 21 
21 21 21 21 21 21 21 21 21 21.5 22 22 22 22 22 22 22 22 22 22 22 21.6875 21.5 21.9375 21.5625 22 22 22 22 21.875 22 21.6875 21.125 21.1875 21.125 21.9375 22 22 21.25 21.3125 21.125 21 21 21 21 
21 21 21 21 21 21 21 21 21 21.1875 21.375 21.8125 21.625 22 22 22 22 22 22 22 21.875 21.8125 21.5 21.375 21 21.4375 22 22 22 22 22 22 22 21.375 21 21.0625 21.875 21.75 21.1875 21.25 21 21 21 21 21 
21 21 21 21 21 21 21 21 21 21 21 21 21 21.875 22 22 22 22 21.9375 21.25 21 21.125 21.1875 21.8125 21.5 21.5 22 22 22 21.75 22 22 22 21.875 21.125 21 21.125 21.3125 21 21 21 21 21 21.0625 21 
21 21 21 21 21 21 21 21 21 21 21 21 21 21.3125 21.625 21.9375 22 22 21.4375 21.0625 21.0625 21 21.375 21.6875 21 21.125 21.875 22 21.9375 21.625 22 22 22 22 21.625 21.0625 21 21 21 21 21 21 21 21.3125 21 
