data/historical-monthly-weather-data/wc2.1_cruts4.09_10m_prec_1974-03.asc
ncols        45
nrows        45
xllcorner    -63.500000000000
yllcorner    -7.500000000000
cellsize     0.166666666667
NODATA_value -9999
[rows 19 to 37 of 45, columns 0 to 43 of 45]
141.475006103515625 145.4812469482421875 151.1062469482421875 158.1437530517578125 166.0500030517578125 174.6999969482421875 182.9124908447265625 190.9562530517578125 199.21875 207.006256103515625 213.600006103515625 214.524993896484375 216.306243896484375 217.712493896484375 212.7624969482421875 205.193756103515625 198.412506103515625 198.625 199.2937469482421875 203.1062469482421875 213.3625030517578125 223.868743896484375 234.743743896484375 244.3312530517578125 255.350006103515625 266.774993896484375 275.912506103515625 285.850006103515625 294.54376220703125 300.274993896484375 301.73126220703125 297.024993896484375 285.5 274.45001220703125 270.431243896484375 286.76251220703125 305.899993896484375 315.225006103515625 320.412506103515625 322.76873779296875 322.33123779296875 320 318.79998779296875 316.681243896484375
136.125 141.7375030517578125 148.712493896484375 156.3000030517578125 164.537506103515625 173.9499969482421875 183.3000030517578125 191.84375 200.412506103515625 206.943756103515625 211.162506103515625 211.8000030517578125 212.181243896484375 213.7312469482421875 209.556243896484375 201.7624969482421875 195.274993896484375 193.631256103515625 194.8125 197.024993896484375 205.993743896484375 216.0437469482421875 225.318756103515625 236.0625 247.712493896484375 259.631256103515625 269.0625 277.89373779296875 286.34375 292.100006103515625 292.774993896484375 288.350006103515625 275.131256103515625 257.73126220703125 241.4375 261.14373779296875 289.212493896484375 306.03125 315.16876220703125 318.90625 319.54376220703125 318.256256103515625 315.193756103515625 313.04998779296875
131.5 137.631256103515625 145.743743896484375 153.9562530517578125 162.9187469482421875 173.2624969482421875 183.4250030517578125 193.125 201.756256103515625 206.1750030517578125 206.899993896484375 205 203.28125 203.2937469482421875 200.943756103515625 196.875 193.537506103515625 192.287506103515625 192.399993896484375 193.2937469482421875 198.368743896484375 204.850006103515625 213.743743896484375 223.7375030517578125 235.625 249.350006103515625 262.443756103515625 272.118743896484375 280.868743896484375 286.375 286.79376220703125 283.20623779296875 273.006256103515625 262.01873779296875 256.73126220703125 269.46875 291.34375 307.67498779296875 316.6875 319.0625 318.46875 316.70001220703125 313.931243896484375 311.699981689453125
128.631256103515625 135.618743896484375 143.649993896484375 152.3562469482421875 161.3874969482421875 171.4375 181.5749969482421875 193.1999969482421875 203.5500030517578125 204.9562530517578125 202.443756103515625 196.9875030517578125 192.756256103515625 192.9250030517578125 193.399993896484375 192.1062469482421875 190.0124969482421875 189.1437530517578125 188.537506103515625 188.5124969482421875 191.34375 194.4875030517578125 199.6437530517578125 209.0500030517578125 222.524993896484375 238 252.4499969482421875 264.274993896484375 273.681243896484375 279.08123779296875 281.59375 282.98748779296875 280.181243896484375 276.212493896484375 279.04998779296875 289.774993896484375 304.350006103515625 315.73126220703125 321.1875 321.45001220703125 319.08123779296875 316.318756103515625 313.431243896484375 310.14373779296875
127.56874847412109375 133.9187469482421875 141.84375 150.4499969482421875 159.3249969482421875 168.7624969482421875 179.2937469482421875 190.53125 199.787506103515625 199.9562530517578125 196.125 191.25 185.243743896484375 186.6875 189.037506103515625 189.381256103515625 188.712493896484375 187.96875 185.912506103515625 184.53125 185.381256103515625 186.287506103515625 189.0124969482421875 197.274993896484375 208.7375030517578125 223.3625030517578125 238.65625 253.2375030517578125 265.51873779296875 274.712493896484375 282.225006103515625 287.59375 289.01873779296875 290.649993896484375 296.73748779296875 307.806243896484375 318.631256103515625 323.399993896484375 324.23748779296875 322.79376220703125 319.98748779296875 316.07501220703125 312.787506103515625 308.556243896484375
129.1374969482421875 134.056243896484375 140.4812469482421875 148.662506103515625 157.75 166.7375030517578125 175.462493896484375 184.2937469482421875 191.181243896484375 193.3562469482421875 192.6437530517578125 188.993743896484375 186.868743896484375 187.787506103515625 188.2687530517578125 189.0625 188.431243896484375 187.4312591552734375 185.181243896484375 181.7312469482421875 179.84375 178.5 178.431243896484375 183.787506103515625 195.056243896484375 211.412506103515625 226.975006103515625 244.375 259.14373779296875 273.14373779296875 283.881256103515625 292.65625 297.837493896484375 302.337493896484375 308.40625 314.39373779296875 321.975006103515625 325.381256103515625 324.76873779296875 324.20001220703125 321.36248779296875 316.681243896484375 311.25 308.82501220703125
132.725006103515625 136.9124908447265625 141.3625030517578125 148.568756103515625 155.850006103515625 163.587493896484375 171.0437469482421875 178.212493896484375 183.78125 186.868743896484375 188.1437530517578125 188.162506103515625 188.556243896484375 189.5437469482421875 189.5749969482421875 190.287506103515625 189.2062530517578125 188.181243896484375 185.806243896484375 180.524993896484375 177.475006103515625 172.7062530517578125 168.71875 170.693756103515625 182.7687530517578125 200.90625 219.8312530517578125 237.6374969482421875 254.96875 271.85626220703125 286.38751220703125 299.337493896484375 307.100006103515625 311.162506103515625 315.21875 318.568756103515625 323.074981689453125 325.493743896484375 325.60626220703125 324.506256103515625 322.243743896484375 316.45623779296875 308.225006103515625 304.462493896484375
137.649993896484375 139.3312530517578125 143.3874969482421875 148.5625 154.118743896484375 160.71875 166.756256103515625 172.4812469482421875 177.21875 181.149993896484375 183.9875030517578125 185.350006103515625 186.7624969482421875 188.506256103515625 189.6062469482421875 190.568756103515625 191.4812469482421875 190.34375 187.881256103515625 184 179.087493896484375 172.8874969482421875 165.3625030517578125 165.2375030517578125 179.4187469482421875 196.975006103515625 216.524993896484375 234.375 252.475006103515625 270.35626220703125 287.1875 303.76873779296875 313.506256103515625 315.51251220703125 317.274993896484375 319.993743896484375 323.96875 325.8125 326.51873779296875 326.475006103515625 323.20001220703125 316.1875 306.53125 300.662506103515625
143.2062530517578125 143.100006103515625 145.881256103515625 149.5812530517578125 152.9562530517578125 158.15625 164.0749969482421875 168.8874969482421875 172.993743896484375 176.7937469482421875 179.5 181.5 183.868743896484375 186.412506103515625 188.6687469482421875 190.743743896484375 193.131256103515625 194.3625030517578125 193.1875 190.318756103515625 185.53125 178.8874969482421875 174.506256103515625 175.524993896484375 185.3312530517578125 199.818756103515625 217.40625 235.21875 252.5812530517578125 269.17498779296875 285.837493896484375 301.618743896484375 310.88751220703125 313.212493896484375 315.368743896484375 318.693756103515625 321.28125 324.64373779296875 326.88751220703125 329.10626220703125 329.48126220703125 321.11248779296875 307.850006103515625 301.17498779296875
148.46875 147.0562591552734375 148.5437469482421875 150.375 153.3000030517578125 157.243743896484375 161.2687530517578125 165.381256103515625 169.2062530517578125 172.3937530517578125 175.6062469482421875 178.2624969482421875 181.0187530517578125 184.431243896484375 188.568756103515625 192.78125 197.493743896484375 200.100006103515625 200.875 199.524993896484375 195.131256103515625 189.2375030517578125 186.131256103515625 186.9812469482421875 194.600006103515625 205.274993896484375 220.568756103515625 237.21875 253.662506103515625 269.318756103515625 283.76251220703125 297.58123779296875 305.912506103515625 309.625 312.76873779296875 316.40625 318.70623779296875 322.337493896484375 325.42498779296875 327.725006103515625 332.181243896484375 323.82501220703125 310.92498779296875 311.73748779296875
155.03125 152.375 152.4562530517578125 153.03125 154.537506103515625 156.4562530517578125 159.3000030517578125 162.274993896484375 165.5625 168.274993896484375 171.399993896484375 175.5187530517578125 180.0124969482421875 184.600006103515625 189.681243896484375 194.96875 200.4187469482421875 206.46875 208.787506103515625 206.2624969482421875 202.0187530517578125 197.556243896484375 194.943756103515625 197.0500030517578125 203.1999969482421875 212.806243896484375 226.743743896484375 241.4499969482421875 255.9749908447265625 269.162506103515625 281.91876220703125 293.01251220703125 300.20001220703125 306.04998779296875 310.337493896484375 313.337493896484375 315.625 319.70001220703125 319.23126220703125 320.862518310546875 325.39373779296875 325.506256103515625 321.10626220703125 326.96875
160.53125 156.662506103515625 155.5812530517578125 155.568756103515625 156.100006103515625 156.2624969482421875 158.125 159.743743896484375 162.1812591552734375 164.568756103515625 167.618743896484375 172.306243896484375 178.0124969482421875 183.3000030517578125 189.4875030517578125 196.15625 203.899993896484375 210.725006103515625 215.6437530517578125 213.0187530517578125 208.8874969482421875 204.3249969482421875 202.774993896484375 205.3625030517578125 210.774993896484375 220.59375 232.524993896484375 245.0812530517578125 258.568756103515625 269.57501220703125 280.36248779296875 290.70001220703125 297.493743896484375 303.350006103515625 308.225006103515625 310.15625 312.512481689453125 316.818756103515625 314.70623779296875 309.762481689453125 315.8125 324.86248779296875 330.07501220703125 337.493743896484375
165.2937469482421875 160.4812469482421875 158.34375 157.3125 157.024993896484375 156.037506103515625 156.6750030517578125 156.78125 158.462493896484375 160.4812469482421875 163.274993896484375 168.556243896484375 174.6437530517578125 181.649993896484375 189.1875 197.125 203.9375 210.443756103515625 215.2937469482421875 215.5749969482421875 212.131256103515625 209.5 207.75 210.6875 217.8125 226.337493896484375 236.493743896484375 248.8249969482421875 260.01873779296875 270.068756103515625 279.76873779296875 288.83123779296875 294.45623779296875 300.181243896484375 305.26873779296875 307.51251220703125 311.287506103515625 314.568756103515625 309.993743896484375 308.212493896484375 317.61248779296875 330.89373779296875 340.65625 353.850006103515625
171.912506103515625 166.993743896484375 163.524993896484375 160.9875030517578125 158.71875 157.0437469482421875 155.662506103515625 154.28125 154.84375 156.818756103515625 160.837493896484375 166.3125 173.5500030517578125 182.53125 190.118743896484375 197.4812469482421875 203.618743896484375 209.96875 213.8249969482421875 215.1624908447265625 213.9812469482421875 212.006256103515625 210.2312469482421875 214.1437530517578125 220.3312530517578125 227.6999969482421875 237.412506103515625 249.024993896484375 260.88751220703125 270.306243896484375 279.625 288.462493896484375 294.51251220703125 300.068756103515625 304.193756103515625 308.625 312.82501220703125 315.34375 312.493743896484375 317.756256103515625 327.21875 340.068756103515625 353.07501220703125 368.15625
178.5749969482421875 173.431243896484375 169.46875 165.5500030517578125 161.7937469482421875 158.162506103515625 154.837493896484375 152.068756103515625 151.7312469482421875 153.068756103515625 156.7375030517578125 164.274993896484375 172.774993896484375 181.40625 188.712493896484375 196.537506103515625 203.6374969482421875 209.1750030517578125 211.993743896484375 213.6750030517578125 213.9562530517578125 212.524993896484375 211.8937530517578125 214.868743896484375 220.3812408447265625 226.412506103515625 236.7312469482421875 247.943756103515625 260.899993896484375 270.024993896484375 278.631256103515625 288.51873779296875 295.162506103515625 300.243743896484375 305.75 310.493743896484375 314.443756103515625 316.881256103515625 319.462493896484375 325.98126220703125 333.8125 346.51873779296875 362.774993896484375 379.63751220703125
185.506256103515625 180.524993896484375 175.600006103515625 170.0812530517578125 164.03125 159.256256103515625 154.149993896484375 150.381256103515625 148.556243896484375 148.75 152.725006103515625 161.787506103515625 171.96875 181.2687530517578125 189.2937469482421875 196.087493896484375 202.9562530517578125 207.90625 210.6125030517578125 212.2375030517578125 213.2062530517578125 211.931243896484375 211.25 213.756256103515625 218.943756103515625 224.912506103515625 234.7937469482421875 246.9187469482421875 258.943756103515625 269.08123779296875 279.23748779296875 289.46875 295.712493896484375 301.34375 306.16876220703125 310.26251220703125 314.53125 321.381256103515625 326.024993896484375 331.8125 339.274993896484375 349.975006103515625 365.225006103515625 382.0625
194.524993896484375 188.337493896484375 181.837493896484375 175 167.9499969482421875 162.0625 156.625 151.1875 147.8312530517578125 147.4375 151.056243896484375 160.3000030517578125 171.431243896484375 181.3562469482421875 188.774993896484375 195.53125 201.243743896484375 205.6750030517578125 209.03125 211.3625030517578125 211.931243896484375 210.4812469482421875 209.337493896484375 212.318756103515625 217.0187530517578125 222.53125 232.5 244.943756103515625 257.306243896484375 268.306243896484375 280.337493896484375 291.399993896484375 296.837493896484375 303.118743896484375 307.88751220703125 311.643768310546875 318.26873779296875 325.118743896484375 328.256256103515625 334.38751220703125 342.212493896484375 351.368743896484375 362.73126220703125 378.1875
203.068756103515625 196.256256103515625 188.6999969482421875 180.4499969482421875 172.681243896484375 166.5500030517578125 160.2062530517578125 154.024993896484375 148.9250030517578125 145.6687469482421875 150.53125 162.4812469482421875 173.256256103515625 181.475006103515625 188.6999969482421875 194.3249969482421875 198.993743896484375 202.962493896484375 206.6062469482421875 207.875 208.6374969482421875 207.375 206.537506103515625 208.75 213.0187530517578125 218.7062530517578125 229.006256103515625 242.28125 254.84375 267.693756103515625 280.850006103515625 293.04376220703125 299.806243896484375 306.212493896484375 310.568756103515625 315.54376220703125 322.243743896484375 329.149993896484375 332.274993896484375 335.5 340.899993896484375 348.506256103515625 358.4375 371.006256103515625
211.399993896484375 204.462493896484375 195.6624908447265625 186.6750030517578125 178.6999969482421875 172.5437469482421875 166.100006103515625 159.193756103515625 154.462493896484375 149.6062469482421875 158.537506103515625 170.28125 177.6437530517578125 183.6999969482421875 188.9187469482421875 193.631256103515625 196.568756103515625 199.7687530517578125 202.350006103515625 202.8874969482421875 202.568756103515625 201.756256103515625 202.225006103515625 204.3562469482421875 208.6687469482421875 214.8000030517578125 225.3000030517578125 239.3000030517578125 252.9250030517578125 266.962493896484375 280.712493896484375 293.899993896484375 301.23126220703125 308.26873779296875 312.399993896484375 318.79376220703125 325.318756103515625 330.193756103515625 334.0625 337.54998779296875 339.662506103515625 346.475006103515625 352.91876220703125 359.274993896484375
