data/historical-monthly-weather-data/wc2.1_cruts4.09_10m_prec_2000-07.asc
ncols        51
nrows        45
xllcorner    -63.500000000000
yllcorner    -7.500000000000
cellsize     0.166666666667
NODATA_value -9999
[rows 19 to 37 of 45, columns 0 to 42 of 51]
193.5437469482421875 197.993743896484375 194.8625030517578125 190.9812469482421875 185.3937530517578125 182.4187469482421875 170.1687469482421875 162.03125 153.693756103515625 141.375 131.1687469482421875 126.8562469482421875 119.1999969482421875 111.5187530517578125 99.78749847412109375 87.4499969482421875 78.83750152587890625 80.73749542236328125 71.96250152587890625 65.83750152587890625 57.393749237060546875 55.77500152587890625 57.24375152587890625 62.38124847412109375 66.09999847412109375 66.46875 70.5749969482421875 78.28749847412109375 83.13124847412109375 86.625 95.86875152587890625 112.5187530517578125 123.3874969482421875 134.506256103515625 148.3562469482421875 167.912506103515625 183.943756103515625 196.225006103515625 205.0124969482421875 204.399993896484375 193.09375 179.0812530517578125 174.7312469482421875
174.4250030517578125 188.90625 193.412506103515625 185.5625 176.8874969482421875 173.6374969482421875 164.625 157.381256103515625 148.149993896484375 138.1875 127.02500152587890625 122.6687469482421875 116.8562469482421875 108.2624969482421875 97.21875 86.9562530517578125 79.90000152587890625 75.6750030517578125 72.99375152587890625 64.6125030517578125 62.8125 61.08750152587890625 60.93125152587890625 67.09375 70.8000030517578125 70.40625 70.59375 77.50624847412109375 85.4875030517578125 91.34375 102.84999847412109375 115.52500152587890625 121.3000030517578125 133.1125030517578125 146.8562469482421875 163.2375030517578125 178.6437530517578125 186.3937530517578125 189.2624969482421875 187.131256103515625 181.5625 175.3562469482421875 167.837493896484375
168.4812469482421875 171.8874969482421875 178.662506103515625 177.3125 172.6999969482421875 162.8249969482421875 155.3000030517578125 148.537506103515625 141.7624969482421875 132.9812469482421875 125.05625152587890625 117.0437469482421875 110.09375 106.7312469482421875 100.1999969482421875 90.21875 85.59375 79.2375030517578125 74.58750152587890625 68.9812469482421875 63.8125 62.09375 62.36875152587890625 65.28125 67.0812530517578125 68.1374969482421875 74.84999847412109375 78.875 89.74375152587890625 99.31874847412109375 106.78125 114.2687530517578125 120.65000152587890625 129.625 138.7062530517578125 155.4499969482421875 169.162506103515625 176.9875030517578125 179.90625 179.368743896484375 175.8625030517578125 171.6750030517578125 166.524993896484375
162.162506103515625 173.131256103515625 175.6374969482421875 171.6999969482421875 165.7687530517578125 158.350006103515625 143.6437530517578125 137.21875 133.2624969482421875 130.9375 125.13750457763671875 117.33750152587890625 113.0500030517578125 107.75 103.34999847412109375 97.1875 88.66249847412109375 80.15000152587890625 74.15000152587890625 70.2062530517578125 68.97499847412109375 65.11875152587890625 63.24375152587890625 65.78125 69.8249969482421875 69.96875 73.83750152587890625 81.38124847412109375 89.13124847412109375 96.0500030517578125 102.9375 111.49375152587890625 116.5437469482421875 121.69374847412109375 131.8000030517578125 141.943756103515625 156.318756103515625 161.8937530517578125 168.78125 172.1750030517578125 171.024993896484375 164.3625030517578125 160.625
150.493743896484375 164.7624969482421875 171.712493896484375 166.787506103515625 160.743743896484375 150.693756103515625 144.287506103515625 135.4812469482421875 127.912506103515625 121.5187530517578125 117.6875 117.9375 113.6875 110.1437530517578125 102.88124847412109375 96.77500152587890625 87.84375 82.50624847412109375 75.9187469482421875 73.2062530517578125 69.4375 67.9250030517578125 65.6750030517578125 70.28749847412109375 73.625 73.22499847412109375 78.80625152587890625 81.68125152587890625 87.3312530517578125 92.8937530517578125 99.3562469482421875 105.9875030517578125 108.53749847412109375 111.2375030517578125 123.11875152587890625 129.3625030517578125 143.5625 153.9875030517578125 160.462493896484375 162.96875 163.9562530517578125 158.71875 156.2375030517578125
143.59375 158.46875 167.6062469482421875 164.7375030517578125 159.868743896484375 147.7624969482421875 140.3499908447265625 132.3937530517578125 125.2062530517578125 121.78749847412109375 118.125 111.97499847412109375 112.1999969482421875 107.8625030517578125 100.40000152587890625 92.49375152587890625 86.45000457763671875 82.24375152587890625 77.40625 73.4875030517578125 71.2687530517578125 68.96250152587890625 69.75624847412109375 72.69374847412109375 73.8000030517578125 77.43125152587890625 78.5500030517578125 81.0812530517578125 84.3937530517578125 88.9812469482421875 90.58750152587890625 93.47499847412109375 99.0437469482421875 102.7937469482421875 109.125 118.8874969482421875 133.03125 141.6125030517578125 149.6875 154.5500030517578125 154.125 152.568756103515625 151.40625
145.4562530517578125 159.0124969482421875 159.556243896484375 159.337493896484375 154.350006103515625 144.475006103515625 136.712493896484375 128.5437469482421875 120.4187469482421875 112.65000152587890625 114.36875152587890625 110.8937530517578125 105.7687530517578125 102.5500030517578125 96.9375 90.97499847412109375 84.66249847412109375 80.66249847412109375 76.9562530517578125 72.49375152587890625 72.53749847412109375 71.00624847412109375 71.56874847412109375 74.78125 75.46875 76.4375 78.7312469482421875 79.61875152587890625 80.27500152587890625 81.41249847412109375 82.03125 82.75624847412109375 85.93125152587890625 91.28749847412109375 100.4499969482421875 110.3562469482421875 122.66249847412109375 133.7312469482421875 140.9375 145.868743896484375 150.15625 145.9187469482421875 143.4875030517578125
142.4812469482421875 150.006256103515625 154.274993896484375 154.7062530517578125 149.4562530517578125 141.649993896484375 134.931243896484375 126.03749847412109375 115.81874847412109375 114.40000152587890625 113.65625 109.875 105.1875 99.30625152587890625 93.15000152587890625 89.7375030517578125 83.99375152587890625 78.5 75.5812530517578125 72.4375 70.2687530517578125 69.15000152587890625 70.49375152587890625 75.53749847412109375 74.81874847412109375 73.15625 74.84999847412109375 76.4562530517578125 77.28125 75.00624847412109375 75.875 73.38750457763671875 75.6062469482421875 85 92.5625 103.8874969482421875 112.1750030517578125 122.6374969482421875 130.875 137.7312469482421875 144.8562469482421875 142.9875030517578125 138.975006103515625
140.3874969482421875 142.412506103515625 145.59375 148.493743896484375 143.975006103515625 137.4187469482421875 130.962493896484375 122.2624969482421875 115.67499542236328125 112.5812530517578125 109.65000152587890625 104.25 100.09999847412109375 95.1437530517578125 88.9812469482421875 84.71250152587890625 80.46875 76.19374847412109375 71.27500152587890625 69.09375 68.9187469482421875 66.8312530517578125 65.19374847412109375 69.7062530517578125 71.18125152587890625 70.3249969482421875 71.80625152587890625 73.22499847412109375 73.86875152587890625 73.1750030517578125 72.16249847412109375 71.46875 73.80625152587890625 78.8312530517578125 86.65625 96.4562530517578125 103.9812469482421875 114.21875 123.1875 133.1687469482421875 139.818756103515625 142.962493896484375 136.21875
136.2687530517578125 138.28125 142.368743896484375 138.2937469482421875 136.4250030517578125 128.4250030517578125 121.68125152587890625 116.7375030517578125 110.71250152587890625 108.65000152587890625 104.8625030517578125 99.63124847412109375 95.8625030517578125 92.1687469482421875 86.6875 82.18125152587890625 79.06874847412109375 72.83750152587890625 69.09999847412109375 66.7375030517578125 65.25624847412109375 63.012500762939453125 61.93125152587890625 64.6750030517578125 66.56874847412109375 66.8249969482421875 68.34999847412109375 69.7937469482421875 72.46875 71.8125 69.8312530517578125 69.41249847412109375 71.11875152587890625 74.86875152587890625 81.65625 90.31874847412109375 97.78125 107.02500152587890625 115.1374969482421875 121.43125152587890625 131.0124969482421875 130.587493896484375 128.193756103515625
130.3312530517578125 135.787506103515625 136.9875030517578125 133.34375 128.4187469482421875 122.3874969482421875 114.9875030517578125 112.36875152587890625 108.68125152587890625 104.52500152587890625 100.8249969482421875 97.8312530517578125 93.78749847412109375 88.5 83.50624847412109375 79.2312469482421875 74.7687530517578125 70.53125 65.8937530517578125 62.674999237060546875 61.5625 58.924999237060546875 57.6875 59.043750762939453125 61.27500152587890625 62.450000762939453125 63.72499847412109375 65.7312469482421875 68.4375 67.81874847412109375 67.03749847412109375 66.40000152587890625 67.9499969482421875 71.8312530517578125 76.90000152587890625 83.625 93.05625152587890625 99.4499969482421875 103.69374847412109375 109.88124847412109375 119.22499847412109375 120.4562530517578125 118.6437530517578125
126.88124847412109375 130.8874969482421875 126.53749847412109375 127.22499847412109375 124.84375 120.0187530517578125 112.625 107.69374847412109375 104.3249969482421875 100.9250030517578125 98.1125030517578125 94.02500152587890625 92.2312469482421875 85.08750152587890625 79.4499969482421875 75.9812469482421875 73.5187530517578125 67.08750152587890625 61.34375 59.65625 58.59375 55.78125 53.53749847412109375 53.887500762939453125 55.28125 58.34999847412109375 59.91249847412109375 60.88124847412109375 62.075000762939453125 63.11875152587890625 63.25 64.0812530517578125 66.33750152587890625 70.38124847412109375 74.59999847412109375 78.9812469482421875 85.7375030517578125 93.59375 95.15000152587890625 96.78125 103.11875152587890625 107.5187530517578125 106.875
122.84999847412109375 121.13124847412109375 117.15625 115.65000152587890625 115.88124847412109375 113.0437469482421875 108.96250152587890625 103.56874847412109375 101.05625152587890625 96.34999847412109375 93.96875 92.02500152587890625 87.90000152587890625 84.1750030517578125 79.0437469482421875 74.75 70.8000030517578125 64.61875152587890625 58.456249237060546875 56.91249847412109375 54.231250762939453125 51.731250762939453125 48.887500762939453125 49.168750762939453125 51.543750762939453125 53.049999237060546875 54.93125152587890625 57.15625 57.262500762939453125 58.793750762939453125 60.58750152587890625 61.6875 63.50624847412109375 67.2937469482421875 71.9375 74.93125152587890625 81.1062469482421875 83.3562469482421875 84.90625 88.86875152587890625 93.75 95.09375 94.4875030517578125
116.0187530517578125 113 107.90000152587890625 105.96875 106.52500152587890625 104.28125 102.18125152587890625 98.74375152587890625 93.88124847412109375 92.6999969482421875 92.13124847412109375 87.7062530517578125 84.65625 82.3312530517578125 77.91249847412109375 72.0625 66.4875030517578125 62.950000762939453125 58.36875152587890625 56 52.612499237060546875 48.887500762939453125 45.38124847412109375 46.106250762939453125 48.5 49.375 51.893749237060546875 52.97499847412109375 54.46875 55.393749237060546875 57.03749847412109375 58.06874847412109375 59.168750762939453125 62.9375 68.3000030517578125 72.6374969482421875 74.5625 76.3249969482421875 78.0124969482421875 83.2937469482421875 87.09999847412109375 88.91249847412109375 85.6750030517578125
109.06874847412109375 106.21875 103.4499969482421875 101.78749847412109375 100.00624847412109375 95.43125152587890625 93.46250152587890625 89.0500030517578125 88.3249969482421875 85.41249847412109375 85.1437530517578125 83.68125152587890625 82.0437469482421875 78.3125 74.03749847412109375 68.0187530517578125 63.71875 59.9375 55.78749847412109375 53.00624847412109375 50.40625 45.8125 43.424999237060546875 44.125 44.78749847412109375 45.22499847412109375 47.38124847412109375 49.53749847412109375 50.893749237060546875 52.387500762939453125 54.075000762939453125 54.893749237060546875 56.09999847412109375 60.331249237060546875 64.8562469482421875 67.5437469482421875 67.9875030517578125 70.05625152587890625 73.4250030517578125 76.59375 80.3125 82.9250030517578125 83.375
103.3249969482421875 97.68125152587890625 97.72499847412109375 95.63124847412109375 95.0124969482421875 90.97499847412109375 86.93125152587890625 82.9812469482421875 79.1750030517578125 77.2062530517578125 78.1687469482421875 79.4187469482421875 80.86875152587890625 78.36249542236328125 71.9250030517578125 66.1750030517578125 61.356250762939453125 57.15625 54.15000152587890625 50.47499847412109375 47.81874847412109375 44.831249237060546875 41.84999847412109375 41.96875 42.137500762939453125 42.02500152587890625 43.981250762939453125 45.924999237060546875 47.13124847412109375 46.5625 48.47499847412109375 51.293750762939453125 53.549999237060546875 57.03749847412109375 59.731250762939453125 61.893749237060546875 63.65625 66.90625 68.56874847412109375 69.77500152587890625 71.78749847412109375 72.5749969482421875 76.3312530517578125
94.70624542236328125 91.6125030517578125 92.5500030517578125 88.96250152587890625 87.70000457763671875 83.4250030517578125 80.06874847412109375 76.22499847412109375 72.41249847412109375 69.4375 70.40625 73.4875030517578125 77.3312530517578125 73.2937469482421875 68.89374542236328125 63.59999847412109375 59.200000762939453125 54.75624847412109375 50.887500762939453125 47.90625 43.78125 42.362499237060546875 39.331249237060546875 38.875 38.11875152587890625 39.143749237060546875 40.71875 42.28125 43.11875152587890625 43.137500762939453125 44.94374847412109375 48.137500762939453125 50.09999847412109375 53.487499237060546875 56.1875 57.00624847412109375 59.168750762939453125 61.31874847412109375 64.22499847412109375 65.4562530517578125 65.4499969482421875 66.8937530517578125 67.09375
85.53125 85.0437469482421875 84.93125152587890625 81.27500152587890625 79.99375152587890625 77.75 74.53125 70.75 66.09999847412109375 61.018749237060546875 63.08750152587890625 67.74375152587890625 70.25624847412109375 67.34375 64.41249847412109375 60.11875152587890625 55.50624847412109375 50.918750762939453125 47.31874847412109375 44.88124847412109375 41.106250762939453125 38.58750152587890625 36.38124847412109375 36.375 35.46875 35.75624847412109375 37.0625 37.93125152587890625 38.668750762939453125 40.18125152587890625 41.75 43.81874847412109375 45.53125 48.66249847412109375 51.168750762939453125 51.325000762939453125 52.86875152587890625 56.68125152587890625 59.88124847412109375 60.09375 59.362499237060546875 60.5 60.393749237060546875
76.28125 77.4562530517578125 75.5124969482421875 74.96250152587890625 73.88124847412109375 71.71250152587890625 69.09375 65.61875152587890625 61.63124847412109375 56.043750762939453125 61.99375152587890625 65.68125152587890625 65.125 62.8125 60.643749237060546875 56.793750762939453125 50.956249237060546875 48.331249237060546875 44.393749237060546875 41.94374847412109375 39.28125 36.674999237060546875 34.03749847412109375 33.94374847412109375 33.53125 33.393749237060546875 33.981250762939453125 34.59999847412109375 35.25 36.27500152587890625 36.40000152587890625 38.94374847412109375 40.59375 43.706249237060546875 44.90000152587890625 44.65625 47.99375152587890625 50.831249237060546875 53.512500762939453125 54.262500762939453125 54.018749237060546875 56.375 55.893749237060546875
