data/historical-monthly-weather-data/wc2.1_cruts4.09_10m_prec_1987-12.asc
ncols        51
nrows        45
xllcorner    -63.500000000000
yllcorner    -7.500000000000
cellsize     0.166666666667
NODATA_value -9999
[rows 0 to 19 of 45, columns 0 to 43 of 51]
118.625 111.9812469482421875 105.3874969482421875 100.58750152587890625 95.1437530517578125 91.2687530517578125 87.1750030517578125 82.75 79.90000152587890625 77.5749969482421875 76.6999969482421875 76.74375152587890625 77.53749847412109375 77.63124847412109375 78.99375152587890625 80.6374969482421875 82.53749847412109375 83.6999969482421875 85.74375152587890625 87.81874847412109375 89.8937530517578125 91.65000152587890625 93.6062469482421875 96.5625 99.6750030517578125 102.84375 107.93125152587890625 113.55625152587890625 119.4499969482421875 125.71875 131.5 138.1750030517578125 143.8125 149.1125030517578125 153.4562530517578125 154.53125 153.2375030517578125 151.181243896484375 145.5437469482421875 139.850006103515625 133.881256103515625 128.34375 123.0437469482421875 117.1875
121.25 114.59375 109.8000030517578125 105.93125152587890625 101.94374847412109375 97.6999969482421875 93.0437469482421875 89.8000030517578125 87.90000152587890625 86.00624847412109375 84.71875 84.1687469482421875 84.5749969482421875 84.8625030517578125 85.90000152587890625 87.31874847412109375 89.13124847412109375 91.3874969482421875 94.1125030517578125 97.5625 99.7375030517578125 101.5500030517578125 104.125 107.3000030517578125 110.63124847412109375 114.00624847412109375 118.8249969482421875 123.84999847412109375 129.287506103515625 136.1999969482421875 142.524993896484375 149.7062530517578125 154.375 159.6875 164.625 162.524993896484375 161.600006103515625 158.8249969482421875 151.6125030517578125 144.6125030517578125 137.5500030517578125 131.306243896484375 125.40000152587890625 118.03749847412109375
122.8249969482421875 117.1687469482421875 113.3125 109.99375152587890625 106.78749847412109375 103.0500030517578125 99.8874969482421875 97.78749847412109375 96.5812530517578125 95.03749847412109375 93.44374847412109375 92.8249969482421875 93.2312469482421875 93.44374847412109375 94.5 95.4875030517578125 97.2687530517578125 99.3000030517578125 102.0187530517578125 105.0812530517578125 107.5124969482421875 110.06874847412109375 113.0437469482421875 116.375 120.03749847412109375 124.5187530517578125 129.368743896484375 134.131256103515625 139.787506103515625 145.693756103515625 152.21875 159.28125 164.96875 168.537506103515625 172.2624969482421875 170.618743896484375 167.412506103515625 163.28125 156.243743896484375 148.662506103515625 140.787506103515625 133.7062530517578125 126.4499969482421875 119.6750030517578125
123.15000152587890625 119.0500030517578125 116.8625030517578125 113.5500030517578125 111.3312530517578125 108.78749847412109375 106.9499969482421875 105.90625 105.28749847412109375 104.7624969482421875 103.40625 102.78749847412109375 102.63124847412109375 102.81874847412109375 103.52500152587890625 104.71875 106.27500152587890625 107.3249969482421875 109.65625 113.25 116.1875 118.9375 121.4187469482421875 125.4187469482421875 129.28125 134.5500030517578125 139.618743896484375 143.8312530517578125 149.712493896484375 156.2312469482421875 162.3125 168.1999969482421875 173.618743896484375 177.8625030517578125 180.212493896484375 177.149993896484375 172 167.006256103515625 160.306243896484375 152.0812530517578125 143.037506103515625 135.274993896484375 127.41249847412109375 120.4562530517578125
128.912506103515625 122.77500152587890625 118.80625152587890625 116.9499969482421875 115.80625152587890625 114.7624969482421875 113.71875 113.52500152587890625 114.40625 114.75624847412109375 113.24375152587890625 112.15625 112.3562469482421875 112.6875 113.1750030517578125 114.1750030517578125 115.2937469482421875 115.96875 118.125 121.9187469482421875 125.21250152587890625 127.5 130.0437469482421875 134.4187469482421875 138.8249969482421875 144.6875 148.6687469482421875 152.8937530517578125 158.6062469482421875 165.475006103515625 171.8249969482421875 176.9875030517578125 181.006256103515625 184.5187530517578125 186.1687469482421875 182.4812469482421875 177.193756103515625 170.7687530517578125 163.556243896484375 154.6687469482421875 145.037506103515625 136.53125 128.5 120.28749847412109375
134.1062469482421875 128.693756103515625 123.8562469482421875 119.83750152587890625 119.3625030517578125 119.82500457763671875 119.79375457763671875 119.625 120.41875457763671875 120.99375152587890625 119.8000030517578125 119.36875152587890625 120.3562469482421875 121 122.3625030517578125 123.58750152587890625 125.1062469482421875 125.11875152587890625 128.037506103515625 131.03125 133.4499969482421875 136.3125 138.7375030517578125 143.09375 147.6750030517578125 152.7624969482421875 157.75 161.881256103515625 166.6750030517578125 172.962493896484375 179.3125 185.037506103515625 186.0749969482421875 187.006256103515625 189.46875 185.28125 179.037506103515625 173.5437469482421875 166.46875 156.462493896484375 144.8562469482421875 136.4187469482421875 127.5625 120.0437469482421875
140.8000030517578125 135.5749969482421875 130.881256103515625 126.3249969482421875 124.0812530517578125 123.91249847412109375 124.3125 124.13124847412109375 124.16249847412109375 123.72499847412109375 124.6374969482421875 125.6062469482421875 128.100006103515625 129.46875 131.2624969482421875 133.287506103515625 136 138.3000030517578125 141.149993896484375 142.368743896484375 143.4187469482421875 145.881256103515625 147.693756103515625 151.412506103515625 156.5187530517578125 161.006256103515625 165.2312469482421875 170.53125 175.162506103515625 180.381256103515625 186.068756103515625 190.9562530517578125 191.59375 190.6750030517578125 190.212493896484375 185.0187530517578125 179.131256103515625 173.118743896484375 167.931243896484375 156.868743896484375 144.100006103515625 134.84375 126.7312469482421875 118.9250030517578125
147.75 142.4187469482421875 138.037506103515625 134.725006103515625 132.5812530517578125 131.2375030517578125 129.5124969482421875 127.0124969482421875 125.34999847412109375 126.11875152587890625 129.2375030517578125 132.662506103515625 135.6999969482421875 138.8125 140.818756103515625 143.4499969482421875 146.5 150.40625 153.5749969482421875 152.087493896484375 152.25 153.443756103515625 154.943756103515625 158.125 163.743743896484375 168.9375 172.506256103515625 177.21875 183.1750030517578125 188.40625 191.9812469482421875 195.8562469482421875 195.5 192.8937530517578125 191.5124969482421875 183.9499969482421875 177.131256103515625 169.8125 162.9187469482421875 152.7312469482421875 141.3874969482421875 132.506256103515625 124.7687530517578125 117.15625
155.524993896484375 150.4812469482421875 146.65625 143.6437530517578125 141.068756103515625 139.9562530517578125 137.9375 134.53125 130.75 130.375 134.9875030517578125 139.7312469482421875 143.7687530517578125 146.8874969482421875 148.8125 151.0187530517578125 153.6875 157.5187530517578125 160.40625 158.318756103515625 156.943756103515625 158.1437530517578125 160.1875 165.100006103515625 170.225006103515625 175.0812530517578125 178.524993896484375 183.412506103515625 188.3937530517578125 192.162506103515625 196.3562469482421875 198.28125 196.3499908447265625 193.6687469482421875 190.3562469482421875 182.600006103515625 173.90625 164.9375 157.037506103515625 148.037506103515625 137.1999969482421875 129.34375 122.91249847412109375 116.40000152587890625
162.443756103515625 158.068756103515625 154.90625 152.681243896484375 150.256256103515625 149.162506103515625 147.412506103515625 144.649993896484375 142.8562469482421875 142.6999969482421875 145.3937530517578125 148.4250030517578125 152.8937530517578125 155.09375 156.7375030517578125 157.9250030517578125 159.1999969482421875 160.9562530517578125 161.993743896484375 160.899993896484375 160.5124969482421875 161.9437408447265625 164.600006103515625 170.431243896484375 175.34375 180.0437469482421875 183.587493896484375 187.96875 193.0812530517578125 195.943756103515625 197.9812469482421875 198.96875 195.743743896484375 191.4187469482421875 187.6125030517578125 180.53125 170.818756103515625 160.975006103515625 151.9562530517578125 142.9562530517578125 133.524993896484375 127.16249847412109375 120.78125 115.00624847412109375
170.5124969482421875 166.337493896484375 163.0625 160.462493896484375 159.125 159.1437530517578125 158.056243896484375 155.318756103515625 154.006256103515625 154.5 156.625 159.46875 162.3874969482421875 164.3625030517578125 164.34375 164.2687530517578125 163.743743896484375 163.96875 163.3312530517578125 162.100006103515625 163.6374969482421875 165.71875 169.087493896484375 173.25 180.75 185.837493896484375 188.46875 191.1750030517578125 194.2375030517578125 196.2687530517578125 197.431243896484375 198.2375030517578125 194.3125 189.34375 184.4187469482421875 176.225006103515625 166.5437469482421875 156.5812530517578125 148.587493896484375 139.506256103515625 130.5 124.6374969482421875 119.5625 114.8625030517578125
177.774993896484375 173.4187469482421875 170.5187530517578125 168.7937469482421875 167.5749969482421875 168.006256103515625 167.9375 165.8874969482421875 164.8937530517578125 166.193756103515625 168.475006103515625 171.0625 171.7312469482421875 172.225006103515625 171.625 169.931243896484375 168.368743896484375 166.8125 165.3874969482421875 164.306243896484375 165.4250030517578125 168.537506103515625 173.6374969482421875 178.725006103515625 185.7375030517578125 190.7062530517578125 191.96875 192.9812469482421875 194.25 195.2312469482421875 195.4875030517578125 195.681243896484375 191.506256103515625 186.875 182.087493896484375 174.1750030517578125 164.5812530517578125 155.037506103515625 146.618743896484375 137.681243896484375 128.837493896484375 123.6750030517578125 119.15625 114.75624847412109375
184.7312469482421875 180.8125 178.375 176.4375 175.712493896484375 175.84375 175.5812530517578125 174.837493896484375 174.681243896484375 176.712493896484375 179.381256103515625 181.4187469482421875 181.0749969482421875 179.21875 178.118743896484375 175.6750030517578125 172.9875030517578125 171.3562469482421875 169.28125 167.149993896484375 166.725006103515625 170.9499969482421875 178.131256103515625 184.087493896484375 189.1374969482421875 192.625 193.3249969482421875 193.9875030517578125 194.5625 193.149993896484375 192.2375030517578125 191.274993896484375 186.818756103515625 182.649993896484375 178.3000030517578125 171.59375 163.2312469482421875 154.125 145.5062408447265625 135.850006103515625 126.72499847412109375 122.78749847412109375 118.2062530517578125 112.15625
190.46875 186.725006103515625 184.3562469482421875 182.806243896484375 181.7624969482421875 181.993743896484375 181.9187469482421875 182.662506103515625 184.193756103515625 185.9812469482421875 187.46875 188.4187469482421875 188.162506103515625 186.274993896484375 183.443756103515625 181.618743896484375 178.337493896484375 175.8000030517578125 173.2375030517578125 171.125 172.181243896484375 176.3562469482421875 182.5812530517578125 187.3562469482421875 191.631256103515625 194.899993896484375 195.6374969482421875 194.118743896484375 192.8249969482421875 189.9375 187.8874969482421875 185.625 181.8249969482421875 177.6999969482421875 174.4250030517578125 168.53125 161.53125 154.2687530517578125 146.6187591552734375 137.962493896484375 127.05625152587890625 120.4812469482421875 115.50624847412109375 111.3125
195.3125 191.5062408447265625 189.78125 188.274993896484375 187.600006103515625 187.84375 188.9499969482421875 190.068756103515625 191.693756103515625 193.03125 194.3000030517578125 195.087493896484375 194.2062530517578125 192.6999969482421875 189.53125 187.4812469482421875 183.4499969482421875 180.5437469482421875 177.8000030517578125 176.90625 178.5187530517578125 182.4875030517578125 187.28125 190.8312530517578125 194.462493896484375 196.8125 196.443756103515625 194.3312530517578125 191.506256103515625 186.1437530517578125 182.056243896484375 179.6687469482421875 176.3625030517578125 173.3625030517578125 171.118743896484375 165.4499969482421875 160.899993896484375 157.056243896484375 153.568756103515625 145.75 134.243743896484375 125.97499847412109375 119.3937530517578125 113.8000030517578125
198.712493896484375 195.306243896484375 193.9562530517578125 193.3125 192.8625030517578125 193.7624969482421875 195.100006103515625 195.756256103515625 197.5 199.899993896484375 200.850006103515625 201.09375 200.25 198.6062469482421875 195.84375 191.96875 187.8187408447265625 185.756256103515625 183.0124969482421875 181.9375 184.6750030517578125 188.162506103515625 192.3874969482421875 194.712493896484375 197.65625 200.431243896484375 198.993743896484375 195.5 190.381256103515625 182.21875 176.375 172.212493896484375 168.0124969482421875 165.4375 163.149993896484375 159.6875 158.256256103515625 158.443756103515625 159.8125 154.3125 143.3874969482421875 132.75 123.38124847412109375 114.1125030517578125
201.399993896484375 198.556243896484375 196.537506103515625 196.65625 197.131256103515625 197.912506103515625 199.868743896484375 201.868743896484375 204.4187469482421875 206.28125 207.34375 206.8625030517578125 205.818756103515625 204.0187530517578125 201.3874969482421875 197.024993896484375 191.25 189.2687530517578125 187.8000030517578125 186.8125 189.931243896484375 193.631256103515625 197.6374969482421875 198.8625030517578125 201.318756103515625 204.3125 202.881256103515625 197.1750030517578125 187.943756103515625 177.381256103515625 169.8249969482421875 165.4562530517578125 159.90625 154.5749969482421875 151.225006103515625 150.181243896484375 153.03125 159.943756103515625 170.375 163.1687469482421875 150.5 137.399993896484375 124.66249847412109375 114.90625
202.725006103515625 200.3000030517578125 198.7937469482421875 199.4875030517578125 200.40625 202.4499969482421875 204.5749969482421875 206.3125 208.8874969482421875 211.7937469482421875 213.556243896484375 213 211.125 209.2375030517578125 206.100006103515625 201.368743896484375 195.6374969482421875 190.875 191.162506103515625 190.3562469482421875 194.350006103515625 198.1437530517578125 201.6062469482421875 202.8249969482421875 204.806243896484375 207.5749969482421875 207.256256103515625 198.0812530517578125 184.8874969482421875 171.15625 161.5500030517578125 156.375 152.712493896484375 148.9375 143.09375 137.006256103515625 146.4437408447265625 157.53125 164.931243896484375 160.6750030517578125 148.181243896484375 135.524993896484375 124.43125152587890625 115.4187469482421875
202.7687530517578125 200.6750030517578125 200.28125 201.3937530517578125 202.912506103515625 205.662506103515625 208.100006103515625 211.162506103515625 214.274993896484375 217.462493896484375 218.46875 217.0812530517578125 215.9625091552734375 214.6875 210.8874969482421875 205.681243896484375 200.0124969482421875 195.068756103515625 192.149993896484375 192.056243896484375 197.568756103515625 203.537506103515625 204.431243896484375 205.9875030517578125 208.3312530517578125 210.287506103515625 207.7624969482421875 198.600006103515625 184.037506103515625 167.212493896484375 154.1999969482421875 152.78125 152.493743896484375 148.743743896484375 142.5812530517578125 139.53125 146.0812530517578125 152.993743896484375 157.3375091552734375 153.03125 142.9187469482421875 132.2312469482421875 122.84999847412109375 115.34375
201.875 200.431243896484375 200.068756103515625 201.756256103515625 204.2687530517578125 208.274993896484375 211.9875030517578125 215.6374969482421875 219.53125 221.899993896484375 223.4499969482421875 223.3562469482421875 222.5625 220.2437591552734375 215.1374969482421875 208.306243896484375 201.806243896484375 198.225006103515625 195.5500030517578125 194.868743896484375 198.4562530517578125 202.412506103515625 206.649993896484375 208.6125030517578125 210.46875 211.381256103515625 207.7937469482421875 200.3562469482421875 187.0187530517578125 170.3125 159.212493896484375 158.149993896484375 156.9499969482421875 155.037506103515625 152.6687469482421875 149.875 151.7687530517578125 154.3000030517578125 154.2375030517578125 149.125 139.625 128.943756103515625 121.9499969482421875 115.96875
