data/historical-monthly-weather-data/wc2.1_cruts4.09_10m_prec_2006-01.asc
ncols        45
nrows        45
xllcorner    -63.500000000000
yllcorner    -7.500000000000
cellsize     0.166666666667
NODATA_value -9999
[rows 20 to 39 of 45, columns 0 to 44 of 45]
279.71875 278.92498779296875 277.243743896484375 276.912506103515625 276.756256103515625 278.899993896484375 281.54998779296875 281.78125 281.850006103515625 279.86248779296875 276.912506103515625 274.850006103515625 275.25 275.962493896484375 261.79998779296875 239.9875030517578125 223.131256103515625 211.3000030517578125 204.65625 197.9375 193.5500030517578125 188.09375 182.78125 183.8874969482421875 186.4375 189.6875 194.7624969482421875 200.6687469482421875 206.412506103515625 212.4812469482421875 214.0124969482421875 211.4187469482421875 201.850006103515625 191.34375 182.5 194.3937530517578125 213.287506103515625 226.881256103515625 231.6125030517578125 228.337493896484375 219.6875 210.1750030517578125 203.5187530517578125 198.7937469482421875 197.2375030517578125
271.10626220703125 268.95623779296875 266.9375 267.443756103515625 269.243743896484375 272.01873779296875 274.662506103515625 276.98126220703125 277.4375 272.01251220703125 264.59375 255.662506103515625 249.8125 246.787506103515625 239.1062469482421875 226.712493896484375 216.506256103515625 207.743743896484375 200.9375 195.1437530517578125 189.6125030517578125 185.1999969482421875 182.1437530517578125 183.962493896484375 187.100006103515625 191.287506103515625 198.5 203.368743896484375 207.1437530517578125 210.600006103515625 209.75 207.006256103515625 201.0625 196.899993896484375 195.3249969482421875 206.3312530517578125 225.587493896484375 241.59375 245.7624969482421875 239.4875030517578125 228.1999969482421875 216.9375 208.493743896484375 202.1687469482421875 199.21875
262.837493896484375 260.6875 256.600006103515625 256.5625 259.53125 264.493743896484375 267.83123779296875 271.11248779296875 273.95001220703125 264.78125 250.6875 234.912506103515625 223.53125 220.1374969482421875 219.006256103515625 214.7687530517578125 208.3125 202.0749969482421875 196.193756103515625 190.7312469482421875 186.4562530517578125 182.462493896484375 179.46875 181.40625 186.037506103515625 192.1687469482421875 200.46875 205.149993896484375 207.59375 208.3625030517578125 206.75 205.1687469482421875 205.3249969482421875 206.0187530517578125 209.7562408447265625 220.181243896484375 239.3562469482421875 261.274993896484375 263.03125 249.3249969482421875 234.743743896484375 222.59375 211.431243896484375 203.837493896484375 200.21875
254.4250030517578125 250.3312530517578125 244.8125 245.193756103515625 249.693756103515625 255.024993896484375 259.95623779296875 263.76873779296875 264.975006103515625 253.9875030517578125 238.068756103515625 221.6750030517578125 204.5625 204.243743896484375 207.943756103515625 207.024993896484375 203.037506103515625 198.274993896484375 193.381256103515625 188.71875 183.899993896484375 179.7062530517578125 176.756256103515625 178.5625 184.181243896484375 190.712493896484375 200.3187408447265625 204.875 207.412506103515625 209.9187469482421875 210.693756103515625 212 214 216.9499969482421875 222.2375030517578125 232.1875 247.96875 266.13751220703125 266.649993896484375 252.7624969482421875 237.493743896484375 224.287506103515625 212.881256103515625 204.8000030517578125 201.9375
247.4187469482421875 242.1875 234.943756103515625 237.4250030517578125 244.3937530517578125 248.875 252.318756103515625 254.5187530517578125 252.5749969482421875 244.0187530517578125 231.1374969482421875 217.8000030517578125 206.5124969482421875 203.9375 204.09375 203.40625 200.600006103515625 197.243743896484375 192.399993896484375 186.662506103515625 181.587493896484375 176.3874969482421875 172.8874969482421875 174.4124908447265625 179.806243896484375 187.631256103515625 196.6062469482421875 204.2312469482421875 208.9875030517578125 214.4875030517578125 218.649993896484375 223.4499969482421875 225.2062530517578125 228.431243896484375 233.34375 239.8937530517578125 250.5812530517578125 258.16876220703125 257.493743896484375 248.6999969482421875 235.5812530517578125 223.2937469482421875 212.5124969482421875 205.681243896484375 201.3625030517578125
246.256256103515625 243.5437469482421875 237.506256103515625 238.774993896484375 241.524993896484375 244.806243896484375 246.537506103515625 245.8625030517578125 242.65625 235.6374969482421875 226.899993896484375 218.7375030517578125 211.3062591552734375 207.71875 205.0812530517578125 203.087493896484375 200.65625 197.506256103515625 192.75 186.431243896484375 181.15625 174.1125030517578125 169.3937530517578125 169.40625 175.53125 184.6999969482421875 195.9187469482421875 204.9375 212.524993896484375 218.75 227.243743896484375 234.9250030517578125 237.693756103515625 239.0812530517578125 242.568756103515625 245.818756103515625 250.7062530517578125 252.53125 250.21875 242.712493896484375 232.0500030517578125 220.5124969482421875 209.5500030517578125 203.587493896484375 201.9812469482421875
248.6062469482421875 246.962493896484375 244.274993896484375 243.9875030517578125 243.96875 245.2375030517578125 245.5625 242.5625 238.7062530517578125 234.125 228.100006103515625 222.993743896484375 218.28125 215.2624969482421875 211.318756103515625 208.5124969482421875 205.524993896484375 201.90625 197.4375 190.0062408447265625 182.8625030517578125 176.037506103515625 168.787506103515625 167.9187469482421875 176 185.375 196.962493896484375 207.4562530517578125 216.943756103515625 225.125 235.5500030517578125 244.412506103515625 248 248.381256103515625 248.8125 250.587493896484375 252.5 250.8125 246.21875 239.618743896484375 229.53125 217.6999969482421875 207.5437469482421875 202.337493896484375 206.493743896484375
253.09375 251.1999969482421875 250.5437469482421875 250.056243896484375 249.193756103515625 247.7624969482421875 245.7375030517578125 241.625 238.15625 233.8937530517578125 229.5500030517578125 226.96875 223.931243896484375 221.7624969482421875 217.725006103515625 214.556243896484375 211.03125 208.6750030517578125 202.5437469482421875 195.6125030517578125 189.2312469482421875 181.024993896484375 176.225006103515625 176.15625 181.9562530517578125 189.8125 201.024993896484375 211.475006103515625 221.90625 232.21875 242.212493896484375 251.2687530517578125 254.0812530517578125 253.318756103515625 253.0749969482421875 253.600006103515625 252.9250030517578125 250.65625 246.2687530517578125 238.7937469482421875 229.868743896484375 218.8125 207.6875 203.7312469482421875 216.6374969482421875
256.58123779296875 255.712493896484375 255.8000030517578125 256.41876220703125 255.368743896484375 251.618743896484375 246.2624969482421875 242.006256103515625 238.0749969482421875 234.662506103515625 231.787506103515625 230.3625030517578125 229.118743896484375 229.212493896484375 225.7062530517578125 223.03125 221.181243896484375 217.243743896484375 211.375 204.181243896484375 197.0812530517578125 189.162506103515625 184.600006103515625 185.493743896484375 189.850006103515625 196.068756103515625 206.868743896484375 217.40625 228.7375030517578125 239.0812530517578125 248.1750030517578125 256.45001220703125 258.36248779296875 258.11248779296875 257.76873779296875 256.84375 256.08123779296875 253.1750030517578125 249.0625 241.524993896484375 231.1687469482421875 221.2312469482421875 213.71875 215.118743896484375 229.212493896484375
263.712493896484375 263.3125 265.100006103515625 266.9375 265.21875 258.33123779296875 250.5500030517578125 245.243743896484375 241.0625 237.2937469482421875 235.5625 236.125 236.5500030517578125 237.649993896484375 235.9875030517578125 233.71875 231.556243896484375 228.337493896484375 223.5187530517578125 215.25 207.4499969482421875 200.631256103515625 195.3874969482421875 195.931243896484375 199.90625 205.6437530517578125 215.475006103515625 225.506256103515625 236.4187469482421875 245.475006103515625 254.4375 261.98126220703125 262.943756103515625 263.70001220703125 263.1875 262.399993896484375 260.975006103515625 259.443756103515625 255.087493896484375 248.818756103515625 241.3562469482421875 234.4499969482421875 230.15625 232.5437469482421875 239.9499969482421875
269.212493896484375 269.46875 270.100006103515625 272.20623779296875 271.756256103515625 261.774993896484375 253.71875 247.212493896484375 243.149993896484375 240.4499969482421875 239.90625 241.71875 243.75 245.1750030517578125 245.149993896484375 243.8874969482421875 243.024993896484375 240.506256103515625 235.774993896484375 227.5124969482421875 218.806243896484375 211.1374969482421875 206.40625 206.662506103515625 209.65625 215.725006103515625 225.131256103515625 234.5749969482421875 245.4812469482421875 253.0124969482421875 260.98748779296875 267.89373779296875 268.431243896484375 269.1875 268.96875 268.287506103515625 266.73748779296875 266.38751220703125 263.60626220703125 258.462493896484375 253.5625 249.0812530517578125 246.774993896484375 246.7062530517578125 252.318756103515625
272.40625 272.28125 272.037506103515625 272.23126220703125 269.931243896484375 261.67498779296875 255.34375 248.2375030517578125 244.818756103515625 242.8125 242.9250030517578125 245.8937530517578125 249.3874969482421875 253.0500030517578125 254.4812469482421875 254.181243896484375 252.743743896484375 249.78125 243.9812469482421875 236.7937469482421875 227.9875030517578125 220.3937530517578125 216.0124969482421875 216.1999969482421875 220.0812530517578125 225.4875030517578125 233.9562530517578125 243.5812530517578125 253.006256103515625 260.73748779296875 267.662506103515625 273.625 274.51873779296875 275.399993896484375 275.58123779296875 274.475006103515625 274.61248779296875 272.993743896484375 269.98748779296875 266.806243896484375 266.09375 263.975006103515625 263.20623779296875 265.806243896484375 271.34375
275.524993896484375 275.13751220703125 274.86248779296875 274.03125 270.20623779296875 263.07501220703125 256.1875 249.9562530517578125 245.625 245.399993896484375 247.8249969482421875 252.087493896484375 258.38751220703125 264.556243896484375 265.837493896484375 265.59375 263.837493896484375 259.118743896484375 252.649993896484375 245.9875030517578125 237.962493896484375 230.84375 226.149993896484375 227.7624969482421875 231.1999969482421875 236.600006103515625 244.6125030517578125 252.5437469482421875 261.59375 269.881256103515625 275.78125 280.056243896484375 281.73126220703125 283.5625 283.57501220703125 283.412506103515625 283.08123779296875 281.79376220703125 278.16876220703125 278.84375 278.88751220703125 278.75 280.399993896484375 285.537506103515625 296.51251220703125
277.84375 277.39373779296875 276.381256103515625 274.96875 270.04376220703125 263.712493896484375 257.53125 251.21875 247.1687469482421875 246.0124969482421875 249.4875030517578125 258.32501220703125 267.92498779296875 274.88751220703125 276.806243896484375 276.26873779296875 275.399993896484375 270.350006103515625 262.39373779296875 254.681243896484375 247.5 241.149993896484375 236.8562469482421875 238.3000030517578125 241.6999969482421875 246.368743896484375 253.649993896484375 262.181243896484375 271.65625 278.13751220703125 284.1875 288.306243896484375 289.83123779296875 292.46875 293.118743896484375 292.8125 291.743743896484375 289.29376220703125 288.087493896484375 289.068756103515625 289.193756103515625 291.04376220703125 294.95623779296875 301.78125 314.149993896484375
281.600006103515625 280.01873779296875 278.443756103515625 275.41876220703125 270.90625 265.131256103515625 258.131256103515625 251.662506103515625 245.524993896484375 245.1125030517578125 251.5500030517578125 263.818756103515625 278.42498779296875 288.15625 289.787506103515625 288.23126220703125 286.48748779296875 279.899993896484375 271.556243896484375 262.256256103515625 256.318756103515625 250.693756103515625 246.818756103515625 247.9812469482421875 251.4812469482421875 254.8874969482421875 262.76873779296875 271.76251220703125 280.862518310546875 286.16876220703125 291.649993896484375 296.556243896484375 298.837493896484375 300.76873779296875 301.462493896484375 300.725006103515625 298.475006103515625 298.375 297.65625 297.225006103515625 297.787506103515625 299.475006103515625 304.193756103515625 310.6875 320.51251220703125
286.681243896484375 284.11248779296875 281.61248779296875 277.83123779296875 273.037506103515625 265.868743896484375 259.01873779296875 251.0187530517578125 243.5500030517578125 242.125 251.162506103515625 268.70001220703125 287.306243896484375 299.01873779296875 301.337493896484375 299.95001220703125 296.756256103515625 289.48748779296875 280.64373779296875 271.0625 264.76251220703125 260.1875 256.125 256.693756103515625 259.774993896484375 263.899993896484375 271.16876220703125 279.91876220703125 289.01251220703125 293.962493896484375 299.868743896484375 304.41876220703125 307.899993896484375 310.51251220703125 311.1875 308.78125 308.54998779296875 306.837493896484375 303.91876220703125 303.11248779296875 303.53125 305.57501220703125 309.01873779296875 314.82501220703125 321.431243896484375
291.881256103515625 288.85626220703125 284.92498779296875 280.67498779296875 275.51873779296875 268.693756103515625 262.4375 253.4812469482421875 243.225006103515625 236.556243896484375 250.943756103515625 278.79376220703125 298.65625 308.037506103515625 311.306243896484375 310.506256103515625 306.993743896484375 299.149993896484375 289.712493896484375 279.48126220703125 273.71875 268.100006103515625 264.51251220703125 264.96875 268.13751220703125 272.75 279.82501220703125 288.79376220703125 297.493743896484375 302.618743896484375 308.10626220703125 312.693756103515625 317.256256103515625 320.70623779296875 321.51251220703125 318.98748779296875 316.75 313.162506103515625 310.125 307.587493896484375 305.65625 307.131256103515625 311.225006103515625 315.625 319.98748779296875
297.32501220703125 293.71875 289.100006103515625 285.118743896484375 280.36248779296875 275.256256103515625 269.13751220703125 261.375 252.4375 243.90625 272.51251220703125 301.8125 314.61248779296875 319.79998779296875 322.256256103515625 320.98126220703125 316.42498779296875 308.9375 299.70001220703125 289.16876220703125 282.41876220703125 275.79376220703125 271.631256103515625 272.14373779296875 275.38751220703125 280.5625 286.98748779296875 295.600006103515625 304.318756103515625 310.29998779296875 315.212493896484375 318.83123779296875 323.806243896484375 328.381256103515625 329.45001220703125 326.42498779296875 321.806243896484375 317.76873779296875 314.29376220703125 310.35626220703125 306.649993896484375 308.34375 310.3499755859375 312.118743896484375 316.256256103515625
305.71875 299.38751220703125 295.08123779296875 290.76251220703125 286.475006103515625 282.01251220703125 276.95001220703125 274.274993896484375 275.89373779296875 290.07501220703125 324.743743896484375 330.881256103515625 331.368743896484375 332.556243896484375 333.04998779296875 330.26873779296875 326.01251220703125 317.243743896484375 307.175018310546875 296.76873779296875 287.818756103515625 280.73126220703125 276.568756103515625 277.01873779296875 279.774993896484375 284.59375 291.34375 299.8125 308.806243896484375 315.95001220703125 320.6875 323.962493896484375 327.29376220703125 329.16876220703125 332 328.45001220703125 322.6875 318.36248779296875 313.556243896484375 307.66876220703125 303.63751220703125 303.8125 304.256256103515625 306.493743896484375 310.024993896484375
315.056243896484375 307.79376220703125 302.26873779296875 296.59375 293.84375 291.100006103515625 288.63751220703125 290.868743896484375 298.96875 315.287506103515625 334.5625 343.75 344.85626220703125 345.20001220703125 343.756256103515625 340.82501220703125 335.95623779296875 327.20623779296875 315.193756103515625 303.443756103515625 291.41876220703125 284.149993896484375 279.868743896484375 280.08123779296875 283.26251220703125 287.73126220703125 294.693756103515625 303.70623779296875 312.23748779296875 319.03125 323.48748779296875 328.287506103515625 332.037506103515625 332.65625 331.806243896484375 327.662506103515625 321.681243896484375 316.40625 310.58123779296875 303.787506103515625 299.5 298.70623779296875 297.693756103515625 298.806243896484375 302.193756103515625
