data/historical-monthly-weather-data/wc2.1_cruts4.09_10m_prec_1973-02.asc
ncols        51
nrows        45
xllcorner    -63.500000000000
yllcorner    -7.500000000000
cellsize     0.166666666667
NODATA_value -9999
[rows 20 to 39 of 45, columns 0 to 44 of 51]
178.4499969482421875 180.131256103515625 186.1999969482421875 193.462493896484375 203.193756103515625 214.306243896484375 226.6437530517578125 239.3812408447265625 251.962493896484375 263.88751220703125 274.82501220703125 286.84375 300.04376220703125 312.48748779296875 307.1875 293.1875 281.743743896484375 274.649993896484375 274.868743896484375 275.73748779296875 277.475006103515625 278.149993896484375 277.318756103515625 275.868743896484375 274.875 274.98748779296875 277.63751220703125 280.537506103515625 284.51873779296875 288.149993896484375 285.45623779296875 276.256256103515625 257.73748779296875 234.65625 213.7375030517578125 228.7687530517578125 257.23126220703125 280.493743896484375 295.962493896484375 304.14373779296875 305.943756103515625 304.662506103515625 303.818756103515625 302.29376220703125 298.9375
176.4812469482421875 179.75 187.256256103515625 197.0625 207.4562530517578125 219.6437530517578125 232.600006103515625 245.9562530517578125 258.36248779296875 267.96875 275.45623779296875 282.53125 290.068756103515625 296.21875 297.35626220703125 291.90625 285.48748779296875 280.787506103515625 279.243743896484375 279.20623779296875 277.03125 275.84375 276.462493896484375 274.67498779296875 274.21875 275.75 279.743743896484375 283.41876220703125 288.54998779296875 293.618743896484375 294.131256103515625 285.98126220703125 270.23748779296875 253.631256103515625 242.881256103515625 252.649993896484375 273.1875 290.38751220703125 300.493743896484375 305.306243896484375 306.82501220703125 306.125 304.631256103515625 302.23748779296875 299.34375
177.3625030517578125 182.443756103515625 190.287506103515625 200.975006103515625 212.037506103515625 225.475006103515625 237.78125 251.774993896484375 264.48126220703125 270.475006103515625 273.23748779296875 274.868743896484375 276.60626220703125 281.1875 287.125 288.17498779296875 285.881256103515625 283.53125 281.306243896484375 278.96875 275.96875 272.962493896484375 271.54998779296875 269.71875 270.85626220703125 274.20623779296875 278.82501220703125 283.774993896484375 290.71875 297.88751220703125 302.01251220703125 300.34375 287.33123779296875 276.712493896484375 275.375 285.506256103515625 297.931243896484375 306.75 310.1875 309.100006103515625 308.068756103515625 306.806243896484375 304.756256103515625 302.26251220703125 299.899993896484375
183.056243896484375 189.162506103515625 197.1125030517578125 206.1875 216.9499969482421875 229.9812469482421875 242.8000030517578125 255.0124969482421875 266.25 269.73748779296875 270.568756103515625 269.82501220703125 265.98748779296875 272.21875 280.46875 283.912506103515625 284.087493896484375 283.67498779296875 281.4375 278.0625 273.29998779296875 268.71875 265.66876220703125 264.23748779296875 266.35626220703125 269.11248779296875 275.91876220703125 282.962493896484375 290.20001220703125 298.9375 305.17498779296875 306.118743896484375 298.90625 294.375 298.13751220703125 310.35626220703125 318.625 318.85626220703125 316.41876220703125 312.35626220703125 309.774993896484375 306.993743896484375 304.881256103515625 303.243743896484375 302.92498779296875
192.693756103515625 198.6687469482421875 205.556243896484375 214.118743896484375 224.693756103515625 235.3874969482421875 246.774993896484375 257.13751220703125 264.84375 268.79998779296875 269.993743896484375 269.837493896484375 269.85626220703125 273.75 278.868743896484375 283.04376220703125 285.17498779296875 284.756256103515625 282.306243896484375 278.087493896484375 272.225006103515625 265.13751220703125 259.399993896484375 257.068756103515625 258.981231689453125 266.11248779296875 272.90625 281.53125 289.068756103515625 297.149993896484375 302.58123779296875 304.212493896484375 303.149993896484375 303.475006103515625 308.274993896484375 315.53125 320.88751220703125 320.037506103515625 316.506256103515625 312.26251220703125 309.212493896484375 306.181243896484375 304.662506103515625 304.993743896484375 304.28125
206.962493896484375 212.90625 217.4187469482421875 224.3249969482421875 233.024993896484375 242.337493896484375 250.899993896484375 259.193756103515625 265.443756103515625 269.35626220703125 271.20623779296875 273.04376220703125 275.649993896484375 278.1875 282.5 285.57501220703125 287.712493896484375 287.006256103515625 285.087493896484375 280.26251220703125 272.45001220703125 262.34375 253.2062530517578125 248.34375 253.537506103515625 262.84375 272.78125 280.368743896484375 288.13751220703125 294.350006103515625 298.662506103515625 301.125 302.91876220703125 305.693756103515625 310.29998779296875 314.806243896484375 317.993743896484375 317.91876220703125 313.20623779296875 309.48748779296875 306.79376220703125 304.318756103515625 302.524993896484375 303.475006103515625 305.95001220703125
219.40625 223.7375030517578125 226.9812469482421875 233.181243896484375 239.625 246.399993896484375 253.8125 259.524993896484375 265.256256103515625 270.20001220703125 273.83123779296875 276.9375 280.875 284.65625 288.125 291.75 293.38751220703125 292.625 289.76251220703125 284.081268310546875 274.774993896484375 263.787506103515625 251.6687469482421875 244.8937530517578125 253.3125 263.48748779296875 272.86248779296875 280.48748779296875 286.774993896484375 292.287506103515625 296.756256103515625 298.25 301.118743896484375 306.79376220703125 309.887481689453125 313.53125 315.89373779296875 314.8125 311.25 307.35626220703125 304.25 301.48126220703125 299.587493896484375 300.33123779296875 306.45623779296875
232.1374969482421875 233.9499969482421875 236.850006103515625 241.256256103515625 245.712493896484375 250.1125030517578125 256.35626220703125 262.29998779296875 267.537506103515625 273.006256103515625 276.78125 280.92498779296875 285.399993896484375 289.79376220703125 293.89373779296875 297.95001220703125 299.54376220703125 299.96875 296.524993896484375 291.23748779296875 282.443756103515625 271.462493896484375 262.662506103515625 257.431243896484375 260.84375 268.73748779296875 276.274993896484375 282.756256103515625 287.787506103515625 292.60626220703125 296.26251220703125 298.568756103515625 303.318756103515625 306.67498779296875 309.26251220703125 312.318756103515625 312.6875 312.61248779296875 308.65625 304.17498779296875 300.92498779296875 299.07501220703125 297.493743896484375 299.649993896484375 308.881256103515625
243.774993896484375 244.375 245.6687469482421875 248.6999969482421875 252.1437530517578125 255.1437530517578125 259.899993896484375 264.61248779296875 270.17498779296875 275.91876220703125 280.25 284.875 289.587493896484375 295.725006103515625 300.743743896484375 306.100006103515625 309.381256103515625 308.79376220703125 307 301.443756103515625 293.368743896484375 282.975006103515625 276.524993896484375 272.29998779296875 272.11248779296875 276.1875 282.07501220703125 286.837493896484375 291.82501220703125 295.662506103515625 297.51873779296875 300.181243896484375 303.61248779296875 306.76873779296875 309.850006103515625 311.03125 312.03125 311.875 309.33123779296875 303.649993896484375 297.70623779296875 295.33123779296875 296.875 302.88751220703125 314.45001220703125
254.4250030517578125 253.037506103515625 253.1750030517578125 254.3249969482421875 257.17498779296875 259.600006103515625 262.78125 266.57501220703125 271.350006103515625 277.399993896484375 282.70623779296875 289.09375 295.32501220703125 302.806243896484375 309.23748779296875 314.07501220703125 318.98126220703125 321.399993896484375 320.54376220703125 314.712493896484375 305.83123779296875 297.01873779296875 291.037506103515625 285.787506103515625 283.475006103515625 285.087493896484375 288.568756103515625 291.243743896484375 294.51873779296875 297.256256103515625 300.225006103515625 303.056243896484375 305.568756103515625 308.90625 311.14373779296875 312.774993896484375 312.73126220703125 313.337493896484375 309.5625 304.28125 302.35626220703125 302.662506103515625 304.29998779296875 311.65625 318.024993896484375
262.86248779296875 260.493743896484375 258.51251220703125 258.86248779296875 259.95001220703125 262.318756103515625 264.9375 268.462493896484375 273.1875 278.79998779296875 286.21875 294.45001220703125 302.931243896484375 310.13751220703125 316.51873779296875 323.20623779296875 329.45623779296875 333.475006103515625 334.850006103515625 329.09375 319.662506103515625 310.20001220703125 303.399993896484375 297.256256103515625 293.57501220703125 293.568756103515625 294.86248779296875 296.25 297.931243896484375 300.225006103515625 303.04376220703125 306.162506103515625 309.89373779296875 313.42498779296875 315.993743896484375 315.65625 315.875 317.131256103515625 313.256256103515625 307.625 307.26251220703125 311.037506103515625 314.41876220703125 318.625 325
267.89373779296875 265.14373779296875 262.90625 262.70623779296875 262.5625 263.975006103515625 266.59375 268.78125 273.399993896484375 280.318756103515625 288.056243896484375 298.04998779296875 308.39373779296875 317.881256103515625 325.037506103515625 333.131256103515625 337.42498779296875 340.881256103515625 342.26251220703125 339.118743896484375 330.67498779296875 322.36248779296875 314.462493896484375 308.01251220703125 303.95001220703125 301.993743896484375 301.26251220703125 301.20623779296875 301.837493896484375 304.787506103515625 307.681243896484375 310.34375 314.225006103515625 317.568756103515625 320.5625 320.34375 320.67498779296875 320.90625 316.89373779296875 315.23748779296875 318.23126220703125 322.79998779296875 326.63751220703125 332.01873779296875 340.193756103515625
272.41876220703125 270.16876220703125 268.39373779296875 267.38751220703125 266.087493896484375 266.91876220703125 268.037506103515625 270.068756103515625 275.056243896484375 282.256256103515625 291.95001220703125 303.193756103515625 316.51251220703125 328.48748779296875 336.08123779296875 341.96875 345.51251220703125 349.36248779296875 349.23126220703125 347.037506103515625 340.649993896484375 332.625 325.287506103515625 318.23126220703125 313.9375 311.274993896484375 309.037506103515625 308.5 308.100006103515625 309.73126220703125 312.618743896484375 314.46875 317.850006103515625 322.33123779296875 326.36248779296875 327.45623779296875 327.618743896484375 326.45001220703125 323.66876220703125 326.79376220703125 330.8125 335.962493896484375 342.03125 349.875 364.57501220703125
277.5 274.76251220703125 272.712493896484375 271.806243896484375 269.931243896484375 269.3125 269.73748779296875 271.42498779296875 274.59375 281.73748779296875 292.35626220703125 307.443756103515625 324.67498779296875 338.462493896484375 346.16876220703125 351.318756103515625 354.131256103515625 356.82501220703125 356.618743896484375 354.78125 348.318756103515625 340.51873779296875 334.23126220703125 327.037506103515625 322.6875 319.537506103515625 316.5625 314.46875 313.70623779296875 315.5 317.837493896484375 319.462493896484375 324.11248779296875 328.60626220703125 331.86248779296875 333.731231689453125 333.818756103515625 333.149993896484375 332.975006103515625 336.86248779296875 340.88751220703125 347.46875 357.268768310546875 367.506256103515625 383.73126220703125
282.16876220703125 280.225006103515625 278.118743896484375 275.649993896484375 273.98126220703125 272.79998779296875 271.34375 271.431243896484375 273.09375 279.256256103515625 292.068756103515625 312.350006103515625 334.131256103515625 350.51873779296875 357.13751220703125 361.024993896484375 361.96875 363.29998779296875 364.006256103515625 361.443756103515625 356.287506103515625 347.993743896484375 341.318756103515625 333.45001220703125 329.506256103515625 325.412506103515625 322.587493896484375 320.48126220703125 319.131256103515625 320.86248779296875 321.95623779296875 324.70623779296875 329.46875 334.78125 338.29376220703125 339.125 338.57501220703125 341.08123779296875 342.88751220703125 345.100006103515625 349.587493896484375 355.600006103515625 365.39373779296875 376.412506103515625 390.34375
287.28125 286.46875 284.631256103515625 282 279.90625 279.024993896484375 276.875 275.287506103515625 275.09375 280.274993896484375 295.09375 318.3125 343 360.92498779296875 367.212493896484375 370.29998779296875 371.54998779296875 372.037506103515625 370.23126220703125 368.412506103515625 362.33123779296875 355.056243896484375 347.13751220703125 339.993743896484375 334.48748779296875 330.25 327.36248779296875 326.53125 324.975006103515625 325.193756103515625 326.149993896484375 328.07501220703125 333.756256103515625 339.63751220703125 342.318756103515625 342.193756103515625 344.60626220703125 345.287506103515625 346.45001220703125 350.212493896484375 355.88751220703125 360.54998779296875 367.71875 378.42498779296875 388.57501220703125
293.79376220703125 293.64373779296875 291.5625 291.118743896484375 289.11248779296875 287.662506103515625 285.024993896484375 282.068756103515625 279.13751220703125 277.54998779296875 297.98126220703125 329.51873779296875 352.98126220703125 368.08123779296875 375.475006103515625 378.26873779296875 379.306243896484375 379.087493896484375 378.11248779296875 374.649993896484375 367.23126220703125 358.79998779296875 350.856231689453125 343.556243896484375 337.568756103515625 333.75 331.1875 330.087493896484375 329.493743896484375 328.931243896484375 328.92498779296875 329.84375 336.67498779296875 343.0625 346.9375 348.71875 348.96875 349.225006103515625 350.568756103515625 353.21875 356.943756103515625 361.70623779296875 368.20623779296875 377.006256103515625 385.10626220703125
300.743743896484375 301.274993896484375 300.23748779296875 300.006256103515625 299.493743896484375 297.98126220703125 296.01251220703125 293.787506103515625 292.79376220703125 289.1875 321.743743896484375 354.75 369.943756103515625 378.83123779296875 384.8125 386.868743896484375 385.53125 385.04376220703125 382.11248779296875 376.98748779296875 369.225006103515625 359.71875 352.23126220703125 344.84375 339.506256103515625 335.95001220703125 333.412506103515625 333.118743896484375 332.875 332.743743896484375 330.618743896484375 331.024993896484375 337.943756103515625 345.375 349.381256103515625 351.70623779296875 351.943756103515625 352.356231689453125 353.42498779296875 354.83123779296875 356.66876220703125 360.881256103515625 365.131256103515625 371.375 378.412506103515625
311.34375 309.79998779296875 308.75 310.3125 310.212493896484375 310.443756103515625 311.881256103515625 314.29376220703125 320.9375 340.29998779296875 378.287506103515625 388.70001220703125 392.600006103515625 396.993743896484375 400.193756103515625 398.662506103515625 395.881256103515625 391.993743896484375 385.5 378.225006103515625 367.65625 357.193756103515625 350.39373779296875 342.83123779296875 337.881256103515625 335.98748779296875 334.006256103515625 333.943756103515625 334.39373779296875 333.64373779296875 332.6875 331.837493896484375 337.162506103515625 343.48126220703125 349.59375 351.443756103515625 350.89373779296875 352.01251220703125 351.850006103515625 350.45623779296875 351.818756103515625 354.16876220703125 357.774993896484375 362.54376220703125 368.20001220703125
322.850006103515625 319.51251220703125 319.17498779296875 320.274993896484375 321.42498779296875 324.13751220703125 327.524993896484375 335.399993896484375 347.537506103515625 369.01251220703125 393.368743896484375 405.868743896484375 412.431243896484375 415.70623779296875 415.86248779296875 413.087493896484375 407.899993896484375 400.45623779296875 390.037506103515625 380.26873779296875 365.26251220703125 353.20623779296875 344.8125 337.95623779296875 335.67498779296875 334.45001220703125 333.63751220703125 334.149993896484375 335.29998779296875 334.274993896484375 332.11248779296875 332.850006103515625 339.53125 344.28125 347.51873779296875 349.381256103515625 348.4375 347.92498779296875 347.725006103515625 344.88751220703125 344.6875 346.58123779296875 348.85626220703125 351.125 356.306243896484375
