data/historical-monthly-weather-data/wc2.1_cruts4.09_10m_prec_2014-08.asc
ncols        51
nrows        45
xllcorner    -63.500000000000
yllcorner    -7.500000000000
cellsize     0.166666666667
NODATA_value -9999
[rows 20 to 39 of 45, columns 0 to 42 of 51]
116.5500030517578125 119.125 119.8874969482421875 119.3937530517578125 115.91249847412109375 113.56874847412109375 111.3625030517578125 108.28749847412109375 106.34999847412109375 102.11875152587890625 97.6750030517578125 91.80625152587890625 81.43125152587890625 71.21875 62.1875 54.46250152587890625 47.09375 42.46875 42.575000762939453125 42.96875 45.262500762939453125 48.40000152587890625 52.043750762939453125 57.09999847412109375 61.99375152587890625 62.21875 60.21875 59.049999237060546875 57.862499237060546875 57.5625 58.950000762939453125 63.91249847412109375 68.09375 73.55625152587890625 82.18125152587890625 88.5187530517578125 95.36875152587890625 99.9562530517578125 99.0749969482421875 96.24375152587890625 89.625 84.1750030517578125 79.6875
111.6999969482421875 112.75624847412109375 114.7624969482421875 116.5187530517578125 115.4562530517578125 112.6062469482421875 111.84999847412109375 108.17499542236328125 107.1687469482421875 103.1125030517578125 100.8562469482421875 98.1750030517578125 92.96250152587890625 82.96875 72.28749847412109375 61.362499237060546875 55.137500762939453125 50.47499847412109375 49.012500762939453125 48.96250152587890625 48.5625 50.856250762939453125 54.78749847412109375 59.30625152587890625 62.643749237060546875 63.981250762939453125 66.6125030517578125 64.875 64.3249969482421875 63.762500762939453125 64.4250030517578125 66.6437530517578125 69.8249969482421875 74.50624847412109375 78.68125152587890625 84.7375030517578125 92.90000152587890625 99.3000030517578125 99.34999847412109375 95.875 89.8312530517578125 84.34999847412109375 78.6875
107.38124847412109375 112.05625152587890625 115.66249847412109375 116.4187469482421875 116.5812530517578125 114.3249969482421875 110.74375152587890625 106.90625 107.55625152587890625 107.5500030517578125 108.25 108.21875 106.5749969482421875 97.3000030517578125 83.7375030517578125 71.25 62.118747711181640625 57.106250762939453125 54.700000762939453125 53.325000762939453125 53.262500762939453125 55.387500762939453125 58.456249237060546875 59.93125152587890625 64.4187469482421875 67.78125 70.09375 70.47499847412109375 68.7624969482421875 66.5625 66.4875030517578125 68.58750152587890625 70.8625030517578125 72.83750152587890625 74.91249847412109375 77.1687469482421875 84.8937530517578125 95.3562469482421875 98.0124969482421875 94.08750152587890625 89.4562530517578125 83.34999847412109375 77.9812469482421875
106.8000030517578125 113.50624847412109375 118.50624847412109375 117.0437469482421875 116.09999847412109375 114.46250152587890625 112.9375 111.2624969482421875 108.6062469482421875 110.06874847412109375 111.91249847412109375 116.46250152587890625 117.16249847412109375 106.72499847412109375 92.78749847412109375 79.9812469482421875 70.46875 64.3562469482421875 60.737499237060546875 59.06874847412109375 58.831249237060546875 60.15625 61.46250152587890625 64.03125 67.15000152587890625 69.0437469482421875 72.71875 71.40000152587890625 70.5625 69.46875 69.61875152587890625 70.58750152587890625 72.15625 71.7062530517578125 72.27500152587890625 72.8249969482421875 78.9562530517578125 89.09375 92.8625030517578125 90.09375 85.88124847412109375 81.0437469482421875 75.94374847412109375
108.59375 115.44374847412109375 119.94374847412109375 121.22499847412109375 121.03125 118.3562469482421875 115.46250152587890625 113.93125152587890625 113.09999847412109375 114.34999847412109375 114.61875152587890625 116.5437469482421875 116.50624847412109375 108.5500030517578125 97.00624847412109375 86.21250152587890625 77.2937469482421875 70.6374969482421875 66.3125 64.15000152587890625 63.825000762939453125 64.0500030517578125 64.88124847412109375 67.0437469482421875 68.5437469482421875 71.4875030517578125 72.43125152587890625 71.72499847412109375 71.11875152587890625 70.81874847412109375 70.5625 70.8562469482421875 71.8874969482421875 72.40000152587890625 72.13124847412109375 72.3562469482421875 77.4562530517578125 82.6062469482421875 85.5500030517578125 85.0124969482421875 82.03749847412109375 78.6687469482421875 74.59999847412109375
113.15000152587890625 119.93125152587890625 121.09999847412109375 124.0437469482421875 122.28749847412109375 119.72499847412109375 117.03125 116.70624542236328125 113.94374847412109375 113.0812530517578125 113.4375 114.06874847412109375 112.8937530517578125 105.5812530517578125 97.71875 88.25 80.8312530517578125 75.1875 70.11875152587890625 68.28749847412109375 68.0437469482421875 67.4375 68.4499969482421875 68.9375 69.81874847412109375 71.625 72.78749847412109375 72.2062530517578125 72.1687469482421875 72.3562469482421875 71.7375030517578125 71.94374847412109375 71.7375030517578125 71.56874847412109375 70.9812469482421875 72.71250152587890625 75.97499847412109375 78.25624847412109375 80.9812469482421875 79.78749847412109375 78.11875152587890625 75.52500152587890625 73.02500152587890625
117.5500030517578125 121.47499847412109375 123.43125152587890625 124.49375152587890625 123.18125152587890625 120.59999847412109375 119.5 117.125 113.11875152587890625 113.6374969482421875 113.9812469482421875 111.0812530517578125 108.2687530517578125 102.50624847412109375 96.6062469482421875 88.88124847412109375 82.8249969482421875 77.30625152587890625 73.44374847412109375 70.21250152587890625 68.65000152587890625 68.7687530517578125 68.7062530517578125 70.13124847412109375 70.77500152587890625 70.56874847412109375 72.4562530517578125 72.33750152587890625 71.8625030517578125 71.3562469482421875 71.7062530517578125 70.96875 71.28125 71.1437530517578125 69.9499969482421875 71.53125 72.74375152587890625 74.77500152587890625 75.68125152587890625 74.68125152587890625 73.33750152587890625 71.8125 71.6437530517578125
124.0187530517578125 122.46250152587890625 124.09375 124.90625 124.4875030517578125 120.6687469482421875 119.1687469482421875 117.21250152587890625 114.4562530517578125 113.56874847412109375 110.9187469482421875 107.1875 103.8874969482421875 99.83750152587890625 93.8249969482421875 88.06874847412109375 83.6437530517578125 78.75624847412109375 75.18125152587890625 71.7624969482421875 70.34375 68.46250152587890625 69.50624847412109375 70.375 70.34375 69.33750152587890625 71.0749969482421875 71.81874847412109375 71.91249847412109375 71.5812530517578125 70.8937530517578125 69.81874847412109375 69.9875030517578125 69.05625152587890625 69.3562469482421875 69.65000152587890625 69.7624969482421875 70.9375 72.2312469482421875 72.19374847412109375 70.86875152587890625 70.65625 70.78749847412109375
126.28125 126.66249847412109375 125.61875152587890625 125.6750030517578125 122.39374542236328125 119.1437530517578125 116.2312469482421875 113.09375 113.21250152587890625 110.58750152587890625 107.80625152587890625 103.5187530517578125 99.71875 96.34999847412109375 91.72499847412109375 86.90000152587890625 83.8312530517578125 79.9812469482421875 76.4812469482421875 73.5437469482421875 71.6999969482421875 69.7687530517578125 69.8249969482421875 69.6125030517578125 69.86875152587890625 68.3937530517578125 70.24375152587890625 70.71250152587890625 70.63124847412109375 70.21250152587890625 69.2375030517578125 68.625 67.56874847412109375 66.16249847412109375 66.56874847412109375 68.1374969482421875 68.84999847412109375 69.90000152587890625 71.125 70.3625030517578125 67.97499847412109375 68.28125 69.72499847412109375
126.375 127.125 125.09999847412109375 121.6750030517578125 119.15000152587890625 116.48125457763671875 113.03749847412109375 111.80625152587890625 110.00624847412109375 106.6875 104.59999847412109375 101.0749969482421875 97.09999847412109375 93.15625 89.1437530517578125 84.90625 81.11875152587890625 79.18125152587890625 77.59375 73.38124847412109375 71.16249847412109375 70.2312469482421875 70.1125030517578125 69.3562469482421875 68.6374969482421875 68.6062469482421875 68.7687530517578125 68.9375 67.5625 66.8937530517578125 66.4875030517578125 66.3937530517578125 65.4250030517578125 64.75624847412109375 65.1999969482421875 65.9187469482421875 68.5437469482421875 70.25 70.6999969482421875 71.84375 71.4187469482421875 71.03749847412109375 70.125
125.6875 124.61875152587890625 120.11875152587890625 118.2312469482421875 118.53125 114.8249969482421875 111.9375 108.7312469482421875 105.9375 102.78749847412109375 99.8937530517578125 98.4250030517578125 96.13124847412109375 92.09999847412109375 86.5812530517578125 82.53749847412109375 80.3562469482421875 78.7312469482421875 77.77500152587890625 74.65625 71.9499969482421875 68.9187469482421875 68.1374969482421875 67.4562530517578125 66.6062469482421875 67.00624847412109375 66.0500030517578125 66.47499847412109375 65.90625 65.49375152587890625 65.38124847412109375 64.69374847412109375 63.41249847412109375 63.106250762939453125 64.65000152587890625 65.1437530517578125 67.49375152587890625 69.5 71.83750152587890625 74.68125152587890625 74.49375152587890625 71.49375152587890625 69.30625152587890625
123.68125152587890625 122.5124969482421875 117.71875 115.1374969482421875 115.75 112.1999969482421875 108.68125152587890625 104.25624847412109375 101.96875 99.5625 96.8312530517578125 94.6374969482421875 91.2937469482421875 88.46250152587890625 84.28749847412109375 82.4375 79.46250152587890625 77.4499969482421875 75.47499847412109375 73.2687530517578125 71.0187530517578125 69.58750152587890625 67.27500152587890625 65.08750152587890625 64.6750030517578125 64.71250152587890625 63.91249847412109375 64.3000030517578125 63.40625 62.637500762939453125 63.03749847412109375 62.09999847412109375 61.268749237060546875 61.68125152587890625 61.5 61.90625 64.27500152587890625 66.8249969482421875 69.7687530517578125 72.75 72.75624847412109375 69.7312469482421875 68.71875
117.05625152587890625 114.99375152587890625 111.7937469482421875 110.55625152587890625 109.03125 105.43125152587890625 103.5625 100.6062469482421875 97.4187469482421875 95.96250152587890625 95.52500152587890625 91.5 87.5187530517578125 85.625 81.9250030517578125 80.3874969482421875 77.6687469482421875 76.22499847412109375 74.0124969482421875 71.7687530517578125 69.46250152587890625 67.49375152587890625 65.59999847412109375 65.08750152587890625 64.5 63.325000762939453125 62.643749237060546875 61.0625 60.58750152587890625 59.612499237060546875 59.96250152587890625 58.96250152587890625 58.325000762939453125 58.293750762939453125 58.418750762939453125 58.84999847412109375 60.93125152587890625 62.856250762939453125 65.3562469482421875 67.8937530517578125 67.59375 66 65.00624847412109375
109.99375152587890625 109.4875030517578125 106.71250152587890625 106.86875152587890625 102.2312469482421875 100.2624969482421875 99.6374969482421875 97.28749847412109375 93.99375152587890625 91.7062530517578125 90.1999969482421875 87.49375152587890625 84.99375152587890625 80.1999969482421875 78.3000030517578125 75.96875 74.74375152587890625 72.74375152587890625 70.3874969482421875 68.9562530517578125 67.27500152587890625 65.5 64.2062530517578125 63.02500152587890625 62.96875 62.25 61.09999847412109375 59.012500762939453125 59.03749847412109375 58.38124847412109375 57.987499237060546875 56.6875 55.25 54.44374847412109375 55.00624847412109375 55.450000762939453125 57.18125152587890625 58.46250152587890625 60.549999237060546875 61.65000152587890625 62.84375 62.368747711181640625 61.231250762939453125
104.4187469482421875 103.38124847412109375 101.8125 99.9499969482421875 97.68125152587890625 96.0812530517578125 95.125 93.4562530517578125 88.8312530517578125 87.40000152587890625 85.8125 84.34375 80.61875152587890625 77.78749847412109375 75.84375 74.3562469482421875 72.90000152587890625 70.71875 68.4250030517578125 67.0437469482421875 65.74375152587890625 63.793750762939453125 61.86875152587890625 61.362499237060546875 60.768749237060546875 60.52500152587890625 59.18125152587890625 57.28125 57.28749847412109375 56.78125 55.13124847412109375 53.1875 51.90000152587890625 50.762500762939453125 50.825000762939453125 51.168750762939453125 51.737499237060546875 53.49375152587890625 55.481250762939453125 56.38124847412109375 56.643749237060546875 56.4375 56.33750152587890625
98.7312469482421875 98.4562530517578125 96.4499969482421875 94.59375 93.25624847412109375 90.63124847412109375 88.94374847412109375 86.3874969482421875 83.16249847412109375 82.3625030517578125 82.6875 80.8000030517578125 79.2624969482421875 76.8937530517578125 75.22499847412109375 74.25624847412109375 71.84999847412109375 70.47499847412109375 67.38124847412109375 65.63124847412109375 64.7687530517578125 64.28125 62.16249847412109375 61.5625 60.25 59.09999847412109375 57.325000762939453125 56.918750762939453125 55.481250762939453125 53.9375 52.02500152587890625 50.049999237060546875 47.418750762939453125 46.862499237060546875 46.268749237060546875 45.66249847412109375 47.049999237060546875 48.55625152587890625 49.46875 50.96250152587890625 51.362499237060546875 52.268749237060546875 51.293750762939453125
90.6687469482421875 90.63124847412109375 89.02500152587890625 88.44374847412109375 87.73749542236328125 85.96875 84.46250152587890625 83.0187530517578125 79.28125 77.0625 80.1437530517578125 81.58750152587890625 80.90625 78.06874847412109375 76.8000030517578125 74.125 71.3937530517578125 69.34375 66.9187469482421875 64.4187469482421875 63.706249237060546875 63.418750762939453125 61.84375 61.375 60.387500762939453125 58.05625152587890625 56.768749237060546875 55.69374847412109375 53.03749847412109375 51.200000762939453125 49.481250762939453125 46.799999237060546875 44.612499237060546875 43.018749237060546875 42.25 41.950000762939453125 43.043750762939453125 44.6875 45.25 46.581249237060546875 46.69374847412109375 47.56874847412109375 46.762500762939453125
84.4812469482421875 85.16249847412109375 83.3312530517578125 84.21875 84.34999847412109375 82.3312530517578125 80.8874969482421875 79.24375152587890625 77.4250030517578125 75.21250152587890625 82.7375030517578125 84.99375152587890625 81.96875 80.4187469482421875 79.09999847412109375 75.5500030517578125 71.44374847412109375 68.3562469482421875 67.1437530517578125 64.5187530517578125 63.66249847412109375 62.543750762939453125 61.28749847412109375 60.69374847412109375 59.75 58.181247711181640625 56.825000762939453125 55.5625 53.262500762939453125 50.518749237060546875 47.5 45.375 43.50624847412109375 40.450000762939453125 38.83750152587890625 38.15000152587890625 40.00624847412109375 41.793750762939453125 42.66249847412109375 43.793750762939453125 42.36875152587890625 42.22499847412109375 41.9375
80.0500030517578125 79.59999847412109375 79.1687469482421875 79.0437469482421875 80.05625152587890625 78.6875 77.8937530517578125 76.8312530517578125 77.19374847412109375 81.69374847412109375 89.7375030517578125 86.5749969482421875 81.3937530517578125 79.5625 77.16249847412109375 74.25 71.875 69.7624969482421875 66.5749969482421875 66.0124969482421875 64.40000152587890625 62.59375 61.643749237060546875 60.34999847412109375 59.24375152587890625 57.40625 56.137500762939453125 55.299999237060546875 53.13124847412109375 49.918750762939453125 46.81874847412109375 44.52500152587890625 42.393749237060546875 38.65000152587890625 36.893749237060546875 37.46875 38.293750762939453125 39.612499237060546875 40.668750762939453125 40.012500762939453125 39.06874847412109375 38.700000762939453125 38.112499237060546875
75.21250152587890625 75.5500030517578125 74.91249847412109375 74.875 74.9187469482421875 74.4250030517578125 73.01874542236328125 73.27500152587890625 75.16249847412109375 79.6125030517578125 83.03749847412109375 83.3312530517578125 80.9499969482421875 78.4187469482421875 76.7062530517578125 75.05625152587890625 71.93125152587890625 69.34999847412109375 66.44374847412109375 66.69374847412109375 65.94374847412109375 63.018749237060546875 61.97499847412109375 60.40625 59.049999237060546875 57.168750762939453125 55.71875 54.375 51.56874847412109375 49.25624847412109375 46.643749237060546875 45.03125 42.299999237060546875 39.03749847412109375 37.862499237060546875 37.71250152587890625 37.28125 38.46250152587890625 38.78749847412109375 37.09999847412109375 35.887500762939453125 35.637500762939453125 35.03749847412109375
