data/historical-monthly-weather-data/wc2.1_cruts4.09_10m_prec_1968-12.asc
ncols        51
nrows        45
xllcorner    -63.500000000000
yllcorner    -7.500000000000
cellsize     0.166666666667
NODATA_value -9999
[rows 0 to 19 of 45, columns 0 to 43 of 51]
106.58750152587890625 100.55625152587890625 94.5187530517578125 90.08750152587890625 85.09375 81.3625030517578125 77.4499969482421875 73.28749847412109375 70.78749847412109375 68.7937469482421875 68.1125030517578125 68.5749969482421875 69.7375030517578125 70.34375 72.27500152587890625 74.50624847412109375 76.9875030517578125 78.6687469482421875 81.2062530517578125 83.68125152587890625 85.9375 87.8312530517578125 89.97499847412109375 93.2375030517578125 96.75624847412109375 100.24375152587890625 105.49375152587890625 111.1999969482421875 116.9562530517578125 121.24375152587890625 124.7687530517578125 129.125 132.9562530517578125 136.53125 139.8625030517578125 144.181243896484375 147.1062469482421875 149.6374969482421875 150.0500030517578125 150.6125030517578125 150.6062469482421875 149.1875 147.587493896484375 145.15625
107.9187469482421875 102.2624969482421875 98.1875 94.9187469482421875 91.47499847412109375 87.53125 83.19374847412109375 80.1437530517578125 78.5187530517578125 76.9375 75.9499969482421875 75.91249847412109375 76.78125 77.5625 79.21875 81.27500152587890625 83.68125152587890625 86.63124847412109375 90.02500152587890625 94.0500030517578125 96.43125152587890625 98.38124847412109375 101.02500152587890625 104.05625152587890625 107.2062530517578125 110.4187469482421875 115.09375 119.9499969482421875 124.9250030517578125 129.65625 133.4250030517578125 138.0812530517578125 141.225006103515625 145.0749969482421875 149.350006103515625 152.1374969482421875 157.0437469482421875 160.5124969482421875 160.3000030517578125 160.431243896484375 160.03125 158.1687469482421875 156.15625 152.0437469482421875
107.3249969482421875 102.7375030517578125 100.0124969482421875 97.77500152587890625 95.5500030517578125 92.40000152587890625 89.66249847412109375 87.91249847412109375 87.0749969482421875 85.9375 84.78749847412109375 84.7312469482421875 85.625 86.375 88.0812530517578125 89.74375152587890625 92.15000152587890625 94.81874847412109375 98.15000152587890625 101.7375030517578125 104.22499847412109375 106.7624969482421875 109.61875152587890625 112.53125 115.68125152587890625 119.63124847412109375 124.09375 128.431243896484375 133.3874969482421875 137 140.881256103515625 145.443756103515625 150.3625030517578125 153.662506103515625 157.931243896484375 162.6125030517578125 166.9250030517578125 170.5625 171.337493896484375 171.4812469482421875 170.774993896484375 168.0187530517578125 164.34375 160.9375
105.47499847412109375 102.41249847412109375 101.6687469482421875 100.02500152587890625 99.21250152587890625 97.5 96.33750152587890625 95.8562469482421875 95.7375030517578125 95.69374847412109375 94.91249847412109375 94.9375 95.34999847412109375 96.1062469482421875 97.50624847412109375 99.3874969482421875 101.5812530517578125 103.1750030517578125 106.00624847412109375 109.9812469482421875 112.7937469482421875 115.3249969482421875 117.53749847412109375 120.78749847412109375 123.8312530517578125 128.225006103515625 132.6062469482421875 136.1875 141.09375 145.181243896484375 148.5625 152.1062469482421875 157.8625030517578125 163.0187530517578125 167.4499969482421875 172.3312530517578125 176.4250030517578125 180.7937469482421875 182.7375030517578125 182.837493896484375 181.28125 177.712493896484375 173.1875 169.4250030517578125
108.27500152587890625 103.6875 101.9250030517578125 102.0812530517578125 102.75 102.7624969482421875 102.6374969482421875 103.2687530517578125 104.7375030517578125 105.6875 104.91249847412109375 104.5625 105.3937530517578125 106.33750152587890625 107.5500030517578125 109.24375152587890625 111.0437469482421875 112.1750030517578125 114.69374847412109375 118.6999969482421875 121.68125152587890625 123.54375457763671875 125.5749969482421875 128.8874969482421875 132.1437530517578125 136.787506103515625 139.875 143.2062530517578125 147.7375030517578125 152.09375 155.71875 158.7937469482421875 164.46875 170.3937530517578125 175.6125030517578125 181.556243896484375 187.3000030517578125 191.9250030517578125 194.131256103515625 194.09375 192.306243896484375 187.71875 182.787506103515625 177.0124969482421875
111.0124969482421875 107.28125 105.0124969482421875 103.52500152587890625 104.94374847412109375 106.56874847412109375 107.6125030517578125 108.5124969482421875 110.0812530517578125 111.4187469482421875 111.09375 111.46875 113.1750030517578125 114.53749847412109375 116.6374969482421875 118.59375 120.78749847412109375 121.22499847412109375 124.40625 127.56874847412109375 129.4375 131.6062469482421875 133.2687530517578125 136.337493896484375 139.4812469482421875 143.1374969482421875 147.0187530517578125 150.1062469482421875 153.71875 157.9375 162.056243896484375 166.2687530517578125 170.7375030517578125 175.975006103515625 183.6999969482421875 190.5500030517578125 196.725006103515625 203.806243896484375 206.806243896484375 205.693756103515625 201.34375 196.2687530517578125 189.4499969482421875 184
114.9562530517578125 111.61875152587890625 109.71250152587890625 107.9812469482421875 108.03749847412109375 109.34375 111.03749847412109375 112.1437530517578125 113.1875 113.75 115.5 117.3312530517578125 120.5812530517578125 122.7937469482421875 125.3625030517578125 128.1437530517578125 131.524993896484375 134.118743896484375 137.15625 138.475006103515625 138.75 140.287506103515625 141.09375 143.256256103515625 146.6750030517578125 149.537506103515625 152.537506103515625 156.59375 160 163.743743896484375 167.8562469482421875 172.100006103515625 177.8562469482421875 183.225006103515625 190.0437469482421875 197.1437530517578125 205.0437469482421875 212.899993896484375 218.78125 216.412506103515625 210.2375030517578125 203.181243896484375 196.59375 189.8562469482421875
119.09375 115.9375 114.5 114.0124969482421875 114.3937530517578125 114.9562530517578125 115.03125 114.3125 113.9375 115.71875 119.6750030517578125 123.9250030517578125 127.8562469482421875 131.881256103515625 134.65625 138.100006103515625 141.8125 145.90625 149.181243896484375 147.756256103515625 146.899993896484375 146.962493896484375 147.21875 148.6125030517578125 152.25 155.524993896484375 157.850006103515625 161.274993896484375 165.875 170.21875 173.125 177.3125 183.7937469482421875 189.3937530517578125 197.1374969482421875 203.0437469482421875 211.118743896484375 218.5 222.34375 220.881256103515625 216.3125 208.90625 201.9250030517578125 194.5187530517578125
124.5437469482421875 121.83750152587890625 120.9562530517578125 120.83750152587890625 120.9187469482421875 121.84999847412109375 121.8562469482421875 120.5187530517578125 118.375 119.22499847412109375 124.65625 130.28125 135.2312469482421875 139.3937530517578125 142.056243896484375 144.9562530517578125 148.2937469482421875 152.2687530517578125 155.287506103515625 153.2937469482421875 150.8249969482421875 150.662506103515625 151.274993896484375 154.1750030517578125 157.1687469482421875 160.0437469482421875 162.337493896484375 166.0124969482421875 169.9625091552734375 173.868743896484375 178.375 181.8562469482421875 187.9187469482421875 194.568756103515625 201.4875030517578125 207.8312530517578125 214.2062530517578125 219.8249969482421875 222.1999969482421875 222.056243896484375 217.6875 211.0812530517578125 205.3562469482421875 198.9875030517578125
129.381256103515625 127.41875457763671875 127.13124847412109375 127.7312469482421875 128.03125 129.118743896484375 129.5500030517578125 128.9562530517578125 128.806243896484375 130.0500030517578125 133.881256103515625 138.0187530517578125 143.568756103515625 146.9250030517578125 149.2687530517578125 151.118743896484375 153.006256103515625 154.993743896484375 156.2375030517578125 155.2062530517578125 153.556243896484375 153.443756103515625 154.5124969482421875 158.100006103515625 160.8125 163.4250030517578125 165.9375 169.318756103515625 173.6687469482421875 177.756256103515625 181.412506103515625 185.1125030517578125 190.9187469482421875 196.8874969482421875 204.1999969482421875 211.7375030517578125 217.25 221.9749908447265625 222.5625 222.0625 219.4187469482421875 214.4187469482421875 207.975006103515625 202.0625
135.2062530517578125 133.587493896484375 133.28125 133.59375 134.850006103515625 137.0687408447265625 138.243743896484375 137.868743896484375 138.34375 140.34375 143.84375 147.9375 152.1374969482421875 155.350006103515625 156.0625 156.625 156.7062530517578125 157.2375030517578125 156.8937530517578125 155.756256103515625 155.8312530517578125 156.212493896484375 157.7937469482421875 159.756256103515625 164.7312469482421875 167.631256103515625 169.5187530517578125 171.6062469482421875 174.412506103515625 178.6687469482421875 182.6062469482421875 187.181243896484375 193.125 199.2624969482421875 206.15625 212.662506103515625 218.306243896484375 222.931243896484375 224.84375 224.0187530517578125 221.71875 216.78125 211.7624969482421875 206.899993896484375
141.09375 139.381256103515625 139.40625 140.443756103515625 141.868743896484375 144.5124969482421875 146.6687469482421875 147.037506103515625 147.90625 150.7624969482421875 154.475006103515625 158.225006103515625 160.1437530517578125 161.837493896484375 162.03125 161.1374969482421875 160.287506103515625 159.1687469482421875 158.1374969482421875 157.1687469482421875 156.8312530517578125 158.181243896484375 161.3562469482421875 164.225006103515625 168.8000030517578125 171.693756103515625 172.6875 173.6875 175.3562469482421875 179.375 183.1875 187.850006103515625 193.725006103515625 200.2624969482421875 207.381256103515625 214.03125 219.4875030517578125 224.412506103515625 225.7624969482421875 225.274993896484375 223.256256103515625 218.818756103515625 213.993743896484375 208.943756103515625
146.8937530517578125 145.5187530517578125 145.9375 146.8312530517578125 148.6999969482421875 151.1437530517578125 153.2312469482421875 154.818756103515625 156.5187530517578125 160.1437530517578125 164.25 167.274993896484375 168.024993896484375 167.337493896484375 167.125 165.6187591552734375 163.8249969482421875 162.7062530517578125 161.068756103515625 159.149993896484375 157.3562469482421875 159.7687530517578125 164.90625 168.618743896484375 171.46875 173.193756103515625 174.1125030517578125 175.2375030517578125 176.774993896484375 179.2312469482421875 182.6125030517578125 186.7687530517578125 192.28125 199.1875 206.625 214.368743896484375 220.9562530517578125 226.1999969482421875 227.40625 225.943756103515625 223.4875030517578125 220.4812469482421875 214.6750030517578125 205.8625030517578125
151.6125030517578125 150.4187469482421875 150.90625 152.125 153.756256103515625 156.318756103515625 158.6125030517578125 161.556243896484375 164.837493896484375 168.3125 171.375 173.1750030517578125 173.7312469482421875 172.7937469482421875 171.056243896484375 170.21875 167.9499969482421875 166.0500030517578125 164.0625 162.1875 161.8125 164.149993896484375 168.3874969482421875 171.162506103515625 173.46875 175.193756103515625 176.556243896484375 176.1999969482421875 176.4812469482421875 178.131256103515625 180.96875 184.2624969482421875 190.3562469482421875 197.0749969482421875 205.5124969482421875 213.7312469482421875 221.618743896484375 229.0749969482421875 231.8625030517578125 232.21875 226.712493896484375 218.568756103515625 211.5 205.662506103515625
155.0625 153.96875 155.087493896484375 156.4375 158.493743896484375 161.1437530517578125 164.53125 167.8937530517578125 171.225006103515625 174.2687530517578125 177.09375 178.5625 178.350006103515625 177.6374969482421875 175.631256103515625 174.681243896484375 171.787506103515625 169.662506103515625 167.5500030517578125 166.912506103515625 167.0812530517578125 169.25 172.2624969482421875 174.368743896484375 176.587493896484375 177.993743896484375 178.8125 178.28125 177.5124969482421875 176.9562530517578125 177.90625 181.068756103515625 187.225006103515625 194.712493896484375 203.8312530517578125 211.4499969482421875 221.631256103515625 233.0749969482421875 241.0812530517578125 241.631256103515625 234.318756103515625 224.7062530517578125 216.59375 209.806243896484375
157.2312469482421875 156.6437530517578125 158.1875 160.3812408447265625 162.7125091552734375 166.0124969482421875 169.681243896484375 172.65625 176.087493896484375 179.975006103515625 182.475006103515625 183.2687530517578125 182.943756103515625 181.9375 180.350006103515625 177.8000030517578125 174.9187469482421875 173.618743896484375 171.625 170.90625 172.181243896484375 173.912506103515625 176.4812469482421875 178.024993896484375 180.21875 182.568756103515625 182.8312530517578125 181.443756103515625 178.837493896484375 175.649993896484375 174.8499908447265625 176.1062469482421875 180.7624969482421875 188.03125 196.256256103515625 205.399993896484375 218.4812469482421875 234.5124969482421875 248.399993896484375 251.162506103515625 243.90625 232.056243896484375 221.21875 209.6750030517578125
158.725006103515625 158.743743896484375 159.8625030517578125 162.787506103515625 165.9875030517578125 169.2312469482421875 173.493743896484375 177.6875 181.78125 185.1875 187.6875 187.6999969482421875 187.0187530517578125 185.7624969482421875 184.350006103515625 181.4187469482421875 177.118743896484375 175.9875030517578125 175.28125 174.71875 176.40625 178.4375 180.9250030517578125 182.03125 184.381256103515625 187.5625 188.28125 185.21875 179.0187530517578125 173.462493896484375 170.7937469482421875 171.65625 174.3249969482421875 177.693756103515625 183.65625 194.375 211.7624969482421875 236.15625 262.61248779296875 261.568756103515625 250.7375030517578125 236.306243896484375 221.4375 210.59375
158.34375 158.975006103515625 160.625 164.125 167.78125 172.087493896484375 176.4499969482421875 180.412506103515625 184.600006103515625 189.0124969482421875 192.2375030517578125 192.21875 190.818756103515625 189.5187530517578125 187.631256103515625 184.3874969482421875 180.131256103515625 176.5437469482421875 177.5500030517578125 177.3000030517578125 180.087493896484375 182.443756103515625 184.787506103515625 186.556243896484375 189.2062530517578125 192.850006103515625 195.0625 189.0187530517578125 179.15625 170.09375 164.943756103515625 164.4499969482421875 168.475006103515625 172.912506103515625 175.100006103515625 178.1875 202.96875 232.2687530517578125 253.912506103515625 257.59375 247.212493896484375 233.5812530517578125 221.600006103515625 212.274993896484375
156.850006103515625 157.9499969482421875 160.618743896484375 164.556243896484375 168.8312530517578125 173.65625 178.225006103515625 183.287506103515625 188.0500030517578125 192.8562469482421875 195.5187530517578125 194.806243896484375 194.1374969482421875 193.4499969482421875 190.975006103515625 187.274993896484375 183.118743896484375 179.4499969482421875 177.618743896484375 178.149993896484375 182.6374969482421875 187.375 187.743743896484375 190.4875030517578125 194.2687530517578125 197.850006103515625 198.431243896484375 192.662506103515625 181.5 168.962493896484375 159.850006103515625 162.9187469482421875 170.2249908447265625 174.368743896484375 175.78125 182.3125 202.743743896484375 225.2687530517578125 242.256256103515625 245.96875 239.600006103515625 229.056243896484375 219.8125 213.056243896484375
154.662506103515625 156.506256103515625 159.274993896484375 163.75 168.912506103515625 174.75 180.287506103515625 185.837493896484375 191.368743896484375 195.53125 198.78125 199.3562469482421875 199.0625 197.506256103515625 193.8625030517578125 188.6875 183.75 181.462493896484375 179.962493896484375 180.1062469482421875 183.149993896484375 186.381256103515625 190.25 194.1125030517578125 198.1875 201.524993896484375 201.4499969482421875 197.6062469482421875 187.725006103515625 174.9875030517578125 167.5187530517578125 170.875 177.1687469482421875 183.431243896484375 189.46875 196.5500030517578125 210.75 226.6687469482421875 237.25 239.9187469482421875 234.7937469482421875 224.1687469482421875 218.96875 215.006256103515625
