data/historical-monthly-weather-data/wc2.1_cruts4.09_10m_prec_2024-01.asc
ncols        45
nrows        45
xllcorner    -63.500000000000
yllcorner    -7.500000000000
cellsize     0.166666666667
NODATA_value -9999
[rows 20 to 39 of 45, columns 0 to 44 of 45]
228.0500030517578125 230.8874969482421875 227.8874969482421875 225.0749969482421875 222.006256103515625 218.7687530517578125 215.256256103515625 209.78125 205.3375091552734375 199.5187530517578125 193.3312530517578125 190.2312469482421875 189.256256103515625 188.837493896484375 180.712493896484375 167.5437469482421875 157.806243896484375 152.5187530517578125 151.056243896484375 149.71875 151.6687469482421875 153.1125030517578125 155.3562469482421875 167.28125 181.375 196.7312469482421875 216.306243896484375 237.4250030517578125 257.89373779296875 275.09375 285.63751220703125 290.09375 283.01873779296875 273.868743896484375 266.26873779296875 287.51873779296875 319.34375 343.475006103515625 352.537506103515625 349.100006103515625 337.26251220703125 323.412506103515625 313.79998779296875 306.20623779296875 298.162506103515625
225.037506103515625 226.618743896484375 223.5187530517578125 221.6750030517578125 220.4562530517578125 218.0437469482421875 214.8562469482421875 211.21875 206.993743896484375 198.4875030517578125 188.9375 180.7312469482421875 175.09375 171.850006103515625 167.787506103515625 160.712493896484375 155.2937469482421875 151.912506103515625 150.024993896484375 149.1125030517578125 149.875 151.7624969482421875 155.6374969482421875 168.9499969482421875 184.537506103515625 201.7375030517578125 223.9875030517578125 244.0625 262.17498779296875 275.506256103515625 282.21875 285.850006103515625 284.443756103515625 285.20623779296875 289.23748779296875 310.32501220703125 344 373.006256103515625 381.51873779296875 373.412506103515625 357.125 339.71875 326.57501220703125 315.85626220703125 305.462493896484375
222.337493896484375 223.7937469482421875 219.1437530517578125 217.100006103515625 217.2249908447265625 216.9375 214.6374969482421875 212.0437469482421875 209.537506103515625 197.9375 183.25 169.681243896484375 159.806243896484375 156.0749969482421875 156.243743896484375 154.600006103515625 151.5500030517578125 149.649993896484375 148.15625 147.181243896484375 148.6062469482421875 150.4875030517578125 154.181243896484375 168.0812530517578125 185.837493896484375 205.7937469482421875 229.4250030517578125 249.306243896484375 265.66876220703125 275.01873779296875 280.056243896484375 284.86248779296875 292.84375 301.79376220703125 315.07501220703125 336.556243896484375 371.725006103515625 411.48126220703125 416.600006103515625 396.58123779296875 374.681243896484375 354.95001220703125 336.5625 323.09375 311.45001220703125
220.318756103515625 220.0625 214.3312530517578125 213.024993896484375 214.837493896484375 215.0812530517578125 214.25 212.1687469482421875 208.3312530517578125 195.0437469482421875 178.6125030517578125 163.96875 149.350006103515625 147.493743896484375 150.806243896484375 151.193756103515625 149.5437469482421875 148.368743896484375 147.243743896484375 146.556243896484375 147.443756103515625 149.0749969482421875 152.6875 166.6125030517578125 185.4375 205.9250030517578125 230.743743896484375 250.1125030517578125 266.17498779296875 277.45001220703125 285.4312744140625 294.306243896484375 306.587493896484375 320.899993896484375 338.600006103515625 361.26251220703125 393.337493896484375 429.33123779296875 432.79376220703125 412.04998779296875 388.40625 365.71875 345.70623779296875 330.46875 319.3125
219.5625 218.3125 211.193756103515625 212.131256103515625 216.5 216.1062469482421875 214.087493896484375 210.774993896484375 204.28125 192.6125030517578125 178.0812530517578125 165.0124969482421875 153.993743896484375 149.9499969482421875 150.399993896484375 150.6437530517578125 149.5500030517578125 149.056243896484375 147.600006103515625 145.787506103515625 146.399993896484375 147.1374969482421875 150.1999969482421875 163.774993896484375 182.318756103515625 204.0749969482421875 227.631256103515625 250.1062469482421875 268.537506103515625 283.537506103515625 295.975006103515625 309.912506103515625 323.8125 340.9375 360.475006103515625 379.90625 405.95623779296875 426.649993896484375 428.350006103515625 415.53125 394.82501220703125 372.375 352.125 337.92498779296875 323.662506103515625
223.9625091552734375 225.056243896484375 219.100006103515625 219.21875 220.1374969482421875 218.7312469482421875 215.21875 209.4875030517578125 201.8249969482421875 191.149993896484375 179.493743896484375 169.725006103515625 160.8937530517578125 155.568756103515625 153.59375 152.5749969482421875 151.412506103515625 150.7937469482421875 149.1062469482421875 146.568756103515625 146.943756103515625 146.0812530517578125 147.993743896484375 160.03125 179.09375 202.0625 227.7375030517578125 251.4562530517578125 273.09375 288.95001220703125 307.10626220703125 325.29376220703125 342.98126220703125 359.95001220703125 379.850006103515625 396.100006103515625 414.73748779296875 427.45623779296875 426.5625 415.65625 398.54998779296875 376.1875 354.46875 340.78125 330.368743896484375
230.96875 232.90625 229.8625030517578125 228.399993896484375 226.693756103515625 223.6750030517578125 219.2624969482421875 211.75 203.5500030517578125 194.774993896484375 185.100006103515625 177.1437530517578125 169.7937469482421875 164.3312530517578125 161.03125 159.09375 157.2312469482421875 156.1125030517578125 154.5500030517578125 150.993743896484375 149.774993896484375 148.9375 148.5124969482421875 159.337493896484375 179.8562469482421875 202.6750030517578125 228.2937469482421875 253.274993896484375 276.975006103515625 295.381256103515625 316.287506103515625 336.67498779296875 358.4375 377.318756103515625 395.731231689453125 411.90625 427.662506103515625 436.131256103515625 431.587493896484375 422.149993896484375 405.649993896484375 381.625 360.131256103515625 346.899993896484375 346.0625
240.118743896484375 241.725006103515625 240.34375 238.3874969482421875 235.6437530517578125 230.34375 224.1125030517578125 215.8937530517578125 207.96875 199.399993896484375 190.931243896484375 184.493743896484375 177.8625030517578125 172.4812469482421875 168.7687530517578125 166.1999969482421875 163.6062469482421875 163.399993896484375 160.462493896484375 157.2312469482421875 156.5437469482421875 154.4875030517578125 156.149993896484375 167.7687530517578125 186.1062469482421875 207.09375 232.037506103515625 256.66876220703125 281.20623779296875 302.40625 322.95001220703125 344.13751220703125 367.67498779296875 388.20623779296875 408.79998779296875 425.09375 438.475006103515625 447.48126220703125 443.612518310546875 432.537506103515625 417.837493896484375 394.024993896484375 369.631256103515625 357.78125 372.149993896484375
247.6999969482421875 250.087493896484375 249.287506103515625 248.225006103515625 245.1999969482421875 238.006256103515625 228.9875030517578125 220.9812469482421875 212.6687469482421875 204.8000030517578125 197.462493896484375 191.53125 185.837493896484375 181.774993896484375 178.0749969482421875 175.524993896484375 173.9250030517578125 172.40625 169.6125030517578125 166.100006103515625 164.75 162.9187469482421875 164.7624969482421875 177.3125 194.2312469482421875 213.368743896484375 237.6125030517578125 262.04376220703125 287.42498779296875 308.91876220703125 328.59375 349.412506103515625 374.29998779296875 398.649993896484375 422.04998779296875 438.25 453.48748779296875 463.037506103515625 460.14373779296875 449.13751220703125 431.618743896484375 408.79376220703125 389.8125 386.79376220703125 403.462493896484375
253.0500030517578125 255.3000030517578125 256.79376220703125 257.83123779296875 255.1062469482421875 245.7750091552734375 235.368743896484375 227.2062530517578125 219.1062469482421875 211.28125 205.274993896484375 201.03125 196.6750030517578125 193.3125 190.71875 188.068756103515625 185.8625030517578125 184.806243896484375 182.8000030517578125 178.256256103515625 176.0500030517578125 174.8625030517578125 175.8562469482421875 187.774993896484375 203.9812469482421875 222.162506103515625 244.881256103515625 268.20623779296875 292.73748779296875 313.70001220703125 334.60626220703125 355.962493896484375 381.087493896484375 408.48126220703125 433.375 452.193756103515625 468.84375 483.23126220703125 481.07501220703125 473.33123779296875 461.818756103515625 443.90625 429.962493896484375 428.181243896484375 433.11248779296875
255.7937469482421875 257.95001220703125 259.17498779296875 261.587493896484375 261.26251220703125 250.0124969482421875 240.350006103515625 231.975006103515625 224.53125 218.131256103515625 213.5812530517578125 210.59375 207.6125030517578125 204.5625 202.9187469482421875 200.6374969482421875 199.1062469482421875 198.506256103515625 196.4812469482421875 191.8000030517578125 188.5 186.1812591552734375 187.3000030517578125 198.5625 213.2937469482421875 231.274993896484375 253.056243896484375 275.162506103515625 299.29998779296875 319.67498779296875 340.96875 363.181243896484375 389.162506103515625 417.899993896484375 444.76251220703125 466.287506103515625 485.29376220703125 504.3125 506.631256103515625 502.17498779296875 496.5 482.631256103515625 471.631256103515625 464.70623779296875 466.64373779296875
254.9812469482421875 256.212493896484375 257.42498779296875 259.149993896484375 258.20623779296875 249.868743896484375 243.118743896484375 235.287506103515625 229.100006103515625 223.9250030517578125 220.5187530517578125 218.881256103515625 217.4375 216.3874969482421875 215.6062469482421875 213.7062530517578125 211.274993896484375 210.193756103515625 207.1750030517578125 203.1999969482421875 199.3562469482421875 196.693756103515625 197.6999969482421875 208.28125 223.1999969482421875 239.8312530517578125 260.024993896484375 281.70001220703125 303.681243896484375 325.57501220703125 347.149993896484375 369.73126220703125 397.537506103515625 427.712493896484375 456.631256103515625 479.70623779296875 504.193756103515625 523.17498779296875 526.45001220703125 527.15625 530.8375244140625 521.375 512.8812255859375 510.78125 512.79376220703125
246.5437469482421875 247.71875 249.756256103515625 251.40625 250.2312469482421875 245.3312530517578125 240.524993896484375 235.875 230.225006103515625 227.9499969482421875 227.8937530517578125 228.337493896484375 230.287506103515625 232.15625 231.100006103515625 228.931243896484375 225.912506103515625 223.1999969482421875 219.4375 215.712493896484375 212.0625 209.274993896484375 209.4375 220.2062530517578125 233.4499969482421875 248.912506103515625 267.818756103515625 286.88751220703125 307.86248779296875 331.524993896484375 353.25 374.95623779296875 404.3125 436.26251220703125 465.23126220703125 490.631256103515625 515.07501220703125 535.5625 539.13751220703125 548.92498779296875 555.82501220703125 551.8812255859375 549.79998779296875 553.9937744140625 566.875
236.2937469482421875 237.7624969482421875 239.975006103515625 242.037506103515625 241.087493896484375 239.412506103515625 237.8625030517578125 235.4875030517578125 231.5749969482421875 229.774993896484375 232.03125 237.787506103515625 243.8000030517578125 247.3000030517578125 246.662506103515625 243.881256103515625 241.350006103515625 238.162506103515625 232.9187469482421875 228.0437469482421875 224.59375 222.006256103515625 221.9187469482421875 231.181243896484375 243 256.32501220703125 273.60626220703125 292.51251220703125 313.462493896484375 335.987518310546875 359.29998779296875 382.16876220703125 411.756256103515625 445.118743896484375 475.375 501.024993896484375 524.65625 543.57501220703125 553.28125 565.28125 574.0250244140625 576.10626220703125 580.54376220703125 589.9749755859375 606.3812255859375
227.21875 228.118743896484375 230.6437530517578125 232.1875 232.6999969482421875 233.6374969482421875 233.587493896484375 233.149993896484375 228.8249969482421875 229.149993896484375 235.6374969482421875 245.8625030517578125 257.79376220703125 265 264.07501220703125 260.100006103515625 256.524993896484375 251.837493896484375 246.0500030517578125 239.4499969482421875 236.618743896484375 234.1437530517578125 233.7937469482421875 241.431243896484375 251.8125 262.412506103515625 279.381256103515625 297.95623779296875 317.837493896484375 339.912506103515625 363.76251220703125 388.818756103515625 419.6875 452.056243896484375 482.274993896484375 507.33123779296875 528.9625244140625 552.46875 564.4312744140625 575.1187744140625 586.20623779296875 590.11248779296875 598.2874755859375 609.21875 621.82501220703125
218.287506103515625 218.5187530517578125 220.5187530517578125 221.7687530517578125 222.412506103515625 222.712493896484375 223.34375 222.3249969482421875 219.15625 220.9499969482421875 232.09375 249.274993896484375 267.20001220703125 278.48126220703125 279.01251220703125 275.806243896484375 271.368743896484375 265.943756103515625 259.399993896484375 252.2624969482421875 248.6312408447265625 246.662506103515625 245.524993896484375 251.03125 259.34375 269.10626220703125 284.268768310546875 301.443756103515625 320.368743896484375 342.287506103515625 367.024993896484375 391.90625 423.38751220703125 455.39373779296875 484.28125 504.98748779296875 528.5062255859375 547.82501220703125 555.9312744140625 566.2874755859375 577.5625 584.0374755859375 591.85626220703125 603.40625 611.60626220703125
209.1687469482421875 209.2312469482421875 210.34375 211.431243896484375 212.0437469482421875 212.9812469482421875 214.46875 213.368743896484375 210.2687530517578125 209.931243896484375 228.131256103515625 256.84375 278.35626220703125 289.881256103515625 292.39373779296875 290.45001220703125 286.35626220703125 280.212493896484375 272.868743896484375 264.76873779296875 261.17498779296875 257.71875 256.412506103515625 260.274993896484375 266.98126220703125 275.61248779296875 289.337493896484375 305.58123779296875 323.08123779296875 345.287506103515625 369.899993896484375 394.931243896484375 426.475006103515625 458.16876220703125 485.712493896484375 504.41876220703125 522.6312255859375 537.125 545 552.40625 559.73126220703125 566.92498779296875 577.98748779296875 588.9124755859375 594.83123779296875
199.96875 199.850006103515625 200.7687530517578125 202.34375 203.6062469482421875 206.306243896484375 208.381256103515625 209.056243896484375 209.5500030517578125 210.1062469482421875 243.068756103515625 275.23748779296875 292.774993896484375 302.868743896484375 305.899993896484375 304.618743896484375 300.399993896484375 294.493743896484375 287.068756103515625 278.35626220703125 273.34375 268.431243896484375 265.931243896484375 268.412506103515625 273.63751220703125 281.29376220703125 293.125 307.79998779296875 324.256256103515625 347.21875 371.100006103515625 394.693756103515625 425.118743896484375 456.35626220703125 482.33123779296875 498.318756103515625 510.787506103515625 522.8125 529.92498779296875 535.09375 539.5687255859375 548.75 557.73126220703125 565.54998779296875 572.82501220703125
191.662506103515625 190.193756103515625 191.875 193.7687530517578125 195.8874969482421875 199.6687469482421875 203.1437530517578125 208.5187530517578125 218.6374969482421875 239.681243896484375 279.04376220703125 292.818756103515625 301.51251220703125 310.29998779296875 314.274993896484375 314.45001220703125 313.01873779296875 306.13751220703125 297.756256103515625 288.962493896484375 281.337493896484375 275.46875 272.45001220703125 274.15625 278.20001220703125 284.73748779296875 295.83123779296875 309.28125 324.82501220703125 347.32501220703125 369.16876220703125 390.337493896484375 415.64373779296875 439.975006103515625 465.375 478.85626220703125 488.20623779296875 498.48748779296875 503.14373779296875 504.962493896484375 508.787506103515625 515.375 521.66876220703125 530.3499755859375 536.66253662109375
183.412506103515625 181.975006103515625 183.5187530517578125 185.131256103515625 188.7937469482421875 194.3625030517578125 200.3625030517578125 209.96875 225.8249969482421875 249.15625 275.962493896484375 294.212493896484375 305.82501220703125 316.33123779296875 321.693756103515625 324.993743896484375 325.76251220703125 319.225006103515625 308.818756103515625 298.54998779296875 287.39373779296875 280.82501220703125 277.181243896484375 278.10626220703125 281.975006103515625 287.524993896484375 297.84375 310.743743896484375 324.600006103515625 344.625 363.85626220703125 384.381256103515625 406.931243896484375 426.39373779296875 443.662506103515625 454.65625 462.34375 469.943756103515625 472.76873779296875 473.13751220703125 476.350006103515625 481.15625 484.95623779296875 491.48126220703125 497.506256103515625
