data/historical-monthly-weather-data/wc2.1_cruts4.09_10m_prec_2002-03.asc
ncols        45
nrows        45
xllcorner    -63.500000000000
yllcorner    -7.500000000000
cellsize     0.166666666667
NODATA_value -9999
[rows 0 to 19 of 45, columns 0 to 44 of 45]
214.4124908447265625 215.631256103515625 212.4375 214.8000030517578125 214.493743896484375 211.381256103515625 204.2375030517578125 196.7624969482421875 189.0437469482421875 184.8000030517578125 184.243743896484375 184.7937469482421875 185.556243896484375 183.9250030517578125 183.881256103515625 183.850006103515625 186.118743896484375 185.806243896484375 188.09375 189.9875030517578125 192.524993896484375 194.0500030517578125 196.375 197.537506103515625 200.756256103515625 204.2687530517578125 210.1687469482421875 219.587493896484375 228.024993896484375 231.9812469482421875 239.443756103515625 244.568756103515625 251.71875 261.26251220703125 270.193756103515625 278.42498779296875 285.38751220703125 292.76251220703125 300.068756103515625 305.73126220703125 311.681243896484375 316.98748779296875 320.61248779296875 325.149993896484375 325.26251220703125
223.493743896484375 226.118743896484375 229.350006103515625 233.5749969482421875 236.243743896484375 231.725006103515625 223.2937469482421875 215.9812469482421875 210.0812530517578125 205.1374969482421875 202.8000030517578125 201.087493896484375 199.65625 197.149993896484375 195.84375 195.21875 196.09375 197.4562530517578125 199.024993896484375 200.693756103515625 202.0187530517578125 202.8937530517578125 204.8249969482421875 206.5625 208.962493896484375 212.34375 218.162506103515625 227.8000030517578125 235.625 239.78125 245.243743896484375 252.2375030517578125 258.89373779296875 270.418731689453125 278.40625 287.9375 297.193756103515625 305.193756103515625 312.28125 317.35626220703125 323.88751220703125 328.60626220703125 331.693756103515625 335.26873779296875 335.95623779296875
231.8249969482421875 236.8249969482421875 242.625 248.4499969482421875 251.3125 246.5812530517578125 241.037506103515625 235.975006103515625 230.4187469482421875 225.787506103515625 220.162506103515625 215.7687530517578125 212.8562469482421875 209.4187469482421875 207.4625091552734375 207.2312469482421875 207.34375 208.587493896484375 209.1750030517578125 210.037506103515625 211 211.8312530517578125 212.068756103515625 214.1437530517578125 216.6999969482421875 218.587493896484375 224.7937469482421875 233.993743896484375 240.8312530517578125 244.3249969482421875 250.3562469482421875 256.95001220703125 265.01873779296875 274.3125 285.537506103515625 293.818756103515625 304.41876220703125 315.45623779296875 322.756256103515625 329.774993896484375 336.54998779296875 340.10626220703125 342.243743896484375 343.95001220703125 345.64373779296875
237.90625 246.125 256.037506103515625 262.5 266.41876220703125 261.318756103515625 256.931243896484375 253.6687469482421875 250.3874969482421875 245.53125 237.65625 230.006256103515625 223.9562530517578125 219.0437469482421875 217.318756103515625 216.774993896484375 217.993743896484375 219.287506103515625 219.7312469482421875 219.625 220.7062530517578125 219.9250030517578125 218.118743896484375 219.693756103515625 221.90625 223.59375 229.806243896484375 236.78125 243.3312530517578125 247.75 252.1875 260.25 268.1875 277.46875 288.318756103515625 299.73748779296875 312.162506103515625 324.837493896484375 334.73126220703125 342.131256103515625 347.756256103515625 351.45001220703125 353.0625 353.04376220703125 354.08123779296875
251.4375 259.09375 266.35626220703125 274.89373779296875 279.912506103515625 275.068756103515625 269.506256103515625 267.118743896484375 266.381256103515625 263.38751220703125 252.875 241.46875 233.774993896484375 229.306243896484375 226.5749969482421875 226.6875 227.46875 229.21875 228.225006103515625 226.59375 227.2624969482421875 225.1125030517578125 223.587493896484375 225.243743896484375 226.7687530517578125 228.4187469482421875 232.912506103515625 239.287506103515625 247.662506103515625 250.212493896484375 255.618743896484375 261.637481689453125 271.70623779296875 282.162506103515625 293.35626220703125 306.368743896484375 319.86248779296875 333.318756103515625 345.08123779296875 352.76251220703125 360.306243896484375 361.73748779296875 361.931243896484375 362.193756103515625 361.08123779296875
266.443756103515625 275.806243896484375 284.79998779296875 289.975006103515625 290.899993896484375 285.556243896484375 279.07501220703125 274.70623779296875 273.98126220703125 272.23748779296875 258.712493896484375 246.8937530517578125 240.4812469482421875 235.21875 233.118743896484375 232.96875 233.6750030517578125 234.1750030517578125 233.1687469482421875 230.40625 230.087493896484375 228.8874969482421875 227.7687530517578125 228.756256103515625 230.1687469482421875 232.6875 237.243743896484375 242.506256103515625 248.806243896484375 252.625 257.07501220703125 263.54376220703125 272.15625 285.32501220703125 298.38751220703125 311.29376220703125 327.193756103515625 341.706268310546875 354.54376220703125 364.90625 371.100006103515625 372.79998779296875 372.681243896484375 372.01251220703125 369.33123779296875
280.350006103515625 290.01251220703125 297.70001220703125 299.96875 297.79376220703125 289.881256103515625 281.431243896484375 272.806243896484375 266.0625 259.48748779296875 252.6437530517578125 246.0812530517578125 241.9375 238.3249969482421875 237.0500030517578125 236.78125 237.125 235.662506103515625 233.2312469482421875 232.03125 231.1687469482421875 231.149993896484375 230.1437530517578125 231.4812469482421875 233.412506103515625 235.399993896484375 240.024993896484375 244.65625 248.8874969482421875 251.662506103515625 258.26251220703125 264.399993896484375 273.4375 284.95001220703125 298.82501220703125 313.88751220703125 329.58123779296875 345.4375 362.6875 372.61248779296875 376.431243896484375 378.57501220703125 378.475006103515625 377.90625 377.125
290.5 299.875 304.631256103515625 306.443756103515625 305.024993896484375 295.03125 281.07501220703125 265.056243896484375 251.037506103515625 244.1125030517578125 243.399993896484375 242.662506103515625 242.350006103515625 241.100006103515625 240.09375 239.8125 238.2375030517578125 234.9187469482421875 232.0625 230.5749969482421875 231.149993896484375 231.8625030517578125 231.975006103515625 233.2624969482421875 236.6437530517578125 237.8000030517578125 241.03125 245.0812530517578125 247.881256103515625 250.5500030517578125 255.75 264.287506103515625 272.84375 284.33123779296875 298.04998779296875 313.256256103515625 329.681243896484375 345.975006103515625 362.743743896484375 372.899993896484375 378.568756103515625 380.82501220703125 381.01251220703125 380.33123779296875 378.09375
299.42498779296875 307.649993896484375 312.04376220703125 313.41876220703125 310.756256103515625 299.662506103515625 284.42498779296875 265.975006103515625 245.787506103515625 235.6687469482421875 239.4875030517578125 242.5625 245.056243896484375 243.850006103515625 242.912506103515625 242.193756103515625 239.787506103515625 235.712493896484375 233.3874969482421875 231.2687530517578125 230 231.868743896484375 232.3125 237.5500030517578125 241.100006103515625 241.431243896484375 242.337493896484375 244.3937530517578125 247.818756103515625 249.5749969482421875 254.9625091552734375 263.26251220703125 271.82501220703125 282.412506103515625 294.70623779296875 310.58123779296875 328.61248779296875 344.6875 361.15625 371.61248779296875 378.33123779296875 380.75 382.037506103515625 381.48126220703125 376.068756103515625
308.34375 315.368743896484375 318.318756103515625 318.899993896484375 316.73748779296875 306.006256103515625 291.95001220703125 274.98748779296875 257.92498779296875 248.181243896484375 247.09375 247.0500030517578125 248.8937530517578125 248.2062530517578125 246.2249908447265625 244.587493896484375 241.881256103515625 237.1062469482421875 233.375 230.381256103515625 229.125 231.287506103515625 234.181243896484375 241.9499969482421875 244.2937469482421875 244.212493896484375 244.568756103515625 245.3125 246.7687530517578125 247.443756103515625 251.712493896484375 260.993743896484375 270.412506103515625 281.618743896484375 293.32501220703125 308.39373779296875 325.41876220703125 342.287506103515625 359.14373779296875 371.524993896484375 379.975006103515625 383.46875 382.681243896484375 377.86248779296875 372.75
316.743743896484375 323.13751220703125 324.40625 324.71875 323.45001220703125 314.506256103515625 302.118743896484375 286.41876220703125 272.53125 263.524993896484375 258.51873779296875 256.662506103515625 255.587493896484375 254.6750030517578125 251.5500030517578125 248.006256103515625 243.8874969482421875 238.3562469482421875 232.75 228.7312469482421875 228.8125 231.181243896484375 236.3625030517578125 243.125 248.75 246.462493896484375 245.7687530517578125 247.4187469482421875 247.53125 246.6374969482421875 251.2687530517578125 259.212493896484375 268.024993896484375 278.756256103515625 290.63751220703125 304.831268310546875 320.91876220703125 337.618743896484375 354.89373779296875 369.774993896484375 379.462493896484375 381.681243896484375 379.162506103515625 373.350006103515625 367.006256103515625
322.256256103515625 328.28125 329.28125 330.32501220703125 328.36248779296875 321.912506103515625 312.51251220703125 299.46875 287.39373779296875 277.84375 271.25 267.48126220703125 264.38751220703125 262.23126220703125 260.28125 256.100006103515625 249.46875 242.2624969482421875 235.693756103515625 230.1687469482421875 227.78125 230.100006103515625 236.6374969482421875 247.5437469482421875 251.693756103515625 245.225006103515625 243.693756103515625 245.3312530517578125 248.0187530517578125 250.0437469482421875 252.225006103515625 258.03125 265.600006103515625 275.024993896484375 285.537506103515625 300.943756103515625 317.64373779296875 334.28125 350.88751220703125 367.3125 378.54376220703125 379.037506103515625 372.5 360.39373779296875 349.443756103515625
327.256256103515625 332.337493896484375 333.71875 333.743743896484375 332.79998779296875 328.318756103515625 320.26251220703125 310.29376220703125 299.36248779296875 291.274993896484375 285.57501220703125 280.649993896484375 277.225006103515625 272.162506103515625 268.79376220703125 263.66876220703125 255.8937530517578125 248.0625 241.056243896484375 233.243743896484375 227.15625 227.8625030517578125 232.8125 241.4250030517578125 240.818756103515625 236.3312530517578125 240.0812530517578125 244.4375 248.9562530517578125 252.1062469482421875 254.625 257.662506103515625 263.024993896484375 271.11248779296875 280.63751220703125 294.71875 311.36248779296875 328.256256103515625 346.35626220703125 364.693756103515625 378.368743896484375 376.6875 361.65625 345.787506103515625 331.193756103515625
330.537506103515625 335.681243896484375 336.73748779296875 336.743743896484375 336.837493896484375 331.774993896484375 326.42498779296875 320.256256103515625 312.63751220703125 305.32501220703125 299.15625 294.14373779296875 289.3125 285.04376220703125 277.443756103515625 271.66876220703125 263.16876220703125 254.006256103515625 245.6999969482421875 237.8562469482421875 232.2687530517578125 229.53125 229.3937530517578125 233.2937469482421875 233.100006103515625 232.274993896484375 237.3625030517578125 242.868743896484375 248.1875 251.993743896484375 255.868743896484375 258.53125 260.899993896484375 265.899993896484375 274.012481689453125 288.556243896484375 305.98126220703125 322.42498779296875 339.83123779296875 357.087493896484375 369.95623779296875 362.48748779296875 349.8125 338.225006103515625 325.774993896484375
332.431243896484375 335.975006103515625 337.45623779296875 339.45001220703125 340.475006103515625 336.42498779296875 333.462493896484375 329.78125 323.15625 316.818756103515625 311.95623779296875 307.118743896484375 302.39373779296875 297.58123779296875 287.85626220703125 281 272.01873779296875 263.693756103515625 254.6125030517578125 246.28125 240.1374969482421875 234.8000030517578125 230.881256103515625 232.5625 233.5187530517578125 234.9375 239.8625030517578125 245.243743896484375 251.068756103515625 255.493743896484375 257.4375 258.943756103515625 261.006256103515625 261.84375 266.70623779296875 282.743743896484375 301.693756103515625 318.42498779296875 332.14373779296875 343.21875 348.26873779296875 345.931243896484375 342.29998779296875 333.743743896484375 324.100006103515625
331.53125 335.41876220703125 338.04376220703125 340.787506103515625 342.95001220703125 342.21875 339.92498779296875 336.95001220703125 333.54998779296875 329.5 324.443756103515625 320.837493896484375 316.681243896484375 311.318756103515625 301.524993896484375 291.631256103515625 281.75 273.475006103515625 264.212493896484375 256.08123779296875 247.875 239.875 233.556243896484375 233.818756103515625 234.462493896484375 236.506256103515625 241.868743896484375 248.0500030517578125 255.09375 259.568756103515625 262.5 263.162506103515625 262.381256103515625 262.462493896484375 265.375 286.006256103515625 303.225006103515625 313.3125 322.23126220703125 330.412506103515625 334.556243896484375 334.912506103515625 333.34375 327.98126220703125 320.125
331.14373779296875 335.83123779296875 338.006256103515625 341.95001220703125 345.90625 346.39373779296875 347.068756103515625 345.837493896484375 343.45623779296875 340.837493896484375 336.46875 334.225006103515625 331.181243896484375 324.92498779296875 316.11248779296875 304.36248779296875 291.08123779296875 281.106231689453125 272.95623779296875 264.33123779296875 254.618743896484375 245.149993896484375 237.493743896484375 236.7062530517578125 237.287506103515625 237.662506103515625 243.2687530517578125 250.46875 257.149993896484375 263.350006103515625 267.368743896484375 268.556243896484375 268.287506103515625 271.35626220703125 284.212493896484375 301.881256103515625 310.875 313.837493896484375 316.9375 321.01873779296875 326.54376220703125 327.33123779296875 324.693756103515625 320.61248779296875 315.58123779296875
329.225006103515625 334.818756103515625 339.36248779296875 345.20001220703125 350.399993896484375 351.95623779296875 353.068756103515625 353.774993896484375 352.82501220703125 350.73748779296875 347.82501220703125 347.568756103515625 343.78125 338.8125 328.98748779296875 315.649993896484375 301.818756103515625 285.756256103515625 279.9375 271.14373779296875 262.11248779296875 251.7312469482421875 242.493743896484375 240.5749969482421875 240.181243896484375 241.556243896484375 245.8312530517578125 253.5812530517578125 261.59375 268.024993896484375 271.23126220703125 268.32501220703125 269.5 277.0625 294.79376220703125 320.100006103515625 319.04376220703125 313.962493896484375 312.75 316.274993896484375 318.600006103515625 318.96875 317.70623779296875 314.45623779296875 309.875
326.443756103515625 333.162506103515625 338.75 346.07501220703125 353.73126220703125 357.92498779296875 360.76873779296875 362.66876220703125 361.95001220703125 360.5625 358.29998779296875 355.993743896484375 355.087493896484375 351.9375 339.78125 324.90625 309.5 292.649993896484375 282.193756103515625 274.26251220703125 266.787506103515625 257.693756103515625 244.5625 242.4187469482421875 242.2624969482421875 243.8249969482421875 248.9499969482421875 255.162506103515625 263.39373779296875 271.21875 275.649993896484375 269.79376220703125 266.20623779296875 266.70001220703125 278.35626220703125 299.943756103515625 304.381256103515625 304.587493896484375 307.46875 309.85626220703125 312.524993896484375 312.0625 311.58123779296875 309.76251220703125 305.756256103515625
320.399993896484375 329.42498779296875 336.51873779296875 345.54998779296875 355.412506103515625 362.66876220703125 367.756256103515625 371.28125 371.32501220703125 369.462493896484375 366.8125 364.33123779296875 364.86248779296875 364.03125 348.556243896484375 328.61248779296875 309.70001220703125 297.42498779296875 285.45623779296875 276.53125 266.537506103515625 255.4375 246.1875 242.9875030517578125 242.2312469482421875 242.7375030517578125 248.0124969482421875 255.0500030517578125 261.34375 266.84375 268.89373779296875 265.4375 255.7437591552734375 246.4375 243.6062469482421875 260.53125 280.48126220703125 291.65625 299.524993896484375 304.79376220703125 307.256256103515625 306.899993896484375 307.4375 306.787506103515625 303.95001220703125
