data/historical-monthly-weather-data/wc2.1_cruts4.09_10m_prec_1985-11.asc
ncols        51
nrows        45
xllcorner    -63.500000000000
yllcorner    -7.500000000000
cellsize     0.166666666667
NODATA_value -9999
[rows 20 to 39 of 45, columns 0 to 43 of 51]
247.475006103515625 248.618743896484375 247.3625030517578125 245.46875 242.59375 241.3312530517578125 239.756256103515625 236.75 233.3312530517578125 227.818756103515625 220.875 212.7624969482421875 203.225006103515625 191.4875030517578125 181.4250030517578125 171.2624969482421875 162.443756103515625 157.381256103515625 156.318756103515625 154.96875 157.131256103515625 157.7624969482421875 156.618743896484375 157.125 157.8125 156.662506103515625 153.3000030517578125 146.556243896484375 138.412506103515625 131.912506103515625 127 127.1125030517578125 129.21875 132.537506103515625 136.1374969482421875 141.21875 144.9562530517578125 148.868743896484375 151.556243896484375 154.2375030517578125 155.556243896484375 155.71875 154.399993896484375 152.068756103515625
244.0124969482421875 243.899993896484375 243.649993896484375 242.59375 241.2062530517578125 240.875 241.1999969482421875 239.8249969482421875 239.131256103515625 235.774993896484375 230.3000030517578125 224.318756103515625 215.9562530517578125 204.162506103515625 192.350006103515625 180.8000030517578125 171.7375030517578125 164.4187469482421875 159.7937469482421875 156.899993896484375 155.5 154.756256103515625 154.3312530517578125 154.587493896484375 154.4812469482421875 153.6750030517578125 152.75 148.3625030517578125 143.787506103515625 139.725006103515625 135.368743896484375 135.1374969482421875 136.975006103515625 141.4187469482421875 146.375 151.25 154.9812469482421875 158.162506103515625 159.1125030517578125 160.931243896484375 161.34375 160.587493896484375 159.087493896484375 157.287506103515625
240.875 242.4499969482421875 241.9375 241.100006103515625 240.3249969482421875 240.4375 240.7375030517578125 242.1750030517578125 243.96875 242.09375 239.3125 235.162506103515625 231.53125 220.524993896484375 204.5812530517578125 190.243743896484375 179.287506103515625 170.5 163.3125 157.9187469482421875 155.318756103515625 153.125 151.381256103515625 151.2624969482421875 152.100006103515625 152.256256103515625 151.78125 150.350006103515625 147.34375 144.6125030517578125 142.631256103515625 142.837493896484375 146.056243896484375 151.0625 155.975006103515625 161.350006103515625 165.2312469482421875 166.649993896484375 166.4812469482421875 167.212493896484375 167.6062469482421875 165.962493896484375 163.9250030517578125 161.6999969482421875
238.4562530517578125 240.037506103515625 239.5749969482421875 237.618743896484375 237.149993896484375 238.912506103515625 240.431243896484375 242.9499969482421875 244.3249969482421875 243.787506103515625 242.462493896484375 243.125 242.8312530517578125 230.850006103515625 212.6687469482421875 197.2687530517578125 185.125 175.212493896484375 166.2687530517578125 158.618743896484375 154.868743896484375 151.600006103515625 148.3625030517578125 148.225006103515625 149.1687469482421875 149.4875030517578125 152.037506103515625 150.75 150.1999969482421875 149.100006103515625 149.5500030517578125 151.068756103515625 154.4499969482421875 159.03125 164.4187469482421875 170.9562530517578125 174.899993896484375 174.5187530517578125 174.0124969482421875 173.9562530517578125 173.6062469482421875 171.774993896484375 169.681243896484375 167.243743896484375
239.625 239.556243896484375 238.412506103515625 236.256256103515625 236.306243896484375 237.3249969482421875 238.53125 240.681243896484375 242.6125030517578125 242.6999969482421875 242.59375 241.1999969482421875 239.25 230.0187530517578125 215.056243896484375 200.78125 188.6999969482421875 177.53125 167.850006103515625 159.2624969482421875 154.0500030517578125 148.9250030517578125 145.568756103515625 144.993743896484375 145.399993896484375 147.5 150.368743896484375 151.756256103515625 152.25 153.8000030517578125 155.100006103515625 157.618743896484375 161.118743896484375 165.5625 170.037506103515625 175.149993896484375 179.131256103515625 179.1437530517578125 179.2312469482421875 179.8125 179.1125030517578125 177.2687530517578125 176.2312469482421875 175.024993896484375
244.6999969482421875 244.131256103515625 238.818756103515625 236.587493896484375 234.3937530517578125 234.568756103515625 235.0812530517578125 236.625 238.09375 238.524993896484375 238.0625 236.5 232.618743896484375 225.03125 213.5812530517578125 201.787506103515625 191.0749969482421875 179.78125 169.5500030517578125 160.5500030517578125 154.03125 147.90625 142.837493896484375 141.1062469482421875 142.375 145.4499969482421875 149.8625030517578125 153.087493896484375 155.3937530517578125 158.1750030517578125 160.274993896484375 163.274993896484375 166.9124908447265625 170.024993896484375 173.875 177.9375 181.056243896484375 182.524993896484375 184.25 185.09375 185.1875 183.4499969482421875 180.9812469482421875 180.8312530517578125
251.03125 247.3937530517578125 241.475006103515625 237.0500030517578125 232.9812469482421875 231.837493896484375 233.09375 233.3874969482421875 232.6812591552734375 232.912506103515625 233.40625 231.631256103515625 227.59375 221.274993896484375 211.78125 200.931243896484375 191.4187469482421875 181.037506103515625 171.212493896484375 161.618743896484375 154.318756103515625 147.3625030517578125 141.2624969482421875 139.7062530517578125 142.1062469482421875 145.3125 150.037506103515625 154.2375030517578125 158.243743896484375 160.806243896484375 164.024993896484375 167.3312530517578125 171.2624969482421875 174.274993896484375 176.662506103515625 180.1374969482421875 182.962493896484375 184.318756103515625 187.3312530517578125 189.28125 190.125 188.0124969482421875 185.5187530517578125 184.1374969482421875
257.54998779296875 250.8625030517578125 243.5749969482421875 236.962493896484375 231.9187469482421875 229.34375 229.274993896484375 229.399993896484375 228.9562530517578125 228.7312469482421875 227.631256103515625 225.931243896484375 222.2312469482421875 216.6687469482421875 209.1374969482421875 199.9812469482421875 191.0500030517578125 181.943756103515625 172.4375 163.3562469482421875 156.09375 148.5 143.4375 142.818756103515625 144.337493896484375 146.65625 151.087493896484375 156.037506103515625 160.306243896484375 163.2062530517578125 165.9375 169.524993896484375 173.3562469482421875 175.6125030517578125 178.6875 181.818756103515625 184.3249969482421875 186.8249969482421875 189.25 193.5437469482421875 196.568756103515625 194.7312469482421875 188.78125 186.3125
263.443756103515625 253.9562530517578125 243.7624969482421875 235.837493896484375 229.681243896484375 226.162506103515625 224.9562530517578125 224.475006103515625 224.9250030517578125 224.1750030517578125 222.9812469482421875 220.6875 217.75 212.7062530517578125 206.1125030517578125 199.375 192.375 183.068756103515625 174.0812530517578125 165.556243896484375 158.5625 151.193756103515625 146.34375 146.46875 147.46875 149.03125 153.7687530517578125 158.21875 162.818756103515625 165.056243896484375 167.8000030517578125 170.8312530517578125 173.662506103515625 176.131256103515625 179.7062530517578125 182.681243896484375 185.431243896484375 187.600006103515625 190.34375 193.899993896484375 198.693756103515625 196.0187530517578125 191.8125 193
266.131256103515625 255.0812530517578125 243.818756103515625 232.8249969482421875 226.556243896484375 223.274993896484375 221.743743896484375 221.181243896484375 221.225006103515625 219.625 218.40625 216.743743896484375 214.3937530517578125 210.912506103515625 205.368743896484375 199.59375 192.3249969482421875 184.7937469482421875 176.1125030517578125 168.149993896484375 161.4562530517578125 155.6750030517578125 151.1374969482421875 150.5625 151.25 152.881256103515625 157.1875 161.100006103515625 164.9375 167.59375 169.931243896484375 172.5749969482421875 175.087493896484375 178.037506103515625 181.149993896484375 183.1875 185.0749969482421875 188.09375 188.787506103515625 191.024993896484375 194.90625 198.037506103515625 197.837493896484375 201.2687530517578125
266.54376220703125 254.8937530517578125 243.181243896484375 231.975006103515625 224.212493896484375 221.7937469482421875 220.0187530517578125 218.625 217.1875 216.350006103515625 215.368743896484375 214.1125030517578125 212.8625030517578125 208.962493896484375 204.6687469482421875 199.9875030517578125 194.6750030517578125 187.09375 178.399993896484375 172.381256103515625 166.568756103515625 161.068756103515625 156.631256103515625 155.7375030517578125 155.5124969482421875 156.962493896484375 160.375 164.125 167.34375 169.4499969482421875 171.837493896484375 174.568756103515625 176.6374969482421875 180.15625 182.3312530517578125 183.899993896484375 186.006256103515625 189.868743896484375 189.306243896484375 186.087493896484375 190.818756103515625 198.3937530517578125 202.587493896484375 206.3562469482421875
265.037506103515625 254 242.5749969482421875 232.96875 226.2312469482421875 221.15625 218.5124969482421875 215.96875 214.149993896484375 212.7687530517578125 211.931243896484375 211.5625 210.462493896484375 208.2062530517578125 205.8000030517578125 202.34375 197.78125 190.7624969482421875 183.6437530517578125 178.350006103515625 172.8562469482421875 167.056243896484375 162.1750030517578125 160.7687530517578125 160.774993896484375 161.162506103515625 163.693756103515625 166.850006103515625 169.3000030517578125 171.75 174 176.056243896484375 178.274993896484375 180.9875030517578125 184.1999969482421875 185.912506103515625 188.11248779296875 190.662506103515625 188.774993896484375 187.931243896484375 195.1437530517578125 204.5437469482421875 211.068756103515625 219.306243896484375
258.0625 249.0500030517578125 239.21875 231.2312469482421875 224.9187469482421875 218.8937530517578125 215.1687469482421875 212.118743896484375 209.743743896484375 208.3562469482421875 209.34375 209.0625 209.506256103515625 210.162506103515625 208.212493896484375 205.881256103515625 201.693756103515625 197.087493896484375 191.524993896484375 186.618743896484375 181.2624969482421875 174.8937530517578125 169.162506103515625 167.3625030517578125 167.0124969482421875 166.7062530517578125 168.524993896484375 170.662506103515625 173.100006103515625 175.024993896484375 176.8625030517578125 178.556243896484375 180.4499969482421875 182.65625 186.3312530517578125 188.6875 191.8625030517578125 193.912506103515625 192.662506103515625 197.225006103515625 204.6875 213.649993896484375 222.9875030517578125 234.993743896484375
249.5812530517578125 242.912506103515625 234.881256103515625 228.756256103515625 222.5749969482421875 216.4562530517578125 211.118743896484375 207.8249969482421875 205.3249969482421875 203.6875 204.568756103515625 206.962493896484375 209.6374969482421875 210.787506103515625 210.1750030517578125 209.118743896484375 207.056243896484375 203.625 199.3562469482421875 195.287506103515625 189.6125030517578125 183.1062469482421875 177.100006103515625 174.537506103515625 173.443756103515625 172.243743896484375 173.712493896484375 174.8125 176.524993896484375 177.90625 179.4375 181.4499969482421875 183.212493896484375 185.3312530517578125 189 192.3000030517578125 194.96875 196.25 198.8874969482421875 205.649993896484375 212.725006103515625 222.1125030517578125 234.5625 249.1875
242.28125 237.375 231.056243896484375 225.2687530517578125 220.0500030517578125 213.5187530517578125 207.2624969482421875 203.3562469482421875 199.1374969482421875 198.1750030517578125 200.375 205.21875 209.7687530517578125 213.587493896484375 214.756256103515625 213.5 212.8000030517578125 210.506256103515625 207.1875 203.600006103515625 198.34375 191.6750030517578125 185.131256103515625 181.28125 178.8125 177.493743896484375 177.712493896484375 178.75 179.5124969482421875 180.587493896484375 182.3312530517578125 183.9375 185.3562469482421875 188.09375 190.6062469482421875 193.1125030517578125 195.756256103515625 201.2062530517578125 205.40625 211.1687469482421875 218.8937530517578125 227.381256103515625 239.274993896484375 252.90625
235.65625 231.3125 225.90625 220.3937530517578125 215.493743896484375 209.46875 203.462493896484375 197.6374969482421875 192.2562408447265625 190.1125030517578125 193.9875030517578125 200.90625 208.868743896484375 215.556243896484375 217.1999969482421875 218.4499969482421875 217.53125 216.5187530517578125 214.881256103515625 212.9875030517578125 207.625 199.59375 192.4375 188.3874969482421875 185.4875030517578125 183.412506103515625 183.3249969482421875 184.087493896484375 184.631256103515625 184.350006103515625 186.068756103515625 186.9562530517578125 188.524993896484375 190.725006103515625 191.7937469482421875 193.5437469482421875 199.5500030517578125 204.618743896484375 208.1062469482421875 214.3562469482421875 222.3000030517578125 229.337493896484375 238.5749969482421875 250
229.1750030517578125 225.8249969482421875 221.431243896484375 216.837493896484375 212.0749969482421875 206.5437469482421875 200.162506103515625 193.75 186.75 181.0812530517578125 187.4375 201.3625030517578125 210.8874969482421875 216.90625 219.78125 221.631256103515625 221.8125 221.3562469482421875 220.6750030517578125 219.0124969482421875 213.5 205.6437530517578125 198.649993896484375 194.28125 190.993743896484375 189.28125 188.100006103515625 189.024993896484375 188.71875 188.6125030517578125 189.25 190.850006103515625 191.649993896484375 193.506256103515625 194.1687469482421875 196.8625030517578125 202.3249969482421875 207.6750030517578125 211.756256103515625 215.6750030517578125 221.6750030517578125 227.056243896484375 234.412506103515625 244.056243896484375
225.537506103515625 222.2312469482421875 218.09375 214.2937469482421875 209.868743896484375 205.0187530517578125 199.6374969482421875 193.75 187.087493896484375 180.1750030517578125 193.243743896484375 209.0625 215.600006103515625 220.2312469482421875 222.9875030517578125 224.9875030517578125 225.681243896484375 225.2375030517578125 224.181243896484375 221.0625 216.6062469482421875 210.181243896484375 204.037506103515625 199.037506103515625 196 194.2062530517578125 192.7062530517578125 193.274993896484375 193.118743896484375 193.2375030517578125 191.462493896484375 192.149993896484375 193.3562469482421875 194.9562530517578125 195.8625030517578125 199.556243896484375 205.0500030517578125 209.568756103515625 214.681243896484375 218.8874969482421875 221.256256103515625 225.975006103515625 229.84375 235.6062469482421875
223.774993896484375 220.618743896484375 217.3249969482421875 213.6437530517578125 209.2375030517578125 204.9250030517578125 200.8874969482421875 196.881256103515625 195.193756103515625 199.9562530517578125 215.25 219.037506103515625 221.0625 224.368743896484375 226.193756103515625 227.556243896484375 228.375 227.7937469482421875 225.7312469482421875 223.1437530517578125 218.4875030517578125 212.5187530517578125 207.6875 203.53125 199.6062469482421875 197.8562469482421875 196.475006103515625 196.59375 196.618743896484375 196.350006103515625 195.524993896484375 195.71875 196.6125030517578125 197.899993896484375 201.506256103515625 205.65625 209.28125 214.65625 218.4499969482421875 218.84375 219.868743896484375 223.818756103515625 224.7937469482421875 229.068756103515625
222.2624969482421875 219.600006103515625 216.4437408447265625 212.7687530517578125 209.787506103515625 206.9250030517578125 203.6875 202.46875 203.943756103515625 209.1062469482421875 217.3000030517578125 222.381256103515625 224.8249969482421875 227.712493896484375 229.4499969482421875 230.3625030517578125 231.6999969482421875 230.5625 228.25 225.6875 220.600006103515625 215.2062530517578125 210.068756103515625 205.8249969482421875 203.1437530517578125 200.90625 199.462493896484375 199.725006103515625 199.618743896484375 199.024993896484375 198.09375 200.9875030517578125 203.881256103515625 205.493743896484375 209.350006103515625 212.287506103515625 214.662506103515625 217.90625 221.15625 219.25 218.881256103515625 221.0187530517578125 220.943756103515625 221.743743896484375
