data/historical-monthly-weather-data/wc2.1_cruts4.09_10m_prec_1996-06.asc
ncols        51
nrows        45
xllcorner    -63.500000000000
yllcorner    -7.500000000000
cellsize     0.166666666667
NODATA_value -9999
[rows 19 to 37 of 45, columns 0 to 43 of 51]
228.693756103515625 234.725006103515625 236.6437530517578125 235.524993896484375 238.243743896484375 244.1437530517578125 242.899993896484375 237.993743896484375 238.8625030517578125 235.587493896484375 230.1437530517578125 225.524993896484375 217.9499969482421875 209.0625 200.506256103515625 182.506256103515625 171.5500030517578125 174.568756103515625 165.850006103515625 167.9812469482421875 157.818756103515625 163.2375030517578125 178.8562469482421875 184.71875 181.0625 178.3000030517578125 176.8937530517578125 186.024993896484375 180.6437530517578125 173.243743896484375 171.318756103515625 187.46875 191.625 191.2312469482421875 193.2937469482421875 202.868743896484375 206.375 197.4250030517578125 185.90625 171.7687530517578125 150.9562530517578125 130.0187530517578125 126.57500457763671875 123.41249847412109375
204.8125 221.4187469482421875 229.774993896484375 230.71875 226.3249969482421875 227.78125 232 231.5437469482421875 230.4499969482421875 225.743743896484375 223.381256103515625 218.1125030517578125 210.1999969482421875 198.09375 186.493743896484375 178.962493896484375 167.462493896484375 164.0124969482421875 169.0437469482421875 167.256256103515625 176.556243896484375 183.6125030517578125 194 204.5625 203.774993896484375 194.537506103515625 178.0749969482421875 176.3249969482421875 175.4875030517578125 176.681243896484375 177.587493896484375 185.875 177.931243896484375 176.1750030517578125 176.3312530517578125 185.131256103515625 191.0124969482421875 187.5437469482421875 173.149993896484375 158.899993896484375 144.318756103515625 128.100006103515625 122.84375 120.93125152587890625
194.7312469482421875 200.1875 212.65625 220.5625 220.28125 218.6750030517578125 220.9375 220.3249969482421875 218.818756103515625 219.5 217.024993896484375 208.5 199.9250030517578125 194.6687469482421875 189.556243896484375 176.818756103515625 181.318756103515625 174.8249969482421875 180.5187530517578125 180.8625030517578125 180.1374969482421875 194.1374969482421875 204.774993896484375 203.8812408447265625 198.318756103515625 191.2062530517578125 188.943756103515625 179.625 183.3125 184.056243896484375 177.818756103515625 170.662506103515625 167.2375030517578125 170.7687530517578125 168.3312530517578125 170.193756103515625 173.962493896484375 175.381256103515625 166.493743896484375 155.1062469482421875 141.3312530517578125 129.5625 124.20624542236328125 123.0625
185.65625 202.162506103515625 213.625 220.2312469482421875 220.5124969482421875 216.34375 207.068756103515625 204.524993896484375 210.8125 210.837493896484375 207.9187469482421875 205.9875030517578125 206.4499969482421875 204.21875 198.4000091552734375 190.618743896484375 182.3625030517578125 178.65625 182.5500030517578125 188.25 197.3562469482421875 200.8874969482421875 202.524993896484375 203.162506103515625 206.65625 199.3562469482421875 188.868743896484375 183.350006103515625 182.4250030517578125 173.40625 166.125 162.743743896484375 157.53125 155.1999969482421875 159.6687469482421875 156.78125 156.125 158.90625 157.443756103515625 151.0124969482421875 139.2312469482421875 130.3125 124.41249847412109375 120.53749847412109375
172.087493896484375 189.9250030517578125 208.131256103515625 210.4749908447265625 209.1125030517578125 205.3874969482421875 206.53125 203.506256103515625 200.287506103515625 196.09375 201.8000030517578125 208.4499969482421875 205.337493896484375 206.712493896484375 196.6062469482421875 190.475006103515625 185.5124969482421875 189 191.712493896484375 194.9875030517578125 202.0437469482421875 210.9187469482421875 210.375 218.0625 212.5500030517578125 201.243743896484375 197.993743896484375 180.993743896484375 172.0124969482421875 165.693756103515625 157.7312469482421875 153.0437469482421875 150.600006103515625 145.8312530517578125 148.3375091552734375 144.493743896484375 146.774993896484375 149.818756103515625 146.881256103515625 140.899993896484375 133.056243896484375 127.1374969482421875 122.68125152587890625 120.13124847412109375
157.1875 176.725006103515625 192.193756103515625 203.368743896484375 206.0500030517578125 202.6999969482421875 200.9250030517578125 201.350006103515625 197.09375 199.2312469482421875 198.818756103515625 199.7937469482421875 203.1750030517578125 197.21875 189.0812530517578125 185.1125030517578125 184.725006103515625 185.3312530517578125 191.34375 200.1125030517578125 206.9250030517578125 211.287506103515625 221.412506103515625 224.9562530517578125 212.125 200.787506103515625 189.8249969482421875 177.5 166.1687469482421875 159.5625 146.837493896484375 138.037506103515625 135.6999969482421875 136.431243896484375 137.024993896484375 136.899993896484375 138.1374969482421875 137.9375 138.40625 134.412506103515625 128.3312530517578125 124.84999847412109375 122.69374847412109375 117.19374847412109375
149.649993896484375 171.368743896484375 177.9562530517578125 189.3125 191.96875 191.6125030517578125 189.03125 190.568756103515625 182.7624969482421875 179.850006103515625 186.556243896484375 187.96875 190.493743896484375 187.8125 185.225006103515625 178.8125 179.681243896484375 186.100006103515625 193.5124969482421875 196.912506103515625 205.399993896484375 212.5812530517578125 220.462493896484375 220.3249969482421875 213.337493896484375 198.431243896484375 186.381256103515625 173.681243896484375 158.1687469482421875 148.931243896484375 136.443756103515625 127.3625030517578125 125.2937469482421875 125.0749969482421875 125.5124969482421875 129.2562408447265625 131.2624969482421875 129.3937530517578125 127.34999847412109375 127.3625030517578125 122.49375152587890625 113.27500152587890625 111 110.2937469482421875
140.3625030517578125 150.756256103515625 162.662506103515625 171.037506103515625 173.993743896484375 175.4375 174.78125 168.9250030517578125 166.0812530517578125 172.9499969482421875 180.212493896484375 181.0500030517578125 179.59375 179.46875 179.875 179.881256103515625 178 178.412506103515625 187.4187469482421875 191.399993896484375 195.8249969482421875 203.931243896484375 213.96875 221.399993896484375 206.3000030517578125 192.3562469482421875 180.53125 165.056243896484375 150.162506103515625 139.25 129.96875 117.86875152587890625 115.1999969482421875 115.96250152587890625 117.53749847412109375 119.625 123.8312530517578125 122.59375 118.97499847412109375 120.40625 118.66249847412109375 112.125 105.9875030517578125 103.2375030517578125
132.587493896484375 136.5187530517578125 145.3562469482421875 149.2062530517578125 152.21875 156.837493896484375 158.65625 156.024993896484375 156.7624969482421875 163.912506103515625 167.90625 170.0625 168.162506103515625 166.7312469482421875 167.212493896484375 168.0625 167.7624969482421875 172.6999969482421875 175.037506103515625 182.743743896484375 189.6374969482421875 193.21875 205.5625 205.337493896484375 195.350006103515625 181.2937469482421875 169.5437469482421875 154.6437530517578125 144.4812469482421875 135.931243896484375 124.96875 115.43125152587890625 111.3625030517578125 108.0500030517578125 112.46250152587890625 114.15625 118.15000152587890625 116.6062469482421875 115.52500152587890625 115.65625 114.46250152587890625 111.625 100.88124847412109375 99.84375
121.71250152587890625 127.9812469482421875 128.868743896484375 130.0124969482421875 134.6374969482421875 134.4375 138.4875030517578125 142.9499969482421875 147.943756103515625 151.662506103515625 156.6999969482421875 157.712493896484375 158.5812530517578125 158.318756103515625 159.125 160.7375030517578125 163.287506103515625 165.056243896484375 171.0187530517578125 178.193756103515625 180.2624969482421875 182.662506103515625 187.9187469482421875 186.2312469482421875 179.056243896484375 166.3062591552734375 159.3625030517578125 149.8125 138.3937530517578125 126.9250030517578125 115.7687530517578125 108.69374847412109375 104.6687469482421875 105.2687530517578125 106.25 107.5124969482421875 112.96250152587890625 109.61249542236328125 109.3125 108.09999847412109375 105.4499969482421875 100.9499969482421875 96.1687469482421875 97.91249847412109375
111.09999847412109375 113.4812469482421875 114.6999969482421875 114.65000152587890625 117.1750030517578125 121.24375152587890625 124.96875 133.1062469482421875 136.8249969482421875 142.024993896484375 146.787506103515625 149.6125030517578125 151.462493896484375 152.287506103515625 151.318756103515625 150.537506103515625 151.3125 156.806243896484375 156.5124969482421875 157.287506103515625 163.9375 167.256256103515625 171.493743896484375 169.962493896484375 161.318756103515625 156.2687530517578125 148.0124969482421875 137.96875 128.443756103515625 117.5437469482421875 108.46875 101.55625152587890625 100.21250152587890625 101.2624969482421875 103.90000152587890625 102.94374847412109375 109.58750152587890625 106.7687530517578125 101.4812469482421875 104.7312469482421875 101.6687469482421875 97.0812530517578125 95.4562530517578125 92.15625
102.6687469482421875 102.6374969482421875 102.3125 103.28749847412109375 105.5437469482421875 109.30625152587890625 115.375 121.8312530517578125 125.61875152587890625 132.1999969482421875 137.96875 139.0812530517578125 143.4187469482421875 138.6125030517578125 139.412506103515625 143.5437469482421875 145.375 145.587493896484375 146 148.2375030517578125 150.8625030517578125 150.9562530517578125 154.5437469482421875 154.2624969482421875 148.274993896484375 144.4250030517578125 135.8937530517578125 127.7062530517578125 118.44374847412109375 109.7937469482421875 105.3312530517578125 99.55625152587890625 96.9812469482421875 95.75624847412109375 97.6437530517578125 97.4812469482421875 102.1750030517578125 102.2312469482421875 97.90625 93.75624847412109375 93.78125 90.21250152587890625 88.40625 86.75
93.80625152587890625 93.1750030517578125 91.65000152587890625 93.66249847412109375 98.03749847412109375 101.78125 106.5625 111.875 116.90000152587890625 120.9187469482421875 123.75624847412109375 126.6062469482421875 126.875 128.8562469482421875 131.875 133.631256103515625 131.1875 131.1999969482421875 132.631256103515625 135.2375030517578125 136.837493896484375 138.5437469482421875 137.9562530517578125 136.4875030517578125 134.975006103515625 130.4250030517578125 124.65625 117.6875 109.25624847412109375 106.7375030517578125 101.125 95.5437469482421875 94.03125 92.2937469482421875 92.88124847412109375 91.69374847412109375 93.71875 91.7375030517578125 90.84375 88.78125 89.47499847412109375 87 84.27500152587890625 82.6062469482421875
84.59999847412109375 84.21250152587890625 84.75624847412109375 86.72499847412109375 87.99375152587890625 91.7624969482421875 96.25 101.6687469482421875 105.03749847412109375 109.36875152587890625 116.5500030517578125 118.09375 119.88124847412109375 124.4875030517578125 127.1374969482421875 124.18125152587890625 120.8000030517578125 123.31874847412109375 124.34999847412109375 125.5625 123.75624847412109375 123.28125 124.3874969482421875 123.6062469482421875 120.97499847412109375 118.0500030517578125 112.56874847412109375 106.19374847412109375 100.81874847412109375 99.22499847412109375 95.96875 89.93125152587890625 89.13124847412109375 89.8562469482421875 88.9812469482421875 87.59375 86.53125 84.72499847412109375 84.1687469482421875 86.11875152587890625 86.80625152587890625 84.1875 80.1999969482421875 77.8312530517578125
75.6999969482421875 76.5437469482421875 79.03125 80.11875152587890625 80.6125030517578125 83.1999969482421875 87.9562530517578125 90.7312469482421875 93.75624847412109375 97.5187530517578125 104.83750152587890625 110.4187469482421875 113.4187469482421875 115.1750030517578125 115.40000152587890625 115.7624969482421875 115.25 114.5812530517578125 112.59375 113.41249847412109375 113 111.4875030517578125 113.47499847412109375 110.3874969482421875 109.3312530517578125 105.1437530517578125 102.5187530517578125 97.46250152587890625 94.65625 92.9499969482421875 91.66249847412109375 88.8937530517578125 84.69374847412109375 83.75 84.4562530517578125 83.2687530517578125 81.5625 79.59999847412109375 79.7375030517578125 80.53749847412109375 79.5187530517578125 79.2624969482421875 77.21875 71.40625
69.13124847412109375 68.59375 71.77500152587890625 74.40000152587890625 74.8874969482421875 74.96875 76.83750152587890625 80.3562469482421875 83.8874969482421875 87.6999969482421875 97.5124969482421875 104.36875152587890625 108.6999969482421875 114.84999847412109375 114.6437530517578125 111.4875030517578125 107.7312469482421875 103.9187469482421875 101.68125152587890625 98.31874847412109375 101.1374969482421875 98.38124847412109375 98.09375 96.09375 98.18125152587890625 96.22499847412109375 93.0812530517578125 87.96875 85.13124847412109375 83.9499969482421875 84.3312530517578125 83.8312530517578125 79.4250030517578125 78.1062469482421875 77.03125 77.0625 74.1875 76.0187530517578125 74.2624969482421875 75.11875152587890625 74.5 72.4375 71.5500030517578125 68.18125152587890625
63.68125152587890625 62.99375152587890625 64.84999847412109375 67.1750030517578125 68.40000152587890625 69.08750152587890625 70.5437469482421875 72.0187530517578125 74.13124847412109375 77.28125 83.58750152587890625 94.875 102.8562469482421875 107.65000152587890625 107.9375 105.34999847412109375 100.71875 94.63124847412109375 91.1374969482421875 86.8312530517578125 86.53125 88.03749847412109375 86.6999969482421875 85.09375 86.59375 85.0124969482421875 82.40000152587890625 78.6125030517578125 77.59375 76.5625 75.84375 76.0437469482421875 73.93125152587890625 71.75 69.38124847412109375 69.71250152587890625 70.7937469482421875 69.4250030517578125 69.18125152587890625 70.52500152587890625 70.1062469482421875 67.5124969482421875 66.2937469482421875 65.47499847412109375
56.875 58.41249847412109375 58.512500762939453125 60.75 62.793750762939453125 63.456249237060546875 64.3562469482421875 66.4812469482421875 67.80625152587890625 67.0500030517578125 75.53125 89.41249847412109375 98.3125 100.7624969482421875 100.9875030517578125 98.31874847412109375 94.5812530517578125 89.59375 85.2062530517578125 78.4375 76.43125152587890625 78.38124847412109375 76.90000152587890625 76.21250152587890625 75.2312469482421875 74.3000030517578125 74.3312530517578125 71.3312530517578125 68.875 67.28125 69.0749969482421875 68.16249847412109375 67.4187469482421875 66.4562530517578125 64.27500152587890625 64.5124969482421875 65.6875 66.56874847412109375 64.96250152587890625 64.2062530517578125 63.643749237060546875 63.387500762939453125 60.75 64.24375152587890625
50.71875 52.28749847412109375 53.643749237060546875 56.231250762939453125 57.5 58.66249847412109375 60.356250762939453125 62.112499237060546875 64.25624847412109375 63.137500762939453125 75.71250152587890625 88.28125 93.40625 96.6062469482421875 94.02500152587890625 91.1125030517578125 87.1750030517578125 83.3562469482421875 79.9375 74.68125152587890625 71.1062469482421875 70.375 67.8562469482421875 67.5124969482421875 66.1687469482421875 66.84999847412109375 66.9375 64.36875152587890625 62.25 60.325000762939453125 60.59375 62.47499847412109375 62.47499847412109375 60.56874847412109375 59 59.77500152587890625 60.487499237060546875 60.46250152587890625 62.66249847412109375 60.825000762939453125 59.418750762939453125 59.99375152587890625 56.94374847412109375 56.450000762939453125
