data/historical-monthly-weather-data/wc2.1_cruts4.09_10m_prec_2008-07.asc
ncols        45
nrows        45
xllcorner    -63.500000000000
yllcorner    -7.500000000000
cellsize     0.166666666667
NODATA_value -9999
[rows 0 to 18 of 45, columns 0 to 43 of 45]
374.73126220703125 367.162506103515625 358.42498779296875 356.631256103515625 349.568756103515625 343.256256103515625 336.70623779296875 327.08123779296875 324.04376220703125 323.631256103515625 317.26251220703125 309.65625 300.41876220703125 295.66876220703125 291.368743896484375 283.774993896484375 275.82501220703125 262.962493896484375 252.693756103515625 246.431243896484375 243.068756103515625 233.875 226.368743896484375 218.806243896484375 213.787506103515625 205 198.962493896484375 193.381256103515625 185.587493896484375 181.006256103515625 169.2624969482421875 162.15625 160.149993896484375 154.899993896484375 149.681243896484375 144.774993896484375 137.53125 137.8249969482421875 132.9875030517578125 129.5124969482421875 130.84375 133.3125 131.6687469482421875 132.09375
358.14373779296875 350.118743896484375 342.60626220703125 342.75 340.381256103515625 335.381256103515625 328.75 322.15625 319.600006103515625 315.6875 308.899993896484375 299.306243896484375 290.006256103515625 282.493743896484375 274.11248779296875 266.29998779296875 257.08123779296875 245.2937469482421875 236.1687469482421875 228.2312469482421875 218.5812530517578125 214.024993896484375 208.7937469482421875 205.8499908447265625 196.25 189.34375 184.9562530517578125 181.1374969482421875 173.0124969482421875 165.193756103515625 157.8937530517578125 155.4812469482421875 152.399993896484375 150.28125 145.993743896484375 138.912506103515625 132.125 130.1750030517578125 125.19374847412109375 123.46250152587890625 126.09375 126.09999847412109375 125.65000152587890625 123.875
318.318756103515625 318.850006103515625 319.46875 317.13751220703125 312.83123779296875 307.181243896484375 304.29998779296875 304.912506103515625 304.46875 300.8125 294.45623779296875 282.84375 276.4375 264.375 254.4499969482421875 245.118743896484375 236.993743896484375 226.1374969482421875 216.5187530517578125 210.899993896484375 202.131256103515625 198.5812530517578125 195.006256103515625 190.59375 183.21875 174.0124969482421875 174.8125 170.4250030517578125 164.256256103515625 158.431243896484375 152.1062469482421875 144.7624969482421875 142.90625 143.318756103515625 135.0187530517578125 127.59375 124.34999847412109375 124.24375152587890625 119.3562469482421875 118.52500152587890625 120.61875152587890625 121.80625152587890625 120.4875030517578125 120.27500152587890625
282.962493896484375 279.03125 285.4375 290.350006103515625 285.725006103515625 279.41876220703125 276.818756103515625 282.82501220703125 287.5625 286.774993896484375 276.01873779296875 264.931243896484375 256.806243896484375 250.3874969482421875 237.7312469482421875 225.53125 215.3562469482421875 206.8000030517578125 201.0437469482421875 200.681243896484375 193.756256103515625 185.1750030517578125 180.8625030517578125 177.96875 171.9875030517578125 164.431243896484375 162.068756103515625 155.1062469482421875 152.568756103515625 151.8562469482421875 146.6125030517578125 139.25 133.4812469482421875 128.84375 122.6062469482421875 122.24375152587890625 121.27500152587890625 116.45000457763671875 113.9875030517578125 112.93125152587890625 116.9812469482421875 120.1437530517578125 119.33750152587890625 118.75
278.20623779296875 263.100006103515625 250.618743896484375 255.7687530517578125 261.32501220703125 255.631256103515625 257.3125 263.28125 266.899993896484375 264.98748779296875 262.04998779296875 250.0749969482421875 242.0500030517578125 234.149993896484375 221.2687530517578125 209.631256103515625 198.6750030517578125 192.6750030517578125 184.3937530517578125 183.118743896484375 179.6374969482421875 171.53125 166 167.318756103515625 160.625 152.7624969482421875 148.443756103515625 147.3000030517578125 144.3937530517578125 140.181243896484375 137.274993896484375 133.0749969482421875 129.931243896484375 124.50624847412109375 118.56874847412109375 114.21250152587890625 113.3125 111.59999847412109375 108.84999847412109375 109.66249847412109375 113.08750152587890625 113.5812530517578125 115.9187469482421875 117.38124847412109375
255.0562591552734375 248.2687530517578125 239.7312469482421875 219.399993896484375 228.53125 240.287506103515625 241.8125 244.756256103515625 250.912506103515625 248.65625 243.5250091552734375 234.3937530517578125 227.868743896484375 215.556243896484375 207.243743896484375 196.993743896484375 184.6125030517578125 176.068756103515625 171.787506103515625 172.0749969482421875 168.024993896484375 162.243743896484375 159.0124969482421875 154.1875 150.6374969482421875 144.787506103515625 141.0187530517578125 139.1374969482421875 135.34375 131.943756103515625 129.5 129.024993896484375 124.88124847412109375 122.5437469482421875 116.34999847412109375 114.00624847412109375 109.03125 108.1062469482421875 109.6062469482421875 112.77500152587890625 112.09375 114.6062469482421875 115.2937469482421875 115.22499847412109375
236.225006103515625 230.743743896484375 224.6999969482421875 216.337493896484375 210.274993896484375 207.712493896484375 216.337493896484375 224.381256103515625 226.181243896484375 227.2750091552734375 226.0437469482421875 214.412506103515625 211.274993896484375 202.412506103515625 191.8874969482421875 184.618743896484375 176.4187469482421875 165.068756103515625 156.9375 160.681243896484375 156.412506103515625 150.53125 145.943756103515625 144.412506103515625 140.53125 137.71875 137.181243896484375 131.524993896484375 126.34999847412109375 126.96875 124.1875 120.28125 117.15625 117.55625152587890625 115.8562469482421875 112.5500030517578125 107.94374847412109375 106.1750030517578125 109.1062469482421875 113.46250152587890625 112.59375 112.59375 114.59375 114.15625
222.125 213.3874969482421875 210.34375 207.125 205.2062530517578125 210.3000030517578125 206.193756103515625 196.243743896484375 194.556243896484375 197.2687530517578125 198.681243896484375 195.1750030517578125 192.131256103515625 184.5124969482421875 178.5437469482421875 172.1125030517578125 163.662506103515625 154.6999969482421875 148.225006103515625 144.7375030517578125 145.806243896484375 143.256256103515625 137.818756103515625 135.962493896484375 134.6750030517578125 128.587493896484375 127.6374969482421875 121.50624847412109375 120.0124969482421875 117.8000030517578125 119.13124847412109375 116.13124847412109375 114.9250030517578125 113.2312469482421875 110.91249847412109375 106.86875152587890625 103.75624847412109375 102.96875 103.6687469482421875 105.21875 106.0625 108.0500030517578125 109.40625 108.28125
209.375 202.3312530517578125 198.181243896484375 198.537506103515625 199.462493896484375 200.087493896484375 198.71875 195.3125 187.9437408447265625 179.8249969482421875 177.9250030517578125 172.5500030517578125 176.2062530517578125 169.8249969482421875 164.649993896484375 159.037506103515625 154.6374969482421875 150.7624969482421875 149.881256103515625 140.6999969482421875 135.8249969482421875 137.21875 132.625 132.756256103515625 130.600006103515625 121.90625 118.0437469482421875 118.44374847412109375 117.84375 115.3625030517578125 117.90625 112.82500457763671875 107.65000152587890625 104.9250030517578125 104.46250152587890625 105.6999969482421875 105.75 106.53749847412109375 105.3625030517578125 104.3874969482421875 104.09999847412109375 104.8249969482421875 106.55625152587890625 104.25
194.5187530517578125 189.9375 188.681243896484375 189.5749969482421875 190.712493896484375 194.256256103515625 192.8937530517578125 190.212493896484375 185.743743896484375 181.8562469482421875 173.899993896484375 162.368743896484375 162.3562469482421875 158.868743896484375 155.3249969482421875 152.375 146.2375030517578125 147.09375 147.3249969482421875 143.2062530517578125 137.4499969482421875 130.5187530517578125 124 124.3000030517578125 121.21250152587890625 117.7937469482421875 114.10625457763671875 113.5 111.41875457763671875 110.4375 111.56874847412109375 107.3874969482421875 105.28125 102.81874847412109375 101.3625030517578125 103.875 105.46250152587890625 107.0812530517578125 106.4499969482421875 108.1750030517578125 109.6875 108.3000030517578125 105.3249969482421875 100.3249969482421875
184.2375030517578125 180.8874969482421875 179.1999969482421875 181.5749969482421875 182.287506103515625 185.9562530517578125 186.125 179.8000030517578125 172.3249969482421875 169.03125 165.9875030517578125 158.3249969482421875 148.9499969482421875 147.6999969482421875 142.3125 139.556243896484375 138.65625 140.149993896484375 140.7624969482421875 143.306243896484375 141.9187469482421875 133.21875 121.59999847412109375 112.27500152587890625 115 118.1999969482421875 115.4375 112.40625 106.56874847412109375 105.9875030517578125 106.0187530517578125 105.58750152587890625 104.97499847412109375 102.18125152587890625 102.6374969482421875 104.0500030517578125 106.0749969482421875 105.2937469482421875 109.8000030517578125 110.1125030517578125 108.7375030517578125 106.1999969482421875 105.65000152587890625 97.90000152587890625
175.681243896484375 171.15625 170.4499969482421875 173.46875 175.587493896484375 179.03125 180.587493896484375 174.9875030517578125 165.34375 157.25 152.649993896484375 149.662506103515625 138.568756103515625 134.5124969482421875 134.8874969482421875 130.212493896484375 129.5812530517578125 131.274993896484375 133.0124969482421875 138 141.6750030517578125 135.587493896484375 128.4250030517578125 116.84999847412109375 112.4187469482421875 106.69374847412109375 105.0812530517578125 105.2375030517578125 102.44374847412109375 101.5500030517578125 99.25624847412109375 99.27500152587890625 100.40625 100.4812469482421875 102.75624847412109375 105.8874969482421875 106.47499847412109375 109.21875 107.0625 107.49375152587890625 105.375 105.00624847412109375 99.68125152587890625 90.59999847412109375
162.475006103515625 161.225006103515625 162.5812530517578125 163.3312530517578125 163.7624969482421875 167.1374969482421875 166.493743896484375 160.037506103515625 151.9875030517578125 147.850006103515625 144.881256103515625 139.212493896484375 134.6374969482421875 122.3312530517578125 118.86875152587890625 120.36875152587890625 120.13124847412109375 123.25624847412109375 125.77500152587890625 128.53125 130.0625 125.77500152587890625 122.27500152587890625 113.90625 104.2375030517578125 99.21250152587890625 99.1687469482421875 100.2687530517578125 98.8000030517578125 97.28125 95.18125152587890625 92.71875 96.0187530517578125 97.46875 99.7375030517578125 103.875 108.56874847412109375 114.0187530517578125 116.6750030517578125 111.7375030517578125 105.0812530517578125 101.71875 92.8874969482421875 86.66249847412109375
151.462493896484375 150.2062530517578125 151.868743896484375 151.90625 151.3312530517578125 151.943756103515625 150.375 145.587493896484375 142.8562469482421875 136.9250030517578125 133.4812469482421875 129.4499969482421875 122.4875030517578125 114.3249969482421875 104.34375 108.0500030517578125 107.28125 111.4375 112.9375 116.5 117.05625152587890625 116.0749969482421875 113.9187469482421875 108.5500030517578125 100.3125 94.625 93.21250152587890625 91.7062530517578125 90.5500030517578125 89.86875152587890625 92.0187530517578125 91.4875030517578125 91.8625030517578125 93.6125030517578125 96.72499847412109375 104.6750030517578125 114.05625152587890625 123.71250152587890625 128.818756103515625 122.46875 105.50624847412109375 95.5124969482421875 94.6687469482421875 100.4375
142.881256103515625 140.0437469482421875 140.068756103515625 140.912506103515625 138.8562469482421875 137.8937530517578125 139.318756103515625 134.8125 130.725006103515625 125.5187530517578125 121.91249847412109375 116.7062530517578125 111.8625030517578125 106.21875 93.68125152587890625 93.7312469482421875 94.03125 97.28125 99.68125152587890625 103.99375152587890625 107.15000152587890625 106.6687469482421875 105.71250152587890625 104.4562530517578125 100.6687469482421875 96.9499969482421875 95.18125152587890625 92.2624969482421875 91.78125 92.15000152587890625 89.84999847412109375 90.5 94.63124847412109375 94.83750152587890625 93.3937530517578125 99.93125152587890625 115.4875030517578125 132.2062530517578125 139.2687530517578125 131.9375 121.0124969482421875 112.7624969482421875 117.24375152587890625 113.31874847412109375
131.4562530517578125 129.381256103515625 129.96875 129.0749969482421875 127.93125152587890625 129.287506103515625 126.3312530517578125 122.625 119.43125152587890625 116.8249969482421875 112.0500030517578125 107.5124969482421875 103.2624969482421875 97.99375152587890625 88.68125152587890625 77.33750152587890625 79.91249847412109375 84.65000152587890625 86.69374847412109375 91.46250152587890625 94.21875 96.97499847412109375 98.7624969482421875 103.3312530517578125 102.375 98.94374847412109375 95.3000030517578125 90.44374847412109375 90.41249847412109375 91.38124847412109375 94.8562469482421875 91.8125 90.8937530517578125 89.94374847412109375 89.94374847412109375 105.28125 119.125 134.5437469482421875 146.006256103515625 149.8249969482421875 145.8125 137.274993896484375 130.537506103515625 120.0749969482421875
120.7687530517578125 119.3125 120.43125152587890625 120.78125 120.5625 118.3874969482421875 117.2062530517578125 113.9562530517578125 111.18125152587890625 108.72499847412109375 104.8562469482421875 99.30625152587890625 93.84375 90.2687530517578125 87.30625152587890625 79.6875 71.9187469482421875 72.52500152587890625 78.5437469482421875 82.59375 85.19374847412109375 89.0124969482421875 94.6062469482421875 102.3249969482421875 105.6750030517578125 96.6125030517578125 89.63124847412109375 85.8000030517578125 87.93125152587890625 91.75 95.8312530517578125 98.83750152587890625 97.44374847412109375 97.4375 107.96250152587890625 118.2375030517578125 135.6750030517578125 157.6875 174.3874969482421875 165.5500030517578125 157.53125 144.556243896484375 130.375 122.21875
109.8937530517578125 110.375 110.3625030517578125 111.8000030517578125 111.4562530517578125 108.1374969482421875 106.1062469482421875 104.1687469482421875 101.8249969482421875 97.0812530517578125 94.0749969482421875 91.5187530517578125 86.96250152587890625 83.65625 82.7062530517578125 79.50624847412109375 73.1750030517578125 64.9812469482421875 71.8625030517578125 75.0187530517578125 77.83750152587890625 81.65625 90.5437469482421875 97.75 100.5749969482421875 92.34375 85.28125 83.6999969482421875 86.9812469482421875 88.8249969482421875 88.2624969482421875 90.05625152587890625 105.56874847412109375 113.2937469482421875 115.7062530517578125 131.9187469482421875 153.431243896484375 168.806243896484375 177.9562530517578125 171.7062530517578125 154.337493896484375 141.2375030517578125 127.83750152587890625 119.78125
99.81874847412109375 100.5187530517578125 99.6062469482421875 100.09999847412109375 101.1125030517578125 99.24375152587890625 96.0187530517578125 95.09999847412109375 93.90000152587890625 90.2375030517578125 87.375 82.9187469482421875 79.7687530517578125 78.3000030517578125 74.9875030517578125 74.19374847412109375 71.3312530517578125 66.0124969482421875 62.91249847412109375 64.6437530517578125 71.16249847412109375 81.0749969482421875 76.3874969482421875 85.00624847412109375 89.34375 89.3312530517578125 85.96875 83.15625 86.9375 90.08750152587890625 91.55625152587890625 95.5124969482421875 107.59999847412109375 112.77500152587890625 119 132.8625030517578125 145.350006103515625 155.850006103515625 164.318756103515625 155.506256103515625 145.962493896484375 132.0812530517578125 122.3562469482421875 115.0749969482421875
