data/historical-monthly-weather-data/wc2.1_cruts4.09_10m_prec_1994-05.asc
ncols        45
nrows        45
xllcorner    -63.500000000000
yllcorner    -7.500000000000
cellsize     0.166666666667
NODATA_value -9999
[rows 20 to 39 of 45, columns 0 to 43 of 45]
239.3000030517578125 253.899993896484375 261.89373779296875 264.98126220703125 267.506256103515625 275.70001220703125 279.818756103515625 279.881256103515625 276.89373779296875 270.131256103515625 264.431243896484375 258.5625 248.149993896484375 237.25 222.712493896484375 210.787506103515625 196.0500030517578125 189.037506103515625 187.875 183.725006103515625 188.037506103515625 190.8249969482421875 192.6437530517578125 193.9375 193.725006103515625 189.09375 182.0812530517578125 179.881256103515625 178.243743896484375 176.8874969482421875 177.90625 180.9812469482421875 176.087493896484375 172.806243896484375 173.4250030517578125 177.34375 179.9375 180.100006103515625 177.337493896484375 172.28125 167.381256103515625 161.40625 158.3125 159.3625030517578125
233.2312469482421875 239.993743896484375 251.9875030517578125 262.08123779296875 265.60626220703125 270.318756103515625 276.868743896484375 280.556243896484375 278.70001220703125 272.943756103515625 266.068756103515625 257.524993896484375 246.8249969482421875 235.3937530517578125 225.568756103515625 211.7062530517578125 207.506256103515625 198.1875 195.225006103515625 189.1437530517578125 185.4562530517578125 186.850006103515625 188.3562469482421875 186.1374969482421875 181.7937469482421875 180.28125 181.0749969482421875 178.818756103515625 181.7687530517578125 182.40625 180.712493896484375 178.9499969482421875 177.3249969482421875 176.287506103515625 173.40625 173.9562530517578125 176.556243896484375 176.625 173.6750030517578125 169.1999969482421875 165.4812469482421875 160.256256103515625 156.8625030517578125 156.25
227.5625 241.8562469482421875 252.2062530517578125 262.01873779296875 265.59375 269.006256103515625 266.9375 272.20623779296875 277.431243896484375 273.23126220703125 264.53125 255.443756103515625 249.193756103515625 238.8249969482421875 229.0187530517578125 217.78125 209.5812530517578125 202.0437469482421875 196.100006103515625 190.34375 188.162506103515625 183.8687591552734375 183.006256103515625 179.662506103515625 178.5500030517578125 175.756256103515625 174.131256103515625 176.743743896484375 180.3249969482421875 180.59375 178.399993896484375 179.6750030517578125 180.318756103515625 178.149993896484375 176.350006103515625 171.431243896484375 170.6437530517578125 172.1999969482421875 172.556243896484375 168.149993896484375 163.1999969482421875 158.78125 155.037506103515625 153.6875
218.8000030517578125 234.9250030517578125 248.743743896484375 256.54998779296875 259.875 260.78125 268.17498779296875 271.024993896484375 270.056243896484375 265.23126220703125 259.975006103515625 257.274993896484375 250.2062530517578125 242.962493896484375 231.2687530517578125 220.1687469482421875 211.5749969482421875 205.556243896484375 200.21875 195.1374969482421875 188.8249969482421875 184.618743896484375 180.65625 179.962493896484375 176.1999969482421875 170.3937530517578125 171.1125030517578125 174.399993896484375 179.5 183.9812469482421875 187.056243896484375 189.6750030517578125 190.181243896484375 186.493743896484375 182.6125030517578125 174.1999969482421875 174.537506103515625 173.1750030517578125 171.15625 167.337493896484375 161.756256103515625 158.6750030517578125 155.756256103515625 152.6812591552734375
215.118743896484375 231.381256103515625 243.2375030517578125 255.0625 261.037506103515625 263.412506103515625 263.1875 266.318756103515625 264.306243896484375 261.912506103515625 256.5625 252.0187530517578125 249.3312530517578125 242.243743896484375 230.4812469482421875 221.587493896484375 215.7937469482421875 208.8249969482421875 201.71875 196.368743896484375 192.024993896484375 185.4499969482421875 182.212493896484375 179.537506103515625 175.125 174.149993896484375 174.9187469482421875 179.006256103515625 183.681243896484375 191.6687469482421875 196.162506103515625 203.78125 202.8937530517578125 197.8312530517578125 188.8625030517578125 181.162506103515625 178.368743896484375 172.4187469482421875 169.2687530517578125 165.568756103515625 161.1125030517578125 157.0749969482421875 154.3625030517578125 149.8125
217.6437530517578125 234.6999969482421875 240.3125 250.693756103515625 253.493743896484375 254.8187408447265625 254.1687469482421875 256.337493896484375 251.84375 247 249.125 248.1687469482421875 243.118743896484375 237.975006103515625 232.125 223.625 217.993743896484375 211.056243896484375 203.6687469482421875 197.024993896484375 192.506256103515625 185.875 182.274993896484375 177.337493896484375 175.4375 173.993743896484375 179.4375 183.8562469482421875 188.375 197.3312530517578125 206.7624969482421875 220.4375 219.756256103515625 208.125 196.21875 188.1999969482421875 180.4375 174.0124969482421875 166.7062530517578125 162.3312530517578125 158.6750030517578125 153.568756103515625 149.2312469482421875 146.6999969482421875
221.318756103515625 230.149993896484375 238.2687530517578125 244.84375 246.631256103515625 247.662506103515625 246.256256103515625 243.9250030517578125 241.5625 244.4187469482421875 244.662506103515625 241.3625030517578125 239.6062469482421875 236.743743896484375 231.21875 225.4124908447265625 218.1437530517578125 209.78125 206.5812530517578125 199.225006103515625 192.337493896484375 186.6125030517578125 182.6437530517578125 180.8625030517578125 178.8249969482421875 177.912506103515625 183.1687469482421875 187.868743896484375 193.5437469482421875 200.7312469482421875 213.381256103515625 227.09375 229.725006103515625 213.587493896484375 198.2375030517578125 188.3000030517578125 182.40625 173.568756103515625 166.162506103515625 161.5500030517578125 156.9187469482421875 151.8312530517578125 147.493743896484375 143.09375
227 231.3125 235.9187469482421875 237.243743896484375 239.03125 240.756256103515625 240.0625 235.6999969482421875 235.493743896484375 237.899993896484375 237.149993896484375 234.5812530517578125 234.006256103515625 231.693756103515625 228.631256103515625 221.256256103515625 217.28125 213.4250030517578125 210.024993896484375 203.6062469482421875 196.3125 188.693756103515625 186.3249969482421875 183.4562530517578125 182.0124969482421875 180.006256103515625 185.693756103515625 190.506256103515625 196.9375 204.587493896484375 215.1999969482421875 225.806243896484375 224.1437530517578125 210.6062469482421875 198.774993896484375 188.8625030517578125 180.462493896484375 173.9437408447265625 167.9812469482421875 161.1062469482421875 155.037506103515625 151.25 146.9375 143.212493896484375
228.506256103515625 231.46875 231.4187469482421875 231.256256103515625 231.131256103515625 227.850006103515625 225.3937530517578125 226.21875 230.1125030517578125 229.4875030517578125 229.493743896484375 229.475006103515625 228.8249969482421875 229.868743896484375 229.15625 226.2312469482421875 222.225006103515625 216.7375030517578125 211.931243896484375 206.2312469482421875 199.162506103515625 191.100006103515625 186.962493896484375 183.9875030517578125 182.28125 178.881256103515625 184.8562469482421875 191.631256103515625 197.8874969482421875 203.8249969482421875 212.600006103515625 218.3687591552734375 213.8562469482421875 203.506256103515625 195.6125030517578125 186.818756103515625 179.631256103515625 171.837493896484375 165.975006103515625 159.1374969482421875 150.7624969482421875 145.4375 144.118743896484375 143.75
229.118743896484375 229.162506103515625 225.21875 220.2312469482421875 217.850006103515625 218.0749969482421875 216.618743896484375 219.84375 221.8249969482421875 220.1687469482421875 221.7312469482421875 223.193756103515625 224.40625 227.1374969482421875 227.3562469482421875 225.8937530517578125 222.78125 221.09375 215.21875 207.34375 200.631256103515625 194.4250030517578125 189.506256103515625 185.443756103515625 181.399993896484375 181.806243896484375 184.8562469482421875 188.212493896484375 193.7687530517578125 199.0124969482421875 205.850006103515625 208.537506103515625 204.006256103515625 197.149993896484375 190.7312469482421875 181.818756103515625 178.6125030517578125 172 165.25 161.8937530517578125 156.162506103515625 149.837493896484375 145.0437469482421875 141.6125030517578125
229.0187530517578125 225.693756103515625 218.5187530517578125 214.256256103515625 211.8562469482421875 211.131256103515625 212.2687530517578125 212.4375 214.3125 214.931243896484375 216.399993896484375 217.1125030517578125 221.9562530517578125 222.225006103515625 223.53125 225.1437530517578125 224.6999969482421875 221.1875 217.03125 211.6374969482421875 202.306243896484375 194.7375030517578125 189.8562469482421875 184.0374908447265625 180.149993896484375 182.0625 183.7062530517578125 185.368743896484375 190.1750030517578125 193.1437530517578125 198.8125 198.6437530517578125 194.2312469482421875 189.1374969482421875 183.2937469482421875 175.1750030517578125 172.431243896484375 169.368743896484375 165.90625 161.556243896484375 158.9499969482421875 152.0749969482421875 146.412506103515625 140.46875
223.28125 217.8625030517578125 211.28125 207.6750030517578125 206.46875 204.087493896484375 207.493743896484375 204.8312530517578125 206.1374969482421875 206.399993896484375 207.868743896484375 208.368743896484375 212.975006103515625 217.287506103515625 219.056243896484375 222.6125030517578125 220.212493896484375 216.6687469482421875 213.1437530517578125 208.9187469482421875 199.350006103515625 192.556243896484375 187.1062469482421875 182.84375 182.1125030517578125 181.037506103515625 182.3874969482421875 182.46875 183.875 186.649993896484375 187.3125 187.587493896484375 182.9499969482421875 178.6437530517578125 174.9124908447265625 168.8625030517578125 165.8562469482421875 164.2687530517578125 160.9812469482421875 160.7937469482421875 158.4250030517578125 152.899993896484375 147.8562469482421875 144.375
213.693756103515625 209.6750030517578125 203.7062530517578125 201.8874969482421875 198.6750030517578125 196.368743896484375 197.875 196.6999969482421875 197.837493896484375 199.9250030517578125 205.03125 206.1437530517578125 210.0625 215.587493896484375 216.618743896484375 216.993743896484375 215.40625 214.7687530517578125 208.9875030517578125 204.71875 195.40625 190.1875 184.024993896484375 181.8874969482421875 180.6999969482421875 180.2687530517578125 179.6437530517578125 179.7937469482421875 178.7937469482421875 178.9375 179.0812530517578125 177.4375 171.837493896484375 170.4562530517578125 166.4875030517578125 163.8874969482421875 159.274993896484375 158 155.350006103515625 157.162506103515625 154.9562530517578125 152.09375 148.4499969482421875 146.818756103515625
204.4250030517578125 199.818756103515625 197.524993896484375 195.649993896484375 194.4875030517578125 191.0187530517578125 190.087493896484375 188.006256103515625 188.40625 190.53125 194.943756103515625 200.5437469482421875 203.75 207.1750030517578125 210.3249969482421875 213.1999969482421875 213.100006103515625 211.125 203.8625030517578125 197.899993896484375 192.1875 187.8499908447265625 182.318756103515625 178.71875 178.0124969482421875 176.4375 174.78125 173.7062530517578125 173.837493896484375 172.368743896484375 170.8937530517578125 168.0500030517578125 163.65625 160.1062469482421875 157.681243896484375 154.8562469482421875 152.5187530517578125 149.024993896484375 149.1875 149.8312530517578125 148.131256103515625 148.118743896484375 147.9875030517578125 147.4562530517578125
193.9562530517578125 190.1875 189.568756103515625 189.806243896484375 189.4187469482421875 185.8937530517578125 181.3625030517578125 179.618743896484375 177.024993896484375 179.7624969482421875 185.8249969482421875 192.3562469482421875 199.7375030517578125 205.9250030517578125 208.28125 209.8937530517578125 209.006256103515625 206.7937469482421875 199.90625 191.7687530517578125 186.8000030517578125 181.4375 177.9875030517578125 174.506256103515625 173.1437530517578125 171.6875 171.8312530517578125 171.15625 170.1437530517578125 168.03125 164.0437469482421875 159.9812469482421875 154.0437469482421875 151.25 144.96875 143.59375 140.2937469482421875 141.6687469482421875 141.875 141.5625 140.693756103515625 139.71875 140.40625 142.068756103515625
186.5124969482421875 184.725006103515625 182.65625 182.0437469482421875 180.6999969482421875 177.306243896484375 172.2624969482421875 170.84375 168.71875 168.475006103515625 173.2375030517578125 184.46875 195.4375 201.0124969482421875 204.7312469482421875 205.28125 204.03125 199.068756103515625 194.5 186.524993896484375 182.1687469482421875 177.4812469482421875 173.693756103515625 171.225006103515625 169.1437530517578125 167.125 169.0187530517578125 168.693756103515625 165.506256103515625 162.0749969482421875 158.0124969482421875 153.1750030517578125 146.96875 140.9499969482421875 136.0187530517578125 133.7375030517578125 135.243743896484375 133.212493896484375 133.5187530517578125 135.5749969482421875 134.28125 135.506256103515625 135.212493896484375 136.8000030517578125
180.431243896484375 180.087493896484375 177.8125 176.806243896484375 176.193756103515625 171.5500030517578125 167.368743896484375 163.350006103515625 160.1875 155.5 166.4187469482421875 185.84375 195.40625 199.2937469482421875 201.274993896484375 201.0812530517578125 197.8249969482421875 192.2687530517578125 187.693756103515625 179.131256103515625 176.068756103515625 172.3000030517578125 167.6999969482421875 165.493743896484375 164.037506103515625 164.0124969482421875 164.3000030517578125 163.368743896484375 160.4562530517578125 157.0437469482421875 153.149993896484375 148.649993896484375 141.681243896484375 133.75 129.2937469482421875 128.756256103515625 128.6687469482421875 128.2062530517578125 127.46875 127.53749847412109375 126.43125152587890625 126.1875 129.2375030517578125 131.600006103515625
175.368743896484375 174.837493896484375 174.506256103515625 172.8562469482421875 173.1999969482421875 169.743743896484375 165.9312591552734375 161.0625 158.0124969482421875 153.3562469482421875 174.475006103515625 194.193756103515625 198.943756103515625 201.056243896484375 200.350006103515625 198.3312530517578125 193.7624969482421875 188.837493896484375 182.024993896484375 175.431243896484375 169.9187469482421875 166.46875 162.5625 160.4562530517578125 158.993743896484375 158.568756103515625 157.0625 159.5124969482421875 157.9562530517578125 152.662506103515625 147.118743896484375 142.4499969482421875 136.600006103515625 128 121.4499969482421875 121.21875 122.5500030517578125 121.74375152587890625 123.05625152587890625 121.6062469482421875 120.90000152587890625 121.21875 120.53125 120.86875152587890625
169.46875 168.962493896484375 168.600006103515625 168.3562469482421875 166.3874969482421875 164.524993896484375 163.850006103515625 164.0749969482421875 167.5625 178.868743896484375 203.756256103515625 207.1437530517578125 202.774993896484375 201.96875 199.6437530517578125 196.3874969482421875 192.0625 186.1875 179.7375030517578125 171.850006103515625 164.5625 158.962493896484375 156.318756103515625 155.7062530517578125 153.1687469482421875 152.3125 153.212493896484375 155.2687530517578125 152.537506103515625 149.3249969482421875 142.6999969482421875 135.1374969482421875 130.899993896484375 125.9250030517578125 122.91249847412109375 121.5 120.55625152587890625 121.3874969482421875 119.47499847412109375 116.5124969482421875 117.2312469482421875 117.0749969482421875 115.2937469482421875 116.625
166.368743896484375 165.131256103515625 165.8625030517578125 165.5187530517578125 165.024993896484375 163.9562530517578125 163.09375 168.8125 176.100006103515625 187.493743896484375 199.0749969482421875 204.837493896484375 201.6062469482421875 199.1125030517578125 198.443756103515625 193.1750030517578125 187.399993896484375 180.9562530517578125 173.524993896484375 167 158.5124969482421875 153.2624969482421875 148.15625 147.40625 146.7624969482421875 147.03125 147.1750030517578125 148.3625030517578125 146.5749969482421875 143.587493896484375 139.506256103515625 135.8000030517578125 131.443756103515625 127.9250030517578125 125.11875152587890625 122.6750030517578125 120.6750030517578125 120.81874847412109375 118.4187469482421875 113.27500152587890625 112.4499969482421875 112.09999847412109375 109.43125152587890625 108.53749847412109375
