data/historical-monthly-weather-data/wc2.1_cruts4.09_10m_prec_1975-05.asc
ncols        45
nrows        45
xllcorner    -63.500000000000
yllcorner    -7.500000000000
cellsize     0.166666666667
NODATA_value -9999
[rows 20 to 39 of 45, columns 0 to 43 of 45]
373.837493896484375 386.162506103515625 390.83123779296875 388.375 385.587493896484375 394.51251220703125 398.11248779296875 395.881256103515625 389.33123779296875 377.475006103515625 367.774993896484375 361.46875 349.306243896484375 336.29998779296875 317.6875 302.61248779296875 283.03125 272.88751220703125 270.90625 263.86248779296875 264.20001220703125 261.25 257.143768310546875 255.3125 251.9812469482421875 243.162506103515625 232.5437469482421875 228.3312530517578125 224.9562530517578125 222.350006103515625 222.7937469482421875 226.537506103515625 224.6437530517578125 225.475006103515625 231.3562469482421875 241.337493896484375 249.6875 254.6125030517578125 254.131256103515625 250.037506103515625 246.006256103515625 240.0812530517578125 238.3125 242.5124969482421875
368.4375 368.743743896484375 379.79376220703125 388.04376220703125 386.787506103515625 391.243743896484375 398.92498779296875 402.368743896484375 397.48126220703125 387.03125 375.54998779296875 364.53125 350.868743896484375 336.149993896484375 324.100006103515625 306.225006103515625 301.90625 288.15625 283.337493896484375 273.287506103515625 262.431243896484375 257.975006103515625 253.8874969482421875 247.2375030517578125 238.2624969482421875 233.3000030517578125 232.5812530517578125 228.1750030517578125 230.3937530517578125 229.6750030517578125 226.0625 223.1750030517578125 225.0812530517578125 228.587493896484375 229.65625 234.90625 242.9499969482421875 247.53125 246.875 243.7687530517578125 241.6374969482421875 237.0749969482421875 235.0625 237.0437469482421875
363.48748779296875 375.631256103515625 384.243743896484375 391.98126220703125 390.76251220703125 393.712493896484375 389.375 395.60626220703125 401.118743896484375 392.850006103515625 378.5625 365.743743896484375 357.337493896484375 343.17498779296875 331.100006103515625 317.04376220703125 306.88751220703125 295.506256103515625 286.149993896484375 276.40625 267.9375 255.8625030517578125 248.868743896484375 240.587493896484375 235.693756103515625 228.84375 224.837493896484375 226.5625 229.40625 227.6750030517578125 222.850006103515625 223.212493896484375 227.6999969482421875 229.5812530517578125 231.8562469482421875 229.649993896484375 232.931243896484375 239.3312530517578125 243.399993896484375 240.5625 236.8000030517578125 233.5812530517578125 231.225006103515625 232.2937469482421875
354.225006103515625 370.90625 384.64373779296875 388.70623779296875 386.475006103515625 385.73748779296875 395.40625 398.162506103515625 394.506256103515625 385.100006103515625 375.35626220703125 370.524993896484375 359.681243896484375 348.95001220703125 334.04998779296875 320.25 309.556243896484375 300.41876220703125 291.912506103515625 283.20623779296875 269.149993896484375 257.6875 246.881256103515625 242.1125030517578125 233.568756103515625 222.6125030517578125 221.475006103515625 223.837493896484375 228.3937530517578125 231.5812530517578125 232.875 234.475006103515625 238.6750030517578125 238.587493896484375 238.1750030517578125 231.662506103515625 236.6999969482421875 239.3562469482421875 240.1374969482421875 238.1374969482421875 233.5 232.037506103515625 230.71875 229.149993896484375
353.01873779296875 371.625 382.04376220703125 391.48748779296875 392.381256103515625 393.67498779296875 392.04376220703125 395.256256103515625 389.837493896484375 383.70623779296875 373.381256103515625 364.73748779296875 358.95001220703125 347.399993896484375 332.26873779296875 321.662506103515625 315.08123779296875 304.625 293.59375 284.57501220703125 273.806243896484375 259.45001220703125 250.0437469482421875 242.5437469482421875 232.96875 228.225006103515625 226.84375 229.9187469482421875 233.600006103515625 240.787506103515625 243.3625030517578125 250.600006103515625 253.037506103515625 251.212493896484375 244.3125 239.1687469482421875 240.3874969482421875 237.0124969482421875 236.306243896484375 234.46875 231.3937530517578125 228.318756103515625 226.993743896484375 223.149993896484375
360.95001220703125 382.162506103515625 382.35626220703125 389.23126220703125 384.875 384.556243896484375 382.29998779296875 384.0625 374.756256103515625 364.806243896484375 365.10626220703125 360.61248779296875 350.14373779296875 340.337493896484375 333.57501220703125 323.556243896484375 317.28125 306.881256103515625 295.53125 284.76251220703125 274.23126220703125 260.287506103515625 250.84375 240.2687530517578125 233.9562530517578125 228.4562530517578125 232.912506103515625 236.1374969482421875 239.25 247.1999969482421875 255.4562530517578125 269.6875 272.462493896484375 262.506256103515625 251.9812469482421875 246.78125 241.725006103515625 237.9875030517578125 231.5437469482421875 228.743743896484375 226.7312469482421875 221.9499969482421875 218.068756103515625 217.09375
364.462493896484375 372.756256103515625 378.475006103515625 381.181243896484375 376.912506103515625 376.25 372.625 367.39373779296875 360.98748779296875 362.100006103515625 359.162506103515625 350.01873779296875 343.04376220703125 335.26873779296875 328.712493896484375 322.518768310546875 313.84375 301.649993896484375 296.506256103515625 284.962493896484375 271.54376220703125 259.48126220703125 249.962493896484375 243.78125 237.381256103515625 232.5500030517578125 236.524993896484375 239.8125 244.212493896484375 249.90625 262.07501220703125 276.35626220703125 283.506256103515625 268.4375 253.8562469482421875 246.0812530517578125 243.3312530517578125 236.193756103515625 229.65625 226.5749969482421875 223.25 218.8125 215.2375030517578125 211.7624969482421875
370.225006103515625 371.38751220703125 373.26873779296875 369.79998779296875 367.45001220703125 367.90625 365.16876220703125 356.625 353.16876220703125 353.29376220703125 348.39373779296875 339.1875 332.60626220703125 324.556243896484375 321.181243896484375 312.662506103515625 308.587493896484375 302.98748779296875 297.76873779296875 287.881256103515625 274.39373779296875 260.1875 253.306243896484375 245.787506103515625 240.21875 234.0124969482421875 238.337493896484375 241.537506103515625 246.662506103515625 252.962493896484375 262.6875 273.274993896484375 275.412506103515625 263.89373779296875 254.068756103515625 246.1125030517578125 239.78125 235.5625 231.03125 224.868743896484375 219.65625 217.4812469482421875 214.3562469482421875 212.21875
368.61248779296875 368.21875 364.3125 360.41876220703125 356.79376220703125 349.76873779296875 344.181243896484375 343.39373779296875 345.881256103515625 341.20623779296875 337.056243896484375 330.60626220703125 322.84375 318.462493896484375 317.96875 315.46875 311.225006103515625 303.443756103515625 296.443756103515625 287.79998779296875 275.15625 260.90625 252.037506103515625 244.5812530517578125 238.818756103515625 230.931243896484375 235.524993896484375 241.0437469482421875 245.818756103515625 250.1687469482421875 257.89373779296875 262.912506103515625 261.6875 254.25 249.5 242.7687530517578125 237.6875 231.5 227.100006103515625 221.0437469482421875 212.6125030517578125 208.524993896484375 210.0500030517578125 213.118743896484375
362.625 359.162506103515625 350.54998779296875 340.54376220703125 334.67498779296875 333.33123779296875 329.493743896484375 332.45001220703125 331.88751220703125 325.54998779296875 323.51873779296875 319.056243896484375 313.70001220703125 311.21875 310.95623779296875 309.368743896484375 305.412506103515625 302.89373779296875 294.59375 283.23748779296875 271.51251220703125 260.243743896484375 250.7312469482421875 242.1750030517578125 233.7062530517578125 231.0749969482421875 231.975006103515625 233.274993896484375 237.3499908447265625 241.6750030517578125 247.962493896484375 250.0749969482421875 248.8625030517578125 245.59375 242.631256103515625 235.375 235.2062530517578125 230.34375 224.7375030517578125 223.5124969482421875 218.943756103515625 213.6875 210.5 209.1875
355.068756103515625 348.212493896484375 335.91876220703125 328.243743896484375 323.41876220703125 320.899993896484375 321.193756103515625 319.66876220703125 318.837493896484375 315.725006103515625 313.38751220703125 307.712493896484375 307.256256103515625 301.118743896484375 301.26251220703125 302.5625 301.212493896484375 296.162506103515625 290.350006103515625 282.587493896484375 267.806243896484375 255.181243896484375 246.15625 235.7687530517578125 227.9562530517578125 227.524993896484375 226.850006103515625 226.1750030517578125 229.556243896484375 231.9499969482421875 237.774993896484375 237.35626220703125 236.2312469482421875 234.9875030517578125 232.524993896484375 225.90625 225.912506103515625 225.462493896484375 224.21875 221.6125030517578125 221.443756103515625 215.649993896484375 211.4499969482421875 206.6125030517578125
338.83123779296875 330.431243896484375 320.28125 314.649993896484375 312.506256103515625 307.787506103515625 311.65625 306.04998779296875 304.350006103515625 300.6875 298.36248779296875 292.48126220703125 291.73126220703125 290.943756103515625 290.662506103515625 293.34375 288.368743896484375 283.26873779296875 278.412506103515625 272.412506103515625 257.83123779296875 246.7249908447265625 237.40625 229.4875030517578125 226.087493896484375 222.274993896484375 221.399993896484375 219.0124969482421875 218.5437469482421875 221.5625 222.3062591552734375 223.1999969482421875 221.7375030517578125 221.243743896484375 221.21875 216.912506103515625 216.256256103515625 217.399993896484375 216.2312469482421875 219.212493896484375 219.3125 215.5187530517578125 212.381256103515625 211.2937469482421875
315.3125 309.9375 301.40625 298.90625 294.21875 289.881256103515625 291 287.86248779296875 286.40625 285.9375 289.23126220703125 284.524993896484375 283.087493896484375 283.943756103515625 281.6875 279.006256103515625 274.118743896484375 272.64373779296875 265.01251220703125 259.04376220703125 245.2750091552734375 236.5437469482421875 226.7062530517578125 222.0437469482421875 218.6062469482421875 216.0500030517578125 213.1437530517578125 211.1875 208.2937469482421875 209.0124969482421875 210.1374969482421875 209.587493896484375 206.9937591552734375 209.962493896484375 209.5437469482421875 209.600006103515625 206.837493896484375 208.3312530517578125 207.75 213.1062469482421875 213.149993896484375 212.7687530517578125 211.350006103515625 212.681243896484375
292.75 287.306243896484375 284.58123779296875 282.381256103515625 281.024993896484375 275.274993896484375 273.01251220703125 268.875 266.899993896484375 267.056243896484375 269.89373779296875 271.837493896484375 269.83123779296875 268.17498779296875 267.78125 267.193756103515625 263.318756103515625 260.01251220703125 250.71875 242.806243896484375 233.9250030517578125 226.5437469482421875 217.868743896484375 212.0124969482421875 209.6687469482421875 206.3125 202.59375 199.5812530517578125 198.4250030517578125 198.0749969482421875 198.1687469482421875 196.95623779296875 195.850006103515625 196.0500030517578125 197.46875 197.1750030517578125 197.3249969482421875 195.84375 198.6687469482421875 202.068756103515625 202.475006103515625 205.6062469482421875 208.6999969482421875 211.256256103515625
269.024993896484375 265.399993896484375 265.45001220703125 266.556243896484375 266.58123779296875 261.056243896484375 253.931243896484375 250.5625 244.9187469482421875 246.431243896484375 252.006256103515625 255.6062469482421875 259.524993896484375 261.58123779296875 259.412506103515625 256.287506103515625 250.693756103515625 247.037506103515625 238.4187469482421875 228.100006103515625 220.475006103515625 212.256256103515625 206.4187469482421875 201.243743896484375 198.631256103515625 195.8937530517578125 194.6062469482421875 192.3874969482421875 190.3125 189.9375 187.881256103515625 185.8874969482421875 182.9562530517578125 183.9375 180.431243896484375 181.84375 180.6437530517578125 185.4250030517578125 187.9875030517578125 189.8499908447265625 191.037506103515625 192.3874969482421875 196.09375 201.2687530517578125
249.1125030517578125 248.28125 246.381256103515625 246.3312530517578125 245.1374969482421875 240.1437530517578125 232.75 230.125 225.53125 223.28125 227.256256103515625 237.5 246.5437469482421875 248.3562469482421875 247.8312530517578125 243.3937530517578125 237.399993896484375 230.5812530517578125 224.881256103515625 215.100006103515625 208.600006103515625 201.59375 195.8312530517578125 192.118743896484375 188.9812469482421875 185.850006103515625 186.837493896484375 185.3312530517578125 181.2062530517578125 179.7937469482421875 178.1437530517578125 175.681243896484375 172.3937530517578125 169.3562469482421875 167.3000030517578125 167.5124969482421875 172.4187469482421875 172.73748779296875 175.4250030517578125 180.337493896484375 180.8937530517578125 184.806243896484375 186.71875 191.1999969482421875
231.368743896484375 232.4250030517578125 230.375 229.850006103515625 229.649993896484375 223.375 217.587493896484375 211.850006103515625 206.256256103515625 198.6125030517578125 210.537506103515625 231.2375030517578125 238.8125 239.0437469482421875 236.493743896484375 231.274993896484375 223.1687469482421875 215.899993896484375 210.34375 200.212493896484375 195.625 190.1687469482421875 183.912506103515625 180.7687530517578125 178.5187530517578125 177.837493896484375 177.306243896484375 175.443756103515625 171.975006103515625 170.975006103515625 169.9187469482421875 168.193756103515625 164.0187530517578125 158.59375 157 159.381256103515625 162.2624969482421875 164.649993896484375 165.96875 168.2375030517578125 168.962493896484375 170.4375 176.40625 181.4375
216.1062469482421875 216.850006103515625 217.274993896484375 215.8937530517578125 216.931243896484375 212.475006103515625 207.493743896484375 201.03125 195.8874969482421875 188.6062469482421875 212.6374969482421875 233.375 235.40625 233.9812469482421875 228.475006103515625 221.399993896484375 212.125 205.7624969482421875 197.943756103515625 190.287506103515625 183.431243896484375 178.7624969482421875 173.6999969482421875 170.8937530517578125 168.8625030517578125 167.912506103515625 165.75 167.725006103515625 165.96875 163.2312469482421875 160.6437530517578125 158.9187469482421875 155.9625091552734375 149.6750030517578125 145.431243896484375 148.0749969482421875 152.6125030517578125 154.5 158.4437408447265625 158.71875 159.875 161.8249969482421875 162.3249969482421875 164.1125030517578125
203.9250030517578125 204.337493896484375 204.318756103515625 204.337493896484375 202.1875 199.4875030517578125 198.15625 197.7375030517578125 200.350006103515625 212.0437469482421875 239.368743896484375 240.212493896484375 231.881256103515625 227.625 221.149993896484375 213.6374969482421875 205.5124969482421875 198.3874969482421875 191.09375 182.2687530517578125 173.9375 167.375 163.993743896484375 162.9437408447265625 159.8937530517578125 158.600006103515625 159.225006103515625 161.03125 158.28125 157.46875 153.350006103515625 148.09375 146.5749969482421875 144.1812591552734375 143.837493896484375 144.96875 146.6062469482421875 150.3937530517578125 150.149993896484375 148.4812469482421875 151.3937530517578125 152.4875030517578125 151.412506103515625 154.274993896484375
195.9250030517578125 195.1125030517578125 195.9875030517578125 195.462493896484375 194.6750030517578125 192.6437530517578125 190.7062530517578125 196.3562469482421875 203.0187530517578125 214.1062469482421875 225.068756103515625 228.931243896484375 222.6125030517578125 217.1062469482421875 213.4499969482421875 204.837493896484375 196.193756103515625 188.7312469482421875 180.5812530517578125 173.3937530517578125 164.225006103515625 158.4562530517578125 152.875 151.756256103515625 150.806243896484375 150.787506103515625 150.850006103515625 151.975006103515625 150.3562469482421875 149.3937530517578125 147.5812530517578125 146.131256103515625 144.2312469482421875 143.274993896484375 142.9937591552734375 142.8000030517578125 143.118743896484375 145.8937530517578125 145.024993896484375 140.6875 141.524993896484375 142.274993896484375 139.9375 139.756256103515625
