data/historical-monthly-weather-data/wc2.1_cruts4.09_10m_prec_1958-12.asc
ncols        51
nrows        45
xllcorner    -63.500000000000
yllcorner    -7.500000000000
cellsize     0.166666666667
NODATA_value -9999
[rows 20 to 39 of 45, columns 0 to 44 of 51]
230.787506103515625 234.875 240.09375 246.774993896484375 254.618743896484375 263.212493896484375 271.23126220703125 278.600006103515625 284.48126220703125 287.98126220703125 289.256256103515625 291.11248779296875 292.29376220703125 291.01873779296875 286.54376220703125 279.96875 273.368743896484375 267.90625 265.60626220703125 263.649993896484375 264.5 265.381256103515625 266.33123779296875 267.67498779296875 270.600006103515625 271.91876220703125 267.568756103515625 256.53125 241.618743896484375 226.4375 214.8375091552734375 210.1999969482421875 207.912506103515625 207.6687469482421875 207.65625 205.8125 205.818756103515625 205.8000030517578125 201.912506103515625 193.15625 180.71875 167.78125 157.318756103515625 147.9499969482421875 140.0749969482421875
229.78125 233.21875 240.125 249.5812530517578125 259.16876220703125 268.45623779296875 277.975006103515625 286.76251220703125 292.537506103515625 295.73748779296875 295.82501220703125 296.024993896484375 295.5625 292.79998779296875 288.83123779296875 283.225006103515625 277.568756103515625 272.5625 268.92498779296875 265.943756103515625 263.89373779296875 264.42498779296875 266.743743896484375 268.306243896484375 271.912506103515625 276.993743896484375 278.09375 269.01873779296875 255.7375030517578125 243.15625 232.8062591552734375 226.631256103515625 222.350006103515625 221.2062530517578125 219.6875 216.975006103515625 216.868743896484375 217.3249969482421875 211.875 200.78125 188.0625 175.2312469482421875 164.0124969482421875 154.0187530517578125 145.7937469482421875
229.6687469482421875 234.75 241.6875 251.6875 263.03125 274.3125 284.36248779296875 294.649993896484375 302.01251220703125 303.79998779296875 302.54998779296875 300.056243896484375 298.79376220703125 295.524993896484375 291.350006103515625 286.11248779296875 280.431243896484375 274.818756103515625 270.64373779296875 265.98748779296875 263.056243896484375 262.181243896484375 262.837493896484375 264.868743896484375 270.04376220703125 278.51873779296875 284.4375 278.04998779296875 266.54998779296875 256.73126220703125 248.5625 242.5437469482421875 238.0124969482421875 234.4875030517578125 231.368743896484375 225.818756103515625 226.306243896484375 230.71875 224.3312530517578125 210.8000030517578125 196.587493896484375 182.9375 171.149993896484375 160.524993896484375 151.243743896484375
231.6687469482421875 236.1437530517578125 242.975006103515625 253.743743896484375 266.60626220703125 278.631256103515625 290.17498779296875 300.243743896484375 306.756256103515625 307.350006103515625 305.568756103515625 303.181243896484375 301.0625 297.850006103515625 293.318756103515625 287.9375 282.618743896484375 277.04376220703125 271.881256103515625 266.38751220703125 261.168731689453125 258.506256103515625 256.82501220703125 259.09375 264.01251220703125 271.85626220703125 277.98126220703125 277.350006103515625 272.82501220703125 266.631256103515625 261.693756103515625 256.212493896484375 252.8874969482421875 249.0625 245.4499969482421875 237.5437469482421875 237.1999969482421875 241.625 234.850006103515625 220.6750030517578125 205.2937469482421875 191.1999969482421875 178.2624969482421875 166.587493896484375 157.3562469482421875
237.0437469482421875 240.181243896484375 246.181243896484375 259.725006103515625 275.03125 286.162506103515625 296.54998779296875 304.70623779296875 309.11248779296875 310.38751220703125 308.98748779296875 305.6875 302.631256103515625 298.83123779296875 294.806243896484375 289.9375 284.60626220703125 279.056243896484375 273.11248779296875 266.73126220703125 259.66876220703125 253.962493896484375 250.4187469482421875 251.28125 256.5 265.193756103515625 272.1875 275.506256103515625 275.76251220703125 274.28125 272.681243896484375 269.33123779296875 267.556243896484375 264.51251220703125 260.15625 253.899993896484375 252.7062530517578125 251.618743896484375 243.5 230.462493896484375 214.7937469482421875 200 185.712493896484375 174.149993896484375 162.4187469482421875
247.8000030517578125 253.443756103515625 259.71875 272.51873779296875 285.056243896484375 294.556243896484375 302.42498779296875 308.625 311.76873779296875 311.993743896484375 310.100006103515625 307.17498779296875 303.32501220703125 299.149993896484375 295.95623779296875 291.70623779296875 286.20001220703125 280.568756103515625 274.337493896484375 267.1875 259.95623779296875 251.0625 243.71875 241.806243896484375 249.2624969482421875 259.82501220703125 269.15625 275.125 278.6875 280.4375 281.381256103515625 282.33123779296875 282.9375 280 276.60626220703125 270.550018310546875 267.850006103515625 264.868743896484375 255.4499969482421875 242.618743896484375 226.75 209.2687530517578125 192.681243896484375 179.118743896484375 167.568756103515625
259.21875 265.76873779296875 274.412506103515625 285.92498779296875 296.33123779296875 303.33123779296875 307.806243896484375 311.256256103515625 311.837493896484375 312.03125 311.350006103515625 307.962493896484375 303.193756103515625 299.07501220703125 296.36248779296875 293.193756103515625 288.625 283.29998779296875 277.23748779296875 269.306243896484375 260.993743896484375 251.0124969482421875 241.475006103515625 236.993743896484375 246.162506103515625 257.087493896484375 267.08123779296875 274.375 280.54376220703125 284.09375 287.868743896484375 291.54998779296875 295.693756103515625 294.20001220703125 291.91876220703125 287.225006103515625 283.375 279.60626220703125 269.693756103515625 257.431243896484375 241.6687469482421875 220.59375 199.381256103515625 183.475006103515625 176.0500030517578125
272.13751220703125 279.818756103515625 289.756256103515625 300.34375 308.568756103515625 312.92498779296875 314.712493896484375 314.59375 313.125 311.756256103515625 309.875 306.23748779296875 302.61248779296875 298.837493896484375 296.78125 293.850006103515625 290.67498779296875 285.54376220703125 280.212493896484375 272.82501220703125 264.84375 255.7687530517578125 248.9187469482421875 246.193756103515625 251.3125 259.743743896484375 267.96875 274.712493896484375 281.024993896484375 285.76873779296875 290.212493896484375 294.40625 300.1875 303.11248779296875 304.0625 300.95623779296875 298.318756103515625 295.449981689453125 286.48748779296875 275.618743896484375 260.86248779296875 236.75 207.693756103515625 189.1687469482421875 188.46875
283.337493896484375 292.60626220703125 303.95001220703125 315.42498779296875 321.587493896484375 321.64373779296875 319.756256103515625 317.15625 313.881256103515625 310.524993896484375 308.524993896484375 305.399993896484375 301.66876220703125 298.556243896484375 296.70623779296875 295.63751220703125 293.42498779296875 289.26251220703125 284.42498779296875 277.91876220703125 270.60626220703125 263.068756103515625 258.287506103515625 255.618743896484375 258.64373779296875 264.53125 270.88751220703125 276.818756103515625 282.79998779296875 287.11248779296875 291.274993896484375 295.274993896484375 302.743743896484375 308.48748779296875 313.131256103515625 312.79376220703125 312.649993896484375 311.037506103515625 302.368743896484375 293.32501220703125 281.76251220703125 254.193756103515625 223.0187530517578125 206.318756103515625 205.6999969482421875
290.962493896484375 300.524993896484375 313.41876220703125 326.625 333.649993896484375 328.037506103515625 321.83123779296875 317.17498779296875 312.006256103515625 307.29376220703125 304.83123779296875 301.48126220703125 299.600006103515625 298.03125 297.08123779296875 295.85626220703125 294.662506103515625 293.225006103515625 289.4375 283.256256103515625 276.118743896484375 269.693756103515625 264.743743896484375 262.59375 264.481231689453125 268.806243896484375 272.306243896484375 277.61248779296875 282.40625 287.03125 291.524993896484375 295.899993896484375 305.16876220703125 312.79376220703125 319.66876220703125 321.32501220703125 323.462493896484375 323.79998779296875 316.975006103515625 308.71875 296.943756103515625 275.34375 249.9187469482421875 234.25 226.712493896484375
295.42498779296875 304.76873779296875 316.5 329.462493896484375 335.01873779296875 326.78125 319.25 312.78125 306.35626220703125 302.537506103515625 300.006256103515625 297.70001220703125 297.018768310546875 296.15625 295.57501220703125 295.524993896484375 296.181243896484375 294.95001220703125 293.493743896484375 288.225006103515625 281.15625 274.98748779296875 270.73748779296875 268.32501220703125 268.83123779296875 271.40625 273.95623779296875 277.90625 281.818756103515625 287.21875 292.08123779296875 297.024993896484375 306.73126220703125 316.40625 324.743743896484375 329.118743896484375 334.037506103515625 336.79376220703125 331.056243896484375 322.631256103515625 313.70001220703125 297.443756103515625 278.32501220703125 260.931243896484375 250.4562530517578125
297.756256103515625 304.800018310546875 313.51873779296875 320.34375 321.850006103515625 317.006256103515625 310.868743896484375 304.04376220703125 298.54376220703125 294.54998779296875 292.91876220703125 292.48748779296875 293.32501220703125 293.556243896484375 294.631256103515625 295.431243896484375 294.85626220703125 293.962493896484375 292.881256103515625 289.10626220703125 283.64373779296875 278.3125 273.899993896484375 271.33123779296875 272.42498779296875 273.70001220703125 274.774993896484375 277.774993896484375 281.243743896484375 287.25 292.65625 298.412506103515625 307.625 318.33123779296875 328.712493896484375 336.556243896484375 342.84375 347.3125 343.66876220703125 337.931243896484375 334.256256103515625 324.037506103515625 311.54376220703125 299.16876220703125 291.975006103515625
297.693756103515625 301.09375 305.03125 308.850006103515625 308.8125 304.26251220703125 297.63751220703125 290.743743896484375 285.67498779296875 283.15625 285.181243896484375 286.32501220703125 289.35626220703125 292.64373779296875 293.76873779296875 293.774993896484375 292.38751220703125 292.51251220703125 290.024993896484375 287.04998779296875 282.743743896484375 278.76251220703125 274.962493896484375 272.212493896484375 272.76873779296875 274.25 274.84375 275.95001220703125 279.368743896484375 285.46875 292.149993896484375 298.79376220703125 308.725006103515625 319.82501220703125 331.04998779296875 339.95623779296875 348.01873779296875 354.662506103515625 353.96875 355.57501220703125 355.931243896484375 352.162506103515625 349.212493896484375 349.481231689453125 357.29998779296875
295.95001220703125 296.38751220703125 297.79998779296875 297.993743896484375 295.08123779296875 289.96875 283.756256103515625 276.899993896484375 272.04998779296875 270.34375 273.17498779296875 279.118743896484375 285.493743896484375 289.65625 291.61248779296875 291.212493896484375 290.26873779296875 290.29998779296875 287.375 284.63751220703125 281.0625 277.32501220703125 273.600006103515625 271.28125 271.118743896484375 272.125 273.07501220703125 274.26873779296875 277.64373779296875 283.64373779296875 290.868743896484375 298.9375 309.40625 321.024993896484375 332.212493896484375 341.90625 352.087493896484375 359.29998779296875 364.462493896484375 371.10626220703125 376.95623779296875 379.63751220703125 384.875 395.40625 410.806243896484375
293.01251220703125 291.837493896484375 290.82501220703125 287.943756103515625 283.649993896484375 277.381256103515625 270.149993896484375 262.86248779296875 256.98126220703125 256.10626220703125 261.57501220703125 270.98126220703125 281.84375 289.54376220703125 291.54376220703125 290.818756103515625 288.85626220703125 287.962493896484375 285.662506103515625 281.66876220703125 279.125 274.92498779296875 272.306243896484375 269.662506103515625 268.649993896484375 269.48748779296875 270.21875 271.774993896484375 274.850006103515625 281.51251220703125 289.60626220703125 298.368743896484375 309.537506103515625 321.850006103515625 333.26251220703125 342.912506103515625 353.11248779296875 364.15625 373.6875 382.875 393.443756103515625 400.73748779296875 410.98748779296875 425.681243896484375 439.64373779296875
289.850006103515625 287.42498779296875 284.462493896484375 280.274993896484375 274.475006103515625 267.60626220703125 258.931243896484375 249.962493896484375 242.4562530517578125 239.59375 247.25 261.850006103515625 277.743743896484375 287.899993896484375 290.88751220703125 290.33123779296875 287.931243896484375 286.46875 282.868743896484375 278.20623779296875 275.33123779296875 272.506256103515625 269.100006103515625 266.5 265.875 266.07501220703125 267.04998779296875 268.41876220703125 271.20623779296875 278.743743896484375 287.806243896484375 296.61248779296875 308.20001220703125 319.756256103515625 330.82501220703125 339.78125 351.943756103515625 363.33123779296875 373.26251220703125 383.98748779296875 395.899993896484375 406.431243896484375 417.39373779296875 432.068756103515625 442.58123779296875
286.20001220703125 283.0625 279.212493896484375 274.53125 268.54376220703125 261.350006103515625 252.881256103515625 242.287506103515625 231.3625030517578125 222.8249969482421875 235.1999969482421875 259.837493896484375 277.10626220703125 286.868743896484375 290.243743896484375 289.65625 287.42498779296875 284.806243896484375 281.03125 275.837493896484375 272.20623779296875 268.625 265.15625 262.57501220703125 261.39373779296875 261.71875 262.29998779296875 264.59375 268.068756103515625 276.225006103515625 285.493743896484375 294.63751220703125 305.98748779296875 317.818756103515625 328.29998779296875 338.806243896484375 350.368743896484375 361.350006103515625 370.162506103515625 380.8125 392.625 403.95623779296875 416.07501220703125 430.712493896484375 438.881256103515625
282.181243896484375 279.125 275.42498779296875 270.556243896484375 265.35626220703125 258.0625 250.8000030517578125 241.350006103515625 231.274993896484375 220.0749969482421875 244.9187469482421875 271.649993896484375 283.20001220703125 289.76251220703125 291.64373779296875 290.600006103515625 287.381256103515625 284.45001220703125 279.274993896484375 273.868743896484375 268.506256103515625 264.087493896484375 260.71875 257.993743896484375 256.42498779296875 256.568756103515625 258.431243896484375 260.84375 264.443756103515625 273.48748779296875 282.54998779296875 292.29376220703125 303.556243896484375 315.20001220703125 325.493743896484375 335.89373779296875 346.6875 356.537506103515625 365.837493896484375 375.587493896484375 386.181243896484375 397.51873779296875 409.10626220703125 422.993743896484375 432.693756103515625
278.85626220703125 275.86248779296875 272.931243896484375 269.25 264.51251220703125 258.725006103515625 253.368743896484375 248.78125 247.306243896484375 256.537506103515625 285.600006103515625 291.381256103515625 292.73748779296875 295.350006103515625 295.61248779296875 294.10626220703125 290.712493896484375 285.85626220703125 279.70001220703125 273.04998779296875 266.23126220703125 260.212493896484375 256.131256103515625 253.693756103515625 252.7062530517578125 253.0625 254.881256103515625 258.056243896484375 262.131256103515625 271.068756103515625 280.70001220703125 288.83123779296875 299.16876220703125 309.65625 320.587493896484375 330.15625 339.59375 348.60626220703125 356.45001220703125 364.5625 374.412506103515625 383.32501220703125 392.5625 403.368743896484375 410.95623779296875
277.01251220703125 274.10626220703125 271.65625 268.76251220703125 265.375 262.20001220703125 259.71875 260 263.537506103515625 274.318756103515625 291.01873779296875 298.40625 299.33123779296875 300.65625 300.73748779296875 298.58123779296875 294.65625 289.306243896484375 281.225006103515625 272.96875 263.23748779296875 255.1374969482421875 249.7624969482421875 247.006256103515625 247.306243896484375 248.875 252.0187530517578125 256.03125 260.38751220703125 269.274993896484375 277.6875 286.45623779296875 296.387481689453125 305.693756103515625 314.85626220703125 322.40625 331.274993896484375 338.95001220703125 345.412506103515625 351.57501220703125 358.774993896484375 366.21875 374.1875 382.63751220703125 389.26251220703125
