data/historical-monthly-weather-data/wc2.1_cruts4.09_10m_prec_2020-01.asc
ncols        45
nrows        45
xllcorner    -63.500000000000
yllcorner    -7.500000000000
cellsize     0.166666666667
NODATA_value -9999
[rows 0 to 19 of 45, columns 0 to 44 of 45]
44.5625 40.1875 37.55625152587890625 35.924999237060546875 34.33750152587890625 35.4375 36.41249847412109375 37.02500152587890625 39.387500762939453125 42.450000762939453125 46.112499237060546875 50.94374847412109375 55.5 58.625 62.918750762939453125 68.08750152587890625 73.13124847412109375 75.8125 81.8000030517578125 87.81874847412109375 93.69374847412109375 100.65625 107.96250152587890625 114.78749847412109375 123.2624969482421875 131.2062530517578125 138.756256103515625 147.462493896484375 156.71875 161.8937530517578125 167.131256103515625 172.2312469482421875 174.15625 177.2312469482421875 178.506256103515625 177.71875 173.943756103515625 168.7312469482421875 162.475006103515625 155.399993896484375 147.5187530517578125 139.475006103515625 130.5749969482421875 122.21875 116.28125
46.612499237060546875 41.74375152587890625 39.299999237060546875 37.450000762939453125 36.27500152587890625 38.09999847412109375 39.84375 41.887500762939453125 45.91249847412109375 50.21875 54.36875152587890625 59.19374847412109375 63.568752288818359375 67.86875152587890625 72.1687469482421875 76.6437530517578125 81.06874847412109375 85.6062469482421875 92.19374847412109375 100.09999847412109375 107.6750030517578125 115.46875 124.19374847412109375 133.131256103515625 141.53125 149.962493896484375 158.350006103515625 166.8874969482421875 175.0749969482421875 179.9812469482421875 183.493743896484375 186.1125030517578125 185.9375 187.9375 186.524993896484375 181.181243896484375 176.7687530517578125 169.068756103515625 159.962493896484375 150.5500030517578125 141.2062530517578125 131.587493896484375 120.7312469482421875 111.06874847412109375 104.1374969482421875
49.6875 44.950000762939453125 43.200000762939453125 42.200000762939453125 42.018749237060546875 45.19374847412109375 48.75624847412109375 52.69374847412109375 58.03749847412109375 63.46875 68.3000030517578125 72.99375152587890625 77.46875 81.1875 84.97499847412109375 88.30625152587890625 92.2375030517578125 96.875 103.05625152587890625 111.99375152587890625 121.3125 131.756256103515625 142.100006103515625 151.7624969482421875 161.3874969482421875 170.756256103515625 179.6312408447265625 188.2624969482421875 195.0625 197.5187530517578125 200.5749969482421875 202.318756103515625 201.306243896484375 197.4812469482421875 195.0500030517578125 187.8874969482421875 181.0437469482421875 172.693756103515625 161.631256103515625 149.71875 138.9562530517578125 128.087493896484375 116.86875152587890625 106.41249847412109375 98.6437530517578125
52.65000152587890625 48.16249847412109375 47.987499237060546875 48.16249847412109375 49.47499847412109375 53.543750762939453125 59.28749847412109375 65.77500152587890625 73.16249847412109375 80.3625030517578125 85.4187469482421875 89.56874847412109375 93.3562469482421875 96.59999847412109375 99.84999847412109375 102.40000152587890625 104.875 108.05625152587890625 114.6125030517578125 125.3562469482421875 137.9187469482421875 150.3937530517578125 160.6687469482421875 172.3874969482421875 183.9250030517578125 194.850006103515625 204.306243896484375 210.8000030517578125 216.9812469482421875 218.3312530517578125 219.100006103515625 220.412506103515625 216.0187530517578125 209.5437469482421875 202.6437530517578125 195.2687530517578125 185.875 176.131256103515625 163.587493896484375 150.53125 136.7312469482421875 125.5812530517578125 113.8874969482421875 102.4812469482421875 94.7687530517578125
57.75 52.59999847412109375 52.93125152587890625 54.674999237060546875 57.262500762939453125 63.512500762939453125 70.69374847412109375 79.4875030517578125 89.49375152587890625 98.8125 103.77500152587890625 107.33750152587890625 111.1750030517578125 114.5 117.0812530517578125 118.68125152587890625 119.7062530517578125 120.40000152587890625 128.4875030517578125 141.868743896484375 157.4499969482421875 170.9812469482421875 182.90625 195.34375 207.875 221.524993896484375 227.9187469482421875 233.9250030517578125 242.1437530517578125 241.306243896484375 240.0500030517578125 235.8874969482421875 230.2312469482421875 222.412506103515625 212.899993896484375 203.306243896484375 193.4250030517578125 180.493743896484375 166.21875 150.943756103515625 136.6125030517578125 123.9562530517578125 111.96875 99.84375 92.06874847412109375
63.18125152587890625 58.799999237060546875 60.40625 63.137500762939453125 66.9812469482421875 74.2687530517578125 82.6062469482421875 91.86875152587890625 102.66249847412109375 113.3000030517578125 118.4562530517578125 123.03749847412109375 127.30625152587890625 131.462493896484375 133.8625030517578125 137.193756103515625 138.212493896484375 139.0812530517578125 149.806243896484375 164.631256103515625 180.006256103515625 193.443756103515625 207.0124969482421875 218.431243896484375 231.5625 244.8562469482421875 251.65625 256.899993896484375 263.64373779296875 262.76251220703125 258.8125 253.443756103515625 243.3625030517578125 233.899993896484375 225.100006103515625 214.5500030517578125 203.90625 191.524993896484375 176.40625 160.7624969482421875 144.0625 131.131256103515625 118.1062469482421875 105.7062530517578125 98.05625152587890625
69.0625 65.41249847412109375 68.65000152587890625 72.4250030517578125 77.0124969482421875 84.18125152587890625 92.75 101.91249847412109375 111.625 120.71250152587890625 129.568756103515625 136.7687530517578125 143.9375 149.9562530517578125 154.3000030517578125 159.3937530517578125 164.625 172.443756103515625 184.2937469482421875 195.71875 205.96875 218.8187408447265625 229.912506103515625 241.6374969482421875 255.625 267.868743896484375 274.337493896484375 279.993743896484375 284.524993896484375 281.70001220703125 278.287506103515625 271.46875 258.725006103515625 245.9250030517578125 234.25 225.306243896484375 214.8937530517578125 203.4250030517578125 189.125 171.2624969482421875 153 139.225006103515625 125.75 113.05625152587890625 105.49375152587890625
75.8937530517578125 72.08750152587890625 76.59375 82.2312469482421875 87.9562530517578125 95.78749847412109375 103.5124969482421875 109.9562530517578125 116.96875 127.66249847412109375 140.475006103515625 151.3249969482421875 161.600006103515625 169.193756103515625 176.25 183.7062530517578125 193.149993896484375 206.4875030517578125 222.8874969482421875 229.2375030517578125 233.868743896484375 243.625 253.993743896484375 266.16876220703125 280.806243896484375 292.3125 297.26251220703125 301.88751220703125 307.64373779296875 303.9375 296.85626220703125 288.681243896484375 273.6875 258.51251220703125 244.493743896484375 235.3625030517578125 225.7937469482421875 214.8000030517578125 199.243743896484375 181.75 163.524993896484375 149.1999969482421875 135.21875 121.77500152587890625 115.08750152587890625
83.5437469482421875 80.55625152587890625 86.125 92.3249969482421875 99.1875 106.79999542236328125 114.28749847412109375 120.78125 126.1875 135.5625 152.3625030517578125 166.09375 179.1062469482421875 188.587493896484375 196.96875 205.443756103515625 215.59375 230.1750030517578125 246.256256103515625 251.3874969482421875 253.5749969482421875 263.306243896484375 273.162506103515625 288.79376220703125 303.181243896484375 314.17498779296875 318.67498779296875 321.23126220703125 326.45001220703125 322.425018310546875 315.212493896484375 303.64373779296875 287.73748779296875 270.51873779296875 255.0812530517578125 245.2062530517578125 236.743743896484375 226.1062469482421875 210.8937530517578125 194.0437469482421875 175.9375 161.100006103515625 147.8937530517578125 135.0124969482421875 128.5
91.6374969482421875 89.65625 95.6437530517578125 102.9562530517578125 110.84999847412109375 119.3312530517578125 127.4375 135.5 143.7687530517578125 155.850006103515625 171.475006103515625 185.662506103515625 198.943756103515625 209.4625091552734375 218.162506103515625 226.7624969482421875 235.287506103515625 246.65625 257.149993896484375 263.875 267.95001220703125 278.443756103515625 290.649993896484375 309.568756103515625 322.70001220703125 332.46875 336.475006103515625 339.412506103515625 342.493743896484375 337.181243896484375 328.118743896484375 316.34375 300.32501220703125 283.09375 267.10626220703125 256.38751220703125 247.2312469482421875 237.212493896484375 222.4562530517578125 206.337493896484375 190.068756103515625 175.2937469482421875 161.4375 147.6374969482421875 142.287506103515625
100.8249969482421875 99.9375 106.40000152587890625 114.4375 122.8000030517578125 132.3562469482421875 141.8937530517578125 152.78125 163.8562469482421875 177.7687530517578125 195.131256103515625 209.8125 221.2375030517578125 230.899993896484375 238.6437530517578125 245.712493896484375 251.7062530517578125 259.48748779296875 266.056243896484375 271.23126220703125 279.149993896484375 290.350006103515625 307.225006103515625 324.568756103515625 342.162506103515625 349.837493896484375 352.118743896484375 354.625 356.600006103515625 347.8125 337.887481689453125 326.693756103515625 311.162506103515625 294.09375 277.39373779296875 267.64373779296875 258.212493896484375 247.25 233.993743896484375 219.3312530517578125 203.6750030517578125 187.962493896484375 173.881256103515625 160.21875 155.537506103515625
110.4499969482421875 110.2624969482421875 117.55625152587890625 126.875 136.2375030517578125 146.131256103515625 157.1437530517578125 170.850006103515625 184.212493896484375 199.3125 218.15625 235.368743896484375 244.850006103515625 252.2687530517578125 259.162506103515625 263.962493896484375 268.899993896484375 272.443756103515625 276.90625 279.32501220703125 285.5625 298.07501220703125 319.09375 342.287506103515625 357.287506103515625 359.60626220703125 360.837493896484375 362.41876220703125 364.91876220703125 358.32501220703125 348.53125 336.587493896484375 321.231231689453125 304.1875 287.693756103515625 277.993743896484375 268.67498779296875 257.40625 244.5500030517578125 230.96875 215.875 199.84375 183.3874969482421875 168.493743896484375 162.587493896484375
121.2062530517578125 122.13124847412109375 130.368743896484375 140.162506103515625 150.256256103515625 162.0500030517578125 174.287506103515625 188.2562408447265625 203.15625 220.0625 239.587493896484375 257.443756103515625 267.33123779296875 271.11248779296875 277.35626220703125 281.86248779296875 284.943756103515625 288.73748779296875 291.125 291.14373779296875 290.118743896484375 304.556243896484375 328.806243896484375 347.993743896484375 354.5 357.774993896484375 364.6875 370.5625 373.368743896484375 367.91876220703125 358.66876220703125 346.462493896484375 330.087493896484375 312.84375 296.331268310546875 286.57501220703125 276.64373779296875 265.40625 252.59375 239.587493896484375 226.1999969482421875 209.34375 188.9499969482421875 171.0749969482421875 164.1125030517578125
131.756256103515625 134.03125 143.006256103515625 153.631256103515625 164.818756103515625 176.40625 189.743743896484375 206.0625 221.931243896484375 239.649993896484375 257.5 273.306243896484375 282.193756103515625 288.33123779296875 292.881256103515625 298.63751220703125 300.98748779296875 305.29998779296875 306.693756103515625 307.462493896484375 309.743743896484375 322.100006103515625 338.75 353.068756103515625 357.98126220703125 364.024993896484375 371.01251220703125 376.931243896484375 382.41876220703125 376.82501220703125 368.01251220703125 356.100006103515625 338.73126220703125 320.11248779296875 304.068756103515625 293.725006103515625 284.1875 273.850006103515625 260.243743896484375 245.9375 230.431243896484375 208.2312469482421875 189.1875 174.556243896484375 169.568756103515625
143.443756103515625 146.3874969482421875 156.0437469482421875 167.125 179.524993896484375 192.0625 206.7937469482421875 222.899993896484375 238.6437530517578125 255.21875 273.04998779296875 287.73126220703125 298.118743896484375 305.837493896484375 310.67498779296875 315.912506103515625 318.5 321.274993896484375 323.98748779296875 327.787506103515625 332.243743896484375 340.11248779296875 353.118743896484375 362.412506103515625 370.23126220703125 377.01873779296875 382.01873779296875 388.162506103515625 392.39373779296875 388.131256103515625 378.60626220703125 364.70001220703125 348.39373779296875 328.318756103515625 310.86248779296875 299.518768310546875 290.931243896484375 281.993743896484375 266.98126220703125 245.306243896484375 221.743743896484375 203.743743896484375 190.443756103515625 178.506256103515625 171.9875030517578125
155.0124969482421875 158.3249969482421875 168.524993896484375 180.037506103515625 193.162506103515625 206.375 221.78125 237.962493896484375 252.9187469482421875 269.837493896484375 287.506256103515625 302.693756103515625 314.45001220703125 323.256256103515625 329.65625 331.556243896484375 335.287506103515625 338.86248779296875 341.33123779296875 346.34375 354.04376220703125 361.881256103515625 371.5625 377.82501220703125 383.4375 389.07501220703125 392.04998779296875 399.274993896484375 404.84375 401.868743896484375 392.375 376.881256103515625 355.01251220703125 333.618743896484375 314.40625 305.86248779296875 298.11248779296875 288.056243896484375 270.76251220703125 245.4187469482421875 217.618743896484375 201.725006103515625 191.3562469482421875 179.7937469482421875 173.84375
165.7062530517578125 169.8125 179.787506103515625 191.96875 206.037506103515625 219.712493896484375 235.7375030517578125 252.0437469482421875 267.21875 283.34375 301.60626220703125 318.524993896484375 331.48748779296875 341.368743896484375 348.73748779296875 351.8125 348.649993896484375 351.78125 357.381256103515625 366.45001220703125 374.024993896484375 382.662506103515625 390.45001220703125 392.993743896484375 397.881256103515625 400.17498779296875 401.100006103515625 408.04998779296875 416.5 415.82501220703125 408.23126220703125 391.693756103515625 365.54376220703125 339.63751220703125 322.399993896484375 314.256256103515625 305.368743896484375 297.037506103515625 282.649993896484375 252.6875 223.84375 206.556243896484375 193.125 181.631256103515625 175.7687530517578125
177.3562469482421875 181.65625 191.443756103515625 204.1062469482421875 217.743743896484375 232.0749969482421875 248.162506103515625 264.45623779296875 279.96875 297.04998779296875 314.3125 334.73748779296875 350.368743896484375 361.850006103515625 369.07501220703125 370.23748779296875 366.20623779296875 363.806243896484375 374.431243896484375 384.79998779296875 394.487518310546875 401.9375 407.71875 407.66876220703125 408.64373779296875 409.92498779296875 407.51873779296875 416.881256103515625 429.08123779296875 431.337493896484375 421.8125 395.443756103515625 368.600006103515625 345.57501220703125 326.98126220703125 318.48126220703125 313.412506103515625 305.3125 286.6875 261.087493896484375 231.5 210.9937591552734375 195.225006103515625 182.71875 176.7375030517578125
187.118743896484375 191.774993896484375 201.8125 215.087493896484375 229.306243896484375 243.8000030517578125 258.42498779296875 275.51873779296875 292.15625 309.90625 327.60626220703125 346.743743896484375 366.03125 383.868743896484375 389.337493896484375 386.149993896484375 379.3125 375.662506103515625 381.118743896484375 395.48126220703125 409.83123779296875 419.91876220703125 417.23126220703125 418.287506103515625 417.881256103515625 419.318756103515625 421.01251220703125 427.118743896484375 439.681243896484375 443.60626220703125 436.01251220703125 404.337493896484375 372.850006103515625 342.78125 322.40625 318.32501220703125 316.20001220703125 308.149993896484375 291.79998779296875 266.61248779296875 238.225006103515625 215.287506103515625 197.3937530517578125 184.056243896484375 177.78125
195.9000091552734375 200.7062530517578125 210.78125 222.9250030517578125 237.631256103515625 253.649993896484375 268.95001220703125 284.85626220703125 301.875 319.993743896484375 337.375 357.850006103515625 382.399993896484375 407.287506103515625 407.20001220703125 395.04376220703125 384.125 385.649993896484375 392.306243896484375 404.98748779296875 414.54376220703125 418.89373779296875 423.46875 423.29998779296875 423.25 426.54376220703125 428.5 435.243743896484375 441.03125 438.63751220703125 427.58123779296875 400.725006103515625 367.38751220703125 333.837493896484375 311.756256103515625 311.28125 317.537506103515625 317.056243896484375 300.962493896484375 276.0625 246.6125030517578125 220.1437530517578125 201.7937469482421875 187.0749969482421875 180.1125030517578125
