data/historical-monthly-weather-data/wc2.1_cruts4.09_10m_prec_1954-09.asc
ncols        51
nrows        45
xllcorner    -63.500000000000
yllcorner    -7.500000000000
cellsize     0.166666666667
NODATA_value -9999
[rows 19 to 37 of 45, columns 0 to 43 of 51]
85.80625152587890625 85.0500030517578125 84.15000152587890625 84.1687469482421875 84.4499969482421875 85.55625152587890625 85.78749847412109375 85.3625030517578125 86.0437469482421875 85.31874847412109375 83.50624847412109375 78.9499969482421875 73.53125 68.26250457763671875 63.75624847412109375 60.36875152587890625 56.28125 55.46875 53.768749237060546875 54.58750152587890625 54.8125 56.05625152587890625 59.862499237060546875 63.381252288818359375 65.81874847412109375 66.16249847412109375 65.90000152587890625 65.6062469482421875 62.418750762939453125 58.81874847412109375 57.206249237060546875 63.25624847412109375 67.97499847412109375 74.25 78.00624847412109375 74.2687530517578125 69.6374969482421875 65.84375 61.77500152587890625 55.96250152587890625 48.65625 41.46250152587890625 38.512500762939453125 37.19374847412109375
80.15625 80.25624847412109375 80.47499847412109375 80.91249847412109375 81.3562469482421875 82.02500152587890625 82.8874969482421875 83.24375152587890625 84.65625 84.9250030517578125 83.3874969482421875 79.9499969482421875 74.84999847412109375 68.9875030517578125 64.94374847412109375 60.262500762939453125 56.262500762939453125 54.049999237060546875 54.125 53.25624847412109375 55.31874847412109375 58.02500152587890625 60.75624847412109375 64.3125 67.93125152587890625 69.2312469482421875 68.5812530517578125 66.9875030517578125 65.3249969482421875 65.76250457763671875 66.8937530517578125 72.1125030517578125 77.5 85.00624847412109375 93.14374542236328125 85.8125 74.8562469482421875 67.4499969482421875 61.36875152587890625 55.68125152587890625 50.200000762939453125 44.99375152587890625 41.893749237060546875 40.21875
75.7687530517578125 75.0749969482421875 75.5625 76.4250030517578125 77.90000152587890625 79.49375152587890625 80.4812469482421875 81.8874969482421875 83.6374969482421875 84.4562530517578125 83.71875 81.25 77.8312530517578125 72.9812469482421875 68.4187469482421875 62.924999237060546875 58.81874847412109375 56.30625152587890625 56.018749237060546875 55.1875 55.41249847412109375 57.668750762939453125 60.27500152587890625 63.75 66.8625030517578125 69.2312469482421875 71.25624847412109375 70.66875457763671875 71.5 73.125 74.88124847412109375 78.5437469482421875 82.94374847412109375 88.71875 90.47499847412109375 84.93125152587890625 75.0812530517578125 67.9499969482421875 61.731250762939453125 56.94374847412109375 52.924999237060546875 49.30625152587890625 47.168750762939453125 45.36875152587890625
72.03125 72.2062530517578125 72.28125 73.44374847412109375 74.96875 76.7312469482421875 78.5749969482421875 80.47499847412109375 83.30625152587890625 84.09375 85.09999847412109375 83.8625030517578125 82.63124847412109375 78.77500152587890625 72.4375 66.47499847412109375 61.418750762939453125 59.16249847412109375 57.637500762939453125 56.668750762939453125 56.90000152587890625 58.643749237060546875 60.41249847412109375 62.956249237060546875 66.72499847412109375 69.4875030517578125 71.65000152587890625 74.0625 75.4875030517578125 77.0124969482421875 79.91249847412109375 83.9812469482421875 86.30625152587890625 88.11875152587890625 86.66249847412109375 79.5749969482421875 72.7312469482421875 66.69374847412109375 61.93125152587890625 59.15000152587890625 57.106250762939453125 54.25 52.27500152587890625 50.46250152587890625
69.8125 69.1125030517578125 69.71875 70.5 71.53125 74.1999969482421875 76.52500152587890625 78.49375152587890625 81.30625152587890625 82.7687530517578125 83.8249969482421875 84.96250152587890625 86.2312469482421875 82.625 75.5 69.0625 64.06874847412109375 61.69374847412109375 60.09999847412109375 58.55625152587890625 58.706249237060546875 59.5625 61.58750152587890625 64.36875152587890625 67.5812530517578125 69.75 71.94374847412109375 74.5625 78.0437469482421875 80.43125152587890625 83.2312469482421875 87.2062530517578125 87.88124847412109375 87.84375 85.81874847412109375 78.41875457763671875 73.1125030517578125 69.22499847412109375 65.46875 63.956249237060546875 62.15625 59.68125152587890625 58.25 56.637500762939453125
68.56874847412109375 67.3562469482421875 67.3937530517578125 67.8625030517578125 70.71250152587890625 72.9375 74.90000152587890625 76.9562530517578125 79.3625030517578125 81.46875 83.09999847412109375 83.68125152587890625 84.1750030517578125 82.1125030517578125 76.6437530517578125 70.7375030517578125 66.22499847412109375 63.518749237060546875 61.63124847412109375 60.5 60.71250152587890625 61.125 63.418750762939453125 66.38124847412109375 68.3874969482421875 71.50624847412109375 73.84999847412109375 76.8625030517578125 80.4375 83.5187530517578125 86.11875152587890625 89.2375030517578125 90.4812469482421875 89.75624847412109375 86.9250030517578125 81.06874847412109375 77.6374969482421875 74.53749847412109375 71.0749969482421875 69.25 67.49375152587890625 65.86875152587890625 64.65625 64.50624847412109375
68.75624847412109375 68.2312469482421875 67.2062530517578125 68.13124847412109375 69.56874847412109375 71.4375 73.6062469482421875 75.46875 77.63124847412109375 79.9375 80.8625030517578125 81.7312469482421875 82.02500152587890625 80.44374847412109375 76.38124847412109375 71.6999969482421875 67.43125152587890625 65.24375152587890625 63.30625152587890625 62.012500762939453125 62.18125152587890625 62.450000762939453125 64.75624847412109375 67.9499969482421875 70.3625030517578125 72.7937469482421875 76.34375 80.38124847412109375 83.6374969482421875 86.83750152587890625 89.46250152587890625 92.88124847412109375 92.4812469482421875 91.49375152587890625 89.98749542236328125 87.23749542236328125 83.75624847412109375 81.0749969482421875 78.78125 76.3125 75 72.8937530517578125 71.5124969482421875 71.78125
69.90625 68.4375 67.7687530517578125 68.46875 69.11875152587890625 70.91249847412109375 72.53749847412109375 73.8000030517578125 75.18125152587890625 77.3625030517578125 79.2062530517578125 80.46875 80.6875 79.96875 76.72499847412109375 72.74375152587890625 69.61875152587890625 67.0500030517578125 65.2375030517578125 63.899997711181640625 64.28125 64.4875030517578125 66.3000030517578125 70.6875 72.9875030517578125 75.84999847412109375 79.625 83.00624847412109375 86.53749847412109375 89.46875 92.03749847412109375 94.3874969482421875 95.91249847412109375 95.71250152587890625 94.25624847412109375 92.9187469482421875 91.15000152587890625 88.7624969482421875 86.5812530517578125 84.50624847412109375 82.30625152587890625 80.25 78.88124847412109375 77.3937530517578125
70.9499969482421875 69.33750152587890625 68.9250030517578125 68.55625152587890625 69.16249847412109375 70.27500152587890625 71.6875 72.80625152587890625 73.77500152587890625 75.9812469482421875 77.59999847412109375 78.96875 79.7062530517578125 80.18125152587890625 77.2062530517578125 73.84375 70.86875152587890625 68.6374969482421875 66.90000152587890625 66.0812530517578125 66.2624969482421875 66.75624847412109375 68.43125152587890625 72.50624847412109375 76.0437469482421875 78.84375 82.46250152587890625 86.05625152587890625 89.65000152587890625 93.0625 94.75624847412109375 97.1437530517578125 99.5812530517578125 99.90000152587890625 99.7937469482421875 99.0124969482421875 99.36875152587890625 98.5625 96.3937530517578125 94.03749847412109375 91.7375030517578125 89.34375 85.4375 83.91249847412109375
72.44374847412109375 70.4375 69.21875 68.46250152587890625 68.47499847412109375 69.08750152587890625 70.0625 71.30625152587890625 72.65000152587890625 74.38124847412109375 75.84375 77.21250152587890625 79.22499847412109375 79.6750030517578125 77.1374969482421875 75.36875152587890625 73.79999542236328125 70.15625 68.34375 67.71250152587890625 68.3125 69.2062530517578125 71.08750152587890625 75.3312530517578125 78.31874847412109375 81.86875152587890625 85.5749969482421875 89.83750152587890625 94.46875 96.46875 97.5749969482421875 99.69374847412109375 101.91249847412109375 103.77500152587890625 106.16249847412109375 106.0500030517578125 108.13124847412109375 109.24375152587890625 107.8125 105.1750030517578125 100.1374969482421875 95.3249969482421875 92.3312530517578125 90.9562530517578125
75.06874847412109375 72.625 70.22499847412109375 68.80625152587890625 68.1687469482421875 68.8000030517578125 69.72499847412109375 70.77500152587890625 72.0124969482421875 73.36875152587890625 74.7312469482421875 76.94374847412109375 78.9812469482421875 80.0187530517578125 79 77.0812530517578125 75.14374542236328125 72.8625030517578125 70.54999542236328125 69.7937469482421875 70.8562469482421875 72.3625030517578125 73.7312469482421875 77.40000152587890625 81.4499969482421875 85.8562469482421875 89.21250152587890625 92.8312530517578125 96.3000030517578125 99.05625152587890625 101.55625152587890625 104.15000152587890625 106.3249969482421875 108.8312530517578125 112.27500152587890625 113.99375152587890625 117.46250152587890625 121.2937469482421875 118.34375 118.1125030517578125 115 108.8249969482421875 103.5187530517578125 101.31874847412109375
76.50624847412109375 73.8249969482421875 71.84375 69.40625 68.5625 69.2375030517578125 69.3937530517578125 70.1062469482421875 71.56874847412109375 73.1875 74.49375152587890625 76.65000152587890625 80.21875 81.34375 80.34999847412109375 78.84999847412109375 78.1750030517578125 76.1687469482421875 73.84375 73.59999847412109375 74.49375152587890625 76.33750152587890625 78 81.25 84.86875152587890625 89.3625030517578125 92.6062469482421875 95.83750152587890625 99.2687530517578125 100.88124847412109375 104.46250152587890625 107.84999847412109375 110.4187469482421875 115.24375152587890625 119.58750152587890625 121.18125152587890625 125.9812469482421875 131.962493896484375 132.2624969482421875 132.3625030517578125 129.375 122.0812530517578125 115.5625 111.69374847412109375
78.65000152587890625 74.8125 72.27500152587890625 70.21875 69.73125457763671875 69.59999847412109375 69.7624969482421875 70.3312530517578125 71.9875030517578125 73.3125 74.9562530517578125 77.13124847412109375 79.4875030517578125 82.0187530517578125 82.4875030517578125 82.90000152587890625 82.1125030517578125 80.43125152587890625 79.15000152587890625 79.46250152587890625 80.6125030517578125 80.81874847412109375 82.46875 85.08750152587890625 89.8125 92.58750152587890625 95.09999847412109375 99.2624969482421875 102.4499969482421875 104.5812530517578125 108.18125152587890625 110.7624969482421875 114.59999847412109375 119.80625152587890625 124.56874847412109375 127.3000030517578125 132.84375 138.368743896484375 140.1125030517578125 141.600006103515625 141.0187530517578125 133.7624969482421875 127.55625152587890625 122.49375152587890625
80.41249847412109375 77.1687469482421875 74.25 72.34999847412109375 71.54375457763671875 71.4875030517578125 71.84999847412109375 71.8125 73.1687469482421875 74.09375 77.5187530517578125 79.00624847412109375 81.7375030517578125 85.875 86.90625 88.50624847412109375 88.86875152587890625 88.66249847412109375 87.6437530517578125 87.8874969482421875 88.03749847412109375 87.84999847412109375 87.78125 90.0500030517578125 93.78125 95.6687469482421875 98.09999847412109375 101.72499847412109375 104.9875030517578125 108.80625152587890625 111.86875152587890625 115.1062469482421875 118.5437469482421875 123.95624542236328125 129.84375 133.056243896484375 137.818756103515625 141.6125030517578125 144.274993896484375 148.162506103515625 149.100006103515625 143.75 139.2375030517578125 134.4499969482421875
81.46875 79.03125 76.8937530517578125 74.9875030517578125 73.66249847412109375 73.4875030517578125 73.94374847412109375 73.9250030517578125 74.6125030517578125 76.1374969482421875 78.29999542236328125 81.96875 84.9375 87.71250152587890625 90.7624969482421875 93.3562469482421875 96.25624847412109375 96.9187469482421875 96.9812469482421875 97.2375030517578125 96.74375152587890625 95.28125 94.1750030517578125 94.90625 96.6750030517578125 97.94374847412109375 100.24375152587890625 103.6687469482421875 106.5625 110.59999847412109375 114.78749847412109375 118.80625152587890625 122.85625457763671875 127.875 133.9375 139.7624969482421875 142.899993896484375 146.225006103515625 149.9937591552734375 152.9499969482421875 154.568756103515625 153.3000030517578125 151.631256103515625 148.3562469482421875
83.1875 81.06874847412109375 79.28125 77.97499847412109375 76.75 76.02500152587890625 76.52500152587890625 76.4562530517578125 76.41249847412109375 77.9187469482421875 80.7937469482421875 85.3312530517578125 88.6875 92.00624847412109375 95.8874969482421875 100.0749969482421875 103.75 104.5187530517578125 106.625 106.72499847412109375 106.1437530517578125 103.6750030517578125 100.4375 99.5625 99.08750152587890625 100.40625 103.0437469482421875 105.5812530517578125 108.3000030517578125 112.2312469482421875 116.7312469482421875 120.59999847412109375 125.3625030517578125 130.9375 136.306243896484375 140.6687469482421875 145.350006103515625 151.287506103515625 154.3312530517578125 158.3937530517578125 158.5124969482421875 157.4375 158.9875030517578125 156.712493896484375
85.3562469482421875 83.1062469482421875 81.9250030517578125 80.8625030517578125 79.80625152587890625 79.4875030517578125 79.05625152587890625 79.6374969482421875 79.96875 81.05625152587890625 84.2375030517578125 88.72499847412109375 93.5187530517578125 97.93125152587890625 102.1437530517578125 106.96875 110.8312530517578125 112.9187469482421875 115.33750152587890625 117.0749969482421875 114.53749847412109375 111.05625152587890625 106.00624847412109375 103.38124847412109375 102.3874969482421875 102.4812469482421875 104.05625152587890625 106.5437469482421875 109.24375152587890625 112.8312530517578125 117.5437469482421875 122.02500152587890625 126.00624847412109375 131.5437469482421875 136.6750030517578125 139.9187469482421875 146.587493896484375 151.318756103515625 154.3000030517578125 157.587493896484375 160.118743896484375 159.25 159.287506103515625 158.868743896484375
87.5124969482421875 85.68125152587890625 84.46875 83.24375152587890625 83.09999847412109375 82.83750152587890625 82.8562469482421875 83.1125030517578125 83.91249847412109375 84.22499847412109375 88.40625 96.0187530517578125 101.13124847412109375 105.3625030517578125 110.06874847412109375 114.2062530517578125 118.58750152587890625 119.7937469482421875 121.36875152587890625 122.4875030517578125 120.8125 115.18125152587890625 109.83750152587890625 105.96250152587890625 104.13124847412109375 103.77500152587890625 104.5124969482421875 106.19374847412109375 108.68125152587890625 112.84375 117.34999847412109375 122.18125152587890625 127.0625 132.524993896484375 137.5437469482421875 141.65625 146.96875 152.3000030517578125 154.149993896484375 156.1750030517578125 158.3125 157.587493896484375 159.2062530517578125 160.40625
89.08750152587890625 87.97499847412109375 87.1437530517578125 85.875 86.1062469482421875 86.53125 87.0124969482421875 87.8874969482421875 89.4375 90.03749847412109375 99.7624969482421875 106.9250030517578125 110.4562530517578125 113.6750030517578125 117.80625152587890625 122.08750152587890625 124.2624969482421875 125.25 124.8625030517578125 124.02500152587890625 122.5500030517578125 117.1875 112.09999847412109375 107.59999847412109375 104.7687530517578125 103.3874969482421875 104.58750152587890625 106.33750152587890625 108.58750152587890625 112.90000152587890625 115.7375030517578125 120.24375152587890625 125.46875 132.5187530517578125 138.15625 139.912506103515625 144.712493896484375 149.306243896484375 153.568756103515625 156.3937530517578125 156.243743896484375 158.787506103515625 157.850006103515625 158.2062530517578125
