data/historical-monthly-weather-data/wc2.1_cruts4.09_10m_prec_1972-03.asc
ncols        45
nrows        45
xllcorner    -63.500000000000
yllcorner    -7.500000000000
cellsize     0.166666666667
NODATA_value -9999
[rows 0 to 19 of 45, columns 0 to 43 of 45]
254.212493896484375 257.568756103515625 251.9499969482421875 252.2624969482421875 249.3937530517578125 242.899993896484375 231.7687530517578125 220.4187469482421875 208.7687530517578125 201.068756103515625 197.4187469482421875 195.287506103515625 193.3312530517578125 188.9250030517578125 186.71875 184.5749969482421875 184.743743896484375 182.6875 183.25 183.399993896484375 184.462493896484375 184.5500030517578125 185.75 188.181243896484375 192.96875 198.3312530517578125 207.3625030517578125 220.256256103515625 232.5187530517578125 241.3249969482421875 254.149993896484375 264.57501220703125 276.399993896484375 290.89373779296875 304.59375 315.431243896484375 324.51873779296875 333.98748779296875 342.46875 348.943756103515625 355.70623779296875 361.48126220703125 365.29376220703125 370.0625
267.0625 272.087493896484375 274.20623779296875 276.875 277.60626220703125 269.89373779296875 257.662506103515625 246.725006103515625 236.931243896484375 228.193756103515625 222.368743896484375 217.431243896484375 212.774993896484375 207.03125 202.96875 199.6875 198.006256103515625 197.649993896484375 197.625 197.7687530517578125 198.118743896484375 198.09375 199.3000030517578125 201.556243896484375 204.6999969482421875 209.068756103515625 217.4000091552734375 229.9187469482421875 240.9562530517578125 249.6125030517578125 260.03125 272.050018310546875 282.42498779296875 298.04998779296875 309.63751220703125 321.01251220703125 331.787506103515625 341.09375 348.818756103515625 354.212493896484375 361.225006103515625 366.34375 369.662506103515625 373.51873779296875
273.875 280.712493896484375 284.95001220703125 288.524993896484375 288.806243896484375 281.98748779296875 274.5 267.48126220703125 258.90625 251.274993896484375 242.5124969482421875 235.006256103515625 229.068756103515625 222.600006103515625 217.7312469482421875 214.6750030517578125 212.037506103515625 211.3312530517578125 210.006256103515625 209.09375 208.96875 208.8312530517578125 208.2687530517578125 210.71875 213.818756103515625 216.618743896484375 225.087493896484375 236.8937530517578125 246.65625 254.4812469482421875 265.375 276.91876220703125 289.01251220703125 302.41876220703125 317.84375 328.087493896484375 340.63751220703125 353.556243896484375 361.41876220703125 368.818756103515625 375.92498779296875 379.537506103515625 381.625 383.26251220703125
276.91876220703125 286.256256103515625 294.006256103515625 297.037506103515625 297.631256103515625 291.79376220703125 287.32501220703125 283.9375 279.14373779296875 272.39373779296875 262.21875 251.7062530517578125 242.9250030517578125 235.287506103515625 230.6687469482421875 227.181243896484375 225.6125030517578125 224.631256103515625 222.837493896484375 220.556243896484375 220.306243896484375 218.3312530517578125 215.5812530517578125 217.4812469482421875 220.2687530517578125 222.756256103515625 231.0437469482421875 240.337493896484375 249.5562591552734375 258.199981689453125 267.3125 280.318756103515625 292.649993896484375 306.524993896484375 322 336.243743896484375 351.33123779296875 366.524993896484375 377.26873779296875 384.95001220703125 390.60626220703125 394.181243896484375 395.39373779296875 394.931243896484375
287.53125 294.75 298.237518310546875 302.375 303.381256103515625 299.193756103515625 295.15625 294.274993896484375 293.649993896484375 290.28125 278.45001220703125 264.59375 254.65625 248.1374969482421875 242.5625 239.84375 237.818756103515625 237.100006103515625 233.493743896484375 229.443756103515625 228.600006103515625 225.056243896484375 222.3562469482421875 224.306243896484375 226.3562469482421875 228.7312469482421875 235.068756103515625 243.5437469482421875 254.3562469482421875 260.887481689453125 270.85626220703125 281.556243896484375 296.48748779296875 312.0625 328.35626220703125 344.899993896484375 361.756256103515625 378.399993896484375 391.293731689453125 399.20001220703125 406.931243896484375 407.712493896484375 407.087493896484375 406.774993896484375
294.631256103515625 301.86248779296875 306.506256103515625 306.51251220703125 302.993743896484375 298.9375 294.64373779296875 292.40625 292.84375 292 278.29998779296875 265.23126220703125 257.79998779296875 251.4499969482421875 247.4875030517578125 245.318756103515625 244.037506103515625 242.46875 239.274993896484375 234.368743896484375 232.5749969482421875 229.9562530517578125 227.631256103515625 228.8312530517578125 230.65625 233.8000030517578125 240.149993896484375 247.3874969482421875 255.943756103515625 263.41876220703125 271.868743896484375 282.60626220703125 295.725006103515625 313.975006103515625 332.3125 349.412506103515625 369.83123779296875 388.493743896484375 403.037506103515625 414.381256103515625 420.91876220703125 422.08123779296875 421.14373779296875 419.837493896484375
298.86248779296875 304.39373779296875 307.0625 303.96875 297.41876220703125 291.243743896484375 285.506256103515625 279.431243896484375 274.54376220703125 269.70001220703125 264.337493896484375 258.131256103515625 254.2937469482421875 250.8125 248.774993896484375 247.587493896484375 246.931243896484375 243.912506103515625 239.818756103515625 237 234.75 233.3312530517578125 231.131256103515625 232.5625 234.7937469482421875 237.256256103515625 243.6062469482421875 250.1437530517578125 256.462493896484375 262.368743896484375 272.537506103515625 282.38751220703125 295.587493896484375 311.75 330.662506103515625 350.85626220703125 371.95001220703125 393.04998779296875 413.149993896484375 424.475006103515625 428.73748779296875 430.5625 429.681243896484375 428.58123779296875
298.537506103515625 301.912506103515625 301.306243896484375 297.84375 292.318756103515625 284.59375 273.95623779296875 261.15625 249.931243896484375 245.65625 247.46875 248.287506103515625 249.443756103515625 249.475006103515625 248.7062530517578125 248.537506103515625 246.850006103515625 242.600006103515625 238.6875 236.125 235.5 234.96875 233.9875030517578125 235.28125 238.868743896484375 240.412506103515625 245.28125 251.1374969482421875 255.8937530517578125 261.225006103515625 269.368743896484375 281.193756103515625 293.518768310546875 309.243743896484375 327.73126220703125 348.668731689453125 371.381256103515625 393.725006103515625 413.86248779296875 425.962493896484375 432.8125 434.837493896484375 434.399993896484375 433.274993896484375
297.350006103515625 298.76873779296875 297.95001220703125 294.42498779296875 288.100006103515625 279.53125 267.91876220703125 253.09375 236.59375 229.6125030517578125 236.162506103515625 241.3000030517578125 245.8625030517578125 246.6062469482421875 246.493743896484375 246.462493896484375 244.524993896484375 240.2312469482421875 237.537506103515625 235.037506103515625 233.100006103515625 234.306243896484375 234.1750030517578125 239.6125030517578125 243.462493896484375 244.274993896484375 246.9187469482421875 250.868743896484375 256.29998779296875 260.38751220703125 268.42498779296875 279.65625 291.662506103515625 306.068756103515625 322.662506103515625 344.324981689453125 368.85626220703125 391.162506103515625 411.46875 424.51251220703125 433.09375 435.5 436.368743896484375 435.493743896484375
295.92498779296875 295.54998779296875 293.5625 289.76873779296875 284.34375 276.225006103515625 265.90625 252.8562469482421875 240.100006103515625 234.0749969482421875 236.1374969482421875 238.7312469482421875 243.162506103515625 245 244.34375 243.8562469482421875 242.225006103515625 237.899993896484375 234.537506103515625 231.881256103515625 230.6125030517578125 232.7312469482421875 235.6687469482421875 243.875 246.7062530517578125 247.287506103515625 249.4812469482421875 252.243743896484375 255.693756103515625 258.40625 264.95623779296875 276.88751220703125 289.506256103515625 304.193756103515625 319.84375 340.524993896484375 363.893768310546875 387.07501220703125 408.32501220703125 424.181243896484375 435.36248779296875 439.149993896484375 437.73126220703125 432.056243896484375
294.100006103515625 292.618743896484375 289.36248779296875 285.725006103515625 281.45001220703125 275.04998779296875 266.29998779296875 254.693756103515625 245.4812469482421875 240.725006103515625 239.5500030517578125 240.868743896484375 242.9499969482421875 245.056243896484375 243.71875 241.8000030517578125 239.2937469482421875 234.975006103515625 230.4875030517578125 227.53125 228.337493896484375 231.40625 237.3125 244.78125 251.1500091552734375 249.6999969482421875 250.993743896484375 254.7937469482421875 256.943756103515625 257.793731689453125 264.42498779296875 274.649993896484375 286.29376220703125 300.21875 315.73126220703125 335.33123779296875 357.524993896484375 380.493743896484375 402.71875 422.04376220703125 435.193756103515625 437.65625 434.318756103515625 427.587493896484375
292.16876220703125 290.475006103515625 287.193756103515625 284.38751220703125 279.6875 275.225006103515625 268.90625 259.57501220703125 252.243743896484375 247.274993896484375 244.75 244.024993896484375 243.787506103515625 244.34375 244.2375030517578125 241.899993896484375 237.306243896484375 232.125 227.600006103515625 224.0562591552734375 223.537506103515625 227.662506103515625 236.0187530517578125 248.225006103515625 253.6374969482421875 248.4499969482421875 249 252.837493896484375 257.662506103515625 261.42498779296875 265.3125 273.131256103515625 283.32501220703125 295.75 309.631256103515625 330.337493896484375 353 375.73126220703125 397.568756103515625 419.256256103515625 434.662506103515625 435.17498779296875 427.23126220703125 413.181243896484375
290.03125 287.8125 285.0625 281.54998779296875 277.850006103515625 274.76873779296875 269.306243896484375 262.462493896484375 256.26873779296875 252.7375030517578125 251.0437469482421875 248.8625030517578125 247.8249969482421875 245.2624969482421875 243.868743896484375 240.818756103515625 235.4812469482421875 230.5625 226.5124969482421875 221.7624969482421875 218.8249969482421875 222.5437469482421875 230.4812469482421875 240.993743896484375 242.125 239.40625 245.4250030517578125 252.068756103515625 258.83123779296875 263.649993896484375 267.743743896484375 272.46875 280.287506103515625 291.181243896484375 303.91876220703125 322.91876220703125 345.212493896484375 368.037506103515625 391.95623779296875 416.29998779296875 434.975006103515625 433.037506103515625 415.26873779296875 396.875
286.399993896484375 284.5625 281.73126220703125 278.412506103515625 275.66876220703125 271.84375 268.318756103515625 264.399993896484375 261.068756103515625 258.26873779296875 256.193756103515625 253.4187469482421875 250.5625 248.1875 243.0500030517578125 239.5812530517578125 233.8312530517578125 228.524993896484375 224.1437530517578125 220.2687530517578125 219.131256103515625 220.8937530517578125 225.0749969482421875 231.53125 233.6687469482421875 235.2062530517578125 242.65625 250.5749969482421875 258.17498779296875 263.5625 268.899993896484375 273.10626220703125 277.66876220703125 285.21875 296.3125 315.58123779296875 338.41876220703125 360.493743896484375 383.85626220703125 407.256256103515625 425.32501220703125 416.88751220703125 401.931243896484375 388.493743896484375
282.149993896484375 279.524993896484375 277.23126220703125 275.67498779296875 273.76873779296875 270.57501220703125 268.774993896484375 266.649993896484375 263.850006103515625 261.587493896484375 260.181243896484375 256.787506103515625 253.15625 249.53125 242.3625030517578125 237.693756103515625 231.506256103515625 227.3249969482421875 222.7312469482421875 219.056243896484375 219.1437530517578125 220.368743896484375 222.75 228.181243896484375 232.537506103515625 237.28125 244.875 252.806243896484375 261.08123779296875 267.07501220703125 270.34375 273.243743896484375 277.46875 280.487518310546875 288 308.506256103515625 332.625 354.58123779296875 373.23126220703125 389.024993896484375 397.681243896484375 395.84375 392.23748779296875 383.024993896484375
275.668731689453125 273.9375 272.78125 271.91876220703125 270.96875 270.23748779296875 268.712493896484375 266.91876220703125 266.337493896484375 265.51251220703125 263.506256103515625 260.23126220703125 256.11248779296875 251.1750030517578125 243.6999969482421875 236.318756103515625 229.287506103515625 225.462493896484375 221.149993896484375 218.274993896484375 218.3874969482421875 219.25 221.306243896484375 226.587493896484375 231.7624969482421875 238.1875 246.493743896484375 255.4250030517578125 265.131256103515625 271.16876220703125 275.399993896484375 277.368743896484375 278.58123779296875 280.79376220703125 286.11248779296875 311.3125 333.20001220703125 347.431243896484375 360.04998779296875 371.850006103515625 378.98748779296875 381.03125 380.743743896484375 376.01251220703125
269.51251220703125 269.037506103515625 267.649993896484375 267.774993896484375 268.212493896484375 268.193756103515625 268.693756103515625 267.943756103515625 267.8125 267.774993896484375 265.899993896484375 262.881256103515625 258.70001220703125 252.28125 245.3125 236.318756103515625 226.53125 221.6500091552734375 218.556243896484375 215.774993896484375 216.3562469482421875 217.931243896484375 220.6687469482421875 226.212493896484375 232.5437469482421875 238.3937530517578125 247.28125 257.4375 266.98748779296875 274.818756103515625 280.20001220703125 282.725006103515625 284.48748779296875 289.912506103515625 306 327.868743896484375 340.60626220703125 346.662506103515625 352.368743896484375 359.056243896484375 367.375 370.51251220703125 369.743743896484375 367.10626220703125
261.193756103515625 262.17498779296875 262.53125 263.818756103515625 264.837493896484375 265.21875 265.59375 265.98748779296875 266.875 267.318756103515625 266.63751220703125 264.787506103515625 259.70001220703125 253.9499969482421875 246.0124969482421875 235.6687469482421875 225.381256103515625 215.7687530517578125 214.1875 211.2687530517578125 213.6750030517578125 215.9875030517578125 218.743743896484375 224.6687469482421875 231.524993896484375 239.75 247.875 259.04998779296875 270.41876220703125 278.78125 283.587493896484375 282.056243896484375 285.4375 295.73126220703125 317.08123779296875 347.35626220703125 349.181243896484375 346.431243896484375 347.40625 353.51251220703125 358.193756103515625 360.61248779296875 361.162506103515625 359.287506103515625
252.212493896484375 254.7937469482421875 255.75 257.787506103515625 260.21875 262.08123779296875 263.256256103515625 264.0625 265.193756103515625 266.25 266.13751220703125 262.54998779296875 259.337493896484375 254.7062530517578125 244.881256103515625 233.3249969482421875 221.8249969482421875 211.5187530517578125 206.1687469482421875 203.7312469482421875 208.4562530517578125 213.1125030517578125 213.899993896484375 220.9875030517578125 229.4875030517578125 239.225006103515625 248.8125 258.92498779296875 270.962493896484375 281.100006103515625 287.48748779296875 283.16876220703125 281.57501220703125 284.368743896484375 299.125 325.20001220703125 332.90625 335.912506103515625 341.462493896484375 346.39373779296875 351.524993896484375 352.65625 353.681243896484375 353.09375
240.8312530517578125 245.8874969482421875 247.774993896484375 250.631256103515625 254.2312469482421875 257.8125 260.13751220703125 261.70001220703125 263.39373779296875 264.243743896484375 263.962493896484375 260.17498779296875 257.881256103515625 254.756256103515625 242.524993896484375 227.4562530517578125 213.5437469482421875 206.412506103515625 199.8312530517578125 196.59375 200.09375 203.9875030517578125 208.850006103515625 216.149993896484375 225.2937469482421875 235.1999969482421875 245.4375 256.850006103515625 267.350006103515625 275.42498779296875 279.618743896484375 278.07501220703125 270.11248779296875 262.412506103515625 261.54376220703125 282.25 306.537506103515625 321.45001220703125 332.51251220703125 340.725006103515625 345.64373779296875 346.631256103515625 348.48748779296875 348.91876220703125
