data/historical-monthly-weather-data/wc2.1_cruts4.09_10m_prec_1977-04.asc
ncols        45
nrows        45
xllcorner    -63.500000000000
yllcorner    -7.500000000000
cellsize     0.166666666667
NODATA_value -9999
[rows 0 to 19 of 45, columns 0 to 44 of 45]
304.712493896484375 307.693756103515625 307.09375 312.25 311.993743896484375 306.63751220703125 299.868743896484375 288.25 279.41876220703125 274.98126220703125 274.193756103515625 273.225006103515625 270.92498779296875 266.6875 263.20623779296875 260.54998779296875 259.28125 255.5687408447265625 254.756256103515625 254.1687469482421875 254.2437591552734375 255.65625 256.375 259.26251220703125 260.20001220703125 264.131256103515625 269.13751220703125 276.40625 282.04998779296875 284.875 287.75 290.76873779296875 292.0625 295.01251220703125 297.70623779296875 301.431243896484375 303.20623779296875 305.193756103515625 310.125 313.38751220703125 316.53125 319.29376220703125 318.993743896484375 320.774993896484375 321.79998779296875
316.73748779296875 318.96875 325.83123779296875 332.09375 336.993743896484375 329.66876220703125 320.26251220703125 312.79376220703125 305.01873779296875 299.006256103515625 296.21875 292.243743896484375 288.256256103515625 283.068756103515625 276.931243896484375 273.875 269.73748779296875 267.318756103515625 266.037506103515625 264.243743896484375 263.768768310546875 263.875 265.70001220703125 266.82501220703125 269.024993896484375 271.8125 276.42498779296875 283.76873779296875 287.84375 289.462493896484375 292.51251220703125 296.48126220703125 298.23748779296875 302.17498779296875 304.13751220703125 307.868743896484375 312.20001220703125 314.98748779296875 319.631256103515625 322.15625 324.506256103515625 327.59375 327.443756103515625 326.90625 326.668731689453125
324.443756103515625 329.46875 334.39373779296875 342.23748779296875 348.04376220703125 343.26251220703125 337.149993896484375 332.350006103515625 328.95001220703125 322.756256103515625 316.41876220703125 309.45623779296875 304.20001220703125 295.8125 289.006256103515625 284.38751220703125 279.412506103515625 276.85626220703125 274.35626220703125 273.09375 272.881256103515625 273.212493896484375 272.943756103515625 273.15625 275.03125 276.912506103515625 282.40625 286.274993896484375 288.40625 290.33123779296875 292.20001220703125 294.29998779296875 298.318756103515625 301.51251220703125 302.38751220703125 305.70623779296875 312.131256103515625 317.287506103515625 321.368743896484375 324.668731689453125 327.51251220703125 328.95001220703125 329.20001220703125 329.59375 329.04998779296875
326.3125 332.412506103515625 341.15625 345.96875 350.806243896484375 350.95001220703125 349.25 348.118743896484375 348.8125 345.92498779296875 337.587493896484375 326.70001220703125 316.5625 307.837493896484375 299.712493896484375 294.287506103515625 289.475006103515625 286.20001220703125 283.318756103515625 282.01251220703125 282.350006103515625 281.88751220703125 279.58123779296875 279.668731689453125 280.11248779296875 279.506256103515625 285.118743896484375 287.23126220703125 288.6875 291.38751220703125 292.3125 293.475006103515625 294.54998779296875 296.85626220703125 297.712493896484375 303.662506103515625 309.98748779296875 315.818756103515625 322.318756103515625 324.793731689453125 328.024993896484375 331.087493896484375 329.73126220703125 328.84375 329.493743896484375
343.850006103515625 344.506256103515625 343.1875 347.225006103515625 354.53125 356.41876220703125 355.65625 358.63751220703125 364.368743896484375 366.63751220703125 354.96875 337.76251220703125 326.5 317.556243896484375 308.774993896484375 302.42498779296875 296.38751220703125 293.20623779296875 290.0625 288.131256103515625 288.806243896484375 287 284.431243896484375 285 282.087493896484375 280.4375 283.54376220703125 288.318756103515625 291.32501220703125 291.318756103515625 291.46875 289.10626220703125 289.4375 291.856231689453125 293.58123779296875 299.86248779296875 305.89373779296875 312.84375 320.39373779296875 323.962493896484375 328.98126220703125 328.84375 328.65625 329.76251220703125 328.64373779296875
351.48748779296875 353.95001220703125 352.850006103515625 348.98748779296875 354.76873779296875 358.35626220703125 358 361.23748779296875 367.16876220703125 372.46875 357.637481689453125 341.381256103515625 331.21875 322.86248779296875 313.568756103515625 307.64373779296875 299.743743896484375 295.962493896484375 294.524993896484375 293.01251220703125 291.368743896484375 288.625 287.712493896484375 286.04998779296875 283.54376220703125 282.08123779296875 284.20623779296875 287.79376220703125 289.962493896484375 288.9375 287.98748779296875 287.274993896484375 285.556243896484375 287.649993896484375 291.23748779296875 297.16876220703125 305.625 313.23748779296875 320.46875 326.149993896484375 327.76251220703125 327.368743896484375 327.98126220703125 329.59375 329.712493896484375
360.649993896484375 362.725006103515625 361.51873779296875 356.28125 352.368743896484375 350.743743896484375 350.074981689453125 351.475006103515625 352.14373779296875 350.76873779296875 345.91876220703125 338.375 333.649993896484375 325.837493896484375 317.91876220703125 313.04376220703125 305.631256103515625 298.54376220703125 294.90625 294.33123779296875 293.3125 291.32501220703125 289.45623779296875 285.28125 282.993743896484375 281.70001220703125 284.15625 285.53125 286.70623779296875 285.59375 284.881256103515625 283.01251220703125 282.84375 283.07501220703125 286.368743896484375 293.006256103515625 300.48126220703125 309.42498779296875 319.037506103515625 324.125 322.662506103515625 322.91876220703125 324.17498779296875 325.71875 327.524993896484375
370.662506103515625 369.818756103515625 365.931243896484375 362.54998779296875 358.65625 353.368743896484375 344 334.36248779296875 326.73748779296875 325.11248779296875 330.493743896484375 333.149993896484375 332.712493896484375 328.76873779296875 323.14373779296875 317.212493896484375 309.60626220703125 301.88751220703125 295.29998779296875 294.625 294.756256103515625 293.256256103515625 289.84375 285.443756103515625 283.875 280 281.41876220703125 282.681243896484375 283.84375 283.068756103515625 279.943756103515625 277.82501220703125 277.931243896484375 278.756256103515625 281.26251220703125 285.6875 293.64373779296875 301.70623779296875 309 312.662506103515625 313.475006103515625 315.35626220703125 316.26873779296875 316.53125 316.51873779296875
377.537506103515625 376.8125 372.149993896484375 366.53125 361.9375 354.08123779296875 345.09375 333.149993896484375 318.556243896484375 311.48748779296875 321.04376220703125 328.024993896484375 334.962493896484375 332.931243896484375 326.706268310546875 321.506256103515625 315.25 308.350006103515625 303.09375 299.568756103515625 293.70623779296875 293.23126220703125 288.79998779296875 286.350006103515625 283.649993896484375 277.78125 278.024993896484375 279.693756103515625 280.78125 280.318756103515625 279.34375 275.899993896484375 275.03125 274.09375 276.756256103515625 281.662506103515625 289.506256103515625 295.399993896484375 301.85626220703125 304.662506103515625 305.806243896484375 306.03125 307.806243896484375 309.13751220703125 305.475006103515625
383.681243896484375 380.46875 376.42498779296875 371.0625 364.881256103515625 357.5625 349.66876220703125 338.381256103515625 329.90625 327.26873779296875 331.993743896484375 334.681243896484375 338.850006103515625 337.25 332.84375 326.456268310546875 320.4375 314.5 308.868743896484375 306.98748779296875 299.85626220703125 294.40625 288.35626220703125 286.76873779296875 280.65625 272.943756103515625 272.662506103515625 273.962493896484375 276.13751220703125 278.38751220703125 275.84375 271.85626220703125 270.587493896484375 270.037506103515625 271.92498779296875 277.568756103515625 282.84375 288.306243896484375 293.4375 297.649993896484375 300.35626220703125 300.475006103515625 300.46875 297.45623779296875 295.71875
389.71875 387.212493896484375 382.037506103515625 375.818756103515625 367.524993896484375 361.08123779296875 354.42498779296875 345.34375 341.5 341.149993896484375 345.149993896484375 348.96875 346.48126220703125 343.806243896484375 336.993743896484375 329.71875 324.16876220703125 319.03125 314.75 311.506256103515625 307.36248779296875 299.368743896484375 289.243743896484375 278.75 275.59375 268.162506103515625 265.90625 266.493743896484375 267.48748779296875 270.181243896484375 268.587493896484375 265.32501220703125 264.76873779296875 264.399993896484375 266.131256103515625 269.08123779296875 273.625 279.01251220703125 284.42498779296875 288.725006103515625 290.88751220703125 290.462493896484375 291.98748779296875 290.774993896484375 287.82501220703125
391.54998779296875 387.96875 382.350006103515625 379.98748779296875 373.587493896484375 365.524993896484375 361.32501220703125 356.20623779296875 355.087493896484375 355.78125 359.568756103515625 363.35626220703125 355.70623779296875 349.024993896484375 341.23748779296875 334.07501220703125 327.506256103515625 321.9375 317.8125 314.774993896484375 308.82501220703125 299.65625 289 281.006256103515625 271.16876220703125 259.82501220703125 257.33123779296875 256.88751220703125 258.243743896484375 259.53125 259.087493896484375 257.587493896484375 256.51251220703125 256.79376220703125 258.53125 262.399993896484375 268.09375 274.08123779296875 277.09375 279.181243896484375 282.037506103515625 282.29998779296875 282.375 277.90625 274.76251220703125
394.10626220703125 389.962493896484375 384.84375 381.11248779296875 376.8125 373.51251220703125 368.09375 362.86248779296875 361.743743896484375 365.32501220703125 368.806243896484375 371.693756103515625 364.506256103515625 349.45623779296875 340.837493896484375 335.66876220703125 327.76251220703125 321.63751220703125 318.26873779296875 313.13751220703125 306.162506103515625 294.443756103515625 280.38751220703125 271.868743896484375 256.662506103515625 244.5187530517578125 245.0749969482421875 245.100006103515625 247.7937469482421875 248.9562530517578125 249.21875 248.243743896484375 247.34375 247.943756103515625 249.118743896484375 254.8499908447265625 261.26251220703125 267.54998779296875 271.537506103515625 273.64373779296875 272.07501220703125 273.587493896484375 270.975006103515625 266.82501220703125 266.868743896484375
395.25 390.79998779296875 384.462493896484375 380.23748779296875 378.506256103515625 375.362518310546875 370.1875 366.337493896484375 367.1875 369.23748779296875 369.225006103515625 366.76251220703125 360.79376220703125 349.64373779296875 337.587493896484375 333.29998779296875 325.26873779296875 316.756256103515625 313.29376220703125 306.14373779296875 296.975006103515625 282.756256103515625 269 256.743743896484375 244.2062530517578125 233.96875 233.681243896484375 234.6750030517578125 236.649993896484375 238.78125 239.53125 239.8874969482421875 237.6687469482421875 238.318756103515625 240.725006103515625 247.537506103515625 254.3937530517578125 262.36248779296875 267.92498779296875 268.649993896484375 263.837493896484375 259.91876220703125 261.58123779296875 264.41876220703125 267.29998779296875
394.681243896484375 390.51251220703125 385.125 381.524993896484375 380.587493896484375 377.350006103515625 373.850006103515625 370.09375 368.649993896484375 368.024993896484375 366.725006103515625 363.48748779296875 356.193756103515625 345.92498779296875 332.743743896484375 324.54998779296875 318.09375 313.33123779296875 308.806243896484375 301.70623779296875 289.5 275.92498779296875 259.85626220703125 248.0124969482421875 236.75 228.5 227.84375 229.412506103515625 231.75 233.1062469482421875 232.375 230.399993896484375 230.5437469482421875 229.9375 231.149993896484375 237.2687530517578125 248.4187469482421875 259.850006103515625 265.38751220703125 264.25 260.26251220703125 259.58123779296875 264.48748779296875 264.225006103515625 264.64373779296875
391.756256103515625 387.274993896484375 384.54998779296875 382.806243896484375 381.1875 378.25 374.681243896484375 371.48126220703125 371.70001220703125 369.28125 366.1875 361.60626220703125 354.40625 342.75 327.54376220703125 312.60626220703125 310.318756103515625 309.774993896484375 304.01251220703125 297.375 284.306243896484375 268.1875 251.0500030517578125 240.3000030517578125 229.9187469482421875 223.399993896484375 222.1999969482421875 224.5812530517578125 227 229.09375 230.34375 228.15625 223.21875 220.9187469482421875 219.90625 231.193756103515625 242.600006103515625 254.9187469482421875 261.850006103515625 265.318756103515625 264.11248779296875 264.875 265.506256103515625 262.95001220703125 261.73126220703125
387.10626220703125 384.39373779296875 383.587493896484375 383.006256103515625 381.243743896484375 378.524993896484375 377.39373779296875 374.412506103515625 372.131256103515625 369.84375 365.381256103515625 360.412506103515625 351.993743896484375 340.73748779296875 327.86248779296875 316.118743896484375 306.15625 303.056243896484375 300.193756103515625 294.774993896484375 280.556243896484375 264.25 246.3625030517578125 233.4875030517578125 224.1125030517578125 217.506256103515625 217.5 219.8874969482421875 223.53125 226.9499969482421875 228.0749969482421875 226.443756103515625 222.037506103515625 218.9812469482421875 222.318756103515625 230.3562469482421875 242.4875030517578125 256 267.537506103515625 270.10626220703125 270.39373779296875 269.350006103515625 265.07501220703125 261.431243896484375 258.92498779296875
381.45623779296875 381.693756103515625 381.15625 383.64373779296875 382.60626220703125 381.524993896484375 381.59375 377.274993896484375 374.14373779296875 369.587493896484375 363.25 357.51251220703125 349.006256103515625 339.899993896484375 328.443756103515625 318.66876220703125 308.412506103515625 296.15625 297.16876220703125 293.03125 280.212493896484375 262.287506103515625 243.875 231.5812530517578125 223.443756103515625 217.5124969482421875 215.59375 220.056243896484375 224.71875 227.46875 225.4875030517578125 218.256256103515625 218.743743896484375 219.28125 220.975006103515625 231.587493896484375 243.2937469482421875 255.4187469482421875 264.96875 272.056243896484375 270.475006103515625 268.5 264.76251220703125 260.76251220703125 258.88751220703125
374.26251220703125 376.850006103515625 379.45001220703125 381.256256103515625 381.8125 382.868743896484375 382.38751220703125 381.274993896484375 378.17498779296875 372.32501220703125 363.29376220703125 353.25 345.45623779296875 339.09375 325.48748779296875 316.10626220703125 307.431243896484375 297.23748779296875 291.13751220703125 287.73748779296875 279.59375 263.649993896484375 237.59375 229.5 224.2624969482421875 221.1437530517578125 221.9187469482421875 224.8125 229.875 231.4250030517578125 229.350006103515625 223.1437530517578125 219.4875030517578125 213.537506103515625 214.0437469482421875 224.693756103515625 237.0437469482421875 248.350006103515625 260.0625 265.78125 268.90625 267.837493896484375 263.899993896484375 260.368743896484375 258.98126220703125
366.45623779296875 371.556243896484375 374.35626220703125 375.15625 379.20001220703125 384.381256103515625 386.975006103515625 384.131256103515625 380.57501220703125 374.1875 363.25 354.83123779296875 346.51251220703125 338.337493896484375 323.493743896484375 308.381256103515625 297.28125 294.70623779296875 288.65625 284.89373779296875 272.13751220703125 253.931243896484375 237.556243896484375 230.5749969482421875 226.225006103515625 223.25 225.712493896484375 231.125 234.1125030517578125 233.15625 228.6687469482421875 227.399993896484375 219.787506103515625 209.1875 204.2375030517578125 214.274993896484375 230.8249969482421875 245.8562469482421875 256.33123779296875 263.25 265.73748779296875 265.350006103515625 262.631256103515625 259.662506103515625 256.375
