data/historical-monthly-weather-data/wc2.1_cruts4.09_10m_prec_1958-03.asc
ncols        51
nrows        45
xllcorner    -63.500000000000
yllcorner    -7.500000000000
cellsize     0.166666666667
NODATA_value -9999
[rows 0 to 19 of 45, columns 0 to 44 of 51]
149.2937469482421875 144.7624969482421875 141.149993896484375 141.868743896484375 141.131256103515625 140.4250030517578125 137.3000030517578125 134.03125 131.2937469482421875 131.024993896484375 133.506256103515625 137.71875 142.3000030517578125 145.2312469482421875 149.975006103515625 154.8625030517578125 161.6999969482421875 165.475006103515625 171.493743896484375 177.0187530517578125 181.8000030517578125 185.4375 189.8562469482421875 192.743743896484375 197.6062469482421875 202.5625 208.4187469482421875 217.5 225.475006103515625 228.2375030517578125 234.256256103515625 237.806243896484375 242.5812530517578125 249.3937530517578125 255.3937530517578125 260.225006103515625 263.681243896484375 267.51873779296875 271.993743896484375 275.03125 278.462493896484375 282.318756103515625 284.850006103515625 288.20623779296875 287.899993896484375
156.6750030517578125 152.7062530517578125 152.8000030517578125 154.1374969482421875 154.818756103515625 153.306243896484375 149.5625 146.6125030517578125 145.568756103515625 145.2687530517578125 146.9187469482421875 149.899993896484375 153.287506103515625 155.9499969482421875 160 164.743743896484375 170.8125 177.0437469482421875 183.524993896484375 189.875 194.149993896484375 197.756256103515625 202.2624969482421875 205.5437469482421875 209.318756103515625 213.818756103515625 219.087493896484375 227.8874969482421875 234.6437530517578125 236.899993896484375 240.274993896484375 244.899993896484375 248.475006103515625 256.42498779296875 260.76873779296875 265.95623779296875 270.59375 274.131256103515625 277.98748779296875 280.212493896484375 283.818756103515625 287.04998779296875 289.03125 291.5 291.818756103515625
168.8562469482421875 166.8874969482421875 168.412506103515625 170.350006103515625 170.6437530517578125 168.3625030517578125 165.96875 164.0749969482421875 162.9875030517578125 162.756256103515625 161.8874969482421875 162.8249969482421875 165.037506103515625 166.899993896484375 170.5812530517578125 175.8312530517578125 181.381256103515625 187.5 193.0625 198.6687469482421875 202.71875 206.493743896484375 209.53125 213.2937469482421875 217.40625 220.587493896484375 226.1624908447265625 234.3874969482421875 240.068756103515625 241.462493896484375 245.15625 249.15625 253.618743896484375 258.95001220703125 265.837493896484375 269.54376220703125 275.13751220703125 281.118743896484375 285.03125 288.86248779296875 292.587493896484375 294.850006103515625 296.09375 297.0625 298.60626220703125
180.6999969482421875 181.6875 185.881256103515625 187.837493896484375 188.3000030517578125 184.9875030517578125 182.6125030517578125 181.287506103515625 181.40625 180.6374969482421875 177.774993896484375 176.037506103515625 175.600006103515625 176.087493896484375 179.962493896484375 185.0124969482421875 191.5625 197.4812469482421875 202.662506103515625 207.1125030517578125 211.368743896484375 213.65625 214.8249969482421875 218.3625030517578125 222.412506103515625 225.6062469482421875 231.2312469482421875 237.1875 242.537506103515625 244.78125 246.78125 252.0187530517578125 255.9562530517578125 260.787506103515625 266.86248779296875 273.274993896484375 280.36248779296875 287.61248779296875 293.73126220703125 297.78125 300.475006103515625 302.943756103515625 303.868743896484375 303.506256103515625 304.90625
198.9250030517578125 199.9562530517578125 201.899993896484375 204.881256103515625 205.59375 201.6875 197.71875 196.337493896484375 197.850006103515625 198.024993896484375 192.6875 187.725006103515625 185.625 186.1999969482421875 189.193756103515625 194.7624969482421875 200.850006103515625 206.8937530517578125 210.350006103515625 213.1062469482421875 217.006256103515625 218.09375 219.6374969482421875 223.5 227.125 230.493743896484375 234.381256103515625 239.71875 246.875 247.162506103515625 250.03125 253.181243896484375 258.91876220703125 264.568756103515625 270.649993896484375 278.431243896484375 286.40625 294.306243896484375 301.98126220703125 306.181243896484375 310.48126220703125 311.04376220703125 310.79376220703125 310.774993896484375 310.70623779296875
219.53125 221.7687530517578125 224.649993896484375 224.556243896484375 221.6437530517578125 217.0124969482421875 212.024993896484375 208.8937530517578125 210.0625 210.756256103515625 202.5187530517578125 196.587493896484375 195.0124969482421875 194.46875 197.399993896484375 202.162506103515625 207.6374969482421875 212.1062469482421875 215.118743896484375 216.4875030517578125 219.5812530517578125 221.787506103515625 223.9499969482421875 227.2687530517578125 230.8937530517578125 235.193756103515625 239.0625 243.162506103515625 248.181243896484375 249.868743896484375 251.962493896484375 255.8249969482421875 260.943756103515625 270.006256103515625 278.76251220703125 287.225006103515625 298.1875 307.75 316.350006103515625 322.71875 325.556243896484375 325.943756103515625 324.96875 323.793731689453125 322.475006103515625
240.024993896484375 242.306243896484375 243.71875 240.8000030517578125 234.912506103515625 228 221.225006103515625 214.556243896484375 210.587493896484375 206.9562530517578125 203.2937469482421875 200.881256103515625 200.5812530517578125 200.8312530517578125 203.7312469482421875 207.649993896484375 212.1062469482421875 214.256256103515625 215.462493896484375 217.868743896484375 220.568756103515625 224.1374969482421875 226.6437530517578125 230.3937530517578125 234.600006103515625 238.399993896484375 242.212493896484375 245.568756103515625 248.4562530517578125 249.274993896484375 253.774993896484375 257.6875 264.11248779296875 272.78125 283.45623779296875 294.92498779296875 306.756256103515625 318.493743896484375 331.13751220703125 336.86248779296875 337.26873779296875 337.54998779296875 336.01251220703125 334.46875 334.84375
257.48748779296875 259.34375 258.006256103515625 254.243743896484375 248.5 239.587493896484375 228.09375 215.09375 204.7312469482421875 200.28125 201.1062469482421875 202.9250030517578125 205.3312530517578125 207.0500030517578125 209.412506103515625 212.5625 214.524993896484375 214.46875 214.7937469482421875 216.5124969482421875 220.6875 225.15625 228.9499969482421875 232.693756103515625 238.3562469482421875 241.337493896484375 243.693756103515625 246.337493896484375 247.7937469482421875 248.8000030517578125 252.2687530517578125 258.993743896484375 265.96875 275.787506103515625 287.537506103515625 300.1875 313.774993896484375 326.86248779296875 339.193756103515625 344.943756103515625 346.693756103515625 346.506256103515625 344.662506103515625 342.5 341.60626220703125
271.8125 272.537506103515625 270.962493896484375 266.89373779296875 260.04998779296875 249.8312530517578125 236.787506103515625 221.2687530517578125 205.40625 198.087493896484375 202.618743896484375 207.3937530517578125 211.9375 213.375 215.0437469482421875 216.9812469482421875 217.4312591552734375 216.475006103515625 217.1937408447265625 218.25 220.6374969482421875 226.212493896484375 230.3312530517578125 237.9187469482421875 243.6437530517578125 245.71875 245.8125 246.6437530517578125 248.9562530517578125 249.8312530517578125 254.368743896484375 261.84375 269.9375 280.04376220703125 291.662506103515625 305.95623779296875 322.09375 335.875 348.08123779296875 353.95623779296875 356.337493896484375 355.649993896484375 354.03125 351.274993896484375 347.34375
285.962493896484375 285.48126220703125 282.774993896484375 278.20623779296875 271.837493896484375 261.5 248.9187469482421875 234.100006103515625 220.537506103515625 213.399993896484375 213.818756103515625 215.756256103515625 219.6062469482421875 221.1999969482421875 221.1875 221.443756103515625 220.8937530517578125 219.1437530517578125 218.5 218.71875 221.037506103515625 226.8562469482421875 233.375 243.381256103515625 247.7937469482421875 249.350006103515625 249 248.7375030517578125 249.2937469482421875 249.9250030517578125 254.3375091552734375 263.881256103515625 273.9375 285.88751220703125 298.162506103515625 312.587493896484375 328.73126220703125 344.16876220703125 356.912506103515625 364.53125 368.287506103515625 367.83123779296875 363.4375 355.92498779296875 352.04998779296875
299.568756103515625 298.399993896484375 294.34375 289.70623779296875 284.193756103515625 275.03125 263.368743896484375 249.131256103515625 238.056243896484375 231.4499969482421875 228.443756103515625 228.631256103515625 229.681243896484375 230.806243896484375 229.0749969482421875 226.875 224.368743896484375 221.7624969482421875 219.3125 218.46875 222.03125 228.068756103515625 236.8312530517578125 245.7375030517578125 253.3249969482421875 252.5187530517578125 251.3249969482421875 252.212493896484375 251.7624969482421875 251.6125030517578125 257.36248779296875 266.587493896484375 277.068756103515625 289.71875 303.34375 317.806243896484375 333.90625 350.068756103515625 363.412506103515625 373.4375 378.118743896484375 375.693756103515625 368.725006103515625 359.506256103515625 354.243743896484375
308.993743896484375 307.681243896484375 303.51251220703125 299.67498779296875 293.63751220703125 286.54998779296875 277.375 265.20001220703125 255.5625 248.399993896484375 243.875 241.9562530517578125 240.6750030517578125 240.1999969482421875 239.4187469482421875 236.5124969482421875 231.568756103515625 227.25 223.743743896484375 221.350006103515625 222.5437469482421875 228.5625 238.8000030517578125 251.84375 257.8125 252.649993896484375 251.118743896484375 252.6437530517578125 255.4812469482421875 259.056243896484375 263.037506103515625 270.850006103515625 280.78125 292.875 305.85626220703125 322.399993896484375 340.01251220703125 356.85626220703125 369.51251220703125 380.975006103515625 386.875 382.07501220703125 370.475006103515625 354.38751220703125 344.32501220703125
317.75 315.75 312.149993896484375 307.54376220703125 302.556243896484375 297.17498779296875 289.0625 279.53125 270.743743896484375 264.79998779296875 260.962493896484375 257.48126220703125 255.350006103515625 251.7062530517578125 249.506256103515625 245.7062530517578125 239.6437530517578125 234.618743896484375 230.5500030517578125 225.837493896484375 223.443756103515625 227.9499969482421875 236.6750030517578125 247.3125 248.181243896484375 244.912506103515625 249.46875 254.493743896484375 259.962493896484375 265.4375 270.51873779296875 276.15625 284.41876220703125 295.725006103515625 308.42498779296875 324.26873779296875 342.618743896484375 360.506256103515625 374.82501220703125 388.181243896484375 396.26873779296875 388.587493896484375 367.568756103515625 347.0625 333.024993896484375
324.79376220703125 323.131256103515625 319.412506103515625 314.98126220703125 311.07501220703125 305.13751220703125 299.412506103515625 293.225006103515625 287.318756103515625 281.98126220703125 277.57501220703125 273.537506103515625 269.556243896484375 266.100006103515625 259.88751220703125 255.4749908447265625 248.6062469482421875 242.1437530517578125 236.631256103515625 231.693756103515625 229.8062591552734375 230.962493896484375 234.59375 240.3625030517578125 241.59375 242.1750030517578125 248.7624969482421875 255.818756103515625 262.881256103515625 269.743743896484375 276.943756103515625 282.82501220703125 288.39373779296875 296.912506103515625 308.662506103515625 325.78125 345.806243896484375 363.92498779296875 377.875 390.38751220703125 397.71875 383.20001220703125 363.649993896484375 346.61248779296875 334.274993896484375
330.04376220703125 326.9375 323.8125 321.475006103515625 318.618743896484375 313.60626220703125 310.03125 306.04376220703125 300.92498779296875 296.34375 293.037506103515625 288.98748779296875 284.912506103515625 280.82501220703125 272.462493896484375 266.91876220703125 259.45623779296875 253.25 246.412506103515625 240.443756103515625 237.59375 235.756256103515625 235.287506103515625 239.5 242.7937469482421875 246.587493896484375 254.0812530517578125 262.0625 270.681243896484375 278.743743896484375 284.15625 289.11248779296875 294.631256103515625 298.743743896484375 307.17498779296875 326.524993896484375 348.92498779296875 368.21875 380.25 388.431243896484375 389.21875 378.649993896484375 366.431243896484375 350.40625 340.087493896484375
332.425018310546875 329.756256103515625 327.98126220703125 326.58123779296875 325.01251220703125 323.10626220703125 320.125 316.787506103515625 314.53125 311.9375 308.29998779296875 305.287506103515625 301.64373779296875 296.9375 288.38751220703125 279.787506103515625 271.23748779296875 264.48126220703125 256.818756103515625 250.40625 245.037506103515625 240.068756103515625 236.850006103515625 240.412506103515625 244.3874969482421875 249.9250030517578125 259.006256103515625 268.98126220703125 280.01873779296875 288.5625 295.431243896484375 299.712493896484375 302.26873779296875 305.78125 312.26251220703125 337.54376220703125 358.54376220703125 370.818756103515625 379.51873779296875 387.03125 388.774993896484375 379.71875 367.556243896484375 352.84375 343.48126220703125
335.462493896484375 333.662506103515625 331.64373779296875 331.631256103515625 331.92498779296875 331.20623779296875 331.03125 329.256256103515625 327.881256103515625 326.51873779296875 323.39373779296875 321.63751220703125 318.98126220703125 313.32501220703125 305.58123779296875 295.068756103515625 283.037506103515625 274.0625 266.881256103515625 259.40625 251.774993896484375 244.600006103515625 239.475006103515625 242.774993896484375 247.7624969482421875 252.618743896484375 263.14373779296875 275.4375 287.26251220703125 298.193756103515625 306.631256103515625 311.79376220703125 315.25 322.600006103515625 341.412506103515625 363.8125 375.4375 379.60626220703125 383.08123779296875 387.57501220703125 392.39373779296875 382.83123779296875 368 353.28125 346.17498779296875
338.0625 336.975006103515625 337.26251220703125 339.11248779296875 340.556243896484375 340.84375 341.01251220703125 341.08123779296875 341.006256103515625 340.149993896484375 338.4375 338.787506103515625 335.63751220703125 331.375 322.71875 310.61248779296875 297.98748779296875 282.98126220703125 278.118743896484375 270.162506103515625 261.17498779296875 250.712493896484375 242.0812530517578125 244.912506103515625 250.0124969482421875 257.149993896484375 267.625 282.03125 296.693756103515625 308.506256103515625 316.39373779296875 317.04998779296875 322.5 335.649993896484375 360.95001220703125 393.037506103515625 392.23126220703125 386.29376220703125 383.712493896484375 386.756256103515625 387.21875 378.78125 367.4375 355.14373779296875 348.03125
339.82501220703125 339.75 341.01873779296875 344.318756103515625 348.17498779296875 350.96875 352.79998779296875 353.95623779296875 354.11248779296875 353.92498779296875 352.837493896484375 351.46875 351.431243896484375 349.20001220703125 338.28125 324.63751220703125 310.399993896484375 294.556243896484375 285.10626220703125 277.743743896484375 268.04998779296875 256.243743896484375 241.600006103515625 244.806243896484375 251.256256103515625 259.78125 272.58123779296875 286.76873779296875 303.14373779296875 317.125 326.86248779296875 324.23748779296875 324.131256103515625 328.95001220703125 347.087493896484375 374.78125 380.61248779296875 380.79376220703125 382.15625 382.63751220703125 382.837493896484375 375.274993896484375 367.20623779296875 358.399993896484375 351.493743896484375
338.29998779296875 340.506256103515625 343.25 348.225006103515625 354.23748779296875 360.037506103515625 364.056243896484375 366.743743896484375 367.649993896484375 366.962493896484375 365.51251220703125 364.162506103515625 365.83123779296875 366.20001220703125 351.931243896484375 333.07501220703125 315.131256103515625 303.774993896484375 292.681243896484375 283.90625 269.6875 253.625 240.975006103515625 243.6062469482421875 250.34375 258.725006103515625 272.868743896484375 289.35626220703125 304.756256103515625 316.5 323.625 323.975006103515625 316.5 309.131256103515625 309.118743896484375 331.11248779296875 356.45623779296875 370.21875 377.056243896484375 380.118743896484375 379.48126220703125 373.75 368.931243896484375 363.131256103515625 357.225006103515625
