data/historical-monthly-weather-data/wc2.1_cruts4.09_10m_prec_1998-03.asc
ncols        45
nrows        45
xllcorner    -63.500000000000
yllcorner    -7.500000000000
cellsize     0.166666666667
NODATA_value -9999
[rows 0 to 19 of 45, columns 0 to 44 of 45]
86.1062469482421875 81.72499847412109375 77.6687469482421875 76.0437469482421875 73.6999969482421875 72.09375 69.40000152587890625 66.8937530517578125 66.125 66.78749847412109375 69.21875 74.53749847412109375 80.5187530517578125 85.9562530517578125 94.33750152587890625 103.24375152587890625 113.52500152587890625 121.4562530517578125 131.0437469482421875 140.0124969482421875 146.2624969482421875 151.28125 157.243743896484375 163.337493896484375 171.4187469482421875 180.024993896484375 191.274993896484375 206.1125030517578125 220.337493896484375 230.256256103515625 243.881256103515625 255.34375 268.36248779296875 284.11248779296875 299.1875 311.399993896484375 321.92498779296875 332.787506103515625 342.024993896484375 349.1875 356.506256103515625 362.17498779296875 365.70623779296875 369.993743896484375 367.618743896484375
90.69374847412109375 87 85.3562469482421875 84.30625152587890625 82.97499847412109375 81.05625152587890625 78.13124847412109375 75.91249847412109375 76.08750152587890625 76.88124847412109375 79.03125 84.06874847412109375 89.71250152587890625 95.24375152587890625 103.4375 112.4250030517578125 122.61875152587890625 134.1062469482421875 146.09375 157.5812530517578125 164.131256103515625 169.6437530517578125 176.1999969482421875 183.0500030517578125 190.65625 199.181243896484375 209.53125 223.6437530517578125 236.3562469482421875 246.274993896484375 257.91876220703125 271.26251220703125 283.36248779296875 300.92498779296875 314.5625 328.375 341.75 353.53125 362.73748779296875 369.318756103515625 377.48126220703125 382.5 385.40625 388.59375 386.743743896484375
98.6437530517578125 96.4375 96.47499847412109375 96.8312530517578125 96.1999969482421875 94.28125 92.33750152587890625 90.88124847412109375 91.1999969482421875 92.1875 93.1374969482421875 97.09375 102.09999847412109375 107.2375030517578125 115.31874847412109375 124.8249969482421875 134.71875 145.662506103515625 156.3625030517578125 166.806243896484375 173.6374969482421875 179.8937530517578125 185.875 194.375 203.59375 212.0187530517578125 222.756256103515625 236.3000030517578125 247.756256103515625 256.587493896484375 268.40625 280.993743896484375 294.61248779296875 309.70001220703125 327.04998779296875 339.61248779296875 354.756256103515625 370.256256103515625 379.725006103515625 388.57501220703125 396.975006103515625 400.431243896484375 402.04376220703125 402.84375 401.850006103515625
106.5500030517578125 106.3562469482421875 109.125 110.75624847412109375 111.4375 109.4250030517578125 107.88124847412109375 107.1687469482421875 108.44374847412109375 109.33750152587890625 109.28749847412109375 111.59375 114.90625 119.0749969482421875 127.34999847412109375 136.78125 147.375 157.193756103515625 166.40625 174.9812469482421875 182.399993896484375 188.087493896484375 193.1999969482421875 202.8562469482421875 213.53125 223.2937469482421875 234.162506103515625 245.3312530517578125 256.26873779296875 265.556243896484375 275.15625 288.850006103515625 302.287506103515625 317.4375 334.4375 350.79998779296875 368.32501220703125 385.96875 398.5 407.756256103515625 414.66876220703125 418.0625 418.79376220703125 417.26251220703125 415.17498779296875
118.375 118.5812530517578125 121.125 124.65625 126.6875 124.8625030517578125 122.8249969482421875 122.5437469482421875 125.03125 126.88124847412109375 125.375 125.5 127.6374969482421875 131.8125 139.431243896484375 149.274993896484375 159.412506103515625 168.2687530517578125 174.875 181.0187530517578125 188.65625 193.9875030517578125 200.256256103515625 211.6062469482421875 223.318756103515625 234.5 243.65625 254.0187530517578125 266.65625 273.45623779296875 283.5625 294.537506103515625 310.29998779296875 326.837493896484375 344.26873779296875 362.662506103515625 381.568756103515625 400.29998779296875 415.006256103515625 424.42498779296875 433.5 433.98748779296875 432.73126220703125 431.274993896484375 426.34375
132.1999969482421875 133.756256103515625 137.3937530517578125 139.5812530517578125 139.818756103515625 137.806243896484375 135.368743896484375 134.2624969482421875 136.806243896484375 139.2312469482421875 135.962493896484375 135.4375 138.0124969482421875 141.4562530517578125 148.7062530517578125 157.59375 166.837493896484375 173.837493896484375 179.4187469482421875 183.96875 191.7312469482421875 199.100006103515625 206.96875 218.4250030517578125 230.712493896484375 243.34375 252.4499969482421875 261.41876220703125 271.568756103515625 279.4375 288.16876220703125 299.32501220703125 313.162506103515625 332.462493896484375 351.818756103515625 369.70623779296875 391.04998779296875 410.625 426.274993896484375 438.64373779296875 445.806243896484375 446.51873779296875 444.875 442.243743896484375 435.399993896484375
146.1687469482421875 148.462493896484375 151.6374969482421875 152.375 151.0187530517578125 147.756256103515625 144.3562469482421875 141.131256103515625 140.475006103515625 140.1437530517578125 140.0062408447265625 141.90625 145.4375 149.5124969482421875 156.287506103515625 164.0625 172.068756103515625 176.5437469482421875 180.0437469482421875 185.0625 193.3874969482421875 203.09375 212.306243896484375 224.6999969482421875 238 250.46875 259.475006103515625 267.4375 275.037506103515625 281.45001220703125 292.33123779296875 302.818756103515625 316.743743896484375 333.787506103515625 353.57501220703125 373.5 394.056243896484375 414.65625 435.23748779296875 446.70623779296875 450.71875 451.95623779296875 450.28125 447.8125 443.21875
158.493743896484375 161.193756103515625 163 163.462493896484375 162.4187469482421875 158.0500030517578125 151.743743896484375 144.4375 139.5 138.662506103515625 141.681243896484375 146.5500030517578125 152.131256103515625 157.3312530517578125 163.181243896484375 169.743743896484375 175.181243896484375 177.34375 179.600006103515625 183.743743896484375 194.2062530517578125 205.84375 217.3125 230.1999969482421875 245.431243896484375 257.38751220703125 264.65625 271.60626220703125 277.29376220703125 283.20001220703125 292.118743896484375 304.98126220703125 317.95623779296875 334.506256103515625 353.64373779296875 373.1875 394.03125 414.51873779296875 434.14373779296875 445.537506103515625 451.48126220703125 452.75 451.51251220703125 448.975006103515625 442.78125
169.443756103515625 171.78125 173.5 173.7750091552734375 172.068756103515625 166.96875 159.7375030517578125 150.837493896484375 142.1374969482421875 139.287506103515625 144.962493896484375 151.975006103515625 159.212493896484375 164.125 168.34375 172.6687469482421875 175.84375 177.5 180.506256103515625 184.625 194.431243896484375 208.068756103515625 220.7687530517578125 237.875 253.5625 264.837493896484375 269.287506103515625 273.743743896484375 279.71875 284.043731689453125 292.58123779296875 304.568756103515625 317 331.95001220703125 348.818756103515625 368.5625 390.681243896484375 410.33123779296875 429.15625 440.53125 447.412506103515625 448.98126220703125 449.181243896484375 446.943756103515625 437.399993896484375
180.4250030517578125 182.28125 183.318756103515625 183.2375030517578125 181.8249969482421875 176.787506103515625 170.037506103515625 161.7312469482421875 154.681243896484375 152.1062469482421875 155.0437469482421875 160.1687469482421875 166.962493896484375 171.912506103515625 173.600006103515625 175.21875 176.399993896484375 177.78125 180.3000030517578125 184.3562469482421875 194.993743896484375 209.8062591552734375 225.774993896484375 245.7624969482421875 260.493743896484375 271.4375 274.962493896484375 277.60626220703125 280.95623779296875 283.412506103515625 290.01251220703125 302.45001220703125 315.33123779296875 330.412506103515625 346 364.21875 384.53125 404.46875 423.3125 436.57501220703125 445.23126220703125 448.131256103515625 446.08123779296875 439.074981689453125 430.306243896484375
191.25 192.9187469482421875 193.0812530517578125 192.931243896484375 192.087493896484375 188.0500030517578125 182.1125030517578125 174.368743896484375 169.21875 167.2062530517578125 167.9187469482421875 171.743743896484375 176.4562530517578125 180.8625030517578125 180.162506103515625 178.618743896484375 177.225006103515625 178.2624969482421875 179.899993896484375 183.6875 196.243743896484375 212.21875 231.34375 250.631256103515625 268.90625 277.431243896484375 279.431243896484375 282.662506103515625 284.100006103515625 284.11248779296875 290.48126220703125 300.743743896484375 312.337493896484375 326.35626220703125 341.54376220703125 358.181243896484375 376.787506103515625 395.95623779296875 414.868743896484375 430.71875 440.51873779296875 442.0625 438.14373779296875 430.28125 420.54998779296875
200.225006103515625 201.6437530517578125 201.6999969482421875 202.0687408447265625 200.8874969482421875 198.5437469482421875 194.631256103515625 188.625 184.7312469482421875 182.600006103515625 182.381256103515625 183.8562469482421875 185.84375 188.1374969482421875 188.056243896484375 185.975006103515625 182.743743896484375 182.756256103515625 183.90625 186.8249969482421875 197.9187469482421875 214.6062469482421875 235.8562469482421875 259.125 275.368743896484375 278.5625 279.03125 281.75 285.59375 288.443756103515625 291.46875 298.71875 308.475006103515625 320.54998779296875 333.70623779296875 351.39373779296875 370.36248779296875 389.09375 406.84375 424.16876220703125 435.524993896484375 435.118743896484375 426.82501220703125 411.993743896484375 397.631256103515625
208.962493896484375 209.6999969482421875 210.0812530517578125 209.9187469482421875 209.4625091552734375 208.6062469482421875 205.7624969482421875 201.9499969482421875 198.9499969482421875 198.0437469482421875 198.4812469482421875 197.8125 197.96875 196.7937469482421875 195.65625 193.1125030517578125 189.2624969482421875 189.0812530517578125 190.149993896484375 191.5625 200.118743896484375 216.024993896484375 236.368743896484375 256.64373779296875 266.587493896484375 270.79376220703125 276.67498779296875 281.95001220703125 287.39373779296875 291.03125 293.931243896484375 297.493743896484375 304.337493896484375 314.45623779296875 326.09375 341.899993896484375 360.45001220703125 379.118743896484375 398.318756103515625 417.493743896484375 431.36248779296875 428.61248779296875 410.868743896484375 392.118743896484375 374.26873779296875
216.3937530517578125 217.162506103515625 217.443756103515625 217.399993896484375 217.75 216.806243896484375 216.0500030517578125 214.962493896484375 214.375 214.225006103515625 214.40625 212.3625030517578125 209.962493896484375 207.9875030517578125 203.818756103515625 201.068756103515625 196.881256103515625 195.90625 196.193756103515625 197.8312530517578125 207.5124969482421875 221.1750030517578125 237.118743896484375 251.662506103515625 260.912506103515625 268.225006103515625 275.04376220703125 281.20623779296875 287.068756103515625 290.98126220703125 294.9375 297.587493896484375 300.63751220703125 306.84375 316.48126220703125 332.57501220703125 351.71875 369.57501220703125 387.681243896484375 405.34375 418.125 409 394.193756103515625 380.58123779296875 365.70623779296875
221.25 221.1999969482421875 222.1062469482421875 223.7375030517578125 225.09375 225.193756103515625 226.4187469482421875 227.375 227.475006103515625 227.975006103515625 229.006256103515625 226.75 224.0187530517578125 221.350006103515625 215.8000030517578125 212.568756103515625 208.306243896484375 207.912506103515625 207.4812469482421875 208.693756103515625 218.1875 229.806243896484375 242.131256103515625 253.4250030517578125 262.79376220703125 271.693756103515625 278.024993896484375 283.774993896484375 290 294.29376220703125 295.631256103515625 296.631256103515625 299.13751220703125 300.36248779296875 306.100006103515625 323.79376220703125 344.59375 362.681243896484375 376.587493896484375 387.375 391.45623779296875 388.17498779296875 383.649993896484375 373.568756103515625 362.149993896484375
224 224.40625 226.475006103515625 229.037506103515625 231.587493896484375 234.368743896484375 236.4875030517578125 238.34375 240.681243896484375 242.75 243.537506103515625 242 239.4562530517578125 236.2312469482421875 230.90625 225.6750030517578125 220.931243896484375 220.524993896484375 219.8000030517578125 221.087493896484375 228.96875 238.306243896484375 248.28125 257.0625 264.98748779296875 273.618743896484375 280.168731689453125 286.64373779296875 294.056243896484375 298.04376220703125 300.16876220703125 299.88751220703125 299.006256103515625 299.256256103515625 302.61248779296875 325.412506103515625 344.162506103515625 354.67498779296875 363.26251220703125 370.912506103515625 374.1875 373.98748779296875 371.79376220703125 365.35626220703125 356.1875
226.912506103515625 228.149993896484375 230.28125 234.1125030517578125 238.3249969482421875 242.3625030517578125 247.0124969482421875 250.462493896484375 253.59375 256.681243896484375 257.96875 257.32501220703125 255.5187530517578125 251.5124969482421875 247.225006103515625 240.875 233.65625 231.7312469482421875 231.7624969482421875 232.443756103515625 238.9187469482421875 246.850006103515625 255.3249969482421875 262.11248779296875 268.95001220703125 274.787506103515625 281.36248779296875 288.83123779296875 295.65625 301.274993896484375 304.350006103515625 304.35626220703125 303.91876220703125 307.431243896484375 321.993743896484375 341.26251220703125 350.618743896484375 353.0625 355.26251220703125 358.493743896484375 363.475006103515625 363.8125 360.443756103515625 355.51873779296875 349.70623779296875
228.318756103515625 230.306243896484375 234.3625030517578125 239.806243896484375 245.1875 250.2375030517578125 255.4187469482421875 260.54376220703125 264.993743896484375 268.79376220703125 271.524993896484375 272.931243896484375 271.0625 268.51873779296875 263.8125 256.41876220703125 248.9375 241.850006103515625 243.7312469482421875 244.0124969482421875 249.850006103515625 255.4562530517578125 260.89373779296875 265.743743896484375 270.90625 277.41876220703125 282.40625 290.5625 298.88751220703125 304.6875 306.67498779296875 302.024993896484375 303.20623779296875 311.78125 331.6875 359.45623779296875 357.48126220703125 351.006256103515625 348.63751220703125 351.53125 353.193756103515625 353.225006103515625 351.524993896484375 347.66876220703125 342.48126220703125
228.96875 231.9187469482421875 236.9375 243.725006103515625 251.15625 258.26251220703125 264.95001220703125 271.199981689453125 276.181243896484375 280.875 284.5 284.9375 286 285.524993896484375 279.243743896484375 270.83123779296875 262.13751220703125 254.1687469482421875 251.850006103515625 252.4562530517578125 258.162506103515625 263.1875 262.850006103515625 266.743743896484375 271.63751220703125 277.881256103515625 283.84375 290.306243896484375 298.912506103515625 306.20623779296875 309.493743896484375 301.51873779296875 297.35626220703125 298.01873779296875 311.006256103515625 334.54998779296875 338.83123779296875 338.412506103515625 340.85626220703125 342.8125 345.13751220703125 344.36248779296875 343.6875 341.53125 337.09375
227.4875030517578125 232.25 238.631256103515625 246.9499969482421875 256.33123779296875 265.881256103515625 274.381256103515625 282.087493896484375 287.912506103515625 292.506256103515625 296.14373779296875 297.006256103515625 299.89373779296875 301.975006103515625 293.15625 280.54998779296875 268.79998779296875 264.42498779296875 260.48126220703125 259.67498779296875 261.23126220703125 262.20623779296875 263.993743896484375 266.04998779296875 269.774993896484375 274.39373779296875 280.54376220703125 288.037506103515625 294.45623779296875 299.125 299.756256103515625 294.462493896484375 283.625 273.42498779296875 270.3125 288.64373779296875 310.212493896484375 322.037506103515625 330.26873779296875 335.65625 338.01251220703125 337.556243896484375 338.10626220703125 337.36248779296875 334.318756103515625
