data/historical-monthly-weather-data/wc2.1_cruts4.09_10m_prec_1978-09.asc
ncols        51
nrows        45
xllcorner    -63.500000000000
yllcorner    -7.500000000000
cellsize     0.166666666667
NODATA_value -9999
[rows 19 to 37 of 45, columns 0 to 43 of 51]
127.8937530517578125 126.399993896484375 126.90625 129.131256103515625 131.931243896484375 137.0124969482421875 140.881256103515625 143.3937530517578125 146.4499969482421875 146.818756103515625 145.7687530517578125 142.8375091552734375 138.2687530517578125 133.3000030517578125 128.975006103515625 126.3625030517578125 121.65000152587890625 122.56874847412109375 121.19374847412109375 124.875 123.8874969482421875 124.6437530517578125 130.524993896484375 132.6875 131.90625 126.7312469482421875 119.49375152587890625 112.46250152587890625 101.3874969482421875 91.4562530517578125 85.2937469482421875 90.8625030517578125 96.5500030517578125 104.75624847412109375 109.21875 102.84999847412109375 95.3249969482421875 88.99375152587890625 82.15000152587890625 73.15000152587890625 62.643749237060546875 53.71250152587890625 50.41249847412109375 49.25
118.43125152587890625 118.1999969482421875 120.55625152587890625 123.6750030517578125 127.0187530517578125 131.5749969482421875 136.65625 140.693756103515625 145.068756103515625 147.225006103515625 146.631256103515625 145.037506103515625 140.412506103515625 133.756256103515625 130.40625 125.27500152587890625 120.80625152587890625 118.93125152587890625 121.7062530517578125 121.8312530517578125 125.1687469482421875 129.34375 132.868743896484375 134.787506103515625 135.962493896484375 132.274993896484375 123.78125 114.11875152587890625 105.2062530517578125 101.03749847412109375 98.25624847412109375 101.7062530517578125 107.77500152587890625 117.1374969482421875 127.09375 115.77500152587890625 99.75 88.6999969482421875 79.59999847412109375 71.1750030517578125 63.387500762939453125 57.15000152587890625 53.68125152587890625 52.06874847412109375
110.7937469482421875 109.34375 112.2624969482421875 116.2375030517578125 121.375 127.59999847412109375 133.087493896484375 139.0812530517578125 144.21875 147.4875030517578125 148.28125 147.75 145.537506103515625 140.4124908447265625 136.3312530517578125 129.875 125.47499847412109375 123.3312530517578125 125.6999969482421875 126.21875 125.52500152587890625 128.868743896484375 132.274993896484375 133.806243896484375 133.75 131.8874969482421875 128.0500030517578125 119.6062469482421875 114.1374969482421875 111.02500152587890625 108.3125 108.7312469482421875 112.94374847412109375 119.3937530517578125 120.3312530517578125 111.56874847412109375 97.34375 86.96875 78.05625152587890625 71.10625457763671875 65.40625 61.299999237060546875 59.18125152587890625 57.549999237060546875
104.16249847412109375 104.0124969482421875 106.4875030517578125 111.09375 116.47499847412109375 123.09999847412109375 130.162506103515625 137.21875 144.318756103515625 147.681243896484375 151.59375 152.662506103515625 153.818756103515625 150.1875 143 136.037506103515625 130.1125030517578125 128.9562530517578125 128.9875030517578125 129.475006103515625 129.037506103515625 131.34375 133.087493896484375 132.337493896484375 133.3562469482421875 132.024993896484375 128.09375 124.53749847412109375 119.4812469482421875 115.5749969482421875 113.84999847412109375 114.125 115.08750152587890625 115.84375 112.34999847412109375 101.83750152587890625 91.8312530517578125 83.11875152587890625 76.375 72.15625 69.0812530517578125 66.0437469482421875 64.19374847412109375 62.68125152587890625
99.77500152587890625 98.78749847412109375 102.00624847412109375 105.86875152587890625 110.3562469482421875 118.28749847412109375 126.0187530517578125 133.1062469482421875 140.225006103515625 144.8125 148.78125 153.443756103515625 158.5124969482421875 154.9187469482421875 146.7687530517578125 139.462493896484375 134.2062530517578125 133.350006103515625 133.7624969482421875 133.4812469482421875 133.118743896484375 133.6999969482421875 136.1437530517578125 135.4875030517578125 134.962493896484375 132.09375 127.91249847412109375 124.28125 122.19374847412109375 119.125 116.7687530517578125 116.40625 114.81874847412109375 112.84375 108.46875 97.72499847412109375 89.86875152587890625 83.93125152587890625 78.6125030517578125 76.1125030517578125 73.4562530517578125 71.03125 70 68.9499969482421875
96.84999847412109375 95.59999847412109375 97.90000152587890625 101.1687469482421875 108.21875 115.40000152587890625 122.4812469482421875 129.6437530517578125 136.068756103515625 141.743743896484375 146.662506103515625 149.681243896484375 152.5500030517578125 151.256256103515625 146.5687408447265625 140.84375 137.118743896484375 136.0812530517578125 136.381256103515625 137.443756103515625 137.5437469482421875 137.462493896484375 140.725006103515625 139.962493896484375 136.4250030517578125 134.975006103515625 130.506256103515625 127.02500152587890625 124.53749847412109375 122.09375 119 117.08750152587890625 115.84999847412109375 112.72499847412109375 107.13124847412109375 98.4250030517578125 92.9187469482421875 88 83.18125152587890625 80.40625 77.8874969482421875 76.6062469482421875 76.0437469482421875 76.9812469482421875
95.4375 95.56874847412109375 96.43125152587890625 100.33750152587890625 105.2062530517578125 111.8000030517578125 119.15625 125.96250152587890625 131.96875 138.037506103515625 141.6374969482421875 144.5500030517578125 146.2937469482421875 145.287506103515625 143.431243896484375 140.4875030517578125 137.6750030517578125 138.243743896484375 138.9375 140.131256103515625 140.556243896484375 140.506256103515625 144.03125 143.350006103515625 140.100006103515625 136.8125 134.0500030517578125 131.649993896484375 127.99375152587890625 125.24375152587890625 121.72499847412109375 119.7687530517578125 116.1062469482421875 112.3562469482421875 108.1999969482421875 103.2312469482421875 97.59999847412109375 93.1125030517578125 89.7687530517578125 86.3312530517578125 84.43125152587890625 82.8625030517578125 82.34375 84.0812530517578125
92.46250152587890625 91.125 92.86875152587890625 96.84999847412109375 100.94374847412109375 107.64374542236328125 114.3125 120.3249969482421875 125.0812530517578125 131.0687408447265625 136.2937469482421875 139.2937469482421875 140.350006103515625 140.443756103515625 140.100006103515625 138.725006103515625 138.4812469482421875 138.712493896484375 140.125 141.7062530517578125 143.274993896484375 143.7937469482421875 146.6875 148.2687530517578125 144.3312530517578125 141.4187469482421875 138.256256103515625 134.03125 130.1999969482421875 126.8249969482421875 123.15000152587890625 119.6374969482421875 118.18125152587890625 115.15625 110.83124542236328125 107.1125030517578125 103.03749847412109375 98.53749847412109375 95.33750152587890625 92.41249847412109375 89.6374969482421875 88.83750152587890625 89.09375 89.50624847412109375
88.625 86.84999847412109375 89.40000152587890625 92.47499847412109375 96.9812469482421875 102.9499969482421875 109.59999847412109375 115.5812530517578125 119.8937530517578125 125.98125457763671875 130.875 133.600006103515625 135 136.71875 136.912506103515625 136.818756103515625 137.0437469482421875 138.337493896484375 140.3249969482421875 143.475006103515625 145.350006103515625 147.21875 150.4562530517578125 151.068756103515625 149.2937469482421875 145.7312469482421875 141.5437469482421875 136.90625 132.506256103515625 129.587493896484375 124.61875152587890625 121.0749969482421875 120.44374847412109375 117.80625152587890625 114.78749847412109375 111.21875 108.96875 105.7375030517578125 102.49375152587890625 99.34375 96.6875 96.31874847412109375 94.71875 95.96250152587890625
85.40625 82.8937530517578125 84.90000152587890625 87.9375 92.0124969482421875 97.5124969482421875 103.6437530517578125 109.99375152587890625 114.99375152587890625 120.41249847412109375 125.08750152587890625 127.4875030517578125 130.5812530517578125 131.8625030517578125 132.725006103515625 135.5124969482421875 138.4562530517578125 137.4875030517578125 139.65625 143.5625 147.024993896484375 150.568756103515625 154.850006103515625 155.568756103515625 152.243743896484375 149.7062530517578125 144.9875030517578125 140.625 137.056243896484375 131.9875030517578125 126.13124847412109375 122.1437530517578125 121.02500152587890625 119.96875 119.4812469482421875 116.0625 114.9875030517578125 113.21875 110.6750030517578125 107.25 101.90000152587890625 99.8000030517578125 100.125 102.34375
85.50624847412109375 82.3312530517578125 82.8125 84.86875152587890625 87.86875152587890625 93.2375030517578125 99.1374969482421875 105.05625152587890625 109.9187469482421875 114.7624969482421875 119.2375030517578125 123.0437469482421875 126.21250152587890625 128.4625091552734375 131.2687530517578125 133.131256103515625 134.899993896484375 136.600006103515625 138.056243896484375 141.9250030517578125 146.9375 152.4812469482421875 156.2624969482421875 155.8312530517578125 154.649993896484375 153.59375 147.8000030517578125 141.9562530517578125 136.443756103515625 132.59375 128.787506103515625 125.4812469482421875 123.91249847412109375 123.0812530517578125 123.2624969482421875 121.0625 120.58750152587890625 120.74375152587890625 116.38124847412109375 115.0749969482421875 111.5812530517578125 108.7062530517578125 107.21875 109
84.50624847412109375 80.9812469482421875 81.6999969482421875 82.24375152587890625 84.6999969482421875 89.9562530517578125 94.6374969482421875 99.9187469482421875 105.09999847412109375 110.3000030517578125 114.72499847412109375 118.53749847412109375 124.22499847412109375 126.6374969482421875 128.875 130.681243896484375 134.024993896484375 136.3249969482421875 138.03125 143.0812530517578125 148.4562530517578125 155.3625030517578125 160.431243896484375 159.149993896484375 157.068756103515625 156.0812530517578125 149.725006103515625 143.0187530517578125 137.15625 132.0124969482421875 129.9375 127.7937469482421875 126.25 127.53749847412109375 128.03125 124.90625 124.8562469482421875 126.21250152587890625 124.6062469482421875 123.22499847412109375 119.69374847412109375 116.34999847412109375 114.25624847412109375 114.74375152587890625
84.90000152587890625 80.0124969482421875 79.72499847412109375 80.33750152587890625 82.7937469482421875 86.80625152587890625 91.28749847412109375 96.11875152587890625 101.49375152587890625 106.30625152587890625 111.21875 115.1750030517578125 119.06874847412109375 123.63124847412109375 127.47499847412109375 131.6437530517578125 134.1875 137.2062530517578125 141.056243896484375 147.5124969482421875 153.9375 158.3562469482421875 163.9375 161.5749969482421875 161.568756103515625 157.537506103515625 149.818756103515625 144.21875 137.9187469482421875 133.662506103515625 131.875 128.9562530517578125 128.4812469482421875 129.681243896484375 130.100006103515625 127.43125152587890625 127.32500457763671875 127.4875030517578125 126.8874969482421875 126.4375 124.9375 122.02500152587890625 120.6687469482421875 120.2375030517578125
88.66249847412109375 84.46250152587890625 82.8125 82.55625152587890625 83.71875 86.94374847412109375 90.8249969482421875 94.08750152587890625 98.6999969482421875 102.6750030517578125 109.9187469482421875 112.8874969482421875 117.36875152587890625 124.13124847412109375 128.1062469482421875 133.181243896484375 136.8937530517578125 142.4250030517578125 147.0625 153.556243896484375 158.3562469482421875 162.2249908447265625 164.693756103515625 162.3125 161.149993896484375 156.256256103515625 148.7062530517578125 142.556243896484375 136.5749969482421875 134.881256103515625 132.75 130.90625 129.6999969482421875 130.693756103515625 131.8937530517578125 129.4499969482421875 128.3249969482421875 126.71875 126.81874847412109375 128.399993896484375 128.0625 126.33750152587890625 125.90625 125.2312469482421875
92.2062530517578125 88.96875 87.21875 85.83750152587890625 85.3125 87.43125152587890625 90.4562530517578125 92.90000152587890625 96.28125 100.77500152587890625 105.9250030517578125 111.90625 116.69374847412109375 121.4250030517578125 127.40625 132.9875030517578125 139.5812530517578125 146.431243896484375 152.9875030517578125 159.6437530517578125 163.46875 165.274993896484375 166.125 161.78125 158.09375 153.09375 145.8125 139.774993896484375 133.725006103515625 132.75 132.4875030517578125 131.881256103515625 131.1062469482421875 131.3249969482421875 132.3625030517578125 132.2687530517578125 129.4499969482421875 127.3000030517578125 128.3000030517578125 129.0124969482421875 129.100006103515625 130.193756103515625 131.46875 131.4812469482421875
96.44374847412109375 93.625 91.3874969482421875 89.68125152587890625 88.33750152587890625 88.8312530517578125 90.9812469482421875 92.5 94.5812530517578125 98.65625 104.3874969482421875 111.34375 116.6125030517578125 121.90625 128.162506103515625 134.899993896484375 141.6750030517578125 148.4875030517578125 158.037506103515625 164.5625 168.2687530517578125 168.6437530517578125 166.225006103515625 160.1374969482421875 153.78125 149.743743896484375 143.5437469482421875 136.7624969482421875 131 130.375 130.9375 130.600006103515625 130.462493896484375 130.96875 131.1750030517578125 129.7312469482421875 128.4812469482421875 128.7062530517578125 129.0749969482421875 130.7062530517578125 129.53125 130.0187530517578125 133.1062469482421875 133.212493896484375
100.88124847412109375 97.9562530517578125 96.1374969482421875 94.4499969482421875 92.93125152587890625 93.0812530517578125 93.2375030517578125 94.6687469482421875 96.44374847412109375 99.22499847412109375 104.5500030517578125 110.90000152587890625 117.61875152587890625 123.8937530517578125 129.756256103515625 136.4499969482421875 142.600006103515625 150.649993896484375 160.087493896484375 168.5437469482421875 169.15625 167.850006103515625 162.8125 155.024993896484375 148.9187469482421875 143.975006103515625 137.5437469482421875 131.90625 127.1125030517578125 126.5812530517578125 127.7624969482421875 128.443756103515625 127.6687469482421875 128.25 128.4812469482421875 126.8937530517578125 128.337493896484375 128.381256103515625 129.037506103515625 130.28125 131.193756103515625 131.162506103515625 132.21875 133.037506103515625
105.19374847412109375 102.7937469482421875 100.80625152587890625 98.74375152587890625 98.03125 97.4875030517578125 97.28749847412109375 97.49375152587890625 98.9875030517578125 100.00624847412109375 105.63124847412109375 115.1875 121.78125 127.2937469482421875 132.96875 137.8937530517578125 143.818756103515625 150.0749969482421875 157.649993896484375 164.556243896484375 165.931243896484375 161.4250030517578125 156.100006103515625 147.631256103515625 141.412506103515625 136.84375 130.649993896484375 125.33750152587890625 121.5124969482421875 122.0812530517578125 123.4250030517578125 124.8937530517578125 125.22499847412109375 125.9812469482421875 126.36875152587890625 126.53125 127.80625152587890625 129.287506103515625 129.3249969482421875 129.8125 130.556243896484375 130.0124969482421875 131.5875091552734375 132.9499969482421875
109.0437469482421875 107.50624847412109375 105.78749847412109375 103.46875 102.9187469482421875 102.47499847412109375 101.9875030517578125 102.1374969482421875 103.61875152587890625 104.1062469482421875 115.1750030517578125 123.5437469482421875 127.7687530517578125 131.506256103515625 135.725006103515625 140 142.537506103515625 147.7937469482421875 152.162506103515625 155.6750030517578125 156.7375030517578125 152.3625030517578125 147.46875 139.274993896484375 132.7937469482421875 127.90625 123.65625 119.7375030517578125 116.7624969482421875 117.9812469482421875 118.0124969482421875 119.59999847412109375 120.65000152587890625 123.21875 124.5812530517578125 123.5 125.28749847412109375 127.06874847412109375 129.5 130.837493896484375 129.806243896484375 131.4375 130.2562408447265625 130.2312469482421875
