data/historical-monthly-weather-data/wc2.1_cruts4.09_10m_prec_2015-04.asc
ncols        45
nrows        45
xllcorner    -63.500000000000
yllcorner    -7.500000000000
cellsize     0.166666666667
NODATA_value -9999
[rows 20 to 39 of 45, columns 0 to 44 of 45]
295.11248779296875 314.056243896484375 324.5625 332.993743896484375 338.693756103515625 344.21875 347.45623779296875 344.5 337.45001220703125 325.850006103515625 311.625 296.381256103515625 281.993743896484375 269.5 253.0124969482421875 238.568756103515625 226.5625 218.8874969482421875 213.53125 208.162506103515625 209.6687469482421875 210.09375 209.4375 212.618743896484375 219.0124969482421875 225.125 230.6437530517578125 235.7687530517578125 239.0187530517578125 241.274993896484375 239.6875 237.7375030517578125 227.3874969482421875 214.7312469482421875 204.881256103515625 220.1875 243.1687469482421875 262.79376220703125 277.70001220703125 287.64373779296875 293.100006103515625 296.60626220703125 294.681243896484375 294.412506103515625 290.931243896484375
284.587493896484375 300.4375 311.78125 325.556243896484375 334.95001220703125 338.17498779296875 341.45623779296875 341.399993896484375 335.0625 320.975006103515625 302.26251220703125 281.662506103515625 265.01251220703125 252.850006103515625 242.3000030517578125 230.618743896484375 222.181243896484375 214.037506103515625 208.1374969482421875 202.2062530517578125 199.96875 200.1750030517578125 202.256256103515625 206.4499969482421875 213.3937530517578125 223.6875 239.4250030517578125 244.5 247.100006103515625 249.087493896484375 246.9562530517578125 243.149993896484375 234.7687530517578125 226.9187469482421875 224.056243896484375 233.131256103515625 250.9187469482421875 267.743743896484375 279.181243896484375 286.649993896484375 291.618743896484375 293.41876220703125 291.45001220703125 290.056243896484375 285.881256103515625
275.399993896484375 297 309.618743896484375 322.38751220703125 331.9375 335.024993896484375 335.09375 337.149993896484375 337.25 317.61248779296875 292.6875 267.9375 249.212493896484375 239.162506103515625 232.4375 225.3562469482421875 217.0250091552734375 208.2624969482421875 200.787506103515625 193.59375 191.8874969482421875 191.4499969482421875 191.3562469482421875 196.3000030517578125 205.9250030517578125 218.524993896484375 236.0749969482421875 244.6374969482421875 249.274993896484375 251.068756103515625 251.681243896484375 250.875 248.34375 245.087493896484375 245.7312469482421875 251.15625 262.85626220703125 275.524993896484375 283.600006103515625 286.975006103515625 289.443756103515625 288.881256103515625 286.631256103515625 284.58123779296875 280.70001220703125
267.88751220703125 288.35626220703125 303.306243896484375 314.287506103515625 323.48748779296875 326.6875 329.65625 329.79998779296875 327.399993896484375 307.45623779296875 282.693756103515625 260.98126220703125 238.625 232.274993896484375 227.537506103515625 220.75 212.25 204.9187469482421875 196.287506103515625 189.09375 185.649993896484375 182.46875 181.068756103515625 187.0187530517578125 195.943756103515625 204.975006103515625 219.96875 234.787506103515625 244.9187469482421875 252.90625 258.85626220703125 264.556243896484375 265.20001220703125 263.181243896484375 264.443756103515625 268.57501220703125 276.943756103515625 283.34375 286.5 286.306243896484375 286.787506103515625 284.225006103515625 281.087493896484375 277.681243896484375 275.53125
263.78125 282.60626220703125 296.08123779296875 308.637481689453125 319.51251220703125 321.087493896484375 321.08123779296875 319.243743896484375 311.58123779296875 297.90625 277.40625 257.23126220703125 243.0625 232.399993896484375 224.9562530517578125 217.625 210.875 203.0187530517578125 194.131256103515625 185.037506103515625 179.5500030517578125 174.6750030517578125 172.1062469482421875 176.0749969482421875 183.212493896484375 195.2062530517578125 211.649993896484375 227.5625 242.381256103515625 257.5625 269.725006103515625 280.66876220703125 283.54376220703125 281.61248779296875 280.21875 279.96875 284.0625 285.0625 286.14373779296875 286.024993896484375 284.649993896484375 280.368743896484375 277.431243896484375 272.375 264.92498779296875
269.20001220703125 284.70623779296875 292.20001220703125 303.29998779296875 311.693756103515625 312.4375 311.162506103515625 307.350006103515625 296.82501220703125 283.63751220703125 269.91876220703125 257.118743896484375 245.3000030517578125 236.2687530517578125 226.399993896484375 219.53125 211.8125 203.1437530517578125 192.806243896484375 181.662506103515625 176.0187530517578125 168.7312469482421875 163.2750091552734375 163.493743896484375 172.6687469482421875 186.6437530517578125 206.806243896484375 224.3000030517578125 243.4499969482421875 260.70001220703125 279.506256103515625 296.693756103515625 301.57501220703125 296.381256103515625 290.32501220703125 287.725006103515625 287.76251220703125 286.64373779296875 285.537506103515625 284.42498779296875 282.850006103515625 276.95001220703125 271.71875 264.85626220703125 259.20623779296875
280.15625 290.806243896484375 297.59375 304.118743896484375 307.64373779296875 307.881256103515625 304.04376220703125 297.337493896484375 287.61248779296875 280.087493896484375 270.85626220703125 259.79376220703125 250.25 242.2375030517578125 232.837493896484375 224.8312530517578125 216.3625030517578125 205.9187469482421875 195.837493896484375 185.1125030517578125 176.0749969482421875 166.7312469482421875 158.1875 157.537506103515625 168.649993896484375 181.881256103515625 202.9562530517578125 222.087493896484375 243.181243896484375 262.5625 284.806243896484375 305.64373779296875 313.10626220703125 304.91876220703125 296.1875 291.36248779296875 289.443756103515625 287.10626220703125 284.16876220703125 282.41876220703125 278.96875 273.9375 267.98126220703125 262.34375 261.65625
294.537506103515625 301.381256103515625 303.975006103515625 305.774993896484375 307.006256103515625 303.70623779296875 299.53125 290.66876220703125 283.73126220703125 277.662506103515625 268.225006103515625 261.01251220703125 253.53125 247.7937469482421875 239.1062469482421875 229.65625 221.556243896484375 212.8625030517578125 201.03125 190.5749969482421875 180.9875030517578125 169.943756103515625 163.693756103515625 163.431243896484375 171.037506103515625 182.993743896484375 201.524993896484375 221.350006103515625 241.9375 262.07501220703125 282.493743896484375 301.381256103515625 306.712493896484375 301.506256103515625 295.85626220703125 290.693756103515625 289.20001220703125 287.01251220703125 284.037506103515625 281.29376220703125 278.11248779296875 273.125 267.34375 263.693756103515625 270.037506103515625
306.412506103515625 311.26251220703125 309.225006103515625 307.787506103515625 304.787506103515625 297.91876220703125 291.76251220703125 286.32501220703125 282.337493896484375 275.60626220703125 269.17498779296875 263.38751220703125 256.92498779296875 252.431243896484375 246.0187530517578125 239.3312530517578125 231.7312469482421875 220.1125030517578125 209.493743896484375 197.931243896484375 187.881256103515625 176.4187469482421875 169.75 170.943756103515625 176.306243896484375 186.3562469482421875 203.7937469482421875 222.3000030517578125 241.662506103515625 260.087493896484375 276.568756103515625 292.04376220703125 294.08123779296875 292.84375 289.962493896484375 287.274993896484375 287.118743896484375 286.14373779296875 283.912506103515625 279.78125 274.04998779296875 269.318756103515625 265.493743896484375 269.89373779296875 277.08123779296875
315.70001220703125 317.975006103515625 313.743743896484375 306.662506103515625 302.46875 296.681243896484375 290.96875 286.368743896484375 281.725006103515625 275.625 271.0625 266.34375 263.649993896484375 260.26251220703125 254.368743896484375 247.5500030517578125 240.412506103515625 231.850006103515625 220.2624969482421875 206.993743896484375 194.9499969482421875 185.274993896484375 179.1750030517578125 179.1062469482421875 182.537506103515625 190.7624969482421875 207.131256103515625 223.193756103515625 240.75 255.9312591552734375 269.70001220703125 280.631256103515625 282.8125 283.78125 283.5 282.48126220703125 284.11248779296875 284.431243896484375 281.225006103515625 279.73748779296875 277.337493896484375 274.243743896484375 270.54376220703125 274.756256103515625 276.475006103515625
321.8125 321 314.618743896484375 307.350006103515625 302.61248779296875 295.9375 291.0625 284.881256103515625 280.475006103515625 276.587493896484375 273.23748779296875 270.368743896484375 270.256256103515625 266.20001220703125 261.88751220703125 256.39373779296875 251.443756103515625 243.21875 232.6062469482421875 219.868743896484375 206.818756103515625 195.193756103515625 187.368743896484375 185.350006103515625 186.774993896484375 196.1687469482421875 209.100006103515625 224.537506103515625 239.8125 250.962493896484375 262.368743896484375 271.29998779296875 274.6875 276.193756103515625 276.149993896484375 277.006256103515625 277.32501220703125 278.76251220703125 279.318756103515625 278.962493896484375 277.82501220703125 274.76251220703125 273.0625 273.4375 275.399993896484375
324.399993896484375 321.462493896484375 314.35626220703125 308.79998779296875 302.693756103515625 293.96875 288.90625 282.26873779296875 278.212493896484375 274.625 273.024993896484375 274.274993896484375 273.39373779296875 271.73126220703125 268.11248779296875 264.256256103515625 257.868743896484375 250.5625 240 230.40625 217.4875030517578125 205.1875 195.2375030517578125 192.9875030517578125 195.8000030517578125 201.6125030517578125 212.09375 226.243743896484375 238.506256103515625 248.131256103515625 257.774993896484375 264.98126220703125 266.21875 267.712493896484375 268.537506103515625 269.65625 271.625 271.881256103515625 272.5625 272.66876220703125 275.79998779296875 274.524993896484375 272.587493896484375 272.75 274.45001220703125
321.78125 316.14373779296875 310.274993896484375 304.4375 300.118743896484375 291.63751220703125 284 278.63751220703125 274.212493896484375 272.65625 275.28125 275.82501220703125 278.03125 278.89373779296875 275.625 271.287506103515625 266.70001220703125 260.04998779296875 248.943756103515625 238.5500030517578125 227.9250030517578125 216.1875 205.9250030517578125 203.712493896484375 206.09375 208.5187530517578125 218.1437530517578125 228.7687530517578125 239.181243896484375 247.4812469482421875 253.631256103515625 257.83123779296875 258.1875 259.70623779296875 260.70623779296875 262.83123779296875 264.20623779296875 265.125 263.79998779296875 268.431243896484375 269.9375 268.58123779296875 268.23748779296875 269.66876220703125 271.875
316.42498779296875 311.5625 306.90625 301.375 296.20001220703125 289.756256103515625 282.443756103515625 275.04998779296875 270.493743896484375 269.3125 270.899993896484375 276.306243896484375 281.32501220703125 281.587493896484375 280.1875 276.04998779296875 272.806243896484375 266.399993896484375 256.631256103515625 246.6750030517578125 236.6437530517578125 226.1125030517578125 216.7312469482421875 212.3000030517578125 214.4187469482421875 215.625 222.15625 230.568756103515625 239.3312530517578125 244.037506103515625 247.96875 251.681243896484375 251.5749969482421875 252.287506103515625 253.2687530517578125 254.5 256.04376220703125 254.3000030517578125 256.90625 260.09375 260.26251220703125 260.618743896484375 261.587493896484375 263.86248779296875 267.09375
308.712493896484375 305.71875 303.09375 296.875 291.51873779296875 284.306243896484375 276.54998779296875 270.212493896484375 264.03125 261.3125 266.20623779296875 275.82501220703125 285.024993896484375 289.96875 287.83123779296875 284.20001220703125 279.29998779296875 270.86248779296875 263.64373779296875 252.71875 244.9250030517578125 233.993743896484375 225.443756103515625 219.6062469482421875 219.9250030517578125 221.9875030517578125 227.1374969482421875 232.4187469482421875 239.381256103515625 243.1875 244.475006103515625 246.6437530517578125 244.868743896484375 245.5500030517578125 245.181243896484375 245.09375 244.375 248.037506103515625 249.774993896484375 250.8562469482421875 250.2375030517578125 251.1437530517578125 252.9875030517578125 254.8625030517578125 255.84375
301.193756103515625 300.17498779296875 297.162506103515625 291.806243896484375 285.975006103515625 277.89373779296875 271.04376220703125 263.73126220703125 255.1875 251.1062469482421875 255.1875 268.59375 283.23748779296875 290.243743896484375 289.537506103515625 286.83123779296875 283.068756103515625 275.91876220703125 269.07501220703125 261.45001220703125 252.756256103515625 243.600006103515625 232.568756103515625 227.931243896484375 226.4812469482421875 227.6999969482421875 232.21875 237.1062469482421875 242.337493896484375 243.3249969482421875 243.15625 242.600006103515625 240.125 240.537506103515625 238.3937530517578125 235.28125 237.931243896484375 240.600006103515625 240.53125 241.375 242.100006103515625 242.274993896484375 242.806243896484375 244.631256103515625 244.03125
294.23748779296875 294.899993896484375 291.375 287.087493896484375 281.28125 273.962493896484375 267.79376220703125 258.20001220703125 246.431243896484375 238.53125 245.7375030517578125 266.350006103515625 279.568756103515625 285.07501220703125 287.91876220703125 287.13751220703125 282.600006103515625 277.29376220703125 272.17498779296875 263.818756103515625 256.63751220703125 247.8312530517578125 237.818756103515625 233.962493896484375 231.6062469482421875 232.2624969482421875 236.743743896484375 241.2437591552734375 244.6374969482421875 243.306243896484375 242.443756103515625 241.1999969482421875 238.0437469482421875 235.5437469482421875 232.09375 230.3249969482421875 231.9499969482421875 234.28125 235.131256103515625 233.15625 233.2062530517578125 232.65625 233.75 234.5124969482421875 234.7687530517578125
290.51873779296875 289.337493896484375 285.131256103515625 282.07501220703125 276.89373779296875 271.100006103515625 264.4375 254.600006103515625 244.600006103515625 234.931243896484375 248.8125 269.068756103515625 278.625 283.11248779296875 285.587493896484375 285.85626220703125 281.256256103515625 277.71875 270.82501220703125 262.46875 256.16876220703125 247.8874969482421875 241.0625 237.493743896484375 235.037506103515625 236.774993896484375 238.4250030517578125 243.537506103515625 246.7937469482421875 244.975006103515625 240.975006103515625 238.8125 236.4499969482421875 232.4499969482421875 226.5187530517578125 227.1999969482421875 227.743743896484375 227.4812469482421875 229.149993896484375 227.399993896484375 225.1374969482421875 224.7937469482421875 223.587493896484375 222.84375 223.975006103515625
285.29376220703125 281.368743896484375 277.82501220703125 275.71875 272.66876220703125 265.993743896484375 260.631256103515625 254.5437469482421875 251.71875 255.8000030517578125 270.443756103515625 277.806243896484375 278.931243896484375 281.89373779296875 283.70001220703125 281.931243896484375 278.23748779296875 274.212493896484375 265.76251220703125 259.67498779296875 253.3625030517578125 245.75 240.0999908447265625 238.4937591552734375 237.2375030517578125 236.7312469482421875 238.7062530517578125 242.787506103515625 245.3125 245.131256103515625 242.59375 238.2937469482421875 235.8000030517578125 233.3312530517578125 231.962493896484375 229.743743896484375 227.8312530517578125 227.756256103515625 226.6875 222.9875030517578125 221.03125 221 218.9187469482421875 219.024993896484375 219.787506103515625
279.037506103515625 275.84375 273.024993896484375 271.5 268.975006103515625 264.70623779296875 258.787506103515625 258.0625 259.3125 264.068756103515625 271.875 278.29998779296875 279.20001220703125 280.70623779296875 281.3125 278.73748779296875 275.01873779296875 270.943756103515625 262.368743896484375 255.256256103515625 248.625 244.243743896484375 237.087493896484375 235.3375091552734375 236.8874969482421875 237.25 239.15625 242.6687469482421875 244.931243896484375 244.806243896484375 241.193756103515625 241.8562469482421875 241.7937469482421875 239.4375 238.056243896484375 234.8249969482421875 231.3562469482421875 229.7687530517578125 226.693756103515625 220.712493896484375 217.3937530517578125 216.993743896484375 213.9250030517578125 213.4562530517578125 215.5749969482421875
