data/historical-monthly-weather-data/wc2.1_cruts4.09_10m_prec_1974-01.asc
ncols        51
nrows        45
xllcorner    -63.500000000000
yllcorner    -7.500000000000
cellsize     0.166666666667
NODATA_value -9999
[rows 20 to 39 of 45, columns 0 to 44 of 51]
272.350006103515625 268.79998779296875 271.756256103515625 277.48748779296875 284.006256103515625 295.26873779296875 307.98748779296875 318.29376220703125 326.04998779296875 331.162506103515625 335.381256103515625 341.48126220703125 351.04998779296875 361.537506103515625 353.29998779296875 333.95001220703125 320.100006103515625 310.912506103515625 308.756256103515625 304.9375 295.625 283.17498779296875 270.53125 265.16876220703125 261.475006103515625 258.631256103515625 258.431243896484375 259.287506103515625 259.98126220703125 262.149993896484375 258.96875 251.618743896484375 239.5124969482421875 226.8937530517578125 216 228.100006103515625 247.868743896484375 260.962493896484375 262.381256103515625 254.625 241.493743896484375 229.850006103515625 221.7624969482421875 215.8625030517578125 213.850006103515625
276.493743896484375 271.274993896484375 274.493743896484375 281.98748779296875 291.51251220703125 303.91876220703125 317.04376220703125 329.993743896484375 337.8125 337.96875 335.60626220703125 331.78125 331.818756103515625 335.84375 334.76251220703125 326.850006103515625 321.306243896484375 315.256256103515625 311.60626220703125 307.96875 295.71875 283.756256103515625 273.51251220703125 268.60626220703125 265.23126220703125 263.193756103515625 265.53125 264.64373779296875 262.475006103515625 260.79376220703125 254.131256103515625 246.1062469482421875 238.0124969482421875 232.662506103515625 230.1125030517578125 240.8625030517578125 260.67498779296875 276.181243896484375 277.006256103515625 265.98748779296875 250.1125030517578125 236.8937530517578125 227.2312469482421875 219.9812469482421875 217.0625
281.125 275.743743896484375 277.28125 284.98126220703125 296.6875 311.881256103515625 325.98126220703125 340.21875 350.51251220703125 344.787506103515625 332.39373779296875 317.65625 308.462493896484375 310.381256103515625 317.14373779296875 319.85626220703125 318.774993896484375 315.287506103515625 311.82501220703125 307.506256103515625 296.256256103515625 284.043731689453125 273.087493896484375 267.96875 266.443756103515625 266.75 270.1875 268.725006103515625 264.4375 258.82501220703125 250.6999969482421875 243.6374969482421875 242.4812469482421875 242.5749969482421875 246.0187530517578125 255.743743896484375 275.08123779296875 296.975006103515625 294.98748779296875 275.787506103515625 256.48748779296875 242.6125030517578125 230.274993896484375 221.9499969482421875 219.006256103515625
288.506256103515625 281.712493896484375 281.36248779296875 289.431243896484375 302.931243896484375 317.57501220703125 332.35626220703125 345.83123779296875 352.931243896484375 343.17498779296875 326.39373779296875 308.42498779296875 288.90625 293.274993896484375 305.90625 312.59375 314.34375 312.23126220703125 309.46875 305.693756103515625 293.899993896484375 281.899993896484375 271.45623779296875 266.17498779296875 265.962493896484375 266.70623779296875 271.60626220703125 269.493743896484375 264.881256103515625 260.96875 255.28125 251.181243896484375 251.962493896484375 254.4937591552734375 259.48126220703125 268.493743896484375 283.756256103515625 301.256256103515625 297.8125 278.39373779296875 258.3125 243.1437530517578125 230.3874969482421875 221.587493896484375 220.3125
297.662506103515625 290.41876220703125 287.61248779296875 298.23126220703125 314.868743896484375 327.350006103515625 338.631256103515625 348.212493896484375 349.70623779296875 341.54998779296875 327.04998779296875 311.087493896484375 297.725006103515625 297.29376220703125 304.07501220703125 310.36248779296875 313.212493896484375 312.54998779296875 309.0625 303.006256103515625 291.29998779296875 278.412506103515625 267.787506103515625 262.162506103515625 261.712493896484375 264.29998779296875 268.03125 269.59375 267.399993896484375 266.76873779296875 264.65625 264.118743896484375 264.29998779296875 266.9375 271.274993896484375 276.274993896484375 285.618743896484375 291.131256103515625 286.40625 272.70623779296875 255 240.631256103515625 228.3312530517578125 220.8312530517578125 218.8625030517578125
313.381256103515625 310.10626220703125 308.5 317.725006103515625 329.04376220703125 338.76251220703125 346.056243896484375 349.88751220703125 348.1875 340.64373779296875 330.318756103515625 319.71875 309.96875 306.46875 308.412506103515625 312.16876220703125 314.962493896484375 314.037506103515625 310.09375 302.64373779296875 291.20001220703125 276.04998779296875 264.1875 256.39373779296875 257.125 261.71875 268.26251220703125 271.25 272.181243896484375 272.024993896484375 274.649993896484375 276.962493896484375 278.11248779296875 278.41876220703125 280.931243896484375 282.024993896484375 284.73126220703125 283.71875 277.20001220703125 265 249.9875030517578125 236.337493896484375 223.7312469482421875 217.1875 218.8562469482421875
329.743743896484375 328.487518310546875 330.36248779296875 336.493743896484375 342.912506103515625 348.86248779296875 353.25 352.568756103515625 348.79376220703125 343.54376220703125 335.881256103515625 327.75 319.912506103515625 315.462493896484375 314.912506103515625 316.98126220703125 318.48126220703125 316.931243896484375 313.662506103515625 304.787506103515625 291.35626220703125 277.70623779296875 262.84375 253.9187469482421875 257.64373779296875 262.54998779296875 269.225006103515625 273.70001220703125 276.631256103515625 278.75 283.57501220703125 287.09375 289.42498779296875 288.76251220703125 287.868743896484375 287.043731689453125 286.04998779296875 280.88751220703125 271.84375 260.67498779296875 246.3874969482421875 232.7375030517578125 221.318756103515625 215.806243896484375 223.65625
349.03125 348.20001220703125 351.6875 356.024993896484375 359.756256103515625 360.91876220703125 360.943756103515625 357.59375 353.212493896484375 347.34375 340.899993896484375 334.431243896484375 326.95623779296875 321.84375 320.54376220703125 321.59375 321.899993896484375 322.506256103515625 317.04998779296875 309.51251220703125 298.35626220703125 283.712493896484375 273.600006103515625 265.79998779296875 265.89373779296875 268.38751220703125 274 277.881256103515625 281.537506103515625 286.16876220703125 290.381256103515625 294.07501220703125 295.70623779296875 294.0625 292.67498779296875 290.14373779296875 285.931243896484375 279.85626220703125 271.01251220703125 258.86248779296875 245.8874969482421875 233.443756103515625 221.3874969482421875 217.475006103515625 234.65625
365.600006103515625 366.850006103515625 370.28125 374.70623779296875 376.625 373.506256103515625 367.76873779296875 363.274993896484375 357.21875 351.5625 346.1875 339.61248779296875 332.79998779296875 329.225006103515625 328 329.193756103515625 331.59375 330.07501220703125 325.45001220703125 318.0625 306.881256103515625 293.86248779296875 285.0625 278.63751220703125 276.375 276.350006103515625 280.774993896484375 284.16876220703125 288.4375 293.07501220703125 296.21875 299.08123779296875 299.931243896484375 299.149993896484375 297.868743896484375 293.462493896484375 288.868743896484375 281.85626220703125 273.256256103515625 261.07501220703125 246.631256103515625 235.756256103515625 227.931243896484375 230.068756103515625 248.4937591552734375
373.818756103515625 375.631256103515625 381.14373779296875 386.96875 387.61248779296875 380.1875 371.29998779296875 365.57501220703125 358.83123779296875 352.29376220703125 348.212493896484375 344.04376220703125 339.125 336.274993896484375 336.524993896484375 337.08123779296875 337.89373779296875 337.506256103515625 334.79998779296875 326.3125 315.024993896484375 304.73126220703125 295.70623779296875 289.006256103515625 286.33123779296875 285.66876220703125 288.48126220703125 290.91876220703125 294.537506103515625 298.16876220703125 301.89373779296875 304.57501220703125 304.46875 304.912506103515625 303.48748779296875 299.20001220703125 293.756256103515625 288.25 279.600006103515625 269.024993896484375 257.912506103515625 250.75 246.90625 250.5812530517578125 261.875
377.26251220703125 379.71875 383.38751220703125 389.287506103515625 391.66876220703125 380.350006103515625 371.649993896484375 364.625 357.975006103515625 352.743743896484375 350.09375 347.462493896484375 344.443756103515625 341.59375 342.82501220703125 343.33123779296875 344.731231689453125 345.375 343.08123779296875 335.131256103515625 323.54376220703125 312.92498779296875 305.54376220703125 298.837493896484375 295.037506103515625 295.0625 297.04998779296875 298.41876220703125 301.88751220703125 304.399993896484375 307.8125 310.524993896484375 310.0625 310.53125 309.42498779296875 305.212493896484375 299.60626220703125 295.39373779296875 288.76251220703125 279.6875 271.57501220703125 267.5625 266.45623779296875 268.037506103515625 277.45001220703125
376.03125 377.756256103515625 379.95001220703125 382.91876220703125 382.5 374.068756103515625 368.431243896484375 360.96875 355.274993896484375 351.01873779296875 349.243743896484375 348.09375 346.993743896484375 346.79998779296875 348.625 348.975006103515625 348.23126220703125 348.14373779296875 344.5625 338.568756103515625 327.73126220703125 318.20623779296875 312.125 305.850006103515625 303.71875 303.149993896484375 303.8125 305.26873779296875 306.931243896484375 310.48126220703125 313.587493896484375 316.056243896484375 316.15625 316.8125 316.23126220703125 311.5625 307.868743896484375 302.350006103515625 295.79998779296875 289.25 286.056243896484375 285.09375 286.23126220703125 291.256256103515625 300.71875
366.787506103515625 367.95623779296875 370.024993896484375 371.462493896484375 368.931243896484375 362.243743896484375 355.88751220703125 349.98748779296875 344.1875 343.71875 346.34375 347.70001220703125 351.04998779296875 354.51251220703125 354.662506103515625 353.337493896484375 350.618743896484375 347.92498779296875 343.506256103515625 338.350006103515625 329.006256103515625 320.443756103515625 314.256256103515625 310.83123779296875 308.9375 309.106231689453125 309.51251220703125 309.20001220703125 310.84375 316.23748779296875 319.48126220703125 321.181243896484375 322.556243896484375 324.53125 324.01873779296875 320.899993896484375 317.193756103515625 312.58123779296875 306.306243896484375 304.912506103515625 303.38751220703125 304.78125 308.693756103515625 316.649993896484375 332.07501220703125
355.337493896484375 356.28125 357.375 358.07501220703125 354.20623779296875 348.681243896484375 343.337493896484375 337.54998779296875 333.462493896484375 333.09375 338.306243896484375 346.693756103515625 355.056243896484375 359.89373779296875 359.381256103515625 355.868743896484375 352.78125 349.475006103515625 343.20623779296875 336.756256103515625 328.75 321.4375 315.993743896484375 313.23748779296875 312.29998779296875 312.381256103515625 312.40625 313.29376220703125 316.0625 320.53125 325.368743896484375 328.193756103515625 329.79376220703125 332.92498779296875 333.45001220703125 330.725006103515625 326.76873779296875 321.524993896484375 318.98126220703125 319.068756103515625 318.59375 322.318756103515625 328.787506103515625 338.649993896484375 355.51873779296875
345.756256103515625 345.25 345.61248779296875 344.368743896484375 341.21875 336.51873779296875 330.212493896484375 324.45623779296875 318.712493896484375 320.318756103515625 330.306243896484375 343.73748779296875 359.162506103515625 367.868743896484375 365.66876220703125 359.3125 353.78125 348.39373779296875 341.743743896484375 333.40625 327.13751220703125 320.875 316.21875 314.006256103515625 314.125 313.53125 314.91876220703125 316.92498779296875 319.86248779296875 324.26873779296875 329.818756103515625 334.84375 337.73126220703125 340.39373779296875 341.318756103515625 338.787506103515625 334.212493896484375 332.34375 331.39373779296875 331 331.95001220703125 335.668731689453125 343.03125 352.556243896484375 366.274993896484375
337.17498779296875 335.41876220703125 334.618743896484375 332.431243896484375 328.92498779296875 322.58123779296875 316.51251220703125 308.943756103515625 301.66876220703125 301.8125 314.57501220703125 334.90625 355.78125 367.66876220703125 366.287506103515625 360.15625 352.86248779296875 346.556243896484375 339.20623779296875 330.537506103515625 323.881256103515625 319.006256103515625 314.225006103515625 311.83123779296875 311.98126220703125 312.881256103515625 314.412506103515625 317.07501220703125 320.95623779296875 326.118743896484375 333.337493896484375 339.14373779296875 344.07501220703125 348.0625 349.67498779296875 346.48748779296875 345.506256103515625 343.09375 340.5 340.431243896484375 341.92498779296875 346.07501220703125 351.993743896484375 360.66876220703125 370.38751220703125
328.51873779296875 326.28125 323.78125 320.962493896484375 317.10626220703125 311.26251220703125 306.024993896484375 297.51873779296875 287.08123779296875 280.76873779296875 299.149993896484375 331.70623779296875 354.381256103515625 364.07501220703125 364.125 358.95001220703125 351.587493896484375 344.5 336.368743896484375 326.931243896484375 321.024993896484375 314.993743896484375 310.881256103515625 308.868743896484375 309.587493896484375 311.51251220703125 313.774993896484375 317.625 322.01251220703125 328.54376220703125 336.53125 343.54998779296875 350.33123779296875 355.912506103515625 358.4375 356.5 354.73748779296875 351.5625 349.587493896484375 348.29376220703125 347.693756103515625 351.25 357.86248779296875 364.837493896484375 371.58123779296875
320.462493896484375 317.6875 314.443756103515625 311.95001220703125 308.57501220703125 304.79998779296875 299.875 292.91876220703125 284.28125 275.92498779296875 309.51873779296875 343.256256103515625 357.98748779296875 363.58123779296875 363.01251220703125 357.693756103515625 349.556243896484375 342.82501220703125 334.90625 325.181243896484375 318.23126220703125 311.1875 306.537506103515625 305.0625 306.28125 309.29998779296875 311.79376220703125 316.23126220703125 321.66876220703125 330.100006103515625 338.475006103515625 345.4375 353.337493896484375 360.712493896484375 364.25 363.04376220703125 359.96875 357.493743896484375 355.76873779296875 353.48126220703125 351.337493896484375 355.131256103515625 359.256256103515625 363.04998779296875 369.16876220703125
318.21875 312.725006103515625 309.868743896484375 307.037506103515625 304.199981689453125 301.125 297.34375 296.03125 298.98748779296875 315.587493896484375 354.66876220703125 361.90625 362.881256103515625 364.1875 362.45623779296875 356.76873779296875 350.131256103515625 342.056243896484375 333.068756103515625 323.41876220703125 314.118743896484375 306.64373779296875 302.087493896484375 301.006256103515625 302.162506103515625 305.3125 309.23126220703125 314.725006103515625 321.431243896484375 331.04376220703125 339.024993896484375 345.54376220703125 351.95001220703125 356.79998779296875 362.693756103515625 361.443756103515625 357.70623779296875 355.46875 352.46875 348.131256103515625 345.73126220703125 347.662506103515625 349.8125 353.931243896484375 358.868743896484375
317.125 310.9375 306.875 302.693756103515625 301.4375 300.08123779296875 298.98126220703125 302.681243896484375 312.162506103515625 330.26251220703125 351.54376220703125 361.83123779296875 363.54376220703125 364.23748779296875 361.649993896484375 357.29376220703125 351.26873779296875 343.28125 332.125 321.037506103515625 308.60626220703125 301.024993896484375 296.41876220703125 295.524993896484375 297.5625 300.84375 306.087493896484375 313.274993896484375 320.48748779296875 329.51873779296875 336.787506103515625 344.587493896484375 351.681243896484375 355.587493896484375 357.89373779296875 356.493743896484375 352.98126220703125 350.068756103515625 346.04998779296875 340.79998779296875 338.17498779296875 338.85626220703125 339.16876220703125 341.75 346.125
