data/historical-monthly-weather-data/wc2.1_cruts4.09_10m_prec_1967-07.asc
ncols        51
nrows        45
xllcorner    -63.500000000000
yllcorner    -7.500000000000
cellsize     0.166666666667
NODATA_value -9999
[rows 0 to 18 of 45, columns 0 to 42 of 51]
203.4812469482421875 188.9499969482421875 183.537506103515625 183.2062530517578125 180.725006103515625 181.84375 183.212493896484375 182.7375030517578125 186.2937469482421875 191.4375 193.1437530517578125 194.6374969482421875 195.0749969482421875 198.524993896484375 203.0562591552734375 205.4499969482421875 207.462493896484375 204.8000030517578125 203.71875 205.118743896484375 205.6062469482421875 200.4812469482421875 196.625 192.0124969482421875 189.4812469482421875 183.6437530517578125 180.774993896484375 178.4187469482421875 173.7062530517578125 170.6687469482421875 160.631256103515625 154.9812469482421875 154.4875030517578125 150.90625 147.162506103515625 142.8249969482421875 136.006256103515625 136.5187530517578125 131.181243896484375 127.0812530517578125 127.65000152587890625 128.881256103515625 126.08750152587890625
194.725006103515625 179.006256103515625 172.4375 171.1374969482421875 169.337493896484375 170.274993896484375 170.899993896484375 171.462493896484375 174.787506103515625 177.4562530517578125 178.537506103515625 178.712493896484375 179.024993896484375 180.462493896484375 182.212493896484375 184.412506103515625 185.537506103515625 184.7062530517578125 185.681243896484375 186.6999969482421875 181.78125 180.243743896484375 178.03125 177.5500030517578125 171.2062530517578125 167.2062530517578125 166.056243896484375 165.431243896484375 160.5625 154.506256103515625 148.693756103515625 147.556243896484375 146.1750030517578125 145.8125 143.181243896484375 136.90625 130.743743896484375 129.193756103515625 123.8125 121.5124969482421875 123.4562530517578125 122.3312530517578125 120.7062530517578125
177.2312469482421875 166.756256103515625 162.600006103515625 157.9499969482421875 153.181243896484375 152.243743896484375 153.318756103515625 156.287506103515625 159.8000030517578125 161.8000030517578125 162.4562530517578125 161.1125030517578125 162.756256103515625 161.087493896484375 161.725006103515625 162.7375030517578125 164.2624969482421875 163.118743896484375 162.475006103515625 164.068756103515625 159.475006103515625 158.3625030517578125 157.2624969482421875 155.8249969482421875 151.9812469482421875 146.625 150.3249969482421875 149.6875 147.087493896484375 142.868743896484375 137.868743896484375 132.03125 131.693756103515625 133.5500030517578125 127.13750457763671875 120.6687469482421875 118.0124969482421875 118.21250152587890625 112.8562469482421875 111.2312469482421875 112.2937469482421875 112.27500152587890625 109.9250030517578125
162.1875 150.28125 147.7312469482421875 144.8937530517578125 138.09375 135.3312530517578125 135.118743896484375 139.375 144.4812469482421875 147.087493896484375 144.7624969482421875 143.3874969482421875 143.681243896484375 144.96875 144.0062408447265625 143.1750030517578125 142.962493896484375 142.15625 142.899993896484375 147.006256103515625 143.5124969482421875 138.2624969482421875 136.3312530517578125 136.3312530517578125 134.118743896484375 130.7312469482421875 132.1999969482421875 129.881256103515625 130.7687530517578125 130.96875 126.8937530517578125 121.0187530517578125 117.0812530517578125 114.1374969482421875 109.65625 109.7624969482421875 109.21250152587890625 105.0187530517578125 101.7937469482421875 99.71875 102.1374969482421875 103.85625457763671875 102.16249847412109375
163.899993896484375 145.7937469482421875 131.9875030517578125 127.9562530517578125 124.7687530517578125 121.1062469482421875 121.75 124.71250152587890625 128.337493896484375 129.5812530517578125 130.5749969482421875 128.59375 128.65625 128.8625030517578125 127.70624542236328125 127.05625152587890625 126.1062469482421875 125.86875152587890625 123.6750030517578125 125.75624847412109375 124.3562469482421875 119.38124847412109375 116.3874969482421875 119.5500030517578125 117.21875 114.09375 114.40625 117.1875 118.09999847412109375 115.21875 112.96250152587890625 109.6875 107.8125 104.1750030517578125 99.9499969482421875 96.52500152587890625 95.8874969482421875 94.36875152587890625 90.8937530517578125 90.1999969482421875 91.7312469482421875 91.2062530517578125 92.21250152587890625
152.4250030517578125 139.3874969482421875 127.6062469482421875 110.5812530517578125 109.43125152587890625 113.71250152587890625 113.83750152587890625 114.93125152587890625 119.26250457763671875 119.9250030517578125 119.4250030517578125 118.5124969482421875 119.0187530517578125 116.44374847412109375 116.96250152587890625 116.21250152587890625 113.41249847412109375 110.1374969482421875 109.0749969482421875 110.75624847412109375 108.99375152587890625 105.94374847412109375 104.83750152587890625 103.9375 104.0749969482421875 102.6999969482421875 103.4375 105.6374969482421875 105.79999542236328125 103.2687530517578125 101.03125 100.34999847412109375 96.9250030517578125 94.9375 89.9187469482421875 87.71250152587890625 83.4562530517578125 82.2624969482421875 82.06874847412109375 83.0187530517578125 81.22499847412109375 82.2687530517578125 82.05625152587890625
143.0437469482421875 131.0812530517578125 120.78749847412109375 109.9562530517578125 101.3625030517578125 98.6062469482421875 101.81874847412109375 104.99375152587890625 106.875 108.71875 109.71875 107.2312469482421875 109.0749969482421875 107.90625 106.2687530517578125 106.2937469482421875 105.0124969482421875 98.7937469482421875 94.03749847412109375 96.4812469482421875 94.69374847412109375 92.0187530517578125 90.28749847412109375 91.66249847412109375 91.7687530517578125 92.6687469482421875 95.6875 95.125 94.1687469482421875 94.3562469482421875 91.5187530517578125 87.81874847412109375 84.4250030517578125 83.50624847412109375 81.1062469482421875 77.78749847412109375 73.75624847412109375 71.6062469482421875 72.3312530517578125 73.84375 72.05625152587890625 71.40000152587890625 72.13124847412109375
136.3000030517578125 122.67499542236328125 114.25624847412109375 106.21250152587890625 99.61875152587890625 100.21250152587890625 97.11875152587890625 91.5749969482421875 91.50624847412109375 93.71875 95.6125030517578125 96.7375030517578125 98.25 97.3000030517578125 97.125 96.53749847412109375 94.15625 88.41249847412109375 83.65625 80.91249847412109375 82.24375152587890625 81.78125 79.8625030517578125 81.11875152587890625 82.9499969482421875 81.90000152587890625 84.4812469482421875 83.52500152587890625 85.08750152587890625 82.9375 82.6875 79.34999847412109375 76.63124847412109375 73.4875030517578125 70.09999847412109375 66.09999847412109375 62.868747711181640625 61.143749237060546875 60.362499237060546875 60.075000762939453125 59.512500762939453125 60.168750762939453125 60.58750152587890625
129.46875 117.20624542236328125 108.53749847412109375 102.74375152587890625 97.8000030517578125 96.1437530517578125 94.16249847412109375 91.5749969482421875 88.8937530517578125 86.05625152587890625 86.375 86.38124847412109375 91.1125030517578125 90.4250030517578125 89.03125 87.125 85.5187530517578125 82.55625152587890625 81.00624847412109375 75.2375030517578125 73.34999847412109375 75.0625 73.6999969482421875 76.03749847412109375 77.28125 74.6062469482421875 74.97499847412109375 78.00624847412109375 79.9562530517578125 77.4875030517578125 77.84375 73.06874847412109375 67.40625 63.30625152587890625 60.68125152587890625 59.643749237060546875 58.043750762939453125 56.887500762939453125 55.043750762939453125 53.424999237060546875 52.28749847412109375 52.299999237060546875 52.950000762939453125
121.1437530517578125 110.8249969482421875 104.1875 99.05625152587890625 94.53125 94.2312469482421875 92.09375 89.7375030517578125 88.55625152587890625 87.90000152587890625 85.41249847412109375 82.3625030517578125 85.2312469482421875 85.7375030517578125 83.6125030517578125 81.4187469482421875 77.5187530517578125 77.0749969482421875 76.24375152587890625 73.40000152587890625 71.2062530517578125 68.59999847412109375 66.27500152587890625 68.47499847412109375 68.97499847412109375 69.28125 69.5187530517578125 71.56874847412109375 72.1999969482421875 70.6999969482421875 70.03749847412109375 65.8937530517578125 61.9375 57.68125152587890625 54.21250152587890625 53.512500762939453125 52.40625 51.393749237060546875 49.84375 49.512500762939453125 49.262500762939453125 48.387500762939453125 46.918750762939453125
115.75624847412109375 106.47499847412109375 99.94374847412109375 95.9562530517578125 91.5187530517578125 91.2375030517578125 89.75624847412109375 85.59375 83.03125 82.74375152587890625 82.71875 81.4375 79.1999969482421875 80.4499969482421875 76.08750152587890625 72.68125152587890625 70.4562530517578125 70.2937469482421875 69.83750152587890625 70.52500152587890625 70.65625 67.33750152587890625 62.59375 59.56874847412109375 62.97499847412109375 66.875 67.46875 67.8125 65.90000152587890625 64.5749969482421875 63.25 61.36875152587890625 58.00624847412109375 53.3125 50.53125 48.96250152587890625 47.77500152587890625 45.5 46.18125152587890625 45.24375152587890625 43.762500762939453125 42.59999847412109375 42.362499237060546875
111.9562530517578125 102.3249969482421875 96.66249847412109375 93.34375 89.8625030517578125 89.65000152587890625 88.9250030517578125 85.11875152587890625 81.5749969482421875 78.9875030517578125 78.0124969482421875 77.8125 73.24375152587890625 71.8937530517578125 70.49375152587890625 66.1437530517578125 64.13124847412109375 64.19374847412109375 64.43125152587890625 66.40625 69.0500030517578125 67.18125152587890625 64.78125 60.581249237060546875 60.03749847412109375 58.71875 59.44374847412109375 61.11875152587890625 60.700000762939453125 59.206249237060546875 56.612499237060546875 55.112499237060546875 52.86875152587890625 49.799999237060546875 47.918750762939453125 47.15000152587890625 45.325000762939453125 44.55625152587890625 42.53749847412109375 41.68125152587890625 40.018749237060546875 39.737499237060546875 37.674999237060546875
105.1125030517578125 98.0437469482421875 93.90000152587890625 89.6374969482421875 85.59375 85.5749969482421875 83.9250030517578125 79.78125 77.0187530517578125 76.43125152587890625 76.1062469482421875 73.125 70.53125 63.71875 60.450000762939453125 59.5625 57.956249237060546875 58.862499237060546875 59.625 60.65625 62.25 61.237499237060546875 60.65000152587890625 57.91249847412109375 54.43125152587890625 53.1875 54.331249237060546875 56.075000762939453125 56.08750152587890625 54.268749237060546875 51.887500762939453125 49.174999237060546875 48.21875 46.00624847412109375 44.231250762939453125 43.981250762939453125 43.981250762939453125 44.28125 44.075000762939453125 41.22499847412109375 37.97499847412109375 36.612499237060546875 33.38124847412109375
99.4562530517578125 92.81874847412109375 89.2624969482421875 84.94374847412109375 80.7062530517578125 79.49375152587890625 77.5625 74.3562469482421875 74.28125 72.72499847412109375 71.96875 68.65625 63.55625152587890625 58.012500762939453125 51.625 52.09375 50.49375152587890625 52.03125 52.4375 53.924999237060546875 55.02500152587890625 55.58750152587890625 55.59375 54.16249847412109375 51.206249237060546875 49.393749237060546875 49.450000762939453125 49.33750152587890625 49.19374847412109375 47.956249237060546875 47.981250762939453125 46.418750762939453125 44.043750762939453125 42.09999847412109375 40.831249237060546875 42.18125152587890625 43.981250762939453125 45.762500762939453125 46.36875152587890625 43.043750762939453125 36.28749847412109375 32.706249237060546875 32.362499237060546875
94.46875 87.1750030517578125 83 79.55625152587890625 74.8937530517578125 73.05625152587890625 72.8937530517578125 69.96875 68.96250152587890625 67.5124969482421875 66.3937530517578125 62.03749847412109375 57.674999237060546875 53.125 45.674999237060546875 44.556247711181640625 43.71875 44.924999237060546875 45.84999847412109375 47.77500152587890625 50.06874847412109375 50.831249237060546875 51.38124847412109375 51.637500762939453125 50.606250762939453125 49.5 49.081249237060546875 47.987499237060546875 47.96875 47.36875152587890625 45.22499847412109375 44.387500762939453125 43.83750152587890625 41.200000762939453125 38.03125 38.84375 42.97499847412109375 47.174999237060546875 48.21250152587890625 44.41249847412109375 39.799999237060546875 37.043750762939453125 38.643749237060546875
87.4250030517578125 81.02500152587890625 77.55625152587890625 73.4812469482421875 69.6750030517578125 69.3125 67.03125 64.61875152587890625 63.80625152587890625 63.5 61.487499237060546875 57.231250762939453125 52.90000152587890625 48.356250762939453125 42.65625 36.3125 36.737499237060546875 38.71875 39.575000762939453125 41.793750762939453125 43.84375 46.106250762939453125 47.887500762939453125 50.674999237060546875 50.69374847412109375 49.4375 47.80625152587890625 45.518749237060546875 45.512500762939453125 45.27500152587890625 46.137500762939453125 43.59999847412109375 40.78749847412109375 37.793750762939453125 35.375 39.512500762939453125 42.825000762939453125 46.331249237060546875 48.63124847412109375 48.34999847412109375 45.799999237060546875 43.293750762939453125 41.5625
80.69374847412109375 75.0124969482421875 72.19374847412109375 69.1125030517578125 66.0749969482421875 63.96250152587890625 62.75 60.668750762939453125 59.956249237060546875 59.52500152587890625 57.86875152587890625 52.83750152587890625 47.75 43.96250152587890625 41.43125152587890625 36.96875 32.700000762939453125 32.88124847412109375 35.575000762939453125 37.512500762939453125 39.49375152587890625 42.21250152587890625 45.762500762939453125 49.762500762939453125 51.52500152587890625 47.22499847412109375 43.74375152587890625 41.768749237060546875 42.61875152587890625 43.862499237060546875 45.106250762939453125 45.543750762939453125 42.38124847412109375 39.625 41.049999237060546875 42.96875 47.16249847412109375 52.487499237060546875 55.981250762939453125 51.3125 47.43125152587890625 43.875 40.137500762939453125
73.21875 68.96250152587890625 65.50624847412109375 63.09999847412109375 60.03125 57.34999847412109375 55.69374847412109375 54.31874847412109375 53.981250762939453125 52.450000762939453125 51.375 48.30625152587890625 43.950000762939453125 40.53749847412109375 39.081249237060546875 36.731250762939453125 33.15625 29.331249237060546875 32.4375 33.94374847412109375 35.950000762939453125 38.58750152587890625 43.606250762939453125 47.075000762939453125 48.28749847412109375 44.16249847412109375 40.55625152587890625 39.56874847412109375 40.862499237060546875 41.3125 40.59999847412109375 40.71875 44.981250762939453125 45.112499237060546875 43.012500762939453125 46.74375152587890625 52 54.77500152587890625 55.80625152587890625 52.1875 45.668750762939453125 42.081249237060546875 38.5625
66.22499847412109375 62.262500762939453125 58.31874847412109375 55.49375152587890625 53.19374847412109375 51.268749237060546875 49.018749237060546875 48.1875 48.575000762939453125 47.84375 47.049999237060546875 43.3125 40.03125 37.80625152587890625 35.331249237060546875 34.174999237060546875 32.206249237060546875 29.712499618530273438 28.3125 29.15625 32.768749237060546875 38.15625 36.606250762939453125 40.52500152587890625 42.212497711181640625 41.831249237060546875 39.887500762939453125 38.22499847412109375 39.59375 40.799999237060546875 41.25 42.47499847412109375 45.0625 44.03749847412109375 43.262500762939453125 46.00624847412109375 48.0625 49.3125 50.487499237060546875 46.487499237060546875 42.65625 38.78125 36.237499237060546875
