data/historical-monthly-weather-data/wc2.1_cruts4.09_10m_prec_2001-09.asc
ncols        51
nrows        45
xllcorner    -63.500000000000
yllcorner    -7.500000000000
cellsize     0.166666666667
NODATA_value -9999
[rows 20 to 39 of 45, columns 0 to 43 of 51]
149.625 151.9562530517578125 153.125 154.5124969482421875 155.65625 155.537506103515625 155.568756103515625 154.3625030517578125 153.5437469482421875 150.4250030517578125 144.756256103515625 138.8937530517578125 130.59375 120.77500152587890625 113.75 105.5625 98.38124847412109375 93.5437469482421875 92.51874542236328125 89.63124847412109375 89.91249847412109375 90.80625152587890625 91.5124969482421875 93.2687530517578125 94.9187469482421875 93.3312530517578125 89.34375 84.46250152587890625 79.8312530517578125 78.2624969482421875 77.6374969482421875 81.8937530517578125 87.34999847412109375 95.3562469482421875 104.05625152587890625 96.0500030517578125 83.99375152587890625 75.8937530517578125 69.44374847412109375 63.387500762939453125 57.56874847412109375 52.393749237060546875 49.58750152587890625 48.456249237060546875
143.0625 143.725006103515625 145.381256103515625 147.568756103515625 150.6750030517578125 152.4562530517578125 152.725006103515625 153.5500030517578125 153.631256103515625 151.6999969482421875 147.4499969482421875 142.625 136.5500030517578125 127.9812469482421875 120.06874847412109375 110.49375152587890625 103.18125152587890625 97.71250152587890625 95.9812469482421875 93.05625152587890625 90.2687530517578125 90.4875030517578125 91.05625152587890625 92.28125 92.80625152587890625 92.28749847412109375 91.65000152587890625 87.81874847412109375 85.98125457763671875 85.5625 85.40625 87.52500152587890625 91.6374969482421875 97.40000152587890625 98.81874847412109375 92.90000152587890625 82.30625152587890625 74.72499847412109375 68.3562469482421875 63.518749237060546875 59.543750762939453125 56.28749847412109375 54.71250152587890625 53.543750762939453125
137.4875030517578125 139.693756103515625 140.556243896484375 143.337493896484375 146.600006103515625 148.7312469482421875 150.7375030517578125 152.587493896484375 154.818756103515625 153.024993896484375 151.899993896484375 148.6062469482421875 145.625 138.1999969482421875 127.1437530517578125 116.84375 107.93125152587890625 102.84375 98.8562469482421875 95.6437530517578125 92.83750152587890625 92.22499847412109375 91.47499847412109375 90.9499969482421875 91.97499847412109375 91.625 90.9499969482421875 90.75624847412109375 89.40625 88.65625 89.55625152587890625 91.8937530517578125 93.5 94.7062530517578125 92.5500030517578125 85.08750152587890625 77.94374847412109375 71.70000457763671875 67.1374969482421875 64.6687469482421875 63.043750762939453125 60.77500152587890625 59.4562530517578125 58.356250762939453125
134.443756103515625 134.6062469482421875 136.631256103515625 138.84375 141.287506103515625 145.2375030517578125 148.09375 150.0187530517578125 152.3000030517578125 151.787506103515625 150.662506103515625 150.8562469482421875 151.462493896484375 143.7937469482421875 131.506256103515625 120.5749969482421875 111.9499969482421875 106.6999969482421875 102.65000152587890625 98.52500152587890625 95.53125 93.46875 93.03749847412109375 92.46875 92.3125 90.81874847412109375 90.06874847412109375 89.98749542236328125 91 91.125 91.8125 93.86875152587890625 93.5 92.5625 89.6999969482421875 81.99375152587890625 76.55625152587890625 72.68125152587890625 69.36875152587890625 68.4812469482421875 67.30625152587890625 65.59999847412109375 65.08750152587890625 64.4250030517578125
133.1750030517578125 132.006256103515625 133.037506103515625 134.868743896484375 141.09375 144.118743896484375 146.2062530517578125 148.21875 149.75 150.3874969482421875 150.212493896484375 148.6999969482421875 147.1875 141.625 132.3125 122.55625152587890625 114.9562530517578125 109.21250152587890625 104.74375152587890625 101.30625152587890625 98.41249847412109375 95.6437530517578125 95.5500030517578125 94.8000030517578125 92.5 91.9250030517578125 91.1687469482421875 91.40625 92.34999847412109375 93.15625 93.5 94.52500152587890625 94.55625152587890625 92.75 88.96250152587890625 82.90625 79.462493896484375 76.4562530517578125 73.6437530517578125 72.6062469482421875 71.65625 71.08750152587890625 71.02500152587890625 72.2375030517578125
135.0124969482421875 134.931243896484375 133.899993896484375 136.75 140.2624969482421875 142.5124969482421875 144.90625 146.4499969482421875 147.443756103515625 148.475006103515625 146.8562469482421875 145.21875 142.59375 137.274993896484375 130.5 123.0812530517578125 116.06874847412109375 111.33750152587890625 106.84999847412109375 103.21250152587890625 100.31874847412109375 97.3125 97.21250152587890625 96.40000152587890625 94.2312469482421875 92.3874969482421875 92.975006103515625 94.20624542236328125 94.56874847412109375 95.3874969482421875 95.625 96.86875152587890625 95 92.75624847412109375 90.21250152587890625 87.28125 83.78125 81.1999969482421875 79.77500152587890625 78.27500152587890625 77.99375152587890625 77.18125152587890625 77.2062530517578125 79.13124847412109375
140.5812530517578125 138.7624969482421875 137.8874969482421875 139.712493896484375 141.131256103515625 142.9375 143.9812469482421875 144.118743896484375 143.412506103515625 144.056243896484375 143.875 142.1062469482421875 138.5625 134.0749969482421875 128.6687469482421875 122.56874847412109375 117.65625 112.41249847412109375 108.3125 104.75624847412109375 102.2687530517578125 99.2937469482421875 98.40625 99.11875152587890625 96.58750152587890625 95.0749969482421875 95.625 95.84375 96.3125 96.83750152587890625 96.99375152587890625 97.06874847412109375 96.96875 95.2937469482421875 92.55625152587890625 90.8000030517578125 88.75624847412109375 86.32500457763671875 85.125 84.18125152587890625 83.1687469482421875 82.875 83.3937530517578125 83.88750457763671875
146.399993896484375 144.537506103515625 143.5437469482421875 142.399993896484375 143.024993896484375 143.100006103515625 143.46875 143.0625 141.3249969482421875 141.75 140.881256103515625 138.568756103515625 135.100006103515625 131.9375 126.9562530517578125 121.9499969482421875 117.41249847412109375 112.90000152587890625 109.09375 106.5187530517578125 103.84999847412109375 101.38124847412109375 100.375 100.46250152587890625 99.4250030517578125 97.6125030517578125 97.7062530517578125 97.90625 98.24375152587890625 99.21250152587890625 98.49375152587890625 98.56874847412109375 99.1374969482421875 97.681243896484375 96 94.5124969482421875 94.212493896484375 93.06874847412109375 91.9812469482421875 90.9375 90.07500457763671875 89.96875 88.46250152587890625 89.4375
152.9375 150.4187469482421875 147.118743896484375 144.4499969482421875 143.1687469482421875 141.931243896484375 141.181243896484375 140.7937469482421875 139.5187530517578125 138.8249969482421875 137.3937530517578125 134.4812469482421875 132.493743896484375 128.693756103515625 124.33750152587890625 121.9562530517578125 119.6437530517578125 113.0625 109.2687530517578125 107.11875152587890625 105.25 103.5437469482421875 102.8874969482421875 103.06874847412109375 101.0749969482421875 100.0437469482421875 100.0187530517578125 100.74375152587890625 101.97499847412109375 101.39374542236328125 100.0437469482421875 99.80625152587890625 99.8874969482421875 99.68125152587890625 100.09375 98.875 99.81874847412109375 100.15625 99.8125 98.59375 95.28749847412109375 93.3000030517578125 93.24375152587890625 94.83750152587890625
159.462493896484375 155.943756103515625 149.912506103515625 145.649993896484375 142.850006103515625 141.4250030517578125 140.350006103515625 139.318756103515625 137.6062469482421875 135.975006103515625 134.0812530517578125 132.4000091552734375 130.162506103515625 127.0187530517578125 124.5124969482421875 121.2687530517578125 117.9562530517578125 113.6374969482421875 109.2687530517578125 107.1062469482421875 106.16249847412109375 105.63124847412109375 104.4187469482421875 103.875 103.38124847412109375 103.4250030517578125 102.8249969482421875 102.6687469482421875 102.55625152587890625 102.6999969482421875 102.74375152587890625 102.8562469482421875 102.5749969482421875 102.5812530517578125 103.59375 103.5749969482421875 105.20624542236328125 107.4562530517578125 105.4375 106.16249847412109375 104.5 101.47499847412109375 99.36875152587890625 100.1687469482421875
163 158.912506103515625 153.662506103515625 147.09375 143.7375030517578125 142.1875 139.3249969482421875 137.4250030517578125 135.90625 134.46875 132.243743896484375 130.2249908447265625 130.28125 126.9499969482421875 123.84999847412109375 120.56874847412109375 118.6437530517578125 114.83750152587890625 110.66249847412109375 109.34375 108.4187469482421875 108.5812530517578125 107.9875030517578125 106.9187469482421875 105.8937530517578125 106.0625 105.23749542236328125 104.5625 104.28125 103.1750030517578125 104.23125457763671875 105.03749847412109375 104.8000030517578125 106.63124847412109375 108 107.3312530517578125 109.5187530517578125 112.96250152587890625 113.4375 114.0437469482421875 112.2624969482421875 108.375 105.3125 104.59375
167.3937530517578125 160.6750030517578125 154.193756103515625 148.431243896484375 145.75 142.34375 139.3312530517578125 136.96875 135.5187530517578125 133.34375 131.431243896484375 129.2375030517578125 127.0749969482421875 125.71250152587890625 124.19374847412109375 123.1062469482421875 120.375 117.15000152587890625 114.6374969482421875 114.2624969482421875 113.8312530517578125 111.86875152587890625 111.44374847412109375 109.65000152587890625 110.11875152587890625 108.3000030517578125 106.6062469482421875 106.8312530517578125 106.24375152587890625 105.55625152587890625 106.52500152587890625 106.375 107.0124969482421875 108.8125 110.15625 109.98125457763671875 112.2312469482421875 114.7062530517578125 115.91249847412109375 117.1999969482421875 117.125 113.28749847412109375 110.5625 108.66249847412109375
166.4250030517578125 161.1374969482421875 154.3000030517578125 149.274993896484375 146.274993896484375 143.125 140.59375 137.09375 135.0124969482421875 131.943756103515625 133.0124969482421875 129.40625 127.6437530517578125 128.3000030517578125 126.84999847412109375 126.5749969482421875 124.80625152587890625 123.66249847412109375 121.625 121.16249847412109375 119.4562530517578125 117.15625 114.61875152587890625 112.875 112.625 110.2062530517578125 108.47499847412109375 108.15000152587890625 107.58124542236328125 108.4499969482421875 108.65000152587890625 108.94374847412109375 108.8125 110.3625030517578125 112.31874847412109375 112.16249847412109375 113.34999847412109375 114.0187530517578125 115.44374847412109375 118.11875152587890625 118.72499847412109375 115.97499847412109375 114.09999847412109375 111.9875030517578125
163.381256103515625 159.881256103515625 155.1437530517578125 150.587493896484375 146.8874969482421875 143.7312469482421875 141.5 138.149993896484375 134.7375030517578125 132.625 131.3125 131.118743896484375 129.381256103515625 127.69374847412109375 128.3249969482421875 128.5500030517578125 129.4250030517578125 129.399993896484375 128.912506103515625 128.506256103515625 126.1125030517578125 122.3312530517578125 118.7624969482421875 115.6437530517578125 113.6875 111.13124847412109375 109.36875152587890625 108.875 107.9499969482421875 108.86249542236328125 109.99375152587890625 110.76250457763671875 110.84375 111.65000152587890625 113.3562469482421875 115.0437469482421875 114.53125 114.46250152587890625 116.25624847412109375 117.625 118.19374847412109375 118.02500152587890625 117.75624847412109375 116.31874847412109375
161.381256103515625 158.587493896484375 154.962493896484375 151.9875030517578125 148.8874969482421875 144.806243896484375 142.787506103515625 139.4562530517578125 134.6750030517578125 132.4375 132.1687469482421875 133.0749969482421875 131.681243896484375 130.3625030517578125 131.2624969482421875 132.649993896484375 133.6437530517578125 133.6687469482421875 135.837493896484375 135.3000030517578125 132.962493896484375 128.225006103515625 122.3562469482421875 117.9875030517578125 114.05625152587890625 112.1750030517578125 110.96875 109.58750152587890625 108.5625 109.21250152587890625 110.43125152587890625 110.8625030517578125 111.28125 112.2375030517578125 113.03749847412109375 113.28749847412109375 113.84375 115.5500030517578125 116.31874847412109375 118.04375457763671875 117.03749847412109375 116.3562469482421875 117.83124542236328125 116.58750152587890625
157.4812469482421875 154.600006103515625 152.3249969482421875 149.9875030517578125 147.4250030517578125 144.40625 140.943756103515625 139.0749969482421875 135.162506103515625 132.3125 132.618743896484375 133.368743896484375 134.03125 134.056243896484375 134.681243896484375 136.1062469482421875 136.649993896484375 138.181243896484375 140.6437530517578125 142.1437530517578125 137.725006103515625 132.1125030517578125 124.5625 118.91249847412109375 115.1437530517578125 112.5500030517578125 110.66249847412109375 109.6687469482421875 108.90625 109.0812530517578125 110.28125 111.05625152587890625 110.58750152587890625 111.3562469482421875 111.83750152587890625 111.32500457763671875 113.5500030517578125 114.41875457763671875 115.03125 116.0187530517578125 116.60625457763671875 115.600006103515625 115.4375 115.0437469482421875
153.34375 151.3562469482421875 149.125 146.693756103515625 145.868743896484375 143.2687530517578125 140.881256103515625 138.6875 135.78125 131.931243896484375 133.7624969482421875 138.9875030517578125 139.850006103515625 139.318756103515625 139.8312530517578125 139.5437469482421875 140.006256103515625 140.368743896484375 141.7687530517578125 142.59375 139.506256103515625 131.8937530517578125 124.5437469482421875 118.31874847412109375 114.4187469482421875 112.03749847412109375 109.78125 108.41875457763671875 107.83750152587890625 108.41249847412109375 109.21875 110.15625 110.3312530517578125 110.90000152587890625 111.1999969482421875 111.52500152587890625 112.8625030517578125 114.3249969482421875 113.97499847412109375 113.94374847412109375 114.09375 112.78749847412109375 113.3000030517578125 113.57500457763671875
149.4499969482421875 148.712493896484375 147.131256103515625 144.5812530517578125 144.34375 143.03125 141.53125 140.462493896484375 138.756256103515625 135.3125 144.975006103515625 149.0437469482421875 147.40625 145.1875 144.3312530517578125 143.5437469482421875 140.8937530517578125 140.9250030517578125 140.1125030517578125 138.6999969482421875 136.2312469482421875 129.443756103515625 122.9250030517578125 116.8249969482421875 112.5749969482421875 109.7687530517578125 108.53749847412109375 107.74375152587890625 107.29999542236328125 107.96250152587890625 107.08124542236328125 107.66875457763671875 108.16249847412109375 110.0500030517578125 110.8625030517578125 109.4562530517578125 110.59375 111.6687469482421875 113.0812530517578125 113.53125 111.89374542236328125 112.5812530517578125 110.88124847412109375 110.20000457763671875
150.6875 149.024993896484375 147.1374969482421875 145.4562530517578125 143.693756103515625 142.375 142.274993896484375 142.712493896484375 143.8625030517578125 149.46875 160.4250030517578125 157.743743896484375 151.962493896484375 149.774993896484375 147.65625 145.4562530517578125 142.350006103515625 140.5124969482421875 137.306243896484375 134.631256103515625 130.84375 124.7937469482421875 119.36875152587890625 114.01874542236328125 109.96250152587890625 106.86875152587890625 105.6999969482421875 105.8874969482421875 106.1437530517578125 107.2312469482421875 107.65625 107.4562530517578125 107.7937469482421875 107.5749969482421875 108.3625030517578125 107.96250152587890625 108.9562530517578125 109.71250152587890625 111.1750030517578125 110.02500152587890625 109.0187530517578125 109.84999847412109375 108.2062530517578125 107.46250152587890625
150.318756103515625 147.993743896484375 146.5187530517578125 144.649993896484375 143.3125 142.850006103515625 141.6999969482421875 143.5749969482421875 146.4250030517578125 152.7937469482421875 157.5 156.96875 154.375 152.181243896484375 150.6750030517578125 146.993743896484375 143.381256103515625 139.600006103515625 136.0124969482421875 130.96875 125.4812469482421875 119.78125 113.79375457763671875 109.100006103515625 105.99375152587890625 103.6125030517578125 102.71250152587890625 103.83750152587890625 103.9250030517578125 105.8625030517578125 104.8125 105.7375030517578125 107.30625152587890625 107.1062469482421875 107.49375152587890625 107.58750152587890625 107.4375 108.6875 109.3249969482421875 106.2375030517578125 105.7062530517578125 107.0749969482421875 105.63124847412109375 103.9875030517578125
