data/historical-monthly-weather-data/wc2.1_cruts4.09_10m_prec_1955-09.asc
ncols        45
nrows        45
xllcorner    -63.500000000000
yllcorner    -7.500000000000
cellsize     0.166666666667
NODATA_value -9999
[rows 0 to 18 of 45, columns 0 to 43 of 45]
197.693756103515625 190.493743896484375 188.40625 190.287506103515625 189.681243896484375 188.756256103515625 183.2624969482421875 175.9375 171.1062469482421875 166.96875 165.1374969482421875 164.368743896484375 163.5124969482421875 160.524993896484375 157.943756103515625 154.225006103515625 152.056243896484375 147.1374969482421875 143.556243896484375 139.0187530517578125 136.0124969482421875 131.03125 127.22499847412109375 123.31874847412109375 118.9375 116.53125 115.03125 113.50624847412109375 110.80625152587890625 110.4812469482421875 109.46875 109.75 112.2687530517578125 112.93125152587890625 114.2687530517578125 114.2687530517578125 115.33750152587890625 115.9187469482421875 114.03125 112.19374847412109375 110.68125152587890625 108.93125152587890625 106.0437469482421875 103.6374969482421875
191.3625030517578125 183.337493896484375 184.1374969482421875 188.6875 193.993743896484375 188.9375 181.537506103515625 177.7375030517578125 173.212493896484375 168.84375 166.431243896484375 164.5187530517578125 162.8062591552734375 158.631256103515625 155.556243896484375 152.96875 149.287506103515625 144.931243896484375 140.6750030517578125 136.4187469482421875 132.4812469482421875 129.568756103515625 125.69374847412109375 122.77500152587890625 117.84375 115.125 114.46875 113.50624847412109375 110.3874969482421875 110.69374847412109375 111.09999847412109375 113.05625152587890625 114.8125 117.21250152587890625 119.02500152587890625 118.7375030517578125 119.3249969482421875 119.96875 117.6437530517578125 115.53125 113.97499847412109375 112.30625152587890625 110.26874542236328125 106.7687530517578125
182.306243896484375 177.5812530517578125 178.600006103515625 183.46875 187.600006103515625 185.75 180.34375 176.1374969482421875 172.881256103515625 169.2937469482421875 166.712493896484375 164.1062469482421875 161.8312530517578125 157.0749969482421875 152.868743896484375 150.5 146.443756103515625 142.399993896484375 138.28125 134.537506103515625 131.024993896484375 127.75 124.88124847412109375 122.34999847412109375 118.0500030517578125 114.65000152587890625 115.38124847412109375 113.6374969482421875 110.9187469482421875 110.97499847412109375 110.9375 112.71250152587890625 115.90625 118.25 120.1875 119.3000030517578125 119.53749847412109375 120.3562469482421875 118.8312530517578125 117.53125 116.55625152587890625 114.3625030517578125 112.9875030517578125 110.125
169.9375 167.03125 173.1750030517578125 175.475006103515625 177.9187469482421875 177.443756103515625 175.5437469482421875 175.212493896484375 173.5625 171.149993896484375 167.618743896484375 164.318756103515625 159.2687530517578125 155.1374969482421875 150.787506103515625 147.556243896484375 144.1125030517578125 140.375 137.850006103515625 135.149993896484375 131.8249969482421875 127.3125 123.4875030517578125 121.1875 116.78749847412109375 114.08750152587890625 113.7687530517578125 110.7312469482421875 108.96875 109.78125 110.7687530517578125 111.5 113.6125030517578125 115.84375 117.1125030517578125 118.72499847412109375 119.99375152587890625 120.59375 120.1062469482421875 118.47499847412109375 117.06874847412109375 114.99375152587890625 113.4812469482421875 111.4812469482421875
174.993743896484375 167.46875 163.8937530517578125 165.100006103515625 170.0437469482421875 171.493743896484375 170.8625030517578125 172.0062408447265625 172.8249969482421875 171.1062469482421875 167.625 161.993743896484375 157.6875 154.7687530517578125 150.443756103515625 146.5187530517578125 142.399993896484375 138.743743896484375 136.2312469482421875 132.9875030517578125 131.162506103515625 125.3562469482421875 122.27500152587890625 120 115.94374847412109375 113.16249847412109375 110.8562469482421875 109.03749847412109375 107.1374969482421875 107.24375152587890625 108.6062469482421875 108.65000152587890625 109.99375152587890625 112.68125152587890625 115.08750152587890625 115.875 117.0187530517578125 118.83750152587890625 119.22499847412109375 118.38124847412109375 117.1875 114.8125 112.6125030517578125 111.5500030517578125
179.03125 170.8000030517578125 164.15625 157.024993896484375 162.0812530517578125 169.243743896484375 171.1125030517578125 171.0625 171.6062469482421875 171.587493896484375 167.59375 161.65625 157.5625 154.8625030517578125 149.9250030517578125 146.8000030517578125 142.806243896484375 138.649993896484375 135.881256103515625 133.443756103515625 129.743743896484375 124.97499847412109375 121.3562469482421875 117.90625 114.93125152587890625 111.5749969482421875 108.93125152587890625 107.4875030517578125 105.16249847412109375 104.5187530517578125 105.25 107.68125152587890625 108.5187530517578125 110.03125 111.2062530517578125 113.0437469482421875 114.09999847412109375 116.71875 118.2624969482421875 117.587493896484375 113.59999847412109375 111.49375152587890625 109.71250152587890625 109.50624847412109375
185.743743896484375 178.100006103515625 170.8125 163.2624969482421875 162.443756103515625 163.9375 167.337493896484375 169.243743896484375 168.274993896484375 166.3000030517578125 164.25 160.1750030517578125 157.1937408447265625 154.037506103515625 149.9875030517578125 146.912506103515625 143.5124969482421875 140.6687469482421875 137.1687469482421875 133.4499969482421875 128.8562469482421875 124.1999969482421875 119.1125030517578125 115.50624847412109375 113.125 110.4250030517578125 107.90625 106.1062469482421875 102.9875030517578125 101.65000152587890625 102.34999847412109375 103.1999969482421875 104.2687530517578125 105.94374847412109375 107.125 107.40000152587890625 108.55625152587890625 112.375 116.22499847412109375 113.4875030517578125 109.28749847412109375 106.3562469482421875 104.9250030517578125 105.5625
193.1875 185.40625 178.1125030517578125 173.681243896484375 172.3249969482421875 173.662506103515625 171.287506103515625 165.1999969482421875 160.568756103515625 159.587493896484375 160.381256103515625 158.1875 156.1062469482421875 152.9812469482421875 150.59375 146.34375 143.125 141.2937469482421875 138.306243896484375 132.318756103515625 128.1374969482421875 122.96875 117.875 113.53749847412109375 110.6875 108.03749847412109375 104.97499847412109375 102.25 99.97499847412109375 98.46875 98.71250152587890625 98.97499847412109375 99.40625 101.0187530517578125 100.75624847412109375 100.43125152587890625 100.96250152587890625 103.0749969482421875 104.34999847412109375 102.7687530517578125 99.2624969482421875 96.68125152587890625 95.8312530517578125 95.94374847412109375
200.975006103515625 194.4562530517578125 188.756256103515625 184.162506103515625 182.118743896484375 181.09375 178.1999969482421875 171.774993896484375 163.9250030517578125 158.0749969482421875 158.3562469482421875 156.431243896484375 156.181243896484375 152.774993896484375 150.274993896484375 146.568756103515625 143.3562469482421875 141.2687530517578125 138.9812469482421875 132.631256103515625 126.74375152587890625 122.2937469482421875 115.38124847412109375 112.4812469482421875 108.58750152587890625 104.8562469482421875 101.8562469482421875 99.93125152587890625 98.55625152587890625 96.5625 97.08750152587890625 94.7624969482421875 92.8874969482421875 91.6062469482421875 91.0187530517578125 91.6750030517578125 92.1999969482421875 92.43125152587890625 91.84999847412109375 90.2375030517578125 87.3312530517578125 84.96250152587890625 84.4250030517578125 84.69374847412109375
206.524993896484375 201.225006103515625 196.46875 192.243743896484375 191.243743896484375 190.006256103515625 186.53125 179.0500030517578125 171.8562469482421875 166.3312530517578125 162.84375 158.3125 156.318756103515625 153.943756103515625 149.9375 147.1750030517578125 142.7062530517578125 140.03125 137.3937530517578125 132.9499969482421875 127.24375152587890625 120.72499847412109375 113.2624969482421875 109.28749847412109375 104.3000030517578125 100.6687469482421875 98.2375030517578125 96.49375152587890625 95.3000030517578125 94.1125030517578125 92.1125030517578125 89.02500152587890625 86.1437530517578125 84.81874847412109375 83.5812530517578125 83.0437469482421875 83.0749969482421875 82.3562469482421875 80.3562469482421875 78.4499969482421875 75.8312530517578125 74.30625152587890625 71.80625152587890625 71.59999847412109375
214.8125 209.7312469482421875 205.350006103515625 200.993743896484375 199.243743896484375 199.350006103515625 195.8125 185.5437469482421875 176.7937469482421875 171.03125 167.3312530517578125 163.1687469482421875 158.087493896484375 153.4499969482421875 148.5500030517578125 144.78125 139.6687469482421875 136.8249969482421875 134.0749969482421875 130.9499969482421875 127.8125 121.3562469482421875 113 104.1125030517578125 100.3562469482421875 99.5187530517578125 97.4250030517578125 94.4250030517578125 91.78125 89.8562469482421875 87.625 84.09375 80.81874847412109375 78.19374847412109375 76.1875 74.7624969482421875 73.7937469482421875 72.3249969482421875 70.8874969482421875 68 64.66249847412109375 62.75624847412109375 61.856250762939453125 60.1875
218.65625 213.8625030517578125 209.806243896484375 207.162506103515625 205.1999969482421875 204.493743896484375 202.03125 191.993743896484375 181.3249969482421875 173.4562530517578125 169.2687530517578125 165.587493896484375 157.962493896484375 151.181243896484375 147.78125 142.8562469482421875 138.0437469482421875 133.6687469482421875 130.8937530517578125 130.037506103515625 128.943756103515625 122.41249847412109375 113.0500030517578125 102.8874969482421875 97.75 95.22499847412109375 92.53749847412109375 89.78749847412109375 86.5124969482421875 84.3125 81.47499847412109375 77.90625 74.49375152587890625 72.30625152587890625 70.94374847412109375 69.13124847412109375 67.40000152587890625 65.6687469482421875 62.31874847412109375 58.40000152587890625 54.706249237060546875 52.49375152587890625 51.71250152587890625 50.0625
220.5187530517578125 215.9124908447265625 211.3937530517578125 207.181243896484375 204.087493896484375 202.5 198.243743896484375 189.399993896484375 181.4187469482421875 174.4250030517578125 168.6125030517578125 165.0749969482421875 158.5749969482421875 148.2687530517578125 142.506256103515625 138.8125 133.912506103515625 130.09375 127.625 126.30625152587890625 126.08750152587890625 121.08750152587890625 111.8937530517578125 102.55625152587890625 94.27500152587890625 90.4562530517578125 88.6062469482421875 86.33750152587890625 83.47499847412109375 80.21250152587890625 75.94374847412109375 71.84375 68.7937469482421875 65.71875 63.975002288818359375 62.987499237060546875 62.662502288818359375 61.53125 58.96250152587890625 52.93125152587890625 47.27500152587890625 45.88124847412109375 44.424999237060546875 39.481250762939453125
220.725006103515625 215.5500030517578125 209.506256103515625 204.618743896484375 201.4250030517578125 197.287506103515625 191.962493896484375 185.7062530517578125 178.431243896484375 172.600006103515625 165.5812530517578125 159.15625 153.0625 144.399993896484375 135.774993896484375 132.6437530517578125 128.162506103515625 123.9812469482421875 120.5437469482421875 119.1999969482421875 118.5187530517578125 113.72499847412109375 107.28749847412109375 101.52500152587890625 94.69374847412109375 89.46875 86.4499969482421875 83.2062530517578125 79.40625 75.78749847412109375 72.3937530517578125 67.53125 63.643749237060546875 60.387500762939453125 58.75 59.15000152587890625 60.362499237060546875 61.612499237060546875 59.93125152587890625 54.981250762939453125 45.625 40.543750762939453125 39.18125152587890625 37.612499237060546875
219.6062469482421875 212.7312469482421875 205.96875 200.818756103515625 197.243743896484375 190 185.943756103515625 179.412506103515625 172.53125 168.0437469482421875 160.149993896484375 153.3249969482421875 146.443756103515625 138.2937469482421875 128.631256103515625 123.2937469482421875 119.8125 116.94374847412109375 112.97499847412109375 111.5812530517578125 111.2624969482421875 108.65625 104.75 101.7687530517578125 98.3937530517578125 93.75624847412109375 89.02500152587890625 83.2937469482421875 77.8874969482421875 73.90625 68.2624969482421875 63.21875 60 56.5 53.50624847412109375 55.58750152587890625 60.53125 66.3937530517578125 68.2624969482421875 62.987499237060546875 54.96250152587890625 48.03125 44.643749237060546875 41.143749237060546875
216.212493896484375 208.337493896484375 202.375 196.506256103515625 190.600006103515625 185.399993896484375 179.912506103515625 173.1875 167.71875 163.53125 155.725006103515625 147.6999969482421875 140.0812530517578125 132.4375 123.2687530517578125 114.875 111.16249847412109375 109.75624847412109375 106.28749847412109375 105.31874847412109375 104.5437469482421875 104.34999847412109375 104.0500030517578125 104.125 102.21875 96.9499969482421875 90.4499969482421875 84.3625030517578125 78.69374847412109375 73.19374847412109375 68.6437530517578125 62.41249847412109375 57.80625152587890625 54.768749237060546875 50.90625 55.575000762939453125 63.950000762939453125 70.9812469482421875 76.72499847412109375 74.38124847412109375 68.9250030517578125 59.00624847412109375 50.40000152587890625 43.58750152587890625
210.1125030517578125 203 197.943756103515625 192.287506103515625 185.8937530517578125 181.03125 175.368743896484375 169.5625 164.1374969482421875 158.75 152.09375 143.725006103515625 134.681243896484375 126.47499847412109375 119.53125 112.1687469482421875 104.38124847412109375 102.0437469482421875 100.71875 99.49375152587890625 98.63124847412109375 99.56874847412109375 102.4375 106.09999847412109375 106.1999969482421875 99.02500152587890625 91.81874847412109375 85.4187469482421875 79.7062530517578125 74.49375152587890625 70.875 67.125 61.63124847412109375 57.56874847412109375 58.081249237060546875 61.71875 68.6062469482421875 80.65000152587890625 92.58750152587890625 86.1374969482421875 75.96875 64.0812530517578125 52.706249237060546875 45.799999237060546875
205.162506103515625 198.631256103515625 192.1875 186.806243896484375 182.25 177.875 171.868743896484375 165.5437469482421875 160.96875 154.618743896484375 147.693756103515625 139.46875 130.462493896484375 122.3312530517578125 115.3937530517578125 109.1437530517578125 102.125 95.1999969482421875 95.3625030517578125 93.72499847412109375 93.58750152587890625 93.7937469482421875 97.15625 102.3937530517578125 104.21875 98.34999847412109375 92.6374969482421875 86.56874847412109375 80.18125152587890625 73.93125152587890625 69.5187530517578125 65.85625457763671875 67.36875152587890625 68.90000152587890625 66.875 66.19374847412109375 75.0500030517578125 85.55625152587890625 90.9187469482421875 86.3249969482421875 73.7687530517578125 62.325000762939453125 52.606250762939453125 47.512500762939453125
199.7687530517578125 192.524993896484375 186.0625 181.943756103515625 177.274993896484375 173.59375 168.068756103515625 163.6750030517578125 158.475006103515625 152.068756103515625 144.7375030517578125 135.8499908447265625 126.47499847412109375 118.6999969482421875 111.2687530517578125 106.41249847412109375 100.8312530517578125 93.2375030517578125 89.71875 88.15625 89.69374847412109375 94.63124847412109375 90.4499969482421875 94.8249969482421875 98.21875 97.94374847412109375 94.27500152587890625 88.03125 83.5749969482421875 76.3000030517578125 70.4375 71.59375 78.8125 80.71875 80.21250152587890625 79.61875152587890625 82.1062469482421875 84.71250152587890625 84.8125 78.8312530517578125 68.65000152587890625 59.36875152587890625 51.9375 47.94374847412109375
