data/historical-monthly-weather-data/wc2.1_cruts4.09_10m_prec_1966-04.asc
ncols        51
nrows        45
xllcorner    -63.500000000000
yllcorner    -7.500000000000
cellsize     0.166666666667
NODATA_value -9999
[rows 20 to 39 of 45, columns 0 to 43 of 51]
180.4875030517578125 186.4812469482421875 193.1437530517578125 199.6125030517578125 205.193756103515625 214.9375 224.3874969482421875 230.431243896484375 235.368743896484375 237.274993896484375 236.4499969482421875 231.2312469482421875 225.787506103515625 221.8937530517578125 216.100006103515625 211.8874969482421875 209.568756103515625 212.0187530517578125 216.899993896484375 221.3125 229.4187469482421875 235.837493896484375 240.024993896484375 242.7312469482421875 248.1374969482421875 252.7937469482421875 254.3937530517578125 255.149993896484375 254.368743896484375 254.837493896484375 251.693756103515625 248.662506103515625 239.350006103515625 227.8625030517578125 219.006256103515625 236.381256103515625 261.98748779296875 283.79998779296875 298.59375 307.66876220703125 312.181243896484375 316.118743896484375 314.54998779296875 314.98748779296875
170.8312530517578125 174.4937591552734375 181.6374969482421875 191.3312530517578125 199.2687530517578125 207.8062591552734375 217.5500030517578125 225.7624969482421875 231.1062469482421875 231.087493896484375 226.774993896484375 217.6750030517578125 210.649993896484375 207.056243896484375 205.8312530517578125 203.587493896484375 204.306243896484375 206.6687469482421875 211.40625 215.618743896484375 219.8625030517578125 226.1437530517578125 233.743743896484375 238.7312469482421875 246.006256103515625 256.556243896484375 269.681243896484375 270.056243896484375 268.0625 267.53125 263 257.25 249.4187469482421875 242.4562530517578125 240.631256103515625 251 270.693756103515625 289.10626220703125 300.024993896484375 306.32501220703125 310.287506103515625 312.57501220703125 311.087493896484375 310.54998779296875
162.3000030517578125 168.8874969482421875 176.6125030517578125 185.6374969482421875 193.662506103515625 202.3625030517578125 210.3625030517578125 220.181243896484375 229.7937469482421875 225.8937530517578125 217 205.0812530517578125 196.6999969482421875 194.850006103515625 196.443756103515625 197.8562469482421875 198.475006103515625 200.537506103515625 204.0625 207.131256103515625 212.149993896484375 217.8874969482421875 223.256256103515625 230.1374969482421875 241.75 256.118743896484375 271.5625 275.712493896484375 275.625 274.125 271.725006103515625 268.375 266.131256103515625 263.587493896484375 265.08123779296875 271.162506103515625 283.95001220703125 297.48126220703125 304.58123779296875 306.41876220703125 307.618743896484375 307.45001220703125 305.850006103515625 304.83123779296875
155.9187469482421875 162.1374969482421875 170.431243896484375 177.493743896484375 184.4375 193.1687469482421875 203.1125030517578125 211.868743896484375 219.78125 215.756256103515625 207.09375 198.0812530517578125 187.4250030517578125 188.9187469482421875 192.0625 193.5625 193.9187469482421875 197.53125 200.15625 203.4875030517578125 207.1374969482421875 210.256256103515625 214.600006103515625 223.3125 234.912506103515625 245.8125 258.537506103515625 269.76873779296875 275.51251220703125 280.17498779296875 282.743743896484375 285.600006103515625 286.23126220703125 284.51873779296875 286.26873779296875 290.618743896484375 299.462493896484375 305.92498779296875 307.537506103515625 305.38751220703125 304.350006103515625 302.01251220703125 299.337493896484375 296.975006103515625
151.7312469482421875 157.306243896484375 163.9499969482421875 170.806243896484375 177.693756103515625 185.5437469482421875 193.8562469482421875 201.4625091552734375 205.8874969482421875 206.1374969482421875 200.7687530517578125 193.6125030517578125 190.0625 188.7687530517578125 189.7624969482421875 190.756256103515625 192.631256103515625 196.0437469482421875 198.725006103515625 200.318756103515625 202.25 203.96875 207.431243896484375 214.3625030517578125 224.443756103515625 239.5749969482421875 254.162506103515625 266.53125 277.32501220703125 289.387481689453125 297.962493896484375 305.64373779296875 308.100006103515625 305.98748779296875 304.36248779296875 303.58123779296875 307.431243896484375 307.75 306.962493896484375 304.787506103515625 301.649993896484375 297.35626220703125 294.79376220703125 290.75
151.975006103515625 155.5500030517578125 158.274993896484375 163.5 168.306243896484375 175.787506103515625 183.5437469482421875 190.0749969482421875 192.6875 193.25 192.818756103515625 191.8312530517578125 190.9499969482421875 191.71875 190.875 192.3312530517578125 193.46875 196.462493896484375 198.0187530517578125 197.756256103515625 200.0625 199.6374969482421875 200.162506103515625 202.9187469482421875 216.0749969482421875 234.2937469482421875 253.46875 267.53125 283.07501220703125 296.881256103515625 312.13751220703125 325.82501220703125 329.91876220703125 323.712493896484375 316.524993896484375 312.73126220703125 311.83123779296875 309.53125 306.23748779296875 302.88751220703125 299.46875 293.46875 288.493743896484375 282.681243896484375
149.225006103515625 148.475006103515625 151.21875 154.837493896484375 157.975006103515625 165.837493896484375 172.818756103515625 178.2937469482421875 182.006256103515625 186.9375 190.443756103515625 191.899993896484375 193.9562530517578125 196.6062469482421875 196.4562530517578125 197.0749969482421875 197.662506103515625 199.2687530517578125 201.287506103515625 201.8312530517578125 201.4375 199.6437530517578125 197.225006103515625 198.9875030517578125 214.7249908447265625 232.21875 252.493743896484375 268.337493896484375 285.88751220703125 301.91876220703125 320.787506103515625 338.20623779296875 344.95001220703125 335.23126220703125 324.850006103515625 318.13751220703125 314.5625 310.506256103515625 305.25 301.287506103515625 296.056243896484375 291.756256103515625 286.806243896484375 283.01873779296875
146.899993896484375 142.162506103515625 143.5500030517578125 145.9375 149.09375 155.96875 163.5 168.5187530517578125 174.6875 181.3000030517578125 185.537506103515625 190.84375 195.65625 201.15625 201.881256103515625 201.4187469482421875 202.4875030517578125 206.037506103515625 206.712493896484375 208.0187530517578125 208.2937469482421875 205.875 207.568756103515625 210.0124969482421875 221.4499969482421875 237.4375 254.274993896484375 270.63751220703125 287.26873779296875 304.07501220703125 320.774993896484375 335.912506103515625 340.29998779296875 333.73126220703125 326.587493896484375 318.98748779296875 315.3125 310.95001220703125 305.6875 300.756256103515625 296.037506103515625 292.67498779296875 288.88751220703125 288.037506103515625
143.5625 136.1999969482421875 136.087493896484375 137.993743896484375 140.1750030517578125 145.975006103515625 153.0625 160.600006103515625 169.193756103515625 176.131256103515625 183.1875 190.65625 197.3937530517578125 204.912506103515625 207.850006103515625 210.0500030517578125 211.912506103515625 213.125 215.3625030517578125 216.100006103515625 217.225006103515625 215.8249969482421875 218.375 222.899993896484375 231.524993896484375 245.09375 260.212493896484375 274.54998779296875 289.412506103515625 304.193756103515625 316.45623779296875 327.88751220703125 328.63751220703125 326.5 322.287506103515625 316.96875 314.243743896484375 310.83123779296875 306.381256103515625 300.07501220703125 292.837493896484375 290.649993896484375 289.943756103515625 298.79998779296875
143.7312469482421875 134.493743896484375 133.46875 133.056243896484375 134.7375030517578125 141.09375 148.431243896484375 156.5124969482421875 165.131256103515625 173 181.8874969482421875 190.875 201.3125 210.7125091552734375 214.774993896484375 217.506256103515625 220.3312530517578125 224.524993896484375 225.9437408447265625 225.0749969482421875 224.756256103515625 226.3937530517578125 230.5812530517578125 233.618743896484375 239.7375030517578125 250.850006103515625 264.443756103515625 275.60626220703125 288.375 300.087493896484375 310.125 317.35626220703125 318.64373779296875 319.256256103515625 318.16876220703125 314.443756103515625 313.381256103515625 311.087493896484375 305.787506103515625 302.54376220703125 299.131256103515625 299.556243896484375 299.931243896484375 309.58123779296875
143.193756103515625 132.2312469482421875 130.256256103515625 129.6999969482421875 131.1312408447265625 137.006256103515625 144.693756103515625 151.90625 161 170.662506103515625 180.8625030517578125 191.8874969482421875 205.0812530517578125 214.8562469482421875 220.96875 225.5124969482421875 230.9499969482421875 235.5812530517578125 238.0500030517578125 237.993743896484375 237.443756103515625 237.818756103515625 240.6875 241.3125 244.743743896484375 257.34375 266.375 276.73748779296875 286.881256103515625 294.71875 303.0625 308.962493896484375 312.08123779296875 313.618743896484375 313.04998779296875 311.212493896484375 308.462493896484375 307.23126220703125 306.23748779296875 304.48748779296875 302.79998779296875 304.0625 307.59375 313.83123779296875
142.412506103515625 130.4250030517578125 127.9812469482421875 127.99375152587890625 128.6437530517578125 133.443756103515625 140.725006103515625 147.5 156.9375 167.0187530517578125 178.649993896484375 193 206.3625030517578125 218.774993896484375 226.15625 232.787506103515625 237.475006103515625 242.8000030517578125 245.0749969482421875 248.243743896484375 248.4562530517578125 248.78125 249.631256103515625 250.0124969482421875 255.193756103515625 263.04376220703125 268.912506103515625 277.75 284.506256103515625 291.4375 298.818756103515625 303.774993896484375 304.881256103515625 306.83123779296875 307.54376220703125 305.993743896484375 305 302.40625 301.868743896484375 301.006256103515625 304.368743896484375 308.32501220703125 312.41876220703125 319.17498779296875
147.1062469482421875 134.931243896484375 132.21875 131.0625 131.443756103515625 135.225006103515625 140.15625 146.462493896484375 155.118743896484375 165.8874969482421875 179.850006103515625 193.899993896484375 209.787506103515625 224.693756103515625 233.006256103515625 239.9187469482421875 246.7375030517578125 252.399993896484375 253.725006103515625 255.568756103515625 257.600006103515625 257.931243896484375 257.793731689453125 257.98748779296875 262.35626220703125 265.60626220703125 270.912506103515625 276.162506103515625 281.63751220703125 288.51873779296875 293.48748779296875 296.57501220703125 297.60626220703125 300.36248779296875 302.10626220703125 302.51873779296875 301.643768310546875 300.51873779296875 298.45623779296875 303.35626220703125 305.524993896484375 309.23748779296875 314.90625 323
151.59375 140.9187469482421875 137.868743896484375 135.6750030517578125 134.5124969482421875 138.006256103515625 141.8937530517578125 146.006256103515625 153.8937530517578125 164.28125 177.0437469482421875 194.25 212.381256103515625 227.0749969482421875 237.493743896484375 245.1437530517578125 253.59375 259.04998779296875 261.100006103515625 262.8125 264.475006103515625 265.13751220703125 265.225006103515625 262.32501220703125 265.98748779296875 267.54998779296875 269.76873779296875 273.243743896484375 277.806243896484375 282.087493896484375 286.20001220703125 290.368743896484375 291.774993896484375 294.41876220703125 297.01873779296875 297.26251220703125 297.53125 294.23126220703125 297.4375 301.5625 302.837493896484375 308.193756103515625 315.01251220703125 323.79376220703125
155.4312591552734375 146.725006103515625 143.9187469482421875 140.34375 138.0500030517578125 139.9250030517578125 142.306243896484375 145.7312469482421875 151.912506103515625 160.600006103515625 174.743743896484375 194.587493896484375 215.806243896484375 234.4499969482421875 244.868743896484375 253.5625 260.90625 263.850006103515625 267.787506103515625 267.743743896484375 270.63751220703125 269.649993896484375 269.66876220703125 264.693756103515625 265.73748779296875 268.125 269.399993896484375 270.125 273.60626220703125 278.32501220703125 281.04376220703125 284.943756103515625 285.34375 288.787506103515625 290.60626220703125 290.29376220703125 288.83123779296875 292.8125 295.88751220703125 298.40625 299.399993896484375 305.14373779296875 312.58123779296875 320.46875
163.412506103515625 156.6374969482421875 153.600006103515625 150.1437530517578125 147.1437530517578125 147.21875 148.5187530517578125 149.9187469482421875 153.3249969482421875 159.84375 172.181243896484375 193.649993896484375 217.9875030517578125 237.5 248.912506103515625 258.274993896484375 266.42498779296875 269.631256103515625 272.756256103515625 274.92498779296875 275.26873779296875 274.693756103515625 270.381256103515625 266.193756103515625 264.51251220703125 265.381256103515625 266.6875 267.91876220703125 270.38751220703125 273.41876220703125 276.03125 278.337493896484375 278.95001220703125 283.056243896484375 283.774993896484375 281.29998779296875 285.34375 289.587493896484375 291.40625 294.506256103515625 297.818756103515625 302.26873779296875 307.53125 314.618743896484375
171.993743896484375 167.0187530517578125 163.693756103515625 160.6437530517578125 157.2624969482421875 156.337493896484375 156.506256103515625 155.006256103515625 155.037506103515625 157.65625 170.912506103515625 196.618743896484375 219.006256103515625 236.350006103515625 250.2937469482421875 261.07501220703125 268.04998779296875 271.818756103515625 275.39373779296875 275.368743896484375 275.556243896484375 273.524993896484375 268.818756103515625 264.756256103515625 261.42498779296875 261.16876220703125 263.181243896484375 264.86248779296875 266.231231689453125 268.11248779296875 271.51251220703125 274.48126220703125 275.34375 276.993743896484375 277.168731689453125 277.725006103515625 282.0625 287.42498779296875 291.32501220703125 291.806243896484375 294.943756103515625 298.056243896484375 303.462493896484375 308.51251220703125
181.3000030517578125 176.1062469482421875 172.4499969482421875 170.037506103515625 166.8000030517578125 165.556243896484375 164.1125030517578125 161.118743896484375 161.024993896484375 161.350006103515625 178.6062469482421875 203.649993896484375 222.5 238.0812530517578125 251.1875 262.46875 268.78125 273.04998779296875 273.45623779296875 272.04376220703125 271.287506103515625 268.056243896484375 265.28125 260.96875 257.03125 257.5625 257.14373779296875 260.3125 262.462493896484375 264.962493896484375 266.07501220703125 269.131256103515625 271.806243896484375 272.475006103515625 270.537506103515625 275.26873779296875 279.70623779296875 283.16876220703125 288.975006103515625 290.443756103515625 291.23126220703125 294.20001220703125 296.006256103515625 298.375
184.600006103515625 178.756256103515625 176.256256103515625 175.225006103515625 173.90625 172.3125 171.8249969482421875 171.1687469482421875 175.443756103515625 185.193756103515625 203.4187469482421875 218.631256103515625 229.818756103515625 242.75 254.0749969482421875 262.162506103515625 267.98126220703125 270.368743896484375 267.76873779296875 267.15625 264.6875 260.449981689453125 257.54376220703125 255.3249969482421875 252.9499969482421875 251.3125 251.9812469482421875 254.7687530517578125 256.73126220703125 260.693756103515625 262.98126220703125 263.38751220703125 265.84375 268.3125 271.96875 273.79998779296875 275.850006103515625 280.11248779296875 282.73126220703125 281.949981689453125 283.25 286.243743896484375 286.431243896484375 289.368743896484375
186.3249969482421875 182.024993896484375 180.8937530517578125 181.1125030517578125 180.943756103515625 181.3312530517578125 180.7937469482421875 184.2062530517578125 191.1875 201.3625030517578125 214.431243896484375 227.931243896484375 237.4499969482421875 247.693756103515625 256.57501220703125 262.524993896484375 266.875 267.875 263.7874755859375 260.70623779296875 256.3125 253.8249969482421875 248.0749969482421875 245.787506103515625 246.6437530517578125 246.2687530517578125 247.506256103515625 250.3625030517578125 252.600006103515625 256.131256103515625 256.64373779296875 261.818756103515625 266.84375 269.5 273.20623779296875 274.337493896484375 275.0625 277.95623779296875 278.29998779296875 274.89373779296875 274.493743896484375 276.662506103515625 275.243743896484375 276.91876220703125
