data/historical-monthly-weather-data/wc2.1_cruts4.09_10m_prec_2007-11.asc
ncols        51
nrows        45
xllcorner    -63.500000000000
yllcorner    -7.500000000000
cellsize     0.166666666667
NODATA_value -9999
[rows 0 to 18 of 45, columns 0 to 43 of 51]
178.15625 176.024993896484375 168.681243896484375 164.8000030517578125 160.5625 157.3625030517578125 153.0500030517578125 149.0124969482421875 146.46875 143.3562469482421875 140.443756103515625 137.431243896484375 134.806243896484375 130.3562469482421875 127.8125 124.9562530517578125 122.375 118.3562469482421875 114.68125152587890625 111.72499847412109375 108.7937469482421875 105.8625030517578125 103.625 101.16249847412109375 99.3562469482421875 98.21250152587890625 98.84375 99.7062530517578125 100.33750152587890625 101.7937469482421875 103.78125 106.4812469482421875 108.8874969482421875 112.06874847412109375 114.90625 117.79999542236328125 121.03749847412109375 123.66249847412109375 124.8937530517578125 126.0187530517578125 126.0187530517578125 126.16249847412109375 124.75 123.1875
184.6437530517578125 181.756256103515625 177.25 174.75 173.431243896484375 170.8249969482421875 166.756256103515625 164.756256103515625 162.600006103515625 159.256256103515625 156.056243896484375 151.8125 147.350006103515625 142.774993896484375 138.443756103515625 135.34375 131.2312469482421875 127.625 123.88124847412109375 120.97499847412109375 117.6875 114.5 112.1875 110.3000030517578125 107.3125 105.34999847412109375 105.2687530517578125 104.8937530517578125 104.81874847412109375 106.27500152587890625 108.5 111.4562530517578125 113.02500152587890625 116.99375152587890625 120.44374847412109375 123.84999847412109375 127.65625 130.9562530517578125 132.1999969482421875 133.524993896484375 134.4499969482421875 134.056243896484375 133.1750030517578125 130.2624969482421875
188.7312469482421875 186.5124969482421875 182.912506103515625 180.6062469482421875 180.6999969482421875 179.399993896484375 179.5124969482421875 179.181243896484375 178.9875030517578125 176.587493896484375 172.524993896484375 166.9875030517578125 161.649993896484375 155.8000030517578125 150.25 145.381256103515625 140.9875030517578125 137.2624969482421875 132.899993896484375 129.59375 126.28125 122.96875 120.46250152587890625 118.43125152587890625 115.50624847412109375 112.78125 111.68125152587890625 110.625 109.27500152587890625 109.9187469482421875 112.49375152587890625 114.86875152587890625 118.38124847412109375 122.1687469482421875 126.4499969482421875 129.8937530517578125 134.0124969482421875 139.162506103515625 141.1750030517578125 143.375 144.5187530517578125 143.34375 142.03125 139.4875030517578125
188.287506103515625 185.875 185.618743896484375 184.212493896484375 185.7624969482421875 186.818756103515625 188.8125 192.368743896484375 195.3249969482421875 194.975006103515625 190.2937469482421875 182.818756103515625 175.84375 168.6750030517578125 162.1687469482421875 156.4250030517578125 151.5500030517578125 146.84375 142.53125 139.6437530517578125 136.350006103515625 132.618743896484375 128.9499969482421875 126.0625 122.97499847412109375 120.08750152587890625 118.05625152587890625 114.9187469482421875 113.125 114.06874847412109375 116.00624847412109375 118.6687469482421875 121.5500030517578125 125.75624847412109375 130.3625030517578125 136.1125030517578125 141.850006103515625 147.4187469482421875 150.5437469482421875 153.131256103515625 153.59375 153.3000030517578125 150.662506103515625 147.4187469482421875
192.6999969482421875 187.5625 182.3625030517578125 183.7062530517578125 188.625 192.34375 196.71875 203.506256103515625 210.3312530517578125 213.4250030517578125 206.1999969482421875 195.3125 187.1374969482421875 180.118743896484375 173.0625 167.212493896484375 161.399993896484375 157.068756103515625 152.46875 148.2062530517578125 145.8874969482421875 141.868743896484375 138 135.2937469482421875 130.53125 126.7624969482421875 122.0812530517578125 119.0437469482421875 117.05625152587890625 116.68125152587890625 118.15625 120.6374969482421875 124.24375152587890625 129.243743896484375 134.8249969482421875 141.399993896484375 148.3937530517578125 155.475006103515625 160.1999969482421875 161.8125 163.162506103515625 161.412506103515625 158.9499969482421875 155.568756103515625
193.556243896484375 189.0749969482421875 184.068756103515625 179.84375 186.1437530517578125 193.899993896484375 200.131256103515625 206.350006103515625 213.0625 217.8062591552734375 209.9250030517578125 199.399993896484375 192.3249969482421875 185.8000030517578125 178.84375 172.7062530517578125 167.756256103515625 164.1062469482421875 160.96875 156.6687469482421875 153.5187530517578125 150.0124969482421875 145.8937530517578125 141.256256103515625 136.787506103515625 131.7062530517578125 126.5437469482421875 122.2624969482421875 119.30625152587890625 118.40625 118.6374969482421875 122.11875152587890625 125.78125 131.5749969482421875 137.431243896484375 145.3000030517578125 153.274993896484375 161.5749969482421875 167.7937469482421875 170.53125 169.006256103515625 167.3249969482421875 164.625 161.6125030517578125
196.056243896484375 193.7312469482421875 188.9499969482421875 184.65625 186.8312530517578125 191.5 197.4499969482421875 202.6687469482421875 205.1875 204.524993896484375 203.0812530517578125 197.6999969482421875 193.649993896484375 188.837493896484375 183.7062530517578125 178.8562469482421875 174.350006103515625 171.225006103515625 167.712493896484375 165.943756103515625 162.5 158.40625 153.9250030517578125 148.1125030517578125 142.5437469482421875 137.3937530517578125 130.9499969482421875 125.1750030517578125 119.9562530517578125 118.8312530517578125 119.4499969482421875 121.88124847412109375 126.40000152587890625 132.818756103515625 139.9250030517578125 147.618743896484375 155.625 165.087493896484375 174.53125 176.8125 174.1374969482421875 171.693756103515625 169.006256103515625 165.5625
200.7062530517578125 198.0500030517578125 194.7062530517578125 193.5437469482421875 195.162506103515625 196.7375030517578125 196.306243896484375 193.7312469482421875 190.056243896484375 189.6999969482421875 194.0625 194.431243896484375 193.318756103515625 190.693756103515625 187.3312530517578125 184.3249969482421875 180.537506103515625 177.931243896484375 175.8000030517578125 173.8625030517578125 172 168.1999969482421875 162.337493896484375 155.587493896484375 149.899993896484375 141.881256103515625 133.9499969482421875 126.53125 120.9499969482421875 118.59375 118.5437469482421875 121.47499847412109375 126.5 132.9250030517578125 140.431243896484375 147.743743896484375 156.556243896484375 164.9812469482421875 171.5187530517578125 174.1062469482421875 173.056243896484375 171.1062469482421875 168.5437469482421875 164.8312530517578125
204.931243896484375 203.75 202.4499969482421875 201.881256103515625 202.568756103515625 202.475006103515625 200.375 195.475006103515625 185.3249969482421875 180.6875 187.1374969482421875 190.0124969482421875 191.1875 190.100006103515625 189.0187530517578125 187.381256103515625 185.256256103515625 184.274993896484375 185.2375030517578125 183.774993896484375 179.681243896484375 175.881256103515625 169.056243896484375 163.28125 155.600006103515625 146.1750030517578125 136.4875030517578125 128.618743896484375 122.21875 118.0187530517578125 117.93125152587890625 121.25 125.3000030517578125 130.8249969482421875 137.3312530517578125 144.912506103515625 152.912506103515625 160.337493896484375 165.506256103515625 169.100006103515625 169.131256103515625 166.962493896484375 165.443756103515625 162.3312530517578125
209.8499908447265625 208.5 207.9875030517578125 208.3562469482421875 209.71875 210.162506103515625 206.837493896484375 200.600006103515625 192.8937530517578125 189.125 190.125 189.3937530517578125 190.625 189.8625030517578125 189.899993896484375 190.1937408447265625 190 191.493743896484375 193.399993896484375 194.6875 190.7375030517578125 185.431243896484375 177.225006103515625 169.78125 159.9562530517578125 150.131256103515625 140.600006103515625 131.1687469482421875 123.4187469482421875 117.7375030517578125 116.9499969482421875 119.59375 123.47499847412109375 128.9250030517578125 135.125 142.2937469482421875 150.006256103515625 155.96875 160.78125 164.3000030517578125 165.6750030517578125 164.2624969482421875 161.899993896484375 157.868743896484375
215.2624969482421875 214.431243896484375 213.7687530517578125 214.4375 215.943756103515625 218.4250030517578125 215.931243896484375 208.5 200.9250030517578125 196.212493896484375 195.40625 193.100006103515625 191.6999969482421875 190.3000030517578125 190.6374969482421875 191.6999969482421875 193.5187530517578125 197.024993896484375 201.125 205.34375 205.649993896484375 198.6999969482421875 187.4812469482421875 174.475006103515625 164.8625030517578125 156.125 146.1374969482421875 136.318756103515625 126.8125 120.25 118.68125152587890625 120.15000152587890625 123.9499969482421875 128.65625 133.5187530517578125 139.256256103515625 145.431243896484375 151.1750030517578125 157.193756103515625 161.0437469482421875 162.40625 161.506256103515625 159.662506103515625 156.0749969482421875
219.600006103515625 218.8312530517578125 218.34375 220.21875 222.0187530517578125 224.493743896484375 223.306243896484375 215.5625 207.6750030517578125 202.181243896484375 199.068756103515625 196.6062469482421875 192.681243896484375 190.681243896484375 191.2937469482421875 192.71875 195.443756103515625 199.75 206.100006103515625 214 217.6125030517578125 211.056243896484375 197.6687469482421875 181.7687530517578125 169.46875 159.568756103515625 149.1062469482421875 139.5625 131.625 124.99375152587890625 121.46250152587890625 120.72499847412109375 123.0187530517578125 126.4499969482421875 131 136.256256103515625 141.5187530517578125 147.3125 152.6999969482421875 157.118743896484375 159.875 158.931243896484375 157.1999969482421875 153.993743896484375
223.375 223.3937530517578125 223.21875 223.850006103515625 224.5812530517578125 225.9812469482421875 223.8249969482421875 217.993743896484375 210.881256103515625 205.7687530517578125 201.6125030517578125 199.212493896484375 195.3937530517578125 189.743743896484375 189.34375 191.21875 194.6374969482421875 201.475006103515625 209.256256103515625 217.899993896484375 224.118743896484375 218.537506103515625 204.243743896484375 189.100006103515625 174.0812530517578125 162.0625 153.3000030517578125 143.912506103515625 136.1999969482421875 129.5 124.74375152587890625 122.09375 122.2312469482421875 124.19374847412109375 127.7937469482421875 132.4749908447265625 137.46875 142.75 149.0500030517578125 152.75 156.8000030517578125 156.9375 153.462493896484375 144.162506103515625
226.6875 225.506256103515625 225.2062530517578125 225.256256103515625 225.71875 224.9250030517578125 222.6750030517578125 218.662506103515625 213.462493896484375 207.8000030517578125 202.962493896484375 198.131256103515625 194.1062469482421875 188.9250030517578125 185.09375 186.868743896484375 191.212493896484375 198.2687530517578125 206.1999969482421875 213.9187469482421875 218.4499969482421875 214.9000091552734375 204.96875 191.71875 178.818756103515625 167.662506103515625 159.4375 150.28125 141.5875091552734375 133.7375030517578125 128.056243896484375 123.75 122.02500152587890625 122.18125152587890625 125.30625152587890625 130.068756103515625 134.7375030517578125 141.212493896484375 146.40625 151.649993896484375 154.09375 149.756256103515625 144.412506103515625 140.7687530517578125
228 226.6687469482421875 226.4187469482421875 226.34375 226.243743896484375 224.837493896484375 223.25 219.8125 214.4250030517578125 208.587493896484375 203.006256103515625 197.743743896484375 192.40625 186.5437469482421875 179.943756103515625 180.568756103515625 185.6125030517578125 193.1437530517578125 201.2312469482421875 208.462493896484375 211.931243896484375 210.2687530517578125 204.149993896484375 194.725006103515625 185.5749969482421875 176.3874969482421875 167.3249969482421875 157.4375 147.943756103515625 138.3312530517578125 130.756256103515625 124.65000152587890625 122.31874847412109375 121.65625 123.06874847412109375 127.19374847412109375 133.225006103515625 141.1437530517578125 147.2312469482421875 149.587493896484375 148.0187530517578125 145.912506103515625 144.9187469482421875 143.5437469482421875
227.8937530517578125 226.4187469482421875 226.881256103515625 226.681243896484375 226.5812530517578125 225.6125030517578125 223.1374969482421875 219.850006103515625 215.7375030517578125 211.125 204.75 198.8000030517578125 192.8562469482421875 185.193756103515625 177.1875 173.181243896484375 180.399993896484375 189.9875030517578125 197.787506103515625 204.4562530517578125 208.6875 208.787506103515625 204.818756103515625 198.0625 191.4812469482421875 185.587493896484375 177.431243896484375 166.7624969482421875 154.6437530517578125 142.6687469482421875 133.337493896484375 126.19374847412109375 122.58750152587890625 121.8125 121.2687530517578125 126.6687469482421875 134.068756103515625 138.6187591552734375 143.162506103515625 144.7937469482421875 145.9375 146.25 145.712493896484375 141.4250030517578125
227.350006103515625 226.993743896484375 226.8562469482421875 226.7687530517578125 227.243743896484375 226.149993896484375 224.6687469482421875 221.431243896484375 217.8312530517578125 213.03125 207.4250030517578125 201.65625 194.975006103515625 187.368743896484375 180.0124969482421875 176.337493896484375 178.568756103515625 186.5625 195.3874969482421875 202.8000030517578125 207.40625 208.53125 206.125 200.34375 196.1875 194.1999969482421875 188.899993896484375 175.6125030517578125 159.6999969482421875 146.181243896484375 136.100006103515625 129.806243896484375 124.99375152587890625 122.8562469482421875 126.02500152587890625 133.693756103515625 137.8562469482421875 143.149993896484375 147.875 147.5500030517578125 148.8874969482421875 149.34375 145.6875 143.34375
226.068756103515625 225.9375 226.9250030517578125 227.7375030517578125 228.0749969482421875 228.8125 228.337493896484375 225.6374969482421875 222.256256103515625 217.3562469482421875 211.6750030517578125 205.9187469482421875 198.1374969482421875 191.5500030517578125 186.274993896484375 182.75 182.5124969482421875 184.462493896484375 194.431243896484375 202.3312530517578125 208.6374969482421875 208.868743896484375 206.7062530517578125 203.212493896484375 201.3312530517578125 200.53125 199.2624969482421875 182.8937530517578125 162.962493896484375 145.9250030517578125 134.4187469482421875 127.6875 127.22499847412109375 130.774993896484375 135.225006103515625 136.9499969482421875 142.131256103515625 147.34375 148.34375 151.837493896484375 152.2062530517578125 151.274993896484375 148.6687469482421875 146.149993896484375
224.056243896484375 225.2312469482421875 226.693756103515625 228.3000030517578125 229.9250030517578125 231.256256103515625 231.1999969482421875 230.243743896484375 227.7687530517578125 224.068756103515625 217.899993896484375 211.4812469482421875 203.7624969482421875 197.5124969482421875 191.71875 188.5124969482421875 187.618743896484375 187.1687469482421875 192.818756103515625 200.8937530517578125 209.9499969482421875 214.2312469482421875 207.0812530517578125 204.8625030517578125 204.2312469482421875 203.1812591552734375 198.3000030517578125 183.7687530517578125 165.225006103515625 146.350006103515625 132.2687530517578125 128.850006103515625 134.4375 137.818756103515625 139.7937469482421875 144.0500030517578125 147.6374969482421875 151.024993896484375 153.774993896484375 155.8874969482421875 156.193756103515625 157.006256103515625 153.1125030517578125 149.662506103515625
