data/historical-monthly-weather-data/wc2.1_cruts4.09_10m_prec_1984-08.asc
ncols        51
nrows        45
xllcorner    -63.500000000000
yllcorner    -7.500000000000
cellsize     0.166666666667
NODATA_value -9999
[rows 0 to 18 of 45, columns 0 to 43 of 51]
194.7624969482421875 198.09375 199.693756103515625 206.243743896484375 213.881256103515625 222.0500030517578125 223.837493896484375 227.96875 230.84375 230.9187469482421875 224.1875 220.243743896484375 218.962493896484375 213.381256103515625 208.8249969482421875 199.943756103515625 194.25 187.8125 181.243743896484375 179.53125 176.662506103515625 171.568756103515625 166.837493896484375 162.0749969482421875 155.8625030517578125 150.1125030517578125 147.7062530517578125 147.1062469482421875 140.2687530517578125 140.3625030517578125 136.0124969482421875 136.40625 137.7624969482421875 136.337493896484375 137.0187530517578125 141.556243896484375 144.899993896484375 150.3625030517578125 158.337493896484375 165.28125 173.40625 184.3312530517578125 191.4812469482421875 197.975006103515625
185.4562530517578125 187.493743896484375 194.09375 202.1125030517578125 212.1999969482421875 218.7312469482421875 217.412506103515625 220.5500030517578125 224.3000030517578125 224.4562530517578125 220.181243896484375 218.131256103515625 212.4250030517578125 204.912506103515625 198.8000030517578125 194.15625 186.399993896484375 179.6687469482421875 174.1750030517578125 170.9562530517578125 167.600006103515625 162.4562530517578125 157.96875 154.899993896484375 148.8562469482421875 142.2937469482421875 142.5187530517578125 140.4375 134.46875 132.975006103515625 132.1875 131.6437530517578125 133.087493896484375 134.931243896484375 135.618743896484375 139.5812530517578125 141.131256103515625 149.256256103515625 155.412506103515625 161.9375 173.4875030517578125 181.712493896484375 191.46875 199.850006103515625
169.5749969482421875 174.3249969482421875 182.5437469482421875 192.899993896484375 203.0749969482421875 208.7624969482421875 210.75 213.25 214.368743896484375 213.7312469482421875 212.8249969482421875 210.631256103515625 204.475006103515625 194.899993896484375 188.25 182.7937469482421875 176.806243896484375 170.1875 164.725006103515625 159.306243896484375 157.8562469482421875 155.96875 152.2312469482421875 150.475006103515625 143.3249969482421875 138.6750030517578125 140 135.90625 130.225006103515625 129.931243896484375 127.6374969482421875 127.3874969482421875 130.056243896484375 133.9875030517578125 134.462493896484375 136.337493896484375 141.2312469482421875 149.7312469482421875 155.556243896484375 165.0437469482421875 179.2312469482421875 188.993743896484375 201.3562469482421875 208.537506103515625
154.8000030517578125 157.2624969482421875 167.7687530517578125 179.131256103515625 187.5187530517578125 192.8874969482421875 197.306243896484375 201.118743896484375 205.931243896484375 205.6062469482421875 202.2687530517578125 197.787506103515625 192.8937530517578125 184.1062469482421875 177.4875030517578125 171.4250030517578125 166.6125030517578125 161.2375030517578125 156.399993896484375 155.4250030517578125 153.149993896484375 149.6875 145.931243896484375 144.7312469482421875 139.243743896484375 134.59375 134.681243896484375 128.149993896484375 123.65625 123.96250152587890625 122.8312530517578125 121.40625 122.9375 125.78749847412109375 128.368743896484375 133.743743896484375 143.149993896484375 150.9375 155.75 168.6062469482421875 181.5625 195.9250030517578125 208.225006103515625 219.4499969482421875
155.193756103515625 153.21875 153.818756103515625 161.4812469482421875 172.337493896484375 177.306243896484375 181.037506103515625 189.306243896484375 196.756256103515625 197.006256103515625 192.0625 186.475006103515625 181.431243896484375 174.756256103515625 167.6062469482421875 162.3625030517578125 156.5187530517578125 150.693756103515625 146.3874969482421875 146.725006103515625 148.0625 142.9875030517578125 140.4250030517578125 141.381256103515625 134.662506103515625 129.431243896484375 126.36249542236328125 123.84375 119.52500152587890625 117.1125030517578125 118.59375 116.53749847412109375 120.0500030517578125 124.5 128.068756103515625 132.6875 140.5187530517578125 149.506256103515625 155.100006103515625 165.850006103515625 184.03125 198.3937530517578125 215.71875 227.693756103515625
150.8625030517578125 148.65625 147.1999969482421875 144.912506103515625 153.8000030517578125 165.4375 171.1875 176.537506103515625 184.4250030517578125 185 178.037506103515625 173.1374969482421875 170.0437469482421875 165.100006103515625 158.5749969482421875 154.3125 147.6999969482421875 141.287506103515625 139.3874969482421875 139.931243896484375 141.40625 139.681243896484375 138.056243896484375 133.8874969482421875 130.3125 126.33750152587890625 123.13124847412109375 119.3937530517578125 116.125 112.72499847412109375 113.65625 114.3874969482421875 116.8000030517578125 122.34375 124.8312530517578125 132.65625 139.0812530517578125 145.2312469482421875 153.225006103515625 166.78125 180.5500030517578125 196.649993896484375 214.3125 232
147.4250030517578125 146.6374969482421875 145.4812469482421875 144.100006103515625 146.84375 151.25 155.931243896484375 160.600006103515625 160.493743896484375 162.0500030517578125 160.3312530517578125 158.5625 158.818756103515625 155.5 151.618743896484375 147.693756103515625 141.7375030517578125 136.8874969482421875 133.78125 135.681243896484375 136.1687469482421875 135.943756103515625 134.712493896484375 131.693756103515625 127.52500152587890625 124.3562469482421875 120.44374847412109375 115.61875152587890625 109.8625030517578125 109.63124847412109375 109.28749847412109375 108.80625152587890625 113.8562469482421875 119.625 123.7062530517578125 130.1875 135.318756103515625 142.2624969482421875 151.5124969482421875 164.850006103515625 177.587493896484375 192.868743896484375 212.25 233.350006103515625
145.068756103515625 142.712493896484375 144.0812530517578125 144.3000030517578125 147.9187469482421875 151.78125 148.787506103515625 140.681243896484375 135.8874969482421875 138.1374969482421875 144.15625 145.243743896484375 146.149993896484375 145.2062530517578125 143.46875 140.15625 136.381256103515625 132.3249969482421875 129.225006103515625 129.962493896484375 132.368743896484375 132.9187469482421875 130.6125030517578125 127.1687469482421875 125.25 120.53125 115.59375 111.22499847412109375 106.5500030517578125 103.7937469482421875 105.5124969482421875 105.00624847412109375 108.9250030517578125 115.96250152587890625 118.6437530517578125 124.4187469482421875 129.7937469482421875 135.5374908447265625 142.5187530517578125 152.6437530517578125 165.850006103515625 181.537506103515625 199.2062530517578125 216.9187469482421875
143.6062469482421875 141.725006103515625 143.90625 142.943756103515625 144.78125 145.912506103515625 144.225006103515625 138.3937530517578125 128.0812530517578125 124.06874847412109375 128.600006103515625 131.162506103515625 136.568756103515625 136.6999969482421875 135.524993896484375 133.149993896484375 132.475006103515625 130.1999969482421875 130.6062469482421875 128.618743896484375 129.399993896484375 130.8562469482421875 128.1875 128.2624969482421875 124.93125152587890625 118.2937469482421875 111.00624847412109375 108.1687469482421875 103.8937530517578125 101.4562530517578125 102.9875030517578125 100.65000152587890625 102.7062530517578125 105.8937530517578125 109.72499847412109375 117.34999847412109375 123.74375152587890625 129.774993896484375 134.774993896484375 143.256256103515625 153.2937469482421875 163.40625 175.1999969482421875 187.5124969482421875
141.0187530517578125 139.65625 140.6125030517578125 141.368743896484375 142.78125 143.306243896484375 144.087493896484375 138.318756103515625 130.1062469482421875 128.1125030517578125 127.88124847412109375 125.98125457763671875 130.181243896484375 131.524993896484375 129.212493896484375 128.1875 126.7687530517578125 127.77500152587890625 128.6875 129.125 129.756256103515625 128.462493896484375 125.41249847412109375 125.0187530517578125 120.8562469482421875 114.2062530517578125 107.5625 103.6374969482421875 98.16249847412109375 95.7312469482421875 94.71250152587890625 93.41875457763671875 97.8249969482421875 102.52500152587890625 107.4250030517578125 113.8562469482421875 118.5 122.9250030517578125 128.818756103515625 135.6125030517578125 142.4812469482421875 147.524993896484375 153.5187530517578125 157.7687530517578125
141.0437469482421875 139.4875030517578125 138.587493896484375 138.568756103515625 140.75 143.6125030517578125 143.8937530517578125 136.5 130.118743896484375 126.5187530517578125 127.16249847412109375 125.56874847412109375 125.6875 125.34375 121.91249847412109375 120.0124969482421875 119.93125152587890625 122.9187469482421875 124.625 127.5124969482421875 132.149993896484375 130.7937469482421875 126.7312469482421875 121.77500152587890625 120.1750030517578125 113.9875030517578125 107.6062469482421875 101.49375152587890625 93.7062530517578125 90.0187530517578125 90.40000152587890625 89.7375030517578125 95.6125030517578125 100.66249847412109375 103.625 108.2312469482421875 112.03125 116.9875030517578125 120.75 124.7312469482421875 128.375 131.4499969482421875 136.506256103515625 136.9187469482421875
139.5500030517578125 138.5437469482421875 137.6062469482421875 138.506256103515625 141.03125 143.743743896484375 144.9499969482421875 139.2937469482421875 132.212493896484375 127.66249847412109375 126.53749847412109375 124.40625 121.5812530517578125 118.24375152587890625 118.65625 116.7375030517578125 115.7312469482421875 116.9562530517578125 120.44374847412109375 125.8125 131.1750030517578125 130.725006103515625 127.7375030517578125 123.69374847412109375 118.8249969482421875 107.19374847412109375 100.5625 95.81874847412109375 89.3937530517578125 86.75624847412109375 85.90000152587890625 87.2062530517578125 90.5 94.77500152587890625 99.24375152587890625 105 108.84375 111.72499847412109375 111.41249847412109375 111 113.27500152587890625 115.22499847412109375 117.03125 111.55625152587890625
136.899993896484375 134.4187469482421875 134.34375 133.818756103515625 137.1999969482421875 138.7062530517578125 136.9625091552734375 133.9187469482421875 127.78125 124.5187530517578125 123.38124847412109375 121.72499847412109375 117.34999847412109375 111.28125 109.1687469482421875 108.8625030517578125 107.3562469482421875 110.6750030517578125 113.96250152587890625 117.44374847412109375 123.9187469482421875 124.88124847412109375 123.05625152587890625 116.03125 105.66249847412109375 96.3249969482421875 93.58750152587890625 90.1687469482421875 87.41249847412109375 85.50624847412109375 83.8562469482421875 83.81874847412109375 88.43125152587890625 89.84999847412109375 94.6062469482421875 102.0812530517578125 109.9875030517578125 111.90625 112.2687530517578125 106.59999847412109375 100.1125030517578125 103.36875152587890625 102.71875 95.71250152587890625
133.037506103515625 129.225006103515625 128.256256103515625 129.3874969482421875 131.0124969482421875 130.96875 129.493743896484375 128.412506103515625 122.9499969482421875 120.16249847412109375 117.65000152587890625 113.78125 110.3874969482421875 105.15625 98.3562469482421875 99.375 99.3312530517578125 102.15000152587890625 102.40625 104.8562469482421875 111.15000152587890625 112.6125030517578125 111.58750152587890625 106.9562530517578125 99.55625152587890625 93 90.40625 87.9187469482421875 85.50624847412109375 84.69374847412109375 84.3312530517578125 82.5500030517578125 86.09375 88.3125 94.81874847412109375 105.00624847412109375 113.65000152587890625 121.13124847412109375 122.5749969482421875 113.66249847412109375 96.3625030517578125 90.65000152587890625 94.0124969482421875 100.21250152587890625
127.74375152587890625 125.6687469482421875 123.7687530517578125 123.30625152587890625 125.15000152587890625 124.83750152587890625 123.27500152587890625 120.94374847412109375 116.08750152587890625 113.6374969482421875 109.4250030517578125 106.7624969482421875 103.24375152587890625 97.18125152587890625 90.3874969482421875 88.16249847412109375 88.1374969482421875 89.13124847412109375 90.3625030517578125 93.3562469482421875 99.25624847412109375 101.9812469482421875 102.84999847412109375 102.19374847412109375 99.25 95.9187469482421875 92.34999847412109375 88.78125 85.2062530517578125 83.8937530517578125 82.18125152587890625 81.6875 85.19374847412109375 89.3000030517578125 94.21250152587890625 104.96875 117.50624847412109375 134.1750030517578125 138.931243896484375 126.375 115.15625 108.65000152587890625 111.4499969482421875 110.625
120.71875 119.7312469482421875 119.08750152587890625 118.6999969482421875 119.1437530517578125 119.8249969482421875 118.61875152587890625 114.47499847412109375 110.4875030517578125 107.4250030517578125 103.53125 99.36875152587890625 94.78125 89.375 83.55625152587890625 77.5812530517578125 77.03749847412109375 78.2062530517578125 79.24375152587890625 82.6062469482421875 87.94374847412109375 92.5500030517578125 97.13124847412109375 100.6062469482421875 100.78749847412109375 98.31874847412109375 94.9250030517578125 89.8125 85.47499847412109375 84.46250152587890625 83.9250030517578125 83.0187530517578125 84.9875030517578125 88.91249847412109375 95.15625 112.77500152587890625 128.912506103515625 145.568756103515625 153.274993896484375 148.993743896484375 142.443756103515625 133.7937469482421875 126.25 117.74375152587890625
116.4499969482421875 115.96250152587890625 114.71875 114.84999847412109375 113.78125 114.8562469482421875 114.625 111.8249969482421875 106.27500152587890625 103.43125152587890625 99.72499847412109375 93.9499969482421875 89.0625 83.53749847412109375 77.6875 72.00624847412109375 66.5749969482421875 66.6999969482421875 69.5 73.44374847412109375 77.1999969482421875 83.75 91.4812469482421875 100.1125030517578125 104.0187530517578125 101.41249847412109375 95.34999847412109375 90.3249969482421875 84.6999969482421875 82.7375030517578125 83.7312469482421875 85.8125 90.0500030517578125 95.2624969482421875 112.1999969482421875 130 146.8249969482421875 168.787506103515625 181.46875 169.84375 157.2624969482421875 143.149993896484375 130.1062469482421875 122.99375152587890625
109.6687469482421875 110.6750030517578125 110.5812530517578125 111.5812530517578125 111 112.18125152587890625 110.03125 107.84999847412109375 103.09999847412109375 99.46875 95.8125 90.71875 83.91249847412109375 77.53125 72.0500030517578125 66.34375 61.018749237060546875 57.34999847412109375 61.34375 63.52500152587890625 68.63124847412109375 75.50624847412109375 85.28749847412109375 94.72499847412109375 102.15000152587890625 102.0124969482421875 97.93125152587890625 92.2062530517578125 85.1687469482421875 81.59999847412109375 78.34999847412109375 78.80625152587890625 93.8625030517578125 111.3000030517578125 125.5437469482421875 146.3249969482421875 167.3562469482421875 184.787506103515625 189.0625 181.162506103515625 160.4250030517578125 147.3874969482421875 135.1125030517578125 127.9250030517578125
103.0500030517578125 104.7937469482421875 105.9187469482421875 107.63124847412109375 108.83750152587890625 108.84375 107.66249847412109375 105.0437469482421875 102.81874847412109375 99.99375152587890625 95.5749969482421875 87.1875 80.5812530517578125 74.5187530517578125 67.53749847412109375 62.956249237060546875 57.456249237060546875 52.78125 52.94374847412109375 56.03749847412109375 64.38124847412109375 77.90000152587890625 76.58750152587890625 87.03125 95.33750152587890625 101.3125 99.8312530517578125 93.3312530517578125 88.5437469482421875 80.98125457763671875 76.3562469482421875 81.3874969482421875 99.02500152587890625 114.78125 131.712493896484375 152.068756103515625 166.3562469482421875 174.868743896484375 180.3000030517578125 171.912506103515625 159.75 147.868743896484375 136.4625091552734375 127.78749847412109375
