data/historical-monthly-weather-data/wc2.1_cruts4.09_10m_prec_1961-10.asc
ncols        51
nrows        45
xllcorner    -63.500000000000
yllcorner    -7.500000000000
cellsize     0.166666666667
NODATA_value -9999
[rows 19 to 37 of 45, columns 0 to 43 of 51]
147.3937530517578125 149.1062469482421875 150.5 151.71875 152.75 153.9562530517578125 154.2624969482421875 153.3249969482421875 151.46875 148.2624969482421875 143.006256103515625 136.006256103515625 129.0437469482421875 122.5187530517578125 118.6750030517578125 115.90000152587890625 111.77500152587890625 110.4250030517578125 110.0749969482421875 111.125 113.1875 118.2687530517578125 126.6125030517578125 134.5124969482421875 139.381256103515625 139.71875 136.1125030517578125 130.2062530517578125 119.78749847412109375 108.2375030517578125 100.625 102.88124847412109375 106.24375152587890625 109.36249542236328125 110.90625 108.6875 109.0187530517578125 112 114.36875152587890625 114.9562530517578125 113.77500152587890625 109.8937530517578125 102.0187530517578125 94.34999847412109375
136.068756103515625 139.837493896484375 143.1875 145.8562469482421875 148.037506103515625 149.806243896484375 151.274993896484375 151.2375030517578125 149.96875 146.337493896484375 141.024993896484375 133.53125 126.1437530517578125 118.65625 114.53125 111.03749847412109375 107.3937530517578125 105.9562530517578125 107.27500152587890625 108.43125152587890625 112.59999847412109375 118.40000152587890625 124.63124847412109375 131.1062469482421875 136.65625 139.0812530517578125 136.90625 130.3312530517578125 123.3312530517578125 117.74375152587890625 114.15625 114.9812469482421875 117.80625152587890625 122.3249969482421875 127.33750152587890625 124.03749847412109375 119.9499969482421875 119.1125030517578125 118.5749969482421875 118.00624847412109375 116.56874847412109375 112.88124847412109375 106.65625 100.4250030517578125
125.48125457763671875 131.225006103515625 135.8000030517578125 139.5187530517578125 142.9187469482421875 145.850006103515625 148.024993896484375 149.212493896484375 149.2312469482421875 145.5437469482421875 139.5124969482421875 131.7375030517578125 124.3562469482421875 118.0500030517578125 113.5124969482421875 110.1437530517578125 107.53749847412109375 106.7062530517578125 107.49375152587890625 109.1125030517578125 112.0749969482421875 117.16249847412109375 123.5437469482421875 129.21875 133.662506103515625 136.5187530517578125 136.7687530517578125 133.6750030517578125 130.5625 127.75624847412109375 125.81874847412109375 126.2937469482421875 128.5187530517578125 132.462493896484375 134.787506103515625 132.8312530517578125 128.431243896484375 125.0749969482421875 122.84999847412109375 121.625 119.75624847412109375 116.2375030517578125 111.6125030517578125 105.99375152587890625
117.125 124.75 130.212493896484375 134.4812469482421875 137.6750030517578125 141.1125030517578125 144.256256103515625 147.09375 149.2937469482421875 144.787506103515625 138.1999969482421875 129.9562530517578125 123.4375 118.3562469482421875 113.84999847412109375 110.33750152587890625 107.8312530517578125 107.90625 108.66249847412109375 109.97499847412109375 113.53749847412109375 117.59999847412109375 122.63124847412109375 128.03125 132.1875 133.993743896484375 135.962493896484375 137.0749969482421875 136.0187530517578125 135.443756103515625 135.9250030517578125 137.4375 138.6437530517578125 141.212493896484375 142.2375030517578125 139.7375030517578125 135.3562469482421875 130.412506103515625 127.4375 127.1687469482421875 125.72499847412109375 122.4375 118.1062469482421875 112.55625152587890625
110.3312530517578125 118.86875152587890625 125.4812469482421875 128.9812469482421875 131.881256103515625 135.6125030517578125 138.9250030517578125 142.5749969482421875 144.7937469482421875 141.40625 135.181243896484375 128.7062530517578125 123.4187469482421875 119.1875 115.58750152587890625 112.41249847412109375 110.46875 110.66249847412109375 111.36875152587890625 112.50624847412109375 116.0500030517578125 120.28749847412109375 123.9875030517578125 128.53125 131.850006103515625 132.5625 133.40625 137.03125 140.0437469482421875 141.8312530517578125 143.649993896484375 145.649993896484375 147.068756103515625 148.618743896484375 149.443756103515625 148 144.243743896484375 139.100006103515625 136.4250030517578125 135.225006103515625 133.568756103515625 130.1875 125.4187469482421875 119.34999847412109375
107.00624847412109375 114.7062530517578125 121.2687530517578125 123.52500152587890625 125.86875152587890625 129.443756103515625 132.649993896484375 135.493743896484375 137.1750030517578125 135.931243896484375 132.5437469482421875 127.96875 124.1999969482421875 121.0500030517578125 117.88124847412109375 115.46875 113.6875 114.125 114.91249847412109375 116.2312469482421875 119.4499969482421875 122.4812469482421875 126.3312530517578125 130.3125 133.725006103515625 136.475006103515625 137.875 141.256256103515625 144.881256103515625 147.4875030517578125 149.712493896484375 151.2937469482421875 153.7624969482421875 155.149993896484375 156.337493896484375 154.875 153.0812530517578125 150.6125030517578125 147.5749969482421875 146.2062530517578125 144.1125030517578125 139.962493896484375 134.493743896484375 128.912506103515625
104.6374969482421875 110.4562530517578125 114.2375030517578125 117.09375 119.05625152587890625 122.4875030517578125 125.6999969482421875 128.462493896484375 130.662506103515625 131.256256103515625 128.9875030517578125 126.83750152587890625 124.5187530517578125 122.52500152587890625 120.5124969482421875 118.53749847412109375 117.3874969482421875 117.81874847412109375 118.8874969482421875 120.24375152587890625 123.28749847412109375 125.94374847412109375 129.399993896484375 133.6374969482421875 137.712493896484375 141.475006103515625 144.068756103515625 146.84375 150.1062469482421875 153 154.3125 157 160.1437530517578125 161.6875 163.7624969482421875 163.1687469482421875 162.4562530517578125 161.9562530517578125 159.8125 158.3625030517578125 156.306243896484375 151.8562469482421875 145.6437530517578125 139.912506103515625
102.38124847412109375 104.4562530517578125 107.34999847412109375 109.86875152587890625 111.96875 115.9562530517578125 119.46875 122.63124847412109375 125 126.05625152587890625 126.66249847412109375 126.5437469482421875 126.15000152587890625 125.6999969482421875 124.05625152587890625 122.8249969482421875 121.5 122.4499969482421875 123.38124847412109375 124.5625 127.53749847412109375 129.96875 132.9499969482421875 138.337493896484375 142.2624969482421875 146.337493896484375 148.8937530517578125 151.625 155.024993896484375 157.443756103515625 159.7687530517578125 161.462493896484375 165.6125030517578125 168.618743896484375 170.90625 171.8874969482421875 172.7375030517578125 173.524993896484375 172.868743896484375 172.975006103515625 171.681243896484375 167.774993896484375 161.9187469482421875 155.7375030517578125
99.1687469482421875 98.6999969482421875 100.83750152587890625 103.2687530517578125 105.5 109.65000152587890625 113.8625030517578125 117.2062530517578125 120.03749847412109375 122.49375152587890625 124.13124847412109375 125.8562469482421875 127.7375030517578125 128.46875 127.74375152587890625 126.96875 126.4812469482421875 126.8874969482421875 128.068756103515625 129.725006103515625 132.0812530517578125 134.274993896484375 137.6999969482421875 142.4375 146.631256103515625 151.0812530517578125 154.225006103515625 157.2375030517578125 159.6125030517578125 161.6999969482421875 163.3000030517578125 165.53125 170.4812469482421875 174.462493896484375 178.850006103515625 180.537506103515625 182.131256103515625 185.3874969482421875 185.7624969482421875 187.7937469482421875 189.75 185.59375 178.1437530517578125 173.149993896484375
96.1999969482421875 93.86875152587890625 95.2062530517578125 97.6437530517578125 99.96875 103.8874969482421875 107.96875 111.96250152587890625 115.68125152587890625 119.3937530517578125 122.6062469482421875 125.90625 129.131256103515625 131.2624969482421875 131.5437469482421875 131.243743896484375 131.4375 131.9812469482421875 132.975006103515625 134.59375 136.5124969482421875 138.78125 141.868743896484375 146.4250030517578125 150.6875 155.5437469482421875 158.806243896484375 161.712493896484375 165.0124969482421875 166.40625 167.0500030517578125 169.2375030517578125 174.9562530517578125 180.1374969482421875 185.59375 188.899993896484375 191.787506103515625 195.4562530517578125 196.318756103515625 199.337493896484375 203.524993896484375 199.5812530517578125 192.5437469482421875 190.3874969482421875
97.91249847412109375 94.51874542236328125 94.90625 95.9499969482421875 97.7312469482421875 100.90000152587890625 104.9375 109.2062530517578125 113.8625030517578125 117.9250030517578125 122.4499969482421875 126.50624847412109375 131.1687469482421875 134.625 135.475006103515625 136.28125 136.40625 137.625 138.306243896484375 138.912506103515625 141.024993896484375 143.225006103515625 145.6624908447265625 149.475006103515625 153.96875 159.337493896484375 162.40625 164.9812469482421875 167.537506103515625 169.212493896484375 170.9250030517578125 173.40625 179.618743896484375 186.28125 192.34375 196.631256103515625 200.4499969482421875 205.6374969482421875 205.09375 206.8625030517578125 210.818756103515625 211.6999969482421875 208.524993896484375 209.8874969482421875
100.1374969482421875 95.6875 95.31874847412109375 94.9812469482421875 95.97499847412109375 99.47499847412109375 103.1875 107.34375 112.18125152587890625 116.84999847412109375 122.41249847412109375 127.8625030517578125 133.9812469482421875 138.600006103515625 139.774993896484375 141.2375030517578125 142.5124969482421875 143.1687469482421875 143.5500030517578125 144.21875 145.5812530517578125 147.5 149.6999969482421875 153.0812530517578125 157.34375 161.962493896484375 164.96875 167.4499969482421875 169.743743896484375 171.7375030517578125 174.4875030517578125 177.6062469482421875 184.537506103515625 192.337493896484375 199.431243896484375 203.8937530517578125 209.1125030517578125 215.318756103515625 213.875 210.375 215.181243896484375 221.056243896484375 223.9562530517578125 226.1812591552734375
102.36875152587890625 97.19374847412109375 95.6062469482421875 95.08750152587890625 96.0500030517578125 98.4562530517578125 101.8000030517578125 105.78125 110.9250030517578125 116.2937469482421875 122.28749847412109375 129.0812530517578125 135.7687530517578125 141.8625030517578125 144.6374969482421875 146.7624969482421875 147.931243896484375 147.818756103515625 148.837493896484375 149.287506103515625 150.193756103515625 151.587493896484375 153.475006103515625 156.2249908447265625 160.2312469482421875 164.149993896484375 166.9250030517578125 169.4375 171.5625 174.556243896484375 177.850006103515625 181.1750030517578125 189.056243896484375 198.287506103515625 205.587493896484375 211.40625 217.8562469482421875 224.681243896484375 222.21875 220.6875 227.162506103515625 235.2312469482421875 239.8249969482421875 244.806243896484375
109.5437469482421875 104.0500030517578125 101.6750030517578125 100.59375 100.13124847412109375 101.6875 103.9187469482421875 106.80625152587890625 111.4562530517578125 116.8874969482421875 124.65625 131.568756103515625 139.5500030517578125 147.181243896484375 150.4187469482421875 152.53125 153.462493896484375 153.4562530517578125 153.84375 154.087493896484375 154.475006103515625 155.3000030517578125 156.34375 158.9187469482421875 161.9875030517578125 165.1687469482421875 167.8000030517578125 169.9187469482421875 172.2624969482421875 176.850006103515625 181.056243896484375 185.568756103515625 192.806243896484375 202.868743896484375 212.725006103515625 221.2375030517578125 228.21875 234.256256103515625 234.5749969482421875 239.1687469482421875 247.1374969482421875 254.8625030517578125 261.399993896484375 267.48126220703125
116.71875 111.5625 108.8000030517578125 106.8249969482421875 104.7624969482421875 105.43125152587890625 106.5749969482421875 108.44374847412109375 112.05625152587890625 117.40000152587890625 124.4375 133.818756103515625 144.1687469482421875 151.6125030517578125 155.875 158.1374969482421875 159.412506103515625 159.4375 158.71875 159.0749969482421875 158.8312530517578125 158.912506103515625 159.368743896484375 160.4812469482421875 163.1750030517578125 165.7062530517578125 167.693756103515625 169.743743896484375 172.6374969482421875 178.118743896484375 184.0500030517578125 190.21875 199.1687469482421875 208.725006103515625 220.3125 229.8000030517578125 237.475006103515625 244.6374969482421875 249.243743896484375 257.118743896484375 264.975006103515625 273.64373779296875 283.337493896484375 291.76251220703125
123.9875030517578125 119.40000152587890625 115.58750152587890625 112.8562469482421875 109.84375 109.47499847412109375 109.46250152587890625 110.46250152587890625 112.6750030517578125 117.47499847412109375 125 135.90625 148.118743896484375 157.787506103515625 161.068756103515625 163.5812530517578125 165.28125 164.9187469482421875 164.068756103515625 163.337493896484375 162.868743896484375 162.006256103515625 161.8000030517578125 161.84375 163.587493896484375 165.40625 167.6374969482421875 170.212493896484375 173.21875 179.3874969482421875 186.1999969482421875 194.0749969482421875 204.03125 215.3625030517578125 226.681243896484375 235.943756103515625 244.5187530517578125 255.15625 262.4375 271.20001220703125 280.58123779296875 289.131256103515625 300.21875 309.850006103515625
132 127.6875 124.27500152587890625 120.8125 117.625 116.6125030517578125 115.3249969482421875 114.8625030517578125 115.875 119.18125152587890625 126.99375152587890625 138.693756103515625 152.1312408447265625 162 166.118743896484375 168.5812530517578125 169.975006103515625 169.6875 168.681243896484375 167.34375 166.5500030517578125 165.556243896484375 163.787506103515625 163.274993896484375 163.9499969482421875 164.6437530517578125 166.475006103515625 169.03125 172.068756103515625 179.5124969482421875 187.1750030517578125 195.8125 206.412506103515625 219.0187530517578125 229.7624969482421875 238.318756103515625 250.1125030517578125 260.20001220703125 268.506256103515625 277.54998779296875 288.125 297.51251220703125 305.5 316.118743896484375
140.1750030517578125 136.2624969482421875 132.9000091552734375 129.506256103515625 126.2375030517578125 124.13124847412109375 121.72499847412109375 119.88124847412109375 119.27500152587890625 119.84999847412109375 128.381256103515625 143.4875030517578125 155.7062530517578125 164.375 169.600006103515625 172.912506103515625 174.1999969482421875 173.899993896484375 172.274993896484375 170.3937530517578125 168.9875030517578125 167.2375030517578125 165.5749969482421875 163.9499969482421875 163.381256103515625 163.5 164.9499969482421875 167.462493896484375 171.0437469482421875 179.1750030517578125 188.1750030517578125 196.8625030517578125 209.3562469482421875 222.4250030517578125 232.368743896484375 243.0500030517578125 254.3000030517578125 265.70001220703125 274.20623779296875 282.78125 292.943756103515625 300.13751220703125 309.4375 320.76251220703125
147.84375 144.4562530517578125 141.0812530517578125 137.875 134.78125 131.943756103515625 129.5749969482421875 127.0437469482421875 125.93125152587890625 124.4875030517578125 136.837493896484375 151.8562469482421875 161.318756103515625 168.8937530517578125 173.71875 177.037506103515625 178.149993896484375 177.4562530517578125 175.78125 173.1687469482421875 170.837493896484375 167.881256103515625 165.6125030517578125 163.15625 162.4187469482421875 162.100006103515625 163.1062469482421875 165.625 169.287506103515625 178.399993896484375 187.34375 197.4562530517578125 210.5749969482421875 223.3249969482421875 234.8312530517578125 244.5625 256.850006103515625 267.45001220703125 277.712493896484375 287.274993896484375 294.4375 302.818756103515625 309.89373779296875 318.975006103515625
