data/historical-monthly-weather-data/wc2.1_cruts4.09_10m_prec_2014-06.asc
ncols        51
nrows        45
xllcorner    -63.500000000000
yllcorner    -7.500000000000
cellsize     0.166666666667
NODATA_value -9999
[rows 0 to 18 of 45, columns 0 to 43 of 51]
31.662500381469726562 24.631250381469726562 25.700000762939453125 28.943750381469726562 33.15625 45.72499847412109375 58.83750152587890625 72.0500030517578125 87.9187469482421875 107.2312469482421875 128.2312469482421875 149.3937530517578125 171.2375030517578125 190.8625030517578125 208.5124969482421875 226.975006103515625 242.162506103515625 251.743743896484375 259.649993896484375 269.79998779296875 281.162506103515625 283.181243896484375 286.006256103515625 282.662506103515625 280.912506103515625 279.88751220703125 278.737518310546875 279.32501220703125 273 271.725006103515625 265.26251220703125 266.13751220703125 270.693756103515625 269.83123779296875 269.54998779296875 269.4375 268.375 269.337493896484375 264.024993896484375 261.743743896484375 263.32501220703125 269.681243896484375 266.318756103515625 265.943756103515625
31.956249237060546875 22.537500381469726562 21.393749237060546875 21.631250381469726562 23.768749237060546875 36.299999237060546875 49.96250152587890625 63.918750762939453125 83.86875152587890625 105.3562469482421875 127.16249847412109375 148.9499969482421875 167.6437530517578125 186.506256103515625 202.787506103515625 219.475006103515625 232.475006103515625 239.8562469482421875 247.537506103515625 259.087493896484375 268.20001220703125 270.78125 275.806243896484375 275.875 274.63751220703125 272.837493896484375 272.337493896484375 269.993743896484375 264.95001220703125 260.70623779296875 260.79998779296875 268.318756103515625 270.29376220703125 271.5 273.162506103515625 268.537506103515625 268.60626220703125 267.66876220703125 262.98126220703125 261.618743896484375 266.65625 261.318756103515625 265.568756103515625 265.118743896484375
42.606250762939453125 34.262500762939453125 33.293750762939453125 33.11875152587890625 35.512500762939453125 48.08750152587890625 61.793750762939453125 77.34375 97.8000030517578125 119.24375152587890625 139.556243896484375 158.181243896484375 176.318756103515625 189.399993896484375 202.412506103515625 215.8125 224.9875030517578125 231.7937469482421875 239.1374969482421875 247.9499969482421875 258.431243896484375 268.13751220703125 273.59375 279.975006103515625 276.412506103515625 274.024993896484375 277.8125 272.225006103515625 262.73126220703125 265.162506103515625 262.693756103515625 265.25 266.256256103515625 269.45001220703125 267.64373779296875 257.17498779296875 259.3125 261.743743896484375 257.75 256.943756103515625 263.725006103515625 261.756256103515625 262.25 259.73126220703125
53.93125152587890625 45.625 46.13124847412109375 47.393749237060546875 49.83750152587890625 62.05625152587890625 76.3562469482421875 92.15000152587890625 113.5749969482421875 135.431243896484375 153.2624969482421875 168.2687530517578125 181.4875030517578125 191.46875 202.59375 213.0749969482421875 217.3937530517578125 224.318756103515625 230.912506103515625 246.1687469482421875 255.725006103515625 260.60626220703125 269.475006103515625 279.537506103515625 277.14373779296875 276.306243896484375 275.993743896484375 266.943756103515625 261.806243896484375 264.57501220703125 264.412506103515625 262.71875 262.993743896484375 259.45623779296875 257.574981689453125 259.89373779296875 262.03125 259.993743896484375 254.7624969482421875 253.46875 257.54376220703125 261.287506103515625 260.90625 257.07501220703125
68.6875 59.831249237060546875 57.518749237060546875 59.68125152587890625 64.2687530517578125 75.4375 89.8249969482421875 107.53125 131.056243896484375 153.212493896484375 169.5187530517578125 176.9562530517578125 187.4499969482421875 195.975006103515625 202.225006103515625 209.412506103515625 214.024993896484375 215.2624969482421875 220.6374969482421875 232.8937530517578125 242.8625030517578125 253.1687469482421875 264.524993896484375 274.0625 273.41876220703125 275.412506103515625 271.0625 268.98126220703125 263.92498779296875 260.806243896484375 264.10626220703125 265.48748779296875 262.58123779296875 261.131256103515625 263.193756103515625 258.5 258.875 260.16876220703125 252.3937530517578125 247.40625 251.412506103515625 254.5625 256.33123779296875 257.556243896484375
78.1062469482421875 70.56874847412109375 68.3625030517578125 66.2312469482421875 72.09999847412109375 87.59375 102.2624969482421875 119.84375 145.068756103515625 167.712493896484375 179.368743896484375 184.9875030517578125 193.649993896484375 200.2624969482421875 202.618743896484375 207.587493896484375 209.318756103515625 210.8249969482421875 219.149993896484375 228.9562530517578125 242.5749969482421875 252.6437530517578125 262.931243896484375 266.61248779296875 272.100006103515625 276.04376220703125 268.89373779296875 266.63751220703125 262.42498779296875 259.33123779296875 265.087493896484375 266.51251220703125 267.337493896484375 263.04998779296875 257.649993896484375 261.23748779296875 255.850006103515625 246.625 244.4187469482421875 247.1999969482421875 244.8874969482421875 249.7062530517578125 248.1125030517578125 248.162506103515625
88.81874847412109375 80.34999847412109375 78.31874847412109375 77.33750152587890625 78.5437469482421875 90.9499969482421875 105.99375152587890625 126.8125 146.412506103515625 166.75 180.587493896484375 186.681243896484375 196.306243896484375 203.6999969482421875 205.306243896484375 207.5812530517578125 210.368743896484375 212.5124969482421875 215.6687469482421875 226.4562530517578125 234.0500030517578125 245.3937530517578125 254.3937530517578125 262.725006103515625 274.58123779296875 278.92498779296875 270.756256103515625 264.79376220703125 260.131256103515625 266.48126220703125 264.45001220703125 260.931243896484375 258.73126220703125 260.1875 262.60626220703125 257.63751220703125 245.3625030517578125 239.693756103515625 235.337493896484375 238.506256103515625 235.3000030517578125 237.1125030517578125 239.2624969482421875 239.537506103515625
97.83750152587890625 87.6999969482421875 85.94374847412109375 87.3000030517578125 88.8249969482421875 103.53749847412109375 114.2937469482421875 125.00624847412109375 136.756256103515625 157.0500030517578125 174.837493896484375 185.493743896484375 196.087493896484375 202.6750030517578125 207.912506103515625 209.475006103515625 207.9375 211.306243896484375 214.1875 217.6999969482421875 237.756256103515625 245.8249969482421875 253.306243896484375 260.98126220703125 272.82501220703125 274.28125 268.04376220703125 262.03125 257.625 256.91876220703125 265.28125 260.524993896484375 259.125 257.29998779296875 251.40625 244.3125 236.631256103515625 230.149993896484375 220.3125 216.243743896484375 215.9375 222.162506103515625 218.8562469482421875 215.1062469482421875
103.08750152587890625 94.40625 91.9562530517578125 92.7312469482421875 95.46875 107.0124969482421875 121.08750152587890625 133.8000030517578125 139.993743896484375 149.037506103515625 162.96875 175.8562469482421875 191.5749969482421875 199.6687469482421875 205.787506103515625 206.4875030517578125 212.7312469482421875 219.6937408447265625 225.7375030517578125 226.2062530517578125 230.8312530517578125 249.631256103515625 251.068756103515625 266.125 270.837493896484375 273.51873779296875 267.26251220703125 264.11248779296875 265.300018310546875 262.20623779296875 269.875 253.381256103515625 241.131256103515625 236.2624969482421875 237.1750030517578125 238.7375030517578125 234.9187469482421875 231.1374969482421875 220.649993896484375 210.5500030517578125 203.931243896484375 200.350006103515625 205.6875 201.4812469482421875
107.7937469482421875 100.06874847412109375 98.375 99.47499847412109375 102.15000152587890625 112.44374847412109375 124.78749847412109375 134.34375 145.3249969482421875 155.131256103515625 163.6999969482421875 167.4812469482421875 184.2624969482421875 195.431243896484375 203.693756103515625 208.899993896484375 212.625 227.4250030517578125 235.53125 241.9187469482421875 242.5812530517578125 249.493743896484375 248.1624908447265625 258.23748779296875 260.524993896484375 268.587493896484375 264.006256103515625 258.318756103515625 254.118743896484375 257.118743896484375 259.412506103515625 247.9875030517578125 241.818756103515625 237.59375 231.649993896484375 229.375 228.631256103515625 227.6374969482421875 220.0187530517578125 216.649993896484375 212.4812469482421875 207.5625 196.350006103515625 183.6750030517578125
113.61875152587890625 105.44374847412109375 104.01874542236328125 104.74375152587890625 106.53125 117.4562530517578125 125.9499969482421875 134.649993896484375 146.8125 157.9812469482421875 168.3937530517578125 172.725006103515625 178.787506103515625 190.2687530517578125 198.3125 205.774993896484375 211.756256103515625 221.975006103515625 236.09375 251.850006103515625 267.89373779296875 268.037506103515625 256.537506103515625 240.5187530517578125 252.587493896484375 273.73126220703125 271.6875 260.493743896484375 250.1875 248.806243896484375 248.587493896484375 241.3125 237.84375 234.7624969482421875 230.6062469482421875 223.1062469482421875 221.993743896484375 217.9187469482421875 218.962493896484375 212.6374969482421875 206.431243896484375 197.53125 191.0187530517578125 172.556243896484375
116.3937530517578125 109.27500152587890625 109.69374847412109375 109.0187530517578125 111.2062530517578125 119.43125152587890625 130.3562469482421875 139.59375 150.443756103515625 156.7375030517578125 168.625 174.993743896484375 173.28125 183.743743896484375 197.3000030517578125 204.068756103515625 210.287506103515625 222.7375030517578125 239.837493896484375 265.73126220703125 285.043731689453125 289.475006103515625 276.006256103515625 250.9250030517578125 251.90625 259.01251220703125 252.493743896484375 247.71875 244.4562530517578125 239.274993896484375 228.600006103515625 227.431243896484375 226.100006103515625 219.5437469482421875 220.28125 220.837493896484375 222.9562530517578125 220.875 210.6062469482421875 209.9812469482421875 204.475006103515625 193.7687530517578125 173.868743896484375 147.1875
121.09999847412109375 113.5500030517578125 113.18125152587890625 112.71875 115.56874847412109375 121.9875030517578125 131.068756103515625 139.899993896484375 147.881256103515625 156.0187530517578125 165.712493896484375 173.725006103515625 177.743743896484375 175.28125 184.3625030517578125 195.412506103515625 203.993743896484375 219.618743896484375 229.2062530517578125 252.4499969482421875 277.15625 284.01873779296875 278.875 259.3125 242.6999969482421875 244.1062469482421875 243.743743896484375 241.0687408447265625 239.899993896484375 238.1687469482421875 224.943756103515625 214.631256103515625 217.7687530517578125 209.0124969482421875 208.75 212.618743896484375 220.8937530517578125 223.225006103515625 226.2937469482421875 217.8937530517578125 201.9562530517578125 187.850006103515625 159.681243896484375 137.7312469482421875
124 117.0812530517578125 116.09999847412109375 116.11875152587890625 116.88124847412109375 123.71250152587890625 130.712493896484375 139.912506103515625 148.8249969482421875 154.96875 162.912506103515625 166.90625 172.493743896484375 174.21875 171.4187469482421875 185.6374969482421875 193.149993896484375 204.9875030517578125 217.443756103515625 237.337493896484375 258.931243896484375 267.6875 267.556243896484375 259.818756103515625 250.274993896484375 242.475006103515625 234.256256103515625 227.443756103515625 224.6750030517578125 221.0187530517578125 217.037506103515625 209.6062469482421875 207.649993896484375 206.912506103515625 201.3874969482421875 213.875 228.350006103515625 237.6999969482421875 240.71875 226.6687469482421875 192.212493896484375 169.8125 159.149993896484375 155.7937469482421875
121.77500152587890625 115.71875 116.44374847412109375 117.6062469482421875 118.2687530517578125 124.6687469482421875 132.3874969482421875 139.6437530517578125 147.3625030517578125 154.15625 159.881256103515625 164.3562469482421875 168.625 168.306243896484375 162.7937469482421875 174.0749969482421875 182.8125 197.9812469482421875 205.1437530517578125 221.131256103515625 243.65625 255.181243896484375 263.568756103515625 261.506256103515625 261.54998779296875 255.318756103515625 246.46875 236.4812469482421875 233.962493896484375 221.087493896484375 207.34375 203.9250030517578125 210.2937469482421875 201.5812530517578125 190.03125 192.4375 218.5500030517578125 243.212493896484375 241.40625 221.1374969482421875 199.8874969482421875 186.5124969482421875 181.9375 165.506256103515625
120.58750152587890625 113.9499969482421875 115.0812530517578125 115.375 118.65000152587890625 125.50624847412109375 132.037506103515625 137.90625 147.1125030517578125 156.4875030517578125 161.6374969482421875 164.806243896484375 168.6999969482421875 168.5749969482421875 165.15625 157.5749969482421875 169.631256103515625 187.631256103515625 194.7312469482421875 208.78125 228.2312469482421875 243.6437530517578125 259.01873779296875 265.118743896484375 265.76251220703125 260.21875 247.006256103515625 239.381256103515625 232.2375030517578125 228.4875030517578125 217.75 205.65625 194 182.7375030517578125 173.256256103515625 199.0124969482421875 209.3312530517578125 224.712493896484375 231.462493896484375 227.412506103515625 217.96875 206.162506103515625 188.6687469482421875 166.0500030517578125
118 112.8625030517578125 112.90625 115.6437530517578125 118.8562469482421875 126.2375030517578125 132.631256103515625 139.306243896484375 144.8562469482421875 152.1062469482421875 160.0812530517578125 164.6687469482421875 165.524993896484375 165.506256103515625 168.4499969482421875 162.5 153.037506103515625 167.912506103515625 182.337493896484375 193.743743896484375 209.4562530517578125 230.3562469482421875 247.3937530517578125 262.600006103515625 263.25 249.431243896484375 237.337493896484375 228.9375 230 227.9499969482421875 222.75 215.625 203.8000030517578125 199.774993896484375 209.1437530517578125 216.431243896484375 230.006256103515625 239.96875 244.506256103515625 226.3625030517578125 216.5812530517578125 199.5500030517578125 177.2687530517578125 161.4187469482421875
113.0812530517578125 108.83750152587890625 111.38124847412109375 114.56874847412109375 118.56874847412109375 127.59999847412109375 133.5187530517578125 139.7375030517578125 145.2062530517578125 149.4250030517578125 154.7687530517578125 161.712493896484375 161.40625 162.40625 167.568756103515625 165.681243896484375 156.78125 149.118743896484375 172.71875 177.537506103515625 191.8000030517578125 211.193756103515625 235.524993896484375 247.7062530517578125 253.8249969482421875 240.5437469482421875 224.631256103515625 226.181243896484375 225.600006103515625 218.5124969482421875 203.381256103515625 190.649993896484375 213.4187469482421875 216.875 218.6374969482421875 249 257.375 245.1999969482421875 238.568756103515625 224.6999969482421875 197.337493896484375 177.7375030517578125 160.3937530517578125 149.4812469482421875
108.5437469482421875 106.03749847412109375 109.02500152587890625 113.2687530517578125 118.33750152587890625 125.68125152587890625 132.5437469482421875 138.4875030517578125 145.2937469482421875 151.2687530517578125 155.212493896484375 154.1999969482421875 155.1374969482421875 158.118743896484375 159.9812469482421875 160.5124969482421875 162.3125 151.100006103515625 150.5625 157.6875 177.6999969482421875 202.693756103515625 205.0437469482421875 222.868743896484375 228.9562530517578125 235.1999969482421875 228.6875 218.3312530517578125 222.131256103515625 214.3125 202.5187530517578125 199.693756103515625 210.1437530517578125 210.712493896484375 220.662506103515625 240.3874969482421875 238.774993896484375 225.493743896484375 218.6875 200.2624969482421875 177.662506103515625 155.868743896484375 145.712493896484375 140.037506103515625
