data/historical-monthly-weather-data/wc2.1_cruts4.09_10m_prec_1993-10.asc
ncols        45
nrows        45
xllcorner    -63.500000000000
yllcorner    -7.500000000000
cellsize     0.166666666667
NODATA_value -9999
[rows 19 to 37 of 45, columns 0 to 43 of 45]
148.975006103515625 151.6687469482421875 154.1687469482421875 156.53125 158.6062469482421875 160.1125030517578125 160.524993896484375 159.5124969482421875 156.7312469482421875 152.4250030517578125 146.125 138.306243896484375 130.587493896484375 123.33750152587890625 118.5625 114.8625030517578125 109.875 107.625 106.3874969482421875 106.43125152587890625 107.11875152587890625 110.65625 117.27500152587890625 124.4875030517578125 129.0500030517578125 129.524993896484375 126.8125 121.96250152587890625 112.7687530517578125 102.2375030517578125 95.34375 97.77500152587890625 101.1374969482421875 104.31874847412109375 106.03749847412109375 104.5625 105.63124847412109375 109.2624969482421875 112.5749969482421875 114.15625 113.8937530517578125 110.3874969482421875 102.6999969482421875 95.1125030517578125
142.7375030517578125 147.53125 152.1875 156.2312469482421875 159.631256103515625 161.59375 163.0749969482421875 162.7937469482421875 160.3562469482421875 155.287506103515625 148.5749969482421875 139.912506103515625 131.506256103515625 123 117.77500152587890625 113.22499847412109375 108.53125 105.77500152587890625 105.7687530517578125 105.5500030517578125 107.84999847412109375 111.56874847412109375 115.80625152587890625 121.3000030517578125 126.15000152587890625 128.212493896484375 126.79999542236328125 121.3312530517578125 115.43125152587890625 110.65000152587890625 107.6999969482421875 108.84999847412109375 111.7687530517578125 116.2687530517578125 121.34375 119.00624847412109375 115.9187469482421875 115.9499969482421875 116.46875 116.96875 116.4875030517578125 113.1374969482421875 107.15000152587890625 101.00624847412109375
136.962493896484375 144.024993896484375 150.181243896484375 155.5437469482421875 160.4375 163.600006103515625 165.649993896484375 166.493743896484375 165.1437530517578125 159.6062469482421875 151.6750030517578125 142.3249969482421875 133.556243896484375 125.96250152587890625 120.03749847412109375 115.41249847412109375 111.53125 108.9187469482421875 107.88124847412109375 107.65000152587890625 108.3562469482421875 111.0437469482421875 115.0500030517578125 119.46250152587890625 122.93125152587890625 125.1125030517578125 125.9187469482421875 123.7312469482421875 121.50624847412109375 119.4375 118.1999969482421875 119.15625 121.52500152587890625 125.50624847412109375 128.0625 127.05625152587890625 123.78125 121.47499847412109375 120.4250030517578125 120.34999847412109375 119.47499847412109375 116.3125 111.9187469482421875 106.3562469482421875
133.4562530517578125 142.818756103515625 150.2624969482421875 156.5437469482421875 161.375 164.9375 167.899993896484375 170.3125 171.118743896484375 164.1999969482421875 155.087493896484375 144.6999969482421875 136.475006103515625 129.8562469482421875 123.69374847412109375 118.6374969482421875 114.6125030517578125 112.4250030517578125 110.84375 109.83750152587890625 110.6750030517578125 111.99375152587890625 114.36875152587890625 118.2624969482421875 121.15625 122.13124847412109375 124.46250152587890625 126.1875 125.88124847412109375 126.0437469482421875 127.17499542236328125 129.2375030517578125 130.6999969482421875 133.381256103515625 134.725006103515625 133.28125 130.1374969482421875 126.36875152587890625 124.6374969482421875 125.5749969482421875 125.2375030517578125 122.3125 118.25 112.8000030517578125
132.5812530517578125 143.337493896484375 152.475006103515625 158.09375 162.65625 166.100006103515625 168.600006103515625 171.34375 171.6687469482421875 165.381256103515625 155.9937591552734375 146.9187469482421875 139.368743896484375 133.15625 127.568756103515625 122.55625152587890625 118.75624847412109375 116.25624847412109375 114.1875 112.5812530517578125 113.1687469482421875 114.4250030517578125 115.36875152587890625 118.2687530517578125 120.24375152587890625 120.11875152587890625 121.4562530517578125 125.56874847412109375 129.0749969482421875 131.5 134.0187530517578125 136.6125030517578125 138.274993896484375 139.9875030517578125 141.09375 140.71875 138.2062530517578125 134.3125 133.037506103515625 133.212493896484375 132.818756103515625 130.0124969482421875 125.71250152587890625 119.83750152587890625
136.1687469482421875 146.318756103515625 155.8125 160.056243896484375 163.9812469482421875 166.618743896484375 168.212493896484375 169.225006103515625 168.399993896484375 164.03125 157.287506103515625 149.587493896484375 143.100006103515625 137.462493896484375 131.9250030517578125 127.3625030517578125 123.34999847412109375 120.65000152587890625 118.21250152587890625 116.34999847412109375 116.3625030517578125 116.25 117.18125152587890625 119.40625 121.31874847412109375 122.9499969482421875 124.875 128.837493896484375 133.024993896484375 136.306243896484375 139.28125 141.568756103515625 144.181243896484375 145.7312469482421875 147.181243896484375 146.806243896484375 146.1687469482421875 144.912506103515625 143.46875 143.681243896484375 143.056243896484375 139.75 134.9875030517578125 129.7687530517578125
141.6750030517578125 149.8000030517578125 155.899993896484375 160.9499969482421875 164.225006103515625 165.962493896484375 166.75 166.8562469482421875 166.15625 163.40625 157.3249969482421875 151.7375030517578125 146.181243896484375 141.2312469482421875 136.5625 132.09375 128.412506103515625 125.24375152587890625 122.63124847412109375 120.38124847412109375 119.9812469482421875 119.2937469482421875 119.6125030517578125 121.8937530517578125 124.30625152587890625 126.75 129.8249969482421875 133.34375 137.337493896484375 140.993743896484375 143.181243896484375 146.5749969482421875 149.806243896484375 151.4499969482421875 153.6999969482421875 154.149993896484375 154.5625 155.243743896484375 154.8562469482421875 155.1875 154.8312530517578125 151.5 146.28125 141.068756103515625
149.337493896484375 153.399993896484375 157.6062469482421875 161.0625 163.3562469482421875 165.0437469482421875 165.3937530517578125 165.2062530517578125 163.931243896484375 161.0437469482421875 157.662506103515625 153.65625 149.5124969482421875 145.587493896484375 140.9875030517578125 137.1062469482421875 132.9875030517578125 130.100006103515625 127.13124847412109375 124.5187530517578125 123.7937469482421875 122.6374969482421875 122.28749847412109375 125.6125030517578125 127.875 130.59375 133.7687530517578125 137.3937530517578125 141.5812530517578125 144.875 148.0749969482421875 150.568756103515625 154.631256103515625 157.493743896484375 159.7937469482421875 161.693756103515625 163.5437469482421875 165.443756103515625 166.6125030517578125 168.649993896484375 169.2375030517578125 166.6437530517578125 161.993743896484375 156.5625
156.774993896484375 158.1687469482421875 160.25 162.131256103515625 163.1062469482421875 164.118743896484375 164.631256103515625 163.837493896484375 162.3937530517578125 160.462493896484375 157.59375 154.912506103515625 152.5812530517578125 149.2312469482421875 145.381256103515625 141.75 138.3312530517578125 134.6687469482421875 131.78125 129.4562530517578125 127.84999847412109375 126.19374847412109375 126.0500030517578125 128.7624969482421875 131.256256103515625 134.3312530517578125 138.149993896484375 142.1687469482421875 145.568756103515625 148.600006103515625 151.1750030517578125 154.212493896484375 158.8562469482421875 162.46875 166.6125030517578125 169.1062469482421875 171.618743896484375 175.818756103515625 178.087493896484375 182.1437530517578125 186.09375 183.475006103515625 177.4375 173.4250030517578125
164.0187530517578125 163.462493896484375 163.0500030517578125 163.5437469482421875 163.350006103515625 163.1374969482421875 162.7312469482421875 162.125 161.118743896484375 160.162506103515625 158.5500030517578125 156.9875030517578125 155.40625 152.8937530517578125 149.8625030517578125 146.493743896484375 143.5437469482421875 139.8812408447265625 136.618743896484375 134.09375 131.8000030517578125 129.975006103515625 129.318756103515625 131.8312530517578125 134.412506103515625 137.899993896484375 141.9250030517578125 145.975006103515625 150.375 152.7937469482421875 154.5124969482421875 157.4812469482421875 162.725006103515625 167.306243896484375 172.274993896484375 176.1999969482421875 179.850006103515625 184.381256103515625 187.1687469482421875 192.2375030517578125 198.4499969482421875 196.131256103515625 190.693756103515625 189.7375030517578125
169.787506103515625 167.837493896484375 165.943756103515625 164.1374969482421875 163.118743896484375 161.7937469482421875 161.34375 161.181243896484375 161.1687469482421875 160.243743896484375 159.90625 158.78125 158.4187469482421875 156.975006103515625 154.2375030517578125 151.75 148.46875 145.4375 141.8562469482421875 138.2687530517578125 136.0625 134.006256103515625 132.631256103515625 134.53125 137.399993896484375 141.4187469482421875 145.3625030517578125 149.1999969482421875 152.912506103515625 155.493743896484375 158.056243896484375 161.15625 166.725006103515625 172.5812530517578125 178 182.65625 187 192.756256103515625 194 197.618743896484375 203.2937469482421875 205.5437469482421875 203.8562469482421875 206.34375
174.8312530517578125 171.350006103515625 168.5 164.6687469482421875 162.743743896484375 162.087493896484375 161.306243896484375 161.0437469482421875 161.006256103515625 160.5437469482421875 161.193756103515625 161.399993896484375 162.318756103515625 161.712493896484375 158.943756103515625 156.8562469482421875 154.5187530517578125 150.8312530517578125 146.962493896484375 143.4187469482421875 140.3625030517578125 137.943756103515625 136.2312469482421875 137.818756103515625 140.600006103515625 144.0124969482421875 147.962493896484375 151.743743896484375 155.25 157.9812469482421875 161.337493896484375 164.837493896484375 170.962493896484375 177.725006103515625 183.993743896484375 188.625 194.0749969482421875 200.587493896484375 200.7312469482421875 199.056243896484375 205.181243896484375 212.0437469482421875 216.0625 219.287506103515625
178.3125 173.774993896484375 169.25 165.6812591552734375 164.162506103515625 162.006256103515625 160.881256103515625 160.6125030517578125 160.850006103515625 161.1374969482421875 162.1125030517578125 163.65625 164.881256103515625 165.5749969482421875 164.2624969482421875 162.5124969482421875 159.71875 155.2624969482421875 152.0500030517578125 148.3125 144.774993896484375 141.756256103515625 139.7312469482421875 140.850006103515625 143.4875030517578125 146.412506103515625 150.1999969482421875 154.0187530517578125 157.381256103515625 160.8312530517578125 164.4562530517578125 167.975006103515625 174.84375 182.8249969482421875 189.162506103515625 194.850006103515625 201.2312469482421875 208.068756103515625 207 206.899993896484375 214.256256103515625 222.9375 228.350006103515625 234.087493896484375
180.475006103515625 175.3937530517578125 170.756256103515625 167.556243896484375 164.912506103515625 162.443756103515625 160.631256103515625 159.6062469482421875 159.8000030517578125 160.806243896484375 164.59375 166.287506103515625 169.0500030517578125 171.4499969482421875 170.21875 168.0749969482421875 164.7312469482421875 160.4499969482421875 156.725006103515625 152.9250030517578125 149.056243896484375 145.7687530517578125 143.162506103515625 144.28125 146.2687530517578125 148.6437530517578125 152.243743896484375 155.6125030517578125 159.0500030517578125 163.662506103515625 167.7937469482421875 172.0749969482421875 178.1875 186.8000030517578125 195.306243896484375 203.25 209.8874969482421875 215.75 216.7687530517578125 221.84375 230.0437469482421875 237.8937530517578125 244.712493896484375 251.056243896484375
181.024993896484375 176.3562469482421875 172.4499969482421875 169.2624969482421875 165.3937530517578125 162.71875 160.3625030517578125 158.8874969482421875 158.318756103515625 159.931243896484375 163.368743896484375 168.4499969482421875 174.1062469482421875 176.125 175.71875 173.3625030517578125 170.0812530517578125 165.9187469482421875 161.2062530517578125 157.681243896484375 153.506256103515625 149.743743896484375 146.8562469482421875 146.875 148.7375030517578125 150.6687469482421875 153.600006103515625 156.787506103515625 160.5437469482421875 165.6687469482421875 171.0187530517578125 176.462493896484375 183.975006103515625 191.9562530517578125 201.8874969482421875 210.4812469482421875 217.5124969482421875 224.1062469482421875 228.5500030517578125 236.0124969482421875 243.4875030517578125 251.7375030517578125 260.95623779296875 269.04376220703125
181.318756103515625 177.462493896484375 173.0124969482421875 169.9250030517578125 165.875 162.7687530517578125 159.774993896484375 158.037506103515625 156.3625030517578125 157.899993896484375 162.649993896484375 169.881256103515625 177.899993896484375 182.53125 180.743743896484375 178.2937469482421875 175.25 170.8125 166.181243896484375 161.756256103515625 157.662506103515625 153.3625030517578125 150.1374969482421875 149.3937530517578125 150.587493896484375 152.068756103515625 155.0812530517578125 158.6437530517578125 162.34375 167.7312469482421875 173.5187530517578125 180.193756103515625 188.4499969482421875 197.899993896484375 207.3937530517578125 215.5187530517578125 223.1374969482421875 232.59375 238.9499969482421875 246.6437530517578125 254.899993896484375 262.59375 272.637481689453125 281.381256103515625
180.5749969482421875 176.993743896484375 173.537506103515625 169.774993896484375 166.006256103515625 163.037506103515625 159.34375 156.600006103515625 154.193756103515625 154.6062469482421875 160.4187469482421875 169.318756103515625 179.399993896484375 184.8937530517578125 184.274993896484375 181.993743896484375 178.8312530517578125 174.8249969482421875 170.3249969482421875 165.6875 161.774993896484375 157.78125 153.5500030517578125 152.537506103515625 152.962493896484375 153.556243896484375 156.0812530517578125 159.4187469482421875 162.9812469482421875 169.243743896484375 175.443756103515625 182.537506103515625 191.1062469482421875 201.5437469482421875 210.3125 217.5187530517578125 227.743743896484375 236.3874969482421875 243.381256103515625 251.03125 260.07501220703125 268.20623779296875 275.068756103515625 284.34375
179.8125 176.681243896484375 173.5124969482421875 170.1687469482421875 166.6687469482421875 163.1875 159.1125030517578125 155.5437469482421875 151.962493896484375 149.7624969482421875 157.125 170.7312469482421875 180.024993896484375 184.8312530517578125 185.868743896484375 184.818756103515625 181.850006103515625 178.225006103515625 173.4812469482421875 168.6687469482421875 164.681243896484375 160.53125 156.850006103515625 155.0749969482421875 154.568756103515625 154.8249969482421875 156.8625030517578125 159.9812469482421875 163.8562469482421875 170.40625 177.537506103515625 184.3125 194.443756103515625 205.056243896484375 212.875 221.693756103515625 231.0749969482421875 240.600006103515625 247.5124969482421875 254.493743896484375 262.912506103515625 268.76251220703125 276.493743896484375 286.08123779296875
179.0812530517578125 176.493743896484375 173.4812469482421875 170.53125 167.568756103515625 163.9875030517578125 160.8562469482421875 157.256256103515625 153.912506103515625 149.9562530517578125 162.225006103515625 176.087493896484375 182.743743896484375 186.975006103515625 187.975006103515625 187.3000030517578125 184.537506103515625 180.8937530517578125 176.5437469482421875 171.4250030517578125 167.1062469482421875 162.3000030517578125 158.5437469482421875 156.21875 155.8000030517578125 155.8000030517578125 157.2624969482421875 160.2062530517578125 163.9812469482421875 171.1875 177.9375 185.7624969482421875 196.3000030517578125 206.4250030517578125 215.4875030517578125 223.1437530517578125 233.1687469482421875 241.662506103515625 249.931243896484375 257.556243896484375 263.0625 269.725006103515625 275.23748779296875 282.5625
