data/historical-monthly-weather-data/wc2.1_cruts4.09_10m_prec_1989-10.asc
ncols        45
nrows        45
xllcorner    -63.500000000000
yllcorner    -7.500000000000
cellsize     0.166666666667
NODATA_value -9999
[rows 0 to 19 of 45, columns 0 to 43 of 45]
232.2062530517578125 229.4875030517578125 222.7937469482421875 219.350006103515625 214.03125 205.8874969482421875 194.8249969482421875 184.368743896484375 174.8249969482421875 167.3937530517578125 162.34375 157.225006103515625 151.537506103515625 144.193756103515625 138.21875 132.4375 126.80625152587890625 120.6125030517578125 115.50624847412109375 110.6437530517578125 107.40000152587890625 103.97499847412109375 101.19374847412109375 99.71875 98.8000030517578125 98.4562530517578125 99.4812469482421875 101.0187530517578125 103.3125 107.16875457763671875 111.71875 116.5749969482421875 122.58750152587890625 129.3125 136.931243896484375 145.806243896484375 155.037506103515625 164.056243896484375 171.3312530517578125 178.125 184.4812469482421875 187.59375 188.53125 188.181243896484375
230.649993896484375 229.506256103515625 228.21875 230.212493896484375 231.8312530517578125 223.181243896484375 212.9812469482421875 204.756256103515625 197.431243896484375 189.90625 182.9250030517578125 175.3937530517578125 167.493743896484375 159.149993896484375 151.3312530517578125 144.3249969482421875 136.5500030517578125 130.03125 124.3249969482421875 119.4250030517578125 115.8249969482421875 112.8625030517578125 110.3312530517578125 109.0500030517578125 108.06874847412109375 107.03125 107.96875 109.03749847412109375 110.5749969482421875 114.3562469482421875 120.27500152587890625 126.97499847412109375 134.5500030517578125 143.3312530517578125 152.024993896484375 162.5124969482421875 174.75 186.087493896484375 194.8625030517578125 202.5625 210.1875 214.0187530517578125 215.368743896484375 214.899993896484375
222.15625 222.9250030517578125 223.8874969482421875 229.131256103515625 233.837493896484375 230.1687469482421875 226.09375 223.5749969482421875 219.725006103515625 213.375 205.087493896484375 194.943756103515625 184.71875 174.1750030517578125 164.6062469482421875 155.8125 147.537506103515625 140.756256103515625 134.7624969482421875 129.712493896484375 126.28125 124.18125152587890625 121.90625 120.27500152587890625 118.90625 117.94374847412109375 117.9250030517578125 118.21250152587890625 118.09375 122.2624969482421875 128.6750030517578125 135.125 143.8125 154.25 164.993743896484375 177.4812469482421875 191.2312469482421875 205.3312530517578125 215.868743896484375 224.7687530517578125 233.5 237.600006103515625 239.412506103515625 240.181243896484375
211.225006103515625 212.318756103515625 217.306243896484375 222.462493896484375 229.71875 231.5812530517578125 234.943756103515625 239.475006103515625 241.899993896484375 238.3125 227.931243896484375 214.15625 200.84375 188.524993896484375 178.3000030517578125 167.8249969482421875 158.3125 151.8937530517578125 146.1374969482421875 141.350006103515625 138.5124969482421875 135.96875 133.2312469482421875 131.625 129.90625 128.2937469482421875 127.3125 126.22499847412109375 125.46250152587890625 129.3312530517578125 135.5749969482421875 142.7624969482421875 151.7312469482421875 162.6125030517578125 174.1062469482421875 190.274993896484375 207.193756103515625 223.7312469482421875 236.399993896484375 247.1125030517578125 255.368743896484375 260.431243896484375 263.100006103515625 265.23748779296875
210.068756103515625 206.71875 207.431243896484375 213.1750030517578125 223.399993896484375 230.8625030517578125 239.4625091552734375 249.6875 260.13751220703125 263.225006103515625 248.8249969482421875 229.350006103515625 214.2375030517578125 201.78125 190.118743896484375 178.493743896484375 168.7062530517578125 161.5124969482421875 155.6750030517578125 151.056243896484375 149.287506103515625 146.7062530517578125 144.024993896484375 142.46875 140.3874969482421875 138.306243896484375 135.625 134.068756103515625 133.193756103515625 135.9250030517578125 141.662506103515625 148.493743896484375 159.0437469482421875 171.0749969482421875 184.7624969482421875 202.225006103515625 221.5437469482421875 241.53125 255.212493896484375 267.181243896484375 276.46875 280.63751220703125 284.956268310546875 287.787506103515625
209.431243896484375 206.4375 202.850006103515625 202.15625 213.8562469482421875 225.3874969482421875 235.2125091552734375 246.0625 257.712493896484375 265.71875 249.3625030517578125 230.225006103515625 217.318756103515625 205.75 194.8562469482421875 185.25 175.712493896484375 169.475006103515625 164.975006103515625 161.006256103515625 159.287506103515625 157.1062469482421875 154.681243896484375 151.462493896484375 148.71875 145.837493896484375 142.181243896484375 139.1062469482421875 138.0812530517578125 140.28125 145.600006103515625 153.225006103515625 163.681243896484375 176.462493896484375 190.8625030517578125 209.5749969482421875 230.0124969482421875 252.375 269.618743896484375 280.693756103515625 286.34375 291.14373779296875 295.04376220703125 299.86248779296875
213.5812530517578125 210.306243896484375 206.149993896484375 203.7062530517578125 211.118743896484375 218.806243896484375 226.0749969482421875 232.0812530517578125 236.0124969482421875 235.943756103515625 231.75 223.068756103515625 215.149993896484375 207.131256103515625 198.2624969482421875 190.375 182.59375 177.0437469482421875 173.0437469482421875 170.618743896484375 169.5124969482421875 167.7062530517578125 164.8874969482421875 161.131256103515625 157.556243896484375 153.618743896484375 149.4187469482421875 144.9875030517578125 141.96875 144.556243896484375 149.524993896484375 156.1687469482421875 166.6750030517578125 180.1125030517578125 195.381256103515625 213.431243896484375 234.28125 257.243743896484375 278.393768310546875 286.524993896484375 290.818756103515625 292.89373779296875 297.46875 304.36248779296875
219.537506103515625 215.5 213.337493896484375 213.837493896484375 216.9562530517578125 220.3874969482421875 219.931243896484375 215.3312530517578125 207.15625 205.53125 211.381256103515625 212.118743896484375 210.774993896484375 206.600006103515625 201.600006103515625 195.4499969482421875 189.287506103515625 184.868743896484375 181.943756103515625 180.90625 180.399993896484375 178.4875030517578125 175.5812530517578125 171.3249969482421875 166.65625 161.100006103515625 155.3000030517578125 149.125 144.8625030517578125 145.931243896484375 150.7624969482421875 157.5187530517578125 168.4562530517578125 182.1437530517578125 196.7062530517578125 213.962493896484375 232.1374969482421875 252.774993896484375 268.4375 277.287506103515625 281.41876220703125 282.024993896484375 284.100006103515625 288.568756103515625
226.368743896484375 224.225006103515625 223.9499969482421875 224.149993896484375 225.931243896484375 225.337493896484375 221.1437530517578125 210.318756103515625 193.243743896484375 186.4187469482421875 197.2375030517578125 203.1062469482421875 205.6750030517578125 203.96875 202.3312530517578125 199.78125 196.1999969482421875 194.2375030517578125 193.3000030517578125 191.975006103515625 190.875 189.162506103515625 184.4875030517578125 180.2312469482421875 173.71875 166.2624969482421875 158.3625030517578125 152.7687530517578125 147.9875030517578125 147.6437530517578125 151.7312469482421875 157.4499969482421875 166.931243896484375 178.787506103515625 191.3000030517578125 207.4875030517578125 224.381256103515625 240.162506103515625 250.6687469482421875 258.068756103515625 261.04376220703125 258.58123779296875 258.65625 257.431243896484375
234.3562469482421875 233.2624969482421875 232.962493896484375 234.3625030517578125 236.5749969482421875 234.8625030517578125 228.8937530517578125 216.899993896484375 202.1999969482421875 195.2312469482421875 198.125 200.6687469482421875 203.2375030517578125 203.0812530517578125 204.2687530517578125 204.962493896484375 204.068756103515625 204.4562530517578125 205.0187530517578125 206.1062469482421875 204.0187530517578125 200.850006103515625 194.556243896484375 187.5187530517578125 178.1687469482421875 169.506256103515625 161.9250030517578125 154.8249969482421875 149.899993896484375 149.149993896484375 150.993743896484375 155.725006103515625 164.225006103515625 175.1750030517578125 187.0625 201.125 214.75 226.9499969482421875 234.931243896484375 238.5187530517578125 239.1875 234.4875030517578125 229.243743896484375 224.3312530517578125
242.4875030517578125 242.006256103515625 241.587493896484375 243.09375 245.6374969482421875 247.3937530517578125 242.3125 228.8874969482421875 215.3125 207.6750030517578125 205.6999969482421875 204.84375 204.125 204.493743896484375 207.5437469482421875 209.881256103515625 212.0437469482421875 214.256256103515625 216.850006103515625 219.8125 219.8249969482421875 214.412506103515625 205.375 193.34375 183.8000030517578125 175.350006103515625 167.5124969482421875 159.993743896484375 153.100006103515625 151.5625 152.53125 155.8000030517578125 163.4875030517578125 172.9375 182.53125 193.75 204.625 212.6999969482421875 217.8562469482421875 219.1125030517578125 217.3625030517578125 210.7624969482421875 204.5124969482421875 195.7312469482421875
247.9250030517578125 247.443756103515625 247.524993896484375 249.9562530517578125 253.337493896484375 256.04998779296875 253.5 238.625 225.756256103515625 216.568756103515625 211.725006103515625 210.368743896484375 209.162506103515625 209.9875030517578125 214.024993896484375 216.375 219.087493896484375 221.756256103515625 225.0625 230.1437530517578125 233.3312530517578125 226.8874969482421875 215.1374969482421875 200.537506103515625 187.756256103515625 176.725006103515625 167.5749969482421875 161.0749969482421875 155.337493896484375 153.8125 152.881256103515625 154.681243896484375 160.46875 168.34375 176.6875 185.2624969482421875 192.931243896484375 199.225006103515625 201.3874969482421875 201.1999969482421875 196.412506103515625 188.475006103515625 180.912506103515625 172.78125
251.5749969482421875 251.7312469482421875 251.9562530517578125 253.5124969482421875 256.368743896484375 257.149993896484375 252.006256103515625 242.0749969482421875 230.84375 223.1875 217.881256103515625 215.962493896484375 215.899993896484375 215.34375 219.024993896484375 222.5500030517578125 224.4875030517578125 227.8312530517578125 231.556243896484375 235.837493896484375 241.34375 235.625 222.493743896484375 206.975006103515625 187.5187530517578125 174.6062469482421875 169.5749969482421875 163.21875 158.256256103515625 155.774993896484375 153.65625 152.931243896484375 157.850006103515625 163.5 170.2375030517578125 177.3312530517578125 182.993743896484375 188.350006103515625 190.375 186.1999969482421875 180.5500030517578125 173.600006103515625 164.318756103515625 147.8125
253.443756103515625 253.5500030517578125 253.881256103515625 254.8312530517578125 255.875 254.9250030517578125 249.975006103515625 243.3499908447265625 234.943756103515625 227.0437469482421875 221.225006103515625 219.9812469482421875 220.350006103515625 221.4875030517578125 222.6437530517578125 226.131256103515625 227.40625 229.681243896484375 232.0812530517578125 234.912506103515625 238.524993896484375 234.1875 225.568756103515625 212.443756103515625 196.25 183.9250030517578125 176.318756103515625 168.399993896484375 161.7750091552734375 156.7375030517578125 152.5812530517578125 150.931243896484375 154.3312530517578125 158.943756103515625 164.5749969482421875 170.8625030517578125 176.1125030517578125 181.71875 183.743743896484375 180.875 172.149993896484375 159.9187469482421875 149.943756103515625 139.399993896484375
253.875 254.3625030517578125 253.568756103515625 254.243743896484375 254.65625 252.7062530517578125 250.149993896484375 245.1999969482421875 237.09375 230.0500030517578125 224.756256103515625 223.5749969482421875 223.84375 225.1437530517578125 225.2937469482421875 227.931243896484375 227.9250030517578125 227.743743896484375 227.7624969482421875 229.931243896484375 232.9875030517578125 232.15625 228.59375 221.693756103515625 211.84375 200.274993896484375 187.962493896484375 175.899993896484375 165.5749969482421875 157.2624969482421875 150.6875 147.087493896484375 149.7312469482421875 154.71875 159.7624969482421875 164.7375030517578125 171.024993896484375 179.9499969482421875 185.756256103515625 181.368743896484375 169.8874969482421875 158.225006103515625 150.1437530517578125 142.0437469482421875
252.287506103515625 252.318756103515625 251.962493896484375 252.6687469482421875 252.84375 251.743743896484375 249.3125 244.8312530517578125 238.34375 232.3874969482421875 226.381256103515625 224.0812530517578125 224.5812530517578125 226.287506103515625 227.1062469482421875 227.65625 224.8249969482421875 223.056243896484375 221.8937530517578125 222.4625091552734375 225.0625 228.337493896484375 231.243743896484375 232.5500030517578125 226.9875030517578125 215.1687469482421875 200.256256103515625 184.600006103515625 170.15625 157.756256103515625 148.649993896484375 142.5124969482421875 143.875 148.256256103515625 151.7125091552734375 154.9187469482421875 164.868743896484375 175.5500030517578125 184.681243896484375 182.118743896484375 174.1062469482421875 163.993743896484375 154.899993896484375 145.5
248.15625 248.725006103515625 250.0500030517578125 251.725006103515625 251.9499969482421875 251.100006103515625 249.2937469482421875 245.6374969482421875 239.993743896484375 233.125 226.7062530517578125 224.0187530517578125 223.1125030517578125 223.65625 223.212493896484375 222.0437469482421875 216.756256103515625 213.681243896484375 212.399993896484375 213.1437530517578125 216.2375030517578125 222.25 231.3249969482421875 240.431243896484375 241.3125 225.78125 209.212493896484375 189.6437530517578125 171.381256103515625 156.4562530517578125 146.118743896484375 140.3000030517578125 138.03125 137.90625 139.306243896484375 146.2375030517578125 157.7687530517578125 177.4187469482421875 196.0749969482421875 190.25 180.5437469482421875 170.5812530517578125 159.4812469482421875 150.943756103515625
243.943756103515625 245.631256103515625 248.743743896484375 251.3125 252.7312469482421875 253.399993896484375 252.537506103515625 249.125 243.0437469482421875 236.131256103515625 229.28125 224.2624969482421875 220.8562469482421875 218.0812530517578125 215.381256103515625 211.850006103515625 206.1750030517578125 201.8125 201.3000030517578125 201.5500030517578125 205.131256103515625 212.0187530517578125 222.712493896484375 234.25 237.75 226.96875 213.4562530517578125 192.1999969482421875 170.631256103515625 152.399993896484375 140.1437530517578125 133.4187469482421875 134.1062469482421875 136.524993896484375 134.1374969482421875 131.4562530517578125 150.25 173.818756103515625 189.568756103515625 192.3625030517578125 185.412506103515625 176.712493896484375 166.1125030517578125 157.475006103515625
237.9187469482421875 242.1750030517578125 247.0500030517578125 251.4250030517578125 254.837493896484375 256.04998779296875 255.681243896484375 253.368743896484375 248.2687530517578125 239.96875 230.462493896484375 223.90625 217.350006103515625 211.3125 206.84375 203.412506103515625 197.6437530517578125 192.1125030517578125 191.131256103515625 190.524993896484375 193.662506103515625 203.53125 210.212493896484375 220.71875 224.9812469482421875 221.600006103515625 209.100006103515625 190.068756103515625 170.287506103515625 149.5500030517578125 133.8937530517578125 131.556243896484375 139.1750030517578125 140.84375 139.4875030517578125 140.0749969482421875 153.0124969482421875 169.5749969482421875 182.7312469482421875 188.6750030517578125 187.0500030517578125 184.3312530517578125 173.193756103515625 164.28125
230.5625 237.537506103515625 243.850006103515625 250.037506103515625 255.556243896484375 258.98748779296875 260.5 259.399993896484375 253.59375 245.1125030517578125 234.0749969482421875 224.274993896484375 214.912506103515625 205.899993896484375 200.162506103515625 196 189.381256103515625 186.6374969482421875 185.462493896484375 186.2937469482421875 187.056243896484375 192.443756103515625 202.7937469482421875 211.3499908447265625 214.787506103515625 211.193756103515625 201.2312469482421875 188.2687530517578125 169.5812530517578125 150.7375030517578125 137.9875030517578125 139.5812530517578125 146.375 153.568756103515625 158.743743896484375 159.618743896484375 164.368743896484375 173.1875 181.368743896484375 186.8562469482421875 189.524993896484375 188.131256103515625 179.5124969482421875 170.475006103515625
