data/historical-monthly-weather-data/wc2.1_cruts4.09_10m_tmax_2022-04.asc
ncols        45
nrows        45
xllcorner    -63.500000000000
yllcorner    -7.500000000000
cellsize     0.166666666667
NODATA_value -9999
31.0 31 31 31 31 31 31 30.875 30.625 30.1875 30 30.4375 30.75 30.0625 30.25 30.25 30.5 30 30 30 30 30 30 30 30 30 30 29.4375 29 29.5625 29.125 29.9375 29.875 29.6875 29.375 29.75 30 30 30 30 30 30 29.8125 29 29.75 
31 30.875 30.75 30.625 30.125 30.6875 30.3125 30.0625 30.0625 30 30 30 30 30 30 30 30 30 30 30 30 30 30 30 30 30 30 29.375 29.1875 29.375 29.6875 29.625 29.8125 29.125 29.4375 29 29.5625 30 30 30 29.9375 30 29.9375 29.25 29.4375 
30.5625 30.8125 30.4375 30.0625 30 30 30 30 30 30 30 30 30 30 30 30 30 30 30 30 30 30 30 30 30 30 30 29.125 29.375 29.9375 29.625 29.75 30 29.6875 29.25 29.6875 29.9375 30 30 30 29.875 30 29.9375 29.5625 29.4375 
30 30 30.25 30.0625 30.1875 30 30 30 30 30 30 30 30 30 30 30 30 30 30 30 29.875 29.625 30 30 29.9375 30 30 29.625 30 30 30 29.9375 30 30 30 30 30 30 30 30 30 30 29.875 30 29.0625 
30.125 30 30 30 30 30 30 30 30 30 30 30 30 30 30 30 30 30 30 30 29.9375 29.875 30 30 29.9375 30 30 30 29.9375 30 30 30 29.9375 29.9375 30 30 30 30 30 30 29.9375 30 30 29.9375 29.875 
30 30 30 30 30 30 30 30 30 30 30 30 30 30 30 30 30 30 30 30 30 30 29.9375 30 30 30 30 30 29.875 30 30 30 29.9375 29.4375 29.625 30 30 30 30 30 29.8125 30 29.9375 29.9375 30 
30 30 30 30 30 30 30 30 30 30 30 30 30 30 30 30 30 30 30 30 30 30 30 30 30 30 30 30 29.9375 30 30 30 30 29.9375 29.6875 29.5625 29.9375 30 30 30 30 30 30 30 30 
30 30 30 30 30 30 30 30 30 30 30 30 30 30 30 30 30 30 30 30 30 30 30 30 30 30 30 30 30 30 30 29.9375 30 30 30 30 30 30.25 30.0625 30 30 30 30 30 30 
30 30 30 30 30 30 30 30 30 30 30 30 30 30 30 30 30 30 30 30 30 30 30 30 29.9375 30 30 30 29.875 30 29.9375 29.8125 30 30 30 30 30 30 30 30 30 30 30 30 30 
30 30 30 30 30 30 30 30 30 30 30 30 30 30 30 30 30 30 30 30 30 30 30 30 30 30 30 30 30 30 30 30 30 30 30 30 30 30 30 30 30 30 30 30 30 
30 30 30 30 30 30 30 30 30 30 30 30 30 30 30 30 30 30 30 29.875 29.9375 30 30 30 30 29.875 29.5 29.875 30 30 30 30 30 30 30 30 30 30.125 30.0625 30 30 30 30 30 30 
30 30 30 30 30 30 30 30 30 30 30 30 30 30 30 30 30 30 30 30 29.9375 29.625 29.9375 30 30 30 30 30 30 30 30 30 30 30 30 30 30 30 30.0625 30 30 30 30.125 30 30 
30 30 30 30 30 30 30 30 30 30 30 30 30 30 30 30 30 30 30 30 30 30 30 30 30 30 30 30 30 30 30 30 30 30 30 30 30 30 30 30 30 30 30.125 30 30 
30 30 30 30 30 30 30 30 30 30 30 30 30 30 30 30 30 30 30 30 30 30 30 30 30 30 30 30 30 30 30 30 30 30 30 30 30.0625 30.0625 30 30 30 30 30 30 30 
30.0625 30 30 30 30 30 30 30 30 30 30 30 30 30 30 30 30 30 30 30 30 30 30 30 30 30 30 30 30 30 30 30.25 30 30.125 30.375 30.6875 30.625 30.3125 30.5625 30.1875 30 30 30 30 30 
30 30 30 30 30 30 30 30 30 30 30 30 30 30 30 30 30 30 30 30 30 30 30 30 30 30 30 30 30 30 30 30 30.3125 30.9375 31 31 31 31 30.875 30.25 30 30 30 30 30 
30 30 30 30 30 30 30 30 30 30 30 30 30 30 30 30 30 30 30 30 30 30 30 30 30 30 30 30 30 30 30 30.125 30.5625 31 31 31 31 31 31 30.875 30.125 30 30 30 30 
30.25 30 30 30 30 30 30 30 30 30 30 30 30 30 30 30 30 30 30 30 30 30 30 30 30 30 30 30 30 30 30.5 31 31 31 31 30.9375 30.9375 31 30.5625 30.125 30.0625 30 30 30 30 
30.625 30 30 30 30 30 30 30 30 30 30 30 30 30 30 30 30 30 30 30 30 30 30 30 30 30 30 30 30 30.4375 31 31 31 31 31 31 31 31 30.375 30.3125 30 30 30 30 30 
31 30.875 30.625 30 30 30 30.375 30.625 30.4375 30 30 30 30 30 30 30 30 30 30 30 30 30 30 30 30 30 30.125 30.125 30.625 31 31 31 31 31 31 31 31 31 30.75 30.25 30 30 30 30 30 
31 31 31 30.5 30.375 30.375 30.875 31 31 30.6875 30.1875 30 30.125 30.375 30.4375 30 30 30 30 30 30 30 30 30 30.0625 30 30.4375 31 31 31 31 31 31 31 31 31 31 31 30.875 30.75 30.1875 30 30 30 30 
31 30.8125 31 31 31 31 31 31 31 31 30.9375 30.8125 30.4375 30.125 30.0625 30 30 30 30 30 30 30 30 30 30 30.0625 30.4375 30.6875 30.9375 31 31 31 31 31 31 31 31 31 30.4375 30.3125 30 30 30 30 30 
31 31 31 31 30.875 31 31 31 31 31 31 31 30.9375 30.9375 30.75 30.5625 30.375 30 30 30 30 30 30 30 30 30.1875 30.6875 31 31 31 31 31 31 31 31 31 31 31 30.8125 30.0625 30 30 30 30 30 
31 31 31 31 31 31 31 31 31 31 31 31 31 31 31 31 31 30.4375 30.3125 30.0625 30.0625 30.1875 30.5625 30.125 30.1875 30.9375 30.9375 31 31 31 31 31 31 31 31 31 31 31 30.375 30 30 30 30 30 30 
31 31 31 31 31 31 31 31 31 31 31 31 31 31 31 31 31 31 31 30.9375 31 31 31 30.75 30.875 31 30.8125 31 31 31 31 31 31 31 31 31 31 31 30.4375 30 30 30 30 30 30.1875 
31 31 31 31 31 31 31 31 31 31 31 31 31 31 31 31 31 31 31 30.9375 31 31 31 31 30.875 30.875 30.9375 31 31 31 31 31 31 31 31 31 31 30.6875 30.4375 30 30 30 30 30.0625 30.8125 
31 31 31 31 31 31 31 31 31 31 31 31 31 31 31 31 31 31 31 31 31 31 31 31 31 31 31 31 31 31 31 31 31 31 31 31 30.8125 30.25 30.1875 30 30 30 30 30.3125 30.4375 
31 31 31 31 31 31 31 31 31 31 31 31 31 31 31 31 31 31 31 31 31 31 31 31 31 31 31 31 31 31 31 31 31 31 31 31 30.9375 30.0625 30 30 30 30 30 30 30 
31 31 31 31 31 31 31 31 31 31 31 31 31 31 31 31 31 31 31 31 31 31 31 31 31 31 31 31 31 31 31 31 31 31 31 31 30.5 30 30 30 30 30 30.0625 30 30 
31 31 31 31 31 31 31 31 31 31 31 31 31 31 31 31 31 31 31 31 31 31 31 31 31 31 31 31 31 31 31 31 31 31 31 30.875 30.6875 30 30 30 30 30 30.25 30.0625 30.25 
31 31 31 31 31 31 31 31 31 31 31 31 31 31 31 31 31 31 31 31 31 31 31 31 31 31 31 31 31 31 31 31 31 31 30.875 30.8125 30.75 30 30 30 30 30 30.1875 30.1875 30.3125 
31 31 31 31 31 31 31 31 31 31 31 31 31 31 31 31 31 31 31 31 31 31 31 31 31 31 31 31 31 31 31 31 31 31 30.8125 30.75 30.625 30 30 30.0625 30 30 30.3125 30.1875 30.5 
31 31 31 31 31 31 31 31 31 31 31 31 31 31 31 31 31 31 31 31 31 31 31 31 31 31 31 31 31 31 31 31 31 31 30.5625 30.125 30.0625 30 30.1875 30.0625 30.1875 30 30.125 30.75 30.9375 
31 31 31 31 31 31 31 31 31 31 31 31 31 31 31 31 31 31 31 31 31 31 31 31 31 31 31 31 31 31 31 31 31 31 30.25 30.0625 30.125 30.0625 30.1875 30 30.625 30.375 30 30.5 30.4375 
31 31 31 31 31 31 31 31 31 31 31 31 31 31 31 31 31 31 31 31 31 31 31 31 31 31 31 31 31 31 31 31 31 30.6875 30.3125 31 30.75 30.3125 30.375 30.125 30.25 30.625 30.3125 30.625 30.3125 
31 31 31 31 31 31 31 31 31 31 31 31 31 31 31 31 31 31 31 31 31 31 31 31 31 31 31 31 31 31 31 30.9375 31 30.5 30.6875 30.875 30.75 30.25 30.75 30.6875 30.125 30.3125 30.4375 30.1875 30.0625 
31 31 31 31 31 31 31 31 31 31 31 31 31 31 31 31 31 31 31 31 31 31 31 31 31 31 31 31 31 31 31 30.875 31 30.6875 31 30.6875 30.9375 30.4375 30.0625 30.25 30 30.125 30 30.25 30 
31 31 31 31 31 31 31 31 31 31 31 31 31 31 31 31 31 31 31 31 31 31 31 31 31 31 31 31 31 31 31 31 31 31 31 31 31 30.75 30 30 30 30 30 30.3125 30 
31 31 31 31 31 31 31 31 31 31 31 31 31 31 31 31 31 31 31 31 31 31 31 31 31 31 31 31 31 30.9375 31 31 31 31 31 31 31 30.25 30 30 30 30 30 30 30 
31 31 31 31 31 31 31 31 31 31 31 31 31 31 31 31 31 31 31 31 31 31 31 31 31 31 31 31 31 31 31 30.9375 30.75 31 30.9375 31 31 30.75 30.0625 30 30 30 30 30 30.25 
31 31 31 31 31 31 31 31 31 31 31 31 31 31 31 31 31 31 31 31 31 31 31 31 31 31 31 31 31 31 30.875 30.0625 30.1875 30.8125 30.875 31 31 30.875 30 30.0625 30 30 30 30 30.4375 
31 31 31 31 31 31 31 31 31 31 31 31 31 31 31 31 31 31 31 31 31 31 31 31 31 31 31 31 30.8125 30.3125 30.875 30.25 30.0625 30.375 30.8125 31 31 30.875 30 30 30 30 30 30.25 30.5 
31 31 31 31 31 31 31 31 31 31 31 31 31 31 31 31 31 31 31 31 31 31 31 31 31 31 31 31 31 30.75 30.4375 30.875 30.75 30.1875 30.0625 30.125 30.75 30.625 30.0625 30.0625 30 30 30.25 31 30.5 
31 31 31 31 31 31 31 31 31 31 31 31 31 31 31 31 31 31 31 30.875 31 31 31 31 31 31 31 31 31 30.5 31 31 31 30.8125 30.125 30 30.25 30.25 30.1875 30 30 30.125 30.8125 31 30.8125 
31 31 31 31 31 31 31 31 31 31 31 31 31 31 31 31 31 31 31 30.5625 30.625 30.6875 31 31 31 31 31 31 30.875 30.375 30.875 31 31 31 30.6875 30.3125 30 30 30.0625 30 30 30.625 30.5625 31 31 
