data/historical-monthly-weather-data/wc2.1_cruts4.09_10m_prec_2008-04.asc
ncols        45
nrows        45
xllcorner    -63.500000000000
yllcorner    -7.500000000000
cellsize     0.166666666667
NODATA_value -9999
[rows 0 to 19 of 45, columns 0 to 44 of 45]
268.368743896484375 274.993743896484375 272.53125 274.10626220703125 270.649993896484375 261.54998779296875 251.1374969482421875 237.1437530517578125 227.1125030517578125 221.0062408447265625 218.149993896484375 217.28125 215.6875 212.90625 212.5749969482421875 213.2125091552734375 214.943756103515625 214.381256103515625 216.1937408447265625 218.024993896484375 219.375 221.6875 223.568756103515625 228.3562469482421875 231.59375 237.8000030517578125 246.34375 257.337493896484375 266.693756103515625 271.5625 276.25 280.64373779296875 280.443756103515625 281.287506103515625 281.64373779296875 282.181243896484375 280.618743896484375 279.431243896484375 282.125 283.443756103515625 284.875 287.15625 286.90625 288.756256103515625 291.368743896484375
279.65625 286.850006103515625 292.600006103515625 296.756256103515625 299.337493896484375 289.29376220703125 277.225006103515625 267.20623779296875 258.26873779296875 251.1374969482421875 247.0187530517578125 243.912506103515625 241.162506103515625 237.631256103515625 234.693756103515625 234.600006103515625 233.743743896484375 235.4187469482421875 238.274993896484375 240.3937530517578125 241.8874969482421875 243.6750030517578125 247.1062469482421875 250.318756103515625 254.6374969482421875 259.57501220703125 266.306243896484375 275.743743896484375 281.774993896484375 283.54998779296875 286.40625 289.67498779296875 287.9375 287.693756103515625 285.306243896484375 284.07501220703125 283.162506103515625 281.04376220703125 282.556243896484375 282.54376220703125 282.637481689453125 285.131256103515625 285.087493896484375 285.050018310546875 287.162506103515625
285.743743896484375 295.625 301.29376220703125 308.91876220703125 314.412506103515625 308.493743896484375 301.08123779296875 294.943756103515625 290.818756103515625 284.33123779296875 277.92498779296875 272.475006103515625 268.743743896484375 262.39373779296875 258.412506103515625 256.51251220703125 254.431243896484375 255.4499969482421875 256.70623779296875 258.9375 260.993743896484375 263.41876220703125 265.350006103515625 267.96875 272.32501220703125 276.60626220703125 283.39373779296875 288.368743896484375 291.38751220703125 292.79376220703125 293.787506103515625 294.57501220703125 294.412506103515625 292.79376220703125 288.618743896484375 285.78125 285.506256103515625 284.20623779296875 284.118743896484375 283.67498779296875 283.17498779296875 283.82501220703125 283.806243896484375 284.35626220703125 286.725006103515625
286.412506103515625 297.1875 307.98748779296875 315.0625 321.9375 322.662506103515625 321.38751220703125 320.65625 321.59375 319.256256103515625 311.975006103515625 303.0625 294.85626220703125 288.07501220703125 282.33123779296875 279.193756103515625 276.693756103515625 276.193756103515625 276.14373779296875 277.61248779296875 280.53125 282.6875 283.037506103515625 286.006256103515625 289.41876220703125 291.475006103515625 297.649993896484375 299.78125 301.100006103515625 302.73748779296875 302.381256103515625 301.743743896484375 298.23126220703125 295.33123779296875 290.568756103515625 289.100006103515625 287.5 285.54998779296875 286.39373779296875 284.024993896484375 282.774993896484375 284.28125 282.48126220703125 281.681243896484375 285.53125
301.006256103515625 307.006256103515625 310.368743896484375 318.556243896484375 329.712493896484375 334.1875 335.912506103515625 341.14373779296875 348.368743896484375 352.29376220703125 342.774993896484375 327.774993896484375 318.506256103515625 311.41876220703125 304.54376220703125 300.01873779296875 295.79376220703125 294.65625 293.54376220703125 293.78125 297.39373779296875 298.63751220703125 299.14373779296875 303.03125 303.33123779296875 304.475006103515625 307.25 311.23126220703125 313.1875 311.59375 310.04376220703125 305.34375 300.70623779296875 297.649993896484375 293.29998779296875 291.125 288.131256103515625 286.04998779296875 286.67498779296875 284.087493896484375 283.28125 281.537506103515625 280.34375 280.931243896484375 283.71875
307.931243896484375 315.26251220703125 319.01873779296875 320.287506103515625 330.34375 337.256256103515625 340.38751220703125 346.91876220703125 355.34375 363.15625 351.29998779296875 337.54998779296875 329.63751220703125 323.4375 316.13751220703125 312.131256103515625 306.162506103515625 304.76873779296875 305.850006103515625 306.96875 308.381256103515625 308.76873779296875 311.118743896484375 312.306243896484375 312.63751220703125 313.600006103515625 314.79376220703125 316.962493896484375 317.59375 315.0625 312.693756103515625 310.01873779296875 303.26251220703125 299.962493896484375 297.57501220703125 294.881256103515625 293.931243896484375 292.14373779296875 291.76873779296875 290.181243896484375 285.600006103515625 283.13751220703125 282.225006103515625 282.899993896484375 286.78125
316.35626220703125 323.068756103515625 326.70001220703125 326.6875 327.8125 330.462493896484375 334 339.537506103515625 343.58123779296875 345.61248779296875 344.149993896484375 339.381256103515625 337.3125 332.056243896484375 326.3125 323.600006103515625 318.381256103515625 314.125 313.57501220703125 316.318756103515625 318.600006103515625 319.92498779296875 321.318756103515625 319.28125 319.26873779296875 319.856231689453125 321.01251220703125 320.25 319.443756103515625 317.16876220703125 315.45623779296875 311.943756103515625 306.962493896484375 301.806243896484375 299.306243896484375 297.32501220703125 295.39373779296875 294.837493896484375 296.04376220703125 293.21875 285.13751220703125 282.8125 282.04376220703125 282.337493896484375 287.65625
325.57501220703125 329.39373779296875 330.54376220703125 332.20623779296875 333.431243896484375 333.28125 329.225006103515625 324.67498779296875 321.08123779296875 323.29998779296875 332.506256103515625 338.350006103515625 341.024993896484375 340.07501220703125 336.96875 333.475006103515625 328.287506103515625 323.91876220703125 320.818756103515625 324.024993896484375 327.881256103515625 329.931243896484375 329.6875 327.006256103515625 327.368743896484375 324.5 324.0625 322.76251220703125 321.5625 319.86248779296875 315.78125 312.20623779296875 307.67498779296875 303.29376220703125 300.118743896484375 295.90625 294.63751220703125 293.306243896484375 292.07501220703125 287.462493896484375 280.962493896484375 279.693756103515625 278.23748779296875 277.087493896484375 280.712493896484375
332.28125 335.95001220703125 336.375 335.95001220703125 336.524993896484375 334.08123779296875 330.537506103515625 323.86248779296875 313.537506103515625 310.381256103515625 323.743743896484375 333.987518310546875 344.26873779296875 345.431243896484375 342.212493896484375 339.96875 336.75 333.618743896484375 332.40625 332.98748779296875 330.475006103515625 334.0625 333.037506103515625 332.54998779296875 331.587493896484375 326.318756103515625 324.28125 323.225006103515625 321.67498779296875 319.756256103515625 317.493743896484375 311.912506103515625 306.256256103515625 300.04376220703125 297.26251220703125 294.16876220703125 293.462493896484375 290.65625 288.993743896484375 283.899993896484375 277.91876220703125 274.86248779296875 273.82501220703125 273.29998779296875 273.54998779296875
338.39373779296875 339.625 340.506256103515625 340.256256103515625 339.32501220703125 337.462493896484375 335.03125 329.125 324.90625 326.28125 335.024993896484375 341.01873779296875 348.568756103515625 350.32501220703125 349.48126220703125 346.631256103515625 344.199981689453125 342.524993896484375 341.29376220703125 344.16876220703125 340.66876220703125 339.04998779296875 336.45001220703125 337.118743896484375 332.20001220703125 324.693756103515625 321.868743896484375 320.20001220703125 319.63751220703125 320.16876220703125 315.35626220703125 308.46875 302.39373779296875 296.725006103515625 293.32501220703125 291.66876220703125 289.08123779296875 286.61248779296875 284.23748779296875 280.92498779296875 276.67498779296875 273.256256103515625 270.243743896484375 265.53125 267.35626220703125
344.462493896484375 346.056243896484375 345.881256103515625 344.85626220703125 341.912506103515625 340.90625 339.73126220703125 336.04998779296875 336.51251220703125 340.29998779296875 348.48748779296875 355.82501220703125 356.65625 357.5 354.693756103515625 351.381256103515625 349.98126220703125 349.5625 350.20001220703125 352.01251220703125 352.350006103515625 348.34375 341.443756103515625 331.631256103515625 330.131256103515625 322.837493896484375 317.45623779296875 314.73126220703125 312.57501220703125 313.024993896484375 308.57501220703125 301.91876220703125 296.67498779296875 291.375 288.04376220703125 284.162506103515625 281.59375 279.82501220703125 278.29998779296875 275.60626220703125 271.25 267.118743896484375 265.23748779296875 261.85626220703125 262.5
347.024993896484375 347.41876220703125 346.756256103515625 349.16876220703125 347.98748779296875 345.41876220703125 346.537506103515625 346.712493896484375 349.84375 354.76251220703125 362.84375 370.40625 366.23126220703125 363.15625 359.5 356.58123779296875 354.29376220703125 353.625 354.693756103515625 357.03125 355.899993896484375 351.13751220703125 344.193756103515625 337.1875 327.412506103515625 315.04376220703125 309.01873779296875 304.78125 302.71875 301.087493896484375 297.506256103515625 292.48748779296875 286.73126220703125 282.29376220703125 279.17498779296875 276.66876220703125 275.712493896484375 274.993743896484375 271.71875 267.5625 264.45623779296875 261.01251220703125 257.76873779296875 251.337493896484375 251.53125
350.29376220703125 349.943756103515625 349.681243896484375 350.8125 351.51251220703125 353.350006103515625 353.23748779296875 353.243743896484375 356.350006103515625 364.11248779296875 371.881256103515625 378.78125 375.32501220703125 363.756256103515625 359.399993896484375 358.6875 355.09375 353.95623779296875 356.03125 356.25 354.48126220703125 347.306243896484375 336.73126220703125 328.8125 312.162506103515625 298.350006103515625 295.75 291.79376220703125 291.08123779296875 288.91876220703125 285.78125 281.056243896484375 275.61248779296875 271.6875 268.16876220703125 268.024993896484375 268.1875 268.162506103515625 266.475006103515625 262.975006103515625 256.20623779296875 254.037506103515625 248.337493896484375 242.149993896484375 245.0187530517578125
352.193756103515625 351.38751220703125 349.931243896484375 350.574981689453125 353.600006103515625 355.46875 355.493743896484375 356.73126220703125 361.67498779296875 367.8125 372.04998779296875 373.5625 371.51873779296875 364.10626220703125 356.20623779296875 356.48748779296875 352.83123779296875 349.15625 351.17498779296875 349.20623779296875 345.287506103515625 335.60626220703125 325.625 312.868743896484375 298.949981689453125 287.0625 283.17498779296875 280.1875 278.35626220703125 277.03125 274.11248779296875 270.693756103515625 263.868743896484375 260.21875 258.225006103515625 259.568756103515625 260.537506103515625 262.5625 262.774993896484375 258.36248779296875 248.943756103515625 241.8625030517578125 240.306243896484375 240.5749969482421875 245.9499969482421875
351.86248779296875 351.399993896484375 350.86248779296875 352.13751220703125 355.943756103515625 357.70623779296875 359.306243896484375 360.587493896484375 363.25 366.65625 369.443756103515625 370.181243896484375 366.725006103515625 360.193756103515625 351.068756103515625 347.14373779296875 345.056243896484375 345.38751220703125 346.181243896484375 344.23126220703125 337.09375 328.493743896484375 315.98126220703125 303.20623779296875 290.21875 280.287506103515625 275.75 273.34375 271.79998779296875 269.33123779296875 264.600006103515625 258.46875 254.475006103515625 249.662506103515625 246.65625 247.46875 253.0437469482421875 258.568756103515625 258.212493896484375 251.3625030517578125 242.4187469482421875 239.1875 241.537506103515625 239.7937469482421875 242.774993896484375
349.26251220703125 348.70001220703125 350.618743896484375 353.66876220703125 356.89373779296875 358.931243896484375 360.4375 362.181243896484375 366.381256103515625 367.90625 368.83123779296875 368.181243896484375 364.79998779296875 356.837493896484375 345.5 334.287506103515625 336.587493896484375 341.38751220703125 340.70623779296875 339.25 331.381256103515625 320.0625 306.412506103515625 294.506256103515625 282.01873779296875 273.66876220703125 268.36248779296875 266.76873779296875 265.243743896484375 263.48126220703125 260.8125 254.3249969482421875 244.8874969482421875 238.4812469482421875 233.350006103515625 239.774993896484375 245.681243896484375 252.037506103515625 252.3937530517578125 249.1687469482421875 242.274993896484375 241.25 240.75 237.8562469482421875 239.193756103515625
345.068756103515625 346.23748779296875 349.9375 354.131256103515625 357.29998779296875 359.518768310546875 363.33123779296875 365.29998779296875 366.975006103515625 368.524993896484375 367.975006103515625 366.91876220703125 362.243743896484375 354.64373779296875 345.76251220703125 337.95623779296875 331.9375 333.85626220703125 336.25 336.087493896484375 327.20001220703125 316.01873779296875 301.66876220703125 286.70001220703125 274.91876220703125 266.01251220703125 261.975006103515625 260.32501220703125 260.11248779296875 259.73126220703125 256.73748779296875 250.78125 242.0749969482421875 234.993743896484375 234.556243896484375 237.556243896484375 244.1750030517578125 251.5500030517578125 255.71875 250.90625 244.868743896484375 242.8249969482421875 238.7375030517578125 235.5749969482421875 235.631256103515625
339.29998779296875 343.337493896484375 347.48126220703125 354.67498779296875 358.75 362.60626220703125 367.631256103515625 368.368743896484375 369.26251220703125 368.54998779296875 366.024993896484375 364.056243896484375 359.17498779296875 353.662506103515625 346.149993896484375 340.36248779296875 333.95001220703125 325.70623779296875 332.143768310546875 333.23748779296875 326.13751220703125 313.33123779296875 298.54376220703125 283.931243896484375 273.25 264.774993896484375 258.256256103515625 258.91876220703125 259.712493896484375 258.399993896484375 251.868743896484375 239.75 236.6062469482421875 233.587493896484375 231.537506103515625 237.28125 243.493743896484375 249.6062469482421875 252.25 252.2062530517578125 244.743743896484375 241.4250030517578125 237.243743896484375 233.2687530517578125 233.6312408447265625
332.143768310546875 338.46875 345.631256103515625 352.381256103515625 358.125 364.08123779296875 368.649993896484375 372.587493896484375 373.506256103515625 371.5625 366.337493896484375 359.86248779296875 355.524993896484375 352.6875 342.787506103515625 337.28125 332.45001220703125 326.274993896484375 324.618743896484375 326.287506103515625 324.6875 314.412506103515625 290.59375 280.79998779296875 273.26873779296875 267.83123779296875 264.28125 262.787506103515625 263.774993896484375 260.91876220703125 254.131256103515625 243.1125030517578125 235.524993896484375 225.774993896484375 222.693756103515625 228.7062530517578125 235.8125 241.40625 246.8249969482421875 246.21875 243.6125030517578125 240.493743896484375 235.3625030517578125 231.100006103515625 231.649993896484375
324.45001220703125 333.20623779296875 340.693756103515625 346.71875 355.88751220703125 365.787506103515625 373.39373779296875 375.6875 376.193756103515625 373.70623779296875 366.568756103515625 361.600006103515625 356.625 351.78125 340.45001220703125 328.71875 321.04376220703125 322.96875 321.149993896484375 322.25 315.243743896484375 302.306243896484375 290.04376220703125 281.337493896484375 274.54376220703125 268.98126220703125 267.15625 268.36248779296875 266.693756103515625 260.868743896484375 251.34375 245.6750030517578125 234.006256103515625 219.5187530517578125 211.0124969482421875 216.7062530517578125 228.287506103515625 237.75 242.53125 243.6875 240.975006103515625 237.899993896484375 233.162506103515625 228.78125 227.3937530517578125
