data/historical-monthly-weather-data/wc2.1_cruts4.09_10m_prec_2019-06.asc
ncols        45
nrows        45
xllcorner    -63.500000000000
yllcorner    -7.500000000000
cellsize     0.166666666667
NODATA_value -9999
[rows 20 to 39 of 45, columns 0 to 43 of 45]
148.9499969482421875 155.743743896484375 156.2687530517578125 151.681243896484375 143.931243896484375 140.6999969482421875 139.2687530517578125 134.975006103515625 130.1437530517578125 123.3249969482421875 117.8000030517578125 110.09375 101.30625152587890625 91.1062469482421875 82.0437469482421875 75.2937469482421875 67.375 63.549999237060546875 63.143749237060546875 60.4375 63.40000152587890625 65.81874847412109375 70.3000030517578125 80.43125152587890625 87.47499847412109375 91.0187530517578125 92.70624542236328125 101.90000152587890625 111.47499847412109375 120.8562469482421875 130.149993896484375 144.8562469482421875 142.399993896484375 143.9812469482421875 147.2375030517578125 158.693756103515625 168.243743896484375 169.7062530517578125 160.5500030517578125 151 140.46875 126.91249847412109375 123.7375030517578125 123.6999969482421875
142.475006103515625 141.6374969482421875 145.59375 146.1875 141.274993896484375 135.6125030517578125 132.3937530517578125 127.4812469482421875 122.1999969482421875 118.18125152587890625 112.3937530517578125 103.2937469482421875 94.5625 87.8125 81.6687469482421875 72.7062530517578125 71.18125152587890625 66.2062530517578125 66 64.1875 63.981250762939453125 69.36875152587890625 74.5437469482421875 81.06874847412109375 86.59375 91.40000152587890625 100.4812469482421875 105.875 118.84375 128.5 133.1374969482421875 136.0812530517578125 137.193756103515625 143.28125 144.537506103515625 150.1062469482421875 157.7437591552734375 163.399993896484375 158.6125030517578125 151.0625 140.587493896484375 130.6125030517578125 126.75 127.03125
136.75 144.0749969482421875 147.3874969482421875 147.1374969482421875 142.5812530517578125 134.681243896484375 123.90625 117.52500152587890625 116.46875 111.90625 105.8312530517578125 100.24375152587890625 95.8874969482421875 90.43125152587890625 83.7624969482421875 76.68125152587890625 69.99375152587890625 66.21875 65.4812469482421875 65.75 69.5124969482421875 71.69374847412109375 74.1374969482421875 81.78125 91.83750152587890625 97.29999542236328125 102.59375 110.21250152587890625 120.53749847412109375 123.46875 127.03125 132.6750030517578125 132.3562469482421875 133.6374969482421875 140.9375 142.2624969482421875 145.693756103515625 152.3562469482421875 154.1062469482421875 150.75 141.6062469482421875 133.8125 128.806243896484375 125.6999969482421875
128.443756103515625 137.3625030517578125 145.350006103515625 141.8562469482421875 135.90625 128.131256103515625 123.53125 116.5625 110.0187530517578125 103.1875 101.54999542236328125 100.3562469482421875 94.3874969482421875 90.6750030517578125 82.28125 75.9875030517578125 70.65000152587890625 69.75 68.7375030517578125 68.31874847412109375 71.5812530517578125 75.9250030517578125 77.90625 89.0124969482421875 95.875 99.9187469482421875 109.28749847412109375 110.5625 115.55625152587890625 119.96250152587890625 122.61875152587890625 126.93125152587890625 129.2375030517578125 128.8000030517578125 134.756256103515625 135.0187530517578125 141.09375 147.96875 147.9562530517578125 144.649993896484375 139.024993896484375 133.743743896484375 129.6999969482421875 127.59999847412109375
119.03125 129.962493896484375 136.006256103515625 138.25 134.53125 126.7375030517578125 120.1437530517578125 115.0500030517578125 107.74375152587890625 104.00624847412109375 99.0500030517578125 95.2375030517578125 92.6062469482421875 85.83750152587890625 78.55625152587890625 73.375 70.00624847412109375 68.28749847412109375 68.78125 70.5500030517578125 73.94374847412109375 76.8625030517578125 82.9812469482421875 93.0625 97.125 101.3125 106.46875 110.1750030517578125 113.34375 117.34375 115.94374847412109375 116.41249847412109375 118.875 123.5437469482421875 128.0812530517578125 131.7375030517578125 136.71875 140.287506103515625 143.475006103515625 141.8874969482421875 137.743743896484375 134.5749969482421875 132.5500030517578125 126.86875152587890625
114.875 128.0500030517578125 127.56874847412109375 129.8874969482421875 126.04999542236328125 120.21250152587890625 113.1750030517578125 108.78125 99.6125030517578125 93.40625 92.2687530517578125 89.05625152587890625 86.4375 81.4562530517578125 76.78125 70.8000030517578125 68.15000152587890625 68.83750152587890625 70.0437469482421875 70.13124847412109375 74.2375030517578125 78.34375 83.8000030517578125 92.49375152587890625 99.3000030517578125 101.8562469482421875 106.21250152587890625 109.5625 109.58750152587890625 111.3125 109.4499969482421875 109.1999969482421875 112.0124969482421875 116.02500152587890625 120.6062469482421875 127.9375 133.712493896484375 135.443756103515625 135.8125 138.2937469482421875 135.125 125.24375152587890625 122.66875457763671875 121.86875152587890625
108.4562530517578125 113.66249847412109375 117.7062530517578125 118.5437469482421875 115.44374847412109375 111.22499847412109375 105.72499847412109375 97.4812469482421875 91.4812469482421875 90.875 90.33750152587890625 87.3125 83.36875152587890625 80.03749847412109375 76.84999847412109375 73.5500030517578125 69.8249969482421875 68.2312469482421875 70.0812530517578125 70.38124847412109375 72.9250030517578125 77.21250152587890625 83.375 95.0625 97.9562530517578125 100.66249847412109375 104.8249969482421875 106.0749969482421875 106.03749847412109375 105.93125152587890625 105.96875 102.59999847412109375 104.84375 109.81874847412109375 115.59999847412109375 121.5812530517578125 129.9375 132.537506103515625 131.1875 135.2312469482421875 135.4375 128.1374969482421875 120.9499969482421875 117.6125030517578125
103.03125 103.6999969482421875 106.1687469482421875 104.4875030517578125 102.16249847412109375 100.6125030517578125 97.1750030517578125 91.18125152587890625 87.5500030517578125 87.43125152587890625 85.6125030517578125 83.81874847412109375 80.22499847412109375 76.8249969482421875 73.9812469482421875 71.31874847412109375 68.4375 68.63124847412109375 67.92499542236328125 69.63124847412109375 72.9250030517578125 75.3249969482421875 82.16249847412109375 90.21875 94.77500152587890625 96.6999969482421875 100.38124847412109375 101.34375 104.0749969482421875 105.2687530517578125 103.59375 102.0500030517578125 103.1374969482421875 104.375 113.11875152587890625 119.0437469482421875 127.65625 130.181243896484375 131.681243896484375 134.3125 135.131256103515625 131.8249969482421875 118.8625030517578125 117.33750152587890625
95.1875 98.0812530517578125 95.1750030517578125 92.2624969482421875 91.7312469482421875 87.5812530517578125 86.1437530517578125 84.91249847412109375 84.1062469482421875 82.47499847412109375 81.625 79.77500152587890625 78.03125 75.6437530517578125 73.16249847412109375 71.03125 69.4562530517578125 68.33750152587890625 69.0749969482421875 70.55625152587890625 71.8312530517578125 73.53749847412109375 77.3125 83.97499847412109375 88.9187469482421875 90.71875 96.33750152587890625 100.1875 101.6875 100.125 97.5749969482421875 97.59375 98.6750030517578125 103.7375030517578125 109.19374847412109375 114.96250152587890625 125.54375457763671875 126.23125457763671875 128.600006103515625 129.6687469482421875 128.568756103515625 123.09375 116.88124847412109375 118.5124969482421875
87.9499969482421875 88.1875 86.41249847412109375 83.5749969482421875 82.53125 81.74375152587890625 80.52500152587890625 82.02500152587890625 80.9250030517578125 80.65625 80.1437530517578125 79.5437469482421875 78.4812469482421875 76.8249969482421875 73.7062530517578125 70.7375030517578125 68.66249847412109375 69.22499847412109375 67.3625030517578125 66.28125 69.24375152587890625 71.03749847412109375 74.1125030517578125 79.96875 83.15000152587890625 88.0500030517578125 92.06874847412109375 94.65625 96.5749969482421875 94.625 93.0500030517578125 92.59999847412109375 96.06874847412109375 101.6437530517578125 109.02500152587890625 112.71250152587890625 125.08750152587890625 126.5437469482421875 122.90000152587890625 129.287506103515625 127.5187530517578125 121.53125 118.8625030517578125 114.0749969482421875
82.38124847412109375 80.9875030517578125 78.81874847412109375 77.5749969482421875 77.13124847412109375 76.5812530517578125 77.3000030517578125 78.13124847412109375 77.59999847412109375 78.6875 79.2312469482421875 77.8937530517578125 78.44374847412109375 73.93125152587890625 72.0812530517578125 71.8312530517578125 70.4875030517578125 68.69374847412109375 67.125 66.66249847412109375 67.6875 67.8125 70.3125 75.91249847412109375 79.46250152587890625 84.16249847412109375 87.1125030517578125 90.0187530517578125 91.1999969482421875 90.2624969482421875 91.9875030517578125 92.1750030517578125 94.53125 97.9562530517578125 104.55625152587890625 109.2375030517578125 119.6875 124.61875152587890625 121.94374847412109375 118.9875030517578125 120.90000152587890625 115.8125 112.58750152587890625 109.5500030517578125
76.09375 74.53749847412109375 72.0749969482421875 72.3625030517578125 74.24375152587890625 74.09375 74.38124847412109375 74.9499969482421875 75.625 75.5625 74.84375 74.77500152587890625 73.28125 72.6999969482421875 72.3874969482421875 71.2687530517578125 68.0187530517578125 66.2312469482421875 65.21875 64.97499847412109375 65.38750457763671875 66 66.25 70.47499847412109375 75.4187469482421875 78.7624969482421875 82.4875030517578125 85.3000030517578125 86.2937469482421875 89.69374847412109375 89.96875 89.83750152587890625 93.19374847412109375 96.11875152587890625 101.46875 104.97499847412109375 112.41249847412109375 114.69374847412109375 116.03749847412109375 115.52500152587890625 118.11875152587890625 114.1687469482421875 109.4812469482421875 106.24375152587890625
68.125 67.1687469482421875 67.0187530517578125 67.96250152587890625 68.1999969482421875 69.34375 70.78749847412109375 72.75 72.5500030517578125 72.86875152587890625 75.03749847412109375 74.30625152587890625 73.8125 74.9875030517578125 74.8874969482421875 71.47499847412109375 67.8937530517578125 67.5500030517578125 66.38124847412109375 65.49375152587890625 64.09375 63.53125 64.43125152587890625 68.1125030517578125 71.40625 74.68125152587890625 77.5749969482421875 79.7312469482421875 82.0812530517578125 85.55625152587890625 87.21875 86.0625 89.8249969482421875 95.11875152587890625 98.71875 101.75 105.0500030517578125 107.06874847412109375 108.4250030517578125 112.7624969482421875 115.16249847412109375 111.06874847412109375 104.93125152587890625 100.94374847412109375
60.22499847412109375 60.71875 62.674999237060546875 63.5625 63.90625 65.3937530517578125 68.4562530517578125 69.73125457763671875 69.50624847412109375 69.49375152587890625 72.02500152587890625 74.0812530517578125 74.5 74.08750152587890625 72.9187469482421875 71.88124847412109375 70.24375152587890625 68.125 65.25 64.24375152587890625 63.5 62.27500152587890625 63.53749847412109375 65.125 68.3625030517578125 69.8312530517578125 73.65625 75.93125152587890625 79.55625152587890625 82.33750152587890625 85.21250152587890625 86.6374969482421875 86.7624969482421875 90.06874847412109375 95.11875152587890625 97.9499969482421875 100.0437469482421875 101.375 103.3249969482421875 105.81874847412109375 105.66249847412109375 104.8937530517578125 101.52500152587890625 93.19374847412109375
54.125 53.86875152587890625 56.875 59.518749237060546875 60.44374847412109375 60.950000762939453125 62.88124847412109375 65.77500152587890625 66.2937469482421875 66.59375 71.38124847412109375 74.6374969482421875 76.1437530517578125 78.88124847412109375 77.6750030517578125 74.59375 71.02500152587890625 66.9250030517578125 63.90000152587890625 60.450000762939453125 61.606250762939453125 59.512500762939453125 59.34999847412109375 60.71250152587890625 65.1062469482421875 67.1750030517578125 69.86875152587890625 71.1374969482421875 73.8625030517578125 76.4187469482421875 80.1374969482421875 83.15625 82.71250152587890625 85.3000030517578125 88.00624847412109375 91.68125152587890625 91.75624847412109375 97.3562469482421875 96.53125 98.77500152587890625 98.90000152587890625 95.90000152587890625 94.2687530517578125 89.3562469482421875
47.975002288818359375 47.78125 49.875 52.40625 54.11875152587890625 55.53749847412109375 57.549999237060546875 59.31874847412109375 59.99375152587890625 61.212497711181640625 64.8874969482421875 72.3937530517578125 77.16249847412109375 79.4562530517578125 78.7624969482421875 76.05625152587890625 71.81874847412109375 66.06874847412109375 62.237499237060546875 58.106250762939453125 57.40000152587890625 57.981250762939453125 57.081249237060546875 57.981250762939453125 61.34375 62.81874847412109375 64.8874969482421875 66.09999847412109375 69.4375 71.5 73.59375 76.6875 77.96250152587890625 79.06874847412109375 79.6750030517578125 82.88124847412109375 86.96875 87.78125 88.6125030517578125 91.28125 91.46875 88 86.1875 84.86875152587890625
40.856250762939453125 42.424999237060546875 43.30625152587890625 45.799999237060546875 48.262500762939453125 49.94374847412109375 51.793750762939453125 54.53749847412109375 55.862499237060546875 55.34375 62.3125 72.90625 79.09999847412109375 80.0812530517578125 79.4187469482421875 76.53125 72.8000030517578125 67.71250152587890625 63.143749237060546875 57.125 55.1875 56.268749237060546875 55.13124847412109375 56.043750762939453125 57.049999237060546875 58.268749237060546875 61.49375152587890625 62.418750762939453125 63.575000762939453125 64.4562530517578125 68.45000457763671875 69.83750152587890625 71.9562530517578125 73.8249969482421875 74.13124847412109375 76.49375152587890625 79.9250030517578125 82.84999847412109375 81.7312469482421875 81.4875030517578125 81.375 81.1062469482421875 77.72499847412109375 82.125
34.5625 36.200000762939453125 38 40.78125 42.731250762939453125 44.987499237060546875 47.72499847412109375 50.543750762939453125 53.643749237060546875 53.950000762939453125 65.8937530517578125 76.34999847412109375 80.0500030517578125 82.09999847412109375 79.21250152587890625 76.1125030517578125 72.13124847412109375 67.88124847412109375 64.0124969482421875 58.924999237060546875 55.706249237060546875 54.84375 52.799999237060546875 53.53125 53.61875152587890625 55.55625152587890625 58.09999847412109375 58.575000762939453125 59.231250762939453125 59.24375152587890625 61.237499237060546875 65.03125 67.375 67.7062530517578125 68.1687469482421875 70.53749847412109375 72.74375152587890625 73.9875030517578125 77.3625030517578125 75.6374969482421875 74.40625 75.31874847412109375 71.6125030517578125 71.1125030517578125
29.487499237060546875 30.375 32.4375 34.86875152587890625 37.231250762939453125 40.65000152587890625 43.40625 47.262500762939453125 52.31874847412109375 62.206249237060546875 76.8125 79.5187530517578125 78.1687469482421875 77.8625030517578125 75.68125152587890625 72.4187469482421875 70.41249847412109375 66.43125152587890625 62.524997711181640625 58.924999237060546875 54.981250762939453125 52.924999237060546875 51.03125 51.03749847412109375 51.34375 53.47499847412109375 54.46250152587890625 54.09999847412109375 54.46250152587890625 55.887500762939453125 58.049999237060546875 59.575000762939453125 60.56874847412109375 61.99375152587890625 64.6750030517578125 64.78749847412109375 66.49375152587890625 67.16249847412109375 66.125 65.09999847412109375 66.96875 68.22499847412109375 66.78125 66.34999847412109375
24.075000762939453125 25.40625 27.600000381469726562 29.456249237060546875 32.71250152587890625 36.625 38.96250152587890625 44.424999237060546875 50.700000762939453125 59.74375152587890625 67.30625152587890625 72.61875152587890625 73.65000152587890625 74.11875152587890625 73.21250152587890625 72.53125 69.69374847412109375 65.4562530517578125 61.012500762939453125 57.799999237060546875 54.299999237060546875 52.1875 48.63124847412109375 48.918750762939453125 48.02500152587890625 48.518749237060546875 50.112499237060546875 49.99375152587890625 49.856250762939453125 50.30625152587890625 51.456249237060546875 53.549999237060546875 53.456249237060546875 56.106250762939453125 56.168750762939453125 57.22499847412109375 58.38124847412109375 60.418750762939453125 59.71875 59.174999237060546875 61.53125 61.981250762939453125 59.362499237060546875 58.0625
