data/historical-monthly-weather-data/wc2.1_cruts4.09_10m_prec_2007-01.asc
ncols        51
nrows        45
xllcorner    -63.500000000000
yllcorner    -7.500000000000
cellsize     0.166666666667
NODATA_value -9999
[rows 20 to 39 of 45, columns 0 to 44 of 51]
261.23126220703125 263.100006103515625 271.087493896484375 281.95001220703125 293.66876220703125 309.350006103515625 326.61248779296875 341.318756103515625 352.14373779296875 360.03125 367.07501220703125 376.9375 390.868743896484375 406.056243896484375 400.75 382.618743896484375 370.53125 364.96875 367.725006103515625 369.631256103515625 372.462493896484375 372.818756103515625 371.25 369.35626220703125 368.125 367.20623779296875 364.42498779296875 362.087493896484375 359.08123779296875 355.818756103515625 344.95001220703125 329.3125 310.568756103515625 291.9375 275.42498779296875 286.32501220703125 305.90625 316.618743896484375 313.368743896484375 299.243743896484375 279.36248779296875 262.725006103515625 250.5812530517578125 240.8000030517578125 233.412506103515625
262.29376220703125 262.868743896484375 271.36248779296875 284.26251220703125 299.26251220703125 316.118743896484375 333.79376220703125 351.34375 362.33123779296875 364.96875 364.931243896484375 363.61248779296875 366.506256103515625 373.975006103515625 376.5 371.337493896484375 368.943756103515625 367.42498779296875 368.850006103515625 371.23748779296875 369.399993896484375 368.975006103515625 369.42498779296875 368.287506103515625 367.8125 368.28125 368.86248779296875 363.868743896484375 356.75 348.118743896484375 332.693756103515625 316.40625 303.625 295.024993896484375 289.73126220703125 299.1875 319.04998779296875 333.04998779296875 329.34375 311.73126220703125 288.91876220703125 270.21875 256.056243896484375 244.5124969482421875 235.875
263.693756103515625 264.368743896484375 271.537506103515625 284.90625 302.38751220703125 322.10626220703125 340.76873779296875 359.67498779296875 373.41876220703125 369.899993896484375 359.125 345.712493896484375 338.14373779296875 342.82501220703125 353.83123779296875 360.5625 363.318756103515625 365.03125 367.01873779296875 368.725006103515625 367.04376220703125 364.975006103515625 363.29376220703125 361.83123779296875 363.96875 367.774993896484375 369.681243896484375 363.73748779296875 353.662506103515625 339.774993896484375 322.57501220703125 307.756256103515625 304.39373779296875 303.20623779296875 305.86248779296875 314.39373779296875 333.95623779296875 356.024993896484375 349.287506103515625 322.399993896484375 295.931243896484375 276.375 258.95001220703125 246.0187530517578125 237.0625
266.443756103515625 265.61248779296875 271.612518310546875 286.068756103515625 306.068756103515625 325.25 344.493743896484375 362.57501220703125 373.037506103515625 365.48748779296875 350.243743896484375 333.39373779296875 314.51873779296875 321.76251220703125 339.23748779296875 350.475006103515625 356.58123779296875 359.95001220703125 362.806243896484375 365.11248779296875 361.725006103515625 358.662506103515625 356.375 354.162506103515625 357.681243896484375 361.681243896484375 365.274993896484375 358.375 347.862518310546875 336.506256103515625 322.73748779296875 311.912506103515625 311.274993896484375 313.443756103515625 318.40625 326.65625 341.91876220703125 359.45001220703125 351.568756103515625 325 298.131256103515625 277.35626220703125 259.71875 246.2937469482421875 238.2687530517578125
270.73126220703125 269.26251220703125 273.681243896484375 291.48748779296875 315.375 332.46875 348.087493896484375 362.03125 366.73748779296875 361.162506103515625 348.59375 334.03125 321.98748779296875 324.037506103515625 335.256256103515625 346.274993896484375 353.79376220703125 358.89373779296875 361.006256103515625 360.5 356.243743896484375 350.837493896484375 347.11248779296875 343.875 346.543731689453125 352.45623779296875 354.287506103515625 352.16876220703125 344.8125 337.86248779296875 328.818756103515625 322.48126220703125 321.393768310546875 324.03125 328.506256103515625 332.600006103515625 341.64373779296875 345.787506103515625 337.15625 317.993743896484375 294.4375 275.006256103515625 258.243743896484375 246.40625 236.649993896484375
281.306243896484375 283.39373779296875 289.79998779296875 307.1875 326.649993896484375 341.08123779296875 352.649993896484375 360.73126220703125 362.29998779296875 357.587493896484375 349.756256103515625 341.04998779296875 333.0625 331.931243896484375 338.118743896484375 346.57501220703125 354.25 359.16876220703125 360.85626220703125 358.712493896484375 353.85626220703125 344.63751220703125 338.243743896484375 331.67498779296875 335.28125 343.243743896484375 348.506256103515625 348.024993896484375 344.54998779296875 338.32501220703125 335.29376220703125 332.537506103515625 332.95623779296875 333.100006103515625 335.774993896484375 335.9375 337.88751220703125 335.20001220703125 325.14373779296875 308.35626220703125 288.475006103515625 270.26873779296875 253.493743896484375 242.881256103515625 236.4187469482421875
294.506256103515625 298.306243896484375 307.61248779296875 321.70001220703125 335.96875 346.88751220703125 355.84375 359.662506103515625 359.493743896484375 357.59375 353.01251220703125 347.21875 341.5625 339.681243896484375 343.38751220703125 350.20001220703125 356.649993896484375 360.962493896484375 363.51251220703125 359.6875 351.837493896484375 343.618743896484375 332.64373779296875 324.04376220703125 330.818756103515625 338.425018310546875 343.34375 344.34375 343.087493896484375 339.90625 339.774993896484375 338.70623779296875 340.975006103515625 340.54998779296875 339.73748779296875 337.98126220703125 335.850006103515625 328.67498779296875 316.087493896484375 300.98748779296875 282.35626220703125 264.318756103515625 248.9812469482421875 239.7062530517578125 240.712493896484375
310.60626220703125 314.618743896484375 324.90625 336.64373779296875 347.73748779296875 354.212493896484375 359.29376220703125 360.868743896484375 360.537506103515625 358.462493896484375 355.600006103515625 351.84375 346.84375 344.53125 347.63751220703125 353.54376220703125 358.85626220703125 365.725006103515625 365.899993896484375 363.63751220703125 358.01873779296875 347.98748779296875 342.40625 334.73126220703125 336.23748779296875 340.024993896484375 343 342.743743896484375 341.962493896484375 342.04998779296875 341.443756103515625 340.88751220703125 342.881256103515625 341.92498779296875 341.068756103515625 337.625 332 324.087493896484375 312.10626220703125 296.29998779296875 279.57501220703125 262.975006103515625 246.975006103515625 239.568756103515625 251.53125
324.662506103515625 330.29376220703125 339.8125 350.881256103515625 359.556243896484375 362.181243896484375 361.98126220703125 362.82501220703125 361.15625 359.75 358.41876220703125 354.818756103515625 350.78125 350.375 353.78125 360.04376220703125 367.899993896484375 372.537506103515625 373.84375 371.899993896484375 365.787506103515625 357.29998779296875 352.806243896484375 346.3125 344.1875 344.11248779296875 345.03125 343.66876220703125 343.17498779296875 343.46875 341.88751220703125 340.681243896484375 342.20001220703125 342.725006103515625 342.4375 337.09375 331.256256103515625 322.54376220703125 311.21875 295.78125 277.73126220703125 262.943756103515625 251.649993896484375 250.9499969482421875 264.850006103515625
334.10626220703125 339.381256103515625 349.71875 360.837493896484375 367.23126220703125 365.51251220703125 362.16876220703125 361.65625 359.556243896484375 357.431243896484375 357.649993896484375 356.88751220703125 355.15625 355.8125 360.76251220703125 366.29376220703125 372.337493896484375 378.337493896484375 381.962493896484375 378.868743896484375 372.462493896484375 366.975006103515625 361.92498779296875 354.399993896484375 350.931243896484375 349.225006103515625 347.649993896484375 344.70623779296875 343.13751220703125 342.58123779296875 342.193756103515625 341.1875 341.32501220703125 342.8125 341.993743896484375 336.75 330.0625 323.149993896484375 312.037506103515625 298.76873779296875 284.774993896484375 274.225006103515625 267.26873779296875 268.07501220703125 274.53125
339.875 344.67498779296875 352.04376220703125 361.84375 368.556243896484375 362.73748779296875 359.350006103515625 357.38751220703125 355.45001220703125 354.84375 356.73126220703125 357.793731689453125 358.399993896484375 359.33123779296875 365.225006103515625 370.537506103515625 377.131256103515625 384.324981689453125 388.51873779296875 386.15625 379.26251220703125 373.193756103515625 369.787506103515625 361.493743896484375 355.79376220703125 354.0625 350.98126220703125 346.39373779296875 344.35626220703125 342.92498779296875 342.693756103515625 342.125 341.475006103515625 342.418731689453125 341.493743896484375 336.29376220703125 329.40625 323.98126220703125 315.36248779296875 304.037506103515625 293.63751220703125 286.5625 282.45001220703125 280.91876220703125 285.662506103515625
341.96875 345.08123779296875 349.762481689453125 355.38751220703125 358.118743896484375 354.493743896484375 353.600006103515625 350.868743896484375 349.875 350.28125 353.07501220703125 355.837493896484375 358.64373779296875 362.58123779296875 368.975006103515625 373.95001220703125 378.0625 384.41876220703125 387.149993896484375 386.98126220703125 380.70623779296875 375.59375 373.412506103515625 364.90625 360.34375 357.131256103515625 352.037506103515625 347.20623779296875 342.84375 342.92498779296875 342.818756103515625 342.34375 341.85626220703125 342.38751220703125 341.5 335.67498779296875 330.83123779296875 323.96875 315.712493896484375 307.38751220703125 302.45001220703125 298.63751220703125 296.818756103515625 298.76873779296875 303.71875
339.73126220703125 341.818756103515625 345.256256103515625 348.23126220703125 347.693756103515625 344.57501220703125 341.88751220703125 339.649993896484375 337.84375 341.33123779296875 347.9375 353.068756103515625 360.274993896484375 367.868743896484375 372.306243896484375 375.28125 377.068756103515625 380.412506103515625 382.04998779296875 382.681243896484375 377.89373779296875 373.70623779296875 371.087493896484375 365.51873779296875 360.73126220703125 357.818756103515625 352.0625 344.899993896484375 340.29376220703125 342.375 342.475006103515625 341.162506103515625 341.17498779296875 342.14373779296875 340.41876220703125 335.82501220703125 330.59375 324.4375 316.61248779296875 313.86248779296875 310.76251220703125 309.51251220703125 310.63751220703125 315.537506103515625 326.39373779296875
335.90625 337.318756103515625 338.743743896484375 339.78125 336.73126220703125 333.537506103515625 330.65625 327.4375 326.48126220703125 329.32501220703125 337.78125 349.64373779296875 361.787506103515625 370.568756103515625 374.04998779296875 374.462493896484375 375.61248779296875 378.131256103515625 377.600006103515625 376.631256103515625 373.087493896484375 370.087493896484375 368.056243896484375 362.881256103515625 358.756256103515625 355.28125 348.806243896484375 342.725006103515625 339.0625 340.087493896484375 341.84375 341.649993896484375 341.024993896484375 342.17498779296875 340.600006103515625 335.931243896484375 330.01873779296875 322.943756103515625 319.037506103515625 317.875 315.962493896484375 317.243743896484375 320.975006103515625 327.743743896484375 339.9375
333.693756103515625 333.3125 333.07501220703125 331.16876220703125 327.681243896484375 324.162506103515625 319.26251220703125 315.024993896484375 311.66876220703125 315.66876220703125 328.10626220703125 344.625 363.51251220703125 375.98126220703125 377.40625 374.54998779296875 372.84375 372.899993896484375 371.756256103515625 368.46875 366.54376220703125 364.41876220703125 362.962493896484375 358.087493896484375 354.850006103515625 350.3125 345.1875 340.17498779296875 336.54998779296875 337.39373779296875 339.881256103515625 341.73748779296875 341.59375 341.20001220703125 339.149993896484375 334.21875 327.412506103515625 323.431243896484375 321.14373779296875 319.58123779296875 319.181243896484375 320.58123779296875 325.274993896484375 331.774993896484375 341.04998779296875
332.09375 330.399993896484375 328.76873779296875 325.64373779296875 321.4375 315.412506103515625 309.818756103515625 302.875 297.131256103515625 298.79376220703125 313.13751220703125 335.76873779296875 359.36248779296875 374.193756103515625 375.693756103515625 372.368743896484375 368.13751220703125 366.73748779296875 364.350006103515625 360.23126220703125 357.29998779296875 356.07501220703125 354 349.162506103515625 346.28125 343.76251220703125 339.29376220703125 335.46875 333.16876220703125 334.42498779296875 338.07501220703125 340.13751220703125 341.162506103515625 341.13751220703125 338.95623779296875 333.212493896484375 329.818756103515625 325.181243896484375 321.21875 319.818756103515625 319.712493896484375 321.568756103515625 324.881256103515625 330.556243896484375 336.45623779296875
330.40625 328.15625 324.6875 320.8125 315.92498779296875 309.54376220703125 303.850006103515625 295.056243896484375 285.256256103515625 279.65625 298.806243896484375 332.875 357.4375 369.11248779296875 371.243743896484375 368.09375 363.01873779296875 360.23126220703125 356.53125 351.09375 348.3125 345.131256103515625 343.274993896484375 339.193756103515625 337.38751220703125 336.462493896484375 333.350006103515625 331.375 330.024993896484375 332.21875 336.01251220703125 338.65625 340.600006103515625 341.212493896484375 339.131256103515625 334.475006103515625 330.287506103515625 324.95623779296875 321.462493896484375 318.712493896484375 316.568756103515625 317.837493896484375 321.76251220703125 325.9375 329.59375
329.38751220703125 326.475006103515625 322.056243896484375 318.26873779296875 313.618743896484375 308.493743896484375 302.23748779296875 294.149993896484375 285.25 276.787506103515625 310.51873779296875 345.0625 360.79376220703125 367.443756103515625 368.07501220703125 364 357.381256103515625 354.368743896484375 350.29376220703125 343.98748779296875 339.48748779296875 334.587493896484375 331.59375 328.46875 327.63751220703125 328.32501220703125 326.125 325.45001220703125 325.743743896484375 329.537506103515625 333.243743896484375 335.375 337.70623779296875 339.350006103515625 337.631256103515625 333.57501220703125 328.193756103515625 323.53125 320.14373779296875 316.375 312.75 314.274993896484375 316.056243896484375 317.524993896484375 321.100006103515625
334.45001220703125 328.34375 324.01251220703125 319.587493896484375 315.17498779296875 310.350006103515625 304.84375 301.98748779296875 304.100006103515625 320.08123779296875 358.85626220703125 366.087493896484375 367.09375 368.524993896484375 367.26873779296875 362.09375 356.26251220703125 350.875 344.774993896484375 337.70623779296875 329.975006103515625 323.95001220703125 320.524993896484375 318.20623779296875 317.79998779296875 319.162506103515625 319.5 321.024993896484375 323.631256103515625 329.04998779296875 332.712493896484375 334.725006103515625 336.125 335.868743896484375 336.787506103515625 332.600006103515625 326.41876220703125 321.79376220703125 317.0625 311.318756103515625 307.375 307.443756103515625 307.70001220703125 309.76251220703125 312.875
340.868743896484375 333.59375 327.662506103515625 321.506256103515625 318.45001220703125 315.09375 312.006256103515625 313.943756103515625 322.11248779296875 339.0625 359.162506103515625 368.64373779296875 369.475006103515625 369.350006103515625 366.51251220703125 361.90625 355.92498779296875 349.662506103515625 340.337493896484375 330.837493896484375 319.212493896484375 312.412506103515625 308.40625 306.631256103515625 307.649993896484375 309.712493896484375 312.48748779296875 316.931243896484375 321.16876220703125 326.54998779296875 330 333.79376220703125 336.48748779296875 336.03125 334.1875 329.725006103515625 323.53125 318.11248779296875 312.306243896484375 305.5625 301.33123779296875 300.46875 299.36248779296875 300.38751220703125 303.57501220703125
