data/historical-monthly-weather-data/wc2.1_cruts4.09_10m_prec_2020-03.asc
ncols        45
nrows        45
xllcorner    -63.500000000000
yllcorner    -7.500000000000
cellsize     0.166666666667
NODATA_value -9999
[rows 0 to 19 of 45, columns 0 to 44 of 45]
174.806243896484375 173.4562530517578125 168.2375030517578125 167.34375 164.462493896484375 159.975006103515625 152.5625 145.3312530517578125 139.774993896484375 137.068756103515625 137.399993896484375 140.318756103515625 143.756256103515625 145.5812530517578125 149.71875 154.0749969482421875 160.306243896484375 163.225006103515625 168.25 172.8937530517578125 177.5124969482421875 181.1125030517578125 185.587493896484375 189.1750030517578125 194.7937469482421875 200.6374969482421875 207.8625030517578125 218.4562530517578125 228.21875 233.993743896484375 243.506256103515625 250.287506103515625 256.60626220703125 264.85626220703125 272.33123779296875 278.79376220703125 283.83123779296875 289.443756103515625 296.318756103515625 301.806243896484375 307.57501220703125 312.85626220703125 316.48126220703125 320.993743896484375 321.087493896484375
182.087493896484375 182.7624969482421875 183.662506103515625 185.28125 185.725006103515625 181.212493896484375 173.774993896484375 167.53125 164.212493896484375 161.9250030517578125 161.899993896484375 163.8937530517578125 166.399993896484375 168.1062469482421875 171.2687530517578125 175.100006103515625 180.34375 185.774993896484375 191.4375 197.162506103515625 201.8249969482421875 206.024993896484375 211.25 215.6062469482421875 220.5749969482421875 226.287506103515625 232.524993896484375 242.4562530517578125 250.524993896484375 255.1999969482421875 261.38751220703125 268.6875 272.36248779296875 280.368743896484375 284.5625 290.868743896484375 296.86248779296875 301.818756103515625 308.21875 313.037506103515625 319.29376220703125 324.01873779296875 327.162506103515625 330.79998779296875 331.71875
185.475006103515625 188.350006103515625 192.9562530517578125 197.7687530517578125 200.4187469482421875 198.1999969482421875 195.5 193.350006103515625 191.9187469482421875 191.40625 190.1125030517578125 190.5812530517578125 192.4375 193.787506103515625 196.21875 200.3000030517578125 204.7312469482421875 210.2624969482421875 215.1875 220.443756103515625 225.806243896484375 231.1374969482421875 235.6687469482421875 241 246.71875 251.1750030517578125 256.975006103515625 265.48126220703125 271.28125 273.59375 278.70623779296875 283.95001220703125 287.90625 292.431243896484375 298.743743896484375 302.399993896484375 308.318756103515625 314.95001220703125 321.08123779296875 327.462493896484375 333.6875 337.45623779296875 339.962493896484375 341.98748779296875 343.82501220703125
186.256256103515625 191.875 201.600006103515625 209.225006103515625 215.149993896484375 215.600006103515625 216.899993896484375 219.1999969482421875 221.7937469482421875 223.0250091552734375 221.3874969482421875 219.493743896484375 218.943756103515625 219.2375030517578125 221.662506103515625 225.131256103515625 230.568756103515625 236.2062530517578125 241.0124969482421875 245.399993896484375 252.0437469482421875 256.818756103515625 260.125 265.618743896484375 271.625 276.149993896484375 281.006256103515625 285.787506103515625 289.962493896484375 291.556243896484375 293 298.15625 300.868743896484375 304.381256103515625 309.268768310546875 314.818756103515625 321.118743896484375 327.92498779296875 336.09375 342.42498779296875 347.15625 351.32501220703125 353.64373779296875 354.20623779296875 355.256256103515625
192.212493896484375 197.5812530517578125 207.225006103515625 218.8562469482421875 228.243743896484375 231.962493896484375 235.4250030517578125 241.556243896484375 248.725006103515625 253.837493896484375 251.350006103515625 246.3000030517578125 244.524993896484375 245.7062530517578125 246.9375 250.9812469482421875 255.899993896484375 262.381256103515625 265.818756103515625 268.85626220703125 276.20623779296875 280.45001220703125 285.11248779296875 291.28125 296.92498779296875 301.625 303.20623779296875 306 311.13751220703125 308.681243896484375 309.524993896484375 310.600006103515625 314.818756103515625 318.73748779296875 322.931243896484375 328.868743896484375 334.787506103515625 341.01251220703125 350.53125 356.71875 363.04998779296875 365.162506103515625 366.3125 367.375 366.04376220703125
196.96875 203.6875 216.4375 227.5187530517578125 235.6999969482421875 240.9250030517578125 245.506256103515625 251.7687530517578125 260.42498779296875 268.1875 263.9375 259.04376220703125 259.225006103515625 260.256256103515625 262.89373779296875 267.41876220703125 273.306243896484375 280.225006103515625 285.693756103515625 289.15625 295.98748779296875 301.84375 307.34375 312.318756103515625 317.350006103515625 322.712493896484375 323.42498779296875 323.725006103515625 325.337493896484375 323.725006103515625 322.71875 323.78125 326 332.83123779296875 338.91876220703125 344.16876220703125 352.04376220703125 358.73126220703125 369.23126220703125 378.08123779296875 382.89373779296875 385.181243896484375 385.96875 385.9375 382.631256103515625
200.0437469482421875 207.056243896484375 220.5500030517578125 231.4875030517578125 239.1687469482421875 243.8874969482421875 248.256256103515625 252.056243896484375 255.9812469482421875 259.75 262.86248779296875 263.899993896484375 267.131256103515625 270.63751220703125 275.087493896484375 280.51251220703125 287.149993896484375 293.912506103515625 299.981231689453125 307.600006103515625 314.26873779296875 322.03125 327.875 332.79998779296875 337.9375 341.79998779296875 341.649993896484375 340.08123779296875 338 334.412506103515625 335.787506103515625 336.037506103515625 338.59375 343.48748779296875 350.4375 357.78125 365.04376220703125 372.774993896484375 388.01251220703125 396.32501220703125 398.493743896484375 401.118743896484375 401.70001220703125 401.537506103515625 399.806243896484375
200.3249969482421875 207.40625 220.3937530517578125 232.8562469482421875 243.024993896484375 247.5124969482421875 248.462493896484375 246.5437469482421875 243.993743896484375 247.743743896484375 257.506256103515625 265.125 273.07501220703125 279.95623779296875 285.71875 292.318756103515625 297.90625 304.412506103515625 312.20001220703125 321.54998779296875 330.86248779296875 340.07501220703125 347.774993896484375 352.149993896484375 358.82501220703125 360.743743896484375 357.58123779296875 354.16876220703125 349.21875 344.912506103515625 344.01873779296875 347.13751220703125 349 353.86248779296875 360.662506103515625 368.087493896484375 376.056243896484375 384.118743896484375 398.96875 407.51873779296875 411.493743896484375 413.95623779296875 414.57501220703125 414 410.3125
201.662506103515625 208.881256103515625 222.75 236.0812530517578125 246.375 250.649993896484375 251.0500030517578125 247.3125 238.90625 239.3125 253.600006103515625 265.36248779296875 276.57501220703125 283.91876220703125 291.462493896484375 299.493743896484375 305.96875 312.850006103515625 322.67498779296875 332.537506103515625 339.91876220703125 351.543731689453125 360.39373779296875 370.82501220703125 377.67498779296875 378.07501220703125 370.79998779296875 364.068756103515625 359.63751220703125 353.73748779296875 352.95623779296875 355.75 357.712493896484375 361.649993896484375 367.08123779296875 376.318756103515625 387.29998779296875 396.15625 411.11248779296875 420.0625 425.03125 427.15625 428.3125 427.21875 419.60626220703125
203.2062530517578125 210.6875 224.5500030517578125 238.3625030517578125 250.0437469482421875 255.212493896484375 257.181243896484375 255.3562469482421875 250.375 251.587493896484375 261.23126220703125 269.85626220703125 280.506256103515625 288.85626220703125 297.024993896484375 306.0625 314.29998779296875 321.524993896484375 330.64373779296875 340.443756103515625 348.54998779296875 361.42498779296875 374.86248779296875 389.587493896484375 394.5 394.024993896484375 385.36248779296875 376.17498779296875 368.493743896484375 360.70001220703125 358.243743896484375 362.46875 365.79376220703125 370.75 375.79376220703125 385.13751220703125 396.3125 407.381256103515625 423.212493896484375 434.506256103515625 441.368743896484375 444.068756103515625 442.087493896484375 435.36248779296875 427.631256103515625
204.725006103515625 212.868743896484375 226.6062469482421875 241.1875 254.5124969482421875 261.725006103515625 265.65625 265.568756103515625 264.09375 266.5625 272.64373779296875 279.693756103515625 287.45623779296875 296.0625 304.64373779296875 313.381256103515625 321.78125 329.225006103515625 336.85626220703125 346.23126220703125 357.26873779296875 371.53125 389.743743896484375 403.149993896484375 413.45001220703125 409.04376220703125 398.1875 389.931243896484375 379.73126220703125 369.20001220703125 367.118743896484375 369.48748779296875 372.10626220703125 376.76873779296875 382.475006103515625 391.92498779296875 403.36248779296875 415.662506103515625 432.524993896484375 446.98748779296875 455.243743896484375 455.787506103515625 450.86248779296875 442.118743896484375 432.4375
207.1875 216.0500030517578125 230.131256103515625 245.71875 258.98126220703125 268.181243896484375 274.712493896484375 277.10626220703125 277.399993896484375 279.39373779296875 283.9375 289.51873779296875 295.64373779296875 303.40625 314.087493896484375 322.83123779296875 328.787506103515625 334.82501220703125 342.006256103515625 350.13751220703125 359.04998779296875 375.193756103515625 397.63751220703125 418.51873779296875 426.45001220703125 414.76873779296875 402.23126220703125 393.76873779296875 387.399993896484375 381.131256103515625 375.318756103515625 374.712493896484375 375.82501220703125 379.037506103515625 383.46875 396.20001220703125 410.381256103515625 424.41876220703125 441.11248779296875 457.86248779296875 468.125 465.850006103515625 455.1875 437.875 422.131256103515625
209.756256103515625 218.9250030517578125 233.756256103515625 248.993743896484375 263.35626220703125 273.98748779296875 281.46875 286.537506103515625 287.712493896484375 291.03125 296.48748779296875 301.51873779296875 308.04376220703125 313.23748779296875 322.818756103515625 330.912506103515625 335.96875 342.10626220703125 349.600006103515625 355.40625 360.42498779296875 376.056243896484375 397.943756103515625 415.42498779296875 415.193756103515625 406.725006103515625 403.100006103515625 398.943756103515625 395.32501220703125 390.743743896484375 385.35626220703125 380.66876220703125 378.850006103515625 380.51873779296875 384.212493896484375 396.868743896484375 413.037506103515625 429.381256103515625 448.70001220703125 468.33123779296875 481.82501220703125 476.0625 453.71875 430.725006103515625 409.88751220703125
211.5437469482421875 221.6687469482421875 236.5812530517578125 252.0749969482421875 267.40625 277.32501220703125 286.787506103515625 295.037506103515625 299.15625 303.07501220703125 308.037506103515625 313.59375 319.26251220703125 326.006256103515625 331.17498779296875 338.95001220703125 343.506256103515625 348.649993896484375 355.100006103515625 361.8125 369.59375 381.95623779296875 397.318756103515625 407.20623779296875 407.875 405.875 404.63751220703125 402.537506103515625 400.243743896484375 396.65625 393.337493896484375 388.0625 381.95623779296875 379.5 381.79376220703125 396.78125 415.98126220703125 433.54998779296875 452.556243896484375 471.100006103515625 483.65625 469.881256103515625 449.67498779296875 431.243743896484375 412.475006103515625
214.5 224.1624908447265625 239.0500030517578125 255.59375 271.318756103515625 281.537506103515625 292.53125 302.61248779296875 307.45001220703125 312.16876220703125 318.3125 324.056243896484375 329.912506103515625 336.07501220703125 338.725006103515625 345.04376220703125 348.899993896484375 355.01873779296875 360.3125 366.412506103515625 374.949981689453125 384.931243896484375 395.70623779296875 403.443756103515625 407.78125 411.287506103515625 410.79998779296875 409.33123779296875 408.631256103515625 405.899993896484375 399.256256103515625 392.0625 385.51251220703125 377.131256103515625 375.274993896484375 393.64373779296875 416.53125 435.85626220703125 449.54376220703125 459.26873779296875 461.118743896484375 454.568756103515625 446.71875 432.5625 417.25
215.975006103515625 226.3249969482421875 241.6062469482421875 258.1875 274.350006103515625 286.6875 297.66876220703125 307.91876220703125 315.475006103515625 322.225006103515625 328.03125 334.96875 341.36248779296875 346.84375 349.41876220703125 351.962493896484375 354.53125 360.431243896484375 365.193756103515625 371.5625 378.51251220703125 386.056243896484375 394.625 401.73748779296875 407.462493896484375 413.91876220703125 415.42498779296875 416.375 418.51873779296875 415.70623779296875 410.212493896484375 401.350006103515625 390.443756103515625 380.98748779296875 376.54998779296875 402.556243896484375 424.443756103515625 435.71875 442.3125 447.375 447.45623779296875 445.23748779296875 440.92498779296875 431.556243896484375 418.556243896484375
217.975006103515625 229.256256103515625 243.756256103515625 260.64373779296875 277.61248779296875 290.32501220703125 303.243743896484375 314.46875 322.82501220703125 330.8125 337.20623779296875 345.45623779296875 352.931243896484375 357.368743896484375 360.993743896484375 361.306243896484375 359.568756103515625 362.993743896484375 368.86248779296875 374.39373779296875 380.287506103515625 387.0625 394.95001220703125 402.07501220703125 409.51251220703125 414.868743896484375 418.11248779296875 422.01873779296875 424.63751220703125 424.506256103515625 420.48126220703125 412.13751220703125 401.95001220703125 396.78125 406.63751220703125 429.35626220703125 440.73126220703125 442.78125 440.806243896484375 439.587493896484375 441.08123779296875 439.993743896484375 434.88751220703125 427.79376220703125 418.568756103515625
220.3249969482421875 231.9375 247.118743896484375 264.33123779296875 281.243743896484375 294.068756103515625 306.587493896484375 318.962493896484375 328.90625 337.868743896484375 346.125 356.399993896484375 363.07501220703125 368.850006103515625 371.337493896484375 369.76873779296875 367.26873779296875 362.850006103515625 371.375 376.306243896484375 382.88751220703125 387.899993896484375 393.024993896484375 399.34375 406.46875 414.975006103515625 417.61248779296875 424.212493896484375 430.568756103515625 431.256256103515625 426.1875 411.92498779296875 404.868743896484375 407.34375 425.04998779296875 458.931243896484375 455.82501220703125 446.4375 438.693756103515625 437.15625 434.61248779296875 432.8125 429.36248779296875 423.1875 414.712493896484375
222.1999969482421875 234.28125 249.037506103515625 266.149993896484375 283.837493896484375 297.95623779296875 311.20001220703125 324.024993896484375 334.54376220703125 344.71875 354.125 362.306243896484375 371.837493896484375 379.493743896484375 379.306243896484375 375.837493896484375 371.318756103515625 365.73126220703125 367.818756103515625 373.243743896484375 381.23126220703125 387.3125 385.868743896484375 392.631256103515625 401.29376220703125 411.36248779296875 417.20001220703125 423.056243896484375 431.4375 434.96875 432.29376220703125 413.95623779296875 400.71875 394.087493896484375 404.36248779296875 433.1875 437.899993896484375 435.975006103515625 434.587493896484375 432.10626220703125 430.5625 427.33123779296875 424.587493896484375 420.0625 412.493743896484375
221.6374969482421875 234.9499969482421875 249.662506103515625 266.75 284.95623779296875 300.73748779296875 315.162506103515625 328.84375 340.39373779296875 350.63751220703125 360.11248779296875 368.11248779296875 379.04998779296875 389.125 385.162506103515625 375.73126220703125 366.71875 366.23748779296875 365.943756103515625 369.443756103515625 372.756256103515625 374.65625 378.056243896484375 383.8125 392.375 401.71875 409.462493896484375 418.506256103515625 425.318756103515625 425.9375 420.243743896484375 406.4375 385.35626220703125 365.618743896484375 356.337493896484375 378.818756103515625 406.037506103515625 419.96875 426.29998779296875 428.45001220703125 427.056243896484375 423.774993896484375 422.087493896484375 418.875 413.0625
