data/historical-monthly-weather-data/wc2.1_cruts4.09_10m_prec_2014-02.asc
ncols        51
nrows        45
xllcorner    -63.500000000000
yllcorner    -7.500000000000
cellsize     0.166666666667
NODATA_value -9999
[rows 0 to 19 of 45, columns 0 to 44 of 51]
190.431243896484375 186.8562469482421875 180.7062530517578125 177.662506103515625 172.3312530517578125 170.306243896484375 166.6437530517578125 160.40625 153.9375 150.34375 150.3874969482421875 149.1062469482421875 147.0124969482421875 140.118743896484375 135.0437469482421875 130.3249969482421875 126.66249847412109375 120.9812469482421875 118.8000030517578125 117.36875152587890625 117.5812530517578125 118.09375 120.08750152587890625 122.8562469482421875 126.47499847412109375 130.8625030517578125 136.9562530517578125 143.725006103515625 151.1750030517578125 158.087493896484375 165.943756103515625 174.5500030517578125 182.5500030517578125 191.306243896484375 200.9250030517578125 208.9187469482421875 214.8937530517578125 220.1125030517578125 224.243743896484375 226.1750030517578125 229.2062530517578125 230.6750030517578125 230.131256103515625 232.662506103515625 231.962493896484375
200.087493896484375 196.7062530517578125 193.4812469482421875 189.537506103515625 186.5437469482421875 187.131256103515625 184.9499969482421875 183.350006103515625 180.881256103515625 177.65625 175.274993896484375 170.662506103515625 165.4187469482421875 158.5124969482421875 151.5500030517578125 144.6687469482421875 139.0625 133.975006103515625 131.087493896484375 128.8000030517578125 128.693756103515625 129.8312530517578125 131.943756103515625 134.649993896484375 137.5749969482421875 142 147.6125030517578125 154.5500030517578125 161.6125030517578125 168.912506103515625 176.125 185.899993896484375 194.8874969482421875 205.2312469482421875 214.8937530517578125 223.15625 229.9187469482421875 235.15625 239.0625 240.90625 243.4375 244.0749969482421875 242.587493896484375 243.6687469482421875 241.931243896484375
208.7312469482421875 205.8000030517578125 202.6687469482421875 199.806243896484375 198.443756103515625 200.1374969482421875 202.3625030517578125 205.618743896484375 206.9562530517578125 204.712493896484375 200.306243896484375 193.381256103515625 185.5812530517578125 176.5124969482421875 167.306243896484375 158.625 151.037506103515625 146.1437530517578125 142.587493896484375 140.09375 140.09375 142.2687530517578125 143.8562469482421875 146.2937469482421875 150.21875 153.5500030517578125 158.9875030517578125 165.962493896484375 171.8625030517578125 178.4562530517578125 186.7624969482421875 196.1062469482421875 206.225006103515625 215.818756103515625 226.9875030517578125 234.7624969482421875 242.8562469482421875 250.462493896484375 254 256.475006103515625 258.98126220703125 258.45623779296875 256.38751220703125 254.46875 252.7937469482421875
214.850006103515625 212.6125030517578125 211.462493896484375 209.8125 212.0812530517578125 214.493743896484375 220.1374969482421875 227.837493896484375 233.443756103515625 234.0437469482421875 228.0625 217.0437469482421875 204.8312530517578125 193.03125 182.493743896484375 172.350006103515625 163.5625 156.8937530517578125 153.46875 152.6750030517578125 153.568756103515625 155.118743896484375 155.96875 158.4250030517578125 161.5749969482421875 164.7624969482421875 170.71875 176.8937530517578125 182.274993896484375 189.3937530517578125 196.875 207.4375 216.912506103515625 227.4562530517578125 237.993743896484375 247.881256103515625 257.14373779296875 265.368743896484375 270.881256103515625 274.48748779296875 275.681243896484375 274.13751220703125 271.15625 267.21875 264.1875
225.8312530517578125 221.0187530517578125 217.7312469482421875 217.975006103515625 222 227.59375 234.7312469482421875 247.037506103515625 259.399993896484375 265.162506103515625 253.4875030517578125 236.693756103515625 223.0812530517578125 210.1374969482421875 197.1750030517578125 185.850006103515625 176.287506103515625 168.225006103515625 165.5124969482421875 165.431243896484375 166.9875030517578125 167.350006103515625 168.431243896484375 170.8625030517578125 173.287506103515625 176.46875 180.506256103515625 185.649993896484375 192.8000030517578125 200.3625030517578125 208.3937530517578125 217.412506103515625 228.4875030517578125 239.7312469482421875 250.600006103515625 261.60626220703125 273.024993896484375 283.16876220703125 289.73126220703125 292.76873779296875 294.943756103515625 291 285.537506103515625 280.331268310546875 274.1875
233.4187469482421875 230.068756103515625 225.59375 224.15625 227.568756103515625 235.1687469482421875 244.462493896484375 257.04998779296875 271.64373779296875 281.662506103515625 266.600006103515625 248.7624969482421875 235.381256103515625 223.25 211.0625 201.037506103515625 190.65625 182.881256103515625 180.8625030517578125 181.056243896484375 181.0812530517578125 181.0500030517578125 181.493743896484375 182.8125 184.068756103515625 187.243743896484375 191.587493896484375 196.1687469482421875 202.287506103515625 209.931243896484375 218.25 227.5500030517578125 237.8249969482421875 251.493743896484375 263.92498779296875 275.899993896484375 288.90625 300.54376220703125 309.618743896484375 313.899993896484375 314.368743896484375 309.21875 302.899993896484375 296.33123779296875 285.875
241.5562591552734375 238.193756103515625 234.4437408447265625 231.0812530517578125 233.1062469482421875 239 247.2687530517578125 255.9250030517578125 265.837493896484375 268.90625 263.59375 253.1875 242.9187469482421875 233.3125 223.9875030517578125 215.5812530517578125 208.181243896484375 203.412506103515625 200.9375 198.256256103515625 195.368743896484375 194.3312530517578125 192.8125 193.1750030517578125 195.8249969482421875 197.899993896484375 202.149993896484375 207.287506103515625 211.59375 218.6374969482421875 228.2687530517578125 237.899993896484375 249.5625 261.01251220703125 273.98748779296875 289.056243896484375 303.04376220703125 317.037506103515625 329.712493896484375 335.149993896484375 333.787506103515625 328.243743896484375 321.743743896484375 313.89373779296875 300.600006103515625
248.875 244.006256103515625 240.024993896484375 238.84375 240.0812530517578125 243.0500030517578125 246.5437469482421875 249.3249969482421875 251.5 253.618743896484375 256.23126220703125 254.368743896484375 249.368743896484375 241.806243896484375 234.9187469482421875 229.193756103515625 224.087493896484375 222.2624969482421875 221.149993896484375 214.7062530517578125 208.743743896484375 205.8000030517578125 203.3312530517578125 203.875 206.28125 208.1374969482421875 212.2687530517578125 216.5500030517578125 221.6437530517578125 228.649993896484375 236.881256103515625 247.5 259.399993896484375 272.006256103515625 284.98748779296875 299.899993896484375 315.26251220703125 330.181243896484375 342.975006103515625 350.65625 352.53125 348.3125 342.14373779296875 332.84375 319.96875
256.243743896484375 251.40625 247.2062530517578125 245.962493896484375 245.837493896484375 245.875 247.53125 247.1062469482421875 244.7312469482421875 246.0625 252.09375 255.337493896484375 253.8625030517578125 249.0749969482421875 243.318756103515625 239.4562530517578125 235.2687530517578125 232.6374969482421875 231.46875 223.875 216.2375030517578125 212.7937469482421875 210.6374969482421875 213.4375 216.0749969482421875 217.931243896484375 221.318756103515625 225.506256103515625 231.100006103515625 237.84375 246.5124969482421875 257.118743896484375 268.868743896484375 280.98126220703125 293.912506103515625 310.01873779296875 326.162506103515625 341.787506103515625 356.662506103515625 366.79376220703125 371.0625 369.0625 365.631256103515625 358.743743896484375 347.58123779296875
263.149993896484375 258.368743896484375 254.65625 252.256256103515625 250.75 249.6687469482421875 250.899993896484375 250.1875 250.7375030517578125 252.6875 257.875 259.38751220703125 260 255.850006103515625 251.6437530517578125 247.0749969482421875 242.4812469482421875 238.368743896484375 233.0124969482421875 226.3562469482421875 220.46875 218.0437469482421875 217.5812530517578125 222.7312469482421875 225.8249969482421875 227.4875030517578125 231.337493896484375 234.681243896484375 240.8937530517578125 247.8249969482421875 255.125 264.975006103515625 277.09375 290.524993896484375 304.350006103515625 320.51873779296875 337.274993896484375 352.46875 368.524993896484375 382.125 391.11248779296875 392.381256103515625 390.20623779296875 383.78125 375.350006103515625
268.756256103515625 263.818756103515625 260.024993896484375 257.17498779296875 254.6875 253.46875 254.1750030517578125 255.3000030517578125 257.66876220703125 260.981231689453125 266.26873779296875 268.25 267.51873779296875 263.42498779296875 259.056243896484375 254.087493896484375 248.1437530517578125 241.337493896484375 233.9250030517578125 227.4812469482421875 221.9562530517578125 220.537506103515625 223.1999969482421875 228.037506103515625 234.837493896484375 236.618743896484375 239.6374969482421875 244.006256103515625 249.118743896484375 255.3562469482421875 263.26873779296875 272.625 284.399993896484375 298.024993896484375 313.625 330.931243896484375 346.568756103515625 363.59375 380.96875 395.71875 407.587493896484375 410.82501220703125 411.462493896484375 407.6875 399.350006103515625
274.006256103515625 268.91876220703125 264.475006103515625 261.84375 259.850006103515625 258.83123779296875 259.649993896484375 262.71875 265.71875 269.78125 275.84375 279.20001220703125 277.01873779296875 271.91876220703125 267.09375 260.42498779296875 253.5124969482421875 244.5812530517578125 235.1750030517578125 227.068756103515625 221.1374969482421875 221.125 227.25 236.3874969482421875 243.4187469482421875 244.087493896484375 246.475006103515625 250.712493896484375 256.29998779296875 263.46875 271.17498779296875 279.475006103515625 291.381256103515625 304.625 319.85626220703125 337.6875 355.86248779296875 373.84375 392.524993896484375 409.243743896484375 423.625 427.412506103515625 425.85626220703125 419.60626220703125 409.375
275.95001220703125 271.70001220703125 268.20001220703125 265.524993896484375 264.73748779296875 264.631256103515625 266.524993896484375 269.350006103515625 272.54998779296875 278.212493896484375 284.225006103515625 288.212493896484375 286.15625 279.243743896484375 273.20001220703125 265.162506103515625 257.318756103515625 248.34375 239.1750030517578125 229.725006103515625 221.274993896484375 222.3562469482421875 230.368743896484375 239.649993896484375 244.899993896484375 246.524993896484375 251.368743896484375 256.618743896484375 262.412506103515625 269.79998779296875 277.59375 285.71875 296.087493896484375 309.48748779296875 324.85626220703125 342.375 360.76873779296875 381.537506103515625 402.45001220703125 421.32501220703125 439.149993896484375 442.131256103515625 435.662506103515625 426.16876220703125 412.60626220703125
276.506256103515625 272.79998779296875 269.95623779296875 268.09375 268.28125 268.75 271.9375 275.306243896484375 279.274993896484375 284.256256103515625 289.20623779296875 291.63751220703125 290 285.381256103515625 277.28125 269.5625 260.60626220703125 252.4875030517578125 243.5749969482421875 235.9562530517578125 230.7687530517578125 230.8937530517578125 235.5187530517578125 241.53125 246.006256103515625 248.7687530517578125 255.100006103515625 261.125 268 274.25 281.931243896484375 289.337493896484375 299.15625 312.393768310546875 327.149993896484375 345.574981689453125 366.48126220703125 389.118743896484375 413.443756103515625 434.181243896484375 449.75 446.76873779296875 441.71875 435.168731689453125 423.024993896484375
277.568756103515625 273.60626220703125 271.568756103515625 271.493743896484375 271.23748779296875 273.08123779296875 277.462493896484375 280.868743896484375 285.48126220703125 290.225006103515625 293.70623779296875 296.118743896484375 294.743743896484375 290.524993896484375 282.82501220703125 274.181243896484375 265.837493896484375 257.912506103515625 250.381256103515625 244.8312530517578125 241.350006103515625 240.2624969482421875 242.7937469482421875 247.2062530517578125 250.681243896484375 254.818756103515625 261.45001220703125 267.225006103515625 273.75 280.14373779296875 285.693756103515625 291.225006103515625 300.66876220703125 312.04998779296875 326.431243896484375 344.600006103515625 368.48126220703125 395.07501220703125 421.89373779296875 442.806243896484375 453.13751220703125 452.625 449.91876220703125 442.70623779296875 429.76873779296875
277.131256103515625 273.16876220703125 272.01251220703125 272.63751220703125 273.806243896484375 276.493743896484375 281.23126220703125 284.5625 289.918731689453125 295.850006103515625 299.70001220703125 302.29998779296875 301.443756103515625 296.76873779296875 288.70623779296875 277.98748779296875 270.92498779296875 264.91876220703125 259.018768310546875 254.6374969482421875 250.943756103515625 249.274993896484375 250.2937469482421875 254.6875 257.01873779296875 259.98126220703125 265.850006103515625 272.587493896484375 280.006256103515625 286.13751220703125 291.39373779296875 294.29998779296875 299.39373779296875 307.89373779296875 319.118743896484375 338.693756103515625 365.29998779296875 396.743743896484375 429.40625 452.212493896484375 462.39373779296875 459.193756103515625 453.95001220703125 445.912506103515625 431.57501220703125
274.01251220703125 271.67498779296875 271.100006103515625 272.46875 274.875 278.375 283.48126220703125 288.01251220703125 293.993743896484375 300.743743896484375 306.38751220703125 310.024993896484375 310.3125 306.256256103515625 297.25 285.88751220703125 276.475006103515625 270.15625 264.975006103515625 261.84375 259.54376220703125 257.962493896484375 257.73126220703125 261.5 264.26251220703125 264.993743896484375 269.32501220703125 277.118743896484375 285.95623779296875 293.375 297.48748779296875 298.306243896484375 299.26873779296875 300.568756103515625 309.29376220703125 328.60626220703125 356.600006103515625 395.931243896484375 439.78125 458.225006103515625 463.53125 459.100006103515625 451.037506103515625 442.306243896484375 430.625
268.912506103515625 267.79998779296875 269.256256103515625 272.125 275.17498779296875 279.4375 285.29998779296875 290.63751220703125 297.087493896484375 304 311.1875 317.78125 321.225006103515625 318.03125 309.037506103515625 297.39373779296875 284.07501220703125 273.381256103515625 269.67498779296875 266.556243896484375 266.943756103515625 265.537506103515625 263.66876220703125 265.66876220703125 268.13751220703125 269.568756103515625 273.01251220703125 282.125 292.5625 300.787506103515625 303.46875 297.287506103515625 294.46875 292.39373779296875 296.243743896484375 311.193756103515625 344.537506103515625 384.46875 424.756256103515625 446.181243896484375 451.75 448.04998779296875 442.39373779296875 436.493743896484375 426.96875
262.787506103515625 263.212493896484375 265.66876220703125 268.681243896484375 272.9375 279.243743896484375 285.149993896484375 291.98748779296875 299.78125 306.83123779296875 315.462493896484375 323.5 330.193756103515625 331.96875 321.181243896484375 305.42498779296875 289.899993896484375 276.368743896484375 270.09375 268.04998779296875 270.64373779296875 270.818756103515625 265.756256103515625 267.51873779296875 270.46875 273.98126220703125 279.681243896484375 288.78125 300.256256103515625 309.912506103515625 312.86248779296875 303.01251220703125 293.818756103515625 283.61248779296875 280.51251220703125 296.54998779296875 329.98126220703125 367.712493896484375 403.14373779296875 424.743743896484375 434.91876220703125 432.643768310546875 430.91876220703125 428.71875 421.537506103515625
256.95001220703125 257.350006103515625 260.51251220703125 264.36248779296875 270.20001220703125 277.75 285.40625 291.98126220703125 300.0625 307.725006103515625 316.024993896484375 325.59375 336.493743896484375 344.787506103515625 330.70001220703125 308.006256103515625 288.600006103515625 276.46875 269.67498779296875 267.33123779296875 267.118743896484375 265.89373779296875 265.76873779296875 268.125 271.84375 276.35626220703125 284.443756103515625 295.33123779296875 305.16876220703125 313.306243896484375 313.631256103515625 306.51251220703125 292.29998779296875 275.162506103515625 264.243743896484375 283.293731689453125 321.131256103515625 358.881256103515625 389.5625 410.287506103515625 419.287506103515625 417.79376220703125 421.51873779296875 423.35626220703125 418.712493896484375
