data/historical-monthly-weather-data/wc2.1_cruts4.09_10m_prec_1960-04.asc
ncols        51
nrows        45
xllcorner    -63.500000000000
yllcorner    -7.500000000000
cellsize     0.166666666667
NODATA_value -9999
[rows 20 to 39 of 45, columns 0 to 44 of 51]
241.131256103515625 257.32501220703125 271.36248779296875 284.8125 296.67498779296875 311.58123779296875 325.556243896484375 334.100006103515625 338.037506103515625 337.1875 333.212493896484375 327.212493896484375 321.54998779296875 317.875 311.01873779296875 306.274993896484375 303.868743896484375 306.381256103515625 312.08123779296875 316.09375 319.431243896484375 319.23748779296875 316.256256103515625 312.412506103515625 312.09375 310.84375 306.287506103515625 300.79998779296875 293.53125 287.51873779296875 277.625 267.962493896484375 250.743743896484375 231.818756103515625 216.0124969482421875 223.681243896484375 237.4875030517578125 246.4562530517578125 248.725006103515625 245.725006103515625 239.4875030517578125 236 229.024993896484375 224.162506103515625 221.15625
229.0812530517578125 242.850006103515625 257.975006103515625 276.48748779296875 292.256256103515625 305.524993896484375 319.96875 331.71875 336.368743896484375 332.79998779296875 323.76873779296875 311.21875 302.131256103515625 297.943756103515625 297.54376220703125 295.693756103515625 297.73748779296875 300.01873779296875 305.41876220703125 309.087493896484375 307.51873779296875 307.88751220703125 310.006256103515625 308.67498779296875 310.17498779296875 315.568756103515625 324.53125 318.01251220703125 308.78125 301.39373779296875 289.743743896484375 277 261.45001220703125 247.2687530517578125 238.306243896484375 238.8125 246.9812469482421875 252.9875030517578125 251.850006103515625 246.618743896484375 239.899993896484375 235.09375 228.131256103515625 222.4812469482421875 219.15625
218.2312469482421875 236.6875 253.381256103515625 271.71875 288.318756103515625 301.95623779296875 313.79998779296875 327.91876220703125 338.95623779296875 329.70001220703125 313.8125 296.100006103515625 283.912506103515625 281.36248779296875 284.943756103515625 288.46875 290.42498779296875 292.20623779296875 295.756256103515625 297.83123779296875 297.88751220703125 298.20623779296875 297.91876220703125 298.83123779296875 305.45623779296875 315.149993896484375 326.618743896484375 324.274993896484375 316.899993896484375 308.29376220703125 298.9375 288.681243896484375 279.149993896484375 269.443756103515625 263.587493896484375 259.375 260.743743896484375 262.225006103515625 257.625 248.5625 239.6750030517578125 232.9375 225.837493896484375 219.7687530517578125 216.96875
208.2937469482421875 226.3125 245.225006103515625 262.39373779296875 278.98126220703125 292.54376220703125 306.931243896484375 319.0625 327.475006103515625 317.76873779296875 301.89373779296875 287.225006103515625 270.556243896484375 271.881256103515625 277.649993896484375 281.443756103515625 283.087493896484375 287.28125 289.63751220703125 292.29998779296875 290.993743896484375 288.412506103515625 287.39373779296875 290.73748779296875 297.21875 302.53125 310.65625 316.65625 315.899993896484375 314.28125 310.35626220703125 306.649993896484375 300.20623779296875 291.375 285.63751220703125 279.337493896484375 276.662506103515625 271.493743896484375 261.868743896484375 249.3000030517578125 238.5500030517578125 230.1062469482421875 222.181243896484375 215.1437530517578125 214.3312530517578125
200.962493896484375 218.21875 236.243743896484375 255.0749969482421875 273.350006103515625 285.443756103515625 296.899993896484375 306.84375 309.818756103515625 306.29998779296875 294.793731689453125 281.64373779296875 274.10626220703125 270.45623779296875 273.07501220703125 276.20623779296875 280.256256103515625 284.256256103515625 286.90625 287.287506103515625 284.131256103515625 280.29376220703125 278.70623779296875 279.73748779296875 284.306243896484375 294.86248779296875 305.09375 312.21875 317.0625 323.73748779296875 326.256256103515625 327.54376220703125 323.07501220703125 313.881256103515625 304.76251220703125 293.20623779296875 285.693756103515625 274.98126220703125 263.087493896484375 250.3312530517578125 237.774993896484375 227.7937469482421875 219.9250030517578125 211.618743896484375 207.3562469482421875
200.1374969482421875 215.2312469482421875 229.0812530517578125 247.0749969482421875 263.537506103515625 274.84375 284.91876220703125 292.76251220703125 292.787506103515625 289.568756103515625 285.03125 279.75 274.82501220703125 273.100006103515625 273.100006103515625 277.01251220703125 280.087493896484375 283.693756103515625 284.837493896484375 282.79998779296875 280.79376220703125 274.537506103515625 269.53125 265.20001220703125 273.82501220703125 288.243743896484375 303.89373779296875 312.6875 322.63751220703125 331.11248779296875 340.850006103515625 348.399993896484375 345.806243896484375 332.524993896484375 317.98126220703125 303.431243896484375 291.45001220703125 278.412506103515625 264.16876220703125 250.3125 237.4375 226.037506103515625 216.3125 206.6750030517578125 204.3937530517578125
199.587493896484375 210.25 223.837493896484375 238.6374969482421875 251.6125030517578125 262.91876220703125 271.26251220703125 276.88751220703125 278.15625 281.11248779296875 281.850006103515625 278.818756103515625 276.756256103515625 276.537506103515625 277.381256103515625 280.149993896484375 282.46875 284.26251220703125 286.35626220703125 285.787506103515625 280.51251220703125 273.08123779296875 264.712493896484375 259.3125 271.38751220703125 284.9375 301.71875 312.28125 324.16876220703125 335.07501220703125 348.71875 360.162506103515625 360.76251220703125 344.33123779296875 326.95001220703125 309.725006103515625 295.475006103515625 281.01251220703125 265.006256103515625 250.587493896484375 236.193756103515625 225.975006103515625 216.100006103515625 207.78125 209.462493896484375
200.443756103515625 207.5124969482421875 218.381256103515625 230.0875091552734375 241.756256103515625 250.850006103515625 259.46875 263.850006103515625 268.399993896484375 273.412506103515625 274.631256103515625 275.943756103515625 276.45623779296875 279.09375 281.04376220703125 282.23126220703125 285.26251220703125 290.01873779296875 290.493743896484375 291.29998779296875 287.57501220703125 279.850006103515625 277.41876220703125 272.73126220703125 278.993743896484375 290.48748779296875 302.725006103515625 313.54376220703125 324.04998779296875 335.787506103515625 347.01251220703125 356.193756103515625 355.006256103515625 342.649993896484375 329.225006103515625 311.568756103515625 297.568756103515625 283.149993896484375 267.09375 251.743743896484375 237.6437530517578125 227.9187469482421875 218.7062530517578125 212.3312530517578125 219.662506103515625
199.912506103515625 204.8125 212.6875 222.350006103515625 231.1687469482421875 237.850006103515625 245.3000030517578125 253.162506103515625 260.98126220703125 265.993743896484375 270.85626220703125 274.100006103515625 276.08123779296875 280.443756103515625 285.118743896484375 289.92498779296875 293.98126220703125 295.681243896484375 298.59375 298.962493896484375 296.912506103515625 291.149993896484375 290.274993896484375 288.125 290.53125 298.756256103515625 308.475006103515625 316.51251220703125 324.662506103515625 334.13751220703125 340.6875 346.181243896484375 341.912506103515625 334.881256103515625 325.162506103515625 310.368743896484375 297.850006103515625 284.712493896484375 269.443756103515625 252.931243896484375 236.8249969482421875 227.962493896484375 220.962493896484375 221.681243896484375 229.818756103515625
202.3562469482421875 204.931243896484375 210.506256103515625 215.2937469482421875 222.2624969482421875 229.600006103515625 237.318756103515625 245.8562469482421875 253.399993896484375 259.45001220703125 266.63751220703125 271.61248779296875 278.274993896484375 284.51873779296875 289.743743896484375 294.181243896484375 298.662506103515625 304.5625 306.600006103515625 305.100006103515625 301.73126220703125 300.71875 302.46875 298.58123779296875 297.962493896484375 303.256256103515625 311.04376220703125 315.23126220703125 321.03125 327.475006103515625 332.04998779296875 333.556243896484375 330.11248779296875 326.14373779296875 319.881256103515625 307.57501220703125 297.54376220703125 286.26251220703125 270.98748779296875 257.806243896484375 245.306243896484375 238.8000030517578125 232.818756103515625 234.40625 238.25
203.568756103515625 203.5625 206.6437530517578125 210.131256103515625 215.6687469482421875 222.0749969482421875 230.2687530517578125 237.3562469482421875 245.34375 253.7562408447265625 262.51873779296875 270 280.068756103515625 286.29376220703125 293.09375 298.73126220703125 305.64373779296875 312.100006103515625 315.82501220703125 315.743743896484375 312.743743896484375 310.681243896484375 311.26251220703125 304.63751220703125 301.03125 308.38751220703125 310.70001220703125 313.975006103515625 316.881256103515625 319.4375 322.6875 323.287506103515625 321.881256103515625 318.931243896484375 313.381256103515625 303.912506103515625 293.256256103515625 283.95623779296875 273.51873779296875 262.431243896484375 252.037506103515625 246.6437530517578125 243.5812530517578125 242.9562530517578125 247.318756103515625
203.662506103515625 201.756256103515625 203.212493896484375 206.556243896484375 210 214.53125 222.118743896484375 228.524993896484375 236.850006103515625 245.6750030517578125 256.256256103515625 268.193756103515625 278.10626220703125 287.38751220703125 294.6875 301.79376220703125 306.625 313.943756103515625 317.631256103515625 322.11248779296875 320.73748779296875 319.29376220703125 317.83123779296875 311.399993896484375 310.29998779296875 312.23126220703125 310.82501220703125 312.39373779296875 311.6875 313.625 316.306243896484375 316.306243896484375 312.95623779296875 310.51251220703125 306.475006103515625 298.15625 290.16876220703125 280.54376220703125 271.649993896484375 262.431243896484375 257.3125 254.71875 252.6125030517578125 252.881256103515625 257.350006103515625
206.9875030517578125 203.1999969482421875 203.6374969482421875 204.787506103515625 207.46875 210.662506103515625 214.90625 220.912506103515625 228.306243896484375 238.381256103515625 252.3937530517578125 263.86248779296875 277.08123779296875 289.337493896484375 296.60626220703125 302.67498779296875 309.056243896484375 316.70001220703125 319.318756103515625 322.287506103515625 323.662506103515625 322.66876220703125 320.462493896484375 314.712493896484375 313.493743896484375 310.756256103515625 309.037506103515625 306.88751220703125 305.20623779296875 307.5625 308.20623779296875 306.82501220703125 303.45001220703125 301.85626220703125 298.9375 293.225006103515625 286.056243896484375 278.6875 270.26873779296875 268.10626220703125 263.70623779296875 261.92498779296875 262.01873779296875 264.20623779296875 269.287506103515625
209.493743896484375 206.0625 205.4875030517578125 204.725006103515625 204.806243896484375 207.850006103515625 210.8249969482421875 213.8625030517578125 220.462493896484375 230.25 242.7375030517578125 258.5625 274.662506103515625 286.45001220703125 295.162506103515625 300.79998779296875 308.04376220703125 315.26251220703125 318.931243896484375 321.88751220703125 323.118743896484375 322.9375 321.48126220703125 313.024993896484375 312.01251220703125 308.23748779296875 303.5 299.82501220703125 297.66876220703125 297.774993896484375 298.09375 298.3125 295.42498779296875 293.725006103515625 291.774993896484375 286.524993896484375 281.10626220703125 272.568756103515625 270.91876220703125 270.1875 266.91876220703125 267.70001220703125 269.79998779296875 273.506256103515625 279.79998779296875
210.6062469482421875 208.3000030517578125 207.4812469482421875 204.3874969482421875 202.5437469482421875 203.4499969482421875 204.5500030517578125 206.881256103515625 211.40625 219.068756103515625 233.568756103515625 252.9187469482421875 272.96875 289.431243896484375 297 302.681243896484375 307.51873779296875 311.568756103515625 317.53125 318.506256103515625 321.537506103515625 319.70001220703125 318.600006103515625 308.868743896484375 305.818756103515625 303.96875 298.73748779296875 292.568756103515625 289.83123779296875 290.9375 290.28125 290.70623779296875 286.899993896484375 286.056243896484375 283.493743896484375 278.350006103515625 272.056243896484375 271.181243896484375 271.08123779296875 270.73748779296875 268.943756103515625 271.23748779296875 274.912506103515625 278.86248779296875 282.78125
214.193756103515625 213.100006103515625 211.381256103515625 208.1437530517578125 205.0749969482421875 203.693756103515625 203.625 203.4812469482421875 204.6125030517578125 209.6750030517578125 221.8874969482421875 243.443756103515625 267.51873779296875 285.149993896484375 293.41876220703125 299.337493896484375 304.625 308.837493896484375 313.73748779296875 317.32501220703125 317.556243896484375 316.506256103515625 310.83123779296875 302.91876220703125 297.631256103515625 294.931243896484375 290.649993896484375 285.931243896484375 282.9375 282.73748779296875 282.475006103515625 281.6875 278.475006103515625 278.59375 275.381256103515625 269.037506103515625 268.975006103515625 269.274993896484375 268.756256103515625 269.693756103515625 270.76251220703125 272.756256103515625 275.443756103515625 279.71875 281.8125
218.287506103515625 218.2687530517578125 215.7062530517578125 212.6750030517578125 208.881256103515625 206.40625 205.0812530517578125 201.4562530517578125 198.524993896484375 198.8874969482421875 212.225006103515625 239 260.6875 275.86248779296875 286.756256103515625 293.84375 297.475006103515625 302.13751220703125 307.350006103515625 308.40625 308.625 306.225006103515625 300.5 293.65625 287.40625 284.26873779296875 281.681243896484375 278.39373779296875 275.149993896484375 274.23126220703125 275.15625 275.524993896484375 272.88751220703125 270.912506103515625 267.600006103515625 265.087493896484375 266.26873779296875 268.5 270.493743896484375 269.51251220703125 270.975006103515625 272.61248779296875 276.318756103515625 279.70623779296875 282.568756103515625
224.2624969482421875 222.71875 219.21875 216.662506103515625 212.75 209.96875 206.71875 201.381256103515625 198.5749969482421875 196.21875 214.100006103515625 239.6750030517578125 257.15625 270.381256103515625 280.03125 287.412506103515625 290.087493896484375 295.08123779296875 296.618743896484375 296 295.350006103515625 291.818756103515625 288.587493896484375 282.23126220703125 276.149993896484375 274.631256103515625 270.38751220703125 269.649993896484375 268.037506103515625 268.23126220703125 267.26873779296875 268.09375 267.631256103515625 265.07501220703125 260.20623779296875 262.48748779296875 264.5625 265.8125 270.087493896484375 270.46875 270.243743896484375 272.4375 273.587493896484375 275.306243896484375 278.993743896484375
227.2937469482421875 223.662506103515625 220.743743896484375 219.0625 216.8249969482421875 213.006256103515625 210.443756103515625 207.556243896484375 209.649993896484375 218.0187530517578125 236.037506103515625 249.568756103515625 258.131256103515625 268.45623779296875 276.568756103515625 281.04998779296875 283.681243896484375 286.350006103515625 284.32501220703125 284.29998779296875 281.78125 277.306243896484375 274.087493896484375 270.54998779296875 266.6875 263.4375 261.29998779296875 261.20623779296875 260.36248779296875 262.39373779296875 262.88751220703125 261.399993896484375 261.34375 261.256256103515625 262.36248779296875 262.28125 262.5 264.92498779296875 266.36248779296875 264.712493896484375 265.08123779296875 267.40625 267.1875 269.556243896484375 272.10626220703125
229.118743896484375 226.15625 223.993743896484375 222.975006103515625 221.337493896484375 219.306243896484375 216.068756103515625 217.40625 222.0749969482421875 230.15625 241.350006103515625 252.7375030517578125 259.5625 267.056243896484375 273.0625 275.91876220703125 277.600006103515625 278.5 274.556243896484375 271.618743896484375 267.087493896484375 264.54998779296875 258.46875 255.318756103515625 255.3125 253.881256103515625 253.306243896484375 254.243743896484375 254.5437469482421875 256.493743896484375 255.475006103515625 259.03125 262.16876220703125 262.875 264.70623779296875 264.287506103515625 263.556243896484375 264.962493896484375 264.32501220703125 260.21875 259.037506103515625 260.60626220703125 258.868743896484375 260.08123779296875 263.524993896484375
