data/historical-monthly-weather-data/wc2.1_cruts4.09_10m_prec_1958-07.asc
ncols        45
nrows        45
xllcorner    -63.500000000000
yllcorner    -7.500000000000
cellsize     0.166666666667
NODATA_value -9999
[rows 19 to 37 of 45, columns 0 to 42 of 45]
84.84999847412109375 83.72499847412109375 81.2312469482421875 78.78125 75.9499969482421875 76.13124847412109375 72.7312469482421875 71.15625 70.5749969482421875 68.1437530517578125 66.0437469482421875 64.47499847412109375 60.793750762939453125 57.206249237060546875 52.168750762939453125 46.737499237060546875 43.22499847412109375 46 42.78125 41.0625 38.15625 39.97499847412109375 43.65000152587890625 46.13124847412109375 46.74375152587890625 44.887500762939453125 44.84999847412109375 46.893749237060546875 47.25 47.59999847412109375 51.143749237060546875 58.049999237060546875 59.65625 60.69374847412109375 62.63124847412109375 66.91249847412109375 69.40000152587890625 70.3562469482421875 70.46875 67.59375 61.706249237060546875 56.52500152587890625 54.706249237060546875
76 79.3312530517578125 80.125 76.1125030517578125 72.0749969482421875 72.11875152587890625 70.0500030517578125 68.8249969482421875 67.6437530517578125 66.09999847412109375 63.41249847412109375 62.081249237060546875 59.68125152587890625 55.88124847412109375 51.11875152587890625 46.68125152587890625 43.9375 43.25 43.55625152587890625 40.456249237060546875 41.68125152587890625 43.27500152587890625 45.56874847412109375 48.53749847412109375 48.856250762939453125 46.331249237060546875 43.706249237060546875 45.21875 47.38124847412109375 49.19374847412109375 54.112499237060546875 59.09999847412109375 58.13124847412109375 59.44374847412109375 61.293750762939453125 64.3125 66.6875 66.13124847412109375 64.49375152587890625 61.4375 57.674999237060546875 54.96875 52.106250762939453125
73.0500030517578125 71.8125 73.65000152587890625 72.40000152587890625 70.1125030517578125 67.40000152587890625 65.90000152587890625 64.8125 64.4562530517578125 63.16249847412109375 61.875 59 56.331249237060546875 55.481250762939453125 53.018749237060546875 48.65000152587890625 47.22499847412109375 45.44374847412109375 44.74375152587890625 43.350002288818359375 42.262500762939453125 43.481250762939453125 45.69374847412109375 46.13124847412109375 45.174999237060546875 43.71875 45.200000762939453125 44.93125152587890625 48.59999847412109375 52.575000762939453125 55.549999237060546875 58.043750762939453125 57.41249847412109375 57.4375 57.393749237060546875 60.72499847412109375 62.625 62.325000762939453125 60.88124847412109375 58.53125 55.549999237060546875 53.450000762939453125 51.268749237060546875
69.99375152587890625 72.05625152587890625 72.15625 69.8625030517578125 67.0749969482421875 65.3562469482421875 60.80625152587890625 59.737499237060546875 60.362499237060546875 61.80625152587890625 61.450000762939453125 58.97499847412109375 58.02500152587890625 56.46250152587890625 55.112499237060546875 52.72499847412109375 49.11875152587890625 46.206249237060546875 44.700000762939453125 44.38124847412109375 45.58750152587890625 45.112499237060546875 45.46875 45.518749237060546875 45.987499237060546875 43.856250762939453125 43.581249237060546875 45.375 47.3125 50.075000762939453125 53.03125 56.331249237060546875 55.18125152587890625 53.56874847412109375 54.09375 55 57.393749237060546875 56.518749237060546875 56.668750762939453125 55.77500152587890625 53.668750762939453125 50.799999237060546875 49.03749847412109375
65.0749969482421875 69.0749969482421875 70.93125152587890625 68.03749847412109375 64.9812469482421875 62.143749237060546875 61.02500152587890625 58.93125152587890625 57.806247711181640625 57.22499847412109375 57.65625 59.46250152587890625 58.918750762939453125 58.58750152587890625 55.637500762939453125 53.168750762939453125 49.21250152587890625 48 46.174999237060546875 46.606250762939453125 46.09375 47.081249237060546875 47.03125 48.28125 48.06874847412109375 45.418750762939453125 46.075000762939453125 45.16249847412109375 46.0625 48.27500152587890625 51.16249847412109375 53.65625 51.44374847412109375 48.96250152587890625 50.44374847412109375 49.84999847412109375 52.143749237060546875 52.9375 53.075000762939453125 52.03749847412109375 50.75 48.43125152587890625 47.15625
62.27500152587890625 67.0625 69.72499847412109375 67.40625 64.59999847412109375 60.875 59.325000762939453125 57.53749847412109375 56.53749847412109375 57.237499237060546875 57.78749847412109375 56.68125152587890625 58.75624847412109375 58.293750762939453125 55.125 51.5 48.981250762939453125 48.38124847412109375 47.53125 47.16249847412109375 47.575000762939453125 47.88124847412109375 49.88124847412109375 49.731250762939453125 47.831249237060546875 47.59999847412109375 45.56874847412109375 44.5625 44.325000762939453125 46.1875 46.71250152587890625 47.487499237060546875 47.06874847412109375 45.3125 44.69374847412109375 45.52500152587890625 47.768749237060546875 47.90625 48.706249237060546875 48.581249237060546875 46.987499237060546875 45.93125152587890625 45.16249847412109375
62.91249847412109375 67.46250152587890625 66.49375152587890625 65.1750030517578125 62.22499847412109375 59.393749237060546875 57.674999237060546875 55.78749847412109375 54.268749237060546875 52.86875152587890625 55.887500762939453125 56.40625 56 56.356250762939453125 54.11875152587890625 51.418750762939453125 48.63124847412109375 48.043750762939453125 47.77500152587890625 46.99375152587890625 48.762500762939453125 49.53749847412109375 51.27500152587890625 51.13124847412109375 48.78125 46.74375152587890625 45.53749847412109375 43.637500762939453125 42.125 42.28125 42.418750762939453125 42.21250152587890625 40.924999237060546875 40.24375152587890625 40.99375152587890625 41.96250152587890625 43.518749237060546875 44.47499847412109375 45.09375 45.112499237060546875 45.075000762939453125 43.325000762939453125 42.27500152587890625
59.49375152587890625 61.393749237060546875 62.381252288818359375 61.893749237060546875 59.393749237060546875 57.581249237060546875 56.43125152587890625 54.375 51.987499237060546875 53.5625 55.55625152587890625 56.28125 56.53749847412109375 55.768749237060546875 53.174999237060546875 51.862499237060546875 49.31874847412109375 47.75 47.88124847412109375 47.893749237060546875 48.21875 49.30625152587890625 51.61875152587890625 52.700000762939453125 49.237499237060546875 45.47499847412109375 43.981250762939453125 42.59999847412109375 41.19374847412109375 39.50624847412109375 39.71250152587890625 37.8125 36.075000762939453125 37.200000762939453125 37.21875 38.793750762939453125 39.03749847412109375 39.950000762939453125 41.03125 41.77500152587890625 42.668750762939453125 41.72499847412109375 40.25
56.28749847412109375 55.831249237060546875 56.831249237060546875 57.91249847412109375 56.28749847412109375 55.174999237060546875 54.24375152587890625 52.36875152587890625 51.674999237060546875 52.549999237060546875 53.59375 53.799999237060546875 54.637500762939453125 54.643749237060546875 51.981250762939453125 50.08750152587890625 48.325000762939453125 47.375 46.143749237060546875 46.65000152587890625 48.34375 48.77500152587890625 48.94374847412109375 49.75 47.850002288818359375 44.581249237060546875 42.96250152587890625 41.549999237060546875 40.09999847412109375 39.168750762939453125 38.28749847412109375 37.1875 35.30625152587890625 34.25 34.237499237060546875 35.356250762939453125 35.44374847412109375 36.43125152587890625 37.825000762939453125 39.58750152587890625 40.41249847412109375 40.950000762939453125 38.793750762939453125
52.6875 52.174999237060546875 53.893749237060546875 52.762500762939453125 52.637500762939453125 51.03125 50 49.72499847412109375 49.28125 50.63124847412109375 51.331249237060546875 51.831249237060546875 53.09375 54.018749237060546875 51.793750762939453125 49.74375152587890625 48.65000152587890625 46.375 45.78125 46.081249237060546875 46.887500762939453125 47.174999237060546875 47.75624847412109375 47.362499237060546875 45.78749847412109375 43.299999237060546875 41.799999237060546875 40.44374847412109375 40.15000152587890625 39.106250762939453125 37.55625152587890625 36.450000762939453125 34.049999237060546875 32.293750762939453125 31.768749237060546875 32.518749237060546875 32.6875 33.4375 34.643749237060546875 35.375 37.112499237060546875 36.71250152587890625 35.86875152587890625
49.987499237060546875 50.94374847412109375 51.674999237060546875 50.799999237060546875 49.5625 48.65625 47.25 47.887500762939453125 48.456249237060546875 48.924999237060546875 49.6875 51.36875152587890625 52.606250762939453125 52.72499847412109375 51.00624847412109375 49.387500762939453125 47.668750762939453125 46.487499237060546875 45.125 44.6875 45.8125 45.83750152587890625 46.362499237060546875 45.08750152587890625 43.96875 42.225002288818359375 40.61875152587890625 39.674999237060546875 39.387500762939453125 37.924999237060546875 36.581249237060546875 35.012500762939453125 32.53125 30.850000381469726562 29.693750381469726562 29.793750762939453125 30.712499618530273438 30.575000762939453125 30.637500762939453125 31.375 33.03125 33.06874847412109375 32.40625
48.52500152587890625 49.106250762939453125 47.768749237060546875 48.56874847412109375 48.318752288818359375 47.80625152587890625 46.356250762939453125 45.94374847412109375 46.66249847412109375 47.487499237060546875 48.706249237060546875 49.84375 52.362499237060546875 51.4375 49.58750152587890625 48.737499237060546875 48.543750762939453125 45.793750762939453125 43.46875 43.981250762939453125 45.168750762939453125 45.09375 44.887500762939453125 42.9375 41.418750762939453125 41.21875 39.862499237060546875 38.31874847412109375 37.15625 36.28749847412109375 35.00624847412109375 33.90000152587890625 31.743749618530273438 30.100000381469726562 28.637500762939453125 27.887500762939453125 27.975000381469726562 28.368749618530273438 27.625 27.074998855590820312 27.918750762939453125 28.806249618530273438 28.4375
47.16249847412109375 45.75624847412109375 44.549999237060546875 44.49375152587890625 45.200000762939453125 45.34375 45.106250762939453125 44.40625 45.481250762939453125 45.674999237060546875 47.08750152587890625 49.34375 50.543750762939453125 51.71875 50.456249237060546875 49.387500762939453125 48.4375 45.731250762939453125 42.856250762939453125 43.33750152587890625 43.28125 43.40625 42.63124847412109375 40.825000762939453125 40.31874847412109375 39.15625 38.143749237060546875 37.518749237060546875 35.66249847412109375 34.77500152587890625 34.081249237060546875 32.793750762939453125 30.399999618530273438 28.725000381469726562 27.475000381469726562 26.268749237060546875 26.21875 24.956249237060546875 24.28125 24.424999237060546875 24.84375 24.918750762939453125 24.581249237060546875
46.643749237060546875 44.768749237060546875 42.950000762939453125 42.49375152587890625 43.16249847412109375 43.3125 43.65625 43.549999237060546875 43.375 45.018749237060546875 47.21250152587890625 48.081249237060546875 49.799999237060546875 51.8125 51.262500762939453125 49.41249847412109375 47.5 46.5 44.581249237060546875 44.36875152587890625 43.61875152587890625 42.53125 40.99375152587890625 39.887500762939453125 39.75624847412109375 38.38124847412109375 38 36.66249847412109375 35.68125152587890625 34.06874847412109375 32.93125152587890625 31.287500381469726562 28.625 27.106250762939453125 26.274999618530273438 25.606250762939453125 24.15625 22.856250762939453125 22.28125 22.825000762939453125 22.975000381469726562 23.11875152587890625 22.03125
46.125 44.34375 43.237499237060546875 42.668750762939453125 42.174999237060546875 41.11875152587890625 41.28749847412109375 40.47499847412109375 41.91249847412109375 42.53749847412109375 44.674999237060546875 46.950000762939453125 49.40000152587890625 50.53125 50.22499847412109375 48.418750762939453125 47.52500152587890625 46.15625 44.362499237060546875 43.65000152587890625 43.33750152587890625 41.25624847412109375 40.549999237060546875 39.706249237060546875 38.4375 36.987499237060546875 36.53125 36.09999847412109375 35.06874847412109375 33.49375152587890625 32.0625 30.049999237060546875 27.456249237060546875 26.243749618530273438 25.162500381469726562 23.96875 22.131250381469726562 21.043750762939453125 20.993749618530273438 20.987499237060546875 21.149999618530273438 21.4375 21.237499237060546875
45.93125152587890625 42.96250152587890625 42.893749237060546875 41.97499847412109375 41.78749847412109375 40.75624847412109375 39.78749847412109375 38.94374847412109375 38.706249237060546875 39.53125 42.09375 45.6875 49.924999237060546875 51.88124847412109375 50.331249237060546875 48.856250762939453125 47.66249847412109375 45.825000762939453125 44.731250762939453125 43.075000762939453125 42.52500152587890625 41.61875152587890625 40.206249237060546875 39.08750152587890625 37.6875 36.03125 35.61875152587890625 35.1875 34.112499237060546875 30.993749618530273438 29.518749237060546875 28.549999237060546875 26.581249237060546875 25.143749237060546875 23.456249237060546875 22.193750381469726562 20.918750762939453125 20.25 19.756250381469726562 19.225000381469726562 18.975000381469726562 18.768749237060546875 19.368749618530273438
45.012500762939453125 43.081249237060546875 43.4375 41.71875 41.174999237060546875 39.793750762939453125 38.918750762939453125 37.84999847412109375 37.34375 37.356250762939453125 39.68125152587890625 44.08750152587890625 49.55625152587890625 50.24375152587890625 50.02500152587890625 48.86875152587890625 48 45.75624847412109375 43.65625 42.325000762939453125 40.03749847412109375 40.174999237060546875 38.40000152587890625 37.043750762939453125 35.206249237060546875 34.956249237060546875 34.5625 34.137500762939453125 33 30.112499237060546875 28.456249237060546875 27.625 25.625 24.325000762939453125 22.806249618530273438 21.200000762939453125 20.237499237060546875 19.362499237060546875 19.287500381469726562 18.762500762939453125 17.96875 17.918750762939453125 17.600000381469726562
43.43125152587890625 42.75 42.606250762939453125 40.768749237060546875 40.15625 39.55625152587890625 38.5 37.21875 35.981250762939453125 34.512500762939453125 37.262500762939453125 42.40000152587890625 46.78125 47.81874847412109375 48.543750762939453125 48.02500152587890625 46.862499237060546875 44.206249237060546875 42.09999847412109375 40.950000762939453125 38.575000762939453125 37.27500152587890625 35.950000762939453125 35.356250762939453125 33.731250762939453125 33.143749237060546875 32.90625 32.231250762939453125 31.225000381469726562 29.393749237060546875 27.475000381469726562 25.924999237060546875 24.037500381469726562 22.881250381469726562 21.537500381469726562 19.850000381469726562 18.881250381469726562 18.731250762939453125 18.825000762939453125 18.012500762939453125 17.006250381469726562 16.887500762939453125 16.443750381469726562
41.00624847412109375 41.268749237060546875 40.1875 39.887500762939453125 39.36875152587890625 38.668750762939453125 37.75 36.43125152587890625 35.3125 33.28125 38.31874847412109375 42.831249237060546875 45.03125 46.200000762939453125 47.30625152587890625 47.05625152587890625 44.66249847412109375 43.487499237060546875 40.799999237060546875 39.418750762939453125 37.71875 35.99375152587890625 34 33.55625152587890625 32.69374847412109375 31.981248855590820312 31.387500762939453125 30.787500381469726562 29.943750381469726562 27.793750762939453125 24.918750762939453125 23.856250762939453125 22.206249237060546875 21.362499237060546875 19.700000762939453125 18.075000762939453125 18.006250381469726562 17.706249237060546875 17.6875 17.112499237060546875 16.25 16.487499237060546875 15.931249618530273438
