data/historical-monthly-weather-data/wc2.1_cruts4.09_10m_prec_1951-01.asc
ncols        51
nrows        45
xllcorner    -63.500000000000
yllcorner    -7.500000000000
cellsize     0.166666666667
NODATA_value -9999
[rows 20 to 39 of 45, columns 0 to 44 of 51]
283.61248779296875 280.412506103515625 281.493743896484375 284.9375 289.04376220703125 297.662506103515625 307.51873779296875 314.881256103515625 320.36248779296875 323.350006103515625 325.42498779296875 329.29376220703125 336.51873779296875 344.462493896484375 334.28125 313.76873779296875 298.76251220703125 288.993743896484375 285.88751220703125 282.03125 277.693756103515625 271.274993896484375 264.70623779296875 265.475006103515625 268.056243896484375 271.48126220703125 276.86248779296875 283.28125 289.243743896484375 294.65625 293.60626220703125 287.84375 277.131256103515625 265.649993896484375 255.8000030517578125 272.89373779296875 299.5 318.431243896484375 323.3125 316.8125 303.056243896484375 288.5625 278.162506103515625 270.193756103515625 265.10626220703125
284.618743896484375 279.95001220703125 281.193756103515625 286.29376220703125 293.243743896484375 302.88751220703125 313.08123779296875 323.04376220703125 328.70001220703125 326.98748779296875 322.931243896484375 317.5 315.83123779296875 317.91876220703125 314.86248779296875 305.42498779296875 298.38751220703125 291.66876220703125 287.29376220703125 283.67498779296875 276.399993896484375 270.118743896484375 265.67498779296875 267.256256103515625 270.618743896484375 275.32501220703125 283.631256103515625 288.41876220703125 291.40625 292.556243896484375 287.587493896484375 281.07501220703125 275.318756103515625 272.725006103515625 273.23748779296875 289.193756103515625 316.3125 338.67498779296875 343.006256103515625 332.587493896484375 315.40625 298.89373779296875 286.46875 276.73748779296875 270.287506103515625
285.98126220703125 281.350006103515625 280.868743896484375 286.037506103515625 295.0625 307.462493896484375 318.59375 329.8125 337.96875 330.8125 317.375 301.86248779296875 291.73748779296875 292.100006103515625 296.70001220703125 297.412506103515625 294.725006103515625 290.48748779296875 286.375 282.15625 275.59375 268.76873779296875 263.412506103515625 265.01251220703125 270.537506103515625 278.01251220703125 287.725006103515625 292.056243896484375 292.91876220703125 289.712493896484375 283.118743896484375 277.774993896484375 280.375 284.649993896484375 292.868743896484375 308.125 335.287506103515625 366.10626220703125 367.243743896484375 346.681243896484375 325.15625 307.73126220703125 291.86248779296875 280.6875 273.899993896484375
288.79998779296875 282.625 280.587493896484375 286.51251220703125 297.65625 309.806243896484375 321.88751220703125 332.66876220703125 337.962493896484375 327.225006103515625 309.9375 291.743743896484375 272.23748779296875 275.225006103515625 285.506256103515625 290.056243896484375 290.11248779296875 287.162506103515625 283.681243896484375 279.92498779296875 272.42498779296875 265.34375 259.993743896484375 261.443756103515625 268.35626220703125 276.368743896484375 287.70623779296875 291.524993896484375 292.20001220703125 291.024993896484375 287.35626220703125 285.625 290.96875 298.681243896484375 309.41876220703125 324.61248779296875 347.743743896484375 374.01873779296875 373.493743896484375 352.58123779296875 329.962493896484375 310.712493896484375 294.131256103515625 282.10626220703125 276.70001220703125
293.274993896484375 286.45623779296875 282.41876220703125 291.23748779296875 305.787506103515625 316.131256103515625 325.15625 332.54376220703125 332.725006103515625 323.837493896484375 309 293.04998779296875 279.67498779296875 278.350006103515625 283.25 287.5625 288.70001220703125 287.04376220703125 282.881256103515625 276.912506103515625 269.11248779296875 260.6875 254.7312469482421875 255.743743896484375 262.36248779296875 272.256256103515625 282.375 290.23126220703125 293.6875 296.337493896484375 296.899993896484375 299.506256103515625 304.787506103515625 313.32501220703125 323.981231689453125 335.20001220703125 351.98126220703125 364.087493896484375 361.98126220703125 348.10626220703125 328.33123779296875 309.931243896484375 293.743743896484375 283.149993896484375 276.08123779296875
304.5 301.38751220703125 298.89373779296875 306.64373779296875 316.32501220703125 324.274993896484375 329.78125 332.03125 329.4375 321.375 310.774993896484375 300.149993896484375 290.399993896484375 286.412506103515625 286.88751220703125 288.925018310546875 290.087493896484375 288.131256103515625 283.51251220703125 276.1875 268.1875 257.23126220703125 249.6374969482421875 248.475006103515625 256.149993896484375 267.98126220703125 281.037506103515625 290.524993896484375 297.58123779296875 300.962493896484375 307.024993896484375 313.181243896484375 320.28125 326.875 336.125 343.443756103515625 352.86248779296875 357.48748779296875 353.100006103515625 340.962493896484375 324.45001220703125 306.712493896484375 289.875 280.23126220703125 277.16876220703125
318.11248779296875 317.037506103515625 318.056243896484375 323.037506103515625 328.17498779296875 332.693756103515625 335.58123779296875 333.712493896484375 329.28125 323.54998779296875 315.59375 307.537506103515625 299.84375 295.181243896484375 293.40625 293.899993896484375 293.931243896484375 291.350006103515625 287.21875 278.431243896484375 268.068756103515625 257.82501220703125 246.868743896484375 244.4375 254.868743896484375 266.82501220703125 280.081268310546875 291.25 300.63751220703125 306.712493896484375 315.45001220703125 323.350006103515625 332.76251220703125 339.39373779296875 345.73748779296875 351.51251220703125 357.068756103515625 357.01873779296875 349.350006103515625 338.35626220703125 322.48748779296875 304.01251220703125 287.96875 279.10626220703125 283.98748779296875
334.75 334.16876220703125 336.9375 340.375 343.149993896484375 343.193756103515625 342.087493896484375 337.82501220703125 332.95001220703125 326.73126220703125 320.056243896484375 313.818756103515625 306.712493896484375 301.6875 299.243743896484375 298.868743896484375 297.8125 297.13751220703125 290.90625 283.15625 274.29376220703125 262.54376220703125 255.506256103515625 254.212493896484375 261.193756103515625 270.73126220703125 283.006256103515625 293.725006103515625 304.0625 313.09375 321.412506103515625 329.83123779296875 339.493743896484375 346.087493896484375 352.899993896484375 357.32501220703125 359.537506103515625 358.82501220703125 351.381256103515625 338.975006103515625 324.57501220703125 306.83123779296875 289.13751220703125 281.725006103515625 298.6875
348.89373779296875 350.4375 353.318756103515625 357.04376220703125 358.274993896484375 354.39373779296875 347.91876220703125 342.73748779296875 336.368743896484375 330.46875 324.90625 318.806243896484375 312.556243896484375 309.17498779296875 306.90625 306.73126220703125 307.65625 304.90625 299.29998779296875 291.475006103515625 282.037506103515625 271.16876220703125 264.83123779296875 264.90625 269.67498779296875 276.712493896484375 287.962493896484375 298.35626220703125 309.556243896484375 318.875 326.29376220703125 334.15625 343.82501220703125 352.48126220703125 360.412506103515625 363.337493896484375 365.73126220703125 364.375 357.29998779296875 344.787506103515625 328.256256103515625 311.837493896484375 298.881256103515625 298.712493896484375 317.33123779296875
356.493743896484375 358.931243896484375 363.91876220703125 369 369.087493896484375 361.16876220703125 351.78125 345.475006103515625 338.54376220703125 331.83123779296875 327.537506103515625 323.76251220703125 319.318756103515625 316.662506103515625 315.931243896484375 315.350006103515625 314.931243896484375 313.17498779296875 309.274993896484375 300.287506103515625 290.212493896484375 281.26873779296875 274.21875 273.806243896484375 277.92498779296875 284.10626220703125 293.743743896484375 303.17498779296875 313.78125 322.51873779296875 331.162506103515625 339.4375 348.600006103515625 359.20623779296875 367.54376220703125 371.41876220703125 373.65625 375.024993896484375 368.243743896484375 358.118743896484375 346.162506103515625 334.225006103515625 325.96875 327.368743896484375 336.76251220703125
359.787506103515625 363.20623779296875 366.537506103515625 371.768768310546875 373.556243896484375 361.943756103515625 352.83123779296875 345.34375 338.53125 333.11248779296875 330.21875 327.868743896484375 325.225006103515625 322.618743896484375 323 322.54376220703125 322.84375 322.04998779296875 318.462493896484375 309.806243896484375 298.899993896484375 289.056243896484375 282.98748779296875 282.212493896484375 284.9375 291.462493896484375 300.274993896484375 308.6875 319.225006103515625 327.33123779296875 336.32501220703125 345.29376220703125 354.556243896484375 365.662506103515625 374.95001220703125 379.78125 382.662506103515625 386.54376220703125 382.881256103515625 375.08123779296875 367.45001220703125 359.33123779296875 354.20623779296875 352.431243896484375 359.40625
358.63751220703125 361.662506103515625 363.67498779296875 366.175018310546875 365.381256103515625 356.61248779296875 350.48748779296875 342.681243896484375 336.818756103515625 332.35626220703125 330.35626220703125 329.40625 328.60626220703125 328.5625 329.70623779296875 329.306243896484375 327.79998779296875 326.29998779296875 321.48748779296875 314.524993896484375 303.78125 294.36248779296875 288.993743896484375 288.193756103515625 292.08123779296875 297.631256103515625 305.056243896484375 313.524993896484375 322.20001220703125 331.96875 341.274993896484375 350.568756103515625 360.98126220703125 372.76251220703125 383.162506103515625 388.21875 394.381256103515625 397.337493896484375 394.181243896484375 390.125 389.41876220703125 385.1875 382.693756103515625 385.181243896484375 392.162506103515625
350.01251220703125 352.48126220703125 354.48126220703125 355.6875 353.03125 346.10626220703125 339.475006103515625 333.29376220703125 327.4375 326.649993896484375 328.89373779296875 330.337493896484375 333.76251220703125 337.23126220703125 337.01873779296875 335.29376220703125 332.14373779296875 328.26251220703125 322.631256103515625 316.462493896484375 306.912506103515625 298.23748779296875 292.506256103515625 293.6875 297.01251220703125 302.537506103515625 309.368743896484375 315.743743896484375 324.181243896484375 336.225006103515625 346.125 355.04998779296875 367.08123779296875 380.60626220703125 391.25 398.524993896484375 405 409.412506103515625 406.75 409.756256103515625 411.54998779296875 411.131256103515625 413.11248779296875 420.11248779296875 435.17498779296875
339.3125 341.46875 342.662506103515625 343.3125 339.54376220703125 333.92498779296875 328.41876220703125 322.537506103515625 318.368743896484375 317.76873779296875 322.568756103515625 330.73126220703125 339.006256103515625 343.84375 343.21875 339.70623779296875 336.41876220703125 331.98748779296875 324.618743896484375 317.20623779296875 308.82501220703125 301.212493896484375 295.98748779296875 297.006256103515625 300.350006103515625 304.943756103515625 310.96875 318.193756103515625 327.48748779296875 338.89373779296875 350.88751220703125 361.48126220703125 374 389.01251220703125 401.10626220703125 409.087493896484375 415.46875 419.25 421.600006103515625 426.65625 430.0625 433.6875 440.04376220703125 450.506256103515625 467.91876220703125
330.42498779296875 331.087493896484375 331.743743896484375 330.63751220703125 327.6875 323.03125 316.76251220703125 311.068756103515625 305.40625 306.78125 316.225006103515625 329.318756103515625 344.381256103515625 353.006256103515625 351.03125 345.04998779296875 339.66876220703125 333.3125 325.59375 316.38751220703125 309.57501220703125 302.881256103515625 298.193756103515625 298.943756103515625 302.38751220703125 305.45623779296875 312.350006103515625 320.274993896484375 329.41876220703125 340.993743896484375 354.16876220703125 367.443756103515625 381.587493896484375 396.149993896484375 408.75 417.006256103515625 422.587493896484375 430.712493896484375 435.212493896484375 439.65625 445.131256103515625 449.61248779296875 458.193756103515625 469.20623779296875 483.11248779296875
322.681243896484375 322.04998779296875 321.556243896484375 319.58123779296875 316.36248779296875 310.243743896484375 304.39373779296875 297.10626220703125 290.09375 290.212493896484375 302.53125 322.337493896484375 342.79998779296875 354.618743896484375 353.618743896484375 348.056243896484375 341.15625 334.024993896484375 325.693756103515625 316.23126220703125 309.14373779296875 303.806243896484375 299.006256103515625 298.92498779296875 301.70001220703125 305.5 311.837493896484375 319.681243896484375 329.11248779296875 341.5 356.5 370.63751220703125 386.725006103515625 402.381256103515625 415.28125 421.79998779296875 430.837493896484375 437.306243896484375 439.40625 444.0625 450.087493896484375 456 463.618743896484375 474.42498779296875 484.1875
314.90625 313.693756103515625 311.537506103515625 309.01873779296875 305.45623779296875 299.95623779296875 295.068756103515625 286.98748779296875 277.056243896484375 271.100006103515625 288.993743896484375 320.82501220703125 343.16876220703125 353.006256103515625 353.600006103515625 349.13751220703125 342.32501220703125 334.537506103515625 325.59375 315.443756103515625 309.13751220703125 302.78125 298.59375 298.300018310546875 300.96875 305.09375 311.36248779296875 319.60626220703125 328.86248779296875 342.625 358.475006103515625 373.88751220703125 391.59375 408.54376220703125 421.918731689453125 428.875 435.725006103515625 440.149993896484375 442.73748779296875 445.54376220703125 448.756256103515625 454.64373779296875 464.056243896484375 473.61248779296875 480.743743896484375
307.587493896484375 305.73126220703125 302.899993896484375 300.70001220703125 297.67498779296875 294.29998779296875 289.837493896484375 283.412506103515625 275.33123779296875 267.5 300.41876220703125 333.60626220703125 348.412506103515625 354.40625 354.556243896484375 350.125 342.70623779296875 335.399993896484375 326.693756103515625 316.35626220703125 309.13751220703125 301.86248779296875 297.162506103515625 296.84375 299.34375 303.90625 309.64373779296875 317.65625 327.256256103515625 342.787506103515625 358.956268310546875 374.162506103515625 392.475006103515625 410.774993896484375 424.5625 431.26873779296875 435.36248779296875 439.58123779296875 442.17498779296875 443.54376220703125 444.70623779296875 451.556243896484375 458.57501220703125 464.86248779296875 472.256256103515625
305.087493896484375 300.70623779296875 298.306243896484375 295.88751220703125 293.475006103515625 290.912506103515625 287.693756103515625 286.85626220703125 290.212493896484375 306.868743896484375 345.46875 353.13751220703125 354.71875 356.662506103515625 355.693756103515625 350.881256103515625 344.912506103515625 336.45001220703125 326.931243896484375 316.85626220703125 307.38751220703125 299.79376220703125 295.193756103515625 294.91876220703125 296.98126220703125 301.23126220703125 307.70001220703125 316.04376220703125 326.162506103515625 342.17498779296875 357.21875 371.068756103515625 386.512481689453125 400.59375 415.725006103515625 421.54998779296875 424.09375 427.881256103515625 428.73126220703125 427.51873779296875 428.318756103515625 432.868743896484375 437.40625 444.162506103515625 450.274993896484375
303.54998779296875 298.556243896484375 295.162506103515625 291.53125 290.756256103515625 289.975006103515625 289.506256103515625 293.681243896484375 303.618743896484375 322.04376220703125 343.67498779296875 354.475006103515625 356.91876220703125 358.381256103515625 356.57501220703125 352.98748779296875 347.57501220703125 339.40625 327.975006103515625 316.63751220703125 304.17498779296875 296.524993896484375 291.92498779296875 291.51873779296875 294.10626220703125 298.125 305.243743896484375 314.568756103515625 324.45623779296875 338.993743896484375 352.350006103515625 366.60626220703125 381.412506103515625 393.006256103515625 402.71875 407.53125 409.631256103515625 412.024993896484375 411.54376220703125 409.225006103515625 409.66876220703125 412.60626220703125 414.868743896484375 419.649993896484375 425.118743896484375
