data/historical-monthly-weather-data/wc2.1_cruts4.09_10m_prec_1999-03.asc
ncols        51
nrows        45
xllcorner    -63.500000000000
yllcorner    -7.500000000000
cellsize     0.166666666667
NODATA_value -9999
[rows 20 to 39 of 45, columns 0 to 44 of 51]
235.3249969482421875 243.3125 251.34375 259.806243896484375 268.850006103515625 278.29998779296875 286.98748779296875 293.76251220703125 298.5625 299.868743896484375 298.537506103515625 296.806243896484375 295.475006103515625 295.48748779296875 286.318756103515625 272.1875 259.98126220703125 253.7687530517578125 251.3562469482421875 251.399993896484375 266.67498779296875 284.4375 300.92498779296875 318.056243896484375 336.23126220703125 354.39373779296875 366.537506103515625 377.42498779296875 387.381256103515625 391.506256103515625 388.45001220703125 379.743743896484375 365.162506103515625 345.556243896484375 327.068756103515625 358.024993896484375 401.193756103515625 429.631256103515625 448.693756103515625 460.412506103515625 467.48748779296875 470.306243896484375 470.26873779296875 470.71875 468.125
229.84375 238.6687469482421875 249.006256103515625 258.912506103515625 269.51873779296875 280.850006103515625 291.28125 300.149993896484375 305.26873779296875 303.600006103515625 297.23126220703125 290.95001220703125 285.5625 282.59375 275.975006103515625 267.006256103515625 259.04998779296875 253.149993896484375 249.037506103515625 247.006256103515625 255.875 267.39373779296875 281.98126220703125 297.625 315.774993896484375 336.03125 352.837493896484375 364.59375 374.63751220703125 377.881256103515625 374 366.11248779296875 355.76251220703125 345.09375 341.76873779296875 363.38751220703125 397.98748779296875 425.83123779296875 445.3125 455.893768310546875 461.96875 464.88751220703125 466.04376220703125 467.08123779296875 465.39373779296875
227.3625030517578125 237.743743896484375 248.28125 259.41876220703125 270.537506103515625 281.818756103515625 292.5625 304.837493896484375 312.79998779296875 306.60626220703125 295.412506103515625 282.943756103515625 272.962493896484375 269.431243896484375 266.71875 261.67498779296875 255.4499969482421875 249.8562469482421875 244.649993896484375 241.1125030517578125 245.8249969482421875 251.59375 260.01251220703125 274.381256103515625 294.225006103515625 316.42498779296875 334.725006103515625 349.056243896484375 359.71875 362.381256103515625 360.899993896484375 359.08123779296875 358.48126220703125 357.337493896484375 365.14373779296875 384.475006103515625 409.51873779296875 430.98748779296875 446.243743896484375 454.618743896484375 458.92498779296875 461.068756103515625 462.66876220703125 462.737518310546875 461.431243896484375
228.2937469482421875 238.118743896484375 249.0187530517578125 260.600006103515625 271.98126220703125 282.3125 293.70623779296875 305.350006103515625 311.443756103515625 303.100006103515625 289.54376220703125 276.89373779296875 263.33123779296875 260.756256103515625 260.5 257.59375 253.1687469482421875 247.7687530517578125 240.693756103515625 235.28125 236.7062530517578125 238.75 243.21875 255.412506103515625 271.91876220703125 292.212493896484375 311.318756103515625 329.068756103515625 343.29998779296875 350.86248779296875 355.70623779296875 358.899993896484375 363.774993896484375 369.92498779296875 382.100006103515625 402.587493896484375 423.36248779296875 436.60626220703125 445.95001220703125 452.29376220703125 456.256256103515625 456.59375 457.375 455.86248779296875 456.28125
234.0562591552734375 241.912506103515625 250.725006103515625 262.16876220703125 274.524993896484375 284.08123779296875 292.34375 300.04998779296875 302.318756103515625 296.86248779296875 287.524993896484375 275.556243896484375 266.45623779296875 262.181243896484375 259.01251220703125 256.556243896484375 252.0625 246.318756103515625 238.9812469482421875 230.8312530517578125 228.1062469482421875 226.587493896484375 226.8125 234.59375 250.09375 271.86248779296875 291 312.10626220703125 329.36248779296875 342.943756103515625 351.82501220703125 359.20001220703125 368.712493896484375 378.51873779296875 390.79376220703125 405.36248779296875 422.556243896484375 434.59375 442.306243896484375 450.11248779296875 454.20623779296875 453.181243896484375 450.51251220703125 451.33123779296875 445.587493896484375
243.6875 250.806243896484375 256.45623779296875 266.662506103515625 276.337493896484375 283.693756103515625 289.73748779296875 294.625 294.79376220703125 290.73126220703125 284.181243896484375 276.725006103515625 270.20001220703125 265.10626220703125 260.88751220703125 257.98126220703125 252.600006103515625 246.649993896484375 239.0500030517578125 228.40625 223.5437469482421875 217.0500030517578125 211.693756103515625 214.6875 230.4499969482421875 253.71875 276.756256103515625 298.0625 318.256256103515625 335.35626220703125 348.8125 361.243743896484375 373.9375 383.29998779296875 393.181243896484375 404.96875 418.76251220703125 430.04376220703125 438.91876220703125 446.162506103515625 451.193756103515625 448.28125 441.23126220703125 439.725006103515625 434.774993896484375
256.20623779296875 259.368743896484375 264.243743896484375 270.6875 277.131256103515625 282.475006103515625 286.037506103515625 288.65625 288.193756103515625 286.243743896484375 282.65625 277.26873779296875 272.149993896484375 267.899993896484375 264.13751220703125 260.42498779296875 256.625 249.725006103515625 241.28125 231.7375030517578125 223.7437591552734375 214.693756103515625 204.34375 204.2687530517578125 222.1062469482421875 243.9499969482421875 267.193756103515625 288.08123779296875 308.79376220703125 327.100006103515625 343.51873779296875 360.475006103515625 375.96875 383.35626220703125 390.837493896484375 401.84375 414.806243896484375 425.1875 434.631256103515625 443.087493896484375 446.45623779296875 441.32501220703125 431.73126220703125 426.681243896484375 431.649993896484375
270.17498779296875 270.712493896484375 273.08123779296875 276.51251220703125 278.806243896484375 281.524993896484375 284.86248779296875 286.024993896484375 285.256256103515625 283.899993896484375 280.774993896484375 276.625 273.09375 269.9375 266.64373779296875 263.14373779296875 260.118743896484375 255.399993896484375 247.6750030517578125 238.5500030517578125 229.84375 219.443756103515625 212.274993896484375 213.225006103515625 225.087493896484375 242.5 262.76873779296875 283.04376220703125 302.45001220703125 319.256256103515625 335.631256103515625 351.899993896484375 367.20001220703125 375.48748779296875 383.86248779296875 395.381256103515625 406.32501220703125 418.318756103515625 429.4375 440.59375 448.725006103515625 441.20623779296875 426.16876220703125 419.48748779296875 436.4375
283.024993896484375 281.73748779296875 281.537506103515625 281.20623779296875 282.462493896484375 282.96875 283.0625 283.256256103515625 282.85626220703125 281.36248779296875 279.76251220703125 276.8125 273.9375 271.962493896484375 270.256256103515625 268.493743896484375 267.39373779296875 263.524993896484375 257.462493896484375 249.3874969482421875 240.125 229.743743896484375 223.3000030517578125 223.4562530517578125 232.0500030517578125 244.15625 261.07501220703125 279.40625 297.23748779296875 313.024993896484375 327.037506103515625 341.274993896484375 355.712493896484375 365.962493896484375 375.76251220703125 387.46875 397.725006103515625 409.70623779296875 421.4375 432.306243896484375 445.375 437.33123779296875 422.318756103515625 425.3125 445.412506103515625
292.67498779296875 289.53125 286.88751220703125 284.4375 283.443756103515625 281.51251220703125 280.90625 280.462493896484375 280.20623779296875 278.899993896484375 277.9375 276.993743896484375 276.3125 275.54998779296875 274.70623779296875 273.899993896484375 273.337493896484375 273.962493896484375 269.681243896484375 259.73126220703125 249.681243896484375 240.0437469482421875 233.2062530517578125 233.7062530517578125 239.28125 248.943756103515625 263.45623779296875 278.743743896484375 293.6875 306.850006103515625 319.40625 330.91876220703125 343.46875 355.51873779296875 366.09375 376.649993896484375 386.54376220703125 398.61248779296875 405.068756103515625 414.131256103515625 426.3125 428.57501220703125 424.17498779296875 432.83123779296875 441.6875
299.193756103515625 294.21875 289.743743896484375 286.57501220703125 284.306243896484375 280.600006103515625 279.83123779296875 278.475006103515625 277.83123779296875 276.96875 276.712493896484375 276.32501220703125 276.98748779296875 276.70623779296875 277.13751220703125 278.006256103515625 280.26251220703125 281.91876220703125 281.08123779296875 270.71875 259.78125 248.9250030517578125 242.34375 242.037506103515625 245.399993896484375 253.9499969482421875 265.26251220703125 277.274993896484375 290.399993896484375 301.431243896484375 312.26873779296875 323.306243896484375 334.787506103515625 346.037506103515625 356.568756103515625 365.48126220703125 375.131256103515625 387.01251220703125 390.67498779296875 390.59375 403.57501220703125 416.15625 423.09375 432.4375 440.39373779296875
302.85626220703125 296.587493896484375 290.875 286.42498779296875 283.41876220703125 279.162506103515625 277.82501220703125 275.368743896484375 274.51873779296875 273.993743896484375 274.13751220703125 274.41876220703125 275.118743896484375 276.96875 279.20623779296875 281.662506103515625 282.41876220703125 283.86248779296875 283.131256103515625 276.556243896484375 265.618743896484375 256.212493896484375 248.4187469482421875 247.21875 251.243743896484375 257.006256103515625 265.431243896484375 276.38751220703125 286.26873779296875 296.412506103515625 306.39373779296875 316.23126220703125 325.681243896484375 335.90625 345.837493896484375 354.625 365.53125 375.6875 375.631256103515625 378.73126220703125 394.850006103515625 411.35626220703125 422.64373779296875 437.693756103515625 448.318756103515625
301.943756103515625 296.08123779296875 289.98126220703125 285.08123779296875 280.65625 277.23126220703125 274.337493896484375 271.14373779296875 269.38751220703125 269.83123779296875 272.79998779296875 272.86248779296875 274.681243896484375 278.875 281.412506103515625 283.41876220703125 283.60626220703125 285.149993896484375 283.41876220703125 278.45001220703125 270.53125 261.95623779296875 254.03125 253.3249969482421875 255.4562530517578125 259.118743896484375 265.931243896484375 274.92498779296875 284.41876220703125 293.08123779296875 301.88751220703125 310.631256103515625 319.26873779296875 327.868743896484375 335.36248779296875 345.64373779296875 356.118743896484375 364.45001220703125 365.54376220703125 375.95001220703125 390.78125 405.318756103515625 419.23748779296875 435.08123779296875 455.256256103515625
299.943756103515625 294.225006103515625 289.48126220703125 284.58123779296875 279.88751220703125 275.131256103515625 270.86248779296875 267.0625 264.84375 265.13751220703125 268.306243896484375 271.306243896484375 274.350006103515625 277.368743896484375 279.850006103515625 283.08123779296875 285.149993896484375 286 283.212493896484375 278.98126220703125 273.26251220703125 265.63751220703125 259.20623779296875 256.79376220703125 257.48126220703125 258.918731689453125 265.26873779296875 272.58123779296875 282.125 289.51873779296875 296.662506103515625 305.51251220703125 313.32501220703125 319.931243896484375 327.4375 337.01251220703125 346.15625 353.412506103515625 359.53125 369.95623779296875 381.368743896484375 394.4375 410.66876220703125 427.04376220703125 448.63751220703125
298.01251220703125 293.28125 288.98126220703125 283.712493896484375 277.34375 272.48748779296875 266.90625 263.024993896484375 259.23126220703125 258.4375 262.912506103515625 268.4375 273.868743896484375 277.649993896484375 281.59375 283.78125 286.01873779296875 286.32501220703125 283.712493896484375 279.73126220703125 275.20001220703125 268.0625 261.743743896484375 258.287506103515625 258.118743896484375 258.89373779296875 263.61248779296875 270.78125 278.16876220703125 285.649993896484375 293.462493896484375 301.60626220703125 307.5625 313.193756103515625 318.475006103515625 326.118743896484375 334.475006103515625 345.34375 352.431243896484375 360.556243896484375 370.01251220703125 379.587493896484375 393.36248779296875 408.256256103515625 424.037506103515625
297.006256103515625 291.88751220703125 286.993743896484375 281.54376220703125 275.38751220703125 269.556243896484375 264.118743896484375 258.024993896484375 252.274993896484375 251.0812530517578125 255.712493896484375 263.73126220703125 273.118743896484375 280.08123779296875 283.618743896484375 286.024993896484375 286.8125 286.524993896484375 284.868743896484375 281.91876220703125 277.037506103515625 269.868743896484375 263.09375 260.412506103515625 259.774993896484375 260.056243896484375 264.087493896484375 270.725006103515625 277.53125 284.65625 293.03125 300.625 304.09375 308.681243896484375 312.20623779296875 317.600006103515625 326.40625 335.337493896484375 339.65625 346.943756103515625 355.58123779296875 362.943756103515625 371.91876220703125 384.681243896484375 394.39373779296875
294.92498779296875 290.462493896484375 285.78125 279.98748779296875 274.42498779296875 268.91876220703125 262.524993896484375 255.7312469482421875 247.7624969482421875 242.2937469482421875 249.6750030517578125 264.493743896484375 276.0625 282.850006103515625 286.693756103515625 287.63751220703125 287.09375 286.26873779296875 285.07501220703125 280.73126220703125 276.33123779296875 269.58123779296875 263.40625 260.024993896484375 259.193756103515625 259.79998779296875 263.600006103515625 270.40625 276.51873779296875 284.243743896484375 292.350006103515625 299.625 302.774993896484375 305.756256103515625 307.09375 311.63751220703125 318.318756103515625 325.212493896484375 328.318756103515625 331.5 336.587493896484375 341.868743896484375 349.0625 358.443756103515625 365.53125
293.568756103515625 289.9375 284.82501220703125 279.54998779296875 275.0625 270.162506103515625 264.162506103515625 256.79376220703125 250.056243896484375 242.649993896484375 257.1875 273.57501220703125 282.087493896484375 287.89373779296875 289.33123779296875 289.350006103515625 286.693756103515625 284.98748779296875 282.48748779296875 277.318756103515625 271.73748779296875 265.850006103515625 261.59375 258.34375 257.90625 259.243743896484375 262.762481689453125 269.75 276.274993896484375 283.98126220703125 291.381256103515625 298.29376220703125 300.54376220703125 302.59375 302.11248779296875 306.01873779296875 310.4375 313.38751220703125 316.09375 318.506256103515625 319.431243896484375 323.681243896484375 327.318756103515625 330.693756103515625 336
291.850006103515625 288.756256103515625 284.82501220703125 280.53125 276.73748779296875 271.76251220703125 267.962493896484375 263.243743896484375 261.83123779296875 267.899993896484375 284.306243896484375 288.412506103515625 289.76873779296875 292.01251220703125 292.23748779296875 290.868743896484375 287.38751220703125 284.04376220703125 279.54376220703125 273.17498779296875 266.375 260.850006103515625 257.118743896484375 255.2937469482421875 255.818756103515625 258.38751220703125 263.043731689453125 269.712493896484375 276.943756103515625 284.88751220703125 293.337493896484375 299.462493896484375 301.256256103515625 303.712493896484375 306.493743896484375 307.774993896484375 309.368743896484375 311.818756103515625 311.850006103515625 311.54376220703125 311.36248779296875 315.23126220703125 317.306243896484375 320.32501220703125 323.693756103515625
290.712493896484375 288.39373779296875 285.306243896484375 281.32501220703125 278.850006103515625 276.73126220703125 273.42498779296875 273.037506103515625 274.818756103515625 280.462493896484375 289.0625 294.274993896484375 296.087493896484375 296.243743896484375 295.92498779296875 293.21875 288.943756103515625 283.76251220703125 276.73748779296875 269.625 261.818756103515625 256.07501220703125 251.4499969482421875 250.3937530517578125 252.868743896484375 256.70001220703125 261.78125 269.556243896484375 277.20623779296875 284.91876220703125 292.387481689453125 301.26251220703125 306.20623779296875 308.4375 311.050018310546875 311.57501220703125 310.25 310.09375 309.86248779296875 306.48748779296875 304.181243896484375 307.087493896484375 308.693756103515625 310.46875 313.631256103515625
