data/historical-monthly-weather-data/wc2.1_cruts4.09_10m_prec_1951-07.asc
ncols        51
nrows        45
xllcorner    -63.500000000000
yllcorner    -7.500000000000
cellsize     0.166666666667
NODATA_value -9999
[rows 0 to 18 of 45, columns 0 to 42 of 51]
201.6062469482421875 185.3562469482421875 181.9375 184.068756103515625 184.212493896484375 189.881256103515625 195.9499969482421875 199.743743896484375 207.65625 217.287506103515625 222.7937469482421875 226.5437469482421875 228.8125 234.318756103515625 239.3125 241.53125 243.1687469482421875 238.7375030517578125 236.0812530517578125 236.6062469482421875 237.537506103515625 232.25 228.318756103515625 223.34375 220.806243896484375 213.975006103515625 208.193756103515625 202.631256103515625 194.943756103515625 191.9875030517578125 181.5812530517578125 176.212493896484375 177.3625030517578125 175.068756103515625 172.618743896484375 169.618743896484375 163.587493896484375 166.181243896484375 160.899993896484375 156.943756103515625 158.693756103515625 161.1062469482421875 158.4562530517578125
193.4250030517578125 174.850006103515625 168.8625030517578125 168.6437530517578125 168.337493896484375 173.4250030517578125 178.4812469482421875 183.337493896484375 191.2624969482421875 198.46875 203.5625 206.1437530517578125 208.59375 212.0187530517578125 214.1125030517578125 216.475006103515625 217.287506103515625 214.225006103515625 213.037506103515625 212.287506103515625 206.9562530517578125 205.806243896484375 203.8874969482421875 203.96875 197.3000030517578125 192.9562530517578125 189.850006103515625 187.037506103515625 180.0187530517578125 174.537506103515625 169.7624969482421875 170.287506103515625 170.912506103515625 172.7375030517578125 171.8687591552734375 166.600006103515625 161.306243896484375 161.4375 155.75 153.756256103515625 157.0812530517578125 156.4499969482421875 155.162506103515625
180.0124969482421875 166.6999969482421875 162.443756103515625 158.131256103515625 154.09375 156.193756103515625 160.6374969482421875 167.118743896484375 174.65625 180.600006103515625 184.78125 185.399993896484375 189.162506103515625 188.8000030517578125 189.6125030517578125 190.600006103515625 192.0500030517578125 189.375 187.193756103515625 187.9812469482421875 183.7125091552734375 183.7312469482421875 183.75 183.2624969482421875 179.90625 174.3000030517578125 177.243743896484375 174.681243896484375 170.4187469482421875 167.412506103515625 163.9375 159.3125 161.3312530517578125 166.118743896484375 160.506256103515625 154.493743896484375 153.2312469482421875 155.375 149.318756103515625 147.962493896484375 150.149993896484375 150.6437530517578125 147.962493896484375
168.9562530517578125 154.462493896484375 151.4562530517578125 148.46875 141.71875 140.881256103515625 142.875 149.6999969482421875 158.25 164.243743896484375 164.4812469482421875 164.743743896484375 166.6750030517578125 169.5124969482421875 168.399993896484375 167.243743896484375 166.7687530517578125 165.4562530517578125 165.9562530517578125 170.6374969482421875 168.381256103515625 164.306243896484375 164.03125 165.8312530517578125 164.850006103515625 161.9562530517578125 162.4562530517578125 157.96875 158.0124969482421875 160.5812530517578125 158.443756103515625 153.931243896484375 151.568756103515625 150.4187469482421875 146.96875 149.149993896484375 150.350006103515625 146.337493896484375 142.8125 140.65625 144.8000030517578125 147.337493896484375 144.9499969482421875
174.9812469482421875 153.9812469482421875 138.9562530517578125 134.4187469482421875 131.0187530517578125 128.3249969482421875 130.381256103515625 135.068756103515625 141.350006103515625 145.1750030517578125 148.59375 147.818756103515625 149.193756103515625 150.5187530517578125 149.131256103515625 148.1999969482421875 146.9812469482421875 147.162506103515625 145.118743896484375 148.3625030517578125 149.1750030517578125 145.931243896484375 144.9187469482421875 151.125 150.3874969482421875 148.0625 147.21875 149.181243896484375 149.337493896484375 148.34375 148.681243896484375 147.625 148.09375 145.912506103515625 142.6687469482421875 139.65625 140.53125 140 135.662506103515625 135.3874969482421875 138.287506103515625 137.3125 138.475006103515625
166.537506103515625 151.03125 137.9499969482421875 119.40625 118.15625 123.8625030517578125 125.25 127.74375152587890625 134.46875 137.1687469482421875 138.3625030517578125 138.3000030517578125 139.6999969482421875 137.3125 137.8312530517578125 136.7624969482421875 133.4812469482421875 130.71875 130.65625 134.1687469482421875 134.90625 134.243743896484375 135.8249969482421875 137.1687469482421875 139.756256103515625 139.818756103515625 139.662506103515625 141.006256103515625 140.3000030517578125 139.725006103515625 140.0749969482421875 142.59375 140.8937530517578125 141.181243896484375 136.681243896484375 135.1750030517578125 130.2687530517578125 129.850006103515625 130.3625030517578125 132.5 130.15625 131.5187530517578125 130.8000030517578125
160.03125 145.8625030517578125 134.274993896484375 122.2624969482421875 112.875 110.7375030517578125 115.47499847412109375 120.31874847412109375 123.9187469482421875 127.50624847412109375 129.9499969482421875 127.46875 129.943756103515625 128.787506103515625 126.71250152587890625 126.5187530517578125 125.06874847412109375 119.3625030517578125 115.46875 120.5812530517578125 121.52500152587890625 121.40000152587890625 122.34375 126.8249969482421875 129.475006103515625 132.75 135.931243896484375 133.5437469482421875 131.3312530517578125 134.556243896484375 134.0749969482421875 132.21875 130.5124969482421875 132.625 132.15625 128.618743896484375 123.41249847412109375 121.19374847412109375 122.9812469482421875 126.0812530517578125 123.40000152587890625 121.99375152587890625 122.78749847412109375
156.1687469482421875 140.212493896484375 130.6687469482421875 121.65000152587890625 114.40000152587890625 116.15625 113.71250152587890625 108.3000030517578125 109.15625 112.7624969482421875 115.84999847412109375 117.2062530517578125 118.8874969482421875 117.6062469482421875 117.2937469482421875 116.50624847412109375 113.84375 109.0625 105.65000152587890625 104.75624847412109375 109.8874969482421875 112.8125 113.58750152587890625 118.09375 123.34999847412109375 123.8249969482421875 126.53125 123.5437469482421875 124.96250152587890625 124.7062530517578125 128.100006103515625 126.63124847412109375 126.0437469482421875 124.77500152587890625 122.61875152587890625 117.47499847412109375 113.2375030517578125 111.49375152587890625 110.53749847412109375 110.375 109.56874847412109375 110.4375 110.6999969482421875
151.181243896484375 136.8312530517578125 127.0124969482421875 120.59375 115.2624969482421875 114.31874847412109375 113.00624847412109375 110.91249847412109375 108.3937530517578125 105.61875152587890625 106.46250152587890625 106.1687469482421875 111.56874847412109375 110.44374847412109375 109.2312469482421875 107.46875 106.3249969482421875 105.00624847412109375 105.6687469482421875 100.8249969482421875 101.72499847412109375 107.8125 109.44374847412109375 115.58750152587890625 119.9812469482421875 117.7624969482421875 117.1437530517578125 120.25624847412109375 122.16249847412109375 120.84375 124.59999847412109375 120.13124847412109375 114.44374847412109375 111.21875 110.2687530517578125 110.41249847412109375 109.2312469482421875 108.7062530517578125 105.7687530517578125 103.03125 101.15625 100.83750152587890625 101.625
144.09375 132.1125030517578125 124.71875 119.1125030517578125 114.3249969482421875 114.90000152587890625 113.2375030517578125 111.21250152587890625 110.27500152587890625 109.90625 107.03749847412109375 102.65000152587890625 105.55625152587890625 105.8125 104.34375 102.9875030517578125 99.4875030517578125 101.4187469482421875 103.03125 102.0437469482421875 102.69374847412109375 102.71875 102.72499847412109375 108.7062530517578125 111.90000152587890625 114.2624969482421875 113.38124847412109375 115 114.8249969482421875 114.2624969482421875 115.59375 111.25624847412109375 108.13124847412109375 104.50624847412109375 101.90625 102.8874969482421875 102.875 102.8000030517578125 100.44374847412109375 100.30625152587890625 100.15000152587890625 98.0437469482421875 94.65625
140.212493896484375 129.5625 122.30625152587890625 118.15000152587890625 113.46250152587890625 113.9812469482421875 112.94374847412109375 108.4499969482421875 105.46250152587890625 105.28749847412109375 105.25624847412109375 102.93125152587890625 99.3249969482421875 100.53125 96.7312469482421875 94.33750152587890625 93.5124969482421875 95.8312530517578125 97.83750152587890625 101.74375152587890625 105.99375152587890625 105.09375 101.2937469482421875 98.7687530517578125 106.66249847412109375 115.08750152587890625 114.74375152587890625 113.4812469482421875 108.9812469482421875 108.0625 107.52500152587890625 106.31874847412109375 104.0625 99.5187530517578125 98.1875 97.68125152587890625 97.69374847412109375 95.18125152587890625 97.49375152587890625 96.1125030517578125 93.46250152587890625 90.66249847412109375 89.6875
137.0187530517578125 125.96250152587890625 119.78125 116.46250152587890625 112.96250152587890625 113.5 113.3312530517578125 109.1125030517578125 104.625 101.24375152587890625 99.96875 99.6125030517578125 93.6999969482421875 92.1125030517578125 92.03749847412109375 88.30625152587890625 87.61875152587890625 90.1125030517578125 92.93125152587890625 98.65625 106.6875 108.08750152587890625 108.1999969482421875 103.53125 104.71250152587890625 103.875 103.8125 104.96250152587890625 102.8874969482421875 101.09375 97.7312469482421875 96.5500030517578125 95.72499847412109375 93.74375152587890625 93.8312530517578125 94.6687469482421875 93.1999969482421875 93.68125152587890625 90.36875152587890625 89.31874847412109375 86.3125 85.5124969482421875 80.80625152587890625
129.837493896484375 121.9187469482421875 117.6125030517578125 113.15000152587890625 108.8937530517578125 109.5812530517578125 108.09999847412109375 103.2624969482421875 99.55625152587890625 98.53749847412109375 98.03749847412109375 94.84375 92.18125152587890625 84.0812530517578125 81.3625030517578125 81.9562530517578125 81.61875152587890625 85.11875152587890625 88.54375457763671875 92.65625 98.99375152587890625 101.4562530517578125 104.3000030517578125 101.78125 97.46875 96.56874847412109375 97.27500152587890625 98.63124847412109375 97.1999969482421875 94.3625030517578125 90.8125 86.9250030517578125 87.90000152587890625 87.03749847412109375 86.8562469482421875 88.40625 90.31874847412109375 92.84999847412109375 93.53749847412109375 88.40000152587890625 82.1374969482421875 79.15625 72.03125
124.02500152587890625 116.6374969482421875 113.03749847412109375 108.46250152587890625 103.9375 102.9499969482421875 100.97499847412109375 97.21875 96.78749847412109375 94.3937530517578125 93.31874847412109375 90.2937469482421875 85.0124969482421875 78.97499847412109375 71.77500152587890625 74.0124969482421875 73.3937530517578125 77.56874847412109375 80.2062530517578125 84.84375 90.11875152587890625 94.80625152587890625 98.38124847412109375 97.8125 94.08750152587890625 91.86875152587890625 90.63124847412109375 88.8125 87.1437530517578125 84.8562469482421875 85.00624847412109375 82.66249847412109375 80.77500152587890625 79.99375152587890625 80.34375 84.81874847412109375 90.1875 95.6125030517578125 98.15000152587890625 92.15625 78.5187530517578125 70.875 70.16249847412109375
119.27500152587890625 110.8874969482421875 106.41249847412109375 102.8562469482421875 97.66249847412109375 95.77500152587890625 96.0124969482421875 92.49375152587890625 90.90000152587890625 88.72499847412109375 87.25 83.0812530517578125 79.02500152587890625 74.5124969482421875 65.46875 65.27500152587890625 65.4812469482421875 68.93125152587890625 72.02500152587890625 77.03125 83.88124847412109375 88.55625152587890625 92.6374969482421875 94.69374847412109375 94.1062469482421875 92.9812469482421875 90.8874969482421875 87.2375030517578125 85.7937469482421875 84.27500152587890625 80.25 78.8249969482421875 80.03749847412109375 77.8312530517578125 74.36875152587890625 77.53125 87.3562469482421875 97.58750152587890625 100.8312530517578125 93.77500152587890625 84.75 79.2624969482421875 83.03125
111.83750152587890625 104.3562469482421875 100.69374847412109375 96.21875 92.02500152587890625 91.9812469482421875 89.31874847412109375 86.36875152587890625 85.1875 84.5749969482421875 82.0124969482421875 78.18125152587890625 74.3562469482421875 69.9375 63.112499237060546875 54.94374847412109375 56.799999237060546875 61.200000762939453125 63.88124847412109375 69.03749847412109375 75.09999847412109375 81.9499969482421875 87.88124847412109375 94.21875 95.2624969482421875 93.5437469482421875 89.16249847412109375 83.3625030517578125 81.96875 80.8625030517578125 81.78125 77.0625 73.96875 70.8937530517578125 68.6374969482421875 78.16249847412109375 86.1374969482421875 94.74375152587890625 100.1875 100.21875 95.56874847412109375 91.09999847412109375 88.25
104.7624969482421875 98.03749847412109375 95.1374969482421875 91.8874969482421875 88.6125030517578125 86.1687469482421875 84.875 82.31874847412109375 81.27500152587890625 80.57500457763671875 78.53125 73.77500152587890625 68.9375 65.69374847412109375 63.41249847412109375 57.84375 52.28749847412109375 53.581249237060546875 59.06874847412109375 63.55625152587890625 69.1875 76.5 85.31874847412109375 93.71875 97.71250152587890625 89.9375 82.09999847412109375 76.9812469482421875 77.2375030517578125 78.49375152587890625 79.7624969482421875 79.97499847412109375 76.3125 73.71250152587890625 78.90625 84.08750152587890625 93.8249969482421875 106.00624847412109375 113.5625 104.43125152587890625 96.9499969482421875 90.84999847412109375 84.2062530517578125
97.2937469482421875 92.21875 88.4562530517578125 86.1875 82.88124847412109375 79.72499847412109375 77.88124847412109375 76.34999847412109375 75.625 73.19374847412109375 71.7624969482421875 69.40625 65.3562469482421875 62.40000152587890625 61.65625 59.25 54.68125152587890625 49.25 55.356250762939453125 58.987499237060546875 64.25624847412109375 70.8937530517578125 81.94374847412109375 89.00624847412109375 91.63124847412109375 83.90000152587890625 75.90000152587890625 72.68125152587890625 73.72499847412109375 73.33750152587890625 70.93125152587890625 70.3562469482421875 79.6687469482421875 82.56874847412109375 81.3937530517578125 90.15000152587890625 102.0625 109.3000030517578125 112.125 105.36249542236328125 92.7375030517578125 86.40625 80.0749969482421875
90.27500152587890625 85.4375 81.0187530517578125 78.15625 76.0124969482421875 74.00624847412109375 71.3625030517578125 70.65000152587890625 70.8000030517578125 69.1875 67.88124847412109375 64.2312469482421875 61.46250152587890625 60.02500152587890625 57.450000762939453125 56.91249847412109375 54.86875152587890625 51.4375 49.737499237060546875 52.018749237060546875 59.768749237060546875 70.9562530517578125 69.24375152587890625 76.8249969482421875 80.0187530517578125 79.11875152587890625 74.22499847412109375 69.83750152587890625 71.0124969482421875 71.6999969482421875 71.00624847412109375 72.07500457763671875 78.3562469482421875 79.1750030517578125 80.4812469482421875 87.34999847412109375 93.0124969482421875 97.18125152587890625 100.40625 93.21875 86.22499847412109375 79.02500152587890625 74.44374847412109375
