data/historical-monthly-weather-data/wc2.1_cruts4.09_10m_prec_1980-06.asc
ncols        51
nrows        45
xllcorner    -63.500000000000
yllcorner    -7.500000000000
cellsize     0.166666666667
NODATA_value -9999
[rows 19 to 37 of 45, columns 0 to 43 of 51]
184.90625 188.787506103515625 189.34375 187.475006103515625 188.681243896484375 192.475006103515625 190.625 186 186.3000030517578125 183.4375 178.65625 173.21875 165.431243896484375 156.837493896484375 148.618743896484375 133.6750030517578125 124.21250152587890625 125.30625152587890625 118.0812530517578125 118.75 111.58750152587890625 115.56874847412109375 126.81874847412109375 131.59375 129.65625 128.399993896484375 128.4812469482421875 136.3625030517578125 133.662506103515625 129.462493896484375 129.3249969482421875 142.787506103515625 145.9250030517578125 145.34375 146.774993896484375 154.7624969482421875 158.350006103515625 152.4749908447265625 145.243743896484375 135.875 120.94374847412109375 105.4375 103.8874969482421875 102.44374847412109375
168.506256103515625 181.149993896484375 186.8874969482421875 186.5437469482421875 181.96875 182.162506103515625 184.5500030517578125 183.28125 181.9187469482421875 177.78125 175.337493896484375 169.6062469482421875 161.774993896484375 150.875 140.318756103515625 133.03125 123.0187530517578125 119.1750030517578125 121.55625152587890625 119.13124847412109375 125.375 130.1374969482421875 137.2937469482421875 145.131256103515625 145.024993896484375 138.943756103515625 128.256256103515625 128.2312469482421875 128.8874969482421875 131.212493896484375 133.4499969482421875 141.131256103515625 135.09375 133.46875 133.475006103515625 140.806243896484375 146.1437530517578125 144.46875 134.868743896484375 125.27500152587890625 115.15625 103.25624847412109375 99.9812469482421875 99.34999847412109375
163.274993896484375 166.8312530517578125 176.0187530517578125 181.381256103515625 179.96875 177.5625 178.274993896484375 176.7624969482421875 174.9250030517578125 174.899993896484375 172.25 164.1437530517578125 156.006256103515625 150.5 144.71875 133.28125 134.962493896484375 128.4499969482421875 130.899993896484375 129.618743896484375 128.3125 137.6062469482421875 144.568756103515625 143.962493896484375 140.2062530517578125 135.4437408447265625 135 129.625 133.681243896484375 135.943756103515625 133.087493896484375 129.25 126.65625 129.056243896484375 127.0625 129.1437530517578125 132.8000030517578125 134.7937469482421875 129.3312530517578125 121.86875152587890625 112.3125 103.80625152587890625 100.3249969482421875 100.15000152587890625
158.693756103515625 171.6999969482421875 180.09375 184.306243896484375 183.25 178.4812469482421875 169.568756103515625 166.3562469482421875 170.6875 170.024993896484375 166.8937530517578125 164.1750030517578125 163.3249969482421875 160.2687530517578125 153.693756103515625 145.649993896484375 137.462493896484375 132.618743896484375 133.4124908447265625 135.6437530517578125 140.962493896484375 142.381256103515625 142.556243896484375 142.7687530517578125 145.1125030517578125 140.056243896484375 133.881256103515625 131.3125 132.149993896484375 127.36875152587890625 123.8937530517578125 122.9812469482421875 119.05625152587890625 117.00624847412109375 120.21875 118.625 118.90000152587890625 121.8249969482421875 121.9562530517578125 118.24375152587890625 110.1750030517578125 103.83750152587890625 99.7937469482421875 97.2312469482421875
150.524993896484375 164.9375 179.3249969482421875 179.9250030517578125 177.3874969482421875 172.71875 172.162506103515625 168.21875 164.587493896484375 160.2062530517578125 163.943756103515625 168.1750030517578125 164.5 164.2874908447265625 154.0625 147.03125 141.037506103515625 141.181243896484375 140.6812591552734375 140.756256103515625 144.274993896484375 149.162506103515625 147.524993896484375 152.5 148.3937530517578125 140.4562530517578125 139.53125 129.024993896484375 124.1687469482421875 121.4375 117.5124969482421875 115.66249847412109375 113.7624969482421875 109.8562469482421875 111.5187530517578125 109.08750152587890625 111.33750152587890625 114.34999847412109375 113.2375030517578125 109.8249969482421875 104.8562469482421875 100.9187469482421875 98.03749847412109375 96.6125030517578125
140.7937469482421875 157.1125030517578125 169.40625 177.7375030517578125 178.5500030517578125 173.8625030517578125 170.5187530517578125 169.212493896484375 164.3874969482421875 165.006256103515625 163.524993896484375 163.181243896484375 164.837493896484375 158.7312469482421875 149.837493896484375 144.256256103515625 141.556243896484375 139.2062530517578125 140.881256103515625 144.59375 147.65625 149.0625 154.6125030517578125 156.537506103515625 147.243743896484375 139.274993896484375 133.0437469482421875 125.99375152587890625 119.56874847412109375 116.72499847412109375 109.3125 104.38124847412109375 102.5124969482421875 102.7062530517578125 102.88124847412109375 103.0812530517578125 104.4250030517578125 104.77500152587890625 106.21250152587890625 104.2937469482421875 100.6875 98.75624847412109375 97.7624969482421875 94.00624847412109375
137.46875 156.131256103515625 160.6062469482421875 169.2937469482421875 170.056243896484375 167.7062530517578125 163.431243896484375 162.8312530517578125 154.78125 151.0187530517578125 155.3249969482421875 155.4499969482421875 156.524993896484375 153.056243896484375 148.443756103515625 140.725006103515625 138.8249969482421875 140.631256103515625 143.03125 142.537506103515625 146.5625 149.6750030517578125 153.40625 152.631256103515625 147.337493896484375 136.875 130.0500030517578125 122.8874969482421875 113.5437469482421875 108.8562469482421875 101.5625 96.36875152587890625 94.6875 94.0749969482421875 94.0437469482421875 97.0124969482421875 98.8000030517578125 97.7687530517578125 97.21250152587890625 98.36875152587890625 95.6687469482421875 89.2375030517578125 88.16249847412109375 88.22499847412109375
132.8000030517578125 141.7312469482421875 151.1999969482421875 157.131256103515625 157.9499969482421875 157.03125 154.1875 147.006256103515625 142.9250030517578125 147.3125 152.0124969482421875 151.59375 149.350006103515625 148.0187530517578125 145.71875 142.9499969482421875 138.75 135.8874969482421875 139.475006103515625 139.34375 140.243743896484375 143.8249969482421875 148.8312530517578125 153.337493896484375 142.4562530517578125 132.712493896484375 126.1125030517578125 117.06874847412109375 108.24375152587890625 102.19374847412109375 97.1374969482421875 89.50624847412109375 87.08750152587890625 86.97499847412109375 87.5437469482421875 89.21250152587890625 92.5625 91.97499847412109375 90.19374847412109375 92.38124847412109375 92.11875152587890625 87.7937469482421875 83.6999969482421875 82.13124847412109375
129.3125 132.5812530517578125 139.274993896484375 140.90625 141.693756103515625 143.649993896484375 142.9187469482421875 138.337493896484375 137.1999969482421875 141.681243896484375 143.475006103515625 144.1875 141.5812530517578125 139.1374969482421875 136.9375 134.912506103515625 131.96875 132.6437530517578125 131.21875 133.875 136.381256103515625 136.53125 143.0124969482421875 142.2312469482421875 134.96875 125.21250152587890625 118.6999969482421875 110.09999847412109375 104.6875 100.2375030517578125 93.84999847412109375 88.02500152587890625 84.2687530517578125 80.78749847412109375 83.2312469482421875 84.5124969482421875 87.6687469482421875 86.80625152587890625 86.9562530517578125 88.11875152587890625 88.2687530517578125 86.83750152587890625 79.16249847412109375 78.9499969482421875
122.25624847412109375 128.2687530517578125 127.25 126.25 128.5500030517578125 125.99375152587890625 127.3562469482421875 129.1125030517578125 131.65625 133.056243896484375 135.6374969482421875 135.40625 135.1374969482421875 133.6750030517578125 131.8125 130.4187469482421875 129.7375030517578125 127.9250030517578125 129.3000030517578125 131.556243896484375 130.3937530517578125 129.524993896484375 130.9499969482421875 129.2375030517578125 123.97499847412109375 115.1687469482421875 111.99375152587890625 107.19374847412109375 100.86875152587890625 94.1437530517578125 87.38124847412109375 83.21875 79.2624969482421875 78.46250152587890625 78.1437530517578125 79.03749847412109375 83.21875 81 81.63124847412109375 81.7312469482421875 80.6687469482421875 77.9187469482421875 74.875 76.8312530517578125
114.4499969482421875 116.6687469482421875 116.1437530517578125 114.1374969482421875 114.6437530517578125 116.14374542236328125 117.1750030517578125 122.30625152587890625 123.66249847412109375 126.40000152587890625 128.725006103515625 130.0437469482421875 130.568756103515625 130.006256103515625 126.84999847412109375 123.7687530517578125 121.9375 123.27500152587890625 120.05625152587890625 117.75624847412109375 120.1374969482421875 120.0437469482421875 120.8562469482421875 119.2937469482421875 113.0187530517578125 109.55625152587890625 105.3625030517578125 100.0500030517578125 94.90000152587890625 88.08124542236328125 82.40625 77.96875 75.9375 75.41249847412109375 76.21875 75.3312530517578125 80.19374847412109375 78.21250152587890625 75.02500152587890625 78.2375030517578125 76.71875 73.78125 73.03125 70.91249847412109375
108.47499847412109375 108.21250152587890625 106.2624969482421875 105.44374847412109375 105.8562469482421875 107.0812530517578125 110.3249969482421875 113.8625030517578125 115.3562469482421875 119.34375 122.6125030517578125 122.375 125.0437469482421875 119.6125030517578125 118.2937469482421875 119.65625 118.93125152587890625 116.2624969482421875 113.7375030517578125 112.7312469482421875 112.1875 109.8312530517578125 110.3312530517578125 109.71250152587890625 105.3312530517578125 102.69374847412109375 98.18125152587890625 94.03125 88.83750152587890625 83.21250152587890625 80.5749969482421875 76.65000152587890625 73.55625152587890625 71.28749847412109375 71.46250152587890625 71.03125 74.28125 74.25 71.58750152587890625 69.125 69.69374847412109375 67.3874969482421875 66.3249969482421875 65.31874847412109375
101.61875152587890625 100.75624847412109375 97.625 98.08750152587890625 100.8874969482421875 102.0625 104.0749969482421875 106.5625 109.22499847412109375 110.91249847412109375 111.59375 112.90000152587890625 112.00624847412109375 112.47499847412109375 113.36875152587890625 113.03125 109.09375 106.5124969482421875 105.0749969482421875 104.58750152587890625 103.43125152587890625 102.38124847412109375 99.9562530517578125 98.58750152587890625 97.41249847412109375 94.2937469482421875 91.56874847412109375 88.1125030517578125 83.3125 81.93125152587890625 77.99375152587890625 73.7937469482421875 71.4499969482421875 68.71875 67.8874969482421875 66.5625 67.71250152587890625 66.0500030517578125 65.6875 64.5749969482421875 65.44374847412109375 63.799999237060546875 61.950000762939453125 60.799999237060546875
93.6750030517578125 92.99375152587890625 92.36875152587890625 93.13124847412109375 93 94.61875152587890625 96.75624847412109375 99.75624847412109375 100.80625152587890625 102.7312469482421875 107.30625152587890625 107.2937469482421875 107.5749969482421875 110.2937469482421875 111.1062469482421875 107.00624847412109375 102.4875030517578125 102.21250152587890625 100.6062469482421875 99.1999969482421875 95.6999969482421875 93.3312530517578125 92.4562530517578125 91.6437530517578125 89.6875 87.72499847412109375 84.9812469482421875 81.6437530517578125 78.84375 77.69374847412109375 75.0500030517578125 70.05625152587890625 68.13124847412109375 67.20624542236328125 65.2062530517578125 63.587497711181640625 62.30625152587890625 60.606250762939453125 60.200000762939453125 61.68125152587890625 62.262500762939453125 60.387500762939453125 57.543750762939453125 55.84999847412109375
85.6875 86.375 88.1999969482421875 88.31874847412109375 87.6875 88.44374847412109375 91.30625152587890625 92.02500152587890625 92.69374847412109375 94.02500152587890625 98.75624847412109375 102.34375 103.56874847412109375 103.65000152587890625 102.59375 101.72499847412109375 99.90625 97.1125030517578125 93.1875 91.6875 89.5500030517578125 86.65625 86.74375152587890625 84.24375152587890625 83.5124969482421875 80.5187530517578125 79.6999969482421875 77.125 76.08750152587890625 74.3874969482421875 72.78749847412109375 69.90625 65.21875 62.981250762939453125 62.09375 60.46250152587890625 58.575000762939453125 56.575000762939453125 56.40625 56.75 55.88124847412109375 55.575000762939453125 54.049999237060546875 49.90000152587890625
80.04999542236328125 79.13124847412109375 82.0812530517578125 84.24375152587890625 83.8562469482421875 82.2062530517578125 82.4187469482421875 84.2624969482421875 85.50624847412109375 86.8937530517578125 94.1125030517578125 98.84999847412109375 101.15625 105.125 103.8249969482421875 99.97499847412109375 95.46250152587890625 90.0812530517578125 86.1374969482421875 81.4499969482421875 82.2624969482421875 78.61875152587890625 77.21250152587890625 75.6062469482421875 77.34999847412109375 76.0749969482421875 74.6687469482421875 71.75 70.3874969482421875 68.7312469482421875 68.06874847412109375 66.61875152587890625 61.66249847412109375 59.13124847412109375 56.90625 56.043750762939453125 53.200000762939453125 53.768749237060546875 52.03125 52.19374847412109375 51.34375 49.731250762939453125 48.96250152587890625 46.481250762939453125
75.1062469482421875 74.03125 75.5749969482421875 77.58750152587890625 78.22499847412109375 77.53749847412109375 77.6125030517578125 77.6125030517578125 77.75 78.8312530517578125 83.08750152587890625 92.3625030517578125 98.15000152587890625 100.8249969482421875 99.94374847412109375 96.56874847412109375 91.2624969482421875 84.0187530517578125 79.21875 73.96250152587890625 72.5124969482421875 72.65000152587890625 70.63124847412109375 69.38124847412109375 70.81874847412109375 69.86875152587890625 68.625 66.4375 66.3125 64.46875 62.63124847412109375 61.49375152587890625 58.293750762939453125 55.081249237060546875 51.862499237060546875 51.174999237060546875 51.075000762939453125 49.27500152587890625 48.512500762939453125 48.918750762939453125 48.106250762939453125 46.03125 44.9375 44.15000152587890625
68.28749847412109375 69.93125152587890625 69.5437469482421875 71.5749969482421875 73.3125 72.8562469482421875 72.5812530517578125 73.65625 73.25 70.59999847412109375 77.55625152587890625 89.7062530517578125 96.4250030517578125 96.80625152587890625 95.78749847412109375 92.2312469482421875 87.65625 81.53749847412109375 76.0812530517578125 68.77500152587890625 66.0749969482421875 66.91249847412109375 64.96875 64.5437469482421875 64.03125 63.59999847412109375 64.3625030517578125 62.549999237060546875 60.93125152587890625 58.331249237060546875 58.40625 56.15000152587890625 54.049999237060546875 51.78749847412109375 48.71250152587890625 47.875 47.78749847412109375 47.49375152587890625 45.69374847412109375 44.55625152587890625 43.59375 43.043750762939453125 40.91249847412109375 42.9375
62.25624847412109375 64.0124969482421875 65.19374847412109375 67.75624847412109375 68.6875 69.0124969482421875 69.875 70.71875 71.47499847412109375 68.5812530517578125 80.3125 91.28125 94.15000152587890625 95.1875 91.3562469482421875 87.46875 82.6374969482421875 77.74375152587890625 73.30625152587890625 67.4562530517578125 63.487499237060546875 62.19374847412109375 59.481250762939453125 59.424999237060546875 58.58750152587890625 59.58750152587890625 60.231250762939453125 58.53125 56.9375 53.862499237060546875 52.493747711181640625 52.52500152587890625 51.012500762939453125 48.00624847412109375 45.424999237060546875 44.950000762939453125 44.46875 43.5 44.34999847412109375 42.387500762939453125 40.78125 40.71875 38.25624847412109375 37.581249237060546875
