data/historical-monthly-weather-data/wc2.1_cruts4.09_10m_prec_1964-04.asc
ncols        51
nrows        45
xllcorner    -63.500000000000
yllcorner    -7.500000000000
cellsize     0.166666666667
NODATA_value -9999
[rows 20 to 39 of 45, columns 0 to 44 of 51]
206.975006103515625 214.7624969482421875 220.912506103515625 226.3562469482421875 230.712493896484375 239.806243896484375 248.493743896484375 253.28125 256.85626220703125 257.149993896484375 254.65625 248.40625 242.131256103515625 237.4562530517578125 230.5812530517578125 225.350006103515625 222.3249969482421875 225.125 230.649993896484375 236.8000030517578125 253.6437530517578125 269.881256103515625 283.01251220703125 290.912506103515625 301.48126220703125 310.85626220703125 314.399993896484375 316.556243896484375 316.274993896484375 314.506256103515625 307.875 301.65625 288.743743896484375 273.48126220703125 261.431243896484375 279.787506103515625 307.42498779296875 330.443756103515625 346.350006103515625 355.71875 359.66876220703125 362.125 358.11248779296875 356.0625 349.600006103515625
195.5812530517578125 201.368743896484375 208.274993896484375 217.5187530517578125 224.649993896484375 232.4562530517578125 241.493743896484375 248.774993896484375 252.8312530517578125 251.0500030517578125 244.8312530517578125 234.287506103515625 226.15625 221.681243896484375 219.7312469482421875 216.6875 216.899993896484375 219.5124969482421875 224.725006103515625 230.3249969482421875 241.71875 256.287506103515625 271.975006103515625 282.15625 294.70623779296875 310.96875 328.537506103515625 330.306243896484375 328.65625 325.76873779296875 317.59375 308.36248779296875 297.96875 288.95623779296875 285.931243896484375 296.40625 317.54376220703125 337.14373779296875 348.70623779296875 355.04998779296875 358.42498779296875 358.6875 354.462493896484375 350.95001220703125 343.975006103515625
185.25 195.006256103515625 202.8874969482421875 211.5437469482421875 218.931243896484375 226.9875030517578125 234.193756103515625 243.287506103515625 252.068756103515625 246.09375 234.8874969482421875 221.131256103515625 211.3937530517578125 208.7062530517578125 209.787506103515625 210.712493896484375 210.84375 212.9562530517578125 216.71875 220.7937469482421875 231.7937469482421875 244.375 256.243743896484375 268.118743896484375 285.399993896484375 305.875 326.03125 332.36248779296875 333.131256103515625 329.26873779296875 323.92498779296875 317.83123779296875 314.91876220703125 311.92498779296875 313.5625 319.4375 333.01251220703125 347.46875 354.837493896484375 356.118743896484375 356.443756103515625 353.63751220703125 349.04376220703125 344.70001220703125 338.40625
175.8625030517578125 185.75 194.9812469482421875 202.1875 209.1125030517578125 217.3625030517578125 226.787506103515625 234.7687530517578125 241.7312469482421875 235.5749969482421875 224.625 213.806243896484375 201.4187469482421875 202.1750030517578125 204.9375 206.024993896484375 205.8312530517578125 209.381256103515625 211.8874969482421875 215.850006103515625 224.3625030517578125 232.931243896484375 242.537506103515625 255.993743896484375 272.70001220703125 288.53125 305.125 319.850006103515625 327.70001220703125 331.57501220703125 332.524993896484375 334.149993896484375 335.368743896484375 334.16876220703125 336.83123779296875 341.506256103515625 351.274993896484375 358.23748779296875 359.556243896484375 356.5 354.48748779296875 349.40625 343.787506103515625 337.95623779296875 333.84375
168.693756103515625 178.4375 186.556243896484375 194.3874969482421875 202.0749969482421875 209.5 217.149993896484375 223.9187469482421875 227.037506103515625 225.6125030517578125 218.1624908447265625 209.181243896484375 204.21875 201.8125 202.274993896484375 202.8000030517578125 204.274993896484375 207.3249969482421875 209.618743896484375 211.3874969482421875 217.1062469482421875 223.131256103515625 230.8312530517578125 241.6875 256.100006103515625 276.28125 294.79376220703125 310.725006103515625 324.524993896484375 337.375 345.65625 353.287506103515625 357.39373779296875 356.625 356.225006103515625 355.82501220703125 360.70623779296875 361.368743896484375 360.274993896484375 357.493743896484375 353.3125 346.243743896484375 341 333.28125 322.850006103515625
166.53125 174.774993896484375 179.2375030517578125 186.068756103515625 192.15625 199.2937469482421875 206.350006103515625 211.96875 213.118743896484375 212.03125 209.962493896484375 207.431243896484375 205.125 204.743743896484375 203.225006103515625 204.2687530517578125 204.9375 207.318756103515625 208.125 207.618743896484375 212.90625 215.6374969482421875 219.21875 224.962493896484375 242.306243896484375 265.381256103515625 288.918731689453125 306.64373779296875 325.850006103515625 340.912506103515625 357.162506103515625 372.01873779296875 378.912506103515625 374.39373779296875 368.493743896484375 365.625 365.89373779296875 364.33123779296875 360.681243896484375 356.787506103515625 352.537506103515625 343.631256103515625 335.76251220703125 325.96875 317.90625
161.9812469482421875 166.412506103515625 171.5124969482421875 177.087493896484375 181.7375030517578125 189.2937469482421875 195.3874969482421875 199.7375030517578125 202 205.618743896484375 207.6999969482421875 207.537506103515625 208.1062469482421875 209.506256103515625 208.6750030517578125 208.850006103515625 208.899993896484375 209.6875 210.90625 211.0187530517578125 212.625 213 212.600006103515625 216.868743896484375 236.5500030517578125 258.26251220703125 282.61248779296875 302.074981689453125 323.350006103515625 341.08123779296875 361.65625 381.100006103515625 392.04998779296875 384.787506103515625 376.33123779296875 370.850006103515625 368.71875 365.70001220703125 359.9375 355.45623779296875 349.118743896484375 341.8125 333.493743896484375 325.774993896484375 324.39373779296875
157.9562530517578125 159.149993896484375 163.287506103515625 167.975006103515625 173.0437469482421875 179.431243896484375 186.037506103515625 189.743743896484375 194.6062469482421875 199.9562530517578125 202.662506103515625 206.4250030517578125 209.6875 213.8937530517578125 213.9875030517578125 212.9562530517578125 213.493743896484375 216.2249908447265625 215.9375 216.6374969482421875 218.1374969482421875 217.006256103515625 220.2375030517578125 225.03125 239.6437530517578125 259.25 279.443756103515625 299.20001220703125 319.20623779296875 337.9375 356.287506103515625 373.556243896484375 382.70623779296875 380.162506103515625 376.493743896484375 370.712493896484375 369.118743896484375 366.350006103515625 360.731231689453125 355.20001220703125 349.45623779296875 342.756256103515625 335.26251220703125 330.51251220703125 338.649993896484375
152.756256103515625 152.087493896484375 155.1125030517578125 159.681243896484375 163.9812469482421875 169.1125030517578125 175.162506103515625 181.6750030517578125 189.118743896484375 194.681243896484375 200.3625030517578125 206.21875 211.2937469482421875 217.4375 219.806243896484375 221.5437469482421875 222.868743896484375 223.056243896484375 224.2874908447265625 224.225006103515625 225.78125 224.881256103515625 228.25 234.9812469482421875 246.2687530517578125 262.84375 280.850006103515625 298.162506103515625 316.006256103515625 332.649993896484375 346.35626220703125 359.88751220703125 365.681243896484375 368.88751220703125 369.381256103515625 366.90625 367.0625 365.91876220703125 361.462493896484375 354.45001220703125 345.76873779296875 339.975006103515625 335.524993896484375 341.550018310546875 351.556243896484375
151.0500030517578125 148.9562530517578125 151.1750030517578125 153.1999969482421875 157.100006103515625 163.1750030517578125 169.8312530517578125 177.2375030517578125 184.7624969482421875 191.34375 198.993743896484375 206.368743896484375 215.274993896484375 223.21875 226.587493896484375 228.712493896484375 230.899993896484375 234.21875 234.587493896484375 232.7624969482421875 232.287506103515625 233.931243896484375 238.443756103515625 243.162506103515625 251.318756103515625 264.71875 280.806243896484375 294.41876220703125 309.787506103515625 323.318756103515625 334.962493896484375 344.181243896484375 350.42498779296875 356.51873779296875 360.506256103515625 360.35626220703125 363.024993896484375 363.756256103515625 358.587493896484375 355.40625 351.39373779296875 348.243743896484375 344.556243896484375 351.04376220703125 354.83123779296875
148.649993896484375 145.0812530517578125 146.337493896484375 148.3249969482421875 152.037506103515625 157.8937530517578125 165.337493896484375 172.0999908447265625 180.225006103515625 188.7937469482421875 197.868743896484375 207.3562469482421875 219.087493896484375 227.287506103515625 232.587493896484375 236.4499969482421875 241.1750030517578125 244.9187469482421875 246.412506103515625 245.3625030517578125 244.100006103515625 243.868743896484375 246.4499969482421875 248.162506103515625 252.993743896484375 267.33123779296875 278.36248779296875 290.899993896484375 303.29376220703125 312.912506103515625 323.10626220703125 331.212493896484375 339.1875 345.98748779296875 350.350006103515625 352.787506103515625 354.01873779296875 356.48748779296875 356.612518310546875 355.41876220703125 353.556243896484375 351.03125 350.53125 352.76873779296875 357.63751220703125
145.6750030517578125 141.2624969482421875 142.09375 144.774993896484375 147.662506103515625 152.6687469482421875 160.056243896484375 166.6999969482421875 175.3312530517578125 184.493743896484375 195.225006103515625 208.287506103515625 220.1062469482421875 231.037506103515625 237.4812469482421875 243.2937469482421875 247.087493896484375 251.53125 252.8874969482421875 255.1437530517578125 254.162506103515625 253.34375 253.337493896484375 254.3062591552734375 260.399993896484375 269.287506103515625 276.78125 287.5 296.14373779296875 305.037506103515625 314.48126220703125 321.79376220703125 327.350006103515625 334.181243896484375 339.725006103515625 342.75 346.35626220703125 347.61248779296875 348.462493896484375 348.45623779296875 352.600006103515625 352.962493896484375 352.76873779296875 355.36248779296875 360.5625
146.9000091552734375 141.65625 142.068756103515625 143.3937530517578125 146.0187530517578125 150.2937469482421875 155.462493896484375 162.0437469482421875 170.4250030517578125 181.006256103515625 194.8562469482421875 207.931243896484375 222.75 236.537506103515625 243.8125 249.7062530517578125 255.5124969482421875 260.350006103515625 260.76251220703125 261.712493896484375 262.618743896484375 261.806243896484375 260.76251220703125 261.149993896484375 265.95001220703125 269.71875 276.193756103515625 282.756256103515625 289.63751220703125 298.26251220703125 304.98748779296875 310.100006103515625 314.89373779296875 321.83123779296875 327.756256103515625 332.587493896484375 336 338.712493896484375 337.850006103515625 344.493743896484375 347.350006103515625 347.91876220703125 349.98126220703125 354.475006103515625 360.431243896484375
147.837493896484375 143.381256103515625 143.2624969482421875 143.4187469482421875 144.3625030517578125 148.6750030517578125 153.131256103515625 157.78125 165.975006103515625 176.7937469482421875 189.9812469482421875 206.8562469482421875 224.4250030517578125 238.287506103515625 247.6374969482421875 254.0749969482421875 261.412506103515625 266.056243896484375 267.29376220703125 268.15625 268.787506103515625 268.45001220703125 267.66876220703125 264.53125 268.149993896484375 269.762481689453125 272.662506103515625 276.95001220703125 282.431243896484375 288.09375 293.70623779296875 299.59375 304.125 310.16876220703125 316.274993896484375 320.443756103515625 324.67498779296875 324.61248779296875 329.625 335.32501220703125 337.3125 340.274993896484375 344.20623779296875 349.975006103515625 357.34375
148.274993896484375 145.068756103515625 144.931243896484375 143.5500030517578125 143.2624969482421875 146.181243896484375 149.399993896484375 153.7062530517578125 160.662506103515625 170.225006103515625 185.40625 205.462493896484375 226.6750030517578125 245.006256103515625 254.2687530517578125 261.66876220703125 267.73748779296875 269.85626220703125 273.087493896484375 272.23748779296875 274.243743896484375 272.35626220703125 271.53125 266.024993896484375 266.625 268.649993896484375 270.225006103515625 271.29998779296875 275.274993896484375 281.100006103515625 285.006256103515625 290.306243896484375 293.10626220703125 299.23126220703125 303.79998779296875 306.84375 308.71875 316.125 320.83123779296875 324.649993896484375 326.33123779296875 330.23748779296875 335.42498779296875 340.75 344.98748779296875
153 150.7624969482421875 150.0437469482421875 148.524993896484375 147.337493896484375 148.625 150.9875030517578125 153.4499969482421875 157.818756103515625 165.3874969482421875 178.818756103515625 200.9499969482421875 225.875 245.6687469482421875 256.350006103515625 264.837493896484375 272.10626220703125 274.58123779296875 277.087493896484375 278.600006103515625 278.16876220703125 276.806243896484375 271.806243896484375 267.13751220703125 265.087493896484375 265.649993896484375 267.03125 268.356231689453125 271.037506103515625 274.61248779296875 277.818756103515625 280.84375 283.056243896484375 288.9375 291.46875 291.368743896484375 298.162506103515625 304.98126220703125 307.86248779296875 311.943756103515625 315.82501220703125 318.787506103515625 322.212493896484375 327.34375 328.962493896484375
158.431243896484375 157.0187530517578125 155.6750030517578125 154.287506103515625 152.556243896484375 153.03125 154.5 154.2937469482421875 155.475006103515625 159.2312469482421875 173.649993896484375 200.375 223.75 241.850006103515625 255.6062469482421875 265.98126220703125 272.462493896484375 275.70623779296875 278.73748779296875 278.149993896484375 277.70623779296875 275.04998779296875 269.79376220703125 265.462493896484375 261.86248779296875 261.39373779296875 263.287506103515625 264.881256103515625 266.16876220703125 268.037506103515625 271.375 274.4375 276.068756103515625 278.61248779296875 279.774993896484375 281.918731689453125 288.04998779296875 295.100006103515625 299.662506103515625 300.54376220703125 303.96875 305.98748779296875 310.10626220703125 313.71875 315.85626220703125
164.274993896484375 161.943756103515625 160.0187530517578125 159.09375 157.381256103515625 157.71875 157.850006103515625 156.40625 157.7312469482421875 159.40625 177.875 204.118743896484375 224.274993896484375 241.0749969482421875 254.4250030517578125 265.725006103515625 271.962493896484375 275.881256103515625 275.837493896484375 273.96875 272.756256103515625 269.03125 265.85626220703125 261.35626220703125 257.3125 257.71875 257.068756103515625 259.98748779296875 261.8125 263.787506103515625 264.368743896484375 266.943756103515625 269.6875 270.51873779296875 268.86248779296875 274.41876220703125 279.76251220703125 284.056243896484375 290.08123779296875 291.649993896484375 292.399993896484375 294.65625 295.63751220703125 297.056243896484375 299.875
162.743743896484375 159.78125 159.149993896484375 159.6875 159.9812469482421875 160.25 161.59375 162.7375030517578125 168.6125030517578125 179.8562469482421875 199.4812469482421875 216.118743896484375 228.8000030517578125 243.15625 255.0500030517578125 263.587493896484375 269.774993896484375 272.04998779296875 269.274993896484375 268.475006103515625 265.66876220703125 261.100006103515625 257.92498779296875 255.6125030517578125 253.162506103515625 251.443756103515625 251.881256103515625 254.4562530517578125 256.131256103515625 259.54998779296875 261.243743896484375 261.125 263.368743896484375 265.6875 269.23748779296875 271.38751220703125 273.84375 278.40625 280.96875 280.09375 281.20001220703125 283.662506103515625 283.274993896484375 285.54376220703125 287.45001220703125
159.537506103515625 158.056243896484375 158.943756103515625 160.8625030517578125 162.506256103515625 164.9812469482421875 166.6062469482421875 171.84375 180.662506103515625 192.587493896484375 207.40625 222.4562530517578125 233.6875 245.5437469482421875 255.375 262.193756103515625 267.306243896484375 268.5 264.506256103515625 261.475006103515625 256.88751220703125 254.2312469482421875 248.2937469482421875 245.975006103515625 246.7937469482421875 246.381256103515625 247.4499969482421875 250.1374969482421875 252.1437530517578125 255.162506103515625 255.1374969482421875 259.75 264.350006103515625 266.600006103515625 269.943756103515625 270.943756103515625 271.600006103515625 274.350006103515625 274.41876220703125 270.79376220703125 270.14373779296875 271.89373779296875 270.11248779296875 271.375 274.58123779296875
