data/historical-monthly-weather-data/wc2.1_cruts4.09_10m_prec_1971-06.asc
ncols        45
nrows        45
xllcorner    -63.500000000000
yllcorner    -7.500000000000
cellsize     0.166666666667
NODATA_value -9999
[rows 0 to 18 of 45, columns 0 to 43 of 45]
497.89373779296875 499.368743896484375 492.1875 499.443756103515625 498.83123779296875 497.83123779296875 486.45001220703125 472.193756103515625 449.67498779296875 442.6875 439.10626220703125 428.368743896484375 417.981231689453125 402.59375 384.943756103515625 369.537506103515625 351.443756103515625 334.225006103515625 317.149993896484375 304.78125 300.91876220703125 288.443756103515625 278.29376220703125 267.15625 258.65625 252.131256103515625 251.850006103515625 254.2062530517578125 249.725006103515625 246.631256103515625 238.4375 237.024993896484375 239.225006103515625 236.7062530517578125 235.0812530517578125 235.5250091552734375 235.46875 237.3562469482421875 234.8249969482421875 235.068756103515625 238.9250030517578125 248.1750030517578125 248.65625 251.993743896484375
493.13751220703125 495.79376220703125 501.568756103515625 507.51873779296875 516.84375 516.70001220703125 505.743743896484375 491.21875 480.14373779296875 472.037506103515625 463.21875 448.28125 425.61248779296875 406.46875 385.08123779296875 366.29998779296875 344.693756103515625 323.193756103515625 304.725006103515625 293.237518310546875 287.8125 277.13751220703125 269.92498779296875 261.54376220703125 252.8249969482421875 244.875 244.274993896484375 243.03125 238.756256103515625 231.71875 228.1437530517578125 231.3874969482421875 231.212493896484375 230.71875 230.96875 228.0749969482421875 229.5 230.1125030517578125 228.15625 229.1437530517578125 235.875 234.2312469482421875 241.318756103515625 244.2624969482421875
472.09375 487.6875 493.85626220703125 492.95001220703125 504.4375 511.8125 508.60626220703125 510.193756103515625 502.01251220703125 493.70001220703125 480.100006103515625 457.45623779296875 436.03125 406.41876220703125 381.01251220703125 359.23748779296875 334.36248779296875 314.375 297.587493896484375 284.67498779296875 280.337493896484375 276.29998779296875 268.431243896484375 264.10626220703125 251.15625 241.0500030517578125 243.4375 238.806243896484375 230.2312469482421875 229.2312469482421875 223.6125030517578125 222.756256103515625 222.3874969482421875 224.162506103515625 222.21875 215.5 219.7062530517578125 224.2687530517578125 223.8312530517578125 226.1687469482421875 235.243743896484375 236.5437469482421875 240.0749969482421875 240.8874969482421875
447.60626220703125 453.787506103515625 469.46875 478.48748779296875 484.537506103515625 494.16876220703125 503.631256103515625 511.793731689453125 513.48748779296875 510.181243896484375 491.73126220703125 462.774993896484375 433.48126220703125 401.78125 376.09375 352.28125 322.79998779296875 305.70623779296875 290.462493896484375 287.03125 280.693756103515625 270.356231689453125 264.86248779296875 262.14373779296875 248.318756103515625 237.943756103515625 236.087493896484375 228.037506103515625 223 222.5812530517578125 219.3625030517578125 215.350006103515625 214.993743896484375 211.850006103515625 210.5500030517578125 215.53125 220.8874969482421875 222.756256103515625 222.287506103515625 225.2062530517578125 232.8249969482421875 239.2874908447265625 241.8874969482421875 241.34375
457.756256103515625 457.506256103515625 444.943756103515625 457.850006103515625 476.587493896484375 481.0625 493.774993896484375 513.8687744140625 527.4625244140625 527.65625 507.837493896484375 462.243743896484375 431.181243896484375 400.881256103515625 369.10626220703125 342.98126220703125 316.76873779296875 294.13751220703125 279.73748779296875 274.975006103515625 268.875 263.693756103515625 259.837493896484375 255.1750030517578125 241.5437469482421875 232.3625030517578125 226.625 224.181243896484375 219 213.9875030517578125 214.068756103515625 213.0437469482421875 210.875 210.243743896484375 212.931243896484375 213.243743896484375 218.2062530517578125 223.9875030517578125 222.193756103515625 222.774993896484375 231.15625 237.1062469482421875 241.5812530517578125 245.6125030517578125
442.32501220703125 449.418731689453125 439.931243896484375 422.462493896484375 446.70623779296875 470.9375 478.199981689453125 492.443756103515625 513.48126220703125 517.9437255859375 489.58123779296875 447.29998779296875 418.225006103515625 389.350006103515625 355.73748779296875 330.78125 304.46875 284.61248779296875 276.037506103515625 269.600006103515625 266.943756103515625 260.412506103515625 254.600006103515625 243.806243896484375 235.3625030517578125 227.431243896484375 219.40625 216.8249969482421875 212.5437469482421875 208.568756103515625 211.65625 211.787506103515625 214.350006103515625 213.274993896484375 211.631256103515625 220.15625 221.5749969482421875 219.3874969482421875 223.056243896484375 231.431243896484375 234.693756103515625 242.412506103515625 243.506256103515625 246.193756103515625
437.33123779296875 438.40625 431.28125 422.662506103515625 417.537506103515625 422.17498779296875 429.78125 454.21875 459.524993896484375 463.693756103515625 449.54376220703125 417.89373779296875 397.48748779296875 375.506256103515625 346.0625 321.162506103515625 300.15625 282.98748779296875 269.29998779296875 265.431243896484375 255.556243896484375 249.9375 242.443756103515625 235.818756103515625 232.59375 224.587493896484375 215.8000030517578125 210.3562469482421875 205.943756103515625 210.462493896484375 208.412506103515625 205.774993896484375 207.693756103515625 213.0749969482421875 219.7062530517578125 222.524993896484375 219.068756103515625 221.006256103515625 223.274993896484375 232.6687469482421875 235.6374969482421875 240.462493896484375 245.1875 247.9250030517578125
427.0625 418.9375 413.5625 416.96875 413.225006103515625 422.60626220703125 408.90625 397.42498779296875 386.556243896484375 397.88751220703125 400.8125 386.787506103515625 374 355.40625 337.09375 315.274993896484375 291.368743896484375 277.5625 264.875 253.4812469482421875 257.074981689453125 247.118743896484375 237.462493896484375 229.9499969482421875 226.5124969482421875 216.0437469482421875 209.0625 203.774993896484375 199.8937530517578125 199.8249969482421875 206.962493896484375 204.5500030517578125 208.725006103515625 213.131256103515625 214.3562469482421875 216.2375030517578125 217.6437530517578125 219.71875 217.024993896484375 219.7375030517578125 225.743743896484375 235.1687469482421875 234.0437469482421875 232.1374969482421875
412.15625 408.106231689453125 398.16876220703125 396.693756103515625 396.931243896484375 395.36248779296875 397.01251220703125 393.462493896484375 368.40625 353.287506103515625 351.618743896484375 347.16876220703125 347.79376220703125 335.04376220703125 322.41876220703125 303.274993896484375 293.431243896484375 284.04998779296875 274.29998779296875 258.475006103515625 244.3312530517578125 245.03125 229.3562469482421875 228.84375 219.875 211.118743896484375 204.8625030517578125 202.5812530517578125 203.868743896484375 203.443756103515625 211.6687469482421875 201.46875 197.8125 200.412506103515625 208.087493896484375 218.125 223.7062530517578125 229.0812530517578125 226.03125 222.75 222.287506103515625 221.2687530517578125 229.443756103515625 226.8312530517578125
398.23748779296875 395.42498779296875 387.162506103515625 385 383.5625 379.71875 378.59375 368.79376220703125 358.79998779296875 346.9375 334.17498779296875 314.41876220703125 319.056243896484375 314.25 308.712493896484375 299.79998779296875 288.993743896484375 289.34375 280.993743896484375 270.70623779296875 251.0187530517578125 238.787506103515625 220.962493896484375 216.8249969482421875 206.7937469482421875 203.212493896484375 199.1125030517578125 195.6875 193.75 199.443756103515625 205.0187530517578125 200.193756103515625 202.4812469482421875 206.6062469482421875 209.225006103515625 216.34375 225.375 234.068756103515625 234.1875 238.493743896484375 241.306243896484375 238.9250030517578125 228.5 215.806243896484375
389.556243896484375 383.26873779296875 374.70001220703125 369.681243896484375 364.20623779296875 365 355.20623779296875 346.20623779296875 341.1875 333.92498779296875 325.881256103515625 308.85626220703125 296.33123779296875 294.46875 291.568756103515625 288.993743896484375 283.637481689453125 278.07501220703125 276.65625 276.23126220703125 271.15625 250.537506103515625 222.71875 197.287506103515625 196.443756103515625 203.4562530517578125 202.0812530517578125 195.412506103515625 189.7687530517578125 193.3249969482421875 198.2062530517578125 197.943756103515625 203.2312469482421875 209.181243896484375 214.256256103515625 217.006256103515625 226.09375 232.0625 241.631256103515625 242.912506103515625 243.59375 236.431243896484375 231.1750030517578125 210.875
372.024993896484375 367.725006103515625 364.943756103515625 354.86248779296875 350.73748779296875 344.92498779296875 344.09375 338.149993896484375 331.375 315.25 311.98126220703125 301.88751220703125 279.962493896484375 279.268768310546875 285.26251220703125 281.8125 276.95001220703125 274.193756103515625 275.993743896484375 286 282.29376220703125 263.993743896484375 233.3125 201.4499969482421875 192.818756103515625 190.681243896484375 187.125 186.34375 187.0812530517578125 188.506256103515625 185.7312469482421875 190.8937530517578125 197.9562530517578125 200.631256103515625 210.087493896484375 220.4812469482421875 233.125 241.462493896484375 238.5437469482421875 246.28125 247.774993896484375 238.381256103515625 216.46875 185.25
361.850006103515625 355.38751220703125 349.64373779296875 340.21875 337.9375 328.881256103515625 325.04998779296875 320.09375 309.068756103515625 299.024993896484375 293.58123779296875 289.818756103515625 280.73748779296875 262.8125 262.756256103515625 265.60626220703125 264.10626220703125 265.6875 259.1875 266.725006103515625 268.65625 252.774993896484375 229.6500091552734375 203.90625 183.1750030517578125 178.193756103515625 180.337493896484375 182.1999969482421875 185.65625 190.600006103515625 186.46875 184.4812469482421875 195.4250030517578125 195.9250030517578125 204.2624969482421875 217.774993896484375 236.8625030517578125 250.1999969482421875 262.850006103515625 261.92498779296875 250.850006103515625 236.9562530517578125 204.100006103515625 178.162506103515625
348.725006103515625 343.03125 335.09375 327.149993896484375 319.037506103515625 312.91876220703125 305.556243896484375 303.100006103515625 295.899993896484375 283.725006103515625 276.899993896484375 269.506256103515625 266.212493896484375 257.26251220703125 240.587493896484375 248.1750030517578125 245.6437530517578125 243.568756103515625 241.4875030517578125 246.1687469482421875 245.7937469482421875 232.6125030517578125 214.875 200.3625030517578125 186.537506103515625 175.962493896484375 173.337493896484375 173.006256103515625 175.9562530517578125 179.7687530517578125 183.5749969482421875 184.4875030517578125 191.0812530517578125 198.837493896484375 202.1437530517578125 224.7062530517578125 251.0812530517578125 273.20001220703125 286.70623779296875 279.631256103515625 245.181243896484375 220.1374969482421875 209.087493896484375 207.1750030517578125
330.21875 325.51251220703125 321.65625 316.20001220703125 307.493743896484375 300.649993896484375 295.54376220703125 289.35626220703125 281.4375 272.087493896484375 262.943756103515625 257.662506103515625 253.600006103515625 242.774993896484375 223.28125 227.024993896484375 226.712493896484375 229.743743896484375 222.912506103515625 224.662506103515625 226.4499969482421875 216.912506103515625 207.287506103515625 199.25 194.53125 186.649993896484375 184.6125030517578125 182.868743896484375 187.09375 183.90625 179.6687469482421875 184.2687530517578125 198.5 198.7312469482421875 195.6374969482421875 207.381256103515625 246.475006103515625 286.92498779296875 296.58123779296875 283.125 265.71875 250.96875 246.4812469482421875 225.6062469482421875
316.82501220703125 309.13751220703125 305.625 297.45623779296875 294.96875 289.600006103515625 282.287506103515625 273.88751220703125 270.337493896484375 266.85626220703125 257.64373779296875 251.1875 247.1374969482421875 237.3562469482421875 220.96875 200.34375 204.975006103515625 212.537506103515625 206.9250030517578125 207.7687530517578125 207.693756103515625 202.8000030517578125 199.6750030517578125 199.84375 197.59375 191.9875030517578125 187.631256103515625 188.46875 189.725006103515625 194.587493896484375 193.4375 190.681243896484375 187.875 184.850006103515625 183.149993896484375 220.1062469482421875 242.28125 272.34375 293.78125 302.67498779296875 302.931243896484375 288.318756103515625 263.693756103515625 232.0500030517578125
301.20001220703125 296.35626220703125 289.318756103515625 286.774993896484375 283.649993896484375 279.67498779296875 272.243743896484375 265.868743896484375 256.662506103515625 250.8937530517578125 247.5124969482421875 243.9875030517578125 236.2312469482421875 227.34375 219.7375030517578125 201.4187469482421875 180.1999969482421875 185.587493896484375 189.431243896484375 188.912506103515625 186.8312530517578125 187.96875 187.3562469482421875 196.193756103515625 195.975006103515625 185.962493896484375 182.9875030517578125 183.65625 192.125 198.756256103515625 202.818756103515625 205.118743896484375 202.5500030517578125 207.475006103515625 226.850006103515625 245.53125 273.256256103515625 298.67498779296875 320.13751220703125 312.35626220703125 313.181243896484375 289.04998779296875 255.274993896484375 231.256256103515625
284.29998779296875 281.35626220703125 280.10626220703125 277.89373779296875 275.9375 275.212493896484375 266.649993896484375 259.193756103515625 250.0749969482421875 239.7062530517578125 232.7375030517578125 232.943756103515625 223.837493896484375 216.65625 212.4250030517578125 199.7375030517578125 179.787506103515625 160.8874969482421875 175.59375 169.8562469482421875 168.46875 170.4875030517578125 177.2937469482421875 185.4562530517578125 190.9562530517578125 182.6750030517578125 177.0187530517578125 185.9562530517578125 193.5749969482421875 195.6750030517578125 190.21875 186.3874969482421875 218.1125030517578125 231.193756103515625 243.46875 290.15625 313.631256103515625 312.818756103515625 319.23126220703125 315.399993896484375 289.381256103515625 261.78125 235.6999969482421875 219.3000030517578125
269.53125 270.64373779296875 269.85626220703125 269.537506103515625 269.375 264.681243896484375 258.106231689453125 250.256256103515625 243.693756103515625 236.274993896484375 227.1687469482421875 215.9562530517578125 208.90625 204.743743896484375 197.1062469482421875 188.193756103515625 181.15625 159.2312469482421875 149.774993896484375 148.037506103515625 153.787506103515625 162.5 153.7312469482421875 167.5 174.318756103515625 182.1374969482421875 184.368743896484375 184.100006103515625 195.881256103515625 197.2624969482421875 194.662506103515625 200.6125030517578125 220.5437469482421875 230.78125 252.381256103515625 287.48748779296875 298.743743896484375 295.149993896484375 298.506256103515625 285.231231689453125 262.899993896484375 232.6437530517578125 218.2062530517578125 210.350006103515625
