data/historical-monthly-weather-data/wc2.1_cruts4.09_10m_prec_2009-01.asc
ncols        45
nrows        45
xllcorner    -63.500000000000
yllcorner    -7.500000000000
cellsize     0.166666666667
NODATA_value -9999
[rows 20 to 39 of 45, columns 0 to 44 of 45]
387.368743896484375 381.66876220703125 380.01251220703125 381.162506103515625 383.006256103515625 390.36248779296875 399.07501220703125 404.29376220703125 406.86248779296875 406.10626220703125 404.568756103515625 407.993743896484375 415.95623779296875 424.70001220703125 410.53125 383.73748779296875 363.66876220703125 349.26873779296875 342.899993896484375 335.34375 325.475006103515625 312.818756103515625 299.82501220703125 294.35626220703125 290.649993896484375 287.76873779296875 287.068756103515625 287.35626220703125 287.225006103515625 287.350006103515625 281.368743896484375 270.96875 255.6062469482421875 239.912506103515625 226.2062530517578125 235.9562530517578125 253.1750030517578125 263.26251220703125 262.23126220703125 252.149993896484375 236.9875030517578125 223.8249969482421875 214.3312530517578125 206.993743896484375 203.087493896484375
387.024993896484375 379.274993896484375 377.65625 380.756256103515625 386.100006103515625 394.881256103515625 404.131256103515625 412.774993896484375 415.837493896484375 409.537506103515625 400.66876220703125 392.23126220703125 388.83123779296875 390 384.850006103515625 371.931243896484375 361.86248779296875 351.34375 343.5625 336.4375 323.32501220703125 311.100006103515625 300.64373779296875 295.274993896484375 291.46875 289.024993896484375 290.92498779296875 289.20001220703125 285.875 281.92498779296875 272.46875 261.725006103515625 251.181243896484375 243.681243896484375 239.056243896484375 247.618743896484375 265.056243896484375 277.837493896484375 276.3125 263.14373779296875 245.3625030517578125 230.375 219.0500030517578125 210.1437530517578125 204.9124908447265625
387.08123779296875 379.35626220703125 375.21875 378.14373779296875 386.03125 398.46875 409.09375 419.53125 426.01251220703125 413.1875 392.96875 371.85626220703125 357.71875 356.568756103515625 360.962493896484375 360.6875 356.125 348.806243896484375 341.537506103515625 333.875 321.787506103515625 309.13751220703125 297.743743896484375 291.756256103515625 289.443756103515625 289.11248779296875 292.04376220703125 289.568756103515625 283.975006103515625 276.037506103515625 265.33123779296875 255.931243896484375 253.131256103515625 251.662506103515625 253.5749969482421875 261.3125 278.45623779296875 297.90625 293.743743896484375 272.58123779296875 251.5437469482421875 235.7312469482421875 221.59375 211.4187469482421875 205.6999969482421875
388.606231689453125 378.725006103515625 372.38751220703125 376.15625 386.618743896484375 398.993743896484375 411.1875 421.431243896484375 424.54998779296875 407.58123779296875 382.83123779296875 358.212493896484375 332.368743896484375 334.23126220703125 345.725006103515625 350.36248779296875 349.41876220703125 343.868743896484375 337.568756103515625 330.61248779296875 317.51873779296875 304.649993896484375 293.306243896484375 286.67498779296875 285.33123779296875 284.975006103515625 289.35626220703125 286.287506103515625 280.45001220703125 274.662506103515625 266.90625 260.956268310546875 260.381256103515625 261.662506103515625 265.337493896484375 272.587493896484375 285.931243896484375 301.28125 295.98748779296875 274.98126220703125 253.475006103515625 236.631256103515625 222.306243896484375 211.6999969482421875 206.743743896484375
392.29376220703125 381.51251220703125 372.41876220703125 379.712493896484375 394.29998779296875 404.600006103515625 413.29376220703125 419.625 416.587493896484375 402.193756103515625 380.73126220703125 358.65625 339.96875 336.287506103515625 341.38751220703125 345.96875 346.53125 342.787506103515625 335.86248779296875 326.5 313.100006103515625 298.78125 286.756256103515625 279.33123779296875 277.274993896484375 278.45001220703125 281.493743896484375 282.375 279.193756103515625 277.13751220703125 273.46875 271.45623779296875 270.48126220703125 272.03125 275.21875 278.712493896484375 286.462493896484375 290.26251220703125 284.13751220703125 269.193756103515625 250.350006103515625 234.65625 221.068756103515625 211.8249969482421875 205.3562469482421875
404.912506103515625 399.006256103515625 391.71875 397.318756103515625 405.35626220703125 412.79376220703125 417.34375 417.54376220703125 411.23748779296875 398.118743896484375 382.006256103515625 366.13751220703125 351.51873779296875 344.28125 344.162506103515625 346.1875 346.993743896484375 343.09375 335.787506103515625 324.993743896484375 311.431243896484375 294.20623779296875 280.412506103515625 270.33123779296875 269.11248779296875 271.975006103515625 277.868743896484375 280.20623779296875 280.33123779296875 279.024993896484375 280.51873779296875 281.70001220703125 281.899993896484375 281.20001220703125 282.71875 282.631256103515625 284.08123779296875 281.837493896484375 274.318756103515625 261.243743896484375 245.399993896484375 230.681243896484375 217.0625 208.837493896484375 205.1687469482421875
420.33123779296875 417.08123779296875 414.78125 417.16876220703125 419.79998779296875 422.86248779296875 424.024993896484375 419.08123779296875 410.462493896484375 400.21875 387.28125 374.131256103515625 361.51873779296875 352.987518310546875 350.162506103515625 350.462493896484375 349.96875 345.35626220703125 338.756256103515625 326.318756103515625 310.07501220703125 293.84375 276.38751220703125 264.92498779296875 266.5625 269.48748779296875 275.39373779296875 279.20001220703125 281.39373779296875 282.568756103515625 286.462493896484375 289.01251220703125 290.412506103515625 288.818756103515625 287.006256103515625 285.17498779296875 283.16876220703125 277.0625 267.287506103515625 255.5374908447265625 240.649993896484375 225.9499969482421875 213.431243896484375 206.225006103515625 208.649993896484375
439.556243896484375 436.868743896484375 437.350006103515625 438.3125 438.4375 435.806243896484375 431.84375 423.787506103515625 414.5625 403.631256103515625 392.13751220703125 380.774993896484375 368.318756103515625 358.89373779296875 355.306243896484375 354.58123779296875 352.88751220703125 350.57501220703125 341.54376220703125 330.399993896484375 316 298.068756103515625 285.024993896484375 274.46875 272.04376220703125 272.20001220703125 276.88751220703125 280.024993896484375 282.89373779296875 286.743743896484375 290.16876220703125 293.037506103515625 293.79376220703125 291.256256103515625 289.006256103515625 285.681243896484375 280.693756103515625 273.92498779296875 264.60626220703125 252.1437530517578125 238.7687530517578125 225.1875 211.9562530517578125 206.21875 217.7312469482421875
455.86248779296875 455.943756103515625 457.006256103515625 458.899993896484375 457.556243896484375 449.86248779296875 438.9375 429.618743896484375 418.412506103515625 407.774993896484375 397.46875 385.79376220703125 373.875 365.92498779296875 362.431243896484375 361.962493896484375 362.587493896484375 357.86248779296875 349.631256103515625 338.493743896484375 323.462493896484375 306.625 294.39373779296875 284.9375 279.806243896484375 277.131256103515625 280.51251220703125 283.08123779296875 286.51251220703125 290.431243896484375 292.899993896484375 295.024993896484375 295.01251220703125 293.337493896484375 291.1875 286.181243896484375 281.006256103515625 273.51251220703125 264.662506103515625 252.368743896484375 237.756256103515625 225.5749969482421875 216.306243896484375 216.149993896484375 228.962493896484375
466.95001220703125 468.350006103515625 472.131256103515625 475.78125 472.881256103515625 459.54998779296875 444.443756103515625 433.23748779296875 421.024993896484375 409.09375 400.03125 390.84375 380.75 373.262481689453125 371.0625 369.51873779296875 368.100006103515625 364.53125 358.350006103515625 346.01873779296875 330.53125 316.1875 303.36248779296875 293.4375 287.66876220703125 284.14373779296875 285.79998779296875 287.32501220703125 290.006256103515625 292.8125 295.712493896484375 297.506256103515625 296.162506103515625 295.29376220703125 292.67498779296875 287.6875 281.70623779296875 275.65625 266.76873779296875 256.118743896484375 244.774993896484375 236.024993896484375 230.28125 231.2687530517578125 237.40625
473.04998779296875 475.881256103515625 477.475006103515625 481.243743896484375 480.39373779296875 461.875 446.54376220703125 433.38751220703125 420.95623779296875 410.26873779296875 402.600006103515625 394.86248779296875 386.600006103515625 378.774993896484375 377.26251220703125 375.20623779296875 374.024993896484375 371.51251220703125 365.787506103515625 353.975006103515625 337.91876220703125 322.9375 311.524993896484375 301.36248779296875 294.26873779296875 291.256256103515625 291.96875 292.381256103515625 294.837493896484375 296.36248779296875 298.774993896484375 300.36248779296875 298.274993896484375 296.95623779296875 294.243743896484375 289.23748779296875 283.03125 278.16876220703125 271.193756103515625 261.962493896484375 253.4562530517578125 247.46875 243.9875030517578125 242.7687530517578125 247.1750030517578125
473.625 476.149993896484375 476.01873779296875 476.243743896484375 471.98126220703125 456.67498779296875 444.625 430.568756103515625 418.962493896484375 409.10626220703125 402.118743896484375 395.76873779296875 389.32501220703125 384.0625 382.76873779296875 380.09375 376.193756103515625 372.881256103515625 365.837493896484375 356.13751220703125 340.70001220703125 326.649993896484375 316.38751220703125 306.54376220703125 300.98748779296875 297.274993896484375 296.59375 296.975006103515625 297.537506103515625 299.850006103515625 301.70001220703125 302.743743896484375 300.75 299.112518310546875 296.45623779296875 290.84375 286.3125 280.11248779296875 273.1875 266.26251220703125 262.23126220703125 258.86248779296875 257.15625 258.76251220703125 263.08123779296875
466.11248779296875 468.23126220703125 468.20623779296875 466.806243896484375 460.149993896484375 446.649993896484375 433.443756103515625 420.89373779296875 408.51873779296875 402.39373779296875 399.787506103515625 395.6875 393.59375 391.70001220703125 387.993743896484375 382.98126220703125 376.51251220703125 370.45623779296875 362.67498779296875 354.04376220703125 340.42498779296875 327.67498779296875 317.524993896484375 310.78125 305.64373779296875 302.79376220703125 301.643768310546875 300.0625 300.28125 303.79998779296875 305.11248779296875 304.76873779296875 303.26251220703125 302.100006103515625 298.774993896484375 294.10626220703125 289.04998779296875 283.26251220703125 276.32501220703125 273.86248779296875 271.08123779296875 269.756256103515625 270.475006103515625 274.48126220703125 283.9375
456.087493896484375 458.149993896484375 457.149993896484375 455.100006103515625 446.931243896484375 434.67498779296875 422.40625 409.65625 398.60626220703125 391.899993896484375 391.58123779296875 394.912506103515625 397.818756103515625 396.649993896484375 391.649993896484375 383.756256103515625 376.4375 369.76873779296875 360.16876220703125 350.399993896484375 338.53125 327.41876220703125 318.375 312.59375 308.681243896484375 305.98126220703125 304.25 303.524993896484375 304.48126220703125 306.41876220703125 308.51873779296875 308.51873779296875 306.42498779296875 305.54998779296875 302.42498779296875 297.51251220703125 291.712493896484375 284.875 280.975006103515625 279.493743896484375 277.36248779296875 278.068756103515625 280.931243896484375 286.493743896484375 297.11248779296875
447.95001220703125 448.3125 446.662506103515625 442.375 435.306243896484375 423.92498779296875 410.225006103515625 397.300018310546875 383.67498779296875 378.76251220703125 383.493743896484375 392.037506103515625 402.149993896484375 404.475006103515625 397 385.412506103515625 375 366.212493896484375 356.41876220703125 344.91876220703125 335.23126220703125 325.58123779296875 317.712493896484375 312.83123779296875 310.35626220703125 307.243743896484375 306.65625 306.78125 307.600006103515625 308.787506103515625 310.79998779296875 312.07501220703125 310.38751220703125 308.28125 304.79376220703125 299.46875 292.631256103515625 288.29998779296875 285.45001220703125 283.23126220703125 282.07501220703125 282.712493896484375 286.306243896484375 291.53125 299.65625
438.375 437.212493896484375 434.287506103515625 429.10626220703125 421.931243896484375 408.806243896484375 395.84375 381.006256103515625 365.54998779296875 358.899993896484375 366.9375 383.09375 398.774993896484375 403.818756103515625 396.38751220703125 384.193756103515625 371.1875 361.618743896484375 351.375 339.850006103515625 330.3125 322.58123779296875 315.09375 310.64373779296875 308.881256103515625 307.82501220703125 307.506256103515625 308.306243896484375 309.912506103515625 311.037506103515625 313.73748779296875 314.8125 314.212493896484375 312.54376220703125 308.95001220703125 302.5625 298.38751220703125 293.149993896484375 288.5 286.193756103515625 285.10626220703125 286.087493896484375 288.42498779296875 292.92498779296875 298.13751220703125
428.243743896484375 426.53125 421.66876220703125 416.024993896484375 408.6875 396.64373779296875 385.193756103515625 369.537506103515625 350.17498779296875 335.868743896484375 350.6875 380.662506103515625 397.6875 399.53125 392.76873779296875 380.6875 366.88751220703125 356.662506103515625 346 334.056243896484375 325.774993896484375 317.39373779296875 311.14373779296875 307.774993896484375 307.274993896484375 307.88751220703125 308.4375 310.46875 312.537506103515625 314.16876220703125 316.58123779296875 317.850006103515625 318.162506103515625 317.149993896484375 313.61248779296875 307.850006103515625 302.51873779296875 296.212493896484375 291.756256103515625 288.024993896484375 284.943756103515625 285.36248779296875 288.274993896484375 291.4375 294.66876220703125
417.306243896484375 415.024993896484375 409.54998779296875 404.67498779296875 398.350006103515625 389.412506103515625 378.806243896484375 365.48126220703125 348.287506103515625 331.449981689453125 364.16876220703125 394.79998779296875 402.006256103515625 398.54998779296875 390.28125 377.23126220703125 361.95623779296875 352.287506103515625 342.10626220703125 330.20001220703125 321.368743896484375 312.537506103515625 306.28125 304.10626220703125 304.73126220703125 307.01251220703125 307.98126220703125 310.693756103515625 313.806243896484375 316.587493896484375 318.600006103515625 319.100006103515625 319.837493896484375 319.850006103515625 316.67498779296875 311.09375 304.26251220703125 298.20623779296875 293.631256103515625 288.78125 284.20001220703125 284.83123779296875 285.75 286.524993896484375 289.67498779296875
404.28125 399.162506103515625 394.875 390.26251220703125 385.32501220703125 378.23748779296875 370.01251220703125 364.618743896484375 362.443756103515625 375.9375 414.943756103515625 414.42498779296875 406.118743896484375 398.29376220703125 388.5625 374.881256103515625 360.98748779296875 349.88751220703125 338.67498779296875 326.943756103515625 316.225006103515625 307.48748779296875 301.837493896484375 300.306243896484375 301.118743896484375 303.806243896484375 306.431243896484375 310.462493896484375 315.100006103515625 319.475006103515625 321.57501220703125 322.056243896484375 321.84375 320.01873779296875 319.26251220703125 313.48126220703125 305.850006103515625 299.76251220703125 293.912506103515625 287.225006103515625 282.33123779296875 281.662506103515625 281.25 282.54998779296875 285.34375
390.850006103515625 385.67498779296875 380.662506103515625 375.056243896484375 372.868743896484375 368.90625 365.01251220703125 366.61248779296875 373.193756103515625 389.29376220703125 408.16876220703125 411.86248779296875 405.149993896484375 397.274993896484375 386.59375 374.14373779296875 360.774993896484375 349.71875 336.243743896484375 323.14373779296875 309.756256103515625 301.475006103515625 296.23748779296875 295.118743896484375 297 299.98748779296875 304.225006103515625 310.21875 315.725006103515625 320.149993896484375 322.28125 324.65625 325.64373779296875 323.475006103515625 319.98748779296875 313.95623779296875 306.287506103515625 299.412506103515625 292.600006103515625 284.98126220703125 279.806243896484375 278.306243896484375 276.66876220703125 277.04998779296875 279.931243896484375
