data/historical-monthly-weather-data/wc2.1_cruts4.09_10m_prec_2003-07.asc
ncols        51
nrows        45
xllcorner    -63.500000000000
yllcorner    -7.500000000000
cellsize     0.166666666667
NODATA_value -9999
[rows 0 to 18 of 45, columns 0 to 43 of 51]
389.100006103515625 380.649993896484375 370.243743896484375 366.95623779296875 358.32501220703125 350.54998779296875 342.587493896484375 331.618743896484375 327.681243896484375 326.475006103515625 319.306243896484375 311.26251220703125 301.66876220703125 296.58123779296875 292.08123779296875 284.26251220703125 276.118743896484375 262.91876220703125 252.34375 245.7937469482421875 242.5124969482421875 233.46875 226.2375030517578125 219.6750030517578125 215.743743896484375 208.0812530517578125 203.662506103515625 199.78125 193.9562530517578125 193.587493896484375 185.712493896484375 182.6687469482421875 185.4499969482421875 184.506256103515625 183.21875 180.4562530517578125 174.2687530517578125 177.3249969482421875 172.087493896484375 168.306243896484375 170.600006103515625 173.3625030517578125 170.65625 170.381256103515625
373.800018310546875 364.9375 355.931243896484375 354.8125 351.17498779296875 345.006256103515625 337.149993896484375 329.5 326.225006103515625 321.649993896484375 314.20001220703125 304.1875 294.524993896484375 286.6875 277.943756103515625 269.787506103515625 260.20001220703125 248.024993896484375 238.5749969482421875 230.3625030517578125 220.8874969482421875 216.631256103515625 211.818756103515625 210.162506103515625 201.756256103515625 196.125 193.2062530517578125 190.837493896484375 184.40625 180.975006103515625 178.431243896484375 181.193756103515625 182.806243896484375 185.462493896484375 185.1750030517578125 179.6125030517578125 173.943756103515625 174.1750030517578125 168.5 166.837493896484375 170.8937530517578125 170.412506103515625 169.1437530517578125 165.8937530517578125
334.818756103515625 334.949981689453125 334.681243896484375 331.21875 325.75 319.13751220703125 315.45001220703125 315.431243896484375 314.51873779296875 310.33123779296875 303.368743896484375 291.1875 284.381256103515625 271.76873779296875 261.274993896484375 251.3937530517578125 242.78125 231.5187530517578125 221.537506103515625 215.806243896484375 207.5 204.662506103515625 201.943756103515625 199.131256103515625 193.3562469482421875 185.462493896484375 187.8249969482421875 184.556243896484375 179.774993896484375 178.1999969482421875 176.34375 173 175.78125 181.412506103515625 175.65625 169.162506103515625 167.8125 170.2624969482421875 164.118743896484375 163.181243896484375 166.1062469482421875 166.868743896484375 164.09375 162.7062530517578125
300.20001220703125 295.73126220703125 301.79998779296875 306.28125 300.70623779296875 293.600006103515625 290.42498779296875 296.287506103515625 300.956268310546875 299.881256103515625 288.40625 276.54998779296875 267.83123779296875 260.899993896484375 247.3874969482421875 234.3249969482421875 223.4250030517578125 214.4812469482421875 208.4562530517578125 208.193756103515625 202.149993896484375 194.475006103515625 191.350006103515625 190.5749969482421875 186.59375 180.681243896484375 179.4375 172.912506103515625 171.743743896484375 175.4250030517578125 174.2624969482421875 170.368743896484375 168.118743896484375 167.024993896484375 163.40625 165.90625 167.3312530517578125 163 159.6062469482421875 157.818756103515625 163.037506103515625 166.162506103515625 163.6750030517578125 161.493743896484375
297.83123779296875 281.45623779296875 267.66876220703125 272.637481689453125 278.068756103515625 271.756256103515625 273.25 279.34375 283.037506103515625 280.868743896484375 277.625 264.649993896484375 255.875 247.243743896484375 233.2375030517578125 220.5500030517578125 208.7312469482421875 202.3874969482421875 193.725006103515625 192.65625 190.46875 183.556243896484375 179.4375 183.5749969482421875 179.118743896484375 172.9499969482421875 169.28125 168.9875030517578125 167.0625 166.181243896484375 167.193756103515625 166.556243896484375 167.25 164.881256103515625 161.287506103515625 158.037506103515625 159.125 158.71875 154.375 154.7062530517578125 158.59375 157.756256103515625 159.2937469482421875 159.6875
275.58123779296875 268.056243896484375 258.39373779296875 236 245.34375 257.681243896484375 259.08123779296875 261.96875 268.40625 265.868743896484375 260.21875 250.1687469482421875 242.881256103515625 229.40625 220.2062530517578125 208.9812469482421875 195.5749969482421875 186.7937469482421875 182.625 183.4875030517578125 180.9812469482421875 176.71875 175.3312530517578125 172.806243896484375 171.75 167.8000030517578125 164.5749969482421875 163.256256103515625 160.0625 159.4562530517578125 160.3000030517578125 163.6374969482421875 162.149993896484375 162.9437408447265625 158.1750030517578125 156.756256103515625 151.3312530517578125 151.1687469482421875 152.2375030517578125 155.25 152.962493896484375 154.756256103515625 154.024993896484375 152.3937530517578125
257.8125 251.6374969482421875 244.5437469482421875 234.9250030517578125 227.8562469482421875 224.7687530517578125 233.78125 242.21875 243.993743896484375 245.037506103515625 243.5500030517578125 230.662506103515625 226.8874969482421875 217.006256103515625 205.412506103515625 197.3312530517578125 188.381256103515625 176.818756103515625 168.75 173.6437530517578125 171.0812530517578125 166.9187469482421875 164.162506103515625 165.2312469482421875 163.693756103515625 163.1374969482421875 163.6374969482421875 157.6750030517578125 152.5812530517578125 156.2624969482421875 156.056243896484375 154.3249969482421875 153.162506103515625 156.53125 156.8312530517578125 153.181243896484375 147.412506103515625 145.21875 147.7062530517578125 151.7687530517578125 148.8625030517578125 147.2062530517578125 148.181243896484375 146.1750030517578125
244.9562530517578125 235.1875 231.287506103515625 227.15625 224.524993896484375 229.71875 224.90625 213.7312469482421875 211.71875 214.475006103515625 215.818756103515625 211.600006103515625 207.875 199.225006103515625 192.5187530517578125 185.3312530517578125 176.1687469482421875 167.287506103515625 161.181243896484375 158.4562530517578125 161.8937530517578125 161.59375 158 158.6999969482421875 160.15625 155.618743896484375 155.4812469482421875 148.712493896484375 147.806243896484375 147.399993896484375 151.71875 150.443756103515625 150.912506103515625 150.662506103515625 149.21875 143.7312469482421875 139.1875 137.6062469482421875 136.681243896484375 136.631256103515625 135.7687530517578125 136.75 136.96875 134.287506103515625
232.818756103515625 224.837493896484375 219.712493896484375 219.5437469482421875 220.0124969482421875 220.256256103515625 218.337493896484375 214.212493896484375 205.837493896484375 196.6999969482421875 194.3249969482421875 187.962493896484375 191.4375 184.087493896484375 178.431243896484375 172.34375 167.7125091552734375 164.375 164.431243896484375 155.5 152.493743896484375 156.7312469482421875 154.25 157.2937469482421875 157.6999969482421875 149.8249969482421875 145.931243896484375 146.9499969482421875 146.9250030517578125 145.462493896484375 150.475006103515625 145.725006103515625 140.2312469482421875 137.756256103515625 137.975006103515625 138.9562530517578125 138.131256103515625 138.0812530517578125 134.4124908447265625 130.9187469482421875 128.4875030517578125 127.90625 128.65625 124.77500152587890625
218.09375 212.8312530517578125 210.9375 211.3937530517578125 212.100006103515625 215.5187530517578125 213.5124969482421875 210.100006103515625 204.7062530517578125 200.03125 190.881256103515625 177.649993896484375 177.0500030517578125 172.787506103515625 169.1125030517578125 166.162506103515625 159.7937469482421875 161.693756103515625 162.9812469482421875 159.693756103515625 155.9250030517578125 150.9187469482421875 146.125 149.3249969482421875 148.524993896484375 146.9375 143.037506103515625 142.6374969482421875 140.4375 140.0812530517578125 142.4499969482421875 137.993743896484375 135.7312469482421875 132.912506103515625 131.1999969482421875 133.2937469482421875 133.943756103515625 134.462493896484375 131.2937469482421875 130.943756103515625 130.5187530517578125 127.4187469482421875 122.6750030517578125 115.8562469482421875
208.3249969482421875 204.3874969482421875 202 204.15625 204.4562530517578125 207.962493896484375 207.568756103515625 199.9812469482421875 191.1437530517578125 186.9875030517578125 183.118743896484375 174.056243896484375 163.118743896484375 161.2937469482421875 155.7312469482421875 153.149993896484375 152.693756103515625 155.3000030517578125 157.0437469482421875 161.256256103515625 162.6374969482421875 155.787506103515625 145.181243896484375 136.725006103515625 142.8249969482421875 149.475006103515625 146.537506103515625 142.8312530517578125 135.5812530517578125 135.024993896484375 135.25 134.8562469482421875 133.868743896484375 130.0437469482421875 130.1750030517578125 130.368743896484375 131.118743896484375 128.306243896484375 131.15625 128.931243896484375 124.9875030517578125 120.75 118.96250152587890625 109.34999847412109375
199.5749969482421875 194.3125 193.087493896484375 196.0124969482421875 197.899993896484375 201.1750030517578125 202.3312530517578125 195.46875 184.125 174.5500030517578125 168.962493896484375 165.256256103515625 152.693756103515625 147.975006103515625 148.725006103515625 143.9812469482421875 143.75 146.5812530517578125 149.5437469482421875 156.5187530517578125 163.743743896484375 160.100006103515625 154.875 143.618743896484375 140.8249969482421875 135.912506103515625 134.037506103515625 134.056243896484375 130.287506103515625 128.7937469482421875 125.53749847412109375 125.15000152587890625 126.0437469482421875 125.50624847412109375 127.63124847412109375 129.743743896484375 128.5124969482421875 129.806243896484375 124.68125152587890625 122.53749847412109375 117.7937469482421875 116.125 109.1999969482421875 98.49375152587890625
185.368743896484375 183.8125 184.9812469482421875 185.3937530517578125 185.4250030517578125 188.662506103515625 187.3562469482421875 179.493743896484375 169.8874969482421875 164.6750030517578125 160.8562469482421875 154.46875 149.337493896484375 135.712493896484375 132.149993896484375 134.149993896484375 134.3000030517578125 138.6687469482421875 142.506256103515625 146.9187469482421875 151.6437530517578125 149.881256103515625 148.899993896484375 141.1875 131.5500030517578125 127.1437530517578125 126.94374847412109375 127.81874847412109375 125.40000152587890625 122.65000152587890625 119.1687469482421875 115.24375152587890625 118.50624847412109375 119.49375152587890625 121.2937469482421875 124.46250152587890625 128.056243896484375 132.2937469482421875 132.4562530517578125 124.09375 114.3937530517578125 109.56874847412109375 99.1374969482421875 91.81874847412109375
173.6374969482421875 172.0500030517578125 173.618743896484375 173.225006103515625 172.181243896484375 172.3125 169.975006103515625 164.0124969482421875 160.2937469482421875 153.0625 148.75 144.381256103515625 136.818756103515625 127.9187469482421875 117.00624847412109375 121.43125152587890625 120.90000152587890625 126.375 128.9812469482421875 134.212493896484375 137.649993896484375 139.5749969482421875 140.0124969482421875 135.6750030517578125 127.41249847412109375 121.8312530517578125 119.5749969482421875 116.875 114.56874847412109375 112.52500152587890625 113.96250152587890625 112.13124847412109375 111.52500152587890625 112.6062469482421875 115.18125152587890625 122.7312469482421875 131.53125 140.2624969482421875 142.806243896484375 132.756256103515625 112.03749847412109375 100.3312530517578125 98.58750152587890625 103.83750152587890625
164.75 161.3125 160.9499969482421875 161.53125 158.774993896484375 157.100006103515625 158.1687469482421875 152.5500030517578125 147.375 141.006256103515625 136.587493896484375 131.0187530517578125 125.95624542236328125 119.9499969482421875 105.9875030517578125 106.25624847412109375 106.8625030517578125 111.22499847412109375 114.69374847412109375 120.67499542236328125 126.91249847412109375 129.2312469482421875 130.850006103515625 131.0749969482421875 127.8937530517578125 124.40000152587890625 121.41249847412109375 116.63124847412109375 114.9375 114.0124969482421875 109.71250152587890625 109.11875152587890625 112.8874969482421875 112 109.08750152587890625 114.91249847412109375 130.6750030517578125 147.09375 151.618743896484375 140.46875 126.27500152587890625 116.4875030517578125 120.1750030517578125 115.44374847412109375
152.568756103515625 149.8937530517578125 150.181243896484375 148.743743896484375 147.024993896484375 148.0124969482421875 144.118743896484375 139.368743896484375 135.306243896484375 131.9375 126.25624847412109375 121.5812530517578125 117.2624969482421875 111.6999969482421875 101.30625152587890625 88.49375152587890625 91.63124847412109375 97.6062469482421875 100.53749847412109375 106.9499969482421875 112.43125152587890625 118.41249847412109375 123.1062469482421875 130.0812530517578125 129.943756103515625 126.34375 120.6687469482421875 113.28749847412109375 111.97499847412109375 111.58750152587890625 114.125 108.8874969482421875 106.56874847412109375 104.31874847412109375 103.0625 118.75624847412109375 132.274993896484375 146.943756103515625 156.162506103515625 156.875 149.6999969482421875 139.631256103515625 131.8625030517578125 120.6125030517578125
141.181243896484375 139.1374969482421875 140.037506103515625 140.03125 139.368743896484375 136.306243896484375 134.4375 130.256256103515625 126.69374847412109375 123.5437469482421875 118.9499969482421875 113.15625 107.52500152587890625 103.96875 100.7375030517578125 92.0812530517578125 83.2624969482421875 84.38124847412109375 91.8562469482421875 97.30625152587890625 102.44374847412109375 109.46875 118.6437530517578125 129.1437530517578125 133.8625030517578125 122.6437530517578125 112.59999847412109375 106.40625 107.625 110.52500152587890625 113.59999847412109375 115.31874847412109375 112.3000030517578125 110.91249847412109375 121.34999847412109375 130.931243896484375 147.875 169.125 183.318756103515625 170.53125 159.28125 144.96875 129.90625 121.18125152587890625
129.881256103515625 130.0500030517578125 129.600006103515625 130.8937530517578125 130.100006103515625 125.8312530517578125 123.03749847412109375 120.40625 117.3125 111.4499969482421875 107.75624847412109375 105.27500152587890625 100.5812530517578125 97.27500152587890625 96.3625030517578125 92.77500152587890625 85.5625 76.27500152587890625 84.7687530517578125 89.06874847412109375 94.13124847412109375 100.75 113.6374969482421875 122.96875 126.5 115.9187469482421875 105.71250152587890625 102.28749847412109375 104.7687530517578125 105.2624969482421875 102.83750152587890625 103.2312469482421875 119.47499847412109375 126.68125152587890625 127.75 143.40625 164.28125 177.9499969482421875 184.28125 174.6875 154.4187469482421875 140.3312530517578125 126.34999847412109375 117.90000152587890625
119.43125152587890625 119.77500152587890625 118.28125 118.50624847412109375 119.36875152587890625 116.8312530517578125 112.7375030517578125 111.34375 109.5124969482421875 104.77500152587890625 101.1687469482421875 96.41249847412109375 93.2624969482421875 91.96250152587890625 88.2624969482421875 87.47499847412109375 84.27500152587890625 78.2624969482421875 74.88124847412109375 77.3562469482421875 86.56874847412109375 100.28125 95.84375 106.49375152587890625 111.4375 110.78749847412109375 105.11875152587890625 100.09375 103.00624847412109375 104.9375 104.84999847412109375 107.59375 119.625 123.8625030517578125 129 141.868743896484375 152.8625030517578125 161.46875 167.65625 156.287506103515625 144.65625 130.1750030517578125 120.0812530517578125 112.5437469482421875
