data/historical-monthly-weather-data/wc2.1_cruts4.09_10m_prec_1973-05.asc
ncols        51
nrows        45
xllcorner    -63.500000000000
yllcorner    -7.500000000000
cellsize     0.166666666667
NODATA_value -9999
[rows 0 to 19 of 45, columns 0 to 44 of 51]
421.725006103515625 412.75 403.98126220703125 402.493743896484375 397.29376220703125 389.90625 377.600006103515625 368.23126220703125 361.037506103515625 357.23748779296875 351.54998779296875 344.45623779296875 339.774993896484375 335.975006103515625 331.556243896484375 329.287506103515625 325.524993896484375 319.59375 316.287506103515625 315.90625 317.631256103515625 319.193756103515625 324.756256103515625 328.4375 334.01251220703125 341.475006103515625 346.381256103515625 353.11248779296875 357.375 366.443756103515625 371.0625 378.39373779296875 385.61248779296875 390.67498779296875 395.9375 403.462493896484375 409.36248779296875 411.65625 413.625 417.76873779296875 418.443756103515625 419.95001220703125 417.631256103515625 420.618743896484375 419.493743896484375
423.28125 414.51873779296875 413.100006103515625 416.48748779296875 419.443756103515625 415.51251220703125 405.21875 398.07501220703125 394.318756103515625 388.399993896484375 383.76873779296875 376.024993896484375 368.506256103515625 361.61248779296875 353.73126220703125 346.73126220703125 340.100006103515625 332.837493896484375 331.537506103515625 331.85626220703125 334.818756103515625 339.14373779296875 343.693756103515625 349.82501220703125 354.350006103515625 358.78125 363.76251220703125 367.931243896484375 371.40625 377.662506103515625 382.306243896484375 393.381256103515625 396.35626220703125 402.61248779296875 405.65625 406.418731689453125 413.443756103515625 415.54998779296875 419.381256103515625 416.25 415.8125 421.76873779296875 419.33123779296875 415.756256103515625 415.45001220703125
413.212493896484375 410.3125 417.10626220703125 424.35626220703125 430.01873779296875 432.17498779296875 431.40625 432.118743896484375 431.65625 427.46875 422.212493896484375 411.08123779296875 399.61248779296875 386.743743896484375 376.068756103515625 367.38751220703125 356.54998779296875 347.3125 345.243743896484375 346.443756103515625 351.399993896484375 360 366.850006103515625 372.67498779296875 377.60626220703125 385.375 390.41876220703125 390.649993896484375 389.618743896484375 395.006256103515625 399.743743896484375 407.84375 415.32501220703125 418.649993896484375 423.818756103515625 422.66876220703125 426.59375 429.100006103515625 429.756256103515625 428.743743896484375 431.16876220703125 429.243743896484375 429.13751220703125 425.17498779296875 422.131256103515625
396.86248779296875 393.368743896484375 412.61248779296875 424.76873779296875 436.82501220703125 443.33123779296875 449.92498779296875 459.943756103515625 468.88751220703125 469.037506103515625 460.962493896484375 445.962493896484375 427.41876220703125 411.131256103515625 396.975006103515625 383.806243896484375 369.35626220703125 360.149993896484375 357.41876220703125 361.67498779296875 374.04376220703125 383.17498779296875 389.993743896484375 397.712493896484375 403.53125 409.243743896484375 413.375 408.90625 405.53125 413.61248779296875 418.868743896484375 425.96875 430.912506103515625 433.1875 434.67498779296875 440.243743896484375 445.20001220703125 446.29998779296875 446.6875 446.07501220703125 444.92498779296875 446.63751220703125 439.818756103515625 433.54376220703125 433.337493896484375
405.63751220703125 399.068756103515625 401.13751220703125 416.89373779296875 436.65625 446.90625 461.149993896484375 479.350006103515625 498.649993896484375 507.0625 493.681243896484375 469.850006103515625 452.068756103515625 434.5625 417.16876220703125 399.38751220703125 381.350006103515625 372.412506103515625 369.649993896484375 376.54376220703125 391.20623779296875 401.26251220703125 408.306243896484375 421.48126220703125 426.04376220703125 431.75 426.931243896484375 425.33123779296875 421.79376220703125 427.618743896484375 435.306243896484375 439.837493896484375 443.42498779296875 450.20623779296875 454.256256103515625 455.631256103515625 461.76251220703125 465.57501220703125 466.71875 464.193756103515625 464.35626220703125 459.1875 452.1875 447.412506103515625 442.056243896484375
408.26873779296875 403.899993896484375 404.33123779296875 403.35626220703125 424.29998779296875 443.212493896484375 459.36248779296875 475.587493896484375 497.95001220703125 510.59375 500.787506103515625 475.10626220703125 461.118743896484375 446.60626220703125 426.51873779296875 412.96875 393.618743896484375 384.92498779296875 385.95623779296875 396.837493896484375 409.524993896484375 421.57501220703125 432.625 437.17498779296875 442.14373779296875 446.506256103515625 441.48748779296875 435.92498779296875 434.09375 441.412506103515625 449.83123779296875 457.85626220703125 462.306243896484375 469.212493896484375 473.54376220703125 477.4375 480.931243896484375 483.48126220703125 489.54376220703125 486.32501220703125 480.51873779296875 475.524993896484375 466.20001220703125 459.9375 454.787506103515625
414.33123779296875 409.125 408.70001220703125 408.76251220703125 416.168731689453125 427 441.95001220703125 457.88751220703125 464.45001220703125 478.51873779296875 481.368743896484375 469.04376220703125 461.475006103515625 451.95001220703125 437.181243896484375 423.0625 411.95001220703125 409.368743896484375 411.337493896484375 424.412506103515625 432.899993896484375 441.118743896484375 445.90625 452.48126220703125 457.92498779296875 464.73126220703125 456.431243896484375 448.76873779296875 441.475006103515625 450.46875 461.368743896484375 467.38751220703125 471.381256103515625 479.681243896484375 487.475006103515625 494.51873779296875 496.01873779296875 498.524993896484375 504.649993896484375 504.76873779296875 495.375 485.57501220703125 475.75 471.337493896484375 461.92498779296875
418.73748779296875 413.306243896484375 412.375 415.625 422.16876220703125 432.768768310546875 433.67498779296875 425.32501220703125 418.48748779296875 436.537506103515625 458.193756103515625 460.118743896484375 462.4375 456.5 447.350006103515625 439.26251220703125 431.32501220703125 435.287506103515625 440.10626220703125 447.45001220703125 458.681243896484375 462.54998779296875 465.912506103515625 464.66876220703125 471.59375 468.23748779296875 464.67498779296875 454.493743896484375 447.64373779296875 457.33123779296875 468.33123779296875 474.73748779296875 482.17498779296875 487.6875 492.21875 496.89373779296875 501.431243896484375 507.368743896484375 508.193756103515625 500.53125 496.65625 487.1875 479.287506103515625 469.975006103515625 458.04376220703125
422.34375 418.01251220703125 419.45623779296875 420.48748779296875 424.350006103515625 431.212493896484375 431.15625 425.38751220703125 409.318756103515625 408.61248779296875 430.399993896484375 444.149993896484375 456.024993896484375 453.556243896484375 450.4375 450.57501220703125 449.181243896484375 457.543731689453125 468.100006103515625 466.6875 465.73126220703125 473.649993896484375 469.381256103515625 478.29998779296875 475.01873779296875 469.28125 460.36248779296875 456.42498779296875 455.78125 461.462493896484375 474.21875 477.26873779296875 475.5 476.899993896484375 485.431243896484375 492.58123779296875 499.056243896484375 506.181243896484375 510.03125 500 489.837493896484375 479.67498779296875 476.524993896484375 472.71875 450.83123779296875
424.41876220703125 423.368743896484375 425.024993896484375 427.95623779296875 427.23748779296875 433.399993896484375 435.181243896484375 432.743743896484375 427.306243896484375 430.09375 440.25 439.92498779296875 453.274993896484375 451.90625 456.78125 458.48126220703125 461.537506103515625 470.881256103515625 483.337493896484375 490.15625 483.537506103515625 477.600006103515625 473.899993896484375 478.01251220703125 470.537506103515625 464.92498779296875 455.84375 452.350006103515625 454.89373779296875 465.399993896484375 469.8125 469.287506103515625 472.51251220703125 475.506256103515625 478.712493896484375 485.256256103515625 490.57501220703125 499.193756103515625 503.600006103515625 502.73126220703125 499.33123779296875 493.975006103515625 478.274993896484375 464.475006103515625 448.837493896484375
425.79376220703125 428.04376220703125 428.42498779296875 431.91876220703125 431.23748779296875 438.89373779296875 442.350006103515625 438.29998779296875 436.350006103515625 443.20623779296875 453.88751220703125 458.23748779296875 452.23126220703125 454.449981689453125 458.806243896484375 463.087493896484375 470.14373779296875 481.943756103515625 493.712493896484375 505.912506103515625 514.03125 499.225006103515625 484.681243896484375 461.943756103515625 465.86248779296875 467.037506103515625 458.20623779296875 453.975006103515625 449.66876220703125 453.78125 460.131256103515625 462.225006103515625 464.17498779296875 466.443756103515625 468.1875 470.318756103515625 475.98126220703125 487.07501220703125 497.212493896484375 500.46875 499.82501220703125 491.11248779296875 484.51873779296875 464.16876220703125 444.42498779296875
427.89373779296875 428.66876220703125 430.368743896484375 433.912506103515625 435.98126220703125 438.725006103515625 446.20001220703125 448.256256103515625 450.59375 451.15625 460.1875 470.806243896484375 458.79998779296875 458.6875 466.66876220703125 467.54376220703125 473.756256103515625 484.743743896484375 497.85626220703125 516.23748779296875 530.40625 524.33123779296875 505.88751220703125 476.662506103515625 458.899993896484375 447.85626220703125 437.11248779296875 434.08123779296875 435.175018310546875 437.79376220703125 436.96875 437.899993896484375 439.76873779296875 441.743743896484375 448.13751220703125 456.26251220703125 465.612518310546875 473.59375 479.95001220703125 485.068756103515625 489.193756103515625 481.23748779296875 466.256256103515625 432.506256103515625 410.04998779296875
430.89373779296875 428.73748779296875 429.587493896484375 433.649993896484375 435.01251220703125 441.15625 444.6875 445.53125 449.443756103515625 456.04376220703125 463.59375 472.46875 470.537506103515625 454.850006103515625 458.03125 466.48126220703125 471.850006103515625 482.600006103515625 494.40625 511.91876220703125 532.17498779296875 524.54998779296875 507.70001220703125 477.75 436.29998779296875 417.73126220703125 420.506256103515625 420.587493896484375 424.03125 427.475006103515625 422.23126220703125 415.39373779296875 414.85626220703125 415.006256103515625 422.662506103515625 436.100006103515625 448.75 462.79376220703125 473.837493896484375 478.32501220703125 478.118743896484375 471.118743896484375 442.21875 414.9375 401.875
424.78125 424.17498779296875 427.15625 430.51251220703125 434.4375 437.943756103515625 440.09375 442.6875 449.54376220703125 455.03125 453.912506103515625 459.399993896484375 460.13751220703125 455.39373779296875 442.64373779296875 455.125 459.98126220703125 467.125 481.5 498.91876220703125 513.21875 509.89373779296875 498.03125 475.20001220703125 442.25 419.98748779296875 412.66876220703125 406.5 407.29998779296875 405.412506103515625 405.48126220703125 396.131256103515625 394.774993896484375 395.16876220703125 400.07501220703125 418.512481689453125 438.625 458.331268310546875 472.17498779296875 471.556243896484375 453.91876220703125 432.36248779296875 422.8125 418.21875 417.40625
418.83123779296875 420.70001220703125 425 427.70623779296875 430.23126220703125 434.3125 440.743743896484375 446.07501220703125 448.91876220703125 448.631256103515625 445.85626220703125 449.100006103515625 446.64373779296875 441.587493896484375 421.725006103515625 430.36248779296875 438.274993896484375 450.725006103515625 463.787506103515625 477.53125 492.1875 494.82501220703125 491.625 483.943756103515625 466.993743896484375 449.36248779296875 432.04998779296875 420.17498779296875 411.912506103515625 404.181243896484375 389.53125 376.993743896484375 380.17498779296875 373.90625 370.306243896484375 383.88751220703125 420.943756103515625 451.181243896484375 461.36248779296875 454.100006103515625 435.01873779296875 425.125 428.82501220703125 421.5625 412.9375
411.64373779296875 412.850006103515625 419.63751220703125 424.375 426.006256103515625 432.85626220703125 440.274993896484375 444.54998779296875 443.931243896484375 444.1875 439.087493896484375 439.76873779296875 437.04998779296875 434.79376220703125 419.84375 402.899993896484375 416.243743896484375 437.475006103515625 445.368743896484375 457.625 472.399993896484375 486.743743896484375 495.493743896484375 498.29376220703125 486.28125 467.08123779296875 446.100006103515625 427.36248779296875 415.256256103515625 407.125 396.556243896484375 379.774993896484375 364.568756103515625 350.88751220703125 344.600006103515625 377.868743896484375 403.375 429.60626220703125 444.625 447.82501220703125 438.068756103515625 427.943756103515625 423.068756103515625 407.056243896484375 398.556243896484375
407 409.181243896484375 413.274993896484375 420.162506103515625 426.449981689453125 430.13751220703125 434.931243896484375 437.774993896484375 439.79376220703125 439.04998779296875 435.98126220703125 439.04376220703125 435.23748779296875 430.60626220703125 420.649993896484375 409.07501220703125 394.53125 411.725006103515625 426.57501220703125 439.98748779296875 455.98126220703125 471.95623779296875 491.41876220703125 506.51873779296875 505.82501220703125 473.024993896484375 446.587493896484375 428.59375 415.618743896484375 405.787506103515625 396.125 384.899993896484375 371.88751220703125 361.29376220703125 373.756256103515625 388.09375 412.39373779296875 437.274993896484375 459.556243896484375 451.28125 438.318756103515625 423.23126220703125 406.625 396.5 390.899993896484375
401.024993896484375 406.243743896484375 413.149993896484375 419.23126220703125 426.20623779296875 434.75 437.649993896484375 438.568756103515625 437.38751220703125 437.08123779296875 433.84375 440.01873779296875 431.53125 429.118743896484375 420.1875 411.399993896484375 398.29998779296875 385.756256103515625 414.48126220703125 424.67498779296875 438.15625 455.818756103515625 475.65625 492.40625 496.21875 471.32501220703125 438.61248779296875 425.4375 414.475006103515625 397.925018310546875 374.600006103515625 356.51873779296875 373.118743896484375 380.53125 385.787506103515625 415.66876220703125 438.725006103515625 447.58123779296875 456.11248779296875 450.631256103515625 425.943756103515625 409.66876220703125 394.73126220703125 386.787506103515625 380.5
394.931243896484375 401.399993896484375 408.193756103515625 418.868743896484375 428.912506103515625 435.04376220703125 440.26873779296875 443.91876220703125 442.118743896484375 442.975006103515625 436.268768310546875 429.20623779296875 423.26251220703125 421.59375 413.837493896484375 409.64373779296875 403.61248779296875 386.181243896484375 387.29998779296875 399.98126220703125 414.962493896484375 438.23126220703125 433.993743896484375 454.17498779296875 460.068756103515625 456.66876220703125 439.3125 417.975006103515625 407.33123779296875 390.068756103515625 371.506256103515625 363.67498779296875 376.70623779296875 384.33123779296875 395.024993896484375 417.26873779296875 427.41876220703125 430.53125 438.91876220703125 427.725006103515625 407.8125 390.65625 382.649993896484375 380.42498779296875 374.79376220703125
386.73748779296875 394.837493896484375 404.1875 412.318756103515625 424.54376220703125 438.931243896484375 447.33123779296875 451.037506103515625 448.64373779296875 443.66876220703125 440.381256103515625 440.125 439.5625 429.96875 418.11248779296875 398.20001220703125 382.381256103515625 386.29376220703125 384.71875 391.32501220703125 391.65625 404.256256103515625 423.018768310546875 429.92498779296875 428.493743896484375 418.10626220703125 410.306243896484375 405.63751220703125 388.806243896484375 368.46875 358.98748779296875 370.01251220703125 376.412506103515625 380.631256103515625 395.29376220703125 410.537506103515625 418.1875 421.024993896484375 418.118743896484375 409.681243896484375 387.61248779296875 372.118743896484375 371.73126220703125 371.26873779296875 371.087493896484375
