data/historical-monthly-weather-data/wc2.1_cruts4.09_10m_prec_1968-07.asc
ncols        51
nrows        45
xllcorner    -63.500000000000
yllcorner    -7.500000000000
cellsize     0.166666666667
NODATA_value -9999
[rows 0 to 18 of 45, columns 0 to 42 of 51]
438.493743896484375 428.3125 412.98126220703125 405.32501220703125 391.78125 378.475006103515625 364.993743896484375 348.631256103515625 340.212493896484375 334.67498779296875 323.21875 312.087493896484375 299.618743896484375 291.79998779296875 285.556243896484375 276.193756103515625 266.59375 252.5625 241.1062469482421875 233.631256103515625 229.399993896484375 219.78125 211.9187469482421875 204.756256103515625 200.0812530517578125 192.149993896484375 188.350006103515625 185.2312469482421875 179.8937530517578125 177.412506103515625 167.774993896484375 162.5625 161.90625 157.875 153.6875 148.7312469482421875 141.181243896484375 141.274993896484375 135.40625 130.787506103515625 130.9875030517578125 131.743743896484375 128.3499908447265625
424.20623779296875 414.25 401.5 397.32501220703125 390.23126220703125 379.256256103515625 366.4375 354.03125 346.5 337.631256103515625 326.01251220703125 312.73748779296875 300.087493896484375 289.48126220703125 278.66876220703125 268.600006103515625 257.306243896484375 244.318756103515625 234.162506103515625 225.256256103515625 215.068756103515625 209.993743896484375 204.243743896484375 200.556243896484375 190.3937530517578125 183.1062469482421875 179.5437469482421875 176.725006103515625 169.71875 163.1437530517578125 157.0812530517578125 155.75 153.056243896484375 151.225006103515625 147.1125030517578125 139.662506103515625 132.462493896484375 130 124.19374847412109375 121.53125 123.125 121.63124847412109375 119.66249847412109375
379.743743896484375 380.03125 378.41876220703125 373.01873779296875 365.16876220703125 354.837493896484375 347.70001220703125 344.60626220703125 340.39373779296875 332.57501220703125 321.95001220703125 306.53125 296.931243896484375 281.412506103515625 268.618743896484375 256.57501220703125 246.0124969482421875 233.649993896484375 222.774993896484375 216.1125030517578125 206.381256103515625 202.024993896484375 197.587493896484375 191.6687469482421875 182.712493896484375 172.1374969482421875 172.506256103515625 167.9375 161.6437530517578125 155.9375 149.8000030517578125 142.556243896484375 140.193756103515625 139.9812469482421875 131.1687469482421875 122.80625152587890625 118.49375152587890625 117.1875 111.2062530517578125 109.0187530517578125 109.55625152587890625 109.28125 106.78125
339.868743896484375 334.806243896484375 341.568756103515625 346.45623779296875 339.78125 330.024993896484375 324.51873779296875 329.037506103515625 331.78125 328.068756103515625 313.087493896484375 298.056243896484375 286.524993896484375 277.04376220703125 260.787506103515625 245.1437530517578125 232.0124969482421875 221.7062530517578125 214.5500030517578125 213.193756103515625 204.993743896484375 195.068756103515625 189.4812469482421875 184.4562530517578125 176.087493896484375 166.2687530517578125 162.443756103515625 154.162506103515625 150.381256103515625 148.662506103515625 142.5437469482421875 134.34375 127.3937530517578125 121.4812469482421875 114.09375 111.8125 108.9375 102.6437530517578125 98.52500152587890625 95.68125152587890625 97.2375030517578125 98.7687530517578125 97.11875152587890625
336.462493896484375 317.943756103515625 303.13751220703125 309.71875 316.59375 308.57501220703125 309.21875 314.95623779296875 317.381256103515625 313.162506103515625 307.681243896484375 291.45001220703125 279.912506103515625 268.618743896484375 251.5437469482421875 236.056243896484375 221.6875 213.868743896484375 203.6999969482421875 201.34375 196.524993896484375 186.6750030517578125 179.462493896484375 178.40625 168.5625 157.6437530517578125 150.9187469482421875 147.568756103515625 142.4875030517578125 136.40625 131.681243896484375 125.63124847412109375 120.375 113.03125 105.29999542236328125 98.72499847412109375 95.1687469482421875 90.9375 86.2937469482421875 84.55625152587890625 84.9875030517578125 84.46875 85.49375152587890625
310.14373779296875 302.125 292.40625 268.29376220703125 279.88751220703125 293.368743896484375 294.08123779296875 296.412506103515625 302.32501220703125 298.006256103515625 290.28125 277.443756103515625 267.76251220703125 251.3562469482421875 239.71875 225.975006103515625 210.0812530517578125 199.6999969482421875 194.3937530517578125 194.1062469482421875 188.2375030517578125 180.318756103515625 175.100006103515625 166.90625 159.8874969482421875 150.5625 144.006256103515625 139.524993896484375 133.1999969482421875 127.31874847412109375 122.43125152587890625 119.27500152587890625 112.1062469482421875 106.49375152587890625 97.59375 91.6687469482421875 83.75 79.2937469482421875 77.22499847412109375 76.3874969482421875 73.27500152587890625 74.0187530517578125 73.875
288.90625 282.943756103515625 276.45623779296875 267.07501220703125 260.256256103515625 256.23748779296875 265.76251220703125 274.51251220703125 275.45623779296875 275.57501220703125 272.787506103515625 257.04998779296875 251.5124969482421875 239.2937469482421875 225.2375030517578125 215.149993896484375 204.256256103515625 190.9375 181.53125 185.625 179.118743896484375 170.587493896484375 163.3249969482421875 158.350006103515625 150.568756103515625 143.993743896484375 140.462493896484375 131.875 123.90625 121.4499969482421875 115.7062530517578125 108.77500152587890625 101.6999969482421875 97.4812469482421875 91.41249847412109375 83.65000152587890625 75.2375030517578125 69.24375152587890625 67.4812469482421875 66.59999847412109375 62.987499237060546875 62.075000762939453125 62.65000152587890625
273.274993896484375 263.79376220703125 261.17498779296875 258.268768310546875 256.70001220703125 262.20623779296875 256.006256103515625 242.6125030517578125 239.556243896484375 241.912506103515625 242.600006103515625 236.850006103515625 231.5812530517578125 220.912506103515625 212.4875030517578125 203.6374969482421875 192.65625 182.287506103515625 174.993743896484375 170.9000091552734375 170.3312530517578125 165.1875 156.506256103515625 150.8125 145.5062408447265625 135.09375 130.96875 121.73749542236328125 117.2312469482421875 111.6374969482421875 109.28125 102.68125152587890625 96.4499969482421875 89.65000152587890625 82.36875152587890625 73.40625 65.46875 59.50624847412109375 55.862499237060546875 52.96250152587890625 50.162502288818359375 50.21875 50.40000152587890625
258.96875 251.8874969482421875 247.8874969482421875 249.4250030517578125 251.4250030517578125 251.3562469482421875 248.5749969482421875 243.274993896484375 232.9875030517578125 221.90625 218.4812469482421875 210.3562469482421875 213.212493896484375 204.0749969482421875 197.212493896484375 189.943756103515625 184.28125 179.75 178.8625030517578125 167.7375030517578125 159.899993896484375 159.1062469482421875 151.118743896484375 147.59375 141.274993896484375 128.068756103515625 120.875 118.1687469482421875 114.36875152587890625 108.1750030517578125 106.5 97.77500152587890625 87.86875152587890625 80.0749969482421875 74.02500152587890625 68.5 62.137500762939453125 56.5 51.38124847412109375 46.84999847412109375 43.18125152587890625 42.450000762939453125 42.543750762939453125
241.9187469482421875 238.149993896484375 237.756256103515625 239.9562530517578125 242.1999969482421875 245.8874969482421875 243.100006103515625 238.6750030517578125 231.7312469482421875 225.618743896484375 214.46875 198.649993896484375 196.962493896484375 191.3562469482421875 187.0187530517578125 183.600006103515625 176.3000030517578125 177.2624969482421875 177.4250030517578125 172.03125 162.787506103515625 151.899993896484375 141.524993896484375 138.2937469482421875 131.131256103515625 123.66249847412109375 116.5500030517578125 112.7062530517578125 107.33750152587890625 102.41249847412109375 99.2312469482421875 91.1750030517578125 83.59375 75.74375152587890625 68.7624969482421875 63.75 57.950000762939453125 52.38124847412109375 47.143749237060546875 43.30625152587890625 39.90625 38.125 36.262500762939453125
230.4187469482421875 228.3937530517578125 227.443756103515625 231.493743896484375 233.1875 237.0749969482421875 236.274993896484375 227.225006103515625 216.375 210.806243896484375 205.5749969482421875 194.4312591552734375 181.306243896484375 178.506256103515625 172.381256103515625 169.649993896484375 169.09375 170.662506103515625 171.0437469482421875 173.4375 168.9562530517578125 155.5437469482421875 138.993743896484375 124.9499969482421875 124.34375 123.9187469482421875 117.4875030517578125 110.99375152587890625 101.8125 97.03749847412109375 92.78125 87.8000030517578125 81.13124847412109375 72.74375152587890625 66.71250152587890625 60.63124847412109375 54.737499237060546875 47.72499847412109375 44.375 39.55625152587890625 34.831249237060546875 32.55625152587890625 31.40625
220.243743896484375 216.71875 216.9562530517578125 221.787506103515625 225.2375030517578125 228.9187469482421875 229.96875 221.8312530517578125 208.131256103515625 196.462493896484375 189.3937530517578125 184.568756103515625 169.9375 164.1999969482421875 165.068756103515625 159.943756103515625 159.6125030517578125 161.2375030517578125 162.774993896484375 167.8874969482421875 169.25 158.5124969482421875 146.65625 129.850006103515625 121.1875 111.3937530517578125 106.1125030517578125 102.6875 96.3312530517578125 91.25 85 80.5625 75.59999847412109375 69.5812530517578125 64.8937530517578125 59.96250152587890625 53.41249847412109375 48.143749237060546875 41.862499237060546875 36.987499237060546875 32 30.256250381469726562 27.606250762939453125
204.09375 204.568756103515625 207.368743896484375 209.25 210.5124969482421875 214.212493896484375 212.556243896484375 203.368743896484375 191.6999969482421875 184.993743896484375 179.9812469482421875 172.4875030517578125 166.506256103515625 151.1062469482421875 147.149993896484375 149.4812469482421875 149.4562530517578125 152.6750030517578125 154.962493896484375 157.1687469482421875 155.8625030517578125 147.193756103515625 139.4562530517578125 126.2624969482421875 112.0124969482421875 103.0812530517578125 99.25 96.5437469482421875 91.30625152587890625 85.6687469482421875 79.6875 73.375 70.4375 65.7375030517578125 61.34999847412109375 57.393749237060546875 53.293750762939453125 49.25624847412109375 44.487499237060546875 37.28749847412109375 30.6875 27.956249237060546875 24.318750381469726562
190.75 191.0749969482421875 194.225006103515625 195.1062469482421875 195.0187530517578125 195.2312469482421875 192.475006103515625 185.53125 180.587493896484375 171.65625 166.162506103515625 161.2062530517578125 152.774993896484375 142.8562469482421875 130.712493896484375 135.6875 134.881256103515625 139.2687530517578125 140.149993896484375 143.243743896484375 140.743743896484375 135.96875 129.7624969482421875 119.9812469482421875 107.34375 97.72499847412109375 92.40625 87.09375 82.16249847412109375 77.5187530517578125 75.25624847412109375 70.6125030517578125 65.6687469482421875 61.46875 57.956249237060546875 56.40625 54.75624847412109375 52.375 47.90625 39.643749237060546875 29.637500762939453125 25.03125 23.450000762939453125
180.8625030517578125 178.9812469482421875 179.881256103515625 181.6999969482421875 179.59375 177.787506103515625 178.899993896484375 172.3937530517578125 165.8937530517578125 158.0437469482421875 152.5187530517578125 146.375 140.837493896484375 134.25 118.65625 118.96250152587890625 119.4187469482421875 122.6999969482421875 124.6999969482421875 128.7312469482421875 129.350006103515625 125.1125030517578125 120.21875 114.88124847412109375 106.8249969482421875 98.94374847412109375 92.96250152587890625 85.96875 81.4499969482421875 77.6750030517578125 71.7312469482421875 68.09375 65.9250030517578125 60.68125152587890625 54.46250152587890625 52.46875 54.0625 54.71875 50.41249847412109375 41.231250762939453125 32.543750762939453125 28.287500381469726562 27.868749618530273438
167.40625 166.25 167.743743896484375 167.15625 166.1125030517578125 167.3249969482421875 162.84375 157.3625030517578125 152.193756103515625 147.8000030517578125 140.975006103515625 135.8937530517578125 131.318756103515625 125.2937469482421875 113.63124847412109375 99.24375152587890625 102.5500030517578125 107.7937469482421875 109.40000152587890625 114.08750152587890625 114.28749847412109375 113.93125152587890625 112.125 113.0124969482421875 107.625 99.6875 91.5812530517578125 82.65625 78.4562530517578125 75.19374847412109375 73.8937530517578125 67.3937530517578125 61.725002288818359375 56.0625 51.03125 53.81874847412109375 54.450000762939453125 54.34375 51.33750152587890625 45.125 37.418750762939453125 32.97499847412109375 29.862499237060546875
154.850006103515625 154.256256103515625 156.3249969482421875 157.28125 157.368743896484375 154 151.8312530517578125 147 142.475006103515625 138.3937530517578125 132.8312530517578125 126.5749969482421875 120.56874847412109375 116.84999847412109375 113.21875 103.46875 93.34375 93.3249969482421875 100.0625 103.8937530517578125 103.8625030517578125 104.7375030517578125 107.2062530517578125 111.27500152587890625 110.0500030517578125 96.0749969482421875 84.72499847412109375 76.84999847412109375 74.5437469482421875 73.7062530517578125 72.84999847412109375 70.78749847412109375 64.50624847412109375 59.09999847412109375 59.549999237060546875 58.924999237060546875 60.40000152587890625 62.08750152587890625 59.5625 48.16249847412109375 38.74375152587890625 33.362499237060546875 28.762500762939453125
142.4499969482421875 144.350006103515625 144.881256103515625 147.2937469482421875 147.2062530517578125 142.493743896484375 139.3625030517578125 136.3125 132.28125 125.15000152587890625 120.5625 117.96875 112.97499847412109375 109.44374847412109375 108.4187469482421875 104.34375 96.0625 84.59375 92.69374847412109375 95.50624847412109375 95.6437530517578125 96.3625030517578125 102.50624847412109375 105.6875 103.6687469482421875 90.4812469482421875 79.1437530517578125 73.375 71.96875 69.65625 65.5625 63.03749847412109375 68.11249542236328125 66.9812469482421875 62.13124847412109375 63.69374847412109375 66.0812530517578125 64.1875 58.918750762939453125 48.8125 37.375 32.00624847412109375 27.587499618530273438
131.024993896484375 133.149993896484375 132.5124969482421875 133.6687469482421875 135.443756103515625 132.725006103515625 128.149993896484375 126.5187530517578125 123.91249847412109375 117.99375152587890625 113.4562530517578125 108.2375030517578125 104.8874969482421875 103.5625 99.3937530517578125 98.4875030517578125 94.72499847412109375 87.0500030517578125 82.2687530517578125 83.4499969482421875 88.125 96.19374847412109375 86.3874969482421875 91.3874969482421875 91.1062469482421875 86.21875 78.33750152587890625 71.3625030517578125 70.1687469482421875 68.9562530517578125 66.44374847412109375 65.3562469482421875 67.84375 65 62.09999847412109375 62.21250152587890625 60.456249237060546875 57.012500762939453125 52.74375152587890625 43.21250152587890625 34.94374847412109375 29.518749237060546875 25.899999618530273438
