data/historical-monthly-weather-data/wc2.1_cruts4.09_10m_prec_1972-02.asc
ncols        45
nrows        45
xllcorner    -63.500000000000
yllcorner    -7.500000000000
cellsize     0.166666666667
NODATA_value -9999
[rows 20 to 39 of 45, columns 0 to 44 of 45]
336.837493896484375 340.10626220703125 348.79376220703125 359.056243896484375 373.23126220703125 386.85626220703125 401.59375 416.23748779296875 428.149993896484375 438.012481689453125 446.6875 463.01873779296875 482.16876220703125 499.618743896484375 486.73748779296875 460.10626220703125 437.256256103515625 417.42498779296875 408.48126220703125 399.443756103515625 384.08123779296875 366.181243896484375 347.39373779296875 332.82501220703125 319.59375 308.48126220703125 304.737518310546875 301.89373779296875 300.29376220703125 299.46875 292.3125 278.57501220703125 255.381256103515625 228.3249969482421875 203.943756103515625 212.100006103515625 231.4250030517578125 244.662506103515625 249.600006103515625 247.681243896484375 240.868743896484375 234.625 229.25 223.9499969482421875 220.618743896484375
330.61248779296875 336.225006103515625 347.243743896484375 361.85626220703125 376.92498779296875 392.41876220703125 408.368743896484375 424.181243896484375 436.243743896484375 442.79376220703125 446.225006103515625 453.33123779296875 461.774993896484375 467.8125 465.20623779296875 452.33123779296875 437.506256103515625 421.73126220703125 410.431243896484375 400.712493896484375 382.45001220703125 365.01251220703125 350.63751220703125 335.493743896484375 322.399993896484375 312.350006103515625 309.625 307.125 306.262481689453125 306.649993896484375 302.45623779296875 289.431243896484375 268.67498779296875 247.6374969482421875 232.4812469482421875 235.09375 246.71875 254.306243896484375 254.5124969482421875 249.806243896484375 242.8000030517578125 237.024993896484375 231.212493896484375 225.28125 222.1999969482421875
329.524993896484375 337.70001220703125 349.0625 364.98126220703125 380.975006103515625 398.79376220703125 413.71875 430.76251220703125 443.73126220703125 444.82501220703125 441 438.32501220703125 436.274993896484375 438.75 443.63751220703125 441 432.756256103515625 420.975006103515625 409.131256103515625 396.806243896484375 379.912506103515625 362.76873779296875 348.118743896484375 333.131256103515625 321.725006103515625 313.493743896484375 311.131256103515625 309.63751220703125 310.256256103515625 312.60626220703125 311.85626220703125 305.037506103515625 286.649993896484375 271.056243896484375 264.45001220703125 266.600006103515625 270.04998779296875 269.67498779296875 263.818756103515625 254.0124969482421875 244.9250030517578125 238.725006103515625 232.493743896484375 226.524993896484375 223.774993896484375
335.58123779296875 343.881256103515625 355.399993896484375 368.743743896484375 384.493743896484375 401.9375 418.17498779296875 432.57501220703125 443.318756103515625 440.649993896484375 433.975006103515625 426.73748779296875 415.143768310546875 419.5 427.79998779296875 428.850006103515625 424.462493896484375 416.42498779296875 405.443756103515625 392.587493896484375 374.79376220703125 357.25 342.006256103515625 328.256256103515625 318.70623779296875 310.35626220703125 310.318756103515625 310.875 311.537506103515625 315.28125 316.45001220703125 311.993743896484375 299.21875 289.337493896484375 287.306243896484375 290.79998779296875 289.79998779296875 281.225006103515625 269.91876220703125 257.39373779296875 246.8562469482421875 239.350006103515625 232.993743896484375 227.6125030517578125 226.6062469482421875
348.54376220703125 354.59375 364.268768310546875 377.09375 392.91876220703125 406.61248779296875 420.79376220703125 432.506256103515625 437.649993896484375 436.07501220703125 430.149993896484375 423.23748779296875 416.818756103515625 416.681243896484375 419.95623779296875 422.006256103515625 420.631256103515625 413.337493896484375 402.92498779296875 389.8125 371.868743896484375 352.36248779296875 334.943756103515625 320.931243896484375 311.943756103515625 309.4375 309.36248779296875 311.40625 312.11248779296875 314.98748779296875 315.10626220703125 311.118743896484375 304.48126220703125 299.3125 298.08123779296875 296.649993896484375 292.79998779296875 283.15625 270.73748779296875 257.925018310546875 246.868743896484375 239.0625 233.0812530517578125 229.131256103515625 228.0625
370.149993896484375 374.38751220703125 379.774993896484375 389.850006103515625 402.61248779296875 414.193756103515625 423.875 432.506256103515625 435.537506103515625 434.256256103515625 429.63751220703125 425.243743896484375 422.07501220703125 419.15625 420.82501220703125 420.931243896484375 419.40625 412.243743896484375 403.243743896484375 389.98748779296875 370.5625 348.256256103515625 327.66876220703125 311.26251220703125 307.16876220703125 307.899993896484375 311.399993896484375 312.087493896484375 312.76251220703125 313.48748779296875 312.28125 308.98126220703125 305.26251220703125 302.53125 301.09375 296.975006103515625 291.087493896484375 282.131256103515625 268.649993896484375 256.256256103515625 245.46875 238.0812530517578125 231.818756103515625 228.306243896484375 229.8625030517578125
391.412506103515625 392.59375 395.01251220703125 403.037506103515625 411.09375 418.14373779296875 425.83123779296875 430.23748779296875 433.16876220703125 434.40625 433.350006103515625 431.274993896484375 430.39373779296875 429.337493896484375 428.79376220703125 428.60626220703125 425.28125 417.41876220703125 406.568756103515625 391.774993896484375 370.9375 348.256256103515625 324.493743896484375 306.493743896484375 307.20623779296875 309.70623779296875 312.66876220703125 313.387481689453125 312.45623779296875 312.368743896484375 311.243743896484375 306.90625 304.29376220703125 304.51251220703125 301.625 296.70001220703125 290.0625 280.256256103515625 267.86248779296875 255.381256103515625 244.3625030517578125 236.8312530517578125 230.587493896484375 227.006256103515625 231.1437530517578125
413.6875 410.48748779296875 411.443756103515625 415.306243896484375 419.01873779296875 421.78125 427.368743896484375 432.17498779296875 434.975006103515625 437.92498779296875 437.95623779296875 437.931243896484375 438.29998779296875 438.35626220703125 437.67498779296875 436.818756103515625 432.23748779296875 425.225006103515625 412.79998779296875 398.04376220703125 378.26251220703125 356.149993896484375 337.162506103515625 321.506256103515625 316.45623779296875 316.712493896484375 317.53125 316.931243896484375 314.587493896484375 313.6875 311.64373779296875 308.07501220703125 307.375 305.26873779296875 301.90625 296.431243896484375 287.975006103515625 279.131256103515625 266.518768310546875 253.6687469482421875 242.65625 235.993743896484375 230.087493896484375 227.6374969482421875 233.96875
432.6875 427.67498779296875 425.125 425.756256103515625 427.01873779296875 427.34375 430.54376220703125 433.443756103515625 437.524993896484375 441.756256103515625 443.38751220703125 444.5 445.45001220703125 448.25 447.962493896484375 447.8125 444.5 435.1875 424.306243896484375 408.600006103515625 390.17498779296875 369.14373779296875 353.537506103515625 339.443756103515625 330.1875 326.212493896484375 325.056243896484375 322.368743896484375 319.881256103515625 317.82501220703125 313.8125 310.568756103515625 308.53125 306.21875 303.375 296.087493896484375 288.25 279.36248779296875 268.09375 254.368743896484375 241.318756103515625 234.4250030517578125 231.1687469482421875 231.8125 239.774993896484375
442.29998779296875 435.08123779296875 431.287506103515625 429.35626220703125 430.28125 430.681243896484375 432.337493896484375 434.86248779296875 438.381256103515625 443.837493896484375 447.58123779296875 451.037506103515625 453.76873779296875 458.037506103515625 459.34375 457.9375 456.5 451.36248779296875 441.662506103515625 425.462493896484375 405.787506103515625 386.743743896484375 371.53125 355.84375 343.756256103515625 336.625 332.443756103515625 327.20001220703125 322.756256103515625 319.71875 317.17498779296875 314.368743896484375 311.381256103515625 309.23126220703125 305.53125 298.725006103515625 289.912506103515625 281.83123779296875 270.04998779296875 257.26873779296875 248.087493896484375 243.9562530517578125 241.381256103515625 243.662506103515625 247.681243896484375
446.256256103515625 439.07501220703125 432.71875 430.36248779296875 429.34375 430.89373779296875 432.92498779296875 436.225006103515625 440.41876220703125 445.83123779296875 453.41876220703125 459.306243896484375 464.712493896484375 467.806243896484375 468.681243896484375 469.625 469.76873779296875 466.86248779296875 460.29376220703125 444.149993896484375 423.537506103515625 403.42498779296875 386.9375 369.806243896484375 355.76873779296875 346.40625 339.431243896484375 332.556243896484375 326.23126220703125 322.98126220703125 320.59375 318.39373779296875 316.65625 314.63751220703125 311.1875 302.40625 293.85626220703125 286.443756103515625 275.125 262.693756103515625 255.4562530517578125 254.837493896484375 254.3937530517578125 254.7937469482421875 258.881256103515625
442.5 436.4375 430.95001220703125 428.79998779296875 426.89373779296875 428.256256103515625 431.70001220703125 434.212493896484375 439.118743896484375 447.32501220703125 456.11248779296875 464.26873779296875 471.868743896484375 477.70001220703125 479.33123779296875 482.01873779296875 479.125 475.46875 469.04376220703125 456.57501220703125 437.23748779296875 418.493743896484375 400.46875 382.837493896484375 368.181243896484375 356.337493896484375 346.806243896484375 338.068756103515625 330.39373779296875 328.03125 325.98126220703125 323.506256103515625 321.91876220703125 319.67498779296875 316.600006103515625 307.90625 299.4375 291.13751220703125 280.399993896484375 272.09375 268.34375 269.13751220703125 269.743743896484375 271.79376220703125 277.39373779296875
428.20001220703125 424.59375 422.03125 420.725006103515625 419.100006103515625 421.487518310546875 424.40625 428.54376220703125 435.57501220703125 445.725006103515625 458.83123779296875 468.475006103515625 479.8125 488.662506103515625 491 490.6875 486.943756103515625 483.84375 475.29998779296875 464.1875 447.837493896484375 429.73126220703125 412.70623779296875 395.087493896484375 380.931243896484375 368.868743896484375 357.274993896484375 347.537506103515625 338.34375 334.23748779296875 331.850006103515625 328.256256103515625 326.256256103515625 325.350006103515625 323.462493896484375 316.11248779296875 307.48748779296875 298.112518310546875 289.662506103515625 286.899993896484375 285.350006103515625 287.39373779296875 290.59375 295.418731689453125 306.787506103515625
413.318756103515625 410.600006103515625 409.86248779296875 410.98126220703125 410.6875 412.881256103515625 416.787506103515625 422.29376220703125 428.087493896484375 439.681243896484375 455.5625 470.756256103515625 487.193756103515625 498.01251220703125 500.64373779296875 499.60626220703125 495.17498779296875 490.443756103515625 481.787506103515625 471.181243896484375 455.068756103515625 437.61248779296875 422.375 405.54376220703125 392.3125 380.462493896484375 367.75 355.818756103515625 345.774993896484375 341.4375 338.09375 333.88751220703125 333.318756103515625 332.587493896484375 330.125 323.587493896484375 314.943756103515625 306.3125 301.54998779296875 301.024993896484375 300.89373779296875 305.04998779296875 312.29998779296875 319.943756103515625 333.162506103515625
397.78125 397.668731689453125 398.82501220703125 399.6875 401.712493896484375 404.85626220703125 407.67498779296875 412.36248779296875 417.21875 428.649993896484375 448.993743896484375 472.10626220703125 495.04376220703125 509.412506103515625 510.84375 508.54998779296875 502 495.39373779296875 487.899993896484375 476.38751220703125 462.375 444.73126220703125 429.4375 412.756256103515625 401.07501220703125 388.95001220703125 376.26873779296875 363.993743896484375 352.95623779296875 348.131256103515625 342.993743896484375 339.649993896484375 339.29998779296875 339.681243896484375 337.67498779296875 330.3125 321.32501220703125 315.975006103515625 314.33123779296875 313.75 315.475006103515625 319.96875 328.024993896484375 337.181243896484375 348.96875
381.712493896484375 383.881256103515625 386.15625 387.493743896484375 389.51251220703125 393.381256103515625 395.443756103515625 397.943756103515625 400.618743896484375 410.818756103515625 434.33123779296875 463.943756103515625 494.03125 513.73748779296875 516.4375 514.5374755859375 509.76251220703125 501.91876220703125 490.83123779296875 480.20623779296875 465.54376220703125 449.84375 433.625 418.64373779296875 405.787506103515625 394.17498779296875 381.73126220703125 371.1875 360.01251220703125 353.14373779296875 347.318756103515625 342.618743896484375 343.51873779296875 344.875 342.556243896484375 335.29376220703125 330.193756103515625 324.16876220703125 322.66876220703125 324.26251220703125 327.79376220703125 331.53125 337.75 347.21875 356.3125
367.29376220703125 370.962493896484375 373.5 378.274993896484375 380.91876220703125 384.14373779296875 385.66876220703125 386.48126220703125 385.82501220703125 386.78125 418 461.58123779296875 493.162506103515625 512.5374755859375 518.82501220703125 518.2437744140625 514.71875 505.89373779296875 495.6875 482.76873779296875 467.024993896484375 450.568756103515625 434.993743896484375 420.600006103515625 407.899993896484375 397.475006103515625 385.83123779296875 375.33123779296875 365.537506103515625 357.38751220703125 349.96875 343.76873779296875 346.20001220703125 348.5 347.975006103515625 343.75 337.787506103515625 332.51251220703125 331.85626220703125 333.04376220703125 335.41876220703125 339.625 345.64373779296875 353.88751220703125 361.76251220703125
353.90625 358.90625 363.20623779296875 368.568756103515625 373.45001220703125 376.70623779296875 379.23748779296875 381.17498779296875 383.712493896484375 382.54376220703125 429.443756103515625 476.556243896484375 499.86248779296875 514.15625 520.625 521.1500244140625 516.23748779296875 507.48126220703125 494.88751220703125 480.23126220703125 464.78125 447.743743896484375 433.48126220703125 419.6875 408.506256103515625 399.01251220703125 387.925018310546875 378.76873779296875 369.67498779296875 361.65625 351.48126220703125 344.33123779296875 347.15625 350.975006103515625 351.131256103515625 348.618743896484375 343.899993896484375 339.95001220703125 339.662506103515625 340.23126220703125 341.33123779296875 345.375 349.556243896484375 355.743743896484375 363.181243896484375
347.774993896484375 350.243743896484375 353.90625 360.600006103515625 365.26251220703125 370.118743896484375 376.29376220703125 383.65625 395.73126220703125 423.712493896484375 475.712493896484375 493.41876220703125 503.056243896484375 513.01873779296875 518.98126220703125 518.3499755859375 515.15625 504.8125 490.381256103515625 475.45001220703125 457.70623779296875 440.493743896484375 427.943756103515625 414.35626220703125 403.993743896484375 396.83123779296875 387.024993896484375 378.76873779296875 371.006256103515625 362.34375 353.34375 344.79376220703125 346.068756103515625 348.881256103515625 351.368743896484375 349.3125 344.806243896484375 342.399993896484375 341.26251220703125 339.29998779296875 340.11248779296875 342.368743896484375 345.90625 350.64373779296875 356.61248779296875
342.774993896484375 343.04998779296875 346.681243896484375 351.88751220703125 357.050018310546875 364.024993896484375 371.78125 384.70623779296875 402.756256103515625 431.98748779296875 465.33123779296875 485.943756103515625 499.912506103515625 509.943756103515625 515.5 517.23748779296875 514.85626220703125 503.26251220703125 487.01251220703125 471.70001220703125 449.743743896484375 431.5625 417.91876220703125 405.60626220703125 398.70001220703125 392.63751220703125 384.8125 377.962493896484375 371.524993896484375 362.66876220703125 352.375 345.493743896484375 348.20623779296875 349.462493896484375 349.21875 348.024993896484375 344.13751220703125 341 340.04998779296875 336.818756103515625 336.20623779296875 337.95623779296875 340.100006103515625 342.306243896484375 347.568756103515625
