data/historical-monthly-weather-data/wc2.1_cruts4.09_10m_prec_2015-12.asc
ncols        51
nrows        45
xllcorner    -63.500000000000
yllcorner    -7.500000000000
cellsize     0.166666666667
NODATA_value -9999
[rows 20 to 39 of 45, columns 0 to 43 of 51]
156.5 153.5437469482421875 152.912506103515625 153.399993896484375 154.8625030517578125 159.087493896484375 163.306243896484375 167.3937530517578125 172.350006103515625 176.212493896484375 178.1437530517578125 177.125 175.1500091552734375 171.6875 166.3000030517578125 159.818756103515625 153.524993896484375 148.181243896484375 144.6999969482421875 141.024993896484375 136.2125091552734375 131.09375 126.4875030517578125 124.1687469482421875 122.9250030517578125 121.375 119.7687530517578125 115.5500030517578125 109.77500152587890625 105.3937530517578125 102.6750030517578125 102.5187530517578125 99.8125 97.38124847412109375 95.4499969482421875 94.86875152587890625 95.5437469482421875 96.375 96.2687530517578125 93.97499847412109375 89.93125152587890625 86.02500152587890625 83.33750152587890625 81.00624847412109375
160.4875030517578125 157.131256103515625 157.618743896484375 159.8874969482421875 162.431243896484375 167.0187530517578125 172.100006103515625 176.96875 181.537506103515625 184.7937469482421875 185.7062530517578125 184.2062530517578125 181.9187469482421875 178.100006103515625 172.774993896484375 166.462493896484375 160.28125 154.3937530517578125 149.4499969482421875 144.5437469482421875 137.912506103515625 132.3874969482421875 128.1437530517578125 125.44374847412109375 123.9875030517578125 123.65000152587890625 124.5 121.2624969482421875 116.43125152587890625 113.8937530517578125 112.50624847412109375 112.15625 107.96250152587890625 104.52500152587890625 101.3249969482421875 99.9812469482421875 100.28749847412109375 101.00624847412109375 99.9375 96.375 92.05625152587890625 88.15000152587890625 85.0187530517578125 82.36875152587890625
165.1875 163.125 163.600006103515625 166.212493896484375 169.8562469482421875 175.6750030517578125 180.993743896484375 186.649993896484375 191.8937530517578125 193.8249969482421875 193.556243896484375 190.875 188.7375030517578125 185.068756103515625 179.34375 172.837493896484375 166.149993896484375 159.21875 153.212493896484375 146.78125 139.375 132.9812469482421875 127.75624847412109375 124.86875152587890625 123.7062530517578125 124.53125 127.5625 125.6374969482421875 121.81874847412109375 121.1875 121.5625 121.84375 116.9875030517578125 111.7312469482421875 107.15625 104.0625 104.15000152587890625 106.2687530517578125 104.56874847412109375 99.71875 94.5749969482421875 90.2687530517578125 86.8125 83.80625152587890625
172.537506103515625 170.556243896484375 170.8874969482421875 173.912506103515625 178.4562530517578125 184.524993896484375 190.524993896484375 195.71875 200.006256103515625 200.6687469482421875 199.625 197.25 194.912506103515625 191.493743896484375 184.975006103515625 177.7062530517578125 170.5812530517578125 163.037506103515625 155.850006103515625 148.4499969482421875 139.850006103515625 132.625 126.38124847412109375 123.59375 122.2624969482421875 122.8000030517578125 126.15625 127.03749847412109375 126.59999847412109375 128.0187530517578125 130.368743896484375 131.225006103515625 126.3312530517578125 120.15625 114.6062469482421875 109.4499969482421875 108.125 109.2375030517578125 107.15000152587890625 101.96875 96.2687530517578125 91.91249847412109375 88.0749969482421875 84.7937469482421875
182.618743896484375 180.2375030517578125 179.8125 184.6374969482421875 190.712493896484375 195.875 200.756256103515625 204.274993896484375 206.7375030517578125 207.350006103515625 206.1062469482421875 203.337493896484375 200.693756103515625 197.068756103515625 190.243743896484375 182.568756103515625 174.756256103515625 166.5812530517578125 158.34375 149.9875030517578125 140.40625 131.743743896484375 124.75624847412109375 121.3312530517578125 120.1875 121.2062530517578125 125.1687469482421875 128.1437530517578125 130.149993896484375 134.131256103515625 138.4812469482421875 140.6875 135.899993896484375 129.2937469482421875 122.5437469482421875 116.96875 114.02500152587890625 111.5437469482421875 108.5812530517578125 103.875 98.09999847412109375 93.6125030517578125 89.36875152587890625 86.40000152587890625
197.006256103515625 197.0124969482421875 196.537506103515625 200.568756103515625 204.4437408447265625 208.1125030517578125 210.868743896484375 212.6374969482421875 213.7312469482421875 213.1125030517578125 211.09375 208.7874908447265625 205.9250030517578125 202.1875 195.3625030517578125 187.4250030517578125 178.837493896484375 169.993743896484375 161.0625 151.7624969482421875 142.118743896484375 131.8937530517578125 123.11875152587890625 118.3874969482421875 118.4499969482421875 120.44374847412109375 125.7687530517578125 130.2624969482421875 134.1437530517578125 139.9375 145.9187469482421875 150.5500030517578125 146.1374969482421875 138.5124969482421875 131.1750030517578125 124.4375 119.5749969482421875 115.1437530517578125 111.3937530517578125 106.71250152587890625 100.8562469482421875 95.4375 90.40625 86.71875
211.0625 212.412506103515625 213.962493896484375 217.2062530517578125 219.625 221.1125030517578125 220.9375 220.274993896484375 219.09375 217.875 216.2375030517578125 213.7375030517578125 210.4375 206.881256103515625 200.0625 192.4000091552734375 184.006256103515625 174.993743896484375 165.78125 155.71875 145.4499969482421875 134.65625 124.78125 118.97499847412109375 120.2062530517578125 122.7624969482421875 128.8312530517578125 134.381256103515625 139.90625 146.5187530517578125 153.8562469482421875 159.625 155.3625030517578125 146.53125 137.975006103515625 130.8562469482421875 124.59999847412109375 119.06874847412109375 114.93125152587890625 110.46875 104.7312469482421875 98.2062530517578125 91.59999847412109375 87.25
226.524993896484375 229.537506103515625 232.40625 235.225006103515625 236.125 235.1687469482421875 232.4499969482421875 228.59375 225.350006103515625 222.462493896484375 219.506256103515625 216.943756103515625 214.6437530517578125 211.443756103515625 204.8000030517578125 196.9812469482421875 189.1437530517578125 179.8937530517578125 170.787506103515625 160.7624969482421875 150.6125030517578125 140.2624969482421875 131.75 126.91249847412109375 126.34375 128.024993896484375 133.6999969482421875 139.493743896484375 145.475006103515625 152.568756103515625 160.024993896484375 165.600006103515625 160.443756103515625 151.8499908447265625 143 135.662506103515625 129.1374969482421875 123.27500152587890625 119.3874969482421875 115.43125152587890625 110.19374847412109375 102.96875 93.5 88.43125152587890625
240.25 245.4250030517578125 249.899993896484375 253.8249969482421875 253.3562469482421875 248.600006103515625 242.5437469482421875 236.3125 231.1875 226.3312530517578125 222.868743896484375 220.756256103515625 218.556243896484375 215.943756103515625 209.3125 202.568756103515625 195.100006103515625 186.1687469482421875 177.037506103515625 167.212493896484375 157.3562469482421875 147.787506103515625 140.3249969482421875 135.618743896484375 134.2062530517578125 134.943756103515625 140.1875 146.03125 152.2375030517578125 158.787506103515625 165.6374969482421875 170.443756103515625 164.5812530517578125 155.6374969482421875 146.90625 139.850006103515625 133.5625 127.49375152587890625 123.40625 119.9812469482421875 115.99375152587890625 107.8249969482421875 98.11875152587890625 94.40625
246.9875030517578125 253.3874969482421875 260.04998779296875 266.25 267.21875 258.14373779296875 248.875 241.225006103515625 234.5749969482421875 228.587493896484375 224.6875 222.287506103515625 221.306243896484375 219.818756103515625 214.4375 208.2375030517578125 202.024993896484375 194.7687530517578125 186.03125 176.125 166.3000030517578125 157.318756103515625 149.7687530517578125 145.65625 144.1125030517578125 144.53125 148.65625 154.5437469482421875 160.21875 165.631256103515625 171.0187530517578125 174.475006103515625 168.8249969482421875 160.162506103515625 151.7375030517578125 144.5625 138.212493896484375 131.9250030517578125 127.65625 123.6437530517578125 118.7312469482421875 112.90000152587890625 105.74375152587890625 102.5187530517578125
250.34375 257.618743896484375 264.32501220703125 271.38751220703125 272.17498779296875 261.41876220703125 251.3937530517578125 242.618743896484375 234.9812469482421875 229.600006103515625 225.631256103515625 223.8249969482421875 223.618743896484375 222.6374969482421875 218.28125 213.7937469482421875 209.587493896484375 202.46875 195.0749969482421875 185.493743896484375 175.6687469482421875 166.837493896484375 159.71875 155.875 154.056243896484375 154.125 158.0187530517578125 163.443756103515625 168.6687469482421875 173.0187530517578125 176.725006103515625 178.7375030517578125 172.6999969482421875 164.631256103515625 156.306243896484375 149.3312530517578125 143.0812530517578125 136.6875 131.7937469482421875 126.6437530517578125 121.90000152587890625 117.8312530517578125 113.125 109.0749969482421875
251.3000030517578125 257.568756103515625 262.82501220703125 266.018768310546875 264.60626220703125 257.23748779296875 248.850006103515625 240.2062530517578125 233.3874969482421875 227.975006103515625 224.7624969482421875 224.3249969482421875 225.181243896484375 225.100006103515625 222.8249969482421875 219.8562469482421875 215.506256103515625 208.681243896484375 201.4875030517578125 192.7937469482421875 184.056243896484375 175.8125 168.71875 165.21875 164.368743896484375 164.212493896484375 167.5 172.6999969482421875 177.631256103515625 180.743743896484375 182.850006103515625 183.506256103515625 176.5625 168.6750030517578125 160.837493896484375 154.4562530517578125 147.725006103515625 141 135.806243896484375 130.59375 126.8562469482421875 124.6125030517578125 122.18125152587890625 119.90625
246.693756103515625 250.1062469482421875 252.462493896484375 254.4375 253.100006103515625 247.256256103515625 239.7312469482421875 232.1374969482421875 226.53125 223.100006103515625 223.4562530517578125 224.5625 227.4187469482421875 230.09375 228.7687530517578125 226.243743896484375 222.1374969482421875 216.306243896484375 208.162506103515625 200.09375 192.34375 185.149993896484375 178.6875 175.5437469482421875 174.9499969482421875 175.493743896484375 178.681243896484375 182.774993896484375 187.59375 189.1750030517578125 190.1750030517578125 189.6875 182.7937469482421875 175 167.375 160.837493896484375 154.1062469482421875 147.4250030517578125 142.1999969482421875 138.618743896484375 135.149993896484375 134.181243896484375 134.2312469482421875 135.8312530517578125
240.131256103515625 241.1374969482421875 242.5187530517578125 242.806243896484375 240.462493896484375 235.506256103515625 229.5749969482421875 223.2062530517578125 218.7062530517578125 216.7624969482421875 218.6374969482421875 223.993743896484375 229.84375 233.65625 234.0437469482421875 232.243743896484375 229.399993896484375 223.7312469482421875 215.318756103515625 207.5250091552734375 200.537506103515625 193.8125 187.6999969482421875 185.350006103515625 184.9187469482421875 185.7624969482421875 189.318756103515625 193.53125 198.2312469482421875 198.0437469482421875 197.493743896484375 196.1687469482421875 189.2687530517578125 181.681243896484375 173.899993896484375 167.100006103515625 160.65625 153.412506103515625 149.3562469482421875 146.443756103515625 143.725006103515625 143.787506103515625 145.493743896484375 149.6062469482421875
232.837493896484375 232.625 233 231.962493896484375 229.6374969482421875 224.962493896484375 219.381256103515625 213.7375030517578125 209.243743896484375 208.8125 213.6437530517578125 222.28125 232.287506103515625 239.5625 241.0124969482421875 240.0187530517578125 237.2937469482421875 231.181243896484375 223.3874969482421875 214.7375030517578125 208.8562469482421875 202.0625 197.087493896484375 195.006256103515625 194.6062469482421875 195.9187469482421875 199.40625 203.9312591552734375 208.2937469482421875 206.9375 205.087493896484375 202.568756103515625 195.912506103515625 188.71875 180.9812469482421875 173.625 166.618743896484375 160.4250030517578125 157.03125 153.8937530517578125 151.7687530517578125 152.2062530517578125 154.3312530517578125 158.568756103515625
227.1062469482421875 225.8000030517578125 224.84375 223.0500030517578125 219.881256103515625 215.618743896484375 209.8125 203.6687469482421875 198.649993896484375 197.3625030517578125 204.818756103515625 218.524993896484375 233.587493896484375 243.8312530517578125 247.28125 247.6062469482421875 245.5437469482421875 239.493743896484375 231.068756103515625 222.243743896484375 216.4812469482421875 211.1125030517578125 205.8249969482421875 204.15625 204.443756103515625 205.649993896484375 209.21875 213.412506103515625 217.28125 215.65625 213.4375 210.0437469482421875 203.912506103515625 196.743743896484375 189.212493896484375 181.6437530517578125 175.806243896484375 169.868743896484375 166.350006103515625 163.5187530517578125 161.524993896484375 162.4875030517578125 164.0749969482421875 167.524993896484375
221.3125 219.3000030517578125 217.78125 215.7312469482421875 212.65625 208.993743896484375 204.2624969482421875 197.625 190.5437469482421875 185.2624969482421875 197.475006103515625 220.524993896484375 237.712493896484375 248.625 253.6437530517578125 255.1437530517578125 254.3000030517578125 247.837493896484375 239.712493896484375 230.8000030517578125 224.818756103515625 219.2375030517578125 214.28125 212.899993896484375 213.125 214.756256103515625 217.850006103515625 222.618743896484375 226.75 224.7624969482421875 221.7375030517578125 217.787506103515625 211.8874969482421875 205.4187469482421875 198 191.6125030517578125 185.7624969482421875 179.8312530517578125 175.625 172.5749969482421875 170.318756103515625 170.943756103515625 172.2687530517578125 174.9812469482421875
214.475006103515625 212.53125 211.34375 209.443756103515625 207.3562469482421875 204.4875030517578125 201.625 196.806243896484375 191.2937469482421875 184.600006103515625 208.337493896484375 234.2937469482421875 247.65625 256.8125 261.63751220703125 263.837493896484375 263.087493896484375 256.993743896484375 248.149993896484375 239.5 232.431243896484375 226.524993896484375 222.037506103515625 220.7937469482421875 220.993743896484375 222.75 226.693756103515625 231.2937469482421875 235.243743896484375 233.368743896484375 229.506256103515625 225.506256103515625 220.0437469482421875 214.131256103515625 207.225006103515625 201.1875 195.3312530517578125 189.1687469482421875 185.1062469482421875 181.53125 178.6062469482421875 178.6875 179.15625 180.9937591552734375
203.5812530517578125 202.587493896484375 202.9250030517578125 202.8249969482421875 202.0187530517578125 201.381256103515625 201.068756103515625 201.2375030517578125 204.0625 215.912506103515625 244.9562530517578125 254.21875 259.67498779296875 266.15625 270.01873779296875 272.15625 271.64373779296875 264.79998779296875 256.068756103515625 247.21875 239.34375 232.462493896484375 227.7062530517578125 226.568756103515625 227.037506103515625 228.7937469482421875 232.0187530517578125 236.5500030517578125 240.399993896484375 239.412506103515625 237.181243896484375 233.056243896484375 228.3000030517578125 223.0124969482421875 217.850006103515625 212.225006103515625 206.4375 200.600006103515625 196.2062530517578125 192.212493896484375 189.443756103515625 188.8562469482421875 188.6999969482421875 189.712493896484375
192.9562530517578125 193.1437530517578125 194.8562469482421875 196.3937530517578125 197.649993896484375 200.087493896484375 203.100006103515625 208.2937469482421875 216.693756103515625 231.4250030517578125 251.53125 263.17498779296875 269.13751220703125 275.256256103515625 279.32501220703125 281.09375 280.42498779296875 274.20001220703125 264.743743896484375 255.399993896484375 245.318756103515625 236.9250030517578125 231.337493896484375 229.649993896484375 231.0625 233.600006103515625 237.3000030517578125 241.787506103515625 245.337493896484375 245.587493896484375 243.837493896484375 241.8125 238.256256103515625 233.568756103515625 228.600006103515625 222.600006103515625 217.46875 211.693756103515625 207.0625 202.493743896484375 198.8937530517578125 198.1374969482421875 197.962493896484375 198.4562530517578125
