data/historical-monthly-weather-data/wc2.1_cruts4.09_10m_prec_1980-12.asc
ncols        45
nrows        45
xllcorner    -63.500000000000
yllcorner    -7.500000000000
cellsize     0.166666666667
NODATA_value -9999
[rows 19 to 37 of 45, columns 0 to 43 of 45]
161.5749969482421875 163.375 166.53125 171.53125 177.2687530517578125 183.6687469482421875 189.7624969482421875 195.7937469482421875 201.28125 205.2624969482421875 208.3562469482421875 209.0124969482421875 208.850006103515625 207.3125 203.34375 197.7062530517578125 192.193756103515625 188.3625030517578125 185.212493896484375 182.6999969482421875 176.618743896484375 169.8937530517578125 164.2062530517578125 159.8562469482421875 155.931243896484375 151.6999969482421875 146.1999969482421875 138.4875030517578125 127.3125 116.15000152587890625 109.0812530517578125 108.8625030517578125 108.36875152587890625 107.3625030517578125 106.3249969482421875 106.75624847412109375 111.00624847412109375 115.97499847412109375 118.8625030517578125 117.84375 113.4812469482421875 108.9375 107.34375 106.40625
162.8000030517578125 165.9437408447265625 170.40625 176.0124969482421875 182.4875030517578125 189.6875 196.524993896484375 203.037506103515625 208.9187469482421875 213.15625 215.3937530517578125 215.7624969482421875 215.28125 213.0124969482421875 208.46875 202.475006103515625 196.5187530517578125 191.2687530517578125 188.2687530517578125 184.8312530517578125 179.274993896484375 173.149993896484375 167.4187469482421875 163.181243896484375 160.0812530517578125 156.34375 151.287506103515625 142.899993896484375 132.96875 125.3249969482421875 119.9875030517578125 118.15000152587890625 115.69374847412109375 114.02500152587890625 112.90625 113.40000152587890625 115.46250152587890625 117.78125 118.7687530517578125 117.0437469482421875 113.125 109.56874847412109375 107.50624847412109375 105.96250152587890625
164.212493896484375 167.0124969482421875 172.78125 180.5 188.350006103515625 195.9812469482421875 203.787506103515625 211.181243896484375 216.787506103515625 220.5437469482421875 221.725006103515625 221.256256103515625 220.03125 217.03125 212.7312469482421875 207.243743896484375 201.7062530517578125 196.431243896484375 192.149993896484375 187.7624969482421875 180.3562469482421875 174.2375030517578125 169.5124969482421875 164.962493896484375 161.756256103515625 159.7062530517578125 157.600006103515625 150.181243896484375 141.068756103515625 135.162506103515625 130.875 128.368743896484375 124.1062469482421875 121.13124847412109375 118.46250152587890625 118.05625152587890625 119.63124847412109375 121.78125 121.72499847412109375 118.5749969482421875 114.50624847412109375 111.06874847412109375 108.5437469482421875 106.6750030517578125
166.2687530517578125 170.4187469482421875 176.34375 184.6062469482421875 193.881256103515625 202.8937530517578125 210.96875 219.287506103515625 225.84375 228.287506103515625 228.2687530517578125 226.1687469482421875 224.8125 221.818756103515625 217.1875 211.6875 205.90625 199.8562469482421875 194.912506103515625 189.149993896484375 181.28125 174.4875030517578125 168.8874969482421875 164.318756103515625 161.662506103515625 161.2375030517578125 161.78125 155.78125 147.5749969482421875 143.4875030517578125 140.75 138.53125 133.337493896484375 128.1750030517578125 123.81874847412109375 121.34999847412109375 122.6875 126.4562530517578125 125.74375152587890625 121.22499847412109375 116.2937469482421875 112.49375152587890625 109.7062530517578125 107.56874847412109375
170.1750030517578125 173.90625 180.024993896484375 189.212493896484375 199.931243896484375 209.3125 218.2062530517578125 226.087493896484375 231.787506103515625 233.1062469482421875 232.475006103515625 230.6999969482421875 229.03125 226.3000030517578125 221.1125030517578125 215.1437530517578125 209.243743896484375 203.0187530517578125 197.1374969482421875 190.618743896484375 181.4875030517578125 173.8937530517578125 167.125 162.7375030517578125 159.8874969482421875 159.09375 159.90625 157.1999969482421875 152.8937530517578125 150.90625 150.125 148.181243896484375 142.774993896484375 136.412506103515625 130.787506103515625 126.02500152587890625 125.75624847412109375 128.3937530517578125 127.33750152587890625 122.58750152587890625 117.19374847412109375 113.4812469482421875 110.34375 108
176.618743896484375 179.4250030517578125 185.1999969482421875 196.875 209.8000030517578125 218.3312530517578125 226.056243896484375 232.15625 236.037506103515625 237.600006103515625 237.0812530517578125 234.8562469482421875 232.78125 229.787506103515625 224.6437530517578125 218.662506103515625 212.412506103515625 205.9375 199.3249969482421875 192.0749969482421875 181.943756103515625 172.6687469482421875 165.0625 159.8625030517578125 157.2687530517578125 157.087493896484375 158.5124969482421875 158.1875 156.631256103515625 157.3625030517578125 158.5812530517578125 157.8562469482421875 152.337493896484375 145.287506103515625 138.1437530517578125 132.9812469482421875 130.9499969482421875 129.4875030517578125 127.55625152587890625 123.53125 118.21250152587890625 114.52500152587890625 111.0124969482421875 109.25
187.493743896484375 192.2624969482421875 198.524993896484375 209.975006103515625 221.056243896484375 228.118743896484375 233.59375 237.899993896484375 240.5500030517578125 241.068756103515625 239.943756103515625 238.274993896484375 235.8874969482421875 232.806243896484375 228.03125 222.125 215.40625 208.6750030517578125 201.631256103515625 193.6999969482421875 183.7687530517578125 172.662506103515625 162.868743896484375 155.975006103515625 154.9250030517578125 156 158.975006103515625 160.3249969482421875 160.725006103515625 163.3625030517578125 166.131256103515625 167.8249969482421875 162.475006103515625 154.09375 146.162506103515625 139.725006103515625 135.556243896484375 131.899993896484375 129.212493896484375 125.4187469482421875 120.21250152587890625 115.63124847412109375 111.40625 108.9875030517578125
200.7062530517578125 206.5749969482421875 214.3125 224.3562469482421875 233.3625030517578125 238.193756103515625 240.75 242.662506103515625 243.118743896484375 243.3874969482421875 243.0812530517578125 241.25 238.4187469482421875 235.6125030517578125 231.0500030517578125 225.787506103515625 219.537506103515625 212.8874969482421875 205.8125 197.225006103515625 186.84375 175.3625030517578125 164.399993896484375 155.993743896484375 156.3874969482421875 158.0187530517578125 161.693756103515625 164.068756103515625 166.15625 169.649993896484375 173.875 176.7062530517578125 171.46875 161.693756103515625 152.3312530517578125 145.2687530517578125 139.243743896484375 134.09375 131.0812530517578125 127.7062530517578125 122.9250030517578125 117.78749847412109375 112.34999847412109375 109.6687469482421875
215.7062530517578125 223.006256103515625 231.3249969482421875 240.0437469482421875 246.6750030517578125 249.09375 249.25 248.0437469482421875 246.662506103515625 245.493743896484375 244.09375 242.2937469482421875 240.6437530517578125 238.3000030517578125 234.15625 228.8874969482421875 223.568756103515625 216.8937530517578125 210.2062530517578125 201.943756103515625 192.100006103515625 181.6062469482421875 172.7624969482421875 165.556243896484375 163.412506103515625 163.7125091552734375 166.5500030517578125 168.8312530517578125 171.1875 175.1875 179.506256103515625 182.087493896484375 175.8125 166.256256103515625 156.506256103515625 148.8625030517578125 142.1875 136.368743896484375 133.7062530517578125 131.1374969482421875 127.24375152587890625 122.1875 114.1999969482421875 111.31874847412109375
229.725006103515625 238.787506103515625 247.8000030517578125 256.61248779296875 260.931243896484375 259.493743896484375 256.368743896484375 252.881256103515625 249.8312530517578125 246.8937530517578125 245.2687530517578125 244.0500030517578125 242.556243896484375 240.931243896484375 236.9250030517578125 233.068756103515625 228.350006103515625 222.274993896484375 215.8125 208.09375 199.087493896484375 190.0187530517578125 182.875 175.756256103515625 172.3312530517578125 171.1999969482421875 173.09375 175.1125030517578125 177.443756103515625 180.78125 184.4562530517578125 186.1999969482421875 179.1062469482421875 169.118743896484375 159.3562469482421875 151.65625 144.7937469482421875 138.412506103515625 135.600006103515625 133.743743896484375 131.5437469482421875 126.28749847412109375 118.99375152587890625 118.56874847412109375
241.0562591552734375 250.1750030517578125 260.212493896484375 270.09375 274.712493896484375 268.20623779296875 261.20623779296875 255.75 251.024993896484375 246.8874969482421875 244.7937469482421875 243.399993896484375 243.375 243.1062469482421875 240.2624969482421875 236.7312469482421875 233.2062530517578125 229.181243896484375 223.3874969482421875 215.7937469482421875 207.1750030517578125 199.212493896484375 192.274993896484375 185.875 182.118743896484375 180.431243896484375 180.725006103515625 182.568756103515625 184.162506103515625 186.524993896484375 188.9375 189.5124969482421875 182.5500030517578125 172.71875 163.1062469482421875 154.75 147.256256103515625 140.100006103515625 136.850006103515625 134.1437530517578125 130.8312530517578125 128.712493896484375 125.08750152587890625 125.84999847412109375
250.0187530517578125 258.631256103515625 267.431243896484375 276.82501220703125 279.868743896484375 270.76873779296875 262.287506103515625 255.0124969482421875 249.1687469482421875 245.631256103515625 243.431243896484375 242.818756103515625 243.774993896484375 244.1062469482421875 242.09375 240.1062469482421875 238.5749969482421875 234.712493896484375 230.59375 223.6062469482421875 215.3249969482421875 207.9375 201.8562469482421875 195.725006103515625 191.5437469482421875 189.243743896484375 189.0749969482421875 190.25 191.2062530517578125 192.71875 193.6999969482421875 193.03125 185.5500030517578125 176.21875 166.524993896484375 157.806243896484375 149.756256103515625 141.90625 137.6687469482421875 133.5124969482421875 130.243743896484375 130.381256103515625 130.087493896484375 130.375
257.256256103515625 263.57501220703125 269.600006103515625 273.631256103515625 272.993743896484375 266.45623779296875 258.875 251.068756103515625 245.8000030517578125 242.0124969482421875 240.40625 241.25 243.40625 244.6875 244.5812530517578125 243.9187469482421875 241.8937530517578125 238.318756103515625 234.4562530517578125 228.5812530517578125 221.90625 215.5062408447265625 209.693756103515625 204.024993896484375 200.9187469482421875 198.2624969482421875 197.2937469482421875 198.0124969482421875 198.681243896484375 199.15625 198.8000030517578125 197.056243896484375 188.506256103515625 179.193756103515625 169.806243896484375 161.1875 152.056243896484375 143.3125 138.4375 133.931243896484375 131.4562530517578125 133.743743896484375 136.368743896484375 139.1437530517578125
262 264.881256103515625 266.962493896484375 268.70623779296875 267.024993896484375 260.95001220703125 253.1374969482421875 245.3625030517578125 240.068756103515625 237.131256103515625 238.2375030517578125 240.1062469482421875 243.837493896484375 247.5749969482421875 248.09375 247.46875 245.381256103515625 242.7624969482421875 237.7312469482421875 232.524993896484375 226.90625 221.7375030517578125 216.631256103515625 211.506256103515625 208.8125 207.087493896484375 206.087493896484375 205.6875 206.4187469482421875 205.65625 204.59375 202.0187530517578125 193.5500030517578125 184.243743896484375 174.9875030517578125 166.0437469482421875 156.7937469482421875 147.912506103515625 142.6374969482421875 139.3625030517578125 136.743743896484375 139.774993896484375 144.53125 151.3125
265.26251220703125 265.162506103515625 265.26251220703125 264.193756103515625 260.29998779296875 254.0437469482421875 246.8125 239.1999969482421875 233.712493896484375 231.0812530517578125 232.5562591552734375 238.225006103515625 244.506256103515625 248.837493896484375 250.712493896484375 250.475006103515625 249.3625030517578125 246.787506103515625 241.3937530517578125 236.4250030517578125 231.537506103515625 226.725006103515625 221.9250030517578125 217.90625 215.5625 214.3249969482421875 213.931243896484375 213.868743896484375 214.6750030517578125 212.4812469482421875 210.2375030517578125 207.2062530517578125 198.7375030517578125 189.59375 180.0812530517578125 170.84375 161.78125 152.21875 147.6999969482421875 144.6374969482421875 142.212493896484375 145.5 151.1125030517578125 159.7375030517578125
267.4375 265.5625 263.70623779296875 260.13751220703125 255.274993896484375 248.225006103515625 240.3000030517578125 232.443756103515625 225.78125 223.568756103515625 227.15625 235.568756103515625 245.5812530517578125 252.8562469482421875 255.34375 255.475006103515625 254.024993896484375 250.8000030517578125 245.962493896484375 239.931243896484375 236.1062469482421875 231.0749969482421875 227.4562530517578125 223.8874969482421875 221.7312469482421875 221.193756103515625 220.993743896484375 221.5187530517578125 222.193756103515625 219.212493896484375 216.068756103515625 212.193756103515625 203.9875030517578125 195.225006103515625 185.712493896484375 175.9187469482421875 166.3249969482421875 157.7687530517578125 153.537506103515625 149.850006103515625 147.506256103515625 150.256256103515625 155.256256103515625 162.8625030517578125
269.306243896484375 266.26873779296875 262.73126220703125 258.04376220703125 251.8937530517578125 244.475006103515625 235.4250030517578125 226.1750030517578125 218.193756103515625 214.399993896484375 220.212493896484375 233.25 247.6062469482421875 256.943756103515625 260.475006103515625 260.91876220703125 259.243743896484375 255.7062530517578125 249.8937530517578125 243.399993896484375 239.40625 235.681243896484375 231.5124969482421875 228.524993896484375 227.2937469482421875 226.774993896484375 227.087493896484375 227.743743896484375 228.375 225.4375 222.2687530517578125 217.8000030517578125 210.287506103515625 201.618743896484375 192.5124969482421875 182.9812469482421875 175.1374969482421875 167.2937469482421875 163.100006103515625 159.7624969482421875 157.5500030517578125 160.037506103515625 163.5187530517578125 169.212493896484375
270.6875 267.006256103515625 262.681243896484375 257.60626220703125 251.2937469482421875 243.7312469482421875 235.006256103515625 224.3562469482421875 213.3125 204.537506103515625 215.0812530517578125 237.399993896484375 252.9812469482421875 261.90625 265.899993896484375 266.399993896484375 264.95001220703125 260.54376220703125 254.7687530517578125 247.9187469482421875 243.399993896484375 239.1125030517578125 235.0625 232.537506103515625 231.368743896484375 231.5 231.756256103515625 233.556243896484375 234.9499969482421875 231.9875030517578125 228.3000030517578125 223.587493896484375 216.4375 208.662506103515625 199.8625030517578125 192.09375 184.837493896484375 177.6125030517578125 173 169.6125030517578125 167.181243896484375 168.5500030517578125 170.818756103515625 174.649993896484375
271.46875 267.86248779296875 263.712493896484375 258.51873779296875 252.9875030517578125 245.462493896484375 237.975006103515625 228.475006103515625 218.287506103515625 207.09375 229.8125 254.3812408447265625 264.693756103515625 270.53125 273.193756103515625 273.29376220703125 270.95001220703125 266.475006103515625 259.568756103515625 252.681243896484375 246.725006103515625 241.756256103515625 237.9562530517578125 235.7375030517578125 234.70623779296875 235.162506103515625 236.8312530517578125 238.962493896484375 240.65625 238.15625 233.8625030517578125 229.381256103515625 222.881256103515625 215.8312530517578125 207.7624969482421875 200.90625 194.2312469482421875 187.3499908447265625 183.068756103515625 179.34375 176.306243896484375 176.4375 177.024993896484375 178.9875030517578125
