data/historical-monthly-weather-data/wc2.1_cruts4.09_10m_prec_1993-12.asc
ncols        45
nrows        45
xllcorner    -63.500000000000
yllcorner    -7.500000000000
cellsize     0.166666666667
NODATA_value -9999
[rows 20 to 39 of 45, columns 0 to 44 of 45]
181.962493896484375 187.8125 194.181243896484375 201.7312469482421875 210.1687469482421875 218.649993896484375 226.587493896484375 234.0437469482421875 240.375 244.743743896484375 247 248.506256103515625 249.2312469482421875 247.8874969482421875 244.1062469482421875 238.5500030517578125 233.100006103515625 229.162506103515625 227.9812469482421875 227.25 230.0124969482421875 232.96875 235.681243896484375 237.2624969482421875 240.0124969482421875 241.212493896484375 236.9562530517578125 226.712493896484375 213.25 200.506256103515625 191.0437469482421875 187.9187469482421875 188.0812530517578125 190.274993896484375 193.162506103515625 196.8937530517578125 203.1125030517578125 209.787506103515625 213.1687469482421875 211.5500030517578125 205.5437469482421875 197.96875 192.7687530517578125 188.475006103515625 185.225006103515625
178.931243896484375 184.337493896484375 192.1437530517578125 201.9875030517578125 211.931243896484375 220.8937530517578125 230.006256103515625 238.587493896484375 244.7937469482421875 248.912506103515625 250.25 250.625 250.287506103515625 247.9812469482421875 244.6750030517578125 240.0124969482421875 235.375 232.037506103515625 229.931243896484375 228.4812469482421875 228.8125 231.412506103515625 235.350006103515625 237.212493896484375 240.631256103515625 245.287506103515625 245.8562469482421875 237.350006103515625 225.34375 214.912506103515625 206.587493896484375 202.056243896484375 200.087493896484375 201.09375 202.2062530517578125 204.9562530517578125 210.8874969482421875 217.837493896484375 219.743743896484375 215.899993896484375 209.8937530517578125 202.743743896484375 196.943756103515625 192.243743896484375 189.3000030517578125
176.524993896484375 183.3312530517578125 191.2312469482421875 201.6125030517578125 213.0187530517578125 223.59375 233.068756103515625 242.818756103515625 250.350006103515625 253.3312530517578125 253.6437530517578125 252.087493896484375 251.4250030517578125 249.024993896484375 245.6437530517578125 241.256256103515625 236.6687469482421875 232.9812469482421875 230.625 227.9250030517578125 227.46875 228.850006103515625 231.306243896484375 233.6187591552734375 238.53125 246.2375030517578125 251.0749969482421875 244.9562530517578125 234.53125 226.5625 220.1750030517578125 215.71875 213.149993896484375 211.5500030517578125 210.774993896484375 210.6750030517578125 216.84375 227.40625 228.6062469482421875 222.59375 215.3000030517578125 207.625 201.475006103515625 196.34375 192.9562530517578125
175.2624969482421875 181.40625 189.5124969482421875 200.8125 213.7624969482421875 224.9499969482421875 235.649993896484375 245.2937469482421875 252.25 254.3937530517578125 254.475006103515625 253.443756103515625 252.5625 250.6437530517578125 247.006256103515625 242.5749969482421875 238.3125 234.78125 231.6687469482421875 228.306243896484375 225.8249969482421875 225.556243896484375 225.8562469482421875 228.412506103515625 233.0812530517578125 240.274993896484375 245.375 244.381256103515625 240.1374969482421875 235.3000030517578125 231.7312469482421875 227.6875 225.7312469482421875 223.337493896484375 221.568756103515625 218.943756103515625 223.875 233.868743896484375 234.818756103515625 228.5437469482421875 220.4187469482421875 212.631256103515625 205.53125 199.681243896484375 197.6437530517578125
176.381256103515625 181.3625030517578125 189.118743896484375 202.9875030517578125 218.2375030517578125 228.8375091552734375 238.6875 246.818756103515625 252.162506103515625 255.068756103515625 255.6750030517578125 254.3874969482421875 253.21875 251.25 248.125 244.162506103515625 239.9499969482421875 236.4875030517578125 232.8125 228.774993896484375 224.600006103515625 221.5812530517578125 220.1437530517578125 221.443756103515625 226.40625 234.3562469482421875 240.2624969482421875 242.84375 242.8312530517578125 242.1374969482421875 241.462493896484375 239.212493896484375 238.087493896484375 235.774993896484375 232.818756103515625 231.287506103515625 234.931243896484375 239.1750030517578125 238.931243896484375 234.1312408447265625 226.149993896484375 218.024993896484375 209.818756103515625 204.600006103515625 200.9499969482421875
181.6687469482421875 188.399993896484375 196.7687530517578125 210.4499969482421875 223.875 233.3125 241.2375030517578125 247.931243896484375 252.443756103515625 254.649993896484375 255.09375 254.600006103515625 253.3125 251.4562530517578125 249.15625 245.725006103515625 241.40625 237.9562530517578125 234.09375 229.4250030517578125 225.0500030517578125 219.162506103515625 214.3125 213.1437530517578125 220.0749969482421875 229.681243896484375 237.7062530517578125 242.6999969482421875 245.65625 247.756256103515625 249.28125 250.693756103515625 251.0500030517578125 248.1437530517578125 245.3937530517578125 243.5500030517578125 245.2937469482421875 247.2624969482421875 246.024993896484375 241.7624969482421875 234.056243896484375 223.6875 213.5500030517578125 206.6125030517578125 204.3125
188.975006103515625 196.2687530517578125 206.25 218.7624969482421875 230.3937530517578125 238.0625 243.5124969482421875 248.28125 251.03125 253.5124969482421875 255.28125 255.0187530517578125 253.5749969482421875 252.318756103515625 250.5187530517578125 248.0500030517578125 244.5437469482421875 241.3249969482421875 237.5625 232.15625 226.787506103515625 219.8625030517578125 212.993743896484375 209.53125 217.96875 227.899993896484375 236.5749969482421875 242.774993896484375 248.068756103515625 251.712493896484375 255.6999969482421875 259.412506103515625 262.01873779296875 259.40625 256.73126220703125 255.381256103515625 255.337493896484375 255.9187469482421875 254.34375 251.024993896484375 244.006256103515625 231.3625030517578125 217.6999969482421875 209.2624969482421875 212.037506103515625
197.5437469482421875 205.600006103515625 216.28125 227.78125 237.4812469482421875 243.2937469482421875 247.006256103515625 249.212493896484375 250.649993896484375 252.1875 253.3312530517578125 253.46875 253.600006103515625 253.1999969482421875 252.068756103515625 249.84375 247.5625 244.4375 241.225006103515625 236.2375030517578125 231.087493896484375 224.9187469482421875 220.399993896484375 218.4562530517578125 223.3000030517578125 231.03125 238.1687469482421875 243.931243896484375 249.381256103515625 254.056243896484375 258.60626220703125 262.54376220703125 265.693756103515625 265.975006103515625 265.125 264.33123779296875 264.506256103515625 265.162506103515625 264.625 262.98748779296875 257.63751220703125 243.7312469482421875 223.5625 213.625 224.2375030517578125
205.6125030517578125 214.6062469482421875 225.9562530517578125 237.6999969482421875 245.506256103515625 248.1750030517578125 249.2312469482421875 249.7375030517578125 250.0500030517578125 250.274993896484375 251.662506103515625 252.7624969482421875 253.3937530517578125 254.0437469482421875 253.2624969482421875 252.7375030517578125 251.318756103515625 249 246.149993896484375 241.850006103515625 237.2375030517578125 232.3874969482421875 229.6687469482421875 227.756256103515625 230.725006103515625 236.181243896484375 241.712493896484375 246.774993896484375 251.9875030517578125 256.16876220703125 260.375 263.90625 267.712493896484375 269.475006103515625 270.89373779296875 271.5625 272.96875 273.931243896484375 273.587493896484375 273.774993896484375 271.962493896484375 256.23748779296875 235.850006103515625 229.4812469482421875 240.537506103515625
215.774993896484375 224.2249908447265625 236.0124969482421875 248.287506103515625 255.993743896484375 253.818756103515625 251.100006103515625 249.649993896484375 248.53125 247.8000030517578125 248.9187469482421875 250.0500030517578125 252.46875 254.75 255.087493896484375 254.8249969482421875 254.6125030517578125 254.587493896484375 252.568756103515625 248.46875 243.943756103515625 240.03125 237.1437530517578125 235.662506103515625 237.5749969482421875 241.649993896484375 244.6437530517578125 249.1750030517578125 253.287506103515625 257.412506103515625 261.443756103515625 264.88751220703125 269.83123779296875 272.82501220703125 275.61248779296875 276.82501220703125 278.943756103515625 280.3125 280.524993896484375 280.368743896484375 277.36248779296875 267.79376220703125 254.0875091552734375 249.4812469482421875 252.9250030517578125
224.65625 232.0124969482421875 242.056243896484375 253.2375030517578125 258.86248779296875 254.0500030517578125 249.7062530517578125 246.350006103515625 244.212493896484375 244.2312469482421875 245.3874969482421875 247.556243896484375 251.1999969482421875 254.2687530517578125 255.375 256.54998779296875 258.33123779296875 258.48748779296875 258.40625 255.006256103515625 250.46875 246.75 244.443756103515625 242.6750030517578125 243.337493896484375 245.8249969482421875 247.9499969482421875 251.287506103515625 254.5437469482421875 258.95623779296875 262.806243896484375 266.28125 271.256256103515625 275.681243896484375 279.26873779296875 281.54998779296875 284.65625 286.743743896484375 286.63751220703125 284.98748779296875 283.443756103515625 278.71875 271.524993896484375 265.53125 265.975006103515625
232.75 237.46875 244.350006103515625 249.90625 251.3874969482421875 248.4875030517578125 244.6062469482421875 240.40625 238.806243896484375 238.59375 240.375 244.1125030517578125 249.1437530517578125 253.3125 256.256256103515625 258.65625 259.71875 260.14373779296875 260.29376220703125 258.100006103515625 254.931243896484375 251.8562469482421875 249.368743896484375 247.412506103515625 248.5749969482421875 249.875 250.662506103515625 253.149993896484375 255.9562530517578125 260.45623779296875 264.3125 267.993743896484375 272.181243896484375 277.17498779296875 282.068756103515625 286.15625 289.09375 291.33123779296875 291.61248779296875 290.9375 292.71875 293 291.98748779296875 291.024993896484375 295.1875
243.100006103515625 244.631256103515625 247.1437530517578125 249.65625 249.1750030517578125 245.6875 240.6374969482421875 235.568756103515625 233.225006103515625 233.149993896484375 237.024993896484375 241.556243896484375 247.975006103515625 254.462493896484375 257.850006103515625 260.04998779296875 260.85626220703125 262.131256103515625 260.89373779296875 259.318756103515625 257.006256103515625 255.03125 252.9812469482421875 250.774993896484375 251.399993896484375 252.84375 253.225006103515625 254.0124969482421875 256.756256103515625 260.881256103515625 265.34375 269.33123779296875 273.931243896484375 279.09375 284.443756103515625 288.824981689453125 292.58123779296875 295.806243896484375 296.84375 300.54998779296875 303.875 307.96875 313.774993896484375 323.056243896484375 341.32501220703125
252.899993896484375 251.6062469482421875 251.462493896484375 250.3312530517578125 246.7375030517578125 242.03125 236.53125 230.649993896484375 227.350006103515625 226.8000030517578125 230.350006103515625 238.3249969482421875 247.068756103515625 253.9375 258.45001220703125 260.79998779296875 262.42498779296875 263.587493896484375 261.79998779296875 260.3125 258.506256103515625 256.618743896484375 254.5 252.600006103515625 252.556243896484375 253.53125 254.25 255.1437530517578125 257.82501220703125 261.399993896484375 265.818756103515625 270.587493896484375 275.462493896484375 280.89373779296875 285.975006103515625 290.506256103515625 295.46875 298.412506103515625 302.506256103515625 308.337493896484375 314.162506103515625 321.462493896484375 331.912506103515625 347.82501220703125 371.40625
261.63751220703125 258.61248779296875 255.818756103515625 251.4250030517578125 245.9812469482421875 239.537506103515625 232.462493896484375 225.46875 220.2312469482421875 219.3874969482421875 224.3312530517578125 234.681243896484375 246.8000030517578125 256.36248779296875 261.21875 263.693756103515625 264.712493896484375 264.96875 263.65625 260.837493896484375 259.85626220703125 257.36248779296875 256.13751220703125 253.84375 252.9562530517578125 253.774993896484375 254.306243896484375 255.5749969482421875 257.975006103515625 261.693756103515625 266.368743896484375 271.287506103515625 276.600006103515625 282.48126220703125 287.600006103515625 291.64373779296875 296.14373779296875 301.59375 307.61248779296875 313.631256103515625 321.350006103515625 330.087493896484375 342.14373779296875 358.75 378.76251220703125
269.975006103515625 265.86248779296875 261.193756103515625 255.4562530517578125 248.3937530517578125 240.8375091552734375 231.787506103515625 222.65625 215.3625030517578125 212.2687530517578125 218.774993896484375 233.0437469482421875 248.90625 259.875 265.181243896484375 267.443756103515625 267.712493896484375 267.32501220703125 264.66876220703125 261.04998779296875 259.48748779296875 257.993743896484375 255.7937469482421875 253.5437469482421875 253.03125 253.274993896484375 254.0749969482421875 255.2375030517578125 257.350006103515625 261.61248779296875 266.83123779296875 271.48126220703125 277.162506103515625 282.475006103515625 287.337493896484375 290.76251220703125 296.98126220703125 302.693756103515625 308.600006103515625 315.36248779296875 323.48126220703125 333.3125 344.04376220703125 358.45001220703125 372.5625
277.756256103515625 273.04376220703125 267.45623779296875 261.125 253.6437530517578125 245.193756103515625 235.681243896484375 224.368743896484375 213.28125 204.5437469482421875 215.212493896484375 238.1999969482421875 254.625 264.399993896484375 269.57501220703125 271.28125 271.20623779296875 269.54376220703125 266.60626220703125 262.306243896484375 259.76873779296875 257.29998779296875 254.7874908447265625 252.53125 251.5 251.8937530517578125 252.381256103515625 254.5124969482421875 257.274993896484375 261.850006103515625 266.931243896484375 271.60626220703125 277.11248779296875 282.756256103515625 287.143768310546875 292.0625 297.868743896484375 303.29376220703125 308.04998779296875 314.46875 322.056243896484375 331.03125 340.962493896484375 353.287506103515625 362.4375
284.95623779296875 280.26873779296875 274.725006103515625 268.0625 261.08123779296875 251.9812469482421875 242.9562530517578125 232.0500030517578125 221.09375 209.2312469482421875 231.6875 256.39373779296875 266.83123779296875 272.850006103515625 276.03125 276.712493896484375 275.1875 273.03125 268.556243896484375 263.86248779296875 259.40625 255.8375091552734375 253.181243896484375 250.75 249.381256103515625 249.6062469482421875 251.399993896484375 253.6750030517578125 256.61248779296875 261.83123779296875 266.475006103515625 271.53125 277.04998779296875 282.681243896484375 287.056243896484375 292.006256103515625 297.3125 301.931243896484375 306.875 312.318756103515625 318.53125 326.23126220703125 334.21875 344.26251220703125 352.21875
292.01873779296875 287.068756103515625 282.006256103515625 276.20001220703125 269.33123779296875 261.29376220703125 253.7687530517578125 247.149993896484375 243.9875030517578125 251.350006103515625 277.98748779296875 282.493743896484375 282.75 284.475006103515625 285.318756103515625 284.6875 282.162506103515625 277.73126220703125 271.96875 265.756256103515625 259.587493896484375 254.1999969482421875 250.649993896484375 248.4562530517578125 247.631256103515625 248.125 249.7937469482421875 252.7937469482421875 256.17498779296875 261.66876220703125 267.225006103515625 271.15625 276.35626220703125 281.41876220703125 286.875 291.375 295.787506103515625 299.90625 303.743743896484375 307.86248779296875 313.568756103515625 319.28125 325.362518310546875 332.837493896484375 338.850006103515625
300.412506103515625 295.20001220703125 290.32501220703125 285.006256103515625 279.193756103515625 273.51251220703125 268.556243896484375 266.524993896484375 267.98748779296875 276.712493896484375 291.25 296.98126220703125 296.337493896484375 296.256256103515625 296.0625 293.806243896484375 289.837493896484375 284.46875 276.40625 268.26251220703125 258.943756103515625 251.256256103515625 246.225006103515625 243.6750030517578125 244.125 245.756256103515625 248.712493896484375 252.4499969482421875 256.131256103515625 262.01251220703125 266.943756103515625 272.01251220703125 277.35626220703125 281.91876220703125 286.306243896484375 289.337493896484375 293.54376220703125 296.75 299.54376220703125 302.17498779296875 305.79376220703125 310.48748779296875 315.712493896484375 321.48126220703125 326.82501220703125
