data/historical-monthly-weather-data/wc2.1_cruts4.09_10m_prec_1965-06.asc
ncols        51
nrows        45
xllcorner    -63.500000000000
yllcorner    -7.500000000000
cellsize     0.166666666667
NODATA_value -9999
[rows 19 to 37 of 45, columns 0 to 43 of 51]
183.2687530517578125 184.28125 181.3937530517578125 176.1374969482421875 173.8625030517578125 174.287506103515625 169.631256103515625 162.774993896484375 161.1875 157.0625 151.212493896484375 144.131256103515625 135.1687469482421875 125.7624969482421875 116.77500152587890625 102.86875152587890625 93.5187530517578125 92.11875152587890625 84.6750030517578125 82.77500152587890625 74.44374847412109375 73.40625 77.11875152587890625 79.28749847412109375 77.83750152587890625 77.00624847412109375 78.22499847412109375 84.5 84.38124847412109375 83.58750152587890625 85.4875030517578125 96.43125152587890625 99.4499969482421875 99.84999847412109375 101.8874969482421875 110.28749847412109375 116.15625 115.15625 112.9562530517578125 108.8125 99.63124847412109375 89.00624847412109375 89.75 90.5
166.4250030517578125 176.15625 178.125 174.15625 166.4250030517578125 163.625 162.8625030517578125 159.0187530517578125 156.087493896484375 150.9812469482421875 147.256256103515625 140.2375030517578125 131.587493896484375 120.63750457763671875 109.96875 102.11875152587890625 92.3937530517578125 87.375 86.93125152587890625 82.86875152587890625 83.71250152587890625 83.125 84.21875 88.17499542236328125 87.6875 83.86875152587890625 78.625 80.05625152587890625 82.0187530517578125 85.61875152587890625 89.34375 96.65625 93.18125152587890625 92.5187530517578125 93.22499847412109375 100.7062530517578125 107.30625152587890625 108.93125152587890625 104.5625 99.89374542236328125 94.34999847412109375 86.6374969482421875 85.84999847412109375 87.25
160.712493896484375 161.6374969482421875 166.912506103515625 168.2312469482421875 163.318756103515625 158.225006103515625 156.056243896484375 152.09375 148.8625030517578125 147.3312530517578125 143.5437469482421875 134.8937530517578125 126.3625030517578125 120.0187530517578125 113.1875 102.09375 101.1750030517578125 93.9875030517578125 93.38124847412109375 89.97499847412109375 85.81874847412109375 88.4375 89.5749969482421875 88.2937469482421875 85.47499847412109375 82.32500457763671875 83.34999847412109375 81.5500030517578125 85.8312530517578125 89.66249847412109375 90.2624969482421875 89.84999847412109375 88.49375152587890625 90.34375 89.36875152587890625 92.7375030517578125 97.6437530517578125 101.5124969482421875 99.96250152587890625 96.69374847412109375 91.4250030517578125 86.53749847412109375 85.56874847412109375 87.40000152587890625
155.6875 165.7687530517578125 169.962493896484375 169.84375 165 157.78125 147.28125 142.0437469482421875 144.15625 142.162506103515625 138.100006103515625 134.1999969482421875 131.8125 127.59999847412109375 120.0124969482421875 111.40000152587890625 102.8874969482421875 96.8874969482421875 95 94.02500152587890625 94.46875 92.09999847412109375 89.2375030517578125 88.40625 89.2375030517578125 85.7937469482421875 83.3625030517578125 83.3625030517578125 85.68125152587890625 85.0124969482421875 85.1999969482421875 86.80625152587890625 84.2687530517578125 82.72499847412109375 85.15625 85.5500030517578125 87.5124969482421875 91.58750152587890625 93.9250030517578125 93.3249969482421875 89.11875152587890625 85.9499969482421875 84.5124969482421875 84.3000030517578125
147.1875 158.75 168.462493896484375 164.78125 158.5 151.618743896484375 148.6750030517578125 142.993743896484375 138.4562530517578125 133.4875030517578125 135.243743896484375 137.306243896484375 132.8687591552734375 131.1062469482421875 120.6125030517578125 112.72499847412109375 105.8125 103.3562469482421875 100.4375 97.84375 97.16249847412109375 97.18125152587890625 93.21250152587890625 95.3937530517578125 92.25 87.0124969482421875 87.9562530517578125 83.0437469482421875 81.7375030517578125 82.3249969482421875 82.1125030517578125 82.93125152587890625 81.66249847412109375 78.58750152587890625 79.68125152587890625 78.9812469482421875 81.9187469482421875 85.5500030517578125 86.65000152587890625 86.0625 84.06874847412109375 82.7937469482421875 82.2375030517578125 82.96250152587890625
137.2312469482421875 150.7687530517578125 158.4562530517578125 161.75 158.3562469482421875 151.65625 146.5124969482421875 143.2687530517578125 137.837493896484375 137.0625 134.600006103515625 133.15625 133.3249969482421875 127.0625 117.66249847412109375 110.93125152587890625 106.49375152587890625 102.25 100.88124847412109375 100.88124847412109375 100 97.8625030517578125 98.6125030517578125 98.96250152587890625 92.55625152587890625 87.3249969482421875 85.00624847412109375 82.31874847412109375 79.97499847412109375 80.40625 77.6125030517578125 76.03125 74.59375 74.3312530517578125 74.19374847412109375 74.97499847412109375 76.7375030517578125 77.96250152587890625 80.71875 81.0749969482421875 80.03749847412109375 80.2375030517578125 81.1875 79.875
133.443756103515625 149.337493896484375 149.6125030517578125 153.274993896484375 149.912506103515625 145.568756103515625 139.875 137.5 129.493743896484375 125.21875 127.68125152587890625 126.88124847412109375 126.8937530517578125 123.03749847412109375 117.0625 108.65000152587890625 104.84999847412109375 103.71250152587890625 102.8937530517578125 99.8937530517578125 99.90000152587890625 99.0749969482421875 98.84375 97.5812530517578125 93.74375152587890625 86.96875 84.2937469482421875 81.56874847412109375 77.25 76.27500152587890625 73.3562469482421875 71.375 69.8937530517578125 68.86875152587890625 68.3937530517578125 70.8312530517578125 72.5625 72.3562469482421875 73.3874969482421875 75.8874969482421875 75.3937530517578125 71.84375 72.5437469482421875 74.2937469482421875
127.96875 134.693756103515625 140.350006103515625 142.28125 139.6875 136.8249969482421875 132.5124969482421875 124.6687469482421875 120.08750152587890625 122.66249847412109375 125.47499847412109375 124.46875 122.02500152587890625 120.09375 116.05625152587890625 111.49375152587890625 105.91249847412109375 101.24375152587890625 101.3625030517578125 98.71875 96.6999969482421875 96.41249847412109375 97.2624969482421875 99.6062469482421875 92.2624969482421875 86 83.5 79.47499847412109375 75.36875152587890625 73.21875 71.59375 67.53125 65.2375030517578125 64.3625030517578125 64.0749969482421875 65.33750152587890625 67.9875030517578125 67.8874969482421875 67.84999847412109375 70.90625 72.18125152587890625 70.375 68.6374969482421875 69.00624847412109375
123.63124847412109375 125.11875152587890625 128.90625 127.72499847412109375 125.9187469482421875 125.818756103515625 123.50624847412109375 117.9875030517578125 115.8874969482421875 118.59375 119.08750152587890625 119.2062530517578125 116.66249847412109375 114.03125 110.22499847412109375 106.375 101.8937530517578125 99.99375152587890625 96.46875 95.93125152587890625 95.2375030517578125 92.77500152587890625 94.875 93.9250030517578125 89.06874847412109375 82.83750152587890625 80.3562469482421875 76.5187530517578125 74.7062530517578125 73.4812469482421875 70.6437530517578125 67.65000152587890625 64.06874847412109375 60.41249847412109375 61.27500152587890625 62.09375 64.41249847412109375 63.918750762939453125 65.15000152587890625 67.33750152587890625 68.81874847412109375 69.3562469482421875 64.75624847412109375 66.27500152587890625
116.3562469482421875 120.6062469482421875 117.74375152587890625 114.84999847412109375 115.02500152587890625 111.1687469482421875 110.8125 110.8249969482421875 111.91249847412109375 112.0749969482421875 113.2937469482421875 112.78125 112.3625030517578125 110.71250152587890625 107.28125 104.0500030517578125 101.38124847412109375 97.63124847412109375 96.2624969482421875 95.47499847412109375 92.30625152587890625 89.34999847412109375 88.28125 86.90625 83.4875030517578125 77.9187469482421875 77.6374969482421875 76.3562469482421875 73.83750152587890625 70.63124847412109375 67.1687469482421875 65.15000152587890625 61.18125152587890625 59.33750152587890625 57.956249237060546875 58.331249237060546875 61.22499847412109375 59.575000762939453125 61.012500762939453125 62.206249237060546875 62.575000762939453125 61.96250152587890625 61.112499237060546875 64.34999847412109375
110.43125152587890625 111.33750152587890625 109.25624847412109375 105.75 104.56874847412109375 104.28125 103.51250457763671875 106.3625030517578125 106.43125152587890625 107.7062530517578125 108.71250152587890625 109.5124969482421875 109.7375030517578125 108.875 104.6125030517578125 100.3312530517578125 97.0500030517578125 95.90000152587890625 91.16875457763671875 87.25624847412109375 86.9499969482421875 84.78125 83.52500152587890625 82.4562530517578125 78.36875152587890625 76.4812469482421875 75.375 73.5437469482421875 71.6125030517578125 67.8249969482421875 64.65000152587890625 62.018749237060546875 59.518749237060546875 57.91249847412109375 57.38124847412109375 56.3125 59.65625 58.02500152587890625 56.3125 59.59375 59.34375 58.40625 59.21250152587890625 58.893749237060546875
106.3937530517578125 105.1374969482421875 101.8874969482421875 99.7062530517578125 98.63124847412109375 97.99375152587890625 99.09999847412109375 100.44374847412109375 100.59999847412109375 102.9875030517578125 104.78749847412109375 104.2375030517578125 106.2937469482421875 101.30625152587890625 98.9250030517578125 98.59999847412109375 96.4875030517578125 92.2687530517578125 88.1750030517578125 85.3625030517578125 83.0812530517578125 79.52500152587890625 78.3000030517578125 77.9875030517578125 75.28749847412109375 74 72.50624847412109375 71.375 69.15000152587890625 65.7624969482421875 64.5 61.924999237060546875 58.55625152587890625 55.63124847412109375 54.69374847412109375 53.887500762939453125 55.950000762939453125 55.637500762939453125 54.043750762939453125 52.72499847412109375 53.768749237060546875 53.0625 53.356250762939453125 53.71250152587890625
101.55625152587890625 99.84999847412109375 95.5749969482421875 94.8249969482421875 96.2062530517578125 95.4375 95.2937469482421875 95.63124847412109375 96.77500152587890625 97.125 96.65000152587890625 97.40000152587890625 96.3625030517578125 96.3937530517578125 96.1437530517578125 94.74375152587890625 90.22499847412109375 86.2937469482421875 83.22499847412109375 80.96250152587890625 78.43125152587890625 76.02500152587890625 72.8937530517578125 72.13124847412109375 71.8000030517578125 70.1875 69.84375 69.03125 66.90625 66.4499969482421875 63.75 60.606250762939453125 57.80625152587890625 54.55625152587890625 52.88124847412109375 51.34375 51.74375152587890625 50.08750152587890625 49.981250762939453125 49.41249847412109375 50.43125152587890625 50.02500152587890625 49.5 49.5625
96.6374969482421875 95.1999969482421875 93.53749847412109375 93.1875 91.8874969482421875 91.6875 91.8937530517578125 92.84999847412109375 92.27500152587890625 92.5437469482421875 95.21875 94.53125 94.19374847412109375 95.97499847412109375 95.88124847412109375 91.53125 86.7687530517578125 84.86875152587890625 81.78125 78.96875 74.7624969482421875 71.5437469482421875 69.78125 69.52500152587890625 68.58750152587890625 67.8125 67.21875 66.25624847412109375 65.46875 64.8937530517578125 62.893749237060546875 58.74375152587890625 56.331249237060546875 54.59375 52.049999237060546875 50.22499847412109375 48.731250762939453125 47.012500762939453125 46.674999237060546875 47.862499237060546875 48.456249237060546875 47.58750152587890625 45.99375152587890625 45.325000762939453125
91.49375152587890625 91.56874847412109375 92.5625 91.66249847412109375 89.9375 89.06874847412109375 90.19374847412109375 89.1437530517578125 87.96875 87.34375 89.9187469482421875 92.16249847412109375 92.3937530517578125 91.6374969482421875 90.125 88.83750152587890625 86.59999847412109375 82.68125152587890625 77.77500152587890625 75.03125 72.1125030517578125 68.6437530517578125 67.81874847412109375 66.24375152587890625 66.2375030517578125 64.59999847412109375 65.3625030517578125 64.7937469482421875 65.2624969482421875 63.956249237060546875 62.53125 59.924999237060546875 55.16249847412109375 52.40000152587890625 50.831249237060546875 48.987499237060546875 46.987499237060546875 44.94374847412109375 44.637500762939453125 44.75624847412109375 43.97499847412109375 44.06874847412109375 43.24375152587890625 40.33750152587890625
88.44374847412109375 86.8562469482421875 89.21250152587890625 90.65000152587890625 89.21875 85.94374847412109375 84.59375 84.84375 84.05625152587890625 83.2937469482421875 88.07500457763671875 91.1750030517578125 92.08750152587890625 94.5812530517578125 92.96250152587890625 89.18125152587890625 84.6999969482421875 78.65625 73.8249969482421875 68.5625 68.2375030517578125 64.34375 62.456249237060546875 61.549999237060546875 63.606250762939453125 63.268749237060546875 63.40000152587890625 62.293750762939453125 62.287502288818359375 60.768749237060546875 59.94374847412109375 58.34375 53.34375 50.418750762939453125 47.8125 46.59375 43.77500152587890625 43.78125 42.06874847412109375 41.90000152587890625 40.96875 39.799999237060546875 39.331249237060546875 37.575000762939453125
85.6437530517578125 83.94374847412109375 84.90000152587890625 86.3000030517578125 86.0812530517578125 83.96250152587890625 82.59375 81.1062469482421875 79.3625030517578125 78.53749847412109375 80.80625152587890625 88.3125 92.2687530517578125 93.33750152587890625 91.91249847412109375 88.3125 82.91249847412109375 75.2312469482421875 69.8000030517578125 64.1437530517578125 62.11875152587890625 61.53749847412109375 59.299999237060546875 58.61875152587890625 60.36875152587890625 60.1875 60.206249237060546875 59.44374847412109375 60.331249237060546875 58.50624847412109375 56.512500762939453125 55.125 51.668750762939453125 48.21875 44.799999237060546875 43.762500762939453125 43.21250152587890625 41.25 40.27500152587890625 40.28749847412109375 39.356250762939453125 37.668750762939453125 36.837497711181640625 36.299999237060546875
80.375 81.91249847412109375 80.74375152587890625 82.28125 83.40625 81.6437530517578125 80.06874847412109375 79.8562469482421875 77.7062530517578125 73.2062530517578125 78.59999847412109375 89.0500030517578125 93.78749847412109375 92.375 90.5437469482421875 86.5 81.52500152587890625 74.8562469482421875 68.875 61.424999237060546875 58.46250152587890625 58.65625 56.5625 56.52500152587890625 56.549999237060546875 56.700000762939453125 58.28125 57.59375 56.887500762939453125 54.27500152587890625 53.96250152587890625 51.512500762939453125 49.081249237060546875 46.53125 43.27500152587890625 42.081249237060546875 41.5625 40.84999847412109375 38.981250762939453125 37.700000762939453125 36.59999847412109375 36.09375 34.28749847412109375 36.00624847412109375
75.80625152587890625 77.58750152587890625 78.2937469482421875 80.61875152587890625 80.8562469482421875 80.0812530517578125 79.8625030517578125 79.5124969482421875 78.7312469482421875 73.90000152587890625 84.6125030517578125 93.96250152587890625 94.6125030517578125 93.52500152587890625 88.71250152587890625 84.09375 78.6125030517578125 73.08750152587890625 68.09999847412109375 61.96875 57.887500762939453125 56.325000762939453125 53.59999847412109375 53.83750152587890625 53.46250152587890625 54.8125 56.13124847412109375 55.325000762939453125 54.41249847412109375 51.28749847412109375 49.59375 49.25 47.40625 44.21875 41.43125152587890625 40.5625 39.68125152587890625 38.40000152587890625 38.83750152587890625 36.793750762939453125 35.137500762939453125 34.981250762939453125 32.793750762939453125 32.143749237060546875
