data/historical-monthly-weather-data/wc2.1_cruts4.09_10m_prec_2016-01.asc
ncols        45
nrows        45
xllcorner    -63.500000000000
yllcorner    -7.500000000000
cellsize     0.166666666667
NODATA_value -9999
[rows 20 to 39 of 45, columns 0 to 43 of 45]
124.06874847412109375 117.3312530517578125 115.0437469482421875 114.1125030517578125 113.84375 118.5437469482421875 124.375 129.774993896484375 137.100006103515625 143.96875 149.6062469482421875 150.5749969482421875 152.1062469482421875 153.975006103515625 148.375 138.3625030517578125 131.2562408447265625 128.6875 129.4312591552734375 130.6999969482421875 137.1750030517578125 143.6374969482421875 149.15625 153.4375 157.881256103515625 162.649993896484375 167.368743896484375 172.493743896484375 177.4375 182.3312530517578125 183.25 180.1999969482421875 168.306243896484375 155.587493896484375 144.6062469482421875 150.243743896484375 160.8125 167.0437469482421875 167.3937530517578125 162.162506103515625 153.3125 144.2312469482421875 137.3000030517578125 131.568756103515625
125.33750152587890625 118.0187530517578125 115.8312530517578125 115.625 116.52500152587890625 121.59375 127.5187530517578125 133.84375 140.8625030517578125 145.193756103515625 147.7062530517578125 145.443756103515625 144.1875 144.5625 142.09375 136.6999969482421875 132.806243896484375 131.243743896484375 131.068756103515625 131.9812469482421875 135.868743896484375 141.037506103515625 146.506256103515625 151.1062469482421875 156.024993896484375 161.6125030517578125 168.15625 172.4187469482421875 175.78125 178.868743896484375 178.3000030517578125 175.587493896484375 167.1062469482421875 159.774993896484375 154.681243896484375 159.6062469482421875 170.493743896484375 178.506256103515625 178.3625030517578125 170.84375 159.993743896484375 149.3937530517578125 141.006256103515625 133.9562530517578125
126.88124847412109375 119.7312469482421875 116.83750152587890625 116.63124847412109375 118.34999847412109375 124.46875 130.7312469482421875 137.4562530517578125 145.1687469482421875 146.662506103515625 144.65625 138.6750030517578125 134.6437530517578125 135.1999969482421875 136.212493896484375 135.1875 132.931243896484375 132.118743896484375 131.6875 131.84375 134.912506103515625 138.5 142.3125 146.725006103515625 152.8249969482421875 160.0187530517578125 167.4812469482421875 171.649993896484375 174 175.28125 174.5500030517578125 173.2937469482421875 170.162506103515625 166.881256103515625 166.024993896484375 170.4499969482421875 181.25 193.6437530517578125 191.5812530517578125 178.568756103515625 165.2624969482421875 153.850006103515625 143.412506103515625 135.287506103515625
130.100006103515625 122.8874969482421875 119.13124847412109375 118.90000152587890625 121.1875 127.09999847412109375 133.649993896484375 140.1437530517578125 146.34375 145.90625 141.9562530517578125 135.5187530517578125 128 130.568756103515625 134.149993896484375 134.5500030517578125 133.1687469482421875 132.399993896484375 131.71875 131.506256103515625 133.1999969482421875 135.631256103515625 138.5437469482421875 142.65625 149.4375 156.8562469482421875 165.493743896484375 169.7312469482421875 172.3937530517578125 175.5 177.1750030517578125 178.693756103515625 177.1687469482421875 175.7375030517578125 176.037506103515625 179.850006103515625 187.8125 197.225006103515625 194.3000030517578125 181.243743896484375 167.5500030517578125 155.6125030517578125 145.243743896484375 136.8625030517578125
134.149993896484375 127.3562469482421875 122.4499969482421875 123.0625 126.3874969482421875 131.4499969482421875 136.65625 141.5812530517578125 145.34375 145.381256103515625 142.40625 137.7937469482421875 134.0374908447265625 135.350006103515625 136.2312469482421875 136.181243896484375 134.8874969482421875 134.193756103515625 132.65625 130.8125 131.5 132.337493896484375 134.0625 137.7062530517578125 144.162506103515625 152.5187530517578125 160.71875 167.6750030517578125 172.381256103515625 178.3312530517578125 183.21875 188.03125 186.287506103515625 185.068756103515625 185 185.9812469482421875 189.787506103515625 191.181243896484375 187.587493896484375 178.431243896484375 166.4499969482421875 155.5124969482421875 145.8874969482421875 138.5
140.787506103515625 136.1750030517578125 131.6687469482421875 131.4875030517578125 132.493743896484375 136.5 140.193756103515625 142.8312530517578125 145.162506103515625 145.318756103515625 144.1750030517578125 142.943756103515625 141.9187469482421875 142.8312530517578125 141.3625030517578125 139.868743896484375 138.193756103515625 136.8874969482421875 134.618743896484375 131.587493896484375 131.350006103515625 130.0625 130.1312408447265625 132.4187469482421875 139.287506103515625 148.568756103515625 158.712493896484375 166.943756103515625 174.1687469482421875 181.024993896484375 189.8874969482421875 197.381256103515625 196.5 193.6374969482421875 192.3562469482421875 190.5124969482421875 189.787506103515625 186.8249969482421875 182.1875 174.15625 164.09375 153.9812469482421875 144.5124969482421875 137.8562469482421875
145.3562469482421875 141.6687469482421875 139.3000030517578125 138.6437530517578125 138.4499969482421875 141.243743896484375 143.9812469482421875 144.9875030517578125 146.59375 147.8249969482421875 148.1125030517578125 149.125 150.3000030517578125 151.9250030517578125 149.3125 146.899993896484375 144.493743896484375 142.5812530517578125 140.2062530517578125 136.037506103515625 133.931243896484375 132.1999969482421875 129.818756103515625 131.225006103515625 139.4875030517578125 148.8125 159.337493896484375 168.899993896484375 177.8125 186.318756103515625 196.850006103515625 205.3562469482421875 204.725006103515625 200.537506103515625 196.350006103515625 193.34375 190.375 184.931243896484375 178.71875 171.412506103515625 161.8312530517578125 151.34375 142.256256103515625 136.068756103515625
150.6374969482421875 147.024993896484375 146.212493896484375 145.8562469482421875 145.587493896484375 146.837493896484375 148.0625 148.225006103515625 149.743743896484375 150.875 152.0187530517578125 155 157.7375030517578125 160.2687530517578125 157.3312530517578125 154.3312530517578125 151.2687530517578125 150.024993896484375 146.2624969482421875 142.1750030517578125 140.1374969482421875 136.8874969482421875 135.9562530517578125 137.868743896484375 144.243743896484375 152.25 162.587493896484375 172.274993896484375 182.068756103515625 192.3625030517578125 202.556243896484375 211.162506103515625 209.412506103515625 203.7687530517578125 198.6125030517578125 194.65625 189.84375 184.1125030517578125 178.118743896484375 170.2062530517578125 161.4562530517578125 151.28125 141.274993896484375 135.7687530517578125
154.9375 152.212493896484375 152.2687530517578125 152.993743896484375 152.993743896484375 152.875 152 151.943756103515625 152.9375 154.3937530517578125 156.3562469482421875 160.4375 164.78125 169.2937469482421875 166.6500091552734375 163.806243896484375 161.743743896484375 159.193756103515625 155.3937530517578125 150.8625030517578125 147.818756103515625 144.318756103515625 143.212493896484375 145.6999969482421875 150.8625030517578125 157.506256103515625 167.587493896484375 177.4562530517578125 188.1125030517578125 198.3625030517578125 207.725006103515625 215.524993896484375 212.600006103515625 206.8562469482421875 201.15625 196.087493896484375 191.318756103515625 185.2062530517578125 179.4250030517578125 171.493743896484375 161.681243896484375 152.03125 144.1750030517578125 142.037506103515625
158.087493896484375 156.131256103515625 157.600006103515625 159.4812469482421875 159.4875030517578125 157.868743896484375 155.875 155.5124969482421875 156.568756103515625 157.96875 160.9000091552734375 166.662506103515625 172.556243896484375 178.243743896484375 177.59375 175.7687530517578125 174.131256103515625 172.09375 168.9250030517578125 163.381256103515625 159.46875 156.4812469482421875 154.5500030517578125 156.524993896484375 161.1687469482421875 167.25 176.6062469482421875 186.15625 196.4375 204.9499969482421875 213.399993896484375 219.84375 215.6750030517578125 210.3625030517578125 204.181243896484375 199.118743896484375 193.84375 188.712493896484375 182.6062469482421875 175.4375 167.5 159.631256103515625 153.6125030517578125 151.7687530517578125
159.649993896484375 158.600006103515625 159.8125 162.2375030517578125 163.4499969482421875 160.399993896484375 158.6687469482421875 157.9250030517578125 159.350006103515625 161.681243896484375 165.6999969482421875 172.649993896484375 180.037506103515625 186.4187469482421875 187.868743896484375 187.7062530517578125 187.8312530517578125 186.381256103515625 183.1374969482421875 177.3937530517578125 172.475006103515625 168.443756103515625 166.618743896484375 168.1062469482421875 171.712493896484375 177.8562469482421875 186.8625030517578125 195.975006103515625 206.1875 212.6750030517578125 219.3937530517578125 224.4250030517578125 219.462493896484375 213.7624969482421875 207.462493896484375 202.3937530517578125 196.962493896484375 192.600006103515625 187.475006103515625 180.9187469482421875 174.5374908447265625 167.96875 162.881256103515625 159.1062469482421875
159.9499969482421875 159.2312469482421875 160.274993896484375 161.9250030517578125 162.350006103515625 160.6999969482421875 160.3937530517578125 159.625 161.7624969482421875 164.8937530517578125 169.681243896484375 177.7687530517578125 186.600006103515625 195.15625 198.600006103515625 200.1687469482421875 200.6687469482421875 198.881256103515625 194.6750030517578125 189.556243896484375 184.1875 179.912506103515625 178.068756103515625 179.1999969482421875 183.243743896484375 188.6125030517578125 196.8562469482421875 206.100006103515625 214.9562530517578125 220.806243896484375 225.681243896484375 228.9875030517578125 223.818756103515625 217.7937469482421875 211.4499969482421875 205.8937530517578125 201.568756103515625 196.1687469482421875 190.6875 185.3249969482421875 181.618743896484375 176.34375 171.8625030517578125 169.4812469482421875
161.368743896484375 160.625 161.693756103515625 162.743743896484375 162.287506103515625 161.46875 160.975006103515625 160.9875030517578125 163.125 168.118743896484375 175.287506103515625 184.962493896484375 196.6125030517578125 207.9562530517578125 212.34375 215.024993896484375 216.149993896484375 213.037506103515625 208.149993896484375 203.3125 198.368743896484375 194.256256103515625 191.96875 194.037506103515625 197.46875 202.649993896484375 210.34375 218.024993896484375 226.28125 231.568756103515625 234.3125 235.0124969482421875 229.837493896484375 224.0124969482421875 216.9562530517578125 211.600006103515625 206.4375 200.774993896484375 194.618743896484375 191.6687469482421875 188.243743896484375 184.193756103515625 181.2624969482421875 180.412506103515625
162.524993896484375 161.8000030517578125 162.4250030517578125 163.087493896484375 161.962493896484375 161.71875 161.78125 161.9250030517578125 164.84375 169.943756103515625 178.59375 192.3249969482421875 207.28125 220.225006103515625 226.2062530517578125 229.712493896484375 232.5124969482421875 229.15625 222.8874969482421875 216.993743896484375 212.5625 208.9562530517578125 206.868743896484375 208.506256103515625 211.6687469482421875 215.975006103515625 222.8562469482421875 230.90625 239.2624969482421875 241.837493896484375 243.412506103515625 242.7375030517578125 236.6875 230.899993896484375 223.7375030517578125 217.662506103515625 211.3625030517578125 204.375 199.631256103515625 196.6062469482421875 192.9812469482421875 190.287506103515625 188.8562469482421875 189.100006103515625
165.0437469482421875 163.712493896484375 163.9875030517578125 163.6437530517578125 162.712493896484375 162.899993896484375 162.5437469482421875 162.6750030517578125 164.6875 170.84375 182.2312469482421875 199.15625 218.850006103515625 235.0187530517578125 241.962493896484375 245.6999969482421875 248.6999969482421875 244.068756103515625 237.318756103515625 229.875 226.28125 223.09375 221.2062530517578125 222.381256103515625 225.4250030517578125 228.462493896484375 235.71875 244.0187530517578125 251.756256103515625 252.1999969482421875 251.9875030517578125 250.75 244.6125030517578125 237.6750030517578125 229.962493896484375 223.006256103515625 215.2687530517578125 209.443756103515625 204.71875 200.443756103515625 196.84375 194.1125030517578125 193.2687530517578125 193.4499969482421875
171.524993896484375 169.462493896484375 169.125 168.28125 167.125 166.3000030517578125 165.8937530517578125 164.90625 165.868743896484375 171.181243896484375 184.431243896484375 205.71875 229.21875 247.8874969482421875 256.649993896484375 261.88751220703125 264.725006103515625 259.51873779296875 252.131256103515625 244.193756103515625 239.962493896484375 237.375 235.0500030517578125 235.725006103515625 238.5187530517578125 242.274993896484375 248.9375 256.962493896484375 264.53125 263.70623779296875 262.762481689453125 260.125 254.493743896484375 247.6374969482421875 239.4250030517578125 230.725006103515625 223.9875030517578125 216.506256103515625 209.806243896484375 204.875 200.850006103515625 198.412506103515625 196.912506103515625 196.8874969482421875
178.625 176.125 174.8249969482421875 173.618743896484375 172.125 171.399993896484375 171.2312469482421875 169.40625 168.274993896484375 169.649993896484375 186.712493896484375 216.3125 241.600006103515625 259.212493896484375 270.118743896484375 277.25 280.9375 275.20001220703125 267.056243896484375 258.26251220703125 254.1437530517578125 250.225006103515625 248.03125 248.6999969482421875 251.7687530517578125 256.125 262.618743896484375 270.83123779296875 277.88751220703125 276.256256103515625 273.875 270.23748779296875 264.95623779296875 258.32501220703125 249.75 240.4499969482421875 231.7624969482421875 222.46875 215.2375030517578125 208.693756103515625 202.787506103515625 200.0812530517578125 199.193756103515625 198.568756103515625
184.5812530517578125 181.7312469482421875 180.100006103515625 179.15625 178.03125 178.4499969482421875 178.443756103515625 177.46875 177.337493896484375 177.475006103515625 205.6125030517578125 237.381256103515625 258.04998779296875 273.04998779296875 284.45623779296875 292.337493896484375 296.068756103515625 290.693756103515625 282.61248779296875 273.337493896484375 267.95623779296875 262.662506103515625 259.61248779296875 260.42498779296875 263.70623779296875 268.78125 274.649993896484375 282.51873779296875 289.524993896484375 287.98126220703125 284.23748779296875 278.9375 273.725006103515625 267.76251220703125 259.131256103515625 249.0500030517578125 238.181243896484375 228.1750030517578125 220.274993896484375 212.40625 205.0187530517578125 202.587493896484375 200.5437469482421875 198.556243896484375
184.431243896484375 181.125 180.912506103515625 180.9375 181.25 183.225006103515625 184.9812469482421875 188.5500030517578125 196.9875030517578125 215.243743896484375 250.2624969482421875 265.462493896484375 276.70623779296875 288.5 298.20001220703125 304.71875 308.75 302.556243896484375 294.07501220703125 285.15625 277.33123779296875 271.23126220703125 267.86248779296875 268.58123779296875 271.5 276.3125 282.431243896484375 290.118743896484375 297.412506103515625 297.58123779296875 294.368743896484375 289.462493896484375 283.524993896484375 276.04376220703125 269.462493896484375 258.95623779296875 247.1374969482421875 236.84375 227.837493896484375 218.431243896484375 210.75 207.568756103515625 204.7687530517578125 203.4562530517578125
183.3874969482421875 181.006256103515625 181.462493896484375 182.0500030517578125 184.6750030517578125 189.0625 193.9187469482421875 202.3000030517578125 216.818756103515625 238.462493896484375 263.512481689453125 281.41876220703125 293.14373779296875 304.131256103515625 311.962493896484375 318.118743896484375 321.431243896484375 315.681243896484375 305.774993896484375 295.90625 284.73126220703125 278.056243896484375 274.25 274.725006103515625 278.10626220703125 282.63751220703125 288.95001220703125 297.118743896484375 304.04998779296875 304.756256103515625 302.28125 299.78125 295.056243896484375 287.29376220703125 278.375 267.51251220703125 255.475006103515625 244.4562530517578125 234.556243896484375 224.350006103515625 216.4375 212.7687530517578125 209.25 207.524993896484375
