data/historical-monthly-weather-data/wc2.1_cruts4.09_10m_prec_1982-05.asc
ncols        51
nrows        45
xllcorner    -63.500000000000
yllcorner    -7.500000000000
cellsize     0.166666666667
NODATA_value -9999
[rows 19 to 37 of 45, columns 0 to 43 of 51]
224.068756103515625 231.03125 237.537506103515625 243.1875 251.193756103515625 260.04376220703125 265.29998779296875 268.024993896484375 268.625 267.931243896484375 267.45001220703125 264.337493896484375 260.40625 251.5124969482421875 242.4562530517578125 229.149993896484375 218.4375 219.693756103515625 217.9250030517578125 220.743743896484375 219.625 225.2375030517578125 234.212493896484375 236.3625030517578125 233.8625030517578125 226.6437530517578125 221.6687469482421875 218.4937591552734375 209.0187530517578125 198.8937530517578125 194.756256103515625 201.0625 200.649993896484375 198.3312530517578125 201.631256103515625 206.6687469482421875 208.068756103515625 207.15625 204.3312530517578125 199.03125 187.375 180.100006103515625 180.375 180.7624969482421875
207.90625 222.0187530517578125 231.7937469482421875 237.556243896484375 243.0187530517578125 254.4000091552734375 262.35626220703125 266.63751220703125 267.831268310546875 265.26251220703125 263.568756103515625 261.287506103515625 254.225006103515625 246.568756103515625 235.7312469482421875 227.3874969482421875 215.625 212.287506103515625 215.5124969482421875 215.087493896484375 223.4187469482421875 229.9812469482421875 234.943756103515625 236.0124969482421875 234.681243896484375 227.7687530517578125 216.4812469482421875 210.806243896484375 206.0500030517578125 202.368743896484375 201.524993896484375 203.337493896484375 198.1437530517578125 195.118743896484375 196.3562469482421875 200.524993896484375 203.037506103515625 202.6875 198.4875030517578125 191.6374969482421875 185.25 178.7937469482421875 175.6999969482421875 177.2062530517578125
198.881256103515625 206.118743896484375 219.350006103515625 231.3874969482421875 237.90625 246.1437530517578125 256.399993896484375 264.16876220703125 266.493743896484375 265.01873779296875 262.287506103515625 257.350006103515625 250.0187530517578125 241.8562469482421875 236.006256103515625 225.774993896484375 225.725006103515625 220.5812530517578125 222.506256103515625 220.5500030517578125 219.90625 225.09375 230.0749969482421875 227.4375 221.6875 219.087493896484375 217.149993896484375 211.3249969482421875 211.693756103515625 209.868743896484375 205.493743896484375 201.4812469482421875 199.787506103515625 199.0812530517578125 196.212493896484375 196.4499969482421875 198.84375 198.306243896484375 193.962493896484375 187.84375 182.7874908447265625 177.3000030517578125 173.9875030517578125 173.8249969482421875
190.375 203.9250030517578125 215.7624969482421875 227.662506103515625 234.3625030517578125 241.556243896484375 243.962493896484375 253.149993896484375 262.162506103515625 262.26251220703125 257.875 252.4499969482421875 249.618743896484375 242.600006103515625 236.9812469482421875 229.7375030517578125 225.587493896484375 223.0187530517578125 222.1999969482421875 221.15625 222.7624969482421875 221.556243896484375 224.006256103515625 220.4875030517578125 219.2312469482421875 215.4812469482421875 210.6125030517578125 210.5 211.506256103515625 208.899993896484375 203.587493896484375 202.6875 203.3375091552734375 201.2312469482421875 199.3874969482421875 193.350006103515625 191.881256103515625 192.931243896484375 192.287506103515625 186.274993896484375 179.9187469482421875 175.3937530517578125 171.774993896484375 170.8874969482421875
179.131256103515625 194.09375 208.7062530517578125 218.756256103515625 225.225006103515625 230.2375030517578125 241.256256103515625 248.399993896484375 251.7687530517578125 251.4562530517578125 250.5749969482421875 251.625 248.2937469482421875 244.7624969482421875 237.475006103515625 230.649993896484375 226.350006103515625 225.962493896484375 226.375 226.6687469482421875 223.881256103515625 223.212493896484375 222.243743896484375 222.212493896484375 217.9250030517578125 210.5749969482421875 208.4375 208.9375 211.524993896484375 213.53125 213.850006103515625 214.0749969482421875 214.443756103515625 210.5187530517578125 206.2624969482421875 196.256256103515625 196.024993896484375 193.818756103515625 190.4499969482421875 185 177.8874969482421875 174.6374969482421875 171.743743896484375 168.8874969482421875
172.2062530517578125 187.1374969482421875 199.96875 213.2687530517578125 222.0437469482421875 228.493743896484375 232.9250030517578125 240.412506103515625 243.0124969482421875 245.162506103515625 244.443756103515625 243.96875 245.1875 242.1125030517578125 235 230.6875 229.6374969482421875 228.7375030517578125 227.71875 228.1999969482421875 228.1687469482421875 225.0749969482421875 225.3874969482421875 223.1437530517578125 218.1750030517578125 216.9250030517578125 214.5812530517578125 215.649993896484375 217.3937530517578125 223.1125030517578125 224.6374969482421875 230.0749969482421875 228.712493896484375 223.162506103515625 213.0812530517578125 203.875 200.131256103515625 192.7624969482421875 188.0749969482421875 182.712493896484375 176.725006103515625 172.21875 169.3000030517578125 164.71875
170.087493896484375 185.4812469482421875 193.2375030517578125 205.212493896484375 211.306243896484375 216.912506103515625 221.087493896484375 227.743743896484375 228.1875 228.1999969482421875 234.6062469482421875 237.78125 236.9375 236.0187530517578125 235.0749969482421875 231.375 230.8125 230.3562469482421875 229.493743896484375 228.9375 229.1374969482421875 226.3937530517578125 226.6687469482421875 221.743743896484375 220.024993896484375 218.28125 221.443756103515625 222.59375 223.756256103515625 230.2375030517578125 237.0500030517578125 248.912506103515625 247.7062530517578125 234.65625 221.2375030517578125 211.662506103515625 202.3125 194.40625 185.024993896484375 178.8249969482421875 173.6374969482421875 167.8125 162.9812469482421875 160.5437469482421875
167.6999969482421875 175.9499969482421875 185.6062469482421875 194.631256103515625 200.068756103515625 205.712493896484375 209.5562591552734375 212.5500030517578125 215.243743896484375 222.5812530517578125 227.6062469482421875 228.96875 231.712493896484375 233.381256103515625 232.899993896484375 232.068756103515625 229.881256103515625 228.037506103515625 231.9375 230.787506103515625 228.7375030517578125 227.631256103515625 227.9187469482421875 226.975006103515625 225.0625 223.8937530517578125 226.46875 227.5749969482421875 229.7937469482421875 234.0124969482421875 244.4250030517578125 256.243743896484375 258.9375 241.0500030517578125 223.8937530517578125 212.0812530517578125 204.712493896484375 193.993743896484375 184.4562530517578125 177.9875030517578125 171.712493896484375 166.037506103515625 161.350006103515625 156.9875030517578125
166.587493896484375 170.7062530517578125 177.7312469482421875 182.8000030517578125 188.4499969482421875 194.8812408447265625 199.6437530517578125 201.2624969482421875 206.212493896484375 213.4562530517578125 217.943756103515625 220.3625030517578125 224.59375 227.149993896484375 229.1437530517578125 226.75 228 231.037506103515625 234.868743896484375 235.068756103515625 233.181243896484375 230.475006103515625 233.28125 230.9875030517578125 229.743743896484375 227.087493896484375 229.881256103515625 230.7687530517578125 233.5187530517578125 238.225006103515625 246.25 254.5500030517578125 252.6437530517578125 237.9562530517578125 224.9812469482421875 213.087493896484375 202.787506103515625 194.5625 186.5625 177.53125 169.7062530517578125 165.662506103515625 161.181243896484375 157.71875
163.1875 165.725006103515625 169.2312469482421875 173.256256103515625 177.4875030517578125 180.068756103515625 183.40625 189.4812469482421875 198.09375 202.9499969482421875 208.3937530517578125 213.493743896484375 217.96875 224.087493896484375 228.5 230.743743896484375 232.1062469482421875 233.556243896484375 235.9375 237.118743896484375 236.0500030517578125 233.399993896484375 234.4812469482421875 232.068756103515625 230.3874969482421875 225.8312530517578125 228.8125 231.818756103515625 234.162506103515625 236.9187469482421875 242.9499969482421875 245.9812469482421875 241.087493896484375 230.2062530517578125 221.84375 211.149993896484375 202.09375 192.350006103515625 184.4499969482421875 175.5124969482421875 165.193756103515625 159.649993896484375 158.649993896484375 159.024993896484375
164.1062469482421875 163.931243896484375 163.993743896484375 163.743743896484375 165.5187530517578125 170.274993896484375 173.943756103515625 181.53125 188.46875 192.3937530517578125 199.21875 205.8125 212.2624969482421875 220.2062530517578125 225.46875 229.1062469482421875 231.34375 236.662506103515625 237.774993896484375 236.412506103515625 235.9250030517578125 235.7687530517578125 236.1062469482421875 232.2312469482421875 227.4812469482421875 227.649993896484375 226.9562530517578125 225.8562469482421875 227.5437469482421875 230.0812530517578125 234.59375 234.7937469482421875 230.0562591552734375 223.193756103515625 216.6062469482421875 205.818756103515625 201.3000030517578125 192.912506103515625 184.149993896484375 179.21875 171.931243896484375 165.493743896484375 160.931243896484375 158.087493896484375
165.318756103515625 162.1437530517578125 159.1374969482421875 158.6750030517578125 159.71875 163.2062530517578125 168.443756103515625 173.1125030517578125 179.8125 185.693756103515625 192.412506103515625 198.46875 208.4875030517578125 214.2375030517578125 220.475006103515625 227.0437469482421875 231.9375 235.118743896484375 237.8562469482421875 239.1687469482421875 235.8312530517578125 234.2062530517578125 234.6875 228.53125 223.8937530517578125 225.8125 223.4499969482421875 220.4499969482421875 221.443756103515625 222.0437469482421875 225.8937530517578125 223.5500030517578125 219.1125030517578125 214.3125 208.4499969482421875 198.6062469482421875 194.662506103515625 190.368743896484375 185.46875 179.587493896484375 175.9375 169.1125030517578125 163.850006103515625 158.3562469482421875
163.287506103515625 158.037506103515625 154.7312469482421875 153.9812469482421875 155.193756103515625 156.912506103515625 163.3562469482421875 165.2687530517578125 171.243743896484375 176.618743896484375 183.1437530517578125 188.9875030517578125 198.725006103515625 208.3312530517578125 214.8937530517578125 223.225006103515625 225.90625 228.693756103515625 231.6687469482421875 233.931243896484375 230.1999969482421875 229.4187469482421875 229.0812530517578125 224.78125 223.9562530517578125 222.056243896484375 219.493743896484375 214.837493896484375 212.131256103515625 213.1750030517578125 212.09375 210.931243896484375 206.3625030517578125 202.537506103515625 199.131256103515625 191.743743896484375 187.6125030517578125 185.087493896484375 180.6062469482421875 179.618743896484375 176.4499969482421875 171.318756103515625 166.975006103515625 164.4499969482421875
163.3625030517578125 158.90625 155 154.5437469482421875 153.287506103515625 154.087493896484375 158.162506103515625 160.2937469482421875 165.3000030517578125 171.368743896484375 180.3312530517578125 186.3625030517578125 195.162506103515625 205.618743896484375 211.3312530517578125 216.3312530517578125 219.625 224.912506103515625 225.03125 226.6437530517578125 222.5437469482421875 222.90625 221.087493896484375 219.243743896484375 217.743743896484375 216.618743896484375 212.149993896484375 208.1125030517578125 203.25 202.1062469482421875 201.350006103515625 198.818756103515625 193.40625 193.0437469482421875 189.5124969482421875 186.3562469482421875 180.7062530517578125 178.875 175.5749969482421875 177.2937469482421875 174.681243896484375 172.5812530517578125 169.7624969482421875 169.2937469482421875
163.875 158.8000030517578125 156.774993896484375 155.243743896484375 154.5500030517578125 153.524993896484375 154.743743896484375 155.21875 158.7062530517578125 163.8937530517578125 171.368743896484375 180.8625030517578125 188.537506103515625 196.5749969482421875 204.03125 211.3312530517578125 215.931243896484375 219.399993896484375 217.4250030517578125 216.618743896484375 215.8000030517578125 216.3249969482421875 214.65625 210.9375 209.9375 207.475006103515625 202.3125 197.53125 194.6062469482421875 192.4250030517578125 190.681243896484375 187.5500030517578125 183.7375030517578125 181.0500030517578125 179.4562530517578125 176.337493896484375 173.631256103515625 169.6062469482421875 169.931243896484375 170.806243896484375 169.193756103515625 170.2937469482421875 171.443756103515625 172.1687469482421875
162.7937469482421875 158.2937469482421875 156.850006103515625 156.212493896484375 155.3125 153.350006103515625 150.71875 150.5749969482421875 150.71875 155.600006103515625 163.7062530517578125 173.4499969482421875 184.4562530517578125 194.6687469482421875 201.149993896484375 207.024993896484375 210.5437469482421875 213.274993896484375 211.1999969482421875 207.524993896484375 206.71875 205.337493896484375 205.3312530517578125 201.6374969482421875 199.787506103515625 197.5 194.9375 191.1875 187.537506103515625 185.3562469482421875 181.5437469482421875 177.7062530517578125 172.3625030517578125 170.6687469482421875 164.8312530517578125 163.6437530517578125 160.149993896484375 162.03125 162.7937469482421875 163.0124969482421875 162.6750030517578125 162.6750030517578125 164.631256103515625 167.8625030517578125
164.3312530517578125 161.4812469482421875 158.65625 157.149993896484375 155.162506103515625 152.493743896484375 148.618743896484375 147.975006103515625 147.7062530517578125 149.243743896484375 155.4250030517578125 168.587493896484375 182.118743896484375 190.881256103515625 198.024993896484375 202.1999969482421875 204.693756103515625 203.912506103515625 203.53125 199.337493896484375 198.399993896484375 196.912506103515625 195.8000030517578125 193.1062469482421875 190.3125 187.318756103515625 187.2624969482421875 184.4812469482421875 179.068756103515625 176.03125 172.7312469482421875 168.600006103515625 163.2062530517578125 158.03125 153.90625 152.09375 154.4749908447265625 152.868743896484375 154.006256103515625 157.21875 156.618743896484375 159.118743896484375 159.8874969482421875 162.90625
166.618743896484375 165.15625 162.024993896484375 160.037506103515625 158.556243896484375 154.0812530517578125 150.0812530517578125 146.4187469482421875 144.462493896484375 141.225006103515625 152.40625 172.5 183.975006103515625 190.3562469482421875 195.149993896484375 197.9375 197.743743896484375 195.6750030517578125 194.568756103515625 189.056243896484375 188.6999969482421875 187.40625 184.7062530517578125 182.100006103515625 179.8937530517578125 179.1374969482421875 177.7375030517578125 174.8937530517578125 170.368743896484375 167.90625 165.3249969482421875 162.0374908447265625 156.0625 148.912506103515625 145.4875030517578125 146.0124969482421875 147.006256103515625 147.5812530517578125 147.774993896484375 148.84375 148.6125030517578125 149.306243896484375 153.962493896484375 157.8249969482421875
169.256256103515625 167.662506103515625 166.2624969482421875 163.6062469482421875 162.8625030517578125 158.756256103515625 154.412506103515625 149.274993896484375 146.725006103515625 142.84375 163.1750030517578125 183.149993896484375 189.4187469482421875 193.3249969482421875 194.90625 195.2687530517578125 193.118743896484375 191.0500030517578125 187.006256103515625 182.9499969482421875 179.3000030517578125 177.649993896484375 175.09375 172.4375 170.21875 168.993743896484375 166.1374969482421875 167.40625 164.818756103515625 160.7624969482421875 156.8249969482421875 153.71875 149.125 141.412506103515625 135.787506103515625 136.9187469482421875 139.787506103515625 140.25 142.9875030517578125 142.46875 142.7937469482421875 144.162506103515625 144.2624969482421875 145.5625
