data/historical-monthly-weather-data/wc2.1_cruts4.09_10m_prec_1976-08.asc
ncols        51
nrows        45
xllcorner    -63.500000000000
yllcorner    -7.500000000000
cellsize     0.166666666667
NODATA_value -9999
[rows 0 to 18 of 45, columns 0 to 42 of 51]
105.125 103.1125030517578125 102.0500030517578125 103.83750152587890625 106.3125 110.4187469482421875 111.5625 114.08750152587890625 117.2687530517578125 119.2624969482421875 117.93125152587890625 119.83750152587890625 123.3562469482421875 124.6062469482421875 127.9187469482421875 128.4812469482421875 130.6437530517578125 131.649993896484375 132.162506103515625 135.5749969482421875 135.493743896484375 133.212493896484375 131.100006103515625 128.6437530517578125 124.90625 121.5 121 121.99375152587890625 116.7687530517578125 111.5124969482421875 102.18125152587890625 96.72499847412109375 92.1437530517578125 85.9187469482421875 81.2375030517578125 78.78125 75.6999969482421875 73.8000030517578125 73.4375 72.5749969482421875 72.15000152587890625 72.91249847412109375 72.1062469482421875
101.15000152587890625 98.61875152587890625 100.03749847412109375 102.34999847412109375 105.8249969482421875 108.9250030517578125 108.38124847412109375 110.27500152587890625 113.6750030517578125 115.46250152587890625 115.25624847412109375 118.00624847412109375 118.90000152587890625 118.80625152587890625 120.84999847412109375 123.74375152587890625 124.46875 126.35625457763671875 128.9562530517578125 132.306243896484375 131.8249969482421875 129.256256103515625 127.0500030517578125 125.375 121.1875 116.53125 117.5437469482421875 116.63124847412109375 111.65625 105.72499847412109375 99.8000030517578125 94.2937469482421875 90.0749969482421875 86.2937469482421875 81.8000030517578125 79.125 75.1875 74.86875152587890625 74.1750030517578125 73.65625 75.28125 75.34999847412109375 75.94374847412109375
96.6374969482421875 96.3562469482421875 98.9375 102.66249847412109375 106.30625152587890625 108.5812530517578125 109.09375 110.06874847412109375 111.625 112.4499969482421875 113.4375 115.53125 115.6062469482421875 113.7375030517578125 114.99375152587890625 116.91249847412109375 118.1750030517578125 119.0625 120.4875030517578125 121.0500030517578125 121.3937530517578125 120.875 118.8125 117.97499847412109375 112.84375 109.68125152587890625 111.5 109.0812530517578125 104.5500030517578125 99.8249969482421875 93.08750152587890625 87.96250152587890625 84.1437530517578125 81.09999847412109375 76.03749847412109375 71.7624969482421875 69.15625 68.5437469482421875 67.6062469482421875 68.2937469482421875 70.8312530517578125 71.99375152587890625 74.09999847412109375
92.68125152587890625 91.78125 96.06874847412109375 100.75624847412109375 103.6875 105.40000152587890625 106.66249847412109375 107.76250457763671875 110.7375030517578125 111.15625 110.2624969482421875 110.4250030517578125 110.51250457763671875 108.43125152587890625 109.1999969482421875 110.2375030517578125 111.6999969482421875 112.02500152587890625 112.41249847412109375 114.9875030517578125 114.05625152587890625 111.8000030517578125 109.3125 108.75 104.9250030517578125 101.83750152587890625 102.78749847412109375 98.69374847412109375 95.3562469482421875 91.40625 85.84999847412109375 80.125 75.1999969482421875 71.1125030517578125 66.99375152587890625 64.21250152587890625 63.293750762939453125 61.78125 60.34999847412109375 62.09375 63.793750762939453125 67.0437469482421875 69.58750152587890625
97.49375152587890625 94.3562469482421875 93.0437469482421875 95.88124847412109375 100.53749847412109375 101.75624847412109375 102.2062530517578125 105.36875152587890625 109.3874969482421875 109.6062469482421875 107.22499847412109375 106.13124847412109375 105.49375152587890625 104.0500030517578125 103.96250152587890625 105.00624847412109375 105.13124847412109375 103.83750152587890625 103.2062530517578125 105.46875 106.5749969482421875 102.75624847412109375 100.77500152587890625 101.6374969482421875 96.9812469482421875 93.5124969482421875 92.1999969482421875 91.3625030517578125 88.41249847412109375 82.7624969482421875 79.3625030517578125 73.47499847412109375 69.43125152587890625 65.84999847412109375 61.862499237060546875 58.362499237060546875 56.325000762939453125 54.96875 53.81874847412109375 54.59999847412109375 57.825000762939453125 61.21250152587890625 65.6750030517578125
99.80625152587890625 96.81874847412109375 94.1374969482421875 90.96250152587890625 94.71875 99.8874969482421875 101.34375 102.61875152587890625 106.63124847412109375 106.6374969482421875 102.55625152587890625 101.28125 101.24375152587890625 100.21875 99.4812469482421875 100.1750030517578125 98.81874847412109375 95.9375 95.78125 97.1125030517578125 97.97499847412109375 96.41249847412109375 95.0124969482421875 92.16249847412109375 89.77500152587890625 87.2062530517578125 85.84999847412109375 84.1875 82.1374969482421875 76.28749847412109375 72.96875 69.28749847412109375 64.56874847412109375 61.46250152587890625 56.97499847412109375 54.84375 52.18125152587890625 49.78749847412109375 49.456249237060546875 51 52.59999847412109375 56.331249237060546875 60.68125152587890625
102.6687469482421875 100.86875152587890625 98.27500152587890625 95.46250152587890625 95.38124847412109375 96.0124969482421875 96.69374847412109375 97.4562530517578125 96.5187530517578125 96.78749847412109375 95.38124847412109375 95.40625 96.90000152587890625 96.34375 96.28749847412109375 96.22499847412109375 94.3625030517578125 91.44374847412109375 89.4250030517578125 90.6687469482421875 90.6062469482421875 90 88.81874847412109375 86.7375030517578125 83.9499969482421875 81.9375 80.15000152587890625 77.80625152587890625 74.19374847412109375 70.9562530517578125 67.3125 63.30625152587890625 60.206249237060546875 57.22499847412109375 53.549999237060546875 50.88124847412109375 47.83750152587890625 45.75624847412109375 45.81874847412109375 47.143749237060546875 48.293750762939453125 51.5625 56.0625
106 103.2624969482421875 102.3562469482421875 100.50624847412109375 100.8937530517578125 100.9875030517578125 96.46875 89.0124969482421875 84.9375 85.43125152587890625 88.5 89.9250030517578125 91.4562530517578125 91.90000152587890625 92.2624969482421875 91.59999847412109375 90.2624969482421875 86.9499969482421875 84.0187530517578125 83.65625 84.6125030517578125 84.4250030517578125 82.49375152587890625 80.1374969482421875 78.7937469482421875 75.8249969482421875 73.4250030517578125 71.4375 68.6750030517578125 64.3000030517578125 62.34375 58.762500762939453125 55.21875 53.018749237060546875 48.96250152587890625 46.21250152587890625 43.456249237060546875 41.206249237060546875 40.65000152587890625 41.09999847412109375 42.38124847412109375 45.581249237060546875 49.393749237060546875
109.06874847412109375 106.625 106.3125 103.53749847412109375 102.6750030517578125 100.90625 97.15625 90.94374847412109375 83.09375 79.6125030517578125 81.7687530517578125 83.8874969482421875 88.09375 88.8562469482421875 88.3562469482421875 87.0124969482421875 86.59999847412109375 84.09375 83.1750030517578125 80.78749847412109375 80.5 80.6687469482421875 78.3562469482421875 78.1374969482421875 75.9250030517578125 71.80625152587890625 67.97499847412109375 66.90000152587890625 64.4875030517578125 60.65000152587890625 58.924999237060546875 54.72499847412109375 50.731250762939453125 47.27500152587890625 44.30625152587890625 42.75624847412109375 40.706249237060546875 38.850002288818359375 37.81874847412109375 37.875 38.40625 40.16249847412109375 42.46250152587890625
111.04999542236328125 108.9499969482421875 107.7062530517578125 106.18125152587890625 105.0437469482421875 102.7937469482421875 100.65000152587890625 94.2624969482421875 87.46875 85.125 84.1437530517578125 83.2312469482421875 86.55625152587890625 87.78749847412109375 85.40625 83.72499847412109375 81.7375030517578125 81.08750152587890625 80.31874847412109375 79.2937469482421875 78.68125152587890625 76.9812469482421875 74.3312530517578125 73.7312469482421875 71.0187530517578125 66.9562530517578125 63.55625152587890625 61.793750762939453125 58.674999237060546875 55.25624847412109375 52.512500762939453125 49.387500762939453125 47.13124847412109375 44.825000762939453125 42.637500762939453125 40.90000152587890625 38.575000762939453125 36.5 35.787502288818359375 35.456249237060546875 35.268749237060546875 35.72499847412109375 36.58750152587890625
114.93125152587890625 112.59999847412109375 109.84999847412109375 107.6750030517578125 107.1750030517578125 106.625 104.0812530517578125 96.30625152587890625 90.53125 86.9875030517578125 86.5437469482421875 85.5625 85.9375 85.69374847412109375 81.6125030517578125 78.40000152587890625 76.4812469482421875 76.8562469482421875 76.4499969482421875 76.77500152587890625 78.3000030517578125 76.3625030517578125 72.9375 69.65000152587890625 68.40625 64.63124847412109375 61.424999237060546875 58.41249847412109375 54.03125 50.28125 48.643749237060546875 46.231250762939453125 45.05625152587890625 43.21875 40.581249237060546875 38.450000762939453125 36.19374847412109375 34.56874847412109375 33.34999847412109375 32.356250762939453125 31.481250762939453125 31.5 32.125
116.84375 114.75 111.90000152587890625 110.4375 110.19374847412109375 109.69374847412109375 107.9562530517578125 101.41249847412109375 95.0187530517578125 90.75624847412109375 89.02500152587890625 87.0124969482421875 84.6125030517578125 81.66249847412109375 80.1062469482421875 76.81874847412109375 74.19374847412109375 73.40625 73.99375152587890625 75.6875 77.33750152587890625 75.5625 72.5124969482421875 69.6125030517578125 66.3874969482421875 59.58750152587890625 56.206249237060546875 53.90625 50.375 47.50624847412109375 45.50624847412109375 44.36875152587890625 42.356250762939453125 40.58750152587890625 38.94374847412109375 37.61875152587890625 35.637500762939453125 33.59999847412109375 31.274999618530273438 29.162500381469726562 28.081249237060546875 27.862499237060546875 27.774999618530273438
117.5749969482421875 114.03749847412109375 111.8874969482421875 109.28749847412109375 109.7937469482421875 108.61875152587890625 104.90625 100.46875 94.7624969482421875 91.44374847412109375 89.6750030517578125 87.27500152587890625 82.9812469482421875 77.5 74.22499847412109375 72.1875 69.41249847412109375 69.90625 70.34999847412109375 70.8249969482421875 72.8937530517578125 71.6999969482421875 69.0500030517578125 64.40625 58.112499237060546875 52.59375 51.28749847412109375 49.737499237060546875 48.256252288818359375 45.99375152587890625 43.80625152587890625 42.21875 41.19374847412109375 38.512500762939453125 37.34375 36.981250762939453125 36.61875152587890625 34.38124847412109375 32.15000152587890625 28.518749237060546875 25.15625 25.325000762939453125 24.6875
117.02500152587890625 112.11875152587890625 109.1999969482421875 107.9875030517578125 107.18125152587890625 105.0124969482421875 101.74375152587890625 99.0124969482421875 93.81874847412109375 90.88124847412109375 88.0500030517578125 83.5 79.2937469482421875 73.86875152587890625 67.46250152587890625 66.5187530517578125 64.8312530517578125 65.06874847412109375 63.643749237060546875 63.52500152587890625 65.38750457763671875 64.3249969482421875 62.03125 58.643749237060546875 53.96875 49.94374847412109375 48.706249237060546875 47.581249237060546875 46.299999237060546875 44.84999847412109375 43.53749847412109375 41.268749237060546875 39.96875 37.924999237060546875 37.674999237060546875 38.50624847412109375 38.52500152587890625 38.081249237060546875 35.91249847412109375 31.075000762939453125 24.75 22.631250381469726562 22.956249237060546875
114.1875 110.59375 106.7624969482421875 104.2062530517578125 103.59999847412109375 101.41249847412109375 98.31874847412109375 94.80625152587890625 90.1125030517578125 87.46875 83.36875152587890625 79.65625 75.28125 69.21250152587890625 62.9375 60.00624847412109375 58.606250762939453125 57.83750152587890625 57.200000762939453125 57.5625 59.13124847412109375 58.63124847412109375 57.19374847412109375 55.86875152587890625 53.53749847412109375 51.137500762939453125 49.34375 47.637500762939453125 45.74375152587890625 44.200000762939453125 42.387500762939453125 40.956249237060546875 39.84375 38.75624847412109375 37.981250762939453125 39.268749237060546875 40.862499237060546875 43.52500152587890625 42.44374847412109375 36.418750762939453125 31.424999237060546875 28.581249237060546875 28.3125
109.5437469482421875 106.71250152587890625 103.9250030517578125 101.3625030517578125 99.6437530517578125 98.4562530517578125 95.81874847412109375 91.0437469482421875 87.0500030517578125 83.9562530517578125 80.125 75.27500152587890625 70.13124847412109375 64.58750152587890625 59.13124847412109375 53.768749237060546875 52.22499847412109375 51.768749237060546875 51.174999237060546875 51.94374847412109375 53.149997711181640625 53.625 54.13124847412109375 54.987499237060546875 54.206249237060546875 52.174999237060546875 50.40625 47.862499237060546875 45.575000762939453125 44.362499237060546875 43.331249237060546875 41.875 40.106250762939453125 39.0625 38.99375152587890625 43.075000762939453125 46.037502288818359375 48.78749847412109375 48.96250152587890625 45.50624847412109375 41.581249237060546875 37.231250762939453125 33.47499847412109375
107.1374969482421875 104.5625 101.15625 98.99375152587890625 95.97499847412109375 95.28749847412109375 93.65000152587890625 90.0437469482421875 84.8312530517578125 81.9375 78.25624847412109375 72.15625 66.81874847412109375 61.22499847412109375 55.825000762939453125 50.731250762939453125 46.00624847412109375 44.97499847412109375 45.731250762939453125 47.03749847412109375 47.268749237060546875 48.94374847412109375 51.15625 54.74375152587890625 55.84999847412109375 53.58750152587890625 50.375 47.84999847412109375 44.893749237060546875 43.356250762939453125 43.34375 43.543750762939453125 42.91249847412109375 42.418750762939453125 46.737499237060546875 50.737499237060546875 53.799999237060546875 58.34999847412109375 60.393749237060546875 54.59375 48.668750762939453125 41.893749237060546875 35.88124847412109375
101.75624847412109375 100.27500152587890625 97.84999847412109375 96.40000152587890625 93.6999969482421875 93.21875 90.05625152587890625 87.02500152587890625 82.56874847412109375 79.15000152587890625 75.6125030517578125 70.2375030517578125 63.58750152587890625 57.53125 52.4375 47.424999237060546875 42.78749847412109375 39.299999237060546875 41.03125 41.36875152587890625 42.66249847412109375 44.668750762939453125 48.15625 52.18125152587890625 55.11875152587890625 54.06874847412109375 51.856250762939453125 48.924999237060546875 45.22499847412109375 43.018749237060546875 40.93125152587890625 40.52500152587890625 45.4375 50.456249237060546875 53.375 58.34375 62.71250152587890625 65.34375 64.15000152587890625 59.21250152587890625 50.387500762939453125 43.99375152587890625 38.24375152587890625
96.33750152587890625 95.31874847412109375 93.91249847412109375 93.0500030517578125 91.91249847412109375 90.43125152587890625 88.15000152587890625 84.84999847412109375 82.4812469482421875 79.8000030517578125 75.7312469482421875 67.93125152587890625 61.61875152587890625 55.93125152587890625 49.793750762939453125 45.58750152587890625 40.84999847412109375 36.69374847412109375 35.950000762939453125 37.05625152587890625 40.5625 46.72499847412109375 43.6875 48.34999847412109375 51.737499237060546875 53.90000152587890625 53.043750762939453125 49.65625 47.16249847412109375 42.987499237060546875 40.33750152587890625 42.46250152587890625 48.75624847412109375 53.03125 57.137500762939453125 61.9375 63.706249237060546875 63.15625 62.21250152587890625 56.799999237060546875 50.5625 44.77500152587890625 39.50624847412109375
