data/historical-monthly-weather-data/wc2.1_cruts4.09_10m_prec_1975-09.asc
ncols        51
nrows        45
xllcorner    -63.500000000000
yllcorner    -7.500000000000
cellsize     0.166666666667
NODATA_value -9999
[rows 0 to 18 of 45, columns 0 to 43 of 51]
266.39373779296875 270.42498779296875 270.037506103515625 273.40625 272.381256103515625 265.73748779296875 252.0500030517578125 236.181243896484375 223.225006103515625 211.350006103515625 202.6437530517578125 195.65625 188.600006103515625 179.3312530517578125 171.46875 162.6062469482421875 155.7624969482421875 147.537506103515625 141.0187530517578125 133.743743896484375 128.5812530517578125 121.7624969482421875 116.35625457763671875 112.13124847412109375 107.69374847412109375 105.3874969482421875 105.49375152587890625 105.78125 104.8874969482421875 106.0500030517578125 106.5124969482421875 108.06874847412109375 111.4562530517578125 112.91249847412109375 115.25 117.69374847412109375 121.5437469482421875 125.09375 126.90625 128.9812469482421875 131.306243896484375 132.8125 132.7687530517578125 133.131256103515625
254.681243896484375 258.287506103515625 263.96875 273.4375 283.09375 270.88751220703125 254.5124969482421875 243.3312530517578125 230.1437530517578125 217.243743896484375 207.1437530517578125 198.2687530517578125 189.7624969482421875 178.6875 169.8874969482421875 161.975006103515625 153.243743896484375 145.5124969482421875 138.2937469482421875 131.2624969482421875 125.16249847412109375 120.1875 114.55625152587890625 110.47499847412109375 104.78749847412109375 101.49375152587890625 102.03749847412109375 102.625 101.0500030517578125 101.6062469482421875 102.0749969482421875 104.0625 106.1374969482421875 108.93125152587890625 111.47499847412109375 114.09375 117.9812469482421875 122.15000152587890625 123.875 125.94374847412109375 128.59375 130.475006103515625 131.8249969482421875 131.212493896484375
233.5749969482421875 239.931243896484375 246.068756103515625 256.39373779296875 264.98748779296875 259.01873779296875 247.2375030517578125 236.9812469482421875 226.3937530517578125 215.2937469482421875 205.649993896484375 196.34375 187.5500030517578125 176.193756103515625 166.399993896484375 158.8312530517578125 149.8312530517578125 142.34375 135.0749969482421875 128.375 122.1750030517578125 116.3312530517578125 111.09375 106.77500152587890625 101.09375 96.71875 98.2375030517578125 97.9812469482421875 96.6687469482421875 96.69374847412109375 96.4562530517578125 97.96250152587890625 101.72499847412109375 104.90625 108.1125030517578125 110.96250152587890625 115.28749847412109375 120.33750152587890625 123.1750030517578125 126.3625030517578125 129.868743896484375 131.1687469482421875 133.2375030517578125 133.4187469482421875
208.6875 215.34375 227.868743896484375 234.631256103515625 241.100006103515625 238.6750030517578125 233.493743896484375 230.037506103515625 222.6374969482421875 213.9812469482421875 204.0062408447265625 194.4375 182.993743896484375 172.90625 163.225006103515625 154.9875030517578125 146.837493896484375 139.493743896484375 133.625 127.6437530517578125 120.9875030517578125 113.43125152587890625 106.74375152587890625 102.0437469482421875 95.8249969482421875 91.6125030517578125 92.0437469482421875 90.63124847412109375 90.02500152587890625 90.4812469482421875 90.9375 91.4499969482421875 94.71875 98.4187469482421875 101.6687469482421875 107.46250152587890625 113.55625152587890625 119.15625 123.3562469482421875 126.4499969482421875 129.6374969482421875 130.9562530517578125 132.7312469482421875 133.868743896484375
206.368743896484375 206.2624969482421875 206.0749969482421875 211.256256103515625 220.875 222.125 220.0124969482421875 219.7062530517578125 216.5 209.6687469482421875 200.681243896484375 189.024993896484375 179.1062469482421875 170.96875 161.5875091552734375 152.8937530517578125 144.287506103515625 136.899993896484375 130.8312530517578125 124.10625457763671875 118.28749847412109375 109.00624847412109375 102.4875030517578125 97.3000030517578125 90.9812469482421875 86.36875152587890625 85.0749969482421875 84.5812530517578125 83.8125 83.55625152587890625 84.11875152587890625 84.0187530517578125 87.0625 91.58750152587890625 96.28125 101.93125152587890625 108.5187530517578125 115.8625030517578125 121.1687469482421875 125.2062530517578125 128.774993896484375 129.65625 130.4875030517578125 132.5437469482421875
204.0437469482421875 202.350006103515625 198.2312469482421875 192.7312469482421875 201.8249969482421875 210.274993896484375 211.4562530517578125 209.9187469482421875 207.0124969482421875 202.9812469482421875 194.2062530517578125 183.181243896484375 174.368743896484375 167.243743896484375 157.912506103515625 150.65625 142.65625 134.6437530517578125 128.131256103515625 121.93125152587890625 114.00624847412109375 105.31874847412109375 98.0437469482421875 91.84375 86.33750152587890625 81.28749847412109375 79.78125 79.58750152587890625 78.50624847412109375 77.6875 77.7062530517578125 79.38124847412109375 82.15000152587890625 85.84999847412109375 89.7062530517578125 96.4187469482421875 103.11875152587890625 111.4187469482421875 117.9187469482421875 122.2375030517578125 122.8125 123.81874847412109375 124.84999847412109375 127.65000152587890625
204.7624969482421875 203.15625 198.21875 192.2937469482421875 193.818756103515625 195.125 198.118743896484375 198.9812469482421875 194.8562469482421875 189.3125 183.625 175.681243896484375 168.9812469482421875 162.15625 154.5124969482421875 147.96875 141.09375 134.21875 126.7687530517578125 119.125 110.0437469482421875 101.1999969482421875 92.53749847412109375 86.22499847412109375 81.2624969482421875 76.74375152587890625 75.3937530517578125 74.96875 73.3937530517578125 72.0749969482421875 72.05625152587890625 72.5437469482421875 75.5124969482421875 79.3312530517578125 83.21250152587890625 88.68125152587890625 95.46875 104.81874847412109375 113.5 115.74375152587890625 116.06874847412109375 115.9375 117.09999847412109375 120.55625152587890625
206.287506103515625 203.90625 198.899993896484375 196.5875091552734375 197.3312530517578125 198.274993896484375 194.3937530517578125 186.162506103515625 178.5812530517578125 174.8562469482421875 172.9875030517578125 167.9375 162.96875 156.943756103515625 151.618743896484375 144.4812469482421875 138.2687530517578125 132.2624969482421875 125.05625152587890625 115.19374847412109375 106.2312469482421875 96.7312469482421875 87.96875 81.2062530517578125 75.99375152587890625 71.61875152587890625 69.93125152587890625 68.94374847412109375 68.00624847412109375 66.6374969482421875 66.33750152587890625 66.40000152587890625 68.90000152587890625 72.59375 75.375 80.25 86.3312530517578125 93.8625030517578125 99.71875 102.7624969482421875 103.4812469482421875 103.3874969482421875 104.81874847412109375 107.28125
209.412506103515625 207.9187469482421875 204.506256103515625 201.881256103515625 201.6374969482421875 199.912506103515625 195.662506103515625 187.3562469482421875 176.5812530517578125 167.881256103515625 165.75 161.443756103515625 158.8249969482421875 152.962493896484375 147.6999969482421875 141.28125 135.193756103515625 128.931243896484375 122.36875152587890625 112.25 101.8312530517578125 92.9375 82.91249847412109375 77.40625 71.71250152587890625 66.86249542236328125 65.31874847412109375 64.8874969482421875 64.6374969482421875 63.25 63.356250762939453125 61.96875 62.71875 64.1374969482421875 66.28125 71.33750152587890625 76.7624969482421875 81.99375152587890625 85.6437530517578125 88.16249847412109375 89.0749969482421875 88.86875152587890625 90.2687530517578125 92.4875030517578125
210.2312469482421875 209.368743896484375 206.756256103515625 204.3000030517578125 204.9562530517578125 203.0812530517578125 198.3937530517578125 189.3249969482421875 179.5812530517578125 171.5 165.5625 158.9562530517578125 154.931243896484375 150.4375 143.84375 138.3625030517578125 131.181243896484375 124.44374847412109375 117.59999847412109375 109.18125152587890625 98.96875 88.50624847412109375 78.30625152587890625 72.3625030517578125 66.2687530517578125 61.78125 60.68125152587890625 60.40625 60.34375 59.75 58.543750762939453125 56.88124847412109375 56.825000762939453125 57.94374847412109375 59.331249237060546875 62.956249237060546875 67.34375 71.1125030517578125 73.0437469482421875 74.8625030517578125 75.61875152587890625 75.9250030517578125 74.96250152587890625 76.3125
213.78125 212.600006103515625 210.0999908447265625 207.318756103515625 206.9187469482421875 206.5187530517578125 202 190.368743896484375 179.34375 171.287506103515625 165.40625 159.443756103515625 152.6999969482421875 146.3125 139.006256103515625 132.725006103515625 125.08750152587890625 118.3562469482421875 111.55625152587890625 104.3562469482421875 96.19374847412109375 85.83750152587890625 75.15625 66.3000030517578125 61.387500762939453125 58.825000762939453125 58.02500152587890625 57.02500152587890625 56.137500762939453125 55.331249237060546875 54.25 52.53749847412109375 52.09999847412109375 52.137500762939453125 52.75 55.21875 58.24375152587890625 60.77500152587890625 62.81874847412109375 63.36875152587890625 63.075000762939453125 62.71250152587890625 63.106250762939453125 62.637500762939453125
213.975006103515625 212.712493896484375 210.3625030517578125 209.181243896484375 208.4250030517578125 207.09375 203.662506103515625 192.462493896484375 179.774993896484375 169.8562469482421875 163.618743896484375 158.100006103515625 148.9187469482421875 140.5625 134.78125 127.59999847412109375 120.43125152587890625 112.59999847412109375 106.03749847412109375 100.84999847412109375 94.27500152587890625 83.9250030517578125 72.6875 63.456249237060546875 58.09375 54.875 53.72499847412109375 52.862499237060546875 51.58750152587890625 50.75 49.47499847412109375 47.862499237060546875 47.1875 47.33750152587890625 48.18125152587890625 50.03125 52.043750762939453125 53.93125152587890625 54.11875152587890625 53.50624847412109375 52.59375 51.68125152587890625 51.875 51.174999237060546875
212.350006103515625 210.90625 207.9499969482421875 205.03125 202.9562530517578125 200.6875 195.4875030517578125 185.65625 175.943756103515625 167.1374969482421875 159.537506103515625 154.0749969482421875 145.962493896484375 134.3874969482421875 126.6437530517578125 120.7624969482421875 113.7624969482421875 106.6875 100.6875 95.38124847412109375 89.5625 80.4499969482421875 69.58750152587890625 61.356250762939453125 54.53125 50.875 50.21875 49.59375 48.55625152587890625 47.237499237060546875 45.237499237060546875 43.418750762939453125 42.831249237060546875 42.25624847412109375 42.65000152587890625 44.65000152587890625 47.34375 49.418750762939453125 50.237499237060546875 47.72499847412109375 44.856250762939453125 44.53749847412109375 43.887500762939453125 39.674999237060546875
209.1437530517578125 206.837493896484375 202.243743896484375 198.493743896484375 196.2062530517578125 191.412506103515625 185.181243896484375 178.03125 169.2624969482421875 161.818756103515625 153.3125 145.1875 137.46875 127.53125 117.52500152587890625 112.3562469482421875 105.9562530517578125 98.9562530517578125 92.56874847412109375 87.5749969482421875 81.78749847412109375 73.2375030517578125 64.5 58.91249847412109375 53.33750152587890625 49.168750762939453125 47.893749237060546875 46.66249847412109375 45.11875152587890625 43.700000762939453125 42.34375 40.143749237060546875 38.96875 38.143749237060546875 38.424999237060546875 41.075000762939453125 44.58750152587890625 48.299999237060546875 49.893749237060546875 48.512500762939453125 42.399997711181640625 38.58750152587890625 37.96250152587890625 37.08750152587890625
204.993743896484375 201.09375 195.7687530517578125 191.6875 188.8562469482421875 181.0812530517578125 176.056243896484375 168.649993896484375 160.368743896484375 154.3000030517578125 145.131256103515625 136.6437530517578125 128.1999969482421875 118.8000030517578125 108.19374847412109375 101.375 96.08750152587890625 90.59375 84.25 79.7312469482421875 74.71875 68.1125030517578125 61.387500762939453125 57.768749237060546875 54.418750762939453125 50.799999237060546875 48.575000762939453125 46 43.52500152587890625 41.9375 39.33750152587890625 37.081249237060546875 36.174999237060546875 35.06874847412109375 34.331249237060546875 37.72499847412109375 43.518749237060546875 50.393749237060546875 54.47499847412109375 52.71875 48.049999237060546875 43.418750762939453125 41.63124847412109375 39.50624847412109375
198.90625 194.100006103515625 189.443756103515625 184.6374969482421875 179.53125 173.631256103515625 167.25 159.649993896484375 152.78125 147.0749969482421875 138.068756103515625 128.524993896484375 119.4812469482421875 110.61875152587890625 100.6687469482421875 91.61875152587890625 86.375 82.4812469482421875 76.97499847412109375 73.1437530517578125 68.3249969482421875 63.74375152587890625 59.481250762939453125 57.88124847412109375 55.63124847412109375 51.86875152587890625 48.71250152587890625 45.90625 43.28749847412109375 40.91249847412109375 39 36.106250762939453125 34.34375 33.424999237060546875 32.03749847412109375 36.831249237060546875 44.700000762939453125 52.13124847412109375 58.487499237060546875 58.66249847412109375 56.3125 50.40625 45.09375 40.71875
190.399993896484375 186.337493896484375 182.46875 177.7687530517578125 172.149993896484375 166.5187530517578125 159.899993896484375 153.149993896484375 146.40625 139.693756103515625 131.868743896484375 122.0625 111.90000152587890625 102.6687469482421875 94.78749847412109375 86.7687530517578125 78.5812530517578125 74.36875152587890625 70.7937469482421875 67.1374969482421875 62.75 59.293750762939453125 57.21875 57.84999847412109375 56.90625 52.325000762939453125 48.81874847412109375 45.81874847412109375 43.18125152587890625 41.0625 39.762500762939453125 38.356250762939453125 36.081249237060546875 34.53749847412109375 35.84375 39.950000762939453125 46.66249847412109375 57.356250762939453125 67.6875 64.4812469482421875 58.47499847412109375 52.08750152587890625 45.387500762939453125 41.61875152587890625
182.75 179.368743896484375 174.162506103515625 169.618743896484375 165.568756103515625 160.193756103515625 153.125 145.8125 139.9499969482421875 132.6062469482421875 124.7687530517578125 115.3249969482421875 105.4187469482421875 96.5187530517578125 88.8312530517578125 81.86875152587890625 74.5187530517578125 67.24375152587890625 65.05625152587890625 61.46250152587890625 58.09375 54.793750762939453125 53.481250762939453125 55.16249847412109375 55.31874847412109375 51.58750152587890625 48.84999847412109375 46.012500762939453125 43.012500762939453125 40.393749237060546875 38.71250152587890625 37.38124847412109375 39.049999237060546875 40.768749237060546875 40.518749237060546875 41.96875 49.90625 59.41249847412109375 65.1437530517578125 63.618747711181640625 56.06874847412109375 49.8125 44.34375 42.08750152587890625
174.8937530517578125 171.0374908447265625 165.756256103515625 162.1875 157.8937530517578125 152.975006103515625 146.1999969482421875 140.462493896484375 134.2062530517578125 126.99375152587890625 119.02500152587890625 109.3000030517578125 99.3625030517578125 90.9875030517578125 83.13124847412109375 77.41249847412109375 71.28749847412109375 63.856250762939453125 59.33750152587890625 56.15000152587890625 54.34375 54.3125 49.15000152587890625 50.549999237060546875 51.674999237060546875 51 49.331249237060546875 46.375 44.418750762939453125 41.34375 38.97499847412109375 40.375 45.231250762939453125 47.143749237060546875 47.80625152587890625 49.52500152587890625 53.424999237060546875 57.50624847412109375 59.75624847412109375 57.518749237060546875 51.91249847412109375 46.93125152587890625 42.97499847412109375 41.40625
