data/historical-monthly-weather-data/wc2.1_cruts4.09_10m_prec_2024-04.asc
ncols        51
nrows        45
xllcorner    -63.500000000000
yllcorner    -7.500000000000
cellsize     0.166666666667
NODATA_value -9999
[rows 0 to 19 of 45, columns 0 to 44 of 51]
257.318756103515625 260.23748779296875 262.181243896484375 269.4375 272.03125 269.943756103515625 266.5 258.64373779296875 253.2312469482421875 251.7312469482421875 253.587493896484375 255.1687469482421875 255.537506103515625 254.03125 252.975006103515625 252.662506103515625 253.600006103515625 251.4562530517578125 252.0500030517578125 252.8000030517578125 253.6750030517578125 255.806243896484375 257.29376220703125 261.318756103515625 263.45623779296875 268.51873779296875 273.85626220703125 281.331268310546875 287.59375 293.40625 299.83123779296875 306.60626220703125 312.274993896484375 319.95001220703125 327.0625 332.818756103515625 335.987518310546875 339.07501220703125 343.40625 345.48748779296875 347.381256103515625 348.443756103515625 346.10626220703125 345.899993896484375 344.306243896484375
262.26873779296875 265.118743896484375 273.54376220703125 281.89373779296875 289.0625 284.806243896484375 278.556243896484375 273.96875 269.36248779296875 266.337493896484375 266.212493896484375 265.08123779296875 263.9375 261.631256103515625 258.29998779296875 257.787506103515625 256.14373779296875 255.59375 256.04998779296875 255.912506103515625 256.46875 257.51251220703125 260.35626220703125 263.1875 267.23126220703125 271.78125 277.1875 285.21875 290.41876220703125 295.9375 303.537506103515625 312.41876220703125 319.76873779296875 329.8125 337.26251220703125 342.9375 348.66876220703125 352.32501220703125 355.774993896484375 356.5 356.993743896484375 358.225006103515625 355.91876220703125 353.16876220703125 350.350006103515625
260.618743896484375 266.29376220703125 274.212493896484375 285.149993896484375 294.20623779296875 292.04998779296875 288.368743896484375 285.83123779296875 284.73748779296875 281.29376220703125 277.681243896484375 273.63751220703125 271.068756103515625 265.681243896484375 261.51251220703125 259.274993896484375 256.625 255.8062591552734375 254.962493896484375 255.2624969482421875 256.5625 258.443756103515625 259.95623779296875 263.04376220703125 268.01251220703125 272.875 280.056243896484375 285.45623779296875 289.693756103515625 297.08123779296875 305.10626220703125 313.743743896484375 325.068756103515625 335.899993896484375 343.524993896484375 349.037506103515625 357.29376220703125 363.8125 367.087493896484375 369.14373779296875 370.53125 369.725006103515625 367.45623779296875 365.36248779296875 362.10626220703125
253.65625 260.76251220703125 272.92498779296875 282.76873779296875 292.29376220703125 294.20001220703125 293.931243896484375 294.1875 296.118743896484375 295.07501220703125 289.36248779296875 281.618743896484375 274.45623779296875 268.443756103515625 262.837493896484375 259.524993896484375 256.725006103515625 255 253.5437469482421875 253.6687469482421875 256.037506103515625 257.86248779296875 258.28125 262.53125 267.524993896484375 271.34375 279.65625 284.274993896484375 288.95001220703125 298.78125 307.79998779296875 317.375 327.15625 338.625 347.6875 356.61248779296875 365.01873779296875 372.587493896484375 379.350006103515625 381.10626220703125 383.506256103515625 384.23748779296875 379.58123779296875 375.600006103515625 373.45623779296875
258.48748779296875 262.14373779296875 267.6875 278.162506103515625 290.83123779296875 294.09375 294.318756103515625 297.662506103515625 303.20001220703125 305.899993896484375 297.03125 283.64373779296875 275.20001220703125 268.6875 262.21875 257.82501220703125 253.6125030517578125 251.7937469482421875 249.9562530517578125 249.4187469482421875 252.6125030517578125 253.9812469482421875 255.024993896484375 260.943756103515625 264.15625 268.356231689453125 275.162506103515625 283.36248779296875 290.65625 299.48126220703125 309.556243896484375 317.1875 327.6875 340.84375 352.41876220703125 362.15625 370.45623779296875 379.681243896484375 388.537506103515625 392.368743896484375 397.537506103515625 394.274993896484375 390.65625 388.65625 384.375
254.8625030517578125 261.17498779296875 267.79998779296875 272.912506103515625 284.912506103515625 289.71875 290.42498779296875 294.01251220703125 299.193756103515625 303.774993896484375 291.95001220703125 279.149993896484375 271.34375 265.03125 258.09375 253.9187469482421875 248.162506103515625 246.087493896484375 245.9562530517578125 246.162506103515625 248.2562408447265625 249.837493896484375 253.4187469482421875 258.231231689453125 262.82501220703125 268.193756103515625 274.625 282.16876220703125 289.274993896484375 298.20623779296875 308.32501220703125 318.975006103515625 328.13751220703125 341.868743896484375 356.53125 366.4375 378.193756103515625 388.90625 398.774993896484375 406.67498779296875 409.09375 406.462493896484375 404.756256103515625 404.162506103515625 401.38751220703125
251.943756103515625 259.35626220703125 266.774993896484375 271.6875 276.662506103515625 277.54376220703125 278.20623779296875 280.375 280.774993896484375 279.381256103515625 275.243743896484375 269.1875 265.41876220703125 259.28125 253.381256103515625 249.9625091552734375 244.6374969482421875 240.243743896484375 238.7062530517578125 240.0625 243.6374969482421875 246.943756103515625 250.7687530517578125 254.3125 259.98126220703125 266.375 273.67498779296875 279.524993896484375 286.181243896484375 296.04376220703125 307.524993896484375 318.01873779296875 329.76873779296875 342.118743896484375 357.193756103515625 368.506256103515625 379.587493896484375 392.681243896484375 407.07501220703125 415.875 415.76873779296875 415.181243896484375 415.48748779296875 415.912506103515625 415.412506103515625
249.5812530517578125 256.51873779296875 262.78125 269.75 275.375 273.649993896484375 267.6875 261.287506103515625 254.850006103515625 252.84375 256.28125 257.86248779296875 257.08123779296875 253.6750030517578125 249.537506103515625 245.225006103515625 239.774993896484375 235.34375 231.9187469482421875 233.6125030517578125 238.9812469482421875 243.725006103515625 247.306243896484375 251.4812469482421875 258.649993896484375 263.475006103515625 270.26873779296875 276.48126220703125 283.649993896484375 294.8125 304.78125 315.868743896484375 328.587493896484375 342.181243896484375 356.79998779296875 365.756256103515625 377.912506103515625 390.506256103515625 403.39373779296875 411.79376220703125 415.98126220703125 418.881256103515625 420.006256103515625 419.9375 417.35626220703125
247.0437469482421875 256.04376220703125 262.024993896484375 267.306243896484375 272.3125 268.65625 263.08123779296875 254.9562530517578125 243.2375030517578125 237.037506103515625 243.53125 248.3874969482421875 253.256256103515625 251.40625 246.9250030517578125 243.2687530517578125 239.100006103515625 235.899993896484375 234.2312469482421875 234.375 235.7062530517578125 242.068756103515625 245.5437469482421875 251.6750030517578125 258.01873779296875 261.21875 267.337493896484375 274.443756103515625 281.993743896484375 293.899993896484375 306.51251220703125 316.318756103515625 327.46875 338.29998779296875 352.51873779296875 362.26251220703125 374.600006103515625 384.806243896484375 397.70001220703125 406.16876220703125 412.04376220703125 414.51251220703125 418.67498779296875 421.75 414.856231689453125
244.2062530517578125 253.625 260.14373779296875 265.39373779296875 269.037506103515625 265.78125 261.09375 253.568756103515625 246.59375 243.7375030517578125 246.4375 248.0812530517578125 250.912506103515625 249.524993896484375 246.524993896484375 242.162506103515625 238.3874969482421875 236.6062469482421875 235.381256103515625 237.5500030517578125 238.743743896484375 241.90625 244.7312469482421875 251.806243896484375 255.1750030517578125 256.6875 262.712493896484375 269.881256103515625 278.975006103515625 293.9375 305.024993896484375 314.118743896484375 324.087493896484375 334.54376220703125 347.04376220703125 357.837493896484375 367.08123779296875 377.087493896484375 389.243743896484375 400.6875 409.899993896484375 414.01251220703125 417.63751220703125 416.38751220703125 412.71875
241.600006103515625 253.5500030517578125 259.412506103515625 263.837493896484375 265.756256103515625 263.11248779296875 259.35626220703125 253.524993896484375 250.0187530517578125 248.787506103515625 250.8249969482421875 253.287506103515625 251.256256103515625 249.2062530517578125 244.649993896484375 239.806243896484375 236.631256103515625 236.09375 236.600006103515625 238.4812469482421875 242.8562469482421875 244.962493896484375 245.256256103515625 244.756256103515625 250.5749969482421875 252.375 256.943756103515625 263.89373779296875 272.181243896484375 287.618743896484375 299.51873779296875 309.01873779296875 318.98748779296875 328.73126220703125 340.15625 347.51251220703125 355.95001220703125 366.087493896484375 379.399993896484375 391.83123779296875 401.318756103515625 406.23748779296875 413.70623779296875 416.443756103515625 411.6875
239.28125 251.84375 257.125 263.649993896484375 266.48126220703125 262.53125 260.4375 257.462493896484375 255.8937530517578125 255.3625030517578125 257.087493896484375 259.243743896484375 253.3125 248.2624969482421875 243.318756103515625 239.024993896484375 235.524993896484375 235.2375030517578125 236.475006103515625 239.149993896484375 243.024993896484375 245.100006103515625 245.8874969482421875 247.662506103515625 247.5187530517578125 245.6437530517578125 250.7375030517578125 257.58123779296875 266.868743896484375 280.16876220703125 292.3125 302.743743896484375 310.78125 319.92498779296875 330.15625 338.29998779296875 348.01251220703125 358.76873779296875 369.10626220703125 378.79998779296875 389.5625 396.5 403.03125 402.08123779296875 397.57501220703125
237.875 251.3312530517578125 256.60626220703125 261.600006103515625 265.38751220703125 264.649993896484375 261.568756103515625 258.39373779296875 256.787506103515625 258.23126220703125 259.625 260.84375 255.0062408447265625 243.9375 238.8249969482421875 236.34375 232.34375 232.1687469482421875 234.524993896484375 236.212493896484375 240.068756103515625 240.9187469482421875 239.5 240.681243896484375 235.350006103515625 232.3625030517578125 241.0187530517578125 249.0812530517578125 260.399993896484375 272.76251220703125 284.600006103515625 294.412506103515625 301.318756103515625 309.51251220703125 317.756256103515625 327.83123779296875 338.20623779296875 349.08123779296875 360.76873779296875 370.67498779296875 375.625 385.11248779296875 388.79998779296875 389.125 389.725006103515625
235.84375 250.212493896484375 254.337493896484375 258.350006103515625 263.32501220703125 262.51873779296875 259.48126220703125 257.16876220703125 256.868743896484375 257.15625 256.01251220703125 253.2312469482421875 248.0812530517578125 239.6999969482421875 232.5500030517578125 231.0500030517578125 227.3562469482421875 225.962493896484375 228.6374969482421875 229.274993896484375 232.006256103515625 231.4250030517578125 230.6999969482421875 228.4250030517578125 225.1374969482421875 223.7062530517578125 232.1125030517578125 241.806243896484375 252.8000030517578125 265.41876220703125 276.70001220703125 286.98126220703125 291.0625 298.056243896484375 306.71875 317.88751220703125 328.631256103515625 341.5625 355.306243896484375 363.46875 364.10626220703125 366.53125 376.962493896484375 388.1875 393.431243896484375
234.524993896484375 249.3874969482421875 253.6750030517578125 257.57501220703125 262.59375 261.57501220703125 259.618743896484375 257.274993896484375 255.25 253.524993896484375 251.3249969482421875 247.90625 241.7687530517578125 233.975006103515625 226.318756103515625 222.381256103515625 219.975006103515625 221.368743896484375 223.4375 224.337493896484375 225.274993896484375 225.837493896484375 223.743743896484375 222.149993896484375 220.193756103515625 220.8874969482421875 229.25 239.8937530517578125 251.46875 262.48126220703125 271.15625 277.631256103515625 283.63751220703125 288.193756103515625 294.61248779296875 305.01251220703125 321.568756103515625 339.20623779296875 352.600006103515625 357.693756103515625 358.95001220703125 365.787506103515625 380.86248779296875 387.693756103515625 389.45001220703125
232.1062469482421875 246.84375 252.399993896484375 256.975006103515625 261.03125 260.068756103515625 257.98126220703125 255.90625 254.875 251.743743896484375 248.1875 243.743743896484375 237.600006103515625 228.90625 220.118743896484375 211.837493896484375 212.4499969482421875 216.8312530517578125 218.118743896484375 219.506256103515625 220.375 219.4562530517578125 216.9812469482421875 216.71875 215.875 218.46875 226.5437469482421875 238.243743896484375 250.03125 261.225006103515625 271.35626220703125 276.787506103515625 275.84375 277.5 280.42498779296875 297.59375 314.84375 333.9375 348.6875 359.381256103515625 364.03125 372.79376220703125 381.75 385.181243896484375 384.618743896484375
228.78125 244.6437530517578125 250.899993896484375 255.6875 259.11248779296875 258.149993896484375 257.631256103515625 255.6125030517578125 252.7312469482421875 249.568756103515625 244.96875 240.21875 233.2062530517578125 224.806243896484375 217.806243896484375 211.899993896484375 207.493743896484375 210.149993896484375 213.493743896484375 215.8937530517578125 216.443756103515625 216.0812530517578125 213.625 211.90625 212.3125 215.0500030517578125 224.4875030517578125 236.431243896484375 249.631256103515625 261.73748779296875 270.975006103515625 276.34375 275.46875 275.66876220703125 283.70623779296875 297.024993896484375 315.6875 336.693756103515625 357.36248779296875 366.537506103515625 372.89373779296875 378.975006103515625 380.76873779296875 382.40625 379.91876220703125
225.493743896484375 242.9250030517578125 248.837493896484375 255.006256103515625 258.40625 258.34375 258.462493896484375 255.4250030517578125 251.96875 247.34375 241.524993896484375 236.350006103515625 229.350006103515625 222.443756103515625 216.3874969482421875 211.787506103515625 207.162506103515625 203.337493896484375 209.024993896484375 212.118743896484375 214.3625030517578125 213.5187530517578125 211.4375 210.837493896484375 212.9187469482421875 216.7687530517578125 224.40625 238.6999969482421875 253.100006103515625 263.9375 268.95623779296875 266.84375 271.881256103515625 276.54998779296875 282.60626220703125 299.76873779296875 318.524993896484375 338.368743896484375 356.600006103515625 372.068756103515625 375.837493896484375 379.70001220703125 381.10626220703125 381.13751220703125 378.96875
221.381256103515625 239.931243896484375 247.2937469482421875 252.40625 256.29376220703125 257.4375 257.01251220703125 255.975006103515625 252.5749969482421875 247.1687469482421875 239.6687469482421875 231.6999969482421875 225.306243896484375 220.25 212.774993896484375 208.3874969482421875 204.75 202.056243896484375 202.4499969482421875 205.743743896484375 212.006256103515625 213.5124969482421875 205.875 209.4812469482421875 214.818756103515625 221.993743896484375 232.756256103515625 245.6999969482421875 260.837493896484375 269.975006103515625 274.36248779296875 273.181243896484375 273.15625 269.774993896484375 274.41876220703125 292.037506103515625 312.21875 331.506256103515625 352.90625 366.63751220703125 376.899993896484375 380.98126220703125 380.818756103515625 380.32501220703125 378.193756103515625
217.1312408447265625 236.8249969482421875 243.7687530517578125 247.625 253.3000030517578125 256.95001220703125 258.381256103515625 256.01873779296875 252.3249969482421875 246.6125030517578125 237.931243896484375 231.131256103515625 224.475006103515625 218.306243896484375 209.9875030517578125 201.7937469482421875 196.4187469482421875 198.5437469482421875 198.6750030517578125 201.4875030517578125 204.53125 204.631256103515625 205.375 210.662506103515625 217.524993896484375 225.46875 238.256256103515625 254.2375030517578125 267.25 273.13751220703125 274.175018310546875 278.54998779296875 273.76873779296875 264.66876220703125 262.41876220703125 279.631256103515625 305.8125 330.63751220703125 350.618743896484375 366.23748779296875 375.618743896484375 379.61248779296875 380.01251220703125 379.212493896484375 373.66876220703125
