data/historical-monthly-weather-data/wc2.1_cruts4.09_10m_prec_1984-02.asc
ncols        51
nrows        45
xllcorner    -63.500000000000
yllcorner    -7.500000000000
cellsize     0.166666666667
NODATA_value -9999
[rows 0 to 19 of 45, columns 0 to 44 of 51]
141.649993896484375 134.5749969482421875 127.4499969482421875 122.86875152587890625 117.02500152587890625 114.78749847412109375 111.6875 107.03749847412109375 103.2375030517578125 101.50624847412109375 102.4187469482421875 103.5124969482421875 104.24375152587890625 101.66249847412109375 100.9812469482421875 100.6062469482421875 100.8937530517578125 98.96875 99.75624847412109375 101.0187530517578125 102.8937530517578125 104.8874969482421875 108.3249969482421875 112.78749847412109375 118.1687469482421875 124.3249969482421875 131.587493896484375 139.462493896484375 147.818756103515625 153.7375030517578125 160.181243896484375 167.1374969482421875 172.4375 178.149993896484375 184.462493896484375 188.8625030517578125 191.2624969482421875 192.9250030517578125 194.1062469482421875 193.412506103515625 193.71875 193.2937469482421875 191.2750091552734375 191.9187469482421875 190.78125
152.375 145.056243896484375 139.5625 133.899993896484375 129.274993896484375 128.96875 127.05625152587890625 125.6875 124.90625 123.81874847412109375 123.47499847412109375 122.66249847412109375 121.5500030517578125 119.2375030517578125 117.3312530517578125 115.40000152587890625 114.3625030517578125 113.71250152587890625 114.83750152587890625 116.27500152587890625 118.2937469482421875 121.2937469482421875 125.25624847412109375 129.7937469482421875 134.600006103515625 140.806243896484375 147.1687469482421875 154.6875 162.1374969482421875 168.375 174.2375030517578125 182.274993896484375 188.0124969482421875 194.600006103515625 200.2624969482421875 204.087493896484375 206.306243896484375 207.181243896484375 207.725006103515625 206.5749969482421875 206.118743896484375 204.9499969482421875 202.1437530517578125 201.681243896484375 200.1125030517578125
167.1062469482421875 160.274993896484375 154.8562469482421875 149.9499969482421875 146.4875030517578125 146.881256103515625 147.9499969482421875 149.931243896484375 151.90625 151.4812469482421875 149.6437530517578125 146.993743896484375 143.774993896484375 139.5124969482421875 135.681243896484375 132.131256103515625 129.3249969482421875 128.712493896484375 129.2062530517578125 130.506256103515625 133.0812530517578125 137.6750030517578125 141.7624969482421875 146.649993896484375 153.1125030517578125 158.787506103515625 164.8562469482421875 172.1875 178.2312469482421875 183.78125 190.8249969482421875 198.524993896484375 204.962493896484375 210.350006103515625 216.868743896484375 219.006256103515625 221.056243896484375 222.6687469482421875 221.6999969482421875 219.9562530517578125 218.4499969482421875 215.8874969482421875 212.3249969482421875 209.1750030517578125 208.006256103515625
181.3312530517578125 175.3312530517578125 171.7624969482421875 167.9875030517578125 167.506256103515625 168.3625030517578125 171.90625 177.274993896484375 182.556243896484375 184.225006103515625 180.912506103515625 174.6062469482421875 167.3625030517578125 160.3937530517578125 155.068756103515625 149.9499969482421875 145.78125 143.2062530517578125 143.53125 146.2312469482421875 150.243743896484375 154.931243896484375 159.0187530517578125 164.6999969482421875 171.225006103515625 177.4250030517578125 183.912506103515625 190.181243896484375 195.3874969482421875 201.53125 207.8249969482421875 216.875 222.2687530517578125 228.0625 233.3125 236.0374908447265625 237.568756103515625 238.131256103515625 237.475006103515625 235.337493896484375 231.493743896484375 227.600006103515625 222.912506103515625 217.899993896484375 215.943756103515625
200.5625 192.6750030517578125 187.524993896484375 185.6437530517578125 187.0124969482421875 190.4375 195.149993896484375 204.34375 215.3249969482421875 221.2062530517578125 212.693756103515625 200.8000030517578125 191.587493896484375 182.90625 174.9562530517578125 168.3312530517578125 163.03125 158.774993896484375 159.4250030517578125 162.71875 167.9812469482421875 172.2375030517578125 177.3000030517578125 183.7312469482421875 190.25 197.1125030517578125 201.350006103515625 206.162506103515625 213.0437469482421875 219.75 226.75 234.25 240.8562469482421875 246.8125 251.662506103515625 253.8937530517578125 255.756256103515625 256.29998779296875 255.068756103515625 250.8937530517578125 246.537506103515625 240.149993896484375 233.100006103515625 226.7687530517578125 222.6374969482421875
218.1999969482421875 211.84375 205.4250030517578125 201.9499969482421875 202.868743896484375 208.037506103515625 214.71875 224.412506103515625 237.4812469482421875 246.931243896484375 234.59375 220.712493896484375 210.75 201.975006103515625 193.875 187.725006103515625 181.100006103515625 177.0187530517578125 178.46875 182.28125 186.6062469482421875 191.0812530517578125 196.0749969482421875 201.5812530517578125 207.0437469482421875 214.0812530517578125 218.506256103515625 222.506256103515625 228.149993896484375 235.131256103515625 242.7312469482421875 250.725006103515625 255.993743896484375 263.912506103515625 269.618743896484375 271.46875 273.33123779296875 273.73126220703125 273.17498779296875 268.61248779296875 261.48748779296875 253.600006103515625 245.506256103515625 237.9187469482421875 230.6125030517578125
237.4187469482421875 231.381256103515625 225.3562469482421875 219.84375 219.443756103515625 223.162506103515625 229.024993896484375 235.3874969482421875 244.399993896484375 247.4187469482421875 242.881256103515625 234.5749969482421875 226.443756103515625 218.9875030517578125 212.631256103515625 207.15625 202.6999969482421875 201.587493896484375 202.875 204.0749969482421875 206 210.024993896484375 213.4187469482421875 218.0500030517578125 225.1750030517578125 231.0187530517578125 235.193756103515625 239.681243896484375 243.125 249.6875 259.0625 267.681243896484375 273.912506103515625 278.79998779296875 284.32501220703125 287.96875 289.33123779296875 290.40625 291.5 286.3125 276.29998779296875 267.59375 259.037506103515625 250.1875 240.9875030517578125
256.53125 249.3125 242.868743896484375 239.21875 238.024993896484375 238.8937530517578125 240.2937469482421875 241.118743896484375 242.693756103515625 244.4499969482421875 246.806243896484375 245.631256103515625 241.53125 235.125 230.1750030517578125 226.443756103515625 223.556243896484375 225.3874969482421875 228.243743896484375 225.774993896484375 224.931243896484375 227.4499969482421875 230.25 235.2062530517578125 242.1374969482421875 247.774993896484375 251.625 254.8937530517578125 259.04998779296875 265.64373779296875 273.587493896484375 283.39373779296875 289.350006103515625 294.83123779296875 299.57501220703125 301.83123779296875 303.20623779296875 303.75 303.53125 298.912506103515625 290.368743896484375 282.26873779296875 273.58123779296875 263.38751220703125 254.875
273.962493896484375 266.85626220703125 260.118743896484375 256.40625 253.8625030517578125 251.681243896484375 251.118743896484375 248.6437530517578125 245.46875 246.181243896484375 251.681243896484375 254.96875 253.618743896484375 249.1687469482421875 244.818756103515625 242.5437469482421875 240.225006103515625 241.0625 243.7062530517578125 239.774993896484375 237.162506103515625 239.225006103515625 242.4562530517578125 250.0812530517578125 257.381256103515625 263.0625 265.60626220703125 268.34375 272.625 278.08123779296875 285.65625 294.57501220703125 299.70001220703125 304.04998779296875 308.20001220703125 311.17498779296875 312.79998779296875 313.48126220703125 314.381256103515625 311.087493896484375 303.818756103515625 297.037506103515625 290.13751220703125 281.48126220703125 274.51251220703125
291.25 284.29376220703125 278.07501220703125 273.13751220703125 269.149993896484375 265.60626220703125 264.462493896484375 261.431243896484375 260.90625 262 266.46875 267.475006103515625 267.5625 263.01873779296875 259.8125 256.45001220703125 253.306243896484375 252.3000030517578125 250.162506103515625 246.850006103515625 245.90625 249.09375 254.28125 264.743743896484375 272.681243896484375 278.118743896484375 280.84375 281.975006103515625 286.443756103515625 291.068756103515625 295.931243896484375 302.88751220703125 307.787506103515625 313.01251220703125 317.54998779296875 320.17498779296875 322.01873779296875 321.943756103515625 323.29376220703125 322.331268310546875 318.287506103515625 313.64373779296875 307.26873779296875 298.60626220703125 293.881256103515625
307.35626220703125 300.32501220703125 293.95623779296875 288.57501220703125 283.53125 279.63751220703125 277.76873779296875 276.51251220703125 277.64373779296875 279.975006103515625 284.40625 285.40625 283.506256103515625 278.350006103515625 274.556243896484375 270.375 265.381256103515625 261.04998779296875 256.23126220703125 252.6687469482421875 251.9187469482421875 256.0625 264.818756103515625 274.881256103515625 287.287506103515625 292.73126220703125 293.868743896484375 295.70001220703125 298.193756103515625 300.91876220703125 305.33123779296875 310.649993896484375 314.57501220703125 319.493743896484375 325.381256103515625 328.756256103515625 329.23748779296875 330.493743896484375 332.41876220703125 331.82501220703125 329.568756103515625 326.03125 321.4375 314.506256103515625 309.90625
320.587493896484375 313.23126220703125 306.068756103515625 300.90625 296.4375 292.818756103515625 291.23126220703125 292.23748779296875 294.01873779296875 297.056243896484375 302.318756103515625 305.162506103515625 302.037506103515625 295.9375 291.45623779296875 285.125 278.743743896484375 271.443756103515625 263.693756103515625 257.618743896484375 255.8125 261.15625 273.693756103515625 288.48126220703125 300.587493896484375 303.98748779296875 303.506256103515625 304.274993896484375 306.45001220703125 309.35626220703125 312.568756103515625 315.75 319.337493896484375 323.375 328.48126220703125 332.243743896484375 334.98748779296875 336.89373779296875 339.493743896484375 340.024993896484375 339.32501220703125 335.95001220703125 329.45001220703125 320.48126220703125 314.07501220703125
329.76251220703125 323.23748779296875 317.131256103515625 311.899993896484375 308.868743896484375 306.46875 306.3125 307.243743896484375 309.20623779296875 313.975006103515625 319.274993896484375 323.331268310546875 320.818756103515625 312.975006103515625 306.96875 298.787506103515625 290.993743896484375 282.899993896484375 274.649993896484375 266.29998779296875 260.95623779296875 267.1875 281.587493896484375 295.962493896484375 305.10626220703125 308.79376220703125 310.46875 311.5625 313.068756103515625 315.29376220703125 317.70001220703125 319.83123779296875 321.256256103515625 325.11248779296875 330.0625 333.40625 336.3125 340.662506103515625 344.8125 346.70001220703125 348.318756103515625 344.08123779296875 333.6875 322.181243896484375 312.875
337.41876220703125 331.34375 325.931243896484375 321.67498779296875 319.8125 318.274993896484375 319.868743896484375 321.6875 324.5625 328.60626220703125 332.8125 335.681243896484375 334.149993896484375 329.23748779296875 320.67498779296875 312.587493896484375 303.13751220703125 295.29376220703125 286.524993896484375 279.5625 277.48748779296875 282.14373779296875 292.087493896484375 301.5625 308.85626220703125 313.006256103515625 315.64373779296875 316.837493896484375 318.78125 318.818756103515625 320.20623779296875 320.774993896484375 321.29376220703125 324.6875 328.774993896484375 333.006256103515625 338.29376220703125 344.17498779296875 350.85626220703125 353.79376220703125 353.21875 344.28125 335.056243896484375 325.78125 317.15625
344.96875 337.975006103515625 333.274993896484375 330.962493896484375 328.4375 328.67498779296875 331.943756103515625 334.04998779296875 338.03125 342.1875 345.14373779296875 348.84375 348.4375 344.631256103515625 336.625 327.42498779296875 318.5625 310.29376220703125 302.48748779296875 297.28125 296.212493896484375 298.350006103515625 304.5625 310.631256103515625 315.07501220703125 319.506256103515625 321.774993896484375 322.04376220703125 323.006256103515625 322.649993896484375 321.10626220703125 319.131256103515625 319.16876220703125 320.587493896484375 324.28125 328.45001220703125 336.625 346.037506103515625 354.38751220703125 357.087493896484375 352.149993896484375 345.5 338.431243896484375 328.89373779296875 319.131256103515625
350.57501220703125 342.96875 339.068756103515625 337.39373779296875 336.431243896484375 337.86248779296875 341.82501220703125 344.118743896484375 349.45623779296875 355.53125 359.462493896484375 364.3125 365.462493896484375 361.875 353.54376220703125 341.79998779296875 334.41876220703125 327.90625 321.42498779296875 316.975006103515625 314.350006103515625 314.39373779296875 317.41876220703125 321.78125 323.03125 324.39373779296875 325.056243896484375 325.993743896484375 327.48126220703125 326.29376220703125 323.92498779296875 318.712493896484375 314.04998779296875 312.625 313.39373779296875 319.26873779296875 330.256256103515625 344.0625 357.0625 360.89373779296875 355.60626220703125 347.26251220703125 338.73126220703125 328.868743896484375 317.51251220703125
352.943756103515625 346.662506103515625 343.29376220703125 342.399993896484375 342.83123779296875 345.537506103515625 350.28125 354.350006103515625 360.88751220703125 368.443756103515625 375.07501220703125 382.13751220703125 385.568756103515625 383.506256103515625 374.14373779296875 361.574981689453125 351.212493896484375 343.70001220703125 337.493743896484375 333.90625 331.57501220703125 330.181243896484375 330.006256103515625 331.83123779296875 331.850006103515625 328.787506103515625 326.90625 328.625 331.28125 331.10626220703125 327.01251220703125 319.1875 310.181243896484375 301.600006103515625 300.225006103515625 306.34375 319.01873779296875 339.91876220703125 362.068756103515625 362.10626220703125 353.118743896484375 344.21875 333.962493896484375 323.818756103515625 313.912506103515625
352.90625 347.4375 346.556243896484375 347.662506103515625 349.056243896484375 353.181243896484375 359.462493896484375 365.068756103515625 372.412506103515625 380.34375 389.11248779296875 400.274993896484375 408.125 407.399993896484375 398.131256103515625 385.10626220703125 369.57501220703125 356.04376220703125 351.38751220703125 347.25 346.41876220703125 343.04998779296875 338.63751220703125 336.45623779296875 334.4375 330.82501220703125 327.36248779296875 330.25 334.35626220703125 334.899993896484375 329.14373779296875 313.887481689453125 301.20623779296875 289.65625 283.975006103515625 286.53125 304.57501220703125 326.41876220703125 346.54376220703125 350.14373779296875 342.29376220703125 333.96875 325.38751220703125 317.13751220703125 308.45001220703125
351.431243896484375 347.15625 347.60626220703125 349.04376220703125 352.20623779296875 359.512481689453125 366.493743896484375 374.65625 383.90625 392.13751220703125 402.92498779296875 416.287506103515625 428.693756103515625 434.73126220703125 423.09375 404.600006103515625 385.962493896484375 368.1875 359.787506103515625 356.537506103515625 356.51873779296875 352.82501220703125 341.993743896484375 337.774993896484375 334.76873779296875 332.287506103515625 331.024993896484375 333.4375 338.306243896484375 340.225006103515625 334.6875 315.61248779296875 296.5625 277.33123779296875 265.506256103515625 269.681243896484375 288.193756103515625 308.681243896484375 325.993743896484375 331.15625 328.024993896484375 320.76251220703125 314.868743896484375 309.10626220703125 301.8125
350 344.98748779296875 346.493743896484375 349.193756103515625 354.73748779296875 364.23748779296875 374.16876220703125 382.537506103515625 392.412506103515625 401.59375 412.09375 427.693756103515625 445.943756103515625 460.806243896484375 444.681243896484375 416.568756103515625 392.306243896484375 375.82501220703125 366.28125 362.037506103515625 356.412506103515625 348.774993896484375 342.399993896484375 337.350006103515625 333.787506103515625 331.20623779296875 332.274993896484375 336.38751220703125 338.98126220703125 339.149993896484375 330.899993896484375 314.95623779296875 291.20001220703125 265.63751220703125 247.024993896484375 254.556243896484375 277.306243896484375 298.15625 312.41876220703125 318.006256103515625 314.899993896484375 308.21875 306.13751220703125 303 297.17498779296875
