data/historical-monthly-weather-data/wc2.1_cruts4.09_10m_prec_1996-05.asc
ncols        51
nrows        45
xllcorner    -63.500000000000
yllcorner    -7.500000000000
cellsize     0.166666666667
NODATA_value -9999
[rows 20 to 39 of 45, columns 0 to 43 of 51]
282.5 296.28125 302.149993896484375 302.193756103515625 301.631256103515625 307.88751220703125 309.506256103515625 306.61248779296875 300.475006103515625 290.318756103515625 281.5 273.3125 260.506256103515625 247.2375030517578125 229.6875 214.975006103515625 197.5187530517578125 187.493743896484375 183.2375030517578125 175.899993896484375 175.84375 173.975006103515625 171.625 172.5749969482421875 172.818756103515625 169.40625 165.4875030517578125 166.087493896484375 167.0812530517578125 168.1125030517578125 171.3312530517578125 176.625 174.46875 173.962493896484375 177.4875030517578125 185.4250030517578125 192.2937469482421875 196.7249908447265625 197.875 196.3125 194.618743896484375 190.662506103515625 189.837493896484375 193.5500030517578125
279.306243896484375 283.95623779296875 294.60626220703125 302.806243896484375 303.29376220703125 305.725006103515625 310.20001220703125 311.3125 306.3125 297.100006103515625 286.881256103515625 275.625 262.28125 248.212493896484375 235.462493896484375 218.618743896484375 211.7312469482421875 198.774993896484375 192.125 182.3937530517578125 174.5625 171.318756103515625 168.649993896484375 166.1062469482421875 162.28125 161.2937469482421875 164.3874969482421875 164.9875030517578125 170.337493896484375 173.3249969482421875 174.024993896484375 174.6125030517578125 175.5500030517578125 177.1437530517578125 177.056243896484375 181.350006103515625 188.0124969482421875 192.15625 192.9499969482421875 191.90625 191.46875 188.3625030517578125 187.1437530517578125 188.84375
276.39373779296875 290.149993896484375 298.899993896484375 306.73126220703125 307.162506103515625 308.131256103515625 302.912506103515625 305.931243896484375 308.8125 301.15625 288.756256103515625 276.66876220703125 267.850006103515625 254.6374969482421875 241.7687530517578125 227.475006103515625 216.3125 204.65625 194.5437469482421875 184.725006103515625 178.087493896484375 169.4812469482421875 164.5625 160.7062530517578125 159.431243896484375 157.03125 157.912506103515625 162.96875 168.9562530517578125 171.59375 171.7937469482421875 175.287506103515625 178.368743896484375 178.7687530517578125 179.649993896484375 178.1750030517578125 181.118743896484375 186.587493896484375 190.8937530517578125 189.8562469482421875 187.943756103515625 185.712493896484375 184.03125 184.818756103515625
270.037506103515625 286.506256103515625 299.54376220703125 304.9375 304.993743896484375 302.975006103515625 308.48748779296875 308.60626220703125 304.36248779296875 295.78125 286.868743896484375 281.33123779296875 271.149993896484375 260.84375 245.681243896484375 231.318756103515625 219.4499969482421875 209.0124969482421875 199.087493896484375 189.506256103515625 178.7687530517578125 170.193756103515625 162.4250030517578125 160.8625030517578125 157.1374969482421875 151.9562530517578125 154.96875 160.7375030517578125 168.225006103515625 174.875 180.1999969482421875 185.100006103515625 188.056243896484375 186.899993896484375 185.693756103515625 180.6125030517578125 184.712493896484375 187.0625 188.6999969482421875 188.256256103515625 185.556243896484375 184.7562408447265625 183.9499969482421875 182.662506103515625
269.756256103515625 286.962493896484375 297.6875 307.868743896484375 310.881256103515625 310.375 306.837493896484375 307.17498779296875 301.5 295.40625 286.087493896484375 278.10626220703125 272.256256103515625 261.70001220703125 246.1875 233.90625 224.725006103515625 212.8937530517578125 200.850006103515625 190.6875 181.7312469482421875 170.8249969482421875 163.649993896484375 160.2937469482421875 155.899993896484375 155.0187530517578125 158.25 164.9187469482421875 172.181243896484375 182.256256103515625 189.068756103515625 198.931243896484375 200.556243896484375 198.0625 191.681243896484375 187.4375 188.2375030517578125 185.631256103515625 186.0124969482421875 185.625 184.131256103515625 182.1125030517578125 181.381256103515625 178.287506103515625
277.13751220703125 295.837493896484375 298.83123779296875 307.29998779296875 306.381256103515625 304.493743896484375 300.375 299.462493896484375 290.75 281.6875 280.60626220703125 276.23126220703125 267.34375 258.524993896484375 249.149993896484375 237.037506103515625 227.806243896484375 215.681243896484375 203.0187530517578125 191.28125 182.1062469482421875 171.0749969482421875 163.53125 158.09375 155.9187469482421875 154.6125030517578125 162.1687469482421875 169.381256103515625 176.649993896484375 187.756256103515625 199.399993896484375 215.318756103515625 217.212493896484375 208.162506103515625 198.8249969482421875 194.256256103515625 189.9187469482421875 186.8249969482421875 182.587493896484375 181.3625030517578125 180.6750030517578125 177.306243896484375 174.5437469482421875 173.7312469482421875
285.368743896484375 294.29376220703125 300.75 304.787506103515625 302.8125 300.399993896484375 295.037506103515625 288.537506103515625 281.993743896484375 281.443756103515625 277.85626220703125 270.274993896484375 264.51251220703125 257.625 248.431243896484375 239.1062469482421875 228.0500030517578125 214.4250030517578125 205.8937530517578125 193.381256103515625 181.712493896484375 171.399993896484375 163.3562469482421875 160.84375 158.681243896484375 157.993743896484375 165.587493896484375 173.274993896484375 181.875 191.3625030517578125 206.1437530517578125 222.162506103515625 227.225006103515625 213.600006103515625 200.6999969482421875 194.100006103515625 191.625 185.8625030517578125 181.524993896484375 180.006256103515625 178.15625 174.8249969482421875 172.1437530517578125 169.1750030517578125
296.08123779296875 299.743743896484375 302.08123779296875 299.82501220703125 298.0625 296.306243896484375 291.506256103515625 282.25 277.931243896484375 276.57501220703125 271.431243896484375 264.16876220703125 259.181243896484375 252.4187469482421875 245.787506103515625 234.75 227.118743896484375 218.118743896484375 209.2624969482421875 197.5749969482421875 185.274993896484375 172.9187469482421875 166.131256103515625 162.7375030517578125 161.2687530517578125 159.743743896484375 167.96875 175.96875 185.4812469482421875 195.4499969482421875 208.2937469482421875 221.25 221.8937530517578125 210.65625 201.118743896484375 194.431243896484375 189.21875 185.8312530517578125 183.0187530517578125 178.993743896484375 175.5437469482421875 173.8125 171.1999969482421875 169.1374969482421875
300.76873779296875 303.23126220703125 299.881256103515625 296.037506103515625 292.181243896484375 284.10626220703125 277.03125 273.91876220703125 274.3125 269.125 264.57501220703125 259.76251220703125 254.2062530517578125 250.681243896484375 246.46875 240.0437469482421875 232.243743896484375 221.4375 211.181243896484375 200.087493896484375 187.8125 174.850006103515625 166.2937469482421875 162.931243896484375 161.3874969482421875 158.787506103515625 167.368743896484375 177.318756103515625 186.8249969482421875 195.1437530517578125 206.1687469482421875 214.3312530517578125 211.9187469482421875 203.6125030517578125 197.850006103515625 192.1125030517578125 188.0124969482421875 183.125 180.337493896484375 176.28125 170.1437530517578125 166.6374969482421875 167.4875030517578125 169.3874969482421875
300.4375 299.78125 292.08123779296875 282.774993896484375 276.73748779296875 273.443756103515625 267.850006103515625 267.881256103515625 265.931243896484375 259.48748779296875 256.71875 253.46875 249.8249969482421875 247.9499969482421875 244.556243896484375 239.53125 232.506256103515625 225.743743896484375 214.5124969482421875 201.4250030517578125 189.5124969482421875 178.1875 168.90625 164.6875 161.162506103515625 162.09375 168.09375 174.8625030517578125 183.59375 191.1125030517578125 200.1062469482421875 205.0437469482421875 202.5 197.556243896484375 193.1750030517578125 187.0124969482421875 186.8000030517578125 182.912506103515625 178.931243896484375 178.5187530517578125 175.25 170.5 167.287506103515625 165.4499969482421875
298.5625 294.318756103515625 283.09375 275.41876220703125 270.056243896484375 265.82501220703125 263.76251220703125 260.274993896484375 258.20001220703125 254.431243896484375 251.475006103515625 247.287506103515625 247.556243896484375 242.8125 240.4562530517578125 238.5187530517578125 234.1875 225.681243896484375 216.40625 205.912506103515625 191.4562530517578125 178.8937530517578125 169.681243896484375 163.993743896484375 160.756256103515625 163.1062469482421875 167.850006103515625 172.962493896484375 180.899993896484375 186.056243896484375 193.712493896484375 195.662506103515625 193.15625 189.8874969482421875 185.9562530517578125 180.287506103515625 180.181243896484375 179.756256103515625 179.024993896484375 177.2624969482421875 177.2375030517578125 171.7437591552734375 167.3937530517578125 162.5437469482421875
288.84375 282.53125 272.82501220703125 266.70001220703125 263.443756103515625 257.48748779296875 258.57501220703125 251.8562469482421875 249.225006103515625 245.1062469482421875 242.243743896484375 237.850006103515625 237.8874969482421875 237.5749969482421875 235.6062469482421875 235.618743896484375 229.1374969482421875 220.90625 212.5812530517578125 203.5625 189.0437469482421875 177.368743896484375 167.8187408447265625 163.6374969482421875 163.3562469482421875 163.125 167.493743896484375 171.0437469482421875 175.625 180.40625 182.9562530517578125 185.1374969482421875 182.274993896484375 179.7062530517578125 177.774993896484375 173.9250030517578125 173.225006103515625 174.024993896484375 173.1125030517578125 175.5500030517578125 175.4875030517578125 171.2937469482421875 167.493743896484375 165.337493896484375
270.79998779296875 266.61248779296875 258.48748779296875 255.368743896484375 250.3312530517578125 245.1125030517578125 244.4562530517578125 240.256256103515625 238 236.6062469482421875 238.4875030517578125 235.024993896484375 234.431243896484375 235.5749969482421875 232.693756103515625 229.1999969482421875 223.5749969482421875 218.662506103515625 208.462493896484375 199.787506103515625 186.037506103515625 176.368743896484375 166.618743896484375 164.46875 163.84375 164.2375030517578125 166.53125 169.84375 171.7937469482421875 173.7624969482421875 175.587493896484375 175.6125030517578125 171.6750030517578125 171.9875030517578125 169.693756103515625 169.131256103515625 166.53125 167.3562469482421875 166.556243896484375 170.5625 170.1437530517578125 168.587493896484375 166.09375 165.8312530517578125
253.118743896484375 248.431243896484375 245.618743896484375 243.1374969482421875 241.368743896484375 235.3937530517578125 232.368743896484375 227.7687530517578125 225.225006103515625 224.4875030517578125 226.193756103515625 228.1999969482421875 227.0812530517578125 226.1875 225.6125030517578125 224.712493896484375 220.625 214.625 203.3562469482421875 193.462493896484375 183.7687530517578125 175.4187469482421875 166.6999969482421875 163.337493896484375 163.2062530517578125 162.5749969482421875 163.587493896484375 165.368743896484375 168.068756103515625 168.193756103515625 168.193756103515625 166.8125 163.96875 161.9875030517578125 161.193756103515625 160.162506103515625 159.6687469482421875 157.8562469482421875 159.493743896484375 161.587493896484375 161.149993896484375 162.375 163.46875 164.118743896484375
234.2687530517578125 230.850006103515625 230.6687469482421875 231.399993896484375 231.162506103515625 225.787506103515625 218.993743896484375 215.443756103515625 209.931243896484375 210.53125 214.6999969482421875 218.1750030517578125 222.087493896484375 224.431243896484375 222.975006103515625 220.681243896484375 215.7937469482421875 209.8874969482421875 199.3937530517578125 187.787506103515625 179.3625030517578125 170.6374969482421875 164.375 161.2062530517578125 160.46875 159.9562530517578125 162.350006103515625 164.193756103515625 165.4875030517578125 164.78125 162.0749969482421875 159.2687530517578125 154.7624969482421875 153.431243896484375 148.5812530517578125 148.75 146.9812469482421875 150.0187530517578125 151.1875 151.7312469482421875 151.693756103515625 151.524993896484375 153.1437530517578125 155.899993896484375
218.8000030517578125 217.7375030517578125 215.9499969482421875 215.774993896484375 214.6125030517578125 209.9875030517578125 203.25 200.681243896484375 196.337493896484375 194.056243896484375 197.274993896484375 206.662506103515625 215.181243896484375 217.462493896484375 217.806243896484375 214.7687530517578125 209.875 201.6750030517578125 194.0124969482421875 183.1125030517578125 175.9250030517578125 168.4875030517578125 162.475006103515625 160.3312530517578125 158.962493896484375 157.8000030517578125 161.5 163.25 162.0437469482421875 159.806243896484375 156.818756103515625 153.0625 148.09375 143.306243896484375 139.59375 138.5187530517578125 141.399993896484375 140.537506103515625 141.587493896484375 144.431243896484375 143.743743896484375 145.6750030517578125 146 148.3562469482421875
205.131256103515625 205.743743896484375 203.850006103515625 203.34375 203.1437530517578125 197.600006103515625 192.5187530517578125 187.462493896484375 182.537506103515625 175.806243896484375 186.4375 205.368743896484375 212.787506103515625 213.7937469482421875 212.65625 209.2375030517578125 202.71875 194.3937530517578125 187.25 176.28125 171.0124969482421875 165.1062469482421875 158.8625030517578125 157.0124969482421875 156.21875 156.9250030517578125 158.725006103515625 159.443756103515625 158.09375 155.662506103515625 152.662506103515625 149.0749969482421875 143.1750030517578125 136.256256103515625 132.8249969482421875 133.28125 134.1999969482421875 134.6999969482421875 134.4812469482421875 135.0625 134.4187469482421875 134.5187530517578125 138.181243896484375 141.1062469482421875
193.3312530517578125 193.6750030517578125 194.03125 192.8562469482421875 193.84375 190.15625 186.0187530517578125 180.5187530517578125 176.2312469482421875 170.006256103515625 192.118743896484375 211.524993896484375 214.1374969482421875 213.7375030517578125 210.149993896484375 205.225006103515625 197.774993896484375 190.5500030517578125 181.6125030517578125 173.0625 165.943756103515625 160.9812469482421875 155.875 154.149993896484375 153.337493896484375 153.568756103515625 153.25 156.8874969482421875 156.493743896484375 152.037506103515625 147.2375030517578125 143.3125 138.3625030517578125 130.59375 124.8125 125.3625030517578125 127.47499847412109375 127.34375 129.15625 128.006256103515625 127.625 128.1999969482421875 127.6750030517578125 128.225006103515625
182.681243896484375 182.912506103515625 183.09375 183.368743896484375 181.7062530517578125 179.818756103515625 179.1875 179.381256103515625 182.4375 193.8562469482421875 219.693756103515625 221.4250030517578125 214.725006103515625 211.837493896484375 207.2062530517578125 201.6125030517578125 195.056243896484375 187.40625 179.318756103515625 169.943756103515625 161.618743896484375 155.0625 151.625 151.274993896484375 149.2312469482421875 148.8625030517578125 150.5812530517578125 153.493743896484375 151.6374969482421875 149.09375 143.0812530517578125 136.09375 132.568756103515625 128.306243896484375 125.96250152587890625 125.11875152587890625 124.7687530517578125 126.21250152587890625 124.59999847412109375 121.8625030517578125 122.9375 122.9499969482421875 121.27500152587890625 122.81874847412109375
175.506256103515625 174.850006103515625 176.0437469482421875 176.056243896484375 175.8687591552734375 174.818756103515625 173.881256103515625 179.899993896484375 187.087493896484375 198.4875030517578125 209.90625 214.6687469482421875 209.912506103515625 205.881256103515625 203.649993896484375 196.6999969482421875 189.375 181.693756103515625 173.100006103515625 165.5812530517578125 156.524993896484375 150.774993896484375 145.3125 144.756256103515625 144.3874969482421875 144.931243896484375 145.6125030517578125 147.337493896484375 146.09375 143.631256103515625 140.068756103515625 136.875 133.0500030517578125 130.0749969482421875 127.8000030517578125 125.78125 124.2312469482421875 124.83750152587890625 122.7062530517578125 117.73125457763671875 117.1875 117 114.3625030517578125 113.5625
