data/historical-monthly-weather-data/wc2.1_cruts4.09_10m_prec_1993-02.asc
ncols        45
nrows        45
xllcorner    -63.500000000000
yllcorner    -7.500000000000
cellsize     0.166666666667
NODATA_value -9999
[rows 0 to 19 of 45, columns 0 to 44 of 45]
179.4937591552734375 175.625 170.2375030517578125 167.912506103515625 163.5749969482421875 163.318756103515625 161.662506103515625 157.59375 154.1062469482421875 153.5749969482421875 156.743743896484375 158.524993896484375 159.4499969482421875 154.975006103515625 151.537506103515625 148.28125 145.962493896484375 140.125 138.09375 137.0625 138.712493896484375 140.84375 144.4875030517578125 147.09375 150.3312530517578125 153.9499969482421875 156.5625 159.0625 162.125 165.28125 169.3249969482421875 173.5625 175.125 176.78125 179.0437469482421875 181.0812530517578125 181.381256103515625 181.40625 183.6437530517578125 184.6125030517578125 186.625 188.21875 188.3000030517578125 190.96875 191.306243896484375
188.40625 184.875 182.431243896484375 179.443756103515625 177.5500030517578125 180.3562469482421875 180.7624969482421875 181.9562530517578125 183.6062469482421875 184.7687530517578125 186.743743896484375 186 184.443756103515625 180.6999969482421875 175.493743896484375 170.0187530517578125 165.662506103515625 160.0500030517578125 156.743743896484375 154.375 155.774993896484375 158.931243896484375 162.9499969482421875 165.3937530517578125 167.6062469482421875 171.0500030517578125 172.46875 174.475006103515625 176.4250030517578125 179.5124969482421875 182.4499969482421875 187.318756103515625 188.5812530517578125 190.21875 190.943756103515625 191.3625030517578125 190.431243896484375 188.7375030517578125 190.193756103515625 190.743743896484375 191.9812469482421875 192.8937530517578125 192.2937469482421875 193.8312530517578125 193.6750030517578125
198.9499969482421875 196.568756103515625 195.96875 195.9499969482421875 197.399993896484375 201.96875 207.2375030517578125 213.943756103515625 220.21875 223.0437469482421875 223.4562530517578125 220.381256103515625 216.056243896484375 209.7687530517578125 201.662506103515625 193.75 186.875 182.0187530517578125 178.6125030517578125 176.725006103515625 178.875 184.0749969482421875 188.0187530517578125 189.725006103515625 192.681243896484375 194.1437530517578125 194.131256103515625 194.9562530517578125 194.3562469482421875 195.993743896484375 199.524993896484375 203.3937530517578125 204.943756103515625 205 206.09375 204.09375 202.056243896484375 200.0749969482421875 199.431243896484375 198.7375030517578125 198.412506103515625 198.149993896484375 197.0812530517578125 196.243743896484375 196.5625
207.743743896484375 206.9187469482421875 210.5500030517578125 214.212493896484375 221.78125 227.9250030517578125 237.443756103515625 249.6750030517578125 261.368743896484375 267.975006103515625 266.96875 259.04998779296875 249.2062530517578125 239.287506103515625 228.993743896484375 218.75 210.068756103515625 203.7062530517578125 201.506256103515625 202.868743896484375 207.068756103515625 212.3937530517578125 216.0625 217.256256103515625 218.5437469482421875 218.9375 218.2062530517578125 216.5500030517578125 213.84375 215.28125 217.2312469482421875 221.743743896484375 221.868743896484375 222.09375 221.587493896484375 219.2375030517578125 215.6875 211.7375030517578125 210.475006103515625 208.493743896484375 205.34375 203.993743896484375 202.21875 199.931243896484375 199.65625
222.006256103515625 219.7062530517578125 223.3937530517578125 231.5625 243.5 254.100006103515625 266.087493896484375 284.54376220703125 304.90625 318.33123779296875 310.631256103515625 295.13751220703125 282.98126220703125 270.98748779296875 257.006256103515625 244.662506103515625 234.59375 227.3125 227.2937469482421875 230.943756103515625 236.962493896484375 241.40625 245.975006103515625 246.568756103515625 246 245.4562530517578125 240.712493896484375 236.212493896484375 234.1999969482421875 235.399993896484375 237.2312469482421875 239.3562469482421875 240.4375 240.5500030517578125 239.306243896484375 235.6437530517578125 231.40625 226.337493896484375 223.46875 218.65625 214.1437530517578125 210.6437530517578125 206.943756103515625 203.6999969482421875 201.556243896484375
236.3937530517578125 236.774993896484375 240.0500030517578125 247.2375030517578125 259.5 273.506256103515625 289.34375 309.681243896484375 333.587493896484375 352.681243896484375 340.21875 322.26873779296875 309.4375 297.681243896484375 284.28125 273.39373779296875 262.21875 256.712493896484375 259.506256103515625 265.274993896484375 269.17498779296875 272.78125 276.08123779296875 274.20001220703125 271.04376220703125 269.64373779296875 264.21875 257.88751220703125 253.65625 254.2687530517578125 255.875 257.756256103515625 257.60626220703125 259.95623779296875 259.73126220703125 255.3937530517578125 250.7312469482421875 244.931243896484375 241.118743896484375 234.181243896484375 225.7062530517578125 220.2312469482421875 215.118743896484375 210.3000030517578125 205.3249969482421875
252.537506103515625 254.318756103515625 258.9375 264.5625 275.943756103515625 289.1875 305.212493896484375 322.162506103515625 340.743743896484375 350.949981689453125 350.04998779296875 340.51251220703125 330.618743896484375 321.28125 311.41876220703125 302.537506103515625 295.631256103515625 296.193756103515625 300.725006103515625 304.21875 303.45623779296875 304.912506103515625 304.48748779296875 300.23126220703125 298.274993896484375 294.318756103515625 287.743743896484375 281.118743896484375 273.568756103515625 272.787506103515625 275.35626220703125 277.068756103515625 278.11248779296875 277.837493896484375 277.83123779296875 275.04998779296875 269.631256103515625 263.9375 259.850006103515625 250.381256103515625 237.587493896484375 230.5500030517578125 224.34375 217.881256103515625 211.21875
268.506256103515625 270.068756103515625 274.92498779296875 283.475006103515625 294.662506103515625 305.475006103515625 316.79376220703125 327.23748779296875 335.79376220703125 344.26873779296875 353.32501220703125 354.29998779296875 350.5625 343.1875 336.66876220703125 331.75 328.54998779296875 335.399993896484375 344.337493896484375 343.818756103515625 337.600006103515625 335.17498779296875 332.375 327.45001220703125 324.20001220703125 318.92498779296875 311.125 302.32501220703125 294.83123779296875 293.274993896484375 293.493743896484375 295.79998779296875 296.83123779296875 297.60626220703125 297.212493896484375 293 287.36248779296875 280.73126220703125 273.73126220703125 262.774993896484375 249.375 241.8312530517578125 234.6999969482421875 226.3562469482421875 220.3000030517578125
284.818756103515625 287.34375 292.193756103515625 300.837493896484375 310.587493896484375 318.118743896484375 327.45623779296875 333.92498779296875 336.087493896484375 343.10626220703125 356.5625 364.0625 364.506256103515625 360.60626220703125 357.51251220703125 357.475006103515625 357.51251220703125 363.618743896484375 372.64373779296875 370.04998779296875 360.118743896484375 355.92498779296875 352.70001220703125 350.79376220703125 347.212493896484375 341.1875 331.38751220703125 321.587493896484375 314.03125 311.42498779296875 311.51251220703125 313.28125 313.86248779296875 313.95623779296875 313.40625 309.831268310546875 304.29376220703125 297.42498779296875 290.01251220703125 278.48126220703125 264.368743896484375 256.36248779296875 249.225006103515625 240.962493896484375 236.0812530517578125
301.25 304.70623779296875 310.33123779296875 317.64373779296875 325.76251220703125 332.04998779296875 341.15625 347.41876220703125 353.412506103515625 361.20001220703125 373.39373779296875 377.875 380.625 377.287506103515625 378.712493896484375 380.287506103515625 381.899993896484375 385.600006103515625 387.36248779296875 385.506256103515625 377.26873779296875 373.793731689453125 372.537506103515625 373.899993896484375 370.375 363.26873779296875 353.29998779296875 341.337493896484375 333.918731689453125 330.73126220703125 328.36248779296875 328.58123779296875 329.46875 330.993743896484375 331.287506103515625 327.306243896484375 321.79998779296875 313.79998779296875 305.381256103515625 294.26251220703125 281.17498779296875 273.20623779296875 264.756256103515625 254.9812469482421875 251.868743896484375
316.412506103515625 320.537506103515625 326.118743896484375 332.88751220703125 339.75 346.024993896484375 354.625 363.625 372.087493896484375 381.73126220703125 394.09375 398.96875 399.39373779296875 396.01873779296875 399.35626220703125 402.76251220703125 404.1875 403.193756103515625 400.71875 398.287506103515625 389.631256103515625 386.899993896484375 390.243743896484375 390.45623779296875 392.57501220703125 384.831268310546875 372.59375 361.33123779296875 351.53125 346.693756103515625 344.45623779296875 343.518768310546875 343.85626220703125 345.63751220703125 347.868743896484375 344.693756103515625 337.712493896484375 330.79998779296875 321.493743896484375 309.01251220703125 295.743743896484375 286.89373779296875 278.17498779296875 268.306243896484375 265.11248779296875
329.17498779296875 333.26251220703125 338.056243896484375 345.14373779296875 352.699981689453125 359.20001220703125 368.04376220703125 379.85626220703125 388.899993896484375 399.212493896484375 412.65625 421.53125 422.024993896484375 419.024993896484375 422.28125 423.26873779296875 423.243743896484375 417.875 410.993743896484375 404.70623779296875 394.71875 394.087493896484375 403.21875 410.287506103515625 411.82501220703125 401.23126220703125 387.0625 374.76251220703125 364.868743896484375 360.756256103515625 357.71875 354.98748779296875 355.51873779296875 356.92498779296875 358.9375 356.70623779296875 352.556243896484375 346.54998779296875 336.92498779296875 324.17498779296875 310.83123779296875 300.506256103515625 288.4375 275.412506103515625 270.493743896484375
337.8125 342.91876220703125 348.850006103515625 355.850006103515625 365.068756103515625 372.82501220703125 383.23748779296875 394.66876220703125 403.60626220703125 415.774993896484375 429.037506103515625 441.32501220703125 444.82501220703125 441.33123779296875 442.962493896484375 441.53125 439.64373779296875 433.23126220703125 425.725006103515625 416.08123779296875 401.04376220703125 402.14373779296875 414.39373779296875 421.100006103515625 418.837493896484375 409.04376220703125 398.087493896484375 386.587493896484375 376.318756103515625 372.03125 368.67498779296875 365.368743896484375 364.04376220703125 365.86248779296875 368.34375 366.306243896484375 363.04376220703125 360.056243896484375 351.15625 338.45623779296875 325.90625 313.087493896484375 295.875 279.26873779296875 271.618743896484375
344.84375 350.51873779296875 357.118743896484375 365.100006103515625 375.59375 384.10626220703125 396.32501220703125 408.58123779296875 418.23126220703125 428.962493896484375 440.54376220703125 452.787506103515625 459.556243896484375 461.85626220703125 460.29998779296875 459.1875 455.024993896484375 449.13751220703125 441 433.73748779296875 423.943756103515625 422.8125 428.568756103515625 428.6875 424.412506103515625 415.881256103515625 406.806243896484375 395.98126220703125 386.806243896484375 380.493743896484375 376.57501220703125 372.0625 370.162506103515625 372.04376220703125 374.162506103515625 373.75 373.71875 372.86248779296875 365.76251220703125 352.95001220703125 336.993743896484375 318.350006103515625 300.774993896484375 284.91876220703125 277.70001220703125
351.66876220703125 356.57501220703125 363.9375 374.01873779296875 383.662506103515625 394.006256103515625 407.862518310546875 420.131256103515625 430.899993896484375 441.51251220703125 451.20623779296875 464.84375 473.568756103515625 477.79998779296875 476.92498779296875 474.131256103515625 470.75 464.256256103515625 457.63751220703125 453.131256103515625 445.037506103515625 440.16876220703125 440.64373779296875 437.381256103515625 431.03125 424.662506103515625 416.193756103515625 405.212493896484375 395.70001220703125 389.07501220703125 381.70623779296875 374.26251220703125 371.868743896484375 371.556243896484375 373.36248779296875 372.98748779296875 376.33123779296875 379.412506103515625 373.806243896484375 360.256256103515625 339.66876220703125 322.95001220703125 307.04998779296875 290.67498779296875 282.53125
356.475006103515625 360.912506103515625 369.006256103515625 379.712493896484375 391.04998779296875 402.375 416.631256103515625 428.65625 440.850006103515625 453.58123779296875 464.36248779296875 479.631256103515625 490.67498779296875 495.41876220703125 493.925018310546875 487.34375 485.931243896484375 481.98748779296875 477.306243896484375 473.975006103515625 463.71875 455.899993896484375 452.037506103515625 448.193756103515625 439.58123779296875 431.16876220703125 421.881256103515625 412.85626220703125 405.04376220703125 397.48126220703125 389.03125 377.66876220703125 369.73748779296875 366.068756103515625 364.53125 366.274993896484375 372.975006103515625 381.056243896484375 380.28125 367.524993896484375 346.21875 327.774993896484375 310.493743896484375 293.787506103515625 284.306243896484375
357.837493896484375 363.83123779296875 372.350006103515625 383.774993896484375 396.59375 408.975006103515625 423.70001220703125 437.475006103515625 450.818756103515625 465.09375 479.04376220703125 497.23748779296875 511.506256103515625 518.4937744140625 515.5374755859375 507.71875 501.912506103515625 496.475006103515625 492.23126220703125 490.16876220703125 480.59375 470.90625 462.91876220703125 457.33123779296875 449.15625 436.82501220703125 425.51251220703125 418.73126220703125 413.443756103515625 407.212493896484375 396.58123779296875 381.95001220703125 368.743743896484375 356.556243896484375 352.51873779296875 354.631256103515625 363.41876220703125 379.600006103515625 388.806243896484375 371.91876220703125 346.787506103515625 327.98748779296875 309.26251220703125 292.46875 284.375
356.118743896484375 363.256256103515625 374.625 388.5 402.631256103515625 416.54376220703125 432.824981689453125 448.212493896484375 462.20001220703125 476.524993896484375 492.712493896484375 515.54376220703125 535.0062255859375 543.4312744140625 540.5 532.10003662109375 519.1312255859375 505.631256103515625 504.07501220703125 501.66876220703125 494.79376220703125 482.837493896484375 469.53125 459.693756103515625 450.181243896484375 438.45623779296875 426.337493896484375 422.28125 419.90625 414.65625 401.912506103515625 378.21875 360.29998779296875 344.287506103515625 334.912506103515625 332.587493896484375 347.1875 364.23126220703125 372.462493896484375 360.83123779296875 338.212493896484375 320.90625 304.61248779296875 290.243743896484375 283.23748779296875
352.875 361.568756103515625 374.53125 388.943756103515625 405.274993896484375 422.67498779296875 439.54376220703125 457.73748779296875 473.63751220703125 487.918731689453125 506.131256103515625 530.92498779296875 555.4312744140625 572.0999755859375 565.9312744140625 550.09375 532.9375 514.14373779296875 507.83123779296875 507.149993896484375 502.07501220703125 490.350006103515625 468.98748779296875 457.612518310546875 448.10626220703125 439.20623779296875 431.149993896484375 427.70623779296875 427.3125 423.912506103515625 411.337493896484375 382.774993896484375 356.78125 331.193756103515625 314.25 313.5 328.287506103515625 343.63751220703125 350.26873779296875 342.11248779296875 325.881256103515625 310.76873779296875 298.01251220703125 286.70623779296875 280.993743896484375
349.59375 357.78125 371.931243896484375 387.86248779296875 406.96875 426.693756103515625 446.712493896484375 464.875 481.131256103515625 496.131256103515625 513.4749755859375 540.16876220703125 571.1875 598.54998779296875 586.33746337890625 557.66876220703125 532.90625 516.48748779296875 509.04998779296875 507.425018310546875 495.287506103515625 479.037506103515625 464.84375 453.51251220703125 444.462493896484375 436.58123779296875 432.756256103515625 432.61248779296875 430.34375 424.931243896484375 409 384.193756103515625 352.08123779296875 318.59375 293.375 296.3125 315.64373779296875 331.15625 335.5625 329.23748779296875 314.431243896484375 300.86248779296875 292.6875 284.59375 280.28125
