data/historical-monthly-weather-data/wc2.1_cruts4.09_10m_prec_1958-06.asc
ncols        45
nrows        45
xllcorner    -63.500000000000
yllcorner    -7.500000000000
cellsize     0.166666666667
NODATA_value -9999
[rows 0 to 18 of 45, columns 0 to 42 of 45]
278.556243896484375 279.912506103515625 277.95001220703125 284.40625 286.618743896484375 289.85626220703125 287.318756103515625 283.068756103515625 274.36248779296875 275.15625 278.375 278.20001220703125 278.46875 275.618743896484375 272.23126220703125 270.524993896484375 266.54376220703125 262.34375 257.8125 256.125 257.23126220703125 250.181243896484375 244.725006103515625 236.90625 231.087493896484375 226.8000030517578125 227.131256103515625 229.6875 225.193756103515625 216.899993896484375 203.6999969482421875 196.5 192.162506103515625 184.0250091552734375 176.993743896484375 172.962493896484375 168.8562469482421875 166.443756103515625 162.318756103515625 160.40625 161.1374969482421875 166.493743896484375 166.131256103515625
273.66876220703125 275.274993896484375 279.79376220703125 284.70001220703125 291.712493896484375 294.57501220703125 291.41876220703125 286.306243896484375 283.98126220703125 283.5625 282.98126220703125 279.96875 272.16876220703125 266.587493896484375 260.868743896484375 256.868743896484375 250.5625 244.3937530517578125 240.100006103515625 240.1125030517578125 239.412506103515625 233.3000030517578125 229.912506103515625 224.3625030517578125 218.3000030517578125 212.78125 213.1999969482421875 213.0437469482421875 209.1062469482421875 196.78125 186.712493896484375 182.4875030517578125 176.350006103515625 170.274993896484375 164.9250030517578125 158.693756103515625 155.743743896484375 152.556243896484375 149.181243896484375 147.9875030517578125 150.6750030517578125 149.09375 153.256256103515625
264.34375 273.35626220703125 277.618743896484375 277.98748779296875 285.412506103515625 290.90625 290.48126220703125 293.03125 291.25 289.57501220703125 285.125 276.875 269.443756103515625 256.88751220703125 248.6062469482421875 242.556243896484375 233.787506103515625 227.568756103515625 223.118743896484375 220.506256103515625 219.631256103515625 218.162506103515625 213.618743896484375 211.618743896484375 202.6062469482421875 195.912506103515625 199.65625 197.75 191.443756103515625 184.850006103515625 173.8000030517578125 166.7624969482421875 160.6750030517578125 156.28125 149.53125 140.693756103515625 139.337493896484375 138.4499969482421875 135.9499969482421875 135.3937530517578125 139.1437530517578125 139.556243896484375 141.5500030517578125
253.6437530517578125 257.631256103515625 266.79998779296875 272.17498779296875 275.743743896484375 280.88751220703125 285.83123779296875 290.29376220703125 292.73126220703125 292.662506103515625 284.225006103515625 271.82501220703125 259.181243896484375 245.037506103515625 236.6062469482421875 229.2375030517578125 217.256256103515625 211.6125030517578125 206.743743896484375 209.506256103515625 206.1374969482421875 199.162506103515625 195.8249969482421875 195.068756103515625 186.056243896484375 179.743743896484375 180.9250030517578125 177.4250030517578125 175.1125030517578125 169.899993896484375 161.5625 152.881256103515625 146.931243896484375 139.287506103515625 133.125 131.725006103515625 130.5500030517578125 127.6437530517578125 124.9187469482421875 124.4187469482421875 126.74375152587890625 130.1687469482421875 131.75
262.693756103515625 263.35626220703125 255.9562530517578125 263.01873779296875 273.26251220703125 274.006256103515625 279.15625 288.681243896484375 296.475006103515625 297.068756103515625 286.84375 264.48126220703125 250.4187469482421875 236.8874969482421875 224.693756103515625 215.712493896484375 205.65625 195.100006103515625 189.28125 189.3249969482421875 185.443756103515625 181.6374969482421875 178.90625 176.681243896484375 168.3874969482421875 163.381256103515625 162.381256103515625 163.96875 162.4499969482421875 154.475006103515625 149.28125 143.2312469482421875 136.100006103515625 130.09375 126.3000030517578125 121.6750030517578125 119.86875152587890625 118.75624847412109375 115.2687530517578125 113.31874847412109375 115.68125152587890625 118.67499542236328125 121.24375152587890625
258.53125 263.618743896484375 257.756256103515625 247.0437469482421875 260.42498779296875 272.131256103515625 273.587493896484375 279.181243896484375 290.42498779296875 292.57501220703125 276.631256103515625 255.4562530517578125 241.9187469482421875 228.506256103515625 214.0124969482421875 204.431243896484375 193.006256103515625 182.4250030517578125 178.443756103515625 175.6750030517578125 173.7375030517578125 169.100006103515625 165.1062469482421875 159.0812530517578125 154.649993896484375 150.837493896484375 148.53125 150.118743896484375 149.4875030517578125 142.774993896484375 139.975006103515625 134.993743896484375 130.3000030517578125 123.34375 116.5187530517578125 116.125 112.08750152587890625 106.75624847412109375 106.1062469482421875 107.8937530517578125 107.63124847412109375 111.28125 112.25
260.556243896484375 262.3125 257.70001220703125 251.9499969482421875 248.024993896484375 248.09375 249.4562530517578125 260.725006103515625 262.45623779296875 263.78125 255.1437530517578125 239.1999969482421875 229.9250030517578125 219.8000030517578125 206.4499969482421875 195.59375 186.1687469482421875 175.53125 166.5625 163.681243896484375 157.1437530517578125 153.225006103515625 148.375 145.181243896484375 144.3000030517578125 140.6999969482421875 138.1437530517578125 137.943756103515625 137.350006103515625 136.625 130.7312469482421875 124.2624969482421875 118.81874847412109375 115.06874847412109375 112.09375 108.28125 101.86875152587890625 98.53125 97.2937469482421875 99.40625 98.97499847412109375 101.21250152587890625 103.74375152587890625
259.26873779296875 255.5500030517578125 251.868743896484375 253.256256103515625 249.9250030517578125 252.506256103515625 240.96875 231.149993896484375 223.162506103515625 228.1999969482421875 228.837493896484375 222.2687530517578125 216.7687530517578125 207.9187469482421875 199.71875 189.3249969482421875 176.7937469482421875 166.8249969482421875 157.037506103515625 148.475006103515625 149.7937469482421875 143.4499969482421875 137.4812469482421875 133.875 132.8562469482421875 127.96250152587890625 126.6374969482421875 126.5 126.27500152587890625 122.9250030517578125 122.96875 116.9375 112.33750152587890625 107.59999847412109375 101.5749969482421875 97.34999847412109375 93.28125 89.96250152587890625 86.7937469482421875 86.09999847412109375 86.99375152587890625 90.90000152587890625 91
254.46875 252.993743896484375 246.3125 244.625 243.6875 239.8125 237.5625 232.4562530517578125 216.0625 205.818756103515625 203.8312530517578125 202.4812469482421875 204.506256103515625 198.4875030517578125 191.4375 180.3125 174.318756103515625 166.475006103515625 158.193756103515625 146.850006103515625 137.8125 137.318756103515625 127.86875152587890625 128.149993896484375 123.91249847412109375 119.9499969482421875 118.7062530517578125 119.9499969482421875 122.5 118.8000030517578125 119.28125 109.03749847412109375 100.44374847412109375 95.0749969482421875 92.40000152587890625 91.9187469482421875 89.71250152587890625 87.72499847412109375 84.56874847412109375 81.7375030517578125 80.2687530517578125 80.15625 83.69374847412109375
250.006256103515625 249.0187530517578125 243.15625 240.9250030517578125 238.899993896484375 233.774993896484375 230.118743896484375 221.4187469482421875 213.899993896484375 205.53125 197.024993896484375 186.5124969482421875 190.78125 189 183.975006103515625 176.587493896484375 168.0625 165.524993896484375 157.9812469482421875 149.65625 137.399993896484375 129.5500030517578125 119.00624847412109375 117.08750152587890625 112.1374969482421875 110.8937530517578125 110.4562530517578125 110.5187530517578125 110.66249847412109375 110.53125 109.4562530517578125 102.5187530517578125 97.0187530517578125 92.28749847412109375 87.27500152587890625 85.6062469482421875 84.8000030517578125 84.1374969482421875 82.2937469482421875 82.2624969482421875 81.9499969482421875 81.43125152587890625 78.38124847412109375
248.6750030517578125 245.1374969482421875 238.9187469482421875 234.7624969482421875 230.131256103515625 228.125 219.3312530517578125 211.3249969482421875 206.8874969482421875 201.2937469482421875 195.59375 186.3000030517578125 179.975006103515625 179.40625 174.274993896484375 168.75 161.875 155.6999969482421875 151.9937591552734375 149.006256103515625 144.46875 131.9187469482421875 116.0749969482421875 102.93125152587890625 102.7624969482421875 106.78749847412109375 107.41875457763671875 105.33750152587890625 103.05625152587890625 101.71875 100.3874969482421875 96 92.06874847412109375 88.1125030517578125 84.09375 80.78125 80.06874847412109375 78.50624847412109375 79.99375152587890625 79.03125 78.1062469482421875 76.09999847412109375 74.9250030517578125
241.318756103515625 238.662506103515625 236 228.475006103515625 224.65625 218.850006103515625 216.024993896484375 210.212493896484375 204.912506103515625 194.0500030517578125 191.2687530517578125 184.78125 171.1750030517578125 170.0625 170.056243896484375 163.9250030517578125 157.256256103515625 152.6062469482421875 150.5749969482421875 152.993743896484375 148.7312469482421875 136.9812469482421875 119.33750152587890625 102.78125 98.3125 97.27500152587890625 96.09375 96.3937530517578125 96.96250152587890625 94.6125030517578125 89.75 88.4375 85.7062530517578125 80.8312530517578125 78.93125152587890625 78.68125152587890625 79.27500152587890625 78.5625 76.09999847412109375 77.3312530517578125 76.7687530517578125 74.0812530517578125 67.68125152587890625
238.5812530517578125 234.0437469482421875 229.3000030517578125 222.0812530517578125 219.443756103515625 211.8249969482421875 207.5625 202.743743896484375 195.0500030517578125 188.149993896484375 183.993743896484375 179.962493896484375 172.556243896484375 159.6125030517578125 156.0749969482421875 154.024993896484375 149.556243896484375 147.375 140.8125 141.9187469482421875 140.3125 129.568756103515625 115.6062469482421875 102.02500152587890625 91.3000030517578125 88.5124969482421875 89.5437469482421875 90.5500030517578125 91.88124847412109375 91.3312530517578125 86.0812530517578125 81.71250152587890625 81 75.61875152587890625 73.625 74.6687469482421875 77.5500030517578125 78.5187530517578125 81.0187530517578125 79.6125030517578125 75.38124847412109375 71.4187469482421875 61.831249237060546875
233.4375 229.0500030517578125 222.75 216.3874969482421875 209.9187469482421875 204.556243896484375 198.3625030517578125 195.5250091552734375 190.4375 182.28125 177.2312469482421875 169.693756103515625 164.556243896484375 155.975006103515625 142.6062469482421875 143.693756103515625 138.9562530517578125 134.875 130.875 130.493743896484375 127.53125 117.96875 106.58750152587890625 98.4187469482421875 90.91249847412109375 85.09375 83.28125 82.6125030517578125 83.21875 82.3125 81.0749969482421875 78.2687530517578125 75.88124847412109375 73.6750030517578125 70.00624847412109375 74.1374969482421875 79.22499847412109375 82.75624847412109375 85.38124847412109375 82.18125152587890625 71.2375030517578125 64.16249847412109375 61.268749237060546875
223.0625 219.25 215.7375030517578125 211.125 204.34375 198.75 194.3249969482421875 189.306243896484375 183.7062530517578125 177.3000030517578125 170.6374969482421875 164.0749969482421875 158.0625 148.068756103515625 133.2375030517578125 132.4499969482421875 129.318756103515625 128.3249969482421875 121.8562469482421875 120.05625152587890625 118.06874847412109375 110.0812530517578125 102.4375 96.91249847412109375 93.25624847412109375 88.1750030517578125 86.15625 84.3125 85.01250457763671875 81.0749969482421875 76.5812530517578125 75.59999847412109375 76.40000152587890625 71.36875152587890625 65.7062530517578125 66.375 75.46250152587890625 84.25 85.00624847412109375 79.3937530517578125 73.24375152587890625 69.78125 69.4812469482421875
215.7312469482421875 209.84375 206.6687469482421875 200.350006103515625 197.875 193.5124969482421875 187.8874969482421875 181.6062469482421875 178.8312530517578125 176.181243896484375 169.3125 161.6999969482421875 155.3937530517578125 145.7937469482421875 132.931243896484375 117.9875030517578125 118.11875152587890625 119.97499847412109375 114.3249969482421875 112.15625 109.03125 103.22499847412109375 98.4812469482421875 96.3625030517578125 93.2375030517578125 88.69374847412109375 85.11249542236328125 84.01250457763671875 82.97499847412109375 82.65625 79.6999969482421875 75.875 70.1750030517578125 64.4375 59.674999237060546875 68.375 71.9812469482421875 77.5 80.9187469482421875 80.81874847412109375 78.84375 76.2624969482421875 71.43125152587890625
206.631256103515625 202.65625 197.1687469482421875 194.725006103515625 191.9375 188.712493896484375 183.1875 178.4187469482421875 171.84375 167.649993896484375 164.568756103515625 158.7062530517578125 149.868743896484375 140.7624969482421875 133.3125 119.8312530517578125 105.0500030517578125 105.9187469482421875 105.8625030517578125 103.1374969482421875 98.8312530517578125 95.99375152587890625 92.25624847412109375 93.8125 91.06874847412109375 83.99375152587890625 80.71250152587890625 79.1750030517578125 80.91249847412109375 81.5 80.9187469482421875 79.2624969482421875 73.53749847412109375 70.25624847412109375 71.84375 74.1437530517578125 78.84375 82.44374847412109375 84.9375 79.6750030517578125 77.44374847412109375 73.0812530517578125 66.55625152587890625
195.9562530517578125 193.2687530517578125 191.6750030517578125 189.4562530517578125 187.3874969482421875 186.3000030517578125 179.943756103515625 174.4187469482421875 168.037506103515625 160.90625 155.625 152.6999969482421875 143.431243896484375 135.743743896484375 130.587493896484375 120.5187530517578125 106.46875 93.36875152587890625 99.88124847412109375 94.44374847412109375 90.3000030517578125 87.68125152587890625 87.31874847412109375 88.0625 87.4875030517578125 80.77500152587890625 76.125 77.88124847412109375 79.00624847412109375 78.0500030517578125 74.1875 70.65000152587890625 77.5437469482421875 76.72499847412109375 75.4187469482421875 85.5749969482421875 88.4250030517578125 84.3312530517578125 82.9499969482421875 79.15000152587890625 70.55625152587890625 64.9250030517578125 59.918750762939453125
186.600006103515625 186.662506103515625 185.3312530517578125 184.306243896484375 183.431243896484375 179.556243896484375 174.443756103515625 168.5749969482421875 164.118743896484375 159.131256103515625 152.6437530517578125 142.631256103515625 135.2624969482421875 129.943756103515625 122.88124847412109375 115.28749847412109375 108.9812469482421875 94.0812530517578125 86.84375 83.9499969482421875 83.5437469482421875 84.3249969482421875 75.7687530517578125 79.02500152587890625 78.7687530517578125 78.86875152587890625 77.34375 74.9812469482421875 77.5749969482421875 76.6437530517578125 74.3125 74.75624847412109375 77.06874847412109375 75.0812530517578125 76.53749847412109375 82.9875030517578125 82.2937469482421875 77.72499847412109375 76.2062530517578125 70.72499847412109375 63.637500762939453125 56.887500762939453125 54.231250762939453125
