data/historical-monthly-weather-data/wc2.1_cruts4.09_10m_prec_2020-11.asc
ncols        51
nrows        45
xllcorner    -63.500000000000
yllcorner    -7.500000000000
cellsize     0.166666666667
NODATA_value -9999
[rows 0 to 19 of 45, columns 0 to 43 of 51]
183.006256103515625 178.25 176.1750030517578125 178.806243896484375 181.568756103515625 189.2312469482421875 196.15625 203 210.6437530517578125 217.212493896484375 223.287506103515625 224.3937530517578125 225.287506103515625 222.1062469482421875 217.149993896484375 210.962493896484375 205.037506103515625 195.631256103515625 186.725006103515625 179.5812530517578125 175.3562469482421875 171.5437469482421875 168.443756103515625 162.7687530517578125 157.8937530517578125 153.412506103515625 147.5500030517578125 141.4562530517578125 135 128.6125030517578125 122.8312530517578125 117.99375152587890625 113.3000030517578125 109.4187469482421875 105.3000030517578125 102.52500152587890625 100.0749969482421875 97.00624847412109375 92.78125 88.46250152587890625 83.38124847412109375 78.43125152587890625 72.59999847412109375 67.1999969482421875
185.1875 177.806243896484375 176.756256103515625 178.881256103515625 183.15625 191.524993896484375 199.1374969482421875 209.15625 218.756256103515625 226.7312469482421875 233.993743896484375 234.618743896484375 233.8625030517578125 231.881256103515625 225.4875030517578125 220.3000030517578125 212.787506103515625 202.0437469482421875 190.7312469482421875 181.6687469482421875 176.756256103515625 172.743743896484375 169.75 166.212493896484375 160.850006103515625 156.4375 151.1687469482421875 144.9875030517578125 139.0124969482421875 132.9375 127.5812530517578125 123.0500030517578125 116.9375 113.1125030517578125 108.67499542236328125 104.91249847412109375 101.3937530517578125 97.28749847412109375 91.8562469482421875 86.50624847412109375 80.90000152587890625 74.90000152587890625 68.72499847412109375 62.18125152587890625
186.4250030517578125 179.6125030517578125 179.131256103515625 181.118743896484375 186.3937530517578125 195.725006103515625 207.6750030517578125 219.381256103515625 231.6062469482421875 241.0812530517578125 247.4375 246.8562469482421875 245.5187530517578125 242.337493896484375 234.8000030517578125 227.53125 220.4812469482421875 211.5124969482421875 201.1875 193.34375 189.600006103515625 186.4562530517578125 184.1437530517578125 181.0437469482421875 176.3249969482421875 171.3000030517578125 165.118743896484375 158.5625 151.225006103515625 143.7312469482421875 138.3125 132.4187469482421875 126.53125 120.4250030517578125 114.6875 109.50624847412109375 104.8562469482421875 100.63124847412109375 93.8625030517578125 87.0500030517578125 79.7624969482421875 72.59999847412109375 65.74375152587890625 59.125
183.4250030517578125 176.6999969482421875 179.3625030517578125 182.0812530517578125 188.5749969482421875 199.756256103515625 213.087493896484375 228.65625 244.4250030517578125 256.4375 262.024993896484375 259.368743896484375 256.34375 251.850006103515625 243.600006103515625 235.6750030517578125 228.806243896484375 220.9812469482421875 213.625 208.962493896484375 206.7937469482421875 204.34375 201.462493896484375 197.587493896484375 193 188.149993896484375 181.024993896484375 171.756256103515625 164.100006103515625 156.5437469482421875 149.693756103515625 143.381256103515625 134.7687530517578125 126.84999847412109375 119.2312469482421875 114.61875152587890625 109.81874847412109375 104.28749847412109375 96.15000152587890625 87.3125 77.58750152587890625 70.15000152587890625 62.21875 55.15625
185.193756103515625 176.181243896484375 174.2624969482421875 179.7375030517578125 189.537506103515625 202.8874969482421875 218.087493896484375 236.625 256.54376220703125 272.58123779296875 274.78125 267.98748779296875 263.712493896484375 259.91876220703125 251.5500030517578125 244.09375 236.8000030517578125 232.1999969482421875 227.2375030517578125 223.0187530517578125 223.868743896484375 222.274993896484375 220.15625 217.1687469482421875 210.3625030517578125 204.5 193.662506103515625 185.068756103515625 177.3562469482421875 167.368743896484375 159.3562469482421875 152.03125 142.443756103515625 133.25 124.3874969482421875 119.19374847412109375 114.08750152587890625 108.11875152587890625 98.84999847412109375 87.1125030517578125 75.78125 66.8937530517578125 58.512500762939453125 51.16249847412109375
184.0437469482421875 176.7062530517578125 176.7687530517578125 178.5749969482421875 191.368743896484375 209.2062530517578125 226.6062469482421875 244.5812530517578125 263.73748779296875 281.087493896484375 281.45623779296875 274.256256103515625 270.756256103515625 267.056243896484375 259.131256103515625 251.743743896484375 246.28125 244.506256103515625 243.6875 241.118743896484375 241.4499969482421875 241.181243896484375 239.193756103515625 233.618743896484375 227.787506103515625 220.2062530517578125 208.756256103515625 198.287506103515625 189.09375 177.2687530517578125 166.3937530517578125 159.318756103515625 148.350006103515625 138.5 128.443756103515625 123.84999847412109375 119.1437530517578125 113.46250152587890625 103.6062469482421875 90.65625 76.1687469482421875 66.2312469482421875 56.84999847412109375 48.956249237060546875
184.5124969482421875 180.3312530517578125 182.837493896484375 186.8625030517578125 197.5 212.53125 229.693756103515625 246.350006103515625 259.381256103515625 268.350006103515625 275.63751220703125 274.13751220703125 273.73748779296875 271.662506103515625 266.618743896484375 261.51873779296875 257.32501220703125 258.068756103515625 258.506256103515625 261.46875 262.037506103515625 261.23748779296875 259.125 252.1687469482421875 245.0500030517578125 237.787506103515625 224.193756103515625 211.3312530517578125 198.4250030517578125 185.193756103515625 173.71875 164.1374969482421875 153.1062469482421875 142.649993896484375 132.5187530517578125 127.45000457763671875 122.66249847412109375 117.4875030517578125 108.3625030517578125 93.4875030517578125 76.875 65.5124969482421875 55.137500762939453125 46.387500762939453125
187.274993896484375 183.9875030517578125 190.0625 199.587493896484375 211.8874969482421875 224.2312469482421875 234.28125 241.2687530517578125 245.1437530517578125 252.9499969482421875 266.61248779296875 271.875 274.54998779296875 274.850006103515625 272.79998779296875 271.024993896484375 268.693756103515625 271.8125 276.09375 280.29998779296875 284.068756103515625 284.225006103515625 280.225006103515625 272.149993896484375 265.350006103515625 253.399993896484375 237.162506103515625 221.399993896484375 207.6687469482421875 191.375 177.8874969482421875 168.1374969482421875 156.8000030517578125 145.3562469482421875 134.6687469482421875 129.15625 125.03125 119 107.31874847412109375 91.84999847412109375 75.21875 63.274997711181640625 52.15625 42.78749847412109375
191.556243896484375 191.256256103515625 200.618743896484375 212.1437530517578125 224.7624969482421875 235.868743896484375 244.2937469482421875 248.46875 243.3874969482421875 244.625 260.381256103515625 268.51251220703125 273.850006103515625 276.131256103515625 279.04998779296875 281.28125 283.10626220703125 289.462493896484375 299.20001220703125 304.787506103515625 305.056243896484375 305.32501220703125 299.65625 293.28125 282.868743896484375 268.13751220703125 247.912506103515625 230.475006103515625 214.5124969482421875 194.087493896484375 179.5 169.4562530517578125 156.8000030517578125 144.462493896484375 133.0812530517578125 128.149993896484375 123.71250152587890625 117.33750152587890625 105.21250152587890625 90.8000030517578125 74.88124847412109375 62.13124847412109375 50.518749237060546875 40.59999847412109375
196.8874969482421875 198.1374969482421875 209.4562530517578125 223.1125030517578125 237.6062469482421875 249.9375 257.306243896484375 260.068756103515625 257.756256103515625 259.91876220703125 267.88751220703125 270.54376220703125 275.54376220703125 278.16876220703125 284.67498779296875 291.95623779296875 298.712493896484375 309.57501220703125 321.39373779296875 332.149993896484375 332.76251220703125 330.51251220703125 322.20623779296875 312.76251220703125 298.26251220703125 282.38751220703125 261.399993896484375 240.09375 220.78125 196.65625 180.024993896484375 168.2687530517578125 155.600006103515625 143.587493896484375 132.225006103515625 127.27500152587890625 122.9187469482421875 115.7687530517578125 103.96250152587890625 90.0749969482421875 75.1062469482421875 61.90625 49.118747711181640625 38.293750762939453125
202.868743896484375 206.350006103515625 218.725006103515625 233.837493896484375 249.5749969482421875 264.912506103515625 273.76873779296875 275.23748779296875 272.806243896484375 273.29376220703125 278.506256103515625 278.76251220703125 279.85626220703125 281.631256103515625 290.28125 300.65625 312.26873779296875 327.037506103515625 343.08123779296875 359.375 367.84375 362.79376220703125 348.912506103515625 328.90625 314.475006103515625 300.26251220703125 277.21875 253.993743896484375 230.350006103515625 203.3625030517578125 184.306243896484375 169.9250030517578125 157.1125030517578125 144.368743896484375 131.9250030517578125 125.90000152587890625 120.5812530517578125 113.7062530517578125 103.30625152587890625 90.06874847412109375 75.3874969482421875 61.737499237060546875 48.325000762939453125 36.918750762939453125
208.84375 213.787506103515625 227.0437469482421875 244.068756103515625 260.774993896484375 276.162506103515625 286.61248779296875 287.506256103515625 284.25 283.23748779296875 285.087493896484375 286.35626220703125 285.1875 287.28125 296.806243896484375 308.08123779296875 321.53125 337.92498779296875 358.212493896484375 381.48748779296875 396.20001220703125 392.0625 373.96875 347.83123779296875 327.71875 310.462493896484375 284.86248779296875 260.5625 238.412506103515625 210.631256103515625 187.9562530517578125 170.131256103515625 155.7937469482421875 142.350006103515625 130.350006103515625 124.21250152587890625 118.40625 111.94374847412109375 101.77500152587890625 89.63124847412109375 76.18125152587890625 62.325000762939453125 48.61875152587890625 37.03125
214.5187530517578125 221.6062469482421875 235.868743896484375 252.024993896484375 267.82501220703125 281.70001220703125 290.493743896484375 293.46875 290.649993896484375 289.649993896484375 289.774993896484375 292.70001220703125 293.337493896484375 291.26251220703125 299.337493896484375 311.29998779296875 325.95001220703125 346.84375 369.9375 394.98748779296875 414.75 412.35626220703125 392.287506103515625 366.837493896484375 340.625 318.41876220703125 294.36248779296875 268.53125 245.28125 216.875 191.943756103515625 171.225006103515625 154.5187530517578125 140.09375 127.97499847412109375 121.6875 115.9875030517578125 109.50624847412109375 100.6999969482421875 88.8312530517578125 76.68125152587890625 63.19374847412109375 48.72499847412109375 35.46250152587890625
219.725006103515625 226.9562530517578125 241.462493896484375 257.28125 272.86248779296875 283.600006103515625 291.78125 296.662506103515625 296.04998779296875 293.91876220703125 292.962493896484375 293.67498779296875 295.48126220703125 295.274993896484375 297.9375 309.600006103515625 325.725006103515625 347.0625 370.587493896484375 394.07501220703125 410.568756103515625 411.59375 399.274993896484375 376.475006103515625 353.4375 331.96875 307.11248779296875 279.83123779296875 253.2624969482421875 222.4562530517578125 195.818756103515625 172.6062469482421875 153.90625 138.09375 126.27500152587890625 120.375 114.59375 109.3000030517578125 100.1062469482421875 89.69374847412109375 77.0437469482421875 61.774997711181640625 46.950000762939453125 35.4375
222.431243896484375 230.212493896484375 244.600006103515625 259.98748779296875 274.60626220703125 284.04998779296875 292.493743896484375 297.86248779296875 297.868743896484375 296.537506103515625 295.5 296.381256103515625 296.88751220703125 296.01873779296875 294.056243896484375 303.60626220703125 320.78125 342.89373779296875 366.743743896484375 389.287506103515625 403.39373779296875 407.34375 401.64373779296875 384.5 367.006256103515625 347.88751220703125 319.912506103515625 289.993743896484375 261 227.2687530517578125 197.881256103515625 172.493743896484375 153.631256103515625 137.46875 124.5 118.34375 114.0437469482421875 110.05625152587890625 101.2624969482421875 88.7624969482421875 74.05625152587890625 60.506252288818359375 47.862499237060546875 37.28749847412109375
223.681243896484375 231.850006103515625 246.6875 261.51251220703125 275.693756103515625 285.118743896484375 291.868743896484375 297.11248779296875 300 301.712493896484375 300.70623779296875 301.35626220703125 301.518768310546875 298.21875 293.78125 295.318756103515625 316.118743896484375 341.95001220703125 365.36248779296875 386.85626220703125 401.98126220703125 408.92498779296875 406.637481689453125 392.800018310546875 378.350006103515625 363.837493896484375 336.162506103515625 303.412506103515625 268.76873779296875 231.212493896484375 199.5812530517578125 173.2312469482421875 153.212493896484375 137.5 123.1374969482421875 118.4187469482421875 115.49375152587890625 108.84375 98.91249847412109375 85.97499847412109375 72.71875 60.831249237060546875 48.924999237060546875 37.88124847412109375
224.149993896484375 233.90625 247.7437591552734375 262.1875 276.600006103515625 285.368743896484375 292.9375 298.04998779296875 303.037506103515625 306.037506103515625 307.587493896484375 309.29998779296875 308.993743896484375 306.256256103515625 302.875 305.04376220703125 317.26873779296875 340.39373779296875 365.73126220703125 388.625 404.17498779296875 412.65625 412.76251220703125 398.806243896484375 387.04998779296875 378.23126220703125 354.431243896484375 315.462493896484375 273.318756103515625 233.681243896484375 201.443756103515625 176.712493896484375 155.4875030517578125 138.65625 128.443756103515625 125.72499847412109375 119.53125 113.19374847412109375 102.63124847412109375 87.6062469482421875 73.84999847412109375 62.15625 49.375 39.200000762939453125
222 231.912506103515625 246.1999969482421875 260.84375 274.39373779296875 285.3125 294.1875 300.4375 308.34375 314.125 318.024993896484375 320.587493896484375 318.92498779296875 318.243743896484375 318.45001220703125 321.037506103515625 329.1875 341.17498779296875 368.443756103515625 392.04998779296875 410.40625 416.462493896484375 416.212493896484375 404.73748779296875 395.243743896484375 386.57501220703125 369.11248779296875 323.693756103515625 274.26873779296875 229.8562469482421875 196.568756103515625 172.3249969482421875 157.6125030517578125 147.8249969482421875 139.0124969482421875 129.9375 124.25 117.33750152587890625 103.3000030517578125 89.96875 74.8562469482421875 61.96250152587890625 49.09999847412109375 38.49375152587890625
218.8249969482421875 229.84375 243.8562469482421875 258.524993896484375 272.868743896484375 284.40625 293.881256103515625 302.899993896484375 314.98126220703125 325.743743896484375 331.837493896484375 334.274993896484375 333.28125 333.600006103515625 333.03125 336.4375 343.5 350.95623779296875 369.86248779296875 393.48126220703125 416.73748779296875 430.193756103515625 419.04376220703125 407.993743896484375 398.67498779296875 387.431243896484375 362.48748779296875 320.20623779296875 273.306243896484375 227.0500030517578125 191.118743896484375 172.337493896484375 165.96875 156.225006103515625 144.96875 137.943756103515625 130.149993896484375 121.11875152587890625 107.4375 92.1750030517578125 76.09999847412109375 63.112499237060546875 48.96250152587890625 37.5
214.7687530517578125 226.3874969482421875 239.8625030517578125 254.6374969482421875 269.181243896484375 282.70001220703125 294.625 305.85626220703125 322.625 338.443756103515625 350.024993896484375 354.431243896484375 354.53125 352.537506103515625 351.98748779296875 352.368743896484375 352.756256103515625 364.149993896484375 379.32501220703125 399.212493896484375 414.8125 420.82501220703125 422.118743896484375 410.068756103515625 395.962493896484375 376.756256103515625 346.381256103515625 312.45623779296875 269.662506103515625 225.96875 194.25 180.75 172.3000030517578125 164.46875 154.9812469482421875 146.0187530517578125 137.4375 127.8312530517578125 112.00624847412109375 94.69374847412109375 77.53749847412109375 63.331249237060546875 48.71875 36.862499237060546875
