data/historical-monthly-weather-data/wc2.1_cruts4.09_10m_tmax_1972-02.asc
ncols        51
nrows        45
xllcorner    -63.500000000000
yllcorner    -7.500000000000
cellsize     0.166666666667
NODATA_value -9999
31.0 31 31 31 31 31 31 31 31 31 31 31 31 31 31 31 30.875 30.1875 30 30 30 30 30 30 29.9375 30 29.75 29.1875 29 29 29 29 29 28.9375 28.9375 29 29 29 29 29 29 29 28.875 28 28.6875 28.125 28 28 28 27.1875 27 
31 31 31 31 31 31 31 31 31 31 31 31 31 31 31 30.5625 30.3125 30 30 30 30 29.875 29.4375 29.5625 29.6875 29.9375 29.75 29.0625 29 29 29 29 29 28.625 28.9375 28.25 28.75 29 29 29 29 29 29 28.25 28.4375 28 28 28 27.8125 27 27 
31 31 31 31 31 30.875 30.625 31 31 31 31 30.9375 30.9375 30.9375 30.5 30.0625 30 30 30 30 29.8125 29.375 29 29 29 29.375 29.375 28.8125 29 29 29 29 29 28.875 28.625 29 29 29 29 29 29 29 29 28.875 28.6875 28.0625 28 28 27.875 27.0625 27 
31 30.8125 30.8125 30.5625 30.875 30.5 30 30.3125 30.5625 30.8125 30.625 30.4375 30.625 30.0625 30 30 30 30 30 29.8125 29.0625 29 29 29 29 29 29 28.9375 29 29 29 29 29 29 29 29 29 29 29 29 29 29 29 29 28.25 28.5625 28 28 28 27.5 27 
31 31 30.125 30 30.6875 30.875 30.3125 30.1875 30 30.125 30.0625 30 30 30 30 30 30 30 30 30 29.25 29 29 29 29 29 29 29 29 29 29 29 29 29.125 29 29 29 29 29 29 29 29 29 28.9375 28.9375 28.5 28 28 28 27.875 27.125 
30.9375 30.875 30.0625 30 30 30.1875 30.25 30.0625 30 30 30 30 30 30 30 30 30 30 30 29.9375 29.125 29 29 29 29 29 29 29 28.875 29 29 29 29 28.6875 28.625 29 29 29 29 29 28.8125 29 29 29 29 28.6875 28.0625 28 28 28 28 
30.25 30.4375 30.4375 30 30 30 30 30 30 30 30 30 30 30 30 29.875 29.75 30 30 29.875 29.125 29 29 29.0625 29 29 29 29 28.9375 29 29 29 29 29 28.8125 28.5625 28.875 29 29 29 29 29 29.1875 29.1875 29.125 29.0625 28.625 28.1875 28.4375 28.3125 28 
30 30 30 30 30 30 30 30 30 30 30 30 30 30 30 29.4375 29.75 30 29.625 29.5625 29.4375 29 29 29 29 29 29 29 29 29 29 29 29 29 29 28.9375 29 29 29 29 29 29.0625 29.0625 29.4375 29.3125 29.75 29.3125 29 28.8125 28.8125 28.625 
30 30 30 30 30 30 30 30 30 30 30 30 30 30 30 29.5625 29.125 29.25 29.25 29 29 29 29 29 29 29 29 29 28.8125 28.875 28.9375 28.9375 29 29 29 29 29 29 29 29 29 29 29.0625 29.0625 29.25 29.75 29.625 29 29 29 29 
30 30 30 30 30 30 30 30 30 30 30 30 30 30 30 29.25 29 29 29 29 29 29 29 29 29 29 29 29 28.9375 29 29 29 29 29 29 29 29 29 29 29 29 29 29 29.0625 29.1875 29.25 29.1875 29 29 29 29 
30 30 30 30 30 30 30 30 30 30 30 30 30 30 30 29.5625 29 29 29 29 29 29 29 29 29 28.75 28.3125 28.5 29 29 29 29 29 29 29 29 29 29 29 29 29 29 29 29.3125 29.1875 29.75 29.1875 29.0625 29.0625 29 29 
30 30 30 30 30 30 30 30 30 30 30 30 30 29.9375 29.875 29 29 29 29 29 28.9375 28.6875 28.5625 29 29 29 29 29 29 29 29 29 29 29 29 29 29 29 29 29 29.0625 29 29.25 29.9375 29.6875 29.625 29.75 29.3125 29 29 29 
30 30 30 30 30 30 30 30 30 30 30 30 29.75 29.5 29.125 29 29 29 29 29 29 29 28.8125 29 29 29 29 29 29 29 29 29 29 29 29 29 29 29 29 29 29 29.0625 29.5 29 29 29.3125 29.125 29 29 29 29 
30 30 30 30 30 30 30 30 30 30 30 29.8125 29.0625 29 29 29 29 29 29 29 29 29 29 29 29 29 29 29 29 29 29 29 29 29 29 29 29 29 29 29 29 29 29 29 29 29.0625 29.25 29.125 29 29 29 
30 30 30 30 30 30 30 30 30 30 30 29.9375 29.25 29 29 29 29 29 29 29 29 28.9375 29 29 29 29 29 29 29 29 29 29 29 29 29 29 29 29 29 29 29 29 29 29 29 29 28.9375 29 29 29 29 
30 30 30 30 30 30 30 30 30 30 29.6875 29.1875 29 29 29 29 29 29 29 29 29 29 29 29 29 29 29 29 29 29 29 29 29 29 29 29 29 29 29 29 29 29 29 29 29 29 29 29 29 29 29 
30 30 30 30 30 30 30 30 30 30 29.375 29.25 29 29 29 29 29 29 29 29 29 29 28.875 29 29 29 29 29 29 29 29 29 29 29 29 29 29 29 29 29 29 29 29 29 29 28.9375 29 29 28.25 28.75 29 
30 30 30 30 30 30 30 30 30 30 29.9375 29.0625 29 29 29 29 29 29 29 29 29 29 29 29 29 29 29 29 29 29 29 29 29 29 29 29 29 29 29 29 29 29 29 29 29 29 29 28.9375 28.125 28.6875 28.75 
30 30 30 30 30 30 30 30 30 30 30 29.5625 29.0625 29 29 29 29 29 29 29 29 29 29 29 29 29 29 29 29 29 29 29 29 29 29 29 29 29 29 29 29 29 29 29 29 29 29 29 28 28.875 28.625 
30 30 30 30 30 30 30 30 30 30 30 30 29.5 29.0625 29 29 29 29 29 29 29 29 29 29 29 29 29 29 29 29 29 29 29 29 29 29 29 29 29 29 29 29 29 29 29 29 29 28.9375 28.625 29 28.3125 
30 30 30 30 30 30 30 30 30 30 30 30 29.5625 29.875 29.5 29 29 29 29 29 29 29 29 29 29 29 29 29 29 29 29 29 29 29 29 29 29 29 29 29 29 29 29 29 29 29 29 28.75 29 29 28.1875 
30 30 30 30 30 30 30 30 30 30 30 30 29.375 29.1875 29.0625 29 29 29 29 29 29 29 29 29 29 29 29 29 29 29 29 29 29 29 29 29 29 29 29 29 29 29 29 29 29 29 29 28.9375 29 28.9375 28 
30 30 30 30 30 30 30 30 30 30 30 30 29.8125 29.25 29 29 29 29 29 29 29 29 29 29 29 29 29 29 29 29 29 29 29 29 29 29 29 29 29 29 29 29 29 29 29 29 29 29 29 28.8125 28 
30 30 30 30 30 30 30 30 30 30 30 30 29.9375 29.75 29.3125 29 29 29 29 29 29 29 29 29 29 29 29 29 29 29 29 29 29 29 29 29 29 29 29 29 29 29 29 29 29 29 29 29 29 28.9375 28.3125 
30 30 30 30 30 30 30 30 30 30 30 30 30 30 30 29.8125 29 29 29 29 29 29 29 29 29 29 29 29 29 29 29 29 29 29 29 29 29 29 29 29 29 29 29 29 29 29.0625 29 29 29 29 28.8125 
30 30 30 30 30 30 30 30 30 30 30 30 30 30 30 29.875 29.125 29 29 29 29.0625 29 29 29 29 29 29 29 29 29 29 29 29 29 29 29 29 29 29 29 29 29 29 29 29.375 29.1875 29 28.9375 29 28.4375 28.0625 
30 30 30 30 30 30 30 30 30 30 30 30 30 30 30 29.9375 29.125 29 29 29 29 29 29 29.125 29 29 29 29 29 29 29 29 29 29 29 29 29 29 29 29 29 29 29 29 29 29 28.6875 28.4375 28.25 28.1875 27.875 
30 30 30 30 30 30 30 30 30 30 30 30 30 30 30 30 29.875 29.75 29.125 29.125 29.1875 29 29.0625 29.25 29 29 29 29 29 29 29 29.0625 29 29 29 29 29 29 29 29 29 29 29 29 29 29 28.6875 28.125 28 28.25 27.875 
30 30 30 30 30 30 30 30 30 30 30 30 30 30 30 30 30 29.9375 29.6875 29.625 29.1875 29.3125 29.25 29.125 29 29 29 29 29.0625 29 29 29.25 29 29 29 29 29 29 29 29 29 29 29 29 28.9375 29 28.875 28.0625 28 28 28 
30 30 30 30 30 30 30 30 30 30 30 30 30 30 30 30 30 30 30 29.8125 29.5 29.0625 29.125 29.125 29 29.1875 29 29 29 29 29.3125 29 29 29 29 29 29 28.9375 29 29 29 29 29 29 28.875 28.75 28.5 28.375 28.1875 28 28 
30 30 30 30 30 30 30 30 30 30 30 30 30 30 30 30 30 30 30 29.8125 29.6875 29.1875 29.125 29.0625 29.125 29.25 29 29 29 29.25 29.375 29 29 29 29 29 29 28.9375 29 29 29 29 29 29 29 29 28.9375 28.75 28.8125 28.5625 28.0625 
30 30 30 30 30 30 30 30 30 30 30 30 30 30 30 30 30 30 30 30 29.875 29.8125 29.9375 29.875 29.75 29 29.1875 29 29.4375 29.4375 29.0625 29 29 29 29 29 29 29 29 29 29 29 29 28.9375 29 29 28.875 28.125 28.5625 28.5625 28.0625 
30 30 30 30 30 30 30 30 30 30 30 30 30 30 30 30 30 30 30 30 30 30 30 30 29.9375 29.375 29 29.0625 29.625 29 29 29 29 29 29 29 29 29 29 29 29 29 29 29 29 29 28.5 28.5625 28.0625 28 28 
30 30 30 30 30 30 30 30 30 30 30 30 30 30 30 30 30 30 30 30 30 30 30 29.9375 29.9375 30 29.125 29.125 29.375 29 29 29 29 29 29 29 29.0625 29.125 29 29 29 29 28.8125 29 29 29 29 28.75 28.625 28 28 
30 30 30 30 30 30 30 30 30 30 30 30 30 30 30 30 30 30 30 30 30 30 30 30 29.9375 30 29.5625 29 29.125 29 29 29 29 29 29.0625 29.3125 29.4375 29.25 29.3125 29 29 29 28.9375 29 29 28.875 28.9375 28.625 28 28 28 
30 30 30 30 30 30 30 30 30 30 30 30 30 30 30 30 30 30 30 30 30 30 30 29.9375 29.8125 29.875 29.75 29 29 29 29 29 29 29 29 29.3125 29.125 29.1875 29.5625 29.3125 29 29 29 29 28.9375 29 29 28.375 28.0625 28 28 
30 30 30 30 30 30 30 30 30 30 30 30 30 30 30 30 30 30 30 30 30 30 29.6875 29.9375 30 29.6875 29.9375 29 29 29 29 29 29 29 29.0625 29.3125 29.5 29.1875 29 29 29 29 29 28.875 28.375 28.5 28.6875 28 28.0625 28 28 
30 30 30 30 30 30 30 30 30 30 30 30 30 30 30 30 30 30 30 30 30 30 29.4375 29.5 29.5625 29.6875 29.8125 29 29 29 29.5625 29.8125 29.4375 29.5 29.625 29.3125 29.5 29.125 29 28.875 29 28.8125 29 29 28.875 28.9375 28.9375 28.5 28.125 28.25 28.3125 
30 30 30 30 30 30 30 30 30 30 30 30 30 30 30 30 30 30 30 30 30 30 29.6875 29.1875 29.4375 29.6875 29.75 29.125 29 29.0625 29.375 29.9375 29.9375 29.8125 29.8125 29.4375 29.75 29 29 29 29 28.5 28.625 28.8125 28.625 28.8125 29 29 29 28.6875 28.8125 
30 30 30 30 30 30 30 30 30 30 30 30 30 30 30 30 30 30 30 30 30 29.3125 29.625 29.6875 29.25 29.5 30 29.4375 29.1875 29.8125 29.75 29.25 29.25 29.9375 29.4375 29.375 29.9375 29.125 29 29 29 28.375 28.125 28.9375 29 29 28.6875 29 29 28.875 28.8125 
30 30 30 30 30 30 30 30 30 30 30 30 30 30 30 30 30 30 30 30 30 29.6875 29.0625 29.8125 29.0625 29.125 30 29.8125 29.5625 29.6875 29.25 29 29.125 29.375 29.125 29.4375 29.625 29.0625 29 29 29 28.5625 28.75 28.9375 28.9375 28.625 28.625 28.9375 29 28.0625 28.1875 
30 30 30 30 30 30 30 30 30 30 30 30 30 30 30 30 30 30 30 30 30 29.4375 29.125 29.125 29 29.375 30 30 29.6875 29 29.0625 29 29 29 29.125 29.1875 29.5 29.0625 29 29 29 28.6875 28.875 28.875 28.6875 28.375 28.6875 28.9375 29 29 29 
30 30 30 30 30 30 30 30 30 30 30 30 30 30 30 30 30 30 30 29.9375 29.75 29.9375 29.5 29.125 29 29 29.8125 30 29.8125 29.3125 29 29 29 29 29 29 29 29 29 29 29 28.3125 28.6875 29 28.375 28.75 28.9375 29 28.9375 28.5 29 
30 30 30 30 30 30 30 30 30 30 30 30 30 30 30 30 30 30 29.875 29.1875 29.0625 29.75 29.0625 29.0625 29 29.125 29.9375 30 30 29.3125 29.5625 29.3125 29.125 29.0625 29 29 29 28.9375 29 29 29 28.625 28.875 29 28.6875 29 28.875 28.75 29 28.625 28.6875 
30 30 30 30 30 30 30 29.9375 30 30 30 30 30 30 30 30 30 30 29.6875 29.125 29.0625 29 29 29 29 29 29.625 30 29.75 29.0625 29.125 29.5625 29.125 29.25 29.0625 29 28.9375 28.875 29 28.9375 29 28.9375 28.6875 29 28.8125 28.9375 28.875 28.8125 29 28.875 28.625 
