data/historical-monthly-weather-data/wc2.1_cruts4.09_10m_prec_1960-09.asc
ncols        45
nrows        45
xllcorner    -63.500000000000
yllcorner    -7.500000000000
cellsize     0.166666666667
NODATA_value -9999
[rows 0 to 19 of 45, columns 0 to 43 of 45]
177.9499969482421875 181.1437530517578125 181.6437530517578125 184.787506103515625 185.0625 182.3249969482421875 174.7937469482421875 165.787506103515625 159.7062530517578125 154.399993896484375 151.381256103515625 150.0749969482421875 148.8249969482421875 145.75 143.6437530517578125 140.631256103515625 139 134.8937530517578125 132.056243896484375 128.225006103515625 125.4250030517578125 120.77500152587890625 117.21875 113.4875030517578125 109.33750152587890625 107.0437469482421875 105.875 104.6750030517578125 102.1687469482421875 100.40000152587890625 97.8125 96.34375 96.6062469482421875 95.2062530517578125 94.6437530517578125 94.6687469482421875 95.84999847412109375 96.80625152587890625 96.86875152587890625 97.15625 97.68125152587890625 97.8937530517578125 97.0124969482421875 96.5
168.0500030517578125 171.1875 175.993743896484375 183.462493896484375 191.256256103515625 185.100006103515625 176.1437530517578125 170.7937469482421875 165.0749969482421875 159.59375 156.100006103515625 153.75 151.6999969482421875 147.443756103515625 144.6374969482421875 142.412506103515625 139.2062530517578125 135.8249969482421875 132.600006103515625 129.243743896484375 125.56874847412109375 122.75624847412109375 118.97499847412109375 115.78749847412109375 110.68125152587890625 107.6999969482421875 106.8000030517578125 105.625 102.1687469482421875 100.2687530517578125 98.1999969482421875 97.58750152587890625 96.90000152587890625 96.8000030517578125 96.4812469482421875 96.4562530517578125 97.47499847412109375 98.74375152587890625 98.6062469482421875 98.83750152587890625 99.5500030517578125 99.90000152587890625 99.90625 98.5124969482421875
152.40625 157.556243896484375 163.6374969482421875 172.850006103515625 181.09375 179.7624969482421875 174.337493896484375 170.037506103515625 166.3312530517578125 162.2687530517578125 159.2687530517578125 156.5500030517578125 154.1999969482421875 149.53125 145.6062469482421875 143.4375 139.71875 136.3562469482421875 132.943756103515625 129.7687530517578125 126.19374847412109375 122.72499847412109375 119.59999847412109375 116.33750152587890625 111.3312530517578125 107.2937469482421875 107.3625030517578125 105.15000152587890625 101.80625152587890625 99.50624847412109375 96.9562530517578125 96.0500030517578125 96.7312469482421875 96.6999969482421875 96.65625 96.28749847412109375 97.1687469482421875 98.7062530517578125 99.21250152587890625 100.09375 101.2624969482421875 101.18125152587890625 101.7937469482421875 100.9875030517578125
134.618743896484375 140.0749969482421875 151.2687530517578125 159.2687530517578125 167.28125 168.875 168.493743896484375 169.5062408447265625 168.274993896484375 166.181243896484375 162.9562530517578125 159.9250030517578125 155.15625 151.3125 147.1687469482421875 144.0812530517578125 140.787506103515625 137.350006103515625 135.0812530517578125 132.556243896484375 128.75 123.7624969482421875 119.33750152587890625 115.81874847412109375 110.27500152587890625 106.50624847412109375 105.28125 101.6374969482421875 98.96875 97.3249969482421875 95.65625 93.90625 93.8625030517578125 93.9812469482421875 93.65625 95.4250030517578125 97.2624969482421875 98.71250152587890625 100.03749847412109375 100.55625152587890625 101.2624969482421875 101.25624847412109375 101.71250152587890625 101.6875
131.662506103515625 133.006256103515625 136.587493896484375 144.368743896484375 155.4499969482421875 160.1062469482421875 162.368743896484375 166.1624908447265625 168.243743896484375 167.631256103515625 165.25 160.2937469482421875 156.5749969482421875 154.181243896484375 150.0187530517578125 146.1999969482421875 142.1875 138.46875 135.8937530517578125 132.475006103515625 129.8000030517578125 123.13124847412109375 119.09999847412109375 115.1374969482421875 109.4875030517578125 105.2624969482421875 101.9499969482421875 99.1999969482421875 96.2687530517578125 94.0187530517578125 92.7375030517578125 90.5 90.09999847412109375 90.8874969482421875 91.6687469482421875 92.8937530517578125 94.7375030517578125 97.2624969482421875 99.21875 100.25624847412109375 101.0749969482421875 100.75 100.5500030517578125 101.2687530517578125
129.6999969482421875 130.25 131.4250030517578125 132.037506103515625 142.756256103515625 152.96875 158.1875 161.600006103515625 164.087493896484375 165.8125 163.6062469482421875 158.962493896484375 155.975006103515625 154.3000030517578125 149.9187469482421875 147.25 143.6687469482421875 139.5437469482421875 136.7624969482421875 134.149993896484375 129.181243896484375 123.05625152587890625 118.0749969482421875 112.6875 107.80625152587890625 102.7687530517578125 99.1062469482421875 96.6750030517578125 93.34999847412109375 90.6687469482421875 89.1374969482421875 89.15000152587890625 88.69374847412109375 88.93125152587890625 89.11875152587890625 91.33750152587890625 93.25 96.52500152587890625 99.3125 100.3312530517578125 98.5 98.1875 98.09375 99.40000152587890625
129.818756103515625 130.6875 131.5187530517578125 131.9812469482421875 137.5625 143.037506103515625 150.068756103515625 155.774993896484375 157.4250030517578125 157.8812408447265625 158.181243896484375 155.8937530517578125 154.5749969482421875 152.975006103515625 149.9375 147.78125 145.125 142.524993896484375 139.125 135.2375030517578125 128.912506103515625 122.44374847412109375 115.59999847412109375 109.78125 105.2687530517578125 100.6750030517578125 97.0625 94.2624969482421875 90.2687530517578125 87.2687530517578125 85.9875030517578125 85.03125 85.1687469482421875 85.93125152587890625 86.5187530517578125 87.6437530517578125 89.7375030517578125 94.1125030517578125 98.66249847412109375 97.69374847412109375 95.40625 94.1062469482421875 94.0812530517578125 95.8874969482421875
130.556243896484375 131.1999969482421875 132.162506103515625 135.243743896484375 140.6062469482421875 146.475006103515625 149.068756103515625 148.193756103515625 146.9375 148.78125 152.25 152.28125 152.306243896484375 151.21875 150.25 147.2937469482421875 145.2375030517578125 143.806243896484375 141.068756103515625 134.9250030517578125 128.6374969482421875 121.21875 114.0187530517578125 107.30625152587890625 102.15625 97.47499847412109375 93.3562469482421875 89.75 86.5749969482421875 83.7375030517578125 82.38124847412109375 81.21875 81.21250152587890625 82.3125 82.05625152587890625 82.7937469482421875 84.44374847412109375 87.41249847412109375 89.56874847412109375 89.27500152587890625 87.2687530517578125 85.96875 86.19374847412109375 87.2312469482421875
133.03125 134.462493896484375 136.6062469482421875 139.5999908447265625 144.431243896484375 148.6374969482421875 151.1750030517578125 150.4562530517578125 146.6999969482421875 144.3625030517578125 147.524993896484375 148.1062469482421875 150.1687469482421875 149.118743896484375 148.2375030517578125 146.087493896484375 144.2312469482421875 142.743743896484375 140.9250030517578125 134.6062469482421875 126.5437469482421875 119.78749847412109375 110.7687530517578125 105.4250030517578125 99.31874847412109375 93.71250152587890625 89.72499847412109375 86.91249847412109375 84.625 81.6875 80.88124847412109375 77.94374847412109375 76.28125 75.3000030517578125 74.99375152587890625 76.53749847412109375 78.1437530517578125 79.50624847412109375 79.88124847412109375 79.31874847412109375 77.5749969482421875 76.15625 76.3249969482421875 77.21875
134.1750030517578125 136.243743896484375 138.943756103515625 142.1125030517578125 147.6437530517578125 151.9562530517578125 154.368743896484375 153.2249908447265625 150.46875 148.7937469482421875 148.8000030517578125 147.25 147.9499969482421875 148.1500091552734375 146.0500030517578125 144.962493896484375 142.0625 140.2062530517578125 138.212493896484375 134.0124969482421875 126.15625 117.34999847412109375 107.8562469482421875 101.5500030517578125 94.52500152587890625 89.125 85.7687530517578125 83.20624542236328125 81.1875 79.2687530517578125 76.7312469482421875 73.44374847412109375 71.19374847412109375 70.375 69.6875 70.25 71.39374542236328125 71.86249542236328125 70.8125 69.8000030517578125 68.08750152587890625 67.1437530517578125 65.27500152587890625 65.4499969482421875
137.2062530517578125 139.2937469482421875 142.1374969482421875 145.1374969482421875 149.975006103515625 155.5500030517578125 158.3125 155.256256103515625 151.5437469482421875 149.943756103515625 150.03125 149.118743896484375 147.21875 145.4812469482421875 142.71875 140.8125 137.443756103515625 135.600006103515625 133.6875 130.975006103515625 125.7312469482421875 117.0124969482421875 106.71250152587890625 95.91249847412109375 90.15625 87.3125 84.3312530517578125 80.77500152587890625 77.66249847412109375 75.3937530517578125 72.97499847412109375 69.625 67.22499847412109375 65.4562530517578125 64.25 64.0187530517578125 64.25624847412109375 63.950000762939453125 63.268749237060546875 61.19374847412109375 58.65625 57.15000152587890625 56.512500762939453125 55.1875
138.649993896484375 140.6999969482421875 143.6437530517578125 147.7312469482421875 152.350006103515625 157.2624969482421875 160.868743896484375 158.118743896484375 152.9875030517578125 149.71875 149.399993896484375 148.7687530517578125 144.34375 140.5 139.2624969482421875 136.4499969482421875 133.568756103515625 130.375 128.6187591552734375 128.318756103515625 125.3625030517578125 116.86875152587890625 105.875 94.08750152587890625 87.25 83.11875152587890625 79.75 76.5625 73.0437469482421875 70.77500152587890625 68.05625152587890625 64.84999847412109375 62.387500762939453125 61.02500152587890625 60.387500762939453125 59.762500762939453125 59.25 58.625 56.149997711181640625 53.03125 50.043750762939453125 48.125 47.450000762939453125 46.012500762939453125
139.03125 140.9499969482421875 143.3937530517578125 146.1750030517578125 149.712493896484375 153.7312469482421875 155.65625 153.6750030517578125 150.78125 148.318756103515625 146.5749969482421875 145.806243896484375 142.1875 134.9562530517578125 131.600006103515625 130.068756103515625 127.26250457763671875 124.78125 123.47499847412109375 122.8874969482421875 121.06874847412109375 114.4187469482421875 103.93125152587890625 93.15000152587890625 83.66249847412109375 78.56874847412109375 76.08750152587890625 73.4187469482421875 70.3562469482421875 67.375 63.65000152587890625 60.15625 58.018749237060546875 55.887500762939453125 54.9375 54.91249847412109375 55.543750762939453125 55.393749237060546875 53.55625152587890625 48.47499847412109375 43.581249237060546875 42.325000762939453125 40.950000762939453125 36.362499237060546875
138.2624969482421875 139.5500030517578125 140.7937469482421875 142.837493896484375 146.056243896484375 147.8562469482421875 148.65625 148.4812469482421875 146.100006103515625 144.5749969482421875 141.7312469482421875 138.162506103515625 134.600006103515625 128.681243896484375 122.84999847412109375 121.8874969482421875 119.5500030517578125 116.8625030517578125 114.7375030517578125 114.22499847412109375 112.3562469482421875 106.3249969482421875 98.8125 91.5812530517578125 83.55625152587890625 77.3874969482421875 74.00624847412109375 70.5812530517578125 66.875 63.75624847412109375 60.893749237060546875 56.862499237060546875 54.00624847412109375 51.72499847412109375 50.825000762939453125 51.96875 53.93125152587890625 55.893749237060546875 54.83750152587890625 50.674999237060546875 42.325000762939453125 37.56874847412109375 36.22499847412109375 34.700000762939453125
135.9375 136.274993896484375 136.975006103515625 138.7624969482421875 141.5437469482421875 140.850006103515625 142.3125 141.65625 139.350006103515625 138.6687469482421875 134.8937530517578125 130.693756103515625 126.15000152587890625 120.47499847412109375 113.7375030517578125 110.75 109.28125 107.8937530517578125 105.40000152587890625 105 103.86875152587890625 100.34999847412109375 95.61875152587890625 91.25 86.6062469482421875 81.15000152587890625 76.3000030517578125 70.81874847412109375 65.7624969482421875 62.375 57.674999237060546875 53.52500152587890625 51.1875 48.625 46.50624847412109375 49.018749237060546875 54.200000762939453125 60.293750762939453125 62.399997711181640625 57.88124847412109375 50.75624847412109375 44.38124847412109375 41.237499237060546875 38.018749237060546875
132.15625 131.975006103515625 133.162506103515625 134.40625 135.412506103515625 135.993743896484375 136.1687469482421875 135.0625 133.65625 132.962493896484375 129.0124969482421875 123.5749969482421875 118.19374847412109375 112.7687530517578125 106.5 100.80625152587890625 99.05625152587890625 99.0500030517578125 97.125 97.2624969482421875 96.0749969482421875 95.1999969482421875 94.1437530517578125 92.88124847412109375 89.78749847412109375 83.96250152587890625 77.6374969482421875 71.90625 66.6374969482421875 62.03125 58.28125 53.125 49.56874847412109375 47.34375 44.40625 49.13124847412109375 57.33750152587890625 64.46250152587890625 69.96250152587890625 68.0124969482421875 63.231250762939453125 54.25624847412109375 46.46875 40.30625152587890625
126.625 127.03749847412109375 128.75 130.0625 130.6437530517578125 131.25 131.068756103515625 130.5 128.912506103515625 127.06874847412109375 123.8937530517578125 118 111.3000030517578125 105.28125 100.91249847412109375 96.1374969482421875 90.8562469482421875 90.0812530517578125 90.1125030517578125 90.0749969482421875 89.21250152587890625 89.75 91.91249847412109375 94.16875457763671875 93.1374969482421875 85.88124847412109375 79.0187530517578125 73.00624847412109375 67.7312469482421875 63.387500762939453125 60.450000762939453125 57.4375 53.106250762939453125 49.981250762939453125 50.84375 54.668750762939453125 61.59999847412109375 73.22499847412109375 84.28125 78.49375152587890625 69.33750152587890625 58.737499237060546875 48.55625152587890625 42.418750762939453125
120.8937530517578125 121.90000152587890625 122.73125457763671875 124.1999969482421875 125.9812469482421875 126.7375030517578125 126.05625152587890625 124.875 123.9187469482421875 121.31874847412109375 117.9499969482421875 112.21875 105.5500030517578125 99.61875152587890625 95.22499847412109375 91.33750152587890625 86.72499847412109375 82.00624847412109375 83.36875152587890625 82.99375152587890625 83.21875 83.6374969482421875 86.75 90.71875 91.55625152587890625 85.6999969482421875 80.1687469482421875 74.4375 68.59999847412109375 63.325000762939453125 59.68125152587890625 56.706249237060546875 58.356250762939453125 60.043750762939453125 58.674999237060546875 58.71250152587890625 67.3312530517578125 77.5500030517578125 82.68125152587890625 78.66249847412109375 67.40000152587890625 57.19374847412109375 48.52500152587890625 44.09375
114.9499969482421875 115.7312469482421875 116.5625 118.75624847412109375 120.40625 121.40625 120.8125 120.90000152587890625 119.46875 116.90625 113.2624969482421875 107.05625152587890625 100.15625 94.5812530517578125 89.75624847412109375 87 83.5500030517578125 78.3937530517578125 76.5437469482421875 76.3000030517578125 78.40000152587890625 83.47499847412109375 80.36875152587890625 83.9562530517578125 86.4812469482421875 85.7624969482421875 82.0749969482421875 76.21250152587890625 72.02500152587890625 65.8000030517578125 60.88124847412109375 62.03125 68.6062469482421875 70.6125030517578125 70.5625 70.6750030517578125 73.6125030517578125 76.6125030517578125 77.0437469482421875 71.8625030517578125 62.831249237060546875 54.59999847412109375 48.02500152587890625 44.581249237060546875
108.3249969482421875 110.25624847412109375 111.1062469482421875 113 115.05625152587890625 116.9499969482421875 117.43125152587890625 116.8000030517578125 116.66249847412109375 114.46875 111.15625 105.80625152587890625 99.4375 93.1125030517578125 87.4875030517578125 83.2687530517578125 77.9875030517578125 76.8000030517578125 74.34375 75.21875 74.5 75.0500030517578125 78.91249847412109375 81.9875030517578125 83.5812530517578125 82.46875 80.4499969482421875 78.49375152587890625 73.30625152587890625 68.1125030517578125 65.375 71.5500030517578125 77.16249847412109375 84.75624847412109375 89.58750152587890625 86.15625 81.69374847412109375 78.05625152587890625 73.94374847412109375 67.63124847412109375 59.356250762939453125 51.237499237060546875 48.25 47.24375152587890625
