data/historical-monthly-weather-data/wc2.1_cruts4.09_10m_prec_1980-02.asc
ncols        51
nrows        45
xllcorner    -63.500000000000
yllcorner    -7.500000000000
cellsize     0.166666666667
NODATA_value -9999
[rows 0 to 19 of 45, columns 0 to 43 of 51]
41.043750762939453125 38 35.862499237060546875 34.63124847412109375 33.13124847412109375 33.081249237060546875 32.875 32.33750152587890625 32.81874847412109375 34.05625152587890625 36.43125152587890625 40.16249847412109375 44.012500762939453125 46.63124847412109375 51.28125 56.106250762939453125 61.19374847412109375 64.63124847412109375 69.65625 74.66249847412109375 77.9250030517578125 80.96250152587890625 85.1062469482421875 89.68125152587890625 94.97499847412109375 101.02500152587890625 108.4812469482421875 116.65625 124.38124847412109375 124.30625152587890625 123.3125 122.4250030517578125 120.90000152587890625 119.4875030517578125 118.52500152587890625 118.3125 117.1374969482421875 115.78125 116.22499847412109375 115.90625 116.27500152587890625 116.69374847412109375 116.2375030517578125 117.6374969482421875
41.88124847412109375 39 37.512500762939453125 36.143749237060546875 35.09999847412109375 35.612499237060546875 35.74375152587890625 36.206249237060546875 37.731250762939453125 39.33750152587890625 41.4375 44.875 48.33750152587890625 51.46250152587890625 56.11875152587890625 60.768749237060546875 65.8000030517578125 71.6062469482421875 78.53125 85.0749969482421875 88.59375 92.33750152587890625 96.75624847412109375 101.03125 105.44374847412109375 111.1437530517578125 117.75 125.52500152587890625 132.399993896484375 132.4187469482421875 130.8562469482421875 130.8125 130.0812530517578125 129.868743896484375 129.193756103515625 129.65625 129.4499969482421875 128.681243896484375 129.5187530517578125 129.65625 130.212493896484375 130.225006103515625 129.1875 129.8562469482421875
43.53125 40.83750152587890625 39.56874847412109375 38.612499237060546875 38.09375 39 40.1875 41.831249237060546875 44.4375 46.549999237060546875 48.518749237060546875 51.768749237060546875 54.96250152587890625 57.837497711181640625 62.299999237060546875 66.7687530517578125 71.3249969482421875 76.90625 83.0437469482421875 89.0500030517578125 92.33750152587890625 96.46250152587890625 100.27500152587890625 104.40000152587890625 109.6875 114.61875152587890625 121.11875152587890625 128.8937530517578125 134.7624969482421875 133.7937469482421875 132.5500030517578125 131.6437530517578125 131.193756103515625 130.0812530517578125 129.850006103515625 129.7624969482421875 130.0625 130.34375 130.8312530517578125 131.1750030517578125 131.6687469482421875 131.6062469482421875 130.912506103515625 130.5437469482421875
44.80625152587890625 42.418750762939453125 41.81874847412109375 41.36875152587890625 41.80625152587890625 43.125 45.268749237060546875 48.143749237060546875 51.96875 55.05625152587890625 56.96875 59.58750152587890625 61.8125 64.1374969482421875 68.61875152587890625 73.0437469482421875 77.3249969482421875 81.03749847412109375 86.0749969482421875 92.00624847412109375 95.36875152587890625 98.61875152587890625 101.5437469482421875 105.8562469482421875 110.78749847412109375 115.8249969482421875 122.8125 130.0812530517578125 135.587493896484375 134.537506103515625 132.100006103515625 131.350006103515625 129.931243896484375 128.8000030517578125 127.65625 128.3062591552734375 128.837493896484375 129.100006103515625 130.3125 130.9812469482421875 130.7937469482421875 130.9250030517578125 130.625 130.0500030517578125
47.15625 44.36875152587890625 43.5625 43.77500152587890625 44.862499237060546875 47.106250762939453125 49.875 54.075000762939453125 59.75 64.43125152587890625 65.24375152587890625 66.61875152587890625 68.6875 70.8625030517578125 74.8937530517578125 79.21250152587890625 83.25 85.1437530517578125 89.15625 94.1875 97.36875152587890625 99.4250030517578125 102.09999847412109375 106.53749847412109375 111.1999969482421875 116.4250030517578125 122.2375030517578125 128.868743896484375 135.662506103515625 134.524993896484375 131.9499969482421875 129.693756103515625 128.725006103515625 127.5 126.0812530517578125 126.9250030517578125 128.1875 129.024993896484375 130.4812469482421875 130.6750030517578125 130.875 130.59375 129.962493896484375 129.493743896484375
48.96875 46.543750762939453125 45.58750152587890625 45.512500762939453125 46.606250762939453125 49.5 53.03125 57.643749237060546875 64.1875 70.22499847412109375 70.4562530517578125 71.8125 74.3000030517578125 76.9499969482421875 80.97499847412109375 85.5500030517578125 88.8625030517578125 89.625 92.55625152587890625 96.4187469482421875 98.5812530517578125 100.44374847412109375 102.7937469482421875 106.59999847412109375 110.5749969482421875 115.78749847412109375 121.69374847412109375 127.875 133.8625030517578125 132.9562530517578125 130.8625030517578125 129.03125 127.7687530517578125 127.96875 127.46875 128.818756103515625 130.837493896484375 132.3937530517578125 134.5625 134.9562530517578125 134.1125030517578125 133.118743896484375 131.9562530517578125 130.818756103515625
50.96875 48.59375 47.825000762939453125 47.41249847412109375 48.293750762939453125 51.106250762939453125 54.68125152587890625 58.71875 64.3625030517578125 68.78125 71.5187530517578125 75.0437469482421875 78.6687469482421875 82.3125 86.8312530517578125 91.5 95.56874847412109375 96.2375030517578125 97.2937469482421875 98.1875 98.7624969482421875 100.2624969482421875 101.6437530517578125 104.93125152587890625 109.66249847412109375 114.18125152587890625 119.9562530517578125 126.34999847412109375 131.09375 130.212493896484375 129.3625030517578125 128.1937408447265625 127.9562530517578125 127.2937469482421875 127.3937530517578125 130.3625030517578125 133.0187530517578125 135.7062530517578125 139.037506103515625 139.493743896484375 137.537506103515625 136.056243896484375 134.5187530517578125 132.6374969482421875
52.893749237060546875 50.25 49.49375152587890625 49.59375 50.40000152587890625 52.81874847412109375 55.63124847412109375 58.549999237060546875 62.4375 66.61875152587890625 71.46250152587890625 77.49375152587890625 82.93125152587890625 87.36875152587890625 91.8937530517578125 96.6750030517578125 100.75624847412109375 101.1437530517578125 101.03749847412109375 98.7062530517578125 97.84375 98.5749969482421875 99.63124847412109375 103.00624847412109375 107.5187530517578125 111.8249969482421875 117.40625 123.15000152587890625 128.287506103515625 127.86249542236328125 126.78749847412109375 126.71875 126.9812469482421875 127.27500152587890625 127.78125 130.9250030517578125 134.4250030517578125 137.725006103515625 140.756256103515625 141.8312530517578125 140.881256103515625 139.5812530517578125 137.8312530517578125 135.125
55.31874847412109375 52.65625 51.887500762939453125 52.012500762939453125 52.59375 54.543750762939453125 57.08750152587890625 59.41249847412109375 62.393749237060546875 66.59375 72.6437530517578125 80.4375 87.2937469482421875 92.68125152587890625 95.28749847412109375 98.1875 100.40000152587890625 100.125 99.9499969482421875 97.22499847412109375 95.83750152587890625 96.4562530517578125 97.7687530517578125 102.05625152587890625 106.4875030517578125 110.625 115.6125030517578125 121.0625 126.375 126.4562530517578125 126.4187469482421875 127.1062469482421875 127.72499847412109375 128.1812591552734375 129.131256103515625 133.2375030517578125 137.5812530517578125 141.6062469482421875 145.4875030517578125 147.4250030517578125 147.2937469482421875 146.3937530517578125 145.1999969482421875 143.0437469482421875
57.78749847412109375 55.112499237060546875 54.47499847412109375 54.40625 54.75624847412109375 56.575000762939453125 59.19374847412109375 61.59375 65.69374847412109375 70.53125 76.8312530517578125 84.5187530517578125 92.53749847412109375 98.08750152587890625 98.53125 97.97499847412109375 97.3125 96.36875152587890625 94.78749847412109375 92.88124847412109375 92.4375 93.6062469482421875 95.72499847412109375 100.84999847412109375 105.24375152587890625 109.06874847412109375 114.09999847412109375 118.90625 124.40000152587890625 125.31874847412109375 125.53125 126.7312469482421875 127.99375152587890625 129.5500030517578125 131.350006103515625 136.0187530517578125 141.15625 145.524993896484375 149.9187469482421875 153.243743896484375 154.8562469482421875 154.7062530517578125 153.3937530517578125 150.90625
60.28749847412109375 57.549999237060546875 56.918750762939453125 56.799999237060546875 56.987499237060546875 58.90000152587890625 61.56874847412109375 64.6374969482421875 69.6437530517578125 75.3625030517578125 82.24375152587890625 90.28125 97.93125152587890625 103.1437530517578125 100.9250030517578125 97.2687530517578125 93.625 91.61875152587890625 89.66249847412109375 88.2375030517578125 88.125 89.8000030517578125 93.21875 97.8937530517578125 103.59375 107.21250152587890625 111.65000152587890625 116.72499847412109375 121.5500030517578125 122.96250152587890625 124.4499969482421875 126.375 128 130.09375 133.181243896484375 138.84375 144.068756103515625 149.6999969482421875 154.6875 158.4250030517578125 161.09375 161.131256103515625 160.2937469482421875 158.306243896484375
64.36875152587890625 61.41249847412109375 60.59999847412109375 60.53125 60.86875152587890625 63.09999847412109375 66.0812530517578125 70.00624847412109375 75.7312469482421875 82.25 89.65625 96.11875152587890625 100.7312469482421875 103.3249969482421875 100.5124969482421875 96.11875152587890625 92.0749969482421875 89.5812530517578125 87.2062530517578125 85.43125152587890625 85.3562469482421875 87.6999969482421875 92.5749969482421875 98.71250152587890625 104.0749969482421875 106.8937530517578125 110.7937469482421875 115.5812530517578125 120.49375152587890625 123.0437469482421875 125.27500152587890625 127.48125457763671875 129.5 131.693756103515625 134.90625 141.1062469482421875 147.712493896484375 154.03125 159.618743896484375 164.1875 167.8249969482421875 167.649993896484375 165.462493896484375 162.09375
68.08750152587890625 65.1374969482421875 64.50624847412109375 64.41249847412109375 65.1062469482421875 67.8125 71.43125152587890625 75.6999969482421875 82.0437469482421875 89.71250152587890625 97.3249969482421875 101.31874847412109375 102.72499847412109375 101.8937530517578125 98.59375 94.1374969482421875 90.22499847412109375 88.05625152587890625 86.1125030517578125 84.15000152587890625 83.3562469482421875 86.28749847412109375 91.9375 97.72499847412109375 101.8625030517578125 104.6437530517578125 109.3562469482421875 114.34375 119.2312469482421875 122.55625152587890625 125.69374847412109375 128.59375 130.243743896484375 132.756256103515625 136.306243896484375 142.662506103515625 149.6875 157.431243896484375 164.037506103515625 169.506256103515625 174.4812469482421875 173.5625 168.9875030517578125 163.9812469482421875
71.21875 68.27500152587890625 67.8125 67.96875 69.00624847412109375 72.1687469482421875 76.5 81.3625030517578125 88.43125152587890625 96.40000152587890625 103.7687530517578125 104.53125 102.86875152587890625 100.1437530517578125 96.1374969482421875 92.28125 88.40000152587890625 86.88124847412109375 85.34375 84.3562469482421875 85.02500152587890625 87.8000030517578125 92.24375152587890625 96.34999847412109375 99.7312469482421875 102.5500030517578125 107.6125030517578125 112.6875 117.90625 121.4250030517578125 125.3312530517578125 128.71875 130.4375 133.1437530517578125 136.693756103515625 143.6687469482421875 151.993743896484375 160.7937469482421875 168.8625030517578125 175.125 179.2062530517578125 175.568756103515625 171.1687469482421875 166.96875
72.25 69.5625 69.61875152587890625 70.58750152587890625 71.875 75.78749847412109375 80.90000152587890625 86.18125152587890625 93.3874969482421875 101.1750030517578125 107.6750030517578125 107.15000152587890625 104.1062469482421875 100.27500152587890625 96.53749847412109375 92.71250152587890625 89.38124847412109375 88.09999847412109375 87.22499847412109375 87.1062469482421875 88.50624847412109375 90.93125152587890625 94.55625152587890625 97.84375 100.59999847412109375 103.77500152587890625 108.8000030517578125 113.59999847412109375 118.625 122.7375030517578125 126.3874969482421875 129.4812469482421875 131.1875 133.149993896484375 136.6125030517578125 143.4875030517578125 152.993743896484375 163.399993896484375 172.5437469482421875 178.96875 181.006256103515625 178.375 174.8937530517578125 170.375
72.53125 70.22499847412109375 70.8937530517578125 72.4375 74.53749847412109375 79.09999847412109375 84.8000030517578125 90.4250030517578125 97.6999969482421875 105.6125030517578125 111.8249969482421875 110.25624847412109375 106.13124847412109375 101.09375 97.3937530517578125 93.2312469482421875 90.625 90.15625 89.9875030517578125 90.4562530517578125 91.84375 94.08750152587890625 97.15000152587890625 100.28749847412109375 102.38124847412109375 104.90625 109.46250152587890625 114.5124969482421875 119.84375 124.3937530517578125 128.5124969482421875 130.993743896484375 130.899993896484375 131.6750030517578125 133.8937530517578125 141.287506103515625 151.8937530517578125 164.2624969482421875 175.837493896484375 183.0749969482421875 185.131256103515625 181.493743896484375 177.1125030517578125 172.318756103515625
71.7937469482421875 70.30625152587890625 71.4875030517578125 73.59375 76.3625030517578125 81.4875030517578125 87.6687469482421875 93.9812469482421875 101.33750152587890625 109.34999847412109375 115.91249847412109375 113.78749847412109375 108.99375152587890625 103.24375152587890625 99.40000152587890625 95.3625030517578125 92.25624847412109375 91.8625030517578125 92.09999847412109375 93.1125030517578125 95.03125 97.2937469482421875 99.81874847412109375 102.5625 104.6687469482421875 106.09999847412109375 109.90000152587890625 115.25624847412109375 121.1437530517578125 126.8000030517578125 131.087493896484375 133.1999969482421875 131.318756103515625 129.006256103515625 130.212493896484375 137.431243896484375 148.5187530517578125 164.0812530517578125 180.3312530517578125 185.8625030517578125 186.0187530517578125 182.0625 176.725006103515625 171.756256103515625
68.6687469482421875 67.78749847412109375 69.5625 72.125 75.0812530517578125 80.2687530517578125 86.4375 92.88124847412109375 100.72499847412109375 109.1999969482421875 116.81874847412109375 116.2937469482421875 113.0812530517578125 108.03749847412109375 104.3625030517578125 100.34375 96.0500030517578125 94.3562469482421875 95.2687530517578125 96.4250030517578125 99.0500030517578125 101.0500030517578125 102.6437530517578125 104.5500030517578125 106.46250152587890625 108.1062469482421875 111.58750152587890625 117.5625 124.2624969482421875 130.8625030517578125 135.1875 134.618743896484375 130.881256103515625 126.90625 125.8625030517578125 131.006256103515625 144.0749969482421875 159.625 174.537506103515625 181.4375 181.8874969482421875 178.71875 174.8249969482421875 171.34375
65.0124969482421875 64.81874847412109375 66.8562469482421875 69.41249847412109375 72.6374969482421875 78.0812530517578125 83.91249847412109375 90.5625 99.22499847412109375 108.2937469482421875 117.0500030517578125 117.8312530517578125 116.59375 113.9812469482421875 109.875 104.55625152587890625 99.59375 97.0625 97.22499847412109375 98.8562469482421875 101.97499847412109375 104.1374969482421875 104.1062469482421875 105.80625152587890625 107.80625152587890625 110.21875 114.69374847412109375 120.78125 128.131256103515625 135.9812469482421875 141.1062469482421875 139.34375 132.4499969482421875 124.5749969482421875 120.34999847412109375 125.72499847412109375 138.59375 153 166.024993896484375 173.1750030517578125 175.7062530517578125 173.618743896484375 171.84375 170.25
61.81874847412109375 61.84999847412109375 64.09999847412109375 66.83750152587890625 70.40000152587890625 75.875 81.8562469482421875 88.1437530517578125 97.15000152587890625 106.8125 115.93125152587890625 118.13124847412109375 119.3874969482421875 119.8937530517578125 114.81874847412109375 107.1125030517578125 100.83750152587890625 98.81874847412109375 98.91249847412109375 100.4499969482421875 102.15000152587890625 103.3125 104.7687530517578125 106.59375 108.8625030517578125 111.6437530517578125 117.1687469482421875 124.1374969482421875 131 138.8312530517578125 143.40625 143.337493896484375 133.8249969482421875 122.50624847412109375 114.65625 121.13124847412109375 135.6374969482421875 149.850006103515625 160.9499969482421875 167.84375 170.037506103515625 168.65625 169.53125 169.881256103515625
