data/historical-monthly-weather-data/wc2.1_cruts4.09_10m_prec_1960-06.asc
ncols        45
nrows        45
xllcorner    -63.500000000000
yllcorner    -7.500000000000
cellsize     0.166666666667
NODATA_value -9999
[rows 19 to 37 of 45, columns 0 to 42 of 45]
219.931243896484375 224.1875 224.912506103515625 222.837493896484375 224.5187530517578125 229.743743896484375 228.337493896484375 223.5749969482421875 224.625 221.837493896484375 216.931243896484375 212.4562530517578125 205.149993896484375 196.618743896484375 188.5187530517578125 171.5812530517578125 161.212493896484375 163.8625030517578125 155.4562530517578125 157.024993896484375 145.9562530517578125 149.100006103515625 161.162506103515625 162.8312530517578125 155.756256103515625 149.493743896484375 144.21875 147.1875 138.618743896484375 129.75 125.2062530517578125 133.1687469482421875 130.725006103515625 124.61875152587890625 120 119.75 115.2687530517578125 104 93 81.3874969482421875 67.7624969482421875 57.28749847412109375 55.125
196.931243896484375 211.399993896484375 218.2687530517578125 218.1125030517578125 213.0812530517578125 214.1687469482421875 217.931243896484375 217.368743896484375 216.5500030517578125 212.40625 210.4187469482421875 205.375 197.837493896484375 186.3312530517578125 175.3562469482421875 168.21875 157.350006103515625 153.931243896484375 158.475006103515625 156.381256103515625 163.2687530517578125 167.71875 174.693756103515625 179.756256103515625 174.181243896484375 161.59375 143.631256103515625 137.8000030517578125 132.84375 130.600006103515625 128.243743896484375 130.6750030517578125 119.96875 113.2687530517578125 107.8625030517578125 107.6125030517578125 105.0749969482421875 97.28749847412109375 85.3625030517578125 74.2375030517578125 63.88124847412109375 55.393749237060546875 52.15000152587890625
187.21875 191.0500030517578125 201.8562469482421875 208.3625030517578125 207.1999969482421875 205.40625 207.368743896484375 206.6875 205.475006103515625 206.368743896484375 204.2624969482421875 196.2375030517578125 188.15625 183.162506103515625 178.2687530517578125 166.212493896484375 170.337493896484375 164.087493896484375 169.25 169.149993896484375 166.600006103515625 177.287506103515625 184.3000030517578125 178.59375 168.4812469482421875 157.3562469482421875 150.756256103515625 138.7375030517578125 136.9375 134.4250030517578125 127.0124969482421875 118.74375152587890625 111.4375 108.3937530517578125 101.52500152587890625 97.5124969482421875 94.3562469482421875 89.7312469482421875 80.9250030517578125 71.47499847412109375 61.65625 54.956249237060546875 51.40625
178.493743896484375 192.8937530517578125 202.6875 207.875 207.2062530517578125 203.0625 194.2062530517578125 191.7624969482421875 197.8125 198.09375 195.5500030517578125 193.787506103515625 194.28125 192.2312469482421875 186.631256103515625 179.1687469482421875 171.306243896484375 167.6750030517578125 171.1687469482421875 176.1125030517578125 182.5625 183.493743896484375 182.243743896484375 177.462493896484375 174.5124969482421875 162.625 149.131256103515625 139.9875030517578125 134.5749969482421875 125.13124847412109375 117.3937530517578125 112.11875152587890625 103.875 97.26250457763671875 94.90000152587890625 88.5187530517578125 83.41249847412109375 80.0625 75.38124847412109375 68.52500152587890625 59.8125 54.21875 50.27500152587890625
165.5437469482421875 181.4499969482421875 197.5812530517578125 198.625 196.306243896484375 192.587493896484375 193.6062469482421875 190.743743896484375 187.9250030517578125 184.1999969482421875 189.756256103515625 196.1437530517578125 193.318756103515625 194.693756103515625 185.087493896484375 179.1750030517578125 174.399993896484375 177.524993896484375 179.9499969482421875 182.649993896484375 187.1374969482421875 192.9250030517578125 189.5749969482421875 190.381256103515625 179.068756103515625 163.3562469482421875 155.4499969482421875 137.2687530517578125 125.91249847412109375 118.75 110.74375152587890625 104.81874847412109375 98.5187530517578125 90.53125 87.09999847412109375 80.3625030517578125 76.93125152587890625 73.81874847412109375 68.75 62.52500152587890625 55.9375 51.88124847412109375 48.762500762939453125
151.350006103515625 169.09375 182.587493896484375 191.868743896484375 193.243743896484375 189.9187469482421875 188.2312469482421875 188.6750030517578125 184.8937530517578125 187.100006103515625 186.9250030517578125 188.03125 191.3937530517578125 185.912506103515625 178.15625 174.2687530517578125 173.7937469482421875 174.25 179.8000030517578125 187.6687469482421875 191.9375 193.600006103515625 199.8000030517578125 196.431243896484375 178.34375 162.3125 148.2624969482421875 133.7937469482421875 120.83750152587890625 113.6125030517578125 102.5437469482421875 94.0625 88.15625 83.88124847412109375 79.5124969482421875 74.90625 71.0124969482421875 66.34375 63.22499847412109375 58.22499847412109375 52.737499237060546875 49.981250762939453125 48.049999237060546875
144.087493896484375 164.0749969482421875 169.100006103515625 178.4875030517578125 179.837493896484375 179.368743896484375 177.024993896484375 178.524993896484375 171.412506103515625 168.8874969482421875 175.3937530517578125 176.9499969482421875 179.568756103515625 177.1999969482421875 174.6812591552734375 168.5187530517578125 169.225006103515625 175.1875 182.0749969482421875 184.9250030517578125 190.837493896484375 195.1374969482421875 199.368743896484375 192.506256103515625 179.09375 159.868743896484375 145.0187530517578125 130.28125 114.33750152587890625 105.46250152587890625 94.80625152587890625 86.3874969482421875 80.8249969482421875 76.1125030517578125 71.8125 69.4499969482421875 65.97499847412109375 60.625 56.643749237060546875 53.71875 49.075000762939453125 44.38124847412109375 42.74375152587890625
134.443756103515625 143.6062469482421875 153.96875 160.899993896484375 162.868743896484375 164.1875 163.618743896484375 158.25 155.756256103515625 162.431243896484375 169.4812469482421875 170.5625 169.475006103515625 169.6125030517578125 169.8874969482421875 169.787506103515625 167.8937530517578125 168.2062530517578125 176.6125030517578125 180.056243896484375 182.4187469482421875 187.90625 194.381256103515625 194.34375 173.9812469482421875 155.5500030517578125 140.8937530517578125 124.0749969482421875 108.68125152587890625 98.66249847412109375 90.3125 79.84375 73.7062530517578125 69.4812469482421875 65.6687469482421875 62.49375152587890625 60.18125152587890625 55.28749847412109375 50.875 48.825000762939453125 45.69374847412109375 42.481250762939453125 39.737499237060546875
126.1999969482421875 129.2062530517578125 136.96875 139.9875030517578125 142.3312530517578125 146.693756103515625 148.5187530517578125 146.1687469482421875 147.0500030517578125 153.9499969482421875 157.943756103515625 160.318756103515625 158.912506103515625 157.8625030517578125 158.21875 158.8874969482421875 158.5 163.0812530517578125 165.2062530517578125 172.2062530517578125 177.149993896484375 178.7312469482421875 187.681243896484375 181.1687469482421875 165.556243896484375 147.375 132.868743896484375 116.6437530517578125 104.8000030517578125 96.4562530517578125 86.90000152587890625 78.11875152587890625 70.7062530517578125 63.65000152587890625 61.19374847412109375 57.78749847412109375 55.362499237060546875 50.40625 47.28125 44.887500762939453125 42.231250762939453125 40.768749237060546875 36.731250762939453125
115.5124969482421875 120.7624969482421875 121.22499847412109375 121.97499847412109375 126.03749847412109375 125.875 129.712493896484375 134 138.8249969482421875 142.506256103515625 147.443756103515625 148.8000030517578125 150.037506103515625 150.149993896484375 150.8625030517578125 152.243743896484375 154.5500030517578125 156.1437530517578125 161.71875 168.2624969482421875 168.9250030517578125 169.6999969482421875 172.506256103515625 165.256256103515625 152.65625 135.9562530517578125 125.58750152587890625 113.5437469482421875 100.77500152587890625 90.28749847412109375 80.5749969482421875 73.4562530517578125 65.8937530517578125 60.9375 56.306247711181640625 52.68125152587890625 50.924999237060546875 45.31874847412109375 42.69374847412109375 39.96875 37.043750762939453125 35.31874847412109375 33.77500152587890625
107.63124847412109375 109.15000152587890625 109.8000030517578125 109.28749847412109375 111.2624969482421875 114.71250152587890625 117.8562469482421875 125.19374847412109375 128.693756103515625 133.693756103515625 138.256256103515625 141.337493896484375 143.5 144.649993896484375 143.725006103515625 142.9187469482421875 143.5812530517578125 148.71875 148.3937530517578125 148.931243896484375 154.2937469482421875 156.368743896484375 158.725006103515625 152.287506103515625 139.056243896484375 129.368743896484375 118.18125152587890625 105.96875 94.72499847412109375 84.24375152587890625 75.6125030517578125 68.28125 62.362499237060546875 57.59375 53.700000762939453125 48.799999237060546875 47.3125 41.84999847412109375 37.31874847412109375 36.25 33.22499847412109375 31.625 31.25
102.00624847412109375 101.09999847412109375 100.08750152587890625 100.3937530517578125 101.90625 104.7312469482421875 109.6875 115.05625152587890625 118.5124969482421875 124.6687469482421875 130.125 131.537506103515625 136.0625 131.8562469482421875 132.681243896484375 136.625 138.3312530517578125 138.4812469482421875 138.8000030517578125 140.7624969482421875 142.681243896484375 142.087493896484375 144.287506103515625 139.65625 129.381256103515625 121.24375152587890625 110.0812530517578125 99.56874847412109375 88.65000152587890625 79.375 73.5124969482421875 66.53749847412109375 59.668750762939453125 53.47499847412109375 49.143749237060546875 44.612499237060546875 42.13124847412109375 37.799999237060546875 33.72499847412109375 30.143749237060546875 28.225000381469726562 27.024999618530273438 26.649999618530273438
95.99375152587890625 94.4187469482421875 92.00624847412109375 93.2062530517578125 96.6999969482421875 99.1875 102.55625152587890625 106.5437469482421875 110.9812469482421875 114.5437469482421875 117.0625 120.03749847412109375 120.63124847412109375 122.79375457763671875 125.77500152587890625 127.50624847412109375 125.24375152587890625 125.1687469482421875 126.49375152587890625 128.84375 130.0500030517578125 131.3000030517578125 129.9375 124.88124847412109375 119.28125 111.15000152587890625 102.5625 93.2375030517578125 83.0625 77.93125152587890625 70.75 63.50624847412109375 57.206249237060546875 50.65000152587890625 45.549999237060546875 40.5 36.90000152587890625 31.943750381469726562 29.206249237060546875 26.375 24.712499618530273438 23.893749237060546875 23.293750762939453125
91.30625152587890625 89.96250152587890625 89.50624847412109375 90.53125 90.75624847412109375 93.16249847412109375 96.1999969482421875 100.15625 102.4499969482421875 105.7062530517578125 111.77500152587890625 113.0625 114.65625 119 121.66249847412109375 118.93125152587890625 115.77500152587890625 118.1437530517578125 119.05625152587890625 120.1062469482421875 118.1875 117.5437469482421875 118.00624847412109375 114.31874847412109375 108.52500152587890625 102.55625152587890625 94.58750152587890625 86.03749847412109375 78.43125152587890625 73.66249847412109375 67.72499847412109375 59.793750762939453125 53.93125152587890625 48.71875 42.799999237060546875 37.65000152587890625 32.86875152587890625 28.125 25.65625 24.143749237060546875 22.443750381469726562 21.456249237060546875 20.368749618530273438
86.6125030517578125 86.6750030517578125 88.27500152587890625 88.1875 87.47499847412109375 88.55625152587890625 91.875 93.0749969482421875 94.4562530517578125 96.5187530517578125 102.19374847412109375 106.93125152587890625 109.28749847412109375 110.50624847412109375 110.79375457763671875 111.3312530517578125 110.9499969482421875 110.25624847412109375 108.2624969482421875 108.96250152587890625 108.4875030517578125 106.9562530517578125 108.44374847412109375 103.25624847412109375 99.6374969482421875 93.21250152587890625 88.09999847412109375 80.88124847412109375 75.47499847412109375 70.2624969482421875 65.3125 59.21250152587890625 51.05625152587890625 44.950000762939453125 39.84999847412109375 34.856250762939453125 29.862499237060546875 25.212499618530273438 23.006250381469726562 21.28125 19.256250381469726562 18.699998855590820312 17.9375
83.9375 82.3937530517578125 84.88124847412109375 86.5500030517578125 85.6437530517578125 83.875 84.0749969482421875 86.0124969482421875 87.5124969482421875 89.19374847412109375 96.96250152587890625 102.5437469482421875 105.7687530517578125 110.83124542236328125 110.65000152587890625 107.7375030517578125 104.2062530517578125 100.46250152587890625 98.21250152587890625 94.91249847412109375 97.625 94.9562530517578125 94.46250152587890625 90.90000152587890625 90.93125152587890625 87.1062469482421875 81.84375 74.8562469482421875 69.65000152587890625 64.71875 60.75 55.981250762939453125 47.74375152587890625 41.5625 35.825000762939453125 31.537500381469726562 26.381250381469726562 23.168750762939453125 20.518749237060546875 18.90625 17.100000381469726562 15.987500190734863281 15.34375
81.6875 80.0187530517578125 81.0625 82.55625152587890625 82.61875152587890625 81.5 81.21875 80.9250030517578125 80.90000152587890625 81.9562530517578125 86.31874847412109375 96.2375030517578125 102.625 105.8312530517578125 105.625 102.8000030517578125 97.9875030517578125 91.96875 88.50624847412109375 84.27500152587890625 83.96250152587890625 85.4250030517578125 83.96875 81.28749847412109375 81.40000152587890625 78.5124969482421875 74.1750030517578125 68.72499847412109375 65.44374847412109375 60.55625152587890625 55.72499847412109375 51.47499847412109375 44.950000762939453125 38.606250762939453125 32.58750152587890625 28.993749618530273438 25.762500762939453125 21.918750762939453125 19.84375 18.481250762939453125 16.756250381469726562 15.387499809265136719 14.506250381469726562
77.0812530517578125 78.5 77.4187469482421875 78.9875030517578125 80.19374847412109375 79.0437469482421875 78.09375 78.58750152587890625 77.71250152587890625 74.5187530517578125 81.4875030517578125 94.0749969482421875 100.9812469482421875 101.2624969482421875 100.43125152587890625 96.96875 92.59999847412109375 87.56874847412109375 83.1999969482421875 76.53125 74.5625 76.46250152587890625 74.91249847412109375 73.55625152587890625 71.83750152587890625 70.0437469482421875 68.5437469482421875 64.15000152587890625 59.96250152587890625 54.68125152587890625 51.799999237060546875 46.8125 41.5625 36.262500762939453125 30.65625 27.424999237060546875 24.706249237060546875 21.987499237060546875 19.618749618530273438 17.743749618530273438 16.068750381469726562 15.15625 13.793749809265136719
73.0625 74.71250152587890625 75.3874969482421875 77.625 77.8937530517578125 77.3312530517578125 77.36875152587890625 77.34999847412109375 77.4250030517578125 73.59375 85.40625 96.40625 98.81874847412109375 99.34999847412109375 95.1437530517578125 90.94374847412109375 85.9562530517578125 81.97499847412109375 78.5 73.3125 69.7687530517578125 69.01874542236328125 66.5124969482421875 65.8312530517578125 64.13124847412109375 64.28125 63.19374847412109375 59.5 55.90000152587890625 50.450000762939453125 46.52500152587890625 43.762500762939453125 39.34999847412109375 33.80625152587890625 28.899999618530273438 26.306249618530273438 23.825000762939453125 21.174999237060546875 20.168750762939453125 18.006250381469726562 16.106250762939453125 15.3125 13.699999809265136719
