data/historical-monthly-weather-data/wc2.1_cruts4.09_10m_prec_1979-08.asc
ncols        45
nrows        45
xllcorner    -63.500000000000
yllcorner    -7.500000000000
cellsize     0.166666666667
NODATA_value -9999
[rows 19 to 37 of 45, columns 0 to 42 of 45]
181.3312530517578125 181.90625 181.600006103515625 182.8625030517578125 182.0187530517578125 181.2375030517578125 178.443756103515625 174.193756103515625 171.7062530517578125 165.8125 158.6687469482421875 150.131256103515625 136.443756103515625 122.58750152587890625 111.59999847412109375 100.40000152587890625 86.78749847412109375 83.19374847412109375 83.4250030517578125 88.0187530517578125 87.0500030517578125 89.7375030517578125 98.55625152587890625 104.40625 106.31874847412109375 103.69374847412109375 99.69374847412109375 92.83750152587890625 83.78749847412109375 73.125 68.3937530517578125 75.90625 83.9812469482421875 94.3312530517578125 105.9499969482421875 114.72499847412109375 121.4375 127.18125152587890625 126.1437530517578125 120.1750030517578125 109.52500152587890625 100.24375152587890625 93.18125152587890625
170.912506103515625 176.024993896484375 180.1875 182.787506103515625 180.8000030517578125 180.274993896484375 179.875 177.8874969482421875 176.2687530517578125 170.5812530517578125 164.818756103515625 158.256256103515625 143.6999969482421875 128.6875 115.33750152587890625 103.6750030517578125 92.0187530517578125 84.93125152587890625 87.05625152587890625 89.6437530517578125 94.34375 100.34999847412109375 106.8249969482421875 112.90000152587890625 117.2375030517578125 112.1374969482421875 102.34999847412109375 94.3874969482421875 87.02500152587890625 82.0812530517578125 79.81874847412109375 82.5812530517578125 86.6437530517578125 92.6125030517578125 102.5437469482421875 110.0625 118.33750152587890625 123.59999847412109375 121.34375 116.6999969482421875 107.61875152587890625 100.2624969482421875 94.2062530517578125
166.15625 169.024993896484375 175.1875 181.4187469482421875 183.306243896484375 181.899993896484375 183.8249969482421875 180.6687469482421875 180.6062469482421875 175.118743896484375 172.9250030517578125 171.431243896484375 165.537506103515625 150.84375 134.7687530517578125 117.46875 108.3874969482421875 101.4250030517578125 100.6875 102.5500030517578125 101.63124847412109375 105.9875030517578125 113.1125030517578125 117.75 118.74375152587890625 115.27500152587890625 113.0500030517578125 103.33750152587890625 96.0812530517578125 90.03125 86.0124969482421875 84.58750152587890625 86.93125152587890625 91.53749847412109375 95.53125 102.5625 112.2312469482421875 119.68125152587890625 118.9562530517578125 113.96250152587890625 106.08124542236328125 99.08750152587890625 91.97499847412109375
162.09375 170.5812530517578125 179.3562469482421875 184.21875 188.1374969482421875 187.6437530517578125 184.84375 181.2687530517578125 183.9812469482421875 185.34375 188.212493896484375 191.0124969482421875 191.225006103515625 177.6875 156.743743896484375 136.9812469482421875 122.5812530517578125 115.1437530517578125 112.6875 111.9562530517578125 111.8000030517578125 115.875 121.27500152587890625 119.40000152587890625 122.3625030517578125 122.1999969482421875 118.7687530517578125 111.8874969482421875 102.1437530517578125 93.11875152587890625 87.65000152587890625 85.59999847412109375 86.4375 87.3249969482421875 88.46875 90.80625152587890625 99.7624969482421875 111.83750152587890625 114.5124969482421875 109.46250152587890625 103.6750030517578125 96.3562469482421875 89.96250152587890625
164.5124969482421875 176.7312469482421875 187.506256103515625 188.368743896484375 190.0500030517578125 190.162506103515625 190.431243896484375 190.243743896484375 187.1999969482421875 191.1437530517578125 195.912506103515625 206.4562530517578125 210.556243896484375 194.756256103515625 173.4187469482421875 153.443756103515625 138.6875 129.3874969482421875 124.68125152587890625 123.55625152587890625 123.1750030517578125 125.66249847412109375 127.46875 127.68125152587890625 127.77500152587890625 124.8249969482421875 123.4187469482421875 113.3249969482421875 104.5437469482421875 96.6999969482421875 91.11249542236328125 87.1374969482421875 86.53749847412109375 83.96250152587890625 82.8562469482421875 82.9499969482421875 89.65000152587890625 100.84375 104.8249969482421875 101.50624847412109375 96.59375 91.16249847412109375 85.47499847412109375
170.587493896484375 183.6875 193.4375 198.2375030517578125 200.618743896484375 198.71875 196.350006103515625 196.15625 196.21875 199.756256103515625 201.71875 207.274993896484375 209.506256103515625 197.743743896484375 180.8249969482421875 164.837493896484375 151.53125 141.4250030517578125 135.5 133.5625 133.131256103515625 133.506256103515625 134.462493896484375 133.787506103515625 130.681243896484375 129.631256103515625 123.15000152587890625 113.8249969482421875 105.1437530517578125 98.2062530517578125 91.7375030517578125 86.6062469482421875 84.78125 82.81874847412109375 80.2062530517578125 79.6999969482421875 84.81874847412109375 89.99375152587890625 93.11875152587890625 92.50624847412109375 89.25 85.88124847412109375 81.75624847412109375
180.774993896484375 194.3000030517578125 198.443756103515625 205.5124969482421875 204.8937530517578125 202.78125 200.4499969482421875 202.0812530517578125 198.725006103515625 198.5812530517578125 200.65625 203.568756103515625 203.3874969482421875 192.381256103515625 181.9875030517578125 168.40625 157.9812469482421875 149.90625 142.600006103515625 141.40625 141.306243896484375 140.0749969482421875 141.4812469482421875 137.3562469482421875 133.09375 130.068756103515625 123.875 114.5187530517578125 106.46875 99.8874969482421875 92.66249847412109375 87.06874847412109375 83.3000030517578125 80.02500152587890625 76.6374969482421875 77.4562530517578125 80.1374969482421875 81.8874969482421875 84.7687530517578125 83.63124847412109375 82.06874847412109375 79.88124847412109375 77.78749847412109375
189.0625 197.868743896484375 203.131256103515625 206.9875030517578125 206.8562469482421875 204.4812469482421875 204.625 202.53125 197.2687530517578125 199.818756103515625 202.274993896484375 199.3312530517578125 196.625 188.625 181.337493896484375 170.3937530517578125 162.15625 153.84375 148.443756103515625 143.962493896484375 140.975006103515625 141.1437530517578125 140.287506103515625 138.225006103515625 133.725006103515625 127.28749847412109375 122.55625152587890625 114.11875152587890625 105.4812469482421875 97.97499847412109375 92.02500152587890625 85.17499542236328125 81.6374969482421875 77.93125152587890625 73.44374847412109375 73.53749847412109375 73.53749847412109375 74.52500152587890625 75.4187469482421875 74.61875152587890625 73.49375152587890625 72.69374847412109375 73.3312530517578125
200.4375 200.1062469482421875 204.693756103515625 208.0187530517578125 209.243743896484375 204.568756103515625 203.75 202.2312469482421875 199.462493896484375 199.9187469482421875 197.4375 193.4499969482421875 190.318756103515625 185.7937469482421875 177.6437530517578125 169.774993896484375 164.125 156.4187469482421875 151.0124969482421875 145.5812530517578125 142.7312469482421875 138.712493896484375 139.8937530517578125 136.9812469482421875 131.600006103515625 124.1437530517578125 119.44374847412109375 112.58750152587890625 105.03125 97.7624969482421875 90.40000152587890625 83.1062469482421875 79.07500457763671875 74.1437530517578125 70.84375 69.09375 67.46250152587890625 67.13124847412109375 68.31874847412109375 68.49375152587890625 67.52500152587890625 68.2687530517578125 69.4250030517578125
205.2375030517578125 207.7687530517578125 207.8000030517578125 209.649993896484375 205.875 201.9499969482421875 198.4812469482421875 194.6875 197.037506103515625 194.725006103515625 192.3125 187.6875 184.0625 181.0437469482421875 175.0124969482421875 168.4187469482421875 164.943756103515625 158.7062530517578125 152.899993896484375 147.975006103515625 144.1125030517578125 139.806243896484375 138.962493896484375 134.037506103515625 129.493743896484375 121.4250030517578125 117.1374969482421875 110.13750457763671875 102.49375152587890625 95.2687530517578125 87.6437530517578125 80.97499847412109375 75.31874847412109375 69.65000152587890625 66.19374847412109375 65.21875 63.6875 62.75 63.75 63.28749847412109375 61.44374847412109375 62.81874847412109375 65.36875152587890625
207.631256103515625 210.181243896484375 208.056243896484375 203.524993896484375 200.4562530517578125 197.243743896484375 192.6687469482421875 192.037506103515625 191.0812530517578125 187.6374969482421875 186.4187469482421875 183.306243896484375 179.350006103515625 175.306243896484375 170.5187530517578125 165.1374969482421875 160.34375 157.899993896484375 155.9187469482421875 148.399993896484375 143.524993896484375 141.03125 139.5500030517578125 133.03125 126.13124847412109375 120.2937469482421875 113.19374847412109375 105.9562530517578125 96.7687530517578125 89.5625 83.0500030517578125 77.28749847412109375 71.7375030517578125 66.8625030517578125 63.34999847412109375 61.15625 60.875 60.043750762939453125 60.09375 61.0625 60.887500762939453125 61.84999847412109375 62.481250762939453125
208.899993896484375 207.8874969482421875 200.943756103515625 198.3312530517578125 199.399993896484375 194.25 190.53125 186.3249969482421875 183.65625 180.4875030517578125 177.7937469482421875 178.3249969482421875 177.506256103515625 173.3937530517578125 165.9562530517578125 161.0500030517578125 159.59375 157.875 157.28125 152.056243896484375 145.962493896484375 138.993743896484375 135.881256103515625 129.0625 121.4375 115.9875030517578125 107.27500152587890625 100.7687530517578125 93.09375 86.5 80.5812530517578125 74.24375152587890625 68.40625 63.93125152587890625 61.43125152587890625 58.643749237060546875 57.58750152587890625 56.53125 57.8125 59.90625 59.768749237060546875 58.74375152587890625 58.47499847412109375
208.15625 206.4375 198.381256103515625 194.056243896484375 195.181243896484375 190.068756103515625 185.0812530517578125 178.6125030517578125 176.681243896484375 174.6750030517578125 172.212493896484375 171.3625030517578125 168.53125 166.649993896484375 161.78125 161.318756103515625 158.4562530517578125 156.068756103515625 153.493743896484375 150.087493896484375 144.75 140.8062591552734375 134.4187469482421875 124.2687530517578125 117.19374847412109375 110.93125152587890625 102.6750030517578125 96.3874969482421875 88.5500030517578125 81.7937469482421875 76.75624847412109375 70.31874847412109375 65.09375 61.362499237060546875 57.21250152587890625 54.137500762939453125 52.81874847412109375 51.86875152587890625 53.33750152587890625 55.206249237060546875 55.049999237060546875 54.143749237060546875 54.93125152587890625
200.912506103515625 197.3874969482421875 191.756256103515625 189.53125 186.912506103515625 181.350006103515625 178.8000030517578125 174.4812469482421875 170.2375030517578125 169.100006103515625 170.03125 165.7375030517578125 161.725006103515625 161.5 157.381256103515625 157.381256103515625 154.84375 153.5812530517578125 150.493743896484375 146.9562530517578125 141.5812530517578125 136.6374969482421875 131.15625 124.6437530517578125 117.56874847412109375 109.5 101.40625 92.08750152587890625 84.9562530517578125 77.8312530517578125 72.6875 66.16249847412109375 61.15000152587890625 57.03749847412109375 53.24375152587890625 50.36875152587890625 48.993747711181640625 47.65000152587890625 48.66249847412109375 50.012500762939453125 49.46250152587890625 49.36875152587890625 49.8125
192.7312469482421875 191.6750030517578125 186.6125030517578125 186.7375030517578125 178.524993896484375 175.4499969482421875 174.725006103515625 171.100006103515625 165.8562469482421875 162.4187469482421875 160.6875 158.6062469482421875 157.193756103515625 151.5 150.5749969482421875 148.71875 148.8937530517578125 146.375 142.962493896484375 141.0500030517578125 137.006256103515625 132.5625 128.475006103515625 121.1875 115.6687469482421875 108.75 99.96250152587890625 89.78749847412109375 83.30625152587890625 76.41249847412109375 70.0812530517578125 63.03125 57.21875 52.424999237060546875 49.143749237060546875 46.543750762939453125 45.09999847412109375 43.487499237060546875 44.11875152587890625 44.27500152587890625 44.69374847412109375 45.018749237060546875 45.043750762939453125
186.6999969482421875 184.6125030517578125 181.7062530517578125 178.2375030517578125 174.1125030517578125 171.40625 169.8562469482421875 167.0500030517578125 158.712493896484375 156.1062469482421875 153.5812530517578125 153.412506103515625 149.5437469482421875 147.274993896484375 145.962493896484375 145.5124969482421875 145 142.03125 138.6750030517578125 136.8937530517578125 133.649993896484375 128.875 123.6687469482421875 118.2062530517578125 112.2375030517578125 106.6999969482421875 97.63124847412109375 87.8125 81.3625030517578125 74.55625152587890625 66.61875152587890625 58.887500762939453125 53.293750762939453125 48.237499237060546875 44.65625 42.262500762939453125 40.18125152587890625 39.21250152587890625 39.731250762939453125 39.6875 39.33750152587890625 39.543750762939453125 39.96250152587890625
179.4187469482421875 179.4875030517578125 176.475006103515625 173.8000030517578125 171.9375 167.225006103515625 164.1875 159.53125 153.28125 151.493743896484375 152.068756103515625 150.0749969482421875 149.118743896484375 146.600006103515625 145.15625 144.993743896484375 142.0124969482421875 140.5749969482421875 135.5437469482421875 132.8937530517578125 130.4562530517578125 128.5625 122.91249847412109375 117.625 110.6750030517578125 103.90625 94.6062469482421875 87.52500152587890625 79.28125 71.56874847412109375 63.84375 56.450000762939453125 49.3125 44.77500152587890625 40.58750152587890625 37.71250152587890625 36.68125152587890625 35.862499237060546875 35.74375152587890625 36.25 36.03749847412109375 36.768749237060546875 36.299999237060546875
167.34375 168.7062530517578125 167.21875 167.568756103515625 167.524993896484375 164.34375 161.4812469482421875 158.681243896484375 151.0500030517578125 146.318756103515625 151.7624969482421875 155.087493896484375 154.5749969482421875 149.975006103515625 148.5437469482421875 144.399993896484375 140.181243896484375 137.181243896484375 133.4812469482421875 129.256256103515625 127.09999847412109375 125.46250152587890625 120.9187469482421875 116.16249847412109375 110.1750030517578125 101.6125030517578125 93.55625152587890625 85.8312530517578125 76.1999969482421875 68.6750030517578125 61.72499847412109375 53.96875 47.162502288818359375 41.46250152587890625 37.081249237060546875 34.74375152587890625 33.793750762939453125 33.387500762939453125 33.13124847412109375 33.606250762939453125 33.28125 33.80625152587890625 33.1875
158.9499969482421875 162 160.6374969482421875 164.5124969482421875 166.600006103515625 162.8625030517578125 160 156.649993896484375 152.4375 147.3874969482421875 161.4499969482421875 165.4250030517578125 159.225006103515625 155.9812469482421875 153.6999969482421875 147.15625 139.600006103515625 134.375 132.850006103515625 128.2624969482421875 125.66249847412109375 122.3125 118.3874969482421875 113.68125152587890625 108.09999847412109375 101.2624969482421875 93.40000152587890625 85.69374847412109375 76.8625030517578125 68.3937530517578125 60.09999847412109375 53.28125 46.68125152587890625 39.331249237060546875 34.237499237060546875 31.768749237060546875 31.725000381469726562 31.637500762939453125 31.71875 32.13124847412109375 30.706249237060546875 30.375 29.956249237060546875
