data/historical-monthly-weather-data/wc2.1_cruts4.09_10m_prec_2001-12.asc
ncols        51
nrows        45
xllcorner    -63.500000000000
yllcorner    -7.500000000000
cellsize     0.166666666667
NODATA_value -9999
[rows 0 to 19 of 45, columns 0 to 43 of 51]
141.0500030517578125 133.5 128.875 126.59999847412109375 123.47499847412109375 123.03749847412109375 122.19374847412109375 120.30625152587890625 119.18125152587890625 118.5 119.5124969482421875 119.79375457763671875 120.86875152587890625 120.5437469482421875 120.1875 119.91249847412109375 120.05625152587890625 119.03749847412109375 119.3000030517578125 119.77500152587890625 121.6687469482421875 123.33750152587890625 124.91249847412109375 125.88124847412109375 126.66249847412109375 126.9250030517578125 126.7624969482421875 126.5124969482421875 126.1437530517578125 125.2687530517578125 123.52500152587890625 122.4499969482421875 120.86875152587890625 118.875 116.8000030517578125 117.15000152587890625 116.5437469482421875 115.84375 115.0500030517578125 114.65000152587890625 113.96250152587890625 113.09999847412109375 112.2312469482421875 110.8625030517578125
144.024993896484375 135.118743896484375 131.243743896484375 128.84375 126.46250152587890625 125.1687469482421875 123.3000030517578125 122.8874969482421875 123.3125 123.4812469482421875 124.1125030517578125 123.6687469482421875 124.2687530517578125 124.3937530517578125 123.90625 123.7062530517578125 123.8000030517578125 123.0812530517578125 122.7062530517578125 123.6062469482421875 124.9187469482421875 126.11875152587890625 127.94374847412109375 128.7375030517578125 129.3312530517578125 129.6062469482421875 129.537506103515625 129.1750030517578125 128.725006103515625 127.96250152587890625 126.02500152587890625 124.7937469482421875 122.59999847412109375 120.99375152587890625 119.74375152587890625 118.4375 118.86249542236328125 118.3874969482421875 116.9812469482421875 116.1687469482421875 115.15625 114.08750152587890625 113.0625 110.63124847412109375
149.7312469482421875 141.71875 137.662506103515625 134.493743896484375 131.65625 129.4499969482421875 128.024993896484375 127.81874847412109375 128.4375 128.524993896484375 128.212493896484375 127.5625 128.0749969482421875 128.0749969482421875 127.80625152587890625 127.25624847412109375 127.60625457763671875 127.1687469482421875 127.43125152587890625 128.2687530517578125 129.5625 131.15625 132.84375 132.8625030517578125 132.78125 133.350006103515625 133.375 132.943756103515625 132.931243896484375 131.28125 129.6875 128.5124969482421875 127.53125 124.97499847412109375 123.25624847412109375 122.6062469482421875 121.7062530517578125 120.4875030517578125 119.15625 117.71875 115.9562530517578125 114.2937469482421875 112.22499847412109375 110.43125152587890625
154.625 148.4187469482421875 145.087493896484375 140.4499969482421875 137.287506103515625 134.6999969482421875 133.1062469482421875 132.556243896484375 132.912506103515625 133.4499969482421875 132.7312469482421875 131.9812469482421875 131.618743896484375 131.506256103515625 130.993743896484375 130.9562530517578125 131.3312530517578125 130.693756103515625 131.568756103515625 133.912506103515625 135.4562530517578125 136.7624969482421875 137.25 136.8874969482421875 135.837493896484375 136.1875 136.4375 135.75 136.181243896484375 135.412506103515625 133.7312469482421875 131.9375 131.25 129.6687469482421875 127.40000152587890625 126.0124969482421875 123.96250152587890625 122.33750152587890625 120.96250152587890625 118.7312469482421875 115.77500152587890625 113.5749969482421875 111.1062469482421875 109.2062530517578125
166.431243896484375 157.5625 150.78125 146.556243896484375 143.3874969482421875 140.818756103515625 138.3937530517578125 137.1687469482421875 138.25 138.8562469482421875 137.162506103515625 135.5500030517578125 135.4375 135.3625030517578125 134.78125 134.7062530517578125 134.850006103515625 134.774993896484375 136.4812469482421875 139.8562469482421875 141.4187469482421875 141.568756103515625 141.506256103515625 140.462493896484375 138.8562469482421875 138.818756103515625 138.131256103515625 137.774993896484375 138.412506103515625 138.25 137.2125091552734375 135.2937469482421875 134.0875091552734375 132.5749969482421875 130.34375 128.7624969482421875 126.875 124.40000152587890625 122.28125 119.11875152587890625 115.3312530517578125 112.5 109.8874969482421875 106.88124847412109375
177.774993896484375 169.818756103515625 161.5 154.162506103515625 151.412506103515625 150.0500030517578125 148.0500030517578125 146.0187530517578125 146.15625 146.1624908447265625 143.9875030517578125 142.524993896484375 142.725006103515625 142.46875 142.6999969482421875 142.7062530517578125 143.149993896484375 142.431243896484375 145.087493896484375 147.4812469482421875 147.3625030517578125 147.375 146.46875 145.024993896484375 143.306243896484375 142.2375030517578125 142.5500030517578125 142.225006103515625 142.162506103515625 141.79376220703125 141.0124969482421875 139.84375 137.0500030517578125 134.4187469482421875 133.4250030517578125 131.693756103515625 129.2375030517578125 127.4562530517578125 124.7624969482421875 119.91249847412109375 113.8312530517578125 110.53749847412109375 106.74375152587890625 103.86875152587890625
191.475006103515625 183.71875 175.3312530517578125 166.975006103515625 161.712493896484375 158.9499969482421875 156.850006103515625 154.1437530517578125 152.4812469482421875 150.381256103515625 149.868743896484375 149.3249969482421875 150.5749969482421875 150.4562530517578125 150.8874969482421875 151.53125 153.0749969482421875 154.818756103515625 157.3000030517578125 157.5124969482421875 155.0625 153.774993896484375 151.4875030517578125 149.118743896484375 147.774993896484375 146.0437469482421875 145.725006103515625 146.5625 146.493743896484375 145.46875 144.412506103515625 142.9875030517578125 140.6374969482421875 137.4562530517578125 135.118743896484375 132.8312530517578125 130.7687530517578125 128.587493896484375 126.47499847412109375 119.8312530517578125 111.93125152587890625 107.3249969482421875 103.55625152587890625 99.93125152587890625
205.7062530517578125 197.787506103515625 189.5625 182.587493896484375 177.149993896484375 172.212493896484375 166.71875 160.4375 155.8000030517578125 154.375 155.75 157.3874969482421875 158.506256103515625 159.7375030517578125 160.0500030517578125 161.212493896484375 162.850006103515625 166.2062530517578125 168.8249969482421875 165.806243896484375 161.537506103515625 158.024993896484375 154.6687469482421875 151.5875091552734375 150.625 149.4562530517578125 148.6875 149.118743896484375 150.318756103515625 149.587493896484375 147.2375030517578125 145.4562530517578125 143.125 139.5437469482421875 137.2937469482421875 133.506256103515625 130.8249969482421875 127.625 123.3625030517578125 116.3874969482421875 108.6437530517578125 103.6062469482421875 99.49375152587890625 95.4187469482421875
220.0124969482421875 212.431243896484375 204.8125 198.087493896484375 191.875 186.875 180.600006103515625 172.7375030517578125 164.962493896484375 161.6875 164.5437469482421875 167.399993896484375 169.2312469482421875 170.09375 170.506256103515625 171.368743896484375 172.774993896484375 175.524993896484375 177.193756103515625 172.8000030517578125 165.9187469482421875 161.4375 157.787506103515625 156 154.225006103515625 152.46875 151.4812469482421875 151.962493896484375 152.34375 150.943756103515625 149.649993896484375 146.96875 144.056243896484375 141.006256103515625 137.881256103515625 134.087493896484375 130.0749969482421875 125.5812530517578125 120.04999542236328125 113.33750152587890625 105.3125 100.19374847412109375 96.21250152587890625 92.28125
233.1750030517578125 226.475006103515625 219.649993896484375 213.899993896484375 207.7437591552734375 202.462493896484375 196.162506103515625 188.712493896484375 182.962493896484375 179.4875030517578125 179.506256103515625 179.818756103515625 181.756256103515625 181.181243896484375 181.5749969482421875 181.65625 181.725006103515625 181.5500030517578125 180.399993896484375 176.2937469482421875 169.4875030517578125 164.25 160.3562469482421875 159.0187530517578125 156.7312469482421875 154.5625 153.53125 153.5 153.96875 152.375 150.0749969482421875 147.350006103515625 144.037506103515625 140.3312530517578125 137.3625030517578125 134.162506103515625 129.4375 124.25624847412109375 117.375 110.1125030517578125 102.55625152587890625 97.68125152587890625 92.8312530517578125 88.6687469482421875
247.9562530517578125 241.4562530517578125 234.3625030517578125 228.006256103515625 223.2062530517578125 219.1750030517578125 213.4187469482421875 205.5625 199.943756103515625 196.806243896484375 195.693756103515625 195.375 195.09375 193.96875 192.662506103515625 191.662506103515625 189.8249969482421875 187.225006103515625 183.40625 178.375 172.6374969482421875 167.068756103515625 162.993743896484375 159.71875 159.4875030517578125 157.381256103515625 155.4812469482421875 153.9875030517578125 152.8249969482421875 151.212493896484375 148.912506103515625 146.725006103515625 143.4250030517578125 139.7375030517578125 136.3937530517578125 132.46875 127.75624847412109375 122.43125152587890625 115.9250030517578125 108.125 100.3562469482421875 94.96875 90.21250152587890625 86.0625
259.78125 252.9749908447265625 246.368743896484375 241.1687469482421875 236.524993896484375 232.9187469482421875 228.4250030517578125 221.3125 215.7874908447265625 213.3312530517578125 212.1687469482421875 212.0124969482421875 209.5500030517578125 207.1750030517578125 205.0625 201.9499969482421875 198.625 193.2312469482421875 187.7624969482421875 182.131256103515625 174.912506103515625 169.3625030517578125 166.0437469482421875 163.368743896484375 162.4499969482421875 160.068756103515625 156.931243896484375 154.0187530517578125 151.493743896484375 149.556243896484375 147.1437530517578125 145.0187530517578125 141.7062530517578125 138.443756103515625 135.318756103515625 131.5749969482421875 126.9375 121.90625 114.9875030517578125 107.2312469482421875 99.43125152587890625 93.8000030517578125 88.65625 84.0437469482421875
270.92498779296875 264.66876220703125 258.70001220703125 253.1437530517578125 249.1374969482421875 245.09375 240.274993896484375 234.8249969482421875 230.1374969482421875 228.34375 227.5500030517578125 227.412506103515625 224.5749969482421875 220.03125 217.1312408447265625 212.7437591552734375 207.6875 201.4187469482421875 194.3625030517578125 186.6999969482421875 176.75 171.3125 169.0625 166.8937530517578125 164.0812530517578125 160.3312530517578125 156.712493896484375 153.506256103515625 150.506256103515625 147.193756103515625 144.4499969482421875 141.9812469482421875 138.59375 135.7375030517578125 133.0124969482421875 130.193756103515625 126.4250030517578125 121.71875 114.6374969482421875 106.3000030517578125 98.1750030517578125 92.7687530517578125 86.77500152587890625 80.3249969482421875
280.475006103515625 274.399993896484375 268.46875 263.412506103515625 258.92498779296875 255 250.462493896484375 246.9812469482421875 244.3249969482421875 241.9875030517578125 239.59375 238.9375 237.1374969482421875 233.256256103515625 228.0625 224.100006103515625 217.868743896484375 209.725006103515625 201.2937469482421875 192.78125 183.1875 176.431243896484375 172.1374969482421875 168.625 165.024993896484375 160.9875030517578125 157.399993896484375 152.443756103515625 148.0500030517578125 144.068756103515625 140.993743896484375 137.975006103515625 135.1875 132.3874969482421875 130.4812469482421875 128.1687469482421875 125.34375 121.9499969482421875 115.4562530517578125 107.69374847412109375 97.93125152587890625 90.0500030517578125 83.3312530517578125 77.9375
289.837493896484375 283.306243896484375 278.0625 272.86248779296875 268.67498779296875 264.66876220703125 261.70001220703125 258.662506103515625 256.23126220703125 253.399993896484375 250.9375 250.662506103515625 248.71875 245.8625030517578125 240.1125030517578125 235.7062530517578125 228.256256103515625 219.15625 209.931243896484375 202.1374969482421875 191.6437530517578125 183.1687469482421875 176.2562408447265625 171.3249969482421875 167.006256103515625 162.125 157.631256103515625 152.25 146.7375030517578125 141.037506103515625 136.625 133.6687469482421875 131.087493896484375 128.90625 127.4875030517578125 124.8312530517578125 123.27500152587890625 121.80625152587890625 117.1687469482421875 108.59999847412109375 97.5124969482421875 89.58750152587890625 83.1125030517578125 77.90000152587890625
297.350006103515625 290.987518310546875 286.04376220703125 281.84375 277.76251220703125 274.57501220703125 271.850006103515625 268.125 266.04998779296875 264.82501220703125 262.225006103515625 261.83123779296875 260.61248779296875 258.056243896484375 252.743743896484375 245.8000030517578125 238.0187530517578125 229.4250030517578125 219.65625 211.0187530517578125 200.2687530517578125 189.662506103515625 180.875 174.493743896484375 169.4375 164.7687530517578125 159.381256103515625 152.912506103515625 145.6687469482421875 137.96875 132.381256103515625 128.225006103515625 124.80625152587890625 122.68125152587890625 120.93125152587890625 119.2937469482421875 119.41875457763671875 120.15000152587890625 117.55625152587890625 109.0625 97.44374847412109375 89.31874847412109375 82.63124847412109375 76.3625030517578125
304.193756103515625 298.25 292.037506103515625 288.756256103515625 285.79998779296875 282.4375 280.57501220703125 278.70001220703125 277.86248779296875 276.07501220703125 273.774993896484375 272.98748779296875 272.056243896484375 269.806243896484375 264.60626220703125 256.86248779296875 246.743743896484375 237.899993896484375 229.3000030517578125 220.181243896484375 208.256256103515625 196.2624969482421875 185.806243896484375 178.087493896484375 172.40625 167.756256103515625 162.3125 154.068756103515625 143.693756103515625 134.28125 127.5500030517578125 123.3125 118.6875 114.2937469482421875 111.46250152587890625 111.03125 113.6437530517578125 118.56874847412109375 121.11875152587890625 110.08750152587890625 96.58750152587890625 88.15625 80.7062530517578125 75.34999847412109375
311.03125 305.3125 299.70001220703125 297.15625 294.79376220703125 293.35626220703125 291.868743896484375 289.743743896484375 288.712493896484375 288.07501220703125 286.45001220703125 285.537506103515625 283.5 281.14373779296875 275.25 267 256.92498779296875 244.7624969482421875 238.7062530517578125 229.8125 217.25 203.431243896484375 190.8000030517578125 182.600006103515625 176.25 171.131256103515625 166.412506103515625 155.2937469482421875 141.787506103515625 129.9499969482421875 121.69374847412109375 116.8625030517578125 113.30625152587890625 109.66249847412109375 104.6062469482421875 99.8874969482421875 106.53125 113.80625152587890625 114.7624969482421875 106.77500152587890625 94.2375030517578125 86.2312469482421875 79.875 75.0749969482421875
316.28125 310.65625 306.60626220703125 304.66876220703125 303.181243896484375 302.95001220703125 302.131256103515625 302.006256103515625 301.462493896484375 300.85626220703125 297.837493896484375 295.66876220703125 294.54998779296875 292.9375 286.149993896484375 277.225006103515625 267.287506103515625 255.1687469482421875 245.5124969482421875 237.7062530517578125 225.3000030517578125 211.912506103515625 194.9812469482421875 186.65625 180.318756103515625 174.2312469482421875 167.587493896484375 156.3562469482421875 141.6374969482421875 127.4187469482421875 116.5500030517578125 114.53749847412109375 113.09375 109.03125 103.3125 100.21875 104.0437469482421875 107.65000152587890625 107.3562469482421875 100.65000152587890625 90.78749847412109375 83.96875 78.5437469482421875 74.56874847412109375
319.95001220703125 315.01873779296875 310.881256103515625 309.76873779296875 309.774993896484375 311.70001220703125 312.92498779296875 313.84375 314.193756103515625 312.087493896484375 309.524993896484375 308.92498779296875 308.0625 304.818756103515625 296.20623779296875 285.0625 273.98748779296875 264.04998779296875 255.03125 246.618743896484375 230.7375030517578125 213.787506103515625 199.0812530517578125 190.631256103515625 183.5 176.1875 168.493743896484375 158.475006103515625 144.5500030517578125 130.3125 120.84375 118.97499847412109375 116.44374847412109375 113.2375030517578125 109.7062530517578125 106.2062530517578125 105.9562530517578125 105.88124847412109375 103.24375152587890625 97.0187530517578125 88.43125152587890625 81.61875152587890625 77.5437469482421875 74.45624542236328125
