data/historical-monthly-weather-data/wc2.1_cruts4.09_10m_prec_1989-03.asc
ncols        51
nrows        45
xllcorner    -63.500000000000
yllcorner    -7.500000000000
cellsize     0.166666666667
NODATA_value -9999
[rows 0 to 19 of 45, columns 0 to 44 of 51]
288.537506103515625 293.23748779296875 287.225006103515625 287.91876220703125 284.962493896484375 277.57501220703125 264.85626220703125 251.8874969482421875 238.537506103515625 229.6750030517578125 225.40625 222.4250030517578125 219.6062469482421875 213.8562469482421875 209.96875 206.0124969482421875 204.556243896484375 200.5187530517578125 199.287506103515625 197.756256103515625 198.15625 197.6999969482421875 198.2062530517578125 198.850006103515625 201.7624969482421875 205.118743896484375 211.78125 222.212493896484375 231.9375 238.78125 249.625 258.056243896484375 268.100006103515625 280.70623779296875 292.36248779296875 300.537506103515625 306.837493896484375 313.33123779296875 318.54376220703125 321.756256103515625 325.225006103515625 328.337493896484375 329.725006103515625 332.21875 331.39373779296875
303.006256103515625 309.774993896484375 312.85626220703125 316.5 317.88751220703125 309.318756103515625 295.506256103515625 283.17498779296875 272.14373779296875 262.318756103515625 255.75 249.725006103515625 243.9250030517578125 236.7312469482421875 230.6875 225.34375 221.725006103515625 218.9375 216.34375 214.1687469482421875 213.7937469482421875 213.3000030517578125 213.9875030517578125 215.1062469482421875 217.03125 219.993743896484375 225.962493896484375 235.9562530517578125 244.4875030517578125 251.712493896484375 260.912506103515625 271.66876220703125 280.837493896484375 295.16876220703125 305.29376220703125 314.162506103515625 322.14373779296875 328.524993896484375 333.16876220703125 335.42498779296875 339.225006103515625 341.625 342.34375 343.70001220703125 343.087493896484375
311.243743896484375 320.10626220703125 325.993743896484375 331.14373779296875 332.506256103515625 325.212493896484375 317.068756103515625 309.41876220703125 299.912506103515625 291.462493896484375 281.59375 272.58123779296875 265.26251220703125 257.181243896484375 250.0500030517578125 244.84375 240.03125 237.087493896484375 233.4562530517578125 230.475006103515625 229.8249969482421875 229.399993896484375 228.3249969482421875 229.53125 231.287506103515625 232.3937530517578125 238.306243896484375 247.4187469482421875 254.4875030517578125 260.90625 270.64373779296875 280.90625 291.256256103515625 302.73126220703125 315.98126220703125 323.131256103515625 332.243743896484375 341.612518310546875 346.331268310546875 350.556243896484375 354.5 355.662506103515625 355.4375 354.92498779296875 355.4375
315.3125 327.04998779296875 337.399993896484375 342.51873779296875 344.76873779296875 338.88751220703125 334.524993896484375 331.337493896484375 326.318756103515625 319 307.524993896484375 294.89373779296875 284.17498779296875 274.662506103515625 267.662506103515625 261.774993896484375 258.131256103515625 255.4250030517578125 251.8625030517578125 247.9187469482421875 247.462493896484375 245.256256103515625 241.8937530517578125 242.25 243.3125 243.756256103515625 249.2687530517578125 255.5437469482421875 261.868743896484375 269.07501220703125 276.912506103515625 288.568756103515625 298.35626220703125 309.368743896484375 321.743743896484375 332.10626220703125 342.993743896484375 353.89373779296875 361.318756103515625 365.83123779296875 368.475006103515625 369.82501220703125 369.11248779296875 366.85626220703125 366.899993896484375
328.20001220703125 337.5625 343.48126220703125 350.36248779296875 353.600006103515625 349.931243896484375 346.318756103515625 346.35626220703125 346.368743896484375 343.10626220703125 329.66876220703125 312.96875 300.787506103515625 292.45623779296875 284.1875 279.09375 274.9375 273.20001220703125 268.32501220703125 263.01251220703125 262.193756103515625 258.39373779296875 255.2375030517578125 255.3312530517578125 255.1999969482421875 255.1750030517578125 258.306243896484375 263.48748779296875 271.38751220703125 276.28125 285.01873779296875 294.1875 306 317.943756103515625 330.28125 342.212493896484375 354.087493896484375 365.681243896484375 375.01251220703125 379.693756103515625 384.318756103515625 383.306243896484375 381.10626220703125 379.212493896484375 377.16876220703125
338.01251220703125 347.48126220703125 354.818756103515625 356.98748779296875 354.96875 351.63751220703125 347.931243896484375 346.568756103515625 347.88751220703125 347.64373779296875 331.92498779296875 315.962493896484375 306.5625 298.33123779296875 292.118743896484375 287.89373779296875 284.931243896484375 283.162506103515625 279.71875 274.29376220703125 272.26251220703125 269.26251220703125 266.23748779296875 265.131256103515625 264.375 264.88751220703125 267.83123779296875 271.53125 276.95001220703125 282.962493896484375 290.34375 299.78125 309.899993896484375 324.85626220703125 339.41876220703125 351.45001220703125 366.274993896484375 379.256256103515625 389.681243896484375 397.14373779296875 400.09375 399.256256103515625 396.64373779296875 393.681243896484375 390.087493896484375
344.837493896484375 352.42498779296875 357.475006103515625 355.89373779296875 350.212493896484375 344.54376220703125 339.29376220703125 333.53125 328.51873779296875 323.4375 317.600006103515625 309.65625 304.36248779296875 299.45623779296875 295.76873779296875 293.006256103515625 291.20623779296875 288.71875 285.318756103515625 283.25 280.51251220703125 278.59375 275.33123779296875 274.13751220703125 273.506256103515625 272.899993896484375 275.66876220703125 278.46875 281.34375 285.850006103515625 295.39373779296875 304.1875 314.787506103515625 327.98748779296875 343.53125 358.35626220703125 373.375 388.181243896484375 403.51251220703125 410.3125 410.506256103515625 410.04998779296875 407.306243896484375 404.38751220703125 402.899993896484375
346.45001220703125 351.65625 352.78125 350.649993896484375 346.0625 338.649993896484375 327.6875 313.88751220703125 301.225006103515625 296.743743896484375 299.443756103515625 299.85626220703125 300.412506103515625 299.618743896484375 297.82501220703125 296.73748779296875 294.287506103515625 291.16876220703125 288.95001220703125 288.006256103515625 287.09375 285.84375 283.67498779296875 281.98748779296875 282.63751220703125 280.625 281.54376220703125 283.475006103515625 284.54376220703125 288.649993896484375 296.21875 307.524993896484375 317.58123779296875 330.84375 346.36248779296875 361.712493896484375 377.993743896484375 393.66876220703125 408.524993896484375 415.493743896484375 417.600006103515625 417.100006103515625 414.587493896484375 411.45001220703125 408.48748779296875
346.6875 349.774993896484375 350.600006103515625 348.34375 342.725006103515625 334.243743896484375 321.98126220703125 305.662506103515625 286.381256103515625 278.48126220703125 286.76873779296875 292.26873779296875 296.818756103515625 296.88751220703125 296.95623779296875 297.274993896484375 295.63751220703125 292.600006103515625 291.899993896484375 291.01251220703125 288.23748779296875 288.86248779296875 287.443756103515625 290.61248779296875 291.412506103515625 288.337493896484375 286.600006103515625 286.375 288.26873779296875 291.100006103515625 298.66876220703125 309.51873779296875 319.75 332.181243896484375 346.306243896484375 362.79998779296875 381.29376220703125 397.118743896484375 411.774993896484375 419.118743896484375 422.306243896484375 421.76873779296875 420.162506103515625 416.90625 410.59375
346.63751220703125 347.756256103515625 347.21875 344.54376220703125 339.91876220703125 331.875 321.08123779296875 306.71875 291.79376220703125 284.881256103515625 287.65625 289.868743896484375 294.100006103515625 295.524993896484375 296.11248779296875 297.375 297.29376220703125 294.274993896484375 292.57501220703125 291.32501220703125 289.100006103515625 290.61248779296875 292.73748779296875 299.17498779296875 298.524993896484375 294.98748779296875 292.70001220703125 291.100006103515625 290.8125 292.149993896484375 298.15625 310.04376220703125 321.45623779296875 334.86248779296875 348.58123779296875 364.431243896484375 382.15625 399.243743896484375 414.51251220703125 424.10626220703125 429.25 429.600006103515625 425.34375 417.068756103515625 411.181243896484375
345.98126220703125 345.95001220703125 343.88751220703125 341.36248779296875 338.037506103515625 331.912506103515625 322.90625 310.193756103515625 299.399993896484375 293.84375 292.506256103515625 293.14373779296875 294.48126220703125 296.368743896484375 297.26873779296875 298.056243896484375 298.037506103515625 295.006256103515625 291.70623779296875 289.90625 290.037506103515625 292.48748779296875 298.10626220703125 303.5625 307.125 300.9375 297.568756103515625 297.212493896484375 295.462493896484375 294.70001220703125 300.91876220703125 311.03125 321.88751220703125 335.01251220703125 349.193756103515625 364.35626220703125 381.318756103515625 398.587493896484375 414.524993896484375 427.125 433.64373779296875 432.29998779296875 425.73748779296875 416.131256103515625 408.899993896484375
344.225006103515625 344.09375 341.95001220703125 340.375 336.48126220703125 332.54998779296875 326.274993896484375 316.14373779296875 307.41876220703125 301.381256103515625 298.33123779296875 297.3125 296.89373779296875 297.84375 300.493743896484375 300.9375 298.381256103515625 294.11248779296875 290.506256103515625 287.70623779296875 286.024993896484375 289.787506103515625 298.475006103515625 309.875 312.20623779296875 301.48748779296875 297.456268310546875 297.46875 299.07501220703125 301.662506103515625 304.774993896484375 312.243743896484375 321.73126220703125 333.5 346.274993896484375 363.17498779296875 381.17498779296875 398.61248779296875 413.95001220703125 428.48126220703125 436.85626220703125 433.318756103515625 422.037506103515625 405.118743896484375 392.60626220703125
342.09375 341.40625 339.90625 337.45001220703125 334.70623779296875 332.23748779296875 326.787506103515625 319.48126220703125 311.868743896484375 307.3125 305.20001220703125 303.48748779296875 303.35626220703125 301.63751220703125 302.84375 302.318756103515625 298.73748779296875 294.58123779296875 291.337493896484375 286.743743896484375 281.84375 285.04998779296875 293.193756103515625 302.600006103515625 299.868743896484375 292.36248779296875 295.29998779296875 299 303.14373779296875 307.01251220703125 310.350006103515625 314.33123779296875 321.29998779296875 331.649993896484375 343.462493896484375 359.006256103515625 377.21875 395.26873779296875 412.58123779296875 429.51873779296875 440.756256103515625 434.568756103515625 413.29998779296875 391.931243896484375 375.13751220703125
338.26251220703125 338.056243896484375 336.39373779296875 334.11248779296875 332.4375 328.868743896484375 325.537506103515625 321.568756103515625 317.193756103515625 313.33123779296875 310.662506103515625 309.306243896484375 308.17498779296875 307.774993896484375 304.48748779296875 303.34375 299.10626220703125 294.212493896484375 290.25 286.54376220703125 283.818756103515625 284.375 287.70623779296875 292.21875 290.95623779296875 288.899993896484375 293.993743896484375 299.60626220703125 305.100006103515625 309.662506103515625 314.475006103515625 317.86248779296875 321.26251220703125 328.01251220703125 338.28125 354.67498779296875 374.10626220703125 391.887481689453125 408.66876220703125 424.64373779296875 435.175018310546875 422.087493896484375 403.306243896484375 386.568756103515625 371.993743896484375
334.037506103515625 332.63751220703125 331.399993896484375 331.03125 330.162506103515625 327.11248779296875 325.60626220703125 323.625 319.912506103515625 316.6875 314.962493896484375 313.34375 311.85626220703125 310.431243896484375 304.5625 301.84375 296.90625 293.162506103515625 288.631256103515625 284.881256103515625 283.45001220703125 283.01873779296875 283.84375 287.568756103515625 289.712493896484375 292.256256103515625 298.037506103515625 304.15625 310.90625 316.21875 318.443756103515625 320.293731689453125 323.40625 325.11248779296875 331.53125 349.96875 371.48748779296875 389.90625 403.056243896484375 412.60626220703125 414.75 407.41876220703125 398.649993896484375 384.837493896484375 372.98748779296875
327.28125 326.53125 326.412506103515625 326.66876220703125 326.73748779296875 326.41876220703125 324.993743896484375 323.17498779296875 322.20001220703125 320.8125 318.462493896484375 317.41876220703125 315.837493896484375 313.212493896484375 306.962493896484375 300.681243896484375 294.54376220703125 290.98126220703125 286.51251220703125 283.475006103515625 281.712493896484375 280.48748779296875 280.71875 284.806243896484375 288.70001220703125 294.01251220703125 301.256256103515625 309.13751220703125 318.068756103515625 323.387481689453125 326.67498779296875 327.318756103515625 327.03125 327.91876220703125 332.03125 356.32501220703125 375.88751220703125 386.368743896484375 394.48748779296875 401.53125 403.412506103515625 399.0625 392.1875 381.54376220703125 371.29998779296875
320.943756103515625 321.28125 320.681243896484375 321.92498779296875 323.46875 323.787506103515625 324.600006103515625 323.868743896484375 323.42498779296875 323.037506103515625 320.91876220703125 320.537506103515625 319.337493896484375 315.225006103515625 309.556243896484375 301.118743896484375 291.29376220703125 286.11248779296875 282.91876220703125 279.73748779296875 278.274993896484375 277.631256103515625 278.506256103515625 283.48126220703125 289.46875 294.76251220703125 303.33123779296875 313.29376220703125 322.524993896484375 330 334.568756103515625 335.76873779296875 336.225006103515625 341.024993896484375 357.82501220703125 378.51873779296875 387.899993896484375 389.631256103515625 391.181243896484375 393.9375 398.10626220703125 394.11248779296875 385.66876220703125 376.212493896484375 368.818756103515625
312.662506103515625 313.96875 315.34375 317.975006103515625 320.225006103515625 321.024993896484375 321.66876220703125 322.29376220703125 322.96875 322.962493896484375 322.087493896484375 322.943756103515625 320.399993896484375 316.91876220703125 309.86248779296875 299.57501220703125 288.95623779296875 277.57501220703125 276.26251220703125 272.73748779296875 273.399993896484375 273.42498779296875 274.20623779296875 280.08123779296875 287.26251220703125 296.04998779296875 304.243743896484375 316.118743896484375 328.07501220703125 336.23748779296875 340.0625 336.399993896484375 338.95623779296875 349.73748779296875 373.037506103515625 403.54376220703125 400.256256103515625 391.96875 387.98126220703125 389.837493896484375 389.975006103515625 386.04998779296875 379.881256103515625 371.875 364.743743896484375
303.618743896484375 306.068756103515625 308.04998779296875 311.618743896484375 315.612518310546875 318.243743896484375 319.931243896484375 321.0625 321.82501220703125 322.350006103515625 321.91876220703125 320.29998779296875 319.712493896484375 317.274993896484375 307.65625 295.618743896484375 283.318756103515625 271.006256103515625 264.73126220703125 261.725006103515625 265.13751220703125 267.96875 266.212493896484375 273.918731689453125 283.631256103515625 294.850006103515625 305.462493896484375 316.631256103515625 330.01251220703125 340.36248779296875 346.056243896484375 339.006256103515625 335.837493896484375 338.03125 353.912506103515625 380.006256103515625 383.868743896484375 382.28125 383.118743896484375 383.26873779296875 383.662506103515625 379.306243896484375 374.85626220703125 369.11248779296875 362.42498779296875
291.681243896484375 296.274993896484375 299.23126220703125 303.774993896484375 309.149993896484375 313.91876220703125 317.037506103515625 319.125 320.412506103515625 320.487518310546875 319.643768310546875 317.39373779296875 317.493743896484375 316.537506103515625 303.693756103515625 287.0625 271.5 263.11248779296875 255.212493896484375 251.1062469482421875 252.850006103515625 254.6374969482421875 257.98748779296875 266.412506103515625 277.381256103515625 289.23748779296875 301.256256103515625 314.60626220703125 326.64373779296875 334.59375 337.65625 333.9375 323.40625 313.381256103515625 311.10626220703125 331.618743896484375 355.46875 367.88751220703125 374.85626220703125 378.35626220703125 378.381256103515625 374.6875 372.08123779296875 368.26873779296875 362.76873779296875
