data/historical-monthly-weather-data/wc2.1_cruts4.09_10m_prec_2016-08.asc
ncols        51
nrows        45
xllcorner    -63.500000000000
yllcorner    -7.500000000000
cellsize     0.166666666667
NODATA_value -9999
[rows 0 to 18 of 45, columns 0 to 42 of 51]
107.5812530517578125 107.8000030517578125 107.5500030517578125 110.02500152587890625 113.19374847412109375 117.56874847412109375 118.71875 121.3874969482421875 124.81874847412109375 126.9812469482421875 125.6062469482421875 127.47499847412109375 131.024993896484375 132.131256103515625 135.1750030517578125 135.3312530517578125 137.118743896484375 137.600006103515625 137.568756103515625 140.6437530517578125 140.5625 138.243743896484375 136.181243896484375 134.149993896484375 130.774993896484375 127.75 127.84999847412109375 129.53125 125.2375030517578125 124.6687469482421875 119.84375 119.0625 118.2062530517578125 114.875 112.8249969482421875 110.52500152587890625 106.75624847412109375 104.30625152587890625 101.9562530517578125 98.40625 95.34375 93.36249542236328125 89.1062469482421875
101.9875030517578125 101.7312469482421875 104.40000152587890625 107.8312530517578125 112.46250152587890625 116.19374847412109375 115.91249847412109375 118.2375030517578125 122.28125 124.59375 124.6750030517578125 127.6125030517578125 128.4812469482421875 128.2312469482421875 129.8874969482421875 132.4499969482421875 132.618743896484375 133.8125 135.7062530517578125 138.556243896484375 138.118743896484375 135.556243896484375 133.4375 132.3249969482421875 128.5437469482421875 124.25624847412109375 126.0187530517578125 125.75 121.59999847412109375 119.43125152587890625 117.59999847412109375 115.84999847412109375 114.5 113.3937530517578125 110.66249847412109375 106.8125 100.71875 99.15000152587890625 95.1687469482421875 91.09375 89.46250152587890625 85.84375 82.5625
93.7687530517578125 95.25624847412109375 99.1374969482421875 104.21250152587890625 109.3312530517578125 113.08750152587890625 115.03125 117.4250030517578125 120.16249847412109375 122.0500030517578125 124.0187530517578125 126.59999847412109375 126.83750152587890625 124.84999847412109375 125.6687469482421875 127.08750152587890625 127.8562469482421875 128.1125030517578125 128.9499969482421875 129.0437469482421875 129.7624969482421875 129.65625 127.96875 127.9375 123.25 120.58750152587890625 123.1750030517578125 120.96875 116.90000152587890625 115.5812530517578125 112.21250152587890625 110.34375 109.1062469482421875 108.625 104.8125 98.59375 94.1875 92.08750152587890625 87.53125 84.6125030517578125 83.66249847412109375 80.6999969482421875 78.5500030517578125
86.22499847412109375 86.65625 92.1687469482421875 98.21250152587890625 102.7937469482421875 106.8249969482421875 110.58750152587890625 114.1374969482421875 119.1062469482421875 121.21250152587890625 121.6999969482421875 122.52500152587890625 123.0625 121.0187530517578125 121.2937469482421875 121.74375152587890625 122.71250152587890625 122.5749969482421875 122.5437469482421875 125.1062469482421875 124.7624969482421875 123.15625 121.2687530517578125 121.7312469482421875 118.5500030517578125 115.96875 117.38124847412109375 112.9499969482421875 109.83750152587890625 108.84375 106.24375152587890625 103.1125030517578125 100.05625152587890625 97.8562469482421875 95 90.86875152587890625 88.83750152587890625 85.5812530517578125 80.15000152587890625 78.4250030517578125 76.28125 75.3125 73.08750152587890625
87.13124847412109375 85.2062530517578125 85.5625 89.96875 96.33750152587890625 100.50624847412109375 104.1875 110.6999969482421875 117.3249969482421875 119.8000030517578125 119.1875 118.9375 118.9250030517578125 117.8249969482421875 117.1374969482421875 117.61875152587890625 117.1999969482421875 115.52500152587890625 114.6999969482421875 117.22499847412109375 119.4812469482421875 116.3562469482421875 115.28125 117.53749847412109375 113.4499969482421875 110.41249847412109375 109.00624847412109375 107.97499847412109375 104.96250152587890625 101.38124847412109375 100.8874969482421875 96.9499969482421875 94.7375030517578125 92.9562530517578125 90.0812530517578125 84.90625 81.4187469482421875 78.4812469482421875 73.375 70.40625 70.03125 69 68.5
85.7375030517578125 83.8562469482421875 83.38124847412109375 82.59375 88.28125 96.30625152587890625 101.18125152587890625 105.93125152587890625 112.75624847412109375 115.28749847412109375 113.13124847412109375 112.93125152587890625 113.84999847412109375 113.4875030517578125 112.49375152587890625 112.97499847412109375 111.2687530517578125 108.27500152587890625 108.46875 110.4375 112.6437530517578125 112.18125152587890625 111.83750152587890625 109.8000030517578125 108.21875 106.1687469482421875 104.56874847412109375 102.46250152587890625 100.25624847412109375 95.65000152587890625 94.4250030517578125 92.5500030517578125 88.9375 87.3937530517578125 83.40000152587890625 80.40000152587890625 76.2624969482421875 72.0500030517578125 68.4187469482421875 66.6875 64.6062469482421875 64.4187469482421875 64.25624847412109375
84.8937530517578125 83.96250152587890625 84.02500152587890625 84.1062469482421875 86.6687469482421875 90.4812469482421875 94.5812530517578125 98.8000030517578125 100.50624847412109375 103.34375 104.1875 105.61875152587890625 108.4499969482421875 108.8312530517578125 109.0437469482421875 109.08750152587890625 107.21250152587890625 104.6999969482421875 103.25624847412109375 105.6437530517578125 106.96875 107.7062530517578125 107.6875 106.5 104.31874847412109375 102.8562469482421875 100.625 97.5437469482421875 93.1687469482421875 91.05625152587890625 88.5812530517578125 85.5124969482421875 83.55625152587890625 81.7375030517578125 78.52500152587890625 74.90625 70.41249847412109375 66.96875 64.15625 62.49375152587890625 60.21875 60.00624847412109375 60.543750762939453125
84.6687469482421875 82.97499847412109375 84.8125 86.1999969482421875 89.6437530517578125 93.22499847412109375 92.5812530517578125 88.7062530517578125 87.15000152587890625 90.13124847412109375 95.75 98.77500152587890625 101.78125 103.47499847412109375 104.53749847412109375 104.34375 103.46875 100.9499969482421875 98.91249847412109375 99.8874969482421875 102.59999847412109375 103.9187469482421875 103.03749847412109375 101.40625 100.99375152587890625 98.1875 95.0437469482421875 92.3000030517578125 88.77500152587890625 84.4375 83.43125152587890625 80.1999969482421875 77.1687469482421875 75.94374847412109375 71.8125 68.1999969482421875 64.3312530517578125 60.862499237060546875 57.543750762939453125 55.137500762939453125 53.575000762939453125 53.91249847412109375 54.40625
85.22499847412109375 83.8937530517578125 86.3937530517578125 87.2624969482421875 89.75624847412109375 91.7375030517578125 91.88124847412109375 89.34999847412109375 84.08750152587890625 82.8312530517578125 87.2937469482421875 91.03125 96.94374847412109375 99.09375 99.65625 99.21875 99.875 98.5625 99.16249847412109375 97.9875030517578125 99.34999847412109375 101.27500152587890625 100.05625152587890625 101.16249847412109375 99.58750152587890625 95.25624847412109375 90.11875152587890625 88.49375152587890625 85.21250152587890625 80.94374847412109375 79.6374969482421875 74.9250030517578125 70.83750152587890625 67.41249847412109375 64.4812469482421875 62.56874847412109375 59.84999847412109375 56.981250762939453125 53.30625152587890625 50.74375152587890625 48.6875 47.8125 47.27500152587890625
85.1062469482421875 84.21250152587890625 86.11875152587890625 88.13124847412109375 90.53125 92.15625 93.9250030517578125 91.3937530517578125 87.3312530517578125 87.38124847412109375 88.65000152587890625 89.18125152587890625 94.18125152587890625 96.94374847412109375 95.84375 95.49375152587890625 94.81874847412109375 95.88124847412109375 96.875 97.5625 98.7375030517578125 98.5124969482421875 96.88124847412109375 97.5749969482421875 95.3249969482421875 90.96250152587890625 86.24375152587890625 83.59375 79.25 74.96250152587890625 71.59999847412109375 67.77500152587890625 65.69374847412109375 63.55625152587890625 61.49375152587890625 59.325000762939453125 56.13124847412109375 53.018749237060546875 50.11875152587890625 47.34999847412109375 44.706249237060546875 42.762500762939453125 41.15625
86.6374969482421875 85.7375030517578125 86.59999847412109375 88.22499847412109375 91.24375152587890625 94.4375 95.9375 92.25 89.2937469482421875 88.16249847412109375 90.00624847412109375 90.59375 92.46250152587890625 93.7062530517578125 91.08750152587890625 89.3562469482421875 89.09999847412109375 91.55625152587890625 93.15000152587890625 95.6750030517578125 99.78749847412109375 99.4187469482421875 97 94.1687469482421875 93.8625030517578125 89.8312530517578125 85.25624847412109375 80.7937469482421875 74.53749847412109375 69.21250152587890625 66.86875152587890625 63.543750762939453125 62.643749237060546875 60.91249847412109375 57.924999237060546875 55.18125152587890625 52.081249237060546875 49.69374847412109375 46.331249237060546875 43.0625 39.924999237060546875 37.86875152587890625 36.481250762939453125
87.6875 87.1750030517578125 88.03749847412109375 90.25 93.52500152587890625 96.69374847412109375 98.8125 96.25 92.72499847412109375 90.8625030517578125 91.3625030517578125 90.9812469482421875 90.00624847412109375 88.4375 88.61875152587890625 86.8874969482421875 85.90000152587890625 87.09375 90.0124969482421875 94.41249847412109375 99 99.21875 97.5187530517578125 95.2687530517578125 92.3562469482421875 83.96875 79.0124969482421875 75.4375 70.15000152587890625 65.7937469482421875 62.63124847412109375 60.825000762939453125 58.5625 56.731250762939453125 54.981250762939453125 53.206249237060546875 50.424999237060546875 47.41249847412109375 42.84375 38.518749237060546875 35.575000762939453125 33.59999847412109375 31.774999618530273438
88.02500152587890625 86.6062469482421875 87.9562530517578125 89.21875 93.0500030517578125 95.3937530517578125 95.4375 94.5437469482421875 91.5437469482421875 90.52500152587890625 90.8562469482421875 90.1437530517578125 87.2937469482421875 83.0812530517578125 81.375 80.9812469482421875 79.72499847412109375 82.47499847412109375 85.3000030517578125 88.2624969482421875 93.5749969482421875 94.7312469482421875 93.8000030517578125 89.13124847412109375 81.78749847412109375 75.05625152587890625 72.96250152587890625 70.28749847412109375 67.75624847412109375 63.97499847412109375 60.31874847412109375 57.66249847412109375 56.581249237060546875 53.34999847412109375 52.106250762939453125 51.53125 50.90000152587890625 47.512500762939453125 43.356250762939453125 37.325000762939453125 31.850000381469726562 30.625 28.4375
87.66249847412109375 85.36875152587890625 86.05625152587890625 88.30625152587890625 90.8625030517578125 92.0749969482421875 92.2062530517578125 92.59999847412109375 89.88124847412109375 89.03749847412109375 88.1437530517578125 85.22499847412109375 82.47499847412109375 78.38124847412109375 73.1999969482421875 73.86875152587890625 73.7937469482421875 76.19374847412109375 76.74375152587890625 78.9187469482421875 83.9812469482421875 85.3625030517578125 84.90625 81.90000152587890625 76.75624847412109375 72.0625 69.94374847412109375 67.80625152587890625 65.4375 62.59999847412109375 59.893749237060546875 56.11875152587890625 54.543750762939453125 52.06874847412109375 51.96875 52.88124847412109375 52.5625 51.50624847412109375 47.56874847412109375 40.1875 31.112499237060546875 27.3125 26.506250381469726562
87.1875 85.8937530517578125 85.69374847412109375 86.5812530517578125 89.0625 89.875 89.74375152587890625 88.9875030517578125 86.21250152587890625 85.15000152587890625 82.5625 80.28749847412109375 77.22499847412109375 72.3562469482421875 67.2375030517578125 65.5812530517578125 65.58750152587890625 66.59375 67.80625152587890625 70.3562469482421875 74.94374847412109375 77.15625 77.96250152587890625 77.8625030517578125 76.03125 73.7937469482421875 70.8312530517578125 67.84375 64.56874847412109375 61.487499237060546875 58.03749847412109375 55.33750152587890625 53.94374847412109375 52.72499847412109375 51.81874847412109375 53.049999237060546875 54.52500152587890625 57.24375152587890625 54.393749237060546875 45.293750762939453125 37.875 33.450000762939453125 32.15625
85.4187469482421875 84.7312469482421875 85.08750152587890625 85.74375152587890625 86.97499847412109375 88.3125 88.21875 85.90000152587890625 83.28749847412109375 81.27500152587890625 78.52500152587890625 74.94374847412109375 70.9499969482421875 66.4812469482421875 62.16249847412109375 57.762500762939453125 57.41249847412109375 58.50624847412109375 59.549999237060546875 62.3125 66.3562469482421875 69.86875152587890625 73.3562469482421875 76.25624847412109375 76.72499847412109375 75.0749969482421875 72.21250152587890625 67.99375152587890625 64.15625 61.456249237060546875 59.00624847412109375 56.16249847412109375 53.86875152587890625 52.65625 52.612499237060546875 57.262500762939453125 60.075000762939453125 62.3125 60.52500152587890625 54.25 47.825000762939453125 42.125 37.331249237060546875
85.46250152587890625 84.96875 84.59375 85.34375 85.1750030517578125 86.625 87.0749969482421875 85.4812469482421875 81.22499847412109375 78.9562530517578125 75.9875030517578125 71.0124969482421875 66.7375030517578125 62.13124847412109375 57.793750762939453125 53.63124847412109375 49.731250762939453125 49.987499237060546875 52.299999237060546875 55.43125152587890625 58.1875 63.049999237060546875 68.8125 75.5 78.6687469482421875 76.81874847412109375 71.8937530517578125 67.72499847412109375 62.94374847412109375 59.78125 58.606250762939453125 57.96875 57.125 56.61875152587890625 62.331249237060546875 66.3937530517578125 68.7375030517578125 72.5749969482421875 72.34375 62.77500152587890625 53.825000762939453125 45.987499237060546875 39.299999237060546875
84.0812530517578125 84.4562530517578125 84.56874847412109375 85.65625 85.4875030517578125 86.69374847412109375 85.28749847412109375 83.73749542236328125 79.65000152587890625 76.34999847412109375 73.0500030517578125 68.65000152587890625 62.99375152587890625 57.8125 53.72499847412109375 49.55625152587890625 45.65625 43.03125 46.16249847412109375 47.924999237060546875 51.612499237060546875 56.625 63.768749237060546875 70.84999847412109375 76.5 76.4562530517578125 73.02500152587890625 68.38124847412109375 62.674999237060546875 58.625 54.762500762939453125 53.36875152587890625 59.78125 66.50624847412109375 70.25624847412109375 75.3000030517578125 79.06874847412109375 80.2312469482421875 75.9499969482421875 67.375 55.200000762939453125 47.59375 41.03749847412109375
82.52500152587890625 83.24375152587890625 83.97499847412109375 85.28749847412109375 86.1750030517578125 86.09375 85.0812530517578125 82.8125 80.21875 77.09999847412109375 72.8562469482421875 65.99375152587890625 60.581249237060546875 55.71875 50.512500762939453125 47.137500762939453125 43.075000762939453125 39.637500762939453125 39.84375 42.21875 48.30625152587890625 58.15625 56.90000152587890625 64.5749969482421875 70.6875 74.99375152587890625 73.58750152587890625 68.46250152587890625 64.52500152587890625 57.84375 53.33750152587890625 55.28749847412109375 63.387500762939453125 69 74.2375030517578125 78.9499969482421875 79.3625030517578125 76.71875 73.0187530517578125 64.2375030517578125 55.11875152587890625 47.893749237060546875 41.58750152587890625
