data/historical-monthly-weather-data/wc2.1_cruts4.09_10m_prec_1952-09.asc
ncols        51
nrows        45
xllcorner    -63.500000000000
yllcorner    -7.500000000000
cellsize     0.166666666667
NODATA_value -9999
[rows 19 to 37 of 45, columns 0 to 43 of 51]
123.99375152587890625 118.96875 113.53749847412109375 109.2687530517578125 105.4562530517578125 103.34375 100.25624847412109375 96.5124969482421875 94.71875 91.4875030517578125 87.3562469482421875 80.8937530517578125 73.7687530517578125 66.9250030517578125 60.731250762939453125 55.75624847412109375 50.293750762939453125 47.643749237060546875 44.28125 42.825000762939453125 39.66249847412109375 37.018749237060546875 36.41249847412109375 38.56874847412109375 40.625 41.5625 43.30625152587890625 45.08750152587890625 44.831249237060546875 44.84375 46.15000152587890625 54.075000762939453125 63.40625 75.4562530517578125 86.0749969482421875 90.77500152587890625 93.9562530517578125 97.13124847412109375 98.33750152587890625 95.6125030517578125 88.74375152587890625 80.0812530517578125 78.6374969482421875 80.03749847412109375
118.59375 114.84375 110.8874969482421875 107.125 103.4875030517578125 100.90000152587890625 98.70624542236328125 95.9812469482421875 95.0124969482421875 92.875 88.9250030517578125 83.5437469482421875 76.65000152587890625 69.1062469482421875 63.243747711181640625 56.950000762939453125 51.456249237060546875 47.424999237060546875 45.40625 42.47499847412109375 40.762500762939453125 39.1875 37.924999237060546875 40.09375 42.831249237060546875 44.33750152587890625 45.924999237060546875 46.918750762939453125 47.768749237060546875 50.81874847412109375 54.47499847412109375 61.91249847412109375 71.9562530517578125 85.27500152587890625 100.71250152587890625 102.24375152587890625 98.09375 96.3625030517578125 94.77500152587890625 92.49375152587890625 89.2062530517578125 84.69374847412109375 83.2624969482421875 84.24375152587890625
114.78125 109.91249847412109375 106.38124847412109375 103.21875 100.90000152587890625 99.6437530517578125 97.6750030517578125 96.2375030517578125 95.71875 94.18125152587890625 91.0500030517578125 86.5812530517578125 81.2624969482421875 74.58750152587890625 68.02500152587890625 60.74375152587890625 54.96875 50.325000762939453125 47.71250152587890625 44.5625 41.49375152587890625 39.78125 38.65625 40.75 43.08750152587890625 45.206249237060546875 48.625 50.40625 53.193752288818359375 57.231250762939453125 61.512500762939453125 67.7062530517578125 76.6750030517578125 87.7937469482421875 95.80625152587890625 98.7062530517578125 95.5500030517578125 94.0187530517578125 92.3937530517578125 91.74375152587890625 91.36875152587890625 90.2624969482421875 91.3000030517578125 92.69374847412109375
111.71250152587890625 108.1999969482421875 104.03125 101.2312469482421875 98.9499969482421875 98 97.2312469482421875 96.47499847412109375 97.2312469482421875 95.6374969482421875 94.34999847412109375 91.0749969482421875 87.9187469482421875 82.0187530517578125 73.40625 65.4375 58.53749847412109375 53.793750762939453125 49.768749237060546875 46.268749237060546875 43.24375152587890625 41.28125 39.71875 41.200000762939453125 43.918750762939453125 46.237499237060546875 49.793750762939453125 53.81874847412109375 57.112499237060546875 61.09375 66.2375030517578125 72.71250152587890625 79.41249847412109375 86.0500030517578125 89.91249847412109375 90.22499847412109375 89.94374847412109375 89.44374847412109375 89.875 92.47499847412109375 95.74375152587890625 96.58750152587890625 98.52500152587890625 100.5437469482421875
111.15000152587890625 106.5 103.03749847412109375 99.56874847412109375 96.53749847412109375 96.875 96.75 96.15625 96.875 95.96875 94.61875152587890625 93.72499847412109375 93.02500152587890625 87.0749969482421875 77.3937530517578125 68.71875 61.68125152587890625 56.581249237060546875 52.25 48.09375 45.018749237060546875 42.50624847412109375 41.21250152587890625 42.93125152587890625 45.375 47.38124847412109375 51.03125 55.25 60.21250152587890625 64.7624969482421875 69.72499847412109375 75.9562530517578125 80.6750030517578125 84.84999847412109375 87.44374847412109375 86.8000030517578125 87.86249542236328125 89.84999847412109375 92.0187530517578125 96.99375152587890625 101.1875 103.1999969482421875 106.7312469482421875 109.90000152587890625
112.06874847412109375 106.78125 102.3562469482421875 98.25 97.61875152587890625 97.3562469482421875 96.83750152587890625 96.3625030517578125 96.5187530517578125 96.25 95.44374847412109375 93.71875 91.9812469482421875 87.5124969482421875 79.36875152587890625 71.0500030517578125 64.28125 58.674999237060546875 53.887500762939453125 49.88124847412109375 46.90625 44.137500762939453125 43.15000152587890625 45.09375 46.793750762939453125 49.543750762939453125 53.418750762939453125 58.081249237060546875 63.21250152587890625 68.21250152587890625 72.9187469482421875 78.2312469482421875 82.86875152587890625 85.8312530517578125 87.0437469482421875 87.6875 90.6999969482421875 93.74375152587890625 96.7687530517578125 101.84999847412109375 106.6750030517578125 110.63124847412109375 115.1125030517578125 121.8625030517578125
115.19374847412109375 111.15000152587890625 104.81874847412109375 101.1999969482421875 98.3562469482421875 97.59999847412109375 97.3562469482421875 96.6125030517578125 96.38124847412109375 96.2687530517578125 94.47499847412109375 92.8937530517578125 90.74375152587890625 86.55625152587890625 79.8249969482421875 72.65000152587890625 65.96875 60.674999237060546875 55.674999237060546875 51.38124847412109375 48.43125152587890625 45.643749237060546875 44.75 46.96250152587890625 49.043750762939453125 51.418750762939453125 56.30625152587890625 61.924999237060546875 66.94374847412109375 71.9812469482421875 76.55625152587890625 81.9812469482421875 84.59999847412109375 86.71250152587890625 88.6687469482421875 92.3000030517578125 95.1875 98.7624969482421875 103.91249847412109375 108.81874847412109375 115.03749847412109375 118.96250152587890625 123.90625 132.306243896484375
119.3625030517578125 114.06874847412109375 108.4499969482421875 104.71250152587890625 100.97499847412109375 99.96875 98.7624969482421875 97.0124969482421875 95.5124969482421875 95.06874847412109375 94.0812530517578125 92.63124847412109375 90.0812530517578125 86.61875152587890625 80.61875152587890625 74.0812530517578125 68.46250152587890625 62.706249237060546875 57.71875 53.356250762939453125 50.549999237060546875 47.668750762939453125 46.44374847412109375 49.637500762939453125 51.793750762939453125 54.65000152587890625 59.956249237060546875 65.2687530517578125 70.6875 75.50624847412109375 79.99375152587890625 84.33750152587890625 88.18125152587890625 90.44374847412109375 91.90625 96.5124969482421875 100.9375 104.71875 110.4875030517578125 116.52500152587890625 122.1374969482421875 127.49375152587890625 133.9499969482421875 140.59375
123.34999847412109375 118.1687469482421875 113.15625 107.96250152587890625 104.4250030517578125 102.2312469482421875 100.4875030517578125 98.2937469482421875 95.9562530517578125 95.22499847412109375 93.71250152587890625 92.05625152587890625 89.7624969482421875 87.3249969482421875 81.5187530517578125 75.5124969482421875 70 64.5124969482421875 59.581249237060546875 55.58750152587890625 52.581249237060546875 49.86875152587890625 48.549999237060546875 51.69374847412109375 54.918750762939453125 57.91249847412109375 63.33750152587890625 69.05625152587890625 74.74375152587890625 79.93125152587890625 83.65000152587890625 87.9250030517578125 92.06874847412109375 94.1875 96.40625 101.0812530517578125 107.34999847412109375 112.6999969482421875 119.0187530517578125 125.41249847412109375 131.8000030517578125 138.3125 142.4187469482421875 150.6374969482421875
127.55625152587890625 122.11875152587890625 116.06874847412109375 110.59999847412109375 106.4499969482421875 103.3874969482421875 100.8625030517578125 98.6750030517578125 96.5500030517578125 94.9375 92.9812469482421875 91.0749969482421875 89.9562530517578125 87.21250152587890625 81.8125 77.4375 73.18125152587890625 66.3312530517578125 61.27500152587890625 57.418750762939453125 54.731250762939453125 52.299999237060546875 51.106250762939453125 54.56874847412109375 57.581249237060546875 61.3125 67.02500152587890625 73.50624847412109375 80.27500152587890625 84.3249969482421875 87.44374847412109375 91.36875152587890625 94.7937469482421875 97.8249969482421875 101.8562469482421875 106.65625 114.1750030517578125 121.2624969482421875 128.931243896484375 135.6125030517578125 138.9562530517578125 143.274993896484375 150.381256103515625 160.256256103515625
129.8125 124.53125 117.2624969482421875 111.46875 107.00624847412109375 104.2375030517578125 101.8249969482421875 99.5 97.15625 94.94374847412109375 92.72499847412109375 91.6062469482421875 90.30625152587890625 88.03125 84.15000152587890625 79.5437469482421875 74.8937530517578125 69.36875152587890625 63.887500762939453125 59.94374847412109375 57.61875152587890625 55.668750762939453125 54.075000762939453125 57.268749237060546875 61.268749237060546875 65.8562469482421875 71.4812469482421875 77.59375 83.5 88.1062469482421875 92.40000152587890625 96.66249847412109375 100.00624847412109375 103.50624847412109375 108.3937530517578125 114.21875 122.3000030517578125 131.5500030517578125 137.0437469482421875 146.2624969482421875 152.1125030517578125 155.2624969482421875 159.5500030517578125 168.399993896484375
129.193756103515625 124.6437530517578125 118.9499969482421875 112.34999847412109375 108.28125 105.86875152587890625 102.52500152587890625 99.96250152587890625 97.875 95.8562469482421875 93.4499969482421875 92.09375 92.3312530517578125 89.90000152587890625 85.96875 81.6999969482421875 78.28125 73.00624847412109375 67.5187530517578125 63.97499847412109375 61.518749237060546875 59.768749237060546875 58.38124847412109375 61.43125152587890625 65.31874847412109375 70.1875 75.8562469482421875 81.7937469482421875 87.71875 91.25 96.4187469482421875 101.3249969482421875 105 110.74375152587890625 116.3249969482421875 121.1875 129.625 140.0625 148.506256103515625 157.4375 163.09375 165.2312469482421875 168.2062530517578125 174.662506103515625
129.0124969482421875 123.4875030517578125 117.8625030517578125 112.75 110.03749847412109375 106.71250152587890625 103.6687469482421875 101.1437530517578125 99.30625152587890625 96.90625 94.8249969482421875 93.3562469482421875 92.03749847412109375 91.04999542236328125 88.59375 86.25 82.59375 77.6125030517578125 73.03125 69.9562530517578125 67.5812530517578125 64.4250030517578125 62.987499237060546875 65.74375152587890625 70.6999969482421875 74.4187469482421875 79.625 86.43125152587890625 92.25624847412109375 96.15625 101.2687530517578125 105.34375 110.19374847412109375 116.34375 122.2312469482421875 127.34999847412109375 135.53125 144.3874969482421875 153.181243896484375 162.475006103515625 170.0124969482421875 172.149993896484375 175.6125030517578125 180.125
123.4812469482421875 119.61875152587890625 114.5124969482421875 110.7312469482421875 108.46250152587890625 105.9375 103.86875152587890625 101.08124542236328125 99.40625 97.02500152587890625 97.7375030517578125 95.55625152587890625 94.77500152587890625 95.625 93.66249847412109375 92.3625030517578125 89.71875 86.13124847412109375 81.71250152587890625 78.49375152587890625 75.25 71.7937469482421875 69.0187530517578125 71.5812530517578125 75.8937530517578125 78.9562530517578125 84.09999847412109375 90.4812469482421875 96.3249969482421875 101.78125 106.31874847412109375 111.0437469482421875 115.69374847412109375 122.25 129.4250030517578125 134.725006103515625 141.7375030517578125 148.212493896484375 156.1125030517578125 165.9875030517578125 173.2375030517578125 176.0374908447265625 180.0749969482421875 183.5625
116.33750152587890625 114.1999969482421875 111.38124847412109375 108.69374847412109375 106.5625 104.68125152587890625 103.4499969482421875 101.4250030517578125 99.47499847412109375 98.5187530517578125 98.21250152587890625 98.90625 98.52500152587890625 97.99375152587890625 98.09375 97.71250152587890625 97.5124969482421875 94.7624969482421875 91.3312530517578125 88.06874847412109375 84.25 79.71250152587890625 76.18125152587890625 77.59999847412109375 80.3874969482421875 82.9875030517578125 87.96250152587890625 94.11875152587890625 99.58750152587890625 105.1750030517578125 110.7624969482421875 116.1875 121.68125152587890625 128.1125030517578125 135.6687469482421875 143.399993896484375 148.4625091552734375 153.899993896484375 161.1374969482421875 167.787506103515625 173.5187530517578125 179.0625 184.6062469482421875 188.40625
110.2937469482421875 109.00624847412109375 107.6062469482421875 106.68125152587890625 105.63124847412109375 103.70000457763671875 103.2312469482421875 101.8312530517578125 99.5749969482421875 99.21875 100.3625030517578125 102.3562469482421875 102.625 102.84375 103.75624847412109375 104.9187469482421875 105.40000152587890625 102.7937469482421875 101.34999847412109375 97.97499847412109375 94.125 88.7624969482421875 83.5 83.625 84.5625 87.24375152587890625 92.4499969482421875 97.7312469482421875 102.9812469482421875 108.40000152587890625 114.25624847412109375 119.50624847412109375 125.88124847412109375 133.09375 140.131256103515625 146.1125030517578125 152.475006103515625 160.181243896484375 164.9562530517578125 170.881256103515625 173 176.649993896484375 183.7687530517578125 186.837493896484375
104.49375152587890625 103.1125030517578125 102.75 102.4562530517578125 101.9375 101.24375152587890625 100.2687530517578125 100.3874969482421875 99.28749847412109375 98.96250152587890625 101.0437469482421875 103.5187530517578125 106.0500030517578125 107.99375152587890625 109.59375 111.72499847412109375 112.68125152587890625 111.6062469482421875 110.6750030517578125 109.02500152587890625 103.71875 97.74375152587890625 91.1125030517578125 89.6062469482421875 89.9499969482421875 91.3937530517578125 95.34999847412109375 100.3000030517578125 105.25 110.40000152587890625 116.50624847412109375 122.43125152587890625 128.1374969482421875 135.412506103515625 142.2687530517578125 146.975006103515625 155.274993896484375 161.5 165.78125 170.34375 174.4499969482421875 176.806243896484375 180.46875 183.8562469482421875
98.8625030517578125 98 97.6999969482421875 97.34375 98.13124847412109375 98.1875 98.4250030517578125 98.8312530517578125 98.90000152587890625 98.3312530517578125 102.0749969482421875 108.68125152587890625 112.1687469482421875 114.5187530517578125 116.9875030517578125 118.71875 120.56874847412109375 118.93125152587890625 117.49375152587890625 115.65000152587890625 111.5625 104.0437469482421875 97.40625 94.65000152587890625 94.0187530517578125 94.88124847412109375 97.71875 101.56874847412109375 106.05625152587890625 111.7375030517578125 117.69374847412109375 124.03125 130.7375030517578125 138.0500030517578125 144.881256103515625 150.412506103515625 157.15625 163.9187469482421875 166.7062530517578125 169.6999969482421875 172.9375 173.9875030517578125 177.787506103515625 181.28125
92.99375152587890625 92.8874969482421875 93.1374969482421875 92.88124847412109375 94.2062530517578125 95.5812530517578125 96.9562530517578125 98.66249847412109375 100.18125152587890625 100.5 110.81874847412109375 117.40625 119.7624969482421875 121.61875152587890625 123.90000152587890625 126.2062530517578125 126.25624847412109375 124.78125 121.83750152587890625 118.5625 115.1999969482421875 108.40000152587890625 102.3125 98.80625152587890625 97.0500030517578125 96.7312469482421875 99.65000152587890625 103.21875 107.1875 113 117.28125 123.3125 130.3625030517578125 139.4250030517578125 146.90625 149.837493896484375 155.931243896484375 161.774993896484375 166.9812469482421875 170.5749969482421875 170.962493896484375 174.4187469482421875 174.037506103515625 175.118743896484375
