data/historical-monthly-weather-data/wc2.1_cruts4.09_10m_prec_1956-04.asc
ncols        51
nrows        45
xllcorner    -63.500000000000
yllcorner    -7.500000000000
cellsize     0.166666666667
NODATA_value -9999
[rows 0 to 19 of 45, columns 0 to 44 of 51]
306.75 310.42498779296875 308.86248779296875 312.756256103515625 311.149993896484375 304.1875 295.8125 282.756256103515625 272.76251220703125 267.118743896484375 265.11248779296875 263.46875 260.57501220703125 255.9250030517578125 252.568756103515625 250.068756103515625 248.90625 245.5 244.8874969482421875 244.462493896484375 244.600006103515625 245.9875030517578125 246.875 250.96875 253.368743896484375 258.818756103515625 265.95623779296875 275.51251220703125 283.693756103515625 290.056243896484375 296.756256103515625 303.65625 308.15625 314.39373779296875 320.337493896484375 326.587493896484375 330.64373779296875 334.79376220703125 341.193756103515625 345.600006103515625 349.818756103515625 353.09375 352.899993896484375 354.86248779296875 355.149993896484375
319.850006103515625 322.806243896484375 328.975006103515625 334.23748779296875 338.03125 329.274993896484375 318.46875 309.67498779296875 300.681243896484375 293.51873779296875 289.59375 284.98126220703125 280.42498779296875 274.806243896484375 268.693756103515625 265.649993896484375 261.618743896484375 259.71875 259 257.743743896484375 257.57501220703125 257.96875 260.212493896484375 262.943756103515625 266.949981689453125 271.625 278.21875 287.66876220703125 294.024993896484375 298.993743896484375 305.75 313.51251220703125 318.318756103515625 325.462493896484375 330.4375 336.649993896484375 343.42498779296875 348.38751220703125 354.20001220703125 357.475006103515625 360.537506103515625 364.193756103515625 364.1875 363.65625 362.73748779296875
327.42498779296875 332.88751220703125 336.912506103515625 343.60626220703125 348.225006103515625 342.681243896484375 335.912506103515625 330.412506103515625 326.25 319.29376220703125 312.23748779296875 304.881256103515625 299.26873779296875 290.618743896484375 283.76251220703125 279.118743896484375 274.17498779296875 271.96875 269.88751220703125 269.07501220703125 269.51873779296875 270.59375 271.287506103515625 273.850006103515625 278.36248779296875 282.88751220703125 290.63751220703125 296.65625 301.15625 306.82501220703125 312.743743896484375 319.024993896484375 326.743743896484375 333.600006103515625 337.86248779296875 343.86248779296875 353.28125 361.09375 366.20623779296875 370.181243896484375 373.54998779296875 374.818756103515625 374.618743896484375 374.556243896484375 373.09375
328.95001220703125 335.100006103515625 342.6875 346.10626220703125 349.64373779296875 349.76251220703125 348.26251220703125 347.274993896484375 347.79998779296875 344.712493896484375 336.16876220703125 325.17498779296875 314.875 306.03125 297.818756103515625 292.29998779296875 287.399993896484375 284.25 281.51251220703125 280.46875 281.90625 282.73126220703125 281.95001220703125 285.29998779296875 289.3125 292.17498779296875 300.368743896484375 304.693756103515625 308.681243896484375 315.63751220703125 321.193756103515625 327.04376220703125 332.15625 338.67498779296875 343.42498779296875 352.806243896484375 362.493743896484375 371.368743896484375 379.21875 382.056243896484375 385.618743896484375 388.0625 385.11248779296875 382.85626220703125 382.48126220703125
346.01251220703125 346.20623779296875 343.462493896484375 345.875 351.774993896484375 354.32501220703125 354.587493896484375 358.51873779296875 364.73748779296875 367.45001220703125 356.162506103515625 339.04998779296875 327.86248779296875 318.96875 310.04376220703125 303.568756103515625 297.368743896484375 294.15625 290.92498779296875 289.181243896484375 291.42498779296875 291.46875 291.04376220703125 295.73126220703125 297.225006103515625 299.84375 305.64373779296875 313 318.837493896484375 323.45001220703125 328.73126220703125 331.193756103515625 336.024993896484375 343.29998779296875 349.66876220703125 359.79376220703125 369.46875 379.962493896484375 389.10626220703125 393.04376220703125 398.5 396.41876220703125 394.10626220703125 393.45623779296875 390.725006103515625
351.70623779296875 353.08123779296875 350.34375 344.79376220703125 349.07501220703125 353.524993896484375 354.51873779296875 359.0625 365.95001220703125 372.20623779296875 358.287506103515625 342.53125 332.818756103515625 324.868743896484375 315.70001220703125 309.881256103515625 302.087493896484375 298.524993896484375 297.318756103515625 296.337493896484375 296.82501220703125 296.54376220703125 298.45623779296875 301.225006103515625 303.5625 306.8125 311.756256103515625 318 323.118743896484375 327.087493896484375 331.681243896484375 336.556243896484375 339.375 346.693756103515625 355.6875 365.70623779296875 378.59375 390.20623779296875 399.287506103515625 406.11248779296875 407.618743896484375 405.09375 403.625 403.45623779296875 401.881256103515625
358.631256103515625 358.91876220703125 355.912506103515625 348.89373779296875 343.58123779296875 343.07501220703125 343.975006103515625 346.89373779296875 348.943756103515625 348.96875 345.46875 338.875 334.993743896484375 327.98748779296875 320.506256103515625 316.04376220703125 309.04376220703125 302.524993896484375 299.493743896484375 299.875 301.64373779296875 302.79998779296875 304.368743896484375 304.875 307.743743896484375 311.46875 317 320.95001220703125 325.16876220703125 329.51251220703125 334.899993896484375 338.9375 343.91876220703125 349.318756103515625 358.33123779296875 369.45001220703125 381.350006103515625 394.912506103515625 407.41876220703125 413.86248779296875 411.65625 410.006256103515625 409.38751220703125 409.14373779296875 409.38751220703125
366.26873779296875 363.03125 357.256256103515625 352 346.73126220703125 342.818756103515625 335.375 327.66876220703125 321.837493896484375 321.899993896484375 328.92498779296875 332.837493896484375 333.600006103515625 330.84375 326.006256103515625 320.79376220703125 313.899993896484375 307.125 301.48748779296875 302.20001220703125 305.82501220703125 308.193756103515625 308.837493896484375 309.45001220703125 313.45623779296875 314.662506103515625 319.181243896484375 323.16876220703125 327.537506103515625 332.600006103515625 335.53125 339.537506103515625 345.10626220703125 351.46875 359.70001220703125 368.16876220703125 380.86248779296875 393.53125 403.51873779296875 408.48126220703125 409.41876220703125 410.037506103515625 409.100006103515625 407.32501220703125 405.087493896484375
370.61248779296875 367.25 360.76251220703125 353.493743896484375 347.63751220703125 341.243743896484375 334.16876220703125 324.1875 311.70001220703125 306.51251220703125 317.712493896484375 326.0625 334.375 333.75 328.556243896484375 324.29376220703125 319.0625 313.524993896484375 309.76251220703125 308.100006103515625 306.17498779296875 310.36248779296875 310.63751220703125 313.693756103515625 316.756256103515625 315.975006103515625 319.29376220703125 323.8125 328.0625 332.975006103515625 337.806243896484375 339.58123779296875 343.725006103515625 347.65625 355.89373779296875 365.100006103515625 377.82501220703125 387.89373779296875 397.32501220703125 401.756256103515625 403.70623779296875 402.76251220703125 403.54376220703125 403.662506103515625 396.67498779296875
374.17498779296875 368.17498779296875 362.418731689453125 355.5625 348.34375 342.42498779296875 336.35626220703125 327.01251220703125 320.63751220703125 319.987518310546875 326.5625 330.8125 336.57501220703125 336.58123779296875 333.431243896484375 328.23126220703125 323.48126220703125 319.40625 315.756256103515625 316.337493896484375 313.86248779296875 313.649993896484375 312.89373779296875 317.29376220703125 316.850006103515625 314.118743896484375 316.88751220703125 321.01873779296875 326.5 333.925018310546875 336.01251220703125 336.25 339.537506103515625 343.662506103515625 350.649993896484375 360.899993896484375 370.42498779296875 380.100006103515625 388.375 395.287506103515625 399.899993896484375 399.41876220703125 398.475006103515625 393.431243896484375 388.975006103515625
377.66876220703125 372.17498779296875 365.431243896484375 357.943756103515625 348.837493896484375 343.725006103515625 338.76873779296875 331.51873779296875 329.768768310546875 331.48126220703125 337.46875 343.01873779296875 342.375 341.51873779296875 336.20001220703125 330.306243896484375 326.287506103515625 323.506256103515625 321.71875 321.48126220703125 322.92498779296875 320.9375 316.587493896484375 311.431243896484375 314.399993896484375 312.13751220703125 312.59375 315.868743896484375 319.837493896484375 327.0625 329.33123779296875 329.556243896484375 333.318756103515625 337.35626220703125 343.84375 350.5625 359.16876220703125 368.837493896484375 377.962493896484375 385.5 389.962493896484375 389.350006103515625 391.04998779296875 388.868743896484375 382.88751220703125
377.73126220703125 371.29376220703125 364.274993896484375 360.53125 353.32501220703125 346.5625 343.774993896484375 340.29376220703125 341.125 343.90625 349.67498779296875 355.16876220703125 349.431243896484375 344.600006103515625 338.431243896484375 332.85626220703125 327.962493896484375 325.17498779296875 324.01873779296875 324.53125 324.85626220703125 322.431243896484375 318.34375 316.10626220703125 311.5625 304.618743896484375 304.70623779296875 306.65625 310.837493896484375 315.63751220703125 318.443756103515625 319.975006103515625 322.54376220703125 326.850006103515625 332.875 340.431243896484375 350.181243896484375 360.39373779296875 366.537506103515625 371.456268310546875 377.193756103515625 378.07501220703125 378.45623779296875 372.46875 366.42498779296875
378.60626220703125 371.73748779296875 365.29376220703125 360.36248779296875 355.21875 352.84375 348.76873779296875 345.024993896484375 345.850006103515625 351.34375 356.79998779296875 361.306243896484375 355.943756103515625 342.850006103515625 335.98748779296875 332.48126220703125 326.45001220703125 323.45623779296875 323.51873779296875 322.337493896484375 322.3125 317.912506103515625 310.67498779296875 307.774993896484375 296.84375 288.60626220703125 292.087493896484375 294.412506103515625 300.006256103515625 303.943756103515625 306.787506103515625 308.20001220703125 310.45623779296875 314.66876220703125 319.412506103515625 328.943756103515625 339.231231689453125 349.462493896484375 357.087493896484375 362.318756103515625 362.431243896484375 365.51873779296875 362.899993896484375 357.8125 356.21875
378.09375 371.100006103515625 363.600006103515625 358.33123779296875 355.631256103515625 353.29376220703125 349.32501220703125 346.743743896484375 349.337493896484375 353.318756103515625 355.32501220703125 354.48126220703125 350.212493896484375 340.850006103515625 330.70001220703125 328.14373779296875 322.10626220703125 317.068756103515625 317.33123779296875 314.45623779296875 312.6875 306.162506103515625 299.693756103515625 292.431243896484375 284.1875 277.850006103515625 280.1875 283.51873779296875 288.01251220703125 292.475006103515625 295.20623779296875 297.57501220703125 297.70001220703125 301.48748779296875 307.356231689453125 317.95623779296875 328.48748779296875 340.67498779296875 350.4375 354.100006103515625 350.243743896484375 346.462493896484375 349.98748779296875 354.70001220703125 357.01251220703125
375.89373779296875 369.42498779296875 362.943756103515625 358.3125 356.40625 353.875 351.381256103515625 348.787506103515625 349.14373779296875 350.45623779296875 351.04376220703125 349.243743896484375 343.475006103515625 334.850006103515625 323.587493896484375 317.20623779296875 312.70623779296875 311.45001220703125 310.743743896484375 308.07501220703125 303.75 298.60626220703125 290.16876220703125 283.21875 276.16876220703125 271.962493896484375 273.681243896484375 277.625 282.375 285.475006103515625 285.993743896484375 285.100006103515625 287.899993896484375 289.949981689453125 294.118743896484375 303.71875 319.65625 336.23748779296875 346.118743896484375 347.45001220703125 344.800018310546875 345.368743896484375 353.26251220703125 353.86248779296875 352.84375
371.45623779296875 364.98748779296875 361.106231689453125 358.274993896484375 355.76873779296875 353.443756103515625 350.79376220703125 348.600006103515625 350.39373779296875 349.881256103515625 348.66876220703125 345.375 339.46875 329.36248779296875 316.149993896484375 303.21875 302.78125 305.66876220703125 303.76873779296875 301.66876220703125 297.068756103515625 289.86248779296875 280.78125 274.95001220703125 268.681243896484375 266.26251220703125 267.225006103515625 271.96875 276.706268310546875 280.39373779296875 282.956268310546875 281.5 277.90625 277.681243896484375 278.88751220703125 294.95623779296875 311.1875 328.868743896484375 340.63751220703125 348.10626220703125 349.274993896484375 351.79998779296875 353.975006103515625 351.48748779296875 348.256256103515625
365.32501220703125 360.84375 358.818756103515625 357.100006103515625 354.48126220703125 352.29998779296875 351.82501220703125 349.756256103515625 349.14373779296875 348.61248779296875 345.96875 342.149993896484375 334.89373779296875 325.01873779296875 314.09375 304.274993896484375 296.375 296.743743896484375 297.681243896484375 296.89373779296875 291.75 285.087493896484375 275.8125 267.53125 262.23126220703125 259.475006103515625 261.725006103515625 266.399993896484375 272.45001220703125 277.475006103515625 279.568756103515625 278.524993896484375 275.53125 274.350006103515625 281.01873779296875 293 310.1875 329.41876220703125 347.274993896484375 353.743743896484375 356.975006103515625 357.100006103515625 352.70623779296875 348.73126220703125 343.79998779296875
357.4375 356.306243896484375 354.58123779296875 355.67498779296875 353.662506103515625 352.9375 353.506256103515625 350.17498779296875 348.76873779296875 346.181243896484375 341.75 337.14373779296875 329.75 321.868743896484375 312.26251220703125 304.28125 296.03125 287.26873779296875 291.631256103515625 291.899993896484375 288.84375 281.35626220703125 272.28125 264.73748779296875 260.818756103515625 258.818756103515625 258.75 265.88751220703125 273.125 277.125 275.193756103515625 267.125 270.23126220703125 273.65625 278.412506103515625 293.868743896484375 310.78125 328.46875 343.618743896484375 355.875 356.51873779296875 355.212493896484375 351.3125 346.649993896484375 342.54376220703125
348.1875 349.71875 350.95623779296875 351.3125 350.712493896484375 351.90625 351.912506103515625 351.5 350.16876220703125 346.462493896484375 339.59375 330.88751220703125 324.09375 318.756256103515625 307.04998779296875 299.40625 292.600006103515625 285.53125 282.59375 283.306243896484375 285.5625 280.993743896484375 264.39373779296875 261.600006103515625 260.993743896484375 262.3125 265.51251220703125 270.76873779296875 278.51251220703125 280.85626220703125 278.63751220703125 271.70001220703125 269.875 265.431243896484375 268.806243896484375 284.506256103515625 302.462493896484375 319.29376220703125 337.10626220703125 347.29376220703125 353.9375 353.59375 349.149993896484375 344.89373779296875 341.41876220703125
338.25 342.712493896484375 344.13751220703125 343.5625 346.11248779296875 350.993743896484375 353.774993896484375 351.743743896484375 350.04376220703125 345.90625 337.368743896484375 330.15625 322.88751220703125 315.787506103515625 302.91876220703125 289.850006103515625 280.618743896484375 280.587493896484375 277.40625 277.537506103515625 275.412506103515625 268.91876220703125 263.162506103515625 261.78125 262.274993896484375 263.837493896484375 269.056243896484375 277.399993896484375 282.618743896484375 281.79998779296875 276.462493896484375 275.40625 268.943756103515625 258.92498779296875 255.625 270.649993896484375 294.118743896484375 315.912506103515625 331.98748779296875 343.61248779296875 349.256256103515625 349.59375 346.57501220703125 342.881256103515625 336.9375
