data/historical-monthly-weather-data/wc2.1_cruts4.09_10m_prec_1953-09.asc
ncols        51
nrows        45
xllcorner    -63.500000000000
yllcorner    -7.500000000000
cellsize     0.166666666667
NODATA_value -9999
[rows 19 to 37 of 45, columns 0 to 43 of 51]
114.88124847412109375 112.38124847412109375 108.4250030517578125 105.4187469482421875 102.6875 100.65625 97.53749847412109375 93.7624969482421875 91.72499847412109375 88.34375 84.03749847412109375 77.4499969482421875 70.2687530517578125 63.41249847412109375 57.268749237060546875 52.331249237060546875 46.94374847412109375 44.106250762939453125 40.59999847412109375 38.806247711181640625 35.15000152587890625 31.899999618530273438 30.787500381469726562 34.512500762939453125 38.59375 41.71875 46.21250152587890625 50.65625 52.393749237060546875 53.231250762939453125 55.38124847412109375 65.15625 74.8312530517578125 87.16249847412109375 97.2687530517578125 98.7062530517578125 98.46250152587890625 98.53125 96.47499847412109375 90.96250152587890625 81.97499847412109375 71.4187469482421875 67.6875 66.6687469482421875
107.41249847412109375 106.0625 103.4562530517578125 100.84999847412109375 98.2375030517578125 95.71250152587890625 93.43125152587890625 90.6437530517578125 89.5124969482421875 87.28749847412109375 83.34999847412109375 77.94374847412109375 71.1374969482421875 63.799999237060546875 58.09999847412109375 52.03749847412109375 46.75 42.825000762939453125 40.737499237060546875 37.8125 35.893749237060546875 34.02500152587890625 32.831249237060546875 37.143749237060546875 42.518749237060546875 46.731250762939453125 51.231250762939453125 54.86875152587890625 57.875 62.375 67.4187469482421875 76.875 87.8312530517578125 102.2375030517578125 118.4250030517578125 115.61875152587890625 106.78125 101.38124847412109375 96.1062469482421875 90.59999847412109375 84.65000152587890625 77.74375152587890625 74.0187530517578125 72.63124847412109375
101.5812530517578125 99.16249847412109375 96.8562469482421875 94.72499847412109375 93.2687530517578125 91.96875 89.8874969482421875 88.31874847412109375 87.69374847412109375 86.1437530517578125 83.11875152587890625 78.72499847412109375 73.5625 67.1875 60.956249237060546875 54.15000152587890625 48.71875 44.456249237060546875 42.012500762939453125 39.106250762939453125 36.40000152587890625 34.90000152587890625 34.30625152587890625 39.08750152587890625 44.512500762939453125 49.81874847412109375 56.481250762939453125 61.09375 66.5749969482421875 72.3874969482421875 78.3249969482421875 86.40625 96.5749969482421875 109.0500030517578125 117.0812530517578125 115.90000152587890625 107.8937530517578125 102.5124969482421875 96.84999847412109375 92.69374847412109375 89.21875 85.34375 83.6999969482421875 82.52500152587890625
96.56874847412109375 95.29375457763671875 92.36875152587890625 90.5 88.9875030517578125 87.96875 86.9875030517578125 86.05625152587890625 86.6125030517578125 85.1750030517578125 83.9499969482421875 80.80625152587890625 77.7312469482421875 72.2624969482421875 64.3312530517578125 57.03749847412109375 50.75624847412109375 46.59999847412109375 43.09999847412109375 40.13124847412109375 37.88124847412109375 36.612499237060546875 36.112499237060546875 40.77500152587890625 47.081249237060546875 53.00624847412109375 59.9375 67.2937469482421875 73.5625 79.32500457763671875 86.44374847412109375 95.11875152587890625 102.9812469482421875 110.56874847412109375 114.0124969482421875 109.9499969482421875 105.38124847412109375 101.03749847412109375 97.41249847412109375 96.3562469482421875 96.2624969482421875 94.0187530517578125 93.03749847412109375 92.22499847412109375
93.4875030517578125 91 88.72499847412109375 86.3249969482421875 84.1999969482421875 84.46250152587890625 84.2312469482421875 83.56874847412109375 84.25 83.5625 82.47499847412109375 81.69374847412109375 81.0625 75.80625152587890625 67.125 59.31874847412109375 53.018749237060546875 48.71875 45.11875152587890625 41.762500762939453125 39.737499237060546875 38.27500152587890625 38.34999847412109375 43.700000762939453125 50.15000152587890625 56.02500152587890625 63.09999847412109375 70.7375030517578125 79.1062469482421875 85.68125152587890625 92.61875152587890625 101.15000152587890625 107.0812530517578125 112.25 114.6999969482421875 109.75624847412109375 107.0500030517578125 105.6999969482421875 103.50624847412109375 104.5187530517578125 104.83750152587890625 103.21875 103.2312469482421875 102.9187469482421875
91.6999969482421875 88.46250152587890625 85.3937530517578125 82.55625152587890625 82.53749847412109375 82.4250030517578125 82.0124969482421875 81.6687469482421875 82.0124969482421875 82.02500152587890625 81.5625 80.3625030517578125 79.09999847412109375 75.41249847412109375 68.2312469482421875 60.893749237060546875 54.9375 50.33750152587890625 46.53125 43.456249237060546875 41.80625152587890625 40.387500762939453125 41.043750762939453125 47.081249237060546875 53.174999237060546875 60.24375152587890625 67.66249847412109375 75.8625030517578125 84.5187530517578125 91.7687530517578125 98.36249542236328125 105.84375 112.41249847412109375 116.69374847412109375 117.9250030517578125 114.90000152587890625 114.8312530517578125 114.7312469482421875 112.96250152587890625 113.50624847412109375 113.93125152587890625 113.625 113.93125152587890625 116.3625030517578125
91.84999847412109375 89.47499847412109375 84.9250030517578125 82.5 80.7312469482421875 80.34999847412109375 80.3312530517578125 79.96250152587890625 80.09999847412109375 80.40000152587890625 79.2937469482421875 78.46250152587890625 77.125 74 68.1750030517578125 61.88124847412109375 56.13124847412109375 51.987499237060546875 48.106250762939453125 44.956249237060546875 43.55625152587890625 42.36875152587890625 43.424999237060546875 50.143749237060546875 57.049999237060546875 63.99375152587890625 72.74375152587890625 82.2624969482421875 90.81874847412109375 98.14374542236328125 104.69374847412109375 112.4875030517578125 117.0500030517578125 120.97499847412109375 123.96875 125.28749847412109375 125.21875 125.90000152587890625 126.0187530517578125 125.59375 126.81874847412109375 125.65000152587890625 125.5625 128.850006103515625
93.6125030517578125 90.1125030517578125 86.15000152587890625 83.6687469482421875 81.1750030517578125 80.6750030517578125 80.0437469482421875 78.9812469482421875 78.2624969482421875 78.43125152587890625 78.22499847412109375 77.7624969482421875 76.40000152587890625 74.1374969482421875 69.0625 63.40000152587890625 58.59375 54.081249237060546875 50.262500762939453125 47.0625 45.924999237060546875 44.825000762939453125 45.71250152587890625 53.700000762939453125 60.94374847412109375 68.6750030517578125 78.0500030517578125 87.2312469482421875 96.375 103.44374847412109375 109.8562469482421875 116.36875152587890625 123.78749847412109375 129.181243896484375 132.631256103515625 136.1062469482421875 138.75 140.024993896484375 140.368743896484375 140.6125030517578125 140.412506103515625 139.4499969482421875 139.5124969482421875 139.75
95.30625152587890625 91.75624847412109375 88.31874847412109375 84.7375030517578125 82.4187469482421875 81.0812530517578125 80.13124847412109375 78.84375 77.61875152587890625 77.7375030517578125 77.2687530517578125 76.93125152587890625 76.08750152587890625 74.9562530517578125 70.15625 65.0187530517578125 60.34999847412109375 56.081249237060546875 52.3125 49.47499847412109375 48.28125 47.44374847412109375 48.387500762939453125 56.543750762939453125 65.21875 73.28749847412109375 82.91249847412109375 92.6750030517578125 102.1999969482421875 109.81874847412109375 115.22499847412109375 121.8312530517578125 130.9250030517578125 137.556243896484375 143.40625 147.912506103515625 153.9875030517578125 157.962493896484375 158.3937530517578125 158.256256103515625 158.024993896484375 156.600006103515625 152.3874969482421875 152.7312469482421875
97.7312469482421875 93.80625152587890625 89.5437469482421875 85.72499847412109375 82.93125152587890625 80.96875 79.4375 78.22499847412109375 77.3000030517578125 76.84999847412109375 76.1999969482421875 75.875 76.27500152587890625 75.09999847412109375 70.75 67.09999847412109375 63.606250762939453125 58.137500762939453125 54.25624847412109375 51.5625 50.737499237060546875 50.262500762939453125 51.487499237060546875 60.18125152587890625 68.75624847412109375 77.91249847412109375 87.9875030517578125 98.8125 109.88124847412109375 116.05625152587890625 120.75624847412109375 127.15625 136.4499969482421875 145.7687530517578125 155.6875 161.5124969482421875 170.5500030517578125 177.899993896484375 179.6750030517578125 179.1875 174.3000030517578125 168.7937469482421875 166.34375 167.087493896484375
102.52500152587890625 98.22499847412109375 92.59999847412109375 88.15625 84.75624847412109375 82.625 80.78749847412109375 79.11875152587890625 77.9875030517578125 77.03125 76.1374969482421875 76.58750152587890625 76.8937530517578125 76.2375030517578125 73.3249969482421875 69.6062469482421875 65.8937530517578125 61.52500152587890625 57.237499237060546875 54.40000152587890625 53.831249237060546875 53.706249237060546875 54.49375152587890625 62.881252288818359375 72.5625 82.8125 92.7937469482421875 103.18125152587890625 113.16249847412109375 120.7312469482421875 127.6999969482421875 135.3000030517578125 145.399993896484375 156.350006103515625 168.6062469482421875 177.6999969482421875 189.556243896484375 201.9375 201.493743896484375 205.399993896484375 204.056243896484375 196.3249969482421875 189.899993896484375 189.3812408447265625
105.8625030517578125 101.50624847412109375 96.625 91.0500030517578125 87.52500152587890625 85.2687530517578125 82.21875 79.9250030517578125 78.8937530517578125 78.08750152587890625 77.00624847412109375 77.27500152587890625 79.00624847412109375 78.2937469482421875 75.47499847412109375 72.2062530517578125 69.6999969482421875 65.5500030517578125 61.1875 58.681247711181640625 57.856250762939453125 57.856250762939453125 58.737499237060546875 67.0124969482421875 76.59999847412109375 87.13124847412109375 97.27500152587890625 107.4562530517578125 117.59375 124.3625030517578125 133.368743896484375 142.6687469482421875 154.0749969482421875 169.2312469482421875 183.6750030517578125 193.212493896484375 207.8625030517578125 224.4250030517578125 229.8625030517578125 234.6875 233.875 224.2624969482421875 215.75 212.2687530517578125
110.16249847412109375 104.3874969482421875 99.01250457763671875 94.1374969482421875 91.27500152587890625 87.78125 84.52500152587890625 81.875 80.8625030517578125 79.5749969482421875 78.68125152587890625 78.82500457763671875 79.2062530517578125 79.75624847412109375 78.3937530517578125 76.99375152587890625 74.40000152587890625 70.5 66.9250030517578125 64.81874847412109375 64.0187530517578125 62.5625 63.28749847412109375 71.2062530517578125 81.96250152587890625 91.0812530517578125 100.6687469482421875 112 122.1437530517578125 130.2062530517578125 140.03125 149.0625 162.9812469482421875 179.5625 195.4562530517578125 207.3874969482421875 223.7937469482421875 240.125 248.25 255.6875 259.39373779296875 249.8874969482421875 242.03125 236.3000030517578125
113.2312469482421875 108.49375152587890625 102.875 98.5500030517578125 95.59375 92.3562469482421875 89.53749847412109375 86.2062530517578125 84.59375 82.4875030517578125 83.1750030517578125 82.22499847412109375 82.66249847412109375 84.5124969482421875 83.6875 83.43125152587890625 81.9250030517578125 79.31874847412109375 75.875 73.6374969482421875 71.8562469482421875 69.91249847412109375 69.15000152587890625 76.47499847412109375 86.0124969482421875 93.9875030517578125 103.53749847412109375 114.41249847412109375 124.7937469482421875 135.8937530517578125 146.0625 157.0812530517578125 171.5 189.4250030517578125 208.1125030517578125 221.537506103515625 237.4187469482421875 251.3562469482421875 261.20623779296875 273.125 279.649993896484375 273.5625 268.82501220703125 263.493743896484375
115.2062530517578125 111.72499847412109375 107.5749969482421875 103.59999847412109375 100.2375030517578125 97.11875152587890625 94.6374969482421875 91.4812469482421875 88.74375152587890625 86.91249847412109375 85.8312530517578125 86.8562469482421875 87.1374969482421875 87.34999847412109375 88.47499847412109375 89.28749847412109375 90.2062530517578125 88.3625030517578125 85.8562469482421875 83.5500030517578125 81.0625 77.8937530517578125 76.08750152587890625 81.7062530517578125 89.0124969482421875 95.96250152587890625 105.3125 116 126.09999847412109375 138.3625030517578125 151.118743896484375 164.212493896484375 180.631256103515625 199.0500030517578125 218.9875030517578125 237.5437469482421875 251.4250030517578125 265.087493896484375 277.1875 287.46875 295.17498779296875 296.725006103515625 297.36248779296875 294.79998779296875
117.88124847412109375 114.99375152587890625 111.65625 108.84375 105.9499969482421875 102.27500152587890625 100.09375 97.0124969482421875 93.09375 90.9562530517578125 90.3874969482421875 92.0124969482421875 92.3312530517578125 92.72499847412109375 94.65625 97.00624847412109375 98.6875 96.99375152587890625 96.34999847412109375 93.90625 91.1750030517578125 86.99375152587890625 83.24375152587890625 86.9499969482421875 91.63124847412109375 98.0749969482421875 107.6750030517578125 117.34375 127.3625030517578125 140.4250030517578125 154.59375 168.537506103515625 186.84375 206.9812469482421875 226.631256103515625 243.306243896484375 260.274993896484375 279.17498779296875 290.04998779296875 302.46875 307.274993896484375 308.95001220703125 315.743743896484375 314.90625
119.7687530517578125 116.78749847412109375 114.44374847412109375 112.125 109.625 106.8562469482421875 103.78749847412109375 101.88124847412109375 98.6374969482421875 96.16249847412109375 96.18125152587890625 97.6062469482421875 99.2375030517578125 100.44374847412109375 102.4812469482421875 105.1999969482421875 106.88124847412109375 106.53749847412109375 106.3562469482421875 105.53749847412109375 101.27500152587890625 96.3249969482421875 90.9562530517578125 92.21875 95.38124847412109375 99.7312469482421875 107.58750152587890625 116.59375 126.15000152587890625 139.662506103515625 155.1062469482421875 170.837493896484375 188.5500030517578125 208.9812469482421875 228.5124969482421875 243.1875 263.600006103515625 280.29376220703125 291.26873779296875 302.4375 312.04998779296875 314.162506103515625 317.90625 320.61248779296875
121.4499969482421875 119.11875152587890625 116.8562469482421875 114.4375 113.3249969482421875 110.9812469482421875 108.8249969482421875 106.875 104.4812469482421875 101.41249847412109375 102.84999847412109375 107.66249847412109375 109.3000030517578125 109.99375152587890625 112.1750030517578125 113.8874969482421875 115.77500152587890625 114.75 114.03125 112.94374847412109375 109.74375152587890625 103.0749969482421875 97.41249847412109375 96.4875030517578125 97.7375030517578125 100.65000152587890625 106.8312530517578125 114.18125152587890625 123 137.899993896484375 154.037506103515625 171.056243896484375 190.5187530517578125 211.193756103515625 230.8000030517578125 246.9187469482421875 264.84375 282.587493896484375 291.61248779296875 300.712493896484375 309.743743896484375 312.10626220703125 318.89373779296875 324.725006103515625
122.8874969482421875 121.5500030517578125 119.81874847412109375 117.375 116.8000030517578125 115.6374969482421875 114.34375 113.4187469482421875 112.18125152587890625 109.56874847412109375 117.6687469482421875 121.69374847412109375 121.21250152587890625 120.43125152587890625 121.6999969482421875 123.2062530517578125 122.68125152587890625 121.64374542236328125 119.3625030517578125 116.71875 114.00624847412109375 107.84999847412109375 102.4499969482421875 99.93125152587890625 99.16249847412109375 100.0812530517578125 105.83750152587890625 112.46250152587890625 120.44374847412109375 136.037506103515625 150.618743896484375 167.6687469482421875 187.587493896484375 210.774993896484375 231.4250030517578125 243.3562469482421875 260.100006103515625 276.28125 290.01873779296875 300.76873779296875 305.58123779296875 314.38751220703125 316.037506103515625 320
