data/historical-monthly-weather-data/wc2.1_cruts4.09_10m_prec_2020-05.asc
ncols        45
nrows        45
xllcorner    -63.500000000000
yllcorner    -7.500000000000
cellsize     0.166666666667
NODATA_value -9999
[rows 0 to 19 of 45, columns 0 to 43 of 45]
509.73126220703125 521.51251220703125 521.8125 529.75 532.3187255859375 527.4437255859375 515.1312255859375 506.006256103515625 495.131256103515625 488.16876220703125 477.9375 461.431243896484375 447.600006103515625 434.712493896484375 418.837493896484375 405.493743896484375 390.881256103515625 376.26873779296875 365.287506103515625 358.01251220703125 354.875 351.875 352.899993896484375 350.10626220703125 348.98748779296875 349.98126220703125 349.63751220703125 351.287506103515625 350.225006103515625 352.96875 351.1875 351.993743896484375 353.23126220703125 352.46875 350.83123779296875 345.0625 336.53125 324.399993896484375 308.76251220703125 294.15625 276.96875 259.79998779296875 240.381256103515625 224.7312469482421875
506.9375 517.1875 525.54376220703125 538.42498779296875 550.33123779296875 548.1500244140625 536.6812744140625 528.63751220703125 520.53125 508.837493896484375 498.29376220703125 480.17498779296875 462.0625 444.79376220703125 425.41876220703125 407.306243896484375 389.98748779296875 372.75 362.475006103515625 354.38751220703125 351.78125 350.92498779296875 350.15625 350.556243896484375 349.23126220703125 348.11248779296875 349.90625 351.306243896484375 351.51251220703125 351.868743896484375 350.26251220703125 354.54998779296875 352.32501220703125 353.08123779296875 349.53125 335.931243896484375 325.95001220703125 311.28125 295.1875 273.774993896484375 254.350006103515625 238.662506103515625 218.1687469482421875 198.225006103515625
488.318756103515625 502.86248779296875 517.35626220703125 530.60626220703125 541.45001220703125 544.10626220703125 542.45001220703125 542.0250244140625 536.6937255859375 526.1624755859375 514 492.475006103515625 470.54998779296875 447.337493896484375 426.412506103515625 408 387.618743896484375 369.506256103515625 359.23126220703125 352.51873779296875 350.787506103515625 352.756256103515625 352.83123779296875 351.76873779296875 349.756256103515625 350.975006103515625 353.9375 353.26251220703125 350.82501220703125 350.63751220703125 349.23126220703125 350.6875 351.20623779296875 347.962493896484375 344.962493896484375 329.287506103515625 316.256256103515625 301.512481689453125 283.11248779296875 263.33123779296875 245.756256103515625 226.350006103515625 208.1999969482421875 189.1125030517578125
462.48748779296875 473.23748779296875 498.381256103515625 512.7562255859375 526.625 531.65625 536.3062744140625 544.5 548.95623779296875 542.58123779296875 526.67498779296875 501.9375 473.524993896484375 448.100006103515625 425.25 403.8125 381.48126220703125 365 355.306243896484375 352.40625 356.66876220703125 357.45623779296875 356.006256103515625 355.287506103515625 352.78125 351.087493896484375 354.11248779296875 350.712493896484375 347.587493896484375 349.9375 349.08123779296875 349.45001220703125 346.32501220703125 340.71875 333.33123779296875 322.57501220703125 309.943756103515625 293.962493896484375 275.61248779296875 256.25 236.9250030517578125 220.506256103515625 200.375 181.5500030517578125
465.962493896484375 470.95001220703125 471.90625 486.568756103515625 505.35626220703125 512.2874755859375 523.40625 538.46875 553.03125 554.98126220703125 533.1500244140625 500.29376220703125 474.443756103515625 449.35626220703125 424.89373779296875 400.4375 376.193756103515625 361.287506103515625 352.54998779296875 352.618743896484375 357.8125 358.13751220703125 355.681243896484375 358.556243896484375 353.899993896484375 351.375 347.725006103515625 347.943756103515625 345.78125 346.23126220703125 347.29376220703125 345.318756103515625 339.8125 336.14373779296875 329.399993896484375 315.443756103515625 303.5 289.306243896484375 271.681243896484375 251.6062469482421875 233.399993896484375 214.7062530517578125 195.8562469482421875 178.9499969482421875
460.618743896484375 465.462493896484375 463.087493896484375 457.056243896484375 475.649993896484375 491.193756103515625 503.212493896484375 514.90625 532.08123779296875 538.35626220703125 520.96875 487.787506103515625 467.087493896484375 446.26251220703125 420.337493896484375 401.23126220703125 376.681243896484375 361.681243896484375 355.91876220703125 358.856231689453125 361.26251220703125 362.54376220703125 362.83123779296875 358.34375 354.26873779296875 350.84375 347.45623779296875 344.86248779296875 344.318756103515625 345.225006103515625 345.912506103515625 345.693756103515625 339.73748779296875 334.931243896484375 327.618743896484375 316.875 305.03125 292.006256103515625 279.212493896484375 260.649993896484375 241.225006103515625 224.4875030517578125 206.375 190.587493896484375
458.875 460.162506103515625 455.73126220703125 450.09375 452.48126220703125 458.34375 468.375 479.04376220703125 479.537506103515625 487.51873779296875 483.96875 465.806243896484375 452.681243896484375 437.850006103515625 418.26251220703125 399.600006103515625 383.681243896484375 373.73748779296875 367.83123779296875 371.48748779296875 369.381256103515625 366.625 361.256256103515625 358.67498779296875 355.29998779296875 354.03125 348.443756103515625 344.556243896484375 339.875 341.21875 342.79998779296875 340.13751220703125 333.0625 328.375 322.98748779296875 316.11248779296875 305.28125 294.54998779296875 284.08123779296875 269.67498779296875 250.537506103515625 233.443756103515625 217.0500030517578125 203.912506103515625
455.40625 453.88751220703125 447.943756103515625 445.07501220703125 445.649993896484375 450.462493896484375 445.118743896484375 430.612518310546875 418.225006103515625 430.587493896484375 446.118743896484375 442.993743896484375 440.318756103515625 429.79376220703125 416.36248779296875 404.074981689453125 391.58123779296875 386.931243896484375 382.649993896484375 380.399993896484375 379.793731689453125 372.82501220703125 365.806243896484375 357.26873779296875 355.29998779296875 346.73126220703125 345.04376220703125 339.66876220703125 335.59375 336.95623779296875 337.95623779296875 335.024993896484375 329.65625 322.34375 314.537506103515625 307.91876220703125 301.131256103515625 294.63751220703125 283.51873779296875 267.337493896484375 253.618743896484375 238.850006103515625 225.34375 211.9499969482421875
451.48126220703125 448.943756103515625 445.03125 439.493743896484375 436.975006103515625 437.83123779296875 431.76873779296875 420.193756103515625 399.33123779296875 393.774993896484375 409.95001220703125 418.95001220703125 426.04998779296875 419.51873779296875 411.45623779296875 406.26873779296875 399.318756103515625 398.21875 398.53125 388.524993896484375 377.556243896484375 373.631256103515625 360.54998779296875 359.92498779296875 350.45001220703125 340.51873779296875 335.71875 335.787506103515625 337.243743896484375 336.649993896484375 340.006256103515625 335.58123779296875 323.59375 313.26251220703125 307.96875 303.681243896484375 299.04998779296875 294.4375 287.024993896484375 271.712493896484375 256.79376220703125 243.6687469482421875 234.4562530517578125 225.4875030517578125
446.07501220703125 444.806243896484375 440.649993896484375 436.875 429.537506103515625 429.70623779296875 425.631256103515625 417.662506103515625 407.6875 405.725006103515625 410.850006103515625 407.20001220703125 416.21875 411.287506103515625 410.08123779296875 405.73126220703125 402.28125 401.82501220703125 403.57501220703125 400.243743896484375 384.4375 369.381256103515625 356.943756103515625 352.787506103515625 340.51873779296875 331.100006103515625 327.07501220703125 328.33123779296875 333.037506103515625 337.26251220703125 335.943756103515625 330.17498779296875 321.556243896484375 311.899993896484375 302.975006103515625 298.931243896484375 294.412506103515625 291.662506103515625 286.537506103515625 278.318756103515625 268.85626220703125 259.92498779296875 245.9812469482421875 233.71875
440.243743896484375 440.33123779296875 434.443756103515625 431.07501220703125 423.71875 425.32501220703125 423.006256103515625 413.66876220703125 407.431243896484375 409.58123779296875 415.306243896484375 416.29376220703125 408.056243896484375 406.774993896484375 404.725006103515625 402.29998779296875 401.962493896484375 403.524993896484375 404.58123779296875 405.493743896484375 401.131256103515625 378.95001220703125 358.28125 334.756256103515625 331.26873779296875 327.100006103515625 324.20001220703125 325.9375 326.649993896484375 327.48126220703125 328.918731689453125 326.14373779296875 316.58123779296875 306.29998779296875 296.40625 290.274993896484375 286.73748779296875 286.4375 286.412506103515625 282.368743896484375 276.256256103515625 267.118743896484375 259.45623779296875 245.037506103515625
436.475006103515625 433.868743896484375 429.13751220703125 425.743743896484375 421.04998779296875 417.9375 419.443756103515625 416 414.006256103515625 410.568756103515625 414.83123779296875 420.76873779296875 406.625 402.73748779296875 403.76251220703125 398.393768310546875 397.375 398.431243896484375 400.787506103515625 406.743743896484375 406.993743896484375 391.46875 367.96875 340.662506103515625 322.631256103515625 311.09375 308.26251220703125 312.243743896484375 318.287506103515625 319.193756103515625 316.5625 313.96875 304.83123779296875 294.6875 288.14373779296875 286.318756103515625 285.600006103515625 284.08123779296875 283.08123779296875 281.4375 279.33123779296875 271.59375 260.181243896484375 238.993743896484375
433.83123779296875 427.29376220703125 421.556243896484375 418.662506103515625 413.28125 413.45001220703125 411.28125 406.86248779296875 406.60626220703125 408.912506103515625 411.92498779296875 415.58123779296875 409.64373779296875 391.681243896484375 388.67498779296875 389.92498779296875 388.350006103515625 389.537506103515625 391.15625 396.66876220703125 401.73748779296875 385.412506103515625 363.625 337.068756103515625 303.71875 288.25 296.10626220703125 303.70001220703125 312.868743896484375 315.462493896484375 310.537506103515625 303.17498779296875 292.75 281.78125 276.59375 278.787506103515625 280.743743896484375 283.57501220703125 286.462493896484375 285.59375 281.98748779296875 275.5625 256.662506103515625 239.3249969482421875
421.61248779296875 415.85626220703125 412.181243896484375 408.65625 405.756256103515625 403.543731689453125 400.21875 397.556243896484375 400.243743896484375 401.868743896484375 397.462493896484375 397.57501220703125 393.462493896484375 384.681243896484375 368.41876220703125 373.193756103515625 371.449981689453125 370.212493896484375 374.318756103515625 380.15625 381.17498779296875 368.75 351.412506103515625 331.26251220703125 305.21875 288.35626220703125 290.57501220703125 294.975006103515625 303.3125 302.875 302.76873779296875 294.256256103515625 283.587493896484375 273.11248779296875 266.443756103515625 272.587493896484375 279.96875 286.95001220703125 292.375 289.10626220703125 275.6875 261.21875 254.306243896484375 250.7312469482421875
406.76873779296875 403.70623779296875 401.587493896484375 397.6875 393.787506103515625 392.243743896484375 392.931243896484375 392.85626220703125 392.4375 389.5625 384.20001220703125 381.993743896484375 374.756256103515625 365.475006103515625 343.837493896484375 345.600006103515625 346.54998779296875 350.024993896484375 353.60626220703125 357.181243896484375 359.41876220703125 352.475006103515625 342.475006103515625 335 322.04998779296875 310.162506103515625 306.787506103515625 308.23126220703125 310.899993896484375 306.88751220703125 296.41876220703125 286.0625 279.006256103515625 263.850006103515625 251.743743896484375 255.7062530517578125 275.4375 290.20001220703125 292.931243896484375 284.70001220703125 269.58123779296875 262.38751220703125 263.90625 258.91876220703125
390.66876220703125 387.431243896484375 387.92498779296875 386.23126220703125 381.83123779296875 382.912506103515625 384.54998779296875 383.712493896484375 380.82501220703125 379.087493896484375 372.3125 367.600006103515625 359.76251220703125 352.54376220703125 335.20001220703125 316.75 322.23748779296875 332.818756103515625 332.9375 335.912506103515625 339.13751220703125 341.51873779296875 340.875 342.743743896484375 335.53125 324.59375 319.818756103515625 317.1875 317.725006103515625 314.181243896484375 307.53125 294.40625 273.3125 252.8062591552734375 239.181243896484375 257.524993896484375 270.725006103515625 283.90625 289.29376220703125 286.75 276.431243896484375 269.149993896484375 265.67498779296875 255.493743896484375
376.8125 374.837493896484375 373.09375 373.587493896484375 373.54376220703125 371.96875 371.412506103515625 369.60626220703125 369.64373779296875 367.787506103515625 363.39373779296875 360.39373779296875 351.39373779296875 342.04376220703125 328.85626220703125 314.837493896484375 298.912506103515625 306.774993896484375 312.54998779296875 316.86248779296875 321.850006103515625 326.375 334.20001220703125 346.54376220703125 349.41876220703125 331.037506103515625 323.23748779296875 321.73126220703125 322.1875 318.068756103515625 312.82501220703125 304.53125 284.681243896484375 265.82501220703125 265.024993896484375 270.71875 283.95623779296875 296.91876220703125 306.54376220703125 295.350006103515625 281.931243896484375 271.337493896484375 260.48126220703125 253.993743896484375
358.88751220703125 360.024993896484375 360.818756103515625 360.556243896484375 361.04376220703125 363.65625 361.600006103515625 358.493743896484375 357 356.8125 353.45001220703125 353.28125 340.850006103515625 333.54998779296875 321.34375 309.57501220703125 294.98748779296875 281.11248779296875 297.13751220703125 299.58123779296875 304.287506103515625 311.63751220703125 321.4375 336.625 344.350006103515625 332.9375 320.837493896484375 322.90625 325.09375 316.318756103515625 300.818756103515625 287.57501220703125 291.98748779296875 287.09375 281.318756103515625 298.631256103515625 311.443756103515625 313.64373779296875 313.806243896484375 303.975006103515625 282.056243896484375 269.381256103515625 258.23748779296875 251.993743896484375
340.975006103515625 343.54376220703125 344.28125 347.73748779296875 350.67498779296875 351.35626220703125 351.350006103515625 350.78125 349.98748779296875 351.98126220703125 347.09375 336.83123779296875 326.90625 320.537506103515625 309.53125 301.33123779296875 292.087493896484375 275.087493896484375 271.524993896484375 276.287506103515625 283.524993896484375 296.431243896484375 291.6875 310.443756103515625 320.943756103515625 325.76251220703125 324.743743896484375 320.681243896484375 323.125 314.3125 303.225006103515625 298.975006103515625 301.33123779296875 297.34375 296.337493896484375 308.756256103515625 312.837493896484375 311.331268310546875 311.537506103515625 297.5625 278.23126220703125 263.537506103515625 255.5437469482421875 251.806243896484375
321.993743896484375 326.131256103515625 328.962493896484375 330.26873779296875 334.88751220703125 342.23748779296875 344.98126220703125 344.82501220703125 344.64373779296875 343.225006103515625 342.09375 337.59375 332.087493896484375 319.92498779296875 305.95623779296875 286.524993896484375 270.61248779296875 269.23126220703125 264.14373779296875 265.01873779296875 263.57501220703125 270.65625 282.9375 293.90625 300.40625 300.943756103515625 306.33123779296875 314.36248779296875 311.70001220703125 300.806243896484375 297.618743896484375 309.84375 307.712493896484375 301.92498779296875 305.056243896484375 312.88751220703125 315.5625 314.162506103515625 306.10626220703125 293.8125 272.35626220703125 257.431243896484375 253.3625030517578125 249.6374969482421875
