data/historical-monthly-weather-data/wc2.1_cruts4.09_10m_prec_1975-12.asc
ncols        51
nrows        45
xllcorner    -63.500000000000
yllcorner    -7.500000000000
cellsize     0.166666666667
NODATA_value -9999
[rows 0 to 19 of 45, columns 0 to 44 of 51]
217.46875 214.3562469482421875 208.556243896484375 205.40625 200.3000030517578125 196.756256103515625 192.1999969482421875 186.131256103515625 180.662506103515625 175.899993896484375 173.7375030517578125 170.0437469482421875 167.381256103515625 162.818756103515625 157.993743896484375 153.243743896484375 149.1374969482421875 144.2624969482421875 141.09375 138.318756103515625 138.40625 138.3937530517578125 138.21875 137.118743896484375 135.693756103515625 133.8937530517578125 132.8000030517578125 131.71875 131.162506103515625 133.8562469482421875 136.4875030517578125 140.118743896484375 144.024993896484375 147.774993896484375 151.5625 158.306243896484375 163.875 169.1875 172.6437530517578125 176.4499969482421875 179.53125 180.818756103515625 181.774993896484375 181.4875030517578125 181.75
219.8125 215.443756103515625 212.212493896484375 210.1875 207.4562530517578125 202.6999969482421875 196.6062469482421875 192.8125 189.3562469482421875 185.4875030517578125 182.2937469482421875 177.09375 173.40625 169.037506103515625 163.649993896484375 158.625 154.0437469482421875 148.6875 143.78125 140.6125030517578125 139.7687530517578125 139.1062469482421875 139.1125030517578125 138.243743896484375 137.1999969482421875 135.8937530517578125 135.3562469482421875 134.662506103515625 134.443756103515625 137.350006103515625 139.743743896484375 143.3249969482421875 147.1437530517578125 152.0437469482421875 157.6687469482421875 163.2624969482421875 171.4562530517578125 178.212493896484375 181.212493896484375 184.662506103515625 187.4250030517578125 188.1437530517578125 188.600006103515625 186.1999969482421875 184.524993896484375
219.2062530517578125 215.6312408447265625 212.5500030517578125 209.8625030517578125 207.131256103515625 202.4187469482421875 198.537506103515625 196.3312530517578125 193.8937530517578125 190.493743896484375 186.4499969482421875 181.256256103515625 177.6437530517578125 173.318756103515625 168.1062469482421875 162.4875030517578125 158.118743896484375 153.193756103515625 149.09375 145.90625 144.8874969482421875 144.4499969482421875 144.068756103515625 142.024993896484375 139.881256103515625 138.600006103515625 138.068756103515625 137.3125 137.537506103515625 139.399993896484375 142.0500030517578125 145.662506103515625 151.8125 156.693756103515625 162.90625 171.181243896484375 179.4875030517578125 187.1374969482421875 191.6437530517578125 195.4812469482421875 198.1687469482421875 197.84375 196.2062530517578125 194.568756103515625 190.681243896484375
216.193756103515625 214.4187469482421875 212.493743896484375 207.8625030517578125 205.162506103515625 201.493743896484375 199.0437469482421875 197.881256103515625 196.024993896484375 194.149993896484375 190.28125 185.381256103515625 180.96875 176.8000030517578125 171.274993896484375 166.225006103515625 161.8312530517578125 156.9187469482421875 153.9437408447265625 152.756256103515625 151.84375 150.818756103515625 148.8562469482421875 145.881256103515625 142.1437530517578125 140.0812530517578125 139.6875 138.59375 139.1750030517578125 141.78125 144.1312408447265625 147.0437469482421875 154.462493896484375 161.787506103515625 168.75 178.068756103515625 186.9875030517578125 196.25 202.5187530517578125 206.6750030517578125 208.743743896484375 207.40625 204.6437530517578125 202.4812469482421875 197.118743896484375
222.4499969482421875 216.256256103515625 209.462493896484375 205.6374969482421875 203.15625 200.9812469482421875 198.881256103515625 198.1062469482421875 198.306243896484375 197.40625 193.037506103515625 187.5437469482421875 184.03125 180.318756103515625 174.75 169.693756103515625 165.118743896484375 161.28125 159.662506103515625 160.024993896484375 158.9375 156.318756103515625 153.3937530517578125 149.212493896484375 144.34375 141.381256103515625 139.8625030517578125 139.0625 139.7312469482421875 142.7375030517578125 145.506256103515625 148.149993896484375 155.90625 164.46875 172.806243896484375 183.931243896484375 195.4000091552734375 205.71875 212.7062530517578125 217.118743896484375 219.25 216.65625 213.375 208.743743896484375 203.03125
226.5500030517578125 220.899993896484375 212.28125 204.475006103515625 202.712493896484375 202.8312530517578125 202.006256103515625 200.8625030517578125 200.524993896484375 199.6437530517578125 195.568756103515625 191.1125030517578125 188.681243896484375 185.443756103515625 181.6437530517578125 177.375 173.787506103515625 169.65625 169.6312408447265625 169.2375030517578125 165.9250030517578125 162.7375030517578125 158.5124969482421875 153.5812530517578125 148.3249969482421875 144.09375 143.5 142.6687469482421875 142.5437469482421875 144.96875 147.5749969482421875 150.7624969482421875 157.350006103515625 165.2312469482421875 175.943756103515625 188.131256103515625 200.21875 213.3687591552734375 221.287506103515625 224.6750030517578125 224.118743896484375 221.1187591552734375 215.806243896484375 211.649993896484375 206.2312469482421875
232.649993896484375 226.53125 218.0749969482421875 209.3625030517578125 204.5500030517578125 203.28125 202.912506103515625 201.4562530517578125 199.5500030517578125 196.725006103515625 195.7687530517578125 193.399993896484375 193.0500030517578125 190.8125 188.1437530517578125 185.568756103515625 184.125 183.53125 183.774993896484375 181.243743896484375 174.899993896484375 169.75 163.568756103515625 157.431243896484375 152.368743896484375 147.2687530517578125 145.975006103515625 146.2312469482421875 145.9812469482421875 147.337493896484375 149.1875 151.7375030517578125 159.318756103515625 167.28125 176.9875030517578125 189.4562530517578125 203.3125 217.2062530517578125 228.149993896484375 230.2937469482421875 227.9187469482421875 222.943756103515625 218.0500030517578125 212.600006103515625 205.475006103515625
238.743743896484375 231.712493896484375 223.662506103515625 216.975006103515625 212.225006103515625 208.756256103515625 204.7312469482421875 199.368743896484375 194.537506103515625 193.40625 195.5625 196.693756103515625 196.9499969482421875 197.131256103515625 195.337493896484375 194.3625030517578125 193.9812469482421875 195.8937530517578125 196.931243896484375 191.131256103515625 182.3499908447265625 174.3000030517578125 166.5812530517578125 159.506256103515625 154.6750030517578125 150.024993896484375 148.225006103515625 148.056243896484375 148.9937591552734375 150.3562469482421875 150.5 152.399993896484375 160.4250030517578125 168.4875030517578125 178.962493896484375 190.243743896484375 204.1875 217.537506103515625 226.162506103515625 229.193756103515625 228.600006103515625 223.350006103515625 218.162506103515625 212.0812530517578125 202.875
245.975006103515625 238.975006103515625 231.837493896484375 225.649993896484375 220.1875 217.03125 212.5 205.743743896484375 197.681243896484375 194.725006103515625 198.993743896484375 202.0187530517578125 203.587493896484375 203.899993896484375 203.1999969482421875 202.96875 203.28125 204.881256103515625 205.1125030517578125 198.03125 186.34375 177.25 169.181243896484375 163.4375 157.712493896484375 152.443756103515625 150.618743896484375 150.712493896484375 151.087493896484375 152.2062530517578125 153.912506103515625 155.337493896484375 162.8249969482421875 171.53125 180.9187469482421875 192.181243896484375 204.024993896484375 215.087493896484375 221.7874908447265625 225.7375030517578125 225.056243896484375 220.5124969482421875 216.568756103515625 211.493743896484375 203.725006103515625
251.4375 245.0500030517578125 238.9250030517578125 234.006256103515625 228.787506103515625 225.625 221.506256103515625 215.7375030517578125 210.6750030517578125 207.931243896484375 209.131256103515625 209.556243896484375 211.6875 210.8874969482421875 211.2624969482421875 211.287506103515625 211.1062469482421875 209.693756103515625 207.03125 200.6125030517578125 189.212493896484375 179.337493896484375 171.131256103515625 165.8625030517578125 159.625 153.943756103515625 152.34375 152.1437530517578125 152.931243896484375 154.46875 155.78125 157.649993896484375 164.693756103515625 172.4562530517578125 181.8312530517578125 193.65625 204.1125030517578125 213.6999969482421875 218.1687469482421875 221.350006103515625 222.037506103515625 218.96875 214.118743896484375 209.3874969482421875 202.881256103515625
258.243743896484375 251.75 245.4375 240.0124969482421875 236.381256103515625 234.8249969482421875 231.600006103515625 225.868743896484375 221.4375 219.524993896484375 219.756256103515625 219.962493896484375 220.03125 219.2687530517578125 218.7375030517578125 218.65625 217.381256103515625 213.662506103515625 208.3249969482421875 201.243743896484375 191.2687530517578125 181.25 172.9499969482421875 165.7312469482421875 161.6999969482421875 156.1999969482421875 153.96875 152.6437530517578125 152.162506103515625 154.162506103515625 156.0625 158.993743896484375 165.9187469482421875 173.53125 182.1875 192.537506103515625 202.5187530517578125 211.443756103515625 216.8000030517578125 219.28125 220.0500030517578125 216.8125 213.212493896484375 209.412506103515625 202.475006103515625
263.60626220703125 256.837493896484375 251.125 246.993743896484375 243.5625 242.3249969482421875 240.3125 235.4187469482421875 231.2937469482421875 230.274993896484375 230.587493896484375 231.3375091552734375 229.4375 227.6750030517578125 226.649993896484375 224.53125 221.9562530517578125 215.6062469482421875 208.9562530517578125 201.7624969482421875 190.7437591552734375 181.2687530517578125 174.2375030517578125 168.125 163.837493896484375 158.5124969482421875 155.493743896484375 153.2624969482421875 151.84375 153.899993896484375 156 159.225006103515625 166.024993896484375 173.837493896484375 182.5437469482421875 192.712493896484375 202.225006103515625 211.1687469482421875 215.9562530517578125 218.84375 219.8937530517578125 216.8125 213.024993896484375 208.756256103515625 200.3937530517578125
268.14373779296875 262.08123779296875 257.10626220703125 252.6687469482421875 249.912506103515625 247.975006103515625 245.4250030517578125 242.0749969482421875 238.931243896484375 238.6999969482421875 239.46875 240.618743896484375 238.8312530517578125 235.225006103515625 233.568756103515625 230.337493896484375 226.125 219.381256103515625 211.5749969482421875 202.774993896484375 189.412506103515625 180.6437530517578125 175.28125 170.21875 164.556243896484375 158.462493896484375 155.4875030517578125 153.40625 151.9812469482421875 152.9499969482421875 154.9812469482421875 158.0124969482421875 164.4250030517578125 172.4375 181.2624969482421875 192.1374969482421875 202.399993896484375 211.4250030517578125 216.1374969482421875 218.2062530517578125 218.837493896484375 216.850006103515625 211.7375030517578125 203.443756103515625 194.96875
270.84375 265.10626220703125 260.256256103515625 256.381256103515625 253.131256103515625 251.0500030517578125 248.443756103515625 246.881256103515625 245.8312530517578125 245.0500030517578125 244.2375030517578125 245.125 244.8312530517578125 242.399993896484375 238.568756103515625 235.9812469482421875 230.8125 222.631256103515625 214.0124969482421875 204.912506103515625 192.6437530517578125 183.100006103515625 176.1687469482421875 170.412506103515625 164.625 158.912506103515625 156.443756103515625 153.1187591552734375 150.71875 151.21875 153.03125 155.5625 162.34375 170.0437469482421875 179.5437469482421875 190.537506103515625 201.6374969482421875 212.4187469482421875 218.4937591552734375 222.212493896484375 219.837493896484375 212.712493896484375 206.3000030517578125 200.9000091552734375 194.693756103515625
273.943756103515625 268.11248779296875 263.96875 259.95001220703125 256.962493896484375 254.5687408447265625 253.243743896484375 251.850006103515625 250.8562469482421875 249.462493896484375 248.40625 249.3562469482421875 248.65625 247.024993896484375 242.6062469482421875 239.537506103515625 233.287506103515625 224.7062530517578125 215.943756103515625 208.318756103515625 196.2624969482421875 186.0187530517578125 177.475006103515625 171.40625 166.056243896484375 160.5124969482421875 157.6125030517578125 154.1687469482421875 150.899993896484375 149.568756103515625 149.818756103515625 152.225006103515625 158.8562469482421875 166.931243896484375 176.6999969482421875 186.618743896484375 199.162506103515625 212.8312530517578125 222.1875 224.4875030517578125 219.4499969482421875 212.3937530517578125 206.7062530517578125 201.899993896484375 193.1125030517578125
275.21875 269.89373779296875 266.056243896484375 262.96875 260.01873779296875 258.13751220703125 256.756256103515625 254.431243896484375 253.5749969482421875 253.537506103515625 252.149993896484375 252.5812530517578125 252.162506103515625 250.475006103515625 246.4375 240.8312530517578125 234.3312530517578125 226.9250030517578125 218.3000030517578125 210.53125 199.412506103515625 188.287506103515625 179.037506103515625 172.7937469482421875 167.943756103515625 163.743743896484375 160.4250030517578125 156.1875 151.381256103515625 147.8625030517578125 146.65625 147.4562530517578125 152.5437469482421875 160.0749969482421875 168.71875 179.3000030517578125 193.712493896484375 210.6374969482421875 223.3874969482421875 225.7687530517578125 219.6875 212.3625030517578125 206.1875 198.65625 191.3937530517578125
275.54998779296875 270.95623779296875 266.006256103515625 263.693756103515625 261.70001220703125 259.381256103515625 258.443756103515625 257.537506103515625 257.649993896484375 256.90625 255.631256103515625 255.2687530517578125 254.6875 252.9375 248.8874969482421875 242.524993896484375 233.9250030517578125 226.806243896484375 219.9375 212.368743896484375 201.506256103515625 190.3874969482421875 180.899993896484375 174.6437530517578125 170.4562530517578125 167.4250030517578125 164.5124969482421875 158.787506103515625 150.943756103515625 145.431243896484375 142.7312469482421875 143.131256103515625 146.2937469482421875 150.2312469482421875 156.506256103515625 167.8125 185.2624969482421875 208.681243896484375 230.875 228.3249969482421875 218.21875 210.100006103515625 201.962493896484375 196.53125 189.725006103515625
274.78125 270.768768310546875 266.36248779296875 264.568756103515625 262.975006103515625 262.07501220703125 261.10626220703125 259.63751220703125 259.54376220703125 259.85626220703125 259.162506103515625 258.318756103515625 256.3125 254.100006103515625 249.306243896484375 242.431243896484375 233.9250030517578125 223.9562530517578125 219.59375 212.71875 203.34375 192.850006103515625 183.412506103515625 178.056243896484375 174.40625 172.006256103515625 170.25 161.8125 150.743743896484375 142.256256103515625 137.431243896484375 136.681243896484375 140.587493896484375 145 147.681243896484375 151.9562530517578125 175.09375 202.1437530517578125 220.506256103515625 222.850006103515625 213.7624969482421875 205.912506103515625 199.8000030517578125 195.40625 189.3874969482421875
272.399993896484375 268.818756103515625 265.725006103515625 264.350006103515625 263.306243896484375 263.087493896484375 262.318756103515625 262.287506103515625 262.57501220703125 262.931243896484375 261.03125 258.712493896484375 257.100006103515625 255.181243896484375 249.4375 241.9562530517578125 233.618743896484375 223.9375 216.431243896484375 210.9250030517578125 203.881256103515625 196.3312530517578125 185.1999969482421875 181.0812530517578125 178.6750030517578125 176.431243896484375 173.100006103515625 164.725006103515625 152.4250030517578125 141.0124969482421875 132.8249969482421875 134.9499969482421875 141.256256103515625 145.0187530517578125 146.693756103515625 153.53125 172.412506103515625 193.125 208.162506103515625 211.600006103515625 206.818756103515625 200.8937530517578125 196.28125 193.506256103515625 189.8312530517578125
268.51251220703125 265.76251220703125 262.54376220703125 261.66876220703125 261.70001220703125 262.95623779296875 263.587493896484375 264.07501220703125 265.118743896484375 264.26251220703125 262.762481689453125 261.53125 259.82501220703125 256.23748779296875 248.90625 239.556243896484375 230.381256103515625 222.818756103515625 216.118743896484375 210.5500030517578125 202.4375 193.850006103515625 186.8937530517578125 184.037506103515625 182.0812530517578125 179.7312469482421875 175.6875 168.806243896484375 157.4375 145.7687530517578125 138.90625 141.125 146.2312469482421875 151.375 156.493743896484375 163.506256103515625 176.712493896484375 191.475006103515625 201.65625 205.09375 202.03125 195.443756103515625 193.600006103515625 192.7375030517578125 190.693756103515625
