data/historical-monthly-weather-data/wc2.1_cruts4.09_10m_prec_1985-04.asc
ncols        51
nrows        45
xllcorner    -63.500000000000
yllcorner    -7.500000000000
cellsize     0.166666666667
NODATA_value -9999
[rows 20 to 39 of 45, columns 0 to 43 of 51]
156.868743896484375 163.4499969482421875 169.1374969482421875 174.3625030517578125 178.71875 185.962493896484375 192.7687530517578125 196.5812530517578125 199.4499969482421875 199.75 197.5 190.037506103515625 182.3000030517578125 175.84375 167.431243896484375 160.368743896484375 154.8000030517578125 152.1875 151.193756103515625 149.149993896484375 145.443756103515625 139.8312530517578125 133.71875 131.649993896484375 131.78125 132.149993896484375 134.693756103515625 137.4499969482421875 139.5500030517578125 143.662506103515625 145.8562469482421875 146.9812469482421875 138.7312469482421875 128.6812591552734375 120.81874847412109375 129.4812469482421875 142.8937530517578125 154.337493896484375 163.0812530517578125 168.881256103515625 172.2624969482421875 175.6687469482421875 176.037506103515625 177.6062469482421875
155.8312530517578125 161.1062469482421875 167.681243896484375 176.287506103515625 183.0500030517578125 189.1999969482421875 196.0749969482421875 201.5187530517578125 204.274993896484375 202.2937469482421875 196.5187530517578125 185.8249969482421875 177.0124969482421875 171.0437469482421875 166.1437530517578125 160.3874969482421875 156.8312530517578125 153.3312530517578125 151.412506103515625 148.4875030517578125 142.21875 136.725006103515625 132.649993896484375 131.287506103515625 131.818756103515625 134.71875 143.443756103515625 146.1999969482421875 147.96875 152.431243896484375 154.725006103515625 154.9250030517578125 147.1999969482421875 139.193756103515625 134.75 139.243743896484375 149.1750030517578125 158.53125 164.75 168.6374969482421875 171.2937469482421875 173.46875 173.5749969482421875 174.28125
155.53125 164.4187469482421875 172.1687469482421875 180.7624969482421875 188.0625 194.225006103515625 199.25 205.8562469482421875 212.0749969482421875 205.8000030517578125 195.1687469482421875 181.818756103515625 171.8562469482421875 167.587493896484375 164.9187469482421875 161.8874969482421875 157.931243896484375 153.431243896484375 149.8312530517578125 145.5187530517578125 139.806243896484375 134.1875 128.9499969482421875 128.3312530517578125 130.7687530517578125 135.2687530517578125 145.2937469482421875 150.243743896484375 153.34375 157.993743896484375 162.381256103515625 164.662506103515625 159.9375 153.881256103515625 150.681243896484375 152.306243896484375 157.9875030517578125 164.2312469482421875 168.006256103515625 169.03125 169.806243896484375 170.318756103515625 170.100006103515625 170.2687530517578125
157.6374969482421875 167.1687469482421875 176.5625 184.25 191.381256103515625 197.1062469482421875 203.3000030517578125 208.0812530517578125 212.0437469482421875 204.5749969482421875 193.1437530517578125 181.725006103515625 169.1750030517578125 167.537506103515625 165.7937469482421875 162.375 157.65625 153.8000030517578125 148.9250030517578125 144.34375 137.975006103515625 131.1437530517578125 125.7624969482421875 126.28125 128.7937469482421875 131.5500030517578125 140.3249969482421875 149.3562469482421875 155.931243896484375 164.5124969482421875 172.34375 178.90625 175.4875030517578125 169.3125 165.556243896484375 165.1437530517578125 167.5812530517578125 168.9187469482421875 169.3249969482421875 167.9187469482421875 167.2624969482421875 166.5749969482421875 165.7937469482421875 165.274993896484375
161.9250030517578125 171.9875030517578125 180.8000030517578125 189.4875030517578125 197.5 201.6687469482421875 205.3249969482421875 208.056243896484375 207.8000030517578125 203.5437469482421875 194.1374969482421875 183.6374969482421875 176.962493896484375 172.28125 168.068756103515625 163.6125030517578125 159.59375 154.9187469482421875 149.5 143.2375030517578125 135.96875 128.6999969482421875 123.2687530517578125 122.9187469482421875 124.7624969482421875 130.006256103515625 140.09375 150.0812530517578125 159.850006103515625 173.2062530517578125 185.243743896484375 195.381256103515625 192.662506103515625 185.5437469482421875 179.0625 174.53125 172.912506103515625 169.774993896484375 168.524993896484375 166.8937530517578125 164.90625 163.2062530517578125 162.5749969482421875 161.1999969482421875
171.712493896484375 181.024993896484375 186.375 194.2437591552734375 200.65625 203.725006103515625 205.8249969482421875 206.4812469482421875 203.506256103515625 198.693756103515625 193.212493896484375 187.9375 183.09375 179.725006103515625 173.1437530517578125 168.4812469482421875 163.2062530517578125 157.568756103515625 150.6750030517578125 142.6062469482421875 135.8625030517578125 127.49375152587890625 120.6437530517578125 118.0749969482421875 121.9187469482421875 129.15625 142.1062469482421875 153.4499969482421875 166.3937530517578125 181.2687530517578125 198.0187530517578125 212.5500030517578125 210.2937469482421875 199.787506103515625 189.125 181.681243896484375 176.2375030517578125 170.649993896484375 167.681243896484375 165.1999969482421875 162.90625 160.337493896484375 158.462493896484375 156.1687469482421875
181.28125 188.212493896484375 193.5812530517578125 198.96875 202.625 205.2062530517578125 205.3312530517578125 203.649993896484375 200.7375030517578125 199.3874969482421875 196.8000030517578125 192.9250030517578125 189.9937591552734375 187.5812530517578125 181.0812530517578125 175.1875 169.0124969482421875 161.899993896484375 155.131256103515625 147.4250030517578125 138.7687530517578125 129.6500091552734375 121.1999969482421875 118.3874969482421875 124.21250152587890625 131.6062469482421875 145.787506103515625 158.756256103515625 173.475006103515625 189.712493896484375 208.756256103515625 225.568756103515625 223.774993896484375 209.4562530517578125 195.5 185.6875 178.2687530517578125 171.306243896484375 167.037506103515625 164.0749969482421875 160.649993896484375 159.024993896484375 157.1999969482421875 156.056243896484375
192.5 197.6125030517578125 200.756256103515625 203.556243896484375 206.1437530517578125 206.28125 205.9375 202.524993896484375 201.1750030517578125 200.5437469482421875 197.493743896484375 196.568756103515625 195.443756103515625 194.96875 188.787506103515625 181.443756103515625 175.306243896484375 169.5187530517578125 161.3312530517578125 153.9187469482421875 145.662506103515625 136.006256103515625 130.0437469482421875 127.78749847412109375 131.443756103515625 138.431243896484375 151.3125 165.25 180.0187530517578125 196.6750030517578125 214.1062469482421875 229 224.5187530517578125 210.8937530517578125 197.6437530517578125 186.881256103515625 179.100006103515625 171.71875 167.256256103515625 163.5812530517578125 160.2937469482421875 159.2062530517578125 158.087493896484375 158.5812530517578125
202.256256103515625 206.6437530517578125 207.181243896484375 208.3000030517578125 208.381256103515625 205.8937530517578125 203.9375 202.6125030517578125 203.0749969482421875 201.6875 200.662506103515625 200.9812469482421875 200.8562469482421875 201.568756103515625 197.037506103515625 191.725006103515625 185.7937469482421875 177.649993896484375 170.375 162.193756103515625 154.3562469482421875 145.1999969482421875 139.6750030517578125 138.875 141.162506103515625 147.21875 159.712493896484375 173.0812530517578125 187.3000030517578125 202.4187469482421875 216.40625 228.1687469482421875 220.40625 208.6999969482421875 196.4187469482421875 186.65625 179.212493896484375 172.0749969482421875 167.818756103515625 163.15625 158.3312530517578125 157.837493896484375 158.368743896484375 164.193756103515625
210.8000030517578125 213.9250030517578125 213.068756103515625 210.3312530517578125 209.53125 207.412506103515625 205.3249969482421875 204.21875 204.125 203.1437530517578125 203.506256103515625 204.8312530517578125 207.881256103515625 209.806243896484375 206.243743896484375 201.368743896484375 196.306243896484375 190.5625 182.4375 172.774993896484375 163.84375 156.756256103515625 152.3249969482421875 150.962493896484375 152.21875 157.475006103515625 169.600006103515625 181.381256103515625 194.475006103515625 206.375 217.225006103515625 224.53125 217.0437469482421875 207.25 196.8937530517578125 187.875 181.1062469482421875 174.3000030517578125 168.9875030517578125 165.4437408447265625 162.162506103515625 162.71875 163.506256103515625 169.475006103515625
217.3249969482421875 218.78125 216.4375 213.4499969482421875 212.131256103515625 209.006256103515625 207.087493896484375 204.4375 204.443756103515625 205.1062469482421875 206.368743896484375 209.3312530517578125 214.6750030517578125 216.431243896484375 214.806243896484375 211.681243896484375 209.024993896484375 203.59375 196.1374969482421875 186.899993896484375 177.618743896484375 169.506256103515625 164.2312469482421875 161.6999969482421875 161.818756103515625 168.7687530517578125 178.4250030517578125 190.0749969482421875 201.5 209.318756103515625 217.2687530517578125 222.0187530517578125 215.774993896484375 206.8000030517578125 196.881256103515625 188.8874969482421875 180.9187469482421875 174.4499969482421875 170.962493896484375 167.6062469482421875 164.6624908447265625 165.2312469482421875 167.3562469482421875 171.09375
222.037506103515625 222.274993896484375 219.3249969482421875 217.4187469482421875 214.9499969482421875 210.03125 207.59375 204.3000030517578125 204.4375 205.21875 207.787506103515625 214 218.943756103515625 222.8937530517578125 222.5 221.462493896484375 218.212493896484375 213.5625 206 199.375 190.6687469482421875 182.524993896484375 175.943756103515625 173.712493896484375 175.6125030517578125 180.087493896484375 187.9375 198.8312530517578125 207.881256103515625 213.712493896484375 219.3000030517578125 221.850006103515625 214.149993896484375 205.6999969482421875 196.7937469482421875 188.868743896484375 181.7937469482421875 174.274993896484375 170.5500030517578125 167.1125030517578125 166.40625 167.96875 169.96875 173.587493896484375
226.506256103515625 224.59375 221.975006103515625 219.3125 217.6687469482421875 212.8562469482421875 208.6125030517578125 206.2375030517578125 205.6687469482421875 207.524993896484375 212.912506103515625 218.399993896484375 225.6062469482421875 231.6374969482421875 232.193756103515625 231.5812530517578125 230.5062408447265625 226.4187469482421875 218.2624969482421875 210.806243896484375 203.9875030517578125 196.243743896484375 189.2937469482421875 187.443756103515625 189.475006103515625 191.3625030517578125 198.96875 207.3000030517578125 215.1687469482421875 219.6437530517578125 221.881256103515625 221.693756103515625 213.962493896484375 206.4375 198.475006103515625 191.75 184.5374908447265625 177.681243896484375 172.625 171.96875 170.0749969482421875 170.9812469482421875 173.2312469482421875 177.09375
229.375 227.649993896484375 225.34375 222.25 219.493743896484375 216.1687469482421875 212.2687530517578125 208.40625 207.3125 208.931243896484375 213.1125030517578125 222.087493896484375 231.399993896484375 236.837493896484375 239.631256103515625 239.912506103515625 240.649993896484375 236.8000030517578125 229.631256103515625 222.4375 215.9375 208.96875 202.681243896484375 199.1125030517578125 201.350006103515625 202.59375 207.881256103515625 214.7624969482421875 221.6437530517578125 222.818756103515625 222.868743896484375 222.149993896484375 214.774993896484375 207.4875030517578125 200.40625 193.4875030517578125 186.899993896484375 178.53125 176.243743896484375 174.78125 171.899993896484375 173.1875 175.556243896484375 179.2624969482421875
230.506256103515625 229.818756103515625 228.46875 224.256256103515625 220.8249969482421875 216.8874969482421875 212.6437530517578125 209.5124969482421875 206.756256103515625 206.774993896484375 213.1875 225.3312530517578125 237.8937530517578125 247.181243896484375 249.962493896484375 251.3562469482421875 251.1999969482421875 245.4875030517578125 240.506256103515625 232.212493896484375 227.4875030517578125 219.850006103515625 214.1062469482421875 209.4375 210.350006103515625 212.818756103515625 217.287506103515625 221.7375030517578125 227.3937530517578125 227.7312469482421875 225.287506103515625 223.181243896484375 215.087493896484375 208.743743896484375 201.40625 194.125 186.3874969482421875 182.46875 179.78125 177.068756103515625 173.6687469482421875 174.7312469482421875 176.9937591552734375 179.7375030517578125
233.068756103515625 233.475006103515625 231.462493896484375 227.506256103515625 223.3125 218.28125 214.337493896484375 210.068756103515625 205.306243896484375 204.25 210.068756103515625 225.125 241.9562530517578125 252.693756103515625 256.64373779296875 258.79998779296875 259.625 254.90625 250.0749969482421875 244.6125030517578125 238.6062469482421875 232.181243896484375 223.6374969482421875 219.943756103515625 219.0749969482421875 220.662506103515625 224.787506103515625 229.1750030517578125 233.5187530517578125 231.6750030517578125 228.337493896484375 224.3000030517578125 216.625 211.212493896484375 203.5124969482421875 194.8312530517578125 190.9250030517578125 187.3000030517578125 183.7687530517578125 181.306243896484375 179.1999969482421875 179.375 180.274993896484375 182.506256103515625
236 237.34375 234.5875091552734375 231.09375 226.506256103515625 221.618743896484375 217.743743896484375 211.193756103515625 203.6687469482421875 199.412506103515625 208.0187530517578125 229.1062469482421875 244.493743896484375 253.59375 260.46875 264.193756103515625 264.07501220703125 260.881256103515625 257.46875 250.993743896484375 245.9375 239.2937469482421875 231.2312469482421875 228.03125 226.0812530517578125 227.03125 231.3625030517578125 235.649993896484375 238.524993896484375 235 231.600006103515625 227.5625 220.25 213.375 205.631256103515625 199.1687469482421875 195.59375 192.850006103515625 190.6374969482421875 186.4375 184.149993896484375 183.4812469482421875 184.4187469482421875 185.4250030517578125
241.2312469482421875 240.71875 237.068756103515625 234.2375030517578125 229.8312530517578125 225.6999969482421875 220.96875 213.756256103515625 207.53125 201.649993896484375 216.243743896484375 237.149993896484375 249.1687469482421875 257.024993896484375 263.381256103515625 267.84375 267.381256103515625 265.61248779296875 260.243743896484375 253.5187530517578125 248.787506103515625 242.1062469482421875 236.6437530517578125 233.5124969482421875 231.2937469482421875 233.1750030517578125 234.9250030517578125 240.0812530517578125 243.118743896484375 239.59375 233.681243896484375 229.368743896484375 223.8000030517578125 216.506256103515625 207.462493896484375 204.318756103515625 200.943756103515625 197.03125 196.1500091552734375 192.5124969482421875 188.6875 187.8937530517578125 186.6125030517578125 185.9250030517578125
244.7937469482421875 241.6999969482421875 238.412506103515625 236.3312530517578125 233.537506103515625 228.3937530517578125 224.524993896484375 220.125 219.6750030517578125 225.506256103515625 240.8937530517578125 250.556243896484375 254.868743896484375 260.981231689453125 266.256256103515625 268.28125 268.11248779296875 265.556243896484375 258.39373779296875 253.475006103515625 248.2687530517578125 241.756256103515625 237.03125 235.693756103515625 234.618743896484375 234.256256103515625 236.287506103515625 240.368743896484375 242.7375030517578125 241.09375 236.9250030517578125 230.912506103515625 225.9000091552734375 220.75 216.625 211.5687408447265625 206.7687530517578125 203.8000030517578125 200.912506103515625 195.8625030517578125 192.5500030517578125 191.943756103515625 189.693756103515625 189.556243896484375
247.350006103515625 244.5437469482421875 241.806243896484375 240.162506103515625 237.75 234.475006103515625 229.818756103515625 229.9187469482421875 232.7312469482421875 238.8937530517578125 248.024993896484375 256.64373779296875 260.412506103515625 264.85626220703125 268.48126220703125 269.10626220703125 268.350006103515625 265.45623779296875 257.787506103515625 251.5124969482421875 245.5562591552734375 241.75 235.149993896484375 233.5749969482421875 235.256256103515625 235.743743896484375 237.625 241.087493896484375 243.15625 241.8249969482421875 236.899993896484375 236.056243896484375 233.9812469482421875 229.53125 226.0500030517578125 220.71875 215.149993896484375 211.46875 207.0812530517578125 200.162506103515625 195.8249969482421875 194.850006103515625 191.6062469482421875 190.787506103515625
