data/historical-monthly-weather-data/wc2.1_cruts4.09_10m_prec_1959-02.asc
ncols        45
nrows        45
xllcorner    -63.500000000000
yllcorner    -7.500000000000
cellsize     0.166666666667
NODATA_value -9999
[rows 0 to 19 of 45, columns 0 to 44 of 45]
205.4812469482421875 198.9499969482421875 189.587493896484375 183.568756103515625 175.212493896484375 169.875 162.8625030517578125 153.506256103515625 144.4499969482421875 138.193756103515625 135.412506103515625 132.2624969482421875 128.537506103515625 120.80625152587890625 115.74375152587890625 111.1875 107.56874847412109375 102.61875152587890625 100.68125152587890625 99.31874847412109375 99.0749969482421875 99.02500152587890625 100.40000152587890625 103.6687469482421875 107.91249847412109375 113.2624969482421875 122.19374847412109375 132.3625030517578125 143.46875 154.1125030517578125 165.881256103515625 178.537506103515625 189.806243896484375 201.8562469482421875 214.3125 220.96875 224.7062530517578125 227.3000030517578125 227.15625 224.40625 222.8625030517578125 220.8249969482421875 217 216.3000030517578125 214.068756103515625
217.625 211.84375 206.0625 199.5500030517578125 193.993743896484375 191.4812469482421875 185.9812469482421875 181.0625 175.381256103515625 169 163.53125 156.993743896484375 150.068756103515625 141.8937530517578125 134.6812591552734375 127.75 122.1374969482421875 118.03125 116.0124969482421875 114.43125152587890625 114.21875 115.0187530517578125 116.8000030517578125 120.25624847412109375 124.09375 129.6437530517578125 137.8874969482421875 147.837493896484375 158.193756103515625 169.2312469482421875 180.4562530517578125 194.2937469482421875 206 219.037506103515625 230.712493896484375 236.4812469482421875 239.75 241.1374969482421875 239.9812469482421875 236.475006103515625 233.8249969482421875 230.6875 225.7687530517578125 223.5437469482421875 220.59375
227.806243896484375 222.6687469482421875 217.4187469482421875 212.5124969482421875 209.125 208.1750030517578125 207.5812530517578125 207.899993896484375 206.0749969482421875 200.568756103515625 193.0812530517578125 184.056243896484375 174.4499969482421875 163.881256103515625 154.2062530517578125 145.225006103515625 137.46875 133.0625 130.068756103515625 128.006256103515625 127.90000152587890625 129.75 131.256256103515625 134.756256103515625 139.881256103515625 144.725006103515625 152.6999969482421875 162.4875030517578125 171.4812469482421875 181.5500030517578125 193.59375 206.6125030517578125 218.7937469482421875 230.212493896484375 242.6062469482421875 246.837493896484375 250.4812469482421875 253.287506103515625 250.993743896484375 247.475006103515625 244.162506103515625 239.6687469482421875 234.0437469482421875 228.9875030517578125 226.556243896484375
235.125 230.806243896484375 228.25 225.162506103515625 226.15625 226.5500030517578125 230.1374969482421875 235.6374969482421875 238.4875030517578125 235.9812469482421875 226.90625 213.5500030517578125 199.274993896484375 185.7375030517578125 174.306243896484375 163.462493896484375 154.1062469482421875 147.412506103515625 143.8937530517578125 142.8562469482421875 143.618743896484375 144.9812469482421875 145.943756103515625 149.806243896484375 154.65625 159.6687469482421875 168.0250091552734375 176.837493896484375 184.975006103515625 195.21875 206.006256103515625 219.837493896484375 230.524993896484375 242.024993896484375 252.756256103515625 258.1875 261.96875 264.412506103515625 263.274993896484375 260.087493896484375 254.9562530517578125 249.256256103515625 242.662506103515625 235.75 232.6062469482421875
247.8000030517578125 240.837493896484375 236.412506103515625 235.962493896484375 239.4250030517578125 243.8312530517578125 249.662506103515625 260.712493896484375 271.07501220703125 274.21875 259.34375 239.7687530517578125 223.7062530517578125 208.6062469482421875 194.3125 181.84375 171.25 162.53125 159.0437469482421875 158.21875 159.618743896484375 160 161.2937469482421875 165.475006103515625 169.96875 175.25 181.537506103515625 188.993743896484375 198.618743896484375 208.9187469482421875 219.8249969482421875 231.5 242.9250030517578125 254.118743896484375 264.0625 269.5625 274.41876220703125 277.587493896484375 276.67498779296875 272.212493896484375 267.35626220703125 259.287506103515625 250.40625 242.399993896484375 237.0749969482421875
256.83123779296875 251.712493896484375 246.100006103515625 243.9250030517578125 246.8562469482421875 253.431243896484375 261.5625 272.943756103515625 285.868743896484375 293.625 275.26873779296875 254.5749969482421875 238.693756103515625 224.3562469482421875 210.618743896484375 199.2312469482421875 187.631256103515625 178.993743896484375 176.024993896484375 175.337493896484375 175.381256103515625 175.506256103515625 176.337493896484375 179.3874969482421875 182.65625 187.881256103515625 194.3125 201.056243896484375 209.4375 219.46875 230.2687530517578125 241.7062530517578125 251.09375 263.4375 273.649993896484375 278.943756103515625 284.21875 287.8125 288.462493896484375 284.54998779296875 277.712493896484375 268.600006103515625 259.0625 250.118743896484375 241.756256103515625
266.48748779296875 261.70001220703125 256.9375 252.71875 254.15625 258.79376220703125 265.67498779296875 272.818756103515625 281.037506103515625 281.84375 273.89373779296875 261 248.412506103515625 236.6687469482421875 225.7062530517578125 215.8125 207.024993896484375 201.1750030517578125 197.6750030517578125 194.100006103515625 191.412506103515625 190.712493896484375 189.725006103515625 191.7062530517578125 196.1875 200.131256103515625 206.337493896484375 213.5187530517578125 219.850006103515625 228.875 240.59375 251.806243896484375 261.34375 269.818756103515625 279.0625 286.287506103515625 291.381256103515625 296.11248779296875 299.368743896484375 295.931243896484375 287.16876220703125 277.82501220703125 268.33123779296875 258.60626220703125 248.6125030517578125
275.350006103515625 269.20001220703125 264.25 262.41876220703125 263.068756103515625 264.412506103515625 266.037506103515625 266.837493896484375 267.09375 267.23126220703125 267.850006103515625 264.01873779296875 256.912506103515625 247.34375 238.7687530517578125 231.475006103515625 224.8937530517578125 221.8625030517578125 219.5500030517578125 212.21875 206.5749969482421875 204.1437530517578125 202.3249969482421875 204.3625030517578125 208.4250030517578125 212 217.9187469482421875 224.0437469482421875 230.9562530517578125 239.46875 249.1875 260.73126220703125 269.16876220703125 277.306243896484375 285.006256103515625 290.943756103515625 296.29998779296875 300.837493896484375 303.587493896484375 301.787506103515625 295.60626220703125 287.53125 278.506256103515625 267.912506103515625 258.993743896484375
284.23126220703125 278.375 273.181243896484375 271.231231689453125 270.32501220703125 268.40625 268 265.375 260.75 260.03125 264.26251220703125 265.70623779296875 262.193756103515625 255.350006103515625 247.84375 242.3125 236.5437469482421875 232.600006103515625 230.125 221.5124969482421875 214.34375 211.506256103515625 210.100006103515625 214.493743896484375 218.912506103515625 222.568756103515625 227.6125030517578125 233.493743896484375 240.681243896484375 248.1437530517578125 257.462493896484375 268.03125 275.16876220703125 281.67498779296875 288.23748779296875 294.58123779296875 299.98126220703125 304.54376220703125 308.73126220703125 308.71875 304.375 298.20623779296875 291.51873779296875 283.01251220703125 275.912506103515625
292.67498779296875 287.131256103515625 282.456268310546875 279.13751220703125 276.64373779296875 273.462493896484375 272.59375 269.587493896484375 267.943756103515625 267.76251220703125 270.9375 270.443756103515625 268.943756103515625 262.600006103515625 256.568756103515625 250.2312469482421875 243.9562530517578125 238.40625 231.65625 223.943756103515625 218.524993896484375 216.84375 217.2375030517578125 224.1374969482421875 229.193756103515625 232.774993896484375 238.21875 243.0437469482421875 250.631256103515625 257.399993896484375 264.28125 272.993743896484375 279.449981689453125 286.181243896484375 292.54998779296875 298.25 303.568756103515625 307.20001220703125 312.0625 314.71875 314.056243896484375 310.54998779296875 304.96875 297 292.39373779296875
299.625 294.193756103515625 289.39373779296875 285.506256103515625 281.86248779296875 278.506256103515625 277.037506103515625 275.975006103515625 276.162506103515625 277.28125 280.443756103515625 280.256256103515625 277.20623779296875 270.76873779296875 264.45001220703125 257.61248779296875 249.868743896484375 241.506256103515625 232.6374969482421875 225.0437469482421875 220.0812530517578125 219.462493896484375 223.056243896484375 229.756256103515625 238.7062530517578125 242.506256103515625 246.912506103515625 252.6125030517578125 258.725006103515625 263.881256103515625 270.33123779296875 277.54376220703125 282.63751220703125 288.556243896484375 295.625 301.71875 305.5 310.21875 315.837493896484375 319.212493896484375 320.70623779296875 318.85626220703125 315.587493896484375 309.868743896484375 305.60626220703125
305.881256103515625 300.350006103515625 294.787506103515625 291.118743896484375 287.98126220703125 284.850006103515625 283.556243896484375 284.63751220703125 285.431243896484375 287.23748779296875 291.10626220703125 292.381256103515625 287.89373779296875 280.41876220703125 273.45623779296875 264.649993896484375 255.7624969482421875 245.1374969482421875 234.1687469482421875 224.8562469482421875 219.4375 220.1687469482421875 227.1875 238.2375030517578125 247.3937530517578125 250.0187530517578125 253.3562469482421875 258.431243896484375 264.48748779296875 269.850006103515625 275.318756103515625 280.66876220703125 285.375 290.381256103515625 296.631256103515625 302.943756103515625 308.70001220703125 313.96875 320.45623779296875 325.212493896484375 328.53125 327.243743896484375 322.51873779296875 315.13751220703125 309.15625
308.32501220703125 303.83123779296875 299.29376220703125 295.54376220703125 293.70001220703125 291.662506103515625 291.61248779296875 292.4375 293.39373779296875 296.800018310546875 300.543731689453125 302.568756103515625 298.306243896484375 289.006256103515625 280.587493896484375 270.20001220703125 260.15625 249.3562469482421875 238.5124969482421875 227.7687530517578125 219.774993896484375 221.53125 230.3562469482421875 241.5124969482421875 248.8125 252.28125 257.64373779296875 263.1875 268.881256103515625 273.73748779296875 278.556243896484375 282.98748779296875 285.774993896484375 290.556243896484375 296.5625 302.42498779296875 308.23126220703125 315.66876220703125 323.818756103515625 330.14373779296875 336 334.26873779296875 326.118743896484375 316.550018310546875 307.76251220703125
309.35626220703125 305.53125 301.668731689453125 298.78125 298 296.64373779296875 298.056243896484375 299.54998779296875 301.25 303.88751220703125 306.462493896484375 306.95623779296875 303.243743896484375 296.381256103515625 285.681243896484375 275.40625 264.056243896484375 253.96875 243.25 234.2062530517578125 229.337493896484375 230.087493896484375 235.506256103515625 243.2375030517578125 249.6687469482421875 254.1062469482421875 260.5 266.29376220703125 272.51251220703125 275.556243896484375 279.54376220703125 282.662506103515625 284.568756103515625 288.931243896484375 294.10626220703125 300.681243896484375 308.574981689453125 317.39373779296875 328.131256103515625 335.806243896484375 339.875 333.881256103515625 327.13751220703125 319.98748779296875 311.868743896484375
311.368743896484375 307.16876220703125 304.17498779296875 303.212493896484375 301.912506103515625 302.006256103515625 304.681243896484375 306.162506103515625 308.54376220703125 310.91876220703125 311.91876220703125 312.475006103515625 309.131256103515625 302.725006103515625 292.287506103515625 280.912506103515625 269.962493896484375 259.837493896484375 250.243743896484375 242.993743896484375 239.6687469482421875 239.0500030517578125 242.131256103515625 247.9875030517578125 253.03125 258.51251220703125 264.79376220703125 269.89373779296875 275.32501220703125 278.16876220703125 279.75 280.774993896484375 282.32501220703125 284.962493896484375 289.837493896484375 296.36248779296875 306.91876220703125 319.100006103515625 331.975006103515625 340.024993896484375 340.41876220703125 336.350006103515625 331.33123779296875 323.600006103515625 314.212493896484375
311.725006103515625 307.48748779296875 305.431243896484375 305.193756103515625 305.431243896484375 306.40625 309.412506103515625 310.743743896484375 313.95623779296875 317.618743896484375 319.04376220703125 319.85626220703125 317.131256103515625 310.28125 299.28125 285.537506103515625 275.73748779296875 267.29376220703125 259.068756103515625 252.7062530517578125 248.931243896484375 247.4812469482421875 248.8562469482421875 254.337493896484375 257.850006103515625 261.76873779296875 266.84375 272.475006103515625 278.41876220703125 280.70001220703125 281.75 280.09375 277.57501220703125 277.70001220703125 279.98748779296875 288.087493896484375 301.23126220703125 317.58123779296875 335.32501220703125 345.125 345.725006103515625 339.66876220703125 332.75 324.25 313.09375
309.256256103515625 306.725006103515625 305.274993896484375 305.868743896484375 307.399993896484375 309.23126220703125 312.587493896484375 315.162506103515625 319.056243896484375 323.587493896484375 326.95001220703125 328.9375 327.45623779296875 321.28125 309.118743896484375 294.506256103515625 282.07501220703125 273.068756103515625 265.318756103515625 259.95001220703125 257.274993896484375 255.631256103515625 255.431243896484375 259.85626220703125 263.375 264.600006103515625 267.725006103515625 274 280.931243896484375 284.256256103515625 284.04376220703125 280.274993896484375 274.006256103515625 267.850006103515625 268.256256103515625 276.556243896484375 291.21875 314.17498779296875 340.95623779296875 347.67498779296875 345.006256103515625 338.07501220703125 329.068756103515625 319.95001220703125 310.01251220703125
305.10626220703125 303.92498779296875 304.712493896484375 306.95001220703125 309.193756103515625 311.82501220703125 315.9375 319.306243896484375 323.625 328.23748779296875 333.131256103515625 338.25 340.100006103515625 334.725006103515625 322.51251220703125 307.45623779296875 290.912506103515625 277.33123779296875 270.98126220703125 265.443756103515625 264.881256103515625 262.787506103515625 260.3125 262.20623779296875 264.61248779296875 265.76873779296875 267.71875 274.962493896484375 283.193756103515625 287.39373779296875 286 275.95001220703125 266.556243896484375 257.818756103515625 254.4250030517578125 259.54998779296875 279.149993896484375 303.024993896484375 327.40625 336.899993896484375 334.787506103515625 328.4375 321.17498779296875 314.006256103515625 305.118743896484375
299.88751220703125 300.368743896484375 302.287506103515625 304.681243896484375 308.274993896484375 313.149993896484375 317.23126220703125 322.21875 327.868743896484375 332.506256103515625 338.850006103515625 345.46875 350.712493896484375 350.568756103515625 336.350006103515625 316.98126220703125 298.0625 281.475006103515625 272.4375 267.868743896484375 268.912506103515625 267.6875 261.39373779296875 262.13751220703125 264.118743896484375 266.556243896484375 270.350006103515625 277.28125 286.23126220703125 291.899993896484375 291.006256103515625 277.912506103515625 263.006256103515625 247.5124969482421875 238.6374969482421875 245.2312469482421875 265.350006103515625 287.98126220703125 309.0625 319.16876220703125 320.943756103515625 315.70001220703125 311.26873779296875 306.681243896484375 299.04376220703125
294.91876220703125 295.34375 298.056243896484375 301.34375 306.70623779296875 312.962493896484375 318.96875 323.54376220703125 329.443756103515625 334.681243896484375 340.568756103515625 348.806243896484375 358.568756103515625 365.26873779296875 347.48748779296875 320.79998779296875 297.850006103515625 282.587493896484375 272.943756103515625 267.90625 265.600006103515625 262.381256103515625 260.33123779296875 260.806243896484375 262.65625 265.25 271.01873779296875 279.38751220703125 286.524993896484375 290.95623779296875 288 277.850006103515625 258.868743896484375 237.7624969482421875 222.8000030517578125 232.4187469482421875 256.5 279.537506103515625 297.243743896484375 307.087493896484375 308.306243896484375 303.649993896484375 303.131256103515625 301.26251220703125 294.962493896484375
