data/historical-monthly-weather-data/wc2.1_cruts4.09_10m_prec_2003-08.asc
ncols        45
nrows        45
xllcorner    -63.500000000000
yllcorner    -7.500000000000
cellsize     0.166666666667
NODATA_value -9999
[rows 0 to 18 of 45, columns 0 to 43 of 45]
363.631256103515625 383.01251220703125 385.556243896484375 395.274993896484375 406.056243896484375 412.40625 405.743743896484375 403.20623779296875 397.65625 387.16876220703125 365.662506103515625 348.975006103515625 336.6875 318.10626220703125 300.975006103515625 278.162506103515625 260.60626220703125 243.3937530517578125 226.6750030517578125 216.9812469482421875 209.7125091552734375 200.5812530517578125 192.2375030517578125 184.9187469482421875 176.181243896484375 168.181243896484375 164.2687530517578125 162.412506103515625 153.1999969482421875 148.3937530517578125 138.6875 133.993743896484375 129.9375 123.3874969482421875 118.9562530517578125 117.68125152587890625 115.4499969482421875 114.97499847412109375 116.84375 117.9375 119.7375030517578125 123.3000030517578125 124.1750030517578125 124.78125
348.29376220703125 366.350006103515625 381.243743896484375 396.850006103515625 415.45001220703125 420.48748779296875 409.35626220703125 406.48748779296875 403.475006103515625 393.868743896484375 376.681243896484375 363.024993896484375 343.61248779296875 321.8125 301.79376220703125 284.45623779296875 263.181243896484375 244.068756103515625 227.2375030517578125 214.600006103515625 207.0187530517578125 198.1437530517578125 190.375 185.2937469482421875 176.818756103515625 167.84375 166.6374969482421875 162.7062530517578125 153.868743896484375 147.125 140.875 134.943756103515625 130 125.40625 119.8312530517578125 117.02500152587890625 112.3625030517578125 113.1687469482421875 113.8625030517578125 114.9812469482421875 119.49375152587890625 121.61875152587890625 124.61875152587890625 126.7687530517578125
316.38751220703125 338.40625 358.181243896484375 380.725006103515625 402.14373779296875 408.15625 405.79998779296875 404.04998779296875 397.993743896484375 388.45001220703125 378.42498779296875 365.13751220703125 345.23126220703125 320.0625 298.95623779296875 280.225006103515625 261.475006103515625 243.3249969482421875 227.587493896484375 213.0749969482421875 208.618743896484375 204.2937469482421875 197.743743896484375 194.0500030517578125 183.5 176.125 175.868743896484375 168.693756103515625 159.0749969482421875 152.59375 143.5 136.7312469482421875 131.3874969482421875 127.1875 119.81874847412109375 113.65625 110.2375030517578125 110.0625 110.61875152587890625 114.13124847412109375 120.75 124.66249847412109375 130.2375030517578125 132.337493896484375
286.131256103515625 302.29998779296875 327.787506103515625 354.29376220703125 374.39373779296875 382.493743896484375 387.587493896484375 390.96875 393.86248779296875 386.48748779296875 373.35626220703125 356.67498779296875 339.45623779296875 315.693756103515625 294.51873779296875 274.64373779296875 257.79376220703125 242.631256103515625 228.9812469482421875 221.9375 216.90625 210.8625030517578125 204.4562530517578125 201.1875 191.96875 183.9187469482421875 181.4375 170.15625 161.037506103515625 154.3249969482421875 145.4250030517578125 136.225006103515625 128.256256103515625 121.71875 115.11875152587890625 110.6687469482421875 109.3874969482421875 107.3874969482421875 107.33750152587890625 113.40625 119.4562530517578125 127.2375030517578125 133.693756103515625 139.1687469482421875
284.537506103515625 291.83123779296875 299.29376220703125 319.95001220703125 346.54998779296875 355.98748779296875 361.91876220703125 376.412506103515625 386.32501220703125 381.524993896484375 366.5 348.33123779296875 331.29998779296875 311.537506103515625 289.38751220703125 270.881256103515625 252.5625 237.7937469482421875 226.3125 222.6125030517578125 223.5187530517578125 215.256256103515625 210.625 210.2375030517578125 198.4375 188.7687530517578125 181.287506103515625 174.6374969482421875 164.931243896484375 153.7062530517578125 147.3000030517578125 136.350006103515625 129.1687469482421875 122.83124542236328125 115.77500152587890625 109.36875152587890625 105.65625 103.65000152587890625 104.4375 109.49375152587890625 119.43125152587890625 128.006256103515625 138.6125030517578125 145.381256103515625
276.125 282.375 285.712493896484375 286.57501220703125 308.899993896484375 332.16876220703125 342.73126220703125 352.024993896484375 363.756256103515625 360.59375 342.506256103515625 326.5 313.943756103515625 298.068756103515625 278.26251220703125 262.787506103515625 244.5124969482421875 230.600006103515625 224.806243896484375 223.21875 224.506256103515625 220.9562530517578125 217.3687591552734375 208.625 200.8249969482421875 192.4562530517578125 184.3937530517578125 175.618743896484375 167.006256103515625 154.15625 146.975006103515625 139.1437530517578125 129.7937469482421875 123.8562469482421875 115.03749847412109375 110.8249969482421875 105.5124969482421875 101.22499847412109375 104.5812530517578125 112.7375030517578125 121.05625152587890625 131.84375 143.8312530517578125 155.3625030517578125
269.73126220703125 278.068756103515625 281.76251220703125 284.25 294.14373779296875 303.04376220703125 311.78125 320.087493896484375 316.85626220703125 316.60626220703125 309.65625 300.54376220703125 295.08123779296875 282.993743896484375 269.337493896484375 255.8312530517578125 239.9875030517578125 230.3562469482421875 224.4375 226.8312530517578125 226.5124969482421875 224.931243896484375 221.53125 213.975006103515625 204.5749969482421875 196.8125 187.3562469482421875 176.5812530517578125 164 155.5812530517578125 146.712493896484375 137.2937469482421875 130.524993896484375 124.1437530517578125 116.28749847412109375 110.4875030517578125 103.86875152587890625 100.1062469482421875 105.3249969482421875 114.56874847412109375 123.49375152587890625 134.756256103515625 149.1062469482421875 164.181243896484375
265.26873779296875 270.11248779296875 278.412506103515625 283.89373779296875 295.41876220703125 303.41876220703125 296.98126220703125 280.149993896484375 268.39373779296875 270.287506103515625 279.10626220703125 276.32501220703125 272.83123779296875 265.95001220703125 257.6875 246.8125 236.125 229.3000030517578125 224.8000030517578125 226.5812530517578125 229.556243896484375 228.9499969482421875 223.274993896484375 214.46875 208.3000030517578125 197.53125 186.1125030517578125 175.8312530517578125 164.6374969482421875 152.462493896484375 146.65625 137.162506103515625 128.65625 123.40000152587890625 113.84999847412109375 107.52500152587890625 101.22499847412109375 96.875 101.3312530517578125 109.40625 119.7312469482421875 132.225006103515625 146.399993896484375 160.149993896484375
262.524993896484375 267.78125 277.274993896484375 280.15625 287.82501220703125 290.42498779296875 286.76873779296875 274.625 251.962493896484375 241.6374969482421875 247.75 248.1687469482421875 253.431243896484375 249.087493896484375 244.181243896484375 237.4875030517578125 234.318756103515625 230.75 232.3562469482421875 229.3000030517578125 229.3000030517578125 230.15625 223.625 220.8312530517578125 212.193756103515625 198.1125030517578125 182.868743896484375 175.2312469482421875 164.743743896484375 153.2375030517578125 147.5124969482421875 135.7062530517578125 125.30625152587890625 116.28125 108.71875 105.4187469482421875 101.16249847412109375 98.0500030517578125 101.5812530517578125 108.99375152587890625 117.68125152587890625 126.90625 137.625 148.3625030517578125
257.76251220703125 263.431243896484375 270.131256103515625 275.95623779296875 282.51251220703125 283.9375 285.29998779296875 273.381256103515625 254.7312469482421875 248.1374969482421875 244.7624969482421875 236.631256103515625 239.6687469482421875 237.9499969482421875 233.21875 231.431243896484375 228.975006103515625 231.3125 233.53125 234.5749969482421875 234.118743896484375 229.9250030517578125 222.493743896484375 219.0124969482421875 209.0625 195.006256103515625 180.9250030517578125 171.6999969482421875 159.46875 148.399993896484375 139.5187530517578125 129.837493896484375 123.02500152587890625 116.1999969482421875 109.97499847412109375 106.53125 101.7937469482421875 98.375 103.03749847412109375 109.58750152587890625 116.27500152587890625 122 128.7312469482421875 133.524993896484375
257.51873779296875 262.36248779296875 265.212493896484375 269.162506103515625 276.9375 282.943756103515625 283.399993896484375 268.34375 253.1750030517578125 243.306243896484375 241.443756103515625 234.1062469482421875 229.8000030517578125 225.5250091552734375 220.5625 219.100006103515625 220.7624969482421875 226.7375030517578125 230.162506103515625 235.5124969482421875 242.21875 237.681243896484375 228.212493896484375 216.7312469482421875 211.318756103515625 198.0187530517578125 184.4250030517578125 171.6125030517578125 155.6374969482421875 142.9375 136.65625 128.287506103515625 123.8249969482421875 117.5500030517578125 109.52500152587890625 105.34375 101.00624847412109375 99.0812530517578125 102.3312530517578125 106.7375030517578125 111 115.35625457763671875 121.6125030517578125 123.33750152587890625
253 258.506256103515625 261.03125 266.54376220703125 274.693756103515625 280.08123779296875 282.04376220703125 270.274993896484375 253.556243896484375 241.6687469482421875 236.4250030517578125 229.7062530517578125 221.84375 213.837493896484375 216.0812530517578125 214.618743896484375 214.53125 217.1875 223.743743896484375 233.625 241.7312469482421875 238.8249969482421875 231.3000030517578125 221.71875 210.8000030517578125 188.131256103515625 174.4375 164.2062530517578125 150.693756103515625 140.1999969482421875 132.524993896484375 127.5187530517578125 120.34375 113.93125152587890625 108.41249847412109375 106.9250030517578125 104.0625 101.4812469482421875 101.15000152587890625 101.5 104.46875 107.90000152587890625 111.2937469482421875 107.28125
246.1750030517578125 248.524993896484375 252.368743896484375 254.8562469482421875 264.26251220703125 267.01873779296875 262.96875 256.087493896484375 241.162506103515625 231.6374969482421875 226.5437469482421875 222.53125 213.9499969482421875 202.631256103515625 200.1875 201.350006103515625 200.0124969482421875 206.443756103515625 212.600006103515625 218.8312530517578125 229.1374969482421875 228.96875 223.7375030517578125 209.1374969482421875 188.8125 170.600006103515625 164.068756103515625 156.46875 149.443756103515625 140.4375 131.8312530517578125 125.28125 120.6062469482421875 111.18125152587890625 106.8249969482421875 108.7375030517578125 111.4875030517578125 108.9812469482421875 109.19374847412109375 104.09375 98.31874847412109375 102.97499847412109375 103.96875 98.05625152587890625
237.412506103515625 236.806243896484375 238.59375 243.806243896484375 249.4562530517578125 248.899993896484375 245.118743896484375 241.78125 228.2437591552734375 219.5749969482421875 212.181243896484375 205.8125 200.774993896484375 192.350006103515625 181.212493896484375 184.475006103515625 185.524993896484375 190.899993896484375 191.3125 195.600006103515625 205.787506103515625 206.71875 203.193756103515625 193.431243896484375 178.912506103515625 166.006256103515625 159.975006103515625 154.181243896484375 147.96875 141.1999969482421875 134.90625 125.8874969482421875 120.1374969482421875 112.21250152587890625 110.3937530517578125 116.71875 121.71875 125.8937530517578125 127.15000152587890625 118.18125152587890625 100.58750152587890625 95.9499969482421875 101.03125 108.9187469482421875
226.912506103515625 228.6875 228.056243896484375 229.6125030517578125 234.9250030517578125 233.4562530517578125 229.25 223.40625 211.46875 203.875 193.9250030517578125 190.274993896484375 185.5812530517578125 176.087493896484375 164.8562469482421875 161.8312530517578125 162.59375 164.4375 166.5500030517578125 171.756256103515625 181.125 184.4562530517578125 184.5812530517578125 182.993743896484375 177.524993896484375 171.243743896484375 163.850006103515625 156.46875 148.506256103515625 141.1437530517578125 133.056243896484375 126.36875152587890625 121.0124969482421875 115.77500152587890625 112.40000152587890625 120.91249847412109375 131.9812469482421875 147.7687530517578125 153.1125030517578125 139.806243896484375 127.94374847412109375 121.8562469482421875 126.1062469482421875 125.80625152587890625
213.59375 216.443756103515625 217.399993896484375 218.337493896484375 220.40625 220.381256103515625 216.53125 207.2624969482421875 197.3562469482421875 189.131256103515625 180.274993896484375 174.368743896484375 168.087493896484375 160.0437469482421875 150.493743896484375 140.4187469482421875 139.96875 142.03125 143.7375030517578125 149.4875030517578125 157.78125 164.5124969482421875 171.368743896484375 178.0124969482421875 179.162506103515625 175.3562469482421875 168.681243896484375 158.8312530517578125 149.8312530517578125 143.3312530517578125 137.368743896484375 130.2375030517578125 122.71250152587890625 117.4499969482421875 116.15000152587890625 134.431243896484375 151.6125030517578125 169.4937591552734375 179.256256103515625 175.3312530517578125 168.59375 158.756256103515625 150.0437469482421875 139.8874969482421875
205.1750030517578125 208.243743896484375 207.462493896484375 208.75 207.4499969482421875 207.8874969482421875 205.5812530517578125 198.662506103515625 186.337493896484375 178.8625030517578125 170.6437530517578125 162.2312469482421875 155.6875 147.65625 137.9375 128.243743896484375 118.94374847412109375 119.03749847412109375 123.7687530517578125 130.431243896484375 135.84375 145.993743896484375 158.40625 174.743743896484375 183.412506103515625 180.3249969482421875 169.337493896484375 160.0187530517578125 149.1062469482421875 141.368743896484375 138.3562469482421875 136.287506103515625 132.09375 128.3125 140.3000030517578125 160.2687530517578125 180.34375 206.931243896484375 224.1687469482421875 211.5124969482421875 197.037506103515625 178.8125 161.8125 152.1687469482421875
192.1062469482421875 197.193756103515625 198.15625 200.7375030517578125 200.068756103515625 200.6437530517578125 194.96875 189.1687469482421875 178.337493896484375 169.53125 161.431243896484375 153.9562530517578125 143.84375 134.1125030517578125 124.91249847412109375 115.27500152587890625 106.125 99.4250030517578125 105.9812469482421875 109.30625152587890625 116.9562530517578125 127.4875030517578125 143.15625 161.09375 176.506256103515625 178.6999969482421875 171.96875 161.993743896484375 149.2125091552734375 139.306243896484375 129.8312530517578125 126.03125 139.681243896484375 153.4562530517578125 162.024993896484375 186.712493896484375 212.9499969482421875 234.712493896484375 241.21875 232.256256103515625 206.3937530517578125 188.9375 172.412506103515625 162.337493896484375
179.46875 185.2687530517578125 188.100006103515625 191.712493896484375 194.118743896484375 192.5500030517578125 188.649993896484375 182.1875 175.631256103515625 168.125 158.59375 145.2937469482421875 135.2687530517578125 125.91249847412109375 114.22499847412109375 106.4562530517578125 97.09375 88.7375030517578125 88.50624847412109375 93.06874847412109375 106.00624847412109375 127.125 124.3000030517578125 143.912506103515625 161.087493896484375 174.399993896484375 172.943756103515625 162.3937530517578125 154.1437530517578125 137.943756103515625 126.77500152587890625 130.9499969482421875 149.5625 162.149993896484375 175.5812530517578125 200.6125030517578125 218.875 229.600006103515625 236.787506103515625 225.912506103515625 209.912506103515625 193.631256103515625 178.024993896484375 165.881256103515625
