data/historical-monthly-weather-data/wc2.1_cruts4.09_10m_prec_1999-03.asc
ncols        51
nrows        45
xllcorner    -63.500000000000
yllcorner    -7.500000000000
cellsize     0.166666666667
NODATA_value -9999
[rows 0 to 19 of 45, columns 0 to 44 of 51]
162.375 158.71875 154.381256103515625 154.493743896484375 152.931243896484375 150.818756103515625 146.056243896484375 141.1687469482421875 136.90625 135.25 136.46875 139.537506103515625 143.024993896484375 144.8562469482421875 148.78125 152.912506103515625 158.9812469482421875 162.2062530517578125 167.649993896484375 172.6374969482421875 177.2375030517578125 180.7687530517578125 185.475006103515625 191.2312469482421875 199.4499969482421875 208.2312469482421875 220.2062530517578125 236.2687530517578125 252.6999969482421875 271.16876220703125 295.5625 318.100006103515625 345.29998779296875 377.037506103515625 408.212493896484375 433.287506103515625 455.943756103515625 478.73126220703125 495.03125 507.681243896484375 520.13751220703125 526.9937744140625 530.15625 533.71875 523.41876220703125
169.649993896484375 166.9562530517578125 167.131256103515625 168.3937530517578125 168.8125 166.03125 160.71875 156.318756103515625 153.7312469482421875 151.9375 152.1999969482421875 153.9499969482421875 156.100006103515625 157.524993896484375 160.625 164.475006103515625 169.6437530517578125 175.350006103515625 181.350006103515625 187.3312530517578125 191.818756103515625 195.8000030517578125 201.21875 208.662506103515625 217.2375030517578125 226.962493896484375 239.181243896484375 255.7937469482421875 272.20001220703125 294.1875 320.13751220703125 348.9375 377.399993896484375 414.125 445.78125 475.04376220703125 503.662506103515625 529.5625 546.6187744140625 558.9937744140625 573.2562255859375 579.3125 581.5625 583.4625244140625 573.48748779296875
176.5437469482421875 175.6687469482421875 177.931243896484375 180.600006103515625 181.399993896484375 178.8000030517578125 175.9375 173.5437469482421875 171.5187530517578125 170.318756103515625 168.4562530517578125 168.3625030517578125 169.537506103515625 170.412506103515625 173.1374969482421875 177.4187469482421875 182.0500030517578125 187.5749969482421875 192.5625 197.8937530517578125 203.381256103515625 208.90625 214.3874969482421875 224.6500091552734375 236.0812530517578125 246.6374969482421875 260.024993896484375 276.725006103515625 292.53125 314.42498779296875 342 371.33123779296875 403.20623779296875 438.024993896484375 476.36248779296875 504.96875 537.3375244140625 569.91253662109375 587.73126220703125 603.79376220703125 618.5687255859375 621.875 621.6500244140625 619.5062255859375 610.57501220703125
181.756256103515625 183.4187469482421875 189.068756103515625 192.5625 194.46875 191.9875030517578125 190.337493896484375 189.6750030517578125 189.756256103515625 188.7624969482421875 185.5437469482421875 183.0625 181.875 181.618743896484375 184.5812530517578125 188.6750030517578125 194.318756103515625 199.5625 204.037506103515625 208.3125 215.4499969482421875 221.212493896484375 226.5812530517578125 239.2062530517578125 253.3562469482421875 266.375 280.57501220703125 295.087493896484375 310.956268310546875 334.193756103515625 359.818756103515625 391.625 424.412506103515625 460.5625 499.681243896484375 534.9312744140625 571.90625 608.7562255859375 631.70001220703125 648.51251220703125 661 663.78125 661.5687255859375 655.20623779296875 644.38751220703125
192.600006103515625 193.899993896484375 197.868743896484375 203.2312469482421875 206.3562469482421875 204.4499969482421875 202.368743896484375 202.7687530517578125 205.2062530517578125 206.09375 201.087493896484375 195.725006103515625 193.274993896484375 193.524993896484375 195.662506103515625 200.368743896484375 205.6437530517578125 211.0124969482421875 213.756256103515625 216.53125 224.975006103515625 231.318756103515625 239.100006103515625 254.6875 271.09375 286.774993896484375 299.51251220703125 313.662506103515625 332.23126220703125 353.01251220703125 380.068756103515625 409.01251220703125 446.037506103515625 485.20001220703125 526.0562744140625 565.2125244140625 605.1812744140625 644.48126220703125 671.1500244140625 688.3062744140625 704.21875 701.83123779296875 695.91876220703125 689.1500244140625 673.73748779296875
203.725006103515625 206.34375 211.6999969482421875 214.71875 214.993743896484375 213.056243896484375 210.6750030517578125 210 212.774993896484375 214.931243896484375 207.8312530517578125 202.25 200.9875030517578125 200.6999969482421875 203.337493896484375 207.7375030517578125 212.931243896484375 217.462493896484375 220.53125 222.837493896484375 232.5 242.25 252.8562469482421875 269.568756103515625 287.61248779296875 305.975006103515625 319.17498779296875 331.98748779296875 347.850006103515625 369.64373779296875 394.399993896484375 423.08123779296875 456.58123779296875 499.118743896484375 542.1624755859375 579.71875 622.71875 662.51873779296875 690.41876220703125 712.0625 724.65625 722.625 716.14373779296875 707.60626220703125 689.59375
213.8125 216.75 221.2375030517578125 222.2375030517578125 220.3562469482421875 216.8562469482421875 213.34375 209.75 208 206.4499969482421875 204.725006103515625 203.443756103515625 204.1875 205.381256103515625 208.6125030517578125 212.7937469482421875 217.618743896484375 220.631256103515625 222.8249969482421875 227.34375 238.75 252.375 265.618743896484375 284.443756103515625 304.756256103515625 323.787506103515625 337.32501220703125 349.337493896484375 362.1875 381.350006103515625 408.1875 435.100006103515625 467.70623779296875 505.79998779296875 548.32501220703125 587.83123779296875 628.25 668.4437255859375 703.83123779296875 723.70623779296875 730.8812255859375 729.8499755859375 723.57501220703125 715.5875244140625 701.8125
221.037506103515625 223.9499969482421875 226.431243896484375 227.2062530517578125 226.056243896484375 221.2937469482421875 213.881256103515625 204.8249969482421875 197.4375 195.5812530517578125 198.8000030517578125 202.318756103515625 206.3562469482421875 209.649993896484375 212.9312591552734375 216.9375 219.8937530517578125 221.625 223.912506103515625 228.96875 244.1062469482421875 261.131256103515625 278.256256103515625 298.63751220703125 322.337493896484375 341.60626220703125 353.287506103515625 364.32501220703125 374.787506103515625 392.375 415.493743896484375 444.712493896484375 474.73748779296875 510.85626220703125 551.0687255859375 588.625 628.07501220703125 666.7249755859375 699.9749755859375 719.3062744140625 729.29376220703125 728.5625 723.26873779296875 715.57501220703125 700.0374755859375
227.5500030517578125 229.912506103515625 232.2937469482421875 232.8937530517578125 230.96875 225.3874969482421875 216.9875030517578125 206 193.837493896484375 189.443756103515625 196.34375 203.037506103515625 209.5437469482421875 212.931243896484375 215.8937530517578125 219.0187530517578125 220.9375 222.931243896484375 226.8937530517578125 232.6750030517578125 247.993743896484375 268.649993896484375 288.42498779296875 314.975006103515625 340 358.850006103515625 366.82501220703125 374.54998779296875 385.23126220703125 399.08123779296875 419.975006103515625 446.20623779296875 473.975006103515625 506.04998779296875 541.13751220703125 577.4625244140625 617.28125 653.0250244140625 684.01873779296875 702.59375 713.625 713.875 711.58123779296875 705.125 685.25
234.056243896484375 235.8562469482421875 237.337493896484375 237.5500030517578125 236.131256103515625 230.7937469482421875 223.2375030517578125 213.381256103515625 203.837493896484375 200 203.1750030517578125 207.46875 213.5625 217.4749908447265625 219.0625 220.850006103515625 222.1999969482421875 224.5749969482421875 228.537506103515625 234.912506103515625 252.256256103515625 275.600006103515625 300.70623779296875 331.862518310546875 356.193756103515625 375.037506103515625 381.793731689453125 386.9375 393.76251220703125 403.28125 419.45623779296875 444.5 471.3125 502.024993896484375 533.4375 565.83123779296875 601.1624755859375 635.70623779296875 665.7125244140625 686.4937744140625 699.8187255859375 702.76251220703125 697.6875 684.60626220703125 666.98126220703125
240.287506103515625 241.962493896484375 242.399993896484375 242.5812530517578125 241.975006103515625 237.943756103515625 231.587493896484375 222.725006103515625 215.8937530517578125 212.931243896484375 213.193756103515625 216.1125030517578125 219.8000030517578125 223.5187530517578125 223.743743896484375 223.3937530517578125 223.243743896484375 225.96875 229.375 236.0812530517578125 256.962493896484375 282.975006103515625 313.53125 344.524993896484375 374.34375 390.256256103515625 394.818756103515625 400.73126220703125 404.487518310546875 408.90625 422.92498779296875 442.92498779296875 466.3125 493.837493896484375 523.0250244140625 551.42498779296875 582.4937744140625 614.25 643.40625 667.39373779296875 681.95001220703125 683.3125 676.26251220703125 662.8125 644.73748779296875
245.2624969482421875 246.899993896484375 247.256256103515625 248.0437469482421875 246.9812469482421875 244.774993896484375 240.6875 233.818756103515625 228.537506103515625 225.3000030517578125 224.3249969482421875 225.118743896484375 226.4499969482421875 228.46875 229.743743896484375 228.9250030517578125 226.7687530517578125 228.875 232.4499969482421875 238.850006103515625 258.95001220703125 287.149993896484375 321.84375 359.10626220703125 386.787506103515625 395.67498779296875 397.79998779296875 402.693756103515625 409.45623779296875 416.54376220703125 424.181243896484375 438.318756103515625 457.73748779296875 481.13751220703125 505.962493896484375 534.9124755859375 565.41876220703125 595.32501220703125 621.7750244140625 647.16876220703125 663.4625244140625 662.4437255859375 649.48748779296875 626.3187255859375 602.2249755859375
249.993743896484375 251.162506103515625 251.9187469482421875 252 251.7624969482421875 250.993743896484375 247.8375091552734375 243.34375 239 237.0437469482421875 236.8125 235.962493896484375 236.2312469482421875 235.0812530517578125 235.149993896484375 233.7062530517578125 230.850006103515625 233.4250030517578125 237.693756103515625 243.0250091552734375 261.01251220703125 289.475006103515625 324.13751220703125 357.92498779296875 377.256256103515625 387.837493896484375 397.46875 405.6875 414.318756103515625 421.17498779296875 427.118743896484375 434.36248779296875 448.39373779296875 467.774993896484375 489.162506103515625 514.2437744140625 543.10626220703125 571.8812255859375 599.54376220703125 626.8062744140625 646.23748779296875 642.26873779296875 616.01873779296875 587.9625244140625 559.7125244140625
253.287506103515625 254.756256103515625 255.368743896484375 255.5500030517578125 256.149993896484375 254.881256103515625 253.75 252.162506103515625 250.4812469482421875 249.225006103515625 248.5749969482421875 246.9875030517578125 245.25 244.068756103515625 240.568756103515625 238.7624969482421875 235.537506103515625 237.806243896484375 241.8249969482421875 248.287506103515625 269.13751220703125 296.07501220703125 326.10626220703125 352.568756103515625 371.36248779296875 386.70623779296875 397.59375 406.837493896484375 415.681243896484375 421.587493896484375 427.58123779296875 432.10626220703125 439.60626220703125 452.193756103515625 469.54376220703125 494.162506103515625 522.95623779296875 549.5562744140625 574.89373779296875 599.1500244140625 616.45623779296875 603.53125 582.5250244140625 562.9749755859375 540.125
254.756256103515625 255.274993896484375 256.337493896484375 258.13751220703125 259.54376220703125 259.08123779296875 259.818756103515625 260.181243896484375 259.131256103515625 258.506256103515625 258.71875 256.818756103515625 254.65625 252.6125030517578125 247.2874908447265625 244.5625 241.024993896484375 244.1999969482421875 247.681243896484375 254.087493896484375 276.625 303.01251220703125 330.15625 352.850006103515625 372.51873779296875 390.79376220703125 401.037506103515625 409.662506103515625 418.85626220703125 424.46875 425.70623779296875 426.96875 433.17498779296875 437.98748779296875 449.08123779296875 475.725006103515625 506.60626220703125 533.35626220703125 552.75 567.26251220703125 572.21875 567.76251220703125 561.70001220703125 547.3125 529.9000244140625
253.975006103515625 254.96875 257.04376220703125 259.54998779296875 261.962493896484375 264.07501220703125 265.35626220703125 266.306243896484375 267.618743896484375 268.58123779296875 268.399993896484375 267.08123779296875 264.931243896484375 262 256.65625 251.381256103515625 247.09375 250.3625030517578125 253.6999969482421875 260.65625 283.26251220703125 309.04998779296875 335.087493896484375 355.20001220703125 373.5 392.068756103515625 402.681243896484375 412.381256103515625 423.149993896484375 427.537506103515625 429.006256103515625 427.587493896484375 428.556243896484375 431.600006103515625 438.83123779296875 472.693756103515625 500.375 516.0250244140625 528.11248779296875 538.6937255859375 543.0062255859375 542.79998779296875 539.7562255859375 530.4437255859375 516.5250244140625
253.399993896484375 255.2249908447265625 257.087493896484375 260.649993896484375 264.51251220703125 267.587493896484375 271.16876220703125 273.45623779296875 275.431243896484375 277.35626220703125 277.524993896484375 276.96875 275.318756103515625 271.274993896484375 266.75 259.96875 252.7624969482421875 254.3937530517578125 258.5625 265.13751220703125 287.89373779296875 314.037506103515625 340.118743896484375 358.45001220703125 376.056243896484375 391.443756103515625 402.274993896484375 413.462493896484375 423.337493896484375 429.350006103515625 431.32501220703125 429.60626220703125 430.899993896484375 438.38751220703125 461.45623779296875 489.993743896484375 504.056243896484375 508.149993896484375 511.51251220703125 516.3187255859375 523.6187744140625 523.98748779296875 518.98126220703125 511.66876220703125 502.774993896484375
250.787506103515625 253.34375 257.01873779296875 261.98748779296875 266.756256103515625 270.54998779296875 274.35626220703125 278.087493896484375 281.28125 283.76251220703125 285.26251220703125 286.35626220703125 284.13751220703125 281.1875 275.8125 267.625 259.79998779296875 255.15625 260.36248779296875 265.75 288.600006103515625 313.01251220703125 336.40625 353.58123779296875 370.475006103515625 388.243743896484375 397.46875 410.087493896484375 422.51251220703125 428.631256103515625 428.95001220703125 420.618743896484375 424.23748779296875 438.875 469.42498779296875 509.95001220703125 508.125 499.85626220703125 497.162506103515625 501.975006103515625 504.9375 505.21875 502.975006103515625 497.53125 489.524993896484375
247.368743896484375 250.8562469482421875 255.2687530517578125 261.306243896484375 267.899993896484375 273.53125 278.524993896484375 283.068756103515625 286.587493896484375 289.850006103515625 292.068756103515625 291.59375 291.83123779296875 290.48126220703125 283.125 273.568756103515625 264.20001220703125 257.837493896484375 257.524993896484375 262.287506103515625 285.337493896484375 309.818756103515625 327.100006103515625 344.381256103515625 362.36248779296875 381.25 392.5 403.274993896484375 416.51251220703125 424.71875 426.78125 414.01873779296875 410.36248779296875 413.943756103515625 434.537506103515625 468.95001220703125 476.15625 476.76873779296875 481.381256103515625 485.212493896484375 489.5625 489.17498779296875 488.837493896484375 486.21875 479.256256103515625
241.631256103515625 246.8937530517578125 252.399993896484375 259.65625 267.83123779296875 275.65625 282.20001220703125 287.881256103515625 292.10626220703125 295.131256103515625 297.212493896484375 296.73748779296875 298.3125 298.993743896484375 288.806243896484375 274.95001220703125 262.33123779296875 258.818756103515625 255.9562530517578125 258.48126220703125 276.837493896484375 296.725006103515625 316.662506103515625 332.756256103515625 350.45001220703125 368.337493896484375 380.48126220703125 393.20001220703125 403.92498779296875 408.58123779296875 407.100006103515625 398.26873779296875 385.73748779296875 374.46875 372.681243896484375 399.53125 430.875 448.818756103515625 461.868743896484375 470.993743896484375 475.8125 476.28125 478.15625 477.95001220703125 472.9375
