data/historical-monthly-weather-data/wc2.1_cruts4.09_10m_prec_1957-07.asc
ncols        45
nrows        45
xllcorner    -63.500000000000
yllcorner    -7.500000000000
cellsize     0.166666666667
NODATA_value -9999
[rows 19 to 37 of 45, columns 0 to 42 of 45]
84.3874969482421875 85.7312469482421875 83.875 81.72499847412109375 78.9187469482421875 77.6999969482421875 72.58750152587890625 69.3937530517578125 66.9875030517578125 62.91249847412109375 59.28125 55.97499847412109375 50.893749237060546875 45.99375152587890625 39.981250762939453125 33.950000762939453125 29.649999618530273438 29.799999237060546875 26.112499237060546875 23.549999237060546875 20.806249618530273438 20.674999237060546875 21.581249237060546875 22.856250762939453125 23.418750762939453125 22.824998855590820312 23.706249237060546875 25.806249618530273438 27.049999237060546875 28.537500381469726562 32.02500152587890625 37.731250762939453125 39.43125152587890625 40.65000152587890625 42.793750762939453125 48.15000152587890625 52.762500762939453125 56.43125152587890625 59.81874847412109375 60.518749237060546875 58.075000762939453125 55.40625 55.65625
75.9812469482421875 81.84375 83.2937469482421875 79.3937530517578125 75.2375030517578125 73.78749847412109375 69.9499969482421875 67.03125 64.09999847412109375 60.918750762939453125 56.825000762939453125 53.93125152587890625 50.11875152587890625 45.231250762939453125 39.47499847412109375 34.200000762939453125 30.418750762939453125 28.243749618530273438 26.706249237060546875 23.200000762939453125 22.6875 22.331249237060546875 22.399999618530273438 23.762500762939453125 24.006250381469726562 22.96875 22.537500381469726562 24.381250381469726562 26.65625 29.162500381469726562 33.706249237060546875 38.325000762939453125 38.21250152587890625 39.424999237060546875 41.30625152587890625 45.543750762939453125 49.78749847412109375 52.02500152587890625 53.71250152587890625 54.043750762939453125 53.362499237060546875 52.88124847412109375 51.950000762939453125
73.4499969482421875 74.6374969482421875 77.0812530517578125 75.97499847412109375 73.5124969482421875 69.1437530517578125 65.8562469482421875 63.012500762939453125 60.97499847412109375 58.137500762939453125 55.41249847412109375 51.299999237060546875 47.46250152587890625 45.1875 41.25624847412109375 35.97499847412109375 33.012500762939453125 29.881250381469726562 27.5 24.881250381469726562 22.9375 22.356250762939453125 22.325000762939453125 22.299999237060546875 21.78125 21.106250762939453125 22.799999237060546875 23.737499237060546875 26.912500381469726562 30.881250381469726562 34.456249237060546875 37.643749237060546875 37.606250762939453125 37.78125 38.168750762939453125 42.356250762939453125 45.956249237060546875 48.11875152587890625 49.762500762939453125 50.52500152587890625 50.4375 50.43125152587890625 50.112499237060546875
70.78125 75.38124847412109375 75.97499847412109375 73.71250152587890625 70.68125152587890625 67.2624969482421875 60.83750152587890625 58.05625152587890625 57.043750762939453125 56.850002288818359375 54.987499237060546875 51.34999847412109375 49.13124847412109375 46.33750152587890625 43.25624847412109375 39.331249237060546875 34.674999237060546875 30.587499618530273438 27.600000381469726562 25.46875 24.725000381469726562 23.125 22.112499237060546875 21.75 21.75 20.681249618530273438 21.518749237060546875 23.549999237060546875 25.837499618530273438 29.1875 32.831249237060546875 36.587497711181640625 36.043750762939453125 34.981250762939453125 35.549999237060546875 37.74375152587890625 41.36875152587890625 42.768749237060546875 45.38124847412109375 47.200000762939453125 47.77500152587890625 46.987499237060546875 46.950000762939453125
65.94374847412109375 72.1437530517578125 74.6999969482421875 72.0124969482421875 68.8874969482421875 64.3249969482421875 61.375 57.53749847412109375 54.91249847412109375 52.887500762939453125 51.84375 52.11875152587890625 50.31874847412109375 48.63124847412109375 44.18125152587890625 40.137500762939453125 35.13124847412109375 32.125 28.75 26.899999618530273438 25.068750381469726562 24.125 22.756250381469726562 22.90625 22.481250762939453125 21.137500762939453125 22.5625 23.399999618530273438 25.237499237060546875 28.28125 31.912500381469726562 35.11875152587890625 33.737499237060546875 31.90625 32.862499237060546875 33.668750762939453125 36.737499237060546875 38.99375152587890625 41.44374847412109375 43.043750762939453125 44.25624847412109375 43.987499237060546875 44.418750762939453125
63.15625 69.78749847412109375 73.34999847412109375 71.5437469482421875 68.91249847412109375 63.43125152587890625 60.018749237060546875 56.5 53.987499237060546875 53.18125152587890625 52.25 50.02500152587890625 50.65000152587890625 48.924999237060546875 44.30625152587890625 39.34999847412109375 35.375 32.700000762939453125 29.837499618530273438 27.418750762939453125 25.975000381469726562 24.537500381469726562 24.018749237060546875 23.412500381469726562 22.15625 21.918750762939453125 22.206249237060546875 23.09375 24.40625 27.237499237060546875 29.375 31.337499618530273438 30.987499237060546875 29.481250762939453125 28.875 30.28125 32.893749237060546875 34.28749847412109375 37.018749237060546875 39.21250152587890625 40.081249237060546875 40.94374847412109375 41.893749237060546875
64.2312469482421875 70.4375 70.25624847412109375 69.625 66.97499847412109375 62.41249847412109375 58.81874847412109375 55.18125152587890625 52.206249237060546875 49.46250152587890625 50.887500762939453125 50.206249237060546875 48.75624847412109375 47.86875152587890625 44.02500152587890625 39.78749847412109375 35.56874847412109375 32.862499237060546875 30.362499237060546875 27.59375 26.8125 25.46875 24.668750762939453125 24.012500762939453125 22.5 21.431249618530273438 22.168750762939453125 22.743749618530273438 23.393749237060546875 25.200000762939453125 26.950000762939453125 28.143749237060546875 27.075000762939453125 26.149999618530273438 26.25 27.418750762939453125 29.231250762939453125 30.868749618530273438 33.28749847412109375 35.456249237060546875 37.5625 37.84999847412109375 38.581249237060546875
63.043750762939453125 66.72499847412109375 68.36875152587890625 68.1687469482421875 65.50624847412109375 61.86875152587890625 58.71250152587890625 54.75 50.84375 50.88124847412109375 51.325000762939453125 50.83750152587890625 49.97499847412109375 48.15000152587890625 44.05625152587890625 40.950000762939453125 36.924999237060546875 33.481250762939453125 31.274999618530273438 28.9375 27.25 25.975000381469726562 25.40625 25.362499237060546875 23.337499618530273438 21.493749618530273438 22.137500762939453125 22.943750381469726562 23.65625 24.21875 25.787500381469726562 25.649999618530273438 24.043750762939453125 24.049999237060546875 23.412500381469726562 24.756250381469726562 25.424999237060546875 26.768749237060546875 29.268749237060546875 31.8125 34.53749847412109375 35.59375 36.06874847412109375
62.1875 63.581249237060546875 64.91249847412109375 65.9875030517578125 63.78125 60.706249237060546875 57.6875 53.81874847412109375 51.481250762939453125 50.77500152587890625 50.28125 49.325000762939453125 49.05625152587890625 47.93125152587890625 43.84999847412109375 40.362499237060546875 37.02500152587890625 34.08750152587890625 30.956249237060546875 29.043750762939453125 28.112499237060546875 26.381250381469726562 24.674999237060546875 24.581249237060546875 23.381250381469726562 21.787500381469726562 22.399999618530273438 23.181249618530273438 23.818750381469726562 24.681249618530273438 25.424999237060546875 25.681249618530273438 23.71875 22.043748855590820312 21.137500762939453125 21.9375 22.337499618530273438 23.493749618530273438 26.037500381469726562 29.131250381469726562 31.6875 34.049999237060546875 34.081249237060546875
60.299999237060546875 61.8125 63.69374847412109375 61.83750152587890625 60.94374847412109375 57.3125 54.21250152587890625 52.043750762939453125 49.96250152587890625 49.737499237060546875 48.90625 48.262500762939453125 48.387500762939453125 48.11875152587890625 44.44374847412109375 40.91249847412109375 38.137500762939453125 34.25624847412109375 31.606250762939453125 29.600000381469726562 28.118749618530273438 26.299999237060546875 24.806249618530273438 24.174999237060546875 23.181249618530273438 21.987499237060546875 22.606250762939453125 23.412500381469726562 24.700000762939453125 25.337499618530273438 25.5 25.556249618530273438 23.075000762939453125 20.725000381469726562 19.274999618530273438 19.668750762939453125 19.956249237060546875 20.731250762939453125 22.918750762939453125 25.068750381469726562 28.075000762939453125 29.606250762939453125 30.731250762939453125
56.693752288818359375 59.78749847412109375 60.63124847412109375 59.24375152587890625 57.262500762939453125 54.825000762939453125 51.78749847412109375 50.9375 50.02500152587890625 48.956249237060546875 48.25 48.69374847412109375 48.737499237060546875 47.72499847412109375 44.66249847412109375 41.65000152587890625 38.58750152587890625 35.637500762939453125 32.512500762939453125 30.149999618530273438 28.993749618530273438 27.149999618530273438 25.725000381469726562 24.674999237060546875 23.956249237060546875 23.09375 23.5 24.393749237060546875 25.543750762939453125 25.524999618530273438 25.424999237060546875 24.850000381469726562 22.206249237060546875 19.899999618530273438 18.006250381469726562 17.84375 18.3125 18.299999237060546875 19.368749618530273438 21.075000762939453125 23.549999237060546875 25.118749618530273438 26.118749618530273438
54.112499237060546875 56.66249847412109375 55.27500152587890625 56.03749847412109375 55.487499237060546875 53.918750762939453125 51.206249237060546875 49.625 48.96875 48.362499237060546875 48.168750762939453125 48.0625 49.3125 47.3125 44.25 42.112499237060546875 40.481250762939453125 36.362499237060546875 32.61875152587890625 31.056249618530273438 30.09375 28.243749618530273438 26.53125 25.100000381469726562 24.125 24.137500762939453125 24.556249618530273438 24.912500381469726562 25.274999618530273438 25.274999618530273438 24.84375 24.3125 21.837499618530273438 19.512500762939453125 17.418750762939453125 16.568750381469726562 16.324998855590820312 16.375 16.631250381469726562 17.137500762939453125 18.587499618530273438 20.368749618530273438 21.306249618530273438
51.33750152587890625 51.47499847412109375 50.44374847412109375 50.4375 51.22499847412109375 50.81874847412109375 49.875 48.34375 48.25624847412109375 47.13124847412109375 47.262500762939453125 48.3125 48.325000762939453125 48.293750762939453125 45.887500762939453125 43.68125152587890625 41.52500152587890625 37.46875 33.38124847412109375 31.96875 30.256250381469726562 28.706249237060546875 26.743749618530273438 25.381250381469726562 25.037500381469726562 24.450000762939453125 24.931249618530273438 25.6875 25.418750762939453125 25.043748855590820312 24.71875 23.787500381469726562 21.118749618530273438 18.787500381469726562 16.8125 15.53125 15.037500381469726562 13.943750381469726562 13.931249618530273438 14.524999618530273438 15.368749618530273438 16.287500381469726562 16.956249237060546875
47.24375152587890625 46.768749237060546875 45.34375 45.21250152587890625 46.21875 46.21250152587890625 46.30625152587890625 45.875 45.018749237060546875 45.987499237060546875 47.43125152587890625 47.40625 48.18125152587890625 49.200000762939453125 47.56874847412109375 44.762500762939453125 41.91249847412109375 39.43125152587890625 36.174999237060546875 34.34999847412109375 32.28125 30.068750381469726562 27.787500381469726562 26.881250381469726562 26.8125 26.012500762939453125 26.693750381469726562 26.762500762939453125 26.862499237060546875 25.643749237060546875 24.643749237060546875 23.193750381469726562 20.287500381469726562 18.125 16.456249237060546875 15.412500381469726562 13.975000381469726562 12.71875 12.462499618530273438 12.931249618530273438 13.25 13.862500190734863281 13.78125
43.21875 42.74375152587890625 42.356250762939453125 42.43125152587890625 42.487499237060546875 41.56874847412109375 41.84999847412109375 41.081249237060546875 42.418750762939453125 42.86875152587890625 44.81874847412109375 46.512500762939453125 48.3125 48.737499237060546875 47.5 44.83750152587890625 43.00624847412109375 40.387500762939453125 37.33750152587890625 35.28749847412109375 33.78125 30.96875 29.424999237060546875 28.71875 27.862499237060546875 26.96875 27.381250381469726562 27.90625 27.756250381469726562 26.268749237060546875 24.75 22.731250762939453125 19.875 17.962499618530273438 16.149999618530273438 14.706250190734863281 12.943750381469726562 11.71875 11.481249809265136719 11.337499618530273438 11.3125 11.706250190734863281 11.90625
40.012500762939453125 38.325000762939453125 39.09375 39.043750762939453125 39.61875152587890625 39.06874847412109375 38.549999237060546875 38.081249237060546875 38.125 39.21250152587890625 41.96875 45.299999237060546875 49.143749237060546875 50.643749237060546875 48.33750152587890625 46.09999847412109375 44.143749237060546875 41.200000762939453125 38.91249847412109375 36.206249237060546875 34.643749237060546875 32.90625 30.943750381469726562 30.037500381469726562 29.0625 27.962499618530273438 28.262500762939453125 28.581249237060546875 28.200000762939453125 25.231248855590820312 23.475000381469726562 22.068750381469726562 19.674999237060546875 17.600000381469726562 15.425000190734863281 13.893750190734863281 12.431249618530273438 11.350000381469726562 10.649999618530273438 9.9750003814697265625 9.5062503814697265625 9.3874998092651367188 9.7562503814697265625
36.71875 35.856250762939453125 36.90625 36.174999237060546875 36.44374847412109375 35.78749847412109375 35.549999237060546875 35.11875152587890625 35.11875152587890625 35.612499237060546875 38.27500152587890625 42.674999237060546875 48.112499237060546875 48.78749847412109375 48.18125152587890625 46.637500762939453125 45.3125 42.16249847412109375 39.15625 36.93125152587890625 34.08750152587890625 33.38124847412109375 31.268749237060546875 30.206249237060546875 28.831249237060546875 28.8125 28.981250762939453125 29.125 28.512500762939453125 25.512500762939453125 23.424999237060546875 22.006250381469726562 19.5625 17.637500762939453125 15.568750381469726562 13.806249618530273438 12.487500190734863281 11.28125 10.75 10 9.1499996185302734375 9 8.7437496185302734375
33.331249237060546875 33.325000762939453125 33.862499237060546875 33.02500152587890625 33.19374847412109375 33.38124847412109375 33.206249237060546875 32.768749237060546875 32.3125 31.59375 34.700000762939453125 39.97499847412109375 44.637500762939453125 46.09375 46.793750762939453125 46.268749237060546875 44.99375152587890625 41.668750762939453125 38.799999237060546875 36.893749237060546875 34.112499237060546875 32.393749237060546875 30.774999618530273438 30.356250762939453125 29.118749618530273438 28.825000762939453125 28.956249237060546875 28.731250762939453125 28.068750381469726562 25.818750381469726562 23.381250381469726562 21.28125 18.918750762939453125 17.162500381469726562 15.256250381469726562 13.393750190734863281 12.081250190734863281 11.318750381469726562 10.868749618530273438 9.9375 8.9187498092651367188 8.625 8.1999998092651367188
29.556249618530273438 30.112499237060546875 29.887500762939453125 30.237499237060546875 30.46875 30.71875 30.831249237060546875 30.537500381469726562 30.362499237060546875 29.318750381469726562 34.581249237060546875 39.450000762939453125 42.293750762939453125 44.15625 45.58750152587890625 45.643749237060546875 43.46875 41.737499237060546875 38.481250762939453125 36.543750762939453125 34.481250762939453125 32.46875 30.362499237060546875 30.09375 29.512500762939453125 29.0625 28.787500381469726562 28.481250762939453125 27.8125 25.206249237060546875 21.837499618530273438 20.137500762939453125 18.012500762939453125 16.543750762939453125 14.475000381469726562 12.65625 11.987500190734863281 11.15625 10.643750190734863281 9.7875003814697265625 8.84375 8.6812496185302734375 8.1000003814697265625
