data/historical-monthly-weather-data/wc2.1_cruts4.09_10m_prec_1974-04.asc
ncols        45
nrows        45
xllcorner    -63.500000000000
yllcorner    -7.500000000000
cellsize     0.166666666667
NODATA_value -9999
[rows 0 to 19 of 45, columns 0 to 44 of 45]
226.875 228.5625 227.9250030517578125 231.625 231.649993896484375 230.1437530517578125 227.8937530517578125 222.149993896484375 220.28125 222.087493896484375 226.975006103515625 232.5749969482421875 237.2375030517578125 240.1999969482421875 243.5124969482421875 247.5187530517578125 252.556243896484375 253.2312469482421875 256.42498779296875 259.893768310546875 263.84375 269.21875 273.600006103515625 278.41876220703125 280.800018310546875 285.76251220703125 287.756256103515625 291.243743896484375 292.943756103515625 292.193756103515625 291.412506103515625 290.475006103515625 286.89373779296875 284.66876220703125 282.28125 282.537506103515625 281.1875 280.162506103515625 283.01873779296875 284.537506103515625 285.899993896484375 286.9375 285.212493896484375 285.412506103515625 285.375
236.75 237.4187469482421875 242.09375 246.375 250.162506103515625 248.006256103515625 244.7687530517578125 243.243743896484375 243.7062530517578125 245.837493896484375 250.693756103515625 255.0187530517578125 259.42498779296875 262.568756103515625 263.91876220703125 268 270.66876220703125 272.975006103515625 276.09375 278.693756103515625 282.506256103515625 287.03125 293.149993896484375 296.61248779296875 300.95623779296875 305.16876220703125 306.01251220703125 308.743743896484375 307.96875 306.09375 305.850006103515625 306.17498779296875 302.756256103515625 301.149993896484375 297.60626220703125 297.48748779296875 298.14373779296875 297.46875 300.056243896484375 300.88751220703125 301.587493896484375 303.03125 301.524993896484375 299.75 298.84375
246.712493896484375 249.65625 254.09375 261.09375 267.07501220703125 267.91876220703125 268.162506103515625 269.712493896484375 274.662506103515625 277.600006103515625 280.29376220703125 282.412506103515625 285.98126220703125 286.29376220703125 286.76873779296875 289.13751220703125 290.806243896484375 293.45623779296875 295.912506103515625 299.79998779296875 305.23126220703125 311.462493896484375 316.6875 320.149993896484375 325.256256103515625 329.32501220703125 330.725006103515625 328.85626220703125 325.212493896484375 323.76873779296875 322.493743896484375 321.037506103515625 319.462493896484375 316.443756103515625 310.912506103515625 308.67498779296875 309.556243896484375 309.38751220703125 310.375 311.04376220703125 311.337493896484375 311.199981689453125 310.04998779296875 309.15625 307.868743896484375
252.850006103515625 256.899993896484375 265.850006103515625 272.368743896484375 279.45001220703125 285.28125 290.16876220703125 295.92498779296875 305.256256103515625 311.96875 313.59375 312.25 311.17498779296875 311.01873779296875 309.76251220703125 310.91876220703125 312.5 314.943756103515625 317.631256103515625 322.29998779296875 329.98748779296875 337.09375 341.600006103515625 346.26873779296875 350.962493896484375 353.0625 354.26251220703125 349.45623779296875 344.318756103515625 343.875 341.806243896484375 339.40625 334.037506103515625 329.36248779296875 322.8125 321.35626220703125 320.01251220703125 318.38751220703125 320.51251220703125 319.16876220703125 318.85626220703125 320.14373779296875 317.42498779296875 315.274993896484375 314.931243896484375
271.3125 271.36248779296875 273.82501220703125 281.337493896484375 292.118743896484375 300.67498779296875 307.53125 318.07501220703125 332.912506103515625 345.306243896484375 344.41876220703125 336.756256103515625 334.399993896484375 333.78125 331.39373779296875 331.149993896484375 331.14373779296875 334.35626220703125 337.54998779296875 342.45001220703125 352.15625 359.337493896484375 365.149993896484375 371.78125 373.45001220703125 375.20623779296875 372.899993896484375 370.79998779296875 366.89373779296875 363.431243896484375 360.818756103515625 354.45001220703125 347.806243896484375 342.89373779296875 336.59375 333.63751220703125 329.85626220703125 327.32501220703125 329.1875 327.57501220703125 327.8125 325.65625 323.95001220703125 323.60626220703125 321.32501220703125
282.3125 283.91876220703125 286.83123779296875 288.26873779296875 298.256256103515625 309.4375 317.98126220703125 330.15625 345.95623779296875 361.84375 357.96875 350.79376220703125 349.162506103515625 348.91876220703125 345.881256103515625 346.149993896484375 344.243743896484375 348.243743896484375 355.23126220703125 362.36248779296875 370.243743896484375 377.07501220703125 385.899993896484375 390.024993896484375 392.61248779296875 394.993743896484375 391.225006103515625 387.368743896484375 382.32501220703125 378.51251220703125 375.71875 372.524993896484375 364.15625 359.86248779296875 356.54998779296875 352.03125 349.399993896484375 345.96875 345.631256103515625 344.112518310546875 338.912506103515625 335.51251220703125 333.83123779296875 333.26873779296875 331.76873779296875
294.73126220703125 296.08123779296875 299.04376220703125 299.399993896484375 301.493743896484375 309.193756103515625 318.587493896484375 330.1875 341.26251220703125 350.625 356.36248779296875 357.475006103515625 361.17498779296875 361.20623779296875 359.681243896484375 361.26251220703125 360.225006103515625 362.01251220703125 368.306243896484375 378.462493896484375 388.08123779296875 396.681243896484375 405.024993896484375 406.03125 409.13751220703125 411.98748779296875 408.649993896484375 401.618743896484375 395.274993896484375 392.48126220703125 391.29998779296875 387.85626220703125 382.51873779296875 376.962493896484375 374.29998779296875 369.65625 364.51251220703125 361.193756103515625 361.649993896484375 357.35626220703125 346.681243896484375 342.92498779296875 341.100006103515625 339.712493896484375 339.48126220703125
307.88751220703125 306.943756103515625 307.76251220703125 309.78125 312.118743896484375 317.681243896484375 320.181243896484375 322.087493896484375 324.85626220703125 333.537506103515625 349.48126220703125 360.91876220703125 368.88751220703125 372.975006103515625 374.256256103515625 374.943756103515625 374.118743896484375 376.73126220703125 381.10626220703125 392.90625 405.07501220703125 415.256256103515625 422.28125 423.256256103515625 427.774993896484375 427 422.125 414.818756103515625 408.45001220703125 406.943756103515625 403.368743896484375 400.53125 396.51873779296875 392.76873779296875 389.899993896484375 381.5 376.0625 370.712493896484375 367.01251220703125 359.318756103515625 349.375 346.5 343.493743896484375 340.04376220703125 337.48748779296875
317.818756103515625 317.26251220703125 317.681243896484375 317.96875 319.912506103515625 323.16876220703125 325.975006103515625 325.54376220703125 321.1875 323.98748779296875 344.01251220703125 359.76873779296875 375.681243896484375 381.95623779296875 383.899993896484375 386.98126220703125 389.26873779296875 393.84375 400.98748779296875 410.193756103515625 415.037506103515625 427.712493896484375 434.21875 438.306243896484375 441.29998779296875 437.462493896484375 430.54998779296875 423.631256103515625 416.818756103515625 414.868743896484375 413.368743896484375 407.65625 402.51873779296875 396.73748779296875 394.756256103515625 387.76873779296875 383.006256103515625 375.54376220703125 370.45001220703125 361.07501220703125 350.737518310546875 345.26873779296875 342.537506103515625 339.60626220703125 332.774993896484375
327.118743896484375 324.806243896484375 325.96875 326.70623779296875 327.381256103515625 331.01251220703125 334.66876220703125 334.774993896484375 336.59375 344.26251220703125 359.631256103515625 370.79376220703125 383.61248779296875 390.5 396.14373779296875 399.681243896484375 403.92498779296875 410.6875 418.256256103515625 430.86248779296875 435.03125 441.6875 446.61248779296875 452.36248779296875 450.15625 443.193756103515625 435.225006103515625 427.537506103515625 422.07501220703125 422.95623779296875 417.649993896484375 409.818756103515625 404.225006103515625 399.42498779296875 396.881256103515625 391.868743896484375 384.725006103515625 377.693756103515625 370.868743896484375 362.79998779296875 353.743743896484375 347.462493896484375 342.03125 333.63751220703125 328.64373779296875
336.39373779296875 334.943756103515625 335.38751220703125 335.618743896484375 334.54998779296875 338.818756103515625 343.51251220703125 345.649993896484375 352.28125 362.600006103515625 377.618743896484375 390.36248779296875 395.85626220703125 401.82501220703125 406.15625 410.20623779296875 416.54376220703125 425.23748779296875 435.493743896484375 447.3125 457.01873779296875 461.28125 461.0625 452.693756103515625 454.98748779296875 448.20623779296875 436.71875 427.66876220703125 420.08123779296875 420.54376220703125 415.20001220703125 407.17498779296875 402.725006103515625 398.493743896484375 396.15625 388.20623779296875 381.1875 375.08123779296875 368.70001220703125 360.54998779296875 350.556243896484375 343.15625 339.01873779296875 332.118743896484375 325.568756103515625
341.61248779296875 339.45623779296875 339.649993896484375 343.45001220703125 344.225006103515625 346.76251220703125 353.58123779296875 359.5 368.86248779296875 380.35626220703125 395.36248779296875 409.14373779296875 409.881256103515625 412.15625 415.850006103515625 420.600006103515625 426.112518310546875 434.600006103515625 445.51873779296875 458.212493896484375 466.73126220703125 470.70001220703125 470.95623779296875 466.20623779296875 456.70001220703125 442.337493896484375 430.01873779296875 419.056243896484375 411.774993896484375 409.01251220703125 404.26873779296875 397.88751220703125 392.350006103515625 388.899993896484375 386.556243896484375 380.48126220703125 375.73126220703125 371.03125 361.725006103515625 350.95623779296875 342.04376220703125 335.54376220703125 329.75 319.15625 312.537506103515625
347.46875 344.98126220703125 345.774993896484375 348.48748779296875 351.25 358.07501220703125 363.46875 369.037506103515625 378.193756103515625 392.51873779296875 407.20001220703125 421.100006103515625 423.556243896484375 416.89373779296875 419.86248779296875 427.256256103515625 431.26251220703125 439.13751220703125 451.306243896484375 461.381256103515625 469.618743896484375 470.962493896484375 466.63751220703125 460.09375 440.20623779296875 423.20623779296875 415.881256103515625 405.59375 400.3125 396.40625 391.70001220703125 385.212493896484375 379.625 376.45623779296875 373.16876220703125 370.375 367.274993896484375 363.53125 355.79998779296875 345.3125 331.11248779296875 326.29376220703125 317.506256103515625 307.412506103515625 304.60626220703125
351.912506103515625 349.381256103515625 349.193756103515625 351.60626220703125 356.83123779296875 363.53125 368.806243896484375 375.443756103515625 386.318756103515625 398.800018310546875 409.46875 418.07501220703125 422.73748779296875 421.32501220703125 420.175018310546875 428.71875 432.568756103515625 437.149993896484375 449.09375 456.21875 461.89373779296875 460.056243896484375 456.65625 442.73748779296875 425.993743896484375 411.087493896484375 402.08123779296875 393.375 386.79998779296875 383.625 378.743743896484375 373.5 365.61248779296875 362.42498779296875 360.943756103515625 360.318756103515625 358.45001220703125 357.59375 352.149993896484375 340.01251220703125 322.0625 310.881256103515625 307.356231689453125 305.5 306.03125
353.78125 351.787506103515625 352.649993896484375 355.86248779296875 362.0625 368.61248779296875 375.5 382.17498779296875 390.64373779296875 400.125 409.25 417.29376220703125 420.70623779296875 420.524993896484375 417.8125 421.13751220703125 426.662506103515625 435.89373779296875 445.962493896484375 452.818756103515625 454.15625 453.79376220703125 446.6875 432.131256103515625 416.024993896484375 403.381256103515625 393.61248779296875 386.037506103515625 380.056243896484375 374.943756103515625 367.03125 357.600006103515625 353.39373779296875 348.412506103515625 345.375 344.462493896484375 349.45001220703125 353.88751220703125 348.618743896484375 334.23748779296875 317.54376220703125 310.381256103515625 310.71875 305.29376220703125 303.01873779296875
353.34375 351.36248779296875 354.850006103515625 360 365.76873779296875 372.600006103515625 379.36248779296875 386.5 396.70623779296875 404.162506103515625 411.287506103515625 418.09375 421.91876220703125 420.23748779296875 414.756256103515625 408.993743896484375 419.625 434.149993896484375 442 449.149993896484375 449.462493896484375 445.29376220703125 436.375 422.4375 406.368743896484375 395.524993896484375 384.787506103515625 378.71875 372.98748779296875 368.475006103515625 362.943756103515625 352.600006103515625 340.65625 333.274993896484375 327.20623779296875 334.487518310546875 340.48126220703125 346.70623779296875 343.506256103515625 335.149993896484375 321.875 316.506256103515625 311.756256103515625 303.66876220703125 299.60626220703125
351.181243896484375 351.125 356.58123779296875 363.09375 368.96875 376.0625 385.293731689453125 392.71875 400.25 407.743743896484375 413.25 419.8125 422.362518310546875 421.25 418.58123779296875 416.89373779296875 417.162506103515625 427.73748779296875 439.193756103515625 447.806243896484375 446.625 442.600006103515625 432.54376220703125 413.66876220703125 398.024993896484375 385.88751220703125 377.181243896484375 371.318756103515625 367.618743896484375 364.65625 358.231231689453125 348.1875 337.118743896484375 328.71875 329.20001220703125 332.01873779296875 339.35626220703125 347.46875 350.36248779296875 340.75 329.20001220703125 321.59375 311.04998779296875 301.743743896484375 296.274993896484375
347.274993896484375 350.34375 356.53125 366.462493896484375 373.568756103515625 382.79998779296875 393.76251220703125 400.29998779296875 406.95001220703125 411.912506103515625 415.087493896484375 420.41876220703125 422.412506103515625 423.506256103515625 422.3125 423.006256103515625 422.66876220703125 420.04376220703125 436.45623779296875 446.42498779296875 447.29376220703125 440.57501220703125 429.53125 410.82501220703125 396.443756103515625 384.70623779296875 372.46875 370.024993896484375 367.818756103515625 363.100006103515625 351.20001220703125 332.1875 328.850006103515625 326.1875 324.48126220703125 331.237518310546875 338.14373779296875 344.64373779296875 345.5 342.39373779296875 329.04998779296875 320.274993896484375 310.274993896484375 300.46875 295.76873779296875
341.83123779296875 347.45623779296875 357.04376220703125 366.837493896484375 376.09375 387.96875 398.95001220703125 409.368743896484375 416.100006103515625 419.625 419.63751220703125 419.456268310546875 421.75 425.73748779296875 421.412506103515625 422.23126220703125 423.693756103515625 423.48126220703125 429.056243896484375 439.381256103515625 447.274993896484375 443.618743896484375 419.28125 407.1875 397.11248779296875 389.57501220703125 381.625 376.118743896484375 374.181243896484375 366.73126220703125 353.91876220703125 335.962493896484375 326.54998779296875 314.587493896484375 311.51873779296875 318.78125 327.056243896484375 332.931243896484375 337.574981689453125 333.66876220703125 326.88751220703125 319.193756103515625 308.8125 299.5 295.381256103515625
335.6875 344.068756103515625 354.32501220703125 363.71875 376.9375 393.462493896484375 408.231231689453125 417.306243896484375 423.59375 426.443756103515625 424.068756103515625 425.306243896484375 426.54998779296875 427.837493896484375 421.51251220703125 414.28125 411.79998779296875 421.66876220703125 426.78125 436.068756103515625 435.91876220703125 427.881256103515625 419.375 408.65625 399.46875 391.59375 386.17498779296875 384.5625 378.71875 366.61248779296875 349.4375 338.48748779296875 323.443756103515625 305.04998779296875 294.48748779296875 301.42498779296875 316.04998779296875 327.39373779296875 331.149993896484375 329.618743896484375 322.806243896484375 315.92498779296875 306.943756103515625 298.23748779296875 292.01251220703125
