data/historical-monthly-weather-data/wc2.1_cruts4.09_10m_prec_1980-07.asc
ncols        45
nrows        45
xllcorner    -63.500000000000
yllcorner    -7.500000000000
cellsize     0.166666666667
NODATA_value -9999
[rows 19 to 37 of 45, columns 0 to 43 of 45]
96.80625152587890625 99.5187530517578125 99.66249847412109375 99.65000152587890625 98.8125 100.13750457763671875 96.43125152587890625 94.9187469482421875 93.43125152587890625 89.3312530517578125 85.96875 84.59375 80.6374969482421875 76.65625 70.3874969482421875 63.450000762939453125 59.06874847412109375 63.237499237060546875 59.174999237060546875 57.33750152587890625 54.72499847412109375 59.043750762939453125 66.2687530517578125 71.5124969482421875 73.84999847412109375 72.21250152587890625 72.77500152587890625 76.66249847412109375 77.61875152587890625 77.59375 82.56874847412109375 93.08750152587890625 96.52500152587890625 99.3249969482421875 103.47499847412109375 109.83750152587890625 112.9375 113.3874969482421875 112.1750030517578125 106.2062530517578125 95.63124847412109375 85.8312530517578125 81.28749847412109375 75.3937530517578125
87.2312469482421875 95.0749969482421875 99.2375030517578125 97.30625152587890625 94.9375 95.9875030517578125 93.90625 92.7687530517578125 90.5187530517578125 87.6062469482421875 83.4499969482421875 82.13124847412109375 79.56874847412109375 75.06874847412109375 69.1437530517578125 63.56874847412109375 60.22499847412109375 59.625 60.36875152587890625 56.512500762939453125 59.71875 63.65625 68.8000030517578125 74.83750152587890625 76.8937530517578125 74.25624847412109375 70.6999969482421875 73.6999969482421875 77.5812530517578125 79.7687530517578125 86.6687469482421875 93.84375 93.3937530517578125 96.9812469482421875 101.31874847412109375 105.9499969482421875 109.1750030517578125 107.49375152587890625 103.63124847412109375 97.4875030517578125 90.34375 84.5 78.5500030517578125 73.65625
84.3125 86.6999969482421875 92.0749969482421875 93.6125030517578125 93.47499847412109375 90.75 89.31874847412109375 88.21875 87.1374969482421875 84.6374969482421875 82.34999847412109375 78.69374847412109375 75.4812469482421875 74.6875 71.84999847412109375 66.40000152587890625 64.90000152587890625 62.77500152587890625 62.0625 60.58750152587890625 60.36875152587890625 63.668750762939453125 68.50624847412109375 70.6999969482421875 70.74375152587890625 69.7937469482421875 72.83750152587890625 72.94374847412109375 79.24375152587890625 84.65625 88.15000152587890625 91.19374847412109375 91.5187530517578125 93.3249969482421875 94.81874847412109375 100.24375152587890625 103.02500152587890625 102.0625 98.7312469482421875 93.8937530517578125 88.05625152587890625 83.28125 78.4499969482421875 73.4812469482421875
81.28125 87.56874847412109375 90.96250152587890625 91.25624847412109375 90.52500152587890625 89.0500030517578125 83.25 82.08750152587890625 82.3625030517578125 83.6437530517578125 82.57500457763671875 79.25 78.06874847412109375 76.11875152587890625 74.7624969482421875 72.05625152587890625 67.6062469482421875 63.856250762939453125 62.049999237060546875 61.950000762939453125 64.94374847412109375 65.68125152587890625 67.6999969482421875 69.2624969482421875 71.56874847412109375 69.65000152587890625 69.8562469482421875 73.24375152587890625 76.6875 80.02500152587890625 83.3312530517578125 87.5187530517578125 87.21250152587890625 86.6125030517578125 89.30625152587890625 91.00624847412109375 94.90625 93.3125 92.79999542236328125 90.4812469482421875 86.125 80.2312469482421875 76.13124847412109375 71.4187469482421875
75.6999969482421875 83.875 89.625 89.46875 88.68125152587890625 85.4812469482421875 84.22499847412109375 81.4875030517578125 79.36875152587890625 77.8874969482421875 77.8562469482421875 80.0437469482421875 79.0812530517578125 78.55625152587890625 75.09375 72.3125 67.4499969482421875 66.0500030517578125 63.71250152587890625 64.68125152587890625 65.09999847412109375 67.8249969482421875 69.1125030517578125 72.58750152587890625 73.8562469482421875 71.2375030517578125 72.9187469482421875 71.96250152587890625 73.6374969482421875 76.0500030517578125 79.2687530517578125 82.21875 80.41249847412109375 78.53749847412109375 82.8874969482421875 82.59375 86.8874969482421875 88.6062469482421875 88.2312469482421875 85.75 82.8000030517578125 77.7375030517578125 74.3625030517578125 69.5187530517578125
72.51250457763671875 81.2375030517578125 88.2062530517578125 89.25 89.1062469482421875 84.5437469482421875 82.5124969482421875 80.03125 78.00624847412109375 78.2624969482421875 78.33750152587890625 76.34999847412109375 78.6437530517578125 77.6999969482421875 73.9375 69.6687469482421875 66.81874847412109375 66.1999969482421875 65.2062530517578125 65 66.5749969482421875 68.18125152587890625 72.28749847412109375 73.7312469482421875 72.5500030517578125 73.65000152587890625 71.1125030517578125 69.96875 69.80625152587890625 71.6875 71.30625152587890625 71.72499847412109375 72.6999969482421875 72.0625 73.0812530517578125 75.5437469482421875 80.28749847412109375 81.34999847412109375 82.2624969482421875 81.40000152587890625 77.9812469482421875 74.94374847412109375 72.3312530517578125 67.4875030517578125
73.65000152587890625 81.9375 84.5187530517578125 86.9499969482421875 86.72499847412109375 83.25 80.78125 78.0187530517578125 75.25 72.56874847412109375 76.00624847412109375 75.9562530517578125 74.6687469482421875 74.5812530517578125 72.06874847412109375 69.09375 65.90625 65.28749847412109375 65.05625152587890625 64.21875 67.53125 69.6374969482421875 73.2062530517578125 74.6437530517578125 72.84375 71.27500152587890625 69.9499969482421875 67.44374847412109375 65.24375152587890625 64.59999847412109375 63.75 62.831249237060546875 62.5 63.49375152587890625 66.8125 69.7937469482421875 73.7687530517578125 76.65000152587890625 77.3937530517578125 76.84375 76.08750152587890625 71.8125 68.7062530517578125 64.0124969482421875
71.75 76.84375 81.24375152587890625 83.875 83.41249847412109375 81.11875152587890625 79.31874847412109375 76.1437530517578125 72.11875152587890625 73.49375152587890625 75.43125152587890625 75.375 74.6687469482421875 72.8249969482421875 69.84999847412109375 68.72499847412109375 65.8625030517578125 63.962497711181640625 64.28125 64.50624847412109375 65.6374969482421875 67.8937530517578125 72.0124969482421875 75.09375 71.73749542236328125 67.59999847412109375 65.84999847412109375 64.1125030517578125 62.18125152587890625 58.9375 58.43125152587890625 55.262500762939453125 54.450000762939453125 58.46250152587890625 60.875 65.0812530517578125 66.9875030517578125 69.9375 71.6062469482421875 72.41249847412109375 73.3125 70.11875152587890625 66.09375 61.112499237060546875
70.18125152587890625 72.4499969482421875 76.0749969482421875 79.84999847412109375 79.65000152587890625 78.0749969482421875 76.4499969482421875 73.42499542236328125 71.68125152587890625 72.0749969482421875 72.6125030517578125 71.61875152587890625 71.4187469482421875 70.375 67.3000030517578125 65.40000152587890625 63.575000762939453125 62.53749847412109375 61.018749237060546875 61.91249847412109375 64.6062469482421875 65.7687530517578125 66.65000152587890625 69.1437530517578125 67.94374847412109375 64.5500030517578125 62.65000152587890625 60.875 58.862499237060546875 56.99375152587890625 55.112499237060546875 53.356250762939453125 52.66249847412109375 53.637500762939453125 56.28125 59.8125 61.606250762939453125 64.8000030517578125 67.1437530517578125 69.8125 70.58750152587890625 69.78125 64.27500152587890625 60
67.4562530517578125 69.65000152587890625 73.6062469482421875 73.52500152587890625 74.625 72.24375152587890625 70.4375 69.65625 68.25 69.3125 69.30625152587890625 68.52500152587890625 68.6999969482421875 68.72499847412109375 66.1062469482421875 63.97499847412109375 63.00624847412109375 60.22499847412109375 59.581249237060546875 60.15625 61.506252288818359375 62.206249237060546875 63.424999237060546875 64.1125030517578125 63.31874847412109375 60.987499237060546875 59.256252288818359375 57.59375 57.318752288818359375 55.49375152587890625 52.90625 51.40000152587890625 50.237499237060546875 50.362499237060546875 52.375 55.418750762939453125 57.44374847412109375 60.33750152587890625 62.481250762939453125 63.481250762939453125 66.0437469482421875 63.487499237060546875 60.075000762939453125 56.27500152587890625
62.68125152587890625 66.4187469482421875 68.8249969482421875 68.91249847412109375 68.34999847412109375 67.2937469482421875 65.4499969482421875 66.28749847412109375 66.4499969482421875 66.30625152587890625 66.46875 67.2687530517578125 67.33750152587890625 66.2375030517578125 64.125 62.28749847412109375 60.34375 59.00624847412109375 57.40000152587890625 56.987499237060546875 58.5625 58.737499237060546875 59.674999237060546875 58.99375152587890625 58.61875152587890625 57.231250762939453125 55.4375 54.40000152587890625 54.268749237060546875 52.3125 50.50624847412109375 48.706249237060546875 47.41249847412109375 47.63124847412109375 48.5625 50.606250762939453125 54.049999237060546875 55.55625152587890625 55.887500762939453125 57.19374847412109375 59.96250152587890625 58.512500762939453125 55.612499237060546875 51.700000762939453125
59.09999847412109375 62.02500152587890625 61.59999847412109375 63.762500762939453125 64.4875030517578125 64.3937530517578125 62.950000762939453125 62.768749237060546875 63.21250152587890625 63.668750762939453125 64.50624847412109375 64.58750152587890625 66.3000030517578125 63.893749237060546875 61.40625 60.30625152587890625 60.08750152587890625 56.8125 54.02500152587890625 54.793750762939453125 56.268749237060546875 56.174999237060546875 56.012500762939453125 54.34375 53.24375152587890625 53.75 52.375 50.625 49.418750762939453125 48.643749237060546875 47.38124847412109375 46.53125 45.71875 45.981250762939453125 46.375 47.13124847412109375 49.200000762939453125 51.78125 50.93125152587890625 50.16249847412109375 51.762500762939453125 52.206249237060546875 50.143749237060546875 46.53125
55.40000152587890625 55.56874847412109375 55.237499237060546875 56.143749237060546875 58.03749847412109375 59.08750152587890625 59.63124847412109375 59.40625 60.53125 60.25624847412109375 61.52500152587890625 63.125 63.24375152587890625 63.481250762939453125 61.53749847412109375 59.987499237060546875 58.643749237060546875 55.43125152587890625 52.0625 52.75 52.58750152587890625 52.637500762939453125 51.66249847412109375 50.03749847412109375 50.043750762939453125 49.21250152587890625 48.31874847412109375 47.825000762939453125 45.8125 45.325000762939453125 45.168750762939453125 44.38124847412109375 43.27500152587890625 43.362499237060546875 44.018749237060546875 44.075000762939453125 45.981250762939453125 45.65000152587890625 45.09375 45.81874847412109375 46.950000762939453125 46.15625 44.424999237060546875 43.0625
50.43125152587890625 49.91249847412109375 48.918750762939453125 49.387500762939453125 51.168750762939453125 52.28749847412109375 53.66249847412109375 54.41249847412109375 54.46875 56.706249237060546875 59.49375152587890625 59.793750762939453125 60.956249237060546875 62.537502288818359375 61.33750152587890625 58.65625 56.03125 54.86875152587890625 52.71875 52.549999237060546875 51.512500762939453125 50.106250762939453125 48.237499237060546875 47.34999847412109375 47.668750762939453125 46.487499237060546875 46.3125 44.981250762939453125 44.15000152587890625 43.02500152587890625 42.52500152587890625 41.518749237060546875 39.93125152587890625 40.081249237060546875 41.237499237060546875 42.125 41.668750762939453125 41.200000762939453125 40.981250762939453125 42.625 43.456249237060546875 43.15000152587890625 40.43125152587890625 39.72499847412109375
45.625 45.09999847412109375 44.99375152587890625 45.424999237060546875 45.91249847412109375 45.762500762939453125 46.956249237060546875 46.96875 49.47499847412109375 50.987499237060546875 54.21875 56.643749237060546875 59.125 59.950000762939453125 58.96875 56.200000762939453125 54.637500762939453125 53.09375 51.106250762939453125 50.356250762939453125 49.83750152587890625 47.299999237060546875 46.40625 45.71250152587890625 44.58750152587890625 43.22499847412109375 42.981250762939453125 42.737499237060546875 41.887500762939453125 41.02500152587890625 40.356250762939453125 39.03125 37.53125 38.012500762939453125 38.65625 38.637500762939453125 37.4375 37.25624847412109375 38.11875152587890625 38.90625 39.893749237060546875 40.237499237060546875 39.53125 38.112499237060546875
41.72499847412109375 39.950000762939453125 40.90625 41.018749237060546875 41.862499237060546875 41.856250762939453125 41.88124847412109375 42.03749847412109375 42.91249847412109375 44.987499237060546875 49.012500762939453125 53.325000762939453125 58.21250152587890625 60.34999847412109375 57.893749237060546875 55.456249237060546875 53.518749237060546875 51.456249237060546875 50.30625152587890625 48.5 47.71875 46.5625 44.875 43.77500152587890625 42.418750762939453125 40.768749237060546875 40.549999237060546875 40.293750762939453125 39.418750762939453125 36.81874847412109375 36.25 36.325000762939453125 35.56874847412109375 35.606250762939453125 35.200000762939453125 34.981250762939453125 34.63124847412109375 35.143749237060546875 35.25624847412109375 35.21250152587890625 35.55625152587890625 35.231250762939453125 36.31874847412109375 35.72499847412109375
37.80625152587890625 36.924999237060546875 38.081249237060546875 37.44374847412109375 37.86875152587890625 37.59999847412109375 37.768749237060546875 37.75624847412109375 38.34375 39.512500762939453125 43.09999847412109375 48.46250152587890625 55.00624847412109375 56.16249847412109375 55.59375 53.918750762939453125 52.637500762939453125 50.1875 47.96250152587890625 46.53125 43.88124847412109375 43.90000152587890625 41.887500762939453125 40.512500762939453125 38.59999847412109375 38.46250152587890625 38.21875 37.924999237060546875 36.96875 34.75624847412109375 34.012500762939453125 34.28125 33.387500762939453125 33.450000762939453125 33.125 32.25 32.231250762939453125 32.268749237060546875 33.05625152587890625 33.043750762939453125 32.418750762939453125 32.549999237060546875 32.081249237060546875 31.975000381469726562
33.875 33.88124847412109375 34.47499847412109375 33.706249237060546875 33.981250762939453125 34.44374847412109375 34.50624847412109375 34.325000762939453125 34.25 33.918750762939453125 37.700000762939453125 43.8125 49.3125 51.27500152587890625 52.09375 51.53125 50.268749237060546875 47.44374847412109375 45.22499847412109375 43.99375152587890625 41.362499237060546875 39.893749237060546875 38.40000152587890625 37.80625152587890625 36.106250762939453125 35.549999237060546875 35.43125152587890625 34.84375 34.03749847412109375 33.03749847412109375 32.018749237060546875 31.424999237060546875 30.5 30.549999237060546875 30.268749237060546875 29.118749618530273438 28.881250381469726562 29.912500381469726562 30.90625 30.387500762939453125 29.4375 29.524999618530273438 29.018749237060546875 29.681249618530273438
29.643749237060546875 30.21875 30.012500762939453125 30.431249618530273438 30.737499237060546875 31.131250381469726562 31.375 31.256250381469726562 31.331249237060546875 30.506250381469726562 36.299999237060546875 41.78749847412109375 45.22499847412109375 47.55625152587890625 49.143749237060546875 49.18125152587890625 46.924999237060546875 45.762500762939453125 42.96875 41.512500762939453125 39.65625 37.768749237060546875 35.637500762939453125 35.1875 34.27500152587890625 33.55625152587890625 33.018749237060546875 32.47499847412109375 31.831249237060546875 30.450000762939453125 28.331249237060546875 28.212499618530273438 27.462499618530273438 27.674999237060546875 26.774999618530273438 25.556249618530273438 26.450000762939453125 27.056249618530273438 27.818750381469726562 27.600000381469726562 26.931249618530273438 27.712499618530273438 27.106250762939453125 25.549999237060546875
