data/historical-monthly-weather-data/wc2.1_cruts4.09_10m_prec_1969-09.asc
ncols        45
nrows        45
xllcorner    -63.500000000000
yllcorner    -7.500000000000
cellsize     0.166666666667
NODATA_value -9999
[rows 19 to 37 of 45, columns 0 to 43 of 45]
84.9875030517578125 82.03749847412109375 78.7312469482421875 76.2312469482421875 74.0500030517578125 73.09375 71.4562530517578125 69.4375 69.2375030517578125 68.02500152587890625 65.86875152587890625 60.731250762939453125 54.950000762939453125 49.481250762939453125 44.825000762939453125 41.15625 37.168750762939453125 35.5 33.34375 32.706249237060546875 31.450000762939453125 30.700000762939453125 31.725000381469726562 35.25 38.65625 41.012500762939453125 43.950000762939453125 46.799999237060546875 47.27500152587890625 47.081249237060546875 48.137500762939453125 55.71250152587890625 62.46875 71.0812530517578125 77.7312469482421875 77.58750152587890625 76.2687530517578125 75.3625030517578125 73.28125 68.71250152587890625 61.612499237060546875 53.575000762939453125 50.66249847412109375 49.8125
79.55625152587890625 77.50624847412109375 75.1999969482421875 73.03749847412109375 70.9375 69.625 68.56874847412109375 67.25 67.61875152587890625 67.21875 65.3000030517578125 61.237499237060546875 55.887500762939453125 50.137500762939453125 45.825000762939453125 41.21250152587890625 37.262500762939453125 34.6875 33.612499237060546875 31.956249237060546875 31.943750381469726562 32.237499237060546875 32.9375 36.793750762939453125 41.24375152587890625 44.481250762939453125 47.36875152587890625 49.456249237060546875 51.15000152587890625 54.24375152587890625 57.856250762939453125 65.11875152587890625 72.7624969482421875 82.8937530517578125 94.2375030517578125 90.61875152587890625 82.56874847412109375 77.49375152587890625 72.9562530517578125 68.38124847412109375 63.5625 58.200000762939453125 55.231250762939453125 54.03125
75.40625 72.59999847412109375 70.5749969482421875 68.7687530517578125 67.5625 67.08750152587890625 66.1687469482421875 65.69374847412109375 66.33750152587890625 66.34375 65.0749969482421875 61.924999237060546875 58.08750152587890625 53.231250762939453125 48.47499847412109375 43.22499847412109375 39.09375 36.206249237060546875 34.825000762939453125 33.137500762939453125 32.24375152587890625 32.549999237060546875 33.450000762939453125 37.55625152587890625 41.950000762939453125 46.08750152587890625 50.90625 53.88124847412109375 57.737499237060546875 62.02500152587890625 66.4562530517578125 72.58750152587890625 79.49375152587890625 87.99375152587890625 92.80625152587890625 90.6125030517578125 83.33750152587890625 78.3125 73.4875030517578125 69.9250030517578125 66.9375 63.75 62.28749847412109375 61.16249847412109375
71.83750152587890625 69.9499969482421875 67.49375152587890625 65.90625 64.68125152587890625 64.38124847412109375 64.2375030517578125 64.2062530517578125 65.66249847412109375 65.63124847412109375 65.6999969482421875 63.72499847412109375 61.71250152587890625 57.737499237060546875 51.58750152587890625 45.887500762939453125 41.00624847412109375 38.18125152587890625 35.90000152587890625 34.06874847412109375 33.38124847412109375 33.63124847412109375 34.31874847412109375 38.15000152587890625 43.200000762939453125 47.8125 52.887500762939453125 58.25 62.74375152587890625 67.1125030517578125 72.6687469482421875 79.3249969482421875 84.28125 88.8249969482421875 90.09999847412109375 85.77500152587890625 81.2624969482421875 77.1125030517578125 73.8562469482421875 72.625 72.13124847412109375 70.1062469482421875 69.0625 68.1437530517578125
69.9562530517578125 67.33750152587890625 65.3125 63.262500762939453125 61.50624847412109375 62.106250762939453125 62.481250762939453125 62.61875152587890625 64.08750152587890625 64.5812530517578125 64.7312469482421875 64.75624847412109375 64.84999847412109375 61.174999237060546875 54.356250762939453125 48.112499237060546875 43.16249847412109375 40.13124847412109375 37.71250152587890625 35.512500762939453125 34.862499237060546875 34.762500762939453125 35.78749847412109375 40.0625 45.09375 49.53125 54.71875 60.36875152587890625 66.69374847412109375 71.8249969482421875 77.28749847412109375 83.91249847412109375 87.28125 89.86875152587890625 90.3874969482421875 85.40000152587890625 82.3249969482421875 80.46250152587890625 78.28125 78.6125030517578125 78.46250152587890625 76.9375 76.6374969482421875 76.0812530517578125
69.05625152587890625 66.0437469482421875 63.375 60.91249847412109375 60.612499237060546875 60.91249847412109375 61.143749237060546875 61.46875 62.63124847412109375 63.612499237060546875 64.21250152587890625 64.03749847412109375 63.806247711181640625 61.50624847412109375 55.768749237060546875 49.8125 45.043750762939453125 41.71250152587890625 39.012500762939453125 36.99375152587890625 36.50624847412109375 36.28749847412109375 37.674999237060546875 42.40000152587890625 46.94374847412109375 52.34999847412109375 57.831249237060546875 63.981250762939453125 70.5500030517578125 76.3249969482421875 81.6125030517578125 87.4187469482421875 91.3000030517578125 93.1437530517578125 92.68125152587890625 89.1687469482421875 88.05625152587890625 87.09999847412109375 85.25 85.21875 85.1374969482421875 84.6374969482421875 84.6374969482421875 86.13124847412109375
69.5124969482421875 67.2312469482421875 63.424999237060546875 61.22499847412109375 59.58750152587890625 59.66249847412109375 60.16249847412109375 60.4375 61.40625 62.543750762939453125 62.625 62.86875152587890625 62.737499237060546875 60.950000762939453125 56.262500762939453125 51.081249237060546875 46.387500762939453125 43.30625152587890625 40.512500762939453125 38.331249237060546875 37.94374847412109375 37.74375152587890625 39.30625152587890625 44.50624847412109375 49.637500762939453125 54.80625152587890625 61.4375 68.66249847412109375 75.1687469482421875 81.08750152587890625 86.41249847412109375 92.53125 94.74375152587890625 96.2624969482421875 97.1437530517578125 96.9375 95.74375152587890625 95.28125 94.84375 94.1125030517578125 94.63124847412109375 93.53125 93.28749847412109375 95.40625
70.43125152587890625 67.3000030517578125 64.0437469482421875 61.950000762939453125 59.90625 59.96875 60.03125 59.83750152587890625 60.15000152587890625 61.19374847412109375 62.00624847412109375 62.72499847412109375 62.72499847412109375 61.77500152587890625 57.668750762939453125 52.94374847412109375 48.981250762939453125 45.53749847412109375 42.72499847412109375 40.46250152587890625 40.168750762939453125 39.93125152587890625 41.206249237060546875 47.424999237060546875 52.78125 58.543750762939453125 65.65625 72.59375 79.5500030517578125 85.2687530517578125 90.49375152587890625 95.5625 99.84999847412109375 102.3125 103.3562469482421875 104.71875 105.53125 105.4499969482421875 105.1999969482421875 104.9499969482421875 104.41249847412109375 103.46875 103.33750152587890625 103.21250152587890625
71.13124847412109375 67.9499969482421875 65.2375030517578125 62.5 60.78125 60.28749847412109375 60.168750762939453125 59.825000762939453125 59.78749847412109375 60.831249237060546875 61.481250762939453125 62.44374847412109375 63.012500762939453125 63.168750762939453125 59.237499237060546875 54.918750762939453125 51.018749237060546875 47.731250762939453125 44.90000152587890625 42.875 42.41249847412109375 42.293750762939453125 43.543750762939453125 49.799999237060546875 56.3125 62.28125 69.55625152587890625 76.9375 84.2312469482421875 90.3937530517578125 94.7937469482421875 99.88124847412109375 105.2687530517578125 108.44374847412109375 111.11875152587890625 113.1875 116.5187530517578125 118.3937530517578125 118.19374847412109375 117.69374847412109375 117.13124847412109375 115.84375 112.52500152587890625 112.4875030517578125
72.36875152587890625 68.88124847412109375 65.74375152587890625 63.018749237060546875 61.106250762939453125 60.22499847412109375 59.706249237060546875 59.46875 59.706249237060546875 60.325000762939453125 60.84375 61.97499847412109375 63.700000762939453125 63.931247711181640625 60.393749237060546875 57.30625152587890625 54.393749237060546875 50.018749237060546875 47.03749847412109375 45.081249237060546875 44.84999847412109375 44.94374847412109375 46.3125 52.96250152587890625 59.293750762939453125 66.11875152587890625 73.75 82.0124969482421875 90.5124969482421875 95.4250030517578125 99.1875 104.0625 109.38124847412109375 114.40625 120 122.9375 128.431243896484375 132.7375030517578125 133.524993896484375 132.7375030517578125 128.71875 124.41875457763671875 122.41249847412109375 122.65000152587890625
75.34375 71.71250152587890625 67.6750030517578125 64.61875152587890625 62.36875152587890625 61.450000762939453125 60.78749847412109375 60.325000762939453125 60.43125152587890625 60.731250762939453125 61.125 62.90625 64.66875457763671875 65.40000152587890625 63.25 60.237499237060546875 57.25624847412109375 53.799999237060546875 50.375 48.28749847412109375 48.237499237060546875 48.625 49.58750152587890625 55.90625 63.143749237060546875 70.84375 78.3625030517578125 86.21875 93.7687530517578125 99.55625152587890625 104.88124847412109375 110.4187469482421875 116.06874847412109375 122.1374969482421875 129.306243896484375 134.600006103515625 142.03125 149.9250030517578125 148.9187469482421875 151.25 149.75 143.7375030517578125 138.71875 137.96875
77.25624847412109375 73.71875 70.375 66.5749969482421875 64.33750152587890625 63.393749237060546875 61.9375 61.08750152587890625 61.34999847412109375 61.831249237060546875 62.15625 63.86875152587890625 66.86875152587890625 67.65625 65.74375152587890625 63.299999237060546875 61.46875 58.174999237060546875 54.668750762939453125 52.825000762939453125 52.56874847412109375 53.081249237060546875 54.137500762939453125 60.262500762939453125 67.3125 75.1999969482421875 82.7937469482421875 90.4562530517578125 98.0812530517578125 102.8625030517578125 109.49375152587890625 116.0500030517578125 122.53125 131.65625 140.2624969482421875 145.693756103515625 155.0124969482421875 165.8312530517578125 169.03125 171.84375 170.6062469482421875 163.1374969482421875 156.537506103515625 153.556243896484375
79.9499969482421875 75.53125 71.8937530517578125 68.71875 67.06874847412109375 65.30625152587890625 63.77500152587890625 62.72499847412109375 63.09999847412109375 63.299999237060546875 63.831249237060546875 65.52500152587890625 67.47499847412109375 69.44374847412109375 68.96250152587890625 68.3125 66.55625152587890625 63.47499847412109375 60.65000152587890625 59.15000152587890625 58.90625 58.11875152587890625 59.03749847412109375 64.78749847412109375 72.8125 79.40000152587890625 86.4812469482421875 95.09999847412109375 102.63124847412109375 108.125 115 120.9499969482421875 129.162506103515625 139.1750030517578125 148.681243896484375 155.71875 166.2375030517578125 176.6875 181.693756103515625 186.306243896484375 188.193756103515625 180.743743896484375 174.524993896484375 169.8625030517578125
82.46875 78.7687530517578125 74.99375152587890625 72.1999969482421875 70.4562530517578125 68.93125152587890625 67.77500152587890625 66.25 66.28749847412109375 65.97499847412109375 67.96875 68.90000152587890625 71.02500152587890625 74.28749847412109375 74.4812469482421875 75.08750152587890625 74.5124969482421875 72.58750152587890625 69.84999847412109375 68.24375152587890625 67.18125152587890625 65.9875030517578125 65.52500152587890625 70.7937469482421875 77.8125 83.4187469482421875 90.4187469482421875 98.5812530517578125 106.2375030517578125 113.78749847412109375 120.4250030517578125 127.50624847412109375 135.7937469482421875 146.5749969482421875 157.943756103515625 165.9187469482421875 175.756256103515625 184.2624969482421875 190.3874969482421875 198.0749969482421875 201.837493896484375 196.787506103515625 192.725006103515625 188.2687530517578125
84.2937469482421875 81.5124969482421875 78.77500152587890625 76.19374847412109375 74.15000152587890625 72.71250152587890625 71.8249969482421875 70.4812469482421875 69.77500152587890625 69.84999847412109375 70.61875152587890625 73.3312530517578125 75.50624847412109375 77.50624847412109375 79.6687469482421875 81.44374847412109375 83.2687530517578125 82.09375 80.19374847412109375 78.5437469482421875 76.8874969482421875 74.55625152587890625 73.1999969482421875 76.93125152587890625 82.0500030517578125 86.78749847412109375 93.5812530517578125 101.53749847412109375 108.84375 116.90000152587890625 125.1374969482421875 133.3874969482421875 142.9375 153.806243896484375 165.9187469482421875 177.4812469482421875 185.59375 193.693756103515625 201.25 207.59375 212.0749969482421875 212.381256103515625 212.09375 209.5500030517578125
86.7687530517578125 84.4250030517578125 82.22499847412109375 80.49375152587890625 78.7624969482421875 76.94374847412109375 76.28749847412109375 75.0187530517578125 73.53749847412109375 73.49375152587890625 74.83750152587890625 78.23125457763671875 80.59375 82.99375152587890625 86.125 89.5812530517578125 92.3312530517578125 91.3249969482421875 91.1999969482421875 89.4250030517578125 87.5500030517578125 84.30625152587890625 81.06874847412109375 83.13124847412109375 85.90625 90.3562469482421875 97.3562469482421875 104.3937530517578125 111.49375152587890625 119.75 128.631256103515625 137.100006103515625 147.881256103515625 159.899993896484375 171.5749969482421875 181.493743896484375 191.7624969482421875 203.5124969482421875 210.0437469482421875 217.743743896484375 220.0187530517578125 220.350006103515625 224.337493896484375 222.993743896484375
89.5437469482421875 87.08750152587890625 85.5812530517578125 84.1750030517578125 82.6999969482421875 81.50624847412109375 80.125 79.7312469482421875 78.7624969482421875 78.5 80.3125 83.6437530517578125 87.28749847412109375 90.59375 94.1062469482421875 98.2375030517578125 101.3125 101.59999847412109375 101.9250030517578125 101.6750030517578125 98.25 94.10625457763671875 89.25624847412109375 89.25624847412109375 90.9499969482421875 93.75624847412109375 99.27500152587890625 105.83750152587890625 112.5749969482421875 120.78125 130.3125 139.806243896484375 149.931243896484375 162.09375 173.6125030517578125 182 194.756256103515625 204.8000030517578125 211.274993896484375 217.9812469482421875 223.6062469482421875 224.1687469482421875 225.96875 227.09375
92.27500152587890625 90.2937469482421875 88.78749847412109375 87.2312469482421875 86.77500152587890625 85.86875152587890625 85.1750030517578125 84.6750030517578125 84.38124847412109375 83.5500030517578125 86.5749969482421875 92.9187469482421875 96.7937469482421875 99.8874969482421875 103.875 107.4187469482421875 111.02500152587890625 110.71250152587890625 110.5187530517578125 109.9562530517578125 107.3937530517578125 101.44374847412109375 96.1687469482421875 94.41249847412109375 94.6750030517578125 96.44374847412109375 100.63124847412109375 105.84375 112 121.05625152587890625 130.7125091552734375 140.9499969482421875 152.337493896484375 164.5749969482421875 176.087493896484375 185.5 196.3562469482421875 207.1125030517578125 212.056243896484375 217.125 222.243743896484375 222.9562530517578125 226.899993896484375 230.2312469482421875
94.4250030517578125 93.1999969482421875 92.1437530517578125 90.56874847412109375 90.53749847412109375 90.52500152587890625 90.5187530517578125 90.8625030517578125 91.50624847412109375 91.1125030517578125 99.8625030517578125 105.8000030517578125 108.0749969482421875 110.09999847412109375 113.55625152587890625 117.2687530517578125 118.8249969482421875 118.50624847412109375 116.75 114.65625 112.4187469482421875 106.75 101.6437530517578125 98.65625 97.36875152587890625 97.56874847412109375 101.5812530517578125 106.34375 111.83750152587890625 121.22499847412109375 129.2624969482421875 139.2937469482421875 151.0625 165.2937469482421875 177.6062469482421875 183.806243896484375 193.787506103515625 203.40625 211.693756103515625 217.868743896484375 219.8312530517578125 225.1437530517578125 225.3937530517578125 227.3937530517578125
