data/historical-monthly-weather-data/wc2.1_cruts4.09_10m_prec_2008-06.asc
ncols        45
nrows        45
xllcorner    -63.500000000000
yllcorner    -7.500000000000
cellsize     0.166666666667
NODATA_value -9999
[rows 19 to 37 of 45, columns 0 to 42 of 45]
146.162506103515625 150.274993896484375 154.7624969482421875 157.6875 163.3874969482421875 172.837493896484375 177.5187530517578125 179.3562469482421875 185.399993896484375 188.162506103515625 188.78125 188.2687530517578125 184.806243896484375 180.0625 176.1437530517578125 163.4812469482421875 156.743743896484375 163.3562469482421875 158.912506103515625 165.125 161.399993896484375 173.943756103515625 197.350006103515625 207.2687530517578125 206.0187530517578125 205.5437469482421875 205.4812469482421875 217.568756103515625 212.756256103515625 205.3000030517578125 204.2937469482421875 225.381256103515625 234.3249969482421875 238.287506103515625 245.5124969482421875 263.25 273.76251220703125 267.82501220703125 257.850006103515625 243.568756103515625 218.868743896484375 191.9812469482421875 190.256256103515625
132.0625 143.0812530517578125 152.024993896484375 156.631256103515625 157.662506103515625 163.8937530517578125 172.337493896484375 177.3125 181.5 182.7062530517578125 185.4187469482421875 184.2687530517578125 180.462493896484375 172.78125 165.787506103515625 162.1125030517578125 154.5812530517578125 154.899993896484375 163.318756103515625 165.5749969482421875 181.15625 195.4187469482421875 213.2687530517578125 228.881256103515625 231.5749969482421875 224.274993896484375 206.9875030517578125 206.443756103515625 206.9187469482421875 209.4562530517578125 211.625 223.068756103515625 217.1875 219.068756103515625 223.4812469482421875 239.65625 252.743743896484375 253.7062530517578125 239.3125 224.506256103515625 208.34375 188.1062469482421875 183.375
126.84375 130.6812591552734375 142.4875030517578125 152.024993896484375 156.1125030517578125 160.100006103515625 166.9562530517578125 171.568756103515625 175 180.03125 182.2937469482421875 178.2687530517578125 173.743743896484375 171.9250030517578125 170.4499969482421875 161.837493896484375 168.9562530517578125 166.5187530517578125 175.7624969482421875 180.1125030517578125 185.256256103515625 206.2624969482421875 223.975006103515625 227.2312469482421875 224.975006103515625 220.412506103515625 219.7375030517578125 210.46875 216.399993896484375 218.25 211.7062530517578125 204.443756103515625 203.6687469482421875 211.850006103515625 212.7687530517578125 219.725006103515625 229.506256103515625 236.4562530517578125 229.225006103515625 218.131256103515625 202.9812469482421875 189.1125030517578125 184.181243896484375
122.27500152587890625 133.5 145.1125030517578125 154.256256103515625 159.087493896484375 161.1750030517578125 159.118743896484375 161.881256103515625 171.068756103515625 175.193756103515625 176.649993896484375 178.1687469482421875 181.568756103515625 182.5812530517578125 180.412506103515625 176.21875 171.4187469482421875 171.524993896484375 178.9812469482421875 188.4812469482421875 203.3687591552734375 212.9250030517578125 220.3874969482421875 225.631256103515625 233.9812469482421875 229.7687530517578125 219.712493896484375 214.9562530517578125 215.5124969482421875 205.6125030517578125 197.600006103515625 194.5437469482421875 191.431243896484375 192.0625 201.2687530517578125 201.8000030517578125 205.3562469482421875 213.568756103515625 216.006256103515625 211.506256103515625 199.024993896484375 189.1875 183.3625030517578125
115.18125152587890625 127.80625152587890625 144.162506103515625 150.350006103515625 153.84375 155.6875 161.1437530517578125 163.15625 164.368743896484375 164.5625 173 181.850006103515625 182.131256103515625 186.318756103515625 180.118743896484375 177.2375030517578125 175.350006103515625 182.1875 188.399993896484375 195.443756103515625 207.9812469482421875 222.9562530517578125 227.9937591552734375 241.337493896484375 240.056243896484375 231.600006103515625 230.006256103515625 211.9499969482421875 203 196.162506103515625 187.2062530517578125 182.462493896484375 182.4499969482421875 179.881256103515625 186.3562469482421875 185.462493896484375 192.5187530517578125 200.8625030517578125 201.006256103515625 196.8874969482421875 189.725006103515625 184.0500030517578125 180.15625
107.03749847412109375 121.36875152587890625 135.912506103515625 148.337493896484375 154.6437530517578125 156.3562469482421875 159.068756103515625 163.399993896484375 163.5 168.7874908447265625 171.8625030517578125 175.6999969482421875 181.6374969482421875 179.1437530517578125 174.4187469482421875 173.287506103515625 175.475006103515625 179.243743896484375 188.368743896484375 200.618743896484375 212.7062530517578125 222.7062530517578125 239 248.1062469482421875 238.96875 230.6875 220.1999969482421875 207.587493896484375 195.8249969482421875 188.568756103515625 173.8625030517578125 164.1437530517578125 163.90625 167.743743896484375 171.5625 175.1750030517578125 180.725006103515625 184.5500030517578125 189.037506103515625 187.4250030517578125 182.618743896484375 180.28125 179.6374969482421875
103.50624847412109375 119.7937469482421875 128.15625 140.556243896484375 146.6062469482421875 150.037506103515625 151.5749969482421875 156.287506103515625 153.037506103515625 153.65625 162.4499969482421875 166.5187530517578125 171.5437469482421875 171.8312530517578125 171.9499969482421875 168.2937469482421875 171.4375 180.524993896484375 190.7937469482421875 197.443756103515625 210.8000030517578125 223.462493896484375 237.03125 242.1437530517578125 239.71875 227.556243896484375 215.8125 202.78125 186.056243896484375 175.65625 161.15625 150.9875030517578125 150.912506103515625 153.3000030517578125 156.6374969482421875 164.8937530517578125 171.306243896484375 172.712493896484375 173.5625 177.256256103515625 173.9499969482421875 163.2062530517578125 162.100006103515625
97.25624847412109375 105.5124969482421875 117.1875 126.9250030517578125 132.743743896484375 137.318756103515625 140.131256103515625 138.5812530517578125 139.149993896484375 147.8874969482421875 157.1062469482421875 160.625 162.0500030517578125 164.625 167.318756103515625 169.53125 169.9875030517578125 173.193756103515625 184.8937530517578125 191.9187469482421875 200.806243896484375 213.8937530517578125 229.3312530517578125 242.5187530517578125 230.9562530517578125 219.7687530517578125 208.2687530517578125 191.9375 175.9812469482421875 163.631256103515625 152.9875030517578125 139.3000030517578125 138.3937530517578125 141.8937530517578125 146.506256103515625 152.3937530517578125 161.3312530517578125 163.274993896484375 161.806243896484375 167.225006103515625 168.1999969482421875 161.3937530517578125 154.837493896484375
91.81874847412109375 95.41249847412109375 104.43125152587890625 110.28749847412109375 115.625 122.33750152587890625 126.9187469482421875 127.7937469482421875 131.225006103515625 140.087493896484375 146.375 150.962493896484375 151.943756103515625 153.193756103515625 155.7312469482421875 158.524993896484375 160.28125 167.693756103515625 172.712493896484375 183.243743896484375 194.2687530517578125 202.243743896484375 219.6062469482421875 224.100006103515625 217.875 206.306243896484375 194.774993896484375 179.09375 168.618743896484375 159.0812530517578125 146.568756103515625 135.9812469482421875 133.462493896484375 132 140.087493896484375 145.2375030517578125 153.662506103515625 154.9562530517578125 156.774993896484375 160.28125 161.9375 160.5437469482421875 147.443756103515625
84.44374847412109375 89.4499969482421875 92.4499969482421875 95.8625030517578125 101.90000152587890625 104.5187530517578125 110.4812469482421875 116.8249969482421875 123.625 129.475006103515625 136.506256103515625 140.006256103515625 143.381256103515625 145.6374969482421875 148.3937530517578125 151.75 156.056243896484375 160.34375 168.8000030517578125 178.7062530517578125 184.4875030517578125 190.8000030517578125 200.100006103515625 202.524993896484375 198.8874969482421875 188.4250030517578125 182.225006103515625 172.6437530517578125 160.7312469482421875 147.9187469482421875 135.274993896484375 127.6437530517578125 125.1750030517578125 128.431243896484375 132.193756103515625 136.631256103515625 146.6437530517578125 145.3249969482421875 147.975006103515625 149.4499969482421875 148.78125 144.962493896484375 140.524993896484375
78.33750152587890625 80.2937469482421875 82.97499847412109375 84.93125152587890625 88.8312530517578125 94.13124847412109375 99.28749847412109375 108.0812530517578125 113.61875152587890625 120.5500030517578125 127.19374847412109375 132.3000030517578125 136.59375 139.899993896484375 141.0124969482421875 142.1062469482421875 144.712493896484375 152.4375 154.587493896484375 157.806243896484375 167.6750030517578125 174.350006103515625 182.09375 184.006256103515625 178.15625 175.8249969482421875 168.037506103515625 157.8562469482421875 148.09375 136.2125091552734375 126.2624969482421875 119.03125 119.6999969482421875 123.4499969482421875 129.2375030517578125 130.6875 141.993743896484375 141.15625 136.850006103515625 144.1062469482421875 142.649993896484375 138.5187530517578125 138.4499969482421875
73.8125 73.71250152587890625 74.7937469482421875 77.00624847412109375 80.21250152587890625 84.78749847412109375 91.25 98.1999969482421875 103.5500030517578125 111.44374847412109375 118.81874847412109375 122.40000152587890625 128.899993896484375 127.09375 129.7937469482421875 135.5124969482421875 139.118743896484375 141.631256103515625 144.2687530517578125 148.743743896484375 154.1750030517578125 157.0749969482421875 163.5812530517578125 166.2624969482421875 162.7624969482421875 161.256256103515625 153.068756103515625 144.9250030517578125 135.4875030517578125 126.4499969482421875 122.15000152587890625 116.4875030517578125 115.71875 116.6999969482421875 121.43125152587890625 123.63124847412109375 132.118743896484375 134.7624969482421875 131.493743896484375 128.2937469482421875 130.725006103515625 127.72499847412109375 127.06874847412109375
69.11875152587890625 68.3000030517578125 68.02500152587890625 70.59375 75.00624847412109375 79.18125152587890625 84.19374847412109375 89.84375 95.9499969482421875 101.46875 106.06874847412109375 110.9875030517578125 113.7312469482421875 117.9250030517578125 122.6750030517578125 126.16249847412109375 125.68125152587890625 127.71875 131.1750030517578125 135.78125 139.756256103515625 143.90625 145.5749969482421875 146.3937530517578125 147.193756103515625 144.4375 139.193756103515625 132.3874969482421875 123.9250030517578125 122.13124847412109375 116.78125 111.5625 112.08750152587890625 112.36875152587890625 115.47499847412109375 116.1374969482421875 120.9375 120.56874847412109375 121.4812469482421875 120.83750152587890625 123.84999847412109375 122.1750030517578125 120
65.80625152587890625 65 65.80625152587890625 67.8562469482421875 69.43125152587890625 73.3125 77.88124847412109375 83.3125 87.50624847412109375 92.68125152587890625 100.4250030517578125 103.84999847412109375 107.5625 113.875 118.28125 117.34999847412109375 115.94374847412109375 120.2687530517578125 123.1125030517578125 126.13124847412109375 126.33750152587890625 127.8125 130.8874969482421875 131.881256103515625 130.8937530517578125 129.412506103515625 124.40625 118.19374847412109375 113.1374969482421875 112.6062469482421875 110.19374847412109375 104.6374969482421875 105.96250152587890625 109.1875 110.44374847412109375 110.80625152587890625 111.4562530517578125 111.1125030517578125 112.0625 116.33750152587890625 118.99375152587890625 116.77500152587890625 112.63124847412109375
62.53749847412109375 62.63124847412109375 64.59375 65.4812469482421875 66.00624847412109375 68.6875 73.2937469482421875 76.30625152587890625 79.68125152587890625 83.71250152587890625 90.99375152587890625 97.5124969482421875 101.96250152587890625 105.3312530517578125 107.375 109.55625152587890625 110.8562469482421875 111.94374847412109375 111.625 114.0124969482421875 115.28749847412109375 115.40000152587890625 119.0437469482421875 117.125 117.3000030517578125 114.01250457763671875 112 107.25 105.02500152587890625 104.5500030517578125 104.6125030517578125 103.0500030517578125 100.375 101.5437469482421875 104.65000152587890625 105.11875152587890625 104.8562469482421875 104.1437530517578125 105.65000152587890625 107.94374847412109375 107.84375 108.6062469482421875 106.88124847412109375
60.831249237060546875 59.643749237060546875 61.956249237060546875 63.799999237060546875 63.90625 64.2375030517578125 66.21250152587890625 69.58750152587890625 72.9499969482421875 76.5437469482421875 85.5625 92.8562469482421875 98.15000152587890625 105.21875 106.875 105.74375152587890625 103.875 101.6999969482421875 100.91249847412109375 98.90625 103.125 101.6374969482421875 102.5812530517578125 101.34999847412109375 104.41249847412109375 103.1437530517578125 100.46875 95.5812530517578125 93.3000030517578125 93.5187530517578125 95.59375 96.7687530517578125 93.8249969482421875 94.4499969482421875 95.24375152587890625 97.08750152587890625 95.15000152587890625 99.16249847412109375 97.8562469482421875 99.8874969482421875 99.9562530517578125 98.03125 97.65000152587890625
60.02500152587890625 58.71250152587890625 59.81874847412109375 61.362499237060546875 61.981250762939453125 62.481250762939453125 63.737499237060546875 65.03125 66.96250152587890625 69.83124542236328125 75.6374969482421875 86.61875152587890625 94.7687530517578125 100.09375 101.6999969482421875 100.6374969482421875 97.4812469482421875 92.84375 90.5749969482421875 87.375 88.1125030517578125 90.6999969482421875 90.2624969482421875 89.13124847412109375 91.2375030517578125 90.1062469482421875 87.83750152587890625 84.30625152587890625 83.8874969482421875 84.3000030517578125 85.1687469482421875 87.1437530517578125 86.74375152587890625 86.21875 85.25 87.2375030517578125 90.125 89.78749847412109375 90.36875152587890625 92.9187469482421875 93.1125030517578125 90.3312530517578125 89.3312530517578125
57.5 58.424999237060546875 57.862499237060546875 59.3125 60.65000152587890625 60.81874847412109375 61.200000762939453125 62.84999847412109375 63.887500762939453125 63.05625152587890625 70.9250030517578125 84.15625 92.8000030517578125 95.4250030517578125 96.41249847412109375 94.71875 91.96875 88.15000152587890625 84.80625152587890625 78.93125152587890625 77.71875 80.4812469482421875 79.65000152587890625 79.25624847412109375 78.50624847412109375 77.8000030517578125 78.1875 75.40000152587890625 73.3312530517578125 73.1125030517578125 76.7937469482421875 77.4499969482421875 78.50624847412109375 79.27500152587890625 78.4562530517578125 80.125 82.9499969482421875 85.2937469482421875 84.05625152587890625 83.7624969482421875 83.6750030517578125 83.8625030517578125 80.8312530517578125
55.231250762939453125 56.331249237060546875 57.00624847412109375 58.893749237060546875 59.387500762939453125 59.74375152587890625 60.66249847412109375 61.65625 63.393749237060546875 61.93125152587890625 73.90000152587890625 85.80625152587890625 90.4250030517578125 93.31874847412109375 91.0812530517578125 88.63124847412109375 85.19374847412109375 82.2624969482421875 79.68125152587890625 75.2062530517578125 72.16249847412109375 71.9812469482421875 69.8937530517578125 69.6687469482421875 68.34375 69.11875152587890625 69.4562530517578125 67.05625152587890625 65.2937469482421875 64.6999969482421875 66.59999847412109375 70.3562469482421875 72.0749969482421875 71.625 71.3874969482421875 73.53749847412109375 75.59375 76.6750030517578125 80.2062530517578125 78.4812469482421875 77.2937469482421875 78.40000152587890625 74.71250152587890625
