data/historical-monthly-weather-data/wc2.1_cruts4.09_10m_prec_1982-11.asc
ncols        51
nrows        45
xllcorner    -63.500000000000
yllcorner    -7.500000000000
cellsize     0.166666666667
NODATA_value -9999
[rows 19 to 37 of 45, columns 0 to 43 of 51]
93.90625 93.58750152587890625 94.7937469482421875 96.61875152587890625 98.66249847412109375 102.1687469482421875 105.41249847412109375 108.21875 111.6374969482421875 114.5500030517578125 115.69374847412109375 112.0187530517578125 106.9250030517578125 101.84999847412109375 98.7687530517578125 96.33750152587890625 94.1750030517578125 95.6437530517578125 98.21250152587890625 101.74375152587890625 103.08750152587890625 101.84999847412109375 99.8874969482421875 97.27500152587890625 94.58750152587890625 91.0187530517578125 86.84375 81.86875152587890625 74.2624969482421875 66.88124847412109375 62.293750762939453125 62.706249237060546875 62.018749237060546875 61.19374847412109375 59.83750152587890625 58.93125152587890625 58.28749847412109375 57.706249237060546875 56.77500152587890625 55.59999847412109375 54.40000152587890625 54.05625152587890625 52.80625152587890625 51.83750152587890625
92.90000152587890625 93.3562469482421875 95.40000152587890625 97.66249847412109375 99.78125 103.7375030517578125 107.94374847412109375 111.6374969482421875 115.78749847412109375 118.9250030517578125 120.65625 118.1875 114.28749847412109375 109.125 105.5187530517578125 101.7937469482421875 98.78125 98.4375 100.65000152587890625 102.25624847412109375 103.3125 102.83750152587890625 100.9375 98.4375 95.80625152587890625 92.24375152587890625 87.875 81.8562469482421875 75.6062469482421875 71.99375152587890625 69.50624847412109375 69.2937469482421875 67.49375152587890625 65.80625152587890625 64.18125152587890625 63.53749847412109375 62.231250762939453125 60.981250762939453125 59.450000762939453125 57.94374847412109375 56.15000152587890625 55.28125 54.09999847412109375 52.731250762939453125
92.59999847412109375 92.69374847412109375 95.3312530517578125 98.1999969482421875 101.1374969482421875 105.5 110.4187469482421875 114.7937469482421875 119.9812469482421875 123.96875 126.3937530517578125 125.6687469482421875 123.09375 118.43125152587890625 113.7375030517578125 109.02500152587890625 105.76250457763671875 104.0437469482421875 104.0500030517578125 104.66249847412109375 103.38124847412109375 102.06874847412109375 100.6999969482421875 98.05625152587890625 95.0124969482421875 91.65625 88.66249847412109375 83.8625030517578125 79.4875030517578125 77.3874969482421875 75.4187469482421875 75.17499542236328125 72.84999847412109375 71.2375030517578125 69.81874847412109375 68.6750030517578125 67.0124969482421875 65.125 62.581249237060546875 60.49375152587890625 58.137500762939453125 56.737499237060546875 55.325000762939453125 53.981250762939453125
92.5437469482421875 93.3874969482421875 96.15625 99.38124847412109375 102.8125 107.2687530517578125 112.0500030517578125 117.61875152587890625 123.77500152587890625 128.25 131.9812469482421875 132.90625 133.7937469482421875 130.225006103515625 122.9875030517578125 116.40000152587890625 111.78749847412109375 109.18125152587890625 107.55625152587890625 106.5437469482421875 104.5 102.2937469482421875 100.1125030517578125 97.3125 94.8874969482421875 92.15625 89.3562469482421875 86.15000152587890625 82.55625152587890625 81.3937530517578125 80.9562530517578125 81.09999847412109375 79.125 77.28749847412109375 75.30625152587890625 73.94374847412109375 71.90625 68.8312530517578125 65.5437469482421875 62.77500152587890625 60.1875 58.28749847412109375 56.52500152587890625 54.93125152587890625
93.38124847412109375 94.53749847412109375 97.44374847412109375 100.2687530517578125 103.88124847412109375 108.7624969482421875 113.7937469482421875 119.55625152587890625 125.2937469482421875 130.274993896484375 134.712493896484375 138.962493896484375 142.53125 138.912506103515625 130.087493896484375 122.5124969482421875 116.91249847412109375 113.55625152587890625 110.78749847412109375 108.28125 105.74375152587890625 103.11875152587890625 100.21875 97.53125 95.25624847412109375 92.6687469482421875 91.6750030517578125 88.47499847412109375 86.19374847412109375 85.9499969482421875 86.90625 87.80625152587890625 85.4562530517578125 82.9187469482421875 80.6437530517578125 79.0437469482421875 76.15000152587890625 71.55625152587890625 67.8125 64.50624847412109375 61.456249237060546875 59.512500762939453125 57.77500152587890625 56.15625
95.74375152587890625 96.5749969482421875 99.3249969482421875 102.15625 106.03125 110.3000030517578125 114.7624969482421875 119.96250152587890625 125.74375152587890625 130.8249969482421875 135.868743896484375 139.4375 142.625 141.0437469482421875 133.84375 126.5500030517578125 120.71250152587890625 116.46250152587890625 113.15625 110.00624847412109375 106.8000030517578125 103.24375152587890625 100.5812530517578125 97.68125152587890625 95.1687469482421875 93.81874847412109375 93.0124969482421875 91.36875152587890625 89.59999847412109375 90.83750152587890625 92.34375 93.75 91.08750152587890625 88.02500152587890625 84.80625152587890625 81.69374847412109375 77.96250152587890625 72.7687530517578125 69 65.71875 62.40625 60.49375152587890625 59.18125152587890625 58.081249237060546875
99.59375 100.4812469482421875 101.59999847412109375 104.46875 107.3562469482421875 110.9375 114.71875 119.2624969482421875 124.55625152587890625 129.6125030517578125 134.287506103515625 138.2312469482421875 140.787506103515625 140.5812530517578125 135.2312469482421875 129.1374969482421875 123.8312530517578125 119.43125152587890625 115.7375030517578125 112.2937469482421875 108.5187530517578125 104.63124847412109375 101.08750152587890625 97.5 95.6750030517578125 95.05625152587890625 95.25 94.6750030517578125 93.9375 95.88124847412109375 97.81874847412109375 99.4562530517578125 96.3562469482421875 92.03125 87.9499969482421875 83.58750152587890625 78.6875 73.4375 70.0500030517578125 66.6999969482421875 63.50624847412109375 61.6999969482421875 60.043750762939453125 59.38124847412109375
103.09375 102.65000152587890625 103.3249969482421875 104.9812469482421875 106.77500152587890625 109.73125457763671875 113.8937530517578125 117.7937469482421875 122 126.9250030517578125 132.21875 136.600006103515625 139.6999969482421875 140.7687530517578125 136.5812530517578125 130.8625030517578125 126.16249847412109375 122.2687530517578125 118.74375152587890625 114.9562530517578125 111.11875152587890625 107.1875 103.34999847412109375 100.02500152587890625 99.1125030517578125 98.68125152587890625 99.1062469482421875 99.1374969482421875 99.38124847412109375 100.93125152587890625 103.2937469482421875 104.75624847412109375 100.8249969482421875 95.33750152587890625 89.5124969482421875 84.36875152587890625 78.96250152587890625 73.3249969482421875 70.33750152587890625 67.30625152587890625 64.33750152587890625 62.606250762939453125 61.137500762939453125 60.3125
106.55625152587890625 104.72499847412109375 104.55625152587890625 104.94374847412109375 105.99375152587890625 108.30625152587890625 111.8937530517578125 115.80625152587890625 120.1875 124.91249847412109375 129.40625 134.368743896484375 138.28125 140.337493896484375 137.3125 132.53125 128.068756103515625 124.9499969482421875 121.6125030517578125 118.19374847412109375 114.94374847412109375 111.1750030517578125 108.6062469482421875 106.0625 104.56874847412109375 103.6062469482421875 103.84375 104.31874847412109375 104.67499542236328125 106.16249847412109375 107.90625 109.125 104.0625 96.9875030517578125 90.46250152587890625 84.74375152587890625 78.8874969482421875 73.46875 70.1750030517578125 67.9250030517578125 65.6374969482421875 64.2375030517578125 61.887500762939453125 60.9375
110.03749847412109375 106.84999847412109375 105.13124847412109375 104.5812530517578125 104.78125 106.65000152587890625 109.71250152587890625 113.3125 118.1999969482421875 122.6875 127.24375152587890625 132.34375 137.2687530517578125 140.1437530517578125 137.756256103515625 134.5187530517578125 131.318756103515625 127.99375152587890625 124.9499969482421875 121.9499969482421875 119.46875 116.49375152587890625 114.6875 112.8312530517578125 110.99375152587890625 109.55625152587890625 109.97499847412109375 110.0625 110.5749969482421875 111.22499847412109375 112.5500030517578125 112.88124847412109375 106.2375030517578125 98.27500152587890625 91.125 84.9250030517578125 78.86875152587890625 73.03749847412109375 69.81874847412109375 67.25624847412109375 65.56874847412109375 64.1062469482421875 62.58750152587890625 63.03749847412109375
113.7624969482421875 109.28125 106.53749847412109375 104.09375 103.7687530517578125 105.5124969482421875 108.25 111.68125152587890625 116.4250030517578125 120.59375 125.25624847412109375 130.9562530517578125 136.53125 140.75 139.662506103515625 137.712493896484375 134.818756103515625 132.600006103515625 129.600006103515625 126.93125152587890625 125.0812530517578125 123.8312530517578125 122.75 120.59375 118.78125 117.59375 117.71250152587890625 117.36875152587890625 117.1875 117.25 117.2937469482421875 116.44374847412109375 109.06874847412109375 100.9187469482421875 93.125 86.03125 79.19374847412109375 73.38124847412109375 69.19374847412109375 66.03749847412109375 63.94374847412109375 64.46250152587890625 64.3937530517578125 65.66249847412109375
116.8125 111.3625030517578125 107.81874847412109375 104.6750030517578125 103.16249847412109375 105.0749969482421875 107.5437469482421875 110.40625 114.5 119.18125152587890625 124.1437530517578125 130.3125 136.850006103515625 141.1500091552734375 141.587493896484375 141.1437530517578125 140.2062530517578125 137.881256103515625 134.6750030517578125 133.40625 132.681243896484375 132.193756103515625 131.71875 129.618743896484375 127.3312530517578125 126.2687530517578125 125.66875457763671875 125.1687469482421875 124.3249969482421875 123 121.94374847412109375 120.1437530517578125 112.03125 103.88124847412109375 95.22499847412109375 87.4375 80.25 74.3562469482421875 69.46250152587890625 64.21875 62.299999237060546875 64.3312530517578125 65.77500152587890625 67.2624969482421875
119.6750030517578125 113.78749847412109375 109.7312469482421875 106.7062530517578125 105.1437530517578125 105.61875152587890625 107.4499969482421875 109.56874847412109375 113.4875030517578125 117.9562530517578125 123.0749969482421875 129.9437408447265625 136.7937469482421875 142.5187530517578125 144.96875 146.1437530517578125 146.40625 144.46875 142.2624969482421875 141.537506103515625 141.5124969482421875 141.287506103515625 140.943756103515625 138.6999969482421875 136.90625 135.2312469482421875 133.9250030517578125 132.943756103515625 131.34375 129.28125 127.02500152587890625 123.7062530517578125 115.28125 106.34999847412109375 97.9375 89.75624847412109375 82.1437530517578125 75.3312530517578125 69.69374847412109375 65.08750152587890625 63.8125 66.44374847412109375 68.6750030517578125 71.6750030517578125
123.81874847412109375 118.3125 114.1437530517578125 111.09375 109.03749847412109375 108.625 109.53749847412109375 111.00624847412109375 114.25624847412109375 118.3625030517578125 124.2312469482421875 131.087493896484375 138.90625 146.7062530517578125 150.2687530517578125 153.1687469482421875 154.4875030517578125 154.350006103515625 153.21875 152.7062530517578125 152.774993896484375 152.0124969482421875 150.899993896484375 148.6062469482421875 146.84375 144.8874969482421875 143.2312469482421875 141.6437530517578125 140.15625 136.8937530517578125 133.3937530517578125 129.0437469482421875 120.1374969482421875 110.7937469482421875 102.5187530517578125 94.36875152587890625 86.8249969482421875 79.4187469482421875 73.80625152587890625 70.92499542236328125 69.50624847412109375 71.78125 74.6999969482421875 78.6999969482421875
127.69374847412109375 122.8625030517578125 118.72499847412109375 115.77500152587890625 113.0625 112.05625152587890625 111.6687469482421875 112.53749847412109375 115.31874847412109375 118.875 124.28749847412109375 132.649993896484375 141.868743896484375 150.162506103515625 155.493743896484375 160.2937469482421875 164.087493896484375 164.875 164.649993896484375 164.725006103515625 164.3625030517578125 163.274993896484375 161.8249969482421875 159.087493896484375 157.068756103515625 154.6750030517578125 153.006256103515625 150.837493896484375 148.881256103515625 144.46875 139.8249969482421875 134.9187469482421875 125.71250152587890625 116.19374847412109375 107.8312530517578125 99.8312530517578125 91.6687469482421875 83.6062469482421875 79.36875152587890625 77.19374847412109375 75.4250030517578125 77.5437469482421875 81.21875 85.82500457763671875
132.3562469482421875 128 123.96875 120.4250030517578125 117.52500152587890625 115.7375030517578125 114.30625152587890625 114.38124847412109375 115.73749542236328125 119.24375152587890625 125.09999847412109375 134.8625030517578125 145.2937469482421875 155.556243896484375 163.0187530517578125 168.6125030517578125 174.3312530517578125 176.056243896484375 176.506256103515625 176.837493896484375 176.587493896484375 175.125 172.9250030517578125 169.3125 166.3125 164.162506103515625 161.75 159.837493896484375 157.2687530517578125 151.90625 146.625 140.693756103515625 131.131256103515625 122.0187530517578125 112.94374847412109375 104.3562469482421875 96.0500030517578125 89.6437530517578125 85.94374847412109375 83.25 81.6374969482421875 83.1437530517578125 86.3000030517578125 90.3125
139.3187408447265625 135.024993896484375 131.1062469482421875 127.3562469482421875 124.22499847412109375 122.09999847412109375 120.16249847412109375 118.49375152587890625 118.59375 120.8874969482421875 127.38124847412109375 138.125 150.5250091552734375 162.5812530517578125 170.6687469482421875 178.600006103515625 184.4375 187.1374969482421875 188.7624969482421875 190.3562469482421875 189.462493896484375 186.131256103515625 182.7937469482421875 178.975006103515625 175.6437530517578125 172.899993896484375 170.59375 168.868743896484375 166.399993896484375 159.631256103515625 154.068756103515625 147.375 138.2624969482421875 129.1875 119.625 111.15625 105.1750030517578125 99.02500152587890625 95.03749847412109375 92.6750030517578125 91.2312469482421875 92.03125 94.03749847412109375 97.1125030517578125
146.618743896484375 142.71875 139.131256103515625 135.631256103515625 132.21875 129.725006103515625 126.84999847412109375 124.13124847412109375 122.56874847412109375 121.94374847412109375 129.7937469482421875 145.1125030517578125 158.3874969482421875 169.6125030517578125 178.8562469482421875 187.556243896484375 194.475006103515625 197.475006103515625 199.7375030517578125 201.1999969482421875 199.462493896484375 195.431243896484375 191.5749969482421875 187.381256103515625 183.743743896484375 181.443756103515625 178.506256103515625 177.4375 174.568756103515625 167.850006103515625 161.1999969482421875 154.993743896484375 145.6687469482421875 136.899993896484375 127.53749847412109375 120.25624847412109375 114.71875 109.3125 105.7687530517578125 102.46250152587890625 100.3000030517578125 100.2062530517578125 101.2062530517578125 103.4499969482421875
154.931243896484375 150.943756103515625 147.3249969482421875 144.1374969482421875 140.71875 138.09375 135.28125 132.3312530517578125 130.368743896484375 128.412506103515625 141.087493896484375 157.9187469482421875 168.7375030517578125 178.59375 187.8000030517578125 196.743743896484375 204.1999969482421875 206.9562530517578125 208.587493896484375 208.2937469482421875 206.756256103515625 203.212493896484375 199.4812469482421875 194.587493896484375 191.256256103515625 189 186.181243896484375 185.2375030517578125 182.850006103515625 176.34375 167.5124969482421875 160.631256103515625 152.25 143.975006103515625 135.399993896484375 129.5812530517578125 124.84999847412109375 119.71875 116.94374847412109375 113.88124847412109375 110.1062469482421875 109.4562530517578125 108.6374969482421875 109.02500152587890625
