data/historical-monthly-weather-data/wc2.1_cruts4.09_10m_prec_2007-01.asc
ncols        51
nrows        45
xllcorner    -63.500000000000
yllcorner    -7.500000000000
cellsize     0.166666666667
NODATA_value -9999
[rows 0 to 19 of 45, columns 0 to 44 of 51]
72.2375030517578125 66.9562530517578125 62.543750762939453125 59.49375152587890625 56.262500762939453125 56.05625152587890625 55.40625 54.137500762939453125 54.55625152587890625 55.90000152587890625 58 61.28749847412109375 64.25 65.63124847412109375 68.50624847412109375 72.33750152587890625 76.1125030517578125 77.7937469482421875 82.9187469482421875 88.0812530517578125 93.24375152587890625 99.5187530517578125 106.0437469482421875 112.0500030517578125 119.59999847412109375 126.6374969482421875 134.006256103515625 142.59375 151.90625 158.53125 165.506256103515625 172.587493896484375 177.399993896484375 183.7312469482421875 188.712493896484375 194.125 196.96875 198.65625 201.2687530517578125 203.462493896484375 204.806243896484375 206.337493896484375 206.787506103515625 207.662506103515625 209.0500030517578125
77.3874969482421875 71.59999847412109375 67.625 64.24375152587890625 61.66249847412109375 62.06874847412109375 62.00624847412109375 62.25 64.18125152587890625 66.4499969482421875 68.46875 71.28749847412109375 73.65625 76.0500030517578125 78.65625 81.55625152587890625 84.5 87.9562530517578125 93.55625152587890625 100.47499847412109375 107.26250457763671875 114.3000030517578125 122.1125030517578125 129.806243896484375 136.8249969482421875 143.875 151.381256103515625 159.1125030517578125 166.8249969482421875 173.7687530517578125 179.881256103515625 185.4812469482421875 189.493743896484375 196.225006103515625 200.0749969482421875 202.618743896484375 206.9875030517578125 208.193756103515625 209.462493896484375 210.8000030517578125 212.34375 213.287506103515625 212.1750030517578125 212.2624969482421875 212.3687591552734375
85.1437530517578125 79.9875030517578125 76.99375152587890625 74.8937530517578125 73.59375 74.6437530517578125 75.7624969482421875 77.30625152587890625 80.02500152587890625 82.7624969482421875 84.8000030517578125 86.94374847412109375 88.96875 90.34999847412109375 92.1999969482421875 93.7312469482421875 96.0437469482421875 99.49375152587890625 104.59375 112.4812469482421875 120.68125152587890625 129.899993896484375 138.850006103515625 146.556243896484375 153.9875030517578125 161.21875 168.5437469482421875 175.7062530517578125 181.6437530517578125 186.9875030517578125 193.693756103515625 199.5812530517578125 204.7062530517578125 207.59375 212.5625 214.4375 217.368743896484375 219.1750030517578125 219.524993896484375 219.1437530517578125 220.34375 219.9812469482421875 218.693756103515625 217.53125 214.9875030517578125
93.02500152587890625 88.72499847412109375 88.3249969482421875 87.96875 88.77500152587890625 89.2624969482421875 91.77500152587890625 95.16249847412109375 99.46250152587890625 103.3249969482421875 104.63124847412109375 105.5187530517578125 106.28125 106.7312469482421875 107.8249969482421875 108.3625030517578125 109.02500152587890625 110.9375 116.34999847412109375 125.90625 136.943756103515625 147.6437530517578125 155.943756103515625 164.8125 173.212493896484375 181.006256103515625 188.1999969482421875 192.712493896484375 197.600006103515625 202.7375030517578125 208.368743896484375 215.193756103515625 219.1437530517578125 221.75 224.381256103515625 227.375 228.4875030517578125 229.8625030517578125 229.912506103515625 229.6875 227.96875 227.7312469482421875 225.8249969482421875 222.7062530517578125 218.90625
104.78749847412109375 99.7624969482421875 99.8125 101.65000152587890625 103.90625 106.03125 108.65000152587890625 113.5625 120.13750457763671875 125.5749969482421875 125.71250152587890625 125.2937469482421875 125.66249847412109375 125.75624847412109375 125.88124847412109375 125.24375152587890625 124.2312469482421875 123.4875030517578125 130.381256103515625 142.46875 155.9562530517578125 167.1062469482421875 176.34375 185.03125 193.4312591552734375 202.875 206.5625 209.9499969482421875 216.212493896484375 220.2687530517578125 225.1999969482421875 228.1687469482421875 233.0124969482421875 236.787506103515625 239.15625 240.912506103515625 242.556243896484375 241.100006103515625 240.318756103515625 238.556243896484375 237.7687530517578125 235.4562530517578125 233.193756103515625 228.5437469482421875 223.0625
116.59999847412109375 112.8125 113.18125152587890625 114.5437469482421875 116.9875030517578125 119.8874969482421875 123.5625 128.4375 135.4875030517578125 142.068756103515625 142.0124969482421875 142.4499969482421875 142.931243896484375 143.625 143.34375 144.3000030517578125 143.03125 142.2312469482421875 151.53125 164.71875 177.337493896484375 187.681243896484375 197.806243896484375 204.8312530517578125 213.1062469482421875 221.5625 225.1437530517578125 227.462493896484375 232.1374969482421875 237.037506103515625 240.6125030517578125 243.7062530517578125 245.8062591552734375 249.6750030517578125 254.5 255.087493896484375 255.399993896484375 254.287506103515625 252.600006103515625 250.806243896484375 246.6062469482421875 244.0812530517578125 240.162506103515625 235.0124969482421875 228.556243896484375
129.3000030517578125 126.5187530517578125 127.40000152587890625 127.8625030517578125 129.256256103515625 131.34375 135.068756103515625 139.568756103515625 145 149.5124969482421875 153.868743896484375 157.1750030517578125 160.6812591552734375 163.0749969482421875 164.5625 167.1062469482421875 169.9000091552734375 175.787506103515625 185.8249969482421875 195.0749969482421875 201.8125 210.756256103515625 217.7624969482421875 224.412506103515625 232.8125 239.6687469482421875 242.587493896484375 244.875 247.375 251.431243896484375 256.662506103515625 259.6875 260.82501220703125 262.975006103515625 266.15625 268.13751220703125 267.943756103515625 267.23126220703125 266.61248779296875 261.66876220703125 255.1750030517578125 251.368743896484375 246.756256103515625 241.087493896484375 233.5500030517578125
143.4812469482421875 139.868743896484375 140.556243896484375 141.631256103515625 142.6062469482421875 145.0625 147.2375030517578125 147.8562469482421875 149.756256103515625 156.318756103515625 165.34375 172.7062530517578125 179.375 183.1374969482421875 187.2874908447265625 191.993743896484375 198.7624969482421875 209.8249969482421875 223.8937530517578125 227.506256103515625 227.868743896484375 233.024993896484375 238.59375 244.9499969482421875 253.274993896484375 258.8125 259.96875 261.01873779296875 264.39373779296875 268.59375 271.693756103515625 274.743743896484375 275.256256103515625 276.63751220703125 278.662506103515625 279.943756103515625 279.89373779296875 278.993743896484375 276.26873779296875 271.6875 265.26251220703125 260.743743896484375 255.53125 248.5625 241.600006103515625
156.6437530517578125 153.40625 154.306243896484375 154.6125030517578125 156 157.462493896484375 158.850006103515625 159.2062530517578125 158.9812469482421875 163.8562469482421875 177.5500030517578125 188.0187530517578125 197.4812469482421875 203.024993896484375 208.3874969482421875 213.9187469482421875 221.1750030517578125 232.881256103515625 245.975006103515625 247.8000030517578125 245.25 249.881256103515625 254.4875030517578125 263.51251220703125 271.01873779296875 275.63751220703125 276.21875 275.32501220703125 278.225006103515625 282.774993896484375 286.5625 287.350006103515625 287.712493896484375 287.78125 288.88751220703125 288.96875 289.76251220703125 288.725006103515625 285.46875 280.78125 273.67498779296875 268.318756103515625 264.73748779296875 259.15625 251.2937469482421875
170.118743896484375 167.3125 167.287506103515625 167.9875030517578125 169.6687469482421875 171.6999969482421875 173.368743896484375 175.274993896484375 178.3125 186.0812530517578125 197.850006103515625 208.46875 217.90625 224.28125 229.78125 235.2937469482421875 240.618743896484375 248.4875030517578125 255.3625030517578125 258.28125 257.225006103515625 262.20001220703125 268.637481689453125 280.15625 286.024993896484375 289.131256103515625 289.20623779296875 288.57501220703125 289.631256103515625 293.631256103515625 296.42498779296875 297.625 298.48126220703125 299.09375 300.09375 299 298.537506103515625 297.712493896484375 293.88751220703125 288.899993896484375 283.462493896484375 278.16876220703125 273.649993896484375 266.506256103515625 259.54376220703125
184.8625030517578125 182.6125030517578125 181.78125 182.1187591552734375 183.1875 186.212493896484375 189.2375030517578125 194.1999969482421875 200.337493896484375 209.84375 223.09375 233.875 240.9375 246.1374969482421875 250.375 254.118743896484375 256.649993896484375 260.29998779296875 262.693756103515625 263.64373779296875 266.04376220703125 271.375 281.79376220703125 291.4375 300.85626220703125 301.76251220703125 300.28125 299.29376220703125 299.475006103515625 300.84375 303.3125 305.51873779296875 307.20623779296875 308.375 308.962493896484375 308.73126220703125 307.58123779296875 305.07501220703125 301.9375 297.59375 291.90625 284.92498779296875 279.98748779296875 272.98126220703125 265.975006103515625
197.125 194.681243896484375 194.375 195.90625 197.6750030517578125 200.8125 205.53125 213.71875 222.3125 232.8125 247.3937530517578125 260.91876220703125 265.85626220703125 268.63751220703125 271.537506103515625 272.40625 273.350006103515625 272.0625 271.76251220703125 269.506256103515625 270.1875 276.725006103515625 290.79376220703125 305.381256103515625 312.125 308.20623779296875 305.993743896484375 304.45623779296875 305.23748779296875 308.318756103515625 310.70001220703125 312.04998779296875 313.875 315.100006103515625 315.91876220703125 315.743743896484375 314.71875 311.8125 308.29376220703125 304.38751220703125 298.537506103515625 290.6875 281.681243896484375 272.243743896484375 263.01251220703125
210.46875 208.5 208.78125 210.181243896484375 212.274993896484375 217.75 223.7687530517578125 231.993743896484375 242.1750030517578125 254.506256103515625 269.58123779296875 283.95001220703125 289.59375 288.59375 290.29376220703125 290.29376220703125 288.79998779296875 287.04998779296875 284.006256103515625 278.91876220703125 272.63751220703125 280.899993896484375 297.79376220703125 308.59375 307.82501220703125 304.774993896484375 307.649993896484375 310.01251220703125 311.243743896484375 315 317.524993896484375 318.287506103515625 319.0625 319.943756103515625 320.60626220703125 320.350006103515625 318.66876220703125 315.64373779296875 311.306243896484375 307.04998779296875 302.41876220703125 292.8125 277.524993896484375 262.88751220703125 252.0187530517578125
222.46875 221.3625030517578125 222.03125 224.006256103515625 227.0625 232.0437469482421875 239.399993896484375 250.3000030517578125 261.506256103515625 274.618743896484375 287.712493896484375 300.01873779296875 304.90625 306.70623779296875 306.15625 306.912506103515625 304.15625 302.181243896484375 297.45001220703125 292.493743896484375 289.100006103515625 295.1875 304.95623779296875 311.306243896484375 309.07501220703125 308.40625 311.524993896484375 314.17498779296875 317.768768310546875 321.07501220703125 323.537506103515625 324.14373779296875 323.83123779296875 323.15625 324.07501220703125 323.0625 321.693756103515625 319.54376220703125 313.46875 306.631256103515625 298.225006103515625 280.70001220703125 266.5 256.08123779296875 248.3000030517578125
232.4187469482421875 231.5812530517578125 233.368743896484375 236.006256103515625 240.75 247.1875 256.45001220703125 267.212493896484375 278.38751220703125 290.32501220703125 303.600006103515625 314.631256103515625 321.125 324.5625 323.837493896484375 323.568756103515625 320.54376220703125 316.381256103515625 312.287506103515625 309.631256103515625 307.96875 309.67498779296875 315.96875 317.993743896484375 318.524993896484375 318.64373779296875 320.17498779296875 323.056243896484375 325.58123779296875 329.34375 330.337493896484375 328.337493896484375 328.662506103515625 326.32501220703125 325.381256103515625 322.649993896484375 321.631256103515625 320.38751220703125 312.54998779296875 296.662506103515625 277.912506103515625 265.693756103515625 259.306243896484375 252.881256103515625 243.625
241.162506103515625 240.287506103515625 243 246.5187530517578125 252.431243896484375 260.087493896484375 270.54998779296875 281.71875 292.26251220703125 304.912506103515625 318.287506103515625 329.8125 337.66876220703125 342.09375 342.568756103515625 338.399993896484375 336.11248779296875 332.087493896484375 327.056243896484375 324.92498779296875 326 327.42498779296875 330.48126220703125 330 328.881256103515625 328.181243896484375 328.08123779296875 331.912506103515625 335.506256103515625 339.60626220703125 339.756256103515625 335.568756103515625 330.4375 326.431243896484375 323.11248779296875 322.57501220703125 321.63751220703125 318.431243896484375 307.875 287.88751220703125 264.1875 254.806243896484375 252.2687530517578125 246.587493896484375 238.9562530517578125
247.9875030517578125 247.71875 250.4812469482421875 255.3937530517578125 262.89373779296875 271.64373779296875 283.337493896484375 295.11248779296875 306.162506103515625 318.13751220703125 332.368743896484375 345.631256103515625 354.556243896484375 359.91876220703125 360.962493896484375 357.54998779296875 347.90625 342.943756103515625 340.443756103515625 341.649993896484375 342.28125 344.10626220703125 345.23126220703125 341.725006103515625 340.26251220703125 337.024993896484375 335.256256103515625 338.88751220703125 344.76873779296875 350.006256103515625 350.86248779296875 344.962493896484375 335.649993896484375 326.91876220703125 325.03125 324.225006103515625 321.375 319.45001220703125 312.33123779296875 287.76873779296875 263.66876220703125 253.2312469482421875 247.181243896484375 241.943756103515625 235.1437530517578125
254.6875 254.6374969482421875 258.04376220703125 264.493743896484375 272.29998779296875 282.92498779296875 295.6875 308.337493896484375 319.34375 331.76251220703125 344.181243896484375 360.48748779296875 371.537506103515625 377.83123779296875 378.337493896484375 372.70623779296875 362.07501220703125 352.024993896484375 354.662506103515625 357.21875 359.32501220703125 359.5 358.42498779296875 353.125 348.912506103515625 345.34375 340.76251220703125 346.274993896484375 355.04376220703125 361.85626220703125 360.037506103515625 344.59375 333.287506103515625 325.850006103515625 321.15625 319.3125 319.881256103515625 317.9375 307.506256103515625 289.556243896484375 266.46875 253.3312530517578125 245.34375 239.600006103515625 233.09375
258.34375 258.881256103515625 263.600006103515625 271.89373779296875 281.51251220703125 293.45623779296875 305.65625 320.25 332.01873779296875 344.38751220703125 356.4375 370.506256103515625 384.5625 396.712493896484375 395.04376220703125 384.837493896484375 371.462493896484375 360.743743896484375 359.0625 365.73748779296875 371.71875 373.63751220703125 364.681243896484375 360.962493896484375 356.318756103515625 353.443756103515625 352.25 354.90625 363.67498779296875 370.943756103515625 369.6875 348.64373779296875 331.943756103515625 316.443756103515625 308.3125 310.01251220703125 312.875 310.681243896484375 303.868743896484375 288.20623779296875 268.32501220703125 253.6437530517578125 244.0625 238.1374969482421875 231.6750030517578125
261.17498779296875 261.88751220703125 267.73126220703125 275.787506103515625 287.162506103515625 301.96875 316.08123779296875 330.100006103515625 341.712493896484375 353.631256103515625 364.51873779296875 379.100006103515625 397.70001220703125 416.15625 408.54998779296875 389.41876220703125 372.25 367.225006103515625 367.29998779296875 372.85626220703125 374.381256103515625 370.993743896484375 368.38751220703125 364.212493896484375 360.556243896484375 359.850006103515625 358.806243896484375 361.8125 364.725006103515625 365.66876220703125 360.25 342.068756103515625 322.1875 301.84375 290.368743896484375 294.600006103515625 304.78125 309.66876220703125 304.412506103515625 290.83123779296875 271.65625 254.34375 245.350006103515625 238.65625 231.818756103515625
