data/historical-monthly-weather-data/wc2.1_cruts4.09_10m_prec_2004-03.asc
ncols        51
nrows        45
xllcorner    -63.500000000000
yllcorner    -7.500000000000
cellsize     0.166666666667
NODATA_value -9999
[rows 20 to 39 of 45, columns 0 to 44 of 51]
298.61248779296875 308.20623779296875 318.26251220703125 328.881256103515625 340.35626220703125 353.181243896484375 365.225006103515625 374.806243896484375 381.29998779296875 383.287506103515625 382.375 383.98748779296875 386.649993896484375 391.20001220703125 383.89373779296875 369.693756103515625 357.17498779296875 349.243743896484375 345.962493896484375 343.07501220703125 343.274993896484375 343.875 344.53125 355.037506103515625 368.03125 381.76251220703125 394.51251220703125 406.79998779296875 418.04998779296875 422.63751220703125 419.431243896484375 409.40625 389.25 363.67498779296875 340.60626220703125 373.61248779296875 420.368743896484375 451.42498779296875 469.60626220703125 479.506256103515625 484.78125 486.95001220703125 486.381256103515625 486.04998779296875 480.71875
288.524993896484375 298.98748779296875 311.4375 323.35626220703125 336.29376220703125 351.4375 365.725006103515625 378.100006103515625 385.28125 383.868743896484375 376.84375 372.04998779296875 368.67498779296875 368.475006103515625 364.42498779296875 357.274993896484375 350.76873779296875 343.9375 339.056243896484375 334.568756103515625 330.9375 328.83123779296875 331.443756103515625 340.42498779296875 352.943756103515625 368.600006103515625 386.48748779296875 399.875 411.36248779296875 415.306243896484375 411.4375 402.58123779296875 387.806243896484375 372.475006103515625 365.912506103515625 389.318756103515625 427.25 457.481231689453125 475.20623779296875 482.774993896484375 485.82501220703125 487.068756103515625 486.681243896484375 486.0625 481.912506103515625
281.85626220703125 293.912506103515625 306.14373779296875 319.118743896484375 332.28125 347.29998779296875 362.07501220703125 378.83123779296875 389.89373779296875 383.287506103515625 370.568756103515625 357.493743896484375 347.612518310546875 346.037506103515625 346.931243896484375 344.98126220703125 340.95623779296875 335.237518310546875 329.54376220703125 324.243743896484375 319.36248779296875 314.556243896484375 313.625 321.51251220703125 335.875 353.58123779296875 373.225006103515625 389.524993896484375 401.75 405.287506103515625 404.193756103515625 402.35626220703125 399.26251220703125 395.26251220703125 401.524993896484375 422.506256103515625 450.068756103515625 473.03125 485.21875 489.274993896484375 489.26251220703125 488.66876220703125 487.806243896484375 485.4375 482.024993896484375
276.431243896484375 286.693756103515625 299.23748779296875 312.78125 326.3125 340.506256103515625 356.48126220703125 372.89373779296875 382.068756103515625 373.41876220703125 358.38751220703125 345.1875 330.79376220703125 330.300018310546875 334.306243896484375 335.162506103515625 333.712493896484375 329.01251220703125 321.67498779296875 314.90625 308.193756103515625 301.337493896484375 297.931243896484375 304.381256103515625 315.899993896484375 332.41876220703125 352.881256103515625 372.65625 388.506256103515625 397.274993896484375 403.024993896484375 406.73126220703125 411.225006103515625 417.01251220703125 429.58123779296875 451.54376220703125 473.84375 486.98126220703125 491.96875 493.09375 492.09375 489.14373779296875 487.068756103515625 482.881256103515625 482.243743896484375
276.26251220703125 282.90625 292.90625 306.375 321.256256103515625 334.92498779296875 347.625 359.712493896484375 364.70001220703125 360.23748779296875 351.04998779296875 338.862518310546875 330.15625 327.556243896484375 327.95623779296875 329.537506103515625 328.1875 323.79376220703125 316.975006103515625 307.600006103515625 297.600006103515625 288.41876220703125 281.743743896484375 284.14373779296875 295.6875 315.068756103515625 335.42498779296875 358.693756103515625 377.568756103515625 392.90625 402.91876220703125 411.318756103515625 422.73126220703125 434.587493896484375 448.899993896484375 463.79376220703125 481.28125 492.256256103515625 494.76251220703125 496.875 495.412506103515625 490.693756103515625 484.6875 482.931243896484375 476.70001220703125
280.41876220703125 285.100006103515625 291.5 303.67498779296875 315.625 327.106231689453125 337.625 346.8125 349.743743896484375 347.506256103515625 342.26251220703125 335.86248779296875 330.493743896484375 327.068756103515625 326.274993896484375 327.381256103515625 325.131256103515625 321.10626220703125 314.649993896484375 302.84375 291.96875 278.29376220703125 266.41876220703125 264.03125 277.149993896484375 299.39373779296875 324.28125 347.506256103515625 369.475006103515625 388.587493896484375 403.65625 417.85626220703125 434.625 447.91876220703125 461.13751220703125 472.38751220703125 485.274993896484375 494.681243896484375 497.95623779296875 498.91876220703125 497.96875 490.993743896484375 480.068756103515625 475.88751220703125 471.45001220703125
288.61248779296875 288.774993896484375 294.4375 302.48748779296875 310.912506103515625 320.01251220703125 327.53125 334.024993896484375 336.66876220703125 337.524993896484375 336.42498779296875 333.318756103515625 330.48748779296875 328.79376220703125 328.600006103515625 328.600006103515625 328.243743896484375 322.731231689453125 314.868743896484375 304.51251220703125 290.79998779296875 275.306243896484375 258.256256103515625 253.024993896484375 269.649993896484375 291.056243896484375 316.26251220703125 338.875 361.28125 381.806243896484375 400.26873779296875 419.83123779296875 441.15625 453.618743896484375 465.29376220703125 476.0625 488.29998779296875 496.90625 500.912506103515625 503.25 500.5 491.475006103515625 478.14373779296875 470.600006103515625 477.91876220703125
298.100006103515625 295.54998779296875 298.681243896484375 303.587493896484375 307.5 313.54998779296875 320.649993896484375 325.39373779296875 328.149993896484375 330.268768310546875 330.381256103515625 329.59375 329.568756103515625 329.95001220703125 330.337493896484375 330.46875 330.89373779296875 327.756256103515625 320.42498779296875 310.45001220703125 297.01251220703125 280.975006103515625 269.03125 265.63751220703125 275.600006103515625 292.33123779296875 313.993743896484375 335.73126220703125 356.42498779296875 375.17498779296875 393.587493896484375 412.53125 434.774993896484375 449.556243896484375 463.493743896484375 475.475006103515625 485.8125 496.76873779296875 502.95001220703125 508.556243896484375 511.306243896484375 500.04998779296875 481.03125 472.21875 494.056243896484375
306.318756103515625 302.11248779296875 302.66876220703125 303.65625 306.63751220703125 310.13751220703125 313.46875 317.0625 320.574981689453125 322.962493896484375 325.381256103515625 326.76251220703125 328.36248779296875 330.92498779296875 333.287506103515625 335.506256103515625 338.29998779296875 335.899993896484375 330.350006103515625 321.65625 308.59375 293.76251220703125 283.725006103515625 279.86248779296875 286.28125 297.100006103515625 314.63751220703125 333.84375 352.48748779296875 370.125 385.881256103515625 402.73126220703125 425.13751220703125 443.506256103515625 460.29376220703125 473.15625 483.21875 494.71875 502.03125 507.65625 516.5250244140625 505.25 486.75 489.71875 516.6500244140625
313.71875 307.975006103515625 305.92498779296875 304.58123779296875 304.993743896484375 305.60626220703125 307.881256103515625 310.443756103515625 314.01251220703125 316.568756103515625 319.66876220703125 323.649993896484375 328.17498779296875 332.5625 336.35626220703125 340.149993896484375 344.01251220703125 347.45001220703125 344.35626220703125 333.524993896484375 319.96875 306.600006103515625 296.45623779296875 293.0625 295.756256103515625 303.53125 317.743743896484375 332.850006103515625 347.79998779296875 363.15625 378.23126220703125 392.962493896484375 414.45623779296875 436.381256103515625 455.46875 467.92498779296875 478.475006103515625 491.09375 493.17498779296875 497.8125 506.98126220703125 509.056243896484375 504.056243896484375 515.21875 530.66876220703125
318.125 310.95001220703125 306.9375 304.71875 303.600006103515625 302.04376220703125 303.78125 305.118743896484375 308.037506103515625 310.931243896484375 314.71875 319.51251220703125 325.787506103515625 331.03125 336.743743896484375 343.03125 350.84375 355.85626220703125 357.399993896484375 346.362518310546875 332.11248779296875 317.618743896484375 308.09375 303.66876220703125 303.51251220703125 309.82501220703125 319.743743896484375 330.443756103515625 343 356.75 370.95001220703125 386.412506103515625 407.975006103515625 430.368743896484375 450.787506103515625 462.225006103515625 473.462493896484375 486.95623779296875 486.693756103515625 481.35626220703125 493.07501220703125 509.318756103515625 519.61248779296875 533.4937744140625 549.63751220703125
319.76873779296875 311.787506103515625 306.368743896484375 302.625 300.54376220703125 298.14373779296875 298.98748779296875 298.774993896484375 301.225006103515625 304.25 308.28125 313.9375 320.48126220703125 328.45001220703125 336.600006103515625 345.16876220703125 351.45001220703125 356.32501220703125 358.10626220703125 352.118743896484375 338.287506103515625 326.056243896484375 315.375 309.975006103515625 310.743743896484375 313.6875 319.837493896484375 328.92498779296875 337.40625 350.92498779296875 365.100006103515625 380.149993896484375 400.681243896484375 423.3125 444.475006103515625 456.912506103515625 470.85626220703125 483.287506103515625 479.57501220703125 479.5 496.743743896484375 519.9000244140625 537.625 560.98126220703125 582.5999755859375
318.631256103515625 311.350006103515625 305.32501220703125 300.743743896484375 296.84375 294.92498779296875 293.743743896484375 292.29376220703125 293.193756103515625 296.631256103515625 303.243743896484375 308.806243896484375 316.89373779296875 327.881256103515625 336.28125 344.112518310546875 349.51251220703125 354.274993896484375 354.59375 350.493743896484375 340.506256103515625 329.35626220703125 318.70623779296875 315.01873779296875 314.587493896484375 315.962493896484375 320.631256103515625 327.76251220703125 336.13751220703125 347.725006103515625 360.29376220703125 374.09375 395.368743896484375 418.024993896484375 438.1875 454.48748779296875 469.76873779296875 481.8125 481.725006103515625 493.53125 511.831268310546875 534.67498779296875 557.85626220703125 584.48748779296875 620.6187744140625
316.681243896484375 309.84375 304.931243896484375 300.024993896484375 295.4375 291.76251220703125 288.693756103515625 286.20623779296875 285.993743896484375 288.5625 294.787506103515625 303.73748779296875 313.48126220703125 323.29376220703125 331.40625 340.36248779296875 347.76251220703125 351.34375 350.125 346.71875 339.38751220703125 329.40625 320.787506103515625 316.23126220703125 315.443756103515625 315.381256103515625 320.09375 325.73126220703125 334.57501220703125 344.38751220703125 354.506256103515625 368.287506103515625 390.375 412.73126220703125 435.20001220703125 452.681243896484375 468.33123779296875 481.024993896484375 490.33123779296875 505.20001220703125 522.01873779296875 545.0687255859375 573.6500244140625 603.3812255859375 643.76873779296875
314.881256103515625 309.337493896484375 304.662506103515625 299.01251220703125 292.412506103515625 288.225006103515625 283.375 280.39373779296875 277.88751220703125 278.662506103515625 285.71875 297.29376220703125 309.712493896484375 320.39373779296875 329.962493896484375 337.399993896484375 344.65625 347.318756103515625 346.037506103515625 342.73748779296875 336.837493896484375 327.375 319.03125 314.368743896484375 313.743743896484375 314 317.42498779296875 323.57501220703125 330.35626220703125 339.975006103515625 350.45001220703125 363.243743896484375 384.8125 408.149993896484375 429.975006103515625 447.149993896484375 463.95001220703125 484.01873779296875 497.524993896484375 512.32501220703125 529.5999755859375 549.85626220703125 577.1500244140625 607.01251220703125 640.73748779296875
314.26251220703125 308.556243896484375 303.35626220703125 297.59375 291.17498779296875 285.58123779296875 280.462493896484375 274.725006103515625 269.681243896484375 269.5625 276.16876220703125 289.16876220703125 304.59375 317.5625 326.16876220703125 333.506256103515625 338.73748779296875 340.368743896484375 339.975006103515625 337.73748779296875 331.431243896484375 322.100006103515625 313.32501220703125 309.587493896484375 308.36248779296875 308.118743896484375 311.899993896484375 318.662506103515625 325.85626220703125 334.743743896484375 345.399993896484375 357.29376220703125 377.318756103515625 401.256256103515625 422.918731689453125 440.08123779296875 460.79998779296875 481.462493896484375 493.375 509.39373779296875 527.8812255859375 546.17498779296875 567.70001220703125 595.6312255859375 620.0999755859375
312.53125 307.756256103515625 302.9375 296.95001220703125 291.20001220703125 285.587493896484375 279.037506103515625 272.100006103515625 264.274993896484375 259.1875 268.15625 287.17498779296875 303.35626220703125 314.649993896484375 323.04376220703125 328.38751220703125 331.712493896484375 332.39373779296875 332.306243896484375 328.274993896484375 322.57501220703125 313.9375 305.98748779296875 301.274993896484375 299.537506103515625 299.65625 304.350006103515625 312.63751220703125 320.16876220703125 329.51251220703125 339.287506103515625 350.524993896484375 371.6875 395.51251220703125 416.5 435.774993896484375 457.149993896484375 478.42498779296875 491.006256103515625 503.26251220703125 518.64373779296875 534.9375 554.66876220703125 578.2874755859375 598.07501220703125
311.67498779296875 307.975006103515625 302.818756103515625 297.475006103515625 292.931243896484375 287.625 281.11248779296875 273.212493896484375 266.337493896484375 258.774993896484375 274.84375 294.28125 305.66876220703125 314.475006103515625 319.568756103515625 323.368743896484375 323.881256103515625 323.26873779296875 321.38751220703125 316.243743896484375 309.32501220703125 301.850006103515625 296.23748779296875 291.61248779296875 290.068756103515625 290.9375 296.26251220703125 305.881256103515625 314.79998779296875 323.95623779296875 332.57501220703125 343.20623779296875 364.23126220703125 388.20623779296875 408.38751220703125 429.76873779296875 451.256256103515625 470.03125 484.212493896484375 497.42498779296875 508.32501220703125 523.78125 538.4000244140625 552.5999755859375 568.5374755859375
311.01873779296875 307.54376220703125 303.65625 299.45001220703125 295.70001220703125 290.29998779296875 286.09375 280.91876220703125 279.34375 285.787506103515625 303.375 308.725006103515625 311.306243896484375 315.037506103515625 317.51873779296875 318.462493896484375 316.868743896484375 314.0625 309.75 303.162506103515625 295.149993896484375 288.40625 283.59375 280.556243896484375 280.07501220703125 282.16876220703125 288.59375 297.587493896484375 307.14373779296875 317.10626220703125 327.618743896484375 337.756256103515625 356.53125 378.818756103515625 401.625 420.149993896484375 438.79376220703125 458.087493896484375 469.006256103515625 478.66876220703125 488.28125 502.38751220703125 513.54376220703125 526.01251220703125 536.38751220703125
311.10626220703125 308.01251220703125 305.01251220703125 301.225006103515625 298.95623779296875 296.649993896484375 292.98126220703125 292.39373779296875 293.88751220703125 299.45623779296875 308.20001220703125 313.70623779296875 315.60626220703125 315.899993896484375 316.368743896484375 314.42498779296875 310.70001220703125 305.53125 298.381256103515625 290.98126220703125 282.17498779296875 275.506256103515625 269.993743896484375 267.837493896484375 269.399993896484375 272.725006103515625 279.20001220703125 288.875 298.5625 308.943756103515625 319.20623779296875 332.85626220703125 353.10626220703125 372.60626220703125 392.95623779296875 410.82501220703125 426.34375 442.70001220703125 453.71875 459.274993896484375 465.881256103515625 477.5625 486.88751220703125 495.943756103515625 503.725006103515625
