data/historical-monthly-weather-data/wc2.1_cruts4.09_10m_prec_1984-04.asc
ncols        45
nrows        45
xllcorner    -63.500000000000
yllcorner    -7.500000000000
cellsize     0.166666666667
NODATA_value -9999
[rows 20 to 39 of 45, columns 0 to 44 of 45]
205.2937469482421875 216.90625 228.1750030517578125 239.162506103515625 248.9875030517578125 262.23126220703125 274.89373779296875 283.10626220703125 287.881256103515625 288.64373779296875 286.431243896484375 280.90625 275.399993896484375 271.65625 265.13751220703125 260.45623779296875 258.318756103515625 263.412506103515625 271.78125 281.9375 311.024993896484375 340.48748779296875 366.131256103515625 385.76873779296875 409.1875 431 443.943756103515625 454.806243896484375 461.506256103515625 462.681243896484375 456.04998779296875 451.01251220703125 442.087493896484375 429.431243896484375 420.29376220703125 458.71875 513.2125244140625 560.88751220703125 595.16876220703125 618.23126220703125 631.25 637.38751220703125 631.45001220703125 628.67498779296875 616.5625
198.693756103515625 208.25 220.587493896484375 236.056243896484375 249.287506103515625 261.193756103515625 274.25 285.100006103515625 290.21875 288.29998779296875 281.38751220703125 270.29376220703125 262.024993896484375 258 256.875 254.5124969482421875 255.9187469482421875 260.17498779296875 267.57501220703125 276.33123779296875 297.306243896484375 323.01251220703125 350.556243896484375 373.21875 399.587493896484375 431.225006103515625 464.26873779296875 475.118743896484375 480.256256103515625 479.193756103515625 469.5625 459.53125 455.162506103515625 453.193756103515625 459.631256103515625 486.0625 530.4375 572.82501220703125 600.11248779296875 618.2249755859375 630.5999755859375 633.48126220703125 627.79376220703125 623.03125 610.3375244140625
193.131256103515625 206.8874969482421875 220.65625 236.162506103515625 250.1875 262.350006103515625 273.118743896484375 285.943756103515625 296.381256103515625 289.068756103515625 275.787506103515625 260.17498779296875 249.318756103515625 246.8312530517578125 249.09375 251.193756103515625 252.3000030517578125 255.3937530517578125 260.39373779296875 266.537506103515625 285.64373779296875 307.399993896484375 328.793731689453125 353.493743896484375 386.337493896484375 423.943756103515625 460.787506103515625 478.33123779296875 487.131256103515625 484.01873779296875 477.837493896484375 472.01251220703125 479.837493896484375 488.556243896484375 503.8125 524.0062255859375 556.8062744140625 591.29998779296875 611.85626220703125 621.5625 628.83123779296875 626.80621337890625 620.9000244140625 615.04998779296875 603.8499755859375
189.5749969482421875 203.40625 219.100006103515625 233.399993896484375 247.225006103515625 259.07501220703125 271.743743896484375 282.518768310546875 290.318756103515625 282.11248779296875 268.306243896484375 255.1750030517578125 240.2312469482421875 241.1125030517578125 245.0749969482421875 247.118743896484375 247.5812530517578125 251.774993896484375 254.6125030517578125 259.943756103515625 275.0625 290.84375 308.48748779296875 335.01251220703125 366.931243896484375 397.98126220703125 429.412506103515625 458.587493896484375 477.462493896484375 485.381256103515625 488.14373779296875 493.65625 508.837493896484375 521.7874755859375 540.29998779296875 560.5062255859375 589.04998779296875 612.5875244140625 623.14996337890625 625.3812255859375 628.5 622.0374755859375 613.9124755859375 605.01873779296875 597.5875244140625
188.5187530517578125 202.2312469482421875 217.0812530517578125 232.618743896484375 247.6624908447265625 257.85626220703125 267.58123779296875 275.98748779296875 278.568756103515625 275.387481689453125 265.01873779296875 253.006256103515625 246.024993896484375 242.350006103515625 243.256256103515625 244.4375 246.5625 249.5812530517578125 251.5 253.5437469482421875 264.48748779296875 276.23126220703125 290.693756103515625 313.64373779296875 342.26873779296875 378.98126220703125 412.78125 443.42498779296875 470.743743896484375 491.46875 504.725006103515625 519.0062255859375 539.83123779296875 555.03125 570.26873779296875 584.4312744140625 606.83123779296875 621.2249755859375 627.875 630.54998779296875 629.7249755859375 619.2249755859375 611.2125244140625 598.4437255859375 579.4625244140625
193.5812530517578125 205.7312469482421875 216.524993896484375 231.0500030517578125 244.193756103515625 253.306243896484375 261.399993896484375 267.51251220703125 267.024993896484375 263.662506103515625 259.143768310546875 254.03125 249.28125 247.225006103515625 245.443756103515625 247.037506103515625 247.9187469482421875 249.5749969482421875 249.181243896484375 247.90625 257.493743896484375 264.5 273.118743896484375 289.212493896484375 321.287506103515625 361.625 402.056243896484375 435.118743896484375 470.100006103515625 493.8125 518.4000244140625 543.2750244140625 569.8062744140625 581.0562744140625 589.2249755859375 601.28125 617.84375 629.8499755859375 632.2562255859375 632.9000244140625 631.7874755859375 617.45001220703125 604.10626220703125 587.0875244140625 572.15625
197.868743896484375 206.1999969482421875 216.756256103515625 228.212493896484375 237.9749908447265625 246.837493896484375 252.96875 256.65625 256.875 258.774993896484375 258.66876220703125 255.4250030517578125 253.100006103515625 252.287506103515625 251.056243896484375 251.381256103515625 251.3562469482421875 250.9250030517578125 250.8874969482421875 250.1125030517578125 254.5062408447265625 257.787506103515625 260.787506103515625 274.64373779296875 309.243743896484375 347.225006103515625 388.32501220703125 423.5 461.212493896484375 488.95001220703125 520.01251220703125 552.10626220703125 587.26251220703125 597.28753662109375 603.9437255859375 613.07501220703125 626.64373779296875 636.92498779296875 635.63751220703125 635.13751220703125 630.0875244140625 617.73126220703125 602.7562255859375 588.61248779296875 585.23748779296875
203.5749969482421875 208.774993896484375 216.6374969482421875 225.0812530517578125 233.4875030517578125 239.9187469482421875 246.0124969482421875 248.1437530517578125 251.006256103515625 254.4250030517578125 254.3937530517578125 254.9499969482421875 254.8562469482421875 256.493743896484375 256.056243896484375 254.7750091552734375 255.149993896484375 256.943756103515625 255.006256103515625 254.7687530517578125 258.268768310546875 258.931243896484375 265.73126220703125 280.350006103515625 308.41876220703125 343.350006103515625 378.5625 413.89373779296875 449.587493896484375 478.912506103515625 507.087493896484375 536.57501220703125 571.10626220703125 590.5374755859375 606.91876220703125 616.4375 631.65625 642.9437255859375 641.9375 639.53125 635.3125 623.15625 608.7125244140625 599.10626220703125 612.36248779296875
207.868743896484375 211.256256103515625 216.1125030517578125 222.4812469482421875 228.024993896484375 231.8312530517578125 236.443756103515625 241.5437469482421875 247.131256103515625 250.1875 253.212493896484375 255.3562469482421875 256.5 259.57501220703125 261.524993896484375 263.29998779296875 264.39373779296875 263.068756103515625 262.850006103515625 261.524993896484375 264.256256103515625 264.399993896484375 270.6875 287.693756103515625 311.631256103515625 342.48748779296875 374.600006103515625 406.38751220703125 438.9375 465.70623779296875 487.84375 512.6937255859375 543.6312255859375 573.375 597.79376220703125 613.4625244140625 632.2750244140625 646.9937744140625 648.1624755859375 643.04998779296875 633.3499755859375 622.17498779296875 612.42498779296875 621.73126220703125 637.82501220703125
213.5749969482421875 214.8937530517578125 217.59375 219.256256103515625 223.1374969482421875 227.3000030517578125 231.818756103515625 237.25 242.34375 246.162506103515625 251.1437530517578125 254.787506103515625 260.13751220703125 264.90625 267.443756103515625 269.09375 270.693756103515625 273.03125 271.90625 268.537506103515625 268.14373779296875 270.45001220703125 277.26873779296875 291.537506103515625 311.04998779296875 337.20623779296875 366.306243896484375 392.76251220703125 421.649993896484375 445.65625 466.912506103515625 487.556243896484375 519.46875 553.8062744140625 584.2125244140625 604.4000244140625 628.3062744140625 647.2125244140625 647.7750244140625 650.34375 649.7874755859375 643.5687255859375 635.13751220703125 645.375 649.8812255859375
217.6750030517578125 216.59375 217 217.625 220.2687530517578125 223.2312469482421875 227.90625 231.5812530517578125 236.9187469482421875 242.7687530517578125 249.0812530517578125 254.96875 263.399993896484375 268.04376220703125 272.26251220703125 275.23126220703125 279.225006103515625 282.07501220703125 282.368743896484375 279.88751220703125 277.85626220703125 277.125 280.85626220703125 291.024993896484375 305.818756103515625 332.26873779296875 354.51873779296875 379.09375 403.818756103515625 424.28125 445.67498779296875 466.73126220703125 501.443756103515625 536.91876220703125 568.20623779296875 593.3062744140625 615.4625244140625 638.125 649.01251220703125 655.9937744140625 660.25 655.4000244140625 653.0562744140625 655.6500244140625 661.95001220703125
220.4375 217.631256103515625 216.662506103515625 217.475006103515625 218.2062530517578125 219.0625 222.9375 225.7312469482421875 231.2062530517578125 237.2624969482421875 245.100006103515625 255.09375 263.23748779296875 270.662506103515625 275.54998779296875 280.131256103515625 282.45001220703125 286.15625 286.412506103515625 287.70623779296875 285.26873779296875 283.056243896484375 283.0625 291.67498779296875 307.274993896484375 326.26251220703125 343.73126220703125 365.5625 385.212493896484375 406.39373779296875 428.84375 450.725006103515625 482.20623779296875 517.76251220703125 550.98126220703125 577.5 604.28125 625.41876220703125 638.25 648.09375 664.21875 665.20623779296875 663.8187255859375 667.4375 674.26251220703125
225.7687530517578125 221.006256103515625 219.4562530517578125 218.46875 218.9187469482421875 218.8000030517578125 219.587493896484375 222.287506103515625 226.5812530517578125 233.568756103515625 244.4375 253.618743896484375 264.631256103515625 274.61248779296875 279.6875 283.60626220703125 287.64373779296875 291.73126220703125 291.068756103515625 290.95001220703125 290.48748779296875 288.118743896484375 286.66876220703125 293.51873779296875 306.33123779296875 318.03125 333.58123779296875 349.51251220703125 366.5 388.78125 409.462493896484375 429.881256103515625 460.181243896484375 495.48126220703125 529.0687255859375 558.60626220703125 585.2249755859375 609.13751220703125 619.1187744140625 641.5999755859375 655.8687744140625 658.48748779296875 662.75 671.21875 680.03125
229.975006103515625 225.6437530517578125 223.5187530517578125 221.068756103515625 219.3249969482421875 219.4875030517578125 219.399993896484375 219.375 222.6750030517578125 229.0500030517578125 238.149993896484375 251.3125 264.78125 274.01873779296875 280.737518310546875 284.59375 289.743743896484375 293.58123779296875 293.98748779296875 293.868743896484375 293.04376220703125 291.118743896484375 289.725006103515625 291.45623779296875 301.45001220703125 309.306243896484375 319.868743896484375 332.331268310546875 347.068756103515625 366.91876220703125 387.756256103515625 410.65625 440.5 474.118743896484375 507.649993896484375 535.98126220703125 564.01873779296875 583.01251220703125 603.73748779296875 624.70001220703125 637.6875 646.25 655.5999755859375 667.9312744140625 680.0875244140625
232.4187469482421875 229.4375 227.506256103515625 223.03125 219.7062530517578125 218.0625 216.443756103515625 216.0749969482421875 217.1125030517578125 221.243743896484375 232.2687530517578125 248.71875 265.725006103515625 279.243743896484375 285.03125 289.20623779296875 292.29376220703125 293.35626220703125 296.006256103515625 294.13751220703125 294.818756103515625 291.181243896484375 289.54376220703125 287.45001220703125 292.59375 299.568756103515625 307.818756103515625 315.818756103515625 328.25 349.51873779296875 369.681243896484375 393.07501220703125 420.29998779296875 453.475006103515625 484.087493896484375 510.181243896484375 533.7562255859375 565.70001220703125 585.92498779296875 603.58123779296875 616.3499755859375 627.875 641.0625 653.95001220703125 660.75
236.568756103515625 235.068756103515625 232.3874969482421875 227.943756103515625 223.556243896484375 219.875 217.4875030517578125 214.9499969482421875 212.899993896484375 214.837493896484375 224.0500030517578125 242.8562469482421875 263.85626220703125 278.399993896484375 284.774993896484375 289.056243896484375 292.556243896484375 294.006256103515625 295.943756103515625 296.774993896484375 295.04998779296875 292.287506103515625 286.318756103515625 284.17498779296875 285.26251220703125 289.45623779296875 296.506256103515625 303.806243896484375 313.943756103515625 332.95623779296875 352.9375 373.70623779296875 399.11248779296875 430.712493896484375 456.88751220703125 476.28125 506.443756103515625 535.92498779296875 552.59375 570.4749755859375 587.34375 597.8812255859375 608.5374755859375 621.8687744140625 624.61248779296875
241.125 240.9499969482421875 237.5 233.4562530517578125 228.4499969482421875 224.024993896484375 220.7624969482421875 214.912506103515625 209.056243896484375 206.6125030517578125 217.568756103515625 241.8874969482421875 260.60626220703125 272.649993896484375 281.506256103515625 286.8125 288.59375 290.76873779296875 293.399993896484375 292.162506103515625 290.725006103515625 286.95623779296875 280.89373779296875 278.149993896484375 276.54376220703125 278.48748779296875 285.01873779296875 291.556243896484375 299.306243896484375 316.631256103515625 337.33123779296875 358.48748779296875 382.193756103515625 407.743743896484375 430.48748779296875 451.868743896484375 479.212493896484375 507.57501220703125 526.83123779296875 538.8812255859375 554.8375244140625 564.20001220703125 576.9437255859375 588.125 592.73126220703125
248.1062469482421875 246.3249969482421875 241.931243896484375 238.493743896484375 233.46875 229.03125 224.0437469482421875 216.6875 211.28125 206.337493896484375 222.46875 245.774993896484375 260.25 270.337493896484375 277.92498779296875 283.39373779296875 284.20623779296875 287.01873779296875 286.46875 283.98126220703125 282.01873779296875 277.48748779296875 273.73748779296875 269.98748779296875 266.899993896484375 268.75 271.59375 278.53125 286 303.59375 321.106231689453125 341.59375 365.649993896484375 387.46875 404.71875 429.71875 454.20001220703125 476.54376220703125 497.84375 510.91876220703125 522.0562744140625 532.38751220703125 539.8687744140625 547.5687255859375 554.04998779296875
253.912506103515625 249.524993896484375 245.462493896484375 242.6875 239.193756103515625 233.4250030517578125 228.993743896484375 224.1374969482421875 223.9812469482421875 230.3125 246.5625 257.537506103515625 263.17498779296875 270.65625 276.725006103515625 279.318756103515625 280.07501220703125 280.89373779296875 277.1875 275.568756103515625 272.20001220703125 267.056243896484375 263.475006103515625 261.59375 259.66876220703125 258.83123779296875 262.16876220703125 268.068756103515625 274.54998779296875 291.943756103515625 308.943756103515625 324.193756103515625 345.056243896484375 366.45001220703125 389.243743896484375 407.850006103515625 426.5625 448.10626220703125 463.0625 471.70001220703125 483.100006103515625 493.399993896484375 498.225006103515625 507.118743896484375 511.662506103515625
258.725006103515625 254.681243896484375 251.0749969482421875 248.6687469482421875 245.46875 241.375 235.90625 235.3874969482421875 237.9375 243.9375 253.037506103515625 262.149993896484375 266.375 271.287506103515625 275.33123779296875 276.26251220703125 276.056243896484375 275.4375 270.10626220703125 265.95623779296875 260.92498779296875 257.975006103515625 251.78125 249.5812530517578125 250.6125030517578125 250.693756103515625 254.1374969482421875 259.5625 265.587493896484375 280.506256103515625 293.381256103515625 312.037506103515625 333.39373779296875 352.443756103515625 372.73126220703125 388.568756103515625 403.631256103515625 421.32501220703125 431.92498779296875 436.03125 444.11248779296875 452.76251220703125 454.96875 461.63751220703125 467.9375
