data/historical-monthly-weather-data/wc2.1_cruts4.09_10m_prec_2022-09.asc
ncols        45
nrows        45
xllcorner    -63.500000000000
yllcorner    -7.500000000000
cellsize     0.166666666667
NODATA_value -9999
[rows 19 to 37 of 45, columns 0 to 42 of 45]
94.00624847412109375 92.2687530517578125 89.9250030517578125 88.40625 87.00624847412109375 85.27500152587890625 82.46875 78.41249847412109375 71.7375030517578125 63.44374847412109375 55.15000152587890625 47.625 40.362499237060546875 33.81874847412109375 28.706249237060546875 24.512500762939453125 20.424999237060546875 18.049999237060546875 15.524999618530273438 13.84375 12.399999618530273438 11.237500190734863281 10.78125 11.649999618530273438 12.581250190734863281 13.268750190734863281 14.662500381469726562 16.068750381469726562 16.762500762939453125 17.975000381469726562 19.649999618530273438 24.006250381469726562 28.049999237060546875 33.02500152587890625 36.643749237060546875 33.59999847412109375 29.806249618530273438 26.71875 24.587499618530273438 21.987499237060546875 18.912500381469726562 16.350000381469726562 15.481249809265136719
90.9875030517578125 90.71875 89.7312469482421875 88.8249969482421875 87.55625152587890625 84.19374847412109375 80.6374969482421875 76.09375 69.72499847412109375 62.00624847412109375 53.649997711181640625 46.5 39.16249847412109375 32.143749237060546875 27.268749237060546875 22.643749237060546875 18.712499618530273438 16.09375 14.324999809265136719 12.431249618530273438 11.737500190734863281 11.231249809265136719 10.868749618530273438 11.90625 13.193750381469726562 14.193750381469726562 15.612500190734863281 16.799999237060546875 17.962499618530273438 20.512500762939453125 23.375 27.649999618530273438 31.556249618530273438 36.512500762939453125 41.49375152587890625 36.77500152587890625 30.34375 25.912500381469726562 23.231250762939453125 20.881250381469726562 18.731250762939453125 17.068750381469726562 16.193750381469726562
89.0625 88.3937530517578125 87.9250030517578125 87.68125152587890625 87.5124969482421875 83.9499969482421875 79.00624847412109375 74.0812530517578125 67.80625152587890625 60.43125152587890625 52.4375 45.53125 38.71875 31.856250762939453125 26.700000762939453125 21.756250381469726562 17.8125 15.256250381469726562 13.518750190734863281 11.824999809265136719 11.056249618530273438 10.806249618530273438 10.800000190734863281 11.949999809265136719 13.21875 14.518750190734863281 16.606250762939453125 18.149999618530273438 20.125 23.268749237060546875 26.631250381469726562 30.512500762939453125 33.46250152587890625 36.893749237060546875 38.34375 34.52500152587890625 28.887500762939453125 24.825000762939453125 22.3125 20.46875 19 18.049999237060546875 17.662500381469726562
87.55625152587890625 88.4250030517578125 87.53125 87.66249847412109375 87.4499969482421875 83.05625152587890625 77.7687530517578125 72.125 66.50624847412109375 59.03125 51.950000762939453125 45.325000762939453125 39.106250762939453125 32.25 26.274999618530273438 21.149999618530273438 16.931249618530273438 14.649999618530273438 12.774999618530273438 11.25 10.793749809265136719 10.787500381469726562 10.918749809265136719 12.03125 13.518750190734863281 14.975000381469726562 17.1875 19.568750381469726562 21.831249237060546875 25.131250381469726562 29.037500381469726562 33.13124847412109375 34.637500762939453125 35.59999847412109375 35.00624847412109375 30.799999237060546875 26.6875 23.268749237060546875 21.4375 20.462499618530273438 19.8125 19.212499618530273438 18.96875
87.58750152587890625 87.7375030517578125 86.90000152587890625 85.80625152587890625 84.30625152587890625 80.7624969482421875 75.8249969482421875 70.09375 64.5 57.55625152587890625 50.47499847412109375 44.96250152587890625 39.637500762939453125 32.58750152587890625 26.368749618530273438 21.1875 17.075000762939453125 14.96875 13.293749809265136719 11.856249809265136719 11.524999618530273438 11.456250190734863281 11.762499809265136719 13.024999618530273438 14.512499809265136719 15.949999809265136719 18.262500762939453125 20.818750381469726562 23.799999237060546875 27.524999618530273438 31.600000381469726562 35.737499237060546875 35.91249847412109375 35.3125 33.8125 29.543750762939453125 26.143749237060546875 23.581249237060546875 22.181249618530273438 21.71875 21.21875 20.837499618530273438 20.868749618530273438
88.71250152587890625 88.52500152587890625 86.30625152587890625 83.9250030517578125 83.8249969482421875 79.6062469482421875 74.21250152587890625 68.5625 62.643749237060546875 56.168750762939453125 49.46250152587890625 43.487499237060546875 37.700000762939453125 31.34375 25.924999237060546875 21.087499618530273438 17.225000381469726562 15.274999618530273438 13.824999809265136719 12.668749809265136719 12.462499618530273438 12.387499809265136719 12.84375 14.25 15.600000381469726562 17.368749618530273438 19.84375 22.662500381469726562 25.856250762939453125 30 34.1875 38.075000762939453125 37.737499237060546875 36.049999237060546875 33.5625 29.856250762939453125 27.162500381469726562 24.912500381469726562 23.668750762939453125 23.149999618530273438 22.725000381469726562 22.731250762939453125 22.9375
91.59999847412109375 92.6750030517578125 88.30625152587890625 85.65625 83.0749969482421875 78.31874847412109375 73.13124847412109375 67.28125 61.22499847412109375 55.00624847412109375 47.90625 42.05625152587890625 36.21250152587890625 30.112499237060546875 25.431249618530273438 21.125 17.481250762939453125 15.881250381469726562 14.631250381469726562 13.618749618530273438 13.5 13.475000381469726562 14.018750190734863281 15.606249809265136719 17.137500762939453125 18.831251144409179688 21.799999237060546875 25.112501144409179688 28.399999618530273438 32.77500152587890625 37.137500762939453125 41.1875 39.424999237060546875 36.8125 34.18125152587890625 31.549999237060546875 28.799999237060546875 26.643749237060546875 25.856250762939453125 25.1875 24.962499618530273438 24.899999618530273438 25.168748855590820312
95.46875 95.24375152587890625 90.94374847412109375 87.6062469482421875 83.74375152587890625 78.96875 73.40000152587890625 67.25624847412109375 60.84375 54.918750762939453125 48.737499237060546875 43.28749847412109375 37.5625 31.975000381469726562 27.637500762939453125 23.581249237060546875 20.206249237060546875 18.393749237060546875 17.068750381469726562 15.981249809265136719 15.899999618530273438 15.868749618530273438 16.356250762939453125 18.356250762939453125 19.9375 21.84375 25.112499237060546875 28.462499618530273438 32.018749237060546875 36.25 40.50624847412109375 43.893749237060546875 42.33750152587890625 39.30625152587890625 36.03125 33.674999237060546875 31.387500762939453125 29.174999237060546875 28.387500762939453125 27.837499618530273438 27.331249237060546875 27.337499618530273438 27.706249237060546875
99.2312469482421875 98.78125 94.4250030517578125 89.28125 85.08750152587890625 79.625 74.0437469482421875 67.9812469482421875 61.5 55.91249847412109375 49.90000152587890625 44.68125152587890625 39.393749237060546875 34.46875 30.25 26.412500381469726562 23.068750381469726562 21.206249237060546875 19.731250762939453125 18.674999237060546875 18.537500381469726562 18.568750381469726562 19.09375 21.118749618530273438 23.15625 25.131250381469726562 28.59375 32.24375152587890625 36.018749237060546875 40.34999847412109375 44.106250762939453125 47.31874847412109375 45.512500762939453125 41.924999237060546875 38.50624847412109375 36.112499237060546875 34.34999847412109375 32.456249237060546875 31.618749618530273438 30.949998855590820312 30.412500381469726562 30.418750762939453125 29.975000381469726562
103.3625030517578125 102.24375152587890625 96.5437469482421875 90.7062530517578125 85.6750030517578125 79.8312530517578125 74.09999847412109375 68.52500152587890625 62.63124847412109375 56.981250762939453125 51.21250152587890625 46.1875 41.74375152587890625 36.924999237060546875 32.924999237060546875 29.700000762939453125 26.799999237060546875 24.274999618530273438 22.625 21.524999618530273438 21.506250381469726562 21.6875 22.3125 24.53125 26.475000381469726562 28.818750381469726562 32.487499237060546875 36.625 41.018749237060546875 44.637500762939453125 47.86875152587890625 50.65000152587890625 48.13124847412109375 44.52500152587890625 41.46875 39.02500152587890625 37.65000152587890625 36.1875 35.487499237060546875 34.65000152587890625 33.143749237060546875 32.38124847412109375 32.31874847412109375
106.90625 104.8249969482421875 98.1999969482421875 92.40000152587890625 87.43125152587890625 82.15625 76.88124847412109375 71.59999847412109375 66.0437469482421875 60.53749847412109375 55.06874847412109375 50.74375152587890625 46.393749237060546875 41.88124847412109375 38.34999847412109375 34.80625152587890625 31.549999237060546875 29.28125 27.262500762939453125 26.006250381469726562 26.174999237060546875 26.612499237060546875 27.125 29.28125 31.725000381469726562 34.52500152587890625 38.18125152587890625 42.168750762939453125 46.03125 49.299999237060546875 52.40000152587890625 54.737499237060546875 51.78125 48.18125152587890625 45.231250762939453125 43.16249847412109375 41.96250152587890625 41.125 39.581249237060546875 39.24375152587890625 38.09375 36.69374847412109375 35.72499847412109375
108.30625152587890625 105.5625 100.4499969482421875 94.38124847412109375 90.13124847412109375 85.50624847412109375 79.8312530517578125 74.7312469482421875 69.8249969482421875 64.9250030517578125 59.762500762939453125 55.518749237060546875 52.237499237060546875 47.668750762939453125 43.887500762939453125 40.21250152587890625 37.243747711181640625 34.90625 32.674999237060546875 31.512500762939453125 31.65625 32.31874847412109375 33.03125 35.15625 37.55625152587890625 40.55625152587890625 44.231250762939453125 48.081249237060546875 51.86875152587890625 53.74375152587890625 56.53125 58.450000762939453125 55.362499237060546875 52.59375 49.731250762939453125 47.24375152587890625 46.22499847412109375 45.8125 44.981250762939453125 44.38124847412109375 42.893749237060546875 40.893749237060546875 39.28125
109.6999969482421875 105.00624847412109375 100.18125152587890625 95.75624847412109375 93.08750152587890625 88.1437530517578125 83.1875 78.59999847412109375 74.28125 69.4812469482421875 64.93125152587890625 60.78125 56.768749237060546875 53.174999237060546875 49.987499237060546875 47.08750152587890625 43.74375152587890625 41.36875152587890625 39.4375 38.456249237060546875 38.737499237060546875 38.731250762939453125 39.518749237060546875 41.47499847412109375 44.5625 46.86875152587890625 50.22499847412109375 54.575000762939453125 58.16249847412109375 59.450000762939453125 61.33750152587890625 61.956249237060546875 59.21250152587890625 56.43125152587890625 53.53749847412109375 51.18125152587890625 50.137500762939453125 49.25 48.549999237060546875 48.012500762939453125 46.918750762939453125 44.65000152587890625 42.887500762939453125
104.0812530517578125 100.84999847412109375 96.81874847412109375 93.9375 92.1374969482421875 89.21875 86.5124969482421875 83.0187530517578125 79.0625 74.33124542236328125 71.90000152587890625 67.34999847412109375 63.8125 61.49375152587890625 58.52500152587890625 56.125 53.19374847412109375 51.487499237060546875 49.55625152587890625 48.487499237060546875 48.28749847412109375 48.06874847412109375 48.012500762939453125 49.83750152587890625 52.5625 54.418750762939453125 57.65625 61.731250762939453125 65.1687469482421875 66.625 67.16249847412109375 67.25624847412109375 63.987499237060546875 61.168750762939453125 58.65000152587890625 56.16249847412109375 54.487499237060546875 52.637500762939453125 51.825000762939453125 51.65625 50.58750152587890625 48.52500152587890625 46.9375
96.72499847412109375 95.16249847412109375 93.46250152587890625 91.8874969482421875 90.75 89.84999847412109375 89.50624847412109375 88.02500152587890625 84.00624847412109375 80.36875152587890625 77.21875 74.9375 71.7687530517578125 68.63124847412109375 67.0187530517578125 65.1750030517578125 63.74375152587890625 62.49375152587890625 61.143749237060546875 60.0625 59.475002288818359375 58.46875 57.75 58.706249237060546875 60.40000152587890625 61.875 64.96250152587890625 68.86875152587890625 71.88124847412109375 72.5625 72.81874847412109375 72.41249847412109375 69.2312469482421875 66.0500030517578125 63.512500762939453125 61.8125 59.08750152587890625 56.68125152587890625 55.81874847412109375 54.80625152587890625 53.49375152587890625 52.387500762939453125 51.356250762939453125
90.0187530517578125 89.40000152587890625 89.21250152587890625 89.51250457763671875 89.8000030517578125 90.18125152587890625 91.93125152587890625 92.22499847412109375 88.1999969482421875 85.27500152587890625 83.59999847412109375 82.63124847412109375 80.15000152587890625 77.7312469482421875 76.69374847412109375 75.90000152587890625 74.8874969482421875 73.71875 73.77500152587890625 72.58750152587890625 71.8874969482421875 70.13124847412109375 67.93125152587890625 67.8249969482421875 68.03125 69.61875152587890625 72.83750152587890625 76.0625 78.78125 78.52500152587890625 78.0187530517578125 76.65000152587890625 73.66249847412109375 70.71250152587890625 67.7687530517578125 65.15625 62.83750152587890625 61.21875 59.612499237060546875 58.53125 56.231250762939453125 54.78749847412109375 54.450000762939453125
81.77500152587890625 81.31874847412109375 82.2375030517578125 83.2687530517578125 84.24375152587890625 85.8874969482421875 87.36875152587890625 89.375 87.86875152587890625 86.6374969482421875 87.40625 87.83750152587890625 88.11875152587890625 87.8312530517578125 87.3249969482421875 87.15000152587890625 86.40000152587890625 86.3562469482421875 86.81874847412109375 86.9375 84.75 82.0500030517578125 78.28125 76.7937469482421875 76.59999847412109375 77.25 79.5437469482421875 82.59375 85.0500030517578125 84.00624847412109375 83.0437469482421875 81.55625152587890625 78.0124969482421875 75.1437530517578125 72.15625 68.9875030517578125 67.5500030517578125 65.3249969482421875 63.512500762939453125 61.96250152587890625 60.331249237060546875 58.668750762939453125 57.53749847412109375
73.46250152587890625 73.6374969482421875 74.83750152587890625 76.03749847412109375 78.22499847412109375 80.50624847412109375 83.0437469482421875 85.5124969482421875 86.76250457763671875 87.2375030517578125 91.3312530517578125 96.5437469482421875 98.6437530517578125 99.5625 99.75 99.08750152587890625 98.88124847412109375 98.28749847412109375 98.3562469482421875 98.15000152587890625 96.5187530517578125 91.8874969482421875 87.56874847412109375 84.96875 84.03749847412109375 84.3249969482421875 85.78125 88.03749847412109375 90.1875 89.0437469482421875 87.3937530517578125 85.6999969482421875 82.71875 79.94374847412109375 76.97499847412109375 74.18125152587890625 72.0749969482421875 70.0749969482421875 67.61875152587890625 65.41249847412109375 63.46250152587890625 61.575000762939453125 60.78125
65.2687530517578125 66.1687469482421875 67.90625 69.3625030517578125 72.08750152587890625 75.46250152587890625 78.9375 82.72499847412109375 86.77500152587890625 89.77500152587890625 101.6125030517578125 108 110.13124847412109375 111.5500030517578125 111.6750030517578125 111.49375152587890625 109.6875 109.13124847412109375 107.7375030517578125 106.03125 104.5 99.78125 95.38124847412109375 92.1062469482421875 90.2624969482421875 89.66249847412109375 91.3562469482421875 93.5187530517578125 95.28125 93.91249847412109375 90.53125 88.36875152587890625 85.80625152587890625 84.2687530517578125 81.83750152587890625 77.74375152587890625 75.4812469482421875 73.21875 71.77500152587890625 69.78125 66.68125152587890625 65.8625030517578125 63.8125
