data/historical-monthly-weather-data/wc2.1_cruts4.09_10m_prec_1985-05.asc
ncols        45
nrows        45
xllcorner    -63.500000000000
yllcorner    -7.500000000000
cellsize     0.166666666667
NODATA_value -9999
[rows 20 to 39 of 45, columns 0 to 43 of 45]
292.38751220703125 307.618743896484375 319.568756103515625 326.443756103515625 333.100006103515625 349.26873779296875 361.01873779296875 367.443756103515625 368.07501220703125 363.20623779296875 360.149993896484375 359.381256103515625 352.45001220703125 344.48748779296875 331.48126220703125 321.79998779296875 306.71875 301.768768310546875 305.79998779296875 303.86248779296875 308.92498779296875 310.193756103515625 309.60626220703125 307.618743896484375 303.125 291.743743896484375 276.54376220703125 268.86248779296875 262.306243896484375 256.975006103515625 255.212493896484375 257.54998779296875 255.225006103515625 256.337493896484375 263.03125 273.693756103515625 282.33123779296875 286.975006103515625 284.95001220703125 278.83123779296875 273.04376220703125 266.20001220703125 264.15625 268.86248779296875
289.381256103515625 295.131256103515625 312.475006103515625 328.71875 337.1875 349.45001220703125 364.774993896484375 376.337493896484375 378.287506103515625 374.51873779296875 369.46875 363.90625 355.26873779296875 345.38751220703125 338.975006103515625 326.193756103515625 327.57501220703125 319.131256103515625 320.475006103515625 315.462493896484375 307.556243896484375 306.90625 306.26251220703125 299 288.29376220703125 282.100006103515625 278.75 270.725006103515625 270.5625 267.04998779296875 260.274993896484375 254.6999969482421875 256.5625 260.5625 261.64373779296875 266.76251220703125 274.912506103515625 279.03125 276.818756103515625 271.85626220703125 268.21875 263.118743896484375 261.04376220703125 263.54376220703125
286.712493896484375 302.024993896484375 318.03125 334.600006103515625 343.71875 354.631256103515625 358.756256103515625 372.5625 384.04376220703125 382.068756103515625 373.95623779296875 366.412506103515625 362.95001220703125 353.537506103515625 347.03125 338.20623779296875 333.318756103515625 327.71875 324.256256103515625 319.8125 314.71875 305.024993896484375 300.89373779296875 292.100006103515625 286.89373779296875 278.82501220703125 271.54998779296875 270.774993896484375 271.26251220703125 266.287506103515625 257.78125 255.6875 260.33123779296875 262.337493896484375 264.66876220703125 261.1875 263.76873779296875 269.88751220703125 272.98126220703125 268.306243896484375 262.89373779296875 259.40625 257.100006103515625 258.76251220703125
280.82501220703125 299.618743896484375 320.26873779296875 334.318756103515625 342.975006103515625 350.024993896484375 366.306243896484375 376.33123779296875 378.79376220703125 375.39373779296875 371.443756103515625 371.6875 365.6875 359.75 350.287506103515625 341.693756103515625 336.25 333.306243896484375 331.08123779296875 328.09375 316.84375 308.16876220703125 299.70001220703125 295.462493896484375 286.09375 273.23748779296875 269.26251220703125 269.04998779296875 271.375 271.95623779296875 270.23126220703125 269.17498779296875 273.45623779296875 273.162506103515625 272.399993896484375 263.899993896484375 268.48126220703125 270.256256103515625 269.524993896484375 265.70001220703125 259.143768310546875 257.443756103515625 256.068756103515625 254.6999969482421875
281.287506103515625 301.556243896484375 319.899993896484375 339.193756103515625 351.20001220703125 359.681243896484375 364.96875 374.70623779296875 375.162506103515625 374.71875 369.993743896484375 366.25 365.149993896484375 358.26873779296875 348.45001220703125 343.225006103515625 342.225006103515625 338.037506103515625 333.20623779296875 330.10626220703125 323.037506103515625 311.29376220703125 304.868743896484375 297.57501220703125 287.16876220703125 282.087493896484375 277.581268310546875 277.89373779296875 278.8125 283.774993896484375 283.16876220703125 288.306243896484375 290.475006103515625 288.193756103515625 279.9375 272.9375 273.11248779296875 267.993743896484375 265.48748779296875 261.71875 256.743743896484375 252.9812469482421875 251.337493896484375 247.28125
289.20001220703125 311.59375 321.912506103515625 339.33123779296875 346.756256103515625 353.162506103515625 357.08123779296875 364.774993896484375 361.131256103515625 356.631256103515625 362.04376220703125 362.20001220703125 356.212493896484375 350.931243896484375 349.725006103515625 345.04998779296875 344.42498779296875 340.48748779296875 335.462493896484375 330.5625 324.14373779296875 313.26873779296875 307.118743896484375 296.23748779296875 290.087493896484375 284.212493896484375 286.662506103515625 286.76251220703125 286.681243896484375 292.25 297.96875 310.79998779296875 313.32501220703125 301.756256103515625 289.35626220703125 282.212493896484375 275.15625 269.58123779296875 260.462493896484375 255.4749908447265625 251.6125030517578125 245.7375030517578125 241.03125 240.037506103515625
294.70623779296875 306.381256103515625 320.024993896484375 332.274993896484375 338.256256103515625 343.95623779296875 346.431243896484375 347.306243896484375 346.35626220703125 352.58123779296875 354.868743896484375 350.350006103515625 347.837493896484375 344.649993896484375 343.5625 342.89373779296875 339.631256103515625 333.743743896484375 335.787506103515625 330.1875 320.962493896484375 312.868743896484375 307.125 301.681243896484375 295.33123779296875 290.23126220703125 291.774993896484375 291.618743896484375 292.70001220703125 295.42498779296875 305.625 318.412506103515625 326.462493896484375 309.46875 292.79376220703125 282.63751220703125 278.08123779296875 268.51873779296875 259.149993896484375 253.6875 248.2312469482421875 242.743743896484375 238.475006103515625 234.7312469482421875
302.1875 307.90625 316.875 322.01873779296875 327.91876220703125 334.29376220703125 337.48748779296875 335.212493896484375 337.09375 342.368743896484375 342.76873779296875 338.131256103515625 335.962493896484375 332.4375 334.5 331.193756103515625 332.725006103515625 334.149993896484375 336.274993896484375 332.83123779296875 324.17498779296875 314.23126220703125 312.26873779296875 305.1875 299.774993896484375 292.818756103515625 294.493743896484375 293.899993896484375 295.51873779296875 298.90625 306.15625 314.743743896484375 317.51251220703125 305.1875 294.399993896484375 283.98126220703125 275.225006103515625 268.84375 261.556243896484375 252.46875 244.78125 241.899993896484375 238.21875 236
303.67498779296875 307.63751220703125 310.350006103515625 313.381256103515625 316.59375 315.79998779296875 316.149993896484375 320.868743896484375 328.25 328.9375 330.056243896484375 328.10626220703125 324.743743896484375 324.962493896484375 329.88751220703125 332.86248779296875 334.256256103515625 333.42498779296875 333.63751220703125 331.787506103515625 324.70623779296875 315.3125 311.40625 304.36248779296875 298.587493896484375 289.381256103515625 291.193756103515625 293.162506103515625 294.162506103515625 295.293731689453125 300.318756103515625 302.70001220703125 302.068756103515625 294.90625 290.431243896484375 281.38751220703125 274.04376220703125 265.32501220703125 258.11248779296875 249.0187530517578125 237.6999969482421875 232.7687530517578125 234.3874969482421875 238.0187530517578125
301.074981689453125 301.3125 298.706268310546875 295.006256103515625 294.82501220703125 298.54998779296875 300.11248779296875 307.95001220703125 312.375 311.381256103515625 314.45001220703125 314.506256103515625 313.67498779296875 315.912506103515625 320.881256103515625 324.600006103515625 326.13751220703125 330.90625 329.537506103515625 324.506256103515625 318.64373779296875 313.04376220703125 308.51251220703125 300.03125 290.73126220703125 287.95001220703125 285.137481689453125 281.98126220703125 282.306243896484375 284.056243896484375 288.225006103515625 288.01873779296875 287.681243896484375 285.5625 283.36248779296875 274.024993896484375 272.612518310546875 265.6875 257.193756103515625 253.712493896484375 246.7937469482421875 240.7062530517578125 237.162506103515625 236.0500030517578125
297.09375 293.20001220703125 286.16876220703125 283.193756103515625 282.75 285.024993896484375 289.98748779296875 293.412506103515625 297.41876220703125 299.431243896484375 302.17498779296875 301.15625 305.3125 303.975006103515625 309.100006103515625 315.568756103515625 319.66876220703125 321.4375 322.618743896484375 321.537506103515625 312.293731689453125 305.21875 301.306243896484375 290.443756103515625 281.837493896484375 281.631256103515625 276.868743896484375 271.45623779296875 271.125 271.35626220703125 275.806243896484375 273.45001220703125 273.493743896484375 273.837493896484375 272.443756103515625 264.125 263.26251220703125 261.743743896484375 258.51251220703125 253.6750030517578125 251.899993896484375 245.350006103515625 240.837493896484375 235.7937469482421875
285.9375 279.537506103515625 273.118743896484375 270.73126220703125 271.506256103515625 271.38751220703125 279.14373779296875 278.51251220703125 281.524993896484375 282.850006103515625 285.443756103515625 284.20001220703125 288.037506103515625 292.03125 296.443756103515625 304.04376220703125 304.0625 305.34375 307.131256103515625 307.65625 298.51251220703125 293.08123779296875 288.67498779296875 280.681243896484375 277.350006103515625 272.84375 267.96875 260.6875 256.08123779296875 257.756256103515625 257.162506103515625 257.162506103515625 256.96875 258.350006103515625 259.931243896484375 254.662506103515625 253.350006103515625 254.0625 251.28125 253.1812591552734375 251.9812469482421875 247.8625030517578125 244.6875 244.0437469482421875
269.600006103515625 265.17498779296875 259.15625 258.51873779296875 256.16876220703125 255.53125 259.96875 260.71875 263.45623779296875 267.287506103515625 274.818756103515625 274.61248779296875 277.693756103515625 283.212493896484375 285.368743896484375 287.131256103515625 286.92498779296875 291.54376220703125 289.79376220703125 289.743743896484375 280.83123779296875 277.443756103515625 271.73126220703125 267.412506103515625 263.79998779296875 260.681243896484375 253.8125 247.5749969482421875 240.75 240.712493896484375 241.53125 240.743743896484375 239.537506103515625 245.0812530517578125 246.4250030517578125 246.7687530517578125 243.46875 245.131256103515625 243.7624969482421875 249.2687530517578125 248.6999969482421875 248.631256103515625 247.475006103515625 249.65625
253.9375 248.9499969482421875 247.131256103515625 245.875 245.6062469482421875 242.8874969482421875 243.475006103515625 242.506256103515625 244.212493896484375 248.118743896484375 254.662506103515625 260.58123779296875 262.92498779296875 265.712493896484375 269.412506103515625 272.95623779296875 273.443756103515625 275.662506103515625 271.57501220703125 268.76873779296875 264.59375 261.91876220703125 256.89373779296875 250.9250030517578125 248.4187469482421875 244.21875 236.9375 230.118743896484375 225.9562530517578125 225.568756103515625 226.1750030517578125 225.4875030517578125 226.212493896484375 228.6687469482421875 232.3312530517578125 232.6875 233.3562469482421875 232.006256103515625 235.46875 239.537506103515625 240.100006103515625 244.287506103515625 248.5187530517578125 252.181243896484375
236.993743896484375 233.1875 233.0749969482421875 234.0124969482421875 234.212493896484375 230.9375 226.4250030517578125 225.375 223.225006103515625 227.8000030517578125 236.368743896484375 243.53125 251.3625030517578125 257.58123779296875 259.21875 259.90625 258.29376220703125 259.568756103515625 255.6687469482421875 249.71875 246.125 241.693756103515625 239.212493896484375 233.818756103515625 230.7937469482421875 227.2687530517578125 223.306243896484375 217.9562530517578125 213.3625030517578125 213.7624969482421875 212.756256103515625 211.943756103515625 210.787506103515625 214.2375030517578125 212.274993896484375 215.006256103515625 214.4875030517578125 221.0437469482421875 224.8874969482421875 227.84375 229.975006103515625 232.2125091552734375 237.25 244.1374969482421875
223.368743896484375 221.9875030517578125 220.0187530517578125 219.6999969482421875 218.5625 215.0687408447265625 209.587493896484375 208.4875030517578125 206.556243896484375 206.9375 213.256256103515625 226.068756103515625 238.25 243.662506103515625 246.462493896484375 245.375 242.837493896484375 240.1750030517578125 238.631256103515625 232.506256103515625 229.3125 225.3937530517578125 222.21875 218.2687530517578125 214.381256103515625 210.318756103515625 209.412506103515625 205.4812469482421875 199.2062530517578125 199.1437530517578125 199.2937469482421875 198.5625 197.243743896484375 196.212493896484375 196.0812530517578125 197.75 204.818756103515625 206.493743896484375 210.818756103515625 217.8312530517578125 219.5812530517578125 225.1437530517578125 228.225006103515625 234.5
211.524993896484375 211.8625030517578125 209.600006103515625 208.75 208.3562469482421875 203.068756103515625 198.3312530517578125 193.7624969482421875 190.225006103515625 184.881256103515625 197.9187469482421875 220.125 230.412506103515625 233.7937469482421875 234.125 231.8062591552734375 226.649993896484375 222.8312530517578125 220.71875 213.537506103515625 211.5812530517578125 208.537506103515625 204.1062469482421875 200.5 197.475006103515625 196.0625 193.90625 190.149993896484375 185.212493896484375 186.1875 187.6374969482421875 188.28125 186.225006103515625 182.631256103515625 183.181243896484375 187.725006103515625 192.7687530517578125 197.2312469482421875 200.212493896484375 204.318756103515625 206.5187530517578125 209.3312530517578125 217.618743896484375 224.8000030517578125
201.5187530517578125 201.587493896484375 201.5187530517578125 199.806243896484375 200.381256103515625 196.243743896484375 191.65625 185.8625030517578125 182.131256103515625 176.5187530517578125 200.5 222.3937530517578125 226.943756103515625 228.287506103515625 225.3000030517578125 220.7375030517578125 213.96875 210.46875 205.3812408447265625 200.181243896484375 195.1374969482421875 192.2125091552734375 188.4375 185.0500030517578125 182.1687469482421875 180.3874969482421875 176.912506103515625 177.774993896484375 175.2062530517578125 174.818756103515625 175.0124969482421875 176.037506103515625 175.537506103515625 171.068756103515625 168.681243896484375 173.725006103515625 180.96875 185.100006103515625 191.4499969482421875 193.3625030517578125 196.2937469482421875 199.8625030517578125 201.5749969482421875 204.8000030517578125
193.006256103515625 192.8562469482421875 192.4375 192.1125030517578125 189.75 187.162506103515625 185.881256103515625 185.6125030517578125 188.875 200.8874969482421875 228.0187530517578125 230.7624969482421875 224.787506103515625 222.7312469482421875 218.306243896484375 212.806243896484375 206.662506103515625 201.7375030517578125 196.5437469482421875 189.537506103515625 182.3312530517578125 176.78125 174.28125 172.837493896484375 169.03125 167.0812530517578125 166.943756103515625 168.056243896484375 164.8562469482421875 166.287506103515625 164.568756103515625 161.5187530517578125 162.412506103515625 162.2624969482421875 164.318756103515625 167.693756103515625 171.59375 178.0187530517578125 179.40625 178.962493896484375 184.0124969482421875 186.412506103515625 186.100006103515625 190.5500030517578125
188.1062469482421875 186.850006103515625 187.375 186.6437530517578125 185.693756103515625 183.7312469482421875 181.9250030517578125 187.3937530517578125 194.3625030517578125 205.65625 217.024993896484375 222.03125 217.306243896484375 213.306243896484375 211.125 204 196.8000030517578125 190.8874969482421875 184.1750030517578125 178.28125 169.662506103515625 164.40625 159.15625 157.7312469482421875 156.3000030517578125 155.850006103515625 155.524993896484375 156.3125 154.631256103515625 155.6125030517578125 155.9499969482421875 156.693756103515625 157.087493896484375 158.5 160.59375 162.5187530517578125 164.9812469482421875 170.243743896484375 170.90625 167.350006103515625 169.8249969482421875 171.712493896484375 169.743743896484375 170.2937469482421875
