data/historical-monthly-weather-data/wc2.1_cruts4.09_10m_prec_2023-10.asc
ncols        45
nrows        45
xllcorner    -63.500000000000
yllcorner    -7.500000000000
cellsize     0.166666666667
NODATA_value -9999
[rows 20 to 39 of 45, columns 0 to 43 of 45]
153.7375030517578125 158.256256103515625 161.681243896484375 164.25 166.006256103515625 166.118743896484375 165.6437530517578125 163.4375 159.649993896484375 153.399993896484375 145.7062530517578125 136.8625030517578125 128.4187469482421875 119.9499969482421875 114.96250152587890625 110.6437530517578125 106.1750030517578125 103.55625152587890625 103.6125030517578125 103.24375152587890625 104.05625152587890625 106.02500152587890625 108.09375 109.5187530517578125 109.8937530517578125 107.8000030517578125 102.52500152587890625 94.3312530517578125 86.4250030517578125 80.6687469482421875 76.58750152587890625 75.44374847412109375 75.11875152587890625 75.7375030517578125 76.1875 69.6374969482421875 62.59375 57.518749237060546875 52.674999237060546875 47.862499237060546875 42.96875 38.59999847412109375 33.78125 29.5625
146.3874969482421875 153.256256103515625 158.28125 162.1999969482421875 165.4812469482421875 166.8874969482421875 167.09375 166.1062469482421875 163.4875030517578125 156.84375 148.0437469482421875 138.4875030517578125 129.625 122.02500152587890625 116.3874969482421875 112.0437469482421875 108.43125152587890625 106.0437469482421875 105.2312469482421875 104.9562530517578125 104.3625030517578125 105.4187469482421875 107.34999847412109375 107.61875152587890625 106.63124847412109375 104.49375152587890625 101.0437469482421875 95.41249847412109375 90.1999969482421875 86.4875030517578125 83.6125030517578125 82.25 81 80.63124847412109375 78.9562530517578125 73.0437469482421875 65.7624969482421875 59.362499237060546875 53.71250152587890625 48.63124847412109375 43.55625152587890625 39.15625 34.72499847412109375 30.556249618530273438
141.4875030517578125 150.75 157.068756103515625 161.875 165.0749969482421875 166.9875030517578125 168.1999969482421875 168.9187469482421875 168.4875030517578125 160.524993896484375 150.6750030517578125 140.087493896484375 131.71875 125.02500152587890625 119.1750030517578125 114.49375152587890625 110.8000030517578125 108.94374847412109375 107.71250152587890625 106.79999542236328125 106.4375 106.28125 106.76874542236328125 106.34375 104.6750030517578125 101.40625 99.20624542236328125 96.58750152587890625 92.78125 90.71875 89.61875152587890625 88.93125152587890625 86.46875 84.625 81.6125030517578125 75.30625152587890625 68.06874847412109375 60.875 54.88124847412109375 50.1875 45.21250152587890625 40.706249237060546875 36.18125152587890625 31.90625
139.28125 150 157.96875 161.96875 164.8562469482421875 166.8125 167.818756103515625 169.0812530517578125 168.318756103515625 161.100006103515625 151.068756103515625 141.743743896484375 134.056243896484375 127.7375030517578125 122.53749847412109375 117.9562530517578125 114.53749847412109375 112.52500152587890625 110.93125152587890625 109.55625152587890625 109.0124969482421875 108.8937530517578125 108.0437469482421875 106.59375 103.96875 99.71250152587890625 96.77500152587890625 96.03749847412109375 95.1062469482421875 94.7624969482421875 94.68125152587890625 94.33750152587890625 91.34375 88.1687469482421875 84.4375 78.5187530517578125 71.4187469482421875 64.02500152587890625 58.143749237060546875 53.00624847412109375 47.90625 43.268749237060546875 38.52500152587890625 33.9375
141.712493896484375 151.75 159.96875 162.4562530517578125 164.600006103515625 165.9812469482421875 166.368743896484375 166.1999969482421875 164.412506103515625 159.243743896484375 151.8625030517578125 143.912506103515625 137.21875 131.4375 126.36875152587890625 122.3000030517578125 118.80625152587890625 116.71250152587890625 114.88124847412109375 113.38124847412109375 112.36875152587890625 110.99375152587890625 110.19374847412109375 107.9187469482421875 105.0812530517578125 102.125 99.53125 98.6125030517578125 98.0812530517578125 98.4250030517578125 98.7687530517578125 98.1875 95.2312469482421875 91.2062530517578125 87.0500030517578125 80.9187469482421875 74.6750030517578125 68.40625 62.27500152587890625 56.981250762939453125 51.63124847412109375 46.612499237060546875 41.481250762939453125 36.93125152587890625
145.9375 153.8625030517578125 158.5500030517578125 161.8000030517578125 163.350006103515625 164.037506103515625 163.9187469482421875 163.15625 161.6125030517578125 158.1437530517578125 151.4875030517578125 145.59375 139.787506103515625 134.681243896484375 130.524993896484375 126.6374969482421875 123.52500152587890625 121.0749969482421875 119.21875 117.4875030517578125 116.13124847412109375 114.31874847412109375 112.99375152587890625 110.58750152587890625 107.9499969482421875 105.46250152587890625 103.66249847412109375 102.2375030517578125 101.46875 102.125 101.9875030517578125 102.13124847412109375 98.9187469482421875 94.21250152587890625 89.88124847412109375 83.9499969482421875 78.0749969482421875 72.5187530517578125 66.7312469482421875 61.30625152587890625 55.856250762939453125 50.63124847412109375 45.15000152587890625 40.40625
151.712493896484375 155.3125 158.287506103515625 160.34375 161.28125 162.1999969482421875 161.875 161.0812530517578125 159.15625 155.6875 151.7937469482421875 147.4375 143 138.8874969482421875 134.818756103515625 131.5124969482421875 128 125.91249847412109375 123.78125 121.75 120.27500152587890625 118.18125152587890625 116.3874969482421875 114.8562469482421875 111.9562530517578125 109.59375 107.7375030517578125 106.2937469482421875 105.58750152587890625 105.8625030517578125 106.34375 105.6374969482421875 102.2062530517578125 97.4375 92.40000152587890625 86.9187469482421875 81.47499847412109375 76.2312469482421875 70.94374847412109375 66.0437469482421875 60.74375152587890625 55.8125 50.53749847412109375 45.6875
156.96875 157.7375030517578125 158.90625 159.818756103515625 159.8874969482421875 160.40625 160.5187530517578125 159.2937469482421875 157.3937530517578125 155.0124969482421875 151.712493896484375 148.693756103515625 146.03125 142.4875030517578125 139.131256103515625 136.0812530517578125 133.256256103515625 130.4875030517578125 128.506256103515625 126.84375 124.71250152587890625 122.36875152587890625 120.9250030517578125 118.7624969482421875 115.97499847412109375 113.8312530517578125 112.36875152587890625 111.1125030517578125 109.6687469482421875 109.65000152587890625 109.5187530517578125 108.99375152587890625 105.16249847412109375 100.0124969482421875 95.2624969482421875 89.7687530517578125 84.33750152587890625 79.84999847412109375 74.9250030517578125 70.6374969482421875 66.43125152587890625 61.575000762939453125 55.987499237060546875 51.61875152587890625
161.743743896484375 160.462493896484375 159.59375 159.600006103515625 158.9812469482421875 158.5749969482421875 158.0437469482421875 157.2624969482421875 155.9375 154.625 152.6999969482421875 150.787506103515625 148.868743896484375 146.1750030517578125 143.59375 140.8000030517578125 138.4562530517578125 135.712493896484375 133.4250030517578125 131.6374969482421875 129.09375 126.8125 125.06874847412109375 122.69374847412109375 119.91249847412109375 118.09375 116.70000457763671875 115.36875152587890625 114.59375 113.8874969482421875 112.9375 112.0500030517578125 107.81874847412109375 102.4499969482421875 97.5124969482421875 92.3874969482421875 87.21875 82.625 77.83750152587890625 73.90625 70.4812469482421875 66.0124969482421875 60.893749237060546875 57.63124847412109375
164.15625 161.6125030517578125 159.837493896484375 158.287506103515625 157.506256103515625 156.399993896484375 156.149993896484375 156.1374969482421875 155.9812469482421875 154.899993896484375 154.375 152.962493896484375 152.2624969482421875 150.5812530517578125 148.2312469482421875 146.225006103515625 143.4875030517578125 141.381256103515625 138.756256103515625 135.993743896484375 133.787506103515625 131.6125030517578125 129.462493896484375 126.66249847412109375 124.30625152587890625 123.06874847412109375 121.6125030517578125 120.09999847412109375 118.74375152587890625 117.53749847412109375 116.50624847412109375 115.03125 110.44374847412109375 105.3125 100.09999847412109375 94.90000152587890625 89.69374847412109375 85.3249969482421875 79.90000152587890625 75.50624847412109375 72.0749969482421875 69.65000152587890625 66.1374969482421875 64.3000030517578125
165.59375 161.6687469482421875 159.65625 156.8937530517578125 155.899993896484375 155.8249969482421875 155.587493896484375 155.806243896484375 155.8562469482421875 155.431243896484375 156.056243896484375 155.9812469482421875 156.556243896484375 155.7375030517578125 153.28125 151.568756103515625 149.662506103515625 146.90625 143.993743896484375 141.306243896484375 138.5749969482421875 136.3312530517578125 134.1875 131.3125 129.068756103515625 127.46875 126.09999847412109375 124.5812530517578125 122.97499847412109375 121.1687469482421875 119.8937530517578125 117.96875 113.16249847412109375 108.11875152587890625 102.90000152587890625 97.21250152587890625 92.15625 87.7624969482421875 81.93125152587890625 75.65000152587890625 72.6875 72.30625152587890625 71.21250152587890625 69.97499847412109375
164.631256103515625 160.006256103515625 157.100006103515625 155.337493896484375 155.3937530517578125 154.4187469482421875 154.3562469482421875 154.9875030517578125 155.556243896484375 156.0749969482421875 157.2062530517578125 158.556243896484375 159.556243896484375 160.0625 158.943756103515625 157.475006103515625 155.0749969482421875 151.5187530517578125 149.25 146.40625 143.443756103515625 140.9812469482421875 138.787506103515625 135.7312469482421875 133.625 131.8249969482421875 130.381256103515625 128.993743896484375 127.21250152587890625 125.2312469482421875 123.34375 120.625 115.8125 111.00624847412109375 105.3874969482421875 99.8562469482421875 94.8249969482421875 90.3249969482421875 84.03125 78.5187530517578125 76.1999969482421875 76.84999847412109375 76.6374969482421875 76.61875152587890625
157.625 153.40625 151.3625030517578125 150.787506103515625 150.693756103515625 150.712493896484375 151.3562469482421875 152.4812469482421875 153.399993896484375 154.8625030517578125 159.006256103515625 160.9250030517578125 163.84375 166.3687591552734375 165.3562469482421875 163.431243896484375 160.4250030517578125 157.0124969482421875 154.193756103515625 151.256256103515625 148.1062469482421875 145.4499969482421875 142.868743896484375 140.3125 138.125 136.28125 134.931243896484375 133.3249969482421875 131.65625 129.9375 127.6374969482421875 124.77500152587890625 118.99375152587890625 114.28749847412109375 109.59999847412109375 104.90625 99.6437530517578125 94.47499847412109375 89.3000030517578125 86.09375 84.36875152587890625 84.8562469482421875 85.2312469482421875 85.5437469482421875
148.375 145.5437469482421875 145.0500030517578125 145.399993896484375 145.1437530517578125 146.46875 148.09375 150.087493896484375 150.7062530517578125 153.006256103515625 157.100006103515625 162.6999969482421875 168.9375 171.5812530517578125 171.3625030517578125 169.15625 166.1374969482421875 162.806243896484375 158.9812469482421875 156.2937469482421875 152.899993896484375 149.8562469482421875 147.149993896484375 144.068756103515625 142.375 140.65625 138.9749908447265625 137.443756103515625 136.15625 134.149993896484375 132.03125 129.274993896484375 124.00624847412109375 118.50624847412109375 114.28125 109.625 104.2375030517578125 99.21875 95.7624969482421875 93.8874969482421875 92.25 92.9812469482421875 94.2937469482421875 95.24375152587890625
138.7062530517578125 137.462493896484375 137.431243896484375 138.6374969482421875 139.0999908447265625 141.34375 143.743743896484375 146.6999969482421875 146.837493896484375 149.556243896484375 155.350006103515625 163.5437469482421875 172.5812530517578125 178.3000030517578125 176.7937469482421875 174.5187530517578125 171.712493896484375 168.0625 164.2312469482421875 160.65625 157.381256103515625 153.8562469482421875 150.9499969482421875 147.6999969482421875 146.024993896484375 144.462493896484375 143.1875 142.243743896484375 141.03125 138.5812530517578125 136.03125 133.5500030517578125 128.3937530517578125 123.5437469482421875 118.81874847412109375 113.6999969482421875 108.46250152587890625 104.65625 102.31874847412109375 100.91249847412109375 99.96250152587890625 100.5500030517578125 102.24375152587890625 103.53125
127.08750152587890625 126.44374847412109375 127.49375152587890625 128.4562530517578125 129.462493896484375 132.306243896484375 134.631256103515625 137.2937469482421875 138.5 141.9250030517578125 150.3125 160.8249969482421875 172.53125 179.837493896484375 179.962493896484375 178.256256103515625 175.7062530517578125 172.462493896484375 168.743743896484375 164.8187408447265625 161.618743896484375 158.34375 154.381256103515625 151.4812469482421875 149.6750030517578125 147.881256103515625 146.65625 146.0187530517578125 145.0124969482421875 142.962493896484375 140.337493896484375 137.806243896484375 133.0562591552734375 129.0437469482421875 124.1374969482421875 118.99375152587890625 115.61875152587890625 111.84999847412109375 109.88124847412109375 108.55625152587890625 108.03125 108.88124847412109375 109.40000152587890625 111.00624847412109375
115.3874969482421875 115.36875152587890625 116.8000030517578125 118.2687530517578125 119.71875 122.5500030517578125 125.00624847412109375 127.55625152587890625 129.6125030517578125 132.6750030517578125 144.1062469482421875 159.75 171.40625 178.818756103515625 181.09375 181.087493896484375 179.162506103515625 176.2687530517578125 172.2062530517578125 168.0250091552734375 164.6687469482421875 161.0812530517578125 157.662506103515625 154.5625 152.524993896484375 151.024993896484375 149.8937530517578125 149.6062469482421875 149.337493896484375 147.25 144.962493896484375 141.90625 138.4875030517578125 134.931243896484375 129.756256103515625 126.125 122.94374847412109375 120.125 118.22499847412109375 116.625 115.8937530517578125 115.7624969482421875 116.65000152587890625 118.5124969482421875
103.90625 104.47499847412109375 106.2375030517578125 108.16249847412109375 110.2375030517578125 113.43125152587890625 117 120.16249847412109375 124.2062530517578125 127.61875152587890625 144.8874969482421875 161.556243896484375 171.681243896484375 179.4562530517578125 182.3562469482421875 183.3625030517578125 182.1687469482421875 179.2937469482421875 175.5749969482421875 171.0437469482421875 167.1875 162.8125 159.287506103515625 156.212493896484375 154.899993896484375 153.75 152.6687469482421875 152.774993896484375 152.806243896484375 151.1875 148.3874969482421875 146.087493896484375 143.399993896484375 139.96875 136.037506103515625 132.381256103515625 130.2687530517578125 127.53125 126.40625 125.1687469482421875 123.1687469482421875 123.34999847412109375 123.2312469482421875 124.1750030517578125
92.8937530517578125 93.65625 96.09375 98.52500152587890625 101.0437469482421875 104.90000152587890625 109.15625 114.49375152587890625 121.44374847412109375 132.912506103515625 151.4562530517578125 161.59375 169.212493896484375 176.875 181.462493896484375 184.181243896484375 184.537506103515625 181.7312469482421875 177.3562469482421875 173.337493896484375 168.25 163.4499969482421875 159.962493896484375 157.149993896484375 155.40625 154.9812469482421875 154.8125 155.5437469482421875 155.6999969482421875 154.306243896484375 152.912506103515625 150.9375 148.1750030517578125 145.09375 142.8312530517578125 140.431243896484375 137.493743896484375 135.149993896484375 133.90625 130.993743896484375 129.3312530517578125 129.149993896484375 128.3562469482421875 128.8625030517578125
82.21875 83.22499847412109375 86.18125152587890625 89.25 92.1437530517578125 97.08750152587890625 102.03749847412109375 108.8125 117.77500152587890625 130.0749969482421875 144.2375030517578125 156.068756103515625 166.037506103515625 174.6437530517578125 180.881256103515625 184.7624969482421875 186.9250030517578125 184.431243896484375 179.6062469482421875 174.600006103515625 169.006256103515625 163.600006103515625 159.443756103515625 156.912506103515625 156.3125 156 156.3187408447265625 157.78125 158.600006103515625 157.875 156.6062469482421875 155.962493896484375 155.100006103515625 152.6687469482421875 151.243743896484375 148.3249969482421875 144.9562530517578125 142.475006103515625 141.2062530517578125 137.181243896484375 134.625 134.34375 133.100006103515625 133.0124969482421875
