data/historical-monthly-weather-data/wc2.1_cruts4.09_10m_prec_2018-12.asc
ncols        45
nrows        45
xllcorner    -63.500000000000
yllcorner    -7.500000000000
cellsize     0.166666666667
NODATA_value -9999
[rows 20 to 39 of 45, columns 0 to 44 of 45]
291.71875 295.36248779296875 298.14373779296875 302.29376220703125 308.26251220703125 318.443756103515625 328.51873779296875 338.662506103515625 352.23748779296875 363.868743896484375 372.17498779296875 377.850006103515625 382.01251220703125 382.556243896484375 376.493743896484375 367.306243896484375 357.98748779296875 349.36248779296875 344.756256103515625 340.556243896484375 339.631256103515625 338.756256103515625 337.912506103515625 337.350006103515625 338.743743896484375 337.92498779296875 329.3125 312.51251220703125 291.375 270.618743896484375 254.431243896484375 247.2062530517578125 245.84375 247.40625 250.6374969482421875 259.83123779296875 273.412506103515625 287.681243896484375 296.381256103515625 297.962493896484375 292.98126220703125 283.91876220703125 277.899993896484375 273.04376220703125 269.07501220703125
279.76251220703125 281.41876220703125 285.88751220703125 292.993743896484375 301.01251220703125 314.29998779296875 328.993743896484375 343.51251220703125 357.64373779296875 369.29376220703125 376.54998779296875 380.73126220703125 383.51873779296875 382.73748779296875 377.681243896484375 370.03125 362.162506103515625 354.28125 348.08123779296875 342.712493896484375 338.29998779296875 337.162506103515625 338.225006103515625 337.6875 339.587493896484375 343.162506103515625 341.131256103515625 326.60626220703125 307.287506103515625 289.39373779296875 274.45623779296875 265.15625 261.631256103515625 262.38751220703125 263.98748779296875 271.92498779296875 285 299.54998779296875 306.087493896484375 304.35626220703125 299.21875 290.899993896484375 284.17498779296875 278.88751220703125 275.506256103515625
268.975006103515625 271.42498779296875 275.70623779296875 283.26251220703125 293.368743896484375 311.100006103515625 329.006256103515625 347.73126220703125 364.475006103515625 374.83123779296875 380.92498779296875 382.431243896484375 384.89373779296875 384.16876220703125 379.17498779296875 372.23748779296875 364.59375 356.10626220703125 349.350006103515625 342.01873779296875 336.63751220703125 333.91876220703125 333 332.83123779296875 336.431243896484375 343.95001220703125 347.681243896484375 336.337493896484375 319.037506103515625 304.21875 291.5625 282.181243896484375 278.59375 276.83123779296875 276.6875 280.806243896484375 294.024993896484375 313.337493896484375 318.774993896484375 313.868743896484375 306.79998779296875 297.82501220703125 290.78125 285.0625 281.1875
260.36248779296875 260.92498779296875 266.3125 276.350006103515625 289.64373779296875 308.98748779296875 329.39373779296875 348.693756103515625 364.85626220703125 374.20623779296875 380.118743896484375 382.61248779296875 384.899993896484375 385.07501220703125 379.962493896484375 373.16876220703125 366.181243896484375 357.91876220703125 350.04376220703125 341.70001220703125 333.45623779296875 328.46875 324.59375 324.649993896484375 327.774993896484375 334.39373779296875 338.375 333.96875 324.943756103515625 314.100006103515625 304.875 295.818756103515625 293.76873779296875 291.82501220703125 291.149993896484375 291.899993896484375 303.23748779296875 321.53125 326.524993896484375 321.181243896484375 312.90625 303.89373779296875 295.587493896484375 288.899993896484375 287.20623779296875
255.2624969482421875 253.118743896484375 259.131256103515625 273.9375 291.64373779296875 310.75 330.462493896484375 348.11248779296875 362.20001220703125 372.756256103515625 379.65625 381.91876220703125 383.962493896484375 384.243743896484375 380.125 374.21875 367.54998779296875 359.412506103515625 350.662506103515625 341.34375 330.73748779296875 321.86248779296875 315.675018310546875 313.85626220703125 317.287506103515625 324.881256103515625 329.83123779296875 330.149993896484375 326.73126220703125 321.149993896484375 315.38751220703125 308.48126220703125 308.29376220703125 307.45001220703125 305.993743896484375 308.20001220703125 317.65625 327.868743896484375 331.087493896484375 327.71875 319.600006103515625 310.225006103515625 300.475006103515625 294.806243896484375 291.01251220703125
255.912506103515625 255.1687469482421875 262.90625 278.725006103515625 295.20623779296875 313.306243896484375 330.806243896484375 346.837493896484375 359.787506103515625 369.45623779296875 376.199981689453125 379.79998779296875 381.756256103515625 382.350006103515625 379.6875 374.868743896484375 368.225006103515625 360.13751220703125 351.15625 340.962493896484375 330.15625 317.26873779296875 306.25 300.981231689453125 307.118743896484375 316.881256103515625 324.60626220703125 328.024993896484375 328.368743896484375 326.29998779296875 323.131256103515625 320.774993896484375 323.36248779296875 322.70623779296875 322.39373779296875 324.212493896484375 330.912506103515625 337.837493896484375 339.556243896484375 336.92498779296875 329.20623779296875 316.79376220703125 304.40625 296.38751220703125 294.743743896484375
259.78125 259.85626220703125 270.76873779296875 286.162506103515625 301.306243896484375 316.993743896484375 330.90625 343.88751220703125 354.0625 363.78125 372.17498779296875 375.899993896484375 377.506256103515625 378.90625 377.23748779296875 374.17498779296875 369.01873779296875 361.524993896484375 352.881256103515625 341.79998779296875 329.63751220703125 315.39373779296875 301.64373779296875 293.17498779296875 301.399993896484375 311.524993896484375 319.931243896484375 324.787506103515625 328.118743896484375 328.131256103515625 328.212493896484375 328.88751220703125 335.01251220703125 335.59375 336.01873779296875 338.5 342.70623779296875 347.61248779296875 348.90625 347.600006103515625 340.943756103515625 325.524993896484375 308.318756103515625 298.32501220703125 304.03125
265.056243896484375 266.356231689453125 279.20001220703125 294.48126220703125 308.20623779296875 321.368743896484375 332.493743896484375 341.59375 349.600006103515625 357.618743896484375 364.756256103515625 368.8125 372.51873779296875 375.037506103515625 374.60626220703125 372.17498779296875 369.149993896484375 362.03125 354.46875 344.212493896484375 332.45001220703125 319.350006103515625 308.943756103515625 302.587493896484375 305.6875 312.625 318.6875 322.73126220703125 326.07501220703125 327.53125 328.48748779296875 329.693756103515625 337.11248779296875 342.0625 345.48126220703125 348.649993896484375 353.037506103515625 357.91876220703125 360.60626220703125 361.70623779296875 357.5 340.59375 314.524993896484375 302.568756103515625 319.48126220703125
268.568756103515625 271.66876220703125 286.375 303.13751220703125 315.493743896484375 324.506256103515625 331.837493896484375 338.287506103515625 344.38751220703125 350.256256103515625 357.350006103515625 362.537506103515625 366.76251220703125 370.693756103515625 370.9375 371.29376220703125 369.818756103515625 364.13751220703125 357.318756103515625 348.287506103515625 337.381256103515625 326.20001220703125 318.3125 311.92498779296875 312.287506103515625 316.01873779296875 319.70623779296875 322.57501220703125 325.412506103515625 326.4375 327.212493896484375 328.29376220703125 337.037506103515625 344.506256103515625 351.33123779296875 356.34375 362.193756103515625 367.350006103515625 370.3125 373.899993896484375 374.66876220703125 355.556243896484375 329.54998779296875 322.868743896484375 340.48748779296875
271.29376220703125 275.76873779296875 291.48126220703125 309.16876220703125 321.73126220703125 324.993743896484375 327.73748779296875 331.76873779296875 335.693756103515625 339.881256103515625 346.212493896484375 351.1875 357.65625 363.66876220703125 365.693756103515625 366.537506103515625 366.975006103515625 364.92498779296875 359.625 351.20623779296875 340.631256103515625 330.875 322.85626220703125 317.13751220703125 316.10626220703125 317.875 318.100006103515625 320.212493896484375 321.67498779296875 323.412506103515625 325.024993896484375 326.89373779296875 337.25 346.35626220703125 355.07501220703125 360.64373779296875 367.26873779296875 372.850006103515625 376.60626220703125 379.79376220703125 379.0625 368.79998779296875 352.54998779296875 348.725006103515625 355.70623779296875
271.34375 276.975006103515625 290.90625 307.20623779296875 317.41876220703125 317.774993896484375 318.83123779296875 320.625 322.931243896484375 327.76873779296875 333.774993896484375 339.82501220703125 347.6875 354.58123779296875 357.67498779296875 360.67498779296875 364.100006103515625 362.568756103515625 360.3125 353.212493896484375 342.85626220703125 333.524993896484375 326.42498779296875 320.41876220703125 317.73126220703125 317.45001220703125 316.53125 317.04376220703125 317.51873779296875 320.59375 323.11248779296875 326.037506103515625 336.58123779296875 347.48748779296875 357.193756103515625 364.04376220703125 371.79376220703125 378.20001220703125 381.59375 382.86248779296875 384.181243896484375 380.875 374.100006103515625 368.693756103515625 371.631256103515625
269.46875 274.35626220703125 284.84375 294.431243896484375 299.756256103515625 302.556243896484375 304.34375 305.21875 308.037506103515625 312.26873779296875 318.84375 326.818756103515625 336.29998779296875 344.51873779296875 350.16876220703125 354.89373779296875 357.41876220703125 356.53125 354.912506103515625 349.837493896484375 341.59375 333.38751220703125 326.17498779296875 320.10626220703125 318.181243896484375 316.39373779296875 313.78125 313.25 313.274993896484375 317.46875 321.118743896484375 325.36248779296875 335.087493896484375 346.70623779296875 358.056243896484375 367.087493896484375 374.54376220703125 381.04376220703125 384.95623779296875 387.618743896484375 393.5 397.337493896484375 399.38751220703125 401.368743896484375 409.618743896484375
266.40625 268.73748779296875 274.649993896484375 281.04376220703125 284.362518310546875 286.100006103515625 286.01251220703125 285.556243896484375 287.96875 292.962493896484375 302.65625 312.16876220703125 323.98748779296875 335.71875 341.850006103515625 346.13751220703125 348.1875 348.712493896484375 345.54376220703125 341.65625 335.006256103515625 328.662506103515625 322.412506103515625 316.431243896484375 314.10626220703125 312.787506103515625 309.743743896484375 307.100006103515625 307.23126220703125 311.90625 317.45001220703125 323.131256103515625 333.556243896484375 345.45623779296875 357.493743896484375 367.15625 375.92498779296875 383.962493896484375 388.91876220703125 397.368743896484375 405.36248779296875 414.32501220703125 425.662506103515625 441.76251220703125 469.48126220703125
262.037506103515625 262.29998779296875 265.79998779296875 268.600006103515625 268.850006103515625 268.66876220703125 267.53125 265.787506103515625 267.568756103515625 272.524993896484375 282.20623779296875 296.493743896484375 311.725006103515625 324.38751220703125 331.806243896484375 336.09375 339.10626220703125 339.63751220703125 336.125 332.712493896484375 327.20001220703125 321.38751220703125 315.493743896484375 310.337493896484375 307.53125 305.92498779296875 303.39373779296875 300.95001220703125 301.17498779296875 306.20001220703125 312.875 320.537506103515625 331.506256103515625 343.818756103515625 355.64373779296875 365.79376220703125 376.4375 384.41876220703125 393.381256103515625 404.57501220703125 415.868743896484375 429.006256103515625 446.48126220703125 471.48126220703125 506.21875
256.60626220703125 255.993743896484375 257.17498779296875 256.96875 255.5812530517578125 253.212493896484375 249.912506103515625 246.725006103515625 246.7312469482421875 251.65625 263.14373779296875 280.35626220703125 299.90625 316.20623779296875 324.01873779296875 328.41876220703125 330.712493896484375 330.35626220703125 327.73126220703125 323.03125 318.975006103515625 312.86248779296875 308.506256103515625 303.32501220703125 299.90625 298.381256103515625 295.76873779296875 293.89373779296875 293.943756103515625 300.14373779296875 308.26251220703125 317.131256103515625 328.806243896484375 341.731231689453125 353.662506103515625 363.506256103515625 373.85626220703125 385.375 396.818756103515625 408.23126220703125 421.95623779296875 436.84375 456.25 481.85626220703125 511.29998779296875
251.131256103515625 249.5749969482421875 248.8562469482421875 247.2375030517578125 244.28125 241.1999969482421875 236.4562530517578125 231.5187530517578125 229.4375 231.8000030517578125 244.5187530517578125 265.4375 288.53125 306.07501220703125 315.15625 320.256256103515625 322.587493896484375 321.743743896484375 317.78125 312.506256103515625 308.33123779296875 304.118743896484375 299.15625 294.48126220703125 291.881256103515625 289.98748779296875 288.006256103515625 286.23126220703125 286.306243896484375 293.75 303.1875 312.362518310546875 324.51873779296875 336.6875 348.318756103515625 357.631256103515625 370.368743896484375 382.41876220703125 393.868743896484375 406.35626220703125 420.631256103515625 436.649993896484375 453.95001220703125 476.087493896484375 496.837493896484375
245.274993896484375 243.1875 241.4875030517578125 239.243743896484375 235.931243896484375 232.6125030517578125 228.131256103515625 221.712493896484375 216.0437469482421875 212.475006103515625 228.912506103515625 258.100006103515625 280.756256103515625 296.412506103515625 306.087493896484375 311.70623779296875 314.73126220703125 312.76251220703125 308.756256103515625 303.056243896484375 298.38751220703125 293.662506103515625 288.962493896484375 284.71875 281.899993896484375 280.54376220703125 278.524993896484375 278.125 279.243743896484375 287.61248779296875 297.537506103515625 307.306243896484375 319.29376220703125 331.756256103515625 342.818756103515625 354.16876220703125 366.643768310546875 378.59375 388.725006103515625 400.88751220703125 414.5 429.087493896484375 444.881256103515625 463.774993896484375 477.20001220703125
239.0500030517578125 237.087493896484375 235.3937530517578125 232.8249969482421875 230.087493896484375 226.743743896484375 223.40625 218.1062469482421875 213.0500030517578125 206.725006103515625 234.4375 264.34375 280.006256103515625 291.26251220703125 299.46875 304.96875 307.34375 305.23126220703125 299.912506103515625 294.212493896484375 287.98126220703125 282.64373779296875 278.42498779296875 274.399993896484375 271.568756103515625 270.39373779296875 270.13751220703125 270.243743896484375 271.88751220703125 281.41876220703125 291.33123779296875 301.96875 313.899993896484375 326.21875 337.225006103515625 348.743743896484375 360.76873779296875 371.850006103515625 382.3125 393.29998779296875 405.16876220703125 417.774993896484375 430.64373779296875 446.01251220703125 457.20623779296875
232.9187469482421875 231.09375 230.1687469482421875 228.71875 226.506256103515625 224.46875 222.850006103515625 221.943756103515625 224.71875 237.493743896484375 269.23748779296875 279.350006103515625 285.28125 292.60626220703125 298.45623779296875 302.649993896484375 304.17498779296875 300.35626220703125 294.5 287.98126220703125 280.524993896484375 273.8125 269.07501220703125 265.662506103515625 263.70623779296875 263.087493896484375 263.3125 264.787506103515625 267.42498779296875 276.85626220703125 287.274993896484375 296.20623779296875 307.337493896484375 318.568756103515625 330.35626220703125 341.08123779296875 351.756256103515625 361.98748779296875 370.912506103515625 380.09375 391.068756103515625 400.83123779296875 410.881256103515625 422.57501220703125 430.84375
227.912506103515625 226.274993896484375 225.8937530517578125 225.274993896484375 224.3625030517578125 224.5812530517578125 225.493743896484375 228.881256103515625 236.118743896484375 250.1999969482421875 270.125 281.98126220703125 287.899993896484375 294.15625 298.931243896484375 301.368743896484375 301.524993896484375 297.57501220703125 290.3125 282.681243896484375 272.5625 263.962493896484375 258.162506103515625 254.693756103515625 254.337493896484375 255.2062530517578125 257.35626220703125 260.3125 263.76873779296875 273.131256103515625 282.20001220703125 291.66876220703125 302.48748779296875 312.693756103515625 322.806243896484375 331.475006103515625 341.54998779296875 350.399993896484375 357.837493896484375 364.95623779296875 373.09375 381.29998779296875 389.975006103515625 399.131256103515625 406.23748779296875
