data/historical-monthly-weather-data/wc2.1_cruts4.09_10m_prec_2007-06.asc
ncols        45
nrows        45
xllcorner    -63.500000000000
yllcorner    -7.500000000000
cellsize     0.166666666667
NODATA_value -9999
[rows 19 to 37 of 45, columns 0 to 42 of 45]
117.1374969482421875 118.1750030517578125 118.09999847412109375 116.71875 117.49375152587890625 121.0500030517578125 121.28125 119.8874969482421875 122.68125152587890625 123.55625152587890625 122.7062530517578125 119.30625152587890625 113.93125152587890625 108.11249542236328125 103.2375030517578125 93.6374969482421875 87.78125 89.5625 85.38124847412109375 86.7937469482421875 81.78125 84.8625030517578125 93.1062469482421875 95.52500152587890625 92.86875152587890625 90.71875 89.5437469482421875 93.71250152587890625 90.6875 87.4562530517578125 87.13124847412109375 95.61875152587890625 95.2937469482421875 92.11875152587890625 90.1750030517578125 92.4187469482421875 91.80625152587890625 85.72499847412109375 79.13124847412109375 71.66249847412109375 61.83750152587890625 53.200000762939453125 51.91249847412109375
103.9875030517578125 110.4812469482421875 113.6437530517578125 113.2687530517578125 110.50624847412109375 111.81874847412109375 114.65625 115.4250030517578125 117.05625152587890625 117.02500152587890625 117.74375152587890625 114.49375152587890625 109.53749847412109375 102.5124969482421875 96.0437469482421875 91.75624847412109375 85.58750152587890625 84.05625152587890625 86.9562530517578125 86.34999847412109375 91.43125152587890625 95.3874969482421875 100.9250030517578125 105.6875 104.36875152587890625 98.8312530517578125 90.0187530517578125 88.7375030517578125 88.05625152587890625 89.4562530517578125 90.90000152587890625 95.7062530517578125 89.1999969482421875 85.38124847412109375 82.61875152587890625 84.56874847412109375 85.09999847412109375 81.4187469482421875 73.6374969482421875 66.19374847412109375 58.956249237060546875 52.137500762939453125 49.9375
98.06874847412109375 99.06874847412109375 104.2687530517578125 107.3312530517578125 106.59375 106.3562469482421875 108.19374847412109375 108.78749847412109375 109.9875030517578125 112.4875030517578125 113.0187530517578125 108.59999847412109375 103.8937530517578125 100.90625 97.75 90.6687469482421875 92.6125030517578125 89.5437469482421875 92.8312530517578125 93.34375 93.2624969482421875 100.81874847412109375 106.5 105.2624969482421875 101.47499847412109375 97.0124969482421875 95.4499969482421875 90.38124847412109375 92.0437469482421875 93.53125 91.71250152587890625 88.83750152587890625 84.65625 83.3937530517578125 79.3000030517578125 78.0812530517578125 77.7375030517578125 76.28125 70.84375 64.5500030517578125 57.575000762939453125 52.424999237060546875 50.03749847412109375
92.7375030517578125 99.28125 103.88124847412109375 106.24375152587890625 105.71875 104.25 100.47499847412109375 100.0625 104.9187469482421875 106.8625030517578125 107.09375 106.58750152587890625 107.13124847412109375 106.15625 102.5749969482421875 97.8874969482421875 93.18125152587890625 91.5437469482421875 93.91249847412109375 97.22499847412109375 102.2375030517578125 104.34375 105.34375 104.90625 105.75624847412109375 101.15625 95.44374847412109375 92.34999847412109375 91.81874847412109375 88.56874847412109375 86.4250030517578125 85.69374847412109375 80.5812530517578125 76.40625 75.6875 72.25 69.9499969482421875 69.1687469482421875 66.93125152587890625 62.700000762939453125 56.481250762939453125 52.387500762939453125 49.6875
85.46250152587890625 92.8937530517578125 100.71250152587890625 100.84999847412109375 99.44374847412109375 98.21875 99.53125 98.9562530517578125 99.11875152587890625 98.8625030517578125 103.47499847412109375 107.8874969482421875 107.18125152587890625 108.54375457763671875 102.6374969482421875 98.65625 95.5 97.50624847412109375 99.25624847412109375 101.3000030517578125 105.24375152587890625 110.16249847412109375 110.0187530517578125 113.24375152587890625 109.46250152587890625 102.80625152587890625 100.84375 91.97499847412109375 87.44374847412109375 85.6437530517578125 83.1750030517578125 81.7937469482421875 78.08750152587890625 72.6687469482421875 70.9875030517578125 66.8937530517578125 65.68125152587890625 64.77500152587890625 61.94374847412109375 57.96250152587890625 53.44374847412109375 50.625 48.512500762939453125
77.6437530517578125 86.15000152587890625 92.53749847412109375 96.75624847412109375 97.16249847412109375 96.1999969482421875 96.1875 97.375 97.0500030517578125 99.96875 101.5749969482421875 103.5625 106.78125 104.75624847412109375 99.78749847412109375 96.8249969482421875 95.90625 96.36875152587890625 99.78749847412109375 104.6687469482421875 108.5124969482421875 111.06874847412109375 116.5187530517578125 117.63124847412109375 110.02500152587890625 103.36875152587890625 97.5500030517578125 91.13124847412109375 85.4562530517578125 83.5437469482421875 78.5625 74.9562530517578125 71.36875152587890625 68.8249969482421875 66.2375030517578125 63.66249847412109375 61.72499847412109375 59.1875 57.81874847412109375 54.71875 51.00624847412109375 49.18125152587890625 48.049999237060546875
73.3312530517578125 83.03749847412109375 85.11875152587890625 89.3625030517578125 89.71875 90.2312469482421875 89.91249847412109375 91.65625 89.55625152587890625 89.90625 95.05625152587890625 97.6999969482421875 100.93125152587890625 101.06874847412109375 99.00624847412109375 94.59999847412109375 94.2624969482421875 97.7312469482421875 101.83750152587890625 103.8625030517578125 108.59375 112.6750030517578125 116.95000457763671875 116.18125152587890625 111.6750030517578125 103.1750030517578125 96.8312530517578125 90.2624969482421875 82.44374847412109375 79.15625 74.1437530517578125 70.28749847412109375 66.85625457763671875 63.831249237060546875 61.168750762939453125 60.28125 58.5 55.075000762939453125 52.6875 51.3125 48.137500762939453125 44.15625 43.049999237060546875
67.24375152587890625 71.3874969482421875 76.28749847412109375 79.56874847412109375 80.5187530517578125 82.0124969482421875 82.6999969482421875 81.00624847412109375 81.3000030517578125 86.50624847412109375 92.1125030517578125 94.9562530517578125 96.6687469482421875 98.63124847412109375 98.21875 97.16249847412109375 95.3000030517578125 95.49375152587890625 100.4499969482421875 102.71875 105.3874969482421875 110.06874847412109375 115.70624542236328125 119.08750152587890625 110.2062530517578125 102.16249847412109375 95.9562530517578125 87.8937530517578125 80.28125 75.8312530517578125 72.2624969482421875 66.40000152587890625 62.30625152587890625 59.543750762939453125 57.1875 55.53749847412109375 54.75 51.668750762939453125 48.72499847412109375 48.012500762939453125 46.137500762939453125 43.30625152587890625 40.793750762939453125
61.88124847412109375 62.84375 66.66249847412109375 68.2937469482421875 69.6750030517578125 72.7624969482421875 74.7062530517578125 74.6125030517578125 76.71250152587890625 82.09999847412109375 86.15625 90.09999847412109375 92.05625152587890625 93.69374847412109375 93.40000152587890625 92.84375 91.81874847412109375 94.41249847412109375 95.69374847412109375 99.9499969482421875 104.0500030517578125 106.41249847412109375 113.44374847412109375 112.80625152587890625 106.6999969482421875 98.56874847412109375 92.3625030517578125 84.53125 79.4250030517578125 75.9562530517578125 71.15625 66.3874969482421875 61.081249237060546875 55.768749237060546875 54.5 52.66249847412109375 51.84375 48.625 46.799999237060546875 45.612499237060546875 44.03125 42.731250762939453125 38.5625
55.46250152587890625 57.418750762939453125 57.90000152587890625 58.643749237060546875 61.06874847412109375 61.987499237060546875 64.96875 68.27500152587890625 72.46875 76.19374847412109375 80.83750152587890625 84.5187530517578125 88.3312530517578125 90.9812469482421875 91 90.94374847412109375 91.5187530517578125 92.31874847412109375 95.55625152587890625 99.52500152587890625 101.0437469482421875 102.8125 106.05625152587890625 104.71250152587890625 100.2062530517578125 92.71875 89.15000152587890625 84.23125457763671875 78.30625152587890625 72.83750152587890625 67.50624847412109375 63.81874847412109375 58.200000762939453125 54.643749237060546875 51.40625 49.375 49.19374847412109375 45.299999237060546875 43.84375 42.174999237060546875 40.125 38.28125 36.450000762939453125
50.55625152587890625 50.862499237060546875 51.5625 51.8125 53.362499237060546875 56.19374847412109375 58.99375152587890625 64.0625 67.66249847412109375 72.2062530517578125 76.78125 81.5124969482421875 85.96875 89.3937530517578125 88.82500457763671875 87.91249847412109375 87.97499847412109375 90.88124847412109375 90.49375152587890625 90.8312530517578125 95.0437469482421875 97.3937530517578125 100.2062530517578125 99.09999847412109375 93.72499847412109375 90.56874847412109375 86.15000152587890625 80.7624969482421875 75.66249847412109375 69.71250152587890625 64.80625152587890625 60.581249237060546875 56.424999237060546875 53.09999847412109375 50.643749237060546875 47.487499237060546875 47.78749847412109375 44.03125 40.481250762939453125 40.55625152587890625 38.28125 36.40000152587890625 35.75
46.862499237060546875 46.174999237060546875 46.19374847412109375 46.96250152587890625 48.381252288818359375 51.049999237060546875 54.94374847412109375 59.168750762939453125 62.84999847412109375 68.13124847412109375 73.2937469482421875 77.0812530517578125 82.9375 83.09375 84.0749969482421875 86.6750030517578125 87.8125 87.6687469482421875 87.56874847412109375 88.6750030517578125 90.625 91.15625 93.6875 93.3937530517578125 89.6125030517578125 87.18125152587890625 82.4499969482421875 78 72.7687530517578125 67.375 64.46875 60.325000762939453125 55.331249237060546875 50.78749847412109375 48.03125 45.231250762939453125 44.674999237060546875 42.112499237060546875 38.918750762939453125 36.049999237060546875 34.956249237060546875 33.424999237060546875 32.700000762939453125
43.19374847412109375 42.31874847412109375 41.8125 43.03125 45.44374847412109375 48.13124847412109375 51.36875152587890625 55.043750762939453125 59.34375 63.331249237060546875 66.9250030517578125 71.5437469482421875 74.9250030517578125 79.02500152587890625 81.83750152587890625 83.5437469482421875 82.49375152587890625 82.1999969482421875 82.6875 84 85.34375 86.875 86.8562469482421875 85.96875 84.9499969482421875 82.09999847412109375 78.9499969482421875 75.0625 70.08750152587890625 67.86875152587890625 63.50624847412109375 58.84999847412109375 54.424999237060546875 49.59999847412109375 46.19374847412109375 42.90625 41.1875 37.862499237060546875 36.06874847412109375 33.987499237060546875 33.112499237060546875 31.950000762939453125 30.831249237060546875
40.88124847412109375 40.137500762939453125 40.450000762939453125 41.5625 42.43125152587890625 45.049999237060546875 48.137500762939453125 51.81874847412109375 55.206249237060546875 59.25624847412109375 65.125 68.9250030517578125 73.0500030517578125 78.7937469482421875 81.9250030517578125 81.16249847412109375 79.84999847412109375 81.21250152587890625 81.40625 81.8312530517578125 80.9562530517578125 81.02500152587890625 82.09375 81.6750030517578125 79.97499847412109375 78.1437530517578125 75.05625152587890625 71.3874969482421875 68.11875152587890625 65.90625 62.387500762939453125 56.831249237060546875 52.81874847412109375 49.40000152587890625 45.28749847412109375 41.84999847412109375 38.762500762939453125 35.5625 33.91249847412109375 33.40625 32.49375152587890625 31.149999618530273438 29.487499237060546875
38.6875 38.575000762939453125 39.78749847412109375 40.34375 40.71250152587890625 42.6875 45.90000152587890625 48.21875 51.27500152587890625 54.856250762939453125 60.737499237060546875 66.72499847412109375 71.4875030517578125 75.34375 77.31874847412109375 79.21875 80.22499847412109375 79.46250152587890625 77.5500030517578125 77.6999969482421875 77.6687469482421875 76.96250152587890625 78.65000152587890625 76.66249847412109375 76.0437469482421875 73.3125 72.0437469482421875 69.125 67.46875 64.59999847412109375 61.74375152587890625 57.731250762939453125 51.512500762939453125 47.231250762939453125 44.03125 40.72499847412109375 37.325000762939453125 34.05625152587890625 32.700000762939453125 31.75 30.1875 29.649999618530273438 28.587499618530273438
37.59375 36.78125 38.3125 39.643749237060546875 39.893749237060546875 40.49375152587890625 42.112499237060546875 44.75 47.987499237060546875 51.487499237060546875 58.799999237060546875 65.53749847412109375 71.05625152587890625 77.88124847412109375 80.0187530517578125 79.96250152587890625 78.9562530517578125 75.90625 73.74375152587890625 70.91249847412109375 73.09375 71.3874969482421875 71.4187469482421875 70.16249847412109375 71.8874969482421875 70.71250152587890625 68.99375152587890625 65.81874847412109375 63.96875 61.081249237060546875 58.918750762939453125 55.97499847412109375 49.637500762939453125 45.293750762939453125 41.299999237060546875 38.69374847412109375 34.825000762939453125 33.31874847412109375 31.149999618530273438 30.243749618530273438 28.837499618530273438 27.543750762939453125 26.8125
37.84375 36.899997711181640625 37.75624847412109375 38.96875 39.612499237060546875 40.44374847412109375 41.75 43.168750762939453125 45.456249237060546875 48.47499847412109375 53.65000152587890625 63.18125152587890625 70.9562530517578125 76.69374847412109375 79.2624969482421875 79.6437530517578125 77.93125152587890625 72.9812469482421875 69.7624969482421875 66.0749969482421875 65.9375 67.25624847412109375 66.4187469482421875 65.4250030517578125 66.84375 65.9375 64.4499969482421875 62.081249237060546875 61.487499237060546875 58.450000762939453125 55.293750762939453125 52.706249237060546875 47.97499847412109375 43.299999237060546875 38.799999237060546875 36.612499237060546875 34.83750152587890625 32 30.537500381469726562 29.887500762939453125 28.543750762939453125 26.943750381469726562 26
37.02500152587890625 37.47499847412109375 37.331249237060546875 38.53125 39.700000762939453125 40.418750762939453125 41.331249237060546875 43.106250762939453125 44.8125 45.200000762939453125 51.96250152587890625 63.43125152587890625 71.8625030517578125 75.74375152587890625 78.21875 78.41249847412109375 77.25624847412109375 72.96250152587890625 68.90625 63.05625152587890625 61.46250152587890625 63.13124847412109375 62.068752288818359375 61.793750762939453125 61.31874847412109375 60.887500762939453125 61.418750762939453125 59.47499847412109375 57.549999237060546875 53.88124847412109375 52.549999237060546875 49.081249237060546875 45.506252288818359375 41.8125 37.59999847412109375 35.49375152587890625 33.96250152587890625 32.375 30.268749237060546875 28.712499618530273438 27.356250762939453125 26.668750762939453125 25.03125
35.90625 36.518749237060546875 37.237499237060546875 38.8125 39.56874847412109375 40.56874847412109375 42.02500152587890625 43.56874847412109375 45.83750152587890625 45.83750152587890625 55.97499847412109375 66.84375 72.4187469482421875 76.71250152587890625 76.8249969482421875 76.6125030517578125 75.0124969482421875 71.5500030517578125 68.15625 63.362499237060546875 60.293750762939453125 59.72499847412109375 57.68125152587890625 57.69374847412109375 56.86875152587890625 57.81874847412109375 58.30625152587890625 56.53125 54.700000762939453125 50.6875 48.112499237060546875 46.80625152587890625 43.950000762939453125 39.825000762939453125 36.19374847412109375 34.5625 32.97499847412109375 31.087499618530273438 30.893749237060546875 28.8125 27.056249618530273438 26.65625 24.75
