data/historical-monthly-weather-data/wc2.1_cruts4.09_10m_prec_2008-08.asc
ncols        51
nrows        45
xllcorner    -63.500000000000
yllcorner    -7.500000000000
cellsize     0.166666666667
NODATA_value -9999
[rows 19 to 37 of 45, columns 0 to 42 of 51]
72.13124847412109375 70.3937530517578125 69.6125030517578125 69.6687469482421875 69.13124847412109375 69.96250152587890625 70.2062530517578125 70.00624847412109375 71.4875030517578125 71.68125152587890625 70.75624847412109375 67.0187530517578125 60.643749237060546875 54.356250762939453125 49.856250762939453125 45.25 39.55625152587890625 38.831249237060546875 39.924999237060546875 43.487499237060546875 46.1875 51.61875152587890625 61.40000152587890625 70 76.78125 80.5812530517578125 81.78749847412109375 80.15000152587890625 76.0187530517578125 68.63124847412109375 66.2937469482421875 75.68125152587890625 84.1875 94.69374847412109375 106.3249969482421875 113.90000152587890625 119.09999847412109375 123.41249847412109375 122.02500152587890625 116.00624847412109375 105.59999847412109375 96.9375 90.46875
66.72499847412109375 66.8625030517578125 67.6875 68.11875152587890625 67.0437469482421875 67.8937530517578125 69 69.6374969482421875 71.4375 71.68125152587890625 71.4562530517578125 69.0187530517578125 62.762500762939453125 56.34375 50.84999847412109375 46.06874847412109375 41.28125 38.950000762939453125 40.887500762939453125 43.34999847412109375 48.637500762939453125 55.518749237060546875 63.549999237060546875 72.5187530517578125 81.5812530517578125 84.3125 81.71875 79.8625030517578125 77.90000152587890625 76.4562530517578125 77.2062530517578125 82.6374969482421875 87.5749969482421875 94.19374847412109375 104.66249847412109375 111.24375152587890625 118.21875 122.24375152587890625 119.4375 114.4499969482421875 105.2375030517578125 98.15000152587890625 92.36875152587890625
63.80625152587890625 63.137500762939453125 64.59999847412109375 66.2312469482421875 66.4562530517578125 66.9250030517578125 68.875 69.0749969482421875 71.36875152587890625 71.63750457763671875 72.96875 73.125 71.15625 65.31874847412109375 58.75624847412109375 51.549999237060546875 47.97499847412109375 45.825000762939453125 46.524997711181640625 48.66249847412109375 50.96875 56.47499847412109375 64.19374847412109375 72.36875152587890625 79.4187469482421875 83.78125 87.7375030517578125 85.5437469482421875 84.7624969482421875 83.1125030517578125 82.9250030517578125 84.88124847412109375 88.5812530517578125 94.3125 99.21250152587890625 105.61875152587890625 114.3125 120.71250152587890625 119.2624969482421875 113.6437530517578125 105.3000030517578125 98.22499847412109375 91.1374969482421875
61.081249237060546875 62.487499237060546875 64.8000030517578125 65.78749847412109375 66.68125152587890625 67.49375152587890625 67.68125152587890625 67.69374847412109375 70.9499969482421875 73.94374847412109375 77.4375 79.84999847412109375 81.00624847412109375 76.1999969482421875 67.6875 59.49375152587890625 53.643749237060546875 51.356250762939453125 51.30625152587890625 52.22499847412109375 54.65000152587890625 59.612499237060546875 65.97499847412109375 70.4250030517578125 78.8000030517578125 85.8625030517578125 89.63124847412109375 90.5812530517578125 88.6750030517578125 85.09999847412109375 84.125 86.0187530517578125 88.6999969482421875 91.125 93.5437469482421875 95.375 103.74375152587890625 115.25 117.13124847412109375 111.2062530517578125 104.66249847412109375 96.94374847412109375 90.25624847412109375
59.90625 62.36875152587890625 65.34375 65.0187530517578125 65.2312469482421875 66.41249847412109375 67.8937530517578125 69.36875152587890625 70.58750152587890625 74.6374969482421875 79.0500030517578125 85.0812530517578125 88.4499969482421875 83.2375030517578125 74.6750030517578125 66.46250152587890625 60.512500762939453125 57.43125152587890625 56.36875152587890625 57.081249237060546875 59.331249237060546875 63.34375 67.53749847412109375 73.16249847412109375 79.65000152587890625 84.65000152587890625 90.21875 89.25 88.71250152587890625 86.78125 86.34375 87 88.99375152587890625 88.5812530517578125 89.3125 89.24375152587890625 95.8937530517578125 107.1999969482421875 110.5749969482421875 106.2062530517578125 100.30625152587890625 94.09999847412109375 87.71875
60.02500152587890625 62.43125152587890625 65.00624847412109375 66.13124847412109375 66.6999969482421875 67.41249847412109375 68.2062530517578125 69.8874969482421875 72.3874969482421875 76.44374847412109375 79.93125152587890625 84.3125 87.3625030517578125 84.3249969482421875 77.7624969482421875 71.30625152587890625 66.00624847412109375 62.53749847412109375 60.90000152587890625 61.18125152587890625 63.28125 66.0625 69.6062469482421875 74.5625 78.93125152587890625 84.9250030517578125 87.18125152587890625 87.18125152587890625 87.1374969482421875 86.49375152587890625 85.7687530517578125 85.8000030517578125 87.2937469482421875 88.2937469482421875 88.1750030517578125 87.9187469482421875 93.46250152587890625 98.96250152587890625 101.53749847412109375 99.9812469482421875 95.625 91.19374847412109375 86.0625
61.518749237060546875 63.71875 64.47499847412109375 66.44374847412109375 66.16249847412109375 66.97499847412109375 67.96250152587890625 70.43125152587890625 71.7937469482421875 74.44374847412109375 77.97499847412109375 81.56874847412109375 83.9187469482421875 81.5124969482421875 77.86875152587890625 72.55625152587890625 68.6062469482421875 66.0187530517578125 63.737499237060546875 64.3125 66.40625 68.2312469482421875 71.77500152587890625 74.71875 78.15000152587890625 82.55625152587890625 85.08750152587890625 85.4250030517578125 86.19374847412109375 86.3562469482421875 85.4187469482421875 85.5812530517578125 85.80625152587890625 86.1687469482421875 85.8937530517578125 87.65000152587890625 91.125 93.3625030517578125 95.7937469482421875 93.5749969482421875 90.90625 87.40625 84.08750152587890625
61.96875 62.65625 63.981250762939453125 65.15625 65.34375 66.15625 68.0625 69.30625152587890625 69.78125 73.13124847412109375 76.52500152587890625 77.6374969482421875 78.7624969482421875 77.5749969482421875 75.7312469482421875 72.125 69.61875152587890625 67.25 66.11875152587890625 65.46250152587890625 66.1687469482421875 68.5187530517578125 70.75624847412109375 74.4499969482421875 77.29375457763671875 79.15625 82.4250030517578125 83.26874542236328125 83.5500030517578125 83.1062469482421875 83.53749847412109375 82.8000030517578125 83.8937530517578125 84.53125 83.7624969482421875 85.4875030517578125 86.65000152587890625 88.71875 89.0749969482421875 87.18125152587890625 84.94374847412109375 82.77500152587890625 82.2375030517578125
63.28125 61.206249237060546875 62.575000762939453125 63.868747711181640625 64.71875 64.9375 66.5437469482421875 67.97499847412109375 69.1062469482421875 71.3937530517578125 72.625 73.08750152587890625 73.81874847412109375 73.90625 72.19374847412109375 70.4375 69.53125 67.8312530517578125 67.06874847412109375 66.27500152587890625 67.02500152587890625 67.2624969482421875 70.34999847412109375 73.1875 75.0812530517578125 75.79375457763671875 78.7624969482421875 80.47499847412109375 81.4250030517578125 81.3625030517578125 80.8000030517578125 79.91249847412109375 81.0500030517578125 80.9812469482421875 82.18125152587890625 82.5437469482421875 82.5124969482421875 83.71250152587890625 84.5812530517578125 83.8562469482421875 81.71250152587890625 81.1125030517578125 80.99375152587890625
62.56874847412109375 61.5625 61.8125 62.94374847412109375 62.543750762939453125 62.97499847412109375 63.731250762939453125 64.3125 66.8874969482421875 67.88124847412109375 68.83750152587890625 68.8625030517578125 69.19374847412109375 69.78125 69.2687530517578125 68.49375152587890625 68.9375 68.1875 67.5437469482421875 67.2312469482421875 67.49375152587890625 67.55625152587890625 69.5187530517578125 71 72.91249847412109375 72.86875152587890625 75.83750152587890625 77.20624542236328125 77.9375 77.94374847412109375 77.25 77.0812530517578125 76.9812469482421875 76.5500030517578125 78.02500152587890625 79.99375152587890625 80.83750152587890625 81.97499847412109375 82.81874847412109375 81.30625152587890625 77.9875030517578125 78.06874847412109375 79.46250152587890625
61.83750152587890625 61.25624847412109375 61.112499237060546875 60.5625 60.53749847412109375 60.956249237060546875 61.03125 62.34375 63.487499237060546875 63.77500152587890625 64.8562469482421875 65.4375 65.7687530517578125 66.02500152587890625 66.06874847412109375 65.8562469482421875 65.7937469482421875 66.59999847412109375 67.5625 66.11875152587890625 65.9499969482421875 66.90000152587890625 68.5812530517578125 69.3625030517578125 70.08750152587890625 71.41249847412109375 72.4875030517578125 73.49375152587890625 72.8000030517578125 72.6437530517578125 72.69374847412109375 73.21250152587890625 73.27500152587890625 73.7312469482421875 75.3000030517578125 76.34999847412109375 79.5625 81.5749969482421875 81.59375 82.3562469482421875 81.33750152587890625 80.71875 79.5124969482421875
60.893749237060546875 59.71875 58.44374847412109375 58.65625 59.987499237060546875 59.575000762939453125 59.606250762939453125 59.44374847412109375 59.72499847412109375 59.831249237060546875 60.137500762939453125 62.018749237060546875 63.53749847412109375 63.90625 63.012500762939453125 62.981250762939453125 64.2375030517578125 65.25 66.7062530517578125 66.24375152587890625 65.625 64.5500030517578125 65.4875030517578125 66.1750030517578125 66.58750152587890625 68.1374969482421875 68.05625152587890625 69.2624969482421875 69.4250030517578125 69.63124847412109375 70.1374969482421875 70.09999847412109375 69.83750152587890625 70.69374847412109375 73.53125 74.46875 77.3874969482421875 79.8562469482421875 82.1437530517578125 84.8874969482421875 84.2375030517578125 80.7062530517578125 78.1437530517578125
59.606250762939453125 58.65000152587890625 57.206249237060546875 57.00624847412109375 58.424999237060546875 57.74375152587890625 57.075000762939453125 55.90625 56.18125152587890625 56.418750762939453125 56.637500762939453125 58.05625152587890625 58.96250152587890625 60.206249237060546875 60.25 61.90000152587890625 62.637500762939453125 63.24375152587890625 63.737499237060546875 63.93125152587890625 63.674999237060546875 64.03125 63.46250152587890625 62.55625152587890625 63.24375152587890625 64.3000030517578125 64.3125 65.46250152587890625 65.3000030517578125 65.2375030517578125 66.36875152587890625 66.11875152587890625 66.375 67.9875030517578125 68.8874969482421875 69.78749847412109375 72.81874847412109375 75.97499847412109375 79.00624847412109375 82 81.68125152587890625 78.2375030517578125 77.0625
57.61875152587890625 56.33750152587890625 55.268749237060546875 55.299999237060546875 55.1875 54.0625 53.77500152587890625 53 52.53749847412109375 53.05625152587890625 54.356250762939453125 54.86875152587890625 55.575000762939453125 57.581249237060546875 57.80625152587890625 59.49375152587890625 60.200000762939453125 61.112499237060546875 61.24375152587890625 61.231250762939453125 60.8125 60.575000762939453125 60.262500762939453125 60.91249847412109375 61.40000152587890625 61.28749847412109375 61.52500152587890625 60.77500152587890625 61.09999847412109375 60.856250762939453125 61.956249237060546875 61.6875 62.049999237060546875 63.112499237060546875 64.21875 65.24375152587890625 68.03749847412109375 70.5500030517578125 73.2375030517578125 75.8937530517578125 75.33750152587890625 73.56874847412109375 72.4187469482421875
55.53749847412109375 55.143749237060546875 53.84999847412109375 54.09999847412109375 51.924999237060546875 51.22499847412109375 51.19374847412109375 50.393749237060546875 49.643749237060546875 49.46875 49.981250762939453125 51.31874847412109375 53.125 53.33750152587890625 54.59999847412109375 55.43125152587890625 56.987499237060546875 57.22499847412109375 57.03749847412109375 57.50624847412109375 57.46875 57.25 57.40000152587890625 57.387500762939453125 58.34375 58.643749237060546875 58.543750762939453125 57.450000762939453125 58.34999847412109375 58.47499847412109375 58.83750152587890625 58.24375152587890625 57.72499847412109375 57.862499237060546875 59.356250762939453125 60.456249237060546875 62.88124847412109375 64.7937469482421875 67.13124847412109375 68.27500152587890625 69.5749969482421875 69.0187530517578125 67.75
54.19374847412109375 53.53749847412109375 52.47499847412109375 51.231250762939453125 49.83750152587890625 48.956249237060546875 48.44374847412109375 47.6875 46.03125 46.125 46.40625 48.418750762939453125 49.518749237060546875 50.99375152587890625 52.06874847412109375 53.31874847412109375 54.518749237060546875 54.47499847412109375 54.19374847412109375 54.549999237060546875 54.700000762939453125 54.24375152587890625 53.731250762939453125 54.262500762939453125 54.71250152587890625 55.450000762939453125 55.262500762939453125 54.487499237060546875 55.46875 55.78125 54.94374847412109375 53.75624847412109375 53.33750152587890625 53.00624847412109375 53.90625 54.93125152587890625 56.11875152587890625 58.575000762939453125 60.88124847412109375 61.90000152587890625 62.27500152587890625 62.03749847412109375 61.918750762939453125
53.299999237060546875 52.69374847412109375 50.94374847412109375 49.268749237060546875 47.94374847412109375 46.33750152587890625 45.293750762939453125 43.924999237060546875 42.856250762939453125 43.112499237060546875 44.21875 45.50624847412109375 47.325000762939453125 48.59999847412109375 49.77500152587890625 51.36875152587890625 51.91249847412109375 52.424999237060546875 51.5 51.5 51.91249847412109375 52.581249237060546875 51.91249847412109375 52.393749237060546875 52.25 52.231250762939453125 51.84999847412109375 52.65000152587890625 52.43125152587890625 51.956249237060546875 51.02500152587890625 49.94374847412109375 48.106250762939453125 48.325000762939453125 48.4375 48.418750762939453125 50.487499237060546875 52.674999237060546875 53.793750762939453125 55.50624847412109375 56.02500152587890625 57.02500152587890625 55.96875
50.96875 50.168750762939453125 48.206249237060546875 46.8125 45.47499847412109375 44.16249847412109375 43.08750152587890625 42.15000152587890625 40.71875 40.125 42.46875 45.106250762939453125 46.862499237060546875 47.43125152587890625 48.84375 49.375 49.71875 49.72499847412109375 49.27500152587890625 48.66249847412109375 49.16249847412109375 49.90000152587890625 49.637500762939453125 50.22499847412109375 50.393749237060546875 49.424999237060546875 49.65625 50.06874847412109375 48.90625 48.331249237060546875 47.75624847412109375 46.125 44.731250762939453125 43.83750152587890625 43.674999237060546875 43.96250152587890625 45.72499847412109375 48.00624847412109375 48.78749847412109375 50.30625152587890625 50.55625152587890625 51.50624847412109375 50.643749237060546875
49.424999237060546875 48.706249237060546875 46.28125 45.362499237060546875 44.18125152587890625 42.59999847412109375 41.44374847412109375 40.30625152587890625 39.737499237060546875 39.018749237060546875 43.543750762939453125 46.231250762939453125 46.25624847412109375 47.125 48.5 48.543750762939453125 48.012500762939453125 47.28749847412109375 47.668750762939453125 46.97499847412109375 47.293750762939453125 47.362499237060546875 47.31874847412109375 47.8125 48.043750762939453125 47.80625152587890625 48.125 48.543750762939453125 47.94374847412109375 46.731250762939453125 45.143749237060546875 44.21875 43.143749237060546875 40.75624847412109375 39.706249237060546875 39.5625 42.06874847412109375 44.49375152587890625 45.59375 46.950000762939453125 45.512500762939453125 45.387500762939453125 45.08750152587890625
