data/historical-monthly-weather-data/wc2.1_cruts4.09_10m_prec_1998-05.asc
ncols        51
nrows        45
xllcorner    -63.500000000000
yllcorner    -7.500000000000
cellsize     0.166666666667
NODATA_value -9999
[rows 0 to 19 of 45, columns 0 to 43 of 51]
288.82501220703125 283.618743896484375 284.743743896484375 292.14373779296875 297.475006103515625 303.60626220703125 306.225006103515625 310.756256103515625 315.40625 322.76251220703125 327.95001220703125 328.743743896484375 331.20623779296875 334.125 334.100006103515625 335.818756103515625 335.95623779296875 333.51873779296875 333.76873779296875 336.756256103515625 340.1875 343.212493896484375 350.006256103515625 351.493743896484375 354.40625 359.08123779296875 359.39373779296875 361.256256103515625 360.78125 366.806243896484375 368.631256103515625 373.54376220703125 381.056243896484375 386.868743896484375 392.95623779296875 401.40625 408.29376220703125 411.36248779296875 412.85626220703125 416.306243896484375 416.13751220703125 415.82501220703125 411.60626220703125 412.48126220703125
284.13751220703125 276.931243896484375 280.5 288.5 297.024993896484375 304.118743896484375 307.03125 312.106231689453125 319.118743896484375 324.16876220703125 329.85626220703125 330.53125 330.78125 331.20623779296875 329.46875 328.162506103515625 326.75 323.162506103515625 325.056243896484375 328.225006103515625 332.04376220703125 336.82501220703125 341.625 346.63751220703125 349.856231689453125 352.90625 356.35626220703125 359.01251220703125 360.975006103515625 365.899993896484375 369.33123779296875 379.40625 384.88751220703125 394.181243896484375 400.212493896484375 403.48126220703125 412.90625 417.16876220703125 421.4375 418.381256103515625 417.787506103515625 422.193756103515625 417.9375 412.38751220703125
275.306243896484375 271.35626220703125 277.89373779296875 285.51873779296875 292.79376220703125 301.20623779296875 308.29998779296875 316.587493896484375 324.54376220703125 329.75 333.88751220703125 332.17498779296875 329.73748779296875 325.70001220703125 322.95001220703125 321.63751220703125 317.856231689453125 313.118743896484375 314.381256103515625 318.20001220703125 323.087493896484375 330.931243896484375 337.09375 342.07501220703125 346.16876220703125 353.04998779296875 358.712493896484375 360.212493896484375 360.381256103515625 365.493743896484375 369.86248779296875 377.83123779296875 388.149993896484375 395.11248779296875 403.91876220703125 406.537506103515625 414.04998779296875 419.96875 422.256256103515625 422.631256103515625 426.14373779296875 423.600006103515625 422.600006103515625 417.431243896484375
262.993743896484375 258.350006103515625 270.64373779296875 278.63751220703125 287.118743896484375 295.38751220703125 304.40625 316.14373779296875 328.79998779296875 335.59375 336.587493896484375 332.506256103515625 325.36248779296875 319.45001220703125 315.375 311.774993896484375 306.306243896484375 302.306243896484375 303.20623779296875 309.57501220703125 320.13751220703125 327.45623779296875 332.962493896484375 339.787506103515625 345.10626220703125 350.75 357.4375 357.08123779296875 357.38751220703125 365.76873779296875 371.29376220703125 378.90625 387.11248779296875 393.4375 399.125 409.04376220703125 418.625 424.375 427.73126220703125 429.818756103515625 431.087493896484375 433.181243896484375 426.693756103515625 420.08123779296875
267.25 260.149993896484375 259.26251220703125 267.26251220703125 278.1875 286.26251220703125 297.51251220703125 311.83123779296875 329.225006103515625 340.0625 336.45623779296875 326.65625 320.76251220703125 314.78125 309.41876220703125 303.475006103515625 296.33123779296875 292.931243896484375 293.8125 301.88751220703125 313.568756103515625 321.04998779296875 326.3125 337.83123779296875 342.693756103515625 349.006256103515625 349.868743896484375 353.92498779296875 355.975006103515625 362.931243896484375 371 376.756256103515625 383.85626220703125 394.193756103515625 402.412506103515625 409.381256103515625 420.90625 430.212493896484375 435.59375 437.23126220703125 441.09375 437.618743896484375 431.993743896484375 427.65625
266.35626220703125 260.375 258.181243896484375 255.225006103515625 266.556243896484375 279.48748779296875 291.287506103515625 303.51873779296875 321.756256103515625 334.256256103515625 332.32501220703125 321.17498779296875 317.73748779296875 313.71875 306.125 302.943756103515625 294.4375 289.88751220703125 292.04998779296875 301.57501220703125 311.5625 321.01251220703125 329.943756103515625 335.743743896484375 342.14373779296875 348.51873779296875 350.04376220703125 351.59375 355.59375 363.3125 371.306243896484375 379.32501220703125 386.243743896484375 395.618743896484375 403.212493896484375 412.618743896484375 422.23126220703125 430.95001220703125 442.20001220703125 445.01873779296875 444.95001220703125 442.76873779296875 436.006256103515625 431.0625
267.537506103515625 260.725006103515625 257.98748779296875 255.756256103515625 258.556243896484375 266.15625 276.875 288.46875 295.625 307.89373779296875 313.3125 310.51873779296875 310.95623779296875 310 305.556243896484375 301.318756103515625 298.20623779296875 296.64373779296875 297.64373779296875 306.88751220703125 314.04998779296875 321.16876220703125 326.225006103515625 334.662506103515625 342.662506103515625 352.07501220703125 351.756256103515625 352.193756103515625 352.181243896484375 360.58123779296875 369.73126220703125 375.26873779296875 380.82501220703125 390.118743896484375 399.57501220703125 411.649993896484375 419.84375 429.01873779296875 441.57501220703125 449 447.431243896484375 441.86248779296875 435.662506103515625 433.225006103515625
267.73126220703125 260.537506103515625 257.524993896484375 257.375 259.618743896484375 266.92498779296875 268.67498779296875 264.8125 262.837493896484375 276.66876220703125 293.256256103515625 299.20001220703125 305.76251220703125 306.837493896484375 305.375 304.462493896484375 302.71875 304.41876220703125 305.88751220703125 309.66876220703125 319.0625 323.82501220703125 328.57501220703125 332.40625 342.48748779296875 345.33123779296875 349.01251220703125 347.90625 348.524993896484375 356.92498779296875 365.493743896484375 370.70623779296875 378.09375 384.17498779296875 390.15625 400.131256103515625 410.83123779296875 423.03125 431.993743896484375 433.92498779296875 438.42498779296875 434.125 430.537506103515625 424.431243896484375
267.943756103515625 261.35626220703125 259.95001220703125 258.54376220703125 259.29998779296875 264.29998779296875 265.45623779296875 263.26873779296875 255.6374969482421875 257.71875 274.36248779296875 287.875 300.743743896484375 303.96875 304.48748779296875 306.76873779296875 307.537506103515625 312.149993896484375 317.82501220703125 315.868743896484375 317.375 325.36248779296875 325.29998779296875 336.4375 339.350006103515625 340.53125 340.09375 343.493743896484375 348.71875 354.125 364.23748779296875 367.01873779296875 366.787506103515625 369.08123779296875 377.524993896484375 388.774993896484375 400.34375 412.91876220703125 424.61248779296875 425.056243896484375 424.59375 420.475006103515625 421.881256103515625 421.493743896484375
267.274993896484375 262.70001220703125 261.537506103515625 261.475006103515625 259.600006103515625 264.193756103515625 266.51251220703125 266.462493896484375 265.8125 270.45001220703125 280.087493896484375 284.850006103515625 298.98748779296875 302.86248779296875 306.45001220703125 307.162506103515625 308.73748779296875 314.149993896484375 321.5625 325.71875 324 323.13751220703125 323.931243896484375 331.631256103515625 331.5 332.66876220703125 331.850006103515625 335.212493896484375 342.53125 351.83123779296875 355.88751220703125 356.193756103515625 359.45623779296875 362.51251220703125 366.350006103515625 376.41876220703125 386.3125 399.3125 411.4375 419.787506103515625 425.54998779296875 426.493743896484375 417.79998779296875 409.381256103515625
266.506256103515625 263.91876220703125 262.118743896484375 262.54998779296875 260.82501220703125 266.375 269.76873779296875 268.806243896484375 270.61248779296875 278.17498779296875 288.48126220703125 296.375 297.931243896484375 303.85626220703125 305.118743896484375 305.381256103515625 307.73748779296875 314.92498779296875 322.35626220703125 330.556243896484375 339.25 333.162506103515625 327.181243896484375 316.5625 324.162506103515625 329.95001220703125 329.118743896484375 331.70001220703125 333.67498779296875 338.381256103515625 344.15625 346.693756103515625 348.70623779296875 350.85626220703125 353.212493896484375 359.26251220703125 368.693756103515625 382.96875 399.51873779296875 411.375 419.76251220703125 418.48126220703125 418.42498779296875 405.13751220703125
268.006256103515625 264.54376220703125 263.618743896484375 264.149993896484375 264.149993896484375 266.774993896484375 272.66876220703125 275.54376220703125 280.324981689453125 284.287506103515625 293.625 303.762481689453125 299.318756103515625 301.818756103515625 305.181243896484375 303.225006103515625 305.118743896484375 312.1875 320.98748779296875 333.712493896484375 346.875 347.28125 339.35626220703125 324.45001220703125 317.056243896484375 314.03125 311.431243896484375 314.350006103515625 319.899993896484375 323.625 324.350006103515625 326.256256103515625 328.26873779296875 330.26251220703125 336.037506103515625 346.33123779296875 358.23126220703125 369.743743896484375 383.162506103515625 396.46875 408.79376220703125 408.39373779296875 401.34375 376.67498779296875
270.38751220703125 265.15625 263.743743896484375 264.649993896484375 264.26873779296875 269.01251220703125 272.568756103515625 274.774993896484375 280.743743896484375 288.79998779296875 297.15625 304.087493896484375 303.63751220703125 293.943756103515625 294.23748779296875 297.587493896484375 299.350006103515625 306.725006103515625 315.16876220703125 327.756256103515625 345.306243896484375 345.21875 338.79998779296875 323.42498779296875 299.618743896484375 291.01873779296875 297.462493896484375 302.193756103515625 309.08123779296875 313.587493896484375 311.29376220703125 307.681243896484375 308.006256103515625 308.73126220703125 315.506256103515625 329.431243896484375 343.493743896484375 359.40625 376.493743896484375 389.36248779296875 398.23126220703125 398.774993896484375 379.96875 361.024993896484375
266.83123779296875 262.662506103515625 262.67498779296875 263.243743896484375 264.506256103515625 267.712493896484375 270.48126220703125 273.818756103515625 281.79376220703125 289.318756103515625 292.006256103515625 294.75 293.787506103515625 289.32501220703125 279.618743896484375 285.868743896484375 287.693756103515625 293.193756103515625 303.625 316.51251220703125 330.5 333.57501220703125 330.806243896484375 320.125 302.07501220703125 290.881256103515625 290.01873779296875 289.962493896484375 294.59375 295.337493896484375 297.149993896484375 291.875 291.73748779296875 292.693756103515625 297.41876220703125 314.806243896484375 334.21875 354.274993896484375 373.53125 382.287506103515625 376.65625 364.899993896484375 362.51251220703125 363.443756103515625
261.962493896484375 259.66876220703125 260.756256103515625 261.13751220703125 261.756256103515625 265.462493896484375 271 276.125 281.337493896484375 284.868743896484375 286.03125 286.375 282.38751220703125 276.962493896484375 263.125 267.21875 271.243743896484375 280.20623779296875 289.98126220703125 300.71875 315.17498779296875 322.493743896484375 325.79998779296875 325.306243896484375 318.21875 310.4375 302.67498779296875 298.556243896484375 296.587493896484375 293.34375 284.681243896484375 277.28125 280.51873779296875 276.61248779296875 275 288.4375 320.350006103515625 348.149993896484375 363.875 366.506256103515625 358.943756103515625 356.96875 366.125 365.162506103515625
256.15625 253.8562469482421875 256.712493896484375 258.587493896484375 258.88751220703125 264.431243896484375 270.73126220703125 275.306243896484375 277.98748779296875 281.41876220703125 280.625 278.57501220703125 273.66876220703125 269.443756103515625 258.912506103515625 247.506256103515625 255.125 269.54998779296875 276.212493896484375 286.13751220703125 300.89373779296875 316.149993896484375 327.73126220703125 334.35626220703125 330.78125 322.04998779296875 311.725006103515625 302.649993896484375 297.837493896484375 294.54998779296875 289.181243896484375 278.975006103515625 268.743743896484375 259.38751220703125 255.7624969482421875 283.71875 306.681243896484375 331.118743896484375 349.712493896484375 359.8125 359.33123779296875 357.368743896484375 359.54998779296875 351.350006103515625
251.693756103515625 250.337493896484375 251.75 255.1125030517578125 258.431243896484375 262.15625 266.89373779296875 270.600006103515625 274.662506103515625 277.162506103515625 277.274993896484375 276.13751220703125 269.962493896484375 263.84375 256.57501220703125 248.7687530517578125 239.506256103515625 251.493743896484375 262.4375 273.118743896484375 288.850006103515625 305.45623779296875 324.412506103515625 339.32501220703125 343.493743896484375 325.54998779296875 311.331268310546875 302.63751220703125 297.09375 292.8125 288.39373779296875 282.506256103515625 274.006256103515625 266.98126220703125 277.337493896484375 291.287506103515625 313.412506103515625 336.787506103515625 360.706268310546875 361.212493896484375 357.681243896484375 351.67498779296875 344.024993896484375 340.9375
244.8937530517578125 245.5437469482421875 248.6062469482421875 251.40625 255.037506103515625 261.45001220703125 264.79998779296875 267.15625 269.4375 272.41876220703125 272.71875 273.868743896484375 265.20001220703125 260.787506103515625 254.306243896484375 248.2312469482421875 239.9499969482421875 233.7125091552734375 252.8187408447265625 261.350006103515625 275.774993896484375 293.79998779296875 313.350006103515625 329.35626220703125 336.556243896484375 324.037506103515625 305.45623779296875 300.0625 295.95623779296875 287.07501220703125 272.95001220703125 262.15625 275.40625 281.6875 286.73748779296875 312.54998779296875 334.100006103515625 345.41876220703125 358.45623779296875 360.806243896484375 347.337493896484375 339.556243896484375 332.475006103515625 330.61248779296875
237.90625 239.4499969482421875 242.368743896484375 247.7375030517578125 253.0187530517578125 257.75 262.23126220703125 266.04998779296875 268.212493896484375 272.256256103515625 270.78125 264.243743896484375 257.76873779296875 254.256256103515625 248.618743896484375 245.381256103515625 241.368743896484375 232.1062469482421875 234.1999969482421875 243.962493896484375 259.46875 281.212493896484375 285.306243896484375 303.306243896484375 311.662506103515625 313.712493896484375 305.67498779296875 294.537506103515625 290.618743896484375 281.4375 271.04998779296875 268.03125 278.67498779296875 285.068756103515625 294.15625 314.412506103515625 326.26251220703125 333.09375 345.5625 342.79376220703125 332.568756103515625 323.13751220703125 320.88751220703125 323.13751220703125
229.9812469482421875 232.6125030517578125 236.931243896484375 240.725006103515625 247.125 256.42498779296875 262.524993896484375 266.20623779296875 268.256256103515625 269.03125 269.993743896484375 268.15625 265.431243896484375 257.556243896484375 249.524993896484375 236.975006103515625 227.1374969482421875 230.537506103515625 230.850006103515625 236.818756103515625 243.28125 258.350006103515625 277.35626220703125 286.5625 289.868743896484375 286.943756103515625 285.274993896484375 285.64373779296875 277.28125 266.01251220703125 262.350006103515625 273.431243896484375 279.181243896484375 282.975006103515625 294.975006103515625 310.024993896484375 320.006256103515625 326.53125 329.681243896484375 328.61248779296875 316.01873779296875 307.100006103515625 310.36248779296875 313.45623779296875
