data/historical-monthly-weather-data/wc2.1_cruts4.09_10m_prec_1987-04.asc
ncols        45
nrows        45
xllcorner    -63.500000000000
yllcorner    -7.500000000000
cellsize     0.166666666667
NODATA_value -9999
[rows 0 to 19 of 45, columns 0 to 44 of 45]
329.962493896484375 338.693756103515625 342.03125 351.60626220703125 355.04376220703125 352.100006103515625 347.375 336.73748779296875 328.32501220703125 324.899993896484375 325.54998779296875 324.381256103515625 321.337493896484375 315.76251220703125 309.568756103515625 304.10626220703125 300.225006103515625 293.475006103515625 290.0625 287.13751220703125 286.337493896484375 287.29376220703125 287.375 289.53125 289.41876220703125 292.23748779296875 294.149993896484375 298.03125 300.375 302.087493896484375 304.20001220703125 306.58123779296875 308.131256103515625 311.649993896484375 315.350006103515625 323.118743896484375 329.35626220703125 335.89373779296875 345.618743896484375 353.5625 361.20623779296875 366.95623779296875 368.931243896484375 373.10626220703125 375.475006103515625
340.087493896484375 347.618743896484375 358.912506103515625 369.487518310546875 378.59375 373.36248779296875 365.61248779296875 359.8125 352.8125 347.712493896484375 346.09375 341.40625 336.46875 329.89373779296875 320.83123779296875 315.131256103515625 308 301.712493896484375 296.51873779296875 291.087493896484375 289.32501220703125 288.600006103515625 289.76251220703125 290.34375 292.125 294.225006103515625 296.681243896484375 301.70001220703125 303.418731689453125 304.475006103515625 307.368743896484375 311.399993896484375 314.45623779296875 320.11248779296875 324.16876220703125 332.98126220703125 343.068756103515625 351.4375 361.08123779296875 368.25 375.056243896484375 381.318756103515625 383.59375 385.23748779296875 386.1875
343.818756103515625 353.76251220703125 362.39373779296875 374.10626220703125 383.681243896484375 381.243743896484375 377.23748779296875 374.51873779296875 372.63751220703125 367.475006103515625 361.875 354.074981689453125 347.95001220703125 338.056243896484375 328.51873779296875 321.32501220703125 313.556243896484375 307.67498779296875 301.71875 297.443756103515625 296.35626220703125 296.21875 295.475006103515625 295.51251220703125 297.39373779296875 299.08123779296875 303.28125 305.45001220703125 306.056243896484375 308.662506103515625 311.524993896484375 314.91876220703125 321.70001220703125 327.943756103515625 332.11248779296875 341.212493896484375 354.337493896484375 365.975006103515625 374.92498779296875 382.78125 389.83123779296875 393.5625 395.5625 397.631256103515625 397.931243896484375
341.024993896484375 351.40625 363.375 371.14373779296875 378.98748779296875 381.75 382.48748779296875 383.8125 386.45623779296875 385.09375 377.41876220703125 365.631256103515625 354.4375 344.54998779296875 333.95623779296875 326.14373779296875 318.98126220703125 313.212493896484375 307.82501220703125 304.399993896484375 304.4375 303.899993896484375 301.412506103515625 301.83123779296875 302.67498779296875 302.23126220703125 307.399993896484375 308.57501220703125 309.45623779296875 314.181243896484375 317.51251220703125 321.399993896484375 326.418731689453125 333.149993896484375 338.61248779296875 351.39373779296875 365.11248779296875 378.056243896484375 389.76251220703125 396.287506103515625 403.40625 408.29998779296875 407.318756103515625 406.95623779296875 408.34375
354.381256103515625 358.493743896484375 359.28125 365.51251220703125 375.35626220703125 379.73748779296875 381.412506103515625 387.03125 395.04998779296875 399.3125 388.25 369.993743896484375 358.04998779296875 348.399993896484375 337.493743896484375 329.0625 321.024993896484375 316.306243896484375 311.59375 308.45623779296875 309.381256103515625 307.899993896484375 305.649993896484375 307.10626220703125 304.875 303.899993896484375 307.21875 312.20001220703125 315.712493896484375 318.837493896484375 322.75 324.14373779296875 329.60626220703125 337.8125 345.54998779296875 359.36248779296875 373.26873779296875 388.024993896484375 400.931243896484375 408.45001220703125 417.368743896484375 417.41876220703125 417.024993896484375 418.32501220703125 417.087493896484375
356.82501220703125 362.149993896484375 363.037506103515625 360.95623779296875 369 375.287506103515625 377.61248779296875 383.70001220703125 391.98126220703125 399.59375 385.399993896484375 368.61248779296875 358.1875 349.51251220703125 338.625 331.20623779296875 321.725006103515625 317.01251220703125 314.837493896484375 312.79376220703125 311.756256103515625 309.76251220703125 309.82501220703125 309.537506103515625 308.48126220703125 308.4375 311.287506103515625 315.600006103515625 318.868743896484375 321.518768310546875 324.899993896484375 328.787506103515625 332.306243896484375 340.54998779296875 350.806243896484375 364.28125 381.09375 396.70623779296875 409.350006103515625 419.64373779296875 424.32501220703125 423.89373779296875 424.41876220703125 426.212493896484375 426.21875
360.568756103515625 364.83123779296875 365.537506103515625 362.09375 360.125 361.193756103515625 363.41876220703125 367.73748779296875 370.462493896484375 370.95623779296875 367.63751220703125 360.48748779296875 356.13751220703125 348.375 339.537506103515625 333.818756103515625 325.462493896484375 317.868743896484375 314 313.537506103515625 313.725006103515625 313.056243896484375 312.64373779296875 310.350006103515625 310.26873779296875 311.162506103515625 315.03125 317.48126220703125 320.225006103515625 323.368743896484375 327.537506103515625 330.618743896484375 336.16876220703125 342.399993896484375 352.48126220703125 366.681243896484375 382.08123779296875 399.23126220703125 415.087493896484375 424.78125 425.443756103515625 425.931243896484375 427.32501220703125 429.04376220703125 430.95623779296875
365.08123779296875 365.84375 363.78125 362.26251220703125 360.399993896484375 357.98126220703125 351.51251220703125 344.58123779296875 338.743743896484375 338.96875 346.42498779296875 350.225006103515625 350.618743896484375 347.243743896484375 341.45623779296875 335.212493896484375 327.28125 319.67498779296875 313.306243896484375 313.34375 315.28125 315.6875 314.181243896484375 312.34375 313.787506103515625 312.537506103515625 315.76873779296875 318.63751220703125 321.850006103515625 325.75 327.506256103515625 330.57501220703125 336.537506103515625 343.51873779296875 352.67498779296875 363.850006103515625 379.59375 395.399993896484375 408.39373779296875 416.306243896484375 420.006256103515625 422.76251220703125 423.79998779296875 423.91876220703125 423.149993896484375
367.318756103515625 367.88751220703125 365.037506103515625 361.318756103515625 358.79376220703125 353.89373779296875 347.975006103515625 338.84375 326.056243896484375 320.79376220703125 332.5625 341.037506103515625 349.41876220703125 348.412506103515625 342.600006103515625 337.76251220703125 331.881256103515625 325.66876220703125 321.26873779296875 318.84375 314.993743896484375 317.149993896484375 315.20623779296875 315.837493896484375 316.34375 313.13751220703125 315.056243896484375 318.36248779296875 321.34375 324.84375 328.21875 328.82501220703125 333.11248779296875 337.431243896484375 346.25 357.787506103515625 373.193756103515625 386.03125 398.26873779296875 405.51251220703125 410.1875 411.26873779296875 414.04998779296875 416.0625 410.29376220703125
368.89373779296875 366.78125 364.5 361.100006103515625 357.024993896484375 352.743743896484375 348.03125 339.756256103515625 333.48748779296875 332.993743896484375 339.96875 344.23126220703125 350.01873779296875 349.806243896484375 346.51251220703125 341.118743896484375 336.125 331.506256103515625 327.225006103515625 327.14373779296875 322.60626220703125 320.125 317.04376220703125 318.96875 315.931243896484375 310.76251220703125 312.01873779296875 314.73748779296875 318.73748779296875 324.38751220703125 324.806243896484375 323.649993896484375 326.82501220703125 331.024993896484375 338.28125 350.493743896484375 362.381256103515625 374.5 385.412506103515625 395.04998779296875 402.33123779296875 403.88751220703125 404.85626220703125 401.54376220703125 398.28125
370.4375 368.787506103515625 365.412506103515625 361.20001220703125 355.10626220703125 351.76251220703125 348.375 342.431243896484375 341.01873779296875 343.006256103515625 349.40625 355.10626220703125 354.33123779296875 353.38751220703125 348.225006103515625 342.46875 338.59375 335.350006103515625 333.056243896484375 332.11248779296875 331.51251220703125 327.087493896484375 320.256256103515625 312.53125 312.95001220703125 308.243743896484375 307.03125 308.73126220703125 311.04998779296875 316.256256103515625 316.618743896484375 315.23748779296875 318.568756103515625 322.399993896484375 328.86248779296875 337.35626220703125 347.943756103515625 359.6875 371.29376220703125 381.493743896484375 388.537506103515625 389.899993896484375 393.48748779296875 393.03125 388.181243896484375
369.181243896484375 366.475006103515625 362.699981689453125 362.11248779296875 357.88751220703125 352.850006103515625 351.712493896484375 349.64373779296875 350.9375 354.04998779296875 360.23126220703125 365.993743896484375 360.125 355.287506103515625 349.29376220703125 343.962493896484375 339.26251220703125 336.056243896484375 334.45001220703125 334.306243896484375 332.600006103515625 327.73748779296875 321.17498779296875 316.41876220703125 309.381256103515625 300.09375 298.20623779296875 298.23748779296875 300.431243896484375 303.10626220703125 303.850006103515625 303.58123779296875 305.568756103515625 309.425018310546875 315.15625 324.0625 335.399993896484375 347.34375 356.15625 363.92498779296875 372.375 375.11248779296875 377.181243896484375 372.78125 367.76873779296875
368.76251220703125 365.53125 362.23126220703125 360.36248779296875 358.100006103515625 357.5 355.01873779296875 352.65625 353.9375 359.875 365.725006103515625 370.61248779296875 365.35626220703125 352.1875 345.53125 342.39373779296875 336.51251220703125 333.15625 332.850006103515625 331.01873779296875 328.98126220703125 322.212493896484375 312.59375 307.26873779296875 294.01873779296875 283.54998779296875 284.756256103515625 284.84375 288.08123779296875 289.76251220703125 290.443756103515625 289.96875 291.462493896484375 294.98126220703125 299.287506103515625 309.70001220703125 321.15625 332.76873779296875 343.131256103515625 351.412506103515625 354.54376220703125 359.318756103515625 358.26251220703125 354.64373779296875 353.943756103515625
367.01873779296875 363.54376220703125 359.118743896484375 356.774993896484375 356.88751220703125 356.23748779296875 353.78125 352.60626220703125 355.70623779296875 360.04376220703125 362.399993896484375 361.91876220703125 357.95001220703125 348.79376220703125 338.82501220703125 336.64373779296875 330.79376220703125 325.38751220703125 325.337493896484375 321.82501220703125 318.125 309.35626220703125 300.65625 291.11248779296875 280.693756103515625 272.20623779296875 272.024993896484375 272.78125 274.67498779296875 276.79376220703125 277.274993896484375 277.61248779296875 276.91876220703125 279.88751220703125 285 296.01873779296875 307.29376220703125 320.368743896484375 332.61248779296875 339.32501220703125 338.600006103515625 336.75 341.82501220703125 347.943756103515625 351.08123779296875
363.73748779296875 360.75 357.256256103515625 355.493743896484375 356.33123779296875 355.48126220703125 354.48126220703125 353.21875 353.962493896484375 355.51873779296875 356.368743896484375 354.881256103515625 349.36248779296875 340.9375 329.868743896484375 323.743743896484375 319.45623779296875 318 317.03125 313.86248779296875 307.756256103515625 300.625 290.13751220703125 280.925018310546875 271.618743896484375 265.15625 264.149993896484375 265.243743896484375 267.14373779296875 267.868743896484375 266.23748779296875 263.506256103515625 265.16876220703125 266.29998779296875 269.61248779296875 279.21875 294.95001220703125 311.375 322.04998779296875 324.818756103515625 324.087493896484375 327.70623779296875 338.64373779296875 342.36248779296875 342.65625
358.29998779296875 355.3125 354.306243896484375 354.29376220703125 354.475006103515625 353.756256103515625 352.51873779296875 351.60626220703125 353.76251220703125 353.39373779296875 352.33123779296875 349.274993896484375 343.600006103515625 333.63751220703125 320.57501220703125 307.76251220703125 307.57501220703125 310.38751220703125 308.3125 305.85626220703125 299.6875 290.70623779296875 279.79376220703125 271.649993896484375 263.087493896484375 258.287506103515625 256.350006103515625 257.975006103515625 259.64373779296875 260.84375 261.04998779296875 257.774993896484375 253.412506103515625 252.3000030517578125 252.71875 267.73748779296875 283.131256103515625 299.75 310.29998779296875 316.79376220703125 318.25 325.1875 332.65625 335.20623779296875 333.875
351.256256103515625 350.118743896484375 350.868743896484375 351.91876220703125 351.95623779296875 351.29998779296875 352.17498779296875 351.3125 350.95001220703125 350.51251220703125 347.98126220703125 344.337493896484375 337.25 327.53125 316.743743896484375 307.10626220703125 299.318756103515625 299.662506103515625 300.524993896484375 299.475006103515625 292.981231689453125 284.806243896484375 273.89373779296875 263.29376220703125 255.600006103515625 250.3937530517578125 249.5124969482421875 250.84375 253.5625 255.9124908447265625 255.649993896484375 252.7062530517578125 248.7687530517578125 246.6374969482421875 251.7312469482421875 262.60626220703125 278.32501220703125 295.66876220703125 310.15625 314.181243896484375 316.4375 322.375 325.287506103515625 327.806243896484375 325.29376220703125
342.48126220703125 344.412506103515625 345.45001220703125 349.274993896484375 349.931243896484375 350.60626220703125 352.399993896484375 350.17498779296875 348.98126220703125 346.45001220703125 342.11248779296875 337.600006103515625 330.28125 322.5 313 305.20001220703125 297.037506103515625 288.23126220703125 292.54376220703125 292.600006103515625 288.493743896484375 279.881256103515625 269.5 259.48126220703125 252.9250030517578125 248.2687530517578125 244.962493896484375 248.412506103515625 252 253.350006103515625 249.4875030517578125 240.2375030517578125 241.631256103515625 243.4187469482421875 246.537506103515625 260.212493896484375 275.34375 291.068756103515625 303.61248779296875 313.39373779296875 313.806243896484375 317.662506103515625 319.993743896484375 321.056243896484375 319.58123779296875
332.399993896484375 336.756256103515625 340.63751220703125 343.75 345.818756103515625 348.243743896484375 349.34375 349.899993896484375 348.75 345.087493896484375 338.29376220703125 329.60626220703125 322.86248779296875 317.53125 305.943756103515625 298.399993896484375 291.649993896484375 284.58123779296875 281.600006103515625 282.149993896484375 283.693756103515625 278.34375 260.818756103515625 255.3625030517578125 251.8249969482421875 250.100006103515625 249.6125030517578125 250.975006103515625 254.7375030517578125 254.5500030517578125 250.412506103515625 242.256256103515625 239.024993896484375 233.6125030517578125 235.3312530517578125 248.9187469482421875 264.67498779296875 279.45623779296875 295.056243896484375 304.01873779296875 310.40625 313.98748779296875 314.443756103515625 314.712493896484375 314.037506103515625
321.82501220703125 328.712493896484375 332.73748779296875 334.931243896484375 340.03125 346 349.66876220703125 348.506256103515625 346.95001220703125 342.88751220703125 334.412506103515625 327.20001220703125 319.912506103515625 312.79998779296875 300.04376220703125 287.07501220703125 277.943756103515625 277.875 274.712493896484375 274.73126220703125 272.199981689453125 265.287506103515625 258.75 254.5124969482421875 251.8000030517578125 250.056243896484375 251.2312469482421875 255.15625 256.337493896484375 253.25 246.4375 243.5124969482421875 236.0187530517578125 225.5625 221.28125 234.0437469482421875 254.2687530517578125 273.162506103515625 287.850006103515625 298.881256103515625 304.993743896484375 308.14373779296875 308.631256103515625 308.38751220703125 305.66876220703125
