data/historical-monthly-weather-data/wc2.1_cruts4.09_10m_prec_1977-01.asc
ncols        45
nrows        45
xllcorner    -63.500000000000
yllcorner    -7.500000000000
cellsize     0.166666666667
NODATA_value -9999
[rows 20 to 39 of 45, columns 0 to 44 of 45]
188.7624969482421875 188.7375030517578125 191.899993896484375 196.8000030517578125 202.1125030517578125 209.868743896484375 218.443756103515625 225.4250030517578125 231.4812469482421875 235.818756103515625 239.087493896484375 241.024993896484375 244.875 249.2624969482421875 240.8062591552734375 225.0625 213.475006103515625 206.462493896484375 204.337493896484375 201.8125 199.818756103515625 196.4499969482421875 192.75 192.943756103515625 194.1875 196.0500030517578125 199.493743896484375 203.6999969482421875 207.7312469482421875 212.40625 212.587493896484375 208.693756103515625 197.662506103515625 185.8000030517578125 175.681243896484375 185.100006103515625 200.8625030517578125 211.3562469482421875 213.3874969482421875 208.087493896484375 198.21875 188.6062469482421875 181.787506103515625 176.7312469482421875 174.556243896484375
189.9250030517578125 188.850006103515625 192.09375 198.118743896484375 205.40625 213.693756103515625 222.2750091552734375 230.8625030517578125 236.806243896484375 237.5500030517578125 236.225006103515625 231.9000091552734375 229.9875030517578125 230.75 227.4875030517578125 219.6062469482421875 213.6437530517578125 208.7062530517578125 205.59375 203.125 198.756256103515625 195.243743896484375 192.806243896484375 193.4375 195.100006103515625 197.7624969482421875 203.3249969482421875 206.3874969482421875 208.381256103515625 210.4250030517578125 208.274993896484375 204.225006103515625 196.774993896484375 191.0749969482421875 187.881256103515625 196.3562469482421875 212.34375 224.9499969482421875 226.40625 218.306243896484375 205.975006103515625 194.75 186.318756103515625 179.868743896484375 176.5749969482421875
191.431243896484375 190.2937469482421875 192.3125 198.3874969482421875 207.087493896484375 217.09375 226.1437530517578125 235.368743896484375 242.912506103515625 239.5437469482421875 231.3125 220.1437530517578125 212.693756103515625 212.75 215.087493896484375 214.462493896484375 211.53125 208.25 205.243743896484375 202.243743896484375 198.1437530517578125 193.9562530517578125 190.59375 191.1125030517578125 194.21875 198.7624969482421875 205.3249969482421875 208.1374969482421875 208.7375030517578125 208.100006103515625 205.193756103515625 202.3562469482421875 200.875 199.8125 201.6437530517578125 209.412506103515625 225.212493896484375 243.193756103515625 242.28125 227.28125 211.931243896484375 199.90625 189.006256103515625 181.412506103515625 177.6750030517578125
194.65625 192.193756103515625 193.0625 199.524993896484375 209.631256103515625 219.318756103515625 228.8125 237.537506103515625 242.9250030517578125 236.875 225.7937469482421875 213.149993896484375 199.3312530517578125 201.774993896484375 208.28125 210.3125 209.193756103515625 206.71875 204.0187530517578125 201.181243896484375 196.2312469482421875 191.6437530517578125 188.118743896484375 188.431243896484375 192.493743896484375 197.399993896484375 205.25 207.8562469482421875 208.5124969482421875 209.568756103515625 209.0437469482421875 209.0500030517578125 209.337493896484375 210.4187469482421875 213.6125030517578125 220.7687530517578125 233.1750030517578125 247.5187530517578125 245.412506103515625 230.212493896484375 214.212493896484375 201.1687469482421875 190.03125 181.993743896484375 178.943756103515625
199.1062469482421875 195.9187469482421875 195.274993896484375 203.6999969482421875 216.100006103515625 224.3562469482421875 231.5187530517578125 237.65625 239.274993896484375 234.443756103515625 225.1687469482421875 214.600006103515625 205.7624969482421875 205.493743896484375 207.993743896484375 209.725006103515625 209.2312469482421875 207.5625 204.212493896484375 199.631256103515625 194.243743896484375 188.5187530517578125 184.375 184.34375 188.149993896484375 194.3937530517578125 201.537506103515625 207.1999969482421875 210.024993896484375 214.0749969482421875 216.899993896484375 220.2937469482421875 220.225006103515625 221.53125 224.2937469482421875 228.087493896484375 235.5187530517578125 239.931243896484375 236.7624969482421875 226.2750091552734375 212.225006103515625 200.0187530517578125 189.3937530517578125 182.443756103515625 178.100006103515625
208.256256103515625 207.40625 207.7062530517578125 215.34375 224.2687530517578125 230.7062530517578125 235.2375030517578125 237.53125 237.0812530517578125 232.756256103515625 226.5625 220.3937530517578125 214.8000030517578125 213.024993896484375 212.1875 212.087493896484375 211.462493896484375 209.431243896484375 205.600006103515625 199.899993896484375 194.1937408447265625 186.4375 180.9562530517578125 179.2937469482421875 183.868743896484375 191.4812469482421875 200.912506103515625 207.931243896484375 213.5187530517578125 218.306243896484375 225.3625030517578125 231.5437469482421875 232.431243896484375 231.84375 233.149993896484375 233.649993896484375 235.53125 234.506256103515625 229.850006103515625 220.59375 208.78125 197.2375030517578125 186.462493896484375 180.274993896484375 178.34375
219.774993896484375 220.274993896484375 222.662506103515625 227.96875 233.337493896484375 237.243743896484375 239.8874969482421875 239.256256103515625 237.5187530517578125 234.943756103515625 230.818756103515625 227.0812530517578125 223.625 221.881256103515625 219.368743896484375 218.1062469482421875 216.5625 213.9375 210.3125 203.3937530517578125 195.837493896484375 188.4562530517578125 180.412506103515625 177.850006103515625 184.462493896484375 192.306243896484375 202.0625 210.506256103515625 217.962493896484375 224.631256103515625 233.59375 240.875 242.46875 240.78125 239.006256103515625 238.006256103515625 237.0062408447265625 232.6875 225.9562530517578125 217.537506103515625 206.274993896484375 194.4875030517578125 184.375 178.8625030517578125 182.0625
233.65625 234.4375 237.649993896484375 241.368743896484375 244.6062469482421875 245.287506103515625 245.0812530517578125 242.743743896484375 240.7687530517578125 237.96875 234.9187469482421875 233.100006103515625 230.7375030517578125 229.3000030517578125 226.3312530517578125 224.34375 221.96875 220.6374969482421875 215.287506103515625 208.943756103515625 202.350006103515625 193.6875 188.412506103515625 186.6437530517578125 190.806243896484375 196.993743896484375 206.256256103515625 214.618743896484375 222.931243896484375 231.6750030517578125 240.212493896484375 247.631256103515625 248.34375 245.4250030517578125 242.9312591552734375 240.6687469482421875 237.2062530517578125 232.3249969482421875 225.756256103515625 216.5500030517578125 206.34375 195.193756103515625 184.243743896484375 179.806243896484375 190.7375030517578125
246.212493896484375 248.3937530517578125 251.25 254.662506103515625 256.29376220703125 254.087493896484375 250 246.96875 244 241.506256103515625 239.4562530517578125 238.274993896484375 237.1687469482421875 237.568756103515625 234.818756103515625 233.0500030517578125 232.181243896484375 229.162506103515625 224.118743896484375 217.5437469482421875 210.368743896484375 202.225006103515625 197.368743896484375 196.568756103515625 199.149993896484375 203.5749969482421875 212.306243896484375 220.6374969482421875 229.7687530517578125 238.5187530517578125 246.0812530517578125 252.6875 252.4562530517578125 249.931243896484375 247.25 243.556243896484375 239.9562530517578125 234.443756103515625 228.125 218.875 207.3312530517578125 197.162506103515625 189.381256103515625 189.6374969482421875 201.6062469482421875
255.931243896484375 258.350006103515625 262.318756103515625 266.29376220703125 266.70001220703125 261.21875 254.6999969482421875 250.587493896484375 247.2375030517578125 244.212493896484375 243.193756103515625 243.9875030517578125 244.5437469482421875 245.8625030517578125 244.9187469482421875 243.443756103515625 242.118743896484375 239.8625030517578125 235.962493896484375 228.318756103515625 220.587493896484375 213.818756103515625 208.375 207.21875 209.40625 213.3125 221.0124969482421875 228.78125 237.4875030517578125 244.8625030517578125 252.193756103515625 258.006256103515625 256.73126220703125 255.09375 252.162506103515625 248.6062469482421875 244.412506103515625 240.193756103515625 233.6750030517578125 225.556243896484375 216.631256103515625 209.1999969482421875 204.2624969482421875 205.3562469482421875 211.399993896484375
263.04998779296875 265.693756103515625 268.01873779296875 271.70001220703125 272.868743896484375 264.29998779296875 257.568756103515625 252.28125 249.006256103515625 246.9875030517578125 247.1062469482421875 249.2062530517578125 251.368743896484375 253.0437469482421875 253.71875 253.125 253.0625 251.568756103515625 247.787506103515625 240.2375030517578125 231.75 224.25 219.5 218.09375 219.3000030517578125 223.5812530517578125 230.8000030517578125 237.899993896484375 246.5187530517578125 252.3125 258.59375 263.6875 261.875 260.17498779296875 257.412506103515625 253.975006103515625 249.6687469482421875 246.568756103515625 241.537506103515625 234.462493896484375 227.837493896484375 222.568756103515625 219.4187469482421875 218.350006103515625 222.7624969482421875
267.431243896484375 269.33123779296875 270.274993896484375 271.51873779296875 270.350006103515625 263.48126220703125 258.58123779296875 252.725006103515625 250.0812530517578125 248.75 249.53125 252.8000030517578125 256.568756103515625 260.54998779296875 262.58123779296875 262.912506103515625 262.13751220703125 260.13751220703125 255.2687530517578125 248.8874969482421875 240.4375 233.181243896484375 228.96875 227.600006103515625 229.774993896484375 233.443756103515625 239.681243896484375 246.9375 254.0437469482421875 259.962493896484375 265.100006103515625 269.16876220703125 267.618743896484375 265.899993896484375 263.456268310546875 259.618743896484375 256.912506103515625 252.6687469482421875 247.4875030517578125 242.274993896484375 239.4812469482421875 236.337493896484375 234.5687408447265625 235.881256103515625 240.193756103515625
268.91876220703125 270.07501220703125 270.806243896484375 270.90625 268.100006103515625 262.34375 256.881256103515625 251.993743896484375 248.71875 249.5500030517578125 253.0187530517578125 257.837493896484375 264.725006103515625 271.48748779296875 273.287506103515625 273.53125 272.26873779296875 268.45001220703125 262.868743896484375 257.024993896484375 249.4187469482421875 242.6875 238.1999969482421875 238.5124969482421875 240.4250030517578125 244.2687530517578125 250.100006103515625 255.7125091552734375 262.493743896484375 268.931243896484375 273.01251220703125 275.318756103515625 274.45001220703125 273.57501220703125 270.881256103515625 267.943756103515625 264.83123779296875 260.95001220703125 255.4375 254.006256103515625 252.125 250.837493896484375 251.28125 254.868743896484375 264.012481689453125
269.1875 269.83123779296875 269.712493896484375 269.15625 265.243743896484375 260.26873779296875 255.4875030517578125 250.5625 247.8937530517578125 248.181243896484375 253.0437469482421875 262.837493896484375 273.337493896484375 281.14373779296875 283.506256103515625 283.318756103515625 282.837493896484375 278.625 271.51251220703125 264.5625 257.837493896484375 251.9375 247.868743896484375 248.1999969482421875 250.306243896484375 253.59375 258.79998779296875 265.131256103515625 272.4375 277.01251220703125 281.162506103515625 283.26251220703125 282.14373779296875 281.931243896484375 279.8125 276.73126220703125 272.943756103515625 268.01873779296875 265.037506103515625 264.212493896484375 262.681243896484375 263.287506103515625 265.86248779296875 271.024993896484375 281.39373779296875
270.875 270.03125 269.26873779296875 267.100006103515625 263.54998779296875 259.125 253.537506103515625 248.4875030517578125 244.03125 245.3000030517578125 253.4375 266.90625 282.73126220703125 293.60626220703125 295.64373779296875 294.29998779296875 292.850006103515625 287.04376220703125 279.51251220703125 270.899993896484375 265.45623779296875 260.274993896484375 256.662506103515625 256.912506103515625 259.368743896484375 261.568756103515625 267.524993896484375 274.462493896484375 281.48748779296875 284.85626220703125 288.40625 291.20001220703125 290.743743896484375 289.79998779296875 287.649993896484375 284.206268310546875 279.350006103515625 276.712493896484375 274.462493896484375 272.631256103515625 271.78125 272.368743896484375 275.71875 280.743743896484375 288.86248779296875
273.92498779296875 272.01251220703125 270.28125 267.375 263.51251220703125 257.70001220703125 252.2375030517578125 245.6374969482421875 239.8562469482421875 240.0437469482421875 250.6062469482421875 269.493743896484375 289.54376220703125 302.71875 305.625 304.6875 301.931243896484375 295.412506103515625 287.26873779296875 278.33123779296875 272.475006103515625 268.29376220703125 264.475006103515625 264.274993896484375 266.48126220703125 269.64373779296875 275.225006103515625 282.131256103515625 289.337493896484375 292.40625 296.36248779296875 298.8125 299.60626220703125 299.35626220703125 297.23126220703125 292.41876220703125 289.712493896484375 285.78125 281.59375 279.54998779296875 278.67498779296875 279.70623779296875 282.0625 286.57501220703125 292.04376220703125
277.08123779296875 274.67498779296875 271.54376220703125 268.13751220703125 263.91876220703125 258.412506103515625 253.4812469482421875 245.943756103515625 237.40625 232.34375 248.024993896484375 277.14373779296875 298.65625 309.70623779296875 313.88751220703125 313.806243896484375 310.98748779296875 303.806243896484375 295.01251220703125 285.32501220703125 279.943756103515625 274.63751220703125 271.274993896484375 271.13751220703125 273.625 277.45001220703125 283.09375 290.475006103515625 297.48748779296875 300.787506103515625 304.34375 306.881256103515625 308.725006103515625 309.36248779296875 307.462493896484375 302.774993896484375 298.45623779296875 293.006256103515625 288.8125 285.23126220703125 282.29998779296875 282.91876220703125 286.024993896484375 289.4375 293.10626220703125
280.26873779296875 277.318756103515625 273.54376220703125 270.399993896484375 266.587493896484375 262.725006103515625 257.962493896484375 251.600006103515625 244.375 237.5124969482421875 266.98748779296875 297.63751220703125 312.34375 319.5 323.10626220703125 322.8125 319.181243896484375 312.33123779296875 303.6875 293.662506103515625 287.20001220703125 280.82501220703125 276.82501220703125 276.92498779296875 279.63751220703125 284.212493896484375 289.443756103515625 296.71875 304.024993896484375 308.23748779296875 311.28125 312.912506103515625 315.287506103515625 317.100006103515625 315.587493896484375 310.67498779296875 304.381256103515625 298.76251220703125 294.26251220703125 289.431243896484375 284.931243896484375 285.881256103515625 287.15625 288.26873779296875 291.975006103515625
285.28125 280.01251220703125 276.75 273.51873779296875 270.32501220703125 267.274993896484375 263.70001220703125 262.41876220703125 265.568756103515625 280.9375 316.524993896484375 324.59375 327.23748779296875 330.45623779296875 332.274993896484375 330.693756103515625 327.57501220703125 319.506256103515625 310.01873779296875 300.100006103515625 291.35626220703125 284.4375 280.375 280.524993896484375 282.931243896484375 287.287506103515625 293.09375 300.54998779296875 308.399993896484375 313.95623779296875 316.993743896484375 318.48126220703125 319.58123779296875 319.16876220703125 319.693756103515625 314.443756103515625 307.23748779296875 301.5 295.774993896484375 289.13751220703125 284.33123779296875 283.92498779296875 283.787506103515625 285.42498779296875 288.59375
290.91876220703125 285.10626220703125 280.975006103515625 276.681243896484375 275.17498779296875 274 273.118743896484375 276.71875 286.256256103515625 303.875 324.600006103515625 335.64373779296875 338.86248779296875 341.29376220703125 341.368743896484375 339.850006103515625 336.274993896484375 328.29376220703125 316.868743896484375 305.681243896484375 293.756256103515625 286.568756103515625 282.337493896484375 282.34375 285.29998779296875 289.493743896484375 295.79998779296875 304.04998779296875 311.743743896484375 317.15625 320.100006103515625 323.34375 325.20623779296875 323.975006103515625 321.337493896484375 315.712493896484375 308.412506103515625 301.89373779296875 295.21875 287.73126220703125 282.712493896484375 281.381256103515625 279.92498779296875 280.524993896484375 283.631256103515625
