data/historical-monthly-weather-data/wc2.1_cruts4.09_10m_prec_2018-04.asc
ncols        51
nrows        45
xllcorner    -63.500000000000
yllcorner    -7.500000000000
cellsize     0.166666666667
NODATA_value -9999
[rows 0 to 19 of 45, columns 0 to 44 of 51]
478.92498779296875 490.11248779296875 490.381256103515625 498.943756103515625 498.212493896484375 485.556243896484375 470.14373779296875 447.04998779296875 426.912506103515625 413.412506103515625 405.10626220703125 395.068756103515625 382.70623779296875 367.462493896484375 352.193756103515625 337.84375 325.4375 311.32501220703125 301.01873779296875 291.48126220703125 286.20623779296875 282.95001220703125 279.0625 279.068756103515625 277.125 278.556243896484375 282.48126220703125 288.962493896484375 294.1875 299.41876220703125 305.28125 311.475006103515625 316.28125 323.09375 329.76873779296875 337.86248779296875 343.868743896484375 350.09375 358.931243896484375 365.75 372.46875 378.587493896484375 381.037506103515625 385.73126220703125 388.35626220703125
496.912506103515625 508.1875 521.90625 533.90625 542.9124755859375 527.1187744140625 507.29376220703125 490.381256103515625 471.087493896484375 454.39373779296875 442.36248779296875 427.09375 411.600006103515625 394.23748779296875 374.506256103515625 358.881256103515625 341.88751220703125 327.537506103515625 314.54998779296875 301.76251220703125 295.60626220703125 290.91876220703125 288.29998779296875 286.61248779296875 286.243743896484375 286.662506103515625 290.243743896484375 296.868743896484375 300.568756103515625 305.243743896484375 312.10626220703125 320.181243896484375 326.26873779296875 334.993743896484375 341.66876220703125 350.29998779296875 359.756256103515625 367.368743896484375 376.181243896484375 382.375 388.412506103515625 395.35626220703125 398.40625 400.774993896484375 402.287506103515625
501.89373779296875 517.57501220703125 529.1312255859375 544.79998779296875 556.4000244140625 545.35626220703125 531.2874755859375 518.95001220703125 506.556243896484375 489.524993896484375 472.08123779296875 452.3125 434.899993896484375 412.975006103515625 392.037506103515625 374.03125 355.79998779296875 341.693756103515625 327.82501220703125 316.181243896484375 310.48126220703125 306.131256103515625 301.23126220703125 298.26251220703125 297.25 296.39373779296875 300.850006103515625 303.756256103515625 305.5 311.48748779296875 318.26251220703125 325.57501220703125 335.368743896484375 344.53125 351.087493896484375 359.76251220703125 372.11248779296875 383.024993896484375 392.01873779296875 400.0625 407.399993896484375 412.3125 415.58123779296875 418.850006103515625 419.9375
496.70623779296875 513.70001220703125 531.9437255859375 543.875 554.98748779296875 552.5562744140625 546.0999755859375 540.10626220703125 534.33123779296875 522.53125 502.25 476.78125 452.45001220703125 430.14373779296875 407.28125 388.024993896484375 370.01251220703125 355.92498779296875 342.66876220703125 331.9375 327.14373779296875 322 314.86248779296875 311.443756103515625 308.462493896484375 304.51873779296875 308.98126220703125 309.91876220703125 311.04376220703125 318.92498779296875 326.087493896484375 333.73748779296875 341.556243896484375 351.04376220703125 358.75 371.087493896484375 383.774993896484375 396.024993896484375 409.04998779296875 417.01873779296875 425.70623779296875 432.51251220703125 433.149993896484375 434.33123779296875 436.818756103515625
514.89373779296875 523.5 526.85626220703125 538.23126220703125 553.95001220703125 554.98748779296875 550.76873779296875 551.8062744140625 554.16876220703125 550.53125 525.70001220703125 491.25 465.681243896484375 443.41876220703125 419.73748779296875 399.36248779296875 380.03125 367.25 354.931243896484375 344.649993896484375 340.61248779296875 334.0625 326.693756103515625 323.58123779296875 316.493743896484375 311.056243896484375 312.73126220703125 316.506256103515625 319.38751220703125 325.493743896484375 333.149993896484375 338.09375 346.25 357.131256103515625 367.087493896484375 380.29998779296875 393.03125 407.125 422.59375 432.98126220703125 444.881256103515625 447.256256103515625 449.100006103515625 452.57501220703125 452.506256103515625
516.95623779296875 527.6937255859375 530.5687255859375 528.92498779296875 541.2437744140625 545.42498779296875 542.7437744140625 544.98126220703125 548.33123779296875 549.98748779296875 521.54998779296875 489.58123779296875 466.51873779296875 446.01251220703125 422.975006103515625 404.5 384.14373779296875 372.274993896484375 363.787506103515625 355.524993896484375 348.95623779296875 341.36248779296875 335.91876220703125 330.14373779296875 323.41876220703125 318.131256103515625 318.73748779296875 321.26873779296875 323.42498779296875 329.318756103515625 336.787506103515625 344.65625 350.899993896484375 361.943756103515625 374.70001220703125 387.64373779296875 403.506256103515625 418.75 435.16876220703125 449.868743896484375 458.48126220703125 461.20623779296875 464.837493896484375 469.618743896484375 471.1875
520.76251220703125 530.3125 531.9000244140625 527.01251220703125 523.625 520.5374755859375 518.35626220703125 518.7125244140625 515.16876220703125 508.118743896484375 495.625 477.51251220703125 463.149993896484375 444.45623779296875 424.86248779296875 409.34375 391.20001220703125 376.912506103515625 367.568756103515625 362.11248779296875 356.65625 349.98126220703125 343.399993896484375 334.67498779296875 328.149993896484375 322.98748779296875 324.087493896484375 324.243743896484375 325.48748779296875 332.162506103515625 340.881256103515625 348.35626220703125 356.881256103515625 365.95623779296875 378.662506103515625 392.524993896484375 407.04998779296875 424.23126220703125 445.26251220703125 460.64373779296875 466.118743896484375 470.67498779296875 476.131256103515625 481.60626220703125 485.568756103515625
525.5625 530.26251220703125 526.875 523.59375 519.33123779296875 511.38751220703125 497.26251220703125 482.41876220703125 467.96875 461.65625 464.850006103515625 462.181243896484375 454.743743896484375 442.35626220703125 427.5625 412.42498779296875 395.73126220703125 382.34375 370.975006103515625 366.89373779296875 363.274993896484375 357.34375 349.03125 340.0625 334.39373779296875 326.20623779296875 326.306243896484375 326.537506103515625 328.03125 335.899993896484375 342.64373779296875 350.48126220703125 359.60626220703125 369.5625 381.318756103515625 392.0625 407.106231689453125 423.13751220703125 442.07501220703125 456.58123779296875 466.337493896484375 474.274993896484375 480.125 484.493743896484375 485.631256103515625
526.58123779296875 530.84375 525.60626220703125 518.33123779296875 512.38751220703125 500.84375 487.537506103515625 469.6875 446.006256103515625 432.58123779296875 441.899993896484375 445.73748779296875 448.881256103515625 439.899993896484375 426.54376220703125 414.725006103515625 401.962493896484375 390.243743896484375 380.9375 373.76251220703125 363.33123779296875 359.412506103515625 350.506256103515625 344.03125 337.17498779296875 326.86248779296875 326.20001220703125 327.662506103515625 329.725006103515625 338.10626220703125 347.412506103515625 353.42498779296875 360.65625 367.46875 378.681243896484375 389.73126220703125 404.381256103515625 417.225006103515625 435.681243896484375 449.78125 460.95623779296875 467.76873779296875 476.412506103515625 483.725006103515625 479.162506103515625
526.46875 526.6312255859375 521.58123779296875 513.9749755859375 505.199981689453125 494.38751220703125 482.70623779296875 466.024993896484375 451.274993896484375 444.225006103515625 446.818756103515625 445.037506103515625 444.73748779296875 437.087493896484375 428.41876220703125 417.6875 407.475006103515625 397.493743896484375 387.931243896484375 383.087493896484375 371.73748779296875 362.462493896484375 352.306243896484375 347.13751220703125 336.34375 324.0625 323.53125 325.375 329.475006103515625 341.07501220703125 348.20623779296875 353.04998779296875 358.881256103515625 365.243743896484375 374.48748779296875 386.181243896484375 396.943756103515625 408.96875 426.14373779296875 443.04998779296875 457.41876220703125 465.524993896484375 472.9375 474.66876220703125 473.11248779296875
526.0687255859375 526.59375 519.29998779296875 509.912506103515625 497.6875 488.01873779296875 478.087493896484375 464.537506103515625 456.35626220703125 452.45623779296875 454.024993896484375 454.0625 445.51873779296875 437.306243896484375 427.70623779296875 418.125 410.53125 402.09375 394.40625 388.14373779296875 381.29998779296875 369.71875 355.368743896484375 339.64373779296875 332.712493896484375 321.11248779296875 319 320.875 324.26251220703125 336.212493896484375 343.962493896484375 349.03125 354.875 360.48748779296875 368.57501220703125 376.100006103515625 385.48748779296875 397.15625 415.07501220703125 432.59375 446.743743896484375 455.181243896484375 466.29998779296875 472 468.54376220703125
520.36248779296875 518.88751220703125 510.65625 506.04998779296875 496.100006103515625 484.04998779296875 477.14373779296875 468.787506103515625 464.04376220703125 461.36248779296875 462.5 463.54998779296875 449.95623779296875 438.14373779296875 427.587493896484375 418.337493896484375 409.59375 400.8125 393.60626220703125 387.92498779296875 379.88751220703125 368.11248779296875 354.28125 342.35626220703125 328.006256103515625 312.48748779296875 311.318756103515625 313.193756103515625 318.04376220703125 327.58123779296875 335.73748779296875 342 345.962493896484375 351.243743896484375 358.306243896484375 366.67498779296875 377.34375 389.54998779296875 403.61248779296875 417.4375 432.350006103515625 442.5 452.131256103515625 453.212493896484375 449.42498779296875
515.5625 512.8375244140625 504.96875 498.21875 490.75 484.70001220703125 475.90625 467.14373779296875 462.26251220703125 463.006256103515625 463.6875 465.043731689453125 453.918731689453125 433.29998779296875 421.818756103515625 414.75 404.193756103515625 394.931243896484375 388.89373779296875 381 372.82501220703125 359.23126220703125 342.493743896484375 330.79998779296875 310.787506103515625 295.17498779296875 298.83123779296875 302.48748779296875 309.962493896484375 318.58123779296875 326.587493896484375 332.368743896484375 335.443756103515625 340.04998779296875 345.25 355.756256103515625 367.11248779296875 379.337493896484375 394.34375 407.75 415.600006103515625 428.11248779296875 434.14373779296875 436.21875 437.66876220703125
508.0625 504.57501220703125 494.89373779296875 487.28125 482.86248779296875 476.78125 468.08123779296875 460.91876220703125 458.48748779296875 457.256256103515625 453.806243896484375 449.83123779296875 442.037506103515625 427.79998779296875 412.09375 405.84375 394.9375 382.98748779296875 376.993743896484375 367.037506103515625 357.35626220703125 342.0625 327.006256103515625 311.774993896484375 295.92498779296875 283.53125 287.1875 293.04376220703125 300.42498779296875 309.54376220703125 317.100006103515625 323.64373779296875 323.88751220703125 327.53125 333.524993896484375 345.29998779296875 357.11248779296875 371.54376220703125 388.29998779296875 399.1875 401.756256103515625 406.04376220703125 419.118743896484375 432.931243896484375 439.09375
493.91876220703125 490.98748779296875 482.850006103515625 476.350006103515625 473.08123779296875 466.92498779296875 460.399993896484375 453.493743896484375 449.20623779296875 445.90625 441.931243896484375 437.35626220703125 428.16876220703125 415.287506103515625 398.024993896484375 386.64373779296875 377.26873779296875 369.725006103515625 362.399993896484375 352.70623779296875 340.95001220703125 328.274993896484375 312.256256103515625 299.243743896484375 286.54998779296875 278.056243896484375 281.88751220703125 289.037506103515625 297.23748779296875 304.66876220703125 309.42498779296875 311.95623779296875 314.73126220703125 316.07501220703125 319.98748779296875 331.29998779296875 349.86248779296875 369.743743896484375 385.837493896484375 392.975006103515625 395.8125 404.475006103515625 422.21875 430.70623779296875 432.631256103515625
476.23748779296875 473.243743896484375 468.76251220703125 464.875 461.024993896484375 455.306243896484375 448.76251220703125 442.774993896484375 441.693756103515625 437.61248779296875 432.82501220703125 426.75 417.71875 403.23748779296875 383.337493896484375 363.725006103515625 358.90625 356.07501220703125 347.20623779296875 338.16876220703125 327.01251220703125 313.17498779296875 297.725006103515625 287.806243896484375 277.881256103515625 272.931243896484375 276.70001220703125 285.25 293.84375 301.637481689453125 308.212493896484375 309.70623779296875 305.10626220703125 303.625 304.13751220703125 323.21875 342.95623779296875 364.79998779296875 382.118743896484375 395.08123779296875 401.274993896484375 411.606231689453125 422.074981689453125 426.337493896484375 425.431243896484375
456.024993896484375 455.375 453.5 451.28125 447.58123779296875 442.337493896484375 438.83123779296875 433.41876220703125 430.725006103515625 428.287506103515625 423.21875 416.850006103515625 406.3125 392.3125 374.943756103515625 358.725006103515625 344.681243896484375 338.774993896484375 333.03125 325.5 314.693756103515625 302.537506103515625 288.14373779296875 277.443756103515625 270.36248779296875 266.6875 272.41876220703125 281.337493896484375 291.70001220703125 300.693756103515625 306.375 307.96875 303.725006103515625 300.91876220703125 307.26251220703125 322.5 344.181243896484375 368.41876220703125 392.056243896484375 403.056243896484375 410.84375 417.83123779296875 419.95001220703125 421.837493896484375 418.60626220703125
430.3125 433.587493896484375 432.48126220703125 434.14373779296875 431.806243896484375 429.21875 427.868743896484375 421.96875 419.90625 416.65625 410.95623779296875 403.41876220703125 392.35626220703125 380.42498779296875 364.41876220703125 350.17498779296875 335.568756103515625 319.51251220703125 317.756256103515625 311.73748779296875 304.46875 293 280.399993896484375 272.29376220703125 268.38751220703125 266.975006103515625 270.57501220703125 282.193756103515625 293.90625 301.493743896484375 302.475006103515625 296 298.70001220703125 301.256256103515625 305.774993896484375 325.20623779296875 346.90625 369.875 390.76873779296875 408.60626220703125 413.51873779296875 418.056243896484375 419.793731689453125 419.912506103515625 416.78125
403.04376220703125 409.193756103515625 411.90625 413.118743896484375 413 413.600006103515625 412.568756103515625 411.33123779296875 410.962493896484375 408.14373779296875 401.024993896484375 388.443756103515625 377.66876220703125 368.3125 349.78125 335.73748779296875 322.63751220703125 308.818756103515625 299.40625 294.306243896484375 293.9375 287 268.38751220703125 266.918731689453125 268.100006103515625 271.587493896484375 278.89373779296875 288.681243896484375 301.01251220703125 306.61248779296875 306.98748779296875 301.600006103515625 299.08123779296875 293.256256103515625 296.59375 316.48126220703125 339.618743896484375 361.881256103515625 386.14373779296875 402.01251220703125 414.04376220703125 418.89373779296875 419.006256103515625 418.61248779296875 415.318756103515625
376.21875 384.96875 388.11248779296875 388.61248779296875 392.60626220703125 398.399993896484375 401.625 399.76873779296875 400.318756103515625 398.45623779296875 390.65625 379.662506103515625 367.899993896484375 356.162506103515625 336.26873779296875 316.212493896484375 300.66876220703125 294.84375 285.65625 280.462493896484375 276.89373779296875 269.57501220703125 263.54376220703125 265.100006103515625 268.993743896484375 274.09375 283.756256103515625 296.91876220703125 306.587493896484375 308.51873779296875 305.20623779296875 306.09375 298.73126220703125 287.08123779296875 283.318756103515625 302.65625 332.16876220703125 360.29998779296875 382.95001220703125 400.83123779296875 411.868743896484375 416.71875 417.5625 416.881256103515625 409.71875
