data/historical-monthly-weather-data/wc2.1_cruts4.09_10m_prec_1973-06.asc
ncols        45
nrows        45
xllcorner    -63.500000000000
yllcorner    -7.500000000000
cellsize     0.166666666667
NODATA_value -9999
[rows 0 to 18 of 45, columns 0 to 43 of 45]
263.71875 261.29376220703125 254.9375 256.14373779296875 253.3874969482421875 251.3625030517578125 244.2312469482421875 236.0187530517578125 225.65625 223.3937530517578125 223.4187469482421875 223.0124969482421875 223.3937530517578125 221.5749969482421875 221.4499969482421875 223.0187530517578125 222.568756103515625 221.6875 220.3625030517578125 221.243743896484375 223.3000030517578125 218.068756103515625 214.600006103515625 211.3249969482421875 210.037506103515625 210.3312530517578125 216.850006103515625 225.931243896484375 227.90625 225.5437469482421875 217.6125030517578125 215.90625 217.662506103515625 215.162506103515625 213.431243896484375 213.475006103515625 213.0124969482421875 214.4812469482421875 212.7624969482421875 213.7062530517578125 217.9812469482421875 227.6437530517578125 229.3562469482421875 233.787506103515625
262.16876220703125 260.899993896484375 261.61248779296875 262.42498779296875 265.01873779296875 263.475006103515625 256.54998779296875 248.1437530517578125 243.337493896484375 240.3312530517578125 237.5187530517578125 234.8312530517578125 228.462493896484375 224.243743896484375 221.4499969482421875 220.3312530517578125 217.3187408447265625 215.431243896484375 215.193756103515625 218.431243896484375 219.306243896484375 214.943756103515625 213.181243896484375 210.4187469482421875 207.2624969482421875 204.806243896484375 209.8249969482421875 214.5187530517578125 215.6750030517578125 209.587493896484375 205.868743896484375 208.306243896484375 207.6999969482421875 206.868743896484375 206.7312469482421875 204.162506103515625 205.5 206.274993896484375 205.4562530517578125 207.381256103515625 214.524993896484375 214.2312469482421875 221.975006103515625 225.96875
256.5 262.98126220703125 264.65625 262.537506103515625 266.98748779296875 269.1875 265.83123779296875 265.256256103515625 261.42498779296875 257.875 252.068756103515625 244.625 238.15625 227.3625030517578125 221.568756103515625 217.8625030517578125 211.75 208.75 207.4250030517578125 207.5437469482421875 208.256256103515625 208.2687530517578125 205.46875 205.875 199.506256103515625 195.368743896484375 202.46875 203.912506103515625 201.0625 200.0187530517578125 194.256256103515625 192.7062530517578125 191.943756103515625 193.0437469482421875 191.1125030517578125 185.818756103515625 190.1062469482421875 194.7687530517578125 195.6374969482421875 199.024993896484375 208.3937530517578125 211.0187530517578125 215.65625 217.9250030517578125
249.28125 251.475006103515625 259.23126220703125 263.33123779296875 265.59375 268.881256103515625 271.875 274.350006103515625 275.25 273.82501220703125 264.73748779296875 252.9499969482421875 241.1875 228.2375030517578125 221.4375 215.7062530517578125 205.6374969482421875 201.9875030517578125 199.037506103515625 203.4499969482421875 201.8125 196.5812530517578125 195.0124969482421875 196.6437530517578125 190.0500030517578125 185.96875 189.2624969482421875 187.59375 187.493743896484375 186.6062469482421875 182.6062469482421875 178.100006103515625 177.3125 174.3937530517578125 173.1687469482421875 178.34375 184.0187530517578125 186.868743896484375 188.037506103515625 192.087493896484375 200.243743896484375 207.59375 211.662506103515625 212.975006103515625
261.46875 260.82501220703125 253.318756103515625 260.274993896484375 270.36248779296875 270.5625 275 283.79376220703125 290.76873779296875 290.6875 280.037506103515625 258.07501220703125 244.3000030517578125 231.149993896484375 219.912506103515625 211.84375 202.693756103515625 193.21875 188.443756103515625 189.568756103515625 187.3312530517578125 185.2624969482421875 184.399993896484375 184.53125 178.350006103515625 175.318756103515625 175.25 177.75 177.318756103515625 172.287506103515625 170.6437530517578125 168.256256103515625 166.03125 165.212493896484375 167.287506103515625 169.03125 174.7624969482421875 181.1062469482421875 181.5812530517578125 183.943756103515625 192.7687530517578125 199.75 205.587493896484375 211.087493896484375
260.881256103515625 265.068756103515625 259.149993896484375 248.5187530517578125 262.043731689453125 273.618743896484375 274.79998779296875 280.087493896484375 291.037506103515625 292.887481689453125 276.662506103515625 255.4562530517578125 241.899993896484375 228.600006103515625 214.59375 205.5124969482421875 194.6062469482421875 184.90625 181.9187469482421875 180.1999969482421875 180.006256103515625 177.068756103515625 174.8312530517578125 170.568756103515625 168.0124969482421875 165.806243896484375 163.6999969482421875 165.662506103515625 165.5749969482421875 161.1374969482421875 161.4875030517578125 159.7312469482421875 160.631256103515625 158.9499969482421875 157.3000030517578125 165.3562469482421875 168.412506103515625 168.7375030517578125 173.7624969482421875 182.556243896484375 187.4187469482421875 195.8562469482421875 198.9937591552734375 203.524993896484375
266.5625 267.70001220703125 263.024993896484375 257.306243896484375 253.4187469482421875 253.3937530517578125 254.662506103515625 266.100006103515625 267.837493896484375 269.1875 260.38751220703125 244.1812591552734375 234.787506103515625 224.556243896484375 211.3312530517578125 200.6312408447265625 191.4562530517578125 181.6687469482421875 173.618743896484375 171.912506103515625 166.8874969482421875 164.618743896484375 161.3312530517578125 159.7312469482421875 160.625 158.2375030517578125 155.381256103515625 154.875 154.3249969482421875 156.0124969482421875 152.181243896484375 148.0500030517578125 148.0187530517578125 150.5625 154.40625 158.1999969482421875 157.9250030517578125 161.4812469482421875 165.6999969482421875 175.2937469482421875 180.056243896484375 186.1999969482421875 192.3312530517578125 196.975006103515625
268.649993896484375 264.5 260.756256103515625 262.34375 259.03125 261.76873779296875 249.8874969482421875 239.78125 231.649993896484375 237.087493896484375 237.943756103515625 231.2375030517578125 225.6437530517578125 216.556243896484375 208.350006103515625 197.84375 185.25 176.09375 167.21875 159.5187530517578125 162.9187469482421875 158.006256103515625 153.381256103515625 151.024993896484375 151.506256103515625 147.28125 145.3874969482421875 144.618743896484375 144.1125030517578125 142.2312469482421875 144.7062530517578125 140.6125030517578125 141.7375030517578125 143.15625 142.931243896484375 146.068756103515625 149.2687530517578125 152.943756103515625 153.725006103515625 158.350006103515625 165.368743896484375 174.818756103515625 176.4562530517578125 177.5
266.42498779296875 264.73748779296875 257.837493896484375 256.225006103515625 255.3937530517578125 251.40625 249.1374969482421875 243.8312530517578125 226.7937469482421875 216.212493896484375 214.21875 212.78125 214.881256103515625 208.59375 201.649993896484375 190.431243896484375 184.7375030517578125 177.84375 170.5 159.7687530517578125 151.8874969482421875 153.4187469482421875 144.868743896484375 146.8375091552734375 143.5437469482421875 140.2687530517578125 138.53125 139.4562530517578125 142.225006103515625 139.943756103515625 143.0062408447265625 133.725006103515625 129.4812469482421875 129.5437469482421875 133.3562469482421875 141.5625 147.381256103515625 153.15625 153.9499969482421875 154.5500030517578125 157.0124969482421875 158.681243896484375 167.0437469482421875 167.5374908447265625
264.29376220703125 263.29998779296875 257.225006103515625 255.024993896484375 253.0187530517578125 247.6374969482421875 243.8125 234.6437530517578125 226.75 217.9562530517578125 208.943756103515625 197.618743896484375 201.9812469482421875 200.0187530517578125 195.34375 188.225006103515625 179.9812469482421875 178.71875 172.0749969482421875 164.6374969482421875 153.225006103515625 146.625 136.6687469482421875 136.0749969482421875 131.868743896484375 131.712493896484375 131.03125 130.743743896484375 130.8625030517578125 132.774993896484375 134.037506103515625 128.5625 128.100006103515625 128.9250030517578125 129.318756103515625 135.318756103515625 142.9875030517578125 150.65625 153.6999969482421875 159.65625 164.5812530517578125 165.5749969482421875 160.725006103515625 154.100006103515625
265.243743896484375 261.67498779296875 255.21875 250.9375 246.131256103515625 244.03125 234.625 226.1062469482421875 221.3562469482421875 215.3874969482421875 209.2375030517578125 199.056243896484375 192.024993896484375 191.3000030517578125 186.5625 181.587493896484375 175.162506103515625 169.899993896484375 167.3625030517578125 165.712493896484375 163.0124969482421875 151.212493896484375 135.149993896484375 121.33750152587890625 122.61875152587890625 128.8249969482421875 129.5625 126.81874847412109375 124.18125152587890625 124.71250152587890625 125.5625 123.16249847412109375 124.50624847412109375 126.28749847412109375 128.006256103515625 131.09375 138.475006103515625 144.1374969482421875 153.212493896484375 157.2937469482421875 160.9000091552734375 158.71875 157.6374969482421875 146.0124969482421875
258.90625 256.3125 253.649993896484375 245.756256103515625 241.8000030517578125 235.6374969482421875 232.6437530517578125 226.431243896484375 220.6750030517578125 208.9499969482421875 205.881256103515625 198.9250030517578125 184.25 183.1374969482421875 183.9499969482421875 178.2312469482421875 171.975006103515625 168.21875 167.4250030517578125 171.8125 169.524993896484375 158.725006103515625 140.587493896484375 122.6062469482421875 118.7312469482421875 118.8000030517578125 117.5749969482421875 118.0124969482421875 119.05625152587890625 118.28749847412109375 114.59375 115.86875152587890625 118.3312530517578125 118.25 122.59375 130.0625 139.3625030517578125 146.34375 147.8000030517578125 156.131256103515625 160.350006103515625 156.7312469482421875 144.4562530517578125 125.4562530517578125
257.274993896484375 252.6999969482421875 247.787506103515625 240.21875 237.5625 229.431243896484375 224.8562469482421875 219.7062530517578125 211.3125 203.743743896484375 199.181243896484375 195.100006103515625 187.381256103515625 173.681243896484375 170.6125030517578125 169.225006103515625 165.2375030517578125 164.09375 158.1062469482421875 160.8874969482421875 161.537506103515625 151.693756103515625 137.725006103515625 123.1125030517578125 111.53125 109.36875152587890625 111.13124847412109375 112.71875 115.00624847412109375 116.4812469482421875 112.1875 109.3249969482421875 114.18125152587890625 112.9250030517578125 116.6374969482421875 125.65000152587890625 138.412506103515625 148.2624969482421875 159.431243896484375 162.7624969482421875 159.443756103515625 152.9250030517578125 133.5625 118.21875
253.09375 248.6374969482421875 242.03125 235.350006103515625 228.524993896484375 222.8000030517578125 216.162506103515625 213.1437530517578125 207.5124969482421875 198.5 192.9749908447265625 185.3125 180.2937469482421875 171.493743896484375 157.5437469482421875 159.5500030517578125 155.1437530517578125 151.71875 148.375 149.3562469482421875 148.2312469482421875 139.59375 128.40625 120.1125030517578125 112.34999847412109375 106.41249847412109375 104.8625030517578125 104.625 106.2062530517578125 107.13124847412109375 107.8625030517578125 106.91249847412109375 109.21250152587890625 112.1999969482421875 113.0187530517578125 126.875 143.53125 158.2937469482421875 170.100006103515625 170 152.443756103515625 139.0500030517578125 133.993743896484375 134.618743896484375
243.149993896484375 239.225006103515625 235.59375 230.8000030517578125 223.5812530517578125 217.618743896484375 212.912506103515625 207.524993896484375 201.3562469482421875 194.3249969482421875 187.0749969482421875 180.5999908447265625 174.774993896484375 164.524993896484375 148.7687530517578125 148.65625 145.975006103515625 145.8625030517578125 139.556243896484375 138.7062530517578125 138.4875030517578125 131.40625 124.4875030517578125 119.3874969482421875 116.3874969482421875 111.5 109.90625 108.4562530517578125 110.4499969482421875 107.33750152587890625 103.5500030517578125 104.88124847412109375 111.46250152587890625 110.15625 107.41249847412109375 114.83750152587890625 137.96875 162.3937530517578125 170.631256103515625 165.6875 158.212493896484375 152.625 153.28125 143.2624969482421875
236.443756103515625 230.1374969482421875 226.837493896484375 220.09375 217.587493896484375 212.962493896484375 206.931243896484375 200.15625 197.181243896484375 194.3000030517578125 186.8937530517578125 179.3874969482421875 173.431243896484375 163.6999969482421875 150.0187530517578125 133.868743896484375 134.75 137.78125 132.2062530517578125 130.8000030517578125 129.024993896484375 124.25 120.6750030517578125 119.78125 117.5437469482421875 113.38124847412109375 110.03125 109.7624969482421875 109.6875 111.31874847412109375 109.4812469482421875 106.74375152587890625 103.7687530517578125 100.71875 98.75 119.4875030517578125 132.712493896484375 150.443756103515625 163.6875 170.037506103515625 172.006256103515625 168.350006103515625 158.899993896484375 143.868743896484375
227.7375030517578125 223.46875 217.5812530517578125 215.087493896484375 212.1875 208.84375 202.943756103515625 197.84375 190.681243896484375 186.1437530517578125 182.96875 177.5124969482421875 168.806243896484375 159.6187591552734375 152.037506103515625 137.3874969482421875 121.15000152587890625 122.91249847412109375 123.65625 121.38124847412109375 117.96875 116.50624847412109375 113.9375 117.6374969482421875 115.9250030517578125 108.56874847412109375 105.7375030517578125 105.06874847412109375 108.8625030517578125 111.59375 112.88124847412109375 113.0749969482421875 110.1062469482421875 111.15625 120.21875 130.787506103515625 146.5812530517578125 161.1875 173.068756103515625 169.0124969482421875 170.4499969482421875 162.7375030517578125 149.3000030517578125 140.024993896484375
217.537506103515625 214.556243896484375 213.0437469482421875 210.806243896484375 208.7937469482421875 207.899993896484375 201.149993896484375 195.225006103515625 188.225006103515625 180.2937469482421875 174.587493896484375 172.3562469482421875 163.0437469482421875 155.399993896484375 150.3937530517578125 139.5812530517578125 124.00624847412109375 109.43125152587890625 117.7624969482421875 112.2062530517578125 108.6875 107.1374969482421875 108.49375152587890625 111.21250152587890625 112.33750152587890625 105.49375152587890625 100.9562530517578125 104.84375 107.96250152587890625 108.34375 104.6062469482421875 101.68125152587890625 117.1687469482421875 122.27500152587890625 127.13124847412109375 152.068756103515625 165.3937530517578125 165.8874969482421875 169.962493896484375 168.5437469482421875 155.7937469482421875 145.256256103515625 135.3000030517578125 129.837493896484375
208.618743896484375 208.662506103515625 207.5 206.712493896484375 206.068756103515625 202.1687469482421875 196.84375 190.618743896484375 185.631256103515625 180.0187530517578125 172.8562469482421875 162.506256103515625 155.181243896484375 150.149993896484375 142.818756103515625 134.787506103515625 128.21875 111.33750152587890625 103.38124847412109375 100.63124847412109375 101.3625030517578125 103.65000152587890625 94.65625 100.45000457763671875 101.9875030517578125 104.08750152587890625 103.81874847412109375 102.3562469482421875 107.65000152587890625 107.8000030517578125 105.8874969482421875 108.4250030517578125 117.24375152587890625 120.52500152587890625 129.899993896484375 148.3562469482421875 154.9375 153.8937530517578125 156.90625 151.15625 140.7937469482421875 127.7624969482421875 123.13124847412109375 121.8000030517578125
