data/historical-monthly-weather-data/wc2.1_cruts4.09_10m_prec_1962-05.asc
ncols        45
nrows        45
xllcorner    -63.500000000000
yllcorner    -7.500000000000
cellsize     0.166666666667
NODATA_value -9999
[rows 0 to 19 of 45, columns 0 to 43 of 45]
379.149993896484375 377.556243896484375 379.08123779296875 388.10626220703125 394.037506103515625 399.1875 399.41876220703125 401.975006103515625 403.087493896484375 407.412506103515625 408.76251220703125 403.46875 400.14373779296875 397.306243896484375 390.23748779296875 385.20623779296875 378.66876220703125 370.431243896484375 365.475006103515625 363.868743896484375 364.67498779296875 365.35626220703125 370 369.01873779296875 369.5 371.837493896484375 370.20001220703125 370.20623779296875 368.462493896484375 377.26873779296875 382.4375 390.54376220703125 399.850006103515625 407.118743896484375 414.23126220703125 421.318756103515625 426.243743896484375 426.943756103515625 424.631256103515625 424.087493896484375 420.01251220703125 416.60626220703125 409.45623779296875 407.681243896484375
377.181243896484375 372.48748779296875 377.15625 386.868743896484375 396.912506103515625 402.98126220703125 403.1875 405.96875 409.475006103515625 410.20001220703125 411.60626220703125 405.61248779296875 399.15625 393.018768310546875 383.83123779296875 375.34375 367.01251220703125 356.649993896484375 352.5 350.1875 351.33123779296875 353.90625 356.66876220703125 360.662506103515625 362.95001220703125 365.08123779296875 367.712493896484375 369.506256103515625 370.96875 377.962493896484375 383.806243896484375 396.443756103515625 403.04376220703125 413.46875 419.90625 419.993743896484375 425.82501220703125 426.118743896484375 425.5625 417.51873779296875 412.23126220703125 413.368743896484375 406.29376220703125 398.36248779296875
371.056243896484375 370.03125 377.51251220703125 385.42498779296875 392.443756103515625 399.40625 404.287506103515625 410.41876220703125 414.54998779296875 414.91876220703125 413.86248779296875 404.73126220703125 394.90625 383.443756103515625 373.287506103515625 364.98126220703125 354.26251220703125 343.306243896484375 339.13751220703125 338.118743896484375 340.70001220703125 346.78125 351.225006103515625 355.61248779296875 359.26251220703125 365.85626220703125 371.51251220703125 372.899993896484375 373.306243896484375 381.07501220703125 388.45623779296875 399.350006103515625 410.73748779296875 418.225006103515625 426.95623779296875 424.818756103515625 427.006256103515625 427.337493896484375 423.08123779296875 416.79998779296875 413.9375 407.287506103515625 402.48126220703125 394.28125
360.01873779296875 357.193756103515625 371.399993896484375 378.36248779296875 385.59375 391.48748779296875 398.07501220703125 407.79998779296875 417.381256103515625 419.243743896484375 413.818756103515625 401.662506103515625 386.20001220703125 372.64373779296875 361.193756103515625 350.587493896484375 338.443756103515625 329.193756103515625 325.568756103515625 328.125 337.056243896484375 342.83123779296875 346.850006103515625 353.42498779296875 358.61248779296875 364.25 371.65625 371.868743896484375 373.131256103515625 385.15625 394.57501220703125 405.743743896484375 414.625 420.98126220703125 425.76873779296875 429.90625 432.60626220703125 431.0625 426.087493896484375 419.64373779296875 412.862518310546875 409.475006103515625 398.4375 388.193756103515625
371.26251220703125 364.42498779296875 359.32501220703125 365.17498779296875 374.60626220703125 379.48126220703125 388.23126220703125 400.45623779296875 415.587493896484375 421.975006103515625 410.46875 391.39373779296875 377.493743896484375 363.89373779296875 351.256256103515625 338.33123779296875 324.73748779296875 316.943756103515625 314.13751220703125 319.23748779296875 329.66876220703125 335.881256103515625 339.975006103515625 351.693756103515625 356.693756103515625 363.33123779296875 365.287506103515625 370.73126220703125 374.46875 385.568756103515625 398.243743896484375 407.881256103515625 414.98748779296875 424.90625 431.57501220703125 431.068756103515625 434.212493896484375 434.618743896484375 429.962493896484375 421.431243896484375 415.587493896484375 405.89373779296875 394.912506103515625 386.23748779296875
374.79998779296875 368.70001220703125 361.25 351.649993896484375 361.431243896484375 372.193756103515625 380.850006103515625 389.65625 405.506256103515625 413.70001220703125 403.98126220703125 383.20623779296875 372.118743896484375 360.787506103515625 345.8125 336.212493896484375 321.399993896484375 312.73126220703125 311.6875 318.67498779296875 327.631256103515625 336.15625 344.350006103515625 350.462493896484375 357.40625 364.46875 367.431243896484375 370.556243896484375 376.524993896484375 387.868743896484375 399.79376220703125 410.912506103515625 415.61248779296875 422.01873779296875 425.59375 425.875 425.274993896484375 423.51873779296875 423.806243896484375 415.8125 405.90625 397.649993896484375 386.03125 377.28125
381.131256103515625 372.975006103515625 364.32501220703125 355.443756103515625 353.28125 356.29376220703125 362.95001220703125 370.443756103515625 372.274993896484375 380.36248779296875 379.75 369.181243896484375 362.693756103515625 354.86248779296875 343.693756103515625 333.162506103515625 324.4375 319.243743896484375 317.20001220703125 324.13751220703125 330.32501220703125 336.725006103515625 341.14373779296875 350.350006103515625 359.350006103515625 369.95001220703125 371.212493896484375 373.45001220703125 375.26873779296875 386.54376220703125 398.79376220703125 406.100006103515625 406.96875 410.67498779296875 413.70623779296875 414.98748779296875 411.36248779296875 408.57501220703125 409.51873779296875 405.57501220703125 394.17498779296875 383.46875 373.01251220703125 367.068756103515625
385.693756103515625 376.11248779296875 366.70001220703125 360.431243896484375 357.1875 359.09375 353.193756103515625 340.306243896484375 330.84375 341.28125 354.58123779296875 354.63751220703125 355.33123779296875 349.78125 342.26251220703125 335.67498779296875 328.618743896484375 327.118743896484375 325.712493896484375 327.056243896484375 335.787506103515625 339.943756103515625 344.29998779296875 348.98748779296875 360.475006103515625 364.48126220703125 370.125 370.868743896484375 373.32501220703125 383.743743896484375 394.318756103515625 400.056243896484375 400.693756103515625 398.681243896484375 395.92498779296875 393.743743896484375 391.375 390.28125 387.587493896484375 378.76873779296875 373.037506103515625 364.100006103515625 356.556243896484375 348.26251220703125
388.125 378.693756103515625 371.462493896484375 363.41876220703125 358.100006103515625 356.76873779296875 350.043731689453125 339.162506103515625 322.41876220703125 318.287506103515625 331.875 341.15625 349.274993896484375 346.1875 341.51251220703125 339.11248779296875 335.29998779296875 336.70623779296875 339.39373779296875 334.287506103515625 334.6875 342.26873779296875 341.60626220703125 354.162506103515625 358.306243896484375 360.675018310546875 361.63751220703125 366.756256103515625 373.625 379.17498779296875 389.5 390.79998779296875 381.88751220703125 374.625 373.125 371.51251220703125 369.36248779296875 368.03125 367.86248779296875 358.26251220703125 348.86248779296875 340.90625 338.20623779296875 335.243743896484375
388.912506103515625 381.675018310546875 374.756256103515625 368.61248779296875 359.65625 357.756256103515625 352.475006103515625 344.243743896484375 335.975006103515625 334.54376220703125 339.15625 337.75 347.14373779296875 344.756256103515625 344.20001220703125 340.79376220703125 338.412506103515625 340.38751220703125 344.537506103515625 345.506256103515625 342.41876220703125 340.63751220703125 340.868743896484375 349.98748779296875 351.08123779296875 353.46875 353.649993896484375 358.29998779296875 366.76873779296875 374.756256103515625 376.66876220703125 373.54376220703125 367.056243896484375 359.381256103515625 352.23748779296875 349.006256103515625 344.875 343.600006103515625 343.931243896484375 341.38751220703125 337.475006103515625 334.20001220703125 324.20623779296875 315.63751220703125
389.11248779296875 384.16876220703125 376.25 370.899993896484375 362.193756103515625 361.57501220703125 357.64373779296875 348.07501220703125 342.66876220703125 344.524993896484375 349.556243896484375 351.662506103515625 346.118743896484375 346.193756103515625 343.51251220703125 340.193756103515625 339.16876220703125 342.82501220703125 346.631256103515625 351.568756103515625 359.350006103515625 351.931243896484375 344.943756103515625 334.818756103515625 344.149993896484375 351.48748779296875 351.26251220703125 354.58123779296875 356.67498779296875 358.21875 360.306243896484375 357.9375 349.1875 339.8125 330.48748779296875 323.337493896484375 318.712493896484375 318.36248779296875 322.61248779296875 323.23126220703125 321.71875 317.36248779296875 314.79998779296875 303.287506103515625
390.32501220703125 383.83123779296875 377.193756103515625 372.056243896484375 365.82501220703125 361.375 360.9375 356.46875 354.649993896484375 351.79998779296875 355.625 361.26873779296875 349.70001220703125 346.67498779296875 346.381256103515625 340.36248779296875 338.61248779296875 341.89373779296875 346.912506103515625 356.38751220703125 368.475006103515625 367.42498779296875 357.943756103515625 343.13751220703125 336.5 334.243743896484375 331.306243896484375 334.04376220703125 338.96875 338.51251220703125 334.32501220703125 330.5625 322.10626220703125 312.943756103515625 307.212493896484375 304.306243896484375 302.20623779296875 299.818756103515625 301.837493896484375 303.95623779296875 305.82501220703125 302.681243896484375 295.431243896484375 276.125
392.40625 383.10626220703125 375.88751220703125 371.36248779296875 364.756256103515625 363.399993896484375 360.07501220703125 354.95001220703125 354.71875 356.95623779296875 359.693756103515625 362.556243896484375 356.975006103515625 340.86248779296875 336.98748779296875 336.756256103515625 334.556243896484375 338.01873779296875 342.40625 351.51251220703125 367.837493896484375 365.76251220703125 357.4375 341.943756103515625 317.76873779296875 309.32501220703125 315.16876220703125 318.89373779296875 324.29376220703125 323.743743896484375 315.66876220703125 305.75 296.037506103515625 286.25 281.95623779296875 282.85626220703125 283.08123779296875 284.61248779296875 289.6875 291.67498779296875 291.21875 289.243743896484375 274.09375 259.54376220703125
386.16876220703125 378.225006103515625 373.08123779296875 368.20001220703125 363.956268310546875 360.73748779296875 356.625 353.25 355.662506103515625 357.318756103515625 353.399993896484375 352.42498779296875 347.54998779296875 338.53125 323.04376220703125 326.03125 323.79376220703125 325.08123779296875 331.625 340.943756103515625 353.118743896484375 353.96875 349.08123779296875 338.25 319.9375 308.42498779296875 305.774993896484375 303.625 305.85626220703125 300.82501220703125 296.36248779296875 284.493743896484375 274.637481689453125 265.587493896484375 259.868743896484375 264.181243896484375 269.162506103515625 274.100006103515625 280.86248779296875 279.912506103515625 269.34375 259.11248779296875 256.32501220703125 256.318756103515625
379.79376220703125 374.17498779296875 370.35626220703125 365.03125 359.82501220703125 357.32501220703125 356.962493896484375 355.962493896484375 355.181243896484375 352.26873779296875 346.993743896484375 343.875 336.100006103515625 326.600006103515625 306.337493896484375 306.962493896484375 307.375 312.66876220703125 318.54376220703125 325.600006103515625 337.993743896484375 342.95001220703125 343.98126220703125 342.975006103515625 335.35626220703125 326.61248779296875 315.82501220703125 308.625 303.26873779296875 293.868743896484375 278.931243896484375 265.15625 259.04998779296875 246.1875 235.681243896484375 237.4812469482421875 253.2062530517578125 264.53125 268.4375 263.006256103515625 251.3874969482421875 248.65625 254.5124969482421875 253.5625
372.318756103515625 366.256256103515625 364.787506103515625 361.431243896484375 355.618743896484375 355.67498779296875 356.318756103515625 354.681243896484375 351.09375 348.58123779296875 341.399993896484375 335.98126220703125 327.725006103515625 320.11248779296875 303.70001220703125 286.350006103515625 291.01873779296875 302.65625 305.256256103515625 311.46875 323.912506103515625 336.962493896484375 346.26251220703125 351.65625 346.618743896484375 335.88751220703125 321.631256103515625 308.59375 299.71875 290.0625 278.21875 261.73748779296875 243.493743896484375 226.4562530517578125 214.962493896484375 229.274993896484375 238.125 247.1750030517578125 253.256256103515625 253.15625 246.4812469482421875 244.274993896484375 245.8249969482421875 240.274993896484375
367.11248779296875 362.006256103515625 358.29998779296875 356.89373779296875 355.09375 352.70001220703125 351.42498779296875 348.818756103515625 347.381256103515625 344.0625 338.4375 334.57501220703125 325.243743896484375 315.725006103515625 303.10626220703125 289.818756103515625 275.09375 284.162506103515625 291.73126220703125 298.912506103515625 312.149993896484375 326.25 342.837493896484375 355.850006103515625 357.6875 336.368743896484375 317.4375 304.181243896484375 294.037506103515625 283.33123779296875 272.40625 260.04376220703125 243.524993896484375 228.6062469482421875 228.6875 231.125 239.024993896484375 247.1062469482421875 256.556243896484375 249.412506103515625 240.6374969482421875 236.118743896484375 231.34375 229.537506103515625
360.5 357.95001220703125 356.45001220703125 354.100006103515625 352.64373779296875 354.0625 351.08123779296875 346.85626220703125 343.056243896484375 340.34375 334.875 333.79376220703125 321.36248779296875 313.86248779296875 302.23126220703125 291.07501220703125 277.475006103515625 265.931243896484375 283.006256103515625 287.9375 299.212493896484375 314.149993896484375 330.5625 343.4375 347.087493896484375 330.33123779296875 306.54998779296875 296.243743896484375 287.193756103515625 272.412506103515625 252.9875030517578125 236.837493896484375 240.2375030517578125 236.9187469482421875 232.318756103515625 243.78125 250.818756103515625 249.787506103515625 251.6999969482421875 246.40625 231.412506103515625 225.274993896484375 220.40625 218.8625030517578125
353.76873779296875 352.21875 350.40625 351.662506103515625 352.4375 351.681243896484375 350.368743896484375 348.16876220703125 344.11248779296875 342.524993896484375 334.67498779296875 324.024993896484375 314.131256103515625 307.70001220703125 297.206268310546875 289.54376220703125 281 265.98126220703125 264.0625 270.66876220703125 282.64373779296875 301.0625 300.33123779296875 314.350006103515625 318.14373779296875 315.256256103515625 301.70623779296875 285.412506103515625 276.337493896484375 261.76251220703125 246.375 237.618743896484375 238.6875 235.462493896484375 234.162506103515625 241.21875 241.15625 237.4375 239.712493896484375 231.8000030517578125 219.756256103515625 212.0749969482421875 209.725006103515625 210.243743896484375
345.33123779296875 345.100006103515625 345.3125 344.181243896484375 346.524993896484375 352.256256103515625 353.29998779296875 351 346.625 340.743743896484375 335.76873779296875 330.725006103515625 325.21875 313.28125 299.91876220703125 281.256256103515625 266.100006103515625 265.83123779296875 261.95623779296875 264.29998779296875 266 276.712493896484375 291.3125 295.100006103515625 292.6875 284.125 276.83123779296875 271.61248779296875 258.26251220703125 242.462493896484375 233.9250030517578125 237.9499969482421875 234.8625030517578125 229.618743896484375 230.868743896484375 234.0812530517578125 232.993743896484375 229.6374969482421875 226.1062469482421875 220.1374969482421875 207.1999969482421875 199.443756103515625 200.0812530517578125 200.524993896484375
