data/historical-monthly-weather-data/wc2.1_cruts4.09_10m_prec_2024-07.asc
ncols        45
nrows        45
xllcorner    -63.500000000000
yllcorner    -7.500000000000
cellsize     0.166666666667
NODATA_value -9999
[rows 19 to 37 of 45, columns 0 to 43 of 45]
124.41249847412109375 124.9562530517578125 121.875 118.5437469482421875 114.28125 112.2375030517578125 104.61875152587890625 99.71875 95.86875152587890625 89.63124847412109375 84.5625 82.84999847412109375 78.875 74.91249847412109375 69 62.418750762939453125 58.299999237060546875 62.41249847412109375 58.375 56.362499237060546875 52.549999237060546875 55.21250152587890625 60.325000762939453125 62.84375 62.575000762939453125 58.93125152587890625 57.0625 57.706249237060546875 56.193752288818359375 54.96250152587890625 57.375 63.58750152587890625 65.6062469482421875 67.28749847412109375 69.40000152587890625 70.02500152587890625 67.59999847412109375 63.418750762939453125 58.65000152587890625 51.63124847412109375 43.09375 36.831249237060546875 33.3125 29.631250381469726562
111.0625 118.15625 120.08750152587890625 114.5437469482421875 108.6062469482421875 106.59999847412109375 101.1374969482421875 96.9562530517578125 92.46875 87.61875152587890625 81.83750152587890625 80.09375 77.3000030517578125 72.7312469482421875 67.1437530517578125 61.950000762939453125 58.875 58.38124847412109375 59.16249847412109375 55.28125 57.200000762939453125 59.58750152587890625 62.793750762939453125 65.8625030517578125 65.0812530517578125 60.456249237060546875 55.25624847412109375 55.231250762939453125 55.924999237060546875 56.27500152587890625 60.03125 63.856250762939453125 62.77500152587890625 64.39374542236328125 66.09375 65.52500152587890625 63.33750152587890625 58.21875 52.50624847412109375 46.018749237060546875 39.61875152587890625 35.31874847412109375 31.362499237060546875 28.200000762939453125
106.2687530517578125 106.58750152587890625 110.16249847412109375 108.88124847412109375 105.7062530517578125 99.8125 95.4812469482421875 91.69374847412109375 88.6374969482421875 84.3937530517578125 80.5437469482421875 76.41249847412109375 72.84999847412109375 71.75 69.1875 64.1687469482421875 62.924999237060546875 61.043750762939453125 60.5 59.05625152587890625 57.78125 59.66249847412109375 62.762500762939453125 62.34375 59.875 56.65625 56.737499237060546875 54.50624847412109375 56.924999237060546875 59.5625 60.924999237060546875 61.90625 60.893749237060546875 60.78749847412109375 60.1875 60.21250152587890625 58.03125 53.643749237060546875 48.612499237060546875 43.13124847412109375 37.65000152587890625 33.981250762939453125 30.600000381469726562 27.537500381469726562
101.34375 106.52500152587890625 107.59375 104.9250030517578125 101.13124847412109375 96.9499969482421875 88.3312530517578125 84.88750457763671875 83.46875 83.15000152587890625 80.625 76.65000152587890625 74.8937530517578125 72.52500152587890625 71.40000152587890625 69.0625 65.05625152587890625 61.71250152587890625 60.21875 60.21875 62.137500762939453125 61.71875 62.28125 61.25 60.606250762939453125 56.487499237060546875 54.31874847412109375 54.625 54.99375152587890625 56.22499847412109375 57.549999237060546875 59.33750152587890625 57.53125 55.40000152587890625 55.16249847412109375 53.11875152587890625 51.90000152587890625 47.61875152587890625 44.424999237060546875 40.5 35.97499847412109375 32.018749237060546875 29.068750381469726562 26.225000381469726562
93.40625 101.02500152587890625 104.93125152587890625 101.68125152587890625 97.8874969482421875 92.2062530517578125 88.80625152587890625 83.9812469482421875 80.27500152587890625 77.34375 75.99375152587890625 77.27500152587890625 75.65000152587890625 74.5625 71.4250030517578125 69.05625152587890625 64.6999969482421875 63.731250762939453125 61.856250762939453125 62.99375152587890625 62.568752288818359375 64.1437530517578125 64.13124847412109375 64.66249847412109375 62.956249237060546875 58.075000762939453125 57 53.956249237060546875 53.08750152587890625 53.78125 55.137500762939453125 56.143749237060546875 53 49.72499847412109375 50.22499847412109375 47.19374847412109375 46.4812469482421875 44.21875 41.40000152587890625 37.72499847412109375 34.08750152587890625 30.600000381469726562 28.049999237060546875 25.231250762939453125
88.56874847412109375 96.91249847412109375 102.19374847412109375 100.2375030517578125 97.1687469482421875 90.3312530517578125 86.46250152587890625 82.2312469482421875 78.77500152587890625 77.69374847412109375 76.4562530517578125 73.65000152587890625 75.0500030517578125 73.44374847412109375 70.09999847412109375 66.31874847412109375 63.93125152587890625 63.81874847412109375 63.33750152587890625 63.481250762939453125 64.28749847412109375 64.94374847412109375 67.6687469482421875 66.22499847412109375 62.28749847412109375 60.43125152587890625 55.96250152587890625 52.80625152587890625 50.668750762939453125 51.06874847412109375 50.049999237060546875 49.38124847412109375 47.950000762939453125 45.19374847412109375 43.46875 42.268749237060546875 42.05625152587890625 39.762500762939453125 37.893749237060546875 35.21875 31.675001144409179688 29.149999618530273438 27 24.306249618530273438
88.8937530517578125 96.68125152587890625 96.8000030517578125 96.50624847412109375 93.46875 88.15000152587890625 84.16249847412109375 79.9499969482421875 75.8874969482421875 72.00624847412109375 74.21250152587890625 73.21875 71.1125030517578125 70.30625152587890625 68.11875152587890625 65.625 62.918750762939453125 62.875 63.27500152587890625 62.90000152587890625 65.55625152587890625 66.8249969482421875 69.15625 67.6750030517578125 63.075000762939453125 58.91249847412109375 55.46875 51.28125 47.762500762939453125 46.4375 45.16249847412109375 43.643749237060546875 41.27500152587890625 39.512500762939453125 39.02500152587890625 38.299999237060546875 37.86875152587890625 36.68125152587890625 34.96250152587890625 32.71250152587890625 30.487499237060546875 27.618749618530273438 25.393749237060546875 22.887500762939453125
84.91249847412109375 88.90000152587890625 91.50624847412109375 91.9499969482421875 89.15625 85.4250030517578125 82.40000152587890625 78.03125 72.8125 73.11875152587890625 73.9187469482421875 72.8874969482421875 71.25624847412109375 68.77500152587890625 66.08750152587890625 65.30625152587890625 62.94374847412109375 61.69374847412109375 62.612499237060546875 63.34999847412109375 64.06874847412109375 65.75 68.8562469482421875 68.9812469482421875 62.987499237060546875 56.72499847412109375 53 49.512500762939453125 46.21875 42.987499237060546875 41.981250762939453125 38.875 36.168750762939453125 36.293750762939453125 35.16249847412109375 35.18125152587890625 33.768749237060546875 32.799999237060546875 31.681249618530273438 30.212499618530273438 28.837499618530273438 26.649999618530273438 24.356250762939453125 21.9375
81.3937530517578125 81.9875030517578125 84.21250152587890625 86.4499969482421875 84.4875030517578125 81.80625152587890625 79.2375030517578125 75.2624969482421875 72.5187530517578125 71.9187469482421875 71.4562530517578125 69.5 68.34375 66.58750152587890625 63.78125 62.237499237060546875 60.81874847412109375 60.40000152587890625 59.575000762939453125 60.924999237060546875 63.47499847412109375 64.2937469482421875 64.53125 64.3937530517578125 60.53749847412109375 55.03125 51.25 47.793750762939453125 44.512500762939453125 42.25 40.174999237060546875 38.03125 35.1875 33.25 32.1875 31.887498855590820312 30.518751144409179688 29.756250381469726562 29.09375 28.543750762939453125 27.243749618530273438 26.225000381469726562 23.606250762939453125 21.668750762939453125
76.78125 77.28125 80.21875 78.78125 78.6750030517578125 75.4375 72.93125152587890625 71.46250152587890625 69.1999969482421875 69.3874969482421875 68.5187530517578125 66.7687530517578125 65.96250152587890625 65.1687469482421875 62.78125 61 60.362499237060546875 58.262500762939453125 58.25 59.362499237060546875 60.71875 61.34999847412109375 62.174999237060546875 60.52500152587890625 57.262500762939453125 52.831249237060546875 49.28749847412109375 46.018749237060546875 44.11875152587890625 41.8125 39.137500762939453125 37.0625 33.8125 31.193750381469726562 29.693750381469726562 29.174999237060546875 28 27.162500381469726562 26.537500381469726562 25.4375 25.03125 23.568750381469726562 22 20.40625
70.7062530517578125 73.11875152587890625 74.6875 73.84999847412109375 72.3312530517578125 70.5812530517578125 68.0437469482421875 68.27500152587890625 67.68125152587890625 66.77500152587890625 66.13124847412109375 66.00624847412109375 65.18125152587890625 63.3125 61.293750762939453125 59.68125152587890625 57.987499237060546875 57.22499847412109375 56.225002288818359375 56.331249237060546875 58.08750152587890625 58.387500762939453125 59.143749237060546875 56.50624847412109375 53.96875 50.63124847412109375 47.168750762939453125 44.50624847412109375 42.768749237060546875 40.1875 37.84375 35.36875152587890625 32.043750762939453125 29.5625 27.512500762939453125 26.518751144409179688 26.100000381469726562 24.706249237060546875 23.431249618530273438 22.612499237060546875 22.431249618530273438 21.537500381469726562 20.262500762939453125 18.743749618530273438
66.1687469482421875 67.84999847412109375 66.69374847412109375 68.43125152587890625 68.65000152587890625 67.9375 65.7687530517578125 64.94374847412109375 64.71875 64.4875030517578125 64.65000152587890625 63.875 64.71250152587890625 61.63124847412109375 59.09999847412109375 58.081249237060546875 57.94374847412109375 55.21250152587890625 53.00624847412109375 54.231250762939453125 56.037502288818359375 56.25 56.106250762939453125 52.793750762939453125 49.887500762939453125 48.56874847412109375 45.575000762939453125 42.4375 39.91249847412109375 38.081249237060546875 35.9375 34.03125 31.043750762939453125 28.59375 26.25 24.600000381469726562 23.59375 22.743749618530273438 21.081249237060546875 19.59375 19.100000381469726562 19.024999618530273438 18.193750381469726562 16.850000381469726562
61.34999847412109375 60.237499237060546875 59.50624847412109375 60.262500762939453125 62.02500152587890625 62.625 62.65000152587890625 61.831249237060546875 62.381252288818359375 61.456249237060546875 62.081249237060546875 62.90625 62.231250762939453125 61.75624847412109375 59.668750762939453125 58.03125 56.737499237060546875 54.006252288818359375 51.168750762939453125 52.3125 52.56874847412109375 53.049999237060546875 52.237499237060546875 49.24375152587890625 47.6875 45.375 42.987499237060546875 41.018749237060546875 37.893749237060546875 36.16249847412109375 34.72499847412109375 32.6875 29.556249618530273438 27.081249237060546875 25.018749237060546875 23.006250381469726562 21.950000762939453125 19.918750762939453125 18.506250381469726562 17.743749618530273438 17.225000381469726562 16.75 16.087499618530273438 15.612500190734863281
54.05625152587890625 52.700000762939453125 51.625 52.206249237060546875 54.174999237060546875 55.40625 56.86875152587890625 57.58750152587890625 56.94374847412109375 58.47499847412109375 60.52500152587890625 60.03749847412109375 60.46250152587890625 61.331249237060546875 59.875 57.06874847412109375 54.387500762939453125 53.63124847412109375 51.956249237060546875 52.21875 51.63124847412109375 50.612499237060546875 48.90000152587890625 46.94374847412109375 46 43.606250762939453125 42.05625152587890625 39.52500152587890625 37.5 35.125 33.30625152587890625 31 27.662500381469726562 25.4375 23.8125 22.375 20.262500762939453125 18.318750381469726562 17.1875 16.924999237060546875 16.387500762939453125 16.068750381469726562 14.993749618530273438 14.681249618530273438
46.97499847412109375 46.125 46.299999237060546875 47.15000152587890625 48.049999237060546875 48.424999237060546875 50.25 50.643749237060546875 52.5625 53.174999237060546875 55.58750152587890625 57.325000762939453125 59.09999847412109375 59.27500152587890625 57.94374847412109375 54.9375 53.22499847412109375 52.043750762939453125 50.5 50.15625 50.043750762939453125 47.831249237060546875 47.11875152587890625 45.59999847412109375 43.518749237060546875 41.231250762939453125 39.8125 38.424999237060546875 36.5 34.262500762939453125 32.200000762939453125 29.600000381469726562 26.399999618530273438 24.518749237060546875 22.737499237060546875 20.931249618530273438 18.59375 16.943750381469726562 16.412500381469726562 15.899999618530273438 15.53125 15.431249618530273438 15.018750190734863281 14.393750190734863281
40.93125152587890625 39.25624847412109375 40.75624847412109375 41.487499237060546875 43.00624847412109375 43.950000762939453125 44.93125152587890625 45.80625152587890625 46.0625 47.31874847412109375 50.612499237060546875 54.34375 58.63124847412109375 60.112499237060546875 57.231250762939453125 54.47499847412109375 52.3125 50.59375 49.825000762939453125 48.387500762939453125 47.956249237060546875 47.125 45.59375 43.90000152587890625 41.825000762939453125 39.47499847412109375 38.25624847412109375 37.018749237060546875 35.174999237060546875 31.443750381469726562 29.456249237060546875 27.962499618530273438 25.4375 23.40625 21.131250381469726562 19.387500762939453125 17.649999618530273438 16.443750381469726562 15.649999618530273438 14.893750190734863281 14.356249809265136719 13.987500190734863281 14.256250381469726562 13.887499809265136719
34.21875 33.68125152587890625 35.44374847412109375 35.5625 36.731250762939453125 37.47499847412109375 38.65625 39.487499237060546875 40.05625152587890625 41.075000762939453125 44.5625 49.612499237060546875 55.75 56.356250762939453125 55.34375 53.231250762939453125 51.65000152587890625 49.46875 47.612499237060546875 46.481250762939453125 44.11875152587890625 44.393749237060546875 42.47499847412109375 40.68125152587890625 38.3125 37.63124847412109375 36.58750152587890625 35.50624847412109375 33.737499237060546875 30.337499618530273438 28.231250762939453125 26.981248855590820312 24.481250762939453125 22.643749237060546875 20.643749237060546875 18.693750381469726562 17.325000762939453125 16.081249237060546875 15.693750381469726562 14.987500190734863281 14.081250190734863281 13.881250381469726562 13.481249809265136719 13.28125
27.875 28.299999237060546875 29.543750762939453125 29.625 30.662500381469726562 32.11875152587890625 33.25 34.03125 34.53749847412109375 34.68125152587890625 38.956249237060546875 45.03125 50.25 51.81874847412109375 52.1875 51.125 49.5 46.918750762939453125 44.97499847412109375 44.018749237060546875 41.5625 40.25624847412109375 38.862499237060546875 38.012500762939453125 36.006252288818359375 35.106250762939453125 34.362499237060546875 33.137500762939453125 31.643749237060546875 29.431249618530273438 27.143749237060546875 25.231250762939453125 22.9375 21.34375 19.59375 17.681249618530273438 16.418750762939453125 15.893750190734863281 15.712499618530273438 14.8125 13.774999618530273438 13.524999618530273438 13.074999809265136719 13.1875
21.950000762939453125 22.875 23.487499237060546875 24.575000762939453125 25.612499237060546875 27.012500762939453125 28.287500381469726562 29.168750762939453125 30.3125 30.493749618530273438 37.231250762939453125 42.831249237060546875 46.125 48.25 49.40000152587890625 48.950000762939453125 46.375 45.34999847412109375 42.80625152587890625 41.5625 39.83750152587890625 38.081249237060546875 35.99375152587890625 35.40625 34.325000762939453125 33.393749237060546875 32.387500762939453125 31.368749618530273438 30.137500762939453125 27.674999237060546875 24.506250381469726562 23.149999618530273438 21.212499618530273438 19.981250762939453125 18.018749237060546875 16.256250381469726562 15.899999618530273438 15.350000381469726562 15.149999618530273438 14.456250190734863281 13.556249618530273438 13.649999618530273438 13.09375 12.149999618530273438
