data/historical-monthly-weather-data/wc2.1_cruts4.09_10m_prec_1978-12.asc
ncols        51
nrows        45
xllcorner    -63.500000000000
yllcorner    -7.500000000000
cellsize     0.166666666667
NODATA_value -9999
[rows 0 to 19 of 45, columns 0 to 43 of 51]
143.587493896484375 133.162506103515625 124.4375 118.11875152587890625 111.06874847412109375 105.5437469482421875 99.7624969482421875 93.6125030517578125 89.0187530517578125 84.9875030517578125 82.6125030517578125 81.21875 80.6062469482421875 79.34999847412109375 79.63124847412109375 80.22499847412109375 81.1437530517578125 81.68125152587890625 83.1374969482421875 84.58750152587890625 86.0187530517578125 87.09999847412109375 88.4499969482421875 91.4250030517578125 94.68125152587890625 98.0437469482421875 103.77500152587890625 110.1374969482421875 116.5749969482421875 121.90000152587890625 126.52500152587890625 132.0124969482421875 136.9250030517578125 141.587493896484375 145.7937469482421875 149.6750030517578125 151.8249969482421875 153.40625 151.725006103515625 150.0500030517578125 147.7624969482421875 143.899993896484375 139.8874969482421875 135.181243896484375
146.943756103515625 136.774993896484375 130.274993896484375 125.15000152587890625 119.8000030517578125 113.63750457763671875 107 101.96250152587890625 98.09375 94.2062530517578125 91.0437469482421875 88.74375152587890625 87.5124969482421875 86.21250152587890625 85.99375152587890625 86.2624969482421875 86.97499847412109375 88.5812530517578125 90.71250152587890625 93.5437469482421875 94.96875 96 97.7624969482421875 100.4250030517578125 103.25 106.28125 111.59999847412109375 117.3125 123.1750030517578125 128.8562469482421875 133.6437530517578125 139.337493896484375 143.475006103515625 148.3000030517578125 153.337493896484375 155.25 159.037506103515625 161.1437530517578125 158.625 156.3187408447265625 153.53125 149.306243896484375 145.006256103515625 138.912506103515625
147.8312530517578125 139.1374969482421875 133.743743896484375 129.181243896484375 124.65625 118.90625 113.7624969482421875 109.80625152587890625 106.49375152587890625 102.78125 99.11249542236328125 96.61875152587890625 95.2312469482421875 93.74375152587890625 93.5124969482421875 93.3000030517578125 93.9499969482421875 95.1750030517578125 97.13124847412109375 99.3625030517578125 100.6999969482421875 102.0812530517578125 103.84999847412109375 106.2624969482421875 109.0124969482421875 112.68125152587890625 117.96875 123.375 129.3874969482421875 134.0124969482421875 138.912506103515625 144.475006103515625 150.1125030517578125 154.087493896484375 158.7687530517578125 162.0500030517578125 164.6374969482421875 166.3874969482421875 164.493743896484375 161.912506103515625 158.537506103515625 153.5187530517578125 147.774993896484375 142.431243896484375
147.0625 140.493743896484375 137.0187530517578125 132.3312530517578125 128.806243896484375 124.19374847412109375 120.3312530517578125 117.34999847412109375 114.5 111.71875 108.1062469482421875 105.5124969482421875 103.43125152587890625 101.8312530517578125 101.2062530517578125 101.18125152587890625 101.5625 101.65000152587890625 103.00624847412109375 105.4562530517578125 106.84999847412109375 107.96875 108.84999847412109375 111.50624847412109375 114.0625 118.09375 123.4562530517578125 128.3625030517578125 134.5124969482421875 139.662506103515625 144.0812530517578125 148.631256103515625 154.75 160.181243896484375 164.5687408447265625 167.493743896484375 169.25 171.118743896484375 169.931243896484375 166.912506103515625 162.493743896484375 156.7937469482421875 150.4250030517578125 144.850006103515625
152.7624969482421875 144.09375 138.475006103515625 135.375 132.993743896484375 129.837493896484375 126.6062469482421875 124.2624969482421875 122.8562469482421875 120.78749847412109375 116.83750152587890625 113.65000152587890625 111.86875152587890625 110.2687530517578125 109.4187469482421875 109.15000152587890625 109.0437469482421875 108.5437469482421875 109.4250030517578125 111.71875 113 113.21250152587890625 113.7375030517578125 116.3562469482421875 119.03749847412109375 123.25624847412109375 127.625 132.493743896484375 138.4812469482421875 143.818756103515625 148.462493896484375 152.462493896484375 158.0124969482421875 163.6437530517578125 168.28125 171.5625 174.21875 175.649993896484375 174.3249969482421875 170.875 166.03125 159.524993896484375 152.9812469482421875 145.943756103515625
158.024993896484375 150.6125030517578125 144.056243896484375 138.5187530517578125 136.875 135.162506103515625 132.631256103515625 129.943756103515625 128.2062530517578125 126.1999969482421875 122.40625 119.8125 118.72499847412109375 117.375 117.21875 117.0187530517578125 117.0812530517578125 115.5500030517578125 116.6374969482421875 117.6750030517578125 117.7624969482421875 118.18125152587890625 118.28749847412109375 120.6750030517578125 123.3562469482421875 126.74375152587890625 131.9250030517578125 136.756256103515625 141.9187469482421875 146.850006103515625 151.5500030517578125 156.1437530517578125 159.462493896484375 163.1999969482421875 168.943756103515625 172.1687469482421875 174.375 177.2937469482421875 176.4875030517578125 172.181243896484375 165.399993896484375 158.899993896484375 151.243743896484375 144.8562469482421875
165.0625 158.28125 152.0124969482421875 145.9250030517578125 142.25 139.4375 136.9875030517578125 133.899993896484375 131.162506103515625 127.93125152587890625 126.1687469482421875 124.94374847412109375 125.25624847412109375 124.53125 124.6437530517578125 125.02500152587890625 125.9375 125.96875 126.31874847412109375 125.15000152587890625 123.66249847412109375 123.3937530517578125 122.71875 124.40625 127.3625030517578125 130.131256103515625 134.6687469482421875 140.4812469482421875 145.537506103515625 149.625 153.850006103515625 157.868743896484375 161.09375 163.5749969482421875 167.0625 169.631256103515625 172.5 175.2312469482421875 176.712493896484375 171.618743896484375 163.787506103515625 156.21875 149.25 142.3625030517578125
172.375 165.931243896484375 160.1062469482421875 155.493743896484375 151.9187469482421875 147.368743896484375 142.125 136.193756103515625 131.46875 129.3937530517578125 129.7687530517578125 130.881256103515625 131.693756103515625 132.556243896484375 132.625 133.3625030517578125 134.2624969482421875 135.118743896484375 135.068756103515625 130.9499969482421875 128.3312530517578125 126.68125152587890625 125.50624847412109375 126.625 129.8625030517578125 133.0749969482421875 137.1437530517578125 142.462493896484375 148.6374969482421875 152.8625030517578125 155.5187530517578125 158.8562469482421875 161.475006103515625 162.7937469482421875 165.725006103515625 166.399993896484375 168.53125 170.149993896484375 170 165.9812469482421875 159.850006103515625 152.568756103515625 145.8312530517578125 139.024993896484375
180.9250030517578125 175.087493896484375 169.8937530517578125 165.5124969482421875 161.306243896484375 156.8562469482421875 151.125 144.0437469482421875 136.931243896484375 133.524993896484375 135.256256103515625 137.618743896484375 139.25 139.9499969482421875 139.53125 139.350006103515625 139.443756103515625 139.7375030517578125 139.006256103515625 133.975006103515625 129.806243896484375 127.8937530517578125 126.96250152587890625 129.3937530517578125 132.1750030517578125 135.09375 139.118743896484375 144.6687469482421875 150.149993896484375 153.6062469482421875 157.21875 159.431243896484375 160.8625030517578125 162.181243896484375 163.5124969482421875 163.8249969482421875 163.9562530517578125 163.649993896484375 162.3562469482421875 159.4499969482421875 153.787506103515625 147.6750030517578125 142.431243896484375 136.868743896484375
188.5124969482421875 183.7375030517578125 179.1999969482421875 175.5749969482421875 171.4187469482421875 166.8312530517578125 161.2937469482421875 154.756256103515625 149.4812469482421875 146.024993896484375 145.5500030517578125 146.0187530517578125 147.9187469482421875 147.537506103515625 146.368743896484375 144.6875 142.9499969482421875 141.006256103515625 138.3312530517578125 133.8625030517578125 130.287506103515625 128.337493896484375 127.68125152587890625 130.75 133.368743896484375 136.1437530517578125 140.34375 145.568756103515625 151.274993896484375 154.4812469482421875 156.912506103515625 158.8562469482421875 159.318756103515625 159.2687530517578125 160.162506103515625 160.743743896484375 159.6062469482421875 158.1437530517578125 155.5187530517578125 152.4812469482421875 148.2375030517578125 143.8000030517578125 138.6374969482421875 133.9375
197.381256103515625 193.0500030517578125 188.3125 184.1374969482421875 181.0500030517578125 177.649993896484375 172.6875 166.0187530517578125 161.024993896484375 157.9812469482421875 156.712493896484375 156.756256103515625 156.975006103515625 156.1687469482421875 152.9187469482421875 149.53125 145.631256103515625 141.975006103515625 137.53125 132.7312469482421875 130.5124969482421875 128.8249969482421875 128.46875 130.2375030517578125 134.787506103515625 137.8937530517578125 141.493743896484375 145.5187530517578125 149.756256103515625 152.743743896484375 155.024993896484375 157.28125 157.225006103515625 156.631256103515625 156.506256103515625 155.806243896484375 154.2937469482421875 152.381256103515625 150.649993896484375 147.4812469482421875 143.662506103515625 139.75 136.056243896484375 132.5374908447265625
205.1125030517578125 200.681243896484375 196.2624969482421875 192.9499969482421875 189.9312591552734375 186.96875 183.100006103515625 177.149993896484375 172.375 170.03125 168.7375030517578125 168.306243896484375 166.056243896484375 163.5625 159.46875 154.306243896484375 149.225006103515625 143.756256103515625 138.4499969482421875 133.5812530517578125 130.649993896484375 129.3874969482421875 130.024993896484375 132.493743896484375 136.7375030517578125 139.8312530517578125 142.5124969482421875 145.431243896484375 148.4499969482421875 150.96875 152.90625 154.993743896484375 154.787506103515625 154.4812469482421875 154.4562530517578125 153.8125 152.1687469482421875 150.475006103515625 148.4187469482421875 145.506256103515625 141.975006103515625 138.6687469482421875 135.3874969482421875 132.0500030517578125
212.40625 208.524993896484375 204.568756103515625 200.899993896484375 198.318756103515625 195.0500030517578125 191.024993896484375 186.5187530517578125 182.5749969482421875 180.9187469482421875 179.931243896484375 178.6750030517578125 175.1750030517578125 170.15625 165.3312530517578125 159.243743896484375 152.943756103515625 147.1750030517578125 141.0812530517578125 135.125 130.5625 129.7687530517578125 131.5749969482421875 134.725006103515625 137.59375 139.7062530517578125 142.131256103515625 144.8874969482421875 147.5437469482421875 148.5437469482421875 149.90625 151.3937530517578125 150.9749908447265625 151.024993896484375 151.2937469482421875 151.556243896484375 150.8000030517578125 149.3625030517578125 147.2312469482421875 143.7312469482421875 139.993743896484375 137.8562469482421875 134.25 128.8249969482421875
218.3625030517578125 214.6875 210.71875 207.381256103515625 204.381256103515625 201.2375030517578125 197.524993896484375 194.662506103515625 192.4749908447265625 190.506256103515625 188.274993896484375 185.7624969482421875 182.118743896484375 176.8125 170.15625 164.4187469482421875 157.34375 150.5500030517578125 143.84375 137.6437530517578125 133.8249969482421875 132.493743896484375 133.1875 135.506256103515625 137.9187469482421875 139.9875030517578125 142.5625 143.8562469482421875 145.225006103515625 145.375 146.162506103515625 146.84375 146.962493896484375 146.975006103515625 148.09375 148.806243896484375 149.0812530517578125 149.1999969482421875 148.1437530517578125 145.868743896484375 140.287506103515625 135.1125030517578125 130.975006103515625 127.5500030517578125
223.8249969482421875 219.96875 216.600006103515625 213.1687469482421875 210.46875 207.2624969482421875 204.837493896484375 202.3062591552734375 200.193756103515625 197.75 195.256256103515625 192.5 188.1125030517578125 183.068756103515625 175.9499969482421875 169.8562469482421875 161.9875030517578125 154.725006103515625 147.7062530517578125 142.3125 138.4250030517578125 136.4875030517578125 135.7375030517578125 137.2937469482421875 139.40625 140.993743896484375 142.8562469482421875 143.75 144.024993896484375 142.46875 141.818756103515625 142.5124969482421875 142.881256103515625 143.6750030517578125 145.4499969482421875 146.03125 148.149993896484375 151.162506103515625 153.78125 151.9499969482421875 145.5187530517578125 139.1750030517578125 134.037506103515625 129.7624969482421875
227.743743896484375 224.181243896484375 221.125 218.537506103515625 215.9250030517578125 213.443756103515625 211.1687469482421875 208.118743896484375 206.1312408447265625 204.7687530517578125 201.962493896484375 198.5749969482421875 194.1875 188.881256103515625 182.0187530517578125 174.149993896484375 166.100006103515625 159.40625 152.2312469482421875 146.4875030517578125 143.0437469482421875 140.2062530517578125 138.6875 139.475006103515625 141.3000030517578125 143.3562469482421875 144.5500030517578125 144.475006103515625 143.1125030517578125 139.556243896484375 137.662506103515625 137.0187530517578125 136.4812469482421875 137.381256103515625 138.868743896484375 140.8937530517578125 145.350006103515625 151.6875 158.4875030517578125 158.4812469482421875 152.3562469482421875 144.287506103515625 137.0187530517578125 129.4375
230.96875 227.90625 223.931243896484375 222.068756103515625 220.3562469482421875 217.6999969482421875 216.068756103515625 214.3937530517578125 213.2375030517578125 211.306243896484375 208.5500030517578125 204.4187469482421875 199.75 194.2375030517578125 187.412506103515625 179.0124969482421875 169.4250030517578125 162.6999969482421875 156.5187530517578125 150.6437530517578125 147.0437469482421875 143.8874969482421875 141.8000030517578125 141.9250030517578125 143.587493896484375 146 147.274993896484375 145.662506103515625 141.2937469482421875 135.993743896484375 132.8625030517578125 132.1062469482421875 130.3125 128.6750030517578125 128.90625 132.5124969482421875 140.287506103515625 152.431243896484375 167.5812530517578125 165.4812469482421875 157.3249969482421875 147.34375 137.193756103515625 129.7375030517578125
233.256256103515625 230.6125030517578125 227.03125 225.625 224.212493896484375 222.774993896484375 221.15625 219.056243896484375 217.8125 216.84375 214.6999969482421875 210.4875030517578125 205.006256103515625 199.4499969482421875 192.1374969482421875 183.399993896484375 173.8562469482421875 164.7624969482421875 160.1374969482421875 154.412506103515625 151.087493896484375 147.53125 144.65625 144.8125 146.274993896484375 148.631256103515625 150.84375 146.787506103515625 139.53125 131.84375 127.11875152587890625 125.6437530517578125 125.15000152587890625 124.5437469482421875 122.40000152587890625 121.1437530517578125 134.3249969482421875 149.9875030517578125 162.037506103515625 162.8125 154.8249969482421875 145.225006103515625 136.818756103515625 130.2125091552734375
234.2062530517578125 231.837493896484375 229.3625030517578125 228.243743896484375 227.337493896484375 226.46875 225.03125 224.149993896484375 223.3312530517578125 222.53125 219.537506103515625 214.5124969482421875 209.818756103515625 204.899993896484375 196.975006103515625 187.7937469482421875 178.337493896484375 169.1374969482421875 161.8874969482421875 156.806243896484375 154.287506103515625 151.9375 146.806243896484375 147.256256103515625 149.0749969482421875 150.993743896484375 151.71875 147.756256103515625 139.4875030517578125 129.524993896484375 122.11875152587890625 123.61875152587890625 125.7375030517578125 125 122.43125152587890625 123.6999969482421875 134.125 145.618743896484375 154.587493896484375 155.225006103515625 149.618743896484375 141.90625 135.1437530517578125 130.0500030517578125
234.0749969482421875 232.3874969482421875 229.743743896484375 229.068756103515625 229.0687408447265625 229.4875030517578125 229.212493896484375 228.7937469482421875 228.6999969482421875 226.9375 224.40625 220.712493896484375 216.3687591552734375 210.475006103515625 201.318756103515625 190.662506103515625 180.493743896484375 172.600006103515625 165.5812530517578125 160.0187530517578125 155.725006103515625 151.556243896484375 148.6687469482421875 149.4499969482421875 151.006256103515625 152.2312469482421875 152.2937469482421875 149.6999969482421875 142.462493896484375 132.6999969482421875 126.93125152587890625 128.8874969482421875 130.25 131.006256103515625 131.6125030517578125 133.2062530517578125 139.475006103515625 146.75 151.4875030517578125 151.306243896484375 146.3312530517578125 138.4812469482421875 134.1374969482421875 130.681243896484375
