data/historical-monthly-weather-data/wc2.1_cruts4.09_10m_prec_1968-08.asc
ncols        51
nrows        45
xllcorner    -63.500000000000
yllcorner    -7.500000000000
cellsize     0.166666666667
NODATA_value -9999
[rows 0 to 18 of 45, columns 0 to 42 of 51]
167.912506103515625 166.493743896484375 164.3625030517578125 166.3625030517578125 169.024993896484375 171.84375 169.5812530517578125 169.25 168.662506103515625 166.1750030517578125 159.225006103515625 156.2312469482421875 155.4250030517578125 151.8562469482421875 150.818756103515625 146.8249969482421875 145.03125 142.756256103515625 140.243743896484375 141.131256103515625 139.6062469482421875 136.0749969482421875 133.0812530517578125 131.5124969482421875 128.837493896484375 126.5437469482421875 127.9499969482421875 130.9875030517578125 127.75624847412109375 127.1999969482421875 122.11875152587890625 121.2624969482421875 120.9499969482421875 118.21250152587890625 117.06874847412109375 117.49375152587890625 116.6999969482421875 117.4375 119.0187530517578125 119.5625 120.80625152587890625 123.7312469482421875 123.94374847412109375
161.0999908447265625 159.2750091552734375 162.068756103515625 166.0187530517578125 171.4187469482421875 173.3562469482421875 169.0187530517578125 168.2375030517578125 168.3249969482421875 165.78125 160.3625030517578125 158.4499969482421875 154.1875 148.899993896484375 146.25 144.84375 141.2062530517578125 139.524993896484375 138.8249969482421875 139.4250030517578125 137.71875 134.125 131.2562408447265625 130.618743896484375 127.52500152587890625 123.9499969482421875 126.875 127.7687530517578125 124.5749969482421875 122.94374847412109375 121.5500030517578125 120.28125 120.0187530517578125 120.0187530517578125 118.68125152587890625 118.2687530517578125 115.6062469482421875 118.1999969482421875 118.53749847412109375 118.94374847412109375 122.8312530517578125 124.2687530517578125 126.57500457763671875
146.96875 147.6437530517578125 152.2375030517578125 158.587493896484375 164.59375 166.681243896484375 165.75 165.2312469482421875 163.84375 161.15625 158.587493896484375 156.5749969482421875 151.90625 144.9375 141.556243896484375 139.2062530517578125 136.46875 133.943756103515625 132.306243896484375 130.28125 129.993743896484375 129.0500030517578125 126.8125 127.53125 123.7624969482421875 122.00624847412109375 125.8874969482421875 124.8562469482421875 121.8000030517578125 121.44374847412109375 118.83750152587890625 117.91249847412109375 118.2312469482421875 119.50624847412109375 117.3937530517578125 114.40000152587890625 113.75624847412109375 115.9875030517578125 115.78125 118.0625 123.52500152587890625 126.1687469482421875 130.412506103515625
133.65625 132.46875 139.350006103515625 146.975006103515625 152.0062408447265625 154.7312469482421875 156.6437530517578125 158.0187530517578125 160.118743896484375 158.2062530517578125 154.21875 150.5187530517578125 146.71875 140.1687469482421875 136.5437469482421875 133.40625 131.1812591552734375 128.4812469482421875 126.1374969482421875 126.71875 125.5812530517578125 123.3312530517578125 121.09375 122.61875152587890625 120.61249542236328125 119.15625 121.9499969482421875 118.6374969482421875 116.61875152587890625 116.93125152587890625 115.5124969482421875 113.5500030517578125 112.3312530517578125 112.09999847412109375 111.31874847412109375 110.6875 112.9499969482421875 113.8562469482421875 112.61875152587890625 116.9812469482421875 121.19374847412109375 127.06874847412109375 131.4187469482421875
133.318756103515625 128.2687530517578125 127.15625 132.09375 139.587493896484375 142.681243896484375 144.787506103515625 150.4375 155.212493896484375 154.2312469482421875 149.3937530517578125 144.8874969482421875 140.943756103515625 135.9250030517578125 131.600006103515625 128.8312530517578125 125.3625030517578125 121.30625152587890625 118.33750152587890625 119.11875152587890625 120.8249969482421875 117.28125 116.0625 119.6374969482421875 116.91249847412109375 115.16249847412109375 115.0625 115.3562469482421875 113.4499969482421875 111.27500152587890625 112.49375152587890625 109.9375 110.00624847412109375 110.6062469482421875 110.1125030517578125 108.1750030517578125 108.5500030517578125 109.8562469482421875 109.0500030517578125 111.7687530517578125 119.2687530517578125 125.2062530517578125 132.8625030517578125
127.90000152587890625 122.99375152587890625 120.4375 117.5187530517578125 123.64374542236328125 132.1875 136.024993896484375 139.524993896484375 144.9375 144.6374969482421875 138.568756103515625 134.8312530517578125 132.65625 129.125 125.0437469482421875 122.7937469482421875 118.46250152587890625 113.41875457763671875 111.8312530517578125 112.3562469482421875 114.3000030517578125 113.7624969482421875 113.5625 112.8562469482421875 112.71250152587890625 111.98749542236328125 111.74375152587890625 110.8562469482421875 109.86875152587890625 106.8562469482421875 107.625 107.66249847412109375 106.05625152587890625 106.91249847412109375 104.875 105.21875 104.21250152587890625 103.25 104.3125 109 113.6437530517578125 120.8249969482421875 128.8312530517578125
123.13124847412109375 119.77500152587890625 117.6875 115.6875 117.00624847412109375 119.8000030517578125 122.8312530517578125 125.81874847412109375 125.3000030517578125 126.08750152587890625 124.46250152587890625 123.3937530517578125 124.02500152587890625 121.9250030517578125 119.74375152587890625 117.5625 113.5124969482421875 109.3000030517578125 106.34375 107.59999847412109375 108.9499969482421875 109.9187469482421875 110.30625152587890625 110.5 109.78749847412109375 109.6999969482421875 108.77500152587890625 106.80625152587890625 103.46875 103.50624847412109375 103.1437530517578125 102 102.2624969482421875 102.6437530517578125 101.375 100.40000152587890625 98.28749847412109375 97.7937469482421875 99.8937530517578125 104.55625152587890625 108.6875 115.4812469482421875 124.59999847412109375
119.3874969482421875 115.125 115.25 114.6875 116.83750152587890625 119.18125152587890625 116.1687469482421875 109.28749847412109375 105.3874969482421875 106.9875030517578125 111.57500457763671875 112.9375 114.2375030517578125 114.1062469482421875 113.3937530517578125 111.41249847412109375 108.83750152587890625 104.9499969482421875 101.69374847412109375 101.72499847412109375 104.81874847412109375 106.6750030517578125 106.41249847412109375 106.21250152587890625 107.30625152587890625 105.79999542236328125 103.8562469482421875 102.2375030517578125 99.80625152587890625 97.4812469482421875 99.0500030517578125 97.83750152587890625 96.6125030517578125 97.6125030517578125 94.875 93.3249969482421875 91.46875 90.2624969482421875 91.15625 94.09999847412109375 98.84999847412109375 106.11875152587890625 114.41249847412109375
116.78749847412109375 113.2937469482421875 114.1750030517578125 112.7312469482421875 113.4875030517578125 113.7937469482421875 111.86875152587890625 106.875 98.8000030517578125 95.66249847412109375 99.21250152587890625 101.77500152587890625 106.625 107.34375 106.5124969482421875 104.66249847412109375 104.06874847412109375 101.65000152587890625 101.28749847412109375 99.33750152587890625 101.36875152587890625 104.1750030517578125 103.8249969482421875 106.5812530517578125 106.50624847412109375 103.3312530517578125 99.1125030517578125 98.65000152587890625 96.3937530517578125 93.96250152587890625 94.9812469482421875 91.8000030517578125 88.9375 86.7937469482421875 85.24375152587890625 85.50624847412109375 84.75624847412109375 84.03749847412109375 83.97499847412109375 86.1750030517578125 89.34999847412109375 93.66249847412109375 98.9250030517578125
113.36875152587890625 110.72499847412109375 110.69374847412109375 110.65625 111.125 111 111.0749969482421875 106.21250152587890625 99.875 98.3874969482421875 98.3312530517578125 97.49375152587890625 101.5124969482421875 103.15000152587890625 100.86875152587890625 99.4562530517578125 97.7624969482421875 98.0187530517578125 98.25 98.3937530517578125 100.53749847412109375 101.46875 100.9812469482421875 103.3312530517578125 102.52500152587890625 99.28125 95.43125152587890625 93.7375030517578125 90.125 87.34999847412109375 85.63124847412109375 83.13124847412109375 82.49375152587890625 81.6999969482421875 81 80.59999847412109375 78.875 77.42499542236328125 78.1750030517578125 79.63124847412109375 81.2624969482421875 82.9375 85.3125
112.2062530517578125 109.7312469482421875 108.3312530517578125 107.71250152587890625 108.8625030517578125 110.59999847412109375 110.3874969482421875 104.3937530517578125 99.55625152587890625 96.9187469482421875 97.6062469482421875 97.0749969482421875 97.9187469482421875 98.1374969482421875 94.5749969482421875 92.00624847412109375 90.96875 92.8249969482421875 93.81874847412109375 96.0124969482421875 101.4250030517578125 102.5625 101.5187530517578125 100.19374847412109375 101.46250152587890625 98.5749969482421875 94.8125 91.00624847412109375 85.13124847412109375 80.90000152587890625 80.1062469482421875 77.9562530517578125 78.53749847412109375 78.0437469482421875 75.94374847412109375 74.48125457763671875 72.53125 71.75624847412109375 71.4875030517578125 71.59375 71.6999969482421875 72.59999847412109375 74.72499847412109375
110.65625 108.8125 107.44374847412109375 107.6125030517578125 109.05625152587890625 110.8937530517578125 111.59375 107.09375 101.8562469482421875 98.61875152587890625 98.0187530517578125 96.66249847412109375 94.75 92.2687530517578125 91.66249847412109375 89.1125030517578125 87.36875152587890625 88.02500152587890625 90.44374847412109375 94.6125030517578125 100.59999847412109375 102.46250152587890625 102.25 101.55625152587890625 99.9875030517578125 92.2375030517578125 87.93125152587890625 84.96875 80.0625 76.6374969482421875 74.6125030517578125 74.05625152587890625 72.7312469482421875 71.88124847412109375 71.16249847412109375 70.81874847412109375 69.19374847412109375 67.3625030517578125 64.90000152587890625 62.71250152587890625 62.362499237060546875 62.83750152587890625 63.43125152587890625
108.34999847412109375 105.4812469482421875 104.875 103.99375152587890625 106.2062530517578125 107.31874847412109375 105.9499969482421875 103.6687469482421875 99.30625152587890625 97.20000457763671875 96.65625 95.18125152587890625 91.53749847412109375 86.4812469482421875 83.97499847412109375 82.80625152587890625 80.83750152587890625 83.15625 85.55625152587890625 88.3625030517578125 95.0812530517578125 97.8874969482421875 98.52500152587890625 95.1125030517578125 88.61875152587890625 82.47499847412109375 81.16249847412109375 79.0812530517578125 77.15000152587890625 74.21250152587890625 71.36875152587890625 69.59375 69.5187530517578125 66.72499847412109375 66.46875 67.55625152587890625 68.712493896484375 66.39374542236328125 64.3937530517578125 59.356250762939453125 54.34999847412109375 55.731250762939453125 55.1875
105.08750152587890625 101.38124847412109375 100.21250152587890625 100.7312469482421875 101.6875 101.78125 100.84375 100.2624969482421875 96.5 94.8625030517578125 93.24375152587890625 89.6687469482421875 86.3625030517578125 81.6437530517578125 75.5749969482421875 75.5625 74.8000030517578125 76.8562469482421875 77.0625 79.15625 85.5812530517578125 88.5625 89.55625152587890625 87.69374847412109375 83.3125 79.28125 77.77500152587890625 76.1687469482421875 74.3249969482421875 72.2624969482421875 70.34375 67.0625 66.2375030517578125 64.25 65.28125 68.2375030517578125 69.84999847412109375 70.8000030517578125 69.34375 62.493747711181640625 51.706249237060546875 48.393749237060546875 50.08750152587890625
100.9875030517578125 98.97499847412109375 97.3562469482421875 96.96875 98.38124847412109375 98.4375 97.59999847412109375 96.1125030517578125 92.7624969482421875 91.31874847412109375 88.2687530517578125 85.56874847412109375 82.0749969482421875 76.6125030517578125 70.59375 68.1999969482421875 67.6062469482421875 68.3874969482421875 69.41249847412109375 71.96875 77.96250152587890625 81.74375152587890625 83.97499847412109375 84.65625 83.34375 81.4812469482421875 78.78125 75.9562530517578125 72.84375 70.3249969482421875 67.40625 65.24375152587890625 64.55625152587890625 64.08750152587890625 64.11875152587890625 67.6062469482421875 71.7375030517578125 78.09375 78.5437469482421875 69.625 62.049999237060546875 58.13124847412109375 59.34999847412109375
95.56874847412109375 94.71875 94.4187469482421875 94.3874969482421875 95.02500152587890625 96.0500030517578125 95.5812530517578125 92.7312469482421875 89.96250152587890625 87.9375 85.0437469482421875 81.0812530517578125 76.69374847412109375 71.6999969482421875 66.4812469482421875 61.22499847412109375 60.331249237060546875 61.31874847412109375 62.262500762939453125 65.2062530517578125 70.6437530517578125 75.75 80.84999847412109375 84.34999847412109375 84.96250152587890625 83.2687530517578125 80.30625152587890625 75.8312530517578125 71.8312530517578125 69.59375 67.66249847412109375 65.25624847412109375 63.5 63.02500152587890625 64.0812530517578125 72.02500152587890625 78.3312530517578125 84.5187530517578125 86.74375152587890625 82.4812469482421875 77.30625152587890625 71.8937530517578125 67.28749847412109375
92.4187469482421875 92.2624969482421875 91.78125 92.4187469482421875 92.08750152587890625 93.5812530517578125 94.0124969482421875 92.3000030517578125 88.1687469482421875 86.24375152587890625 83.4250030517578125 78.06874847412109375 73.40000152587890625 68.28749847412109375 63.05625152587890625 58.012500762939453125 53.331249237060546875 53.52500152587890625 55.956249237060546875 59.418750762939453125 63.481250762939453125 70.1125030517578125 77.6687469482421875 85.0124969482421875 88.15625 85.72499847412109375 80.0625 75.30625152587890625 69.99375152587890625 67.03125 66.40625 66.3874969482421875 66.33750152587890625 66.6875 74.75 82.46250152587890625 88.7937469482421875 97.8249969482421875 102.80625152587890625 94.4187469482421875 85.8625030517578125 77.1875 69.34999847412109375
87.94374847412109375 89.28125 89.88124847412109375 91.3874969482421875 91.5749969482421875 93.2312469482421875 92.0625 90.8125 87.28749847412109375 84.6125030517578125 81.7937469482421875 77.09375 70.8312530517578125 65.05625152587890625 60.16249847412109375 55.16249847412109375 50.581249237060546875 47.6875 51.231250762939453125 53.375 58.46250152587890625 65.24375152587890625 74.4875030517578125 82.0812530517578125 87.61875152587890625 86.58750152587890625 82.0812530517578125 76.2624969482421875 69.46875 65.2375030517578125 61.3125 60.16249847412109375 68.34375 77.2312469482421875 83.15000152587890625 92.42499542236328125 101.03125 107.1125030517578125 107.0625 100.56874847412109375 87.38124847412109375 79.18125152587890625 71.69374847412109375
83.5812530517578125 85.8312530517578125 87.5500030517578125 89.75 91.53125 92.21875 91.86875152587890625 90.2375030517578125 88.78749847412109375 86.7687530517578125 83.25624847412109375 75.7062530517578125 69.68125152587890625 64.18125152587890625 58.049999237060546875 54.018749237060546875 49.268749237060546875 45.481250762939453125 45.90000152587890625 48.90625 56.80625152587890625 69.46250152587890625 68.7937469482421875 77.0187530517578125 82.8125 86.36875152587890625 83.55625152587890625 76.65625 71.3562469482421875 63.91249847412109375 59.012500762939453125 61.356250762939453125 71.3874969482421875 79.00624847412109375 86.6875 95.71250152587890625 100.31874847412109375 101.41249847412109375 102.0187530517578125 95.1999969482421875 86.6999969482421875 79.09375 72.03125
