data/historical-monthly-weather-data/wc2.1_cruts4.09_10m_prec_2014-11.asc
ncols        51
nrows        45
xllcorner    -63.500000000000
yllcorner    -7.500000000000
cellsize     0.166666666667
NODATA_value -9999
[rows 19 to 37 of 45, columns 0 to 43 of 51]
237.399993896484375 240.1750030517578125 241.4875030517578125 243.493743896484375 245.2375030517578125 246.506256103515625 246.337493896484375 244.600006103515625 241.600006103515625 237.1875 230.7937469482421875 223.34375 214.350006103515625 204.931243896484375 197.350006103515625 190.818756103515625 184.712493896484375 184.837493896484375 186.8249969482421875 191.131256103515625 194.556243896484375 193.6437530517578125 191.631256103515625 189.59375 187.53125 183.3625030517578125 176.5500030517578125 167.693756103515625 152.9562530517578125 136.5749969482421875 125.88124847412109375 126.1750030517578125 129.3000030517578125 133.1875 136.0187530517578125 138.537506103515625 141.6374969482421875 144.875 146.381256103515625 147.1374969482421875 147.3937530517578125 147.412506103515625 144.4812469482421875 142.3125
233.8125 238.318756103515625 241.431243896484375 244.1687469482421875 245.90625 248.4499969482421875 250.625 251.1437530517578125 250.024993896484375 246.40625 241.2375030517578125 235.0437469482421875 227.131256103515625 216.600006103515625 208.1374969482421875 199.350006103515625 191.8937530517578125 188.524993896484375 189.8812408447265625 190.59375 193.3937530517578125 193.975006103515625 192 190.162506103515625 188.21875 184.068756103515625 176.8562469482421875 166.006256103515625 154.024993896484375 144.875 137.7375030517578125 136.2937469482421875 137.7312469482421875 140.5625 143.537506103515625 147.2624969482421875 149.3874969482421875 151.5812530517578125 152.1374969482421875 152.587493896484375 151.8874969482421875 151.03125 148.912506103515625 146.1437530517578125
231.506256103515625 234.837493896484375 239.1687469482421875 243.024993896484375 246.4812469482421875 250 254.149993896484375 256.399993896484375 258.15625 256.82501220703125 253.225006103515625 249.1999969482421875 242.46875 231.7687530517578125 221.375 211.087493896484375 203.443756103515625 197.5187530517578125 194.725006103515625 193.631256103515625 192.0625 190.943756103515625 189.875 187.6374969482421875 184.743743896484375 180.9875030517578125 176.4875030517578125 168.131256103515625 159.96875 153.2375030517578125 146.443756103515625 144.3249969482421875 145.306243896484375 149.1687469482421875 153.3687591552734375 156.712493896484375 158.693756103515625 160.0437469482421875 158.84375 158.5124969482421875 157.0187530517578125 155.4375 153.3249969482421875 151.2312469482421875
229.537506103515625 234.5187530517578125 238.8249969482421875 243.212493896484375 247.587493896484375 251.568756103515625 255.6125030517578125 260.824981689453125 265.212493896484375 265.45623779296875 264.76873779296875 262.60626220703125 261.006256103515625 251.131256103515625 236.100006103515625 222.693756103515625 212.875 205.368743896484375 199.6062469482421875 195.537506103515625 192.493743896484375 189.5749969482421875 186.8874969482421875 184.212493896484375 182.4187469482421875 179.743743896484375 175.6374969482421875 170.4875030517578125 163.881256103515625 158.3625030517578125 153.90625 151.96875 154.225006103515625 158.462493896484375 162.4250030517578125 166.118743896484375 168.1062469482421875 167.556243896484375 165.287506103515625 163.975006103515625 162.537506103515625 160.225006103515625 157.7312469482421875 155.412506103515625
228.225006103515625 233.0749969482421875 237.712493896484375 241.318756103515625 246.318756103515625 251.743743896484375 256.76873779296875 262.881256103515625 266.681243896484375 268.306243896484375 269.087493896484375 272.09375 274.03125 262.92498779296875 245.4187469482421875 230.8562469482421875 219.756256103515625 211.0812530517578125 203.3000030517578125 196.6062469482421875 192.3562469482421875 188.3125 183.975006103515625 181.256256103515625 179.5437469482421875 176.9812469482421875 176.287506103515625 171.0749969482421875 167 163.0437469482421875 160.9499969482421875 160.15625 162.3625030517578125 165.9812469482421875 170.256256103515625 174.9875030517578125 176.9250030517578125 174.475006103515625 171.818756103515625 169.662506103515625 167.4499969482421875 164.9187469482421875 162.3249969482421875 159.7687530517578125
230.350006103515625 233.475006103515625 237.774993896484375 241.5749969482421875 247.3874969482421875 251.8249969482421875 256.14373779296875 261.48748779296875 265.78125 267.962493896484375 269.98748779296875 270.39373779296875 270.16876220703125 261.84375 248.024993896484375 234.8000030517578125 223.881256103515625 213.806243896484375 205.2937469482421875 197.537506103515625 191.7375030517578125 185.625 181.3125 178.056243896484375 175.6437530517578125 175.1999969482421875 174.681243896484375 172.3562469482421875 169.212493896484375 167.912506103515625 166.46875 166.4875030517578125 168.631256103515625 171.90625 175.118743896484375 178.2937469482421875 180.1750030517578125 178.09375 175.975006103515625 174.3937530517578125 171.806243896484375 169.149993896484375 167.4499969482421875 166.037506103515625
236.475006103515625 239.0625 239.431243896484375 243.412506103515625 247.100006103515625 250.3625030517578125 253.5812530517578125 257.912506103515625 261.556243896484375 264 265.493743896484375 265.38751220703125 262.631256103515625 255.8937530517578125 246.0124969482421875 235.681243896484375 226.350006103515625 216.287506103515625 207.2687530517578125 199.15625 191.9875030517578125 184.8937530517578125 178.6750030517578125 173.975006103515625 172.587493896484375 173.2312469482421875 174.368743896484375 173.931243896484375 172.587493896484375 172.375 171.5500030517578125 171.818756103515625 173.912506103515625 175.6750030517578125 178.068756103515625 180.1125030517578125 181.0625 180.399993896484375 179.8249969482421875 178.443756103515625 176.5625 173.931243896484375 170.8125 170.375
244.975006103515625 244.5124969482421875 243.6374969482421875 244.524993896484375 245.4562530517578125 247.118743896484375 251 253.868743896484375 255.0812530517578125 257.26251220703125 259.70623779296875 259.14373779296875 255.9375 250.3937530517578125 242.6999969482421875 233.443756103515625 225.537506103515625 216.681243896484375 208.306243896484375 199.65625 191.962493896484375 184.3000030517578125 177.131256103515625 172.625 172.5812530517578125 173.256256103515625 174.5500030517578125 174.96875 175.2624969482421875 174.6999969482421875 174.962493896484375 175.4499969482421875 177.6875 179.162506103515625 179.899993896484375 181.2062530517578125 181.7375030517578125 180.8562469482421875 181.556243896484375 181.25 180.068756103515625 177.100006103515625 173.975006103515625 172.3312530517578125
253.993743896484375 250.46875 247.318756103515625 244.9499969482421875 243.899993896484375 243.8625030517578125 246.2375030517578125 248.84375 250.2937469482421875 251.9250030517578125 252.5437469482421875 251.8249969482421875 248.743743896484375 243.8562469482421875 238.256256103515625 230.9250030517578125 223.725006103515625 216.5 208.6437530517578125 200.84375 193.6374969482421875 185.681243896484375 180.21875 176.8249969482421875 175.537506103515625 175.0124969482421875 175.6875 176.6687469482421875 177.0124969482421875 176.6999969482421875 176.381256103515625 177.100006103515625 179.1062469482421875 179.6437530517578125 180.931243896484375 181.7375030517578125 181.837493896484375 181.96875 182.0812530517578125 184.0124969482421875 184.875 182.2062530517578125 175.8874969482421875 173.1875
262.556243896484375 256.037506103515625 249.0437469482421875 244.2624969482421875 241.0812530517578125 239.8000030517578125 240.8874969482421875 242.6750030517578125 245.0500030517578125 246.0625 246.5124969482421875 244.9562530517578125 242.524993896484375 238.024993896484375 233.381256103515625 228.71875 223.75 216.4250030517578125 209.3249969482421875 202.3937530517578125 195.9875030517578125 188.8249969482421875 184.0437469482421875 181.524993896484375 179.4562530517578125 177.850006103515625 178.600006103515625 178.712493896484375 179.149993896484375 178.0437469482421875 177.6999969482421875 177.7937469482421875 178.625 179.25 180.9250030517578125 181.4499969482421875 181.6374969482421875 181.350006103515625 181.7687530517578125 183.024993896484375 185.6125030517578125 182.2062530517578125 177.59375 178.25
268.28125 259.34375 250.2624969482421875 241.381256103515625 237.1875 235.806243896484375 236.2375030517578125 237.6687469482421875 239.462493896484375 239.4812469482421875 239.818756103515625 238.9375 237.193756103515625 234.4375 230.756256103515625 226.9375 221.443756103515625 216.162506103515625 209.5124969482421875 203.3562469482421875 197.6687469482421875 192.8874969482421875 188.881256103515625 185.53125 183.118743896484375 181.600006103515625 181.6875 181.0124969482421875 180.4875030517578125 179.881256103515625 179.193756103515625 178.899993896484375 179.25 180.1687469482421875 181.193756103515625 180.59375 179.8249969482421875 180.25 178.78125 178.90625 180.743743896484375 182.9312591552734375 182.2375030517578125 185.0500030517578125
271.806243896484375 261.26251220703125 250.756256103515625 240.6750030517578125 234.087493896484375 233.225006103515625 233.1125030517578125 233.3562469482421875 233.462493896484375 234.1999969482421875 234.71875 234.337493896484375 233.8625030517578125 230.65625 228.087493896484375 225.2312469482421875 221.7375030517578125 216.4187469482421875 209.7937469482421875 206.0500030517578125 201.818756103515625 197.78125 194.2312469482421875 190.631256103515625 187.1374969482421875 185.431243896484375 184.3249969482421875 183.34375 182.0124969482421875 180.9499969482421875 180.3874969482421875 180.287506103515625 179.993743896484375 181.28125 181.1437530517578125 179.931243896484375 179.2375030517578125 180.318756103515625 177.774993896484375 172.9187469482421875 175.662506103515625 182.1374969482421875 185.681243896484375 188.9499969482421875
273.662506103515625 262.774993896484375 251.568756103515625 242.2375030517578125 235.9375 231.9250030517578125 230.5500030517578125 229.25 228.7687530517578125 228.787506103515625 229.350006103515625 229.8937530517578125 229.600006103515625 228.1999969482421875 227.4375 225.631256103515625 222.7624969482421875 218.0812530517578125 213.381256103515625 210.5625 207.024993896484375 203.006256103515625 199.2375030517578125 195.118743896484375 192.0124969482421875 189.125 186.912506103515625 185.15625 182.9812469482421875 182.3625030517578125 181.78125 181.068756103515625 180.787506103515625 181.03125 181.75 180.53125 179.75 179.5187530517578125 175.8125 173.306243896484375 178.40625 186.681243896484375 192.537506103515625 199.962493896484375
271.193756103515625 261.82501220703125 251.475006103515625 243.0749969482421875 236.5124969482421875 230.837493896484375 227.649993896484375 225.1750030517578125 223.5749969482421875 223.1062469482421875 225.1374969482421875 225.5500030517578125 226.71875 228.274993896484375 227.7062530517578125 226.818756103515625 224.0812530517578125 222.0749969482421875 219.1437530517578125 216.8125 213.443756103515625 208.7624969482421875 204.006256103515625 199.6999969482421875 196.443756103515625 192.993743896484375 190.1374969482421875 187.40625 185.381256103515625 184.3625030517578125 183.5749969482421875 182.6437530517578125 181.9187469482421875 181.524993896484375 182.5500030517578125 181.899993896484375 181.9875030517578125 181.2312469482421875 178.318756103515625 180.9187469482421875 186.3625030517578125 194.28125 202.725006103515625 213.5437469482421875
267.29376220703125 259.79998779296875 250.6750030517578125 243.524993896484375 236.431243896484375 229.8687591552734375 224.25 220.8312530517578125 218.5812530517578125 217.28125 218.6999969482421875 221.6999969482421875 225.03125 226.868743896484375 227.350006103515625 227.5 226.806243896484375 225.9875030517578125 224.4875030517578125 223.087493896484375 219.306243896484375 214.3874969482421875 209.350006103515625 204.399993896484375 200.649993896484375 196.493743896484375 193.4499969482421875 189.818756103515625 187.21875 185.8562469482421875 184.9562530517578125 184.524993896484375 183.568756103515625 182.962493896484375 183.837493896484375 184.03125 183.587493896484375 182.087493896484375 182.9499969482421875 187.756256103515625 192.96875 201.287506103515625 212.53125 225.7375030517578125
264.375 258.337493896484375 250.34375 242.931243896484375 236.2624969482421875 228.568756103515625 221.243743896484375 216.537506103515625 211.9250030517578125 210.837493896484375 213.149993896484375 218.4375 223.4562530517578125 227.8249969482421875 229.850006103515625 229.3874969482421875 229.787506103515625 230.100006103515625 229.587493896484375 228.631256103515625 225.2312469482421875 220.056243896484375 214.350006103515625 208.3000030517578125 203.2937469482421875 199.375 195.2624969482421875 191.8312530517578125 188.4875030517578125 187.0625 186.59375 185.9250030517578125 184.556243896484375 184.462493896484375 184.125 183.5625 183.131256103515625 185.5187530517578125 187.9875030517578125 192.0437469482421875 197.9875030517578125 205.493743896484375 216.2312469482421875 228.4812469482421875
261.07501220703125 255.600006103515625 248.4812469482421875 241.2312469482421875 234.7312469482421875 227.118743896484375 219.5749969482421875 212.337493896484375 205.90625 203.006256103515625 206.537506103515625 213.5500030517578125 221.6437530517578125 228.475006103515625 230.399993896484375 231.9812469482421875 231.6062469482421875 232.9875030517578125 234.037506103515625 234.7375030517578125 230.9812469482421875 224.1125030517578125 217.587493896484375 211.5749969482421875 206.412506103515625 202.006256103515625 198.100006103515625 194.90625 191.774993896484375 189.193756103515625 188.881256103515625 187.65625 186.53125 185.962493896484375 184.3249969482421875 183.399993896484375 186.462493896484375 188.7937469482421875 190.756256103515625 195.375 201.6062469482421875 207.693756103515625 215.8625030517578125 226
257.73126220703125 253.3874969482421875 247.375 241.0749969482421875 234.5749969482421875 227.0812530517578125 218.681243896484375 210.306243896484375 201.5749969482421875 194.3249969482421875 199.975006103515625 213.899993896484375 223.068756103515625 228.5187530517578125 231.1062469482421875 232.6750030517578125 232.8249969482421875 234.443756103515625 236.1875 236.8249969482421875 232.631256103515625 225.6750030517578125 219.2125091552734375 213.1999969482421875 207.993743896484375 204.337493896484375 199.8125 197.381256103515625 193.912506103515625 191.743743896484375 190.537506103515625 190.1875 188.4187469482421875 187.59375 185.681243896484375 186.037506103515625 189.024993896484375 192.006256103515625 194.6374969482421875 197.2375030517578125 201.78125 206.2375030517578125 212.5124969482421875 220.8937530517578125
256.787506103515625 252.59375 246.8312530517578125 241.412506103515625 235.256256103515625 228.1125030517578125 220.4499969482421875 212.28125 203.3249969482421875 194.2249908447265625 206.5812530517578125 222 227.399993896484375 230.7624969482421875 232.6125030517578125 233.6750030517578125 233.743743896484375 234.9562530517578125 235.9250030517578125 234.6125030517578125 231.2624969482421875 225.6374969482421875 219.9375 213.5437469482421875 209.0124969482421875 205.618743896484375 201.399993896484375 199.193756103515625 196.4187469482421875 194.7375030517578125 191.287506103515625 190.243743896484375 189.0124969482421875 188.125 186.65625 188.306243896484375 191.7062530517578125 194.28125 198.0187530517578125 200.9812469482421875 202.3125 206.024993896484375 209 213.743743896484375
