data/historical-monthly-weather-data/wc2.1_cruts4.09_10m_prec_1958-08.asc
ncols        51
nrows        45
xllcorner    -63.500000000000
yllcorner    -7.500000000000
cellsize     0.166666666667
NODATA_value -9999
[rows 0 to 18 of 45, columns 0 to 43 of 51]
149.71875 152.5749969482421875 152.8125 156.618743896484375 161.1437530517578125 165.9187469482421875 165.8625030517578125 167.725006103515625 169.787506103515625 170.0124969482421875 165.4375 164.3312530517578125 165.337493896484375 163.2687530517578125 163 159.3562469482421875 157.962493896484375 155.493743896484375 152.6750030517578125 153.618743896484375 152.274993896484375 148.8000030517578125 145.524993896484375 141.9499969482421875 136.975006103515625 132.431243896484375 130.899993896484375 131.006256103515625 124.95000457763671875 121.6750030517578125 114.2687530517578125 110.84375 107.31874847412109375 101.6125030517578125 97.53125 95.11875152587890625 91.7937469482421875 89.8874969482421875 89.83750152587890625 89.1125030517578125 89.05625152587890625 91.1875 91.4375 91.44374847412109375
142.2312469482421875 144.6062469482421875 149.3625030517578125 154.9875030517578125 162.09375 166.0749969482421875 164.0500030517578125 165.5500030517578125 168.5124969482421875 168.9562530517578125 166.2624969482421875 166.53125 164.1687469482421875 160.4187469482421875 158.537506103515625 157.818756103515625 154.493743896484375 152.2937469482421875 151.0437469482421875 151.287506103515625 149.53125 145.787506103515625 142.5 139.774993896484375 134.2375030517578125 128.256256103515625 128.337493896484375 126.3249969482421875 120.3125 115.2624969482421875 110.4875030517578125 105.9187469482421875 101.9250030517578125 98.2375030517578125 93.5500030517578125 89.94374847412109375 84.7687530517578125 83.6999969482421875 82.55625152587890625 81.65000152587890625 83.2687530517578125 84.16249847412109375 85.7937469482421875 86.8000030517578125
129.868743896484375 134.556243896484375 141.4250030517578125 149.8874969482421875 158.15625 162.21875 163.306243896484375 164.868743896484375 166.1125030517578125 166.0749969482421875 166.03125 166.006256103515625 162.943756103515625 157.149993896484375 154.3625030517578125 152.493743896484375 150.0625 147.2375030517578125 145.3000030517578125 142.931243896484375 142.399993896484375 141.1875 138.15625 136.149993896484375 129.1875 124.50624847412109375 125.1999969482421875 121.08750152587890625 115.0625 110.9250030517578125 104.84375 100.3312530517578125 96.53749847412109375 93.4875030517578125 87.9375 82.1125030517578125 78.0500030517578125 76.2624969482421875 74.49375152587890625 74.5625 76.71250152587890625 78.28749847412109375 81.08750152587890625 81.75624847412109375
118.40000152587890625 121.46250152587890625 130.8874969482421875 141.149993896484375 149.0187530517578125 153.587493896484375 157.2062530517578125 160.4187469482421875 164.868743896484375 165.2312469482421875 163.3000030517578125 161.1750030517578125 158.725006103515625 153.1125030517578125 149.8249969482421875 146.943756103515625 144.993743896484375 142.375 140.068756103515625 140.9375 139.181243896484375 136.087493896484375 132.625 130.71875 124.8625030517578125 119.8625030517578125 119.19374847412109375 112.6999969482421875 107.59375 104 98.90000152587890625 93.41249847412109375 88.2062530517578125 83.875 79.2624969482421875 74.9250030517578125 72.52500152587890625 69.46250152587890625 66.81874847412109375 67.74375152587890625 68.65625 71.9499969482421875 74.65000152587890625 76.9187469482421875
118.6999969482421875 118.5187530517578125 120.90000152587890625 128.993743896484375 139.618743896484375 144.431243896484375 148.0500030517578125 155.46875 162.350006103515625 163.3312530517578125 160.100006103515625 156.75 153.8562469482421875 149.6062469482421875 145.3937530517578125 142.78125 139.381256103515625 135.556243896484375 132.9375 134.306243896484375 135.3937530517578125 130.4375 127.65000152587890625 127.31874847412109375 120.03749847412109375 114.21875 110.5437469482421875 107.4250030517578125 102.3562469482421875 96.4812469482421875 93.5749969482421875 87.5812530517578125 83.2375030517578125 79.3625030517578125 74.7624969482421875 69.3000030517578125 65.3874969482421875 62.28125 59.72499847412109375 59.356250762939453125 61.581249237060546875 64.625 68.84999847412109375 71.28125
116.1875 115.9812469482421875 116.78125 116.96875 126.03749847412109375 136.4875030517578125 142.0187530517578125 147.243743896484375 154.6374969482421875 155.943756103515625 150.9562530517578125 148.0187530517578125 146.6437530517578125 143.6750030517578125 139.5812530517578125 137.462493896484375 133.024993896484375 128.1875 127.2937469482421875 128.4250030517578125 129.256256103515625 126.9812469482421875 124.68125152587890625 119.4375 114.7624969482421875 109.83750152587890625 105.9375 101.7375030517578125 97.53749847412109375 90.9250030517578125 87.6437530517578125 83.80625152587890625 78.21875 74.53125 68.93125152587890625 64.9250030517578125 60.112499237060546875 55.674999237060546875 53.90625 54.15625 54.47499847412109375 57.74375152587890625 61.731250762939453125 65.625
114.5 115.53749847412109375 116.6062469482421875 117.49375152587890625 121.58750152587890625 126.1999969482421875 130.9499969482421875 135.6999969482421875 136.431243896484375 138.5437469482421875 137.9499969482421875 137.5500030517578125 138.9375 137.193756103515625 135.15625 133.006256103515625 128.8312530517578125 125.02500152587890625 122.6687469482421875 124.71250152587890625 124.28125 123.00624847412109375 120.7687530517578125 116.2687530517578125 110.80625152587890625 106.40000152587890625 101.84375 96.69374847412109375 90.4499969482421875 86.53125 82.34999847412109375 77.65625 73.6125030517578125 69.65000152587890625 64.66249847412109375 59.80625152587890625 54.40000152587890625 50.22499847412109375 48.78125 48.65625 48.36875152587890625 51.075000762939453125 55.13124847412109375 59.581249237060546875
113.66249847412109375 113.5625 116.6374969482421875 118.8312530517578125 123.68125152587890625 128.0187530517578125 126.40625 120.3874969482421875 117.03125 119.7062530517578125 125.7312469482421875 127.71875 129.6062469482421875 129.8249969482421875 129.375 127.4812469482421875 124.9875030517578125 121.5500030517578125 118.90000152587890625 119.53749847412109375 120.5500030517578125 119.66249847412109375 116.15625 111.0749969482421875 107.39374542236328125 101.53749847412109375 96.08750152587890625 91.2937469482421875 85.9875030517578125 80.1687469482421875 77.65000152587890625 73.0124969482421875 68.0437469482421875 64.6374969482421875 58.875 53.84375 48.737499237060546875 44.31874847412109375 42.1875 41.106250762939453125 40.893749237060546875 43.46875 46.762500762939453125 50.106250762939453125
113.7062530517578125 114 117.6687469482421875 118.8000030517578125 122.09375 124.1437530517578125 123.6437530517578125 119.53125 111.33750152587890625 108.53125 113.21250152587890625 116.3625030517578125 122.11875152587890625 123.1750030517578125 122.8874969482421875 121.4562530517578125 121.47499847412109375 119.49375152587890625 119.93125152587890625 117.91249847412109375 117.1999969482421875 116.8874969482421875 112.8562469482421875 110.77500152587890625 105.8125 98.3000030517578125 90.84999847412109375 87.2624969482421875 82.2375030517578125 76.6875 74.03749847412109375 68.19374847412109375 62.375 57.18125152587890625 52.55625152587890625 48.90625 44.63124847412109375 40.66249847412109375 38.03749847412109375 36.59999847412109375 35.700000762939453125 36.831249237060546875 38.58750152587890625 40.55625152587890625
112.90000152587890625 113.58750152587890625 116.125 118.5437469482421875 121.41249847412109375 122.94374847412109375 124.5812530517578125 120.5 114.06874847412109375 113.0124969482421875 113.49375152587890625 112.6374969482421875 117.2687530517578125 119.3000030517578125 117.65625 117.13124847412109375 116.13124847412109375 117.05625152587890625 117.81874847412109375 117.90625 116.81874847412109375 113.7937469482421875 109.25624847412109375 106.7312469482421875 101.09999847412109375 93.65625 86.6999969482421875 82.1875 76.22499847412109375 70.83750152587890625 66.4499969482421875 61.625 57.72499847412109375 53.69374847412109375 49.78125 45.86875152587890625 41.268749237060546875 37.09375 34.88124847412109375 33.08750152587890625 31.524999618530273438 31.456249237060546875 31.881250381469726562 32.081249237060546875
114.16249847412109375 114.65000152587890625 115.5812530517578125 117.21250152587890625 120.6687469482421875 124.21875 125.4499969482421875 119.9187469482421875 115.03749847412109375 112.52500152587890625 113.76874542236328125 113.1125030517578125 114.0187530517578125 114.3874969482421875 111.43125152587890625 109.7937469482421875 109.8249969482421875 112.44374847412109375 113.80625152587890625 116.0124969482421875 118.27500152587890625 114.9562530517578125 109.3312530517578125 102.84999847412109375 99.34999847412109375 92.25624847412109375 85.4562530517578125 79.125 71.38124847412109375 65.1875 61.924999237060546875 57.6875 54.893749237060546875 51.24375152587890625 46.61875152587890625 42.268749237060546875 37.768749237060546875 34.137500762939453125 31.481250762939453125 29.15625 27.075000762939453125 26.612499237060546875 26.825000762939453125 26.256250381469726562
114.2062530517578125 115.0187530517578125 115.8312530517578125 118.1750030517578125 121.8249969482421875 125.25 127.3000030517578125 123.25624847412109375 117.7062530517578125 114.3249969482421875 113.96875 112.625 110.61875152587890625 108.05625152587890625 108.59999847412109375 106.9875030517578125 106.125 107.03125 109.9375 114.3312530517578125 117.09375 114.39374542236328125 109.53749847412109375 103.72499847412109375 97.41249847412109375 85.90000152587890625 78.8312530517578125 73.4562530517578125 66.75 61.518749237060546875 57.606250762939453125 54.825000762939453125 50.956249237060546875 47.387500762939453125 43.93125152587890625 40.518749237060546875 36.40000152587890625 32.4375 28.825000762939453125 25.600000381469726562 23.481250762939453125 22.856250762939453125 22.475000381469726562 20.862499237060546875
113.30625152587890625 112.71875 114.0749969482421875 115.09999847412109375 119.40000152587890625 121.7312469482421875 121.1374969482421875 119.3312530517578125 114.52500152587890625 112.28749847412109375 111.8874969482421875 110.71250152587890625 107.03125 101.78749847412109375 99.99375152587890625 99.88124847412109375 98.5749969482421875 101.38124847412109375 104.0749969482421875 106.6374969482421875 110.34375 108.84999847412109375 104.96875 96.66249847412109375 85.94374847412109375 76.4562530517578125 72.4187469482421875 68.03125 63.99375152587890625 59.36875152587890625 55.049999237060546875 51.59999847412109375 48.86875152587890625 44.21875 41.331249237060546875 39.03125 36.625 32.46875 28.924999237060546875 24.399999618530273438 20.46875 20.200000762939453125 19.387500762939453125 17.543750762939453125
111.21250152587890625 109.31874847412109375 109.81874847412109375 112.09375 114.74375152587890625 115.6750030517578125 115.25624847412109375 115.13124847412109375 110.90000152587890625 109.00624847412109375 107.2624969482421875 103.9187469482421875 100.90000152587890625 96.2062530517578125 90.1437530517578125 91.27500152587890625 91.3249969482421875 93.61875152587890625 93.5187530517578125 95.1374969482421875 98.7937469482421875 97.8125 94.71875 88.53125 80.34375 73.1125030517578125 69.06874847412109375 65.21250152587890625 61.34999847412109375 57.643749237060546875 54.200000762939453125 49.768749237060546875 46.700000762939453125 42.78125 40.875 39.799999237060546875 37.69374847412109375 35.137500762939453125 31.518749237060546875 25.881250381469726562 19.537500381469726562 17.475000381469726562 17.462499618530273438 18.018749237060546875
107.24375152587890625 106.6750030517578125 106.2687530517578125 107.0500030517578125 109.7937469482421875 110.4375 109.8937530517578125 108.6062469482421875 104.86875152587890625 103.2312469482421875 99.88124847412109375 97.5500030517578125 94.34999847412109375 88.8562469482421875 82.8125 80.97499847412109375 81.0749969482421875 81.7375030517578125 82.5625 84.75 88.1374969482421875 88.3874969482421875 86.96250152587890625 84.0625 79.3937530517578125 74.5749969482421875 69.5749969482421875 64.77500152587890625 60 56.03749847412109375 51.950000762939453125 48.49375152587890625 45.612499237060546875 42.806247711181640625 40.28749847412109375 39.63124847412109375 38.96875 39.05625152587890625 35.950000762939453125 28.96875 23.475000381469726562 20.993749618530273438 20.625 19.75
101.69374847412109375 101.8937530517578125 102.4375 103.1750030517578125 104.61875152587890625 106.08750152587890625 105.81874847412109375 102.9187469482421875 99.90000152587890625 97.625 94.53749847412109375 90.7937469482421875 86.59375 81.66249847412109375 76.53125 71.24375152587890625 70.88750457763671875 71.7624969482421875 72.4499969482421875 75.0437469482421875 78.0437469482421875 80.0625 81.84999847412109375 82.2937469482421875 79.93125152587890625 75.5625 70.53749847412109375 64.44374847412109375 59.075000762939453125 55.44374847412109375 52.1875 48.58750152587890625 44.96250152587890625 42.18125152587890625 40.387500762939453125 42.375 42.793750762939453125 42.56874847412109375 39.924999237060546875 34.46875 29.28125 25.96875 23.356250762939453125 20.868749618530273438
98.3249969482421875 98.84999847412109375 98.78125 99.8874969482421875 99.8937530517578125 101.7062530517578125 102.3000030517578125 100.5500030517578125 96.09375 94.0187530517578125 91.0500030517578125 85.78749847412109375 81.3000030517578125 76.24375152587890625 71.09999847412109375 66.0625 61.25 61.200000762939453125 63.5625 66.71875 68.44374847412109375 72.2937469482421875 76.8249969482421875 81.40000152587890625 81.8000030517578125 77.0749969482421875 69.84375 63.737499237060546875 57.43125152587890625 53.356250762939453125 51.25 49.512500762939453125 47.06874847412109375 44.75624847412109375 47.22499847412109375 48.69374847412109375 48.706249237060546875 49.5 47.55625152587890625 39.606250762939453125 32.59375 27.868749618530273438 24.03125 21.681249618530273438
92.1875 93.8937530517578125 94.7624969482421875 96.5749969482421875 96.96875 98.8625030517578125 97.74375152587890625 96.53749847412109375 92.8625030517578125 90.09375 87.2062530517578125 82.6125030517578125 76.38124847412109375 70.59375 65.74375152587890625 60.75 55.97499847412109375 52.487499237060546875 55.94374847412109375 57.581249237060546875 60.668750762939453125 64.94374847412109375 71.3125 76.49375152587890625 79.59375 76.625 70.75624847412109375 64.0124969482421875 56.731250762939453125 51.83750152587890625 47.38124847412109375 45.03749847412109375 48.625 51.918750762939453125 52.575000762939453125 54.4375 55.200000762939453125 53.91249847412109375 49.3125 42.131252288818359375 33.24375152587890625 28.625 24.850000381469726562 22.381250381469726562
86.18125152587890625 88.41249847412109375 90.2375030517578125 92.61875152587890625 94.55625152587890625 95.3874969482421875 95.13124847412109375 93.5749969482421875 92.1687469482421875 90.1875 86.6437530517578125 79.11875152587890625 73.1125030517578125 67.66249847412109375 61.456249237060546875 57.4375 52.549999237060546875 48.137500762939453125 48.149997711181640625 50.63124847412109375 56.706249237060546875 66.8249969482421875 63.75 69.83750152587890625 73.5812530517578125 75.15625 71.13124847412109375 63.75 57.918750762939453125 50.68125152587890625 45.65625 46.11875152587890625 50.94374847412109375 53.200000762939453125 54.799999237060546875 56.262500762939453125 54.49375152587890625 50.643749237060546875 46.72499847412109375 39.75624847412109375 33.018749237060546875 28.631250381469726562 24.96875 22.193750381469726562
