data/historical-monthly-weather-data/wc2.1_cruts4.09_10m_prec_2012-12.asc
ncols        45
nrows        45
xllcorner    -63.500000000000
yllcorner    -7.500000000000
cellsize     0.166666666667
NODATA_value -9999
[rows 20 to 39 of 45, columns 0 to 44 of 45]
281.899993896484375 284.0625 285.46875 288.13751220703125 292.056243896484375 297.16876220703125 301.48126220703125 305.04376220703125 307.85626220703125 308.11248779296875 306.149993896484375 305.79376220703125 304.912506103515625 301.4375 294.3125 285.09375 276.087493896484375 268.850006103515625 264.90625 261.975006103515625 265.568756103515625 269.774993896484375 273.537506103515625 275.26873779296875 278.20623779296875 279.26873779296875 273.3125 260.36248779296875 243.7624969482421875 227.5437469482421875 215.1062469482421875 210.118743896484375 209.806243896484375 211.9250030517578125 214.78125 218.2687530517578125 224.4375 231.1062469482421875 234.381256103515625 232.162506103515625 225.225006103515625 216.9562530517578125 211.40625 206.850006103515625 203.681243896484375
276.625 277.931243896484375 281.04998779296875 286.54376220703125 292.04998779296875 297.85626220703125 303.837493896484375 309 311.84375 312.0625 309.09375 307.037506103515625 304.46875 299.524993896484375 293.13751220703125 285.193756103515625 277.381256103515625 270.899993896484375 265.9375 262.23126220703125 262.837493896484375 266.46875 271.4375 273.087493896484375 276.39373779296875 280.98126220703125 280.443756103515625 269.51873779296875 254.600006103515625 240.993743896484375 229.8125 223.1312408447265625 220.4499969482421875 221.243743896484375 222.1437530517578125 224.618743896484375 230.524993896484375 237.5625 239.5124969482421875 235.25 228.7062530517578125 221.2249908447265625 215.2624969482421875 210.475006103515625 207.5500030517578125
272.29376220703125 275.51251220703125 278.32501220703125 283.95001220703125 291.006256103515625 299.04998779296875 305.681243896484375 312.53125 317.25 316.26873779296875 312.21875 307.46875 304.087493896484375 298.725006103515625 292.40625 285.056243896484375 277.51873779296875 270.743743896484375 265.54998779296875 260.45623779296875 260.024993896484375 261.98748779296875 265.006256103515625 266.818756103515625 271.375 279.056243896484375 283.20623779296875 274.95623779296875 261.881256103515625 251 241.90625 235.2312469482421875 231.931243896484375 229.912506103515625 228.7687530517578125 228.25 234.506256103515625 245.524993896484375 247.03125 240.7937469482421875 233.2375030517578125 225.462493896484375 219.375 214.337493896484375 210.787506103515625
269.475006103515625 271.975006103515625 274.42498779296875 280.631256103515625 289.07501220703125 298.225006103515625 306.962493896484375 314.0625 318.26873779296875 316.375 312.131256103515625 307.756256103515625 303.76873779296875 298.73126220703125 292.331268310546875 285.181243896484375 278.23748779296875 271.725006103515625 265.756256103515625 259.88751220703125 256.79376220703125 256.48126220703125 256.649993896484375 258.368743896484375 262.26873779296875 268.96875 273.318756103515625 270.875 264.725006103515625 257.46875 251.5625 245.3937530517578125 242.7937469482421875 239.9250030517578125 237.7937469482421875 234.725006103515625 239.743743896484375 250.2687530517578125 251.7062530517578125 245.4187469482421875 237.1687469482421875 229.3312530517578125 222.2312469482421875 216.375 214.181243896484375
270.287506103515625 271.25 272.524993896484375 281.34375 292.0625 300.662506103515625 308.756256103515625 314.443756103515625 316.79376220703125 316 312.524993896484375 307.53125 302.88751220703125 297.524993896484375 291.962493896484375 285.60626220703125 278.975006103515625 272.65625 266.0625 259.443756103515625 254.0749969482421875 250.193756103515625 248.037506103515625 247.9812469482421875 251.8625030517578125 259.050018310546875 264.193756103515625 265.66876220703125 264.225006103515625 261.625 258.95623779296875 254.8249969482421875 253.1374969482421875 250.399993896484375 247.03125 245.34375 249.1687469482421875 253.7375030517578125 254.037506103515625 249.5437469482421875 241.618743896484375 233.443756103515625 225.162506103515625 219.9499969482421875 215.875
276.85626220703125 280.54376220703125 281.850006103515625 289.41876220703125 296.85626220703125 304.13751220703125 310.162506103515625 314.475006103515625 315.88751220703125 314.38751220703125 310.806243896484375 306.493743896484375 301.337493896484375 295.90625 291.48126220703125 286.024993896484375 279.48748779296875 273.23748779296875 266.51251220703125 259.1875 253.181243896484375 245.71875 239.3125 236.25 241.993743896484375 250.649993896484375 258.006256103515625 262.03125 263.756256103515625 264.274993896484375 264.0625 263.92498779296875 263.806243896484375 260.46875 257.38751220703125 255.59375 257.600006103515625 259.9375 259.318756103515625 255.59375 248.1374969482421875 237.59375 227.1999969482421875 220.087493896484375 217.274993896484375
283.212493896484375 287.6875 292.21875 299.21875 305.23748779296875 310.256256103515625 313.056243896484375 314.86248779296875 313.96875 312.712493896484375 310.625 306.162506103515625 300.40625 295.3125 291.51873779296875 287.35626220703125 281.875 275.912506103515625 269.306243896484375 261.07501220703125 253.5437469482421875 244.5 235.524993896484375 229.71875 236.850006103515625 245.6062469482421875 253.4812469482421875 258.70623779296875 262.881256103515625 265.14373779296875 267.662506103515625 269.98126220703125 272.243743896484375 269.26873779296875 266.287506103515625 265.006256103515625 265.149993896484375 265.993743896484375 265.04376220703125 262.32501220703125 255.6374969482421875 242.5437469482421875 228.3125 219.4499969482421875 221.6437530517578125
290.57501220703125 295.98126220703125 302.78125 309.9375 314.78125 317.443756103515625 317.79998779296875 316.212493896484375 313.51873779296875 310.95001220703125 307.962493896484375 303.5625 299.23748779296875 294.76873779296875 291.82501220703125 288.056243896484375 284.068756103515625 278.21875 272.23126220703125 264.443756103515625 256.693756103515625 248.0187530517578125 241.2062530517578125 236.837493896484375 239.7687530517578125 245.837493896484375 251.868743896484375 256.506256103515625 260.76251220703125 264.181243896484375 267.412506103515625 270.125 272.95623779296875 272.98748779296875 271.92498779296875 271.17498779296875 271.48748779296875 272.33123779296875 272.41876220703125 271.46875 266.506256103515625 251.96875 230.8874969482421875 220.2624969482421875 230.056243896484375
296.32501220703125 303.17498779296875 312.33123779296875 321.556243896484375 325.39373779296875 324.03125 320.881256103515625 317.07501220703125 312.806243896484375 308.506256103515625 305.631256103515625 302.006256103515625 297.86248779296875 294.256256103515625 291.70623779296875 289.912506103515625 286.975006103515625 282.037506103515625 276.45001220703125 269.34375 261.787506103515625 254.087493896484375 248.837493896484375 244.2312469482421875 244.818756103515625 248.15625 252.34375 256.10626220703125 259.962493896484375 262.975006103515625 265.95623779296875 268.375 271.818756103515625 273.368743896484375 274.57501220703125 275.23748779296875 276.70623779296875 277.79376220703125 277.993743896484375 278.79998779296875 277.40625 260.868743896484375 239.4812469482421875 232.274993896484375 241.8562469482421875
302.67498779296875 310.14373779296875 321.399993896484375 332.88751220703125 338.04376220703125 330.84375 323.25 317.256256103515625 311.11248779296875 305.5 302.181243896484375 298.38751220703125 296.056243896484375 294.024993896484375 292.412506103515625 290.51251220703125 288.60626220703125 286.306243896484375 281.75 274.90625 267.25 260.35626220703125 254.681243896484375 250.3249969482421875 249.600006103515625 251.225006103515625 252.6312408447265625 255.7312469482421875 258.38751220703125 261.26251220703125 264.056243896484375 266.318756103515625 270.54998779296875 272.89373779296875 275.118743896484375 276.0625 277.962493896484375 279.21875 279.712493896484375 279.868743896484375 277.068756103515625 266.60626220703125 251.9250030517578125 246.193756103515625 247.506256103515625
306.462493896484375 314.15625 324.61248779296875 336.33123779296875 340.42498779296875 330.48126220703125 321.3125 313.399993896484375 305.962493896484375 301.20001220703125 297.86248779296875 295.037506103515625 293.899993896484375 292.53125 291.306243896484375 290.587493896484375 290.568756103515625 288.48748779296875 286.20001220703125 280.17498779296875 272.36248779296875 265.493743896484375 260.26873779296875 255.399993896484375 253.100006103515625 252.9124908447265625 253.3125 255.1062469482421875 256.774993896484375 259.899993896484375 262.475006103515625 264.64373779296875 268.45001220703125 271.73126220703125 274.243743896484375 275.975006103515625 278.54998779296875 280.23126220703125 280.09375 278.51873779296875 276.818756103515625 270.881256103515625 262.443756103515625 255.037506103515625 252.868743896484375
308.3125 314.068756103515625 321.90625 327.818756103515625 328.181243896484375 321.618743896484375 313.743743896484375 305.35626220703125 298.78125 293.850006103515625 291.337493896484375 290.32501220703125 290.65625 290.34375 290.787506103515625 290.96875 289.73126220703125 287.993743896484375 286.10626220703125 281.51873779296875 275.11248779296875 268.86248779296875 263.29376220703125 258.087493896484375 256.162506103515625 254.5500030517578125 253.46875 254.3125 255.431243896484375 258.54376220703125 260.98748779296875 263.225006103515625 265.774993896484375 269.0625 272.33123779296875 275.40625 277.506256103515625 278.95623779296875 278.850006103515625 277.88751220703125 279.0625 277.587493896484375 274.67498779296875 271.631256103515625 272.162506103515625
309.5625 312.037506103515625 315.13751220703125 318.14373779296875 317.087493896484375 310.875 302.556243896484375 294.0625 287.63751220703125 283.89373779296875 284.756256103515625 285.11248779296875 287.39373779296875 289.931243896484375 290.443756103515625 289.875 287.899993896484375 287.225006103515625 283.962493896484375 280.23748779296875 275.01873779296875 270.181243896484375 265.3125 260.04998779296875 257.693756103515625 256.32501220703125 254.662506103515625 253.506256103515625 254.306243896484375 256.60626220703125 259.23126220703125 261.26873779296875 263.475006103515625 266.14373779296875 269.0625 271.76873779296875 274.01873779296875 275.79998779296875 275.90625 278.537506103515625 280.63751220703125 282.29998779296875 285.256256103515625 291.08123779296875 303.625
309.48126220703125 309.21875 309.881256103515625 309.23748779296875 305.306243896484375 298.60626220703125 290.76873779296875 282.3125 275.82501220703125 272.568756103515625 273.95001220703125 278.899993896484375 284.274993896484375 287.48126220703125 288.818756103515625 287.931243896484375 286.4375 285.693756103515625 281.993743896484375 278.58123779296875 274.29376220703125 269.82501220703125 265.193756103515625 260.48748779296875 257.65625 255.962493896484375 254.443756103515625 253.1437530517578125 253.59375 254.868743896484375 256.89373779296875 259.125 260.79998779296875 262.90625 264.756256103515625 266.85626220703125 269.53125 270.368743896484375 272.70001220703125 276.64373779296875 280.399993896484375 284.46875 290.993743896484375 301.931243896484375 318.16876220703125
308.04376220703125 306.45001220703125 304.712493896484375 300.962493896484375 295.693756103515625 287.85626220703125 279.006256103515625 270.13751220703125 262.368743896484375 259.70001220703125 263.587493896484375 271.78125 281.462493896484375 287.98126220703125 289.381256103515625 288.149993896484375 285.67498779296875 284.037506103515625 281.01873779296875 276.39373779296875 273.26251220703125 268.524993896484375 265.15625 260.33123779296875 256.943756103515625 255.274993896484375 253.443756103515625 252.3125 252.193756103515625 253.100006103515625 254.84375 256.60626220703125 257.92498779296875 259.59375 260.61248779296875 261.59375 263.13751220703125 265.54998779296875 268.96875 272.412506103515625 277.17498779296875 281.962493896484375 289.287506103515625 300.08123779296875 312.587493896484375
306.13751220703125 303.337493896484375 299.587493896484375 294.51251220703125 287.693756103515625 279.29998779296875 269.056243896484375 258.5 249.162506103515625 244.5812530517578125 250.787506103515625 264.181243896484375 278.73748779296875 287.506256103515625 289.71875 288.48748779296875 285.42498779296875 283.256256103515625 279.01873779296875 273.78125 270.40625 267.10626220703125 263.07501220703125 258.86248779296875 256.41876220703125 254.662506103515625 253.274993896484375 252.1125030517578125 251.7624969482421875 252.5625 254.087493896484375 254.8312530517578125 255.7312469482421875 256.07501220703125 256.118743896484375 256.01873779296875 258.51251220703125 260.556243896484375 263.3125 266.787506103515625 271.26873779296875 276.631256103515625 282.524993896484375 291.13751220703125 298.912506103515625
303.6875 300.17498779296875 295.51251220703125 289.95001220703125 282.95001220703125 274.29376220703125 264.29998779296875 252.1125030517578125 239.3000030517578125 229.03125 240.2375030517578125 263.79998779296875 279.57501220703125 287.76251220703125 290.149993896484375 288.662506103515625 285.58123779296875 282.306243896484375 277.962493896484375 272.23748779296875 268.212493896484375 264.256256103515625 260.306243896484375 256.693756103515625 254.3312530517578125 253.318756103515625 251.8125 251.787506103515625 252.1062469482421875 252.5812530517578125 253.149993896484375 253.149993896484375 253.125 252.993743896484375 251.8874969482421875 252.5187530517578125 254.0749969482421875 255.3562469482421875 256.537506103515625 259.118743896484375 262.59375 266.993743896484375 271.96875 278.70623779296875 282.89373779296875
300.587493896484375 297.17498779296875 292.693756103515625 286.98126220703125 280.83123779296875 272.162506103515625 263.45001220703125 252.5 240.618743896484375 227.649993896484375 251.8249969482421875 277.42498779296875 287.23748779296875 291.98126220703125 292.63751220703125 290.462493896484375 286.212493896484375 282.67498779296875 276.98126220703125 271.087493896484375 265.431243896484375 260.71875 257.03125 253.7937469482421875 251.65625 251.03125 251.0500030517578125 251.375 251.9375 252.5187530517578125 252.0812530517578125 251.8249969482421875 251.181243896484375 250.412506103515625 248.6999969482421875 248.868743896484375 249.5124969482421875 249.5749969482421875 250.431243896484375 251.71875 253.5812530517578125 256.78125 260.13751220703125 265.04376220703125 268.76251220703125
296.73748779296875 293.431243896484375 289.837493896484375 285.431243896484375 279.85626220703125 272.83123779296875 266.23748779296875 260.431243896484375 257.57501220703125 265.756256103515625 294.274993896484375 298.36248779296875 297.85626220703125 298.64373779296875 297.58123779296875 294.8125 290.243743896484375 284.743743896484375 278.04998779296875 270.95623779296875 263.912506103515625 257.706268310546875 253.412506103515625 250.693756103515625 249.399993896484375 249.2624969482421875 249.5124969482421875 250.8874969482421875 252.274993896484375 253.5187530517578125 254.3562469482421875 253.412506103515625 252.90625 252.087493896484375 251.6125030517578125 251.274993896484375 250.962493896484375 250.4375 250.21875 250.306243896484375 251.693756103515625 253.6125030517578125 255.8249969482421875 259.20623779296875 262.25
294.1875 291.04998779296875 288.03125 284.51873779296875 280.41876220703125 276.23748779296875 272.756256103515625 272.118743896484375 274.556243896484375 284.4375 300.256256103515625 306.181243896484375 305.40625 305.04998779296875 303.73126220703125 300.162506103515625 294.95623779296875 288.90625 280.23748779296875 271.51251220703125 261.64373779296875 253.4499969482421875 248.006256103515625 245.149993896484375 245.337493896484375 246.6062469482421875 248.4562530517578125 250.9812469482421875 253.0500030517578125 255.2375030517578125 256.01251220703125 256.743743896484375 256.96875 256.20623779296875 255.318756103515625 253.6125030517578125 253.0187530517578125 251.568756103515625 250.40625 249.1687469482421875 248.881256103515625 250.306243896484375 252.287506103515625 254.7937469482421875 258.13751220703125
