data/historical-monthly-weather-data/wc2.1_cruts4.09_10m_prec_1975-08.asc
ncols        51
nrows        45
xllcorner    -63.500000000000
yllcorner    -7.500000000000
cellsize     0.166666666667
NODATA_value -9999
[rows 0 to 18 of 45, columns 0 to 42 of 51]
268.675018310546875 279.23126220703125 282.024993896484375 290.931243896484375 300.975006103515625 309.600006103515625 308.850006103515625 311.162506103515625 310.35626220703125 305.600006103515625 291.912506103515625 281.431243896484375 274.34375 262.04998779296875 250.90625 234.84375 223.09375 211.631256103515625 200.4250030517578125 194.931243896484375 189.4375 181.850006103515625 174.65625 166.8187408447265625 157.5437469482421875 149 143.8874969482421875 140.5812530517578125 131.1374969482421875 126.4375 117.77500152587890625 113.47499847412109375 110.15000152587890625 104.78125 101.28749847412109375 101.0437469482421875 100.0500030517578125 100.63124847412109375 103.4187469482421875 105.5749969482421875 108.4562530517578125 113.21875 115.6062469482421875
257.787506103515625 266.381256103515625 276.57501220703125 287.9375 301.84375 308.04998779296875 302.79376220703125 303.537506103515625 303.57501220703125 298.54998779296875 287.66876220703125 279.318756103515625 266.399993896484375 251.6062469482421875 238.6687469482421875 227.7624969482421875 213.600006103515625 201.40625 190.912506103515625 183.368743896484375 177.34375 169.712493896484375 162.8625030517578125 157.1125030517578125 148.4250030517578125 139.443756103515625 137.1437530517578125 132.6875 124.3562469482421875 118.65000152587890625 113.4875030517578125 108.7375030517578125 105.78125 103.31874847412109375 100.03125 99.44374847412109375 97.25624847412109375 99.7375030517578125 101.6750030517578125 103.91249847412109375 109.3125 112.6750030517578125 116.91249847412109375
238.4812469482421875 250.2937469482421875 262.36248779296875 276.581268310546875 290.149993896484375 294.725006103515625 293.587493896484375 292.92498779296875 289.26251220703125 283.07501220703125 276.59375 268.118743896484375 254.8312530517578125 237.712493896484375 224.46875 213 201.318756103515625 189.725006103515625 179.7624969482421875 170.2375030517578125 166.0187530517578125 161.524993896484375 155.1125030517578125 150.2312469482421875 140.0812530517578125 132.6999969482421875 131.618743896484375 125.61875152587890625 117.9875030517578125 113.69374847412109375 107.5625 103.2687530517578125 100.94374847412109375 99.59999847412109375 95.79999542236328125 93.34999847412109375 93.1062469482421875 95.4250030517578125 97.0625 101.06874847412109375 107.9499969482421875 112.58750152587890625 118.8125
220.3874969482421875 228.287506103515625 243.181243896484375 258.38751220703125 268.82501220703125 272.58123779296875 274.493743896484375 275.25 276.48748779296875 270.66876220703125 261.037506103515625 249.9187469482421875 238.5187530517578125 222.7062530517578125 209.9375 198.181243896484375 188.3000030517578125 178.7375030517578125 170.0500030517578125 165.743743896484375 160.3125 153.806243896484375 147.03125 142.1750030517578125 133.15625 125.46250152587890625 123.47499847412109375 115.65625 109.5749969482421875 106.16249847412109375 101.3874969482421875 96.41249847412109375 92.91249847412109375 90.4250030517578125 87.90625 87.5437469482421875 89.8249969482421875 91.24375152587890625 92.18125152587890625 98 103.875 111.49375152587890625 118.03125
223.818756103515625 224.9875030517578125 225.0625 234.5187530517578125 248.15625 251.056243896484375 251.65625 258.26251220703125 263.01251220703125 257.88751220703125 246.181243896484375 233.8874969482421875 222.600006103515625 209.725006103515625 196.693756103515625 186.28125 175.600006103515625 166.0625 158.537506103515625 156.0500030517578125 154.1999969482421875 145.693756103515625 139.787506103515625 136.5625 126.0437469482421875 117.5625 112.93125152587890625 109.1750030517578125 103.63124847412109375 98.2062530517578125 95.93125152587890625 90.6999969482421875 88.3874969482421875 86.6999969482421875 84.52500152587890625 83.3125 84.2375030517578125 86.0749969482421875 87.41249847412109375 91.84375 100.4499969482421875 108.18125152587890625 117.72499847412109375
221.03125 221.40625 218.1125030517578125 212.84375 223.5625 235.8000030517578125 238.8874969482421875 241.0812530517578125 246.3312530517578125 241.6875 227.4250030517578125 216.225006103515625 207.6125030517578125 197.024993896484375 185.0749969482421875 176.1374969482421875 164.931243896484375 154.9875030517578125 150.306243896484375 148.1437530517578125 146.118743896484375 140.7062530517578125 135.3874969482421875 127.1374969482421875 119.65000152587890625 112.3937530517578125 107.81874847412109375 103.21250152587890625 98.80625152587890625 92.83750152587890625 90.36875152587890625 87.49375152587890625 84.21250152587890625 83.0749969482421875 80.06874847412109375 80.71875 80.6125030517578125 80.6875 83.24375152587890625 88.9562530517578125 94.8625030517578125 103.3312530517578125 112.8874969482421875
219.600006103515625 221.631256103515625 218.462493896484375 214.2062530517578125 215.743743896484375 217.28125 218.587493896484375 219.6750030517578125 214.399993896484375 211.3874969482421875 204.2062530517578125 197.25 192.993743896484375 184.568756103515625 176.0625 167.78125 157.600006103515625 149.5 143.625 142.943756103515625 139.5625 135.287506103515625 130.0812530517578125 122.90000152587890625 114.90625 108.41249847412109375 103.44374847412109375 98.0625 91.7937469482421875 88.7062530517578125 85.43125152587890625 81.84999847412109375 80.4499969482421875 79.3625030517578125 77.29999542236328125 76.99375152587890625 76.0749969482421875 76.4875030517578125 79.5812530517578125 84.9499969482421875 90.0625 97.875 108.0437469482421875
219.4562530517578125 218.649993896484375 219.03125 216.931243896484375 219.4562530517578125 219.6750030517578125 209.568756103515625 192.850006103515625 181.631256103515625 179.9875030517578125 183.125 180.087493896484375 176.850006103515625 171.53125 165.881256103515625 158.631256103515625 151.131256103515625 144.0187530517578125 138.1687469482421875 136.225006103515625 134.53125 130.7062530517578125 124.1875 116.63124847412109375 110.75624847412109375 103.0437469482421875 97.375 92.59375 87.4187469482421875 82.53749847412109375 81.0749969482421875 77.63124847412109375 75.4499969482421875 75.2062530517578125 72.33750152587890625 71.6437530517578125 70.91249847412109375 70.7312469482421875 72.5812530517578125 76.1875 81.40000152587890625 89.18125152587890625 98.22499847412109375
219.506256103515625 218.90625 220.3562469482421875 216.28125 216 212.274993896484375 204.118743896484375 190.5500030517578125 171.7937469482421875 162.0187530517578125 163.568756103515625 162.6875 165.1875 161.3249969482421875 156.756256103515625 151.0062408447265625 147.2937469482421875 141.875 139.431243896484375 134.2375030517578125 130.493743896484375 127.2312469482421875 120.1062469482421875 115.8312530517578125 108.78749847412109375 99.53749847412109375 91.9562530517578125 88.5187530517578125 83.71875 79.1125030517578125 77.5500030517578125 72.84999847412109375 69.66249847412109375 67.2624969482421875 65.4875030517578125 66.1999969482421875 66.2624969482421875 66.41249847412109375 67.2624969482421875 70.0187530517578125 73.66249847412109375 78.5437469482421875 84.4499969482421875
217.6374969482421875 217.3125 216.65625 215.087493896484375 214.1125030517578125 209.5 204.9187469482421875 191.3312530517578125 175.15625 167.774993896484375 162.9250030517578125 156.399993896484375 157.4562530517578125 155.149993896484375 149.631256103515625 145.84375 141.5812530517578125 139.4875030517578125 137.21875 134.149993896484375 129.850006103515625 123.5187530517578125 115.81874847412109375 111.22499847412109375 103.65000152587890625 94.6374969482421875 87.6750030517578125 83.36875152587890625 77.66249847412109375 73.1875 69.81874847412109375 66.1125030517578125 64.91249847412109375 63.762500762939453125 62.825000762939453125 63.018749237060546875 62.268749237060546875 61.77500152587890625 63.11875152587890625 65.03125 67.1437530517578125 69.46250152587890625 72.44374847412109375
219.4875030517578125 218.34375 214.631256103515625 211.7375030517578125 211.899993896484375 210.7375030517578125 205.412506103515625 189.4812469482421875 175.631256103515625 165.993743896484375 162.15625 155.9812469482421875 152.09375 147.912506103515625 141.381256103515625 136.9499969482421875 134.5187530517578125 134.462493896484375 132.743743896484375 131.9499969482421875 131.243743896484375 124.3625030517578125 115.36875152587890625 106.7624969482421875 101.5500030517578125 93.03749847412109375 86.30625152587890625 80.24375152587890625 72.8249969482421875 67.50624847412109375 65.2375030517578125 62.143749237060546875 62.08750152587890625 61.31874847412109375 59.43125152587890625 58.774997711181640625 57.84375 57.80625152587890625 58.143749237060546875 58.75 59.375 60.731250762939453125 63.13124847412109375
217.306243896484375 216.6687469482421875 212.78125 211.181243896484375 211.681243896484375 210.256256103515625 206.1999969482421875 192.6875 177.774993896484375 166.774993896484375 160.6687469482421875 154.28125 147.287506103515625 140.056243896484375 138.162506103515625 133.6999969482421875 130.15625 128.100006103515625 128.1999969482421875 129.806243896484375 129.493743896484375 123.05625152587890625 114.75624847412109375 107.0437469482421875 99.18125152587890625 86.44374847412109375 79.53749847412109375 74.52500152587890625 68.18125152587890625 63.825000762939453125 60.793750762939453125 59.1875 57.71875 56.78125 56.03749847412109375 56.24375152587890625 55.518749237060546875 54.575000762939453125 53.03125 51.674999237060546875 51.77500152587890625 52.55625152587890625 53.393749237060546875
213.0124969482421875 209.7687530517578125 207.125 203.3249969482421875 205.068756103515625 202.03125 193.9875030517578125 184.3874969482421875 170.943756103515625 161.8312530517578125 155.899993896484375 150.6125030517578125 142.381256103515625 132.412506103515625 127.59999847412109375 125.09999847412109375 121.0437469482421875 121.3312530517578125 121.25624847412109375 120.90625 121.56874847412109375 116.4187469482421875 109.125 99.13124847412109375 87.15625 76.7937469482421875 73.0187530517578125 69.03125 65.4562530517578125 61.700000762939453125 58.200000762939453125 55.762500762939453125 55.393749237060546875 52.96875 52.65000152587890625 53.96875 55.44374847412109375 54.09375 52.88124847412109375 49.08750152587890625 45.262500762939453125 46.59999847412109375 46.28749847412109375
206.9187469482421875 201.193756103515625 197.068756103515625 195.71875 194.8125 189.6750030517578125 182.3125 175.7375030517578125 163.4812469482421875 155.181243896484375 147.725006103515625 140.318756103515625 133.90625 125.4375 115.25 114.3874969482421875 112.0625 111.9187469482421875 108.75 107.5437469482421875 108.3125 103.88124847412109375 97.58124542236328125 90.1374969482421875 81.06874847412109375 73.24375152587890625 69.56874847412109375 66.1875 62.825000762939453125 59.96875 57.393749237060546875 53.875 52.981250762939453125 51.231250762939453125 51.99375152587890625 54.793750762939453125 56.625 57.918750762939453125 57.075000762939453125 51.72499847412109375 43.00624847412109375 40.3125 41.799999237060546875
198.662506103515625 194.9499969482421875 188.912506103515625 184.7624969482421875 183.818756103515625 178.399993896484375 171.125 163.0749969482421875 152.181243896484375 144.8000030517578125 135.6999969482421875 130.181243896484375 123.99375152587890625 114.8562469482421875 104.9499969482421875 100.5 98.4499969482421875 96.65000152587890625 94.91249847412109375 94.68125152587890625 95.43125152587890625 92.56874847412109375 88.33750152587890625 84.63124847412109375 79.5124969482421875 74.3937530517578125 69.9250030517578125 65.71875 61.52500152587890625 58.387500762939453125 55.03125 52.481250762939453125 51.674999237060546875 51.09999847412109375 51.012500762939453125 54.112499237060546875 57.893749237060546875 63.424999237060546875 63.72499847412109375 56.387500762939453125 50.22499847412109375 47.33750152587890625 48.700000762939453125
187.7937469482421875 185.0500030517578125 180.46875 175.993743896484375 172.649993896484375 168.7312469482421875 162.1062469482421875 151.8625030517578125 142.618743896484375 134.881256103515625 126.6687469482421875 119.6437530517578125 112.47499847412109375 104.46250152587890625 95.9375 87.4187469482421875 85.03125 83.78749847412109375 82.2375030517578125 82.6999969482421875 83.3249969482421875 82.61875152587890625 81.86875152587890625 81.8312530517578125 79.375 75.0437469482421875 70.6875 65.33750152587890625 60.612499237060546875 57.77500152587890625 55.299999237060546875 52.575000762939453125 50.831249237060546875 50.206249237060546875 50.862499237060546875 57.424999237060546875 62.77500152587890625 67.9875030517578125 69.13124847412109375 65.03125 60.47499847412109375 56.956249237060546875 54.174999237060546875
181.0749969482421875 178.431243896484375 172.5 168.3874969482421875 162.5749969482421875 159.3125 154.1875 145.9187469482421875 134.993743896484375 127.9375 120.27500152587890625 111.56874847412109375 104.30625152587890625 96.43125152587890625 88.03749847412109375 80.03749847412109375 72.46250152587890625 70.4250030517578125 71.03749847412109375 72.40000152587890625 71.8874969482421875 73.36875152587890625 75.5812530517578125 79.8625030517578125 80.4499969482421875 76.06874847412109375 69.75 64.5124969482421875 58.96250152587890625 55.63124847412109375 54.299999237060546875 53.543750762939453125 53.118747711181640625 53.06874847412109375 59.16249847412109375 65.3874969482421875 70.61875152587890625 77.83750152587890625 80.48749542236328125 72.53125 65.05625152587890625 59.606250762939453125 54.80625152587890625
169.84375 168.8125 164.350006103515625 161.2937469482421875 155.9187469482421875 152.8625030517578125 145.3125 138.0625 128.506256103515625 120.74375152587890625 113.41249847412109375 105.63124847412109375 96.25 87.53749847412109375 79.6875 71.88124847412109375 64.61875152587890625 58.793750762939453125 60.74375152587890625 60.59375 61.893749237060546875 64.16249847412109375 68.46875 73.55625152587890625 77.03125 74.71875 70.02500152587890625 64.375 58.02500152587890625 53.875 50.08750152587890625 48.59375 54.693752288818359375 61.237499237060546875 65.375 72.59999847412109375 79.38124847412109375 84.01250457763671875 82.8125 76.6125030517578125 65.8312530517578125 60.706249237060546875 56.143749237060546875
158.8937530517578125 158.381256103515625 155.5 153.225006103515625 150.256256103515625 145.6437530517578125 139.5437469482421875 131.96875 125.68125152587890625 119.0437469482421875 110.91249847412109375 99.3874969482421875 90.34375 82.125 72.8249969482421875 66.31874847412109375 59.0625 52.375 50.625 51.481250762939453125 56 64.2062530517578125 59.65000152587890625 65.71875 69.97499847412109375 72.33750152587890625 69.65625 63.65625 58.987499237060546875 52.487499237060546875 48.11875152587890625 49.625 57.06874847412109375 62.418750762939453125 67.71250152587890625 74.43125152587890625 77.7687530517578125 78.2937469482421875 78.0437469482421875 72.1125030517578125 65.24375152587890625 60.40625 55.981250762939453125
