data/historical-monthly-weather-data/wc2.1_cruts4.09_10m_prec_1970-03.asc
ncols        45
nrows        45
xllcorner    -63.500000000000
yllcorner    -7.500000000000
cellsize     0.166666666667
NODATA_value -9999
[rows 20 to 39 of 45, columns 0 to 44 of 45]
295.318756103515625 305.943756103515625 315.875 326.181243896484375 337.193756103515625 348.725006103515625 359.29998779296875 367.368743896484375 372.399993896484375 372.962493896484375 370.70623779296875 370.73126220703125 371.743743896484375 374.48748779296875 365.63751220703125 350.29376220703125 336.65625 327.21875 322.16876220703125 317.54376220703125 316.131256103515625 315.131256103515625 313.48126220703125 316.53125 320.943756103515625 325.86248779296875 330.056243896484375 333.743743896484375 336.90625 337.662506103515625 332.70623779296875 322.58123779296875 305.45623779296875 284.350006103515625 264.618743896484375 283.70001220703125 311.33123779296875 326.46875 333.193756103515625 334.118743896484375 332.17498779296875 330.42498779296875 327.243743896484375 325.01251220703125 323.931243896484375
284.23748779296875 295.693756103515625 307.881256103515625 319.318756103515625 331.64373779296875 345.375 358.08123779296875 368.818756103515625 374.54376220703125 371.899993896484375 363.850006103515625 357.79998779296875 353.11248779296875 351.5 345.90625 337.381256103515625 329.54376220703125 321.36248779296875 315.01873779296875 309.14373779296875 304.225006103515625 300.756256103515625 300.975006103515625 302.95623779296875 307.34375 314.23748779296875 322.63751220703125 326.962493896484375 330.118743896484375 330.28125 324.75 315.337493896484375 301.4375 287.29998779296875 279.45623779296875 290.70623779296875 311.443756103515625 325.96875 332.681243896484375 332.39373779296875 329.375 327.21875 324.39373779296875 322.14373779296875 321.756256103515625
276.537506103515625 289.41876220703125 301.350006103515625 313.73126220703125 326.13751220703125 339.712493896484375 352.85626220703125 367.806243896484375 377.32501220703125 369.76873779296875 356.337493896484375 342.493743896484375 331.774993896484375 328.95623779296875 328.21875 324.743743896484375 319.381256103515625 312.412506103515625 305.587493896484375 299.15625 293.11248779296875 287.225006103515625 284.28125 285.712493896484375 292.13751220703125 301.15625 311.006256103515625 317.662506103515625 321.29998779296875 321.0625 317.6875 313.59375 307.662506103515625 300.96875 301.6875 310.45623779296875 323.125 332.225006103515625 335.306243896484375 332.98748779296875 328.3125 325.20623779296875 322.287506103515625 319.07501220703125 319.11248779296875
269.82501220703125 280.70623779296875 292.931243896484375 305.92498779296875 318.79376220703125 331.631256103515625 345.98126220703125 360.6875 368.48126220703125 359.11248779296875 343.64373779296875 329.86248779296875 315.01873779296875 313.4375 315.756256103515625 315.0625 312.193756103515625 306.38751220703125 298.181243896484375 290.568756103515625 282.931243896484375 275.1875 270.09375 270.681243896484375 275.10626220703125 283.54998779296875 294.46875 304.337493896484375 311.149993896484375 315.118743896484375 317.162506103515625 317.181243896484375 315.649993896484375 314.787506103515625 318.67498779296875 327.54376220703125 335.95001220703125 337.931243896484375 336.225006103515625 332.26873779296875 327.28125 323.087493896484375 319.850006103515625 315.818756103515625 317.600006103515625
268.162506103515625 275.25 285.01873779296875 298.04376220703125 312.34375 324.76251220703125 336.04376220703125 346.70001220703125 350.54376220703125 345.35626220703125 335.63751220703125 323.03125 313.76873779296875 310.33123779296875 309.331268310546875 309.381256103515625 306.73748779296875 301.381256103515625 293.8125 283.92498779296875 273.306243896484375 263.51251220703125 255.587493896484375 252.931243896484375 257.88751220703125 269.25 280.493743896484375 293.568756103515625 303.07501220703125 312.350006103515625 317.787506103515625 321.23748779296875 323.48126220703125 325.40625 328.993743896484375 332.26251220703125 337.10626220703125 337.60626220703125 334.493743896484375 331.57501220703125 326.6875 321.82501220703125 316.48126220703125 314.475006103515625 312.493743896484375
270.83123779296875 275.76251220703125 282.087493896484375 293.95001220703125 305.475006103515625 315.85626220703125 325.14373779296875 333.11248779296875 335.125 332.193756103515625 326.368743896484375 319.42498779296875 313.493743896484375 309.350006103515625 307.3125 307.006256103515625 303.587493896484375 298.725006103515625 291.67498779296875 279.67498779296875 268.318756103515625 254.4812469482421875 241.899993896484375 235.3562469482421875 242.193756103515625 256.48748779296875 271.90625 285.23748779296875 297.48748779296875 309.850006103515625 319.23126220703125 326.975006103515625 331.756256103515625 332.91876220703125 334.04376220703125 334.35626220703125 335.818756103515625 335.23748779296875 332.98748779296875 329.64373779296875 325.493743896484375 319.67498779296875 311.6875 308.537506103515625 307.63751220703125
278.61248779296875 279.14373779296875 284.63751220703125 292.38751220703125 300.38751220703125 308.48748779296875 314.993743896484375 320.462493896484375 322.20623779296875 322.193756103515625 320.36248779296875 316.48748779296875 312.912506103515625 310.381256103515625 309.006256103515625 307.806243896484375 306.3125 300.256256103515625 292.0625 281.600006103515625 267.71875 252.287506103515625 235.162506103515625 226.40625 236.743743896484375 250.75 266.868743896484375 280.125 293.10626220703125 306.600006103515625 318.556243896484375 330.1875 336.95623779296875 335.78125 334.337493896484375 333.54376220703125 333.975006103515625 332.42498779296875 330.806243896484375 328.64373779296875 323.63751220703125 317.243743896484375 308.51251220703125 303.837493896484375 310.524993896484375
287.84375 285.73748779296875 288.64373779296875 293.1812744140625 296.70623779296875 301.90625 308.0625 311.91876220703125 313.743743896484375 314.92498779296875 314.20623779296875 312.462493896484375 311.45623779296875 310.84375 310.131256103515625 309.193756103515625 308.574981689453125 304.9375 297.449981689453125 287.48748779296875 274.006256103515625 258.162506103515625 245.7687530517578125 238.725006103515625 243.256256103515625 253.4250030517578125 266.86248779296875 279.76873779296875 291.66876220703125 303.662506103515625 315.462493896484375 326.29998779296875 332.475006103515625 331.625 330.48748779296875 329.881256103515625 328.40625 327.98126220703125 327.931243896484375 328.125 326.993743896484375 319.98126220703125 308.4375 303.625 319.64373779296875
296.35626220703125 292.524993896484375 292.73748779296875 293.274993896484375 295.67498779296875 298.431243896484375 300.975006103515625 303.73748779296875 306.256256103515625 307.70001220703125 309.118743896484375 309.38751220703125 309.8125 311.162506103515625 312.431243896484375 313.57501220703125 315.28125 312.493743896484375 306.8125 298.193756103515625 285.17498779296875 270.524993896484375 259.96875 252.556243896484375 254.0500030517578125 259.25 269.475006103515625 280.63751220703125 291.20001220703125 302.14373779296875 311.556243896484375 320.368743896484375 325.524993896484375 326.100006103515625 325.88751220703125 325.17498779296875 322.931243896484375 322.368743896484375 323.17498779296875 323.54376220703125 326.51251220703125 320.193756103515625 309.818756103515625 313.13751220703125 332.443756103515625
307.068756103515625 301.04376220703125 298.14373779296875 295.82501220703125 295.23126220703125 294.899993896484375 296.162506103515625 297.70623779296875 300.20623779296875 301.71875 303.71875 306.412506103515625 309.537506103515625 312.54998779296875 315.08123779296875 317.64373779296875 320.29998779296875 322.881256103515625 319.475006103515625 308.85626220703125 295.58123779296875 282.51873779296875 272.068756103515625 265.443756103515625 263.993743896484375 266.95623779296875 274.899993896484375 283.2750244140625 291.306243896484375 299.756256103515625 307.8125 314.112518310546875 317.943756103515625 320.524993896484375 321.274993896484375 319.412506103515625 316.649993896484375 316.056243896484375 313.20623779296875 312.76873779296875 315.756256103515625 318.01873779296875 316.45001220703125 325.118743896484375 337.056243896484375
315.53125 307.26873779296875 301.75 297.925018310546875 295.28125 292.46875 292.91876220703125 292.98748779296875 294.76251220703125 296.537506103515625 299.118743896484375 302.5 307.26873779296875 311.01251220703125 315.274993896484375 320.056243896484375 326.3125 330.28125 331.07501220703125 320.26873779296875 306.59375 292.756256103515625 283.16876220703125 276.04998779296875 272.537506103515625 274.76251220703125 279.631256103515625 284.962493896484375 291.537506103515625 297.956268310546875 304.381256103515625 310.32501220703125 313.556243896484375 315.912506103515625 316.95623779296875 313.54376220703125 310.36248779296875 309.54376220703125 304.91876220703125 298.01873779296875 302.306243896484375 313.337493896484375 321.39373779296875 331.82501220703125 344.118743896484375
321.875 311.962493896484375 304.381256103515625 298.462493896484375 294.28125 290.225006103515625 289.45001220703125 287.71875 288.899993896484375 290.618743896484375 293.29376220703125 297.375 302.26873779296875 308.48748779296875 314.95623779296875 321.8125 326.556243896484375 330.33123779296875 331.29998779296875 325.14373779296875 312.11248779296875 300.625 290.243743896484375 282.73748779296875 280.587493896484375 280.35626220703125 282.51873779296875 287.149993896484375 290.774993896484375 296.4375 302.074981689453125 306.98748779296875 308.818756103515625 310.818756103515625 311.806243896484375 308.256256103515625 306.037506103515625 303.787506103515625 296.693756103515625 292.78125 300.118743896484375 315.15625 327.693756103515625 343.85626220703125 359.462493896484375
328.53125 318.67498779296875 309.83123779296875 302.53125 296.01251220703125 291.818756103515625 288.38751220703125 284.82501220703125 283.868743896484375 285.39373779296875 289.95623779296875 293.4375 299.25 307.83123779296875 314.45623779296875 320.625 324.54376220703125 328.23126220703125 327.837493896484375 323.45623779296875 314.09375 303.756256103515625 293.51873779296875 287.806243896484375 284.82501220703125 283.443756103515625 284.45001220703125 287.568756103515625 291.381256103515625 295.837493896484375 300.66876220703125 304.96875 307.04376220703125 308.64373779296875 308.46875 306.90625 304.881256103515625 301.73748779296875 296.42498779296875 299.274993896484375 306.600006103515625 320.631256103515625 335.631256103515625 352.92498779296875 377.074981689453125
334.8125 324.743743896484375 316.51873779296875 308.306243896484375 300.57501220703125 293.88751220703125 287.912506103515625 282.631256103515625 279.899993896484375 279.92498779296875 283.45623779296875 289.625 296.443756103515625 303.39373779296875 309.712493896484375 316.96875 322.756256103515625 325.35626220703125 323.54376220703125 319.84375 313.04376220703125 303.875 295.61248779296875 289.34375 286.256256103515625 283.787506103515625 284.98126220703125 286.899993896484375 291.318756103515625 294.912506103515625 298.4375 303.35626220703125 305.818756103515625 306.73748779296875 307.76251220703125 306.318756103515625 303.85626220703125 300.5 300.4375 304.54998779296875 310.32501220703125 323.54998779296875 340.712493896484375 358.84375 385.01251220703125
340.975006103515625 331.79376220703125 323.41876220703125 314.10626220703125 303.79998779296875 296.01251220703125 287.625 281.23748779296875 275.61248779296875 273.26873779296875 277.04376220703125 285.212493896484375 294.01251220703125 301.193756103515625 308.625 314.26251220703125 319.76873779296875 321.493743896484375 319.64373779296875 316.01873779296875 310.631256103515625 302.068756103515625 294.225006103515625 288.100006103515625 285.493743896484375 283.600006103515625 283.787506103515625 286.243743896484375 289.068756103515625 293.256256103515625 297.90625 302.681243896484375 304.5 305.8125 305.993743896484375 303.83123779296875 301.625 302.40625 304.412506103515625 307.931243896484375 313.35626220703125 324.037506103515625 339.38751220703125 356.54998779296875 378.13751220703125
347.568756103515625 338.70001220703125 330.212493896484375 321.16876220703125 311.381256103515625 301.96875 293.050018310546875 283.57501220703125 274.899993896484375 271.287506103515625 274.350006103515625 283.412506103515625 294.45623779296875 302.98748779296875 308.193756103515625 312.256256103515625 314.54376220703125 315.118743896484375 314.087493896484375 311.475006103515625 305.774993896484375 297.431243896484375 289.33123779296875 284.681243896484375 282.15625 280.381256103515625 280.899993896484375 283.931243896484375 287.243743896484375 291.86248779296875 297.881256103515625 302.993743896484375 303.875 305.79998779296875 305.962493896484375 304.01251220703125 304.618743896484375 305.89373779296875 306.725006103515625 310.837493896484375 316.725006103515625 325.5 336.625 351.79376220703125 367.131256103515625
352.71875 345.587493896484375 338.10626220703125 329.34375 320.6875 311.149993896484375 300.493743896484375 289.53125 277.431243896484375 268.32501220703125 273.61248779296875 288.26251220703125 299.462493896484375 305.412506103515625 308.912506103515625 309.368743896484375 308.33123779296875 307.837493896484375 307.087493896484375 302.84375 297.78125 290.13751220703125 282.96875 278.07501220703125 275.79998779296875 274.962493896484375 276.381256103515625 280.75 284.51251220703125 290.618743896484375 297.20623779296875 302.96875 305.13751220703125 307.162506103515625 306.98748779296875 306.79376220703125 308.131256103515625 310.04998779296875 311.15625 312.787506103515625 316.631256103515625 323.506256103515625 332.725006103515625 344.53125 356.287506103515625
358.98126220703125 353.45623779296875 346.149993896484375 338.67498779296875 331.8125 322.58123779296875 311.79998779296875 299.53125 287.881256103515625 275.625 288.17498779296875 302.78125 308.381256103515625 310.95623779296875 309.681243896484375 306.993743896484375 301.79376220703125 299.756256103515625 297.256256103515625 291.88751220703125 285.76251220703125 279.25 274.399993896484375 270.1875 268.8125 269.243743896484375 271.41876220703125 277.08123779296875 282.32501220703125 289.274993896484375 295.975006103515625 302.33123779296875 305.01251220703125 307.71875 307.40625 309.212493896484375 311.01251220703125 311.625 313.73126220703125 315.85626220703125 316.73748779296875 322.51251220703125 328 333.46875 342.25
366.443756103515625 360.15625 354.57501220703125 348.850006103515625 343.375 334.306243896484375 326.35626220703125 317.21875 311.131256103515625 313.662506103515625 327.743743896484375 326.868743896484375 322.60626220703125 319.23126220703125 314.068756103515625 307.149993896484375 298.556243896484375 293.462493896484375 287.78125 280.29376220703125 273.137481689453125 267.399993896484375 263.42498779296875 261.09375 261.118743896484375 263.1875 267.14373779296875 273.11248779296875 279.70001220703125 287.61248779296875 296.14373779296875 302.431243896484375 305.256256103515625 308.943756103515625 312.693756103515625 313.34375 314.01873779296875 315.70623779296875 315.850006103515625 315.78125 315.993743896484375 321.181243896484375 324.73748779296875 329.381256103515625 335.118743896484375
374.95623779296875 367.837493896484375 363.556243896484375 358.78125 355.53125 350.4375 343.462493896484375 339.84375 337.087493896484375 338.60626220703125 343.087493896484375 341.875 336.1875 328.462493896484375 319.868743896484375 308.61248779296875 296.51251220703125 288.118743896484375 278.681243896484375 269.568756103515625 261.64373779296875 256.04998779296875 251.568756103515625 250.399993896484375 252.725006103515625 256.41876220703125 261.3125 268.89373779296875 276.493743896484375 284.850006103515625 293.08123779296875 302.868743896484375 309.337493896484375 313.20001220703125 317.381256103515625 318.64373779296875 317.875 318.33123779296875 318.774993896484375 316 314.35626220703125 318.350006103515625 321.056243896484375 323.912506103515625 328.38751220703125
