data/historical-monthly-weather-data/wc2.1_cruts4.09_10m_prec_1981-12.asc
ncols        45
nrows        45
xllcorner    -63.500000000000
yllcorner    -7.500000000000
cellsize     0.166666666667
NODATA_value -9999
[rows 0 to 19 of 45, columns 0 to 43 of 45]
137.25 133.693756103515625 128.118743896484375 124.2375030517578125 119.3000030517578125 115.3312530517578125 110.8874969482421875 105.8312530517578125 101.96875 98.6999969482421875 97.1125030517578125 95.9250030517578125 95.5500030517578125 94.2624969482421875 94.00624847412109375 93.9875030517578125 94.34375 94.1687469482421875 95.03749847412109375 95.97499847412109375 97.33750152587890625 98.3874969482421875 99.55625152587890625 101.40000152587890625 103.31874847412109375 105.24375152587890625 109.16249847412109375 113.5625 118.08750152587890625 122.1687469482421875 125.6062469482421875 129.9499969482421875 134.149993896484375 138.15625 141.975006103515625 147.181243896484375 151.024993896484375 154.5187530517578125 156.09375 157.8625030517578125 159.068756103515625 158.818756103515625 158.34375 156.881256103515625
138.7687530517578125 135.09375 131.662506103515625 128.9562530517578125 125.84375 121.2687530517578125 115.97499847412109375 112.24375152587890625 109.44374847412109375 106.52500152587890625 104.27500152587890625 102.19374847412109375 101.1999969482421875 100 99.32500457763671875 99.0812530517578125 99.28125 99.90000152587890625 101.0187530517578125 102.97499847412109375 104.09375 104.91249847412109375 106.3625030517578125 107.90625 109.5124969482421875 111.1750030517578125 114.8937530517578125 118.875 123.03749847412109375 127.38124847412109375 130.8562469482421875 135.306243896484375 138.9625091552734375 143.4375 148.399993896484375 152.1875 158.1999969482421875 162.8062591552734375 163.881256103515625 165.3312530517578125 166.225006103515625 165.4562530517578125 164.524993896484375 161.256256103515625
137.875 134.975006103515625 132.225006103515625 129.725006103515625 127.1750030517578125 123.1125030517578125 119.5437469482421875 117.15000152587890625 115.1125030517578125 112.63124847412109375 109.99375152587890625 107.90625 106.96250152587890625 105.75624847412109375 105.225006103515625 104.6374969482421875 104.88124847412109375 105.3312530517578125 106.5 107.99375152587890625 108.84999847412109375 109.8000030517578125 110.9812469482421875 111.84375 112.8562469482421875 114.7375030517578125 118.27500152587890625 121.875 126.03749847412109375 129.1374969482421875 132.5187530517578125 136.6687469482421875 142.0187530517578125 145.975006103515625 151.0124969482421875 156.8625030517578125 162.53125 167.568756103515625 169.7687530517578125 171.399993896484375 172.100006103515625 170.5437469482421875 167.962493896484375 165.5500030517578125
135.3562469482421875 133.818756103515625 132.40625 129.3562469482421875 127.43125152587890625 124.6062469482421875 122.46875 121.1999969482421875 119.81874847412109375 118.50624847412109375 116.1374969482421875 114.22499847412109375 112.7624969482421875 111.65625 110.9187469482421875 110.6875 110.83750152587890625 110.4499969482421875 111.36875152587890625 113.43125152587890625 114.1687469482421875 114.5625 114.52500152587890625 115.03749847412109375 115.21875 116.875 120.3125 123.2937469482421875 127.43125152587890625 130.774993896484375 133.443756103515625 136.4375 142.4812469482421875 148.1999969482421875 153.3874969482421875 159.725006103515625 165.5 171.5187530517578125 175.03125 176.743743896484375 176.78125 174.537506103515625 171.287506103515625 168.6374969482421875
138.693756103515625 134.618743896484375 130.7062530517578125 128.756256103515625 127.5749969482421875 126.2375030517578125 124.90000152587890625 124.3874969482421875 124.63124847412109375 124.1999969482421875 121.71250152587890625 119.46875 118.5749969482421875 117.75 116.96250152587890625 116.6687469482421875 116.52500152587890625 115.93125152587890625 116.7687530517578125 118.9812469482421875 119.3874969482421875 118.5437469482421875 117.75624847412109375 117.65000152587890625 117.3312530517578125 118.61875152587890625 120.875 123.71875 127.5437469482421875 130.8125 133.3625030517578125 135.625 141.4187469482421875 147.6750030517578125 153.524993896484375 160.975006103515625 168.5 175.0124969482421875 178.899993896484375 180.6687469482421875 180.6875 177.6750030517578125 174.2312469482421875 169.850006103515625
141.056243896484375 137.431243896484375 132.53125 128.2062530517578125 127.61875152587890625 127.88750457763671875 127.5187530517578125 126.99375152587890625 127.13124847412109375 126.9499969482421875 124.88124847412109375 123.47499847412109375 123.49375152587890625 123.1750030517578125 123.40625 123.4812469482421875 123.80625152587890625 122.3249969482421875 123.5812530517578125 124.58750152587890625 123.40625 122.3125 120.6875 120.0749969482421875 119.46875 119.65625 122.5500030517578125 125.1875 128.0812530517578125 130.506256103515625 132.6125030517578125 134.962493896484375 138.8249969482421875 143.524993896484375 150.493743896484375 158.243743896484375 165.7624969482421875 174.125 178.787506103515625 179.8562469482421875 178.006256103515625 175.03125 170.3625030517578125 166.806243896484375
144.712493896484375 140.8937530517578125 136.1687469482421875 131.3625030517578125 128.9187469482421875 128.4187469482421875 128.4562530517578125 127.8562469482421875 127.21875 126.03749847412109375 126.21875 126.375 128.056243896484375 128.5812530517578125 129.399993896484375 130.412506103515625 131.9499969482421875 132.3249969482421875 133.0187530517578125 131.8125 128.537506103515625 126.25 123.375 121.77500152587890625 121.24375152587890625 120.65625 122.75624847412109375 126.16249847412109375 128.7375030517578125 129.912506103515625 131.037506103515625 132.4250030517578125 136.181243896484375 139.875 144.9499969482421875 152.318756103515625 160.693756103515625 169.131256103515625 176.1750030517578125 176.568756103515625 173.6999969482421875 169.649993896484375 165.7937469482421875 161.6687469482421875
148.40625 144.131256103515625 139.743743896484375 136.2687530517578125 133.90625 132.149993896484375 130 127.05625152587890625 124.75624847412109375 124.8625030517578125 127.2937469482421875 130.006256103515625 132.337493896484375 134.7375030517578125 135.837493896484375 137.5749969482421875 139.431243896484375 140.8937530517578125 141.368743896484375 137.181243896484375 132.306243896484375 128.1437530517578125 124.34999847412109375 121.97499847412109375 121.5124969482421875 121.15000152587890625 122.66249847412109375 125.4812469482421875 128.84375 129.681243896484375 128.96875 129.368743896484375 132.556243896484375 135.3062591552734375 139.96875 145.8125 153.681243896484375 161.225006103515625 166.568756103515625 167.96875 166.875 163.118743896484375 159.524993896484375 155.40625
153.193756103515625 148.9812469482421875 145.1374969482421875 141.96875 139.2062530517578125 137.75 135.3625030517578125 131.618743896484375 127.38124847412109375 126.4499969482421875 130.3937530517578125 134.537506103515625 137.962493896484375 140.462493896484375 141.399993896484375 142.5187530517578125 143.868743896484375 144.9124908447265625 144.806243896484375 139.787506103515625 133.087493896484375 128.4187469482421875 124.59999847412109375 123.28749847412109375 122.13124847412109375 121.30625152587890625 122.61875152587890625 125.46250152587890625 128.100006103515625 128.350006103515625 128.568756103515625 128.0812530517578125 130.193756103515625 132.818756103515625 135.9562530517578125 141.274993896484375 147.1125030517578125 152.5749969482421875 156.506256103515625 158.756256103515625 157.881256103515625 155.0687408447265625 152.8000030517578125 149.8562469482421875
156.993743896484375 153.162506103515625 149.9375 147.556243896484375 144.9375 143.5500030517578125 141.5500030517578125 138.5500030517578125 136.381256103515625 135.787506103515625 137.90625 140.5250091552734375 144.5625 146.3249969482421875 146.837493896484375 146.78125 146.568756103515625 145.4562530517578125 143.431243896484375 139.125 132.875 127.9375 124.22499847412109375 123.2937469482421875 121.8000030517578125 120.63124847412109375 121.96875 124.3312530517578125 127.03749847412109375 127.25 126.71875 126.23125457763671875 127.41249847412109375 128.712493896484375 131.243743896484375 136.4875030517578125 140.868743896484375 144.9375 147.3312530517578125 149.193756103515625 149.462493896484375 148.087493896484375 145.59375 143.3000030517578125
161.78125 157.868743896484375 154.506256103515625 151.78125 150.1875 149.9499969482421875 148.625 145.774993896484375 144.181243896484375 144.3000030517578125 145.96875 148.53125 151.243743896484375 152.8625030517578125 151.6687469482421875 150.25 148.1875 145.462493896484375 141.7937469482421875 137.21875 132.2312469482421875 127.41249847412109375 123.8312530517578125 121.5124969482421875 121.61875152587890625 120.53749847412109375 121.1750030517578125 122.3937530517578125 123.75624847412109375 123.99375152587890625 123.6062469482421875 123.5749969482421875 124.22499847412109375 124.90000152587890625 126.40000152587890625 130.193756103515625 133.8874969482421875 137.1750030517578125 140.1750030517578125 141.6812591552734375 142.212493896484375 141.068756103515625 139.774993896484375 138.443756103515625
166.4812469482421875 162.2937469482421875 159.256256103515625 157.3000030517578125 155.818756103515625 155.912506103515625 155.5625 153.375 152.193756103515625 153.131256103515625 154.9499969482421875 157.0625 157.375 157.399993896484375 155.587493896484375 152.662506103515625 149.6374969482421875 145.3000030517578125 140.9375 136.46875 130.90625 126.61875152587890625 124.0437469482421875 122.38124847412109375 122.11875152587890625 120.99375152587890625 120.65000152587890625 120.6875 120.8625030517578125 120.9187469482421875 120.5187530517578125 120.5812530517578125 121.03749847412109375 121.7937469482421875 123.22499847412109375 126.81874847412109375 130.125 133.381256103515625 136.1062469482421875 137.9875030517578125 138.837493896484375 137.9375 136.681243896484375 135.181243896484375
170.8625030517578125 167.0124969482421875 164.3874969482421875 162.1875 161.131256103515625 160.9187469482421875 160.368743896484375 159.3874969482421875 159.0625 160.7687530517578125 162.9812469482421875 164.181243896484375 163.2312469482421875 160.8000030517578125 158.493743896484375 154.9187469482421875 150.912506103515625 146.5124969482421875 141.5749969482421875 136.21875 129.21875 125.5437469482421875 124.2375030517578125 123.16249847412109375 121.68125152587890625 119.6999969482421875 118.91249847412109375 118.625 118.36875152587890625 117.3874969482421875 116.7937469482421875 116.6062469482421875 116.8312530517578125 117.75 119.28749847412109375 123.31874847412109375 127.0812530517578125 130.375 133.15625 134.65625 135.40625 135.2687530517578125 133.287506103515625 129.306243896484375
174.024993896484375 170.2375030517578125 167.662506103515625 165.7937469482421875 164.412506103515625 164.274993896484375 163.850006103515625 164.212493896484375 165.4812469482421875 167.024993896484375 168.1750030517578125 168.0749969482421875 166.756256103515625 163.9562530517578125 160.100006103515625 157.100006103515625 152.618743896484375 147.462493896484375 142.1750030517578125 136.7937469482421875 130.7312469482421875 126.68125152587890625 124.38124847412109375 122.6125030517578125 120.77500152587890625 118.7624969482421875 117.93125152587890625 116.2062530517578125 114.78749847412109375 113.34375 112.5625 111.9499969482421875 112.4812469482421875 113.25 115.25 119.3312530517578125 123.5812530517578125 127.90625 131.493743896484375 134.03125 133.0437469482421875 129.9375 127.3125 125.30625152587890625
176.2937469482421875 172.556243896484375 170.5437469482421875 168.71875 167.6437530517578125 167.4375 168.068756103515625 168.6875 169.975006103515625 171.024993896484375 171.868743896484375 171.243743896484375 168.993743896484375 166.225006103515625 162 158.787506103515625 153.712493896484375 148.40625 143.1374969482421875 138.868743896484375 133.0812530517578125 128.725006103515625 125.36875152587890625 122.99375152587890625 120.9875030517578125 118.625 117.0500030517578125 114.84999847412109375 112.47499847412109375 109.7624969482421875 107.96875 107.4187469482421875 107.94374847412109375 109.0187530517578125 111.18125152587890625 114.55625152587890625 119.625 125.50624847412109375 130.462493896484375 131.537506103515625 128.618743896484375 126.18125152587890625 124.71875 123.625
177.193756103515625 173.931243896484375 172.2624969482421875 171.1999969482421875 170.3125 170.6437530517578125 171.381256103515625 171.524993896484375 172.7937469482421875 174.6750030517578125 175.1062469482421875 173.625 171.03125 167.7687530517578125 163.8562469482421875 159.118743896484375 154.03125 149.5437469482421875 144.46875 140.2062530517578125 135.21875 130.4187469482421875 126.6437530517578125 123.7062530517578125 121.5187530517578125 119.6437530517578125 117.34375 114.24375152587890625 110.47499847412109375 106.2687530517578125 103.6125030517578125 102.1125030517578125 101.71875 102.5625 104.1374969482421875 107.94374847412109375 114.08750152587890625 121.65625 127.78125 128.162506103515625 124.21875 122.3874969482421875 121.4812469482421875 119.38124847412109375
177.287506103515625 174.6374969482421875 172.40625 171.975006103515625 171.8625030517578125 172.0437469482421875 173.1999969482421875 174.4250030517578125 176.3249969482421875 177.6374969482421875 177.993743896484375 175.5812530517578125 172.4187469482421875 168.71875 164.881256103515625 159.7687530517578125 153.40625 149.212493896484375 145.381256103515625 141.3125 136.625 132 128.09375 124.69374847412109375 122.44374847412109375 120.8937530517578125 118.5187530517578125 114 107.8125 102.3874969482421875 98.8874969482421875 97.33750152587890625 95.78125 94.46875 94.7624969482421875 99.09375 106.9562530517578125 118.02500152587890625 128.75 125.6750030517578125 119.1999969482421875 117.53749847412109375 116.1437530517578125 115.78749847412109375
175.5812530517578125 173.431243896484375 171.587493896484375 171.5187530517578125 171.649993896484375 172.6750030517578125 173.7624969482421875 174.5500030517578125 176.46875 178.71875 179.725006103515625 177.1750030517578125 173.256256103515625 169.4562530517578125 165.1687469482421875 159.7687530517578125 153.506256103515625 147.399993896484375 145.1624908447265625 141.5124969482421875 137.837493896484375 133.587493896484375 129.631256103515625 126.4250030517578125 124.0749969482421875 122.4875030517578125 120.65000152587890625 114.00624847412109375 105.4812469482421875 98.3562469482421875 93.77500152587890625 91.7312469482421875 90.8000030517578125 89.84999847412109375 88.0124969482421875 88.25624847412109375 99.3937530517578125 112.43125152587890625 121.15625 121.1125030517578125 115.4375 113.49375152587890625 112.7687530517578125 112.6125030517578125
172.6374969482421875 170.8874969482421875 169.9187469482421875 170.0812530517578125 170.5500030517578125 171.899993896484375 172.9812469482421875 174.649993896484375 177.037506103515625 179.5812530517578125 180.037506103515625 176.8125 173.524993896484375 170.2062530517578125 165.381256103515625 159.587493896484375 153.46875 147.537506103515625 143.1374969482421875 140.337493896484375 138.149993896484375 135.818756103515625 130.59375 127.81874847412109375 125.83750152587890625 123.8874969482421875 120.6687469482421875 113.91249847412109375 104.52500152587890625 95.75624847412109375 89.3000030517578125 89.4562530517578125 90.03125 88.56874847412109375 86.03749847412109375 87.7375030517578125 96.27500152587890625 105.6750030517578125 112.8562469482421875 113.90000152587890625 110.88124847412109375 109.375 108.7624969482421875 108.99375152587890625
168.875 167.818756103515625 166.7375030517578125 167.2062530517578125 168.318756103515625 170.4875030517578125 172.318756103515625 174.25 177.2937469482421875 179.256256103515625 180.25 178.131256103515625 175.149993896484375 171.0437469482421875 165.21875 158.243743896484375 151.5437469482421875 146.9375 143.03125 140.087493896484375 137.0500030517578125 133.90625 131.3625030517578125 129.037506103515625 126.8874969482421875 124.41249847412109375 120.47499847412109375 114.59999847412109375 105.8562469482421875 97.3000030517578125 92.09999847412109375 92.53125 92.1437530517578125 91.25 90.4875030517578125 92.03749847412109375 97.16249847412109375 103.1437530517578125 107.9375 109.31874847412109375 107.4875030517578125 105.0500030517578125 105.32500457763671875 106.09375
