data/historical-monthly-weather-data/wc2.1_cruts4.09_10m_prec_1998-11.asc
ncols        51
nrows        45
xllcorner    -63.500000000000
yllcorner    -7.500000000000
cellsize     0.166666666667
NODATA_value -9999
[rows 19 to 37 of 45, columns 0 to 43 of 51]
173.0500030517578125 165.631256103515625 160.3625030517578125 156.0187530517578125 152.149993896484375 152.287506103515625 152.25 151.693756103515625 152.96875 153.75 152.6687469482421875 148.0124969482421875 141.8874969482421875 135.6062469482421875 131.3249969482421875 127.84375 124.7687530517578125 126.8874969482421875 130.475006103515625 136.350006103515625 145.100006103515625 151.287506103515625 156.068756103515625 158.0187530517578125 159.4375 158.868743896484375 155.1750030517578125 149.375 138.0625 124.7312469482421875 116.3000030517578125 117.86875152587890625 121.8625030517578125 126.53749847412109375 130.3125 134.4375 139.28125 144.34375 147.881256103515625 150.6999969482421875 152.875 153.8937530517578125 151.6687469482421875 150.1875
169.6125030517578125 163.3562469482421875 159.2687530517578125 155.34375 151.4250030517578125 152.537506103515625 154.162506103515625 155.1750030517578125 157.631256103515625 158.881256103515625 158.65625 155.225006103515625 150.2624969482421875 143.625 138.774993896484375 133.7312469482421875 129.681243896484375 129.4187469482421875 132.587493896484375 135.84375 143.78125 150.693756103515625 155.256256103515625 157.7375030517578125 159.75 159.587493896484375 155.693756103515625 148.2062530517578125 139.4250030517578125 132.78125 127.7624969482421875 127.90625 130.40625 134.181243896484375 138.21875 143.5749969482421875 147.5437469482421875 151.649993896484375 154.181243896484375 156.662506103515625 157.787506103515625 157.899993896484375 156.537506103515625 154.4250030517578125
167.21875 160.09375 156.7937469482421875 153.59375 150.756256103515625 152.6374969482421875 155.725006103515625 158.0437469482421875 162.1750030517578125 164.7937469482421875 165.600006103515625 164.09375 160.4375 154.125 147.96875 141.8312530517578125 137.587493896484375 135.6750030517578125 136.0187530517578125 137.9875030517578125 142.3312530517578125 147.4250030517578125 152.274993896484375 154.7687530517578125 156.4250030517578125 156.975006103515625 155.618743896484375 150.475006103515625 145.2624969482421875 140.9499969482421875 136.4250030517578125 136.0812530517578125 138.243743896484375 143.0812530517578125 148.431243896484375 153.5 157.3874969482421875 160.6687469482421875 161.46875 163.1062469482421875 163.368743896484375 162.743743896484375 161.412506103515625 160.0187530517578125
165.181243896484375 159.287506103515625 155.868743896484375 152.8125 150.40625 152.7624969482421875 156.0437469482421875 160.3937530517578125 166.068756103515625 169.568756103515625 172.256256103515625 172.4875030517578125 172.837493896484375 167.5749969482421875 158.2937469482421875 149.96875 144.1999969482421875 141.212493896484375 139.524993896484375 139.350006103515625 142.256256103515625 145.556243896484375 148.7312469482421875 151.1750030517578125 154.1125030517578125 155.993743896484375 155.125 152.9562530517578125 149.3000030517578125 146.21875 143.96875 143.96875 147.4499969482421875 152.787506103515625 157.993743896484375 163.4875030517578125 167.431243896484375 168.8562469482421875 168.53125 169.087493896484375 169.3937530517578125 168.0124969482421875 166.3125 164.6687469482421875
164.493743896484375 159.662506103515625 155.90625 151.5625 148.818756103515625 152.193756103515625 156.3312530517578125 161.443756103515625 166.7624969482421875 171.0812530517578125 174.743743896484375 178.912506103515625 182.287506103515625 176.712493896484375 165.6999969482421875 156.375 149.587493896484375 145.693756103515625 142.5124969482421875 140.318756103515625 142.0625 144.162506103515625 145.78125 148.3000030517578125 151.5500030517578125 153.7375030517578125 155.9812469482421875 153.9187469482421875 152.71875 151.1374969482421875 151.212493896484375 152.4187469482421875 155.962493896484375 160.7937469482421875 166.3937530517578125 173.006256103515625 176.962493896484375 176.4875030517578125 175.78125 175.493743896484375 174.962493896484375 173.34375 171.537506103515625 169.631256103515625
166.443756103515625 161.600006103515625 156.993743896484375 151.774993896484375 148.71875 151.5749969482421875 155.556243896484375 160.431243896484375 166.006256103515625 170.600006103515625 175.1062469482421875 178.1125030517578125 180.625 177.399993896484375 168.6999969482421875 160.09375 153.225006103515625 148.2062530517578125 144.34375 141.243743896484375 141.5437469482421875 141.743743896484375 143.118743896484375 145.3312530517578125 148.1750030517578125 152.350006103515625 154.875 155.5500030517578125 155.3125 156.3249969482421875 157.118743896484375 159.1875 162.756256103515625 167.368743896484375 171.96875 177.056243896484375 180.9499969482421875 180.868743896484375 180.6437530517578125 180.943756103515625 180.0124969482421875 178.256256103515625 177.368743896484375 176.71875
170.1687469482421875 165.881256103515625 158.193756103515625 152.493743896484375 147.649993896484375 149.96875 153.53125 158.0124969482421875 163.15625 167.850006103515625 172.0187530517578125 175.15625 176.556243896484375 174.8562469482421875 168.6999969482421875 161.8625030517578125 155.90625 150.6999969482421875 146.3312530517578125 142.7687530517578125 141.8249969482421875 140.9875030517578125 140.6437530517578125 141.743743896484375 145.568756103515625 150.84375 154.9812469482421875 157.4562530517578125 159.056243896484375 161.1750030517578125 162.65625 165.100006103515625 168.681243896484375 171.837493896484375 175.712493896484375 179.693756103515625 182.6437530517578125 183.9250030517578125 185.3125 185.7937469482421875 185.59375 183.84375 181.431243896484375 181.78125
168.6999969482421875 162.225006103515625 155.40625 149.712493896484375 145.0625 146.931243896484375 151.1875 155.024993896484375 158.806243896484375 163.3874969482421875 168.318756103515625 171.7312469482421875 173.4812469482421875 173.09375 168.431243896484375 162.2062530517578125 157.149993896484375 152.6062469482421875 148.4875030517578125 144.3937530517578125 142.7687530517578125 141.1750030517578125 139.787506103515625 141.0437469482421875 145.975006103515625 151.337493896484375 155.712493896484375 159.131256103515625 162.34375 164.1875 166.7062530517578125 169.412506103515625 173.193756103515625 176.149993896484375 178.475006103515625 181.756256103515625 184.350006103515625 185.462493896484375 188.1062469482421875 189.6875 190.212493896484375 188.0749969482421875 185.631256103515625 184.693756103515625
165.993743896484375 157.375 151.25 146.0562591552734375 142.412506103515625 143.837493896484375 147.462493896484375 151.4187469482421875 155.46875 159.837493896484375 163.7687530517578125 167.618743896484375 170.0500030517578125 170.618743896484375 167.4499969482421875 162.5 157.806243896484375 154.2624969482421875 150.3625030517578125 146.681243896484375 145.09375 143 142.756256103515625 144.962493896484375 148.975006103515625 153.3937530517578125 157.375 161.4499969482421875 164.84375 166.9499969482421875 168.9250030517578125 171.8562469482421875 175.4499969482421875 177.556243896484375 180.4499969482421875 183.3125 185.524993896484375 187.7375030517578125 189.7624969482421875 193.681243896484375 196.3562469482421875 194.5 188.5749969482421875 186.475006103515625
163.087493896484375 152.725006103515625 146.381256103515625 142.087493896484375 139.256256103515625 140.4375 143.5187530517578125 147.21875 151.943756103515625 156.0625 160.056243896484375 163.818756103515625 167.21875 168.5437469482421875 166.118743896484375 163.056243896484375 159.96875 156.1999969482421875 152.693756103515625 149.46875 148.181243896484375 146.4250030517578125 146.5187530517578125 149.475006103515625 152.9250030517578125 156.506256103515625 160.71875 164.1374969482421875 167.774993896484375 169.162506103515625 171.0749969482421875 173.40625 175.912506103515625 178.118743896484375 181.4562530517578125 184.1125030517578125 186.475006103515625 188.274993896484375 190.631256103515625 193.774993896484375 198.2375030517578125 195.5625 191.4250030517578125 192.8937530517578125
161.412506103515625 150.787506103515625 144.4250030517578125 138.881256103515625 136.443756103515625 137.806243896484375 140.600006103515625 144.149993896484375 148.681243896484375 152.3249969482421875 156.3937530517578125 160.8125 164.912506103515625 167.75 166.524993896484375 164.631256103515625 161.587493896484375 159.225006103515625 155.8562469482421875 153.024993896484375 151.975006103515625 151.75 152.193756103515625 154.3125 157.306243896484375 160.8125 164.4875030517578125 167.287506103515625 170.068756103515625 171.912506103515625 173.493743896484375 175.4187469482421875 177.600006103515625 180.256256103515625 183.0562591552734375 184.681243896484375 186.118743896484375 188.712493896484375 189.0500030517578125 190.96875 194.587493896484375 197.84375 197.8375091552734375 201.625
158.818756103515625 148.6999969482421875 142.5749969482421875 137.3125 134.2937469482421875 136.1125030517578125 138.6687469482421875 141.6062469482421875 145.2312469482421875 149.4812469482421875 153.8625030517578125 158.78125 163.9562530517578125 166.743743896484375 166.943756103515625 166.368743896484375 165.34375 162.875 159.350006103515625 158.21875 157.9812469482421875 158.0625 158.662506103515625 160.306243896484375 162.162506103515625 165.3125 167.9499969482421875 170.537506103515625 172.6125030517578125 173.96875 175.65625 177.743743896484375 179.4312591552734375 182.6374969482421875 184.4562530517578125 185.493743896484375 187.0749969482421875 190.431243896484375 189.6062469482421875 186.131256103515625 190.712493896484375 198.5187530517578125 203.087493896484375 207.350006103515625
156.087493896484375 147.118743896484375 141.53125 137.46875 135.2624969482421875 135.40625 137.274993896484375 139.3312530517578125 142.756256103515625 146.6999969482421875 151.25 156.975006103515625 162.4499969482421875 166.787506103515625 168.9375 169.8562469482421875 169.8562469482421875 167.8562469482421875 165.6437530517578125 165.1125030517578125 165.1750030517578125 164.9875030517578125 165.149993896484375 166.0812530517578125 167.975006103515625 169.837493896484375 171.4875030517578125 173.381256103515625 174.662506103515625 176.40625 178.0625 179.524993896484375 181.368743896484375 183.71875 186.5437469482421875 187.6750030517578125 189.256256103515625 191.2937469482421875 189.1687469482421875 188.149993896484375 195.306243896484375 205.125 212.193756103515625 221.068756103515625
156.162506103515625 148.7062530517578125 143.493743896484375 139.7624969482421875 137.2312469482421875 136.34375 137.0749969482421875 138.368743896484375 141.100006103515625 144.7937469482421875 150.3937530517578125 156.15625 162.8000030517578125 169.568756103515625 172.568756103515625 174.975006103515625 175.7375030517578125 175.806243896484375 174.881256103515625 174.618743896484375 174.6687469482421875 173.712493896484375 172.756256103515625 172.993743896484375 174.1750030517578125 175.0500030517578125 176 176.912506103515625 178.2937469482421875 179.631256103515625 181.006256103515625 182.256256103515625 183.8249969482421875 185.774993896484375 189.1374969482421875 190.943756103515625 193.5625 195.100006103515625 193.662506103515625 198.1062469482421875 205.5687408447265625 215.1374969482421875 225.1750030517578125 237.943756103515625
156.256256103515625 150.4375 145.618743896484375 142.256256103515625 139.09375 137.5749969482421875 136.7375030517578125 137.34375 139.71875 142.8874969482421875 148.118743896484375 155.743743896484375 164.1125030517578125 171.3874969482421875 175.931243896484375 180 183.1062469482421875 184.193756103515625 184.3249969482421875 184.756256103515625 184.2312469482421875 182.84375 181.337493896484375 180.381256103515625 180.443756103515625 180.0625 180.6999969482421875 180.693756103515625 181.4375 182.40625 183.625 185.3625030517578125 186.912506103515625 188.806243896484375 192.3000030517578125 195.1125030517578125 197.256256103515625 198.087493896484375 200.631256103515625 207.3625030517578125 214.537506103515625 224.625 237.9562530517578125 253.5812530517578125
157.3125 152.837493896484375 148.4250030517578125 144.5437469482421875 141.3249969482421875 138.943756103515625 136.9375 136.6374969482421875 137.443756103515625 140.7375030517578125 146.6062469482421875 155.931243896484375 165.71875 175.225006103515625 181.7312469482421875 186.1875 190.993743896484375 193.0625 193.962493896484375 194.681243896484375 194.225006103515625 192.3312530517578125 189.912506103515625 187.2687530517578125 185.4875030517578125 184.6875 184.1125030517578125 184.1687469482421875 184.068756103515625 184.90625 186.506256103515625 187.993743896484375 189.306243896484375 191.975006103515625 194.3625030517578125 196.462493896484375 198.6687469482421875 203.787506103515625 207.9499969482421875 213.78125 221.712493896484375 231.0124969482421875 243.912506103515625 258.625
160.8937530517578125 156.6374969482421875 152.524993896484375 148.4812469482421875 145.125 142.4562530517578125 139.96875 137.75 137.181243896484375 139.087493896484375 145.7062530517578125 156.256256103515625 168.368743896484375 179.931243896484375 186.9562530517578125 193.743743896484375 198.5187530517578125 201.5124969482421875 203.6750030517578125 205.725006103515625 204.6125030517578125 200.78125 197.15625 193.899993896484375 191.350006103515625 189.4875030517578125 188.712493896484375 188.649993896484375 188.4812469482421875 188.162506103515625 189.9499969482421875 190.90625 192.53125 194.7937469482421875 195.8562469482421875 197.399993896484375 203.243743896484375 208.1687469482421875 211.774993896484375 218.212493896484375 226.462493896484375 234.243743896484375 244.3874969482421875 256.818756103515625
164.875 161.149993896484375 157.4812469482421875 153.8125 150.225006103515625 147.274993896484375 143.8562469482421875 140.5437469482421875 138.1750030517578125 136.84375 144.9187469482421875 160.6125030517578125 173.725006103515625 184.4375 192.568756103515625 200.0124969482421875 205.787506103515625 209.037506103515625 211.7687530517578125 213.6062469482421875 211.65625 207.243743896484375 203.131256103515625 199.1875 195.90625 194.1374969482421875 192.3249969482421875 192.59375 191.756256103515625 191.8249969482421875 192.774993896484375 194.65625 195.6687469482421875 197.7375030517578125 198.5500030517578125 201.3000030517578125 206.84375 212.3000030517578125 216.6374969482421875 220.8625030517578125 227.225006103515625 233.256256103515625 241.3562469482421875 251.8312530517578125
170.274993896484375 166.493743896484375 162.837493896484375 159.556243896484375 155.9875030517578125 152.9875030517578125 149.7375030517578125 146.243743896484375 143.568756103515625 140.8000030517578125 154 171.212493896484375 181.681243896484375 190.943756103515625 198.9499969482421875 206.53125 212.756256103515625 215.662506103515625 217.6374969482421875 217.5749969482421875 215.899993896484375 212.125 208.1750030517578125 203.21875 199.8874969482421875 197.8249969482421875 195.8312530517578125 195.881256103515625 195.3625030517578125 195.8562469482421875 194.524993896484375 195.71875 197.28125 199.2624969482421875 200.475006103515625 204.462493896484375 210.256256103515625 215.1062469482421875 220.6687469482421875 225.3125 228.0749969482421875 233.318756103515625 237.725006103515625 244.087493896484375
