data/historical-monthly-weather-data/wc2.1_cruts4.09_10m_prec_1959-01.asc
ncols        51
nrows        45
xllcorner    -63.500000000000
yllcorner    -7.500000000000
cellsize     0.166666666667
NODATA_value -9999
[rows 0 to 19 of 45, columns 0 to 44 of 51]
140.2937469482421875 137.8625030517578125 131.1125030517578125 126.125 120.03125 116.375 111.2687530517578125 104.69374847412109375 99.1374969482421875 95.15000152587890625 92.3249969482421875 90.59999847412109375 88.33750152587890625 84.15625 82.375 81.91249847412109375 81.6687469482421875 80.4250030517578125 82.91249847412109375 85.40625 88.25624847412109375 92.0437469482421875 96.09999847412109375 101.06874847412109375 107.59999847412109375 114.05625152587890625 123.1125030517578125 133.931243896484375 145.59375 154.4187469482421875 163.6374969482421875 173.1374969482421875 180.75 190.0500030517578125 197.40625 200.625 200.243743896484375 198.25 194.6437530517578125 190.0625 184.90625 181.5187530517578125 177.443756103515625 173.868743896484375 171.7687530517578125
148.787506103515625 146.0749969482421875 140.881256103515625 135.9187469482421875 131.662506103515625 128.618743896484375 123.86875152587890625 119.25 115.02500152587890625 111.03749847412109375 106.65625 103.02500152587890625 98.9499969482421875 95.28125 92.625 90.60625457763671875 89 89.31874847412109375 91.9562530517578125 95.8874969482421875 100.08750152587890625 104.40625 109.5437469482421875 115.9499969482421875 122.00624847412109375 128.493743896484375 137.868743896484375 148.1062469482421875 158.5 167.84375 176.4499969482421875 184.7062530517578125 191.649993896484375 201.5812530517578125 207.7624969482421875 207.1437530517578125 207.3000030517578125 203.75 198.087493896484375 192.03125 186.399993896484375 182.1875 176.556243896484375 172.1750030517578125 169.149993896484375
154.53125 152.2937469482421875 147.78125 143.90625 140.9187469482421875 138.7937469482421875 136.100006103515625 133.6687469482421875 130.431243896484375 126.83124542236328125 122.2312469482421875 117.5187530517578125 112.91249847412109375 107.9499969482421875 104.3625030517578125 100.78125 98.4562530517578125 98.4812469482421875 100.28125 104.68125152587890625 109.69374847412109375 115.4812469482421875 121.1062469482421875 127.40625 133.7687530517578125 140.368743896484375 149.9187469482421875 160.0500030517578125 169.21875 177.2624969482421875 186.625 195.306243896484375 202.943756103515625 208.3562469482421875 215.149993896484375 213.46875 211.78125 208.5749969482421875 202.375 195.1875 189.618743896484375 184.3625030517578125 178.631256103515625 173.337493896484375 168.6687469482421875
158.3562469482421875 156.5625 155 152.399993896484375 151.5124969482421875 148.15625 147.78125 148.287506103515625 147.4187469482421875 145.350006103515625 139.78125 133.5749969482421875 127.625 121.7624969482421875 117.4250030517578125 112.8625030517578125 108.8874969482421875 107.09999847412109375 108.7937469482421875 114.25 121.18125152587890625 127.59375 132.0749969482421875 139.2062530517578125 146.318756103515625 153.475006103515625 163.3000030517578125 171.6062469482421875 180.306243896484375 188.431243896484375 196.9875030517578125 206.6937408447265625 212.53125 216.9499969482421875 220.6374969482421875 219.725006103515625 216.0625 212.337493896484375 206.399993896484375 200.037506103515625 192.556243896484375 187.537506103515625 181.375 174.693756103515625 169.600006103515625
167.3249969482421875 163.399993896484375 160.868743896484375 160.1750030517578125 160 159.100006103515625 158.868743896484375 161.4812469482421875 163.71875 163.75 156.943756103515625 149.587493896484375 143.5 137.5500030517578125 132.318756103515625 126.6437530517578125 121.0500030517578125 116.40000152587890625 119.00624847412109375 126.0812530517578125 134.475006103515625 140.5812530517578125 145.274993896484375 152.1437530517578125 159.2750091552734375 167.806243896484375 175.1125030517578125 182.975006103515625 193.4187469482421875 200.818756103515625 208.96875 215.131256103515625 221.131256103515625 225.8562469482421875 228.524993896484375 226.131256103515625 222.78125 216.399993896484375 210.3874969482421875 203.46875 197.462493896484375 190.9375 184.625 176.96875 171.1437530517578125
173.162506103515625 170.3312530517578125 167.993743896484375 166.2312469482421875 165.9375 165.6750030517578125 166.2937469482421875 168.1687469482421875 170.912506103515625 172.5187530517578125 166.03125 160.4375 155.1374969482421875 150.412506103515625 145.0812530517578125 141.34375 135.618743896484375 130.4250030517578125 134.4187469482421875 141.618743896484375 148.756256103515625 153.837493896484375 159 164.537506103515625 171.5812530517578125 179.381256103515625 186.96875 194.3312530517578125 203.75 212.0625 219.149993896484375 225.475006103515625 228.40625 232.59375 237.037506103515625 233.681243896484375 229.337493896484375 223.662506103515625 217.8562469482421875 212.006256103515625 204.162506103515625 197.9562530517578125 190.7375030517578125 183.125 177.024993896484375
178.6062469482421875 176.306243896484375 174.556243896484375 171.5749969482421875 169.693756103515625 167.850006103515625 168 168.8625030517578125 169.8249969482421875 169.4499969482421875 168.8249969482421875 167.28125 165.975006103515625 163.6062469482421875 160.5124969482421875 158.568756103515625 156.787506103515625 156.837493896484375 160.243743896484375 162.96875 164.7375030517578125 168.4312591552734375 170.993743896484375 176.2687530517578125 183.462493896484375 190.09375 197.46875 205.181243896484375 213.068756103515625 220.7937469482421875 229.4187469482421875 235.7687530517578125 237.337493896484375 239.34375 241.743743896484375 239.931243896484375 235.5124969482421875 230.725006103515625 226.9812469482421875 219.6750030517578125 211.068756103515625 204.431243896484375 197.181243896484375 189.6374969482421875 183.2062530517578125
185.006256103515625 180.7312469482421875 178.600006103515625 176.4375 174.056243896484375 172.306243896484375 170.09375 166.225006103515625 163.693756103515625 166.1437530517578125 171.0437469482421875 174.375 176.931243896484375 176.5437469482421875 176.368743896484375 176.6999969482421875 178.5187530517578125 182.2375030517578125 187.8249969482421875 184.837493896484375 181.1999969482421875 181.8000030517578125 183.212493896484375 188.3562469482421875 195.537506103515625 201.287506103515625 207.6437530517578125 214.7687530517578125 223.75 231.774993896484375 238.6999969482421875 245.1374969482421875 245.7062530517578125 246.4499969482421875 247.350006103515625 245.1750030517578125 241.337493896484375 236.9187469482421875 232.5 226.787506103515625 219.40625 212.850006103515625 205.6875 197.618743896484375 192.193756103515625
190.756256103515625 186.462493896484375 184.475006103515625 181.4187469482421875 179.493743896484375 176.649993896484375 173.6999969482421875 169.725006103515625 165.256256103515625 166.118743896484375 175.7624969482421875 182.4499969482421875 188.0124969482421875 189.556243896484375 190.0812530517578125 190.600006103515625 192.3125 196.1125030517578125 200.4499969482421875 195.9375 190.2937469482421875 190.7062530517578125 191.618743896484375 198.975006103515625 205.756256103515625 211.0562591552734375 217.4562530517578125 223.5625 232.649993896484375 241.2937469482421875 249.1687469482421875 253.8874969482421875 254.3000030517578125 253.725006103515625 253.756256103515625 250.8312530517578125 248.09375 243.9875030517578125 239.8312530517578125 234.78125 227.600006103515625 221.181243896484375 216.15625 209.912506103515625 204.2062530517578125
196.1437530517578125 191.9562530517578125 188.8125 186.2312469482421875 184.625 182.5500030517578125 180.0187530517578125 177.881256103515625 176.9187469482421875 180.568756103515625 188.0124969482421875 194.881256103515625 200.59375 203.09375 203.1750030517578125 202.9375 202.3562469482421875 202.75 202.1062469482421875 198.7437591552734375 194.774993896484375 195.806243896484375 198.4562530517578125 207.8625030517578125 213.6750030517578125 218.1374969482421875 224.618743896484375 231.4812469482421875 239.524993896484375 248.0437469482421875 255.4000091552734375 260.78125 261.60626220703125 261.51251220703125 261.462493896484375 257.818756103515625 254.337493896484375 250.84375 246.8625030517578125 242.2687530517578125 237.212493896484375 231.7312469482421875 226.875 220.15625 215.649993896484375
202.462493896484375 198.4499969482421875 194.3937530517578125 191.375 189.118743896484375 188.1875 187.21875 188.118743896484375 190.212493896484375 195.3562469482421875 203.9250030517578125 210.899993896484375 214.524993896484375 216.087493896484375 214.53125 212.1687469482421875 208.78125 205.8562469482421875 201.9812469482421875 197.556243896484375 196.71875 198.443756103515625 204.3562469482421875 212.6374969482421875 221.34375 224.5812530517578125 230.3937530517578125 237.46875 245.287506103515625 251.9375 259.28125 265.806243896484375 267.443756103515625 267.84375 267.475006103515625 264.899993896484375 261.23748779296875 256.73748779296875 253.9375 250.4812469482421875 245.8562469482421875 239.962493896484375 235.71875 230.024993896484375 225.9187469482421875
207.6999969482421875 203.493743896484375 199.9562530517578125 198.1374969482421875 196.46875 195.587493896484375 196.1437530517578125 199.9562530517578125 204.28125 210.2312469482421875 219.631256103515625 228.1750030517578125 229.1374969482421875 227.931243896484375 224.84375 219.9250030517578125 215.1750030517578125 208.806243896484375 203.4250030517578125 197.212493896484375 195.600006103515625 198.6062469482421875 207.475006103515625 219.868743896484375 227.287506103515625 227.631256103515625 233.5124969482421875 240.75 249.625 258.024993896484375 265.60626220703125 271.71875 273.73748779296875 274.42498779296875 274.537506103515625 272.399993896484375 269.23748779296875 264.743743896484375 261.625 258.46875 253.756256103515625 247.975006103515625 241.2687530517578125 234.3312530517578125 228.431243896484375
213.9312591552734375 210.21875 207.225006103515625 205.181243896484375 203.712493896484375 204.9375 206.537506103515625 210.131256103515625 215.818756103515625 223.2937469482421875 232.875 241.1062469482421875 241.6750030517578125 236.537506103515625 232.2624969482421875 226.568756103515625 220.024993896484375 213.850006103515625 207.0187530517578125 199.3937530517578125 193.3000030517578125 197.962493896484375 209.162506103515625 219.399993896484375 222.006256103515625 223.65625 233.806243896484375 244.631256103515625 254.462493896484375 263.787506103515625 271.82501220703125 277.75 279.131256103515625 279.837493896484375 280.118743896484375 278.306243896484375 275.03125 270.79998779296875 266.862518310546875 263.20623779296875 259.53125 253.0625 241.84375 231.087493896484375 223.756256103515625
218.412506103515625 215.600006103515625 212.96875 211.3125 210.662506103515625 211.287506103515625 213.9250030517578125 219.6437530517578125 226.118743896484375 234.162506103515625 241.78125 247.3000030517578125 246.3125 242.725006103515625 236.5625 231.5062408447265625 224.131256103515625 218.3874969482421875 211.0500030517578125 204.131256103515625 200.71875 204.3000030517578125 210.9499969482421875 218.693756103515625 221.024993896484375 225.09375 235.96875 247.5812530517578125 259.95623779296875 269.28125 277.59375 283.743743896484375 284.5 284.181243896484375 285.068756103515625 283.09375 280.61248779296875 277.66876220703125 272.600006103515625 267.04998779296875 260.38751220703125 247.2375030517578125 237.0812530517578125 230.15625 225.399993896484375
221.6437530517578125 219.256256103515625 217.5812530517578125 216.4375 217.118743896484375 218.806243896484375 222.743743896484375 227.9375 234.006256103515625 240.6374969482421875 247.899993896484375 251.3312530517578125 250.681243896484375 247.587493896484375 241.1750030517578125 235.274993896484375 227.8312530517578125 221.09375 214.8125 210.1437530517578125 208.9375 210.475006103515625 215.725006103515625 221.587493896484375 227.0437469482421875 232.8125 243.1875 255.556243896484375 267.625 277.91876220703125 285.57501220703125 290.03125 291.912506103515625 290.66876220703125 290.524993896484375 288.056243896484375 286.96875 286.243743896484375 282.89373779296875 272.65625 258.86248779296875 247.337493896484375 240.625 234.1437530517578125 226.8000030517578125
223.600006103515625 221.337493896484375 220.475006103515625 220.0124969482421875 221.537506103515625 224 228.625 233.75 238.8937530517578125 245.6875 252.46875 255.2687530517578125 254.6750030517578125 251.537506103515625 245.84375 237.131256103515625 230.3312530517578125 224.2312469482421875 217.9562530517578125 214.3062591552734375 216.087493896484375 218.5625 222.7687530517578125 228.2312469482421875 233.8562469482421875 240.306243896484375 250.0812530517578125 263.76251220703125 277.28125 288.54376220703125 296.20001220703125 299.375 296.975006103515625 294.8125 293.181243896484375 293.79376220703125 293.98748779296875 293.0625 290.868743896484375 280.287506103515625 263.73126220703125 251.5749969482421875 244.6374969482421875 235.3249969482421875 228.1062469482421875
223.4499969482421875 221.9812469482421875 221.056243896484375 221.649993896484375 224.3249969482421875 227.412506103515625 232.625 237.8562469482421875 243.0187530517578125 248.899993896484375 255.850006103515625 259.0625 258.34375 255.125 249.649993896484375 241.475006103515625 229.837493896484375 223.712493896484375 219.649993896484375 218.743743896484375 221.506256103515625 225.625 229.8874969482421875 234.662506103515625 241.4812469482421875 247.3874969482421875 256.5625 270.618743896484375 286.631256103515625 299.58123779296875 308.59375 310.95623779296875 305.41876220703125 299.556243896484375 299.88751220703125 301.306243896484375 300.9375 302.662506103515625 306.86248779296875 294.54376220703125 279.006256103515625 262.98748779296875 249.3937530517578125 237.712493896484375 230.0124969482421875
222.09375 221.25 220.6062469482421875 222.0812530517578125 224.475006103515625 228.412506103515625 233.806243896484375 239.037506103515625 244.0124969482421875 250.0812530517578125 255.5500030517578125 260.618743896484375 261.11248779296875 258.32501220703125 252.3874969482421875 242.7624969482421875 230.6875 221.412506103515625 220.568756103515625 220.6750030517578125 226.2062530517578125 231.4375 236.287506103515625 241.3625030517578125 247.618743896484375 254.53125 262.32501220703125 278.524993896484375 297.693756103515625 312.868743896484375 320.39373779296875 314.818756103515625 308.16876220703125 304.13751220703125 302.65625 303.98126220703125 307.725006103515625 310.024993896484375 309.34375 301.600006103515625 285.556243896484375 267.412506103515625 252.962493896484375 241.662506103515625 233.4499969482421875
217.8937530517578125 217.975006103515625 218.181243896484375 220.6687469482421875 223.975006103515625 228.2624969482421875 232.443756103515625 238.443756103515625 243.850006103515625 249.8375091552734375 254.962493896484375 258.23748779296875 260.67498779296875 261.67498779296875 254.256256103515625 241.8125 228.243743896484375 218.6750030517578125 215.0437469482421875 217.7312469482421875 227.53125 236.1437530517578125 238.1125030517578125 245.6812591552734375 252.9499969482421875 261.693756103515625 272.86248779296875 287.65625 307.681243896484375 324.11248779296875 332.95623779296875 322.96875 311.9625244140625 301.01251220703125 296.91876220703125 302.39373779296875 309.23748779296875 311.67498779296875 312.21875 303.89373779296875 289.0625 270.58123779296875 256.29998779296875 246.287506103515625 237.381256103515625
212.84375 213.537506103515625 214.34375 216.1999969482421875 220.3125 226.162506103515625 231.0625 236.024993896484375 241.25 246.9250030517578125 251.274993896484375 254.875 260.287506103515625 265.26251220703125 254.118743896484375 236.4812469482421875 221.0187530517578125 214.9812469482421875 212.399993896484375 214.4875030517578125 223.1687469482421875 230.375 238.193756103515625 246.7687530517578125 255.993743896484375 267.5625 279.649993896484375 295.46875 311.29998779296875 322.837493896484375 328.381256103515625 321.262481689453125 307.75 292.60626220703125 285.662506103515625 294.306243896484375 309.23126220703125 319.287506103515625 319.38751220703125 310.725006103515625 294.712493896484375 274.493743896484375 262.431243896484375 252.881256103515625 242.818756103515625
