data/historical-monthly-weather-data/wc2.1_cruts4.09_10m_prec_1993-11.asc
ncols        51
nrows        45
xllcorner    -63.500000000000
yllcorner    -7.500000000000
cellsize     0.166666666667
NODATA_value -9999
[rows 0 to 19 of 45, columns 0 to 43 of 51]
127.3937530517578125 120.875 115.8249969482421875 113.9187469482421875 112.1062469482421875 113.00624847412109375 113.4250030517578125 114.1374969482421875 116.875 119.25 121.75624847412109375 123.7312469482421875 125.9250030517578125 126.125 127.0500030517578125 127.4250030517578125 127.8625030517578125 126.2062530517578125 124.65625 123.6999969482421875 122.22499847412109375 120.58750152587890625 119.4499969482421875 116.93125152587890625 114.9812469482421875 113.41249847412109375 111.65625 109.8249969482421875 107.94374847412109375 107.6999969482421875 108.1875 109.4812469482421875 111.02500152587890625 113.4250030517578125 115.7687530517578125 120.125 125.1750030517578125 129.712493896484375 133.318756103515625 136.9812469482421875 139.2937469482421875 141.212493896484375 141.287506103515625 141.3562469482421875
131.774993896484375 124.3000030517578125 120.68125152587890625 119.25 119.0437469482421875 120.40625 121.1875 123.63124847412109375 127.18125152587890625 129.993743896484375 132.8125 134.09375 134.962493896484375 135.368743896484375 134.912506103515625 135.431243896484375 134.537506103515625 132.7312469482421875 130.524993896484375 129.068756103515625 127.125 125.2312469482421875 124.05625152587890625 122.5124969482421875 119.6125030517578125 117.46875 115.47499847412109375 112.84999847412109375 110.7062530517578125 110.625 111.4812469482421875 113.21875 114.47499847412109375 118.2624969482421875 121.8874969482421875 127.3125 133.59375 139.4812469482421875 143.5187530517578125 147.725006103515625 151.3937530517578125 152.8874969482421875 153.7062530517578125 152.318756103515625
137.899993896484375 131.4187469482421875 128.6750030517578125 127.58750152587890625 128.5124969482421875 130.2312469482421875 133.350006103515625 136.4250030517578125 141 144.100006103515625 145.756256103515625 145.712493896484375 145.6125030517578125 144.71875 143.2375030517578125 142.125 141.125 139.4812469482421875 136.8874969482421875 135.256256103515625 133.4250030517578125 131.4562530517578125 130.1687469482421875 128.537506103515625 125.81874847412109375 122.9875030517578125 120.22499847412109375 117.30625152587890625 114.2312469482421875 113.68125152587890625 115.2062530517578125 116.6875 120.3562469482421875 124.47499847412109375 129.4375 135.368743896484375 142.412506103515625 150.7062530517578125 155.912506103515625 161.3937530517578125 165.631256103515625 166.4250030517578125 166.850006103515625 166.0187530517578125
141.412506103515625 135.5437469482421875 135.600006103515625 135.5187530517578125 137.75 140.4562530517578125 144.068756103515625 149.1999969482421875 155.5 159.493743896484375 159.9499969482421875 157.90625 156.037506103515625 153.693756103515625 151.381256103515625 149.5187530517578125 148.15625 145.931243896484375 143.8249969482421875 143.024993896484375 141.3874969482421875 139.1374969482421875 136.7312469482421875 134.2312469482421875 131.350006103515625 128.431243896484375 125.08750152587890625 120.3874969482421875 117.2375030517578125 117.375 118.59375 120.75624847412109375 124.25 129.306243896484375 135.100006103515625 143.837493896484375 153.0187530517578125 162.2312469482421875 169.006256103515625 175.287506103515625 179 180.975006103515625 180.0124969482421875 178.5
148.8000030517578125 141.59375 138.2687530517578125 140.53125 145.5625 149.6062469482421875 154.1999969482421875 161.024993896484375 169.600006103515625 175.6125030517578125 173.1062469482421875 167.712493896484375 164.337493896484375 161.75 158.899993896484375 156.9375 154.7687530517578125 153.225006103515625 151.212493896484375 149.318756103515625 148.8312530517578125 146.475006103515625 143.96875 141.7375030517578125 137.1500091552734375 133.4124908447265625 127.6437530517578125 123.4875030517578125 120.49375152587890625 119.63124847412109375 120.7062530517578125 123.03125 127.7062530517578125 134.056243896484375 141.375 151.40625 162.375 173.6999969482421875 182.631256103515625 188.1125030517578125 193.181243896484375 193.568756103515625 192.8874969482421875 191.34375
154.3249969482421875 148.412506103515625 145.2687530517578125 143.2062530517578125 149.5124969482421875 156.756256103515625 162.818756103515625 169.1125030517578125 177.118743896484375 183.868743896484375 179.993743896484375 174.0500030517578125 170.9499969482421875 168.125 164.818756103515625 162.1437530517578125 160.34375 159.337493896484375 158.6687469482421875 156.7062530517578125 155.524993896484375 153.837493896484375 151.2687530517578125 147.256256103515625 143.2375030517578125 138.318756103515625 132.2375030517578125 126.9250030517578125 123.1062469482421875 121.84375 121.81874847412109375 125.33750152587890625 130.3249969482421875 137.818756103515625 145.7312469482421875 157.431243896484375 169.8249969482421875 182.875 193.818756103515625 200.96875 202.837493896484375 203.381256103515625 202.4250030517578125 201.34375
161.4250030517578125 158.024993896484375 155.1437530517578125 152.962493896484375 156.0749969482421875 160.90625 166.7687530517578125 172.1999969482421875 176.1875 177.600006103515625 178.368743896484375 175.975006103515625 174.7312469482421875 172.75 170.4812469482421875 168.443756103515625 166.587493896484375 165.875 164.65625 165.068756103515625 163.75 161.649993896484375 158.9250030517578125 153.96875 149.0687408447265625 144.318756103515625 137.0187530517578125 130.25 124.2312469482421875 122.84999847412109375 123.34375 125.9375 132.056243896484375 140.4812469482421875 150.0187530517578125 161.8000030517578125 174.4812469482421875 189.1437530517578125 204.1750030517578125 211.0187530517578125 211.756256103515625 211.381256103515625 210.4250030517578125 208.818756103515625
170.34375 167.5124969482421875 165.899993896484375 166.375 169.131256103515625 171.350006103515625 171.7624969482421875 170.3000030517578125 168.2624969482421875 169.2062530517578125 174.4250030517578125 176.412506103515625 177.09375 176.399993896484375 175.193756103515625 174.3249969482421875 172.6875 172.21875 172.193756103515625 172.3249969482421875 172.712493896484375 171.068756103515625 167.125 161.4187469482421875 156.6437530517578125 149.125 140.375 132.0187530517578125 125.68125152587890625 123.13750457763671875 123.05625152587890625 126.30625152587890625 133.181243896484375 141.868743896484375 152.0749969482421875 163.625 177.431243896484375 191.1374969482421875 202.9499969482421875 210.256256103515625 213.006256103515625 213.1875 212.28125 210.287506103515625
178.4875030517578125 177.4375 177.5749969482421875 178.5437469482421875 180.53125 181.2624969482421875 180.09375 176.431243896484375 168.2312469482421875 164.96875 171.899993896484375 175.818756103515625 178.2375030517578125 178.6374969482421875 179.1437530517578125 179.1875 178.7624969482421875 179.774993896484375 182.6875 183.2375030517578125 181.375 179.756256103515625 174.78125 170.0749969482421875 163.193756103515625 154.1437530517578125 143.5 134.6062469482421875 127.40000152587890625 123.0187530517578125 123.02500152587890625 126.78125 132.7062530517578125 140.4875030517578125 149.7062530517578125 161.568756103515625 174.431243896484375 186.9812469482421875 197.1750030517578125 205.75 209.7687530517578125 209.600006103515625 210.006256103515625 208.693756103515625
187.3249969482421875 186.6125030517578125 187.46875 189.2624969482421875 191.837493896484375 193.0124969482421875 190.6374969482421875 185.568756103515625 179.2624969482421875 176.6062469482421875 178.368743896484375 178.6999969482421875 180.9499969482421875 181.3249969482421875 182.5749969482421875 184.0749969482421875 185.193756103515625 188.493743896484375 192.3000030517578125 195.59375 193.8125 190.6374969482421875 184.1750030517578125 177.6750030517578125 168.462493896484375 158.9250030517578125 148.34375 137.7062530517578125 129.056243896484375 123.19374847412109375 122.5500030517578125 125.7375030517578125 131.5187530517578125 139.256256103515625 148.193756103515625 159.59375 172.100006103515625 182.881256103515625 192.7312469482421875 201.212493896484375 206.9375 207.7062530517578125 206.9499969482421875 204.34375
196.7062530517578125 196.8937530517578125 197.631256103515625 199.7062530517578125 202.4187469482421875 205.506256103515625 203.7937469482421875 197.399993896484375 190.9250030517578125 187.162506103515625 187.09375 185.6750030517578125 185.181243896484375 184.662506103515625 185.868743896484375 187.7687530517578125 190.568756103515625 195.7375030517578125 201.6687469482421875 207.8312530517578125 210.40625 205.506256103515625 195.8562469482421875 183.443756103515625 174.337493896484375 165.84375 154.6750030517578125 143.5500030517578125 132.993743896484375 126.27500152587890625 124.90625 126.91249847412109375 132.6999969482421875 139.712493896484375 147.1999969482421875 156.96875 167.6437530517578125 178.087493896484375 189.375 198.3625030517578125 204.131256103515625 205.5124969482421875 205.381256103515625 203.2375030517578125
204.256256103515625 204.6062469482421875 205.5124969482421875 208.662506103515625 211.693756103515625 214.875 214.4812469482421875 207.7375030517578125 200.7937469482421875 196.1125030517578125 193.743743896484375 192.0749969482421875 188.9875030517578125 187.756256103515625 189.15625 191.3312530517578125 194.975006103515625 200.774993896484375 208.8312530517578125 218.6125030517578125 224.493743896484375 219.899993896484375 207.818756103515625 192.068756103515625 179.912506103515625 169.931243896484375 158.1750030517578125 147.337493896484375 138.337493896484375 131.5625 128.15625 127.8625030517578125 132 137.6062469482421875 144.681243896484375 153.681243896484375 163.0500030517578125 173.34375 183.975006103515625 193.8000030517578125 201.4562530517578125 202.681243896484375 202.568756103515625 200.78125
211.28125 212.4250030517578125 213.6062469482421875 215.53125 217.53125 219.818756103515625 218.556243896484375 213.6750030517578125 207.3000030517578125 202.8562469482421875 199.3249969482421875 197.618743896484375 194.4625091552734375 189.4812469482421875 189.8312530517578125 192.4562530517578125 196.7375030517578125 204.96875 214.3000030517578125 224.6999969482421875 233.1374969482421875 229.3874969482421875 216.125 200.8625030517578125 185.46875 173.0124969482421875 162.993743896484375 152.225006103515625 143.40625 136.5812530517578125 131.90625 129.6437530517578125 131.4187469482421875 135.350006103515625 141.2937469482421875 149.3874969482421875 158.193756103515625 167.662506103515625 179.4499969482421875 188.524993896484375 197.9812469482421875 200.46875 197.9875030517578125 188.037506103515625
217.899993896484375 217.912506103515625 218.9250030517578125 220.287506103515625 221.96875 222.1999969482421875 220.9499969482421875 217.850006103515625 213.25 208.1437530517578125 203.787506103515625 199.506256103515625 196.03125 191.375 188.181243896484375 190.6875 195.90625 204.181243896484375 213.4875030517578125 222.756256103515625 229.225006103515625 227.2624969482421875 218.2937469482421875 204.65625 191.193756103515625 179.381256103515625 169.8625030517578125 159.2624969482421875 149.381256103515625 141.3312530517578125 135.6999969482421875 131.649993896484375 131.40625 133.3312530517578125 138.649993896484375 146.5812530517578125 154.7624969482421875 165.375 175.8125 186.787506103515625 194.2687530517578125 191.0500030517578125 186.131256103515625 183.475006103515625
222.03125 221.818756103515625 222.8874969482421875 224.1374969482421875 225.3125 225.024993896484375 224.46875 222 217.1999969482421875 211.8625030517578125 206.787506103515625 202.09375 197.337493896484375 191.96875 185.8625030517578125 187.2062530517578125 193.21875 201.912506103515625 211.2937469482421875 219.868743896484375 224.756256103515625 224.212493896484375 218.743743896484375 208.8000030517578125 198.975006103515625 189.0124969482421875 178.4875030517578125 167.087493896484375 156.34375 146.368743896484375 138.681243896484375 132.6750030517578125 131.6999969482421875 132.631256103515625 135.931243896484375 142.875 152.25 164.118743896484375 174.524993896484375 180.8000030517578125 182.3125 182.625 184.1875 185.3312530517578125
224.7062530517578125 224.2624969482421875 226.037506103515625 227.1875 228.4250030517578125 228.6062469482421875 227.243743896484375 224.96875 221.4812469482421875 217.3937530517578125 211.4875030517578125 206.1750030517578125 200.84375 193.625 185.9875030517578125 182.5 190.850006103515625 201.6750030517578125 210.6687469482421875 218.475006103515625 223.6999969482421875 224.53125 220.806243896484375 213.2937469482421875 205.875 199.1374969482421875 189.53125 177.21875 163.649993896484375 151.118743896484375 141.46875 134.3249969482421875 131.90625 132.6125030517578125 133.6437530517578125 141.756256103515625 152.3562469482421875 159.8562469482421875 167.1999969482421875 171.162506103515625 174.8312530517578125 178.8874969482421875 182.212493896484375 180.59375
226.9812469482421875 227.524993896484375 228.712493896484375 230.03125 231.881256103515625 232.03125 231.78125 229.6062469482421875 226.6750030517578125 222.3937530517578125 217.2937469482421875 212.193756103515625 206.1624908447265625 199.006256103515625 191.9812469482421875 188.84375 191.962493896484375 201.09375 211.131256103515625 219.6062469482421875 224.7624969482421875 226.1437530517578125 223.5437469482421875 216.6750030517578125 211.4875030517578125 208.6500091552734375 202.006256103515625 186.8625030517578125 169.212493896484375 154.962493896484375 144.4812469482421875 138.162506103515625 134.3874969482421875 133.587493896484375 138.587493896484375 149.0437469482421875 155.7937469482421875 163.8249969482421875 170.375 170.9499969482421875 173.9875030517578125 178.90625 179.350006103515625 180.9875030517578125
228.693756103515625 229.381256103515625 231.774993896484375 234.100006103515625 235.9375 238.1125030517578125 239.03125 237.506256103515625 234.756256103515625 230.3125 225.024993896484375 219.9812469482421875 212.71875 206.6437530517578125 201.818756103515625 198.84375 199.412506103515625 202.037506103515625 213.475006103515625 222.4875030517578125 228.8625030517578125 228.4250030517578125 225.34375 220.5625 217.537506103515625 215.693756103515625 213.2624969482421875 194.78125 172.774993896484375 154.7312469482421875 142.600006103515625 135.756256103515625 136.568756103515625 141.8625030517578125 148.2687530517578125 152.100006103515625 159.931243896484375 167.7937469482421875 170.212493896484375 175.3874969482421875 177.3874969482421875 180.225006103515625 181.3312530517578125 182.3625030517578125
229.6374969482421875 231.568756103515625 234.537506103515625 237.818756103515625 241.118743896484375 244.068756103515625 245.600006103515625 246.0124969482421875 244.1999969482421875 240.9250030517578125 235.0625 229.3249969482421875 222.118743896484375 216.399993896484375 210.9812469482421875 208.4187469482421875 208.287506103515625 208.350006103515625 215.131256103515625 224.399993896484375 233.162506103515625 236.274993896484375 226.8874969482421875 223.1062469482421875 221.162506103515625 218.7687530517578125 212.4250030517578125 195.837493896484375 175.2937469482421875 155.181243896484375 140.28125 136.837493896484375 144.0625 149.1125030517578125 152.8000030517578125 159.399993896484375 165.3937530517578125 171.193756103515625 175.9812469482421875 180.0437469482421875 182.243743896484375 186.4562530517578125 185.2687530517578125 184.4562530517578125
229.899993896484375 232.725006103515625 236.15625 240.600006103515625 244.9562530517578125 249.587493896484375 252.962493896484375 254.618743896484375 254.2687530517578125 252.3249969482421875 248.1999969482421875 242.993743896484375 235.962493896484375 228.2375030517578125 222.649993896484375 218.09375 213.837493896484375 216.4375 221.193756103515625 228.493743896484375 232.71875 231.4499969482421875 228.725006103515625 225.131256103515625 221.412506103515625 215.28125 205.875 194.2062530517578125 176.037506103515625 156.818756103515625 144.28125 144.625 149.8312530517578125 156.212493896484375 161.4812469482421875 166.5812530517578125 172.5 178.600006103515625 182.3125 185.0500030517578125 187.25 189.71875 188.4375 187.818756103515625
