data/historical-monthly-weather-data/wc2.1_cruts4.09_10m_prec_2012-04.asc
ncols        51
nrows        45
xllcorner    -63.500000000000
yllcorner    -7.500000000000
cellsize     0.166666666667
NODATA_value -9999
[rows 20 to 39 of 45, columns 0 to 43 of 51]
291.46875 301.73126220703125 304.82501220703125 305.756256103515625 304.399993896484375 305.91876220703125 305.756256103515625 300.399993896484375 293.881256103515625 283.787506103515625 271.25 256.6875 242.7375030517578125 230.4875030517578125 214.993743896484375 201.306243896484375 189.649993896484375 181.2312469482421875 174.631256103515625 167.2624969482421875 160.8937530517578125 152.837493896484375 144.8000030517578125 144.625 147.4875030517578125 150.59375 155.993743896484375 161.5437469482421875 166.03125 171.1999969482421875 173.7687530517578125 175.2624969482421875 166.8249969482421875 156.2375030517578125 147.9499969482421875 158.5437469482421875 174.725006103515625 188.4375 198.649993896484375 205.2687530517578125 208.681243896484375 210.6125030517578125 208.7062530517578125 208.0500030517578125
278.70001220703125 285.899993896484375 289.59375 295.15625 296.79998779296875 296.350006103515625 296.381256103515625 293.73748779296875 287.92498779296875 275.837493896484375 259.649993896484375 240.9562530517578125 225.587493896484375 214.087493896484375 203.7687530517578125 192.524993896484375 183.9812469482421875 175.4875030517578125 168.787506103515625 161.462493896484375 153.59375 147.024993896484375 142.4499969482421875 143.375 146.8562469482421875 153.03125 165.6374969482421875 171.3874969482421875 175.625 181.056243896484375 183.59375 183.9812469482421875 176.6374969482421875 169.131256103515625 165.5500030517578125 171.4250030517578125 183.7687530517578125 195.287506103515625 202.568756103515625 206.881256103515625 209.4250030517578125 209.818756103515625 207.53125 205.806243896484375
267.36248779296875 279.962493896484375 284.443756103515625 288.475006103515625 289.774993896484375 289.287506103515625 286.756256103515625 286.09375 285.868743896484375 269.3125 248.1437530517578125 226.4499969482421875 209.875 200.5500030517578125 193.6062469482421875 186.28125 177.9375 169.256256103515625 161.662506103515625 153.8312530517578125 147.6999969482421875 142.1750030517578125 137.3562469482421875 139.256256103515625 144.9499969482421875 153.0500030517578125 167.193756103515625 175.537506103515625 181.399993896484375 186.9875030517578125 191.850006103515625 194.6750030517578125 191.475006103515625 187.024993896484375 185.662506103515625 188.4875030517578125 196.09375 204.243743896484375 208.5749969482421875 209.3874969482421875 209.662506103515625 208 205.28125 202.8562469482421875
257.91876220703125 270.125 276.01873779296875 277.46875 277.631256103515625 277.587493896484375 278.10626220703125 276.42498779296875 274.368743896484375 257.89373779296875 237.2624969482421875 218.8249969482421875 199.8125 194.087493896484375 188.96875 181.9812469482421875 173.6374969482421875 166.4875030517578125 158.350006103515625 150.975006103515625 144.399993896484375 137.7312469482421875 132.8937530517578125 136 141.65625 147.6875 160.28125 173.2375030517578125 183.1687469482421875 193.34375 202.2687530517578125 210.1750030517578125 209.225006103515625 205.368743896484375 204.1374969482421875 205.3562469482421875 209.8249969482421875 212.693756103515625 212.9875030517578125 210.84375 209.3562469482421875 206.256256103515625 202.881256103515625 199.5187530517578125
251.7937469482421875 263.162506103515625 266.90625 268.63751220703125 269.28125 268.26251220703125 266.931243896484375 264.26251220703125 258.118743896484375 247.2062530517578125 230.587493896484375 214.0749969482421875 202.5500030517578125 193.725006103515625 186.475006103515625 179.125 172.337493896484375 165.1062469482421875 157.162506103515625 148.693756103515625 141.28125 134.1750030517578125 129.2375030517578125 131.3249969482421875 136.1374969482421875 144.8249969482421875 158.75 172.7624969482421875 186.350006103515625 202.087493896484375 215.943756103515625 228.1374969482421875 228.712493896484375 224.59375 220.9375 217.9875030517578125 218.412506103515625 216.53125 214.899993896484375 212.5437469482421875 209.40625 205.0625 201.8874969482421875 197.3874969482421875
253.774993896484375 262.399993896484375 260.15625 259.91876220703125 257.96875 256.73748779296875 255.006256103515625 251.337493896484375 243.193756103515625 232.993743896484375 222.337493896484375 212.5625 203.625 196.681243896484375 187.5187530517578125 180.631256103515625 173.1750030517578125 165.568756103515625 156.774993896484375 147.0437469482421875 140.21875 131.9250030517578125 125.5 125.15000152587890625 131.962493896484375 142.65625 159.7375030517578125 175.225006103515625 192.443756103515625 209.9187469482421875 229.21875 246.625 248.59375 241.40625 233.5625 228.006256103515625 224.5812530517578125 220.4375 216.806243896484375 213.399993896484375 209.9187469482421875 204.3937530517578125 199.568756103515625 193.8000030517578125
255.2937469482421875 259.024993896484375 257.618743896484375 255.399993896484375 251.306243896484375 250.2937469482421875 246.943756103515625 241.399993896484375 234.2062530517578125 228.9375 222.3249969482421875 214.65625 208.243743896484375 202.75 194.09375 186.34375 178.3125 169.34375 160.7937469482421875 151.5124969482421875 142.524993896484375 133.2062530517578125 124.8625030517578125 124.16249847412109375 132.9250030517578125 143.6062469482421875 161.881256103515625 179.056243896484375 198.212493896484375 217.368743896484375 239.4250030517578125 259.73126220703125 263.337493896484375 252.943756103515625 242.2562408447265625 234.6125030517578125 229.4499969482421875 224.193756103515625 219.0437469482421875 215.03125 210.100006103515625 205.2937469482421875 200.0500030517578125 195.318756103515625
258.59375 258.387481689453125 255.287506103515625 251.46875 247.7624969482421875 244.5500030517578125 241.3125 234.443756103515625 229.8312530517578125 226.0187530517578125 219.6062469482421875 215.71875 211.725006103515625 208.712493896484375 200.837493896484375 191.9187469482421875 184.274993896484375 176.78125 166.78125 157.8187408447265625 148.899993896484375 138.7375030517578125 132.7062530517578125 132.625 139.0625 149.2624969482421875 165.9875030517578125 184.149993896484375 203.2624969482421875 222.962493896484375 243.318756103515625 261.65625 263.0625 254.5562591552734375 245.84375 237.7687530517578125 232.8625030517578125 227.6187591552734375 222.368743896484375 217.493743896484375 212.681243896484375 208.037506103515625 203.1062469482421875 199.9812469482421875
259.84375 257.6875 252.59375 248.40625 243.375 237.90625 233.475006103515625 229.712493896484375 227.756256103515625 223.6750030517578125 220.03125 217.9250030517578125 215.3937530517578125 213.993743896484375 208.21875 201.75 194.625 184.7062530517578125 175.681243896484375 165.899993896484375 157.125 147.1437530517578125 141.3125 142.7375030517578125 147.756256103515625 156.881256103515625 173.15625 190.631256103515625 209.056243896484375 227.1875 243.8125 258.912506103515625 257.162506103515625 251.7312469482421875 245.0250091552734375 238.912506103515625 235.087493896484375 230.787506103515625 226.0437469482421875 220.0124969482421875 213.1750030517578125 208.912506103515625 205.6125030517578125 208.931243896484375
262.725006103515625 259.256256103515625 253.556243896484375 246.0749969482421875 241.193756103515625 236.9250030517578125 233.0187530517578125 230.118743896484375 227.8249969482421875 224.46875 222.5437469482421875 221.537506103515625 222.368743896484375 222.2062530517578125 217.306243896484375 211.1875 204.84375 197.4562530517578125 187.537506103515625 176.212493896484375 166.0500030517578125 157.90625 152.931243896484375 153.6999969482421875 157.556243896484375 165.662506103515625 181.3937530517578125 197.056243896484375 214.1437530517578125 229.1125030517578125 242.868743896484375 253.5 252.1999969482421875 249.125 244.993743896484375 240.4499969482421875 238.2624969482421875 235.125 229.662506103515625 225.787506103515625 221.59375 218.7937469482421875 215.8000030517578125 219.375
263.59375 258.67498779296875 252.3000030517578125 245.712493896484375 241.34375 236.631256103515625 233.5749969482421875 229.5187530517578125 227.6125030517578125 226.243743896484375 225.5 226.2062530517578125 229.375 228.881256103515625 225.850006103515625 221.381256103515625 217.34375 210.2624969482421875 201.0500030517578125 190.0749969482421875 179.3125 169.8562469482421875 163.7687530517578125 163.21875 165.7624969482421875 175.443756103515625 188.462493896484375 203.8125 219.006256103515625 230 241.149993896484375 249.5500030517578125 249.743743896484375 247.649993896484375 244.1687469482421875 241.475006103515625 238.399993896484375 236.431243896484375 234.1999969482421875 231.381256103515625 228.3312530517578125 225.78125 224.693756103515625 225.5749969482421875
262.20623779296875 256.649993896484375 250.6374969482421875 246.3249969482421875 241.662506103515625 235.5500030517578125 232.431243896484375 228.181243896484375 226.71875 225.756256103515625 226.618743896484375 230.8625030517578125 233.5812530517578125 235.350006103515625 233.4187469482421875 230.943756103515625 226.1374969482421875 219.818756103515625 210.537506103515625 202.25 191.8499908447265625 182.09375 174.431243896484375 174.0625 178.2624969482421875 185.225006103515625 196.2624969482421875 210.6750030517578125 223.25 232.53125 241.6750030517578125 248.181243896484375 246.806243896484375 245.2687530517578125 243.0625 240.9187469482421875 239.5437469482421875 236.8000030517578125 234.9375 232.75 233.493743896484375 232.7375030517578125 231.774993896484375 232.8625030517578125
260.193756103515625 253.40625 248.625 244.193756103515625 241.0625 235.225006103515625 230.1125030517578125 226.9499969482421875 225.25 226.056243896484375 230.5437469482421875 234.3125 239.8000030517578125 243.9562530517578125 242.8625030517578125 240.5812530517578125 237.84375 232.181243896484375 222.350006103515625 213.287506103515625 204.8000030517578125 195.4250030517578125 187.3874969482421875 187.15625 191.162506103515625 195.181243896484375 205.71875 217.243743896484375 228.3874969482421875 236.53125 242.462493896484375 246.2624969482421875 244.7937469482421875 244.118743896484375 242.8562469482421875 242.193756103515625 240.774993896484375 239.087493896484375 235.96875 238.256256103515625 238.100006103515625 237.493743896484375 238.1062469482421875 240.5437469482421875
256.587493896484375 251.274993896484375 247.53125 243.3562469482421875 239.5437469482421875 235.3562469482421875 230.5625 225.8249969482421875 224.056243896484375 225.2624969482421875 228.9875030517578125 236.9499969482421875 244.96875 248.774993896484375 249.868743896484375 248.34375 247.337493896484375 241.943756103515625 233.243743896484375 224.4812469482421875 216.3625030517578125 207.868743896484375 200.4875030517578125 198.2312469482421875 202.118743896484375 205.1374969482421875 213.0812530517578125 222.8000030517578125 232.71875 237.587493896484375 241.524993896484375 245.1125030517578125 243.912506103515625 243.2937469482421875 242.8562469482421875 241.9375 241.256256103515625 237.6125030517578125 238.7062530517578125 240.412506103515625 239.6062469482421875 240.743743896484375 242.7624969482421875 246.2312469482421875
251.350006103515625 248.306243896484375 246.3000030517578125 241.506256103515625 237.5124969482421875 232.725006103515625 227.600006103515625 223.71875 220.631256103515625 220.5625 227.1750030517578125 238.818756103515625 250.600006103515625 258.756256103515625 259.73748779296875 259.225006103515625 257.193756103515625 249.96875 243.5625 233.8249969482421875 227.6125030517578125 218.5 211.6875 208.0625 210.274993896484375 214.1875 221.03125 228.0187530517578125 236.4250030517578125 240.6687469482421875 242.2624969482421875 244.587493896484375 242.4562530517578125 242.649993896484375 241.6374969482421875 240.0812530517578125 237.787506103515625 239.899993896484375 240.8249969482421875 241.243743896484375 240.25 242.1875 245.2687530517578125 248.6374969482421875
248.2687530517578125 246.9375 244.587493896484375 240.412506103515625 235.943756103515625 230.368743896484375 225.9187469482421875 221.1374969482421875 215.9562530517578125 214.693756103515625 220.5749969482421875 235.5 252.0812530517578125 262.13751220703125 264.73126220703125 265.36248779296875 264.70623779296875 258.67498779296875 252.5500030517578125 245.8000030517578125 238.5187530517578125 230.8312530517578125 221.412506103515625 218.506256103515625 218.6687469482421875 221.412506103515625 227.5749969482421875 234.1437530517578125 240.931243896484375 242.899993896484375 243.6062469482421875 243.899993896484375 241.818756103515625 242.600006103515625 240.6374969482421875 236.756256103515625 238.537506103515625 240.431243896484375 240.1125030517578125 240.850006103515625 241.649993896484375 243 244.9375 248.3000030517578125
245.868743896484375 245.912506103515625 243.087493896484375 239.6999969482421875 235.1687469482421875 230.1374969482421875 226.15625 219.34375 211.306243896484375 206.59375 215.1750030517578125 236.4812469482421875 251.84375 260.574981689453125 266.631256103515625 269.34375 268.15625 263.85626220703125 259.337493896484375 251.75 245.681243896484375 238.0437469482421875 229.274993896484375 226.6374969482421875 225.443756103515625 227.256256103515625 233.287506103515625 239.399993896484375 244.381256103515625 244.59375 245.2874908447265625 245.537506103515625 243.5437469482421875 242.1750030517578125 239.6374969482421875 237.8249969482421875 239.3125 241.65625 242.8562469482421875 241.21875 241.78125 242.493743896484375 245.09375 247.4375
246.2312469482421875 244.6999969482421875 241.2312469482421875 238.8125 234.7375030517578125 230.875 226.34375 219.1750030517578125 212.5187530517578125 206.1750030517578125 220.71875 241.8874969482421875 254 261.79376220703125 267.67498779296875 271.600006103515625 270.431243896484375 267.8125 261.51873779296875 253.8625030517578125 248.368743896484375 240.962493896484375 234.975006103515625 232.2062530517578125 230.475006103515625 232.975006103515625 236.0749969482421875 242.693756103515625 247.5437469482421875 247.681243896484375 245.7312469482421875 245.587493896484375 245.09375 242.7937469482421875 238.287506103515625 239.743743896484375 240.868743896484375 241.162506103515625 243.818756103515625 242.8312530517578125 241.375 242.381256103515625 242.493743896484375 243.1750030517578125
246.131256103515625 242.181243896484375 239.225006103515625 237.631256103515625 235.3249969482421875 230.587493896484375 227.0749969482421875 222.962493896484375 222.462493896484375 228.21875 243.649993896484375 253.375 257.70001220703125 263.793731689453125 268.818756103515625 270.48126220703125 269.95623779296875 266.84375 259.08123779296875 253.6125030517578125 247.90625 240.899993896484375 235.806243896484375 234.7062530517578125 233.9562530517578125 234.0187530517578125 237.100006103515625 242.3562469482421875 246.193756103515625 247.8312530517578125 247.2062530517578125 244.7937469482421875 244.1374969482421875 243.506256103515625 243.8874969482421875 242.6687469482421875 241.6875 242.6750030517578125 242.631256103515625 239.7624969482421875 238.787506103515625 239.975006103515625 238.90625 240.225006103515625
245.212493896484375 241.8125 239.46875 238.368743896484375 236.5187530517578125 233.75 229.6125030517578125 230.15625 233.181243896484375 239.5187530517578125 248.850006103515625 257.556243896484375 261.350006103515625 265.82501220703125 269.34375 269.86248779296875 268.962493896484375 265.84375 257.975006103515625 251.475006103515625 245.2312469482421875 241.1750030517578125 234.3937530517578125 232.9375 234.7937469482421875 235.5187530517578125 238.212493896484375 242.5625 245.7937469482421875 247.274993896484375 245.3312530517578125 247.75 249.5500030517578125 248.975006103515625 249.3937530517578125 247.5124969482421875 245.3000030517578125 245.09375 243.100006103515625 237.9499969482421875 235.6125030517578125 236.181243896484375 233.8249969482421875 234.243743896484375
