data/historical-monthly-weather-data/wc2.1_cruts4.09_10m_prec_2005-02.asc
ncols        45
nrows        45
xllcorner    -63.500000000000
yllcorner    -7.500000000000
cellsize     0.166666666667
NODATA_value -9999
[rows 20 to 39 of 45, columns 0 to 44 of 45]
309.243743896484375 310.10626220703125 312.48126220703125 315.381256103515625 321.506256103515625 328.26251220703125 335.90625 343.412506103515625 350.649993896484375 356.41876220703125 360.912506103515625 370.068756103515625 380.962493896484375 390.162506103515625 375.087493896484375 349.743743896484375 328.006256103515625 310.16876220703125 300.8125 292.774993896484375 287.96875 282.51251220703125 276.806243896484375 277.731231689453125 280.26251220703125 283.73126220703125 288.59375 293.537506103515625 299.1875 301.73748779296875 297.21875 285.79376220703125 263.6875 237.243743896484375 213.5124969482421875 225.368743896484375 249.9562530517578125 268.71875 278.649993896484375 281.23748779296875 277.931243896484375 272.631256103515625 267.89373779296875 263.35626220703125 261.73126220703125
294.40625 296.98748779296875 300.193756103515625 305.350006103515625 310.675018310546875 318.587493896484375 326.943756103515625 335.1875 342.5625 345.931243896484375 346.568756103515625 348.79998779296875 351.756256103515625 352.600006103515625 345.931243896484375 331.625 316.45001220703125 302.318756103515625 291.774993896484375 283.58123779296875 276.131256103515625 270.26251220703125 267.243743896484375 267.9375 270.931243896484375 275.83123779296875 282.86248779296875 289.5625 297.40625 302.5 302.41876220703125 293.20001220703125 274.5625 255.1374969482421875 241.7375030517578125 248.056243896484375 264.506256103515625 277.08123779296875 281.818756103515625 281.23748779296875 277.70001220703125 273.01873779296875 267.78125 262.5625 261.23126220703125
283.318756103515625 287.368743896484375 289.875 294.912506103515625 299.83123779296875 309.32501220703125 316.787506103515625 325.92498779296875 334.149993896484375 333.73126220703125 329.443756103515625 324.899993896484375 320.64373779296875 319.46875 318.6875 312.287506103515625 302.32501220703125 291.618743896484375 281.256256103515625 271.625 264.681243896484375 258.36248779296875 254.475006103515625 255.15625 259.431243896484375 266.006256103515625 274.287506103515625 283.087493896484375 293.61248779296875 301.84375 306.568756103515625 305.03125 289.8125 276.82501220703125 273.056243896484375 279.287506103515625 287.306243896484375 291.48748779296875 289.70623779296875 283.58123779296875 277.75 272.66876220703125 267.07501220703125 261.85626220703125 260.850006103515625
271.01873779296875 272.850006103515625 276.09375 280.15625 286.04998779296875 296.11248779296875 305.5625 313.76873779296875 320.95001220703125 318.65625 313.29376220703125 306.625 296.681243896484375 297.868743896484375 300.17498779296875 297.03125 290.38751220703125 282.681243896484375 273.33123779296875 263.59375 255.5124969482421875 248.2312469482421875 243.131256103515625 243.818756103515625 248.5 253.9812469482421875 264.5 275.681243896484375 286.90625 297.399993896484375 305.14373779296875 307.193756103515625 298.57501220703125 292.29998779296875 293.95001220703125 301.96875 305.59375 301.306243896484375 293.931243896484375 285.07501220703125 277.881256103515625 271.693756103515625 266.375 262.125 262.806243896484375
262.899993896484375 260.381256103515625 263.04998779296875 268.1875 275.5625 283.962493896484375 293.09375 300.625 304.556243896484375 303.98748779296875 300.256256103515625 294.98748779296875 289.943756103515625 288.95001220703125 288.256256103515625 286.381256103515625 282.375 275.57501220703125 266.95001220703125 257.3125 248.6437530517578125 239.3937530517578125 232.1062469482421875 231.59375 235.4812469482421875 244.4625091552734375 255.0187530517578125 267.86248779296875 279.681243896484375 290.1875 297.91876220703125 301.493743896484375 299.756256103515625 298.95001220703125 302.14373779296875 305.23748779296875 305.98748779296875 300.6875 292.36248779296875 283.443756103515625 275.962493896484375 269.84375 265.381256103515625 263.087493896484375 263.33123779296875
261.40625 255.381256103515625 255.84375 260.34375 266.84375 274.82501220703125 281.95623779296875 288.48126220703125 291.66876220703125 292.056243896484375 290.100006103515625 287.51251220703125 285.662506103515625 283.57501220703125 282.39373779296875 279.806243896484375 276.26251220703125 270 262.725006103515625 253.3125 243.28125 231.6999969482421875 221.7062530517578125 218.625 224.875 235.25 248.662506103515625 260.681243896484375 272.881256103515625 282.193756103515625 289.54998779296875 294.712493896484375 296.443756103515625 298.649993896484375 302.149993896484375 302.649993896484375 301.350006103515625 296.881256103515625 287.600006103515625 279.337493896484375 272.34375 267.07501220703125 262.725006103515625 261.26873779296875 264.131256103515625
265.01251220703125 257.26251220703125 256.118743896484375 259.54998779296875 263.28125 268.51251220703125 274.57501220703125 278.58123779296875 281.73748779296875 283.83123779296875 284.32501220703125 283.45001220703125 283.256256103515625 282.67498779296875 280.90625 279.087493896484375 275.38751220703125 269.51251220703125 261.85626220703125 252.15625 241.1062469482421875 229.0625 216.6875 211.7687530517578125 220.4812469482421875 231.21875 243.943756103515625 255.8312530517578125 266.587493896484375 275.54998779296875 283.42498779296875 288.087493896484375 291.11248779296875 296.33123779296875 298.57501220703125 298.493743896484375 296.67498779296875 291.568756103515625 283.61248779296875 275.41876220703125 268.33123779296875 263.337493896484375 259.41876220703125 258.20001220703125 264.0625
269.4375 259.725006103515625 258.006256103515625 258.96875 260.149993896484375 262.85626220703125 267.712493896484375 272.10626220703125 275.11248779296875 278.23748779296875 279.40625 279.88751220703125 280.46875 280.75 279.8125 278.63751220703125 275.181243896484375 270.79376220703125 263.04376220703125 254.1062469482421875 243.71875 231.9250030517578125 222.59375 218.90625 223.0187530517578125 231.4250030517578125 242.381256103515625 253.131256103515625 262.67498779296875 271.26873779296875 278.78125 284.59375 289.58123779296875 292.73748779296875 294.6875 294.28125 290.89373779296875 287.037506103515625 279.024993896484375 270.556243896484375 263.662506103515625 259.987518310546875 256.85626220703125 257.287506103515625 265.66876220703125
272.181243896484375 262.3125 258.774993896484375 257.95001220703125 257.818756103515625 259.125 262.51873779296875 265.73748779296875 269.45623779296875 273.212493896484375 275.318756103515625 276.475006103515625 277.431243896484375 279.51873779296875 279.60626220703125 279.79376220703125 278.08123779296875 273.03125 267.056243896484375 258.212493896484375 248.7062530517578125 237.600006103515625 230.399993896484375 227.587493896484375 228.5437469482421875 233.5437469482421875 243.0500030517578125 252.2937469482421875 261.82501220703125 269.756256103515625 275.88751220703125 282.34375 286.23126220703125 289.318756103515625 291.881256103515625 290 287.54998779296875 283.881256103515625 277.399993896484375 268.14373779296875 259.149993896484375 255.493743896484375 255.5812530517578125 259.70001220703125 269.931243896484375
276.73126220703125 265.76251220703125 261.193756103515625 258.462493896484375 257.725006103515625 258.42498779296875 260.162506103515625 262.41876220703125 265.243743896484375 269.23126220703125 272.131256103515625 274.649993896484375 276.67498779296875 279.631256103515625 280.806243896484375 280.306243896484375 279.82501220703125 277.337493896484375 272.0625 263 253.09375 243.625 237.118743896484375 234.162506103515625 234.037506103515625 237.625 245.475006103515625 253.287506103515625 261.587493896484375 268.225006103515625 274.98748779296875 281.23126220703125 284.212493896484375 287.46875 289.306243896484375 288.225006103515625 285.21875 282.6875 275.42498779296875 266.837493896484375 261.693756103515625 260.71875 261.225006103515625 266.8125 272.54998779296875
279.0625 268.28125 261.8125 258.368743896484375 255.975006103515625 256.58123779296875 257.693756103515625 259.587493896484375 262.168731689453125 265.537506103515625 270.225006103515625 274.04998779296875 277.63751220703125 279.85626220703125 280.681243896484375 281.54376220703125 281.975006103515625 280.61248779296875 277.04376220703125 268.03125 257.95623779296875 248.3000030517578125 241.4812469482421875 238.6437530517578125 238.306243896484375 241.318756103515625 247.8562469482421875 255.024993896484375 262.26873779296875 268.13751220703125 274.243743896484375 280.29376220703125 284.306243896484375 287.73126220703125 289.90625 287.40625 285.068756103515625 283.568756103515625 276.54376220703125 267.993743896484375 264.45001220703125 266.806243896484375 269.193756103515625 272.350006103515625 278.04998779296875
277.524993896484375 267.65625 261.23748779296875 257.381256103515625 253.8874969482421875 253.5187530517578125 254.524993896484375 255.0500030517578125 257.443756103515625 261.82501220703125 266.625 271.53125 276.23126220703125 279.91876220703125 281.09375 282.943756103515625 281.462493896484375 279.39373779296875 275.681243896484375 268.737518310546875 259.76873779296875 251.3249969482421875 244.0124969482421875 241.787506103515625 242.03125 244.2937469482421875 249.774993896484375 256.26251220703125 262.98126220703125 269.243743896484375 275.125 280.475006103515625 284.54376220703125 287.75 290.33123779296875 288.34375 286.59375 284.5625 277.79376220703125 272.96875 272.57501220703125 275.912506103515625 278.993743896484375 283.46875 290.649993896484375
275.118743896484375 266.662506103515625 260.96875 256.42498779296875 251.899993896484375 250.7937469482421875 250.1374969482421875 250.350006103515625 253.118743896484375 257.83123779296875 264.26251220703125 269.274993896484375 275.35626220703125 280.068756103515625 281.5 281.46875 279.42498779296875 277.243743896484375 271.85626220703125 265.375 258.13751220703125 250.131256103515625 243.493743896484375 241.5625 242.381256103515625 244.8000030517578125 250.024993896484375 257.125 263.975006103515625 269.84375 276.38751220703125 281.60626220703125 285.17498779296875 289.21875 292.67498779296875 292.28125 290.88751220703125 288.09375 282.818756103515625 282.51873779296875 283.318756103515625 287.17498779296875 292.14373779296875 298.71875 311.462493896484375
273.274993896484375 265.20001220703125 259.45623779296875 255.100006103515625 250.0749969482421875 247.4499969482421875 245.9562530517578125 245.6437530517578125 246.818756103515625 251.53125 258.67498779296875 266.01251220703125 274.050018310546875 279.006256103515625 280.40625 279.90625 277.368743896484375 273.787506103515625 267.881256103515625 261.33123779296875 254.1062469482421875 246.4562530517578125 240.8312530517578125 239.493743896484375 240.9812469482421875 243.7312469482421875 249.4562530517578125 256.39373779296875 263.975006103515625 270.881256103515625 277.868743896484375 283.66876220703125 288.33123779296875 292.193756103515625 294.83123779296875 295.556243896484375 294.59375 292.79998779296875 290.23748779296875 290.962493896484375 292.09375 297.15625 305.274993896484375 313.8125 327.88751220703125
270.98126220703125 264.41876220703125 258.693756103515625 252.9187469482421875 248.0812530517578125 244.6750030517578125 241.21875 239.2062530517578125 239.0500030517578125 242.868743896484375 251.681243896484375 262.53125 273.16876220703125 279.11248779296875 279.38751220703125 277.89373779296875 273.881256103515625 268.84375 263.15625 255.756256103515625 249.681243896484375 242 236.412506103515625 235.306243896484375 237.756256103515625 240.5500030517578125 247.368743896484375 255.3625030517578125 263.568756103515625 271.46875 278.493743896484375 286.256256103515625 290.98748779296875 295.40625 298.193756103515625 298.443756103515625 297.46875 298.9375 298.46875 298.131256103515625 300 304.5625 312.600006103515625 321.70623779296875 333.837493896484375
268.881256103515625 263.39373779296875 257.46875 250.9812469482421875 245.2312469482421875 241.4562530517578125 236.7687530517578125 232.693756103515625 230.4375 232.743743896484375 242.4375 255.806243896484375 269.13751220703125 276.618743896484375 275.76873779296875 272.568756103515625 267.881256103515625 261.725006103515625 253.943756103515625 246.9875030517578125 241.1125030517578125 235.1437530517578125 229.662506103515625 230.03125 232.2312469482421875 235.774993896484375 243.412506103515625 253.21875 262.306243896484375 271.04998779296875 280.20001220703125 289.29998779296875 295.149993896484375 300.08123779296875 302.20623779296875 301.98748779296875 304.04376220703125 304.318756103515625 303.443756103515625 304.60626220703125 307.587493896484375 310.85626220703125 316.46875 325.212493896484375 334.01873779296875
267.98126220703125 263.04998779296875 256.33123779296875 251.1437530517578125 244.806243896484375 239.8625030517578125 234.118743896484375 228.3312530517578125 223.274993896484375 219.46875 232.6062469482421875 252.600006103515625 265.45623779296875 271.350006103515625 270.306243896484375 265.6875 259.78125 252.7312469482421875 245.2624969482421875 237.1687469482421875 231.399993896484375 225.774993896484375 221.34375 222.506256103515625 225.243743896484375 229.8874969482421875 238.5 248.868743896484375 259.73126220703125 269.98748779296875 280.818756103515625 291.29998779296875 298.537506103515625 303.931243896484375 307.193756103515625 309.037506103515625 309.625 309.89373779296875 309.306243896484375 309.606231689453125 311.0062255859375 314.20001220703125 319.04376220703125 325.975006103515625 332.95001220703125
267.337493896484375 263.037506103515625 256.66876220703125 251 245.2937469482421875 239.6125030517578125 233.71875 227.837493896484375 223.6750030517578125 217.6687469482421875 238.475006103515625 258.975006103515625 265.850006103515625 267.48126220703125 264.462493896484375 258.324981689453125 249.9812469482421875 242.600006103515625 233.9187469482421875 225.087493896484375 220.1750030517578125 215.1125030517578125 212.056243896484375 214.006256103515625 217.9250030517578125 223.462493896484375 232.8000030517578125 244.3937530517578125 256.45001220703125 269.131256103515625 280.568756103515625 292.787506103515625 300.600006103515625 307.118743896484375 310.712493896484375 313.41876220703125 314.306243896484375 315.04376220703125 314.36248779296875 313.64373779296875 313.443756103515625 316.024993896484375 318.756256103515625 323.337493896484375 329.3125
268.95001220703125 263.39373779296875 256.649993896484375 251.8874969482421875 245.9499969482421875 240.912506103515625 236.8874969482421875 233.6875 234.024993896484375 243.2937469482421875 265.243743896484375 267.256256103515625 264.59375 261.85626220703125 256.59375 247.993743896484375 238.9187469482421875 230.71875 221.4250030517578125 212.875 208.181243896484375 204.375 203.256256103515625 205.8000030517578125 210.4875030517578125 217.59375 227.7937469482421875 240.100006103515625 253.3249969482421875 266.95001220703125 280.975006103515625 293.806243896484375 301.57501220703125 308.475006103515625 315.100006103515625 317.368743896484375 317.34375 318.54998779296875 316.774993896484375 313.60626220703125 313.024993896484375 314.01251220703125 316.20001220703125 319.53125 324.38751220703125
271.04998779296875 264.618743896484375 258.056243896484375 252.34375 246.7937469482421875 242.899993896484375 239.5 239.2687530517578125 242.03125 250.774993896484375 260.818756103515625 262.462493896484375 259.95623779296875 255.09375 247.6437530517578125 238.350006103515625 228.21875 219.475006103515625 209.693756103515625 201.4875030517578125 196.306243896484375 193.4499969482421875 192.96875 196.46875 203.1875 211.149993896484375 222.5124969482421875 235.662506103515625 250.0062408447265625 264.70623779296875 279.243743896484375 295.006256103515625 305.53125 312.568756103515625 317.95001220703125 320.16876220703125 319.506256103515625 318.931243896484375 317.11248779296875 312.662506103515625 310.73748779296875 311.35626220703125 312.412506103515625 313.600006103515625 318.10626220703125
