data/historical-monthly-weather-data/wc2.1_cruts4.09_10m_prec_1983-10.asc
ncols        51
nrows        45
xllcorner    -63.500000000000
yllcorner    -7.500000000000
cellsize     0.166666666667
NODATA_value -9999
[rows 0 to 19 of 45, columns 0 to 43 of 51]
64.30625152587890625 55.75 53.11875152587890625 52.418750762939453125 51.956249237060546875 54.987499237060546875 57.71875 60.575000762939453125 64.78749847412109375 69.6875 75.4812469482421875 81.3312530517578125 86.7062530517578125 90.71250152587890625 94.65000152587890625 98.2687530517578125 101.3874969482421875 102.1062469482421875 103.1062469482421875 103.8312530517578125 104.05625152587890625 103.65625 103.4562530517578125 102.6062469482421875 102 101.5812530517578125 99.9875030517578125 98.5187530517578125 97.34375 95.02500152587890625 92.84375 90.7624969482421875 88.99375152587890625 87.50624847412109375 86.28749847412109375 84.94374847412109375 83.49375152587890625 81.7375030517578125 79.4875030517578125 76.96875 74.34999847412109375 71.4375 67.86875152587890625 64
65.3937530517578125 56.0625 53.237499237060546875 52.19374847412109375 51.981250762939453125 55.09375 58.58750152587890625 62.71250152587890625 68.8562469482421875 75.03749847412109375 81.2375030517578125 86.96875 92.15000152587890625 96.46250152587890625 100.0625 103.59999847412109375 105.875 107.125 108.43125152587890625 109.7937469482421875 109.74375152587890625 109.77500152587890625 109.84375 109.63124847412109375 109.46250152587890625 108.7312469482421875 107.34375 105.66249847412109375 103.94374847412109375 101.47499847412109375 100.4187469482421875 99.78749847412109375 99.0500030517578125 98.81874847412109375 97.9499969482421875 96.3562469482421875 95.1374969482421875 93.2937469482421875 91.1062469482421875 88.4250030517578125 85.8312530517578125 83.0187530517578125 79.4375 75.38124847412109375
70.88124847412109375 62.59375 60.15000152587890625 59.75624847412109375 60.08750152587890625 63.77500152587890625 68.30625152587890625 73.66249847412109375 80.94374847412109375 87.5812530517578125 93.21250152587890625 97.7687530517578125 101.71875 104.80625152587890625 107.4875030517578125 110.03749847412109375 112.11875152587890625 113.28125 114.4250030517578125 115.72499847412109375 116.125 117.25624847412109375 117.91249847412109375 117.90000152587890625 117.90000152587890625 117.8249969482421875 116.08750152587890625 114.2062530517578125 111.4875030517578125 109.8874969482421875 109.72499847412109375 109.21875 108.46250152587890625 108.34375 107.5625 105.30625152587890625 102.8874969482421875 100.5 97.8937530517578125 94.6750030517578125 91.53125 88.6125030517578125 85.1437530517578125 81.5
76.11875152587890625 68.71250152587890625 67.5625 67.2062530517578125 68.25624847412109375 72.71875 78.6999969482421875 85.71875 94.9562530517578125 102.3874969482421875 106.7375030517578125 109.3125 111.375 113.1750030517578125 115.47499847412109375 117.02500152587890625 118.34999847412109375 119.6875 120.99375152587890625 122.53125 123.78749847412109375 124.88124847412109375 125.47499847412109375 126.0812530517578125 126.34375 126.1999969482421875 124.1875 121.6687469482421875 119.00624847412109375 117.80625152587890625 118.1875 118.71250152587890625 117.16249847412109375 116.15625 114.625 112.7062530517578125 109.8937530517578125 106.5500030517578125 103.59375 99.8874969482421875 95.49375152587890625 92.7375030517578125 89.5625 86.38124847412109375
84.25624847412109375 75.69374847412109375 73.05625152587890625 72.8937530517578125 74.9499969482421875 80.6687469482421875 87.78749847412109375 96.3125 108.28749847412109375 118.22499847412109375 120.2062530517578125 119.4562530517578125 120.0749969482421875 121.3874969482421875 122.69374847412109375 123.4187469482421875 124.49375152587890625 125.10625457763671875 126.13750457763671875 127.72499847412109375 130.2312469482421875 131.6437530517578125 132.6999969482421875 133.881256103515625 134.368743896484375 134.375 131.350006103515625 129.0124969482421875 126.85625457763671875 125.2312469482421875 125.8874969482421875 126.57500457763671875 125.4562530517578125 124.18125152587890625 122.90625 119.90625 116.3937530517578125 112.7062530517578125 108.8874969482421875 104.4875030517578125 99.40625 96.1875 93.56874847412109375 90.61875152587890625
91.18125152587890625 82.93125152587890625 78.5749969482421875 76.08750152587890625 78.9812469482421875 86.4187469482421875 94.3312530517578125 103.375 115.59999847412109375 127.24375152587890625 127.22499847412109375 125.4375 126.25 127.21250152587890625 128.125 129.3937530517578125 129.96875 130.850006103515625 132.493743896484375 134.274993896484375 137.1374969482421875 139.3562469482421875 141.1062469482421875 141.1875 141.443756103515625 141.0374908447265625 137.3562469482421875 133.8874969482421875 131.9187469482421875 130.368743896484375 131.2062530517578125 133.100006103515625 131.631256103515625 130.5749969482421875 129.3562469482421875 126.28125 122.38124847412109375 118.80625152587890625 115.6062469482421875 109.8625030517578125 102.63124847412109375 99.46875 96.6125030517578125 94.2624969482421875
100.125 91.71875 86.90000152587890625 83.5625 85.00624847412109375 91.34375 98.55625152587890625 105.72499847412109375 113.8000030517578125 120.40625 124.9812469482421875 127.3312530517578125 129.837493896484375 131.943756103515625 133.1374969482421875 134.6437530517578125 135.6437530517578125 136.5187530517578125 138.0625 140.681243896484375 144.4187469482421875 147.4250030517578125 149.3000030517578125 149.274993896484375 149.149993896484375 148.087493896484375 144.149993896484375 139.5749969482421875 135.993743896484375 135.3125 136.462493896484375 137.9875030517578125 136.4562530517578125 135.743743896484375 134.9375 130.8874969482421875 126.5812530517578125 122.65000152587890625 120.4812469482421875 112.8312530517578125 104.5187530517578125 100.2687530517578125 97.6437530517578125 95.99375152587890625
109.9375 101.13124847412109375 96.97499847412109375 94.6875 94.43125152587890625 99.3125 103.2937469482421875 105.41249847412109375 106.55625152587890625 111.1125030517578125 119.8874969482421875 126.3937530517578125 131.7937469482421875 135.412506103515625 138.1437530517578125 139.912506103515625 141.225006103515625 142.4812469482421875 144.46875 147.943756103515625 152.5187530517578125 155.8874969482421875 158.1062469482421875 158.006256103515625 157.212493896484375 154.90625 149.649993896484375 143.59375 139.037506103515625 137.399993896484375 138.962493896484375 141.09375 139.9875030517578125 139.4562530517578125 138.100006103515625 133.337493896484375 127.3249969482421875 122.13124847412109375 117.47499847412109375 110.03125 101.61875152587890625 96.9875030517578125 93.6999969482421875 91.53125
118.7624969482421875 110.93125152587890625 107.75 105.4812469482421875 104.77500152587890625 107.7312469482421875 109.6750030517578125 108.2312469482421875 104.1374969482421875 105.28749847412109375 116.50624847412109375 125.52500152587890625 132.9187469482421875 137.6125030517578125 141.625 144.8249969482421875 147.149993896484375 150.3249969482421875 154.118743896484375 157.625 162.0500030517578125 165.931243896484375 166.818756103515625 166.725006103515625 164.1374969482421875 159.9875030517578125 152.600006103515625 147.024993896484375 141.8625030517578125 138.90625 139.7624969482421875 141.037506103515625 139.0749969482421875 137.618743896484375 135.46875 130.90625 125.1062469482421875 118.40625 111.9250030517578125 104.4375 96.06874847412109375 90.66249847412109375 87.00624847412109375 83.3562469482421875
128.1999969482421875 121.02500152587890625 118.0500030517578125 116.56874847412109375 116.28749847412109375 118.5437469482421875 119.2624969482421875 116.7687530517578125 113.72499847412109375 114.75624847412109375 121.5187530517578125 128.412506103515625 135.631256103515625 140.993743896484375 146.0124969482421875 150.4375 153.84375 158.9562530517578125 164.318756103515625 170.21875 174.21875 177.1999969482421875 176.881256103515625 174.1687469482421875 168.78125 163.2937469482421875 156.0625 148.899993896484375 143.493743896484375 140.056243896484375 138.8000030517578125 139.193756103515625 136.8874969482421875 135.350006103515625 133.412506103515625 128.3625030517578125 121.6999969482421875 114.21875 107.13124847412109375 98.55625152587890625 89.86875152587890625 83.94374847412109375 78.8000030517578125 74.28125
137.9875030517578125 131.2750091552734375 128.4499969482421875 127.31874847412109375 127.4250030517578125 131.3249969482421875 132.25 128.59375 126.03749847412109375 126.7624969482421875 130.7687530517578125 135.431243896484375 140.318756103515625 145.7062530517578125 151.181243896484375 155.899993896484375 160.7624969482421875 167.4499969482421875 174.8125 182.681243896484375 188.899993896484375 190.318756103515625 187.806243896484375 180.3562469482421875 174.59375 169.1062469482421875 161.5124969482421875 153.8000030517578125 146.3874969482421875 142.1062469482421875 139.9562530517578125 139.006256103515625 136.3937530517578125 134.162506103515625 131.1062469482421875 125.0500030517578125 117.8562469482421875 109.24375152587890625 101.3874969482421875 92.34375 83.2375030517578125 76.96250152587890625 71.75 66.21250152587890625
146.03125 139.4499969482421875 136.993743896484375 136.5124969482421875 137.193756103515625 141.6750030517578125 143.8937530517578125 139.181243896484375 136.912506103515625 136.693756103515625 138.868743896484375 142.662506103515625 146.412506103515625 151.4812469482421875 157.6875 162.462493896484375 167.8312530517578125 175.03125 183.1437530517578125 192.975006103515625 202.3249969482421875 203.2687530517578125 198.537506103515625 188.3625030517578125 179.09375 170.78125 161.75 154.90625 148.506256103515625 144.212493896484375 140.287506103515625 138.0625 134.2312469482421875 131.2687530517578125 127.9375 121.1062469482421875 113.09375 104.59999847412109375 95.6374969482421875 86.25624847412109375 76.3249969482421875 69.90000152587890625 64.59375 59.581249237060546875
153.1374969482421875 147.087493896484375 144.8249969482421875 144.006256103515625 144.5749969482421875 147.9562530517578125 148.5500030517578125 146.3562469482421875 144.8625030517578125 145.537506103515625 147.256256103515625 149.912506103515625 153.6374969482421875 156.912506103515625 162.9250030517578125 168.837493896484375 173.84375 181.681243896484375 190.2375030517578125 199.556243896484375 211.25 213.149993896484375 207.274993896484375 195.787506103515625 179.681243896484375 169.100006103515625 163.868743896484375 157.056243896484375 151.306243896484375 146.0812530517578125 141.03125 136.587493896484375 132.4375 128.193756103515625 124.28125 117.4499969482421875 109.18125152587890625 101.08750152587890625 92.24375152587890625 81.1875 71.125 65.34999847412109375 59.6875 51.950000762939453125
159.0749969482421875 153.162506103515625 151.1437530517578125 150.1374969482421875 149.8312530517578125 152.1750030517578125 152.662506103515625 152.2687530517578125 152.337493896484375 152.6875 153.90625 156.25 159.3562469482421875 163.1062469482421875 167.34375 173.4499969482421875 178.1437530517578125 185.181243896484375 192.6125030517578125 200.693756103515625 210.774993896484375 213.899993896484375 212.1125030517578125 202.368743896484375 188.850006103515625 178.475006103515625 170.59375 162.162506103515625 154.7062530517578125 147.056243896484375 140.149993896484375 134.943756103515625 129.9562530517578125 125.3625030517578125 121.21875 114.69374847412109375 107.08750152587890625 99.86875152587890625 91.1875 80.7312469482421875 69.4250030517578125 61.56874847412109375 55.65625 50.049999237060546875
162.568756103515625 157.1062469482421875 154.6062469482421875 153.65625 153.212493896484375 155.0124969482421875 157.0187530517578125 157.693756103515625 157.7312469482421875 158.4875030517578125 159.8937530517578125 162.0187530517578125 164.8249969482421875 168.462493896484375 172.1062469482421875 177.78125 181.5812530517578125 186.5124969482421875 191.7937469482421875 199.068756103515625 208.3562469482421875 214.337493896484375 216.9812469482421875 212.65625 204.7375030517578125 194.681243896484375 182.131256103515625 169.618743896484375 158.59375 147.90625 138.8874969482421875 132.131256103515625 126.99375152587890625 123.3312530517578125 119.3000030517578125 112.7312469482421875 106.68125152587890625 102.25624847412109375 96.7312469482421875 86.4187469482421875 74.1750030517578125 65.22499847412109375 58.63124847412109375 52.768749237060546875
164.5124969482421875 158.9875030517578125 156.993743896484375 156.2937469482421875 155.868743896484375 158.34375 160.5500030517578125 161.5812530517578125 162.46875 163.756256103515625 164.443756103515625 165.568756103515625 168.318756103515625 172.149993896484375 176.4250030517578125 180.6374969482421875 182.274993896484375 185.6687469482421875 189.6687469482421875 195.274993896484375 203.7375030517578125 213.1062469482421875 221.5500030517578125 224.5625 220.25 209.506256103515625 194.3312530517578125 178.2937469482421875 163.2687530517578125 148.7687530517578125 137.5187530517578125 128.6687469482421875 122.9812469482421875 119.46250152587890625 114.9562530517578125 108.1687469482421875 105.625 103.2687530517578125 101.2312469482421875 93.08750152587890625 82.8249969482421875 72.71875 63.856250762939453125 56.02500152587890625
164.537506103515625 159.618743896484375 158.9499969482421875 159.100006103515625 158.943756103515625 161.71875 164.4499969482421875 166.0812530517578125 167.40625 167.8625030517578125 168.0437469482421875 168.6875 170.212493896484375 173.0187530517578125 176.3312530517578125 179.2249908447265625 178.7937469482421875 180.774993896484375 184.2624969482421875 189.681243896484375 198.149993896484375 209.587493896484375 223.556243896484375 233.662506103515625 235.0437469482421875 220.2687530517578125 203.3312530517578125 183.443756103515625 164.712493896484375 147.9375 135.712493896484375 127.3312530517578125 118.9562530517578125 112.40625 107.09999847412109375 104.1687469482421875 103.6750030517578125 107.8312530517578125 112.50624847412109375 103.31874847412109375 92.36875152587890625 80.5437469482421875 69.03125 60.200000762939453125
163.5812530517578125 159.524993896484375 160.162506103515625 161.068756103515625 161.837493896484375 165.8125 169.40625 171.412506103515625 172.537506103515625 173.006256103515625 172.943756103515625 171.943756103515625 171.681243896484375 171.9812469482421875 173.399993896484375 174.225006103515625 173.1687469482421875 173.6875 177.4499969482421875 181.993743896484375 190.1437530517578125 201.65625 216.4812469482421875 228.6062469482421875 232.256256103515625 221.837493896484375 207.7937469482421875 186.212493896484375 164.350006103515625 144.618743896484375 130.8312530517578125 121.93125152587890625 116.6999969482421875 112.65000152587890625 104.7624969482421875 95.3249969482421875 100.78749847412109375 108.1125030517578125 111 106.19374847412109375 96.16249847412109375 84.9812469482421875 73.71250152587890625 64.71875
161.125 158.9499969482421875 160.90625 163.118743896484375 165.381256103515625 169.96875 174.149993896484375 177.1374969482421875 179.1062469482421875 178.712493896484375 176.756256103515625 174.71875 172.1125030517578125 169.8937530517578125 169.7375030517578125 170.443756103515625 169.0749969482421875 168.1750030517578125 171.1999969482421875 174.537506103515625 181.587493896484375 195.125 205.399993896484375 216.225006103515625 220.4250030517578125 216.9812469482421875 203.931243896484375 184.506256103515625 164.337493896484375 142.431243896484375 125.68125152587890625 121.08124542236328125 122.28749847412109375 117.6999969482421875 110.61875152587890625 103.43125152587890625 104.77500152587890625 107.77500152587890625 108.7375030517578125 105.09999847412109375 97.38124847412109375 89.65625 78.5 69.53749847412109375
157.774993896484375 157.6374969482421875 160.774993896484375 164.3937530517578125 168.243743896484375 174.556243896484375 180.287506103515625 184.381256103515625 185.9562530517578125 185.5124969482421875 182.4562530517578125 178.006256103515625 173.243743896484375 168.649993896484375 167.287506103515625 167.162506103515625 164.7937469482421875 166.0124969482421875 168.631256103515625 173.006256103515625 177.225006103515625 185.881256103515625 199.056243896484375 207.818756103515625 211.0187530517578125 207.225006103515625 196.6500091552734375 183.100006103515625 164.006256103515625 144.1062469482421875 130.2312469482421875 129.4375 129.9250030517578125 129.993743896484375 127.88124847412109375 120.03125 114.9187469482421875 112.55625152587890625 109.7937469482421875 105.2687530517578125 99.375 92.6875 83.1125030517578125 74.25624847412109375
