data/historical-monthly-weather-data/wc2.1_cruts4.09_10m_prec_1958-09.asc
ncols        51
nrows        45
xllcorner    -63.500000000000
yllcorner    -7.500000000000
cellsize     0.166666666667
NODATA_value -9999
[rows 19 to 37 of 45, columns 0 to 42 of 51]
73.61875152587890625 71.58750152587890625 69.41249847412109375 67.96250152587890625 66.78749847412109375 66.71875 66.03749847412109375 65 65.5124969482421875 65.0500030517578125 63.606250762939453125 59.06874847412109375 53.83750152587890625 48.90000152587890625 44.793750762939453125 41.637500762939453125 38.075000762939453125 36.856250762939453125 35.081249237060546875 34.856250762939453125 33.674999237060546875 32.987499237060546875 33.96250152587890625 35.96875 37.5625 38.106250762939453125 38.893749237060546875 39.72499847412109375 38.700000762939453125 37.5 37.4375 42.24375152587890625 45.15625 48.90000152587890625 50.96250152587890625 48.47499847412109375 45.456249237060546875 42.981250762939453125 40.325000762939453125 36.518749237060546875 31.712499618530273438 26.9375 24.912500381469726562
68.1687469482421875 66.94374847412109375 65.6437530517578125 64.5124969482421875 63.44374847412109375 63.012500762939453125 62.825000762939453125 62.387500762939453125 63.43125152587890625 63.762500762939453125 62.581249237060546875 59.112499237060546875 54.362499237060546875 49.168750762939453125 45.418750762939453125 41.356250762939453125 37.84999847412109375 35.731250762939453125 35.143749237060546875 33.893749237060546875 34.018749237060546875 34.387500762939453125 34.924999237060546875 37.05625152587890625 39.450000762939453125 40.625 41.25624847412109375 41.299999237060546875 41.268749237060546875 42.78125 44.74375152587890625 49.28749847412109375 52.65000152587890625 57.174999237060546875 62.06874847412109375 57.049999237060546875 49.668750762939453125 44.66249847412109375 40.55625152587890625 36.72499847412109375 33.012500762939453125 29.512500762939453125 27.375
63.90000152587890625 62.03125 60.987499237060546875 60.168750762939453125 59.88124847412109375 60.174999237060546875 60.081249237060546875 60.393749237060546875 61.706249237060546875 62.43125152587890625 61.887500762939453125 59.36875152587890625 56.06874847412109375 51.80625152587890625 47.68125152587890625 42.97499847412109375 39.356250762939453125 37.03749847412109375 36.21875 35.012500762939453125 34.13124847412109375 34.46250152587890625 35.125 37.331249237060546875 39.518749237060546875 41.375 43.65625 44.356250762939453125 45.987499237060546875 48.47499847412109375 51.15625 54.90000152587890625 57.59999847412109375 60.90000152587890625 61.481250762939453125 57.456249237060546875 50.606250762939453125 45.637500762939453125 41.293750762939453125 37.93125152587890625 35.112499237060546875 32.612499237060546875 31.112499237060546875
60.21250152587890625 59.143749237060546875 57.71875 57.09375 56.78749847412109375 57.21250152587890625 57.762500762939453125 58.450000762939453125 60.52500152587890625 61.231250762939453125 61.99375152587890625 60.612499237060546875 59.16249847412109375 55.80625152587890625 50.375 45.268749237060546875 40.96875 38.799999237060546875 37.15625 35.887500762939453125 35.174999237060546875 35.38124847412109375 35.731250762939453125 37.49375152587890625 40.15625 42.31874847412109375 44.72499847412109375 47.356250762939453125 49.431247711181640625 52.081249237060546875 55.737499237060546875 59.956249237060546875 61.18125152587890625 61.706249237060546875 60.006252288818359375 54.762500762939453125 49.768749237060546875 45.375 41.918750762939453125 39.768749237060546875 38.18125152587890625 36.16249847412109375 34.75
57.918750762939453125 56.21250152587890625 55.174999237060546875 54.168750762939453125 53.41249847412109375 54.59999847412109375 55.606250762939453125 56.450000762939453125 58.52500152587890625 59.737499237060546875 60.59375 61.21875 61.88124847412109375 58.918750762939453125 52.862499237060546875 47.33750152587890625 43.00624847412109375 40.706249237060546875 39.00624847412109375 37.362499237060546875 36.69374847412109375 36.450000762939453125 37.08750152587890625 39.11875152587890625 41.55625152587890625 43.450000762939453125 45.94374847412109375 48.799999237060546875 52.325000762939453125 55.612499237060546875 59.293750762939453125 63.549999237060546875 63.5625 62.75 60.581249237060546875 54.84999847412109375 50.6875 47.56874847412109375 44.63124847412109375 43.28125 41.71875 39.918750762939453125 38.8125
56.46250152587890625 54.43125152587890625 52.86875152587890625 51.512500762939453125 52.03125 52.96875 53.83750152587890625 54.856250762939453125 56.65625 58.31874847412109375 59.68125152587890625 60.18125152587890625 60.625 59.06874847412109375 54.11875152587890625 48.887500762939453125 44.793750762939453125 42.24375152587890625 40.31874847412109375 38.91249847412109375 38.393749237060546875 37.987499237060546875 38.924999237060546875 41.168750762939453125 42.97499847412109375 45.55625152587890625 48.24375152587890625 51.46875 55.15625 59.00624847412109375 62.637500762939453125 66.34375 66.69374847412109375 65.34375 62.49375152587890625 57.58750152587890625 54.456249237060546875 51.65000152587890625 48.793750762939453125 47.081249237060546875 45.47499847412109375 44.137500762939453125 43.13124847412109375
56.106250762939453125 54.68125152587890625 52.200000762939453125 51.13124847412109375 50.50624847412109375 51.27500152587890625 52.41249847412109375 53.36875152587890625 55.02500152587890625 56.86875152587890625 57.75624847412109375 58.768749237060546875 59.36875152587890625 58.41249847412109375 54.5 50.03749847412109375 46.03125 43.8125 41.83750152587890625 40.325000762939453125 39.856250762939453125 39.456249237060546875 40.518749237060546875 43.03125 45.174999237060546875 47.456249237060546875 51.043750762939453125 55.106250762939453125 58.68125152587890625 62.706249237060546875 66.3937530517578125 70.3562469482421875 69.4375 67.8000030517578125 65.78749847412109375 62.86875152587890625 59.44374847412109375 56.69374847412109375 54.487499237060546875 52.206249237060546875 50.75624847412109375 49.024997711181640625 47.825000762939453125
56.0625 53.893749237060546875 51.91249847412109375 50.918750762939453125 49.97499847412109375 50.793750762939453125 51.618747711181640625 52.262500762939453125 53.387500762939453125 55.206249237060546875 56.831249237060546875 58.34999847412109375 59.21875 59.11875152587890625 55.78125 51.799999237060546875 48.549999237060546875 45.99375152587890625 44.043750762939453125 42.49375152587890625 42.21250152587890625 41.84375 42.65625 46.081249237060546875 48.27500152587890625 50.93125152587890625 54.84375 58.575000762939453125 62.5 66.28749847412109375 69.8625030517578125 72.9499969482421875 73.27500152587890625 71.9812469482421875 69.80625152587890625 67.7937469482421875 65.5187530517578125 62.893749237060546875 60.61875152587890625 58.487499237060546875 56.331249237060546875 54.512500762939453125 53.200000762939453125
55.81874847412109375 53.52500152587890625 52.00624847412109375 50.53125 49.887500762939453125 50.3125 51.0625 51.68125152587890625 52.59375 54.46250152587890625 56.012500762939453125 57.88124847412109375 59.356250762939453125 60.375 57.299999237060546875 53.72499847412109375 50.53749847412109375 48.15625 46.200000762939453125 44.9375 44.58750152587890625 44.46250152587890625 45.293750762939453125 48.63124847412109375 51.78749847412109375 54.518749237060546875 58.481250762939453125 62.518749237060546875 66.61875152587890625 70.69374847412109375 73.5500030517578125 76.5437469482421875 77.34999847412109375 76.1750030517578125 74.74375152587890625 73.0812530517578125 72.2937469482421875 70.71250152587890625 68.34375 65.8937530517578125 63.53125 61.325000762939453125 58.168750762939453125
55.9375 53.34375 51.53749847412109375 50.09999847412109375 49.325000762939453125 49.518749237060546875 50.043750762939453125 50.831249237060546875 52.043750762939453125 53.625 55.11875152587890625 57.22499847412109375 59.887500762939453125 61.05625152587890625 58.33750152587890625 56 53.84375 50.40000152587890625 48.34375 47.174999237060546875 47.143749237060546875 47.38124847412109375 48.424999237060546875 52.043750762939453125 54.91249847412109375 58.293750762939453125 62.456249237060546875 67.11875152587890625 72.1062469482421875 75.1062469482421875 77.33750152587890625 80.00624847412109375 80.4187469482421875 80.2312469482421875 80.46250152587890625 79.22499847412109375 79.65625 79.4187469482421875 77.4562530517578125 74.6687469482421875 70.25 66.2624969482421875 63.59999847412109375
57.375 54.65000152587890625 52.174999237060546875 50.52500152587890625 49.512500762939453125 49.825000762939453125 50.393749237060546875 51.09999847412109375 52.34375 53.74375152587890625 55.237499237060546875 57.99375152587890625 60.71250152587890625 62.43125152587890625 61.09375 58.862499237060546875 56.65000152587890625 54.112499237060546875 51.606250762939453125 50.31874847412109375 50.66249847412109375 51.362499237060546875 52.143749237060546875 55.47499847412109375 59.21250152587890625 63.356250762939453125 67.34999847412109375 71.6125030517578125 75.75624847412109375 79.0749969482421875 82.1437530517578125 84.9250030517578125 85.2687530517578125 85.50624847412109375 86.5749969482421875 86.72499847412109375 88.1750030517578125 89.96250152587890625 86.8125 85.72499847412109375 82.5437469482421875 77.5 73.1437530517578125
57.950000762939453125 55.299999237060546875 53.40000152587890625 51.21875 50.262500762939453125 50.6875 50.799999237060546875 51.36875152587890625 52.831249237060546875 54.481250762939453125 55.99375152587890625 58.762500762939453125 62.72499847412109375 64.55625152587890625 63.5 61.84999847412109375 60.83750152587890625 58.44374847412109375 55.84375 54.84999847412109375 55.143749237060546875 56.15000152587890625 57.21250152587890625 60.356250762939453125 63.9250030517578125 68.2687530517578125 72.2312469482421875 76.30625152587890625 80.40000152587890625 82.49375152587890625 86.1374969482421875 89.28125 89.90625 92.05625152587890625 93.8125 93.81874847412109375 96.36875152587890625 99.77500152587890625 99.00624847412109375 98.09375 94.9499969482421875 88.9875030517578125 83.69374847412109375
59.18125152587890625 55.875 53.78125 52.09999847412109375 51.606250762939453125 51.5625 51.75 52.299999237060546875 53.97499847412109375 55.5 57.33750152587890625 60.16249847412109375 63.21250152587890625 66.2375030517578125 66.6062469482421875 66.76250457763671875 65.84375 63.68125152587890625 61.793750762939453125 61.193752288818359375 61.6875 61.543750762939453125 62.625 65.4187469482421875 69.98125457763671875 73.11875152587890625 76.5812530517578125 81.41249847412109375 85.33750152587890625 87.56874847412109375 90.8937530517578125 93.09999847412109375 94.75 97.25624847412109375 99.41249847412109375 100.3312530517578125 103.4875030517578125 106.61875152587890625 106.9562530517578125 107.0625 105.71250152587890625 99.71250152587890625 94.59375
60.74375152587890625 57.981250762939453125 55.72499847412109375 54.27500152587890625 53.66249847412109375 53.793750762939453125 54.25624847412109375 54.46250152587890625 56.05625152587890625 57.38124847412109375 60.706249237060546875 63.043750762939453125 66.4499969482421875 70.875 72 73.4187469482421875 73.71250152587890625 72.7624969482421875 70.97499847412109375 70.31874847412109375 70.01874542236328125 69.53749847412109375 69.2937469482421875 71.875 75.71875 78.1875 81.59375 86.0625 90.0187530517578125 93.4562530517578125 96.03125 98.5749969482421875 99.9562530517578125 102.75624847412109375 105.9875030517578125 107.3125 109.90625 111.7687530517578125 112.93125152587890625 115.02500152587890625 114.90000152587890625 110.3249969482421875 106.4812469482421875
61.86875152587890625 59.80625152587890625 58.237499237060546875 56.86875152587890625 55.96250152587890625 56.15000152587890625 56.8125 57.16249847412109375 58.34375 60.25 62.71250152587890625 66.8625030517578125 70.53125 73.96250152587890625 77.0500030517578125 79.6687469482421875 82.4187469482421875 82.1999969482421875 81.30625152587890625 80.625 79.78125 78.1999969482421875 77.1125030517578125 78.44374847412109375 80.78749847412109375 82.7375030517578125 86.0437469482421875 90.3625030517578125 93.9812469482421875 97.3562469482421875 100.6687469482421875 103.63124847412109375 105.6125030517578125 108.25 111.7687530517578125 115.27500152587890625 116.58750152587890625 118.09999847412109375 120.25 121.75624847412109375 122.2375030517578125 120.8562469482421875 119.2312469482421875
63.637500762939453125 61.86875152587890625 60.65000152587890625 59.825000762939453125 59.09999847412109375 58.950000762939453125 59.799999237060546875 60.22499847412109375 60.950000762939453125 62.94374847412109375 66.15000152587890625 71.1062469482421875 75.1687469482421875 79.1999969482421875 83.3312530517578125 87.68125152587890625 91.40000152587890625 91.34999847412109375 92.24375152587890625 91.4499969482421875 90.47499847412109375 87.99375152587890625 85.05625152587890625 85.03749847412109375 85.4499969482421875 87.4875030517578125 91.0749969482421875 94.61875152587890625 98.05625152587890625 101.15000152587890625 104.4562530517578125 107.0625 109.78125 113.0500030517578125 116.1687469482421875 118.5187530517578125 121.1687469482421875 124.90625 126.53749847412109375 129.03125 128.381256103515625 127.15625 128.1374969482421875
66.52500152587890625 64.59375 63.83750152587890625 63.21875 62.637500762939453125 62.90625 63.09999847412109375 64.1374969482421875 65.24375152587890625 66.98125457763671875 70.58750152587890625 75.6125030517578125 81.03125 86.1437530517578125 90.86875152587890625 96.13124847412109375 100.34999847412109375 101.5749969482421875 102.83750152587890625 103.53125 100.875 97.4562530517578125 92.84375 91.1437530517578125 90.9812469482421875 91.8125 94.34999847412109375 97.78125 101.08750152587890625 103.7624969482421875 107.24375152587890625 110.3562469482421875 112.5124969482421875 115.9562530517578125 119.03749847412109375 120.5625 124.99375152587890625 127.81874847412109375 129.4812469482421875 131.3937530517578125 132.7687530517578125 131.756256103515625 131.5749969482421875
69.4562530517578125 67.81874847412109375 67.02500152587890625 66.28125 66.4375 66.8249969482421875 67.47499847412109375 68.3562469482421875 69.9375 71.13124847412109375 75.6999969482421875 83.5500030517578125 89.46875 94.61875152587890625 100.08750152587890625 105.0625 110.0812530517578125 110.625 111.2624969482421875 111.5187530517578125 109.61875152587890625 104.2312469482421875 99.22499847412109375 96.22499847412109375 95.125 95.4187469482421875 97.06874847412109375 99.61875152587890625 102.66249847412109375 105.8125 109.0437469482421875 112.49375152587890625 115.63124847412109375 119.2062530517578125 122.36875152587890625 124.74375152587890625 128.118743896484375 131.568756103515625 132.274993896484375 133.225006103515625 134.3249969482421875 133.4499969482421875 134.625
71.61875152587890625 70.5500030517578125 70.09999847412109375 69.33750152587890625 69.8562469482421875 70.93125152587890625 72.05625152587890625 73.6062469482421875 75.9375 77.50624847412109375 87.06874847412109375 94.84375 99.55625152587890625 103.9812469482421875 109.2312469482421875 114.65000152587890625 117.8562469482421875 118.34999847412109375 117.28125 115.84375 114.18125152587890625 108.96875 104.1062469482421875 100.33750152587890625 98.1437530517578125 97.3625030517578125 99.3000030517578125 101.78749847412109375 104.5124969482421875 107.7624969482421875 109.40000152587890625 112.58750152587890625 116.19374847412109375 121.4375 125.3625030517578125 125.70000457763671875 128.7624969482421875 131.712493896484375 134.587493896484375 136.2624969482421875 135.412506103515625 137.337493896484375 136.3312530517578125
