data/historical-monthly-weather-data/wc2.1_cruts4.09_10m_prec_2007-10.asc
ncols        45
nrows        45
xllcorner    -63.500000000000
yllcorner    -7.500000000000
cellsize     0.166666666667
NODATA_value -9999
[rows 19 to 37 of 45, columns 0 to 43 of 45]
131.024993896484375 127.72499847412109375 124.50624847412109375 121.08750152587890625 117.5749969482421875 115.2937469482421875 112.46250152587890625 108.9499969482421875 106.1062469482421875 102.6062469482421875 97.4250030517578125 89.4875030517578125 81.58750152587890625 74.27500152587890625 68.78749847412109375 64.06874847412109375 59.02500152587890625 56.83750152587890625 55.43125152587890625 55.58750152587890625 61.543750762939453125 70.1687469482421875 80.7687530517578125 89.65625 96.41249847412109375 99.9499969482421875 100.0437469482421875 98.1062469482421875 92.2624969482421875 84.625 79.75 82.5749969482421875 86.00624847412109375 89.24375152587890625 91.4499969482421875 92.02500152587890625 95 100.4562530517578125 106.47499847412109375 111.02500152587890625 113.7624969482421875 112.96250152587890625 107.6437530517578125 102.2312469482421875
127.00624847412109375 125.61875152587890625 124.0812530517578125 121.7937469482421875 119.03749847412109375 117.03125 114.90625 111.8125 109.0812530517578125 104.90625 99.41249847412109375 91.21250152587890625 83.2312469482421875 75.4499969482421875 69.65625 64.4250030517578125 59.46250152587890625 56.725002288818359375 55.68125152587890625 55.331249237060546875 61.356250762939453125 69.21250152587890625 77.3562469482421875 84.6125030517578125 91.1750030517578125 95.6437530517578125 96.83750152587890625 94.63124847412109375 91.7312469482421875 89.19374847412109375 87.96875 89.96875 92.99375152587890625 97.28125 102.3125 102.4499969482421875 102.03125 104.3937530517578125 108.02500152587890625 111.74375152587890625 114.4375 113.88124847412109375 110.44374847412109375 106.71875
123.3937530517578125 124.09375 123.71875 122.28125 120.40000152587890625 119.22499847412109375 117.4875030517578125 115.09375 112.9562530517578125 108.2687530517578125 101.83750152587890625 93.5124969482421875 85.6374969482421875 78.66249847412109375 72.34999847412109375 66.93125152587890625 62.237499237060546875 59.237499237060546875 57.3125 56.575000762939453125 60.90625 67.1750030517578125 74.1750030517578125 80.34999847412109375 85.68125152587890625 90.0437469482421875 92.9499969482421875 93.4812469482421875 93.71875 93.78125 94.3000030517578125 96.4499969482421875 99.02500152587890625 102.78749847412109375 105.6437530517578125 107.0749969482421875 106.6999969482421875 107.1374969482421875 109.55625152587890625 112.96250152587890625 115.4499969482421875 115.1999969482421875 113.5187530517578125 110.5749969482421875
121.78125 124.65000152587890625 125.19374847412109375 124.19374847412109375 122.0124969482421875 121.1062469482421875 119.9875030517578125 118.6437530517578125 117.80625152587890625 111.94374847412109375 104.59375 95.90000152587890625 88.6999969482421875 82.58750152587890625 75.9562530517578125 70.0812530517578125 65.1062469482421875 61.99375152587890625 59.38124847412109375 57.78125 61.393749237060546875 65.9562530517578125 71.1062469482421875 76.59999847412109375 81.3249969482421875 84.69374847412109375 88.78749847412109375 92.3562469482421875 94.30625152587890625 96.40000152587890625 99.1999969482421875 102.4875030517578125 104.34999847412109375 106.99375152587890625 108.81874847412109375 109.9812469482421875 109.83750152587890625 109.2062530517578125 111.25624847412109375 115.7624969482421875 119.0187530517578125 119.2062530517578125 118.0187530517578125 115.36875152587890625
123.03749847412109375 127.66249847412109375 129.3125 127.24375152587890625 124.3874969482421875 123.3625030517578125 122.02500152587890625 120.98125457763671875 119.68125152587890625 114.03749847412109375 106.36875152587890625 98.69374847412109375 92.19374847412109375 86.4812469482421875 79.9562530517578125 73.78749847412109375 68.6125030517578125 64.81874847412109375 61.40625 58.97499847412109375 61.69374847412109375 65.4375 68.9875030517578125 73.6374969482421875 77.625 80.1687469482421875 83.75624847412109375 89.22499847412109375 94.28125 98.42499542236328125 102.6062469482421875 106.6750030517578125 108.625 110.38124847412109375 111.9375 113.93125152587890625 114.3562469482421875 113.69374847412109375 116.36875152587890625 120.4562530517578125 123.875 124.33750152587890625 123.0812530517578125 120.2375030517578125
128.568756103515625 133.03125 134.6437530517578125 130.78125 126.86875152587890625 125.27500152587890625 123.36875152587890625 121.1875 118.9812469482421875 114.5124969482421875 108.4812469482421875 101.96875 96.3874969482421875 91.15625 84.3937530517578125 78.125 72.46250152587890625 67.9812469482421875 63.77500152587890625 60.59375 62.293750762939453125 64.50624847412109375 67.3249969482421875 71.3625030517578125 75.2062530517578125 78.86875152587890625 83.1750030517578125 88.8937530517578125 94.75624847412109375 99.88124847412109375 104.80625152587890625 108.91249847412109375 111.5437469482421875 113.05625152587890625 114.7624969482421875 116.69374847412109375 118.5812530517578125 120.15000152587890625 122.99375152587890625 127.4250030517578125 130.931243896484375 131.100006103515625 129.625 127.6687469482421875
135.681243896484375 138.649993896484375 137 133.4812469482421875 128.743743896484375 126.4875030517578125 124.09375 121.34375 119.0749969482421875 115.6125030517578125 109.88124847412109375 105.0187530517578125 100.3000030517578125 95.69374847412109375 89.1750030517578125 82.6437530517578125 76.79999542236328125 71.4499969482421875 66.5625 62.58750152587890625 63.231250762939453125 64.30625152587890625 66.0812530517578125 69.99375152587890625 74.0625 78.21875 83.63124847412109375 89.4375 95.53125 101.2624969482421875 105.93125152587890625 111.18125152587890625 114.15625 115.5625 117.7062530517578125 120.21250152587890625 122.8937530517578125 126.03125 130.03125 134.881256103515625 138.931243896484375 139.3000030517578125 137.6374969482421875 135.962493896484375
143.006256103515625 142.350006103515625 139.693756103515625 135.725006103515625 131.024993896484375 128.774993896484375 125.9250030517578125 122.84999847412109375 119.99375152587890625 116.16249847412109375 112.1687469482421875 108.53749847412109375 104.9812469482421875 101.16249847412109375 94.5124969482421875 88.09375 81.68125152587890625 76.13124847412109375 70.6374969482421875 65.9812469482421875 65.52500152587890625 65.36875152587890625 65.93125152587890625 70.2312469482421875 74.1875 78.5124969482421875 84.30625152587890625 90.5812530517578125 97.15000152587890625 102.83750152587890625 108.4562530517578125 113.1374969482421875 116.2687530517578125 118.0500030517578125 119.7937469482421875 123.2312469482421875 126.9875030517578125 131.037506103515625 136.46875 142.975006103515625 148.1062469482421875 149.3562469482421875 148.4562530517578125 146.8125
149.712493896484375 146.7624969482421875 143.037506103515625 138.78125 133.962493896484375 131.212493896484375 128.3625030517578125 124.63124847412109375 121.4562530517578125 118.08750152587890625 114.2624969482421875 111.7312469482421875 109.6374969482421875 106.3625030517578125 100.03125 93.5437469482421875 87.3000030517578125 80.9187469482421875 75.09375 70.15000152587890625 68.1999969482421875 66.69374847412109375 66.44374847412109375 70.25 74.27500152587890625 78.8249969482421875 85.3625030517578125 92.2687530517578125 98.6374969482421875 104.38124847412109375 109.7312469482421875 114.875 117.9375 119.66249847412109375 122.1875 125.9375 130.0625 135.8125 142.2312469482421875 150.5500030517578125 158.756256103515625 160.131256103515625 158.2624969482421875 158.056243896484375
156.3000030517578125 151.8125 146.7062530517578125 142.25 137.3375091552734375 133.600006103515625 129.899993896484375 126.1750030517578125 123.125 120.28749847412109375 117.2062530517578125 115.59999847412109375 114.22499847412109375 111.6875 105.8249969482421875 99.3562469482421875 93.24375152587890625 86.47499847412109375 80.06874847412109375 74.53125 71.21875 68.53749847412109375 67.0749969482421875 70.5625 74.5500030517578125 79.3000030517578125 86.28749847412109375 93.55625152587890625 100.9187469482421875 106.3625030517578125 111.21250152587890625 116.28125 119.2312469482421875 121.0625 123.65000152587890625 128.1999969482421875 133.0187530517578125 138.837493896484375 145.600006103515625 154.6374969482421875 164.6374969482421875 166.212493896484375 164.875 167.256256103515625
161.912506103515625 156.875 151.2062530517578125 145.556243896484375 140.7062530517578125 136 132.1437530517578125 128.6374969482421875 126.25 123.3249969482421875 121.06874847412109375 119.7062530517578125 119.1750030517578125 117.34999847412109375 111.9875030517578125 106.49375152587890625 100.3937530517578125 93.8874969482421875 87.0812530517578125 80.6687469482421875 76.6875 73.13124847412109375 70.6062469482421875 73.4187469482421875 77.2375030517578125 82.0749969482421875 89.1125030517578125 96.4187469482421875 103.38124847412109375 108.4375 113.2687530517578125 117.875 120.5437469482421875 122.81874847412109375 125.2312469482421875 129.8249969482421875 134.625 140.78125 145.71875 152.8625030517578125 161.5 165.9875030517578125 167.1125030517578125 171.587493896484375
166.8937530517578125 161.3249969482421875 155.5812530517578125 148.8874969482421875 143.9499969482421875 139.8125 135.493743896484375 131.7687530517578125 129.2687530517578125 126.58750152587890625 125.00624847412109375 124.52500152587890625 124.83750152587890625 123.625 118.63124847412109375 113.83750152587890625 108.75 101.7062530517578125 94.50624847412109375 87.875 82.71875 78.24375152587890625 74.875 77.125 80.5500030517578125 84.78749847412109375 91.8562469482421875 99.21250152587890625 106.03749847412109375 110.5625 115.21875 119.4187469482421875 121.94374847412109375 124.41249847412109375 126.9499969482421875 130.96875 135.975006103515625 142.0500030517578125 145.46875 147.8312530517578125 155.75 162.7312469482421875 167.40625 171.381256103515625
170.4499969482421875 164.7312469482421875 158.2375030517578125 152.5812530517578125 148.6875 143.2375030517578125 138.5625 134.78125 132.431243896484375 130.2687530517578125 128.868743896484375 129.306243896484375 129.743743896484375 129.475006103515625 126.0187530517578125 121.97499847412109375 116.94374847412109375 109.28125 102.3874969482421875 95.40000152587890625 89.34375 83.8937530517578125 79.7687530517578125 81.2937469482421875 84.3125 87.93125152587890625 94.8937530517578125 102.3000030517578125 108.9250030517578125 113.21250152587890625 117.2624969482421875 120.6437530517578125 123.1750030517578125 125.9250030517578125 128.0187530517578125 132.1750030517578125 137.225006103515625 142.8312530517578125 144.631256103515625 147.318756103515625 155.100006103515625 162.28125 166.8625030517578125 171.5437469482421875
172.96875 167.1750030517578125 161.193756103515625 156.53125 152.21875 147.0437469482421875 142.3125 138.3937530517578125 135.9875030517578125 134.3125 135.1187591552734375 135.493743896484375 136.96875 137.899993896484375 134.975006103515625 131.1875 126.1875 118.6437530517578125 111.3312530517578125 104.25 98.03749847412109375 92.4375 87.94374847412109375 89.1374969482421875 91.41249847412109375 94.34999847412109375 100.78125 107.4562530517578125 113.59375 117.53125 120.61875152587890625 123.34375 124.5437469482421875 127.08124542236328125 129.9187469482421875 134.6999969482421875 139.0187530517578125 143.006256103515625 144.8937530517578125 149.681243896484375 156.412506103515625 161.65625 165.9499969482421875 169.75
173.9812469482421875 168.96875 164.243743896484375 160.243743896484375 155.412506103515625 150.6750030517578125 146.0749969482421875 142.3000030517578125 139.256256103515625 138.0374908447265625 138.506256103515625 141.5500030517578125 145.1999969482421875 145.71875 143.9812469482421875 140.5812530517578125 136.1062469482421875 128.681243896484375 120.60625457763671875 113.74375152587890625 107.40000152587890625 101.65625 97.0749969482421875 97.24375152587890625 99.0625 101.375 106.8562469482421875 112.90000152587890625 118.6437530517578125 121.6125030517578125 124.1437530517578125 126.3562469482421875 127.69374847412109375 129.024993896484375 132.0500030517578125 136.3000030517578125 139.90625 143.3312530517578125 145.881256103515625 150.5 154.975006103515625 159.1750030517578125 163.7312469482421875 167.443756103515625
174.8125 170.8562469482421875 166.193756103515625 162.8249969482421875 158.3625030517578125 153.8249969482421875 149.25 145.78125 141.7624969482421875 140.5500030517578125 142.243743896484375 147.0749969482421875 152.6687469482421875 155.318756103515625 152.8625030517578125 149.975006103515625 146.125 138.5500030517578125 130.5 123.00624847412109375 116.9187469482421875 110.9375 106.25624847412109375 105.63124847412109375 106.75 108.4499969482421875 113.4875030517578125 119.25624847412109375 124.3562469482421875 126.1750030517578125 127.53125 129.256256103515625 130.225006103515625 131.756256103515625 133.6750030517578125 136.625 139.59375 143.743743896484375 145.9875030517578125 148.9875030517578125 152.274993896484375 154.9187469482421875 158.7937469482421875 161.756256103515625
174.9562530517578125 171.306243896484375 167.7375030517578125 163.8562469482421875 159.868743896484375 155.90625 151.1750030517578125 147.287506103515625 143.131256103515625 141.4499969482421875 144.7687530517578125 151.337493896484375 158.96875 162.4812469482421875 161.243743896484375 158.6875 154.931243896484375 147.9562530517578125 140.2937469482421875 132.8000030517578125 127.08750152587890625 121.5812530517578125 116.3312530517578125 115.61875152587890625 116.33750152587890625 117.4499969482421875 121.65000152587890625 126.7312469482421875 131.087493896484375 132.2687530517578125 132.5437469482421875 133.225006103515625 133.5437469482421875 134.9187469482421875 135.5 136.743743896484375 140.1999969482421875 142.662506103515625 144.193756103515625 146.09375 148.7375030517578125 150.8000030517578125 152.056243896484375 154.556243896484375
175.0812530517578125 171.899993896484375 168.681243896484375 165.2687530517578125 161.649993896484375 157.649993896484375 153.024993896484375 148.8625030517578125 144.149993896484375 140.65625 146.1374969482421875 157.431243896484375 164.5812530517578125 167.649993896484375 168.0812530517578125 166.787506103515625 163.375 157.037506103515625 149.4562530517578125 142.1125030517578125 136.600006103515625 131.2062530517578125 126.59375 125.4875030517578125 125.71250152587890625 126.71250152587890625 130.0749969482421875 134.475006103515625 138.5 138.587493896484375 138.118743896484375 137.212493896484375 137.7062530517578125 138.3625030517578125 137.40625 138.5 140.149993896484375 141.912506103515625 142.3562469482421875 142.850006103515625 144.149993896484375 144.2312469482421875 145.2937469482421875 147.287506103515625
175.274993896484375 172.6374969482421875 169.59375 166.6374969482421875 163.6374969482421875 159.943756103515625 156.681243896484375 152.8625030517578125 148.850006103515625 144.1687469482421875 155.024993896484375 166.962493896484375 171.9187469482421875 174.625 175.2062530517578125 174.412506103515625 171.3125 165.2937469482421875 158.40625 151.100006103515625 145.587493896484375 139.881256103515625 135.431243896484375 134.0500030517578125 134.5812530517578125 135.4875030517578125 137.9562530517578125 141.7375030517578125 145.087493896484375 144.65625 142.6875 141.4875030517578125 141.53125 141.149993896484375 140.2312469482421875 139.4812469482421875 140.3625030517578125 140.350006103515625 140.6437530517578125 140.5749969482421875 139.4250030517578125 139.4187469482421875 138.837493896484375 139.274993896484375
