data/historical-monthly-weather-data/wc2.1_cruts4.09_10m_prec_1951-01.asc
ncols        51
nrows        45
xllcorner    -63.500000000000
yllcorner    -7.500000000000
cellsize     0.166666666667
NODATA_value -9999
[rows 0 to 19 of 45, columns 0 to 44 of 51]
87.19374847412109375 81.77500152587890625 79.65625 79.46875 78.7937469482421875 82.04375457763671875 84.5625 85.65625 87.11875152587890625 89.6999969482421875 93.1125030517578125 96.1374969482421875 98.3125 97.8562469482421875 98.28125 99.94374847412109375 101.69374847412109375 101.3000030517578125 105.4812469482421875 109.71250152587890625 114.72499847412109375 121.15625 127.63124847412109375 132.5625 139.006256103515625 144.4375 148.556243896484375 153.412506103515625 158.5500030517578125 160.3625030517578125 162.1687469482421875 164.03125 165.087493896484375 167.625 169.1500091552734375 173.368743896484375 175.681243896484375 177.125 180.25 183.181243896484375 185.3937530517578125 187.975006103515625 189.6062469482421875 191.6750030517578125 194.4250030517578125
91.8562469482421875 84.8312530517578125 82.22499847412109375 80.66249847412109375 80 83.25 85.90000152587890625 88.52500152587890625 91.8125 95.2312469482421875 97.9875030517578125 99.89374542236328125 100.91249847412109375 101.9187469482421875 102.33750152587890625 103.11875152587890625 103.9250030517578125 105 108.49375152587890625 113.59375 119.56874847412109375 125.875 132.850006103515625 139.1437530517578125 144.5 149.6374969482421875 154.6374969482421875 159.53125 163.9875030517578125 166.1875 167.131256103515625 167.725006103515625 168.943756103515625 172.7937469482421875 174.3249969482421875 176.725006103515625 181.03125 182.7062530517578125 184.9250030517578125 187.306243896484375 189.881256103515625 192.037506103515625 192.337493896484375 193.78125 195.6125030517578125
100.66249847412109375 93.9499969482421875 90.91249847412109375 89.06874847412109375 88.2624969482421875 90.7375030517578125 93.375 96.3625030517578125 99.7937469482421875 103.0625 105.3125 106.3625030517578125 107.1374969482421875 107.15000152587890625 107.2062530517578125 106.91249847412109375 107.5 108.9187469482421875 112.00624847412109375 118.03749847412109375 124.8000030517578125 132.556243896484375 139.84375 145.4562530517578125 150.625 155.475006103515625 160.818756103515625 165.96875 169.59375 170.9375 173.0187530517578125 174.506256103515625 177.1437530517578125 178.068756103515625 181.087493896484375 183.46875 187.1875 190.0187530517578125 192.0625 193.537506103515625 196.375 197.524993896484375 197.8000030517578125 198.243743896484375 197.993743896484375
109.78749847412109375 103.69374847412109375 101.77500152587890625 99.875 99.40000152587890625 99.36875152587890625 101.6999969482421875 104.96250152587890625 109.06874847412109375 112.6750030517578125 113.4250030517578125 113.2375030517578125 112.9250030517578125 112.25624847412109375 112.19374847412109375 111.59999847412109375 111.09999847412109375 111.5187530517578125 115.3625030517578125 123.18125152587890625 132 140.243743896484375 146.037506103515625 152.087493896484375 157.5 162.4875030517578125 168.2937469482421875 171.899993896484375 175.53125 177.46875 179.399993896484375 182.4499969482421875 184.46875 185.600006103515625 187.0625 191.03125 193.8562469482421875 197.037506103515625 199.5124969482421875 201.8625030517578125 202.7687530517578125 204.256256103515625 204.0812530517578125 202.931243896484375 201.8874969482421875
123.34999847412109375 116.0437469482421875 112.75624847412109375 111.2312469482421875 110.2624969482421875 110.1062469482421875 110.5437469482421875 113.43125152587890625 118.49375152587890625 122.5187530517578125 121.4250030517578125 120.15000152587890625 119.69374847412109375 119.05625152587890625 118.71250152587890625 117.65625 116.25624847412109375 114.75 120.2312469482421875 130.2624969482421875 140.506256103515625 148.274993896484375 154.1750030517578125 159.4812469482421875 164.4250030517578125 170.4562530517578125 173.9499969482421875 177.6125030517578125 183.381256103515625 185.1999969482421875 187.318756103515625 187.9250030517578125 191.1875 193.75 195.5187530517578125 199.118743896484375 203.162506103515625 204.71875 207.243743896484375 209.0187530517578125 211.4562530517578125 211.2937469482421875 210.9749908447265625 208.5625 206.318756103515625
136.149993896484375 130.0187530517578125 126.58750152587890625 123.9875030517578125 122.65625 122.3125 122.83750152587890625 124.58750152587890625 129.193756103515625 133.4187469482421875 131.506256103515625 130.756256103515625 130.1999969482421875 129.931243896484375 129.125 129.506256103515625 127.8125 125.83750152587890625 132.71875 142.774993896484375 151.631256103515625 158.2312469482421875 164.587493896484375 168.631256103515625 173.693756103515625 179.1999969482421875 183.125 186.4562530517578125 191.443756103515625 194.3874969482421875 195.837493896484375 197.0124969482421875 198.6437530517578125 201.931243896484375 206.381256103515625 209.84375 213.5749969482421875 216.243743896484375 218.8000030517578125 221.381256103515625 221.5187530517578125 221.4187469482421875 219.71875 216.9875030517578125 214.0187530517578125
149.7312469482421875 144.5 141.375 137.568756103515625 134.774993896484375 132.8000030517578125 132.537506103515625 133.1062469482421875 135.3937530517578125 136.9250030517578125 138.4187469482421875 139.868743896484375 141.618743896484375 142.5062408447265625 142.9875030517578125 144.462493896484375 146 149.006256103515625 155.2125091552734375 160.75 164.193756103515625 169.368743896484375 173.0500030517578125 177.162506103515625 182.787506103515625 187.4875030517578125 191.3874969482421875 195.243743896484375 198.975006103515625 201.6437530517578125 204.818756103515625 206.4499969482421875 208.006256103515625 210.649993896484375 214.5374908447265625 219.96875 224.118743896484375 228.0187530517578125 232.3874969482421875 233.068756103515625 231.899993896484375 230.868743896484375 228.662506103515625 225.618743896484375 221.725006103515625
164.868743896484375 158.40625 154.868743896484375 151.4499969482421875 147.9375 145.5812530517578125 142.9375 139.087493896484375 137.4562530517578125 140.256256103515625 145.28125 149.8312530517578125 153.881256103515625 155.493743896484375 157.787506103515625 160.631256103515625 164.912506103515625 171.0812530517578125 179.2375030517578125 179.1125030517578125 177.225006103515625 179.256256103515625 181.78125 186.1062469482421875 192.0625 196.2562408447265625 199.34375 202.75 207.725006103515625 210.9812469482421875 212.993743896484375 215.21875 217.037506103515625 219.8562469482421875 223.662506103515625 229.2937469482421875 234.443756103515625 239.0124969482421875 242.3687591552734375 244.1999969482421875 243.875 242.4875030517578125 239.931243896484375 235.806243896484375 232.6750030517578125
178.46875 172.1937408447265625 168.649993896484375 164.3000030517578125 161.0187530517578125 157.368743896484375 153.693756103515625 149.3312530517578125 145.568756103515625 146.681243896484375 155.6687469482421875 162.7687530517578125 169.0500030517578125 171.8937530517578125 174.3000030517578125 176.787506103515625 180.4562530517578125 186.46875 193.1875 191.1750030517578125 186.875 188.28125 189.8874969482421875 196.1750030517578125 201.5437469482421875 205.1125030517578125 208.0187530517578125 210.243743896484375 215.15625 219.4499969482421875 222.875 224.1999969482421875 226.65625 229.125 232.8874969482421875 238.118743896484375 244.4375 249.46875 252.90625 255.1812591552734375 254.7312469482421875 252.943756103515625 252.256256103515625 249.774993896484375 245.9499969482421875
192.2062530517578125 186.15625 181.4812469482421875 177.3937530517578125 174.306243896484375 171.006256103515625 167.3312530517578125 164.2375030517578125 163.225006103515625 166.6687469482421875 173.6875 180.743743896484375 186.8562469482421875 190.118743896484375 191.53125 192.756256103515625 193.7062530517578125 196.0749969482421875 197.53125 196.0812530517578125 192.787506103515625 194.256256103515625 197.037506103515625 205.0124969482421875 209.1062469482421875 211.568756103515625 214.274993896484375 216.9499969482421875 220.75 225.4812469482421875 229.125 231.7687530517578125 235.350006103515625 238.962493896484375 243.3312530517578125 248.09375 253.8812408447265625 259.54998779296875 262.993743896484375 265.493743896484375 267.125 265.774993896484375 264.662506103515625 261.024993896484375 258.225006103515625
207.2687530517578125 201.5812530517578125 195.8312530517578125 191.1750030517578125 187.3249969482421875 184.8625030517578125 182.337493896484375 181.818756103515625 183.412506103515625 188.131256103515625 196.162506103515625 203.1125030517578125 206.8874969482421875 208.7624969482421875 207.9875030517578125 206.5437469482421875 204.1687469482421875 202.7624969482421875 200.4375 197.3625030517578125 196.475006103515625 197.96875 203.40625 209.9187469482421875 216.524993896484375 217.4375 219.2375030517578125 221.90625 225.3625030517578125 228.962493896484375 233.3249969482421875 237.6999969482421875 242.6437530517578125 247.399993896484375 252.0812530517578125 258.04998779296875 263.73126220703125 268.40625 272.88751220703125 276.45623779296875 278.318756103515625 275.806243896484375 274.65625 271.524993896484375 268.837493896484375
219.381256103515625 213.399993896484375 208.068756103515625 204.5500030517578125 201.21875 198.787506103515625 197.8125 200.2375030517578125 204.024993896484375 209.4875030517578125 218.493743896484375 227.1125030517578125 228.2375030517578125 227.25 224.818756103515625 220.568756103515625 216.5437469482421875 210.9812469482421875 206.3937530517578125 200.71875 198.21875 200.212493896484375 207.881256103515625 217.90625 222.7062530517578125 220.3249969482421875 221.975006103515625 224.6687469482421875 229.0625 234.662506103515625 239.7624969482421875 244.243743896484375 249.75 254.9250030517578125 260.212493896484375 266.54376220703125 272.600006103515625 277.16876220703125 281.46875 285.5625 287.41876220703125 284.375 279.5625 274.256256103515625 269.35626220703125
232.600006103515625 227.0187530517578125 222.15625 218.28125 215.125 214.96875 215.225006103515625 217.59375 222.7937469482421875 229.912506103515625 239.225006103515625 247.7312469482421875 248.475006103515625 243.3937530517578125 239.5749969482421875 234.34375 228.1062469482421875 221.9375 215.024993896484375 206.96875 198.975006103515625 201.806243896484375 211.100006103515625 218.412506103515625 217.9875030517578125 216.412506103515625 222.087493896484375 228.0500030517578125 233.306243896484375 240.149993896484375 246.125 250.868743896484375 255.943756103515625 261.23126220703125 266.681243896484375 273.181243896484375 278.868743896484375 283.51251220703125 287.068756103515625 290.806243896484375 293.899993896484375 289.350006103515625 278.48748779296875 268.04376220703125 261.4375
244.3125 239.5437469482421875 234.96875 231.506256103515625 229.181243896484375 228.53125 230.0749969482421875 234.975006103515625 241.087493896484375 248.9187469482421875 256.34375 262.29998779296875 261.51873779296875 258.024993896484375 252.006256103515625 247.15625 239.681243896484375 233.118743896484375 224.6687469482421875 216.462493896484375 210.0999908447265625 210.8000030517578125 214.556243896484375 218.7937469482421875 217.5 217.818756103515625 224.0500030517578125 230.6750030517578125 238.193756103515625 245.40625 252.068756103515625 257.40625 262 266.33123779296875 272.306243896484375 278.381256103515625 284.537506103515625 290.14373779296875 292.256256103515625 293.67498779296875 293.100006103515625 280.60626220703125 270.631256103515625 264.29376220703125 260.78125
254.350006103515625 249.6437530517578125 246.0437469482421875 243.068756103515625 242.2375030517578125 242.912506103515625 246.15625 250.8000030517578125 256.774993896484375 263.4375 270.95001220703125 275.375 275.54998779296875 273.03125 266.681243896484375 260.86248779296875 253.0625 244.556243896484375 236.431243896484375 229.6875 224.0124969482421875 220.9562530517578125 221.7937469482421875 223.256256103515625 224.2687530517578125 225.506256103515625 231.068756103515625 238.3249969482421875 245.5500030517578125 253.6750030517578125 259.850006103515625 263.725006103515625 269.08123779296875 272.26251220703125 276.90625 281.73126220703125 288.431243896484375 295.243743896484375 296.756256103515625 290.506256103515625 280.118743896484375 271.46875 267.84375 264.33123779296875 258.899993896484375
263.11248779296875 258.08123779296875 255.3125 253.087493896484375 253.256256103515625 255.0625 259.362518310546875 264.29998779296875 269.618743896484375 276.89373779296875 284.381256103515625 288.90625 289.91876220703125 287.899993896484375 282.381256103515625 273.26251220703125 265.9375 257.38751220703125 248.3562469482421875 241.75 237.53125 233.6125030517578125 231.6687469482421875 231.6875 231.943756103515625 233.0749969482421875 237.881256103515625 246.28125 254.8125 263.850006103515625 270.01873779296875 272.70001220703125 273.875 275.79998779296875 278.57501220703125 285.537506103515625 292.587493896484375 298.006256103515625 298.04998779296875 288.71875 273.649993896484375 266.45001220703125 265.243743896484375 261.07501220703125 256.875
269.881256103515625 265.287506103515625 262.34375 261.38751220703125 262.975006103515625 265.756256103515625 271.193756103515625 276.618743896484375 282.368743896484375 288.96875 297.13751220703125 302.962493896484375 304.600006103515625 303.09375 297.912506103515625 289.28125 275.95623779296875 266.58123779296875 259.41876220703125 255.09375 249.931243896484375 245.6687469482421875 241.837493896484375 240.024993896484375 240.5124969482421875 240.287506103515625 244.350006103515625 253.100006103515625 263.875 274.46875 281.86248779296875 283.725006103515625 281.693756103515625 279.787506103515625 283.943756103515625 290.931243896484375 296.556243896484375 303.53125 307.9375 294.91876220703125 279.818756103515625 270.375 264.225006103515625 259.39373779296875 255.693756103515625
276.943756103515625 272.26873779296875 269.625 269.86248779296875 271.34375 275.65625 281.868743896484375 287.90625 293.524993896484375 300.51251220703125 307.09375 315.725006103515625 319.29376220703125 318.712493896484375 313.056243896484375 302.58123779296875 288.462493896484375 275.09375 271.875 268.48748779296875 263.850006103515625 257.66876220703125 251.75 249.037506103515625 248.1125030517578125 248.1812591552734375 250.6999969482421875 261.412506103515625 275.01873779296875 287.462493896484375 293.28125 287.631256103515625 283.95001220703125 283.087493896484375 284.84375 290.95623779296875 299.774993896484375 306.73748779296875 307.024993896484375 299.618743896484375 284.818756103515625 272.79998779296875 265.07501220703125 260.07501220703125 256.42498779296875
280.774993896484375 276.462493896484375 274.86248779296875 276.57501220703125 279.431243896484375 284.76251220703125 290.13751220703125 297.73748779296875 304.056243896484375 310.975006103515625 317.29376220703125 324.181243896484375 330.649993896484375 335.20623779296875 327.787506103515625 313.5625 297.26251220703125 283.42498779296875 276.95623779296875 276.83123779296875 274.556243896484375 269.04376220703125 256.95001220703125 255.7624969482421875 255.0437469482421875 256.193756103515625 261.76251220703125 270.98748779296875 285.29376220703125 298.66876220703125 305.46875 295.4375 287.11248779296875 279.162506103515625 277.693756103515625 286.868743896484375 297.806243896484375 304.33123779296875 306.95623779296875 300.48748779296875 288 274.88751220703125 266.243743896484375 261.70001220703125 257.8125
283.70001220703125 279.36248779296875 278.57501220703125 279.67498779296875 283.9375 291.84375 298.78125 305.63751220703125 311.83123779296875 318.399993896484375 323.756256103515625 331.381256103515625 342.100006103515625 352.26251220703125 339.868743896484375 318.399993896484375 299.15625 289.9375 284.91876220703125 283.92498779296875 278.087493896484375 268.337493896484375 260.556243896484375 259.40625 259.925018310546875 263.125 269.337493896484375 279.4375 289.71875 298.42498779296875 301.92498779296875 294.243743896484375 282.931243896484375 270.36248779296875 265.5625 276.79998779296875 294.537506103515625 307.806243896484375 311.03125 305.556243896484375 292.899993896484375 277.45623779296875 270.149993896484375 265.35626220703125 260.86248779296875
