data/historical-monthly-weather-data/wc2.1_cruts4.09_10m_prec_1964-04.asc
ncols        51
nrows        45
xllcorner    -63.500000000000
yllcorner    -7.500000000000
cellsize     0.166666666667
NODATA_value -9999
[rows 0 to 19 of 45, columns 0 to 44 of 51]
295.41876220703125 300.506256103515625 304.03125 313.693756103515625 318.087493896484375 317.75 315.91876220703125 308.63751220703125 303.40625 302.743743896484375 305.875 307.193756103515625 306.76251220703125 303.88751220703125 300.131256103515625 297.0625 295.462493896484375 290.58123779296875 288.95001220703125 287.73126220703125 288.26251220703125 290.506256103515625 291.631256103515625 293.39373779296875 292.600006103515625 294.57501220703125 294.462493896484375 296.01251220703125 296.01251220703125 295.64373779296875 295.618743896484375 295.743743896484375 294.5 294.993743896484375 295.23126220703125 297.5 297.975006103515625 298.70623779296875 302.90625 305.54998779296875 308.20001220703125 311.29376220703125 311.506256103515625 313.743743896484375 315.412506103515625
302.53125 306.16876220703125 316.381256103515625 326.524993896484375 335.66876220703125 333.431243896484375 329.087493896484375 326.443756103515625 322.90625 321.10626220703125 322.45623779296875 320.818756103515625 318.89373779296875 315.32501220703125 309.13751220703125 306.13751220703125 301.60626220703125 297.39373779296875 294.125 290.59375 290.33123779296875 291.056243896484375 293.693756103515625 295.881256103515625 299.306243896484375 302.743743896484375 304.100006103515625 307.57501220703125 307.79998779296875 308.26251220703125 310.66876220703125 314.10626220703125 315.681243896484375 319.681243896484375 321.4375 324.51873779296875 328.100006103515625 330.024993896484375 333.837493896484375 335.399993896484375 336.95001220703125 340.04376220703125 339.943756103515625 339.45001220703125 339.412506103515625
302.16876220703125 307.71875 315.337493896484375 326.274993896484375 335.65625 336.21875 335.6875 336.287506103515625 337.82501220703125 336.431243896484375 334.550018310546875 330.35626220703125 327.65625 321.29998779296875 314.92498779296875 310.649993896484375 305.712493896484375 301.993743896484375 298.087493896484375 295.88751220703125 296.875 298.868743896484375 300.375 303.41876220703125 308.58123779296875 313.131256103515625 317.524993896484375 319.256256103515625 319.51251220703125 322.806243896484375 326.60626220703125 330.649993896484375 336.28125 340.95001220703125 342.70623779296875 345.39373779296875 351.225006103515625 355.54998779296875 358.3125 360.17498779296875 361.600006103515625 362.181243896484375 361.537506103515625 361.16876220703125 360.36248779296875
295.73748779296875 301.48748779296875 311.78125 319.024993896484375 326.725006103515625 332.149993896484375 336.23126220703125 340.86248779296875 346.875 349.381256103515625 346.068756103515625 338.649993896484375 331.625 325.618743896484375 318.4375 313.787506103515625 309.625 306.118743896484375 302.86248779296875 301.662506103515625 304.48126220703125 306.881256103515625 307.54998779296875 312.425018310546875 318.043731689453125 321.95001220703125 328.66876220703125 330.59375 332.42498779296875 339.29998779296875 344.962493896484375 350.693756103515625 354.45001220703125 359.42498779296875 362.1875 367.899993896484375 373.493743896484375 378.28125 383.393768310546875 383.60626220703125 384.76251220703125 386.21875 382.51251220703125 379.67498779296875 379.76873779296875
302.931243896484375 303.056243896484375 303.61248779296875 309.375 318.58123779296875 325.67498779296875 330.95001220703125 339.78125 350.912506103515625 358.868743896484375 353.024993896484375 340.13751220703125 332.78125 327.36248779296875 320.131256103515625 315.09375 310.26251220703125 307.88751220703125 305.431243896484375 304.681243896484375 309.13751220703125 311.42498779296875 313.28125 320.618743896484375 324.59375 329.431243896484375 335.412506103515625 342.67498779296875 348.54376220703125 355 362.587493896484375 366.70001220703125 370.90625 377.381256103515625 382.3125 388.53125 393.64373779296875 399.6875 405.78125 406.649993896484375 409.32501220703125 405.881256103515625 402.493743896484375 401.01873779296875 398.51873779296875
299.32501220703125 300.381256103515625 301.13751220703125 299.993743896484375 307.73748779296875 316.86248779296875 323.243743896484375 332.98126220703125 344.681243896484375 355.993743896484375 347.83123779296875 336.66876220703125 331.087493896484375 326.89373779296875 319.95001220703125 316.100006103515625 310.131256103515625 308.01873779296875 308.243743896484375 308.943756103515625 312.32501220703125 315.10626220703125 320.34375 326.78125 332.881256103515625 339.65625 345.787506103515625 352.931243896484375 359.181243896484375 366.037506103515625 374.03125 381.84375 384.20001220703125 391.0625 399.28125 405.625 414.4375 421.931243896484375 428.07501220703125 431.96875 430.46875 426.475006103515625 423.912506103515625 422.86248779296875 421.45623779296875
296.375 296.45623779296875 297.20001220703125 295.162506103515625 294.83123779296875 299.96875 306.71875 315.29376220703125 322.368743896484375 327.537506103515625 329.318756103515625 327.125 327.381256103515625 324.35626220703125 319.625 317.649993896484375 313.01873779296875 308.399993896484375 307.25 309.83123779296875 315.306243896484375 320.524993896484375 326.32501220703125 331.51873779296875 339.46875 348.04998779296875 355.850006103515625 361.41876220703125 367.631256103515625 375.881256103515625 385.66876220703125 393.41876220703125 398.54376220703125 403.48126220703125 412.037506103515625 420 428.100006103515625 438.149993896484375 448.25 451.850006103515625 446.29998779296875 443.23126220703125 441.60626220703125 440.537506103515625 440.92498779296875
294.08123779296875 291.26873779296875 289.931243896484375 289.63751220703125 289.63751220703125 292.40625 292.36248779296875 291.774993896484375 291.556243896484375 296.53125 307.881256103515625 315.662506103515625 320.475006103515625 321.78125 320.11248779296875 317.899993896484375 313.875 309.59375 306.35626220703125 309.818756103515625 318.01251220703125 325.38751220703125 331.15625 337.59375 348.006256103515625 354.9375 362.524993896484375 368.962493896484375 376.15625 385.91876220703125 393.54998779296875 401.850006103515625 407.850006103515625 414.0625 421.96875 427.212493896484375 436.787506103515625 446.318756103515625 454.024993896484375 456.225006103515625 454.29998779296875 453.818756103515625 451.92498779296875 449.26873779296875 446.818756103515625
291.04376220703125 288.32501220703125 286.54998779296875 284.712493896484375 284.3125 285.193756103515625 285.725006103515625 283.412506103515625 277.51251220703125 277.850006103515625 293.04376220703125 305.193756103515625 317.493743896484375 321.28125 319.568756103515625 318.568756103515625 316.537506103515625 314.3125 313.818756103515625 315.76873779296875 319.20001220703125 329.475006103515625 335.82501220703125 345.375 355.14373779296875 360.149993896484375 366.287506103515625 373.25 380.10626220703125 388.79376220703125 397.59375 402.287506103515625 406.40625 409.71875 417.73126220703125 424.61248779296875 435.11248779296875 442.64373779296875 450.67498779296875 453.21875 453.23126220703125 451.449981689453125 451.881256103515625 451.60626220703125 443.64373779296875
287.568756103515625 283.0625 281.962493896484375 280.51251220703125 279.09375 280.54998779296875 282.087493896484375 280.65625 280.649993896484375 285.524993896484375 296.912506103515625 305.71875 316.08123779296875 320.962493896484375 321.51251220703125 319.850006103515625 318.693756103515625 318.756256103515625 319.33123779296875 324.54998779296875 328.537506103515625 335.26873779296875 341.443756103515625 352.84375 358.912506103515625 361.818756103515625 367.11248779296875 373.32501220703125 381.21875 391.63751220703125 395.868743896484375 397.506256103515625 400.39373779296875 403.881256103515625 410.506256103515625 419.40625 427.15625 435.26873779296875 442.993743896484375 449.34375 453.28125 452.506256103515625 451.41876220703125 445.63751220703125 440.23126220703125
284.29998779296875 280.45001220703125 278.681243896484375 276.82501220703125 274.01873779296875 276.21875 278.85626220703125 279.41876220703125 283.818756103515625 291.1875 302.4375 312.912506103515625 317.787506103515625 322.26873779296875 321.07501220703125 319.01251220703125 318.912506103515625 321.09375 324.506256103515625 329.88751220703125 339.08123779296875 345.193756103515625 348.587493896484375 349.66876220703125 359.64373779296875 363.024993896484375 365.375 370.26873779296875 375.912506103515625 384.912506103515625 388.01873779296875 388.48748779296875 391.693756103515625 394.993743896484375 401.024993896484375 406.53125 414.03125 422.962493896484375 432.54998779296875 440.54376220703125 445.149993896484375 444.70623779296875 447.056243896484375 444.818756103515625 437.443756103515625
280.912506103515625 276.625 274.668731689453125 275.6875 274.36248779296875 275.131256103515625 279.399993896484375 283.037506103515625 289.818756103515625 298.350006103515625 309.5625 319.662506103515625 319.53125 320.068756103515625 318.337493896484375 316.96875 316.443756103515625 319.375 324.243743896484375 331.256256103515625 340.61248779296875 347.662506103515625 352.543731689453125 357.056243896484375 358.45623779296875 356.1875 357.48748779296875 360.20623779296875 365.42498779296875 370.57501220703125 373.26873779296875 374.318756103515625 375.73748779296875 379.04998779296875 384.25 390.63751220703125 399.4375 408.98748779296875 415.70623779296875 421.29376220703125 427.91876220703125 429.693756103515625 431.006256103515625 424.8125 417.212493896484375
278.524993896484375 274.17498779296875 272.70001220703125 272.787506103515625 273 277.037506103515625 280.08123779296875 283.36248779296875 290.181243896484375 301.11248779296875 312.056243896484375 320.756256103515625 320.462493896484375 313.04998779296875 310.9375 311.83123779296875 310.625 314.068756103515625 320.84375 327.01251220703125 337.20001220703125 343.399993896484375 345.912506103515625 349.57501220703125 343.25 338.98126220703125 343.66876220703125 346.17498779296875 352.381256103515625 355.625 357.45623779296875 357.524993896484375 358.193756103515625 361.08123779296875 364.51873779296875 373.006256103515625 382.225006103515625 391.6875 400.45623779296875 406.89373779296875 407.73748779296875 412.46875 410.850006103515625 406.08123779296875 403.39373779296875
274.98748779296875 270.84375 268.63751220703125 268.45001220703125 270.48748779296875 274.306243896484375 277.162506103515625 281.162506103515625 289.42498779296875 299.01251220703125 306.837493896484375 310.23126220703125 310.25 305.76251220703125 300.875 302.875 301.993743896484375 304.04998779296875 311.59375 316.6875 326.08123779296875 331.068756103515625 335.243743896484375 333.71875 330.04998779296875 327.537506103515625 330.29998779296875 333.431243896484375 337.743743896484375 340.86248779296875 341.76873779296875 342.26873779296875 340.20623779296875 342.375 346.850006103515625 356.368743896484375 365.70623779296875 377.1875 388.54376220703125 393.568756103515625 390.32501220703125 387.8125 393.587493896484375 400.29998779296875 401.92498779296875
269.818756103515625 266.4375 265.125 265.54376220703125 268.25 271.84375 275.712493896484375 279.5625 285.681243896484375 292.67498779296875 298.85626220703125 300.78125 298.881256103515625 294.556243896484375 288.73748779296875 287.274993896484375 287.79376220703125 293.606231689453125 300.45001220703125 306.131256103515625 314.03125 321.743743896484375 324.76251220703125 323.287506103515625 320.42498779296875 319.90625 321.48748779296875 324.89373779296875 329.07501220703125 330.212493896484375 328.20623779296875 324.643768310546875 325.631256103515625 325.8125 328.39373779296875 336.76251220703125 352.01873779296875 368.131256103515625 378.881256103515625 380.600006103515625 378.26251220703125 381.287506103515625 392.79376220703125 395.73126220703125 393.57501220703125
263.01251220703125 260.04998779296875 260.76873779296875 262.618743896484375 264.975006103515625 268.58123779296875 272.193756103515625 276.20001220703125 283.14373779296875 288.256256103515625 292.462493896484375 292.537506103515625 289.98126220703125 283.931243896484375 276.42498779296875 269.125 273.256256103515625 282.912506103515625 288.79998779296875 295.368743896484375 304.149993896484375 310.931243896484375 314.21875 313.66876220703125 311.193756103515625 312.23748779296875 312.53125 316.493743896484375 320.21875 321.71875 321.725006103515625 317.33123779296875 311.100006103515625 308.79998779296875 308.13751220703125 323.60626220703125 339.056243896484375 356.149993896484375 368.100006103515625 375.60626220703125 376.85626220703125 382.78125 388.931243896484375 389.287506103515625 384.67498779296875
254.8187408447265625 253.600006103515625 255.787506103515625 258.53125 260.881256103515625 264.443756103515625 269.568756103515625 273.506256103515625 278.212493896484375 283.006256103515625 285.6875 284.82501220703125 280.61248779296875 274.4375 268.96875 264.53125 262.03125 269.4375 277.962493896484375 285.98126220703125 295.431243896484375 304.181243896484375 308.368743896484375 304.79998779296875 302.931243896484375 303.13751220703125 304.568756103515625 308.04998779296875 312.98748779296875 315.70001220703125 314.90625 310.743743896484375 305.26251220703125 301.95001220703125 307.25 318.15625 334.524993896484375 353.01873779296875 370.79376220703125 376.51251220703125 379.493743896484375 383.381256103515625 383.09375 382.399993896484375 375.92498779296875
244.024993896484375 245.3000030517578125 247.712493896484375 252.493743896484375 255.3312530517578125 259.73748779296875 265.350006103515625 268.149993896484375 272.28125 275.51251220703125 276.83123779296875 275.149993896484375 270.73748779296875 266.11248779296875 261.67498779296875 258.73126220703125 255.8249969482421875 254.7312469482421875 265.76873779296875 274.443756103515625 287.29998779296875 296.83123779296875 302.587493896484375 299.774993896484375 299.1875 299.943756103515625 298.4375 304.48748779296875 310.48126220703125 311.881256103515625 306.556243896484375 294.6875 296.07501220703125 297.98748779296875 301.3125 316.09375 332.26873779296875 349.274993896484375 364.41876220703125 376.57501220703125 376.993743896484375 378.54376220703125 377.89373779296875 375.70001220703125 370.16876220703125
232.274993896484375 235.4562530517578125 239.90625 244.1374969482421875 247.9250030517578125 253.431243896484375 258.3125 263.068756103515625 267.381256103515625 269.95623779296875 269.493743896484375 264.51251220703125 260.537506103515625 257.931243896484375 251.6750030517578125 248.8312530517578125 246.9499969482421875 246.962493896484375 250.875 259.51251220703125 278.6875 292.725006103515625 291.818756103515625 294.21875 297.09375 301.38751220703125 303.34375 306.92498779296875 313.149993896484375 312.5625 306.881256103515625 296.33123779296875 292.45623779296875 285.975006103515625 287.993743896484375 303.20001220703125 320.693756103515625 337.056243896484375 355.368743896484375 365.79376220703125 372.79998779296875 374.4375 372.056243896484375 369.350006103515625 364.54998779296875
220.381256103515625 225.506256103515625 230.006256103515625 233.5437469482421875 239.431243896484375 247.2312469482421875 253.818756103515625 257.17498779296875 261.318756103515625 263.73126220703125 262.16876220703125 258.45001220703125 254.149993896484375 250.162506103515625 242.90625 235.5187530517578125 231.4499969482421875 236.962493896484375 240.2375030517578125 248.0625 263.649993896484375 276.66876220703125 288.03125 292.03125 295.993743896484375 300.412506103515625 304.42498779296875 311.1875 314.29376220703125 310.125 301.056243896484375 296.95623779296875 288.23126220703125 276.01873779296875 271.11248779296875 285.8125 309.287506103515625 331.08123779296875 347.875 360.20623779296875 366.412506103515625 367.89373779296875 366 363.04998779296875 355.662506103515625
