data/historical-monthly-weather-data/wc2.1_cruts4.09_10m_prec_1996-03.asc
ncols        51
nrows        45
xllcorner    -63.500000000000
yllcorner    -7.500000000000
cellsize     0.166666666667
NODATA_value -9999
[rows 0 to 19 of 45, columns 0 to 44 of 51]
187.125 186.9812469482421875 181.1875 179.8125 176.3000030517578125 171.03125 162.625 154.3625030517578125 147.3312530517578125 143.243743896484375 142.3000030517578125 143.868743896484375 145.881256103515625 146.2687530517578125 149.181243896484375 152.337493896484375 157.368743896484375 159.649993896484375 164.0812530517578125 168.0749969482421875 171.7937469482421875 174.493743896484375 178.09375 181.25 186.431243896484375 192 200.100006103515625 211.7375030517578125 222.53125 228.96875 238.9812469482421875 246.5500030517578125 254.6062469482421875 264.837493896484375 274.443756103515625 282.975006103515625 290.14373779296875 297.837493896484375 306.07501220703125 312.76873779296875 319.75 325.86248779296875 330.20001220703125 335.58123779296875 336.837493896484375
197.274993896484375 198.96875 199.2937469482421875 200.1125030517578125 199.6437530517578125 193.8625030517578125 184.9875030517578125 177.306243896484375 172.056243896484375 167.787506103515625 165.8937530517578125 166.03125 166.681243896484375 166.556243896484375 168.287506103515625 170.75 174.6875 179.46875 184.5625 189.6437530517578125 193.3000030517578125 196.4187469482421875 200.5437469482421875 204.0625 208.243743896484375 213.3000030517578125 219.962493896484375 230.3249969482421875 239.03125 244.875 252.25 260.962493896484375 267.42498779296875 278.524993896484375 285.993743896484375 295.25 304.26251220703125 312.131256103515625 320.11248779296875 326.23748779296875 333.875 339.45623779296875 343.32501220703125 347.774993896484375 349.6875
207.381256103515625 211.4499969482421875 215.1999969482421875 218.774993896484375 219.78125 214.868743896484375 209.375 204.462493896484375 200.0437469482421875 196.568756103515625 192.368743896484375 190.3562469482421875 189.8249969482421875 188.899993896484375 189.78125 192.399993896484375 195.4187469482421875 199.993743896484375 204.087493896484375 208.375 212.15625 215.7687530517578125 218.6687469482421875 222.662506103515625 227.068756103515625 230.5 236.568756103515625 245.4499969482421875 252.037506103515625 256.36248779296875 263.618743896484375 271.23126220703125 278.756256103515625 287.20001220703125 297.63751220703125 305.15625 315.09375 325.587493896484375 333.318756103515625 340.98126220703125 348.443756103515625 352.76873779296875 355.70001220703125 358.26873779296875 361.39373779296875
215.712493896484375 222.9187469482421875 231.7687530517578125 237.5437469482421875 241.0749969482421875 237.087493896484375 233.84375 231.725006103515625 230.118743896484375 227.1437530517578125 221.4562530517578125 216.431243896484375 212.9499969482421875 210.5187530517578125 211.318756103515625 213.25 217.1062469482421875 221.399993896484375 224.9812469482421875 228.006256103515625 232.3125 234.75 235.912506103515625 239.5124969482421875 243.649993896484375 246.7312469482421875 251.8625030517578125 257.26251220703125 262.412506103515625 266.868743896484375 271.59375 280.04376220703125 287.125 295.350006103515625 305.149993896484375 315.54998779296875 326.90625 338.587493896484375 348.443756103515625 355.868743896484375 361.54376220703125 365.98748779296875 368.399993896484375 369.21875 371.837493896484375
231.0625 238.006256103515625 245.8000030517578125 254.993743896484375 261.10626220703125 258.649993896484375 255.6125030517578125 255.6062469482421875 257.399993896484375 257.0625 249.318756103515625 240.5124969482421875 235.2687530517578125 233.193756103515625 232.618743896484375 235 238.1374969482421875 242.75 244.53125 245.756256103515625 250.056243896484375 251.375 253.149993896484375 256.875 260.212493896484375 263.04998779296875 265.20623779296875 268.78125 274.83123779296875 276.375 281.399993896484375 286.91876220703125 296.0625 305.412506103515625 315.34375 327.03125 339.01251220703125 351.024993896484375 362.1875 369.162506103515625 376.21875 378.20623779296875 379.087493896484375 380.193756103515625 380.70001220703125
248.131256103515625 256.71875 266.39373779296875 272.774993896484375 275.337493896484375 273.08123779296875 269.875 268.76251220703125 271.225006103515625 272.774993896484375 262.443756103515625 253.181243896484375 249.2937469482421875 246.5187530517578125 246.71875 248.943756103515625 252.2937469482421875 256.39373779296875 259.04998779296875 259.8125 263.131256103515625 265.475006103515625 267.59375 270.01251220703125 272.600006103515625 275.818756103515625 277.287506103515625 278.818756103515625 281.868743896484375 284.412506103515625 288.006256103515625 293.73748779296875 301.350006103515625 313.774993896484375 325.875 337.256256103515625 351.568756103515625 364.337493896484375 375.83123779296875 384.73748779296875 389.48748779296875 391.33123779296875 391.587493896484375 391.41876220703125 390.306243896484375
264.462493896484375 273.368743896484375 281.881256103515625 285.524993896484375 285.193756103515625 280.98126220703125 276.462493896484375 271.71875 268.625 265.6875 262.34375 258.54998779296875 257.125 256.23748779296875 257.493743896484375 259.837493896484375 263.16876220703125 266.100006103515625 268.29376220703125 271.79376220703125 274.54998779296875 278.181243896484375 280.21875 282.38751220703125 284.85626220703125 286.631256103515625 287.431243896484375 287.5 287.51873779296875 288.493743896484375 294.29998779296875 299.431243896484375 307.631256103515625 318.46875 331.618743896484375 345.21875 359.14373779296875 373.037506103515625 388.46875 395.89373779296875 397.1875 399.024993896484375 398.868743896484375 398.46875 399.34375
277.33123779296875 286.01873779296875 291.79376220703125 294.98126220703125 295.42498779296875 289.618743896484375 280.13751220703125 268.306243896484375 258.01251220703125 254.8874969482421875 258.10626220703125 260.51873779296875 263.34375 265.162506103515625 266.98748779296875 269.681243896484375 271.29998779296875 273.04998779296875 275.78125 279.899993896484375 284.462493896484375 288.912506103515625 292.181243896484375 293.63751220703125 297.17498779296875 297.16876220703125 295.54376220703125 294.1875 291.90625 292.39373779296875 296.274993896484375 303.975006103515625 311.725006103515625 322.725006103515625 335.91876220703125 349.57501220703125 364.16876220703125 378.26251220703125 392.462493896484375 399.25 401.59375 402.98126220703125 402.6875 401.774993896484375 401.100006103515625
288.493743896484375 296.1875 301.73748779296875 304.625 303.899993896484375 296.98748779296875 286.100006103515625 271.64373779296875 254.8874969482421875 248.274993896484375 256.212493896484375 262.60626220703125 268.412506103515625 270.337493896484375 273.04998779296875 276.23748779296875 277.78125 279.118743896484375 282.881256103515625 286.67498779296875 289.068756103515625 295.09375 298.837493896484375 305.11248779296875 308.59375 307.1875 302.23748779296875 298.162506103515625 296.29998779296875 295.350006103515625 299.13751220703125 306.29376220703125 314.11248779296875 324.212493896484375 335.931243896484375 350.399993896484375 366.8125 380.662506103515625 394.13751220703125 400.73748779296875 403.631256103515625 404.524993896484375 404.63751220703125 403.225006103515625 399.17498779296875
299.625 306.25 310.54376220703125 312.787506103515625 312.662506103515625 305.96875 296.131256103515625 283.024993896484375 269.443756103515625 263.287506103515625 266.149993896484375 269.13751220703125 274.13751220703125 276.70623779296875 279.181243896484375 282.399993896484375 284.67498779296875 285.524993896484375 287.92498779296875 290.9375 293.462493896484375 299.993743896484375 307.04998779296875 316.556243896484375 318.26873779296875 316.056243896484375 310 303.962493896484375 299.431243896484375 296.78125 298.90625 306.98748779296875 315.86248779296875 326.774993896484375 337.931243896484375 351.54998779296875 366.90625 381.631256103515625 395.23126220703125 403.475006103515625 407.73126220703125 409.006256103515625 406.13751220703125 399.54998779296875 395.756256103515625
310.23748779296875 316.35626220703125 319.125 321.26251220703125 322.125 317.10626220703125 308.79376220703125 296.875 286.618743896484375 281.33123779296875 280.125 281.20623779296875 283.037506103515625 285.51251220703125 287.58123779296875 289.649993896484375 291.21875 291.537506103515625 291.875 293.84375 298.256256103515625 305.33123779296875 315.662506103515625 323.79376220703125 329.625 324.15625 316.38751220703125 311.100006103515625 304.556243896484375 299.568756103515625 301.787506103515625 308.01873779296875 316.20001220703125 326.712493896484375 338.181243896484375 350.86248779296875 365.20623779296875 379.787506103515625 393.631256103515625 404.29998779296875 409.45623779296875 408.64373779296875 403.15625 394.89373779296875 389.76251220703125
317.537506103515625 323.36248779296875 325.993743896484375 328.931243896484375 329.193756103515625 326.568756103515625 321.20623779296875 311.92498779296875 303.462493896484375 297.568756103515625 294.66876220703125 294.16876220703125 294.375 295.96875 299.71875 301.350006103515625 300.212493896484375 298.556243896484375 297.76251220703125 297.931243896484375 299.618743896484375 307.256256103515625 320.037506103515625 333.70001220703125 337.29998779296875 325.899993896484375 316.725006103515625 311.21875 307.61248779296875 305.875 304.82501220703125 308.274993896484375 314.975006103515625 324.03125 333.9375 348.08123779296875 363.193756103515625 377.71875 390.89373779296875 403.36248779296875 410.13751220703125 406.887481689453125 396.493743896484375 381.03125 370.899993896484375
324.23126220703125 329.23748779296875 332.36248779296875 334.399993896484375 335.76251220703125 335 330.850006103515625 324.65625 317.25 312.78125 310.82501220703125 309.693756103515625 310.26873779296875 309.287506103515625 311.649993896484375 312.350006103515625 309.95623779296875 307.631256103515625 306.34375 303.693756103515625 301.0625 307.23126220703125 318.556243896484375 329.087493896484375 326.0625 317.037506103515625 314.743743896484375 312.518768310546875 310.962493896484375 310.32501220703125 309.38751220703125 309.26251220703125 313.337493896484375 320.82501220703125 329.662506103515625 342.32501220703125 357.41876220703125 372.33123779296875 387.350006103515625 402.09375 411.54376220703125 405.375 385.28125 365.381256103515625 351.26873779296875
329.23126220703125 334.40625 337.306243896484375 339.431243896484375 341.88751220703125 340.443756103515625 338.95001220703125 336.5625 332.524993896484375 328.756256103515625 326.318756103515625 325.70001220703125 325.431243896484375 325.962493896484375 323.70623779296875 323.79376220703125 320.58123779296875 316.65625 313.71875 311.100006103515625 309.71875 312 317 321.056243896484375 318.40625 314.1875 313.54998779296875 312.73748779296875 312.0625 311.95001220703125 312.350006103515625 311.54376220703125 311.95623779296875 315.8125 323.01873779296875 336.274993896484375 352.26873779296875 366.662506103515625 380.875 394.36248779296875 402.88751220703125 390.29998779296875 372.524993896484375 357 345.118743896484375
332.681243896484375 336.381256103515625 339.79376220703125 344.04376220703125 347.537506103515625 347.09375 347.993743896484375 348.17498779296875 345.125 342.350006103515625 341.350006103515625 341.274993896484375 341.51873779296875 341.79376220703125 337.10626220703125 335.88751220703125 332.068756103515625 328.88751220703125 324.73748779296875 321.274993896484375 319.399993896484375 318.45623779296875 318.587493896484375 319.83123779296875 318.943756103515625 317.912506103515625 317.29998779296875 316.5 316.587493896484375 316.962493896484375 314.54998779296875 311.993743896484375 311.962493896484375 310.725006103515625 314.03125 328.774993896484375 346.21875 360.46875 369.29376220703125 374.649993896484375 373.850006103515625 368.11248779296875 361.65625 350.693756103515625 342.056243896484375
333.274993896484375 337.42498779296875 342.11248779296875 347.23748779296875 352.01251220703125 354.943756103515625 356.51251220703125 357.399993896484375 357.712493896484375 357.350006103515625 356.15625 357.76873779296875 359.01873779296875 358.993743896484375 354.287506103515625 349.4375 344.412506103515625 341.006256103515625 336.29376220703125 332.86248779296875 328.41876220703125 324.149993896484375 321.20623779296875 320.743743896484375 319.681243896484375 319.78125 320.04376220703125 320.60626220703125 322.38751220703125 322.4375 320.79998779296875 316.837493896484375 313.212493896484375 310.98126220703125 311.806243896484375 331.5 346.53125 352.67498779296875 354.8125 355.61248779296875 352.95001220703125 351.54998779296875 349.01251220703125 342.875 336.443756103515625
334.399993896484375 339.493743896484375 343.850006103515625 350.337493896484375 357.07501220703125 361.26873779296875 365.899993896484375 368.618743896484375 370 371.162506103515625 370.712493896484375 374.10626220703125 376.912506103515625 376.149993896484375 372.63751220703125 365.58123779296875 356.350006103515625 350.568756103515625 346.943756103515625 342.58123779296875 336.1875 330.0625 325.412506103515625 323.681243896484375 322.725006103515625 320.806243896484375 321.756256103515625 323.91876220703125 325.506256103515625 327.375 326.662506103515625 322.92498779296875 319.70623779296875 320.818756103515625 333.087493896484375 348.693756103515625 353.662506103515625 351.15625 345.806243896484375 341.175018310546875 339.318756103515625 339.42498779296875 337.068756103515625 333.45001220703125 330.20623779296875
334.193756103515625 340.26873779296875 347.23748779296875 355.91876220703125 364.15625 369.662506103515625 374.9375 379.881256103515625 382.76251220703125 384.42498779296875 385.54998779296875 391.13751220703125 393.068756103515625 393.75 389.118743896484375 380.17498779296875 370.28125 357.006256103515625 356.32501220703125 351.71875 345.61248779296875 337.537506103515625 330.056243896484375 326.693756103515625 324.40625 323.850006103515625 323.3125 326.587493896484375 330.07501220703125 332.037506103515625 330.068756103515625 321.20623779296875 319.61248779296875 325.912506103515625 343.61248779296875 367.506256103515625 360.45623779296875 348.78125 339.36248779296875 335.006256103515625 330.4375 329.76873779296875 328.38751220703125 325.26251220703125 322.54376220703125
333.11248779296875 340.42498779296875 348.631256103515625 359.118743896484375 370.20623779296875 378.649993896484375 385.993743896484375 392.399993896484375 395.51873779296875 397.899993896484375 399.63751220703125 402.837493896484375 407.88751220703125 410.54998779296875 403.193756103515625 392.40625 380.587493896484375 366.375 359.90625 356.23126220703125 351.35626220703125 344.118743896484375 330.61248779296875 326.79376220703125 324.75 324.41876220703125 325.35626220703125 327.01251220703125 331.056243896484375 334.618743896484375 333.92498779296875 321.33123779296875 314.006256103515625 311.993743896484375 322.51251220703125 342.11248779296875 341.41876220703125 335.86248779296875 332.006256103515625 327.556243896484375 324.28125 322.20001220703125 320.881256103515625 318.61248779296875 316.506256103515625
328.649993896484375 338.399993896484375 348.375 360.83123779296875 374.524993896484375 386.399993896484375 396.34375 404.66876220703125 408.60626220703125 410.39373779296875 411.65625 414.42498779296875 420.98126220703125 426.225006103515625 414.868743896484375 397.90625 381.61248779296875 373.024993896484375 364.61248779296875 359.524993896484375 350.57501220703125 339.73748779296875 330.61248779296875 325.193756103515625 322.28125 320.51873779296875 322.006256103515625 325.15625 327.037506103515625 327.712493896484375 324.09375 314.40625 299.962493896484375 286.57501220703125 280.5625 295.162506103515625 312.35626220703125 319.256256103515625 321.818756103515625 321.46875 318.75 316.368743896484375 315.45001220703125 313.837493896484375 312.962493896484375
