data/historical-monthly-weather-data/wc2.1_cruts4.09_10m_prec_1982-06.asc
ncols        51
nrows        45
xllcorner    -63.500000000000
yllcorner    -7.500000000000
cellsize     0.166666666667
NODATA_value -9999
[rows 19 to 37 of 45, columns 0 to 42 of 51]
133.9187469482421875 133.3562469482421875 130.1875 125.3937530517578125 122.8249969482421875 122.7312469482421875 119.15000152587890625 114.16249847412109375 113.72499847412109375 111.61875152587890625 107.9875030517578125 101.71875 93.9250030517578125 86.02500152587890625 78.8125 68.46875 61.399997711181640625 59.91249847412109375 54.618747711181640625 53.018749237060546875 47.86875152587890625 47.47499847412109375 50.143749237060546875 51.512500762939453125 50.46250152587890625 49.862499237060546875 50.77500152587890625 55.03125 55.18125152587890625 55.237499237060546875 57.112499237060546875 64.8000030517578125 65.21875 63.481250762939453125 62.86875152587890625 67.0500030517578125 69.7062530517578125 68.34999847412109375 66.94374847412109375 64.47499847412109375 59.106250762939453125 53.056247711181640625 53.81874847412109375
121.34375 127.21875 127.5187530517578125 123.56874847412109375 117.09999847412109375 114.68125152587890625 113.76250457763671875 110.8625030517578125 109.3874969482421875 106.5187530517578125 104.375 98.4875030517578125 91.30625152587890625 82.6750030517578125 74.34375 68.05625152587890625 60.72499847412109375 56.90000152587890625 56.06874847412109375 53.03125 53.700000762939453125 53.52500152587890625 54.424999237060546875 56.799999237060546875 56.24375152587890625 53.625 50.41249847412109375 51.52500152587890625 53.081249237060546875 56.237499237060546875 59.59375 65.05625152587890625 61.200000762939453125 58.88124847412109375 57.53125 61.1875 64.33750152587890625 64.5812530517578125 61.84375 59.03125 55.75 51.31874847412109375 51.00624847412109375
117.0124969482421875 116.5437469482421875 119.25624847412109375 119.0187530517578125 114.50624847412109375 110.44374847412109375 108.4875030517578125 105.4562530517578125 103.66249847412109375 103.21250152587890625 100.96875 94.28749847412109375 87.5749969482421875 82.41249847412109375 76.6999969482421875 68.1999969482421875 66.6125030517578125 61.268749237060546875 60.262500762939453125 57.52500152587890625 54.91249847412109375 56.6875 57.5 56.387500762939453125 54.25624847412109375 51.987499237060546875 52.825000762939453125 51.9375 55.049999237060546875 58.58750152587890625 60.16249847412109375 60.668750762939453125 58.30625152587890625 57.63124847412109375 55.25624847412109375 56.387500762939453125 58.575000762939453125 60.174999237060546875 59.049999237060546875 56.987499237060546875 53.81874847412109375 50.91249847412109375 50.36875152587890625
113.2062530517578125 119.3937530517578125 121.21875 119.875 115.3000030517578125 109.69374847412109375 101.9562530517578125 97.98749542236328125 99.81874847412109375 98.9375 96.5 93.46250152587890625 91.34375 87.8937530517578125 81.6125030517578125 74.6374969482421875 67.93125152587890625 63.262500762939453125 61.34375 60.15000152587890625 60.34375 58.83750152587890625 56.9375 56.03749847412109375 56.09999847412109375 53.581249237060546875 52.268749237060546875 52.59999847412109375 54.518749237060546875 55.356250762939453125 56.84999847412109375 58.84375 55.743747711181640625 52.94374847412109375 52.75 52.081249237060546875 52.5 54.206249237060546875 55.34375 54.83750152587890625 52.206249237060546875 50.25624847412109375 49.299999237060546875
107.03749847412109375 114.41249847412109375 120.13124847412109375 116.18125152587890625 110.5124969482421875 105.22499847412109375 102.7687530517578125 98.5187530517578125 95.7624969482421875 92.78749847412109375 94.41249847412109375 95.8249969482421875 92.6437530517578125 91.1875 82.8125 76.1750030517578125 70.3937530517578125 67.96250152587890625 65.27500152587890625 62.893749237060546875 62.25 62.137500762939453125 59.41249847412109375 60.325000762939453125 57.831249237060546875 54.16249847412109375 55.06874847412109375 52.418750762939453125 52.15000152587890625 53.862499237060546875 55.174999237060546875 56.71875 54.44374847412109375 50.643749237060546875 49.625 48.112499237060546875 48.924999237060546875 50.200000762939453125 50.58750152587890625 50.09375 48.825000762939453125 48.081249237060546875 47.78125
99.8125 108.77500152587890625 113.00624847412109375 113.90000152587890625 110.19374847412109375 105.05625152587890625 101.1437530517578125 98.6750030517578125 95.2937469482421875 95.24375152587890625 93.96875 93.25624847412109375 93.6437530517578125 89.34999847412109375 81.61875152587890625 75.68125152587890625 71.4499969482421875 67.74375152587890625 66.0187530517578125 65.2062530517578125 64.3125 62.66249847412109375 62.831249237060546875 62.518749237060546875 57.91249847412109375 54.21250152587890625 53.200000762939453125 52.05625152587890625 51.21250152587890625 52.950000762939453125 52.5625 52.512500762939453125 50.1875 48.231250762939453125 46.43125152587890625 45.6875 45.59999847412109375 45.27500152587890625 46.606250762939453125 46.706249237060546875 46.03125 46.293750762939453125 47.018749237060546875
97.0437469482421875 107.7624969482421875 106.68125152587890625 107.84375 104.1750030517578125 100.72499847412109375 96.53125 94.6999969482421875 89.53749847412109375 87.02500152587890625 89.1999969482421875 89.24375152587890625 89.83750152587890625 87.47499847412109375 82.125 74.93125152587890625 71.0625 69.3562469482421875 67.91249847412109375 65.08750152587890625 64.6125030517578125 63.68125152587890625 63.09999847412109375 61.71875 58.706249237060546875 54.049999237060546875 52.90000152587890625 51.83750152587890625 49.793750762939453125 50.637500762939453125 50.11875152587890625 49.762500762939453125 47.41249847412109375 44.981250762939453125 42.96250152587890625 43.118747711181640625 42.825000762939453125 41.53749847412109375 41.893749237060546875 43.231250762939453125 42.924999237060546875 41.15000152587890625 41.825000762939453125
92.7312469482421875 96.90625 99.9187469482421875 100.16249847412109375 97.3125 94.96875 91.78749847412109375 86.22499847412109375 83.40000152587890625 85.65625 88.15000152587890625 88.31874847412109375 87.5124969482421875 86.78749847412109375 82.8625030517578125 78.3000030517578125 73.1374969482421875 68.99375152587890625 68.125 65.4812469482421875 63.65625 63.049999237060546875 63.09999847412109375 64.0437469482421875 58.793750762939453125 54.418750762939453125 53.450000762939453125 51.581249237060546875 49.674999237060546875 49.55625152587890625 49.75624847412109375 47.72499847412109375 44.59375 42.03749847412109375 39.924999237060546875 39.3125 39.581249237060546875 38.34999847412109375 38.11875152587890625 39.825000762939453125 40.52500152587890625 39.825000762939453125 39.200000762939453125
89.25624847412109375 89.65625 91.6062469482421875 89.9812469482421875 87.97499847412109375 87.6750030517578125 85.8874969482421875 81.96875 80.875 83.25 84.16249847412109375 85.3937530517578125 84.7937469482421875 83.7937469482421875 80.125 76.1374969482421875 71.75 69.50624847412109375 66.1437530517578125 64.90000152587890625 63.887500762939453125 61.77500152587890625 62.66249847412109375 61.53749847412109375 57.84375 53.49375152587890625 52.55625152587890625 50.799999237060546875 50.412502288818359375 50.74375152587890625 49.950000762939453125 48.5 44.143749237060546875 39.41249847412109375 37.762500762939453125 36.875 36.94374847412109375 35.481250762939453125 36.00624847412109375 37.22499847412109375 38.08750152587890625 38.768749237060546875 36.575000762939453125
83.50624847412109375 85.9562530517578125 83.41249847412109375 80.88124847412109375 80.5437469482421875 77.6875 77.3625030517578125 77.36875152587890625 78.52500152587890625 79.11875152587890625 80.6062469482421875 81.58750152587890625 82.74375152587890625 82.69374847412109375 79.3874969482421875 75.8937530517578125 72.90000152587890625 69.28125 67.3874969482421875 65.9562530517578125 63.25624847412109375 60.731250762939453125 59.49375152587890625 58.15625 55.418750762939453125 51.481250762939453125 51.981250762939453125 51.94374847412109375 51.02500152587890625 49.78125 48.28749847412109375 47.293750762939453125 42.44374847412109375 38.706249237060546875 35.40625 34.206249237060546875 34.59375 32.512500762939453125 33.137500762939453125 33.799999237060546875 34.0625 34.09999847412109375 34.02500152587890625
77.84999847412109375 78.1687469482421875 76.4812469482421875 73.83750152587890625 72.875 72.83750152587890625 72.5 74.7687530517578125 75.3562469482421875 76.8562469482421875 78.2937469482421875 80.28749847412109375 81.9812469482421875 82.58750152587890625 78.93125152587890625 75.0187530517578125 71.86875152587890625 70.19374847412109375 65.90000152587890625 62.30625152587890625 61.66249847412109375 59.72499847412109375 58.47499847412109375 57.362499237060546875 54.1875 52.706249237060546875 52.549999237060546875 52.012500762939453125 51.331249237060546875 49.106250762939453125 47.27500152587890625 45.424999237060546875 41.53125 37.9375 35.081249237060546875 32.91249847412109375 33.387500762939453125 31.1875 29.987499237060546875 31.631250381469726562 31.431249618530273438 31.237499237060546875 31.993749618530273438
73.55625152587890625 72.59375 70.40625 68.96875 68.3249969482421875 68.31874847412109375 69.6062469482421875 71.1062469482421875 71.875 74.30625152587890625 76.4375 77.46875 80.5 77.97499847412109375 76.0812530517578125 75.52500152587890625 73.5500030517578125 69.6374969482421875 65.8000030517578125 63.03125 60.956249237060546875 58.0625 56.887500762939453125 56.38124847412109375 54.19374847412109375 53.15000152587890625 52.625 52.450000762939453125 51.331249237060546875 48.887500762939453125 47.94374847412109375 45.71875 41.125 36.59375 33.53749847412109375 31.443750381469726562 31.075000762939453125 29.46875 28.1875 27.237499237060546875 27.606250762939453125 27.424999237060546875 27.856250762939453125
68.7687530517578125 67.7312469482421875 65.08750152587890625 64.8562469482421875 66.15000152587890625 66.28125 66.96250152587890625 68 69.63124847412109375 70.71875 71.34999847412109375 73.2937469482421875 73.99375152587890625 75.3562469482421875 75.3874969482421875 74.3312530517578125 70.7624969482421875 67.11875152587890625 64.08750152587890625 61.731250762939453125 59.549999237060546875 57.49375152587890625 54.90625 54.168750762939453125 53.75 52.450000762939453125 52.66249847412109375 52.59375 51.36875152587890625 50.69374847412109375 48.18125152587890625 45.143749237060546875 40.90000152587890625 36.13124847412109375 32.56874847412109375 29.956249237060546875 28.575000762939453125 26.181249618530273438 25.581249237060546875 24.887500762939453125 25.075000762939453125 24.962499618530273438 24.881250381469726562
63.668750762939453125 62.88124847412109375 62.16249847412109375 62.36875152587890625 61.99375152587890625 62.68125152587890625 63.737499237060546875 65.38124847412109375 66.1374969482421875 67.5812530517578125 70.8562469482421875 72.0124969482421875 73.47499847412109375 76.4812469482421875 77 73.90625 70.34375 68.40000152587890625 65.3562469482421875 62.63124847412109375 59.143749237060546875 56.5 55.018749237060546875 54.66249847412109375 53.8125 53.13124847412109375 53.05625152587890625 52.69374847412109375 52.299999237060546875 51.125 48.69374847412109375 44.481250762939453125 40.456249237060546875 36.731250762939453125 32.581249237060546875 29.681249618530273438 27.174999237060546875 24.668750762939453125 23.78125 23.774999618530273438 23.524999618530273438 23.037500381469726562 22.287500381469726562
58.575000762939453125 58.81874847412109375 59.94374847412109375 59.9375 59.4375 59.80625152587890625 61.637500762939453125 62.05625152587890625 62.706249237060546875 63.83750152587890625 67.44374847412109375 71.03749847412109375 73.19374847412109375 74.4375 74.0749969482421875 73.7624969482421875 72.47499847412109375 68.91249847412109375 64.38124847412109375 61.762500762939453125 59.299999237060546875 56.46875 55.78749847412109375 54.40625 54.3125 52.924999237060546875 53.78125 53.606250762939453125 54.081249237060546875 51.950000762939453125 49.587497711181640625 46.143749237060546875 40.268749237060546875 35.83750152587890625 32.356250762939453125 29.399999618530273438 26.5 23.762500762939453125 22.693750381469726562 21.987499237060546875 20.862499237060546875 20.6875 20.143749237060546875
55.137500762939453125 54.34375 56.424999237060546875 58.012500762939453125 57.856250762939453125 56.799999237060546875 57.043750762939453125 58.44374847412109375 59.625 60.93125152587890625 66.46875 70.97499847412109375 73.9562530517578125 78.18125152587890625 78.11875152587890625 76 73.02500152587890625 67.6437530517578125 63.18125152587890625 58.418750762939453125 58.16249847412109375 54.887500762939453125 53.36875152587890625 52.53749847412109375 54.21875 53.90625 54.18125152587890625 53.41249847412109375 53.375 50.831249237060546875 48.625 45.700000762939453125 39.625 35.125 31.018749237060546875 28.462499618530273438 25.100000381469726562 23.424999237060546875 21.512500762939453125 20.46875 19.168750762939453125 18.237499237060546875 17.725000381469726562
52.77500152587890625 51.862499237060546875 53.043750762939453125 54.581249237060546875 55.1875 54.9375 55.25 55.543750762939453125 56.0625 57.299999237060546875 60.950000762939453125 68.96875 74.65000152587890625 78.03749847412109375 78.5437469482421875 77.02500152587890625 73.55625152587890625 66.71250152587890625 61.643749237060546875 56.46875 54.737499237060546875 54.31874847412109375 52.41249847412109375 51.825000762939453125 53.38124847412109375 53.200000762939453125 53.31874847412109375 52.762500762939453125 53.46875 50.462497711181640625 47.137500762939453125 44.25 39.40000152587890625 34.61875152587890625 30.081249237060546875 27.712499618530273438 25.731250762939453125 23.03125 21.431249618530273438 20.481250762939453125 19.081249237060546875 17.806249618530273438 17.024999618530273438
49.112499237060546875 50.106250762939453125 49.924999237060546875 51.487499237060546875 52.918750762939453125 52.987499237060546875 53.19374847412109375 54.393749237060546875 54.668750762939453125 53.27500152587890625 59.21250152587890625 69.7062530517578125 76.3000030517578125 77.99375152587890625 78.59999847412109375 77.0749969482421875 74.27500152587890625 68.28125 62.68125152587890625 55.78749847412109375 53.13124847412109375 53.387500762939453125 51.587497711181640625 51.58750152587890625 51.63124847412109375 51.8125 53.33750152587890625 52.762500762939453125 51.94374847412109375 48.168750762939453125 46.19374847412109375 42.356250762939453125 38.418750762939453125 34.40625 30.056249618530273438 27.649999618530273438 25.75 23.78125 21.681249618530273438 19.993749618530273438 18.518749237060546875 17.731250762939453125 16.368749618530273438
45.612499237060546875 46.737499237060546875 47.700000762939453125 49.74375152587890625 50.643749237060546875 51.40625 52.63124847412109375 53.84375 55.168750762939453125 53.66249847412109375 63.78125 73.7624969482421875 77.46250152587890625 79.75 78.11875152587890625 76.3625030517578125 73.3249969482421875 68.3625030517578125 63.61875152587890625 57.825000762939453125 54.08750152587890625 52.700000762939453125 50.21875 50.5 50.21250152587890625 51.55625152587890625 52.825000762939453125 52.09375 51.03749847412109375 46.731250762939453125 43.52500152587890625 41.481250762939453125 38.125 33.700000762939453125 29.78125 27.693750381469726562 25.662500381469726562 23.393749237060546875 22.606250762939453125 20.475000381469726562 18.637500762939453125 17.956249237060546875 16.337499618530273438
