data/historical-monthly-weather-data/wc2.1_cruts4.09_10m_prec_1957-09.asc
ncols        51
nrows        45
xllcorner    -63.500000000000
yllcorner    -7.500000000000
cellsize     0.166666666667
NODATA_value -9999
[rows 19 to 37 of 45, columns 0 to 43 of 51]
108.59999847412109375 104.5 99.65000152587890625 95.78749847412109375 92.25624847412109375 90.05625152587890625 86.99375152587890625 83.40625 81.7687530517578125 78.9375 75.19374847412109375 68.96875 62.143749237060546875 55.66249847412109375 49.88124847412109375 45.16249847412109375 40.137500762939453125 37.481250762939453125 34.30625152587890625 32.53125 29.162500381469726562 26.081249237060546875 24.631250381469726562 26.668750762939453125 28.893749237060546875 30.431249618530273438 33.13124847412109375 35.887500762939453125 36.72499847412109375 36.981250762939453125 38.15625 44.362499237060546875 48.768749237060546875 54.30625152587890625 58.168750762939453125 56.84999847412109375 54.762500762939453125 53.125 50.831249237060546875 46.950000762939453125 41.47499847412109375 35.46875 32.94374847412109375 31.850000381469726562
103.06874847412109375 100.09999847412109375 96.5187530517578125 93.0437469482421875 89.6062469482421875 87 84.6875 81.96875 81.03125 79.15625 75.69374847412109375 70.5124969482421875 64.03125 57.09375 51.606250762939453125 45.831249237060546875 40.81874847412109375 37.08750152587890625 34.96875 32.13124847412109375 29.993749618530273438 27.862499237060546875 26.143749237060546875 28.34375 31.262500762939453125 33.38124847412109375 36.049999237060546875 38.1875 39.99375152587890625 42.956249237060546875 46.33750152587890625 52.43125152587890625 57.556247711181640625 64.25 71.61875152587890625 67.50624847412109375 60.28749847412109375 55.5625 51.393749237060546875 47.375 43.33750152587890625 39.03749847412109375 36.44374847412109375 35.075000762939453125
98.9812469482421875 95.0500030517578125 91.8125 88.8249969482421875 86.53749847412109375 85.0124969482421875 82.8937530517578125 81.24375152587890625 80.71250152587890625 79.3562469482421875 76.59375 72.3312530517578125 67.3625030517578125 61.27500152587890625 55.206249237060546875 48.61875152587890625 43.356250762939453125 39.15000152587890625 36.575000762939453125 33.581249237060546875 30.587499618530273438 28.556249618530273438 27.149999618530273438 29.493749618530273438 32.25 34.950000762939453125 39.08750152587890625 41.950000762939453125 45.46875 49.518749237060546875 53.72499847412109375 59.09999847412109375 63.674999237060546875 69.15625 71.63124847412109375 68.55625152587890625 61.83750152587890625 57.043750762939453125 52.56874847412109375 49.137500762939453125 46.21250152587890625 43.325000762939453125 41.66249847412109375 40.25
95.61875152587890625 92.84999847412109375 89.03125 86.3125 84.0187530517578125 82.7624969482421875 81.63124847412109375 80.5749969482421875 81.0625 79.69374847412109375 78.5187530517578125 75.41249847412109375 72.36875152587890625 67.06874847412109375 59.31874847412109375 52.15625 45.987499237060546875 41.700000762939453125 38.00624847412109375 34.77500152587890625 31.962499618530273438 29.924999237060546875 28.431249618530273438 30.4375 33.63124847412109375 36.625 40.950000762939453125 45.668750762939453125 49.737499237060546875 54.00624847412109375 59.27500152587890625 65.2312469482421875 68.3000030517578125 70.71875 70.5124969482421875 65.84375 61.19374847412109375 57.02500152587890625 53.58750152587890625 51.706249237060546875 50.4375 48.22499847412109375 46.762500762939453125 45.41249847412109375
94.38124847412109375 90.5812530517578125 87.38124847412109375 84.08750152587890625 81.16249847412109375 81.03749847412109375 80.5500030517578125 79.65000152587890625 80.1687469482421875 79.40000152587890625 78.2375030517578125 77.3125 76.4875030517578125 71.2937469482421875 62.65000152587890625 54.875 48.53749847412109375 43.97499847412109375 40.0625 36.337497711181640625 33.581249237060546875 31.225000381469726562 30.012500762939453125 32.36875152587890625 35.53125 38.36875152587890625 42.81874847412109375 47.80625152587890625 53.393749237060546875 58.33750152587890625 63.637500762939453125 69.63124847412109375 71.47499847412109375 72.4250030517578125 71.6875 66.4250030517578125 62.78125 60.21875 57.46250152587890625 56.612499237060546875 55.44374847412109375 53.487499237060546875 52.41249847412109375 51.1875
94.4250030517578125 90.0500030517578125 86.0187530517578125 82.2062530517578125 81.28749847412109375 80.71250152587890625 79.94374847412109375 79.2375030517578125 79.3312530517578125 79.1437530517578125 78.4812469482421875 77.0749969482421875 75.59999847412109375 71.8125 64.40625 56.90000152587890625 50.756252288818359375 45.78749847412109375 41.543750762939453125 37.950000762939453125 35.3125 32.86875152587890625 31.987499237060546875 34.674999237060546875 37.387500762939453125 40.97499847412109375 45.71875 51.15000152587890625 56.981250762939453125 62.53125 67.77500152587890625 73.1875 75.5 75.9187469482421875 74.4499969482421875 70.1875 67.9499969482421875 65.90000152587890625 63.24375152587890625 62.00624847412109375 60.762500762939453125 59.424999237060546875 58.44374847412109375 58.450000762939453125
96.3937530517578125 93.0124969482421875 87.3625030517578125 83.94374847412109375 81.19374847412109375 80.28125 79.8125 78.9562530517578125 78.78125 78.72499847412109375 77.3312530517578125 76.1999969482421875 74.6125030517578125 71.25624847412109375 65.03125 58.418750762939453125 52.325000762939453125 47.58750152587890625 43.16249847412109375 39.375 36.831249237060546875 34.456249237060546875 33.75624847412109375 36.80625152587890625 39.950000762939453125 43.33750152587890625 49.043750762939453125 55.418750762939453125 61.27500152587890625 67.03749847412109375 72.34375 78.09999847412109375 79.05625152587890625 79.2624969482421875 78.8937530517578125 77.15000152587890625 74.6999969482421875 72.875 71.125 69.18125152587890625 68.2687530517578125 66.31874847412109375 65.0124969482421875 65.3000030517578125
99.46250152587890625 94.98749542236328125 89.99375152587890625 86.5 83.0500030517578125 81.9812469482421875 80.7687530517578125 79.16249847412109375 77.9875030517578125 77.7062530517578125 77.06874847412109375 76.25 74.5437469482421875 71.93125152587890625 66.3625030517578125 60.25 54.96250152587890625 49.81874847412109375 45.375 41.46250152587890625 39.05625152587890625 36.674999237060546875 35.78125 39.731250762939453125 43.06874847412109375 46.96875 53.15000152587890625 59.40000152587890625 65.69374847412109375 71.2687530517578125 76.5 81.3249969482421875 83.9499969482421875 84.83750152587890625 84.5187530517578125 84.09375 83.21250152587890625 81.6875 79.9499969482421875 78.2312469482421875 76.3562469482421875 74.24375152587890625 72.7375030517578125 71.1999969482421875
102.41249847412109375 98.00624847412109375 93.55625152587890625 88.9375 85.68125152587890625 83.6750030517578125 82.0812530517578125 80.13124847412109375 78.34999847412109375 77.90000152587890625 76.875 76.0812530517578125 74.78749847412109375 73.2062530517578125 67.8125 62.18125152587890625 56.96875 51.97499847412109375 47.49375152587890625 43.81874847412109375 41.30625152587890625 39.06874847412109375 38.174999237060546875 42.21250152587890625 46.5625 50.69374847412109375 57.09375 63.793750762939453125 70.43125152587890625 76.3625030517578125 80.84375 85.66249847412109375 89.1437530517578125 90.5 91.40625 91.5812530517578125 92.8000030517578125 92.8125 90.96250152587890625 88.86875152587890625 86.7624969482421875 84.08750152587890625 79.94374847412109375 78.15625
105.8312530517578125 101.15625 95.8625030517578125 91.0437469482421875 87.31874847412109375 84.63124847412109375 82.375 80.4812469482421875 78.90625 77.77500152587890625 76.46875 75.6062469482421875 75.46250152587890625 73.77500152587890625 68.78125 64.50624847412109375 60.362499237060546875 54.1875 49.55625152587890625 45.96250152587890625 43.71875 41.743747711181640625 41.006252288818359375 45.450000762939453125 49.706249237060546875 54.59375 61.375 68.875 76.61875152587890625 81.46250152587890625 85.34375 89.8874969482421875 93.21875 96.0124969482421875 99.29375457763671875 100.24375152587890625 103.24375152587890625 105.22499847412109375 104.03125 101.53125 96.6437530517578125 91.46250152587890625 87.94374847412109375 86.0625
109.3874969482421875 104.66249847412109375 98.21250152587890625 93.00624847412109375 88.9375 86.3000030517578125 83.9562530517578125 81.7687530517578125 79.9812469482421875 78.375 76.8125 76.66249847412109375 76.40000152587890625 75.16249847412109375 71.6125030517578125 67.2687530517578125 62.918750762939453125 57.81874847412109375 52.77500152587890625 49.09999847412109375 47.125 45.53125 44.450000762939453125 48.72499847412109375 53.887500762939453125 59.625 66.375 73.59999847412109375 80.55625152587890625 85.9562530517578125 90.97499847412109375 95.9187469482421875 99.47499847412109375 103.1125030517578125 107.69374847412109375 110.65000152587890625 115.34999847412109375 120.30625152587890625 117.72499847412109375 117.7062530517578125 114.65000152587890625 108 102.1062469482421875 99.43125152587890625
110.8874969482421875 106.5437469482421875 101.2687530517578125 95.19374847412109375 91.3000030517578125 88.7624969482421875 85.44374847412109375 82.83750152587890625 81.21250152587890625 79.7624969482421875 78.0500030517578125 77.6875 78.78125 77.4499969482421875 73.99375152587890625 70.1374969482421875 66.96250152587890625 62.049999237060546875 56.956249237060546875 53.575000762939453125 51.46875 50.012500762939453125 49.09375 53.30625152587890625 58.46250152587890625 64.50624847412109375 71.36875152587890625 78.4499969482421875 85.46875 89.8000030517578125 95.71875 101.33750152587890625 105.50624847412109375 111.7312469482421875 117.4875030517578125 120.6750030517578125 127.09375 134.59375 135.40625 135.8562469482421875 133.037506103515625 125.10625457763671875 117.8625030517578125 113.48125457763671875
113.0625 107.6374969482421875 102.21250152587890625 97.2624969482421875 94.36875152587890625 90.83750152587890625 87.52500152587890625 84.78125 83.28749847412109375 81.43125152587890625 79.96250152587890625 79.47499847412109375 79.22499847412109375 79.15625 77.1437530517578125 75.1062469482421875 71.88124847412109375 67.21250152587890625 62.84999847412109375 59.83750152587890625 57.768749237060546875 55.09999847412109375 54.106250762939453125 58.125 64.2937469482421875 69.34375 75.8000030517578125 83.75624847412109375 90.6999969482421875 95.43125152587890625 101.30625152587890625 106.16249847412109375 111.80625152587890625 118.7624969482421875 125.28749847412109375 129.90625 137.4499969482421875 144.818756103515625 147.3000030517578125 149.368743896484375 149.162506103515625 141.162506103515625 134.15625 128.46875
112.1125030517578125 107.9562530517578125 102.7312469482421875 98.72499847412109375 96.06874847412109375 93.1125030517578125 90.53749847412109375 87.43125152587890625 85.7375030517578125 83.5124969482421875 84.05625152587890625 82.75 82.7687530517578125 84.16249847412109375 82.74375152587890625 81.8312530517578125 79.6750030517578125 76.21875 71.9499969482421875 68.8000030517578125 65.97499847412109375 62.96875 60.8125 64.55625152587890625 70.0500030517578125 74.3874969482421875 80.78749847412109375 88.3625030517578125 95.36875152587890625 101.71250152587890625 107.11875152587890625 112.7062530517578125 118.34375 125.9250030517578125 134.0625 139.4812469482421875 146.5124969482421875 152.3937530517578125 156.09375 160.9562530517578125 162.5625 156.693756103515625 151.631256103515625 146.34375
109.83750152587890625 107.11875152587890625 103.74375152587890625 100.4812469482421875 97.78125 95.25624847412109375 93.3249969482421875 90.72499847412109375 88.3937530517578125 86.96875 86.2312469482421875 87.1687469482421875 87.2937469482421875 87.28125 87.84375 88.00624847412109375 88.2312469482421875 85.55625152587890625 82.1437530517578125 78.9499969482421875 75.5625 71.56874847412109375 68.65625 71.21250152587890625 75.1750030517578125 78.9187469482421875 85.1750030517578125 92.5812530517578125 99.24375152587890625 105.78125 112.3249969482421875 118.75624847412109375 125.41249847412109375 133.056243896484375 141.806243896484375 150.3000030517578125 155.899993896484375 161.493743896484375 166.6437530517578125 170.7687530517578125 173.28125 172.087493896484375 170.3562469482421875 166.8000030517578125
108.47499847412109375 106.4250030517578125 104.1437530517578125 102.34999847412109375 100.44374847412109375 97.72499847412109375 96.3874969482421875 94.1750030517578125 91.1437530517578125 89.8562469482421875 90.0749969482421875 91.9187469482421875 92.36875152587890625 92.8249969482421875 94.28125 96.03125 97.02500152587890625 94.5124969482421875 92.93125152587890625 89.625 86.1374969482421875 81.34375 76.78749847412109375 77.99375152587890625 80.0187530517578125 83.6999969482421875 90.15625 96.71875 103.1687469482421875 109.65000152587890625 116.5500030517578125 122.90625 130.6062469482421875 139.256256103515625 147.6437530517578125 154.7687530517578125 162.225006103515625 170.962493896484375 175.4875030517578125 181.024993896484375 182.006256103515625 181.162506103515625 183.3000030517578125 181.0124969482421875
106.96250152587890625 104.83750152587890625 103.5437469482421875 102.3000030517578125 100.8625030517578125 99.19374847412109375 97.2312469482421875 96.3625030517578125 94.27500152587890625 92.90625 93.9187469482421875 95.9250030517578125 98.0749969482421875 99.7687530517578125 101.68125152587890625 104.1687469482421875 105.53749847412109375 104.44374847412109375 103.3874969482421875 101.6875 96.8249969482421875 91.38124847412109375 85.40625 84.8562469482421875 86.0500030517578125 88.34375 93.4562530517578125 99.5749969482421875 105.66249847412109375 111.95624542236328125 119.25 126.41249847412109375 133.5500030517578125 142.375 150.7062530517578125 156.53125 166.162506103515625 173.4875030517578125 178.0500030517578125 182.8125 186.6875 186.287506103515625 186.899993896484375 186.9562530517578125
105.46875 103.8874969482421875 102.66249847412109375 101.3562469482421875 101.2375030517578125 100.16249847412109375 99.28125 98.5625 97.5187530517578125 95.8125 98.3562469482421875 104.0124969482421875 106.65625 108.3125 110.8125 112.74375152587890625 114.7624969482421875 113.09999847412109375 111.65000152587890625 109.78749847412109375 106.00624847412109375 98.99375152587890625 92.86875152587890625 90.8312530517578125 90.8562469482421875 92.3625030517578125 96.22499847412109375 101.08750152587890625 106.6437530517578125 113.5625 120.84375 128.5437469482421875 136.850006103515625 145.818756103515625 154.1999969482421875 160.9375 168.9499969482421875 176.912506103515625 180.1999969482421875 183.618743896484375 187.118743896484375 187.0625 189.75 191.9250030517578125
103.65625 102.94374847412109375 102.2375030517578125 100.97499847412109375 101.39374542236328125 101.56874847412109375 101.68125152587890625 102.16249847412109375 102.41249847412109375 101.4375 110.4812469482421875 115.80625152587890625 116.8937530517578125 117.6437530517578125 119.6750030517578125 121.90625 121.93125152587890625 120.4187469482421875 117.53125 114.30625152587890625 111.1437530517578125 104.6687469482421875 98.94374847412109375 95.9187469482421875 94.6062469482421875 94.7687530517578125 98.5187530517578125 102.96875 107.90625 115.03749847412109375 120.6750030517578125 128.125 136.837493896484375 147.725006103515625 156.8874969482421875 160.8562469482421875 168.149993896484375 175.1999969482421875 181.381256103515625 185.774993896484375 186.662506103515625 190.662506103515625 190.4250030517578125 191.71875
