data/historical-monthly-weather-data/wc2.1_cruts4.09_10m_prec_1973-01.asc
ncols        45
nrows        45
xllcorner    -63.500000000000
yllcorner    -7.500000000000
cellsize     0.166666666667
NODATA_value -9999
[rows 20 to 39 of 45, columns 0 to 43 of 45]
226.431243896484375 229.0812530517578125 232.2937469482421875 237.006256103515625 241.9375 248.0500030517578125 254.6999969482421875 259.25 262.48126220703125 263.6875 263.868743896484375 264.04998779296875 266.54376220703125 269.462493896484375 258.131256103515625 239.09375 224.662506103515625 214.818756103515625 210.1125030517578125 204.8312530517578125 199.1374969482421875 191.8937530517578125 184.53125 182.3312530517578125 181.337493896484375 181.006256103515625 182.725006103515625 185.243743896484375 187.6875 191.3625030517578125 191.118743896484375 186.975006103515625 175.0500030517578125 162.4187469482421875 151.493743896484375 157.506256103515625 168.6687469482421875 175.149993896484375 174.8125 168.537506103515625 158.8000030517578125 150.2062530517578125 144.03125 139.2937469482421875
223.1750030517578125 224.6687469482421875 227.8000030517578125 233.5749969482421875 240.5250091552734375 247.181243896484375 253.7312469482421875 260.056243896484375 263.45001220703125 261.024993896484375 256.556243896484375 249.9499969482421875 246.181243896484375 245.2312469482421875 239.8874969482421875 229.6875 221.5625 214.381256103515625 209.09375 204.337493896484375 197.006256103515625 190.368743896484375 184.881256103515625 183.056243896484375 182.2937469482421875 182.5187530517578125 186.1125030517578125 187.5187530517578125 188.100006103515625 189.5437469482421875 187.3562469482421875 183.225006103515625 174.524993896484375 167.2312469482421875 162.2062530517578125 167.3000030517578125 178.524993896484375 186.649993896484375 185.6437530517578125 176.9187469482421875 165.068756103515625 155.03125 147.4562530517578125 141.5
220.225006103515625 221.6875 223.2375030517578125 228.8312530517578125 237.193756103515625 245.7624969482421875 252.8000030517578125 259.868743896484375 265.26873779296875 258.787506103515625 247.337493896484375 233.618743896484375 224.0749969482421875 222.506256103515625 223.368743896484375 221.100006103515625 216.443756103515625 211.4187469482421875 206.662506103515625 201.875 195.4375 188.868743896484375 183.131256103515625 181.15625 181.6062469482421875 183.443756103515625 187.8937530517578125 189.024993896484375 188.318756103515625 187.46875 184.7312469482421875 181.7937469482421875 178.399993896484375 175.1125030517578125 174.3000030517578125 178.618743896484375 189.5187530517578125 201.912506103515625 198.7687530517578125 184.2624969482421875 169.8312530517578125 159.037506103515625 149.399993896484375 142.462493896484375
217.9562530517578125 217.4812469482421875 217.912506103515625 224.181243896484375 234.243743896484375 242.7312469482421875 250.649993896484375 257.60626220703125 261.037506103515625 252.25 238.350006103515625 223.462493896484375 207.6125030517578125 208.787506103515625 214.21875 215.0124969482421875 212.600006103515625 208.774993896484375 204.71875 200.4562530517578125 193.5124969482421875 186.8625030517578125 181.225006103515625 179.068756103515625 180.368743896484375 182.462493896484375 188.125 189.0749969482421875 188.431243896484375 189.15625 188.625 188.2687530517578125 186.3249969482421875 184.743743896484375 184.9375 188.4250030517578125 196.149993896484375 205.21875 201 186.306243896484375 171.3562469482421875 159.8312530517578125 150.068756103515625 142.84375
216.9250030517578125 215.21875 214.21875 222.818756103515625 235.600006103515625 242.8562469482421875 248.6875 253.28125 253.118743896484375 246.1999969482421875 234.743743896484375 222.4187469482421875 212.0437469482421875 210.5625 212.118743896484375 212.8937530517578125 211.368743896484375 208.725006103515625 204.399993896484375 198.7687530517578125 191.6687469482421875 184.1374969482421875 178.125 175.6374969482421875 176.712493896484375 180.0437469482421875 185.0625 188.837493896484375 190.162506103515625 193.6374969482421875 196.1437530517578125 198.875 196.493743896484375 194.9187469482421875 194.5 194.8125 198 198.5500030517578125 193.5187530517578125 182.7312469482421875 169.4250030517578125 158.6750030517578125 149.4375 143.149993896484375
221.3249969482421875 221.7375030517578125 222.03125 229.9375 239.068756103515625 244.6812591552734375 248.1125030517578125 249.131256103515625 247.212493896484375 241.318756103515625 233.556243896484375 226.0625 219.243743896484375 216.399993896484375 214.7687530517578125 213.90625 212.5187530517578125 209.8562469482421875 205.368743896484375 198.931243896484375 191.7375030517578125 182.4250030517578125 175.337493896484375 171.3249969482421875 173.100006103515625 177.774993896484375 184.9187469482421875 189.943756103515625 193.78125 197.9375 204.3249969482421875 209.5625 207.8125 204.3375091552734375 202.4187469482421875 199.59375 197.837493896484375 193.6875 187.4499969482421875 177.756256103515625 166.3249969482421875 156.21875 146.9812469482421875 141.381256103515625
230.399993896484375 232.087493896484375 234.6750030517578125 240.1374969482421875 245.53125 248.6750030517578125 250.3000030517578125 248.4812469482421875 245.537506103515625 241.7375030517578125 236.399993896484375 231.631256103515625 227.21875 224.6374969482421875 221.4562530517578125 219.5812530517578125 217.431243896484375 214.243743896484375 210.0625 202.4875030517578125 193.6062469482421875 184.8562469482421875 175.399993896484375 170.568756103515625 174.381256103515625 179.318756103515625 186.84375 193.193756103515625 198.743743896484375 204.556243896484375 212.6062469482421875 218.7375030517578125 217.2062530517578125 212.21875 207.1875 202.8937530517578125 198.587493896484375 191.631256103515625 183.7624969482421875 174.8125 163.899993896484375 153.7062530517578125 145.100006103515625 140.125
242.149993896484375 244.0437469482421875 247.506256103515625 251.3312530517578125 254.5187530517578125 254.431243896484375 253.287506103515625 249.9499969482421875 247.0124969482421875 243.2312469482421875 239.2624969482421875 236.7062530517578125 233.618743896484375 231.524993896484375 228.0749969482421875 225.618743896484375 222.743743896484375 220.943756103515625 215.0749969482421875 208.1374969482421875 200.337493896484375 190.443756103515625 183.774993896484375 179.6875 181.149993896484375 184.5500030517578125 191.625 197.931243896484375 204.3000030517578125 211.931243896484375 219.5 225.6062469482421875 222.8499908447265625 216.318756103515625 210.1999969482421875 204.65625 198.1875 190.743743896484375 183.0625 173.5187530517578125 163.5187530517578125 153.943756103515625 144.756256103515625 140.6875
252.65625 255.8812408447265625 258.975006103515625 262.524993896484375 264.131256103515625 261.21875 256.28125 252.443756103515625 248.725006103515625 245.46875 242.712493896484375 241.0187530517578125 239.399993896484375 239.337493896484375 236.256256103515625 234.131256103515625 232.9187469482421875 229.443756103515625 223.943756103515625 216.7937469482421875 208.556243896484375 199.287506103515625 193.1374969482421875 189.9499969482421875 189.868743896484375 191.6437530517578125 198.21875 204.53125 211.6374969482421875 219.15625 225.743743896484375 230.943756103515625 226.9250030517578125 220.3000030517578125 213.59375 206.6687469482421875 199.975006103515625 191.912506103515625 184.443756103515625 174.8937530517578125 163.8874969482421875 155.131256103515625 148.5 148.2062530517578125
261.95001220703125 265.399993896484375 269.625 273.76873779296875 274.11248779296875 267.95001220703125 260.63751220703125 255.8125 251.75 248.0500030517578125 246.4187469482421875 246.71875 246.7937469482421875 247.662506103515625 246.350006103515625 244.524993896484375 242.8625030517578125 240.1437530517578125 235.774993896484375 227.618743896484375 218.899993896484375 211.1437530517578125 204.537506103515625 201.1374969482421875 200.787506103515625 202.193756103515625 207.868743896484375 213.662506103515625 220.3562469482421875 226.2687530517578125 232.212493896484375 236.287506103515625 231.068756103515625 224.9812469482421875 217.806243896484375 210.7937469482421875 203.3937530517578125 196.21875 188.4875030517578125 179.787506103515625 170.75 164.1875 159.8312530517578125 160.212493896484375
268.85626220703125 272.51873779296875 275.0625 278.881256103515625 280.056243896484375 270.79998779296875 263.381256103515625 257.45001220703125 253.537506103515625 250.899993896484375 250.4562530517578125 252.0437469482421875 253.7312469482421875 254.9499969482421875 255.212493896484375 254.2624969482421875 253.8125 251.850006103515625 247.59375 239.506256103515625 230.193756103515625 221.837493896484375 216.1062469482421875 212.6125030517578125 211.4812469482421875 213.399993896484375 218.6374969482421875 223.837493896484375 230.431243896484375 234.4875030517578125 239 241.931243896484375 235.993743896484375 229.618743896484375 222.3937530517578125 215.2375030517578125 207.506256103515625 201.0625 194.4187469482421875 186.4187469482421875 179.118743896484375 174.2687530517578125 171.318756103515625 170.0437469482421875
272.98126220703125 275.79376220703125 276.92498779296875 278.28125 277.08123779296875 269.67498779296875 264.23748779296875 257.818756103515625 254.600006103515625 252.71875 252.96875 255.756256103515625 259.01251220703125 262.51251220703125 264.149993896484375 264.068756103515625 262.88751220703125 260.42498779296875 255.068756103515625 248.1875 239.068756103515625 231.131256103515625 226.0625 222.7687530517578125 222.787506103515625 224.2937469482421875 228.649993896484375 234.0187530517578125 239.162506103515625 242.962493896484375 245.931243896484375 247.462493896484375 241.506256103515625 234.9250030517578125 227.743743896484375 220.0124969482421875 213.4250030517578125 205.7937469482421875 198.9375 192.318756103515625 187.943756103515625 184.7624969482421875 182.90625 183.475006103515625
274.193756103515625 276.20001220703125 277.131256103515625 277.306243896484375 274.46875 268.274993896484375 262.306243896484375 256.962493896484375 253.15625 253.4875030517578125 256.506256103515625 260.875 267.26873779296875 273.53125 274.912506103515625 274.693756103515625 273 268.6875 262.64373779296875 256.33123779296875 248.181243896484375 240.8937530517578125 235.6687469482421875 234.3125 234.368743896484375 236.318756103515625 240.3937530517578125 244.2687530517578125 249.1437530517578125 253.0437469482421875 254.568756103515625 254.056243896484375 248.506256103515625 242.524993896484375 234.962493896484375 227.8000030517578125 220.625 213.100006103515625 205.881256103515625 202.21875 198.4562530517578125 196.587493896484375 196.3249969482421875 198.568756103515625
274.15625 275.5625 275.65625 275.1875 271.25 265.931243896484375 260.73126220703125 255.381256103515625 252.243743896484375 252.087493896484375 256.5625 265.9437255859375 275.962493896484375 283.28125 285.149993896484375 284.46875 283.51873779296875 278.850006103515625 271.26251220703125 263.868743896484375 256.70001220703125 250.3312530517578125 245.6999969482421875 244.65625 245.2624969482421875 246.993743896484375 250.556243896484375 255.193756103515625 260.58123779296875 262.381256103515625 263.53125 262.39373779296875 256.39373779296875 250.84375 243.600006103515625 236.09375 228.100006103515625 219.5437469482421875 214.318756103515625 211.068756103515625 207.5124969482421875 207 208.2312469482421875 211.568756103515625
275.568756103515625 275.381256103515625 274.79998779296875 272.743743896484375 269.20001220703125 264.48748779296875 258.537506103515625 253.125 248.21875 249.09375 256.931243896484375 270.024993896484375 285.45001220703125 295.79998779296875 297.33123779296875 295.431243896484375 293.475006103515625 287.21875 279.256256103515625 270.21875 264.42498779296875 258.875 254.837493896484375 254.037506103515625 255.318756103515625 256.318756103515625 260.75 266.056243896484375 271.225006103515625 271.54376220703125 271.693756103515625 270.806243896484375 265.21875 258.85626220703125 251.4562530517578125 243.5 234.4875030517578125 227.681243896484375 222.9562530517578125 218.875 215.774993896484375 215.087493896484375 216.7937469482421875 219.8937530517578125
278.181243896484375 276.8125 275.25 272.41876220703125 268.556243896484375 262.5 256.73748779296875 249.8312530517578125 243.6374969482421875 243.4812469482421875 253.850006103515625 272.443756103515625 292.13751220703125 304.84375 307.225006103515625 305.76873779296875 302.51873779296875 295.587493896484375 287.056243896484375 277.73748779296875 271.556243896484375 267.09375 262.912506103515625 261.931243896484375 263.29998779296875 265.51873779296875 269.787506103515625 275.28125 280.787506103515625 280.568756103515625 280.84375 279.381256103515625 274.95623779296875 269.274993896484375 261.95001220703125 252.9312591552734375 245.881256103515625 238.09375 231.7312469482421875 227.4187469482421875 224.256256103515625 223.774993896484375 224.53125 227.1125030517578125
280.875 278.9375 275.91876220703125 272.54998779296875 268.33123779296875 262.65625 257.51873779296875 249.743743896484375 240.8125 235.375 250.9562530517578125 279.9375 301.13751220703125 311.743743896484375 315.412506103515625 314.818756103515625 311.524993896484375 303.962493896484375 294.83123779296875 284.82501220703125 279.16876220703125 273.618743896484375 269.95623779296875 269.3125 271.256256103515625 274.45001220703125 278.993743896484375 285.181243896484375 290.649993896484375 290.45623779296875 290.08123779296875 288.42498779296875 285.03125 280.25 273.23126220703125 264.475006103515625 256.23748779296875 247.3249969482421875 240.9250030517578125 235.3249969482421875 230.4187469482421875 229.462493896484375 230.65625 232.212493896484375
283.662506103515625 281.068756103515625 277.368743896484375 274.25 270.4375 266.46875 261.600006103515625 255.03125 247.506256103515625 240.3312530517578125 269.84375 300.38751220703125 314.71875 321.431243896484375 324.543731689453125 323.78125 319.65625 312.493743896484375 303.54998779296875 293.23126220703125 286.556243896484375 279.98126220703125 275.787506103515625 275.60626220703125 278.0625 282.256256103515625 286.649993896484375 292.943756103515625 298.899993896484375 299.462493896484375 298.39373779296875 295.756256103515625 292.98748779296875 289.45623779296875 282.95001220703125 274.225006103515625 264.475006103515625 255.600006103515625 248.943756103515625 242.256256103515625 236.006256103515625 235.162506103515625 234.756256103515625 234.368743896484375
288.537506103515625 283.524993896484375 280.28125 277.01251220703125 273.8125 270.64373779296875 266.943756103515625 265.537506103515625 268.48748779296875 283.756256103515625 319.399993896484375 327.131256103515625 329.306243896484375 332.106231689453125 333.524993896484375 331.518768310546875 327.98748779296875 319.64373779296875 309.91876220703125 299.787506103515625 290.881256103515625 283.83123779296875 279.600006103515625 279.600006103515625 281.83123779296875 285.993743896484375 291.07501220703125 297.70001220703125 304.368743896484375 306.61248779296875 305.912506103515625 303.556243896484375 300.11248779296875 295.08123779296875 290.962493896484375 282.1875 271.82501220703125 263.04376220703125 255.318756103515625 247.0625 240.5812530517578125 238.6999969482421875 237.193756103515625 237.3125
294.07501220703125 288.399993896484375 284.256256103515625 279.89373779296875 278.337493896484375 277 276 279.48748779296875 288.89373779296875 306.38751220703125 326.993743896484375 337.71875 340.587493896484375 342.63751220703125 342.38751220703125 340.537506103515625 336.649993896484375 328.45001220703125 316.850006103515625 305.475006103515625 293.45001220703125 286.17498779296875 281.83123779296875 281.774993896484375 284.662506103515625 288.712493896484375 294.46875 302.04998779296875 308.725006103515625 311.29376220703125 311.01873779296875 310.837493896484375 308.70623779296875 303.48748779296875 296.993743896484375 288.162506103515625 277.931243896484375 268.63751220703125 260.09375 251.0749969482421875 244.412506103515625 241.818756103515625 239.2624969482421875 238.625
