data/historical-monthly-weather-data/wc2.1_cruts4.09_10m_prec_1964-03.asc
ncols        51
nrows        45
xllcorner    -63.500000000000
yllcorner    -7.500000000000
cellsize     0.166666666667
NODATA_value -9999
[rows 0 to 19 of 45, columns 0 to 44 of 51]
235.431243896484375 234.65625 227.4187469482421875 225.818756103515625 221.5 214.7312469482421875 204.0187530517578125 193.375 183.806243896484375 177.875 175.7062530517578125 175.8312530517578125 176.368743896484375 174.7375030517578125 175.375 176.125 179.006256103515625 178.756256103515625 180.9250030517578125 182.7312469482421875 185.5500030517578125 187.4812469482421875 190.3625030517578125 193.068756103515625 197.9875030517578125 203.09375 209.600006103515625 219.506256103515625 228.0749969482421875 229.9812469482421875 234.899993896484375 237.2062530517578125 240.21875 245.09375 249.1999969482421875 253.149993896484375 255.875 259.16876220703125 264.29376220703125 268.29376220703125 272.631256103515625 277.04376220703125 280.09375 284.15625 285.625
247.787506103515625 249.193756103515625 249.6437530517578125 250.818756103515625 250.368743896484375 243.181243896484375 232.100006103515625 222.4562530517578125 215.21875 209.1687469482421875 205.8874969482421875 204.2375030517578125 203.037506103515625 200.7624969482421875 199.8125 199.59375 200.9250030517578125 202.681243896484375 204.625 206.84375 209.4875030517578125 211.84375 215.25 218.037506103515625 221.4187469482421875 225.5437469482421875 230.256256103515625 238.5437469482421875 244.8125 246.96875 250.3625030517578125 254.818756103515625 256.65625 262.64373779296875 265.01873779296875 269.725006103515625 274.125 277.61248779296875 282.79376220703125 286.54998779296875 291.73748779296875 295.881256103515625 298.64373779296875 302.056243896484375 304.181243896484375
255.9812469482421875 259.837493896484375 264.225006103515625 268.54376220703125 269.84375 264.59375 258.693756103515625 253.4250030517578125 247.9187469482421875 243.462493896484375 237.943756103515625 233.9812469482421875 231.625 228.6125030517578125 226.625 226.462493896484375 226.6750030517578125 228.443756103515625 229.618743896484375 231.25 234.25 237.375 239.6062469482421875 242.587493896484375 245.8874969482421875 247.96875 251.7937469482421875 258.3125 262.225006103515625 263.26873779296875 267.125 271.037506103515625 273.756256103515625 276.962493896484375 281.84375 284.431243896484375 289.131256103515625 294.4375 299.28125 304.34375 309.318756103515625 312.618743896484375 314.82501220703125 316.899993896484375 320.35626220703125
260.975006103515625 268.04998779296875 278.256256103515625 284.9375 289.23126220703125 286.118743896484375 284.193756103515625 283.462493896484375 282.3125 279.33123779296875 272.756256103515625 265.54376220703125 260.07501220703125 255.6125030517578125 253.46875 252.4625091552734375 253.6750030517578125 255.7062530517578125 256.91876220703125 257.71875 261.60626220703125 263.649993896484375 264.074981689453125 266.40625 269.11248779296875 270.5 273.03125 275.57501220703125 277.818756103515625 279.45623779296875 281.318756103515625 286.568756103515625 288.662506103515625 291.337493896484375 295.25 299.90625 305.25 310.975006103515625 317.54998779296875 322.26873779296875 325.600006103515625 329.26251220703125 331.337493896484375 332.125 335.45623779296875
273.70001220703125 279.73748779296875 288.34375 298.86248779296875 306.16876220703125 305.993743896484375 305.556243896484375 308.54998779296875 312.42498779296875 313.600006103515625 305.42498779296875 294.21875 287.087493896484375 283.53125 279.912506103515625 279.443756103515625 280.006256103515625 283.11248779296875 283.056243896484375 282.54998779296875 286.725006103515625 287.65625 288.912506103515625 291.08123779296875 292.58123779296875 293.33123779296875 292.36248779296875 292.756256103515625 295.84375 294.899993896484375 297.66876220703125 300.5 304.662506103515625 308.256256103515625 312.087493896484375 317.46875 322.82501220703125 328.26251220703125 335.86248779296875 340.03125 344.475006103515625 346.11248779296875 347.04376220703125 348.318756103515625 350.006256103515625
285.756256103515625 293.08123779296875 303.75 311.006256103515625 314.443756103515625 315.274993896484375 315.48748779296875 317.91876220703125 323.350006103515625 327.54998779296875 317.10626220703125 306.13751220703125 301.33123779296875 297.600006103515625 295.73126220703125 295.96875 297.693756103515625 301.42498779296875 303.63751220703125 303.618743896484375 306.675018310546875 308.61248779296875 310.037506103515625 310.48126220703125 310.82501220703125 311.73748779296875 309.98126220703125 308.100006103515625 308.07501220703125 308.82501220703125 310.899993896484375 314.82501220703125 318.23748779296875 325.975006103515625 332.95001220703125 338.33123779296875 346.17498779296875 352.51873779296875 360.212493896484375 365.76873779296875 367.631256103515625 368.90625 369.024993896484375 368.96875 369.17498779296875
295.931243896484375 303 312.29376220703125 316.649993896484375 317.118743896484375 316.42498779296875 315.837493896484375 314.70623779296875 314.256256103515625 313.73126220703125 312.41876220703125 308.70623779296875 307.54376220703125 306.756256103515625 307.20623779296875 308.67498779296875 311.475006103515625 315.162506103515625 318.23126220703125 322.64373779296875 324.975006103515625 328.14373779296875 329.21875 329.100006103515625 329.04376220703125 328.11248779296875 325.600006103515625 322.162506103515625 318.95623779296875 318.712493896484375 324.04998779296875 328.23126220703125 333.318756103515625 340.60626220703125 349.82501220703125 358.09375 366.043731689453125 373.88751220703125 385.26251220703125 388.95001220703125 386.912506103515625 387.899993896484375 387.306243896484375 386.75 388.868743896484375
301.95001220703125 308.274993896484375 314.618743896484375 318.662506103515625 320.318756103515625 318.506256103515625 313.024993896484375 304.48126220703125 296.3125 296.056243896484375 302.91876220703125 307.14373779296875 311.5625 314.6875 316.899993896484375 319.962493896484375 321.95001220703125 325.51251220703125 330.506256103515625 336.837493896484375 341.35626220703125 345.318756103515625 347.61248779296875 346.45623779296875 347.443756103515625 344.243743896484375 338.98748779296875 334.01251220703125 328.40625 328.212493896484375 332.212493896484375 340.100006103515625 345.712493896484375 354.381256103515625 364.88751220703125 373.899993896484375 383.1875 391.76873779296875 401.91876220703125 404.587493896484375 403.11248779296875 403.337493896484375 402.306243896484375 400.9375 401.475006103515625
307.09375 312.462493896484375 318.65625 322.59375 323.23748779296875 320.412506103515625 313.587493896484375 302.399993896484375 287.287506103515625 283.26251220703125 295.649993896484375 304.774993896484375 313.012481689453125 316.806243896484375 321.399993896484375 326.537506103515625 329.899993896484375 333.693756103515625 340.556243896484375 347.068756103515625 349.20001220703125 355.26873779296875 358.32501220703125 362.88751220703125 363.76873779296875 358.86248779296875 349.82501220703125 341.86248779296875 336.837493896484375 335.056243896484375 339.01251220703125 346.51873779296875 353.09375 361.787506103515625 371.8125 382.8125 395.149993896484375 404.5 414.3125 416.85626220703125 415.85626220703125 415.23748779296875 414.23126220703125 411.95001220703125 408.73126220703125
312.212493896484375 316.63751220703125 321.681243896484375 325.14373779296875 326.600006103515625 324.131256103515625 318.625 309.193756103515625 298.20001220703125 295.068756103515625 301.83123779296875 307.33123779296875 314.95001220703125 319.975006103515625 325.70001220703125 332.51251220703125 338.225006103515625 342.100006103515625 347.83123779296875 353.88751220703125 356.48126220703125 363.462493896484375 370.75 379.26251220703125 378.024993896484375 372.131256103515625 361.881256103515625 351.725006103515625 343.712493896484375 339.9375 341.95623779296875 350.618743896484375 359.21875 369.868743896484375 380.350006103515625 391.506256103515625 403.931243896484375 415.381256103515625 425.725006103515625 430.21875 430.65625 430.100006103515625 425.54376220703125 417.431243896484375 414.056243896484375
316.837493896484375 320.962493896484375 324.631256103515625 328.16876220703125 330.82501220703125 330.20001220703125 326.4375 318.54376220703125 311.59375 309.837493896484375 312.32501220703125 316.037506103515625 320.41876220703125 325.83123779296875 332.41876220703125 339.34375 345.61248779296875 349.462493896484375 353.23748779296875 358.51251220703125 363.8125 371.837493896484375 383.493743896484375 390.475006103515625 394.23748779296875 384.493743896484375 372.28125 363.125 352.88751220703125 346.3125 348.368743896484375 355.006256103515625 363.537506103515625 374.712493896484375 386.53125 397.662506103515625 410.08123779296875 422.412506103515625 433.46875 440.75 442.16876220703125 439.07501220703125 431.300018310546875 420.943756103515625 415.73126220703125
319.649993896484375 323.91876220703125 327.59375 332.03125 334.131256103515625 335.71875 334.8125 329.59375 324.63751220703125 322.274993896484375 322.95623779296875 325.399993896484375 328.462493896484375 333.41876220703125 342.256256103515625 349.03125 352.506256103515625 354.54376220703125 357.506256103515625 361.17498779296875 364.04998779296875 373.6875 389.21875 403.381256103515625 404.84375 388.34375 374.787506103515625 365.67498779296875 359.118743896484375 356.23748779296875 354.40625 357.82501220703125 364.92498779296875 374.71875 385.16876220703125 398.45001220703125 412.287506103515625 425.07501220703125 435.375 444.46875 447.45623779296875 441.58123779296875 428.381256103515625 410.10626220703125 399.100006103515625
322.08123779296875 325.95623779296875 330.28125 333.881256103515625 337.11248779296875 340.25 340.23748779296875 337.98748779296875 334.08123779296875 333.1875 334.899993896484375 337.21875 341.375 344.01251220703125 351.48748779296875 357.3125 359.556243896484375 361.381256103515625 364.32501220703125 365.26873779296875 363.88751220703125 372.756256103515625 387.51251220703125 398.506256103515625 392.48748779296875 379.381256103515625 374.41876220703125 369.537506103515625 365.65625 364.01873779296875 362.181243896484375 361.350006103515625 365.58123779296875 373.806243896484375 383.287506103515625 395.28125 409.568756103515625 423.21875 435.524993896484375 446.975006103515625 452.662506103515625 443.506256103515625 419.649993896484375 396.399993896484375 380.6875
322.89373779296875 327.350006103515625 331.54376220703125 335.33123779296875 339.693756103515625 341.76873779296875 344.04376220703125 345.38751220703125 344.84375 344.57501220703125 345.76251220703125 349.149993896484375 352.975006103515625 357.8125 360.32501220703125 365.58123779296875 367.068756103515625 367.5 369.0625 370.649993896484375 371.78125 377.056243896484375 385.1875 389.03125 384.14373779296875 377.36248779296875 374.806243896484375 372.01873779296875 369.48126220703125 368.4375 368.09375 366.350006103515625 366.462493896484375 370.63751220703125 378.462493896484375 391.587493896484375 407.431243896484375 420.88751220703125 432.443756103515625 442.63751220703125 447.29998779296875 430.82501220703125 409.23126220703125 390.41876220703125 376.71875
322.837493896484375 326.225006103515625 331 336.90625 342.29376220703125 345.068756103515625 349.443756103515625 353.08123779296875 353.368743896484375 353.943756103515625 356.40625 360.225006103515625 364.4375 368.82501220703125 368.5 372.068756103515625 372.6875 374.11248779296875 374.4375 375.34375 377.13751220703125 379.96875 383.631256103515625 385.368743896484375 383.962493896484375 382.306243896484375 380.375 378.14373779296875 376.993743896484375 376.45623779296875 372.70623779296875 368.875 368.53125 366.912506103515625 370.368743896484375 385.693756103515625 403.71875 417.662506103515625 424.35626220703125 426.79998779296875 422.243743896484375 412.443756103515625 401.98126220703125 386.92498779296875 376.106231689453125
320.1875 324.3125 330.381256103515625 337.149993896484375 343.78125 349.58123779296875 354.26873779296875 358.337493896484375 361.774993896484375 364.59375 366.625 371.899993896484375 376.881256103515625 380.662506103515625 380.13751220703125 379.475006103515625 378.61248779296875 379.806243896484375 379.58123779296875 380.78125 380.91876220703125 381.337493896484375 382.83123779296875 383.92498779296875 383.774993896484375 384.79376220703125 384.625 384.568756103515625 385.943756103515625 385.04376220703125 382.11248779296875 376.5 372.04376220703125 369.368743896484375 370.087493896484375 391.70623779296875 407.33123779296875 412.40625 412.78125 411.587493896484375 406.10626220703125 400.149993896484375 392.725006103515625 381.75 372.67498779296875
318.01873779296875 323.350006103515625 329.149993896484375 337.25 345.73126220703125 352.46875 359.850006103515625 365.412506103515625 369.65625 373.75 376.306243896484375 383.11248779296875 389.39373779296875 392.100006103515625 392.61248779296875 389.399993896484375 383.84375 382.443756103515625 383.46875 383.84375 382.975006103515625 382.662506103515625 383.54376220703125 384.60626220703125 386.0625 386.01873779296875 387.39373779296875 389.88751220703125 391.54998779296875 392.84375 390.95623779296875 385.5625 381.71875 383.20001220703125 397.78125 414.850006103515625 418.912506103515625 414.20623779296875 406.899993896484375 400.54376220703125 396.89373779296875 391.95623779296875 383.70623779296875 374.58123779296875 368.493743896484375
314.51251220703125 321.01251220703125 329.3125 339.4375 349.306243896484375 357.08123779296875 364.83123779296875 372.34375 377.943756103515625 382.443756103515625 386.456268310546875 395.09375 400.10626220703125 403.943756103515625 403.04998779296875 397.67498779296875 391.26873779296875 381.82501220703125 385.850006103515625 385.90625 386.087493896484375 384.41876220703125 382.993743896484375 383.54998779296875 384.95623779296875 388.068756103515625 388.51251220703125 393.09375 397.76251220703125 399.40625 396.100006103515625 384.66876220703125 382.993743896484375 390.931243896484375 412.26873779296875 439.431243896484375 429.26873779296875 413.70001220703125 401.306243896484375 394.975006103515625 387.993743896484375 382.86248779296875 376.51251220703125 368.524993896484375 362.743743896484375
310.21875 318.125 327.54998779296875 339.287506103515625 351.76251220703125 362.16876220703125 371.662506103515625 380.368743896484375 386.09375 391.181243896484375 395.693756103515625 401.51251220703125 409.212493896484375 414.67498779296875 410.743743896484375 403.274993896484375 394.70623779296875 384.274993896484375 381.92498779296875 382.86248779296875 384.943756103515625 384.868743896484375 377.443756103515625 378.837493896484375 382.056243896484375 386.868743896484375 389.975006103515625 393.40625 399.48748779296875 403.29376220703125 401.681243896484375 385.95001220703125 377.537506103515625 375.66876220703125 388.6875 411.006256103515625 408.625 400.412506103515625 394.149993896484375 387.212493896484375 381.412506103515625 375.5 370.28125 364.118743896484375 358.78125
302.91876220703125 313.23748779296875 324.193756103515625 337.662506103515625 352.40625 365.8125 377.568756103515625 387.95623779296875 394.34375 398.800018310546875 402.71875 407.78125 416.524993896484375 424.17498779296875 416.050018310546875 402.23126220703125 388.975006103515625 384.3125 379.85626220703125 379.23748779296875 377.17498779296875 373.506256103515625 371.462493896484375 372.225006103515625 375.75 380.13751220703125 384.70001220703125 390.681243896484375 394.881256103515625 395.45001220703125 390.51873779296875 378.4375 361.67498779296875 346.3125 339.524993896484375 356.20001220703125 375.618743896484375 382.45623779296875 383.54998779296875 381.0625 375.67498779296875 370.15625 366.306243896484375 361.631256103515625 357.493743896484375
