data/historical-monthly-weather-data/wc2.1_cruts4.09_10m_prec_2021-12.asc
ncols        45
nrows        45
xllcorner    -63.500000000000
yllcorner    -7.500000000000
cellsize     0.166666666667
NODATA_value -9999
[rows 0 to 19 of 45, columns 0 to 44 of 45]
115.44374847412109375 108.9812469482421875 105.0124969482421875 103.0124969482421875 100.36875152587890625 100.1999969482421875 99.75 98.4875030517578125 98.09375 98.0625 99.5 100.68125152587890625 102.53749847412109375 103.27500152587890625 104.28749847412109375 105.3937530517578125 106.84375 107.0749969482421875 108.4250030517578125 109.90000152587890625 112.27500152587890625 114.3937530517578125 116.5437469482421875 118.65000152587890625 120.71250152587890625 122.43125152587890625 124.4499969482421875 126.5749969482421875 128.7937469482421875 131.056243896484375 132.631256103515625 135.131256103515625 137.7687530517578125 140.21875 142.6374969482421875 147.756256103515625 151.75 155.524993896484375 157.9375 160.681243896484375 162.868743896484375 163.7624969482421875 164.462493896484375 164.1187591552734375 164.899993896484375
116.6687469482421875 109.1750030517578125 105.96250152587890625 103.9875030517578125 102.09375 101.52500152587890625 100.52500152587890625 100.71250152587890625 101.78125 102.6750030517578125 103.9812469482421875 104.6687469482421875 106.28125 107.5124969482421875 108.44374847412109375 109.65625 111.1437530517578125 111.9875030517578125 113.18125152587890625 115.46250152587890625 117.53749847412109375 119.40625 121.96250152587890625 124.1687469482421875 126.3249969482421875 128.21875 130.225006103515625 132.0500030517578125 134.1125030517578125 137.087493896484375 139.193756103515625 142.3187408447265625 144.868743896484375 148.2624969482421875 152.350006103515625 156.5 163.125 168.4812469482421875 170.899993896484375 173.8249969482421875 176.193756103515625 177.0124969482421875 177.6999969482421875 175.787506103515625 175.1999969482421875
118.2375030517578125 111.27500152587890625 108.08750152587890625 105.7375030517578125 103.78125 103.15000152587890625 103.25624847412109375 104.28125 106 107.2687530517578125 108.1875 108.97499847412109375 110.77500152587890625 112.09375 113.31874847412109375 114.28125 116.03749847412109375 117.06874847412109375 118.74375152587890625 120.9499969482421875 123.2687530517578125 125.85625457763671875 128.681243896484375 130.6750030517578125 132.756256103515625 135.537506103515625 137.6437530517578125 139.337493896484375 141.8125 144.0749969482421875 146.78125 150.256256103515625 154.78125 157.7375030517578125 161.96875 168.193756103515625 174.4187469482421875 180.15625 184.0812530517578125 187.5625 190.0437469482421875 190.256256103515625 189.3000030517578125 188.4250030517578125 185.9562530517578125
118.86875152587890625 113.0625 110.5812530517578125 107.28749847412109375 105.38124847412109375 105.1999969482421875 106.0124969482421875 107.5812530517578125 109.65625 111.81874847412109375 112.8937530517578125 113.90625 115.2312469482421875 116.73749542236328125 117.8249969482421875 119.30625152587890625 121.11875152587890625 121.81874847412109375 123.84999847412109375 127.31874847412109375 130.1937408447265625 132.912506103515625 135.024993896484375 137.3125 139.118743896484375 142.3125 144.7062530517578125 146.0749969482421875 148.96875 152.287506103515625 155.03125 157.9875030517578125 163.4499969482421875 168.3312530517578125 172.6812591552734375 179.2624969482421875 185.3562469482421875 192.0437469482421875 197.693756103515625 201.618743896484375 203.6750030517578125 203.274993896484375 201.59375 200.524993896484375 196.7437591552734375
124.8249969482421875 116.7687530517578125 111.78125 108.9499969482421875 107.21875 107.8000030517578125 108.7062530517578125 110.5187530517578125 113.77500152587890625 116.5812530517578125 117.3625030517578125 118.0187530517578125 119.90000152587890625 121.71875 122.86875152587890625 124.40625 126.05625152587890625 127.09999847412109375 129.725006103515625 134.056243896484375 137.3562469482421875 139.399993896484375 141.4375 143.725006103515625 145.6875 149.1125030517578125 150.5437469482421875 152.15625 155.212493896484375 159.318756103515625 162.875 165.8249969482421875 171.256256103515625 176.8874969482421875 182.0749969482421875 189.774993896484375 197.6374969482421875 204.681243896484375 211.09375 215.412506103515625 217.6750030517578125 216.412506103515625 214.5625 211.368743896484375 207.3687591552734375
130.868743896484375 123.36875152587890625 117.2937469482421875 112.15625 110.71875 112.50624847412109375 114.16249847412109375 115.75624847412109375 118.6999969482421875 121.50624847412109375 122.43125152587890625 123.61875152587890625 126.15000152587890625 128.2375030517578125 130.412506103515625 132.274993896484375 134.462493896484375 135.0437469482421875 138.756256103515625 142.3937530517578125 144.493743896484375 146.9250030517578125 148.618743896484375 150.8562469482421875 153.03125 155.725006103515625 158.3625030517578125 160.0749969482421875 162.4562530517578125 166.524993896484375 170.6437530517578125 174.774993896484375 178.6999969482421875 183.2937469482421875 190.75 199.056243896484375 207.006256103515625 216.412506103515625 223.9499969482421875 227.40625 227.1374969482421875 225.631256103515625 221.90625 219.3249969482421875 215.6999969482421875
138.556243896484375 131.09375 124.9187469482421875 119.0749969482421875 115.83750152587890625 116.8249969482421875 118.69374847412109375 120.08750152587890625 122.03749847412109375 123.56874847412109375 126.34375 128.743743896484375 132.6437530517578125 135.3312530517578125 137.96875 140.756256103515625 144.287506103515625 147.4875030517578125 151.2624969482421875 153.1062469482421875 153.506256103515625 155.212493896484375 156.0437469482421875 157.649993896484375 160.5437469482421875 162.7687530517578125 164.818756103515625 167.9499969482421875 170.431243896484375 173.993743896484375 178.0500030517578125 182.131256103515625 187.0500030517578125 191.4187469482421875 197.5187530517578125 205.681243896484375 214.9875030517578125 224.787506103515625 235.600006103515625 237.9875030517578125 235.9499969482421875 232.5500030517578125 229.3625030517578125 225.5187530517578125 220.1750030517578125
146.53125 138.9187469482421875 132.837493896484375 127.91249847412109375 124.55625152587890625 124.2687530517578125 123.97499847412109375 122.93125152587890625 122.9499969482421875 125.3937530517578125 130.131256103515625 134.806243896484375 139.0749969482421875 143.3874969482421875 146.287506103515625 149.8312530517578125 153.787506103515625 158.8125 163.100006103515625 162.1875 161.375 161.431243896484375 161.7062530517578125 162.8625030517578125 166.431243896484375 169.5187530517578125 171.1750030517578125 173.9499969482421875 178.03125 182.2062530517578125 184.8937530517578125 188.774993896484375 194.118743896484375 198.34375 205.03125 211.493743896484375 220.493743896484375 229.3874969482421875 238.0187530517578125 241.5187530517578125 241.443756103515625 237.8874969482421875 234.5187530517578125 230.1125030517578125 222.537506103515625
155.399993896484375 147.96875 142.287506103515625 137.4812469482421875 133.556243896484375 133.34375 132.618743896484375 130.600006103515625 128.524993896484375 129.806243896484375 136.0437469482421875 142.0437469482421875 147.3125 151.649993896484375 154.6999969482421875 158.024993896484375 161.8625030517578125 166.850006103515625 170.8562469482421875 169.256256103515625 166.537506103515625 166.306243896484375 166.868743896484375 169.71875 172.662506103515625 175.3625030517578125 176.96875 180.03125 183.375 186.9250030517578125 191.125 194.024993896484375 198.712493896484375 203.8000030517578125 209.3562469482421875 215.8249969482421875 222.5749969482421875 229.1875 236.056243896484375 240.806243896484375 240.8562469482421875 238.2937469482421875 236.5437469482421875 233.431243896484375 227.4250030517578125
163.475006103515625 156.6812591552734375 151.4812469482421875 147.3125 143.34375 143.006256103515625 142.40625 140.881256103515625 140.806243896484375 142.443756103515625 146.818756103515625 151.118743896484375 156.875 160.350006103515625 163.375 165.975006103515625 168.6062469482421875 171.4250030517578125 173.40625 172.7624969482421875 170.8000030517578125 170.475006103515625 171.4250030517578125 175.087493896484375 177.7375030517578125 180.162506103515625 181.9562530517578125 184.600006103515625 188.318756103515625 191.8249969482421875 194.8874969482421875 197.818756103515625 202 206.162506103515625 211.8874969482421875 219.1687469482421875 224.5749969482421875 229.7937469482421875 234.5437469482421875 238.7312469482421875 240.5187530517578125 239.8625030517578125 237.40625 234.931243896484375 230.28125
172.7624969482421875 166.131256103515625 160.681243896484375 156.024993896484375 152.9499969482421875 153.5187530517578125 153.3874969482421875 151.743743896484375 152.193756103515625 154.5437469482421875 158.4375 162.618743896484375 166.850006103515625 170.162506103515625 171.7375030517578125 173.34375 174.337493896484375 175.5187530517578125 175.662506103515625 174.774993896484375 174.587493896484375 174.649993896484375 176.056243896484375 177.8874969482421875 183.068756103515625 185.850006103515625 186.868743896484375 188.006256103515625 189.9375 193.443756103515625 196.587493896484375 200.225006103515625 204.3937530517578125 208.537506103515625 213.6125030517578125 219.462493896484375 224.587493896484375 229.306243896484375 235.193756103515625 238.818756103515625 240.84375 240.3249969482421875 239.5812530517578125 238.4499969482421875 233.274993896484375
181.1125030517578125 174.274993896484375 169.149993896484375 165.25 162.21875 163.006256103515625 163.6687469482421875 162.5500030517578125 163.3000030517578125 166.4562530517578125 170.556243896484375 174.6437530517578125 176.693756103515625 178.6750030517578125 179.7937469482421875 179.84375 179.8937530517578125 179.1750030517578125 178.443756103515625 177.681243896484375 176.806243896484375 177.712493896484375 180.712493896484375 183.506256103515625 188.2312469482421875 190.975006103515625 190.84375 190.625 191.131256103515625 194.181243896484375 196.96875 200.5625 204.587493896484375 209.1374969482421875 214.4187469482421875 220.3312530517578125 225.212493896484375 230.1437530517578125 235.0437469482421875 238.631256103515625 240.59375 240.5124969482421875 239.9250030517578125 238.5500030517578125 231.568756103515625
189.1062469482421875 182.774993896484375 178.0749969482421875 173.8937530517578125 171.25 171.5625 171.818756103515625 171.8125 173.318756103515625 177.2062530517578125 181.7062530517578125 185.375 186.6062469482421875 186.318756103515625 187.0749969482421875 186.46875 185.4250030517578125 184.649993896484375 183.193756103515625 181.25 178.462493896484375 180.3249969482421875 185.2937469482421875 189.0124969482421875 191.8000030517578125 193.1875 192.8000030517578125 192.5500030517578125 192.756256103515625 193.9187469482421875 196.09375 198.931243896484375 202.59375 207.5250091552734375 213.131256103515625 220.1750030517578125 226.2375030517578125 231.4375 235.7937469482421875 237.875 238.9562530517578125 240.318756103515625 238.5812530517578125 232.84375 225.537506103515625
196.0187530517578125 189.9250030517578125 185.28125 181.443756103515625 178.443756103515625 178.65625 178.90625 180.1125030517578125 183.2062530517578125 186.7624969482421875 190.03125 192.7312469482421875 194.21875 194.0625 193.1875 193.337493896484375 191.7375030517578125 190.024993896484375 188.0749969482421875 186.0812530517578125 184.649993896484375 186.131256103515625 189.8562469482421875 192.443756103515625 194.5625 195.868743896484375 195.8312530517578125 193.7375030517578125 192.399993896484375 192.5187530517578125 193.962493896484375 195.78125 199.993743896484375 204.743743896484375 211.3874969482421875 219.006256103515625 226.4499969482421875 233.899993896484375 239.475006103515625 243.03125 240.53125 236.1875 232.9499969482421875 230.431243896484375 225.5
202.618743896484375 196.587493896484375 192.5625 188.75 186.0875091552734375 186.131256103515625 187.3874969482421875 188.7937469482421875 191.649993896484375 194.4187469482421875 197.162506103515625 199.7937469482421875 200.756256103515625 201.131256103515625 200 200.0374908447265625 197.71875 195.7062530517578125 193.625 192.962493896484375 191.84375 192.8249969482421875 194.881256103515625 196.3937530517578125 198.15625 198.818756103515625 198.006256103515625 195.600006103515625 192.96875 190.6125030517578125 189.8937530517578125 191.475006103515625 195.7687530517578125 201.3375091552734375 208.712493896484375 215.962493896484375 226.024993896484375 237.756256103515625 248.225006103515625 251.4187469482421875 246.568756103515625 240.6374969482421875 236.287506103515625 232.75 224.09375
207.912506103515625 202.40625 198.78125 195.837493896484375 193.3625030517578125 193.931243896484375 195.225006103515625 195.943756103515625 198.568756103515625 201.96875 204.118743896484375 206.2062530517578125 207.375 207.693756103515625 207.068756103515625 205.2687530517578125 202.9187469482421875 201.881256103515625 199.8937530517578125 199.1062469482421875 198.9187469482421875 199.0749969482421875 200.3000030517578125 200.850006103515625 202.225006103515625 203.65625 202.024993896484375 198.5187530517578125 193.7937469482421875 188.475006103515625 185.806243896484375 185.3312530517578125 188.09375 193.412506103515625 199.96875 209.0749969482421875 222.431243896484375 239.037506103515625 255.0124969482421875 259.86248779296875 254.600006103515625 246.2687530517578125 239.0124969482421875 230.274993896484375 222.5749969482421875
212.5437469482421875 207.774993896484375 203.5124969482421875 201.375 199.850006103515625 200.1437530517578125 201.8874969482421875 203.7687530517578125 206.787506103515625 209.2375030517578125 211.056243896484375 212.462493896484375 213.5124969482421875 213.7937469482421875 213.443756103515625 211.1999969482421875 207.181243896484375 206.306243896484375 205.8000030517578125 205.125 205.125 205.2375030517578125 206.037506103515625 205.681243896484375 206.881256103515625 208.875 207.556243896484375 202.037506103515625 193.2937469482421875 185.3625030517578125 180.6999969482421875 179.7624969482421875 180.46875 181.881256103515625 186.1999969482421875 197.1437530517578125 215.118743896484375 240.4499969482421875 268.806243896484375 269.26251220703125 259.91876220703125 248.7937469482421875 237.162506103515625 229.1374969482421875 221.149993896484375
216.024993896484375 212.0187530517578125 208.493743896484375 207.15625 206.2312469482421875 207.681243896484375 209.4250030517578125 210.8249969482421875 213.381256103515625 216.306243896484375 218.3625030517578125 219.6374969482421875 219.837493896484375 220.068756103515625 219.2312469482421875 216.649993896484375 212.7375030517578125 208.943756103515625 210.4625091552734375 210.0625 210.9562530517578125 211.03125 211.21875 211.068756103515625 212.068756103515625 214.1125030517578125 214.181243896484375 205.25 192.431243896484375 180.743743896484375 173.4499969482421875 171.162506103515625 173.375 176.006256103515625 176.6374969482421875 179.8249969482421875 205.2624969482421875 235.493743896484375 259.01873779296875 264.51251220703125 255.78125 245.1437530517578125 236.181243896484375 229.5124969482421875 221.787506103515625
218.21875 214.912506103515625 212.78125 212.1437530517578125 212.0625 214.131256103515625 216.024993896484375 218.5437469482421875 221.118743896484375 223.756256103515625 224.5 224.84375 225.8000030517578125 226.662506103515625 225.181243896484375 222.1437530517578125 218.381256103515625 214.4499969482421875 212.5812530517578125 213.0812530517578125 215.556243896484375 217.9499969482421875 215.375 215.806243896484375 217.462493896484375 218.9375 216.9499969482421875 208.1875 193.8874969482421875 178.506256103515625 167.037506103515625 168.46875 174.118743896484375 176.4875030517578125 176.375 183.0625 204.03125 227.337493896484375 246.3125 252.0500030517578125 247.6125030517578125 239.8125 233.3249969482421875 229.0124969482421875 223.399993896484375
219.2312469482421875 216.993743896484375 215.1687469482421875 215.3874969482421875 216.5625 219.8625030517578125 222.881256103515625 225.787506103515625 228.7375030517578125 230.0124969482421875 230.8874969482421875 232.506256103515625 233.78125 233.5500030517578125 230.712493896484375 225.9562530517578125 221.28125 218.962493896484375 217.40625 217.3562469482421875 217.756256103515625 217.975006103515625 219.0124969482421875 220.1374969482421875 221.5812530517578125 222.225006103515625 219.318756103515625 212.462493896484375 199.4499969482421875 183.7937469482421875 173.9875030517578125 175.568756103515625 180.149993896484375 184.618743896484375 189.162506103515625 196.368743896484375 211.024993896484375 227.65625 240.337493896484375 245.2312469482421875 242.21875 234.037506103515625 231.399993896484375 229.756256103515625 225.4812469482421875
