data/historical-monthly-weather-data/wc2.1_cruts4.09_10m_prec_2014-01.asc
ncols        51
nrows        45
xllcorner    -63.500000000000
yllcorner    -7.500000000000
cellsize     0.166666666667
NODATA_value -9999
[rows 20 to 39 of 45, columns 0 to 43 of 51]
237.681243896484375 234.9562530517578125 235.1125030517578125 237.0437469482421875 239.59375 246.212493896484375 253.9250030517578125 259.76873779296875 265.25 268.91876220703125 271.59375 274.375 279.65625 285.54376220703125 276.82501220703125 259.63751220703125 247.131256103515625 239.756256103515625 238.0437469482421875 235.837493896484375 234.375 231.3000030517578125 227.84375 229 231.40625 234.3937530517578125 238.3000030517578125 242.931243896484375 247.306243896484375 252.056243896484375 251.412506103515625 246.4375 235.600006103515625 224 214.087493896484375 227.3125 248.3874969482421875 263.04376220703125 266.5625 260.743743896484375 249.03125 236.9875030517578125 228.318756103515625 221.625
232.46875 228.5749969482421875 228.71875 231.774993896484375 236.40625 243.8000030517578125 251.6750030517578125 259.57501220703125 265.28125 265.306243896484375 263.162506103515625 258.73748779296875 257.17498779296875 258.65625 256.037506103515625 248.225006103515625 242.5625 238.337493896484375 236.1999969482421875 234.818756103515625 231.4187469482421875 229.0437469482421875 227.8937530517578125 230.131256103515625 233.556243896484375 238.006256103515625 244.5 247.7312469482421875 249.6125030517578125 250.875 247.0625 241.59375 234.9875030517578125 230.84375 229.524993896484375 241.7624969482421875 263.28125 280.743743896484375 283.51251220703125 274.149993896484375 259.287506103515625 245.1750030517578125 234.475006103515625 226.03125
227.6062469482421875 223.7937469482421875 222.40625 225.2937469482421875 231.306243896484375 240.78125 249.4250030517578125 258.29998779296875 266.09375 262.04376220703125 252.806243896484375 240.875 233.068756103515625 233.59375 237.287506103515625 237.8125 235.90625 234.193756103515625 232.8562469482421875 231.5437469482421875 229.2062530517578125 226.8249969482421875 225.337493896484375 227.90625 233.5500030517578125 240.7062530517578125 248.443756103515625 251.3312530517578125 251.4187469482421875 249.1062469482421875 244.0500030517578125 239.6875 240.21875 241.818756103515625 246.837493896484375 258.412506103515625 279.95001220703125 304.36248779296875 304.193756103515625 286.14373779296875 267.42498779296875 252.256256103515625 238.4250030517578125 228.5437469482421875
223.3625030517578125 218.462493896484375 215.756256103515625 218.975006103515625 226.3125 235.806243896484375 245.5749969482421875 254.5812530517578125 260.449981689453125 254.1437530517578125 242.475006103515625 229.3625030517578125 214.962493896484375 218.1999969482421875 226.631256103515625 230.4375 230.943756103515625 230.65625 230.225006103515625 229.6437530517578125 226.693756103515625 224.131256103515625 222.7437591552734375 225.306243896484375 232.3249969482421875 240.118743896484375 249.3375091552734375 251.818756103515625 251.7687530517578125 251.274993896484375 248.7375030517578125 247.537506103515625 250.25 254.5875091552734375 261.53125 272.76873779296875 290.649993896484375 311.01873779296875 309.493743896484375 291.181243896484375 271.61248779296875 255.15625 240.9812469482421875 230.5625
220.431243896484375 215.1500091552734375 210.8625030517578125 215.8937530517578125 225.4124908447265625 233.8687591552734375 241.850006103515625 248.774993896484375 251.15625 246.774993896484375 237.6875 227.2312469482421875 218.568756103515625 219.0812530517578125 223.5124969482421875 227.3312530517578125 228.9250030517578125 230.056243896484375 229.46875 227.4250030517578125 224.3000030517578125 220.618743896484375 218.6750030517578125 220.993743896484375 227.881256103515625 237.3874969482421875 245.681243896484375 251.725006103515625 254.125 256.95001220703125 258.118743896484375 260.662506103515625 263.118743896484375 267.931243896484375 274.556243896484375 282.131256103515625 294.38751220703125 302.725006103515625 299.95623779296875 287.59375 270.53125 255.0749969482421875 241.5625 232.524993896484375
222.256256103515625 219.78125 216.600006103515625 220.618743896484375 226.3125 233.4250030517578125 239.350006103515625 243.068756103515625 243.8000030517578125 240.5625 235.2687530517578125 229.84375 224.9250030517578125 224.1374969482421875 225.3937530517578125 227.600006103515625 229.4499969482421875 230.6999969482421875 230.100006103515625 227.274993896484375 224.037506103515625 218.256256103515625 214.90625 215.3874969482421875 223.2937469482421875 234.631256103515625 245.5749969482421875 253.09375 258.66876220703125 262.118743896484375 268.125 273.76251220703125 277.524993896484375 280.32501220703125 285.475006103515625 289.45001220703125 295.225006103515625 297.10626220703125 292.568756103515625 281.787506103515625 267.54376220703125 252.9812469482421875 239.256256103515625 231.274993896484375
224.243743896484375 222.756256103515625 222.7687530517578125 225.5749969482421875 228.8562469482421875 234.1062469482421875 238.7312469482421875 240.087493896484375 240.1125030517578125 239.212493896484375 236.6437530517578125 234.1875 231.962493896484375 231.6125030517578125 231.381256103515625 232.618743896484375 233.7687530517578125 234.587493896484375 234.4562530517578125 230.4875030517578125 225.381256103515625 220.2687530517578125 214.087493896484375 213.462493896484375 223.78125 235.287506103515625 246.46875 255.5 263.10626220703125 268.837493896484375 277.09375 284.087493896484375 289.287506103515625 291.493743896484375 293.57501220703125 295.98126220703125 298.318756103515625 296.17498779296875 289.056243896484375 279.443756103515625 265.95623779296875 251.225006103515625 238.59375 231.7062530517578125
227.649993896484375 225.837493896484375 227.9250030517578125 230.712493896484375 233.4250030517578125 236.2687530517578125 238.743743896484375 239.0749969482421875 239.4250030517578125 238.850006103515625 237.9499969482421875 237.912506103515625 237.256256103515625 237.6374969482421875 237.25 237.993743896484375 238.5 240.90625 239.0500030517578125 235.9499969482421875 232.2937469482421875 226.0124969482421875 223.3562469482421875 223.7375030517578125 231.068756103515625 240.4875030517578125 250.868743896484375 259.556243896484375 268.04998779296875 276.26251220703125 283.98126220703125 291.256256103515625 296.087493896484375 297.600006103515625 299.48126220703125 300.524993896484375 299.868743896484375 297.068756103515625 290.287506103515625 279.712493896484375 267.67498779296875 254.037506103515625 240.493743896484375 235.2624969482421875
229.712493896484375 228.7375030517578125 231.681243896484375 235.693756103515625 238.3874969482421875 239.287506103515625 238.693756103515625 239.006256103515625 238.9375 239.181243896484375 239.7937469482421875 240.868743896484375 241.899993896484375 244.5500030517578125 244.662506103515625 245.8937530517578125 248.256256103515625 249.0812530517578125 247.8000030517578125 244.681243896484375 240.6750030517578125 235.3562469482421875 233.46875 235.056243896484375 240.46875 247.693756103515625 257.20623779296875 265.66876220703125 274.925018310546875 283.225006103515625 289.96875 296.5 300.818756103515625 303.51251220703125 305.79376220703125 305.268768310546875 304.58123779296875 301.08123779296875 294.75 284.212493896484375 270.625 258.475006103515625 249.306243896484375 250.6437530517578125
232.7312469482421875 232.149993896484375 236.587493896484375 241.75 243.9375 242.3625030517578125 239.975006103515625 239.6999969482421875 239.587493896484375 239.7062530517578125 241.681243896484375 244.975006103515625 248.006256103515625 251.84375 253.850006103515625 255.3874969482421875 257.256256103515625 258.95623779296875 259.037506103515625 254.912506103515625 250.4499969482421875 246.899993896484375 244.493743896484375 245.631256103515625 250.443756103515625 256.881256103515625 264.975006103515625 272.60626220703125 281.3125 288.66876220703125 295.975006103515625 302.350006103515625 305.91876220703125 310.056243896484375 312.38751220703125 312.28125 311.04998779296875 309.45623779296875 303.16876220703125 294.462493896484375 284.59375 276.32501220703125 271.274993896484375 274.16876220703125
233.8000030517578125 233.7624969482421875 237.1750030517578125 242.4875030517578125 245.8625030517578125 241.9250030517578125 239.756256103515625 238.7874908447265625 239.0812530517578125 240.4812469482421875 243.8562469482421875 248.693756103515625 253.5812530517578125 258.024993896484375 261.625 264.04998779296875 267.193756103515625 269.743743896484375 270.03125 266.10626220703125 260.98126220703125 256.725006103515625 255.287506103515625 256.037506103515625 259.537506103515625 266.28125 273.64373779296875 280.350006103515625 288.98748779296875 295.256256103515625 302.26251220703125 308.6875 312.0625 316.40625 319.337493896484375 319.61248779296875 318.475006103515625 318.5625 314.60626220703125 307.631256103515625 301.149993896484375 296.15625 293.881256103515625 294.350006103515625
232.8562469482421875 232.537506103515625 235.068756103515625 238.568756103515625 240.1687469482421875 238.0437469482421875 237.8312530517578125 236.625 237.8000030517578125 240.15625 244.4562530517578125 250.6999969482421875 257.412506103515625 264.399993896484375 269.381256103515625 272.649993896484375 275.01251220703125 277.01251220703125 276.10626220703125 273.493743896484375 268.45001220703125 264.587493896484375 263.774993896484375 264.431243896484375 268.91876220703125 274.712493896484375 280.79998779296875 287.631256103515625 294.51873779296875 301.793731689453125 308.475006103515625 314.625 318.725006103515625 323.475006103515625 327.131256103515625 327.1875 328.381256103515625 327.306243896484375 323.524993896484375 319.381256103515625 318.34375 316.61248779296875 316.618743896484375 320.79998779296875
232.306243896484375 231.9250030517578125 234.0187530517578125 236.068756103515625 235.8312530517578125 234.399993896484375 233.3562469482421875 232.774993896484375 233.631256103515625 238.306243896484375 245.5500030517578125 253.6750030517578125 263.837493896484375 273.95623779296875 278.70001220703125 281.79376220703125 283.53125 283.5 281.725006103515625 279.5625 275.3125 271.818756103515625 270.431243896484375 272.73126220703125 276.568756103515625 282.225006103515625 287.875 292.875 299.61248779296875 308.48748779296875 315.14373779296875 320.42498779296875 325.84375 332.0625 335.84375 337.51873779296875 338.681243896484375 338.53125 334.743743896484375 335.975006103515625 336.587493896484375 337.60626220703125 340.95623779296875 348.568756103515625
231.2375030517578125 230.9562530517578125 231.962493896484375 232.9499969482421875 231.2375030517578125 230.100006103515625 229.274993896484375 228.3625030517578125 229.962493896484375 234.4250030517578125 243.274993896484375 256.48126220703125 270.58123779296875 282.125 287.381256103515625 289.91876220703125 292.34375 291.806243896484375 288.318756103515625 284.850006103515625 281.29998779296875 278.40625 277.23126220703125 279.1875 282.850006103515625 287.537506103515625 292.51873779296875 298.45001220703125 306.01873779296875 313.850006103515625 321.875 328.10626220703125 333.83123779296875 341.32501220703125 346.274993896484375 348.3125 349.131256103515625 348.181243896484375 348.100006103515625 350.53125 351.98748779296875 355.85626220703125 362.337493896484375 372.40625
231.681243896484375 230.625 230.774993896484375 229.90625 228.0812530517578125 227.03125 225.1062469482421875 223.7624969482421875 223.837493896484375 229.337493896484375 241.3937530517578125 258.368743896484375 277.993743896484375 292.92498779296875 297.868743896484375 299.193756103515625 300.54376220703125 298.225006103515625 294.13751220703125 288.774993896484375 286.256256103515625 283.84375 282.837493896484375 284.33123779296875 287.95623779296875 291.087493896484375 296.98126220703125 303.70623779296875 311.193756103515625 318.743743896484375 327.26873779296875 335.51251220703125 342.5625 349.60626220703125 354.98748779296875 357.087493896484375 357.04998779296875 359.524993896484375 360.8125 362.337493896484375 365.07501220703125 369.13751220703125 376.9375 386.993743896484375
235.1437530517578125 233.2062530517578125 232.3625030517578125 230.65625 228.3249969482421875 225.6125030517578125 223.337493896484375 220.149993896484375 218.625 222.6812591552734375 236.5749969482421875 258.60626220703125 282.35626220703125 299.67498779296875 305.71875 307.6875 307.86248779296875 304.568756103515625 299.59375 293.524993896484375 290.14373779296875 288.40625 286.73126220703125 287.26251220703125 290.149993896484375 293.90625 299.40625 306.20623779296875 314.100006103515625 322.143768310546875 332.118743896484375 340.88751220703125 349.82501220703125 358.006256103515625 363.79376220703125 364.57501220703125 367.66876220703125 368.875 368.043731689453125 369.66876220703125 372.70623779296875 377.40625 383.837493896484375 393.131256103515625
239.0187530517578125 236.5812530517578125 234.3937530517578125 232.100006103515625 229.25 226.3874969482421875 224.125 219.681243896484375 215.2312469482421875 213.9812469482421875 232.0749969482421875 263.66876220703125 288.837493896484375 304.23748779296875 311.73126220703125 314.82501220703125 315.13751220703125 310.90625 304.899993896484375 297.756256103515625 294.45001220703125 291.04998779296875 289.412506103515625 289.54998779296875 292.20623779296875 296.256256103515625 301.85626220703125 309.23126220703125 317.08123779296875 326.20001220703125 336.6875 346.45001220703125 356.98748779296875 366.54998779296875 372.962493896484375 374.34375 375.76873779296875 375.443756103515625 374.98126220703125 374.96875 375.537506103515625 379.725006103515625 387.068756103515625 394.70623779296875
242.912506103515625 239.962493896484375 237.100006103515625 234.90625 232.274993896484375 230.5 228 224.21875 220.693756103515625 217.53125 248.0812530517578125 281.087493896484375 299.912506103515625 311.66876220703125 318.79998779296875 321.90625 321.54998779296875 317.39373779296875 311.243743896484375 303.42498779296875 298.58123779296875 293.649993896484375 290.86248779296875 290.84375 293.29998779296875 297.71875 302.92498779296875 310.26873779296875 318.587493896484375 329.29998779296875 339.91876220703125 349.34375 360.712493896484375 371.79376220703125 378.83123779296875 380.25 379.54998779296875 379.243743896484375 378.756256103515625 377.46875 376.21875 380.756256103515625 385.58123779296875 389.95001220703125
248.0437469482421875 243.212493896484375 240.9499969482421875 238.8125 236.84375 235.787506103515625 234.350006103515625 235.1062469482421875 240.8312530517578125 258.068756103515625 294.506256103515625 306.475006103515625 313.587493896484375 321.193756103515625 326.53125 328.381256103515625 328.506256103515625 322.837493896484375 315.53125 307.54376220703125 299.88751220703125 293.943756103515625 290.712493896484375 290.64373779296875 292.71875 296.899993896484375 302.850006103515625 310.54376220703125 319.48748779296875 331.10626220703125 341.118743896484375 349.76873779296875 359.04998779296875 366.88751220703125 375.73126220703125 376.63751220703125 374.84375 374.40625 372.431243896484375 368.9375 367.381256103515625 369.95623779296875 372.64373779296875 377.38751220703125
253.712493896484375 248.5749969482421875 245.743743896484375 242.8874969482421875 242.537506103515625 243.193756103515625 244.25 249.4625091552734375 260.975006103515625 280.23748779296875 302.86248779296875 317.1875 324.368743896484375 330.75 334.306243896484375 336.193756103515625 335.83123779296875 329.98748779296875 320.431243896484375 310.806243896484375 299.51251220703125 292.84375 289.04376220703125 288.82501220703125 291.475006103515625 295.46875 302.087493896484375 310.787506103515625 319.61248779296875 330.337493896484375 339.36248779296875 349.024993896484375 358.350006103515625 364.54998779296875 369.006256103515625 369.350006103515625 367.431243896484375 365.993743896484375 362.91876220703125 358.4375 356.600006103515625 357.83123779296875 358.600006103515625 361.71875
