data/historical-monthly-weather-data/wc2.1_cruts4.09_10m_prec_2024-06.asc
ncols        45
nrows        45
xllcorner    -63.500000000000
yllcorner    -7.500000000000
cellsize     0.166666666667
NODATA_value -9999
[rows 0 to 18 of 45, columns 0 to 43 of 45]
298.256256103515625 298.28125 298.29998779296875 307.95001220703125 313.34375 321.29998779296875 323.100006103515625 322.90625 317.506256103515625 323.04376220703125 331.3125 334.23126220703125 337.4375 336.65625 333.975006103515625 333.131256103515625 329.14373779296875 323.125 316.475006103515625 313.368743896484375 314.181243896484375 305.100006103515625 297.84375 286.95001220703125 278.443756103515625 271.625 269.10626220703125 268.98126220703125 261.412506103515625 254.243743896484375 241.9187469482421875 236.693756103515625 235.53125 229.787506103515625 224.8125 220.600006103515625 215.787506103515625 212.7062530517578125 204.84375 199.4499969482421875 197.1437530517578125 199.09375 193.912506103515625 191.162506103515625
291.78125 291.35626220703125 297.23748779296875 304.08123779296875 313.5625 320.45001220703125 321.162506103515625 319.681243896484375 321.78125 326.14373779296875 330.10626220703125 329.8125 323.57501220703125 319.70001220703125 314.743743896484375 311.681243896484375 305.368743896484375 296.95001220703125 290.48126220703125 289.475006103515625 288.82501220703125 281.837493896484375 278.01251220703125 271.15625 263.600006103515625 256.45001220703125 254.943756103515625 252.431243896484375 246.506256103515625 236.2312469482421875 229.412506103515625 229.506256103515625 226.287506103515625 222.8249969482421875 219.7687530517578125 211.868743896484375 207.8000030517578125 203.0187530517578125 195.4812469482421875 190.537506103515625 190.368743896484375 183.618743896484375 183.756256103515625 180.818756103515625
278.35626220703125 286.03125 291.90625 294.28125 304.58123779296875 315.15625 319.84375 327.96875 331.774993896484375 335.8125 336.318756103515625 330.70001220703125 325.587493896484375 313.850006103515625 305.67498779296875 299.931243896484375 290.431243896484375 282.48126220703125 276.506256103515625 273.037506103515625 273.14373779296875 272.73748779296875 268.40625 266.662506103515625 255.96875 247.71875 250.40625 245.556243896484375 236.306243896484375 232.6875 224.149993896484375 220.350006103515625 216.212493896484375 214.056243896484375 208.09375 195.96875 193.693756103515625 191.625 184.7312469482421875 180.15625 181.024993896484375 176.649993896484375 174.1062469482421875 169.8625030517578125
263.368743896484375 266.26251220703125 277.693756103515625 285.8125 292.59375 303.774993896484375 315.45001220703125 326.98748779296875 336.78125 343.881256103515625 340.837493896484375 331.006256103515625 320.256256103515625 306.90625 298.3125 290.5625 276.725006103515625 270.037506103515625 264.162506103515625 268.35626220703125 266.306243896484375 259.78125 257.818756103515625 258.45001220703125 247.993743896484375 240.53125 239.8249969482421875 232.5187530517578125 227.850006103515625 225.2375030517578125 219.399993896484375 212.600006103515625 207.65625 199.881256103515625 193.693756103515625 191.5437469482421875 189.256256103515625 184.0124969482421875 176.287506103515625 171.350006103515625 170.09375 169.587493896484375 166.4875030517578125 161.4499969482421875
268.931243896484375 268.71875 263.5625 273.9375 288.25 295.743743896484375 308.818756103515625 327.29376220703125 344.443756103515625 353.63751220703125 349.506256103515625 328.212493896484375 316.212493896484375 303.84375 290.225006103515625 280.100006103515625 268.46875 255.9250030517578125 249.5 251.0812530517578125 249.03125 247.368743896484375 246.9875030517578125 246.3874969482421875 237.056243896484375 231.59375 227.7937469482421875 227 222.9250030517578125 215.875 213.5124969482421875 209.568756103515625 201.9375 195.493743896484375 191.962493896484375 184.693756103515625 181.274993896484375 178.4375 169.0812530517578125 161.662506103515625 160.274993896484375 159.318756103515625 157.5749969482421875 155.693756103515625
260.225006103515625 265.125 262.21875 254.7375030517578125 272.76873779296875 292.90625 303.149993896484375 318.412506103515625 340.225006103515625 351.90625 341.25 321.337493896484375 309.90625 297.70001220703125 281.306243896484375 270.70623779296875 257.54998779296875 245.881256103515625 243.0500030517578125 241.9250030517578125 243.25 240.875 239.2312469482421875 233.34375 229.618743896484375 225.96875 220.1750030517578125 219.5 216.443756103515625 209.8000030517578125 209.631256103515625 205.9250030517578125 201.03125 192.3312530517578125 183.337493896484375 182.399993896484375 175.4499969482421875 165.931243896484375 160.71875 158.5749969482421875 153.243743896484375 153.2624969482421875 149.4499969482421875 146.8625030517578125
257.76251220703125 259.91876220703125 258.912506103515625 257.212493896484375 257.82501220703125 266.20623779296875 276.875 299.056243896484375 309.9375 320.46875 318.48126220703125 304.67498779296875 298.493743896484375 290.45623779296875 275.84375 263.899993896484375 253.8312530517578125 243.087493896484375 234.46875 234.381256103515625 229.53125 228.443756103515625 225.693756103515625 224.2312469482421875 226.03125 222.8249969482421875 216.53125 213.118743896484375 209.9375 211.087493896484375 204.881256103515625 197.524993896484375 190.4875030517578125 186.0124969482421875 182.537506103515625 176.03125 165.0124969482421875 158.46875 152.1750030517578125 150.5500030517578125 144.912506103515625 143.09375 141.556243896484375 139.1062469482421875
252.34375 249.725006103515625 250.15625 256.13751220703125 258.087493896484375 270.168731689453125 267.800018310546875 266.51873779296875 265.443756103515625 279.787506103515625 288.70623779296875 286.412506103515625 284.85626220703125 278.35626220703125 271 260.09375 246.243743896484375 237.212493896484375 228.368743896484375 220.8249969482421875 228.1125030517578125 223.681243896484375 219.4375 217.506256103515625 219.4812469482421875 214.21875 209.71875 206.4562530517578125 203.693756103515625 199.506256103515625 201.506256103515625 193.3874969482421875 186.975006103515625 180.131256103515625 170.993743896484375 163.59375 156.287506103515625 149.7062530517578125 140.2624969482421875 134.431243896484375 131.006256103515625 131.993743896484375 127.3249969482421875 122.6999969482421875
244.899993896484375 245.15625 243.0437469482421875 246.1999969482421875 250.7874908447265625 256.21875 264.131256103515625 268.51873779296875 257.681243896484375 253.2312469482421875 258.23126220703125 262.11248779296875 270.037506103515625 267.28125 262.350006103515625 251.4375 247.5749969482421875 242.149993896484375 235.962493896484375 224.6999969482421875 216.6750030517578125 221.962493896484375 212.40625 217.03125 213.600006103515625 209.787506103515625 205.3562469482421875 204.34375 205.9875030517578125 199.962493896484375 201.4187469482421875 184.8125 171.09375 162.806243896484375 158.9625091552734375 157.818756103515625 153.493743896484375 149.024993896484375 139.46875 130.1437530517578125 123.15000152587890625 118.3937530517578125 118.93125152587890625 114.15000152587890625
238.100006103515625 239.5124969482421875 238.5500030517578125 241.4812469482421875 245.193756103515625 249.462493896484375 255.84375 256.125 255.6312408447265625 253.4375 250.3312530517578125 242.1374969482421875 252.84375 255.625 254.4250030517578125 249.774993896484375 243.3562469482421875 246.1687469482421875 241.4875030517578125 235.368743896484375 222.850006103515625 216.8874969482421875 205.3874969482421875 206.3312530517578125 201.6062469482421875 202.462493896484375 199.375 196.40625 193.850006103515625 192.7062530517578125 190.25 177.756256103515625 168.818756103515625 161.3312530517578125 153.1875 149.899993896484375 147.9499969482421875 145.6687469482421875 138.225006103515625 133.3312530517578125 127.9187469482421875 122.25 113.0625 103.5124969482421875
234.5437469482421875 234.162506103515625 233.193756103515625 234.4499969482421875 235.681243896484375 243.2062530517578125 243.8874969482421875 244.712493896484375 247.65625 248.681243896484375 249.0812530517578125 242.556243896484375 239.3000030517578125 243.6750030517578125 242.993743896484375 241.806243896484375 238.4812469482421875 236.193756103515625 237.600006103515625 240.256256103515625 241.131256103515625 228.212493896484375 207.818756103515625 188.462493896484375 192.100006103515625 203.1062469482421875 201.9375 194.806243896484375 187.6687469482421875 183.3937530517578125 179.306243896484375 170.1062469482421875 163.5187530517578125 157.1999969482421875 150.5812530517578125 144.1999969482421875 142.34375 138.4187469482421875 136.787506103515625 130.337493896484375 123.9562530517578125 116.02500152587890625 109.61875152587890625 96.8562469482421875
226.443756103515625 227.274993896484375 229.943756103515625 228.024993896484375 230.1875 233.381256103515625 240.256256103515625 243.34375 245.006256103515625 239.34375 243.056243896484375 240.4562530517578125 227.8562469482421875 231.725006103515625 238.0437469482421875 235.962493896484375 232.943756103515625 233.1125030517578125 237.412506103515625 249.3125 251.9250030517578125 241.649993896484375 218.993743896484375 193.087493896484375 188.693756103515625 189.8249969482421875 185.1875 182.5500030517578125 180.4875030517578125 173.8000030517578125 162.649993896484375 158.3625030517578125 153.78125 145.7062530517578125 142.8312530517578125 141.818756103515625 142.087493896484375 139.524993896484375 131.1125030517578125 128.5500030517578125 122.9375 114.03749847412109375 100.02500152587890625 82.8125
222.8874969482421875 222.3000030517578125 223.131256103515625 221.65625 225.0500030517578125 226.0437469482421875 230.8312530517578125 234.537506103515625 232.875 231.53125 233.162506103515625 233.9187469482421875 229.912506103515625 218.0500030517578125 219.1875 222.4375 222.2937469482421875 226.15625 223.3625030517578125 233.125 240.681243896484375 232.587493896484375 216.881256103515625 196.1437530517578125 179.318756103515625 176.78125 176.4812469482421875 175.1374969482421875 174.399993896484375 170.4812469482421875 157.962493896484375 147.681243896484375 146.6374969482421875 137.5812530517578125 134.4812469482421875 135.712493896484375 139.9562530517578125 140.25 140.4250030517578125 133.34375 121.65000152587890625 110.86875152587890625 92.16249847412109375 77.77500152587890625
217.1750030517578125 217.0437469482421875 216.475006103515625 215.931243896484375 215.46875 218.375 220.5749969482421875 226.006256103515625 227.024993896484375 223.8000030517578125 223.9250030517578125 220.274993896484375 219.350006103515625 213.5437469482421875 200.7062530517578125 207.9499969482421875 206.975006103515625 207.65625 208.556243896484375 215.756256103515625 221.0812530517578125 215.181243896484375 204.15625 193.2937469482421875 182.4250030517578125 173.6437530517578125 167.5625 162.96875 160.90625 156.0124969482421875 150.493743896484375 142.6437530517578125 138.5187530517578125 135.2062530517578125 129.0124969482421875 135.774993896484375 143.899993896484375 148.587493896484375 148.931243896484375 138.6437530517578125 116.03125 100.5187530517578125 92.1687469482421875 88.34999847412109375
206.806243896484375 207.2687530517578125 209.368743896484375 210.5250091552734375 209.6687469482421875 212.09375 215.90625 218.537506103515625 218.568756103515625 217.1125030517578125 214.9250030517578125 212.28125 210.006256103515625 202.087493896484375 186.774993896484375 190.84375 191.693756103515625 196.600006103515625 193.21875 197.662506103515625 204.625 201.7687530517578125 197.96875 192.0124969482421875 188.631256103515625 181.287506103515625 174.65625 167.6125030517578125 165.5749969482421875 154.475006103515625 142.6374969482421875 137.9499969482421875 139.725006103515625 131.46875 121.66249847412109375 122 137.368743896484375 151.5437469482421875 149.09375 135.3125 120.96250152587890625 110.78125 105.84999847412109375 94.3874969482421875
199.3249969482421875 197.931243896484375 200.274993896484375 199.600006103515625 203.006256103515625 206.3937530517578125 208.53125 209.381256103515625 212.375 215.1750030517578125 212.5625 208.4562530517578125 205.693756103515625 198.1875 185.462493896484375 169.037506103515625 174.03125 182.625 180.100006103515625 183.537506103515625 188.568756103515625 189.662506103515625 191.6875 192.2375030517578125 189.7375030517578125 183.256256103515625 173.4812469482421875 167.931243896484375 162.506256103515625 158.125 148.6812591552734375 138.4562530517578125 128.506256103515625 118.99375152587890625 110.94374847412109375 126.09999847412109375 131.318756103515625 139.5625 142.743743896484375 139.225006103515625 132.225006103515625 122.9187469482421875 110.30625152587890625 95.2687530517578125
190.193756103515625 190.6374969482421875 190.693756103515625 193.78125 196.787506103515625 201.100006103515625 203.125 205.3874969482421875 203.65625 204.1750030517578125 205.9187469482421875 203.8312530517578125 197.5625 190.4562530517578125 185.0500030517578125 170.618743896484375 153.681243896484375 160.1374969482421875 165.5625 167.5437469482421875 170.3625030517578125 176.649993896484375 180.5749969482421875 188.2312469482421875 186.181243896484375 174.3000030517578125 165.225006103515625 159.0187530517578125 159.2062530517578125 156.3125 151.09375 144.524993896484375 134.65625 129.9812469482421875 134 137.131256103515625 144.09375 148.6999969482421875 150.568756103515625 138.600006103515625 131.59375 119.2624969482421875 103.99375152587890625 93.0124969482421875
179.3125 180.8562469482421875 184.6125030517578125 187.9187469482421875 191.6687469482421875 198.0749969482421875 198.962493896484375 200.1999969482421875 198.5187530517578125 195.274993896484375 194 195.149993896484375 187.931243896484375 182.375 179.806243896484375 170.0625 154.1062469482421875 139.493743896484375 154.1062469482421875 151.181243896484375 153.9812469482421875 160.34375 170.568756103515625 176.375 178.5 167.2375030517578125 155.5187530517578125 156.1374969482421875 155.162506103515625 149.2062530517578125 137.7375030517578125 127.9187469482421875 141.256256103515625 141.4875030517578125 140.5124969482421875 158.2375030517578125 161.6999969482421875 152.28125 146.9250030517578125 137.225006103515625 119.28125 105.6125030517578125 93.50624847412109375 85.59375
169.6875 173.662506103515625 177.662506103515625 182.2062530517578125 187.1374969482421875 190.399993896484375 192.3312530517578125 192.9375 193.2312469482421875 192.4187469482421875 189.5124969482421875 181.34375 176.0437469482421875 173.2062530517578125 167.7062530517578125 161.1062469482421875 156.1187591552734375 138.725006103515625 132.0187530517578125 132.2312469482421875 140.875 152.6875 147.5124969482421875 157.78125 160.162506103515625 162.71875 157.537506103515625 149.875 151.90625 145.8249969482421875 137.0500030517578125 134.21875 139.4812469482421875 137.881256103515625 142.34375 153.318756103515625 150.5437469482421875 140.4562530517578125 134.6999969482421875 121.90000152587890625 106.6875 91.90000152587890625 84.25624847412109375 79.5
