data/historical-monthly-weather-data/wc2.1_cruts4.09_10m_prec_1977-12.asc
ncols        51
nrows        45
xllcorner    -63.500000000000
yllcorner    -7.500000000000
cellsize     0.166666666667
NODATA_value -9999
[rows 20 to 39 of 45, columns 0 to 44 of 51]
323.91876220703125 322.95001220703125 322.337493896484375 323.337493896484375 325.774993896484375 330.181243896484375 333.76251220703125 336.40625 337.725006103515625 336.17498779296875 332.26251220703125 330.693756103515625 328.66876220703125 323.73748779296875 314.318756103515625 302.618743896484375 291.08123779296875 280.199981689453125 272.725006103515625 265.793731689453125 262.01251220703125 258.42498779296875 255.725006103515625 257.79998779296875 262.14373779296875 265.23748779296875 264.625 257.506256103515625 246.0749969482421875 233.78125 224.837493896484375 223.53125 227.6125030517578125 234.46875 242.21875 250.943756103515625 263.024993896484375 275.88751220703125 284.15625 285.71875 280.88751220703125 271.443756103515625 264.837493896484375 259.068756103515625 252.2687530517578125
327.40625 325.42498779296875 326.931243896484375 331.34375 335.76251220703125 341.03125 346.524993896484375 350.90625 352.01873779296875 350.037506103515625 344.61248779296875 340.84375 336.631256103515625 329.743743896484375 320.71875 310 299.225006103515625 288.037506103515625 278.350006103515625 269.65625 262.61248779296875 258.350006103515625 256.618743896484375 258.425018310546875 262.91876220703125 269.237518310546875 274.131256103515625 269.274993896484375 259.787506103515625 250.2687530517578125 242.756256103515625 239.9187469482421875 241.90625 247.774993896484375 253.756256103515625 261.58123779296875 273.649993896484375 287.20623779296875 293.71875 292.40625 287.649993896484375 278.96875 271.6875 265.475006103515625 259.07501220703125
332.131256103515625 332.493743896484375 333.756256103515625 338.60626220703125 345.068756103515625 352.95001220703125 359.087493896484375 365.3125 368.29998779296875 364.443756103515625 357.225006103515625 349.962493896484375 344.41876220703125 336.59375 327.20001220703125 316.712493896484375 305.65625 293.100006103515625 282.09375 271.08123779296875 262.75 256.8125 253.15625 254.9562530517578125 260.48748779296875 269.70001220703125 279.381256103515625 277.462493896484375 270.0625 263.42498779296875 258.212493896484375 255.587493896484375 257.368743896484375 260.618743896484375 264.693756103515625 269.29998779296875 282.01251220703125 300.67498779296875 306.48748779296875 302.412506103515625 296.03125 286.743743896484375 279.137481689453125 272.45001220703125 265.368743896484375
340.13751220703125 339.95623779296875 340.91876220703125 346.67498779296875 355.01873779296875 363.743743896484375 371.73126220703125 377.51251220703125 379.15625 373.462493896484375 365.09375 357.225006103515625 349.943756103515625 341.5 331.34375 320.45001220703125 309.46875 296.399993896484375 283.774993896484375 271.33123779296875 260.475006103515625 252.587493896484375 246.5124969482421875 248.3562469482421875 253.40625 261.8125 271.75 275.66876220703125 275.481231689453125 272.61248779296875 270.8125 268.85626220703125 271.92498779296875 274.73126220703125 278.17498779296875 280.287506103515625 292.131256103515625 310.70001220703125 316.48748779296875 312.225006103515625 304.82501220703125 295.29998779296875 286.306243896484375 278.475006103515625 272.943756103515625
353.206268310546875 351.39373779296875 350.91876220703125 360.29376220703125 371.66876220703125 379.07501220703125 385.39373779296875 388.54376220703125 387.16876220703125 381.868743896484375 373.42498779296875 363.693756103515625 354.54376220703125 344.66876220703125 334.70001220703125 324.04376220703125 312.73748779296875 299.11248779296875 285.11248779296875 271.33123779296875 258.35626220703125 247.287506103515625 239.34375 239.6750030517578125 244.850006103515625 253.9250030517578125 264.712493896484375 272.65625 277.4375 279.45001220703125 281.10626220703125 281.45623779296875 286.056243896484375 289.60626220703125 292.17498779296875 296.53125 307.61248779296875 319.399993896484375 323.82501220703125 321.73126220703125 314.631256103515625 304.524993896484375 293.899993896484375 286.79998779296875 278.59375
374.587493896484375 376.75 376.225006103515625 384.0625 391.23748779296875 396.131256103515625 398.85626220703125 399.1875 395.73126220703125 388.5625 379.006256103515625 368.881256103515625 357.9375 346.850006103515625 337.51873779296875 327.25 315.462493896484375 301.212493896484375 286.41876220703125 271.368743896484375 257.96875 243.5812530517578125 231.8125 229.443756103515625 236.600006103515625 247.287506103515625 260.399993896484375 271.11248779296875 279.412506103515625 284.6875 289.024993896484375 293.868743896484375 300.875 304.39373779296875 307.95001220703125 312.868743896484375 322.39373779296875 331.962493896484375 335.33123779296875 334.225006103515625 327.625 314.26251220703125 300.70001220703125 290.993743896484375 284.34375
397.45001220703125 401.89373779296875 405.07501220703125 411.243743896484375 415.51873779296875 416.1875 413.38751220703125 409.21875 401.5625 393.5 384.4375 372.64373779296875 359.4375 347.39373779296875 338.28125 329.056243896484375 318.024993896484375 303.91876220703125 289.07501220703125 272.962493896484375 258.01251220703125 242.131256103515625 227.9562530517578125 223.1875 232 243.0812530517578125 256.943756103515625 269.149993896484375 280.26873779296875 287.51873779296875 294.90625 302.73126220703125 313.375 318.36248779296875 323.037506103515625 329.45001220703125 337.45001220703125 345.875 349.087493896484375 349.45623779296875 343.899993896484375 326.868743896484375 307.76873779296875 295.54376220703125 296.037506103515625
423.0625 430.431243896484375 435.91876220703125 441.03125 442.28125 438.26873779296875 430.63751220703125 420.506256103515625 409.118743896484375 398.01873779296875 386.506256103515625 373.23126220703125 360.23126220703125 347.58123779296875 338.88751220703125 329.71875 320.056243896484375 305.96875 291.693756103515625 275.9375 260.756256103515625 245.193756103515625 233.1125030517578125 230.03125 235.100006103515625 243.912506103515625 256.29998779296875 268.21875 279.71875 288.318756103515625 296.54998779296875 305.006256103515625 317.16876220703125 326.65625 334.60626220703125 342.51251220703125 351.59375 360.82501220703125 365.756256103515625 368.693756103515625 365.631256103515625 346.225006103515625 317.26251220703125 302.45001220703125 314.07501220703125
445.9375 457.08123779296875 465.337493896484375 472.21875 470.60626220703125 459.29376220703125 445.318756103515625 430.70001220703125 415.818756103515625 401.181243896484375 388.537506103515625 374.83123779296875 360.61248779296875 347.70623779296875 338.91876220703125 331.60626220703125 322.743743896484375 309.53125 295.59375 280.46875 265.399993896484375 250.681243896484375 240 237.0187530517578125 240.2312469482421875 246.756256103515625 257.65625 269.04376220703125 280.493743896484375 288.818756103515625 296.899993896484375 305.225006103515625 318.962493896484375 331.1875 342.875 353.38751220703125 364.86248779296875 375.20001220703125 380.73748779296875 386.48126220703125 388.61248779296875 366.056243896484375 336.118743896484375 325.881256103515625 338.20001220703125
460.33123779296875 473.36248779296875 485.07501220703125 495.5625 495.86248779296875 475.40625 454.40625 436.16876220703125 417.90625 400.693756103515625 386.756256103515625 372.08123779296875 359.36248779296875 347.587493896484375 339.35626220703125 331.375 323.23748779296875 312.962493896484375 300.17498779296875 285.34375 270.037506103515625 255.9562530517578125 244.7062530517578125 242.2687530517578125 244.537506103515625 249.712493896484375 258.037506103515625 268.912506103515625 279.29376220703125 288.11248779296875 296.662506103515625 305.54376220703125 321.10626220703125 335.29376220703125 349.274993896484375 361.1875 374.3125 385.943756103515625 392.73126220703125 398.45623779296875 399.256256103515625 385.256256103515625 364.524993896484375 356.600006103515625 358.21875
469.29998779296875 483.537506103515625 494.675018310546875 506.03125 505.131256103515625 480.337493896484375 456.67498779296875 435.350006103515625 414.681243896484375 397.975006103515625 383.34375 369.36248779296875 357.51251220703125 345.92498779296875 337.58123779296875 330.45001220703125 323.931243896484375 313.975006103515625 303.71875 289.83123779296875 274.20001220703125 259.95001220703125 249 246.3937530517578125 247.4812469482421875 251.181243896484375 258.681243896484375 268.337493896484375 277.88751220703125 287.67498779296875 296.806243896484375 306.399993896484375 322.4375 338.76251220703125 354.20001220703125 368.243743896484375 383.41876220703125 396.75 403.65625 407.756256103515625 410.993743896484375 403.86248779296875 392.29376220703125 382.162506103515625 379.64373779296875
473.774993896484375 485.75 493.58123779296875 497.01251220703125 491.32501220703125 471.681243896484375 450.006256103515625 427.96875 408.100006103515625 390.75 376.850006103515625 364.725006103515625 354.17498779296875 343.32501220703125 336.431243896484375 329.71875 321.38751220703125 311.931243896484375 302.36248779296875 290.149993896484375 275.943756103515625 262.20001220703125 250.868743896484375 248.181243896484375 249.962493896484375 252.5187530517578125 258.6875 267.475006103515625 276.631256103515625 287.15625 296.98748779296875 307.51251220703125 323.056243896484375 340.45001220703125 357.943756103515625 374.899993896484375 390.57501220703125 404.75 412.625 418.524993896484375 426.95623779296875 427.131256103515625 424.399993896484375 421.5 424.381256103515625
467.54376220703125 474.162506103515625 476.131256103515625 476.912506103515625 470.95623779296875 453.48748779296875 432.693756103515625 411.92498779296875 392.931243896484375 377.693756103515625 368.587493896484375 358.162506103515625 349.91876220703125 342.212493896484375 334.86248779296875 326.756256103515625 317.162506103515625 309.07501220703125 298.381256103515625 287.418731689453125 274.8125 262.806243896484375 252.375 249.5812530517578125 250.8937530517578125 253.681243896484375 259.23126220703125 265.899993896484375 274.756256103515625 285.256256103515625 296.29376220703125 307.66876220703125 323.95623779296875 341.806243896484375 360.14373779296875 377.743743896484375 394.756256103515625 410.524993896484375 419.40625 431.48748779296875 442.21875 448.57501220703125 456.475006103515625 469.08123779296875 492.51873779296875
457.48748779296875 459.712493896484375 459.51873779296875 456.78125 448.5 432.13751220703125 413.787506103515625 394.59375 376.35626220703125 362.4375 354.61248779296875 350.20623779296875 345.70001220703125 338.58123779296875 331.73126220703125 322.71875 313.20001220703125 305.29998779296875 294.54998779296875 284.26251220703125 272.98748779296875 261.787506103515625 251.912506103515625 249.618743896484375 250.318756103515625 252.6500091552734375 258.21875 264.63751220703125 273.13751220703125 283.42498779296875 294.90625 307.587493896484375 324.42498779296875 342.850006103515625 361.10626220703125 379.024993896484375 397.83123779296875 413.318756103515625 426.337493896484375 441.212493896484375 455.51251220703125 467.306243896484375 482.868743896484375 506.037506103515625 537.63751220703125
444.91876220703125 444.962493896484375 442.587493896484375 437.006256103515625 428.48126220703125 412.20623779296875 394.08123779296875 375.79376220703125 356.725006103515625 344.45001220703125 340.58123779296875 340.54376220703125 341.412506103515625 338.131256103515625 330.850006103515625 320.90625 309.899993896484375 301.33123779296875 291.70001220703125 280.61248779296875 271.018768310546875 260 251.725006103515625 249.21875 249.193756103515625 251.350006103515625 256.368743896484375 262.743743896484375 270.58123779296875 281.35626220703125 293.54998779296875 306.82501220703125 324.318756103515625 343.42498779296875 361.818756103515625 379.131256103515625 397.243743896484375 416.131256103515625 431.568756103515625 446.48748779296875 463.38751220703125 478.01873779296875 496.82501220703125 521.9000244140625 548.88751220703125
428.181243896484375 426.53125 421.79998779296875 414.912506103515625 404.98748779296875 389.556243896484375 371.20623779296875 352.318756103515625 332.75 319.431243896484375 319.86248779296875 327.21875 334.70623779296875 334.649993896484375 328.25 318.181243896484375 306.537506103515625 297.975006103515625 287.73126220703125 276.725006103515625 267.787506103515625 259.125 250.9187469482421875 248.65625 249.0437469482421875 250.587493896484375 255.3312530517578125 260.881256103515625 267.850006103515625 279.212493896484375 292.11248779296875 305.125 322.6875 340.60626220703125 358.13751220703125 373.70001220703125 392.943756103515625 411.181243896484375 426.024993896484375 441.58123779296875 458.73748779296875 475.21875 492.587493896484375 514.8499755859375 533.8499755859375
410.162506103515625 407.649993896484375 402.068756103515625 394.95623779296875 385.45623779296875 371.23126220703125 354.95623779296875 335.5 312.912506103515625 293.743743896484375 301.712493896484375 322.399993896484375 331.89373779296875 331.618743896484375 325.462493896484375 315.068756103515625 303.42498779296875 294.318756103515625 284.693756103515625 273.95623779296875 265.337493896484375 257.024993896484375 249.693756103515625 247.600006103515625 247.524993896484375 249.181243896484375 252.9250030517578125 258.76251220703125 265.76251220703125 277.399993896484375 290.23126220703125 303.28125 320.13751220703125 337.868743896484375 354.181243896484375 370.46875 387.943756103515625 404.61248779296875 417.381256103515625 432.037506103515625 448.04376220703125 463.5625 480.125 499.768768310546875 512.3375244140625
393.33123779296875 390.89373779296875 385.712493896484375 378.67498779296875 370.73748779296875 357.681243896484375 344.40625 327.88751220703125 307.75 286.23126220703125 310.73748779296875 333.943756103515625 336.53125 332.725006103515625 324.66876220703125 313.58123779296875 300.850006103515625 292.09375 281.8125 271.649993896484375 262.41876220703125 254.3625030517578125 248.0500030517578125 245.9499969482421875 245.5437469482421875 246.975006103515625 251.399993896484375 256.64373779296875 263.149993896484375 275.33123779296875 287.63751220703125 300.9375 317.199981689453125 334.20623779296875 349.79376220703125 364.91876220703125 380.48748779296875 394.899993896484375 407.381256103515625 420.29376220703125 434.01251220703125 447.9375 462.03125 478.71875 490.125
386.79376220703125 383.35626220703125 378.1875 371.712493896484375 363.48126220703125 351.88751220703125 340.70623779296875 330.29998779296875 321.41876220703125 325.79998779296875 354.118743896484375 350.850006103515625 341.73748779296875 334.181243896484375 325.11248779296875 314.32501220703125 302.23126220703125 292.20623779296875 281.61248779296875 270.931243896484375 261.306243896484375 252.787506103515625 246.681243896484375 244.756256103515625 244.65625 246.024993896484375 249.818756103515625 255.1875 261.54998779296875 273.23126220703125 285.712493896484375 296.9375 311.462493896484375 326.412506103515625 341.837493896484375 355.40625 368.82501220703125 381.681243896484375 392.29376220703125 403.04998779296875 415.67498779296875 426.568756103515625 437.725006103515625 450.53125 459.08123779296875
383.79998779296875 379.287506103515625 373.45623779296875 366.76251220703125 359.149993896484375 350.137481689453125 341.837493896484375 336.850006103515625 333.91876220703125 339.41876220703125 351.35626220703125 350.899993896484375 342.475006103515625 334.61248779296875 326.381256103515625 315.88751220703125 304.26251220703125 294.45623779296875 282.5625 270.993743896484375 259.58123779296875 250.100006103515625 243.625 241.2375030517578125 242.087493896484375 244.3125 248.84375 254.4187469482421875 260.4375 271.681243896484375 282.5625 294 307.274993896484375 320.0625 332.75 343.53125 355.75 366.59375 375.475006103515625 383.92498779296875 393.431243896484375 402.587493896484375 412.243743896484375 422.29376220703125 429.725006103515625
