data/historical-monthly-weather-data/wc2.1_cruts4.09_10m_prec_1995-05.asc
ncols        51
nrows        45
xllcorner    -63.500000000000
yllcorner    -7.500000000000
cellsize     0.166666666667
NODATA_value -9999
[rows 0 to 18 of 45, columns 0 to 43 of 51]
373.86248779296875 379.556243896484375 380.274993896484375 387.10626220703125 390.26251220703125 389.506256103515625 383.45623779296875 379.85626220703125 375.67498779296875 374.54998779296875 371.056243896484375 363.45001220703125 357.92498779296875 353.23748779296875 346.76251220703125 342.38751220703125 336.774993896484375 330.181243896484375 326.57501220703125 325.787506103515625 326.03125 325.975006103515625 329.58123779296875 329.04376220703125 329.962493896484375 332.84375 333.850006103515625 336.67498779296875 336.66876220703125 338.600006103515625 335.943756103515625 335.90625 337.16876220703125 336.66876220703125 336.54376220703125 339.8125 341.86248779296875 341.024993896484375 340.850006103515625 342.61248779296875 341.64373779296875 342.024993896484375 339.41876220703125 341.306243896484375
370.85626220703125 375.01251220703125 380.98126220703125 390.76251220703125 400.131256103515625 400.95623779296875 395.23126220703125 392.118743896484375 389.9375 385.16876220703125 381.381256103515625 372.6875 363.95623779296875 355.88751220703125 346.881256103515625 338.79376220703125 331.125 323.36248779296875 321.48126220703125 320.943756103515625 321.63751220703125 323.318756103515625 325.01251220703125 327.21875 327.725006103515625 328.399993896484375 331.48126220703125 334.15625 335.36248779296875 334.524993896484375 331.431243896484375 334.23126220703125 332.86248779296875 334.70623779296875 333.899993896484375 332.306243896484375 335.98748779296875 335.70001220703125 337.58123779296875 333.9375 332.537506103515625 336.662506103515625 334.149993896484375 330.88751220703125
360.681243896484375 368.36248779296875 378.600006103515625 388.350006103515625 396.54998779296875 399.91876220703125 400.32501220703125 401.837493896484375 400.95001220703125 396.375 390.73748779296875 379.04998779296875 367.056243896484375 353.962493896484375 343.70001220703125 335.412506103515625 325.11248779296875 315.95623779296875 313.225006103515625 313.056243896484375 314.068756103515625 317.912506103515625 320.056243896484375 321.09375 321.243743896484375 324.38751220703125 328.993743896484375 330.20001220703125 329.412506103515625 328.40625 325.88751220703125 326.48748779296875 329.024993896484375 328.5625 329.756256103515625 327.20623779296875 328.79376220703125 329.375 329.056243896484375 327.618743896484375 328.881256103515625 327.35626220703125 327.32501220703125 324.368743896484375
345.618743896484375 350.943756103515625 369.01251220703125 379.443756103515625 389.556243896484375 393.60626220703125 397.462493896484375 404.21875 409.681243896484375 407.35626220703125 398.10626220703125 383.524993896484375 366.09375 350.92498779296875 339.0625 328.287506103515625 316.212493896484375 307.51251220703125 304.193756103515625 306.256256103515625 312 314.34375 314.83123779296875 316.381256103515625 316.46875 317.306243896484375 322.399993896484375 321.66876220703125 320.76873779296875 322.618743896484375 321.09375 321.274993896484375 321.774993896484375 320.631256103515625 319.087493896484375 322 324.712493896484375 324.67498779296875 324.568756103515625 323.756256103515625 322.73126220703125 324.5 320.20623779296875 316.162506103515625
352.462493896484375 353.83123779296875 353.875 364.42498779296875 378.08123779296875 382.618743896484375 390.21875 401.006256103515625 413.09375 416.09375 401.53125 380.256256103515625 364.29376220703125 348.962493896484375 335.6875 322.337493896484375 308.431243896484375 300.100006103515625 296.5 300.006256103515625 306.01873779296875 307.631256103515625 306.975006103515625 311.8125 310.32501220703125 310.743743896484375 310.256256103515625 313.212493896484375 313.70623779296875 314.26251220703125 314.98748779296875 313.625 313.0625 315.01251220703125 315.26251220703125 315.45001220703125 319.162506103515625 321.337493896484375 322.087493896484375 320.33123779296875 320.631256103515625 318.04376220703125 314.34375 311.95623779296875
353.962493896484375 355.787506103515625 353.59375 348.850006103515625 362.75 373.506256103515625 381.35626220703125 389.11248779296875 402.51873779296875 407.962493896484375 395.787506103515625 373.350006103515625 360.556243896484375 347.743743896484375 332.256256103515625 322.08123779296875 306.899993896484375 297.17498779296875 294.59375 299.181243896484375 302.649993896484375 305.100006103515625 306.899993896484375 305.649993896484375 304.875 304.712493896484375 304.631256103515625 305.29998779296875 307.42498779296875 308.943756103515625 309.90625 310.70001220703125 309.92498779296875 310.95623779296875 310.587493896484375 312.32501220703125 314.23126220703125 315.57501220703125 319.962493896484375 318.443756103515625 315.350006103515625 313.381256103515625 308.631256103515625 305.59375
358.45001220703125 358.087493896484375 354.631256103515625 350.45623779296875 352.33123779296875 355.42498779296875 361.475006103515625 368.125 368.193756103515625 374.212493896484375 371.6875 359.8125 352.037506103515625 343.056243896484375 331.3125 320.28125 310.881256103515625 303.92498779296875 299.79998779296875 303.600006103515625 303.26873779296875 302.506256103515625 299.76873779296875 300.26251220703125 300.29376220703125 302.15625 300.35626220703125 300.04998779296875 298.73126220703125 301.13751220703125 303.493743896484375 302.63751220703125 300.85626220703125 301.787506103515625 302.8125 306.318756103515625 306.88751220703125 308.243743896484375 312.96875 314.13751220703125 309.46875 304.875 300.29998779296875 298.76251220703125
361.399993896484375 359.399993896484375 355.07501220703125 353.381256103515625 354.09375 356.15625 349.899993896484375 336.600006103515625 326.01873779296875 334.931243896484375 346.60626220703125 345.61248779296875 345.29376220703125 338.912506103515625 330.756256103515625 323.51251220703125 315.64373779296875 311.63751220703125 307.48748779296875 305.33123779296875 306.14373779296875 302.09375 298.162506103515625 293.89373779296875 295.20623779296875 291.068756103515625 292.568756103515625 290.91876220703125 290.16876220703125 292.91876220703125 295.1875 294.462493896484375 294.193756103515625 292.681243896484375 291.125 292.95001220703125 295.25 298.587493896484375 300.318756103515625 297.23126220703125 296.443756103515625 292.443756103515625 289.412506103515625 285.162506103515625
363.23126220703125 360.91876220703125 358.381256103515625 354.662506103515625 353.04998779296875 352.100006103515625 345.23748779296875 334.17498779296875 316.625 311.36248779296875 323.493743896484375 331.64373779296875 338.70623779296875 334.83123779296875 329.20001220703125 325.756256103515625 320.662506103515625 318.899993896484375 318.0625 309.287506103515625 301.568756103515625 299.73748779296875 290.756256103515625 292.86248779296875 287.96875 282.537506103515625 280.60626220703125 282.64373779296875 285.73126220703125 286.287506103515625 290.149993896484375 287.84375 281.868743896484375 277.70623779296875 278.23748779296875 281.20001220703125 284.274993896484375 287.96875 291.42498779296875 287.26251220703125 282.98748779296875 278.8125 278.75 278.03125
363.649993896484375 362.89373779296875 360.33123779296875 358.16876220703125 352.712493896484375 351.350006103515625 346.212493896484375 337.993743896484375 328.82501220703125 326.20623779296875 329.51873779296875 327.42498779296875 335.787506103515625 332.662506103515625 330.725006103515625 325.95623779296875 321.88751220703125 320.20001220703125 320.21875 316.48748779296875 304.712493896484375 293.818756103515625 285.13751220703125 284.274993896484375 276.98126220703125 271.756256103515625 269.54998779296875 271.53125 276.318756103515625 280.375 279.76251220703125 275.95623779296875 272.95623779296875 269.587493896484375 266.92498779296875 269.181243896484375 271.28125 275.46875 279.149993896484375 280.26251220703125 279.98748779296875 278.8125 271.743743896484375 265.493743896484375
363.600006103515625 364.506256103515625 360.64373779296875 358.89373779296875 353.48748779296875 353.493743896484375 349.881256103515625 340.587493896484375 334.28125 334.912506103515625 338.649993896484375 339.962493896484375 333.95001220703125 333.193756103515625 328.96875 324.01251220703125 320.9375 320.399993896484375 319.625 318.98748779296875 315.98126220703125 299.212493896484375 283.78125 267.28125 266.881256103515625 265.60626220703125 263.45001220703125 264.70001220703125 265.181243896484375 265.88751220703125 267.100006103515625 265.45001220703125 261.76251220703125 257.993743896484375 254.506256103515625 254.1750030517578125 256.225006103515625 261.5 268.212493896484375 271.600006103515625 272.91876220703125 269.993743896484375 268.243743896484375 258.693756103515625
364.71875 363.662506103515625 360.8125 359.08123779296875 355.943756103515625 352.28125 352.17498779296875 347.943756103515625 345.23748779296875 341.36248779296875 343.962493896484375 348.46875 336.45001220703125 332.53125 330.524993896484375 322.95623779296875 319.162506103515625 318.01873779296875 318.04998779296875 321.13751220703125 321.14373779296875 308.975006103515625 290.693756103515625 270.65625 258.068756103515625 250.1125030517578125 246.5187530517578125 247.943756103515625 251.181243896484375 251.46875 249.1750030517578125 247.524993896484375 244.318756103515625 240.8874969482421875 240.2937469482421875 243.3249969482421875 247.3937530517578125 251.03125 255.7375030517578125 260.17498779296875 264.125 261.587493896484375 255.162506103515625 238.34375
366.70623779296875 362.568756103515625 358.912506103515625 357.59375 353.95001220703125 353.337493896484375 350.46875 345.693756103515625 344.649993896484375 345.787506103515625 347.38751220703125 349 342.45623779296875 325.774993896484375 320.38751220703125 318.375 314.17498779296875 313 312.256256103515625 314.76873779296875 317.962493896484375 304.412506103515625 286.79998779296875 266.712493896484375 241.3249969482421875 229.4562530517578125 233 235.7062530517578125 239.899993896484375 241.0812530517578125 236.837493896484375 231.4250030517578125 227.40625 223.4812469482421875 224.0124969482421875 229.9812469482421875 235.8874969482421875 242.8000030517578125 250.024993896484375 254.2125091552734375 255.931243896484375 253.8625030517578125 239.868743896484375 226.6437530517578125
360.83123779296875 357.48748779296875 355.61248779296875 353.75 352.256256103515625 349.850006103515625 346.28125 343.274993896484375 344.899993896484375 345.5625 340.79998779296875 338.51873779296875 332.45623779296875 322.443756103515625 306.056243896484375 307.16876220703125 303 299.78125 300.962493896484375 303.54376220703125 302.931243896484375 291.73748779296875 276.91876220703125 261.118743896484375 240.837493896484375 227.1687469482421875 224.899993896484375 223.806243896484375 226.15625 224.7312469482421875 224.03125 217.743743896484375 213.712493896484375 210.34375 209.7624969482421875 218.4187469482421875 228.243743896484375 238.125 246.787506103515625 248.28125 240.743743896484375 230.875 227.2750091552734375 226.493743896484375
354.45001220703125 353.149993896484375 352.412506103515625 350.07501220703125 347.51251220703125 345.85626220703125 345.9375 345.26873779296875 343.76251220703125 340.037506103515625 333.931243896484375 329.506256103515625 320.61248779296875 310.08123779296875 289.287506103515625 288.306243896484375 286.712493896484375 287.46875 288.274993896484375 289.04998779296875 288.70623779296875 280.95623779296875 270.943756103515625 263.568756103515625 252.0812530517578125 240.9250030517578125 233.100006103515625 228.618743896484375 225.7937469482421875 221.5187530517578125 213.193756103515625 205.631256103515625 204.3249969482421875 197.649993896484375 192.8562469482421875 199.006256103515625 217.5749969482421875 232.743743896484375 238.975006103515625 236.4562530517578125 227.806243896484375 224.4375 228.34375 226.631256103515625
347 345.20001220703125 346.58123779296875 345.98748779296875 342.787506103515625 343.58123779296875 344.693756103515625 343.40625 339.181243896484375 335.806243896484375 327.875 321.15625 311.712493896484375 302.975006103515625 285.89373779296875 268.09375 270.64373779296875 277.51873779296875 275.54998779296875 275.837493896484375 275.649993896484375 274.568756103515625 270.95623779296875 269.256256103515625 260.5 248.5124969482421875 238.524993896484375 230.100006103515625 224.9875030517578125 220.837493896484375 215.1999969482421875 205.7375030517578125 194.712493896484375 184.3625030517578125 178.3937530517578125 194.6875 207.162506103515625 220.1125030517578125 228.2624969482421875 230.5500030517578125 226.3937530517578125 223.3125 223.162506103515625 217.256256103515625
341.64373779296875 340.662506103515625 339.837493896484375 341.024993896484375 341.61248779296875 340.018768310546875 339.23748779296875 337.03125 334.88751220703125 330.73748779296875 324.306243896484375 319.01251220703125 308.5 297.89373779296875 284.48126220703125 270.53125 255.0812530517578125 259.881256103515625 262.837493896484375 264.243743896484375 264.850006103515625 264.70623779296875 266.88751220703125 271.787506103515625 269.087493896484375 249.875 236.774993896484375 228.4875030517578125 222.725006103515625 218.0749969482421875 213.350006103515625 207.3249969482421875 197.524993896484375 188.78125 192.443756103515625 198.84375 210.568756103515625 222.6437530517578125 234.0437469482421875 229.993743896484375 223.899993896484375 218.537506103515625 212.618743896484375 210.131256103515625
334.66876220703125 336.17498779296875 337.443756103515625 337.712493896484375 338.58123779296875 340.506256103515625 337.95623779296875 334.04998779296875 329.662506103515625 326.125 319.89373779296875 317.287506103515625 303.931243896484375 295.306243896484375 282.868743896484375 270.975006103515625 256.67498779296875 242.9375 255.0062408447265625 254.9187469482421875 254.274993896484375 255.2062530517578125 257.67498779296875 263.39373779296875 262.993743896484375 247.90625 231.368743896484375 225.4875030517578125 220.71875 212.875 201.3000030517578125 191.9499969482421875 197.9812469482421875 198.524993896484375 198.1875 212.3625030517578125 223.274993896484375 227.0437469482421875 231.5 229 216.962493896484375 210.693756103515625 205.2312469482421875 203.5749969482421875
327.5625 330.14373779296875 331.07501220703125 334.725006103515625 337.6875 337.399993896484375 336.306243896484375 334.23126220703125 329.537506103515625 327.118743896484375 318.64373779296875 307.068756103515625 296.243743896484375 288.75 277.45623779296875 268.83123779296875 259.337493896484375 242.756256103515625 238.0749969482421875 240.1125030517578125 240.6999969482421875 245.1875 234.6875 242.350006103515625 243.087493896484375 239.2937469482421875 230.693756103515625 220.381256103515625 215.725006103515625 207.8937530517578125 199.3562469482421875 195.90625 199.8937530517578125 200.3125 202.568756103515625 212.681243896484375 216.899993896484375 217.6875 222.2062530517578125 216.975006103515625 207.475006103515625 200.318756103515625 197.9375 198.8625030517578125
