data/historical-monthly-weather-data/wc2.1_cruts4.09_10m_prec_1954-07.asc
ncols        45
nrows        45
xllcorner    -63.500000000000
yllcorner    -7.500000000000
cellsize     0.166666666667
NODATA_value -9999
[rows 19 to 37 of 45, columns 0 to 42 of 45]
145.2375030517578125 149.1875 147.368743896484375 145.006256103515625 141.40625 139.975006103515625 131.46875 126.11875152587890625 120.81874847412109375 112.40000152587890625 105.38124847412109375 102.09375 95.94374847412109375 89.8249969482421875 80.71250152587890625 71.0749969482421875 64.46875 66.66249847412109375 60.15000152587890625 55.80625152587890625 49.674999237060546875 49.53125 51.668750762939453125 53.38124847412109375 53.05625152587890625 50.03125 49.331249237060546875 50.96875 50.74375152587890625 50.5625 53.77500152587890625 60.5625 62.700000762939453125 64.3562469482421875 67.1687469482421875 73.22499847412109375 77.59999847412109375 80.38124847412109375 82.43125152587890625 80.9250030517578125 75.5812530517578125 70.8874969482421875 70.16249847412109375
130.318756103515625 141.8874969482421875 145.9250030517578125 140.6187591552734375 134.712493896484375 133.0437469482421875 126.96875 122.28749847412109375 116.21250152587890625 109.56874847412109375 101.72499847412109375 98.5124969482421875 93.9875030517578125 87.2624969482421875 78.68125152587890625 70.6999969482421875 65.3125 62.512500762939453125 61.03125 54.75624847412109375 54.09375 53.581249237060546875 53.90625 55.856250762939453125 54.84375 50.75624847412109375 47.1875 48.18125152587890625 49.84375 51.19374847412109375 55.71875 60.362499237060546875 59.72499847412109375 61.5625 64.1437530517578125 68.69374847412109375 72.78125 73.81874847412109375 73.875 72.1875 69.47499847412109375 67.7312469482421875 65.6062469482421875
125.3249969482421875 128.712493896484375 134.493743896484375 134.1687469482421875 131.3874969482421875 124.61875152587890625 119.61875152587890625 115.2312469482421875 111.0124969482421875 105.15625 99.84999847412109375 93.8312530517578125 88.49375152587890625 86.06874847412109375 81.11875152587890625 73.3625030517578125 69.97499847412109375 65.4875030517578125 62.40625 58.450000762939453125 54.643749237060546875 53.77500152587890625 54.049999237060546875 52.84375 50.143749237060546875 47.043750762939453125 47.86875152587890625 46.94374847412109375 50.075000762939453125 53.575000762939453125 56.00624847412109375 58.0625 57.668750762939453125 58.075000762939453125 58.5625 63.25624847412109375 66.71250152587890625 67.93125152587890625 68.25624847412109375 67.4187469482421875 65.7062530517578125 64.65000152587890625 63.356250762939453125
120.09999847412109375 129.256256103515625 131.9187469482421875 129.712493896484375 125.96875 121.0812530517578125 110.50624847412109375 106.2937469482421875 104.1374969482421875 103.28125 99.6125030517578125 93.8874969482421875 90.875 87.02500152587890625 83.78749847412109375 79.09375 72.52500152587890625 66.2624969482421875 62.081249237060546875 59.53749847412109375 58.799999237060546875 55.737499237060546875 53.77500152587890625 51.831249237060546875 50.393749237060546875 46.34375 45.22499847412109375 46.418750762939453125 47.74375152587890625 49.96875 52.375 55.200000762939453125 54.21250152587890625 52.90625 53.8125 55.84375 59.625 60.11875152587890625 62.112499237060546875 62.97499847412109375 62.31874847412109375 60.318752288818359375 59.46875
110.86875152587890625 122.53125 128.6125030517578125 125.78749847412109375 122.08750152587890625 115.13124847412109375 110.8937530517578125 104.8249969482421875 99.80625152587890625 95.71250152587890625 93.53749847412109375 94.3625030517578125 91.5500030517578125 89.25 83.68125152587890625 78.99375152587890625 72.05625152587890625 68.34375 63.674999237060546875 62.125 59.0625 57.75624847412109375 55.19374847412109375 54.375 51.862499237060546875 47.043750762939453125 46.86875152587890625 45.299999237060546875 45.575000762939453125 47.28749847412109375 49.674999237060546875 51.71250152587890625 49.59999847412109375 47.28125 48.9375 49.31874847412109375 52.75624847412109375 54.875 56.80625152587890625 57.556247711181640625 57.86875152587890625 56.606250762939453125 56.40625
105.18125152587890625 117.3874969482421875 125.1999969482421875 124.03749847412109375 121.33750152587890625 112.7937469482421875 107.8000030517578125 102.33750152587890625 97.58750152587890625 95.77500152587890625 93.7624969482421875 89.6125030517578125 90.5437469482421875 87.75624847412109375 81.96250152587890625 75.75624847412109375 71.08750152587890625 68.3249969482421875 65.08750152587890625 62.46875 60.481250762939453125 58.30625152587890625 57.99375152587890625 55.331249237060546875 50.8125 48.325000762939453125 45.44374847412109375 43.83750152587890625 43.03125 44.4375 44.612499237060546875 45.02500152587890625 44.543750762939453125 42.825000762939453125 42.293750762939453125 43.88124847412109375 47.03749847412109375 48.33750152587890625 50.88124847412109375 52.581249237060546875 52.59375 52.84999847412109375 53.3125
105.9187469482421875 117.30625152587890625 118.80625152587890625 119.7312469482421875 117.02500152587890625 110.2062530517578125 104.8937530517578125 99.25 93.74375152587890625 88.46875 90.6437530517578125 88.78749847412109375 85.5625 83.78125 79.4812469482421875 74.8000030517578125 69.8625030517578125 67.1999969482421875 64.86875152587890625 61.75 61.52500152587890625 59.78749847412109375 59.03125 56.18125152587890625 50.987499237060546875 46.549999237060546875 44.53125 42.112499237060546875 40.143749237060546875 40 39.88124847412109375 39.44374847412109375 38.075000762939453125 37.206249237060546875 37.825000762939453125 39.356250762939453125 41.643749237060546875 43.59999847412109375 45.875 47.706249237060546875 49.43125152587890625 48.987499237060546875 49.19374847412109375
103.00624847412109375 110.0187530517578125 114.31874847412109375 115.8000030517578125 112.9562530517578125 107.7687530517578125 103.28749847412109375 97.13124847412109375 90.02500152587890625 89.75 90.0749969482421875 88.1125030517578125 85.4375 81.61875152587890625 76.84999847412109375 74.2375030517578125 69.7375030517578125 65.83750152587890625 64.1125030517578125 62.09375 60.00624847412109375 58.606250762939453125 58.518749237060546875 56.981250762939453125 50.668750762939453125 44.59375 42.34999847412109375 40.512500762939453125 38.74375152587890625 36.918750762939453125 36.90000152587890625 34.9375 33.03125 33.706249237060546875 33.4375 35.299999237060546875 36.09375 37.72499847412109375 40.299999237060546875 42.731250762939453125 45.424999237060546875 46.012500762939453125 45.950000762939453125
100.7624969482421875 103.81874847412109375 107.3562469482421875 110.6875 108.47499847412109375 104.2312469482421875 100 94.03125 89.78749847412109375 88.2624969482421875 86.90000152587890625 83.7687530517578125 81.6374969482421875 78.68125152587890625 73.90625 70.53125 67.2624969482421875 64.3249969482421875 60.86875152587890625 59.637500762939453125 59.28125 57.125 54.61875152587890625 52.96250152587890625 48.481250762939453125 43.08750152587890625 40.799999237060546875 38.99375152587890625 37.231250762939453125 36.168750762939453125 35.21250152587890625 34.02500152587890625 31.837499618530273438 30.387500762939453125 29.912500381469726562 31.125 31.600000381469726562 33.018749237060546875 35.731250762939453125 39.09375 41.612499237060546875 43.99375152587890625 43.36875152587890625
96.82500457763671875 99.9562530517578125 104.1875 102.4187469482421875 102.2062530517578125 96.9812469482421875 92.59375 89.56874847412109375 85.81874847412109375 85.1125030517578125 83.1374969482421875 80.22499847412109375 78.4875030517578125 76.68125152587890625 72.46250152587890625 68.91249847412109375 66.5749969482421875 61.9375 59.456249237060546875 58.03749847412109375 56.612499237060546875 54.393749237060546875 52.47499847412109375 49.643749237060546875 45.75 41.299999237060546875 39.21875 37.512500762939453125 36.862499237060546875 35.74375152587890625 34.21250152587890625 33.02500152587890625 30.299999237060546875 28.087499618530273438 26.981250762939453125 27.674999237060546875 28.012500762939453125 28.993749618530273438 31.368749618530273438 33.549999237060546875 36.8125 38.16249847412109375 39.043750762939453125
90 95.5437469482421875 97.84375 96.59375 94.3625030517578125 91.06874847412109375 86.6875 85.84999847412109375 84.04375457763671875 81.8562469482421875 80.0625 78.9875030517578125 77.05625152587890625 73.94374847412109375 70.25 67.02500152587890625 63.65000152587890625 60.637500762939453125 57.293750762939453125 55.106250762939453125 54.21250152587890625 51.88124847412109375 50.081249237060546875 46.61875152587890625 43.481250762939453125 40.00624847412109375 37.893749237060546875 36.625 36.018749237060546875 34.46875 33.043750762939453125 31.393749237060546875 28.518749237060546875 26.325000762939453125 24.612499237060546875 24.543750762939453125 25.225000381469726562 25.200000762939453125 26.206249237060546875 27.993749618530273438 30.731250762939453125 32.293750762939453125 33.137500762939453125
84.91249847412109375 89.46875 87.96875 89.9562530517578125 89.8125 87.875 84.03749847412109375 81.8937530517578125 80.5 79.03125 78.05625152587890625 76.08750152587890625 76.02500152587890625 71.3937530517578125 67.2624969482421875 64.83750152587890625 63.262500762939453125 58.31874847412109375 53.93125152587890625 53.043750762939453125 52.387500762939453125 50.112499237060546875 47.700000762939453125 43.831249237060546875 40.5625 38.862499237060546875 37.049999237060546875 35.25624847412109375 33.875 32.8125 31.393749237060546875 30.081251144409179688 27.4375 25.21875 23.162500381469726562 22.21875 21.96875 22.112499237060546875 22.181249618530273438 22.549999237060546875 24.131250381469726562 26.106250762939453125 27
79.5124969482421875 80.2375030517578125 79.125 79.63124847412109375 81.3874969482421875 81.18125152587890625 80.13124847412109375 78.02500152587890625 77.5187530517578125 75.1999969482421875 74.72499847412109375 74.56874847412109375 72.65000152587890625 70.96250152587890625 67.3874969482421875 64.36875152587890625 61.63124847412109375 56.825000762939453125 51.975002288818359375 51.1875 49.237499237060546875 47.418750762939453125 44.65000152587890625 41.231250762939453125 39.22499847412109375 36.78749847412109375 35.38124847412109375 34.487499237060546875 32.47499847412109375 31.325000762939453125 30.362499237060546875 28.806249618530273438 25.962499618530273438 23.637500762939453125 21.71875 20.262498855590820312 19.731250762939453125 18.40625 18.262500762939453125 18.856250762939453125 19.78125 20.75 21.418750762939453125
71.6125030517578125 71.3625030517578125 69.5500030517578125 69.68125152587890625 71.5437469482421875 71.7375030517578125 72.1374969482421875 71.59999847412109375 69.8562469482421875 70.81874847412109375 72.34999847412109375 70.66249847412109375 70.02500152587890625 69.86875152587890625 67.0437469482421875 62.793750762939453125 58.6875 56.16249847412109375 52.63124847412109375 51.112499237060546875 48.575000762939453125 45.668750762939453125 42.4375 40.02500152587890625 38.69374847412109375 36.31874847412109375 35.5 33.924999237060546875 32.6875 30.768749237060546875 29.268749237060546875 27.306249618530273438 24.193750381469726562 22.012500762939453125 20.40625 19.256250381469726562 17.618749618530273438 16.149999618530273438 15.824999809265136719 16.381250381469726562 16.75 17.443750381469726562 17.256250381469726562
63.924999237060546875 63.706249237060546875 63.33750152587890625 63.65000152587890625 63.91249847412109375 62.625 63.06874847412109375 61.893749237060546875 63.52500152587890625 63.71875 65.9562530517578125 66.9499969482421875 67.8625030517578125 66.9250030517578125 64.34999847412109375 59.981250762939453125 57.049999237060546875 54.231250762939453125 51.012500762939453125 49.081249237060546875 47.27500152587890625 43.58750152587890625 41.5 39.625 37.481250762939453125 35.268749237060546875 34.40625 33.643749237060546875 32.34375 30.368749618530273438 28.46875 26.0625 23.006250381469726562 21.0625 19.21875 17.649999618530273438 15.668749809265136719 14.287500381469726562 14.074999809265136719 13.9375 13.981249809265136719 14.5 14.725000381469726562
57.549999237060546875 55.5625 56.83750152587890625 56.90000152587890625 57.8125 56.981250762939453125 56.09999847412109375 55.325000762939453125 55.03749847412109375 56.15625 59.5625 62.9375 66.72499847412109375 67.24375152587890625 63.03125 59.012500762939453125 55.6875 52.4375 50.21875 47.375 45.518749237060546875 43.33750152587890625 40.74375152587890625 38.88124847412109375 36.8125 34.61875152587890625 33.825000762939453125 33.056247711181640625 31.693750381469726562 28.206249237060546875 26.212499618530273438 24.668750762939453125 22.106250762939453125 19.981250762939453125 17.681249618530273438 16.037500381469726562 14.431249618530273438 13.287500381469726562 12.568750381469726562 11.881250381469726562 11.4375 11.368749618530273438 11.856249809265136719
50.71250152587890625 49.94374847412109375 51.549999237060546875 50.61875152587890625 51.0625 50.043750762939453125 49.59375 48.83750152587890625 48.46250152587890625 48.731250762939453125 51.875 56.700000762939453125 62.58750152587890625 62.1875 60.16249847412109375 57.05625152587890625 54.518749237060546875 51.012500762939453125 47.88124847412109375 45.56874847412109375 42.168750762939453125 41.331249237060546875 38.668750762939453125 36.831249237060546875 34.581249237060546875 33.91249847412109375 33.21250152587890625 32.50624847412109375 31.0625 27.706249237060546875 25.462499618530273438 23.956249237060546875 21.368749618530273438 19.362499237060546875 17.212499618530273438 15.324999809265136719 13.943750381469726562 12.668749809265136719 12.162500381469726562 11.431249618530273438 10.59375 10.431249618530273438 10.199999809265136719
44.03125 44.40625 45.24375152587890625 44.206249237060546875 44.49375152587890625 44.643749237060546875 44.262500762939453125 43.512500762939453125 42.53125 41.200000762939453125 44.80625152587890625 50.72499847412109375 55.59999847412109375 56.33750152587890625 56 54.21875 51.793750762939453125 48.11875152587890625 45.13124847412109375 43.231250762939453125 40.00624847412109375 37.97499847412109375 36.012500762939453125 35.15000152587890625 33.293750762939453125 32.49375152587890625 31.987499237060546875 31.056249618530273438 29.774999618530273438 27.350000381469726562 24.806249618530273438 22.606250762939453125 20.125 18.274999618530273438 16.299999237060546875 14.368749618530273438 13.043749809265136719 12.293749809265136719 11.881250381469726562 10.925000190734863281 9.90625 9.6062498092651367188 9.1812496185302734375
37.41249847412109375 38.418750762939453125 38.200000762939453125 38.731250762939453125 39.05625152587890625 39.268749237060546875 39.25624847412109375 38.72499847412109375 38.143749237060546875 36.456249237060546875 42.543750762939453125 47.8125 50.481250762939453125 51.856250762939453125 52.44374847412109375 51.41249847412109375 48.125 46.25624847412109375 42.875 40.86875152587890625 38.59999847412109375 36.33750152587890625 33.9375 33.350002288818359375 32.41249847412109375 31.625 30.8125 29.993749618530273438 28.881250381469726562 26.118749618530273438 22.674999237060546875 20.931249618530273438 18.737499237060546875 17.212499618530273438 15.068750381469726562 13.225000381469726562 12.568750381469726562 11.743749618530273438 11.268750190734863281 10.456250190734863281 9.4937496185302734375 9.3187503814697265625 8.71875
