data/historical-monthly-weather-data/wc2.1_cruts4.09_10m_prec_1998-12.asc
ncols        45
nrows        45
xllcorner    -63.500000000000
yllcorner    -7.500000000000
cellsize     0.166666666667
NODATA_value -9999
[rows 19 to 37 of 45, columns 0 to 43 of 45]
236.712493896484375 228.5625 222.4187469482421875 218.587493896484375 215.912506103515625 216.9499969482421875 217.943756103515625 219.09375 222.131256103515625 223.84375 224.787506103515625 224.256256103515625 223.024993896484375 220.2687530517578125 214.649993896484375 207.3249969482421875 200.1999969482421875 194.9875030517578125 190.556243896484375 187.181243896484375 182.181243896484375 176.8562469482421875 172.4812469482421875 169.068756103515625 166.0500030517578125 162.587493896484375 157.0625 149.0124969482421875 137.100006103515625 124.53749847412109375 116.34375 115.375 113.59375 111.16249847412109375 108.49375152587890625 106.34999847412109375 107.68125152587890625 109.36249542236328125 108.68125152587890625 104.2687530517578125 97.11875152587890625 90.8249969482421875 87.30625152587890625 84.56874847412109375
233.7375030517578125 227.149993896484375 222.181243896484375 218.493743896484375 216.1374969482421875 218.2687530517578125 220.40625 222.3312530517578125 225.993743896484375 228.212493896484375 228.40625 227.53125 225.881256103515625 222.337493896484375 216.3312530517578125 208.8249969482421875 201.5 195.162506103515625 191.2312469482421875 187.2375030517578125 183.1125030517578125 178.725006103515625 174.618743896484375 171.506256103515625 169.5124969482421875 166.7062530517578125 161.6999969482421875 152.96875 142.4562530517578125 133.75 127.40000152587890625 124.75 120.9812469482421875 117.9375 115.28125 113.18125152587890625 112.34375 111.53125 109.1374969482421875 104.1999969482421875 97.50624847412109375 92.06874847412109375 88.1437530517578125 84.8874969482421875
230.8249969482421875 223.399993896484375 219.712493896484375 218 216.6999969482421875 219.462493896484375 223.006256103515625 226.243743896484375 229.7937469482421875 231.774993896484375 231.1374969482421875 229.381256103515625 226.975006103515625 222.75 217.193756103515625 210.4375 203.8125 197.8562469482421875 193.0187530517578125 188.40625 182.6687469482421875 178.493743896484375 175.6125030517578125 172.3000030517578125 170.2937469482421875 169.3937530517578125 167.5625 159.9187469482421875 150.34375 143.5124969482421875 138.318756103515625 135.03125 129.462493896484375 125.21250152587890625 121.0625 118.09999847412109375 116.84375 115.90000152587890625 112.5500030517578125 106.34999847412109375 99.5437469482421875 94.13124847412109375 89.7687530517578125 86.15625
228.818756103515625 222.9562530517578125 218.787506103515625 216.96875 216.587493896484375 221.131256103515625 225.318756103515625 229.9250030517578125 234.7375030517578125 235.6374969482421875 234.068756103515625 230.7062530517578125 228.1875 224.037506103515625 218.3937530517578125 211.9375 205.274993896484375 198.96875 193.806243896484375 188.15625 182.181243896484375 177.4812469482421875 173.837493896484375 170.556243896484375 169.1999969482421875 170.0625 171.056243896484375 164.975006103515625 156.4187469482421875 151.600006103515625 148.1125030517578125 145.1374969482421875 138.7687530517578125 132.412506103515625 126.69374847412109375 121.6999969482421875 120.24375152587890625 120.9562530517578125 117 109.5124969482421875 101.9562530517578125 96.15625 91.4812469482421875 87.52500152587890625
229.056243896484375 223.431243896484375 218.4812469482421875 216.3312530517578125 216.306243896484375 221.7062530517578125 227.59375 232.5124969482421875 236.8249969482421875 236.90625 235.0812530517578125 232.3562469482421875 229.806243896484375 226.1875 220.287506103515625 213.6437530517578125 207.1750030517578125 200.96875 195.1999969482421875 189.024993896484375 181.6875 176.0625 171.100006103515625 167.9562530517578125 166.337493896484375 166.756256103515625 168 165.443756103515625 161.0812530517578125 158.537506103515625 157.181243896484375 154.618743896484375 148.2312469482421875 140.84375 134.03125 126.8249969482421875 123.93125152587890625 123.66249847412109375 119.34375 111.5500030517578125 103.4562530517578125 97.625 92.5437469482421875 88.2687530517578125
232.59375 226.568756103515625 220 219.006256103515625 219.8125 224.78125 230.350006103515625 234.34375 237.1812591552734375 237.9187469482421875 236.568756103515625 233.71875 231.056243896484375 227.53125 221.96875 215.6062469482421875 209.131256103515625 202.9499969482421875 196.725006103515625 190.0187530517578125 181.587493896484375 174.100006103515625 168.118743896484375 164.0500030517578125 162.6125030517578125 163.5749969482421875 165.46875 165.4187469482421875 163.9812469482421875 164.412506103515625 165.2375030517578125 164.024993896484375 157.7624969482421875 149.9250030517578125 141.78125 134.3249969482421875 129.787506103515625 125.6374969482421875 120.41249847412109375 113.21875 105.05625152587890625 99.09375 93.56874847412109375 89.625
240.350006103515625 237.2687530517578125 230.0437469482421875 227.1750030517578125 224.725006103515625 228.712493896484375 232.8874969482421875 235.931243896484375 237.9812469482421875 238.0124969482421875 236.493743896484375 234.493743896484375 231.875 228.5437469482421875 223.6750030517578125 217.693756103515625 211.0124969482421875 204.8312530517578125 198.4250030517578125 191.2375030517578125 182.8874969482421875 173.4187469482421875 165.0437469482421875 159.1875 159.2375030517578125 161.4250030517578125 164.912506103515625 166.59375 167.2375030517578125 169.6999969482421875 172.2312469482421875 173.649993896484375 167.8562469482421875 158.912506103515625 150.225006103515625 141.649993896484375 135.118743896484375 128.9499969482421875 122.90625 115.78125 107.59375 100.63124847412109375 94.30625152587890625 89.65625
242.59375 240.149993896484375 236.6062469482421875 234.5124969482421875 232.212493896484375 234.7312469482421875 236.568756103515625 237.818756103515625 238.056243896484375 238.212493896484375 237.8000030517578125 236.068756103515625 233.3562469482421875 230.649993896484375 226.1750030517578125 221.006256103515625 214.9499969482421875 208.8937530517578125 202.493743896484375 194.662506103515625 185.712493896484375 175.6374969482421875 165.9187469482421875 158.46875 159.8874969482421875 162.5437469482421875 166.6687469482421875 169.34375 171.6999969482421875 175.1437530517578125 179.25 181.975006103515625 176.59375 166.5687408447265625 156.75 147.774993896484375 139.65625 132.25 125.7937469482421875 118.8937530517578125 110.83750152587890625 102.8125 94.9250030517578125 89.6125030517578125
244.493743896484375 242.631256103515625 242.350006103515625 242.1437530517578125 240.600006103515625 241.681243896484375 241.712493896484375 240.462493896484375 239.28125 238.375 237.2375030517578125 235.9187469482421875 234.7312469482421875 232.8625030517578125 228.9562530517578125 223.943756103515625 218.899993896484375 212.8625030517578125 206.850006103515625 199.3249969482421875 190.743743896484375 181.4562530517578125 173.725006103515625 167.40625 166.193756103515625 167.3937530517578125 170.600006103515625 173.1687469482421875 175.756256103515625 179.75 184.0437469482421875 186.6125030517578125 180.506256103515625 171.100006103515625 161.21875 152.006256103515625 143.5124969482421875 135.6999969482421875 129.4875030517578125 123.1437530517578125 115.6062469482421875 106.93125152587890625 96.19374847412109375 90.2312469482421875
244.8562469482421875 244.1875 247.256256103515625 250.5437469482421875 249.9562530517578125 248.256256103515625 245.693756103515625 242.7687530517578125 240.337493896484375 238.0437469482421875 237.024993896484375 236.600006103515625 235.9375 235.0749969482421875 231.46875 227.9812469482421875 223.65625 218.25 212.4375 205.431243896484375 197.4875030517578125 189.431243896484375 183.274993896484375 176.9875030517578125 174.3874969482421875 174.0749969482421875 176.25 178.4812469482421875 181.0124969482421875 184.4187469482421875 188.118743896484375 189.943756103515625 183.2687530517578125 173.75 164.212493896484375 155.337493896484375 147.068756103515625 138.9562530517578125 132.556243896484375 126.77500152587890625 120.5625 111.0124969482421875 100.15625 95.59375
246.5 247.462493896484375 253.34375 259.59375 261.118743896484375 255.162506103515625 249.2062530517578125 244.6999969482421875 240.8937530517578125 237.618743896484375 236.2937469482421875 235.8312530517578125 236.6999969482421875 237.2312469482421875 234.8937530517578125 231.7937469482421875 228.7062530517578125 225.28125 220.118743896484375 213.2062530517578125 205.5124969482421875 198.493743896484375 192.3874969482421875 186.7062530517578125 183.6437530517578125 182.600006103515625 183.087493896484375 185.1125030517578125 186.868743896484375 189.3125 191.8000030517578125 192.4812469482421875 185.9812469482421875 176.6999969482421875 167.443756103515625 158.3562469482421875 149.9499969482421875 141.556243896484375 135.037506103515625 128.75 121.7062530517578125 114.77500152587890625 106.7312469482421875 102.8000030517578125
246.068756103515625 248.65625 255.0812530517578125 262.63751220703125 264.41876220703125 256.524993896484375 249.443756103515625 243.4875030517578125 238.7375030517578125 236.181243896484375 234.9187469482421875 235.28125 237.162506103515625 238.381256103515625 236.8937530517578125 235.381256103515625 234.3312530517578125 231.03125 227.493743896484375 221.1374969482421875 213.6750030517578125 207.0812530517578125 201.7312469482421875 196.1437530517578125 192.475006103515625 190.649993896484375 190.662506103515625 191.9499969482421875 193.0437469482421875 194.662506103515625 195.7624969482421875 195.25 188.25 179.462493896484375 170.1875 161.193756103515625 152.8312530517578125 144.274993896484375 137.1750030517578125 129.837493896484375 123.125 118.2062530517578125 112.84999847412109375 108.22499847412109375
244.5500030517578125 247.0187530517578125 252.462493896484375 256.587493896484375 256.443756103515625 251.399993896484375 245.399993896484375 239.131256103515625 235.100006103515625 232.4562530517578125 231.912506103515625 233.75 236.8625030517578125 239.100006103515625 239.5749969482421875 239.431243896484375 237.9562530517578125 234.9250030517578125 231.5812530517578125 226.28125 220.2937469482421875 214.5625 209.337493896484375 204.056243896484375 201.3000030517578125 198.9562530517578125 198.100006103515625 198.899993896484375 199.6750030517578125 200.274993896484375 200.0500030517578125 198.46875 190.3937530517578125 181.5812530517578125 172.6875 164.274993896484375 155.287506103515625 146.3125 139.068756103515625 131.850006103515625 126.28125 123.34999847412109375 120.41249847412109375 117.65000152587890625
246.1062469482421875 246.59375 248.681243896484375 250.875 249.9187469482421875 245.337493896484375 239.1062469482421875 232.8874969482421875 229.0187530517578125 227.3874969482421875 229.59375 232.587493896484375 237.3562469482421875 242.1125030517578125 243.28125 243.2624969482421875 241.7687530517578125 239.6687469482421875 235.1687469482421875 230.5 225.493743896484375 220.943756103515625 216.381256103515625 211.4562530517578125 208.9812469482421875 207.40625 206.4250030517578125 206.0500030517578125 206.7937469482421875 206.087493896484375 205.068756103515625 202.5625 194.3937530517578125 185.4499969482421875 176.53125 167.8562469482421875 158.84375 149.9499969482421875 142.993743896484375 137.693756103515625 132.681243896484375 131.037506103515625 130.5625 131.5749969482421875
247.1750030517578125 245.993743896484375 246.381256103515625 245.868743896484375 242.8125 237.9875030517578125 232.3125 226.212493896484375 222.350006103515625 221.149993896484375 223.90625 230.649993896484375 238.0749969482421875 243.5500030517578125 246.1374969482421875 246.5749969482421875 246.125 244.056243896484375 239.15625 234.6875 230.381256103515625 226.118743896484375 221.787506103515625 217.868743896484375 215.53125 214.2937469482421875 213.8625030517578125 213.743743896484375 214.5 212.2312469482421875 209.90625 206.84375 198.5124969482421875 189.5124969482421875 180.1750030517578125 171.1999969482421875 162.443756103515625 152.975006103515625 147.46875 143.193756103515625 139.21875 138.6437530517578125 139.7312469482421875 143.1125030517578125
247.4875030517578125 245.6437530517578125 244.287506103515625 241.475006103515625 237.46875 231.868743896484375 225.4875030517578125 219.131256103515625 214.2624969482421875 213.6062469482421875 218.46875 228.0124969482421875 239.149993896484375 247.662506103515625 250.9562530517578125 251.850006103515625 251.1437530517578125 248.4187469482421875 244.0500030517578125 238.5 235.181243896484375 230.649993896484375 227.4499969482421875 223.8249969482421875 221.5812530517578125 220.8937530517578125 220.5437469482421875 220.962493896484375 221.5 218.3625030517578125 215.0124969482421875 210.975006103515625 202.7062530517578125 193.8874969482421875 184.3874969482421875 174.806243896484375 165.4812469482421875 157.1062469482421875 152.5437469482421875 148.381256103515625 145.256256103515625 145.068756103515625 146.5437469482421875 149.962493896484375
249.225006103515625 246.399993896484375 243.475006103515625 239.5625 234.3312530517578125 228.3125 220.8000030517578125 213.0749969482421875 206.868743896484375 204.618743896484375 211.5437469482421875 225.556243896484375 241.0187530517578125 251.65625 256.131256103515625 257.51873779296875 256.73748779296875 253.681243896484375 248.306243896484375 242.225006103515625 238.6875 235.3625030517578125 231.556243896484375 228.5 227.149993896484375 226.5187530517578125 226.681243896484375 227.1750030517578125 227.600006103515625 224.3625030517578125 220.818756103515625 216.0124969482421875 208.2062530517578125 199.256256103515625 189.90625 180.4250030517578125 172.625 164.818756103515625 160.2937469482421875 156.5500030517578125 153.662506103515625 153.9375 154.8562469482421875 157.5
250.756256103515625 247.3000030517578125 243.618743896484375 239.3000030517578125 233.881256103515625 227.6750030517578125 220.3937530517578125 211.287506103515625 202.1125030517578125 195.0124969482421875 206.381256103515625 229.381256103515625 246.1437530517578125 256.46875 261.59375 263.23126220703125 262.806243896484375 258.89373779296875 253.5 247.024993896484375 242.850006103515625 238.9250030517578125 235.1437530517578125 232.5749969482421875 231.3312530517578125 231.368743896484375 231.462493896484375 233.068756103515625 234.212493896484375 230.7687530517578125 226.524993896484375 221.256256103515625 213.5812530517578125 205.2687530517578125 195.9812469482421875 188.0437469482421875 180.6062469482421875 173.1999969482421875 168.149993896484375 164.34375 161.2687530517578125 161.212493896484375 161.818756103515625 163.7312469482421875
251.506256103515625 248.100006103515625 244.587493896484375 240.1750030517578125 235.493743896484375 229.2937469482421875 223.1374969482421875 215.100006103515625 206.6999969482421875 197.3125 220.34375 245.6062469482421875 257.443756103515625 264.9375 268.90625 270.29998779296875 269.16876220703125 265.14373779296875 258.61248779296875 252.0437469482421875 246.3562469482421875 241.662506103515625 238.1062469482421875 235.837493896484375 234.7312469482421875 235.131256103515625 236.625 238.5437469482421875 239.9875030517578125 236.8125 231.8312530517578125 226.6125030517578125 219.375 211.5812530517578125 202.837493896484375 195.5625 188.5437469482421875 181.25 176.5 172.2687530517578125 168.662506103515625 168.100006103515625 167.875 168.943756103515625
