data/historical-monthly-weather-data/wc2.1_cruts4.09_10m_prec_1999-07.asc
ncols        45
nrows        45
xllcorner    -63.500000000000
yllcorner    -7.500000000000
cellsize     0.166666666667
NODATA_value -9999
[rows 19 to 37 of 45, columns 0 to 42 of 45]
126.75 125.6687469482421875 121.30625152587890625 116.78125 111.5124969482421875 109.5812530517578125 102.34375 97.75624847412109375 94.125 88.1125030517578125 83.0187530517578125 79.9499969482421875 74.53125 69.19374847412109375 61.737499237060546875 53.97499847412109375 48.5625 49.97499847412109375 44.856250762939453125 41.34999847412109375 36.4375 35.91249847412109375 37.21250152587890625 39.78125 41.1875 40.53125 42.262500762939453125 46.137500762939453125 48.331249237060546875 50.11875152587890625 55.25 64.3249969482421875 68.08750152587890625 71.4250030517578125 76.0812530517578125 83.99375152587890625 90.0124969482421875 94.2062530517578125 97.15625 95.8312530517578125 89.6999969482421875 82.96250152587890625 80.8249969482421875
115.46250152587890625 121.11875152587890625 121.68125152587890625 114.6687469482421875 107.5124969482421875 105.43125152587890625 100.13124847412109375 96.06874847412109375 91.6999969482421875 86.9375 81.09999847412109375 78.2312469482421875 74.21875 68.49375152587890625 61.325000762939453125 54.71875 50.16249847412109375 47.700000762939453125 46.237499237060546875 41.137500762939453125 40.24375152587890625 39.393749237060546875 39.418750762939453125 42.375 43.512500762939453125 42.21250152587890625 41.55625152587890625 44.9375 48.987499237060546875 52.325000762939453125 58.99375152587890625 65.9562530517578125 66.875 70.5749969482421875 75.18125152587890625 81.5 87.25 89.27500152587890625 89.5187530517578125 87.5437469482421875 84.1437530517578125 81.03125 77.4250030517578125
112.8312530517578125 111.47499847412109375 113.68125152587890625 110.8249969482421875 106.1999969482421875 100.06874847412109375 95.6437530517578125 91.83750152587890625 88.77500152587890625 84.50624847412109375 80.58750152587890625 75.5437469482421875 71.0187530517578125 68.8249969482421875 64.4250030517578125 57.83750152587890625 54.737499237060546875 50.768749237060546875 47.924999237060546875 44.44374847412109375 41.143749237060546875 40.049999237060546875 40.081249237060546875 40.799999237060546875 40.668750762939453125 40.174999237060546875 43.40000152587890625 45.09375 50.78749847412109375 56.43125152587890625 61.018749237060546875 65.2624969482421875 66.5500030517578125 68.7624969482421875 71.00624847412109375 77.59375 82.58750152587890625 84.71250152587890625 85.0124969482421875 83.80625152587890625 81.38750457763671875 79.16249847412109375 76.59999847412109375
109.8874969482421875 113.71875 113.1750030517578125 108.63124847412109375 103.1875 98.5437469482421875 89.6062469482421875 85.96250152587890625 84.44374847412109375 84.06874847412109375 81.3625030517578125 76.6437530517578125 74.0812530517578125 70.8125 67.74375152587890625 63.450000762939453125 57.674999237060546875 52.16249847412109375 48.293750762939453125 45.762500762939453125 44.768749237060546875 42.043750762939453125 40.424999237060546875 40.71875 41.81874847412109375 40.668750762939453125 42.21875 45.950000762939453125 49.90625 54.21875 58.69374847412109375 63.74375152587890625 64.375 64.59999847412109375 67.49375152587890625 70.8312530517578125 76.2375030517578125 77.3625030517578125 79.59999847412109375 80.28749847412109375 78.96250152587890625 75.59999847412109375 73.6750030517578125
103.74375152587890625 110.5124969482421875 112.86875152587890625 107.44374847412109375 101.65000152587890625 95.2312469482421875 91.3625030517578125 86.1062469482421875 82.15625 78.9812469482421875 77.3874969482421875 78.0500030517578125 75.6999969482421875 73.6999969482421875 68.58750152587890625 64.18125152587890625 57.96250152587890625 54.325000762939453125 49.94374847412109375 48.049999237060546875 45.27500152587890625 43.950000762939453125 41.956249237060546875 43.40000152587890625 43.875 42.293750762939453125 44.856250762939453125 46.00624847412109375 48.856250762939453125 52.518749237060546875 56.862499237060546875 60.93125152587890625 60.237499237060546875 59.306247711181640625 63.237499237060546875 64.5625 69.80625152587890625 73.1750030517578125 75.2375030517578125 75.5625 75.28125 72.6125030517578125 71.31874847412109375
100.7687530517578125 108.6750030517578125 112.50624847412109375 108.125 102.78749847412109375 94.83750152587890625 90.24375152587890625 85.375 81.46875 80.1062469482421875 78.55625152587890625 75.09375 75.8874969482421875 73.4812469482421875 68.0625 62.262500762939453125 57.78749847412109375 54.78125 51.38124847412109375 48.543750762939453125 46.706249237060546875 44.731250762939453125 44.581249237060546875 44.8125 43.799999237060546875 44.481250762939453125 44.5625 45.606250762939453125 47.25624847412109375 50.44374847412109375 52.075000762939453125 54.049999237060546875 55.274997711181640625 55.05625152587890625 56.24375152587890625 59.331249237060546875 64.47499847412109375 66.86875152587890625 69.72499847412109375 71.1875 70.3249969482421875 69.4187469482421875 68.78125
103.5437469482421875 111.0500030517578125 109.00624847412109375 106.31874847412109375 100.77500152587890625 94.125 89.1750030517578125 84.0437469482421875 79.3874969482421875 74.99375152587890625 76.8874969482421875 75.34999847412109375 72.65625 71.09375 66.84375 62.21875 57.38124847412109375 54.36875152587890625 51.59375 48.28125 47.831249237060546875 46.27500152587890625 45.893749237060546875 46.15000152587890625 44.77500152587890625 43.831249237060546875 44.66249847412109375 44.831249237060546875 45.08750152587890625 46.34999847412109375 47.43125152587890625 48.19374847412109375 48.21875 49.08750152587890625 51.862499237060546875 55.03749847412109375 59.231250762939453125 62.762500762939453125 65.2375030517578125 66.7687530517578125 68.0812530517578125 66 64.83750152587890625
100.9250030517578125 104.40000152587890625 105.46250152587890625 103.80625152587890625 98.55625152587890625 93.2937469482421875 89.00624847412109375 83.33750152587890625 77.1687469482421875 76.9187469482421875 77.16249847412109375 75.55625152587890625 73.3625030517578125 70.06874847412109375 65.35625457763671875 62.40625 57.887500762939453125 53.78749847412109375 51.5 49.00624847412109375 47.09999847412109375 45.81874847412109375 45.9375 47.387500762939453125 45.112499237060546875 42.637500762939453125 43.15625 43.78749847412109375 44.11875152587890625 43.33750152587890625 44.44374847412109375 43.181247711181640625 42.66249847412109375 45.69374847412109375 47.5625 51.5 53.80625152587890625 57.18125152587890625 60.15000152587890625 62.61875152587890625 65.25624847412109375 64.21250152587890625 62.30625152587890625
98.68125152587890625 98.4187469482421875 99.3125 99.96875 95.7937469482421875 91.3937530517578125 87.25 81.71250152587890625 77.86875152587890625 76.4187469482421875 75.1750030517578125 72.5500030517578125 70.81874847412109375 68.2687530517578125 63.518749237060546875 59.91249847412109375 56.387500762939453125 53.112499237060546875 49.40625 47.56874847412109375 46.99375152587890625 45.112499237060546875 43.31874847412109375 44.543750762939453125 43.731250762939453125 41.78125 42.1875 42.72499847412109375 42.950000762939453125 42.96250152587890625 42.83750152587890625 42.518749237060546875 41.856250762939453125 42.34999847412109375 44.25 47.49375152587890625 49.55625152587890625 52.90000152587890625 56.262500762939453125 60.15625 62.549999237060546875 63.731250762939453125 60.575000762939453125
94.7375030517578125 94.65000152587890625 96.65000152587890625 93.1750030517578125 91.3000030517578125 86.0625 81.7624969482421875 78.72499847412109375 75.21250152587890625 74.44374847412109375 72.5625 70.13124847412109375 68.7624969482421875 67.1999969482421875 62.924999237060546875 59.125 56.40625 51.68125152587890625 48.78125 46.80625152587890625 45.387500762939453125 43.41249847412109375 42.03749847412109375 42.231250762939453125 41.768749237060546875 40.53749847412109375 40.99375152587890625 41.575000762939453125 42.97499847412109375 42.88124847412109375 42.02500152587890625 41.71250152587890625 40.53125 40.206249237060546875 41.46875 44.21875 46.3125 49.25624847412109375 52.25624847412109375 54.49375152587890625 58.231250762939453125 57.78125 56.53749847412109375
87.8625030517578125 90.59999847412109375 91.09999847412109375 88.44374847412109375 85.0749969482421875 81.5437469482421875 77.1999969482421875 76.05625152587890625 74.25624847412109375 72.1687469482421875 70.4187469482421875 69.5812530517578125 68.03125 65.36875152587890625 61.612499237060546875 58.21250152587890625 54.700000762939453125 51.38124847412109375 47.799999237060546875 45.237499237060546875 44.206249237060546875 42.081249237060546875 40.74375152587890625 40.15000152587890625 40.05625152587890625 39.487499237060546875 39.737499237060546875 40.625 41.99375152587890625 41.50624847412109375 40.96875 40.16249847412109375 38.856250762939453125 38.61875152587890625 39.043750762939453125 40.887500762939453125 43.987499237060546875 45.61875152587890625 46.862499237060546875 49.043750762939453125 52.625 52.887500762939453125 51.83750152587890625
82.6687469482421875 84.93125152587890625 82.2312469482421875 82.8937530517578125 81.6750030517578125 79.3625030517578125 75.4499969482421875 73.11875152587890625 71.65625 70.18125152587890625 69.15625 67.5437469482421875 67.65000152587890625 63.59375 59.575000762939453125 56.99375152587890625 55.16249847412109375 50.200000762939453125 45.762500762939453125 44.36875152587890625 43.49375152587890625 41.3125 39.40625 38.206249237060546875 37.6875 38.46875 38.90000152587890625 39.081249237060546875 39.43125152587890625 39.581249237060546875 39.200000762939453125 39 38.05625152587890625 37.893749237060546875 37.893749237060546875 38.59999847412109375 40.456249237060546875 42.84999847412109375 42.825000762939453125 42.96875 45.21250152587890625 46.831249237060546875 46.262500762939453125
77.27500152587890625 76.3000030517578125 74.28749847412109375 73.875 74.65625 73.96250152587890625 72.5437469482421875 70.21875 69.5437469482421875 67.3000030517578125 66.75624847412109375 66.72499847412109375 65.11875152587890625 63.6875 60.25 57.268749237060546875 54.49375152587890625 49.700000762939453125 44.86875152587890625 43.59375 41.58750152587890625 39.762500762939453125 37.46250152587890625 36.331249237060546875 36.69374847412109375 36.512500762939453125 37.143749237060546875 38.15000152587890625 37.71250152587890625 37.83750152587890625 38.137500762939453125 37.78749847412109375 36.612499237060546875 36.331249237060546875 36.59999847412109375 36.612499237060546875 38.262500762939453125 38.075000762939453125 38.08750152587890625 39.25624847412109375 40.856250762939453125 41.112499237060546875 40.575000762939453125
69.75 68.1750030517578125 65.7062530517578125 65.1875 66.28749847412109375 66.0749969482421875 66.06874847412109375 65.21250152587890625 63.424999237060546875 64.11875152587890625 65.3249969482421875 63.856250762939453125 63.393749237060546875 63.30625152587890625 60.68125152587890625 56.668750762939453125 52.75624847412109375 49.99375152587890625 46.34999847412109375 44.47499847412109375 41.950000762939453125 39.19374847412109375 36.387500762939453125 35.831249237060546875 36.43125152587890625 35.96875 37.018749237060546875 37.143749237060546875 37.512500762939453125 36.90625 36.737499237060546875 36.0625 34.487499237060546875 34.3125 35.03749847412109375 35.75 35.36875152587890625 34.987499237060546875 35.075000762939453125 36.80625152587890625 37.918750762939453125 38.356250762939453125 36.674999237060546875
62.46875 61.18125152587890625 60.287502288818359375 60.081249237060546875 59.90000152587890625 58.362499237060546875 58.481250762939453125 57.112499237060546875 58.40000152587890625 58.36875152587890625 60.21875 61.15625 62.06874847412109375 61.25 58.88124847412109375 54.887500762939453125 52.09999847412109375 49.13124847412109375 45.78749847412109375 43.59375 41.731250762939453125 38.237499237060546875 36.375 35.97499847412109375 35.4375 34.799999237060546875 35.612499237060546875 36.481250762939453125 36.65625 36.131252288818359375 35.674999237060546875 34.575000762939453125 33.049999237060546875 33.25624847412109375 33.612499237060546875 33.518749237060546875 32.450000762939453125 32.268749237060546875 33.112499237060546875 33.918750762939453125 34.950000762939453125 35.72499847412109375 35.612499237060546875
56.4375 53.74375152587890625 54.549999237060546875 54.22499847412109375 54.799999237060546875 53.75 52.693752288818359375 51.74375152587890625 51.25 52.06874847412109375 55.02500152587890625 58.125 61.66249847412109375 62.18125152587890625 58.331249237060546875 54.737499237060546875 51.668750762939453125 48.331249237060546875 45.875 42.887500762939453125 40.99375152587890625 38.81874847412109375 36.450000762939453125 35.74375152587890625 34.99375152587890625 34.043750762939453125 34.77500152587890625 35.46875 35.481250762939453125 33.262500762939453125 32.74375152587890625 32.799999237060546875 31.975000381469726562 31.825000762939453125 31.299999237060546875 31.024999618530273438 30.631250381469726562 31.03125 31.075000762939453125 31.012500762939453125 31.306249618530273438 31.306249618530273438 32.612499237060546875
50.075000762939453125 48.731250762939453125 49.97499847412109375 48.818752288818359375 49.00624847412109375 47.84375 47.21875 46.34375 45.799999237060546875 45.86875152587890625 48.643749237060546875 53.13124847412109375 58.643749237060546875 58.27500152587890625 56.47499847412109375 53.68125152587890625 51.325000762939453125 47.78125 44.518749237060546875 42.11875152587890625 38.77500152587890625 37.83750152587890625 35.362499237060546875 34.393749237060546875 33.081249237060546875 33.31874847412109375 33.83750152587890625 34.34375 34.112499237060546875 32.13124847412109375 31.399999618530273438 31.59375 30.649999618530273438 30.549999237060546875 30.125 29.237499237060546875 29.112499237060546875 29.056249618530273438 29.700000762939453125 29.600000381469726562 29 29.293750762939453125 29.068750381469726562
43.799999237060546875 43.77500152587890625 44.36875152587890625 43.174999237060546875 43.299999237060546875 43.28749847412109375 42.762500762939453125 41.90625 40.825000762939453125 39.41249847412109375 42.731250762939453125 48.30625152587890625 52.88124847412109375 53.543750762939453125 53.30625152587890625 51.71875 49.487499237060546875 45.77500152587890625 42.706249237060546875 40.668750762939453125 37.518749237060546875 35.5 33.625 33.28125 32.0625 31.881250381469726562 32.3125 32.387500762939453125 32.09999847412109375 31.1875 30.181249618530273438 29.537500381469726562 28.581249237060546875 28.518749237060546875 28.131250381469726562 26.962499618530273438 26.637500762939453125 27.475000381469726562 28.299999237060546875 27.731250762939453125 26.806249618530273438 26.962499618530273438 26.637500762939453125
37.52500152587890625 38.28125 37.94374847412109375 38.34999847412109375 38.56874847412109375 38.668750762939453125 38.512500762939453125 37.875 37.200000762939453125 35.450000762939453125 41.25 46.25624847412109375 48.71875 49.956249237060546875 50.59999847412109375 49.6875 46.581249237060546875 44.65000152587890625 41.18125152587890625 39.11875152587890625 36.831249237060546875 34.61875152587890625 32.25624847412109375 31.987499237060546875 31.40625 31 30.943750381469726562 30.90625 30.643749237060546875 29.318750381469726562 27.181249618530273438 27 26.206249237060546875 26.356250762939453125 25.40625 24.125 24.856250762939453125 25.325000762939453125 25.9375 25.649999618530273438 24.931249618530273438 25.674999237060546875 25.162500381469726562
