data/historical-monthly-weather-data/wc2.1_cruts4.09_10m_prec_2017-10.asc
ncols        45
nrows        45
xllcorner    -63.500000000000
yllcorner    -7.500000000000
cellsize     0.166666666667
NODATA_value -9999
[rows 20 to 39 of 45, columns 0 to 43 of 45]
104.8625030517578125 110.45624542236328125 117.8562469482421875 125.3312530517578125 132.34375 137.568756103515625 142.350006103515625 145.587493896484375 146.59375 145.0625 142.03125 138.462493896484375 134.8874969482421875 130.78125 130.4187469482421875 130.556243896484375 130.0625 131.28125 135.712493896484375 139.368743896484375 143.40625 148.8625030517578125 154.3562469482421875 157.6125030517578125 159.1687469482421875 157.0625 149.8625030517578125 138.3000030517578125 126.92499542236328125 117.59375 110.6125030517578125 107.9875030517578125 106.71875 106.77500152587890625 106.94374847412109375 99.71875 92.0124969482421875 86.875 81.1062469482421875 75.2062530517578125 69.0187530517578125 62.887500762939453125 55.825000762939453125 49.549999237060546875
107.33750152587890625 115.6374969482421875 124.11875152587890625 132.3625030517578125 140.274993896484375 145.743743896484375 150.1687469482421875 153.693756103515625 156.125 154.5812530517578125 150.7062530517578125 146.431243896484375 142.34375 139.09375 137.774993896484375 137.649993896484375 137.975006103515625 138.90625 141.6687469482421875 144.90625 146.0500030517578125 149.306243896484375 153.7375030517578125 155.131256103515625 154.65625 152.4250030517578125 147.8312530517578125 139.943756103515625 132.4875030517578125 126.02500152587890625 120.6687469482421875 117.66249847412109375 115.6125030517578125 114.9499969482421875 112.7312469482421875 106.4875030517578125 98.46875 91.38124847412109375 84.3000030517578125 77.8625030517578125 71.28125 64.9375 58.362499237060546875 52.043750762939453125
110.84999847412109375 122.0625 131.625 140.412506103515625 147.912506103515625 153.1875 157.7687530517578125 162.2624969482421875 167.2312469482421875 164.7687530517578125 159.962493896484375 154.5187530517578125 150.9187469482421875 148.649993896484375 146.850006103515625 146.0187530517578125 145.9499969482421875 147.0124969482421875 148.6062469482421875 150.3000030517578125 150.9562530517578125 151.625 153.212493896484375 153.46875 151.943756103515625 147.993743896484375 145.1687469482421875 141.6437530517578125 136.1812591552734375 132.03125 129.087493896484375 127.00624847412109375 123.8874969482421875 121.84999847412109375 118.44374847412109375 111.7375030517578125 103.72499847412109375 95.41249847412109375 87.70624542236328125 81.78125 75.3000030517578125 68.6687469482421875 61.825000762939453125 55.18125152587890625
114.875 128.087493896484375 138.8125 146.3249969482421875 153.024993896484375 158.631256103515625 163.431243896484375 168.875 173.818756103515625 172.1999969482421875 167.118743896484375 162.6437530517578125 159.4562530517578125 157.337493896484375 155.65625 154.375 154.1062469482421875 154.149993896484375 154.46875 154.8249969482421875 154.868743896484375 155.3000030517578125 154.75 153.399993896484375 150.399993896484375 144.943756103515625 140.912506103515625 140.0500030517578125 138.681243896484375 136.875 135.2062530517578125 133.5500030517578125 130.4812469482421875 127.4875030517578125 123.84375 117.90625 110.25624847412109375 101.7062530517578125 94.1437530517578125 87.5124969482421875 80.7937469482421875 73.8874969482421875 66.53125 59.325000762939453125
122.5812530517578125 136.100006103515625 146.818756103515625 152.274993896484375 157.71875 163.1999969482421875 167.943756103515625 172.431243896484375 176.5625 177.087493896484375 174.8249969482421875 171.506256103515625 169.1812591552734375 167.375 165.181243896484375 163.899993896484375 162.837493896484375 161.9250030517578125 161.037506103515625 160.4375 159.556243896484375 158.056243896484375 157.3562469482421875 154.7624969482421875 151.3874969482421875 147.7687530517578125 144.15625 142.868743896484375 141.962493896484375 140.943756103515625 139.6875 137.625 135.46875 132.2937469482421875 128.9375 122.9187469482421875 116.71250152587890625 110.03125 102.08750152587890625 95.25624847412109375 88.1125030517578125 80.46250152587890625 72.3937530517578125 65.11875152587890625
131.818756103515625 144.1875 151.34375 156.9875030517578125 161.3312530517578125 166.4562530517578125 171.125 175.3312530517578125 179.837493896484375 182.256256103515625 180.693756103515625 179.381256103515625 177.75 176.4250030517578125 174.725006103515625 172.975006103515625 171.8312530517578125 169.625 167.899993896484375 166.2312469482421875 164.681243896484375 162.337493896484375 160.7375030517578125 157.899993896484375 154.7624969482421875 151.712493896484375 149.1125030517578125 147.006256103515625 145.5999908447265625 144.868743896484375 142.7375030517578125 141.71875 140.068756103515625 136.96875 134.274993896484375 128.881256103515625 123.3937530517578125 118.0437469482421875 110.6875 103.6750030517578125 96.41249847412109375 88.3562469482421875 79.5625 71.91249847412109375
140.693756103515625 148.8125 154.618743896484375 159.28125 163.225006103515625 168.65625 173.1750030517578125 177.318756103515625 180.975006103515625 182.912506103515625 184.0500030517578125 183.875 183.256256103515625 182.59375 180.493743896484375 179.0500030517578125 176.9375 175.125 172.931243896484375 170.78125 168.975006103515625 166.2687530517578125 163.9875030517578125 162.3000030517578125 158.6999969482421875 155.75 152.9375 150.600006103515625 149.100006103515625 147.8937530517578125 146.725006103515625 144.743743896484375 143.625 141.34375 138.5124969482421875 134.1875 129.756256103515625 125.2375030517578125 118.9187469482421875 112.91249847412109375 106.08750152587890625 98.5124969482421875 90.03125 82.125
148.9875030517578125 154.0124969482421875 158.3000030517578125 162.2062530517578125 165.5625 170.65625 175.618743896484375 179.243743896484375 182.4499969482421875 185.118743896484375 186.4187469482421875 187.068756103515625 187.8937530517578125 187.2687530517578125 185.5749969482421875 183.9875030517578125 182.412506103515625 179.649993896484375 177.6875 176.118743896484375 173.4187469482421875 170.350006103515625 168.524993896484375 165.875 162.375 159.65625 157.225006103515625 154.943756103515625 152.2687530517578125 150.725006103515625 148.9250030517578125 147.381256103515625 146.556243896484375 144.6750030517578125 143.1687469482421875 139.2312469482421875 135.225006103515625 132.368743896484375 126.8125 122.08750152587890625 117.3312530517578125 109.86875152587890625 100.78125 93.68125152587890625
156.850006103515625 159.3125 161.6937408447265625 164.943756103515625 167.75 171.8562469482421875 176.0124969482421875 179.962493896484375 183.375 186.8125 189.2687530517578125 190.6187591552734375 191.7062530517578125 191.53125 190.3937530517578125 188.725006103515625 187.443756103515625 184.71875 182.40625 180.681243896484375 177.4187469482421875 174.462493896484375 172.2375030517578125 169.225006103515625 165.65625 163.256256103515625 160.7375030517578125 158.1875 156.256256103515625 153.96875 151.2624969482421875 149.587493896484375 149.0187530517578125 147.71875 146.712493896484375 143.8249969482421875 140.618743896484375 137.96875 132.875 128.96875 125.7687530517578125 118.9499969482421875 110.59375 105.44374847412109375
160.96875 161.350006103515625 162.3000030517578125 163.4312591552734375 165.53125 168.46875 172.53125 176.899993896484375 181.2312469482421875 184.493743896484375 188.28125 190.0500030517578125 192.556243896484375 193.6750030517578125 192.875 192.3125 190.5812530517578125 188.8312530517578125 186.21875 183.287506103515625 180.524993896484375 177.662506103515625 174.850006103515625 171.193756103515625 168.125 166.3937530517578125 163.693756103515625 160.7687530517578125 158.0625 155.75 153.693756103515625 151.9187469482421875 151.2624969482421875 150.71875 149.712493896484375 147.2624969482421875 144.475006103515625 142.65625 136.7687530517578125 132.337493896484375 129.375 126.1125030517578125 120.59999847412109375 117.9375
163.975006103515625 162.0625 162.0812530517578125 161.3125 162.537506103515625 166.131256103515625 169.7937469482421875 174.006256103515625 178.100006103515625 181.6875 186.443756103515625 189.78125 193.84375 196.0500030517578125 195.2687530517578125 195.2312469482421875 194.787506103515625 192.3125 189.462493896484375 186.743743896484375 183.287506103515625 180.40625 177.5625 173.712493896484375 170.6374969482421875 168.368743896484375 165.6125030517578125 162.618743896484375 159.631256103515625 157.274993896484375 155.756256103515625 154.193756103515625 153.6125030517578125 153.4562530517578125 152.7937469482421875 150.131256103515625 148.068756103515625 146.743743896484375 140.4875030517578125 133.056243896484375 131.0812530517578125 131.493743896484375 130.193756103515625 128.600006103515625
164.524993896484375 160.9812469482421875 159.46875 159.068756103515625 160.787506103515625 162.9187469482421875 166.274993896484375 170.4250030517578125 174.6750030517578125 178.9187469482421875 183.875 188.78125 193.2687530517578125 197.0812530517578125 198.068756103515625 198.5 197.53125 194.2062530517578125 192.34375 189.5437469482421875 185.837493896484375 182.631256103515625 179.756256103515625 175.568756103515625 172.6125030517578125 169.8937530517578125 167.006256103515625 164.0812530517578125 160.943756103515625 159.1125030517578125 157.681243896484375 155.881256103515625 155.6437530517578125 156.09375 155.149993896484375 153.162506103515625 151.6750030517578125 150.59375 143.9562530517578125 138.125 137.568756103515625 139.8125 140.100006103515625 140.625
158.350006103515625 154.774993896484375 153.65625 154.037506103515625 155.0749969482421875 157.368743896484375 160.431243896484375 164.1062469482421875 168.2937469482421875 173.2687530517578125 181.3249969482421875 186.78125 193.4499969482421875 199.618743896484375 200.756256103515625 200.631256103515625 198.96875 195.9499969482421875 193.4812469482421875 190.712493896484375 186.8249969482421875 183.4250030517578125 180.0812530517578125 176.53125 173.4250030517578125 170.6187591552734375 167.774993896484375 164.5625 161.625 160.868743896484375 159.7375030517578125 158.5187530517578125 157.1999969482421875 157.875 158.399993896484375 158.006256103515625 156.5812530517578125 154.7687530517578125 150.3312530517578125 148.8312530517578125 149.5437469482421875 151.7375030517578125 153.3562469482421875 154.6875
149.787506103515625 147.25 147.2937469482421875 148.1875 148.5812530517578125 151.225006103515625 154.243743896484375 157.868743896484375 161.3312530517578125 166.868743896484375 174.4562530517578125 183.90625 194.21875 200.4499969482421875 202.5187530517578125 202.056243896484375 200.4562530517578125 197.649993896484375 194.0500030517578125 191.6875 187.5749969482421875 183.787506103515625 180.318756103515625 176.1374969482421875 173.587493896484375 170.912506103515625 167.649993896484375 164.506256103515625 162.1062469482421875 161.71875 161.631256103515625 161.3312530517578125 160.881256103515625 160.6062469482421875 161.9499969482421875 161.8937530517578125 160.6437530517578125 159.4187469482421875 158.181243896484375 159.212493896484375 160.337493896484375 163.243743896484375 166.8249969482421875 169.693756103515625
140.850006103515625 139.5250091552734375 139.649993896484375 141.0500030517578125 141.743743896484375 144.4812469482421875 147.368743896484375 151.1437530517578125 153.6437530517578125 159.1999969482421875 168.162506103515625 180.068756103515625 193.21875 202.725006103515625 203.28125 202.7750091552734375 201.46875 198.40625 194.962493896484375 191.59375 187.75 183.4250030517578125 179.818756103515625 175.4499969482421875 172.8874969482421875 170.3625030517578125 167.568756103515625 165.1125030517578125 162.90625 162.693756103515625 162.9187469482421875 163.587493896484375 163.4875030517578125 164.125 164.837493896484375 164.381256103515625 163.568756103515625 164.5124969482421875 165.40625 167.4875030517578125 170.03125 173.0124969482421875 177.5625 181.2687530517578125
129.8937530517578125 129.09375 130.131256103515625 131.125 132.1750030517578125 135.2375030517578125 137.78125 140.899993896484375 143.743743896484375 149.1125030517578125 159.837493896484375 173.3312530517578125 188.4375 198.9187469482421875 201.212493896484375 201.399993896484375 200.4499969482421875 197.8562469482421875 194.537506103515625 190.8874969482421875 187.2375030517578125 183.3625030517578125 178.6437530517578125 174.7062530517578125 172.006256103515625 169.243743896484375 166.625 164.618743896484375 162.8249969482421875 163.4375 163.96875 164.96875 165.256256103515625 166.8125 167.0749969482421875 166.4250030517578125 168.1374969482421875 169 170.59375 172.931243896484375 176.287506103515625 179.8249969482421875 182.568756103515625 186.975006103515625
118.81874847412109375 118.625 119.94374847412109375 121.2624969482421875 122.6437530517578125 125.5187530517578125 128.03125 130.7375030517578125 133.6875 137.7687530517578125 150.649993896484375 168.537506103515625 182.5500030517578125 192.21875 196.743743896484375 198.837493896484375 198.631256103515625 196.4375 192.7937469482421875 188.875 185.15625 181.087493896484375 177.162506103515625 173.068756103515625 170.1125030517578125 167.712493896484375 165.350006103515625 163.8625030517578125 162.9875030517578125 163.8874969482421875 165.225006103515625 165.9250030517578125 167.693756103515625 169.556243896484375 169.2687530517578125 170.493743896484375 172.212493896484375 174.287506103515625 176.0625 178.087493896484375 181.2375030517578125 183.412506103515625 186.9875030517578125 191.868743896484375
107.99375152587890625 108.38124847412109375 109.88124847412109375 111.56874847412109375 113.41249847412109375 116.49375152587890625 119.96875 123.1062469482421875 127.38124847412109375 131.056243896484375 149.056243896484375 167.118743896484375 178.59375 187.8312530517578125 192.7937469482421875 195.881256103515625 196.443756103515625 194.2687530517578125 191.0124969482421875 186.6999969482421875 182.618743896484375 177.84375 173.931243896484375 169.9499969482421875 167.8249969482421875 165.850006103515625 163.6875 162.774993896484375 162.4562530517578125 164.125 165.131256103515625 166.84375 169.2312469482421875 170.9875030517578125 172.024993896484375 172.9562530517578125 175.850006103515625 177.78125 180.7312469482421875 183.3937530517578125 184.6999969482421875 187.618743896484375 189.84375 193.462493896484375
97.59375 98.15000152587890625 100.34375 102.50624847412109375 104.75624847412109375 108.40625 112.49375152587890625 117.6687469482421875 124.6437530517578125 136.274993896484375 155.2312469482421875 166.068756103515625 174.4250030517578125 182.9187469482421875 188.90625 193.0437469482421875 194.6374969482421875 192.475006103515625 188.5625 184.899993896484375 179.568756103515625 174.475006103515625 170.6687469482421875 167.149993896484375 164.693756103515625 163.6687469482421875 162.7937469482421875 162.8874969482421875 162.912506103515625 164.506256103515625 166.7062530517578125 168.412506103515625 170.21875 171.8249969482421875 174.3874969482421875 176.5625 178.0500030517578125 180.1374969482421875 182.725006103515625 182.850006103515625 184.4812469482421875 186.6999969482421875 187.8249969482421875 190.600006103515625
87.5437469482421875 88.33750152587890625 91.06874847412109375 93.8625030517578125 96.47499847412109375 101.125 105.77500152587890625 112.30625152587890625 121.1374969482421875 133.375 147.5437469482421875 159.6437530517578125 169.9250030517578125 178.8312530517578125 185.71875 190.212493896484375 192.975006103515625 191.056243896484375 186.75 182.162506103515625 176.399993896484375 170.774993896484375 166.3874969482421875 163.3249969482421875 162.256256103515625 161.462493896484375 161.4562530517578125 162.65625 163.600006103515625 165.5187530517578125 167.3312530517578125 169.9875030517578125 173.3625030517578125 175.2062530517578125 178.225006103515625 179.4499969482421875 180.037506103515625 181.6125030517578125 183.899993896484375 182.381256103515625 182.6062469482421875 184.5124969482421875 184.899993896484375 186.600006103515625
