data/historical-monthly-weather-data/wc2.1_cruts4.09_10m_prec_1986-07.asc
ncols        51
nrows        45
xllcorner    -63.500000000000
yllcorner    -7.500000000000
cellsize     0.166666666667
NODATA_value -9999
[rows 0 to 18 of 45, columns 0 to 43 of 51]
190.0625 168.212493896484375 158.5875091552734375 154.21875 148.875 150.837493896484375 153.662506103515625 155.399993896484375 163.8000030517578125 174.131256103515625 181.524993896484375 189.662506103515625 196.90625 206.7937469482421875 216.75 224.243743896484375 230.75 229.1374969482421875 228.6999969482421875 231.40625 235.0187530517578125 232.443756103515625 230.912506103515625 227.0812530517578125 225.412506103515625 219.125 212.443756103515625 205.743743896484375 197.1687469482421875 194.181243896484375 183.8312530517578125 178.193756103515625 177.037506103515625 172.162506103515625 167.1687469482421875 161.5437469482421875 153.15625 153.0500030517578125 146.618743896484375 141.587493896484375 141.7937469482421875 142.7312469482421875 139.243743896484375 137.9375
189.350006103515625 167.087493896484375 156.5187530517578125 151.462493896484375 146.9000091552734375 149.6374969482421875 152.8625030517578125 156.6374969482421875 166.587493896484375 176.493743896484375 184.8625030517578125 192.443756103515625 200.0749969482421875 208.4499969482421875 214.899993896484375 221.5187530517578125 226.3000030517578125 225.5500030517578125 226.4187469482421875 227.875 225.024993896484375 226.8249969482421875 227.399993896484375 228.3687591552734375 221.4562530517578125 216.787506103515625 210.662506103515625 204.4562530517578125 194.087493896484375 187.0812530517578125 181.1750030517578125 180.46875 177.337493896484375 174.912506103515625 169.837493896484375 160.818756103515625 152.09375 148.8937530517578125 141.9375 138.6687469482421875 140.2312469482421875 138.556243896484375 136.381256103515625 132.837493896484375
191.618743896484375 177.274993896484375 173.3125 169.368743896484375 165.2687530517578125 165.7312469482421875 168.5812530517578125 174.0625 183.5437469482421875 191.881256103515625 198.3562469482421875 202.28125 209.6374969482421875 212.2312469482421875 215.4187469482421875 218.6437530517578125 222.306243896484375 221.306243896484375 220.8249969482421875 224.068756103515625 222.306243896484375 225.8249969482421875 228.837493896484375 228.6437530517578125 224.4250030517578125 216.712493896484375 215.931243896484375 207.8000030517578125 198.118743896484375 192.4375 186.662506103515625 179.125 176.306243896484375 175.96875 164.7624969482421875 153.7312469482421875 147.6750030517578125 145.337493896484375 137.431243896484375 134.306243896484375 134.5124969482421875 133.90625 130.6125030517578125 128.662506103515625
195.306243896484375 181.931243896484375 184.7687530517578125 188.337493896484375 185.931243896484375 183.7312469482421875 184.0812530517578125 190.868743896484375 201.818756103515625 209.8249969482421875 210.5437469482421875 211.618743896484375 214.875 219.28125 217.743743896484375 216 215.5124969482421875 215.475006103515625 217.9499969482421875 226.34375 227.15625 225.53125 228.350006103515625 230.649993896484375 228.443756103515625 222.8249969482421875 217.149993896484375 204.34375 198.087493896484375 197.881256103515625 192.274993896484375 183.5124969482421875 174.662506103515625 166.9875030517578125 157.0812530517578125 153.274993896484375 148.4875030517578125 139.1062469482421875 132.993743896484375 128.681243896484375 130.2624969482421875 131.524993896484375 128.568756103515625 126.11875152587890625
218.712493896484375 199.4499969482421875 191.381256103515625 197.8312530517578125 204.84375 200.75 202.0124969482421875 207.556243896484375 216.03125 220.8249969482421875 224.943756103515625 222.193756103515625 222.712493896484375 223.0187530517578125 218.712493896484375 215.0812530517578125 211.7062530517578125 213.2624969482421875 212.0124969482421875 218.8000030517578125 223.7937469482421875 222.9499969482421875 224.59375 233.1125030517578125 230.2062530517578125 223.899993896484375 214.6125030517578125 208.712493896484375 200.90625 195.125 191.787506103515625 186.2687530517578125 179.8625030517578125 169.8937530517578125 159.100006103515625 148.8249969482421875 142.8625030517578125 136.0187530517578125 128.5124969482421875 125.4187469482421875 125.5 123.56874847412109375 123.83750152587890625 123.44374847412109375
230.7937469482421875 220.350006103515625 214.7062530517578125 199.125 209.5124969482421875 220.0437469482421875 220.6999969482421875 223.03125 232.375 234.5187530517578125 234.0812530517578125 230.5437469482421875 229.4875030517578125 222.306243896484375 219.8000030517578125 215 207.6374969482421875 205.6875 208.662506103515625 217.3312530517578125 221.4875030517578125 223.3000030517578125 227.9812469482421875 227.556243896484375 228.53125 224.5749969482421875 215.5749969482421875 208.1437530517578125 198.6062469482421875 193.40625 190.181243896484375 189.431243896484375 180.8312530517578125 174.493743896484375 162.337493896484375 153.1374969482421875 140.318756103515625 133.125 129.5187530517578125 127.875 122.2375030517578125 122.15000152587890625 120.4499969482421875 118.3562469482421875
245.3312530517578125 238.462493896484375 234.2375030517578125 228.212493896484375 223.9187469482421875 219.806243896484375 227.0500030517578125 234.4250030517578125 237.9875030517578125 241.34375 242.2312469482421875 232.6437530517578125 232.149993896484375 225.493743896484375 217.850006103515625 213.8000030517578125 208.90625 203.056243896484375 200.96875 214.0749969482421875 217.59375 218.75 221.0437469482421875 224.9562530517578125 224.7375030517578125 224.90625 220.662506103515625 206.868743896484375 194.78125 195.25 191.068756103515625 184.6999969482421875 176.993743896484375 174.1750030517578125 167.65625 155.506256103515625 141.53125 131.84375 128.818756103515625 127.40625 120.53125 117.4250030517578125 116.90000152587890625 114.3312530517578125
262.225006103515625 253.774993896484375 252.381256103515625 250.850006103515625 250.1437530517578125 254.3562469482421875 246.9875030517578125 232.881256103515625 230.475006103515625 233.693756103515625 235.6437530517578125 232.2062530517578125 229.3249969482421875 221.1999969482421875 216.475006103515625 211.2937469482421875 204.100006103515625 200.28125 199.8000030517578125 202.931243896484375 213.493743896484375 219.1437530517578125 219.7312469482421875 222.787506103515625 226.306243896484375 220.5 215.350006103515625 200.3562469482421875 193.743743896484375 189.34375 191.225006103515625 185.65625 180.287506103515625 173.743743896484375 165.6374969482421875 151.256256103515625 138.2375030517578125 128.881256103515625 122.3562469482421875 117.03125 111.55625152587890625 110.4250030517578125 109.13124847412109375 105.88124847412109375
273.85626220703125 267.98126220703125 264.649993896484375 267.212493896484375 269.79998779296875 267.83123779296875 262.625 255.2249908447265625 244.1125030517578125 232.381256103515625 228.65625 220.6687469482421875 224.46875 215.90625 211.587493896484375 206.9812469482421875 204.4187469482421875 206.024993896484375 212.162506103515625 206.256256103515625 207.4375 218.431243896484375 219.7312469482421875 225.756256103515625 227.5124969482421875 216.493743896484375 206.1437530517578125 201.96875 196.537506103515625 190.818756103515625 193.7687530517578125 183.8687591552734375 171.7375030517578125 163.40625 158.024993896484375 151.1687469482421875 142.0437469482421875 134.0437469482421875 124.3937530517578125 115.53125 108.3125 105.5812530517578125 104.44374847412109375 99.9250030517578125
280.231231689453125 278.26873779296875 278.568756103515625 281.537506103515625 284.193756103515625 285.899993896484375 279.631256103515625 271.875 262.57501220703125 254.475006103515625 240.818756103515625 222.4187469482421875 219.9812469482421875 213.59375 211.1750030517578125 210.100006103515625 204.84375 212 218.7312469482421875 219.243743896484375 218.5437469482421875 215.8312530517578125 212.75 218.6999969482421875 218.431243896484375 216.1999969482421875 205.8249969482421875 199.7312469482421875 191.5 187.375 187.149993896484375 177.7687530517578125 170.193756103515625 161.943756103515625 154.7937469482421875 149.725006103515625 142.5187530517578125 135.34375 125.71875 119.125 113.02500152587890625 107.6750030517578125 101.59375 94.34375
290.8125 291.068756103515625 290.38751220703125 295.618743896484375 297.462493896484375 299.04376220703125 294.36248779296875 279.793731689453125 264.118743896484375 255.3249969482421875 247.0187530517578125 232.0187530517578125 214.725006103515625 210.3874969482421875 204.9250030517578125 203.7750091552734375 205.631256103515625 212.8000030517578125 219.0437469482421875 228.8874969482421875 234.6875 228.462493896484375 215.943756103515625 204.1812591552734375 213.8249969482421875 223.600006103515625 214.3937530517578125 203.506256103515625 188.2062530517578125 183.931243896484375 181.056243896484375 177.125 171.6125030517578125 162.443756103515625 157.9499969482421875 151 144.1999969482421875 133.712493896484375 129.71875 120.7937469482421875 111.09999847412109375 104.36875152587890625 100.4499969482421875 90.50624847412109375
294.743743896484375 292.65625 293.26873779296875 299.66876220703125 303.79376220703125 305.66876220703125 303.53125 289.46875 268.88751220703125 251.34375 240.1437530517578125 232.875 213.537506103515625 205.5437469482421875 208.056243896484375 203.1875 204.743743896484375 211.1875 218.0187530517578125 230.7687530517578125 243.9875030517578125 241.068756103515625 235.3312530517578125 218.375 213.962493896484375 205.6875 198.399993896484375 193.4250030517578125 183.28125 177.912506103515625 170.46875 166.868743896484375 164.28125 159.7312469482421875 158.03125 153.78125 145.087493896484375 139.2624969482421875 126.75 117.6687469482421875 107.09375 102.47499847412109375 93.9499969482421875 82.9250030517578125
288.350006103515625 291.20623779296875 295.29376220703125 297.71875 298.856231689453125 301.35626220703125 295.9375 280.3125 261.38751220703125 249.4499969482421875 240.3249969482421875 229.743743896484375 221.4562530517578125 200.931243896484375 196.537506103515625 200.8249969482421875 202.1999969482421875 209.993743896484375 216.9875030517578125 224.8937530517578125 233.2624969482421875 231.6687469482421875 230.9812469482421875 218.381256103515625 202.600006103515625 194.5 190 186.600006103515625 178.625 171.6437530517578125 164.0500030517578125 155.899993896484375 156.9375 154.693756103515625 153.087493896484375 150.78125 148.2312469482421875 145.9250030517578125 138.2937469482421875 122.1875 106.2624969482421875 98.6437530517578125 86.90625 78.6125030517578125
284.25 286.368743896484375 290.98748779296875 291.875 291.0625 289.087493896484375 282.54998779296875 269.868743896484375 259.66876220703125 243.9375 233.71875 226.71875 215.1750030517578125 201.556243896484375 185.0124969482421875 192.756256103515625 192.5124969482421875 201.3000030517578125 205.3625030517578125 213.649993896484375 218.806243896484375 221.568756103515625 221.756256103515625 213.399993896484375 198.850006103515625 188.274993896484375 180.8625030517578125 172.524993896484375 165.131256103515625 159.46875 158.9375 153.7624969482421875 149.899993896484375 148.225006103515625 148.1062469482421875 151.818756103515625 155.975006103515625 158.8625030517578125 153.0625 134.087493896484375 106.6875 92.375 88.13124847412109375 90.5124969482421875
282.79376220703125 280.70001220703125 281.76251220703125 284.068756103515625 280.01873779296875 275.29998779296875 274.95623779296875 262.91876220703125 250.443756103515625 236.1374969482421875 225.9875030517578125 217.6624908447265625 210.631256103515625 201.850006103515625 178.9812469482421875 179.8874969482421875 181.337493896484375 187.975006103515625 192.9562530517578125 201.84375 210.0437469482421875 211.475006103515625 211.7062530517578125 209.46875 201.8187408447265625 193.5437469482421875 184.9562530517578125 173.662506103515625 167.3312530517578125 163.181243896484375 154.524993896484375 151.068756103515625 153.3937530517578125 149.243743896484375 142.118743896484375 144.3625030517578125 157.693756103515625 170.1999969482421875 166.9562530517578125 146.662506103515625 124.96250152587890625 111.00624847412109375 110.45000457763671875 102.78125
274.29998779296875 272.4375 274.26251220703125 272.712493896484375 270.287506103515625 270.625 261.73126220703125 251.2687530517578125 241.087493896484375 232.1750030517578125 220.09375 213.756256103515625 208.537506103515625 200.681243896484375 182.6999969482421875 159.9875030517578125 165.725006103515625 175.2687530517578125 178.868743896484375 188.256256103515625 193.9875030517578125 199.8874969482421875 203.5 211.162506103515625 207.212493896484375 197.774993896484375 185.0812530517578125 170.056243896484375 164.53125 161.212493896484375 162.2062530517578125 152.149993896484375 146.2687530517578125 140.53125 135.962493896484375 151.431243896484375 162.46875 173.53125 176.5812530517578125 169.399993896484375 154.1875 137.9000091552734375 124.74375152587890625 109.80625152587890625
266.225006103515625 264.493743896484375 267.39373779296875 268.32501220703125 267.64373779296875 260.662506103515625 255.787506103515625 246.412506103515625 237.212493896484375 228.7937469482421875 218.6687469482421875 210.6374969482421875 203.25 199.21875 193.8937530517578125 177.756256103515625 160.7687530517578125 160.9562530517578125 173.1062469482421875 180.6062469482421875 184.399993896484375 190.662506103515625 200.2937469482421875 212.881256103515625 215.756256103515625 193.212493896484375 173.868743896484375 160.975006103515625 159.556243896484375 161.1374969482421875 162.84375 162.537506103515625 155.5749969482421875 151.0500030517578125 162.006256103515625 169.306243896484375 184.5437469482421875 203.475006103515625 212.350006103515625 189.8874969482421875 169.943756103515625 147.7750091552734375 126.24375152587890625 112.7687530517578125
259.587493896484375 261.54998779296875 261.79998779296875 265.57501220703125 264.850006103515625 255.7312469482421875 249.3562469482421875 243.131256103515625 234.2375030517578125 219.881256103515625 210.693756103515625 208.6125030517578125 202.462493896484375 198.587493896484375 197.7375030517578125 191 176.443756103515625 155.524993896484375 170.537506103515625 176.193756103515625 178.1687469482421875 181.59375 195.681243896484375 205.625 205.9250030517578125 183.8249969482421875 164.287506103515625 155.8312530517578125 156.46875 154.475006103515625 148.3249969482421875 146.2624969482421875 166.4812469482421875 173.712493896484375 171.875 186.9250030517578125 206.787506103515625 216.0625 215.34375 196.225006103515625 166.3625030517578125 144.9375 124.96250152587890625 112.05625152587890625
253.368743896484375 255.181243896484375 253.2937469482421875 255.131256103515625 258.149993896484375 252.7937469482421875 243.9375 240.4375 233.662506103515625 220.4812469482421875 210.71875 203.462493896484375 200.03125 200.03125 192.899993896484375 191.9562530517578125 185.412506103515625 170.6437530517578125 161.368743896484375 163.6062469482421875 172.1687469482421875 187.46875 168.3000030517578125 180.6062469482421875 183.287506103515625 176.8562469482421875 164.399993896484375 153.53125 154.912506103515625 154.9875030517578125 152.056243896484375 153.181243896484375 167.649993896484375 170.943756103515625 174.837493896484375 186.337493896484375 193.90625 197.5 197.2624969482421875 176.5187530517578125 156.681243896484375 135.8000030517578125 120.66249847412109375 109.2624969482421875
