data/historical-monthly-weather-data/wc2.1_cruts4.09_10m_prec_2013-03.asc
ncols        45
nrows        45
xllcorner    -63.500000000000
yllcorner    -7.500000000000
cellsize     0.166666666667
NODATA_value -9999
[rows 20 to 39 of 45, columns 0 to 44 of 45]
252.056243896484375 260.712493896484375 271.350006103515625 282.881256103515625 295.443756103515625 310.037506103515625 324.3125 336.587493896484375 346.256256103515625 351.86248779296875 354.70001220703125 358.88751220703125 363.912506103515625 370.85626220703125 367.36248779296875 357.212493896484375 348.756256103515625 346.66876220703125 349.306243896484375 353.375 367.59375 383.40625 397.443756103515625 411.78125 427.212493896484375 442.67498779296875 451.98748779296875 459.787506103515625 466.475006103515625 466.837493896484375 458.818756103515625 444.60626220703125 425.868743896484375 401.8125 378.79998779296875 410.5 455.11248779296875 482.04998779296875 496.57501220703125 502.51251220703125 503.73126220703125 502.58123779296875 498.8125 495.98126220703125 491.98126220703125
245.53125 255.243743896484375 268.243743896484375 281.23748779296875 295.418731689453125 312.15625 328.51873779296875 343.38751220703125 353.600006103515625 355.90625 352.85626220703125 351.162506103515625 350.631256103515625 353.21875 352.79376220703125 349.350006103515625 346.71875 345.45623779296875 346.212493896484375 348.056243896484375 355.462493896484375 365.08123779296875 378.556243896484375 391.20001220703125 406.61248779296875 424.712493896484375 439.731231689453125 448.41876220703125 454.98126220703125 453.95001220703125 444.524993896484375 430.912506103515625 417.04376220703125 403.32501220703125 397.868743896484375 418.725006103515625 453.587493896484375 479.90625 494.84375 499.412506103515625 499.475006103515625 498.34375 495.743743896484375 493.45001220703125 490.743743896484375
242.149993896484375 253.625 266.73748779296875 280.90625 295.51873779296875 312.25 329.07501220703125 347.95623779296875 361.625 358.89373779296875 350.23748779296875 340.743743896484375 334.0625 335.381256103515625 339.71875 341.337493896484375 341.08123779296875 340.54998779296875 340.162506103515625 340.46875 344.01251220703125 347.837493896484375 354.774993896484375 366.15625 383.993743896484375 404.79376220703125 421.662506103515625 433.45001220703125 440.556243896484375 438.5 431.53125 424.76251220703125 422.287506103515625 419.73748779296875 427.225006103515625 445.212493896484375 468.962493896484375 487.943756103515625 497.962493896484375 499.962493896484375 497.95001220703125 495.85626220703125 493.618743896484375 490.29998779296875 488.318756103515625
241.8000030517578125 252.7375030517578125 265.86248779296875 280.0625 294.556243896484375 310.26251220703125 327.912506103515625 346.225006103515625 357.98126220703125 353.024993896484375 341.818756103515625 332.024993896484375 320.837493896484375 323.118743896484375 330.40625 334.725006103515625 336.91876220703125 336.91876220703125 334.23126220703125 332.324981689453125 332.475006103515625 332.462493896484375 335.20001220703125 344.5 358.837493896484375 377.98126220703125 395.943756103515625 411.818756103515625 423.09375 426.6875 426.943756103515625 425.712493896484375 429.79376220703125 435.95623779296875 448.70623779296875 468.04998779296875 487.01251220703125 496.73748779296875 499.993743896484375 499.649993896484375 497.212493896484375 493.15625 490.07501220703125 485.125 485.381256103515625
246.462493896484375 255.3125 265.86248779296875 279.443756103515625 294.54376220703125 309.45623779296875 323.743743896484375 337.67498779296875 345.225006103515625 343.86248779296875 337.875 328.91876220703125 323.11248779296875 323.350006103515625 327.09375 332.08123779296875 334.26251220703125 334.087493896484375 331.32501220703125 326 321.412506103515625 317.537506103515625 315.48126220703125 319.75 333.71875 355.725006103515625 373.73748779296875 393.67498779296875 408.38751220703125 419.037506103515625 423.78125 427.125 436.8125 447.462493896484375 460.506256103515625 473.1875 488.287506103515625 496.943756103515625 498.34375 499.59375 497.23748779296875 491.71875 484.949981689453125 482.57501220703125 476.625
254.7375030517578125 262.850006103515625 269.85626220703125 281.76873779296875 293.70623779296875 306.26873779296875 318.193756103515625 329.037506103515625 334.381256103515625 334.84375 332.35626220703125 328.899993896484375 326.36248779296875 325.76251220703125 328.33123779296875 332.875 334.03125 333.75 330.86248779296875 322.33123779296875 315.693756103515625 305.818756103515625 296.90625 295.38751220703125 310.743743896484375 335.60626220703125 358.73126220703125 378.71875 396.875 411.5625 421.475006103515625 430.524993896484375 444.193756103515625 454.625 465.125 474.756256103515625 486.1875 494.23748779296875 497.024993896484375 497.631256103515625 496.32501220703125 488.83123779296875 477.40625 472.73126220703125 467.98748779296875
263.787506103515625 267.61248779296875 274.28125 282.79376220703125 291.818756103515625 302.14373779296875 311.181243896484375 319.36248779296875 324.256256103515625 327.443756103515625 328.868743896484375 328.63751220703125 328.681243896484375 329.89373779296875 333.100006103515625 336.568756103515625 339.681243896484375 337.568756103515625 332.84375 325.42498779296875 314.88751220703125 302.11248779296875 286.73748779296875 281.67498779296875 300.524993896484375 324.056243896484375 347.493743896484375 366.85626220703125 385.51873779296875 401.712493896484375 415.25 429.76873779296875 447.475006103515625 456.399993896484375 464.79376220703125 473.662506103515625 484.23748779296875 491.35626220703125 494.962493896484375 497.118743896484375 494.20001220703125 484.79376220703125 471.118743896484375 463.14373779296875 469.5
273.57501220703125 274.600006103515625 279.337493896484375 285.506256103515625 290.83123779296875 298.337493896484375 306.931243896484375 313.375 318.23748779296875 322.556243896484375 324.993743896484375 327.100006103515625 330.04998779296875 333.45001220703125 337.274993896484375 340.90625 344.83123779296875 344.899993896484375 340.45623779296875 333.087493896484375 322.09375 307.98126220703125 297.63751220703125 294.28125 305.29998779296875 323.193756103515625 342.618743896484375 360.98126220703125 377.79376220703125 392.13751220703125 405.662506103515625 419.556243896484375 437.83123779296875 448.76251220703125 459.03125 468.75 477.03125 486.15625 491.92498779296875 497.38751220703125 499.96875 488.493743896484375 469.381256103515625 460.162506103515625 480.149993896484375
282.306243896484375 281.46875 284.23748779296875 287.274993896484375 292.162506103515625 297.306243896484375 302.256256103515625 307.51251220703125 313.006256103515625 317.46875 322.04998779296875 326.412506103515625 331.08123779296875 336.806243896484375 342.73748779296875 348.625 355.07501220703125 355.76873779296875 352.96875 346.67498779296875 335.368743896484375 321.868743896484375 313.01873779296875 308.681243896484375 315.33123779296875 326.212493896484375 340.9375 356.48126220703125 371.068756103515625 384.25 395.13751220703125 406.95001220703125 425.024993896484375 439.11248779296875 451.86248779296875 462.006256103515625 469.64373779296875 478.962493896484375 485.84375 491.34375 499.912506103515625 488.45623779296875 469.975006103515625 472.100006103515625 496.274993896484375
290.29998779296875 287.98126220703125 288.475006103515625 289.506256103515625 292.149993896484375 294.493743896484375 298.32501220703125 302.568756103515625 308.08123779296875 312.643768310546875 317.943756103515625 325.11248779296875 332.993743896484375 340.86248779296875 348.45623779296875 356.17498779296875 363.962493896484375 370.90625 370.837493896484375 362.181243896484375 349.837493896484375 337.41876220703125 327.931243896484375 323.274993896484375 324.90625 331.649993896484375 342.45623779296875 353.4375 363.962493896484375 374.8125 385.08123779296875 394.79376220703125 411.350006103515625 428.20001220703125 442.51251220703125 451.75 459.368743896484375 469.29998779296875 470.96875 475.39373779296875 484.03125 485.21875 479.537506103515625 489.043731689453125 501.5625
295.587493896484375 291.88751220703125 290.65625 290.98748779296875 292.26873779296875 292.46875 295.76251220703125 298.70001220703125 303.57501220703125 308.48748779296875 314.5 322.693756103515625 332.66876220703125 341.66876220703125 351.48126220703125 362 374.20623779296875 383.01251220703125 388.037506103515625 379.17498779296875 365.568756103515625 351.38751220703125 342.03125 335.243743896484375 332.73748779296875 336.931243896484375 342.774993896484375 348.899993896484375 356.78125 365.98748779296875 375.5 385.96875 401.875 418.40625 433.25 440.98748779296875 448.8125 459.10626220703125 458.412506103515625 453.26251220703125 464.037506103515625 478.23126220703125 486.649993896484375 498.23126220703125 510.649993896484375
298.48126220703125 293.91876220703125 291.443756103515625 290.41876220703125 290.83123779296875 290.131256103515625 292.5 293.88751220703125 298.28125 303.29376220703125 309.59375 318.90625 329.475006103515625 341.625 354.149993896484375 367.256256103515625 377.96875 386.73748779296875 392.15625 388.75 375.10626220703125 362.89373779296875 351.712493896484375 342.868743896484375 340.33123779296875 339.9375 341.32501220703125 345.518768310546875 348.98126220703125 357.92498779296875 367.46875 377.53125 391.71875 407.662506103515625 422.42498779296875 430.587493896484375 440.462493896484375 449.318756103515625 445.26251220703125 444.88751220703125 460.475006103515625 480.57501220703125 495.368743896484375 515.0374755859375 531.7249755859375
299.6875 295.756256103515625 292.48748779296875 290.493743896484375 288.993743896484375 288.76873779296875 289.11248779296875 289.256256103515625 292.01251220703125 297.337493896484375 306.225006103515625 316.04376220703125 328.86248779296875 344.83123779296875 357.625 369.84375 379.54998779296875 388.38751220703125 392.375 391.162506103515625 381.65625 370.53125 359.118743896484375 351.4375 346.787506103515625 343.931243896484375 342.95001220703125 344.274993896484375 346.912506103515625 353.568756103515625 361.20623779296875 369.63751220703125 383.631256103515625 398.568756103515625 411.38751220703125 422.431243896484375 432.881256103515625 440.725006103515625 439.64373779296875 449.756256103515625 465.66876220703125 484.73748779296875 503.82501220703125 525.67498779296875 554.76873779296875
300.274993896484375 296.66876220703125 294.29376220703125 291.76873779296875 289.4375 287.443756103515625 285.96875 285.03125 286.537506103515625 290.90625 299.39373779296875 313.243743896484375 328.57501220703125 343.98748779296875 356.4375 369.712493896484375 381.462493896484375 389.20623779296875 391.662506103515625 391.36248779296875 384.806243896484375 374.912506103515625 365.625 356.256256103515625 350.493743896484375 345.337493896484375 343.53125 342.42498779296875 344.73748779296875 349.20001220703125 354.068756103515625 362.07501220703125 375.85626220703125 389.45623779296875 403.38751220703125 414.75 424.76251220703125 432.54998779296875 439.475006103515625 451.743743896484375 465.60626220703125 484.16876220703125 507.3125 531.14373779296875 563.15625
301.0625 298.600006103515625 296.29376220703125 292.899993896484375 288.42498779296875 285.931243896484375 282.662506103515625 281.256256103515625 280.42498779296875 282.875 292.212493896484375 309.20001220703125 327.91876220703125 344.82501220703125 358.91876220703125 370.524993896484375 382.125 389.03125 391.625 391.53125 386.524993896484375 377.07501220703125 367.931243896484375 357.83123779296875 351.63751220703125 346.20001220703125 342.23126220703125 340.79376220703125 340.243743896484375 344.10626220703125 348.962493896484375 355.53125 367.850006103515625 381.3125 393.64373779296875 403.95623779296875 414.32501220703125 427.975006103515625 438.04376220703125 449.61248779296875 463.168731689453125 478.63751220703125 499.91876220703125 523.1312255859375 548.70001220703125
303.618743896484375 300.76873779296875 297.931243896484375 294.4375 290.162506103515625 286.40625 283.04998779296875 279.01873779296875 275.73126220703125 277.4375 286.5 304.556243896484375 325.91876220703125 344.95623779296875 358.587493896484375 370.83123779296875 380.875 386.875 390.600006103515625 391.79998779296875 385.881256103515625 376.024993896484375 365.91876220703125 356.875 350.0625 344.056243896484375 339.875 338.5 337.743743896484375 340.274993896484375 344.70623779296875 349.693756103515625 359.82501220703125 373.056243896484375 384.41876220703125 393.912506103515625 406.931243896484375 420.23126220703125 428.287506103515625 440.28125 454.256256103515625 467.600006103515625 483.46875 504.5625 522.23126220703125
305.181243896484375 303.024993896484375 300.54376220703125 296.837493896484375 293.306243896484375 289.73126220703125 285.118743896484375 280.04998779296875 274.04998779296875 270.79998779296875 282.537506103515625 306.51251220703125 328.16876220703125 344.912506103515625 359.01873779296875 369.91876220703125 378.587493896484375 383.76251220703125 387.962493896484375 387.068756103515625 381.35626220703125 371.67498779296875 362.04376220703125 351.943756103515625 344.806243896484375 339.33123779296875 335.681243896484375 335.412506103515625 334.4375 336.8125 339.725006103515625 343.399993896484375 353.85626220703125 366.181243896484375 376.125 386.662506103515625 399.33123779296875 412.274993896484375 420.26873779296875 428.39373779296875 439.100006103515625 450.412506103515625 464.399993896484375 481.5625 495.4375
307.5 306.23748779296875 303.493743896484375 300.51251220703125 298.29998779296875 295.26251220703125 290.931243896484375 285.07501220703125 280.26251220703125 274.63751220703125 294.350006103515625 318.66876220703125 334.818756103515625 348.5625 359.618743896484375 369.54376220703125 375.625 379.39373779296875 381.51251220703125 379.13751220703125 371.350006103515625 362.368743896484375 355.01251220703125 345.131256103515625 338.48126220703125 334.03125 330.76873779296875 331.556243896484375 331.662506103515625 333.23126220703125 334.368743896484375 336.818756103515625 346.59375 358.5 367.131256103515625 378.76873779296875 390.70623779296875 400.725006103515625 409.51251220703125 417.89373779296875 424.318756103515625 434.67498779296875 444.243743896484375 453.46875 464.412506103515625
309.61248779296875 308.993743896484375 307.774993896484375 306.1875 305.03125 302.181243896484375 300.51251220703125 297.806243896484375 299.08123779296875 309.04376220703125 331.45001220703125 341.306243896484375 348.29998779296875 356.850006103515625 365.10626220703125 371.79376220703125 375.318756103515625 375.868743896484375 374.29376220703125 369.318756103515625 359.225006103515625 350.181243896484375 343.01251220703125 335.14373779296875 329.95001220703125 327.212493896484375 325.76251220703125 326.443756103515625 327.64373779296875 329.66876220703125 332.131256103515625 333.668731689453125 341.83123779296875 352.83123779296875 364.3125 373.3125 382.60626220703125 392.837493896484375 398.66876220703125 403.8125 409.04376220703125 418.48126220703125 425.487518310546875 433.60626220703125 440.681243896484375
312.38751220703125 312.693756103515625 312.693756103515625 311.774993896484375 312.45623779296875 313.162506103515625 312.41876220703125 315.01873779296875 320.21875 330.04998779296875 343.693756103515625 354.39373779296875 361.23126220703125 366.431243896484375 372.381256103515625 375.587493896484375 376.306243896484375 373.23748779296875 367.256256103515625 360.306243896484375 348.193756103515625 338.26873779296875 329.48748779296875 322.787506103515625 320.287506103515625 319.306243896484375 318.631256103515625 320.89373779296875 322.85626220703125 324.912506103515625 326.600006103515625 331.318756103515625 341.64373779296875 350.818756103515625 360.725006103515625 369.14373779296875 375.556243896484375 383.149993896484375 388.89373779296875 390.42498779296875 393 400.70001220703125 406.524993896484375 412.256256103515625 417.875
