data/historical-monthly-weather-data/wc2.1_cruts4.09_10m_prec_2017-11.asc
ncols        45
nrows        45
xllcorner    -63.500000000000
yllcorner    -7.500000000000
cellsize     0.166666666667
NODATA_value -9999
[rows 0 to 18 of 45, columns 0 to 43 of 45]
86.65625 77.84999847412109375 72.53125 69.68125152587890625 67 66.5 65.81874847412109375 65.47499847412109375 67.3000030517578125 69.09999847412109375 71.2062530517578125 74.4812469482421875 78.08750152587890625 80.54999542236328125 84.58750152587890625 88.3562469482421875 91.93125152587890625 93.24375152587890625 94.40000152587890625 95.6999969482421875 95.2062530517578125 94.33750152587890625 93.93125152587890625 92.81874847412109375 92.1999969482421875 92.00624847412109375 92.9250030517578125 93.90000152587890625 94.6125030517578125 95.4375 96.68125152587890625 98.46875 99.3249969482421875 100.78749847412109375 101.68125152587890625 101.21875 100.66249847412109375 99.4250030517578125 96.53125 93.46250152587890625 89.56874847412109375 85.78125 81.0187530517578125 76.43125152587890625
88.43125152587890625 79.375 75.25624847412109375 72.96250152587890625 71.4812469482421875 71.5187530517578125 71.2624969482421875 72.1687469482421875 74.65625 76.83750152587890625 79.2624969482421875 82.3249969482421875 85.2624969482421875 88 91.1374969482421875 94.97499847412109375 97.78749847412109375 100.30625152587890625 102.41249847412109375 104.53125 103.78749847412109375 102.66249847412109375 102.1437530517578125 101.50624847412109375 99.7375030517578125 98.77500152587890625 99.16249847412109375 99.16249847412109375 99.28749847412109375 99.59999847412109375 100.49375152587890625 101.96250152587890625 101.59999847412109375 103.22499847412109375 104.06874847412109375 103.08750152587890625 102.02500152587890625 100.33750152587890625 96.6125030517578125 92.875 88.8249969482421875 84.13124847412109375 79.19374847412109375 73.40625
88.71250152587890625 80.40000152587890625 77.1437530517578125 75.38124847412109375 75.0124969482421875 76.34375 78.70624542236328125 81.1437530517578125 85.03749847412109375 88.1374969482421875 90.5625 93.0625 95.58750152587890625 97.6062469482421875 100.0124969482421875 102.65625 105.2312469482421875 107.38124847412109375 108.6437530517578125 110.19374847412109375 109.4375 108.25 107.61875152587890625 107.15000152587890625 105.77500152587890625 104.43125152587890625 104.11875152587890625 103.75624847412109375 102.8312530517578125 102.20000457763671875 103.1062469482421875 103.71250152587890625 104.58750152587890625 105.4812469482421875 106.4562530517578125 104.90625 103.4250030517578125 102.4250030517578125 98.34999847412109375 94.19374847412109375 89.375 83.72499847412109375 78.2062530517578125 72.3562469482421875
86.80625152587890625 79.05625152587890625 77.81874847412109375 77.02500152587890625 77.88124847412109375 81.0749969482421875 85.19374847412109375 90.28749847412109375 96.25624847412109375 100.8562469482421875 103.34999847412109375 104.81874847412109375 106.36875152587890625 107.55625152587890625 109.30625152587890625 111.3249969482421875 113.47499847412109375 114.3000030517578125 115.04375457763671875 116.4499969482421875 115.74375152587890625 114.30625152587890625 112.8125 111.93125152587890625 110.77500152587890625 109.63124847412109375 108.7687530517578125 106.74375152587890625 105.6062469482421875 105.08750152587890625 105.15000152587890625 105.7312469482421875 105.53125 106.24375152587890625 106.91249847412109375 106.6687469482421875 105.80625152587890625 104.38124847412109375 100.0812530517578125 95.09999847412109375 88.8937530517578125 83.30625152587890625 76.7312469482421875 70.34999847412109375
87.1687469482421875 78.8000030517578125 76.1374969482421875 77.11875152587890625 80.0437469482421875 85.1750030517578125 91.19374847412109375 98.66249847412109375 107.0812530517578125 113.9499969482421875 115.34375 114.84375 115.56874847412109375 116.72499847412109375 118.00624847412109375 119.8312530517578125 121.18125152587890625 121.7062530517578125 121.5749969482421875 121.3625030517578125 121.49375152587890625 119.96250152587890625 118.4562530517578125 118.08750152587890625 115.8312530517578125 114.25 111.2312469482421875 109.5749969482421875 108.4375 106.50624847412109375 105.90000152587890625 106.03125 106.02500152587890625 106.8937530517578125 107.80625152587890625 107.7062530517578125 107.2312469482421875 106.19374847412109375 101.9250030517578125 95.2312469482421875 88.58750152587890625 81.7937469482421875 75.0124969482421875 68.31874847412109375
86.40000152587890625 79.1875 77.44374847412109375 76.875 81.19374847412109375 88.4250030517578125 95.5625 103.0500030517578125 111.55625152587890625 119.41249847412109375 120.34375 119.8625030517578125 121.09999847412109375 122.3874969482421875 123.2937469482421875 124.52500152587890625 126.00624847412109375 126.46875 126.90625 126.2062530517578125 125.83750152587890625 124.9875030517578125 123.5500030517578125 121.74375152587890625 119.97499847412109375 117.41249847412109375 114.06874847412109375 111.34375 109.34375 106.7687530517578125 104.8625030517578125 105.6437530517578125 105.41249847412109375 106.63124847412109375 107.5 108.30625152587890625 108.52500152587890625 108.21250152587890625 104.21875 97.36875152587890625 88.4250030517578125 81.2937469482421875 74.125 67.375
86.3874969482421875 80.9812469482421875 80.2624969482421875 80.5749969482421875 83.93125152587890625 89.99375152587890625 97.1062469482421875 104.11875152587890625 110.34375 115 119.2062530517578125 121.3937530517578125 124.2375030517578125 126.40000152587890625 128.0437469482421875 129.6750030517578125 131.0124969482421875 131.28125 130.7937469482421875 131.625 131.212493896484375 130.2062530517578125 128.756256103515625 126.1999969482421875 123.68125152587890625 121.24375152587890625 116.81874847412109375 112.7937469482421875 108.7687530517578125 105.8312530517578125 104.0749969482421875 103.7062530517578125 104.02500152587890625 105.53749847412109375 107.1062469482421875 107.84375 108.21250152587890625 108.6687469482421875 106.1125030517578125 98.34999847412109375 88.18125152587890625 80.34375 72.9250030517578125 65.8000030517578125
87.50624847412109375 82.83750152587890625 83.6374969482421875 86.2375030517578125 90.2062530517578125 95.16249847412109375 99.3000030517578125 102.3125 104.8874969482421875 109.2937469482421875 116.53749847412109375 121.84999847412109375 126.2937469482421875 129.625 131.90625 134.25 135.568756103515625 135.681243896484375 135.75 136.037506103515625 137.100006103515625 136.59375 134.3312530517578125 131.193756103515625 128.75 124.00624847412109375 118.3312530517578125 112.8562469482421875 108.46875 104.28749847412109375 101.78125 101.65000152587890625 102.2375030517578125 103.53749847412109375 105.28749847412109375 105.875 107.00624847412109375 106.9375 102.3562469482421875 94.53749847412109375 85.05625152587890625 77.3312530517578125 69.84999847412109375 62.581249237060546875
89.68125152587890625 86.50624847412109375 88.7062530517578125 92.06874847412109375 96.09999847412109375 100.5187530517578125 103.9875030517578125 105.81874847412109375 104.7312469482421875 106.4562530517578125 114.75 121.4187469482421875 127.18125152587890625 131.274993896484375 134.1437530517578125 136.40625 138.0187530517578125 139.4187469482421875 142.0749969482421875 142.943756103515625 142.4187469482421875 142.09375 139.1750030517578125 136.9499969482421875 132.9749908447265625 127.0500030517578125 119.69374847412109375 113.63124847412109375 108.3249969482421875 102.34375 99.58750152587890625 99.5500030517578125 99.40000152587890625 100.09375 101.25624847412109375 102.4250030517578125 103.4250030517578125 103.1750030517578125 98.02500152587890625 91.05625152587890625 82.3249969482421875 74.46250152587890625 67.30625152587890625 60.206249237060546875
92.41249847412109375 90.06874847412109375 93.0625 97.2624969482421875 102.0124969482421875 106.9812469482421875 110.0187530517578125 111.28749847412109375 111.5500030517578125 113.875 118.97499847412109375 123.34999847412109375 129.087493896484375 133.193756103515625 135.8249969482421875 138.256256103515625 140.337493896484375 143.712493896484375 147.431243896484375 150.7937469482421875 150.537506103515625 149.1875 145.2687530517578125 141.7937469482421875 136.0749969482421875 129.8625030517578125 122.4375 114.78749847412109375 108.11875152587890625 100.6437530517578125 97.09375 96.31874847412109375 96.11875152587890625 96.9250030517578125 98 99.27500152587890625 100.53749847412109375 99.7687530517578125 94.7312469482421875 88 80.1437530517578125 72.53125 64.8937530517578125 57.38124847412109375
95.6374969482421875 94.3937530517578125 97.7937469482421875 102.5500030517578125 107.77500152587890625 114.05625152587890625 117.7375030517578125 118.47499847412109375 118.90000152587890625 120.71875 124.7937469482421875 128.037506103515625 131.899993896484375 135.256256103515625 137.181243896484375 139.15625 141.8562469482421875 146.875 152.59375 158.493743896484375 161.8000030517578125 159.34375 153.1687469482421875 145.193756103515625 139.725006103515625 134.443756103515625 126.38124847412109375 118.1437530517578125 109.75624847412109375 101.3249969482421875 96.8625030517578125 94.91249847412109375 94.71875 95.0749969482421875 95.36875152587890625 95.93125152587890625 96.5187530517578125 96.05625152587890625 92.08750152587890625 85.81874847412109375 78.19374847412109375 70.74375152587890625 63.21875 55.78125
99.9562530517578125 99.34375 103.03749847412109375 108.5749969482421875 114.18125152587890625 120.5812530517578125 125.06874847412109375 125.63124847412109375 125.86875152587890625 127.24375152587890625 129.8249969482421875 132.149993896484375 133.25 135.3000030517578125 137.3312530517578125 139.662506103515625 143.125 148.943756103515625 156.59375 165.618743896484375 171.6875 169.71875 161.8625030517578125 151.337493896484375 143.4499969482421875 136.943756103515625 128.0437469482421875 119.6437530517578125 112.22499847412109375 103.6750030517578125 97.5500030517578125 93.81874847412109375 92.6062469482421875 92.21875 92.5 92.8249969482421875 92.8874969482421875 92.59999847412109375 88.83750152587890625 83.55625152587890625 77.21875 69.86875152587890625 62.41249847412109375 55.15000152587890625
104.3937530517578125 104.6999969482421875 108.7687530517578125 113.8249969482421875 119 124.86875152587890625 128.743743896484375 130.3249969482421875 130.931243896484375 132.53125 134.287506103515625 135.587493896484375 135.600006103515625 134.0625 135.443756103515625 138.3249969482421875 142.5187530517578125 150.4375 159.399993896484375 169.25 177.493743896484375 176.350006103515625 167.7937469482421875 157.6875 147.2624969482421875 138.6999969482421875 130.7375030517578125 121.97499847412109375 114.34999847412109375 105.69374847412109375 98.5625 93.36875152587890625 90.6875 89.4250030517578125 89.22499847412109375 89.2312469482421875 89.1875 88.7375030517578125 86.1062469482421875 81.13124847412109375 76.0812530517578125 69.36875152587890625 61.268749237060546875 51.924999237060546875
108.96250152587890625 109.2312469482421875 113.36875152587890625 118.22499847412109375 123.28125 127.875 131.5812530517578125 134.1062469482421875 135.725006103515625 136.818756103515625 137.8312530517578125 136.46875 135.193756103515625 133.0625 132.0749969482421875 135.087493896484375 140.162506103515625 148.375 157.6062469482421875 166.8937530517578125 173.743743896484375 174.1374969482421875 169.006256103515625 160.118743896484375 151.149993896484375 143.0187530517578125 135.006256103515625 125.9187469482421875 117.0812530517578125 107.4499969482421875 99.63124847412109375 93.1750030517578125 89.28749847412109375 86.94374847412109375 86.58750152587890625 86.625 86.3562469482421875 86.65625 83.80625152587890625 80.2375030517578125 74.8937530517578125 66.43125152587890625 57.9375 50.99375152587890625
114.24375152587890625 114.6062469482421875 118.7062530517578125 123.3874969482421875 128.0500030517578125 132.125 136.0500030517578125 138.6437530517578125 139.462493896484375 139.693756103515625 139.5437469482421875 137.381256103515625 134.774993896484375 131.7937469482421875 128.90625 131.2375030517578125 136.9812469482421875 145.6374969482421875 155.1374969482421875 164.1374969482421875 169.9812469482421875 171.6374969482421875 169.34375 163.024993896484375 156.5749969482421875 149.625 140.4499969482421875 130.399993896484375 120.63124847412109375 109.69374847412109375 100.53125 92.9187469482421875 88.75 85.96875 84.53125 83.8625030517578125 84.0437469482421875 84.8312530517578125 82.5749969482421875 77.6374969482421875 70.71875 64.13124847412109375 58.18125152587890625 52.66249847412109375
119.08750152587890625 119.5 123.875 128.350006103515625 132.868743896484375 137.0187530517578125 140.2062530517578125 142.6062469482421875 143.462493896484375 143.6999969482421875 142.2624969482421875 139.25 135.875 131.375 127.5749969482421875 126.6687469482421875 134.1437530517578125 144.5 153.912506103515625 162.556243896484375 168.875 171.787506103515625 170.993743896484375 166.2062530517578125 161.2624969482421875 156.46875 147.625 136.5124969482421875 124.33750152587890625 111.6875 101.3937530517578125 93.1999969482421875 88.2624969482421875 85.5625 82.84999847412109375 82.66249847412109375 83.19374847412109375 81.43125152587890625 78.46875 73.4812469482421875 68.2937469482421875 63.53749847412109375 58.5625 52.55625152587890625
123.875 124.97499847412109375 128.912506103515625 133.28125 137.96875 141.818756103515625 145.3874969482421875 147.5 147.9375 147.2687530517578125 145.662506103515625 142.412506103515625 138.2687530517578125 133.625 130.4187469482421875 129.943756103515625 133.8937530517578125 143.1875 153.5124969482421875 162.850006103515625 169.337493896484375 172.931243896484375 173.181243896484375 168.493743896484375 164.875 162.7312469482421875 155.7624969482421875 142.131256103515625 126.6875 113.0437469482421875 102.41249847412109375 95.0187530517578125 89.33750152587890625 85.7937469482421875 85.61875152587890625 86.3874969482421875 84.1750030517578125 82.3000030517578125 79.25624847412109375 73.24375152587890625 68.22499847412109375 64.0500030517578125 58.40625 53.6875
129.225006103515625 130.443756103515625 134.7375030517578125 139.3249969482421875 143.6062469482421875 148.0437469482421875 151.6750030517578125 153.5124969482421875 153.5124969482421875 152.1750030517578125 150.006256103515625 146.912506103515625 142.125 138.337493896484375 136.71875 136.462493896484375 138.7062530517578125 143.337493896484375 154.506256103515625 164.1687469482421875 171.868743896484375 174.5124969482421875 174.662506103515625 171.243743896484375 168.8000030517578125 166.9562530517578125 163.0062408447265625 146.6687469482421875 127.97499847412109375 111.9375 100.5625 93.1374969482421875 90.53749847412109375 90.8000030517578125 91.28749847412109375 87.7375030517578125 85.8625030517578125 83.6125030517578125 78.30625152587890625 74.06874847412109375 68.3625030517578125 63.5 58.231250762939453125 53.47499847412109375
134.25 136.181243896484375 140.5 145.2624969482421875 150.0124969482421875 154.2062530517578125 157.4499969482421875 159.787506103515625 159.837493896484375 158.7687530517578125 155.8312530517578125 152.412506103515625 147.9187469482421875 144.6062469482421875 142.681243896484375 142.787506103515625 144.631256103515625 147.3562469482421875 155.037506103515625 164.7062530517578125 174.5437469482421875 180.318756103515625 175.9749908447265625 172.9250030517578125 170.78125 168.087493896484375 160.9499969482421875 146.03125 128.506256103515625 111.40000152587890625 98.4562530517578125 93.69374847412109375 95.3000030517578125 95.18125152587890625 93.6999969482421875 91.4875030517578125 88.28749847412109375 84.66249847412109375 80.02500152587890625 74.75624847412109375 68.77500152587890625 64.3937530517578125 58.40000152587890625 53.15000152587890625
