data/historical-monthly-weather-data/wc2.1_cruts4.09_10m_prec_1973-10.asc
ncols        51
nrows        45
xllcorner    -63.500000000000
yllcorner    -7.500000000000
cellsize     0.166666666667
NODATA_value -9999
[rows 19 to 37 of 45, columns 0 to 43 of 51]
158.96875 163.600006103515625 170.131256103515625 176.9562530517578125 183.600006103515625 189.9499969482421875 195.1500091552734375 198.3625030517578125 197.9187469482421875 195.193756103515625 189.9499969482421875 183.8562469482421875 177.6875 171.756256103515625 168.9875030517578125 167.5 163.993743896484375 164.837493896484375 167.1999969482421875 172.1374969482421875 181.8125 197.0124969482421875 216.837493896484375 229.0187530517578125 234.71875 232.3625030517578125 220.90625 205.868743896484375 184.5625 162.5749969482421875 147.3625030517578125 147.6125030517578125 153.7312469482421875 160.2624969482421875 164.850006103515625 165.837493896484375 171.03125 180.59375 190.631256103515625 198 202.4499969482421875 202.818756103515625 195.25 186.9187469482421875
154.29376220703125 161.243743896484375 170.4562530517578125 179.600006103515625 188.225006103515625 195.318756103515625 201.9562530517578125 206.193756103515625 206.0625 202.181243896484375 196.1687469482421875 188.40625 180.7687530517578125 172.6062469482421875 169.0437469482421875 166.21875 162.975006103515625 162.8937530517578125 167.0124969482421875 171.256256103515625 182.537506103515625 196.975006103515625 211.28125 219.662506103515625 225.28125 225.368743896484375 216.0500030517578125 200.03125 184.1687469482421875 171.125 161.443756103515625 159.0124969482421875 164.0625 172.287506103515625 181.774993896484375 182.0187530517578125 181.25 185.3249969482421875 191.274993896484375 197.381256103515625 201.943756103515625 202.34375 197.787506103515625 192.337493896484375
150 159.4625091552734375 170.6875 181.818756103515625 192.65625 201.3937530517578125 208.9250030517578125 214.71875 215.912506103515625 211.212493896484375 203.318756103515625 194.0500030517578125 185.306243896484375 177.9875030517578125 173.3625030517578125 170.3937530517578125 168.399993896484375 168.5 171.068756103515625 175.181243896484375 182.787506103515625 194.1374969482421875 206.743743896484375 212.524993896484375 215.3000030517578125 215.28125 209.6875 199.056243896484375 188.84375 179.5437469482421875 171.71875 168.2375030517578125 172.1125030517578125 179.1875 184.625 187.28125 186.756256103515625 187.631256103515625 191.5625 197.2062530517578125 201.4562530517578125 202.21875 200.5749969482421875 196.506256103515625
148.0749969482421875 160.225006103515625 173.3312530517578125 186.037506103515625 197.3125 206.6999969482421875 215.4562530517578125 223.381256103515625 227.337493896484375 220.5812530517578125 210.8000030517578125 199.537506103515625 190.9499969482421875 184.568756103515625 179.537506103515625 175.993743896484375 173.7937469482421875 174.600006103515625 176.2937469482421875 179.0124969482421875 185.9187469482421875 193.787506103515625 202.40625 206.625 207.962493896484375 205.568756103515625 202.4250030517578125 197.9375 190.5437469482421875 184.0124969482421875 179.024993896484375 176.318756103515625 178.5437469482421875 183.3937530517578125 186.84375 189.212493896484375 189.337493896484375 188.506256103515625 192.024993896484375 199.774993896484375 205.4562530517578125 206.850006103515625 205.96875 202.4375
149.3562469482421875 163.493743896484375 178.912506103515625 191.1875 202.40625 211.368743896484375 219.181243896484375 227.193756103515625 230.306243896484375 224.1437530517578125 213.6437530517578125 203.5187530517578125 195.306243896484375 189.0187530517578125 184.868743896484375 181.556243896484375 179.818756103515625 180.1374969482421875 181.024993896484375 182.6687469482421875 188.524993896484375 195.587493896484375 200.9375 202.7937469482421875 201.9250030517578125 197.2937469482421875 192.4375 191.556243896484375 189.774993896484375 186.3312530517578125 182.8937530517578125 180.5187530517578125 182.46875 185.443756103515625 188.15625 192.2312469482421875 193.6937408447265625 193.2312469482421875 198.274993896484375 205.6875 212.1125030517578125 214.4250030517578125 213.90625 210.506256103515625
155.7937469482421875 169.6999969482421875 185.993743896484375 196.975006103515625 207.5749969482421875 215.21875 221.3562469482421875 226.587493896484375 227.8625030517578125 224.0500030517578125 216.818756103515625 207.975006103515625 200.6374969482421875 194.6374969482421875 190.7062530517578125 188.21875 186.375 186.337493896484375 186.59375 187.7312469482421875 192.0999908447265625 196.2375030517578125 200.875 200.8000030517578125 199.21875 196.881256103515625 192.5749969482421875 191.0187530517578125 189.7687530517578125 187.2624969482421875 184.225006103515625 181.100006103515625 183.75 185.875 188.556243896484375 192.850006103515625 197.21875 200.993743896484375 206.8249969482421875 215.337493896484375 222.431243896484375 224.881256103515625 224.6062469482421875 223.3625030517578125
164.306243896484375 176.350006103515625 188.9187469482421875 201.0124969482421875 210.931243896484375 217.0187530517578125 221.6687469482421875 225.2375030517578125 226.412506103515625 224.587493896484375 217.96875 211.4250030517578125 204.756256103515625 199.243743896484375 196.6125030517578125 194.475006103515625 193.28125 192.4812469482421875 192.4875030517578125 192.943756103515625 196.1062469482421875 198.6750030517578125 201.681243896484375 201.006256103515625 199.5187530517578125 197.7937469482421875 194.725006103515625 192 189.975006103515625 187.712493896484375 183.431243896484375 181.462493896484375 184.256256103515625 185.9250030517578125 189.0625 194.4812469482421875 200.4562530517578125 207.1437530517578125 215.4499969482421875 225.225006103515625 233.84375 237.53125 237.8249969482421875 237.9499969482421875
174.274993896484375 181.712493896484375 191.7624969482421875 201.5124969482421875 209.7624969482421875 215.6374969482421875 219.537506103515625 222.600006103515625 222.8937530517578125 220.7687530517578125 217.75 212.850006103515625 207.537506103515625 203.0187530517578125 200.5500030517578125 199.381256103515625 197.662506103515625 197.537506103515625 197.1374969482421875 197.1062469482421875 199.443756103515625 200.8874969482421875 202.4250030517578125 202.7687530517578125 200.3687591552734375 198.4250030517578125 194.90625 191.6999969482421875 189.443756103515625 186.6374969482421875 183.7562408447265625 180.65625 183.8312530517578125 186.2937469482421875 188.8562469482421875 195.225006103515625 202.162506103515625 209.818756103515625 220.8562469482421875 233.8937530517578125 245.087493896484375 252.3625030517578125 256.32501220703125 258.743743896484375
183.8249969482421875 188.2312469482421875 195.375 202.756256103515625 208.8874969482421875 213.756256103515625 217.8249969482421875 219.9562530517578125 219.975006103515625 219.100006103515625 216.649993896484375 213.024993896484375 209.6374969482421875 205.4124908447265625 203.9812469482421875 203.274993896484375 202.71875 201.662506103515625 201.6125030517578125 202.181243896484375 202.850006103515625 203.1999969482421875 204.662506103515625 203.3312530517578125 200.649993896484375 198.6125030517578125 195.3312530517578125 192.0124969482421875 188.125 185.0749969482421875 181.6125030517578125 179.2687530517578125 182.5187530517578125 185.193756103515625 189.1374969482421875 195.1687469482421875 201.8499908447265625 211.40625 224.3562469482421875 240.75 257.79376220703125 267.92498779296875 273.118743896484375 280.86248779296875
192.9250030517578125 195.0749969482421875 198.8874969482421875 204.0749969482421875 208.3000030517578125 211.46875 214.243743896484375 216.568756103515625 217.1125030517578125 217.493743896484375 216.6750030517578125 214.0812530517578125 211.1875 207.681243896484375 207.3062591552734375 206.993743896484375 207.181243896484375 206.3125 205.931243896484375 206.3125 205.7062530517578125 205.46875 205.7375030517578125 203.4812469482421875 200.2624969482421875 198.1999969482421875 194.6062469482421875 190.693756103515625 187.5625 183.8249969482421875 179.556243896484375 177.225006103515625 180.475006103515625 183.5124969482421875 187.631256103515625 194.03125 200.78125 209.59375 223.1750030517578125 241.006256103515625 261.443756103515625 274.26251220703125 283.17498779296875 298.287506103515625
198.412506103515625 198.75 200.34375 202.225006103515625 204.943756103515625 206.65625 209.4187469482421875 212.350006103515625 214.1875 214.59375 215.506256103515625 213.493743896484375 212.21875 210.0625 209.6437530517578125 210.1062469482421875 209.4187469482421875 209.618743896484375 208.975006103515625 207.962493896484375 207.5124969482421875 206.9562530517578125 206.087493896484375 202.431243896484375 199.193756103515625 197.3625030517578125 193.2375030517578125 188.6750030517578125 184.4187469482421875 180.912506103515625 177.743743896484375 175.53125 178.21875 181.556243896484375 184.943756103515625 190.318756103515625 195.8125 203.9499969482421875 214.193756103515625 228.381256103515625 246.024993896484375 263.943756103515625 278.08123779296875 297.993743896484375
202.7062530517578125 200.9875030517578125 201.006256103515625 199.9250030517578125 201.068756103515625 203.6437530517578125 206.068756103515625 208.9250030517578125 210.71875 211.71875 213.899993896484375 213.7312469482421875 214.181243896484375 213.149993896484375 212.15625 212.5437469482421875 212.6875 212.087493896484375 211.28125 210.5187530517578125 208.881256103515625 207.868743896484375 206.4875030517578125 201.96875 198.0749969482421875 194.931243896484375 190.4875030517578125 185.600006103515625 180.8874969482421875 177.6062469482421875 175.4250030517578125 173.65625 175.90625 179.0812530517578125 182.0812530517578125 185.46875 189.96875 196.6750030517578125 204.037506103515625 210.537506103515625 226.100006103515625 247.649993896484375 267.82501220703125 287.65625
204.9375 201.787506103515625 199.375 198.1125030517578125 199.3000030517578125 199.96875 201.9875030517578125 204.818756103515625 206.9375 208.899993896484375 211.5500030517578125 213.181243896484375 214.125 214.7312469482421875 215.0812530517578125 215.2687530517578125 214.306243896484375 212.725006103515625 213.0187530517578125 212.1750030517578125 209.90625 208.1125030517578125 206.25 200.743743896484375 196.3062591552734375 192.0749969482421875 187.1374969482421875 182.068756103515625 176.962493896484375 174.53125 172.7624969482421875 170.9250030517578125 172.899993896484375 176.068756103515625 177.8874969482421875 180.368743896484375 183.75 188.6750030517578125 193.100006103515625 199.34375 213.8125 235.225006103515625 255.2687530517578125 276.41876220703125
204.899993896484375 200.9375 197.931243896484375 196.5437469482421875 195.850006103515625 195.7375030517578125 196.5124969482421875 198.0437469482421875 200.2062530517578125 203.2624969482421875 209.6374969482421875 211.693756103515625 214.818756103515625 217.65625 217.4875030517578125 216.3937530517578125 214.1062469482421875 212.7624969482421875 212.375 211.5 209.0187530517578125 206.9375 204.4499969482421875 199.3249969482421875 194.318756103515625 189.6125030517578125 184.287506103515625 178.46875 173.25 171.6875 169.9812469482421875 168.412506103515625 168.3625030517578125 170.71875 173.1687469482421875 176.1437530517578125 178.225006103515625 180.5437469482421875 184.3249969482421875 192.4499969482421875 204.2312469482421875 220.943756103515625 238.274993896484375 255.962493896484375
202.8249969482421875 199.2687530517578125 196.506256103515625 194.587493896484375 191.9250030517578125 191.1750030517578125 190.818756103515625 191.443756103515625 192.818756103515625 196.787506103515625 202.8312530517578125 209.2937469482421875 216.1750030517578125 218.6750030517578125 218.8562469482421875 216.6500091552734375 213.78125 212.59375 210.9562530517578125 210.524993896484375 207.756256103515625 205.2375030517578125 202.5749969482421875 196.4499969482421875 191.725006103515625 186.8312530517578125 180.5749969482421875 174.399993896484375 169.2937469482421875 167.7624969482421875 166.7937469482421875 165.78125 165.712493896484375 165.9875030517578125 168.1374969482421875 170.181243896484375 171.09375 172.4499969482421875 176.100006103515625 182.7624969482421875 190.256256103515625 203.056243896484375 217.850006103515625 232.649993896484375
200.4875030517578125 197.6374969482421875 193.8625030517578125 191.5124969482421875 188.149993896484375 186.46875 184.9812469482421875 184.9187469482421875 184.9875030517578125 188.9499969482421875 196.5812530517578125 205.7312469482421875 215.6062469482421875 221.350006103515625 219.1437530517578125 216.15625 212.931243896484375 211.3125 209.7937469482421875 208.212493896484375 205.743743896484375 202.6125030517578125 199.725006103515625 193.1374969482421875 188.1687469482421875 183.181243896484375 177.0625 171.2375030517578125 165.9499969482421875 164.162506103515625 163.056243896484375 162.506256103515625 161.743743896484375 161.8125 162.1437530517578125 162.431243896484375 162.5500030517578125 164.4875030517578125 166.7687530517578125 170.381256103515625 175.024993896484375 183.350006103515625 194.2687530517578125 205.125
196.7375030517578125 194.037506103515625 191.131256103515625 187.837493896484375 184.568756103515625 182.59375 179.8625030517578125 178.1875 177.162506103515625 179.318756103515625 187.6999969482421875 198.65625 210.875 217.6437530517578125 216.5749969482421875 213.462493896484375 209.8874969482421875 208.5749969482421875 207.056243896484375 205.006256103515625 202.5812530517578125 199.787506103515625 195.600006103515625 189.8249969482421875 185 180.0124969482421875 174.2312469482421875 168.9499969482421875 164.024993896484375 162.25 160.5187530517578125 159.28125 157.6374969482421875 157.28125 155.9187469482421875 154.9749908447265625 156.46875 157.1687469482421875 158.681243896484375 160.899993896484375 164.399993896484375 170.100006103515625 175.5124969482421875 183.037506103515625
192.931243896484375 190.59375 187.8312530517578125 184.8125 181.6374969482421875 178.6999969482421875 175.1374969482421875 172.118743896484375 169.399993896484375 168.212493896484375 177.7312469482421875 193.7624969482421875 204.912506103515625 210.8312530517578125 211.4562530517578125 209.5500030517578125 206.024993896484375 204.868743896484375 202.84375 200.34375 197.6374969482421875 194.462493896484375 191.0187530517578125 185.431243896484375 180.806243896484375 176.5625 171.287506103515625 166.71875 162.75 160.337493896484375 158.3125 155.693756103515625 154.118743896484375 152.625 149.46875 149.21875 149.65625 150.3874969482421875 150.8625030517578125 151.5500030517578125 153.3312530517578125 154.9437408447265625 157.8874969482421875 162.125
189.475006103515625 187.5437469482421875 184.7750091552734375 182 179.2062530517578125 175.806243896484375 172.868743896484375 169.4875030517578125 166.6875 163.25 177.5124969482421875 193.431243896484375 201.537506103515625 206.7312469482421875 207.1062469482421875 205.4499969482421875 202 200.53125 198.649993896484375 195.5749969482421875 192.256256103515625 188.118743896484375 184.568756103515625 179.5187530517578125 176.1687469482421875 172.8000030517578125 167.96875 164.2624969482421875 160.931243896484375 158.5 155.287506103515625 152.7062530517578125 150.53125 147.71875 144.6062469482421875 143.087493896484375 143.4875030517578125 143.03125 143.4250030517578125 143.537506103515625 142.5 142.3625030517578125 141.6125030517578125 141.90625
