data/historical-monthly-weather-data/wc2.1_cruts4.09_10m_prec_1958-04.asc
ncols        45
nrows        45
xllcorner    -63.500000000000
yllcorner    -7.500000000000
cellsize     0.166666666667
NODATA_value -9999
[rows 20 to 39 of 45, columns 0 to 44 of 45]
285.306243896484375 296.381256103515625 306.42498779296875 315.75 323.368743896484375 335.98748779296875 347.725006103515625 353.600006103515625 355.14373779296875 351.774993896484375 345.287506103515625 337.21875 329.600006103515625 324.01873779296875 314.60626220703125 307.38751220703125 302.537506103515625 302.287506103515625 305.11248779296875 306.42498779296875 308.13751220703125 306.618743896484375 303.21875 303.981231689453125 309.087493896484375 313.65625 316.818756103515625 319.36248779296875 319.524993896484375 318.84375 313.318756103515625 308.07501220703125 295.39373779296875 280.17498779296875 267.91876220703125 285.087493896484375 311.20001220703125 332.08123779296875 343.95001220703125 348.850006103515625 348.493743896484375 347.29998779296875 340.118743896484375 335.350006103515625 329.3125
279.9375 288.10626220703125 299.57501220703125 314.787506103515625 326.756256103515625 337.75 350.125 359.462493896484375 361.5 354.83123779296875 342.5625 327.28125 315.850006103515625 309.5625 306.60626220703125 302.181243896484375 301.618743896484375 300.350006103515625 302.043731689453125 302.23748779296875 298.5625 296.993743896484375 297.98126220703125 301 307.774993896484375 319.01873779296875 336.48748779296875 338.54998779296875 337.25 335.181243896484375 327.743743896484375 319.056243896484375 308.76873779296875 299.787506103515625 296.67498779296875 305.51873779296875 324.868743896484375 342.131256103515625 349.506256103515625 351.26251220703125 350.256256103515625 347.368743896484375 340.412506103515625 334.6875 328.306243896484375
275.95623779296875 289.975006103515625 303.243743896484375 318.21875 331.024993896484375 342.39373779296875 351.96875 363.931243896484375 372.70001220703125 359.23126220703125 338.943756103515625 317.61248779296875 302.537506103515625 297.76873779296875 298.89373779296875 299.86248779296875 298.95001220703125 296.443756103515625 295.51873779296875 293.456268310546875 290.84375 288.681243896484375 286.89373779296875 291.85626220703125 303.556243896484375 319.01873779296875 339.28125 346.04998779296875 347.09375 343.70001220703125 338.82501220703125 333.09375 330.45001220703125 327.649993896484375 329.29998779296875 333.07501220703125 344.350006103515625 356.125 358.962493896484375 355.412506103515625 351.23748779296875 345.64373779296875 338.631256103515625 332.40625 326.875
275.537506103515625 290.081268310546875 305.618743896484375 318.412506103515625 330.38751220703125 341.39373779296875 353.506256103515625 362.88751220703125 368.26251220703125 353.41876220703125 332.225006103515625 313.193756103515625 292.475006103515625 291.274993896484375 294.38751220703125 295.29376220703125 293.70001220703125 293.03125 290.274993896484375 288.20623779296875 283.975006103515625 278.8125 276.15625 283.399993896484375 294.881256103515625 305.875 322.48748779296875 337.931243896484375 346.15625 350.537506103515625 351.875 353.96875 355.76251220703125 355.006256103515625 357.899993896484375 360.21875 367.45001220703125 371.337493896484375 367.493743896484375 358.993743896484375 352.01873779296875 343.67498779296875 335.17498779296875 327.15625 324.23748779296875
278.850006103515625 293.66876220703125 307.556243896484375 321.375 334.35626220703125 343.087493896484375 351.39373779296875 357.756256103515625 356.38751220703125 347.71875 330.45623779296875 312.087493896484375 300.35626220703125 293.024993896484375 292.34375 292.15625 292.631256103515625 291.149993896484375 288 283.13751220703125 276.868743896484375 270.375 267.0625 272.01873779296875 281.506256103515625 297.70001220703125 316.399993896484375 333.0625 347.48126220703125 361.125 369.95623779296875 378.14373779296875 383.212493896484375 383.11248779296875 382.899993896484375 379.743743896484375 381.725006103515625 378.899993896484375 372.01251220703125 363.225006103515625 353.5 342.54376220703125 333.806243896484375 323.524993896484375 314.95001220703125
291.07501220703125 303.881256103515625 311.412506103515625 323.306243896484375 333.20001220703125 340.45001220703125 346.64373779296875 350.01873779296875 344.54998779296875 335.493743896484375 325.29376220703125 314.787506103515625 305.01873779296875 298.98126220703125 294.89373779296875 295.162506103515625 294.14373779296875 291.600006103515625 286.356231689453125 278.568756103515625 273.16876220703125 264.149993896484375 257.431243896484375 257.131256103515625 270.493743896484375 290.431243896484375 314.693756103515625 333.29998779296875 353.46875 369.287506103515625 386.4375 402.23126220703125 410.59375 406.743743896484375 400.78125 394.85626220703125 391.89373779296875 386.631256103515625 376.524993896484375 366.04998779296875 355.70623779296875 342.25 330.29376220703125 317.537506103515625 311.587493896484375
300.431243896484375 307.98126220703125 315.57501220703125 323.662506103515625 329.337493896484375 336.068756103515625 339.3125 339.17498779296875 334.21875 331.475006103515625 326.318756103515625 317.1875 309.45001220703125 304.07501220703125 300.45623779296875 299.118743896484375 296.993743896484375 292.32501220703125 287.8125 281.21875 272.181243896484375 261.58123779296875 251.375 250.0124969482421875 266.712493896484375 285.76873779296875 311.181243896484375 331.78125 354.28125 372.943756103515625 394.6875 415.45001220703125 428.96875 422.86248779296875 414.75 406.243743896484375 400.975006103515625 394.3125 381.63751220703125 370.162506103515625 357.274993896484375 344.743743896484375 331.631256103515625 320.181243896484375 320.131256103515625
311.774993896484375 314.95623779296875 319.20623779296875 323.587493896484375 328 331.09375 333.90625 331.3125 329.34375 328.07501220703125 322.399993896484375 317.162506103515625 311.17498779296875 307.95001220703125 305.08123779296875 301.712493896484375 300.04376220703125 298.193756103515625 291.8125 286.337493896484375 278.23748779296875 266.818756103515625 261.79998779296875 261.36248779296875 272.64373779296875 289.806243896484375 310.84375 331.88751220703125 353.08123779296875 372.818756103515625 392.04376220703125 410.443756103515625 422.8125 422.65625 420.51251220703125 412.04376220703125 407.70001220703125 401.51873779296875 388.693756103515625 375.71875 363.024993896484375 350.324981689453125 337.287506103515625 327.993743896484375 336.524993896484375
319.9375 320.868743896484375 321.293731689453125 323.475006103515625 324.475006103515625 323.82501220703125 324.36248779296875 325.48126220703125 326.73748779296875 324.53125 322.256256103515625 318.118743896484375 312.71875 310.42498779296875 310.125 310.225006103515625 309.287506103515625 303.95001220703125 299.818756103515625 293.58123779296875 286.48748779296875 276.35626220703125 272.32501220703125 274.5 282.318756103515625 296.506256103515625 315.287506103515625 333.693756103515625 352.618743896484375 370.068756103515625 384.193756103515625 398.59375 407.912506103515625 414.88751220703125 418.100006103515625 413.806243896484375 411.912506103515625 407.912506103515625 396.212493896484375 381.368743896484375 365.318756103515625 353.11248779296875 342.5625 343.537506103515625 353.162506103515625
323.23748779296875 322.068756103515625 320.79376220703125 317.67498779296875 317.79998779296875 318.23126220703125 319.10626220703125 321.01873779296875 321.462493896484375 319.993743896484375 319.943756103515625 317.23126220703125 316.53125 315.64373779296875 315.48126220703125 314.79998779296875 313.899993896484375 312.86248779296875 307.774993896484375 299.600006103515625 290.712493896484375 284.518768310546875 282.45623779296875 283.01873779296875 287.98126220703125 299.26251220703125 316.087493896484375 330.48126220703125 346.837493896484375 361.45623779296875 373.98748779296875 384.35626220703125 394.868743896484375 405.76873779296875 413.649993896484375 413.100006103515625 415.149993896484375 414.29998779296875 402.64373779296875 392.837493896484375 382.36248779296875 373.29998779296875 363.79376220703125 365.712493896484375 368.649993896484375
322.89373779296875 319.368743896484375 316.39373779296875 313.45001220703125 313.350006103515625 312.76873779296875 314.39373779296875 314.38751220703125 315.03125 316.10626220703125 317.46875 317.20623779296875 319.774993896484375 318.274993896484375 319.39373779296875 319.58123779296875 320.875 320.381256103515625 316.98126220703125 310.056243896484375 300.90625 293.08123779296875 289.381256103515625 287.318756103515625 289.35626220703125 302.53125 313.850006103515625 327.20623779296875 340.412506103515625 351.33123779296875 363.03125 372.925018310546875 386.0625 398.45623779296875 407.524993896484375 411.087493896484375 412.70001220703125 415.04998779296875 410.54998779296875 403.95623779296875 396.79998779296875 389.04998779296875 383.61248779296875 381.66876220703125 385.431243896484375
319.399993896484375 314.54998779296875 311.181243896484375 310.212493896484375 308.85626220703125 306.024993896484375 307.17498779296875 306.45623779296875 307.42498779296875 308.787506103515625 312.125 316.743743896484375 318.6875 320.09375 321.350006103515625 322.693756103515625 321.481231689453125 321.98126220703125 318.6875 316.337493896484375 308.29376220703125 300.475006103515625 294.46875 292.443756103515625 296.8125 304.600006103515625 312.193756103515625 323.625 332.899993896484375 343.70001220703125 355.381256103515625 365.20623779296875 376.26251220703125 389.36248779296875 400.51873779296875 405.875 411.45623779296875 413.556243896484375 411.20623779296875 407.337493896484375 408.256256103515625 404.662506103515625 400.350006103515625 399.568756103515625 403.53125
313.162506103515625 306.556243896484375 303.75 301.631256103515625 301.21875 298.112518310546875 296.043731689453125 296.20623779296875 296.67498779296875 300.256256103515625 308.29998779296875 312.32501220703125 318.006256103515625 322.506256103515625 323.356231689453125 323.212493896484375 323.318756103515625 324.318756103515625 320.181243896484375 316.556243896484375 311.375 304.149993896484375 297.462493896484375 295.693756103515625 299.45001220703125 302.26251220703125 309.118743896484375 316.25 324.01251220703125 335.64373779296875 345.54376220703125 354.125 365.131256103515625 379.131256103515625 391.57501220703125 400.1875 406.65625 411.71875 409.35626220703125 415.53125 417.024993896484375 415.20001220703125 415.087493896484375 417.91876220703125 423.20623779296875
304.79376220703125 299.725006103515625 297.35626220703125 294.556243896484375 292.368743896484375 290.73126220703125 288.5 286.07501220703125 286.35626220703125 290.26873779296875 297.11248779296875 306.57501220703125 315.59375 319.475006103515625 321.64373779296875 320.73126220703125 321.46875 322.29998779296875 319.587493896484375 316.23126220703125 311.23126220703125 305.08123779296875 299.256256103515625 294.475006103515625 297.837493896484375 299.04376220703125 302.368743896484375 307.34375 314.056243896484375 323.537506103515625 333.443756103515625 344.15625 355.662506103515625 369.412506103515625 382.875 391.73748779296875 400.287506103515625 403.10626220703125 410.068756103515625 417.51251220703125 420.07501220703125 422.899993896484375 426.756256103515625 432.76873779296875 440.368743896484375
294.556243896484375 291.943756103515625 290.868743896484375 286.524993896484375 283.3125 280.32501220703125 277.0625 275.181243896484375 273.65625 275.76873779296875 285.89373779296875 299.912506103515625 313.58123779296875 322.6875 323.28125 322.068756103515625 320.08123779296875 317.98126220703125 317.95623779296875 313.01873779296875 310.21875 302.91876220703125 297.64373779296875 291.11248779296875 291.92498779296875 294.337493896484375 296.587493896484375 298.39373779296875 303.899993896484375 314.681243896484375 323.912506103515625 335.100006103515625 345.39373779296875 359.92498779296875 372.26873779296875 380.64373779296875 387.212493896484375 400.493743896484375 408.96875 416.193756103515625 420.399993896484375 426.087493896484375 433.23126220703125 440.35626220703125 444.66876220703125
286.212493896484375 285.506256103515625 283.668731689453125 279.71875 275.537506103515625 270.850006103515625 267.51251220703125 263.78125 259.306243896484375 259.475006103515625 268.03125 285.64373779296875 304.881256103515625 316.08123779296875 317.75 317.01251220703125 315.75 314.399993896484375 313.931243896484375 312.25 307.493743896484375 301.70001220703125 292.693756103515625 287.337493896484375 285.318756103515625 286.20001220703125 288.40625 290.600006103515625 294.95001220703125 304.3125 314.006256103515625 323.756256103515625 334.01251220703125 348.850006103515625 359.32501220703125 364.431243896484375 377.78125 391.056243896484375 398.1875 406.65625 414.756256103515625 420.431243896484375 426.58123779296875 434.76873779296875 436.9375
278.693756103515625 279.524993896484375 276.89373779296875 273.57501220703125 269.01251220703125 264.16876220703125 260.600006103515625 253.743743896484375 245.6125030517578125 241.3312530517578125 252.381256103515625 277 294.36248779296875 303.73126220703125 308.71875 309.57501220703125 306.962493896484375 306.756256103515625 307.337493896484375 303.899993896484375 300.068756103515625 293.875 285.46875 280.57501220703125 276.943756103515625 276.66876220703125 279.462493896484375 282.01251220703125 285.11248779296875 293.649993896484375 304.693756103515625 315.625 325.88751220703125 337.32501220703125 346.61248779296875 355.118743896484375 368.28125 382.556243896484375 392.61248779296875 397.762481689453125 406.068756103515625 411.556243896484375 419.79998779296875 427.16876220703125 431.256256103515625
274.82501220703125 273.787506103515625 270.193756103515625 267.70001220703125 263.33123779296875 259.181243896484375 254.28125 246.4562530517578125 239.618743896484375 233.1875 250.243743896484375 274.01251220703125 287.26873779296875 295.318756103515625 299.48126220703125 301.0625 297.962493896484375 298.806243896484375 296.45623779296875 292.125 288.399993896484375 282.056243896484375 276.681243896484375 271.756256103515625 267.61248779296875 268.20001220703125 268.34375 272.3125 276.10626220703125 285.600006103515625 294.443756103515625 305.65625 317.67498779296875 327.462493896484375 333.70001220703125 346.9375 359.681243896484375 371.024993896484375 383.662506103515625 390.34375 395.806243896484375 402.493743896484375 407.318756103515625 412.568756103515625 418.506256103515625
272.600006103515625 268.67498779296875 265.35626220703125 263.51251220703125 260.79376220703125 255.25 251.0500030517578125 246.21875 245.568756103515625 251.881256103515625 268.84375 279.037506103515625 283.131256103515625 288.993743896484375 292.443756103515625 292.01873779296875 289.899993896484375 289.20001220703125 284.09375 281.162506103515625 276.524993896484375 270.162506103515625 265.493743896484375 262.881256103515625 260.306243896484375 258.63751220703125 259.89373779296875 263.45623779296875 266.96875 277.26251220703125 286.60626220703125 294.01873779296875 304.78125 315.75 327.962493896484375 337.125 346.42498779296875 358.3125 366.556243896484375 370.149993896484375 376.193756103515625 382.91876220703125 385.66876220703125 391.76873779296875 395.95623779296875
269.83123779296875 266.26873779296875 263.39373779296875 261.79376220703125 259.306243896484375 255.5437469482421875 250.225006103515625 250.0437469482421875 252.4499969482421875 258.399993896484375 267.51251220703125 276.03125 279.23126220703125 283.0625 285.33123779296875 284.28125 282.20001220703125 280.54376220703125 274.25 269.23126220703125 263.48126220703125 259.85626220703125 253.037506103515625 250.4312591552734375 251.1374969482421875 250.693756103515625 252.568756103515625 256.21875 259.868743896484375 268.818756103515625 275.287506103515625 286.931243896484375 299.61248779296875 309.899993896484375 321.35626220703125 329.256256103515625 336.57501220703125 346.3125 351.51873779296875 351.681243896484375 355.368743896484375 360.79998779296875 361.318756103515625 365.57501220703125 370.79998779296875
