data/historical-monthly-weather-data/wc2.1_cruts4.09_10m_prec_1992-12.asc
ncols        51
nrows        45
xllcorner    -63.500000000000
yllcorner    -7.500000000000
cellsize     0.166666666667
NODATA_value -9999
[rows 0 to 19 of 45, columns 0 to 44 of 51]
66.9812469482421875 60.38124847412109375 55.77500152587890625 52.487499237060546875 49.11875152587890625 47.893749237060546875 46.706249237060546875 45.424999237060546875 45.90000152587890625 46.71875 48.450000762939453125 51.44374847412109375 54.987499237060546875 58.11875152587890625 62.375 66.84375 71.4562530517578125 74.7624969482421875 78.75 82.65625 86.00624847412109375 88.9875030517578125 92.0500030517578125 95.5124969482421875 99.02500152587890625 102.4562530517578125 107.0124969482421875 111.91249847412109375 116.9375 121.5437469482421875 125.5 130.21875 133.5187530517578125 136.368743896484375 138.774993896484375 141.1062469482421875 141.8125 142.1437530517578125 140.84375 139.7687530517578125 138.2312469482421875 135.962493896484375 133.6437530517578125 130.537506103515625 128.4875030517578125
68.7687530517578125 62.112499237060546875 58.325000762939453125 55.393749237060546875 52.71250152587890625 51.5 50.268749237060546875 49.90000152587890625 51.299999237060546875 52.81874847412109375 54.737499237060546875 57.74375152587890625 61.450000762939453125 65.0437469482421875 69.2624969482421875 73.80625152587890625 78.5812530517578125 83.3312530517578125 88.44374847412109375 94.125 97.71250152587890625 100.8312530517578125 104.6125030517578125 108.1999969482421875 111.8249969482421875 115.3312530517578125 119.30625152587890625 123.2687530517578125 127.4499969482421875 132.1437530517578125 135.96875 140.5625 142.65625 145.2687530517578125 148.0625 148.1624908447265625 150.0124969482421875 150.524993896484375 148.375 146.681243896484375 144.618743896484375 141.899993896484375 139.2062530517578125 134.625 131.318756103515625
72.2375030517578125 66.4562530517578125 63.737499237060546875 61.643749237060546875 59.84999847412109375 59 58.61875152587890625 58.981250762939453125 60.893749237060546875 62.71250152587890625 64.5124969482421875 67.4499969482421875 71.1750030517578125 74.74375152587890625 79.03125 83.2312469482421875 88.05625152587890625 92.66249847412109375 97.84999847412109375 103.2624969482421875 107.24375152587890625 111.2312469482421875 115.5187530517578125 119.21875 123.0625 127.5437469482421875 131.2312469482421875 134.5500030517578125 138.556243896484375 141.90625 145.6437530517578125 149.8562469482421875 153.1437530517578125 154.4875030517578125 156.5437469482421875 157.649993896484375 158.056243896484375 157.9000091552734375 156.1687469482421875 154.0625 151.337493896484375 147.8312530517578125 143.6999969482421875 139.8125 134.962493896484375
75.3562469482421875 70.91249847412109375 69.8312530517578125 68.46250152587890625 67.8625030517578125 67.78749847412109375 68.24375152587890625 69.3312530517578125 71.6687469482421875 74.2062530517578125 76.1750030517578125 79.0749969482421875 82.27500152587890625 85.7687530517578125 89.72499847412109375 94.125 98.7312469482421875 102.3937530517578125 107.21875 113.21875 117.84999847412109375 122.1875 126.08750152587890625 130.368743896484375 134.28125 139.399993896484375 142.9375 145.28125 149.149993896484375 152.8000030517578125 155.8000030517578125 158.6937408447265625 162.149993896484375 164.6125030517578125 165.9562530517578125 166.350006103515625 165.625 165.25 163.993743896484375 161.306243896484375 157.4187469482421875 153.2312469482421875 148.443756103515625 144.3125 138.4812469482421875
82.00624847412109375 76.6437530517578125 75.0812530517578125 75.25624847412109375 75.9187469482421875 76.9499969482421875 77.9875030517578125 79.75624847412109375 83.1875 86.4250030517578125 88.2624969482421875 90.65000152587890625 94.08750152587890625 97.59375 101.31874847412109375 105.4812469482421875 109.66249847412109375 112.9562530517578125 117.6687469482421875 123.9375 129.068756103515625 133.037506103515625 137.0500030517578125 141.6062469482421875 145.881256103515625 151.46875 153.4875030517578125 155.443756103515625 158.75 162.4812469482421875 165.5187530517578125 167.600006103515625 170.2312469482421875 172.6437530517578125 173.962493896484375 174.4375 174.28125 173.181243896484375 171.524993896484375 168.1750030517578125 163.6437530517578125 158.5812530517578125 153.587493896484375 147.818756103515625 141.850006103515625
89.0437469482421875 84.40000152587890625 82.4187469482421875 81.25 82.5187530517578125 84.86875152587890625 86.8874969482421875 88.8937530517578125 92.34999847412109375 95.7312469482421875 97.75 100.52500152587890625 104.4875030517578125 108.15625 112.5437469482421875 116.80625152587890625 121.27500152587890625 124.05625152587890625 129.7062530517578125 135.34375 139.5437469482421875 144.0749969482421875 147.8562469482421875 152.162506103515625 156.412506103515625 160.9250030517578125 163.7062530517578125 165.25 167.3812408447265625 170.625 173.8000030517578125 176.618743896484375 177.28125 178.1999969482421875 181.193756103515625 181.787506103515625 181.181243896484375 181.5187530517578125 179.9187469482421875 175.024993896484375 167.9187469482421875 162.4812469482421875 156.03125 150.6500091552734375 145.024993896484375
97.46875 93.24375152587890625 91.3874969482421875 89.8874969482421875 90.0500030517578125 92.1999969482421875 94.83750152587890625 97.1125030517578125 99.9499969482421875 102.4499969482421875 106.05625152587890625 109.84375 114.9812469482421875 119.17499542236328125 123.80625152587890625 128.6687469482421875 134.225006103515625 139.46875 145.34375 149.3874969482421875 152.068756103515625 156.0500030517578125 159.0562591552734375 162.3937530517578125 166.962493896484375 170.5749969482421875 172.225006103515625 174.725006103515625 176.4562530517578125 178.7624969482421875 181.493743896484375 183.84375 185.0749969482421875 185.287506103515625 186.568756103515625 186.662506103515625 186.9375 187.1687469482421875 187.40625 180.90625 171.818756103515625 164.850006103515625 158.71875 152.4375 145.78125
106.30625152587890625 102.33750152587890625 100.78125 100.1999969482421875 100.5749969482421875 102.1437530517578125 103.46250152587890625 104.0749969482421875 105.41249847412109375 108.8000030517578125 114.2624969482421875 120.06874847412109375 125.56874847412109375 131.2687530517578125 135.9250030517578125 141.274993896484375 147.087493896484375 154.1437530517578125 160.6062469482421875 161.9875030517578125 163.5812530517578125 166.03125 168.46875 170.96875 175.8249969482421875 179.8937530517578125 180.6374969482421875 182.2375030517578125 185.118743896484375 187.649993896484375 188.5437469482421875 190.287506103515625 191.5 191.2062530517578125 192.6374969482421875 190.8562469482421875 190.6125030517578125 189.787506103515625 187.725006103515625 181.53125 173.462493896484375 166.243743896484375 159.931243896484375 153.25 145.274993896484375
115.65625 112.13124847412109375 111.02500152587890625 110.7624969482421875 110.875 112.74375152587890625 113.90000152587890625 113.8125 113.31874847412109375 115.7062530517578125 122.5437469482421875 129.524993896484375 135.9250030517578125 141.59375 146.1750030517578125 151.09375 156.6437530517578125 163.712493896484375 169.993743896484375 170.725006103515625 170.4499969482421875 172.6374969482421875 175.412506103515625 179.5812530517578125 183.6437530517578125 187.1374969482421875 187.649993896484375 189.306243896484375 191.1374969482421875 192.6062469482421875 194.568756103515625 194.8937530517578125 195.25 195.6125030517578125 195.8125 194.09375 191.9562530517578125 189.34375 185.725006103515625 180.337493896484375 172.225006103515625 165.5812530517578125 160.2375030517578125 154.34375 147.587493896484375
124.625 121.8249969482421875 121.3312530517578125 121.75 122.06874847412109375 123.9875030517578125 125.41875457763671875 125.90000152587890625 127.21250152587890625 129.931243896484375 135.2062530517578125 140.59375 147.40625 152.125 156.5 160.46875 164.625 169.625 173.9499969482421875 175.618743896484375 176.1125030517578125 178.25 181.443756103515625 186.3562469482421875 190.0187530517578125 193.149993896484375 193.6374969482421875 194.712493896484375 196.6999969482421875 197.681243896484375 198.0124969482421875 197.9562530517578125 197.6687469482421875 197.024993896484375 197.368743896484375 196.524993896484375 193.375 189.71875 184.3312530517578125 178.399993896484375 171.412506103515625 165.9499969482421875 159.9562530517578125 154.40625 148.7937469482421875
134.75 132.306243896484375 131.787506103515625 132.0124969482421875 133.287506103515625 136.25 138.3187408447265625 138.850006103515625 140.6374969482421875 144.0812530517578125 148.962493896484375 154.1750030517578125 159.4875030517578125 163.9499969482421875 166.6999969482421875 169.46875 171.818756103515625 175.181243896484375 177.625 179.0124969482421875 181.350006103515625 183.90625 187.6062469482421875 190.46875 196.712493896484375 200.068756103515625 199.537506103515625 198.787506103515625 198.71875 199.3000030517578125 199.318756103515625 199.6062469482421875 199.2062530517578125 198.5124969482421875 198.21875 196.25 193.1062469482421875 189.25 184.681243896484375 178.1750030517578125 171.2249908447265625 165.712493896484375 160.725006103515625 155.9250030517578125 150.1999969482421875
144.024993896484375 141.462493896484375 141.3000030517578125 142.287506103515625 143.78125 147.2062530517578125 150.2937469482421875 151.5625 153.681243896484375 157.899993896484375 163.037506103515625 168.149993896484375 171.3187408447265625 174.3874969482421875 176.6999969482421875 177.9499969482421875 179.2937469482421875 180.618743896484375 181.9875030517578125 183.3562469482421875 184.9812469482421875 188.493743896484375 193.9187469482421875 197.5625 202.9875030517578125 206 203.9499969482421875 201.5437469482421875 199.7375030517578125 199.681243896484375 199.1437530517578125 199.2062530517578125 198.71875 198.5187530517578125 198.53125 196.774993896484375 193.6062469482421875 190.09375 184.806243896484375 178.3312530517578125 171.3625030517578125 166.087493896484375 161.181243896484375 156.193756103515625 149.4562530517578125
153.2375030517578125 151.0124969482421875 151.2687530517578125 152.125 154.1437530517578125 157.431243896484375 160.462493896484375 163.037506103515625 165.9187469482421875 170.881256103515625 176.462493896484375 181.1125030517578125 183.3937530517578125 184.181243896484375 186.125 186.71875 186.931243896484375 188.024993896484375 188.431243896484375 188.381256103515625 188.056243896484375 192.625 200.243743896484375 204.556243896484375 207.5437469482421875 208.71875 206.162506103515625 203.475006103515625 201.125 198.931243896484375 197.6062469482421875 196.8562469482421875 196.125 196.462493896484375 196.931243896484375 196.4499969482421875 194.4812469482421875 191.337493896484375 185.7125091552734375 178.1687469482421875 170.618743896484375 166.3625030517578125 160.6437530517578125 152.7937469482421875 146.024993896484375
161.4812469482421875 159.381256103515625 159.743743896484375 161 162.8000030517578125 166.2937469482421875 169.600006103515625 173.649993896484375 178.1374969482421875 182.868743896484375 187.3125 190.993743896484375 193.4375 194.28125 194.59375 195.962493896484375 195.587493896484375 195.493743896484375 195.1687469482421875 194.84375 195.962493896484375 200.243743896484375 206.524993896484375 209.2937469482421875 211.162506103515625 211.881256103515625 209.4250030517578125 204.5812530517578125 200.4375 197.024993896484375 194.8625030517578125 193.0187530517578125 193.03125 193.3562469482421875 194.975006103515625 195.181243896484375 194.587493896484375 193.4499969482421875 188.8937530517578125 182.475006103515625 172.287506103515625 164.0187530517578125 157.2937469482421875 151.649993896484375 146.5437469482421875
168.131256103515625 166.03125 167.0749969482421875 168.5187530517578125 170.8249969482421875 174.46875 179.056243896484375 183.649993896484375 188.3249969482421875 192.6999969482421875 196.9875030517578125 200.7624969482421875 202.818756103515625 204.2937469482421875 204.375 205.649993896484375 204.524993896484375 203.837493896484375 203.068756103515625 203.912506103515625 205.1687469482421875 208.7937469482421875 213.0500030517578125 214.2375030517578125 215.243743896484375 214.837493896484375 211.368743896484375 206.006256103515625 200.4499969482421875 194.493743896484375 190.25 188.287506103515625 188.5562591552734375 189.818756103515625 192.2687530517578125 192.181243896484375 193.899993896484375 196.350006103515625 195.975006103515625 189.5124969482421875 177.7937469482421875 168.2937469482421875 160.6374969482421875 154.1687469482421875 146.568756103515625
173.506256103515625 171.78125 173.2937469482421875 175.6687469482421875 178.34375 182.787506103515625 187.806243896484375 192.0812530517578125 196.9499969482421875 202.4499969482421875 206.5625 210.0124969482421875 212.46875 214.024993896484375 214.6999969482421875 214.0812530517578125 212.8625030517578125 212.9375 211.9562530517578125 212.34375 214.40625 216.90625 220.087493896484375 219.693756103515625 219.774993896484375 219.7312469482421875 215.193756103515625 208.537506103515625 200.6687469482421875 191.774993896484375 185.649993896484375 181.806243896484375 180.787506103515625 182.087493896484375 184.0187530517578125 185.756256103515625 190.431243896484375 197.024993896484375 201.443756103515625 196.631256103515625 184.8625030517578125 173.53125 163.6875 153.6125030517578125 146.556243896484375
178.287506103515625 177.087493896484375 178.15625 181.3874969482421875 185.0812530517578125 189.5812530517578125 195.381256103515625 201.1687469482421875 206.9499969482421875 212.0250091552734375 216.28125 219.28125 221.7624969482421875 223.443756103515625 224.399993896484375 223.3312530517578125 220.28125 220.2624969482421875 220.600006103515625 220.8625030517578125 222.806243896484375 224.975006103515625 227.3625030517578125 225.5124969482421875 224.90625 225.03125 220.5812530517578125 211.6750030517578125 199.5437469482421875 188.024993896484375 180.037506103515625 175.8874969482421875 173.09375 170.9499969482421875 171.1062469482421875 174.8249969482421875 183.7375030517578125 197.743743896484375 212.375 204.3874969482421875 189.787506103515625 176.40625 163.4250030517578125 153.78125 146.53125
181.6437530517578125 180.881256103515625 182.6374969482421875 186.6875 191.1062469482421875 197.1062469482421875 203.368743896484375 209.2062530517578125 215.131256103515625 221.2937469482421875 226.3937530517578125 229.4812469482421875 231.1875 232.912506103515625 233.3562469482421875 231.899993896484375 228.8937530517578125 225.6999969482421875 228.193756103515625 228.681243896484375 230.9187469482421875 232.3625030517578125 233.3937530517578125 231.4250030517578125 230.287506103515625 230.1437530517578125 226.962493896484375 214.3249969482421875 197.9250030517578125 182.7687530517578125 172.3625030517578125 167.0812530517578125 165.8874969482421875 164.962493896484375 161.8249969482421875 158.975006103515625 174.725006103515625 193.024993896484375 204.125 200.368743896484375 186.524993896484375 173.7312469482421875 162.868743896484375 154.287506103515625 147.3562469482421875
183.84375 183.40625 186.4187469482421875 191.1999969482421875 196.524993896484375 203.5124969482421875 210.412506103515625 217.868743896484375 224.462493896484375 231.068756103515625 235.4375 237.7062530517578125 240.337493896484375 242.806243896484375 242.5437469482421875 240.537506103515625 237.649993896484375 234.3312530517578125 233.1374969482421875 234.493743896484375 237.8125 240.9499969482421875 238.2375030517578125 236.556243896484375 235.818756103515625 234.78125 229.243743896484375 216.625 198.681243896484375 179.912506103515625 165.556243896484375 164.0812530517578125 166.1687469482421875 164.912506103515625 161.056243896484375 161.2624969482421875 173.0812530517578125 185.7375030517578125 193.506256103515625 190.4250030517578125 180.15625 169.712493896484375 160.850006103515625 154.1125030517578125 148.743743896484375
185.28125 185.506256103515625 188.787506103515625 194.40625 201.024993896484375 209.5812530517578125 218.0124969482421875 226.381256103515625 233.931243896484375 239.6999969482421875 244.7062530517578125 248.462493896484375 251.5187530517578125 252.868743896484375 251.1125030517578125 247.181243896484375 243.2062530517578125 241.631256103515625 240.837493896484375 241.53125 241.8625030517578125 241.8874969482421875 242.506256103515625 241.2375030517578125 239.975006103515625 237.7687530517578125 231.0812530517578125 220.368743896484375 203.618743896484375 184.6187591552734375 171.9812469482421875 170.625 171.4812469482421875 172.037506103515625 172.1750030517578125 172.4875030517578125 178.5437469482421875 185.506256103515625 188.3937530517578125 184.9187469482421875 175.9562530517578125 165.5 159.537506103515625 154.7687530517578125 150.4250030517578125
