data/historical-monthly-weather-data/wc2.1_cruts4.09_10m_prec_1960-05.asc
ncols        45
nrows        45
xllcorner    -63.500000000000
yllcorner    -7.500000000000
cellsize     0.166666666667
NODATA_value -9999
[rows 0 to 19 of 45, columns 0 to 43 of 45]
353.681243896484375 355.90625 357.381256103515625 365.28125 369.89373779296875 371.21875 367.600006103515625 366.118743896484375 363.024993896484375 362.743743896484375 360.04376220703125 352.73748779296875 347.34375 342.787506103515625 336.5625 332.38751220703125 327.10626220703125 321.475006103515625 318.79998779296875 318.70623779296875 318.725006103515625 318.287506103515625 321.48126220703125 321.006256103515625 322.024993896484375 325.006256103515625 326.51873779296875 329.86248779296875 330.193756103515625 330.774993896484375 326.631256103515625 325.11248779296875 325.64373779296875 324.59375 323.71875 324.931243896484375 324.71875 321.649993896484375 318.48748779296875 317.01873779296875 313.225006103515625 311.88751220703125 308.024993896484375 308.1875
348.41876220703125 348.462493896484375 353.962493896484375 363.625 373.08123779296875 375.39373779296875 371.681243896484375 370.274993896484375 368.59375 364.29376220703125 360.88751220703125 352.381256103515625 343.76873779296875 335.912506103515625 327.61248779296875 320.274993896484375 313.399993896484375 306.96875 306.199981689453125 306.51873779296875 306.73126220703125 307.67498779296875 308.73126220703125 310.850006103515625 311.51873779296875 312.46875 316.6875 320.725006103515625 322.98748779296875 320.86248779296875 316.193756103515625 317.306243896484375 315.76873779296875 317.449981689453125 316.375 312.931243896484375 314.16876220703125 311.524993896484375 310.13751220703125 303.5625 299.28125 301.25 297.524993896484375 293.100006103515625
332.056243896484375 334.42498779296875 341.600006103515625 348.725006103515625 354.76873779296875 359.068756103515625 361.14373779296875 364.10626220703125 363.881256103515625 360.149993896484375 355.42498779296875 345.01251220703125 334.256256103515625 322.618743896484375 313.95001220703125 307.162506103515625 298.51873779296875 290.73748779296875 288.850006103515625 289.118743896484375 289.13751220703125 291.524993896484375 292.51873779296875 293.63751220703125 294.17498779296875 297.70001220703125 304.256256103515625 308.024993896484375 309.4375 307.756256103515625 304.181243896484375 303.625 305.6875 305.0625 305.79998779296875 301.756256103515625 301.32501220703125 299.84375 296.8125 292.662506103515625 291.149993896484375 288.16876220703125 286.70623779296875 282.73748779296875
311.056243896484375 310.54376220703125 322.287506103515625 327.21875 332.40625 336.89373779296875 342.04376220703125 349.568756103515625 355.193756103515625 353.9375 346.70001220703125 334.8125 320.42498779296875 307.96875 298.868743896484375 290.681243896484375 281.13751220703125 273.712493896484375 270.90625 272.67498779296875 276.35626220703125 276.73748779296875 275.76251220703125 277.431243896484375 278.125 279.875 287.756256103515625 290.868743896484375 293.274993896484375 294.90625 292.868743896484375 292.4375 292.462493896484375 291.037506103515625 289.087493896484375 290.34375 291.23748779296875 289.5625 287.20001220703125 284.118743896484375 280.962493896484375 281 275.91876220703125 271.206268310546875
309.462493896484375 304.4375 298.58123779296875 301.412506103515625 307.34375 311.82501220703125 319.90625 330.587493896484375 341.76251220703125 345.368743896484375 334.475006103515625 318.181243896484375 306.26873779296875 294.83123779296875 285.40625 275.875 265.462493896484375 258.21875 254.75 257.16876220703125 260.48126220703125 259.712493896484375 257.399993896484375 261.899993896484375 261.5 263.20623779296875 267.0625 274.399993896484375 279.037506103515625 280.09375 280.649993896484375 279.29376220703125 278.28125 279.40625 278.96875 278.024993896484375 280.14373779296875 280.75 279.60626220703125 276.20623779296875 274.63751220703125 271.04998779296875 266.568756103515625 263.5
299.225006103515625 293.725006103515625 285.806243896484375 276.056243896484375 281.83123779296875 290.95623779296875 298.912506103515625 306.912506103515625 319.181243896484375 325.175018310546875 317.212493896484375 301.34375 293.20623779296875 284.92498779296875 274.35626220703125 268.037506103515625 256.993743896484375 247.90625 244.399993896484375 246.774993896484375 247.7937469482421875 247.850006103515625 247.7312469482421875 247.625 248.34375 250.0124969482421875 254.681243896484375 260.51251220703125 266.993743896484375 269.193756103515625 270.3125 271.16876220703125 269.912506103515625 270.087493896484375 269.037506103515625 269.8125 270.693756103515625 271.03125 273.61248779296875 271.03125 267.16876220703125 264.34375 259.20623779296875 255.8625030517578125
290.90625 282.75 273.943756103515625 264.899993896484375 261.35626220703125 264.443756103515625 270.76873779296875 277.600006103515625 279.65625 286.32501220703125 286.600006103515625 280.181243896484375 276.98748779296875 272.70623779296875 265.79998779296875 259.274993896484375 253.350006103515625 245.774993896484375 239.943756103515625 240.524993896484375 238.53125 236.2375030517578125 232.850006103515625 234.6125030517578125 236.462493896484375 240.306243896484375 244.0124969482421875 249.3874969482421875 253.287506103515625 256.506256103515625 259.07501220703125 258.73126220703125 256.64373779296875 256.649993896484375 256.78125 259.375 259.524993896484375 260.29998779296875 263.73126220703125 264.100006103515625 259.53125 254.7624969482421875 250.0124969482421875 248.1687469482421875
281.6875 271.51873779296875 262.20001220703125 255.2937469482421875 250.96875 253.1687469482421875 250.34375 242.59375 237.1875 246.03125 257.13751220703125 259.743743896484375 263.01873779296875 261.5625 257.76251220703125 254.4812469482421875 249.881256103515625 243.9562530517578125 237.1999969482421875 232.3312530517578125 231.2687530517578125 226.8249969482421875 222.899993896484375 221.4875030517578125 224.7312469482421875 224.3249969482421875 230.899993896484375 235.493743896484375 240.162506103515625 243.9187469482421875 246.6687469482421875 246.743743896484375 245.912506103515625 243.837493896484375 241.837493896484375 243.3125 245.28125 248.100006103515625 249.5437469482421875 246.9812469482421875 246.21875 242.2687530517578125 239.0187530517578125 235.1875
273.131256103515625 262.70623779296875 255.068756103515625 247.087493896484375 241.4499969482421875 241.4499969482421875 238.256256103515625 232.256256103515625 222.46875 221.40625 232.975006103515625 242.7937469482421875 252.149993896484375 253.09375 250.131256103515625 248.40625 244.9187469482421875 241 237.243743896484375 227.899993896484375 221.09375 218.8312530517578125 211.7624969482421875 215.212493896484375 213.9499969482421875 212.6750030517578125 216.618743896484375 224.0625 231.8625030517578125 234.181243896484375 238.59375 237.75 232.375 228.25 228.131256103515625 230.7375030517578125 233.6062469482421875 236.9812469482421875 240.21875 237.1437530517578125 233.90625 230.100006103515625 229.59375 228.8562469482421875
263.868743896484375 254.6374969482421875 247.337493896484375 240.8312530517578125 232.9875030517578125 232.6437530517578125 230.5749969482421875 226.6875 223.46875 224.875 230.649993896484375 233.693756103515625 244.625 246.587493896484375 245.0437469482421875 240.693756103515625 236.6750030517578125 233.25 230.8249969482421875 225.9562530517578125 216.9250030517578125 208.818756103515625 202.6437530517578125 204.0124969482421875 201.0437469482421875 199.962493896484375 203.6062469482421875 210.875 219.9250030517578125 225.337493896484375 226.5 224.8249969482421875 222.087493896484375 218.8125 216.25 218.5124969482421875 220.774993896484375 224.774993896484375 228.475006103515625 230.087493896484375 230.475006103515625 229.4187469482421875 223.4250030517578125 218.337493896484375
254.9499969482421875 246.9375 239.125 233.3125 225.8874969482421875 226.34375 225.25 220.774993896484375 220.0124969482421875 224.1125030517578125 230.6062469482421875 236.537506103515625 237.649993896484375 241.4562530517578125 237.087493896484375 231.274993896484375 226.8874969482421875 224.743743896484375 222.46875 220.5124969482421875 218.399993896484375 207.006256103515625 196.7937469482421875 187.3874969482421875 189.375 191.1750030517578125 194.8562469482421875 201.53125 207.1437530517578125 210.1437530517578125 213.09375 213.5 210.4250030517578125 206.993743896484375 203.9187469482421875 204.2937469482421875 206.6750030517578125 211.743743896484375 218.131256103515625 221.881256103515625 223.84375 221.625 220.2624969482421875 212.59375
250.3562469482421875 241.40625 234.53125 228.9250030517578125 223.118743896484375 221.1437530517578125 222.118743896484375 220.881256103515625 222.787506103515625 224.28125 230.0187530517578125 236.5124969482421875 231.6374969482421875 231.662506103515625 228.71875 221.306243896484375 216.6687469482421875 214.8312530517578125 213.9250030517578125 215.3125 216.09375 208.931243896484375 197.78125 186.475006103515625 180.28125 177.5500030517578125 180.037506103515625 186.5437469482421875 194.0812530517578125 196.912506103515625 197.287506103515625 197.84375 195.3249969482421875 192.337493896484375 191.743743896484375 194.850006103515625 199 202.84375 207.6687469482421875 212.368743896484375 216.5749969482421875 214.875 209.8625030517578125 196.28125
246.9187469482421875 236.3812408447265625 229.2125091552734375 224.0625 218.0812530517578125 217.912506103515625 217.0124969482421875 215.3249969482421875 218.4499969482421875 223.462493896484375 228.4812469482421875 231.0062408447265625 227.7062530517578125 217.2375030517578125 212.1875 208.975006103515625 204.568756103515625 203.46875 202.881256103515625 204.6062469482421875 208.3125 201.2624969482421875 191.556243896484375 180.8000030517578125 166.1750030517578125 160.8562469482421875 168.212493896484375 175.4562530517578125 183.59375 187.243743896484375 186.3249969482421875 184.0437469482421875 181.024993896484375 177.7937469482421875 178.225006103515625 183.743743896484375 189.4187469482421875 195.9499969482421875 202.899993896484375 207.443756103515625 209.9187469482421875 208.7687530517578125 197.681243896484375 187.1062469482421875
238.2062530517578125 228.78125 223.03125 217.75 213.2624969482421875 211.899993896484375 210.4187469482421875 209.7375030517578125 214.600006103515625 219.4187469482421875 220.1437530517578125 218.2312469482421875 213.1875 205.6125030517578125 193.693756103515625 192.8312530517578125 188.931243896484375 187.2312469482421875 188.5500030517578125 191.024993896484375 193 188.4812469482421875 181.5500030517578125 174.212493896484375 163.587493896484375 157.399993896484375 160.6687469482421875 164.96875 171.524993896484375 173.2687530517578125 175.21875 172.4562530517578125 169.537506103515625 166.8625030517578125 166.506256103515625 174.25 183.1374969482421875 192.162506103515625 200.443756103515625 202.96875 197.975006103515625 190.4375 187.9499969482421875 187.587493896484375
228.9187469482421875 221.46875 216.7375030517578125 211.4187469482421875 206.53125 205.5625 206.1999969482421875 206.8000030517578125 209.3562469482421875 210.9812469482421875 210.3125 205.8249969482421875 197.818756103515625 189.0500030517578125 174.875 172.868743896484375 170.774993896484375 171.931243896484375 173.4562530517578125 175.28125 178.4187469482421875 177.350006103515625 174.7687530517578125 173.8249969482421875 169.943756103515625 166.2624969482421875 165.912506103515625 167.90625 170.662506103515625 170.4875030517578125 166.712493896484375 163.0625 162.4499969482421875 157.2312469482421875 153.6374969482421875 159.4375 175.4562530517578125 189.0187530517578125 196.0437469482421875 196.024993896484375 190.5812530517578125 187.850006103515625 190.931243896484375 189.087493896484375
219.1374969482421875 212 208.90625 204.912506103515625 199.868743896484375 200.318756103515625 201.4499969482421875 201.568756103515625 202.03125 203.3312530517578125 200.96875 194.068756103515625 184.806243896484375 176.381256103515625 164.8125 153.2624969482421875 153.756256103515625 158.6374969482421875 158.931243896484375 160.9250030517578125 165.0812530517578125 169.306243896484375 172.037506103515625 175.6374969482421875 174.5 171.0437469482421875 169.368743896484375 168.568756103515625 169.631256103515625 169.78125 168.4187469482421875 163.556243896484375 155.3000030517578125 147.193756103515625 142.712493896484375 156.806243896484375 168.087493896484375 180.100006103515625 189.4250030517578125 194.212493896484375 193.068756103515625 189.9499969482421875 188.868743896484375 182.7312469482421875
210.53125 204.462493896484375 200.256256103515625 197.506256103515625 194.8312530517578125 193.7750091552734375 193.7062530517578125 193.1125030517578125 194.40625 194.8625030517578125 192.96875 186.1374969482421875 175.4749908447265625 165.4250030517578125 156.2312469482421875 147.2312469482421875 137.881256103515625 141.7624969482421875 144.962493896484375 147.90625 153.443756103515625 159.274993896484375 166.75 175.4187469482421875 179.1125030517578125 171.5812530517578125 167.8125 167.056243896484375 167.625 167.6125030517578125 167.243743896484375 165.306243896484375 158.125 151.3874969482421875 154.7312469482421875 161.0812530517578125 172.006256103515625 183.59375 196.3625030517578125 196.537506103515625 194.193756103515625 188.618743896484375 181.993743896484375 178.181243896484375
199.2375030517578125 194.899993896484375 191.78125 188.2624969482421875 185.4562530517578125 185.9499969482421875 184.4250030517578125 182.587493896484375 182.78125 183.850006103515625 182.412506103515625 177.3125 165.475006103515625 156.8000030517578125 148.3249969482421875 140.5749969482421875 132.0437469482421875 125.9187469482421875 133.5124969482421875 135.506256103515625 141.5500030517578125 149.556243896484375 158.712493896484375 168.5437469482421875 174.412506103515625 170.21875 164.15625 165.100006103515625 166.462493896484375 164.243743896484375 158.65625 154.125 159.7375030517578125 160.524993896484375 160.774993896484375 173.662506103515625 184.1687469482421875 189.087493896484375 195.7687530517578125 196.756256103515625 188.90625 182.8000030517578125 176.9562530517578125 174.149993896484375
187.9187469482421875 184.412506103515625 180.9187469482421875 178.931243896484375 176.8937530517578125 175.712493896484375 174.4875030517578125 173.2624969482421875 173.631256103515625 175.6875 173.475006103515625 163.90625 154.0437469482421875 146.4250030517578125 138.774993896484375 132.774993896484375 126.75 119.25 117.90625 120.75624847412109375 128.556243896484375 139.787506103515625 142.524993896484375 153.837493896484375 160.6437530517578125 164.399993896484375 163.9375 161.6999969482421875 163.15625 161.125 158.0812530517578125 158.5124969482421875 162.625 163.4250030517578125 165.8937530517578125 175.6125030517578125 180.75 183.162506103515625 189.28125 187.2062530517578125 180.943756103515625 174.4562530517578125 171.8125 171.6374969482421875
176.1999969482421875 173.5625 170.837493896484375 167.368743896484375 165.71875 167.1437530517578125 166.556243896484375 164.8937530517578125 165.40625 165.693756103515625 165.3874969482421875 159.1875 151.943756103515625 142.1875 133.337493896484375 122.61875152587890625 113.93125152587890625 113.1062469482421875 110.97499847412109375 112.1125030517578125 116.4499969482421875 125.49375152587890625 136.712493896484375 144.0625 148.6374969482421875 150.068756103515625 152.756256103515625 156.5749969482421875 155.4562530517578125 152.5124969482421875 153.712493896484375 162.8249969482421875 164.0749969482421875 163.34375 167.475006103515625 174.274993896484375 178.2937469482421875 180.4875030517578125 181.274993896484375 179.84375 172.149993896484375 166.350006103515625 167.1437530517578125 167.8125
