data/historical-monthly-weather-data/wc2.1_cruts4.09_10m_prec_1987-11.asc
ncols        51
nrows        45
xllcorner    -63.500000000000
yllcorner    -7.500000000000
cellsize     0.166666666667
NODATA_value -9999
[rows 0 to 19 of 45, columns 0 to 43 of 51]
147.537506103515625 144.318756103515625 140.149993896484375 139.306243896484375 138.318756103515625 139.1875 139.2375030517578125 139.3249969482421875 139.9375 139.8562469482421875 139.78125 138.4250030517578125 137.2312469482421875 134 131.912506103515625 129.3562469482421875 127.1062469482421875 123.49375152587890625 120.25624847412109375 117.6437530517578125 114.5625 111.3937530517578125 108.7937469482421875 104.88124847412109375 101.5625 98.78125 96.8125 94.96250152587890625 92.5187530517578125 88.4875030517578125 84.58750152587890625 81.28125 77.71250152587890625 74.65625 71.5124969482421875 69.8937530517578125 68.59375 67.1437530517578125 66.5124969482421875 66.09375 65.2937469482421875 65.72499847412109375 65.5124969482421875 65.19374847412109375
151.75 146.9375 144.0187530517578125 143.225006103515625 143.625 144.287506103515625 143.9250030517578125 145.2375030517578125 145.806243896484375 145.2062530517578125 144.6125030517578125 142.1125030517578125 139.2687530517578125 136.162506103515625 132.9875030517578125 130.912506103515625 127.75624847412109375 124.77500152587890625 121.59375 119.0625 115.5124969482421875 111.9250030517578125 109.0625 105.65000152587890625 101.1125030517578125 97.5749969482421875 95.50624847412109375 93.16249847412109375 90.5812530517578125 85.83750152587890625 81.21875 77.25 73.03749847412109375 70.40000152587890625 67.4875030517578125 65.68125152587890625 64.1750030517578125 62.549999237060546875 61.72499847412109375 61.200000762939453125 60.737499237060546875 60.96250152587890625 61.168750762939453125 60.40000152587890625
156.162506103515625 151.6437530517578125 148.0437469482421875 145.837493896484375 145.8312530517578125 146.1687469482421875 147.899993896484375 149.3000030517578125 150.7375030517578125 150.306243896484375 148.412506103515625 144.931243896484375 141.4812469482421875 137.568756103515625 133.9562530517578125 130.90625 128.1437530517578125 125.38750457763671875 121.90625 119.1687469482421875 115.19374847412109375 111.0500030517578125 107.5500030517578125 103.71875 99.05625152587890625 94.7687530517578125 92.40625 90.21875 87.22499847412109375 82.1687469482421875 77.99375152587890625 73.75 70.65000152587890625 67.6062469482421875 64.8625030517578125 62.612499237060546875 60.75624847412109375 59.49375152587890625 58.71875 58.3125 57.737499237060546875 57.71250152587890625 57.84375 57.46250152587890625
157.2375030517578125 152.4437408447265625 150.087493896484375 146.931243896484375 146.4124908447265625 147.03125 148.649993896484375 151.587493896484375 154.53125 154.943756103515625 151.993743896484375 147.09375 142.587493896484375 137.912506103515625 134.2312469482421875 131.15625 128.59375 125.28125 122.1875 119.9562530517578125 115.53749847412109375 110.5500030517578125 105.59375 100.68125152587890625 95.6437530517578125 91.13124847412109375 88.7062530517578125 85.66249847412109375 83.02500152587890625 78.71250152587890625 74.44374847412109375 70.6437530517578125 67.04375457763671875 64.03125 61.15625 59.55625152587890625 57.84375 56.1875 55.53125 54.97499847412109375 53.91249847412109375 54.27500152587890625 54.08750152587890625 53.66249847412109375
162.274993896484375 155.068756103515625 147.3562469482421875 145 145.631256103515625 146.8249969482421875 148.7375030517578125 152.5500030517578125 157.350006103515625 159.493743896484375 154.0812530517578125 146.8125 141.618743896484375 137.3874969482421875 133.8874969482421875 131.3249969482421875 128.537506103515625 125.71250152587890625 122.47499847412109375 119.1062469482421875 114.9812469482421875 109.3125 103.77500152587890625 98.72499847412109375 92.2624969482421875 87.0437469482421875 83.3562469482421875 81.15625 79.0437469482421875 74.3000030517578125 70.1875 66.58750152587890625 63.350002288818359375 60.56874847412109375 57.90625 56.22499847412109375 54.49375152587890625 52.862499237060546875 52.362499237060546875 51.18125152587890625 50.19374847412109375 50.112499237060546875 50.08750152587890625 49.8125
163.46875 156.75 148.993743896484375 141.9875030517578125 143.5124969482421875 147.2375030517578125 149.881256103515625 152.6125030517578125 156.681243896484375 159.475006103515625 153.1875 146.0500030517578125 141.600006103515625 137.625 134 131.006256103515625 128.568756103515625 125.47499847412109375 122.53749847412109375 118.40000152587890625 113.30625152587890625 107.75624847412109375 101.8874969482421875 95.6125030517578125 89.59999847412109375 83.77500152587890625 80.1999969482421875 77.5437469482421875 75.18125152587890625 70.61875152587890625 66.2624969482421875 63.606250762939453125 60.59999847412109375 58.31874847412109375 55.88124847412109375 54.61875152587890625 53.137500762939453125 51.762500762939453125 51.424999237060546875 50.27500152587890625 48.174999237060546875 47.96250152587890625 47.75 47.53125
165.931243896484375 160.8625030517578125 153.2624969482421875 146.087493896484375 144.318756103515625 145.256256103515625 147.2312469482421875 148.712493896484375 149.274993896484375 147.662506103515625 145.681243896484375 142.1062469482421875 139.662506103515625 136.743743896484375 134.09375 131.6875 129.1437530517578125 125.4499969482421875 121.1999969482421875 118.0124969482421875 112.3249969482421875 106.125 99.90000152587890625 93.0749969482421875 86.66249847412109375 81.0812530517578125 77.1437530517578125 73.9562530517578125 70.56874847412109375 66.40000152587890625 62.768749237060546875 60.00624847412109375 57.69374847412109375 55.88124847412109375 54.13124847412109375 52.793750762939453125 51.337497711181640625 50.24375152587890625 50.5625 48.981250762939453125 46.33750152587890625 45.72499847412109375 45.331249237060546875 44.90000152587890625
170.1687469482421875 164.712493896484375 158.181243896484375 153.4375 151.03125 149.1374969482421875 145.837493896484375 141.243743896484375 136.962493896484375 135.318756103515625 137.193756103515625 137.493743896484375 136.96875 135.40625 133.5500030517578125 131.96875 129.399993896484375 125.13124847412109375 120.90625 116.72499847412109375 111.6999969482421875 105.38124847412109375 98.08750152587890625 90.9187469482421875 84.6750030517578125 77.75 73.38124847412109375 69.625 66.3937530517578125 62.125 58.700000762939453125 56.65000152587890625 54.83750152587890625 53.27500152587890625 51.856250762939453125 50.5 49.375 48 47.262500762939453125 45.56874847412109375 43.25 42.52500152587890625 41.981250762939453125 41.337497711181640625
173.7062530517578125 169.3937530517578125 164.5 160.193756103515625 157 153.712493896484375 149.056243896484375 142.6125030517578125 133.6812591552734375 128.975006103515625 132.3874969482421875 134.4875030517578125 135.618743896484375 134.993743896484375 133.6875 131.881256103515625 129.399993896484375 125.84375 123.33750152587890625 119.0500030517578125 112.09375 105.3249969482421875 97.1750030517578125 90.56874847412109375 83.2687530517578125 75.7624969482421875 70.69374847412109375 66.94374847412109375 63.52500152587890625 58.96250152587890625 56.18125152587890625 54.831249237060546875 52.96250152587890625 51.375 49.950000762939453125 49.018749237060546875 47.96250152587890625 46.58750152587890625 45.481250762939453125 44.03749847412109375 41.88124847412109375 40.88124847412109375 40.3125 39.59999847412109375
177.7687530517578125 173.21875 168.993743896484375 165.4812469482421875 162.7937469482421875 159.818756103515625 154.125 146.6687469482421875 139.4562530517578125 135.412506103515625 134.9875030517578125 134.5749969482421875 135.787506103515625 135.287506103515625 133.5812530517578125 131.806243896484375 129.5 127.18125152587890625 124.96875 122.09375 114.6687469482421875 106.4875030517578125 97.1875 89.6062469482421875 81.2687530517578125 73.72499847412109375 68.96875 64.6437530517578125 60.81874847412109375 56.206249237060546875 53.71250152587890625 52.65000152587890625 51.09375 49.83750152587890625 48.674999237060546875 47.893749237060546875 47.075000762939453125 45.59375 44.431247711181640625 42.956249237060546875 41.081249237060546875 40 38.96250152587890625 37.77500152587890625
182.3125 178.068756103515625 173.71875 170.475006103515625 167.9187469482421875 166.4499969482421875 161.287506103515625 152.8249969482421875 145.743743896484375 141.03125 139.3249969482421875 137.7312469482421875 136.993743896484375 135.8125 133.306243896484375 130.881256103515625 128.90625 127.53749847412109375 126.3625030517578125 124.88124847412109375 119.3625030517578125 109.56874847412109375 98.2062530517578125 87.74375152587890625 79.6687469482421875 72.7624969482421875 68.0124969482421875 63.762500762939453125 59.36875152587890625 54.96875 52.731250762939453125 51.65625 50.362499237060546875 49.09375 47.762500762939453125 46.8125 45.84999847412109375 44.61875152587890625 43.84999847412109375 42.418750762939453125 40.46875 39.28125 38.11875152587890625 36.825000762939453125
186.256256103515625 182.0500030517578125 177.8125 175.475006103515625 173.1374969482421875 171.787506103515625 167.681243896484375 159.0187530517578125 151.7624969482421875 146.5437469482421875 143.193756103515625 140.6875 137.2624969482421875 134.875 132.350006103515625 130.0562591552734375 128.5625 127.50624847412109375 127.52500152587890625 127.9250030517578125 123.65625 113.41249847412109375 100.40625 88.5437469482421875 79.2624969482421875 71.96875 67.1999969482421875 63.293750762939453125 59.831249237060546875 55.88124847412109375 53.21875 51.59999847412109375 49.950000762939453125 48.487499237060546875 47.362499237060546875 46.59375 45.700000762939453125 44.831249237060546875 43.90625 42.581249237060546875 40.918750762939453125 39.581249237060546875 38.25 36.887500762939453125
189.806243896484375 186.193756103515625 182.21875 178.84375 175.681243896484375 173.662506103515625 169.006256103515625 161.962493896484375 155.381256103515625 150.5625 146.412506103515625 143.0374908447265625 138.600006103515625 132.7624969482421875 129.5124969482421875 127.61875152587890625 126.6437530517578125 127.06874847412109375 127.75624847412109375 128.318756103515625 124.94374847412109375 114.6750030517578125 100.88124847412109375 89.46250152587890625 79.0437469482421875 70.9375 67.1374969482421875 63.46250152587890625 60.34375 56.8125 54.081249237060546875 52.03125 49.762500762939453125 48.012500762939453125 46.831249237060546875 46.19374847412109375 45.58750152587890625 44.893749237060546875 44.28125 42.72499847412109375 41.34999847412109375 40.143749237060546875 38.262500762939453125 35.24375152587890625
192.9187469482421875 188.287506103515625 184.1999969482421875 180.40625 177.0749969482421875 173.524993896484375 169.0437469482421875 163.53125 158.4875030517578125 153.3625030517578125 148.662506103515625 142.631256103515625 137.1125030517578125 130.881256103515625 125.2624969482421875 123.4875030517578125 123.1999969482421875 123.72499847412109375 124.40625 124.31874847412109375 119.6875 110.3000030517578125 98.53749847412109375 88.21875 78.99375152587890625 71.40625 68.00624847412109375 64.63124847412109375 61.293750762939453125 57.75 55.0625 52.72499847412109375 49.90000152587890625 47.65000152587890625 46.58750152587890625 46.27500152587890625 45.862499237060546875 45.862499237060546875 44.99375152587890625 43.887500762939453125 42.05625152587890625 39.5 36.96250152587890625 35.200000762939453125
193.9562530517578125 189.1750030517578125 185.149993896484375 181.3249969482421875 177.625 173.7687530517578125 169.931243896484375 164.9562530517578125 159.75 154.4562530517578125 149.118743896484375 142.40625 135.568756103515625 128.568756103515625 121.21875 118.84999847412109375 119.2062530517578125 120.1999969482421875 121.1437530517578125 120.8562469482421875 115.4499969482421875 106.8000030517578125 96.7312469482421875 88.4562530517578125 81.1125030517578125 74.5 70.8562469482421875 67.25 63.71250152587890625 59.737499237060546875 56.5625 53.71250152587890625 50.762500762939453125 48.299999237060546875 46.706249237060546875 46.362499237060546875 46.65625 47.40625 47.22499847412109375 45.65000152587890625 42.981250762939453125 40.700000762939453125 38.825000762939453125 37.19374847412109375
193.712493896484375 188.8249969482421875 185.46875 181.600006103515625 177.975006103515625 174.587493896484375 170.2062530517578125 165.5124969482421875 161.193756103515625 156.7062530517578125 150.6687469482421875 143.149993896484375 135.5625 127.09375 118.91249847412109375 113.65000152587890625 115.625 118.0812530517578125 118.99375152587890625 118.46875 113.21250152587890625 105.18125152587890625 95.88124847412109375 89.0187530517578125 83.0437469482421875 78.0124969482421875 74.83750152587890625 70.9875030517578125 66.43125152587890625 61.762500762939453125 58.16249847412109375 55.13124847412109375 51.71250152587890625 49.262500762939453125 47.02500152587890625 47.34375 48.31874847412109375 48.137500762939453125 47.924999237060546875 46.65625 45.18125152587890625 43.19374847412109375 40.90625 38.00624847412109375
193.0500030517578125 189.087493896484375 185.2687530517578125 181.5124969482421875 178.4250030517578125 175.0187530517578125 171.5500030517578125 166.912506103515625 162.962493896484375 158.318756103515625 152.7687530517578125 145.09375 136.7312469482421875 128.087493896484375 120.41249847412109375 115.4499969482421875 114.28749847412109375 115.875 117.5812530517578125 117.5812530517578125 112.2375030517578125 104.3625030517578125 95.4812469482421875 89.28125 84.5812530517578125 81.41249847412109375 79.52500152587890625 74.65625 68.59999847412109375 63.581249237060546875 59.96250152587890625 57.549999237060546875 53.637500762939453125 50.66249847412109375 49.94374847412109375 51.200000762939453125 51.06874847412109375 51.262500762939453125 51.4375 49.84375 48.66249847412109375 46.375 42.71875 39.94374847412109375
191.475006103515625 187.6062469482421875 184.5812530517578125 181.399993896484375 178.0124969482421875 175.9250030517578125 173.1125030517578125 168.7937469482421875 165.1125030517578125 160.556243896484375 155.100006103515625 147.625 138.649993896484375 130.8625030517578125 124.58750152587890625 119.72499847412109375 117.0124969482421875 115 117.71250152587890625 118.25 113.6062469482421875 104.9187469482421875 95.94374847412109375 90.9250030517578125 87.4499969482421875 84.90000152587890625 84.81874847412109375 78.6687469482421875 70.8937530517578125 64.5500030517578125 60.47499847412109375 58.043750762939453125 56.018749237060546875 55.331249237060546875 54.99375152587890625 53.793750762939453125 53.90625 54.00624847412109375 52.69374847412109375 52.28125 50.637500762939453125 48.11875152587890625 45.018749237060546875 42.38124847412109375
189.2375030517578125 186.350006103515625 183.5437469482421875 180.8125 178.2375030517578125 176.4499969482421875 173.78125 170.649993896484375 167.8125 164.2937469482421875 158.6687469482421875 150.975006103515625 142.2624969482421875 134.8937530517578125 128.2937469482421875 123.6750030517578125 120.5437469482421875 117.21875 117.56874847412109375 118.5 115.1999969482421875 108.2624969482421875 96.50624847412109375 92.21875 89.5124969482421875 87.0625 85.50624847412109375 80.13124847412109375 72.96250152587890625 65.94374847412109375 60.887500762939453125 60.143749237060546875 60.799999237060546875 59.86875152587890625 58.331249237060546875 57.99375152587890625 57.31874847412109375 56.52500152587890625 55.59999847412109375 54.46250152587890625 52.612499237060546875 50.9375 47.768749237060546875 45.09999847412109375
186.506256103515625 184.3125 181.625 179.4875030517578125 177.412506103515625 176.568756103515625 174.96875 172.524993896484375 170.7937469482421875 168.3874969482421875 164.1624908447265625 157.0500030517578125 148.6999969482421875 140.2312469482421875 133.524993896484375 127.6999969482421875 122.1999969482421875 120.4812469482421875 119.8937530517578125 119.94374847412109375 114.65625 105.9187469482421875 97.4562530517578125 93.55625152587890625 90.4187469482421875 86.71250152587890625 83.9812469482421875 80.59999847412109375 74.40000152587890625 67.96250152587890625 64.1875 65.40625 65.1374969482421875 64.6374969482421875 63.543750762939453125 62.4375 61.518749237060546875 60.61875152587890625 58.918750762939453125 56.90625 54.768749237060546875 53.043750762939453125 50.36875152587890625 48.137500762939453125
