data/historical-monthly-weather-data/wc2.1_cruts4.09_10m_prec_2017-12.asc
ncols        45
nrows        45
xllcorner    -63.500000000000
yllcorner    -7.500000000000
cellsize     0.166666666667
NODATA_value -9999
[rows 20 to 39 of 45, columns 0 to 44 of 45]
221.21875 224.7937469482421875 231.6875 240.4375 251.21875 267.98126220703125 285.381256103515625 303.76251220703125 328.78125 352.774993896484375 374.07501220703125 395.41876220703125 415.618743896484375 431.88751220703125 441.95001220703125 447.731231689453125 452.1875 455.95623779296875 464.20001220703125 471.75 478.975006103515625 485.318756103515625 490.0625 485.95001220703125 483.056243896484375 476.54376220703125 456.293731689453125 424.743743896484375 387.931243896484375 351.387481689453125 321.524993896484375 303.54998779296875 293.350006103515625 286.649993896484375 281.58123779296875 282.381256103515625 287.399993896484375 291.912506103515625 286.45623779296875 273.29376220703125 254.9375 236 220.5812530517578125 207.6062469482421875 201.875
223.9499969482421875 227.1062469482421875 235.1999969482421875 246.118743896484375 258.4375 277.91876220703125 299.40625 321.90625 348.98126220703125 374.66876220703125 396.337493896484375 417.07501220703125 436.48126220703125 451.618743896484375 462.243743896484375 469.07501220703125 474.412506103515625 477.04998779296875 481.01873779296875 484.693756103515625 483.712493896484375 486.350006103515625 490.868743896484375 485.712493896484375 482.85626220703125 481.85626220703125 470.32501220703125 441.45001220703125 406.66876220703125 373.76873779296875 345.225006103515625 324.443756103515625 311.76873779296875 304.45001220703125 297.856231689453125 297.149993896484375 301.5 306.10626220703125 297.98748779296875 281.181243896484375 262.1875 243.2249908447265625 226.568756103515625 212.71875 207.28125
226.9499969482421875 231.8312530517578125 239.75 250.9562530517578125 265.07501220703125 288.756256103515625 313.41876220703125 340.23748779296875 371.48748779296875 397.46875 419.20001220703125 437.71875 457.3125 472.70001220703125 482.600006103515625 489.337493896484375 493.787506103515625 493.243743896484375 494.09375 492.54998779296875 487.15625 484.399993896484375 483.40625 477.9375 476.912506103515625 480.85626220703125 476.98126220703125 452.0625 419.662506103515625 390.71875 364.962493896484375 343.899993896484375 331.399993896484375 321.506256103515625 313.318756103515625 308.38751220703125 312.850006103515625 322.337493896484375 312.524993896484375 292.056243896484375 270.756256103515625 250.5500030517578125 232.9812469482421875 218.2312469482421875 212.306243896484375
228.681243896484375 232.3249969482421875 241.1999969482421875 254.587493896484375 271.912506103515625 298.756256103515625 327.76251220703125 357.100006103515625 389.131256103515625 415.01251220703125 437.181243896484375 456.51873779296875 475.493743896484375 491.287506103515625 498.975006103515625 503.61248779296875 506.67498779296875 503.537506103515625 499.875 494.33123779296875 483.48126220703125 476.431243896484375 470.243743896484375 464.76251220703125 462.837493896484375 465.33123779296875 461.71875 446.17498779296875 424.600006103515625 400.725006103515625 379.100006103515625 358.225006103515625 347.91876220703125 338.25 329.875 321.181243896484375 323.63751220703125 332.1875 321.9375 300.95623779296875 278.41876220703125 257.70623779296875 238.6437530517578125 222.78125 218.368743896484375
233.149993896484375 234.7062530517578125 244.068756103515625 261.993743896484375 283.818756103515625 312.46875 343.15625 373.01873779296875 404.04998779296875 432.112518310546875 455.90625 474.493743896484375 492.524993896484375 507.462493896484375 514.1312255859375 517.48126220703125 518.4625244140625 512.4375 504.5625 494.943756103515625 479.681243896484375 466.337493896484375 456.162506103515625 447.83123779296875 446.20623779296875 449.875 447.59375 438.36248779296875 424.01873779296875 406.86248779296875 389.431243896484375 370.975006103515625 363.33123779296875 355.462493896484375 346.65625 339.556243896484375 339.931243896484375 340.125 328.17498779296875 309.21875 286.79376220703125 265.28125 244.5500030517578125 229.118743896484375 222.9375
242.725006103515625 245.9187469482421875 257.14373779296875 276.35626220703125 297.537506103515625 327.149993896484375 357.71875 387.73126220703125 418.41876220703125 445.98748779296875 469.79998779296875 489.25 506.225006103515625 520.4437255859375 526.76251220703125 529.2125244140625 527.8375244140625 519.1312255859375 508.193756103515625 495.01251220703125 478.587493896484375 458.868743896484375 441.256256103515625 427.85626220703125 429.962493896484375 436.506256103515625 437.90625 432.625 423.006256103515625 410.274993896484375 395.95623779296875 382.912506103515625 378.98126220703125 371.96875 364.975006103515625 357.399993896484375 354.76873779296875 351.493743896484375 338.0625 319.818756103515625 297.61248779296875 273.07501220703125 249.78125 232.287506103515625 227.6687469482421875
251.8625030517578125 255.350006103515625 270.90625 291.381256103515625 312.881256103515625 341.212493896484375 368.899993896484375 396.1875 422.98748779296875 449.64373779296875 474.39373779296875 491.975006103515625 506.33123779296875 519.51873779296875 525.3125 528.42498779296875 527.59375 519.1937255859375 508.399993896484375 493.625 475.23748779296875 453.600006103515625 432.10626220703125 414.21875 419.212493896484375 426.13751220703125 428.212493896484375 424.59375 418.53125 408.51873779296875 398.26873779296875 388.89373779296875 389.443756103515625 384.256256103515625 378.493743896484375 371.618743896484375 366.20001220703125 360.76873779296875 346.943756103515625 330.024993896484375 308.837493896484375 282.037506103515625 255.256256103515625 236.649993896484375 237.78125
262.100006103515625 266.10626220703125 285.162506103515625 307.5625 329.51873779296875 356.23126220703125 381.65625 404.875 428.162506103515625 451.51251220703125 473.20001220703125 488.912506103515625 503.64373779296875 516.0875244140625 521.75 524.03125 524.7437744140625 516.6937255859375 507.412506103515625 493.875 476.1875 456.34375 439.725006103515625 424.64373779296875 422.14373779296875 424.39373779296875 422.95623779296875 417.90625 411.54998779296875 403.431243896484375 394.4375 385.91876220703125 388.4375 388.818756103515625 386.88751220703125 380.85626220703125 375.625 370.17498779296875 357.78125 343.131256103515625 324.14373779296875 296.462493896484375 262.6875 243.056243896484375 253.1437530517578125
270.318756103515625 275.412506103515625 297.70001220703125 323.45623779296875 345.58123779296875 368.524993896484375 390.10626220703125 410.33123779296875 430.26873779296875 449.63751220703125 469.899993896484375 485.0625 498.399993896484375 510.76873779296875 515.73748779296875 520.3812255859375 522.0374755859375 515.85626220703125 507.712493896484375 496.01251220703125 479.71875 462.712493896484375 449.774993896484375 434.45001220703125 427.89373779296875 425.39373779296875 420.36248779296875 413.399993896484375 406.07501220703125 397.568756103515625 388.60626220703125 380.243743896484375 384.743743896484375 388.45001220703125 390.83123779296875 386.96875 383.36248779296875 378.274993896484375 366.36248779296875 354.318756103515625 340.07501220703125 311.068756103515625 277.868743896484375 262.95623779296875 273.61248779296875
273.90625 280.006256103515625 302.59375 328.46875 350.0625 366.15625 381.8125 398.45001220703125 414.693756103515625 430.90625 449.16876220703125 463.46875 479.318756103515625 494.125 501.4375 506.70623779296875 511.04376220703125 510.20623779296875 504.475006103515625 493.975006103515625 478.4375 463.837493896484375 450.875 436.51251220703125 427.912506103515625 422.66876220703125 412.95623779296875 404.92498779296875 395.9375 388.787506103515625 381.431243896484375 374.64373779296875 380.8125 386.056243896484375 390.225006103515625 387.15625 384.57501220703125 380.25 370.20623779296875 358.92498779296875 344.618743896484375 324.91876220703125 301.23748779296875 289.506256103515625 291.587493896484375
274.118743896484375 281.09375 300.556243896484375 323.51873779296875 341.131256103515625 352.98126220703125 365.73126220703125 378.71875 391.95001220703125 407.875 424.743743896484375 440.118743896484375 457.54998779296875 473.375 482.243743896484375 490.625 499.26873779296875 499.38751220703125 498.162506103515625 489.86248779296875 475.01251220703125 461.33123779296875 449.90625 435.243743896484375 424.381256103515625 416.375 405.162506103515625 395.10626220703125 385.037506103515625 380.0625 374.506256103515625 369.600006103515625 375.649993896484375 382.462493896484375 387.350006103515625 385.850006103515625 384.66876220703125 381.568756103515625 372.36248779296875 360.756256103515625 349.818756103515625 338.09375 324.11248779296875 312.225006103515625 311.01873779296875
272.556243896484375 278.38751220703125 292.98748779296875 307.3125 318.11248779296875 331.024993896484375 343.10626220703125 353.6875 366.431243896484375 380.568756103515625 397.149993896484375 414.5625 433.78125 451.13751220703125 463.443756103515625 474.243743896484375 481.79376220703125 483.006256103515625 482.912506103515625 477.6875 466.131256103515625 454.318756103515625 443.04998779296875 428.48126220703125 418.75 408.82501220703125 395.493743896484375 384.181243896484375 373.756256103515625 370.712493896484375 367.29376220703125 364.58123779296875 369.431243896484375 376.587493896484375 382.899993896484375 383.912506103515625 382.712493896484375 380.17498779296875 373.03125 364.350006103515625 359.29998779296875 355.70001220703125 351.04998779296875 346.73126220703125 350.04376220703125
270.681243896484375 273.568756103515625 282.29998779296875 291.899993896484375 298.943756103515625 307.762481689453125 314.850006103515625 321.40625 332.693756103515625 346.899993896484375 366.537506103515625 385.57501220703125 407.48126220703125 429.1875 441.943756103515625 452.068756103515625 458.95001220703125 462.14373779296875 460.100006103515625 456.70623779296875 447.649993896484375 438.70001220703125 429.125 415.256256103515625 405.550018310546875 396.681243896484375 383.131256103515625 369.524993896484375 359.556243896484375 357.787506103515625 357.38751220703125 357.01251220703125 362.45001220703125 369.48126220703125 376.21875 378.274993896484375 378.931243896484375 378.699981689453125 374.931243896484375 374.34375 373.59375 376.01873779296875 380.82501220703125 389.86248779296875 410.32501220703125
267.63751220703125 268.04998779296875 273.14373779296875 277.756256103515625 280.024993896484375 283.774993896484375 286.64373779296875 289.25 298.83123779296875 312.23748779296875 331.024993896484375 355.34375 381.100006103515625 403.63751220703125 417.85626220703125 427.837493896484375 435.875 439.14373779296875 436.82501220703125 434.25 426.993743896484375 419.0625 410.3125 398.29376220703125 388.61248779296875 380.024993896484375 367.54998779296875 354.5625 345.068756103515625 344.48748779296875 346.20623779296875 348.8125 354.625 361.71875 367.96875 370.95623779296875 374.068756103515625 374.662506103515625 377.381256103515625 382.287506103515625 387.306243896484375 395.068756103515625 406.774993896484375 425.08123779296875 452.53125
263.63751220703125 262.8125 264.493743896484375 264.82501220703125 264.0625 262.962493896484375 260.95001220703125 259.73126220703125 266.26873779296875 278.64373779296875 298.36248779296875 325.28125 355.48126220703125 381.899993896484375 396.38751220703125 406.399993896484375 413.506256103515625 415.64373779296875 414.64373779296875 410.600006103515625 405.51873779296875 397.53125 391.131256103515625 379.800018310546875 370.118743896484375 362.29376220703125 350.25 338.399993896484375 329.23126220703125 330.756256103515625 334.931243896484375 339.649993896484375 346.10626220703125 353.537506103515625 359.712493896484375 362.975006103515625 366.5 371.506256103515625 379.037506103515625 386.899993896484375 396.85626220703125 407.76873779296875 422.73126220703125 443.181243896484375 466.88751220703125
260.20623779296875 258.32501220703125 257.54998779296875 255.90625 252.9250030517578125 250.28125 245.9187469482421875 241.899993896484375 244.1687469482421875 251.46875 270.181243896484375 299.0625 331.15625 357.3125 372.993743896484375 383.912506103515625 391.149993896484375 392.625 389.98748779296875 385.29376220703125 380.287506103515625 374.925018310546875 368.11248779296875 358.32501220703125 350.568756103515625 343.21875 332.850006103515625 322.100006103515625 313.84375 317.36248779296875 323.57501220703125 329.181243896484375 336.443756103515625 343.368743896484375 349.662506103515625 353.63751220703125 360.881256103515625 367.73748779296875 376.25 386.10626220703125 397.556243896484375 410.54998779296875 424.618743896484375 443.068756103515625 460.01251220703125
256.51251220703125 253.9562530517578125 251.8125 249.0500030517578125 245.3125 241.850006103515625 237.28125 230.993743896484375 227.431243896484375 226.1687469482421875 246.40625 281.86248779296875 311.037506103515625 332.95623779296875 349.01873779296875 360.59375 368.818756103515625 368.899993896484375 366.1875 361.118743896484375 355.6875 349.98126220703125 343.84375 335.550018310546875 328.54998779296875 322.78125 313.38751220703125 305.25 299.1875 304.28125 311.556243896484375 318.368743896484375 325.850006103515625 333.46875 339.693756103515625 347 355.48126220703125 363.631256103515625 371.681243896484375 381.875 393.46875 406.01251220703125 419.693756103515625 436.199981689453125 447.600006103515625
252.368743896484375 249.8562469482421875 247.368743896484375 243.943756103515625 240.3874969482421875 236.412506103515625 232.524993896484375 226.774993896484375 222.056243896484375 216.087493896484375 246 279.875 299.26251220703125 314.399993896484375 328.38751220703125 339.75 347.125 347.037506103515625 342.850006103515625 337.88751220703125 330.9375 324.79376220703125 319.524993896484375 312.462493896484375 306.412506103515625 301.78125 295.5 289.037506103515625 284.574981689453125 291.5 299.337493896484375 307.57501220703125 315.48126220703125 323.40625 330.17498779296875 338.912506103515625 348.350006103515625 356.96875 366.03125 375.725006103515625 386.28125 397.774993896484375 409.537506103515625 423.6875 434.04376220703125
248.256256103515625 245.850006103515625 244.056243896484375 241.6999969482421875 238.537506103515625 235.6125030517578125 233.2062530517578125 231.618743896484375 234.287506103515625 247.4499969482421875 280.59375 292.462493896484375 300.26873779296875 309.8125 319.493743896484375 327.618743896484375 332.649993896484375 330.556243896484375 325.993743896484375 320.318756103515625 312.26873779296875 304.76251220703125 299.20001220703125 293.51251220703125 289.16876220703125 285.9375 281.550018310546875 278.04998779296875 276.01873779296875 283.26873779296875 291.899993896484375 298.756256103515625 306.76873779296875 314.65625 323.1875 331.743743896484375 340.39373779296875 348.70623779296875 356.45001220703125 364.5625 374.412506103515625 383.32501220703125 392.5625 403.39373779296875 411.181243896484375
245.3000030517578125 243.037506103515625 241.8000030517578125 240.25 238.368743896484375 237.568756103515625 237.46875 240.0187530517578125 246.6875 260.48126220703125 280.39373779296875 292.899993896484375 299.375 306.381256103515625 312.837493896484375 317 318.73748779296875 316.46875 310.64373779296875 304.04998779296875 293.368743896484375 284.131256103515625 277.681243896484375 272.618743896484375 270.681243896484375 269.82501220703125 268.925018310546875 268.54376220703125 268.787506103515625 276.350006103515625 283.806243896484375 291.556243896484375 300.25 308.243743896484375 316.17498779296875 323.17498779296875 331.681243896484375 339 345.412506103515625 351.57501220703125 358.774993896484375 366.21875 374.1875 382.64373779296875 389.381256103515625
