data/historical-monthly-weather-data/wc2.1_cruts4.09_10m_prec_1998-07.asc
ncols        45
nrows        45
xllcorner    -63.500000000000
yllcorner    -7.500000000000
cellsize     0.166666666667
NODATA_value -9999
[rows 19 to 37 of 45, columns 0 to 43 of 45]
155.8874969482421875 159.7937469482421875 159.6125030517578125 159.181243896484375 157.4250030517578125 158.881256103515625 152.287506103515625 149.068756103515625 145.149993896484375 137.131256103515625 130.787506103515625 129.7375030517578125 125.0437469482421875 120.1374969482421875 111.05625152587890625 100.69374847412109375 94.22499847412109375 100.6437530517578125 93.8625030517578125 90.30625152587890625 83.9250030517578125 87.84375 95.91249847412109375 101.5124969482421875 103.00624847412109375 98.97499847412109375 98.1875 101.7937469482421875 101.53125 100.33750152587890625 105.6687469482421875 118.25624847412109375 124.06874847412109375 129.568756103515625 137.037506103515625 148.068756103515625 154.993743896484375 158.4187469482421875 159.1312408447265625 152.899993896484375 139.7687530517578125 127.63124847412109375 123.0500030517578125 116.22499847412109375
141.431243896484375 153.475006103515625 159.7687530517578125 156.2624969482421875 152.037506103515625 153.162506103515625 149.2687530517578125 146.787506103515625 141.7312469482421875 135.662506103515625 128.0749969482421875 126.74375152587890625 123.74375152587890625 117.69374847412109375 109.06874847412109375 100.9187469482421875 96.1125030517578125 94.9812469482421875 95.8874969482421875 89.1750030517578125 91.8562469482421875 95.19374847412109375 100.1437530517578125 106.71875 107.52500152587890625 101.9250030517578125 95.3874969482421875 97.75624847412109375 101.3000030517578125 102.78749847412109375 110.30625152587890625 118.31874847412109375 118.9499969482421875 125.1687469482421875 132.6125030517578125 140.962493896484375 147.743743896484375 147.993743896484375 144.9749908447265625 138.5812530517578125 130.5 124.22499847412109375 117.52500152587890625 112.24375152587890625
137.556243896484375 140.618743896484375 148.875 150.943756103515625 150.337493896484375 145.5437469482421875 142.774993896484375 140.5 137.4375 132.162506103515625 127.47499847412109375 122.1875 117.6750030517578125 117 113.28125 105.40000152587890625 103.59999847412109375 100.0812530517578125 98.66249847412109375 95.77500152587890625 93.1687469482421875 95.6875 100.3625030517578125 101.3000030517578125 99.21250152587890625 95.8312530517578125 98.22499847412109375 96.6687469482421875 103.25 108.68125152587890625 111.50624847412109375 114.0749969482421875 115.44374847412109375 119.125 122.5500030517578125 131.6374969482421875 137.462493896484375 138.4187469482421875 136.131256103515625 131.6374969482421875 125.5812530517578125 120.9250030517578125 116.0124969482421875 110.77500152587890625
133.368743896484375 142.7375030517578125 147.71875 147.774993896484375 146.1750030517578125 143.4187469482421875 133.7937469482421875 131.5124969482421875 130.818756103515625 131.6062469482421875 128.868743896484375 123.6125030517578125 121.8874969482421875 119.0187530517578125 117.6875 114.25624847412109375 107.875 101.7937469482421875 98.65625 98.03125 100.53749847412109375 99.21875 99.75 99.6999969482421875 100.63124847412109375 95.72499847412109375 94.1875 96.9562530517578125 99.7062530517578125 102.2937469482421875 104.77500152587890625 108.59999847412109375 108.96250152587890625 109.34999847412109375 113.96875 117.88124847412109375 124.84375 124.6999969482421875 126.16249847412109375 125.1750030517578125 121.2624969482421875 115.05625152587890625 111.24375152587890625 106.4250030517578125
125.00624847412109375 137.4187469482421875 146.21875 145.4562530517578125 143.6750030517578125 138.15625 135.837493896484375 130.9875030517578125 126.53125 122.96875 121.8937530517578125 124.8249969482421875 123 121.96875 117.40000152587890625 113.96875 107.03125 104.84375 101.03749847412109375 102.15000152587890625 100.8000030517578125 102.6374969482421875 102.22499847412109375 104.7062530517578125 103.91875457763671875 97.8125 98.09375 94.9562530517578125 95.3125 96.66249847412109375 98.96250152587890625 101.18125152587890625 99.5 98.0500030517578125 104.4812469482421875 105.61875152587890625 112.8312530517578125 116.84375 118.3937530517578125 117.15000152587890625 115.15000152587890625 110.0812530517578125 107.25 102.2687530517578125
120.47499847412109375 133.818756103515625 144.587493896484375 145.625 144.8000030517578125 137.0749969482421875 133.431243896484375 129.006256103515625 124.68125152587890625 123.96250152587890625 122.9499969482421875 118.97499847412109375 121.7312469482421875 119.6875 114.6999969482421875 109.02500152587890625 105.375 104.5500030517578125 102.9875030517578125 102.4250030517578125 103.0187530517578125 103.34999847412109375 107.2624969482421875 106.5625 102.1062469482421875 101.0124969482421875 95.46250152587890625 92.0187530517578125 89.94374847412109375 90.5812530517578125 88.40625 87.53749847412109375 89.1062469482421875 88.9499969482421875 90.9812469482421875 95.38124847412109375 102.90625 105.8937530517578125 109 109.8125 107.1374969482421875 104.78749847412109375 102.9875030517578125 98.0124969482421875
123.11875152587890625 135.65625 139.1125030517578125 142.381256103515625 141.337493896484375 135.2937469482421875 130.9875030517578125 126.0124969482421875 120.5437469482421875 115.1687469482421875 119.46875 118.15000152587890625 114.9250030517578125 113.86875152587890625 110.80625152587890625 107.2312469482421875 103.1750030517578125 102.4499969482421875 102.24375152587890625 100.8249969482421875 104.33750152587890625 105.5812530517578125 108.8125 108.0124969482421875 102.46875 97.55625152587890625 93.59999847412109375 88.2937469482421875 83.6374969482421875 81.1062469482421875 78.46250152587890625 76.05625152587890625 75.86875152587890625 77.5500030517578125 82.1999969482421875 87.00624847412109375 93.3562469482421875 98.4812469482421875 101.21875 102.3625030517578125 103.2312469482421875 99.18125152587890625 96.59375 91.86875152587890625
120.53749847412109375 127.8125 134.2062530517578125 137.7062530517578125 136.1437530517578125 131.9499969482421875 128.6062469482421875 122.96875 115.3874969482421875 116.4375 118.21875 116.5 113.71250152587890625 109.6750030517578125 105.80625152587890625 105.09375 101.6062469482421875 98.96875 99.68125152587890625 99.9875030517578125 100.3562469482421875 102.15000152587890625 106.46875 108.0625 100.34999847412109375 91.97499847412109375 87.47499847412109375 83.22499847412109375 78.9562530517578125 73.30625152587890625 71.28749847412109375 66.3249969482421875 65.5500030517578125 70.8249969482421875 74.25 80.3000030517578125 83.7375030517578125 88.63124847412109375 92.2937469482421875 95.02500152587890625 97.96875 95.65625 92.09999847412109375 87.1750030517578125
118.50624847412109375 120.99375152587890625 126.0812530517578125 131.3625030517578125 130.181243896484375 127.0625 123.93125152587890625 118.4875030517578125 114.53125 113.91249847412109375 113.4187469482421875 109.90000152587890625 107.53749847412109375 104.34999847412109375 100.34999847412109375 98.4250030517578125 96.50624847412109375 95.24375152587890625 93.19374847412109375 94.5812530517578125 97.66249847412109375 98.06874847412109375 97.90000152587890625 98.8562469482421875 94.3874969482421875 87.21875 82.5500030517578125 78.28749847412109375 73.99375152587890625 70.21250152587890625 66.63124847412109375 63.5 62.86875152587890625 64.44374847412109375 68.1125030517578125 73.0812530517578125 76.08750152587890625 80.9375 85.27500152587890625 90.2312469482421875 92.9375 94.05625152587890625 88.8312530517578125 85.1437530517578125
114.3625030517578125 116.6999969482421875 122.2937469482421875 121.1999969482421875 122.0812530517578125 117.6062469482421875 114.13124847412109375 112.2375030517578125 108.7937469482421875 109.18125152587890625 107.7624969482421875 104.3249969482421875 102.2624969482421875 100.3874969482421875 97 94.6875 94.0124969482421875 90.21875 89.5 90.4875030517578125 91.6999969482421875 91.77500152587890625 92.3562469482421875 90.90000152587890625 87.2375030517578125 81.7062530517578125 77.36875152587890625 73.33750152587890625 71.2687530517578125 67.71875 63.393749237060546875 60.65000152587890625 59.5 60.02500152587890625 62.862499237060546875 67.0500030517578125 70.1062469482421875 74.31874847412109375 78.1687469482421875 80.7624969482421875 85.5437469482421875 84.4250030517578125 82.1687469482421875 79.2312469482421875
106.1687469482421875 111.31874847412109375 114.3125 113.5124969482421875 111.625 109.2312469482421875 105.6062469482421875 106.1750030517578125 105.1374969482421875 103.56874847412109375 102.3125 101.25 98.9812469482421875 95.40000152587890625 92.41249847412109375 90.1875 87.7312469482421875 86.1125030517578125 84.03125 83.5749969482421875 85.25624847412109375 84.75 85.15000152587890625 82.1062469482421875 79.3937530517578125 75.46250152587890625 71.2687530517578125 68.2375030517578125 66.46250152587890625 63.03125 59.90000152587890625 57.02500152587890625 55.72499847412109375 56.331249237060546875 57.8125 60.59375 65.09999847412109375 67.375 68.71875 71.3625030517578125 76.0500030517578125 76.08750152587890625 74.31874847412109375 71.05625152587890625
99.9375 103.88124847412109375 102.22499847412109375 104.8562469482421875 105.15625 104.19374847412109375 101.0812530517578125 99.9250030517578125 99.28125 98.50624847412109375 98.24375152587890625 96.09375 96.21875 90.74375152587890625 86.9187469482421875 85.3625030517578125 85.0500030517578125 80.6687469482421875 76.94374847412109375 78.21250152587890625 79.8562469482421875 79.1437530517578125 78.16249847412109375 74.1062469482421875 70.8000030517578125 69.71875 66.24375152587890625 62.456249237060546875 59.575000762939453125 57.83750152587890625 55.606250762939453125 54.0625 53.31874847412109375 53.94374847412109375 54.72499847412109375 55.825000762939453125 58.5 61.83750152587890625 61.512500762939453125 61.325000762939453125 64.19374847412109375 66.2937469482421875 65.36875152587890625 62.25
93.40000152587890625 92.86875152587890625 91.46875 92.13124847412109375 94.36875152587890625 95.1999969482421875 95.19374847412109375 93.8874969482421875 94.22499847412109375 92.34375 92.63124847412109375 92.75 90.5812530517578125 88.8125 85.43125152587890625 82.8874969482421875 80.72499847412109375 76.4812469482421875 72.0812530517578125 73.22499847412109375 72.66249847412109375 72.3000030517578125 70.40625 66.7624969482421875 65.2312469482421875 62.68125152587890625 60.043750762939453125 58.018749237060546875 54.325000762939453125 53.15625 52.450000762939453125 51.13124847412109375 50.03125 50.456249237060546875 51.5 51.637500762939453125 53.96875 53.69374847412109375 53.53749847412109375 54.9375 56.96875 57.262500762939453125 56.450000762939453125 56.043750762939453125
84 82.52500152587890625 80.1875 80.28749847412109375 82.43125152587890625 83.40000152587890625 84.72499847412109375 84.96250152587890625 83.6062469482421875 85.5187530517578125 88.0625 86.2375030517578125 85.6062469482421875 85.6875 83.0437469482421875 78.63124847412109375 74.4875030517578125 73.08750152587890625 70.4562530517578125 70.41249847412109375 68.75 66.4562530517578125 63.487499237060546875 61.21250152587890625 60.418750762939453125 57.71875 56.21250152587890625 53.356250762939453125 51.293750762939453125 49.5625 48.674999237060546875 47.30625152587890625 45.674999237060546875 46.112499237060546875 47.6875 48.80625152587890625 48.356250762939453125 47.90625 47.99375152587890625 50.325000762939453125 51.75624847412109375 52.34375 50.02500152587890625 50.15000152587890625
74.83750152587890625 73.59375 72.8874969482421875 73.03125 73.2375030517578125 72.18125152587890625 73.2062530517578125 72.34999847412109375 74.78749847412109375 75.59999847412109375 78.7687530517578125 80.125 81.3125 80.375 77.77500152587890625 73.03125 70.09375 68.19374847412109375 65.8937530517578125 65.0437469482421875 64.11875152587890625 60.5 58.9375 57.15625 54.84999847412109375 52.28125 50.875 49.52500152587890625 47.612499237060546875 46.393749237060546875 45.512500762939453125 43.950000762939453125 42.450000762939453125 43.21250152587890625 44.21250152587890625 44.27500152587890625 42.96250152587890625 42.856250762939453125 44.05625152587890625 45.206249237060546875 46.69374847412109375 47.75 47.606250762939453125 46.643749237060546875
67.2312469482421875 64.1437530517578125 65.2687530517578125 65.03125 65.8937530517578125 65.1125030517578125 64.34999847412109375 63.71250152587890625 63.75 65.4562530517578125 69.8249969482421875 73.88124847412109375 78.375 79.09375 74.31874847412109375 69.83750152587890625 66.27500152587890625 63.737499237060546875 62.53125 60.424999237060546875 59.19374847412109375 57.43125152587890625 54.97499847412109375 53.012500762939453125 50.69374847412109375 48.018749237060546875 46.831249237060546875 45.625 43.862499237060546875 40.88124847412109375 40.268749237060546875 40.41249847412109375 39.762500762939453125 40.012500762939453125 39.762500762939453125 39.625 39.3125 40 40.25 40.31874847412109375 40.90000152587890625 40.93125152587890625 42.66249847412109375 42.481250762939453125
58.96875 57.52500152587890625 59.0625 57.762500762939453125 58.06874847412109375 56.950000762939453125 56.46875 55.700000762939453125 55.418750762939453125 55.9375 59.731250762939453125 65.2687530517578125 72.03125 71.5625 69.21875 65.6374969482421875 62.81874847412109375 59.83750152587890625 57.362499237060546875 55.75624847412109375 52.41249847412109375 52.174999237060546875 49.46875 47.38124847412109375 44.668750762939453125 43.97499847412109375 42.97499847412109375 41.924999237060546875 40.262500762939453125 37.84999847412109375 37.15000152587890625 37.58750152587890625 36.793750762939453125 37.075000762939453125 36.924999237060546875 36.09999847412109375 36.174999237060546875 36.34375 37.375 37.481250762939453125 36.9375 37.34999847412109375 37.09999847412109375 37.3125
50.9375 51 51.737499237060546875 50.362499237060546875 50.52500152587890625 50.56874847412109375 50.03749847412109375 49.11875152587890625 48.03125 46.55625152587890625 50.643749237060546875 57.268749237060546875 62.643749237060546875 63.36875152587890625 62.78125 60.56874847412109375 57.831249237060546875 54.512500762939453125 52.049999237060546875 50.731250762939453125 47.518749237060546875 45.643749237060546875 43.75 42.72499847412109375 40.450000762939453125 39.47499847412109375 38.78125 37.581249237060546875 36.274997711181640625 35.293750762939453125 34.393749237060546875 33.91249847412109375 33.125 33.375 33.262500762939453125 32.19374847412109375 32.09375 33.393749237060546875 34.65000152587890625 34.21875 33.268749237060546875 33.53749847412109375 33.16249847412109375 34.08750152587890625
43.081249237060546875 44.05625152587890625 43.643749237060546875 44.09375 44.299999237060546875 44.331249237060546875 44.081249237060546875 43.28125 42.53125 40.549999237060546875 47.174999237060546875 52.875 55.6875 57.037502288818359375 57.331249237060546875 55.862499237060546875 52.125 50.69374847412109375 47.6875 46.106250762939453125 43.918750762939453125 41.71250152587890625 39.21250152587890625 38.462497711181640625 37.24375152587890625 36.206249237060546875 35.237499237060546875 34.28125 33.24375152587890625 31.962499618530273438 29.925001144409179688 30.03125 29.40625 29.831249237060546875 29.050001144409179688 27.887500762939453125 29.056249618530273438 29.931249618530273438 30.924999237060546875 30.806249618530273438 30.174999237060546875 31.149999618530273438 30.556249618530273438 28.899999618530273438
