data/historical-monthly-weather-data/wc2.1_cruts4.09_10m_prec_2010-05.asc
ncols        45
nrows        45
xllcorner    -63.500000000000
yllcorner    -7.500000000000
cellsize     0.166666666667
NODATA_value -9999
[rows 20 to 39 of 45, columns 0 to 43 of 45]
221.75 226.8625030517578125 228.306243896484375 225.6750030517578125 223.100006103515625 229.006256103515625 232.162506103515625 232.3000030517578125 231.8937530517578125 228.587493896484375 225.84375 221.368743896484375 212.6999969482421875 203.6875 191.8125 182.193756103515625 170.1750030517578125 165.443756103515625 165.9375 164.087493896484375 171.681243896484375 178.5 184.337493896484375 188.431243896484375 190.868743896484375 188.75 183.34375 182.587493896484375 182.337493896484375 182.181243896484375 184.412506103515625 188.993743896484375 186.2687530517578125 185.443756103515625 188.84375 196.443756103515625 202.787506103515625 206.4875030517578125 206.5625 203.818756103515625 201.056243896484375 196.3000030517578125 194.8562469482421875 198.368743896484375
216.2062530517578125 214.306243896484375 219.3937530517578125 222.8625030517578125 221.1062469482421875 224.3249969482421875 229.756256103515625 233.09375 233.5187530517578125 230.9375 227.131256103515625 220.6125030517578125 212.0124969482421875 202.7312469482421875 194.8625030517578125 183.493743896484375 180.5625 173.837493896484375 172.756256103515625 169.1750030517578125 169.274993896484375 174.368743896484375 179.568756103515625 180.431243896484375 179.056243896484375 180.21875 182.7249908447265625 181.96875 186.4250030517578125 188.225006103515625 187.568756103515625 186.975006103515625 187.59375 189.024993896484375 188.5812530517578125 192.3125 198.4375 201.837493896484375 201.5749969482421875 199.4187469482421875 198 194.212493896484375 192.4812469482421875 194.0437469482421875
211.1125030517578125 216.087493896484375 219.5812530517578125 222.5812530517578125 220.71875 223.024993896484375 221.537506103515625 226.3625030517578125 232.59375 231.181243896484375 225.756256103515625 219.0187530517578125 214.53125 206.3937530517578125 198.493743896484375 189.2937469482421875 182.818756103515625 177.600006103515625 173.875 170.4875030517578125 171.712493896484375 171.1999969482421875 173.818756103515625 173.7937469482421875 175.837493896484375 175.993743896484375 176.087493896484375 180.2624969482421875 185.3874969482421875 186.712493896484375 185.40625 187.8562469482421875 190.7312469482421875 190.90625 191.5124969482421875 189.125 191.306243896484375 196.162506103515625 199.600006103515625 197.475006103515625 194.524993896484375 191.75 189.600006103515625 190.306243896484375
203.806243896484375 211.6062469482421875 217.818756103515625 218.443756103515625 215.8000030517578125 216.1062469482421875 222.681243896484375 225.712493896484375 226.6875 224.6062469482421875 222.0500030517578125 221.006256103515625 216.1125030517578125 210.9187469482421875 201.2937469482421875 192.0625 185.1187591552734375 181.125 177.818756103515625 174.9375 172.2687530517578125 171.6687469482421875 171.2312469482421875 173.875 173.5 170.78125 173.256256103515625 178.1374969482421875 184.837493896484375 190.431243896484375 194.506256103515625 198.318756103515625 201.09375 199.6374969482421875 198.03125 191.850006103515625 195.3000030517578125 196.8874969482421875 197.5437469482421875 195.9875030517578125 192.2062530517578125 190.875 189.600006103515625 188.087493896484375
201.287506103515625 210.375 214.4812469482421875 217.787506103515625 216.6374969482421875 218.243743896484375 218.65625 222.087493896484375 222.1374969482421875 222.006256103515625 219.3000030517578125 216.9562530517578125 216.131256103515625 211.3125 201.5 194.037506103515625 189.368743896484375 184.431243896484375 179.4499969482421875 176.1999969482421875 175.162506103515625 172.2375030517578125 172.3562469482421875 173.2624969482421875 172.4375 174.71875 177.34375 183.087493896484375 189.4250030517578125 198.59375 204.1062469482421875 213.068756103515625 214.4187469482421875 211.53125 204.475006103515625 199.1687469482421875 199.225006103515625 195.625 194.931243896484375 193.4375 190.8874969482421875 188.2312469482421875 186.96875 183.5500030517578125
203.712493896484375 214.3562469482421875 212.587493896484375 214.2687530517578125 210.15625 210.9875030517578125 211.274993896484375 214 211.90625 209.568756103515625 213.149993896484375 214.1125030517578125 211.493743896484375 208.5812530517578125 203.850006103515625 196.5812530517578125 191.9812469482421875 186.912506103515625 181.5625 177.024993896484375 175.662506103515625 172.493743896484375 172.149993896484375 170.993743896484375 172.756256103515625 174.6999969482421875 182.087493896484375 188.2937469482421875 194.493743896484375 204.625 215.225006103515625 230.537506103515625 232.162506103515625 222.350006103515625 212.1687469482421875 206.618743896484375 201.212493896484375 197.1374969482421875 191.600006103515625 189.212493896484375 187.4875030517578125 183.3625030517578125 179.962493896484375 178.8874969482421875
201.962493896484375 205.0812530517578125 206.868743896484375 207.006256103515625 203.6750030517578125 204.662506103515625 204.493743896484375 203.618743896484375 203.3000030517578125 207.475006103515625 209.53125 208.71875 209.274993896484375 208.5812530517578125 204.1374969482421875 199.193756103515625 193.0625 186.6750030517578125 184.9562530517578125 179.662506103515625 175.9812469482421875 173.4375 172.59375 174.4187469482421875 176.1125030517578125 178.631256103515625 185.8625030517578125 192.375 199.837493896484375 208.193756103515625 222.1374969482421875 237.5187530517578125 242.7624969482421875 228.34375 214.524993896484375 206.787506103515625 203.381256103515625 196.4812469482421875 190.774993896484375 188.0749969482421875 185.125 181.0749969482421875 177.725006103515625 174.3937530517578125
201.149993896484375 200 200.337493896484375 198.006256103515625 196.5500030517578125 198.5 199.087493896484375 196.6875 198.243743896484375 202.0500030517578125 203.2937469482421875 203.3249969482421875 205.181243896484375 205.212493896484375 202.943756103515625 196.5812530517578125 193.3562469482421875 190.8562469482421875 188.899993896484375 184.3937530517578125 180.1750030517578125 175.725006103515625 176.2375030517578125 177.037506103515625 179.28125 180.6999969482421875 188.4187469482421875 195.0749969482421875 203.337493896484375 212.1750030517578125 224.0500030517578125 236.193756103515625 236.9562530517578125 225.318756103515625 215.34375 207.5124969482421875 201.225006103515625 196.8249969482421875 192.6999969482421875 187.3312530517578125 182.693756103515625 180.28125 177.037506103515625 174.5625
196.9625091552734375 194.75 192.6062469482421875 190.787506103515625 189.34375 187.5500030517578125 186.725006103515625 188.743743896484375 193.7312469482421875 195.024993896484375 196.9562530517578125 199.399993896484375 201.399993896484375 204.6125030517578125 204.493743896484375 202.125 198.8874969482421875 194.8625030517578125 191.568756103515625 187.6062469482421875 183.4375 178.3937530517578125 177.0625 177.662506103515625 179.587493896484375 179.5187530517578125 187.5187530517578125 196.149993896484375 204.2624969482421875 211.3625030517578125 221.34375 228.4875030517578125 226.2062530517578125 217.912506103515625 212.15625 205.431243896484375 200.318756103515625 194.337493896484375 190.256256103515625 184.868743896484375 177.4375 173.1999969482421875 173.5625 175.1687469482421875
194.537506103515625 190.600006103515625 185.993743896484375 180.9812469482421875 178.381256103515625 179.5124969482421875 179.524993896484375 183.5187530517578125 186.943756103515625 187.399993896484375 190.6999969482421875 194.4812469482421875 198.193756103515625 203.006256103515625 204.006256103515625 203.21875 200.9875030517578125 200.399993896484375 196.0749969482421875 190.0437469482421875 185.9499969482421875 182.3937530517578125 180.1374969482421875 179.4375 178.78125 182.28125 187.2687530517578125 192.3937530517578125 199.6999969482421875 206.225006103515625 214.34375 218.368743896484375 216.0437469482421875 211.412506103515625 207.2062530517578125 200.1687469482421875 199.350006103515625 194.600006103515625 189.3562469482421875 187.9000091552734375 183.5500030517578125 178.087493896484375 174.306243896484375 172.125
191.9562530517578125 186.09375 179.4562530517578125 175.600006103515625 173.4875030517578125 173.881256103515625 176.03125 177.462493896484375 180.837493896484375 183.243743896484375 186.524993896484375 189.7062530517578125 196.649993896484375 199.40625 201.6437530517578125 203.9375 204.431243896484375 202.162506103515625 199.3249969482421875 195.4875030517578125 188.725006103515625 183.6687469482421875 181.21875 178.46875 177.649993896484375 182.3249969482421875 185.850006103515625 189.1875 195.7062530517578125 199.96875 207.0187530517578125 208.1687469482421875 205.9562530517578125 203.1374969482421875 199.4812469482421875 193.125 192.59375 191.693756103515625 190.068756103515625 187.3312530517578125 186.524993896484375 180.3937530517578125 175.524993896484375 170.2375030517578125
185.3312530517578125 178.6062469482421875 172.9875030517578125 170.125 169.34375 168.3874969482421875 172.3562469482421875 171.40625 174.2624969482421875 176.3937530517578125 179.65625 182.6437530517578125 189.368743896484375 195.787506103515625 198.712493896484375 203.0812530517578125 202 199.693756103515625 197.337493896484375 194.493743896484375 187.2062530517578125 182.600006103515625 179.318756103515625 177.7312469482421875 179.6750030517578125 181.1125030517578125 184.2312469482421875 185.912506103515625 188.881256103515625 193.068756103515625 195.03125 196.75 194.2062530517578125 192.15625 190.693756103515625 186.4187469482421875 185.443756103515625 186 184.3874969482421875 186.28125 185.618743896484375 180.9375 176.787506103515625 174.3874969482421875
178.993743896484375 173.9812469482421875 168.8249969482421875 167.3249969482421875 164.78125 163.631256103515625 165.787506103515625 165.8000030517578125 168.3937530517578125 171.9375 178.256256103515625 181.743743896484375 187.8937530517578125 195.431243896484375 197.943756103515625 199.725006103515625 199.631256103515625 199.9749908447265625 195.46875 192.4187469482421875 185.1062469482421875 181.7312469482421875 177.4187469482421875 177.4562530517578125 178.46875 180.1374969482421875 181.125 182.75 183.1750030517578125 184.7312469482421875 186.3000030517578125 186.131256103515625 182.537506103515625 183.5812530517578125 181.7874908447265625 181.225006103515625 178.3562469482421875 179.149993896484375 177.975006103515625 181.875 181.1125030517578125 179.368743896484375 176.693756103515625 176.368743896484375
173.2874908447265625 168.3000030517578125 166.0812530517578125 164.34375 163.287506103515625 160.931243896484375 160.78125 159.78125 161.556243896484375 164.9499969482421875 170.5500030517578125 177.8937530517578125 183.34375 188.9812469482421875 193.6687469482421875 198.006256103515625 199.556243896484375 198.618743896484375 192.618743896484375 187.837493896484375 183.681243896484375 180.8249969482421875 176.850006103515625 175 176.03125 176.131256103515625 175.881256103515625 176.131256103515625 177.600006103515625 177.587493896484375 177.618743896484375 176.287506103515625 173.943756103515625 172.600006103515625 172.4250030517578125 171.5124969482421875 171.09375 169.2062530517578125 170.975006103515625 173.162506103515625 172.71875 174.0749969482421875 175.318756103515625 176.09375
166.524993896484375 162.662506103515625 161.8000030517578125 161.71875 161.193756103515625 158.5124969482421875 155.024993896484375 154.0812530517578125 153.100006103515625 156.850006103515625 163.725006103515625 171.8000030517578125 180.9499969482421875 189.087493896484375 193.25 196.6750030517578125 197.6437530517578125 196.46875 190.6999969482421875 183.75 180.006256103515625 175.899993896484375 173.65625 171.5 171.381256103515625 171.2062530517578125 172.59375 173.149993896484375 173.3625030517578125 172.8000030517578125 170.306243896484375 167.7687530517578125 163.756256103515625 163.1374969482421875 158.6750030517578125 159.1687469482421875 157.5 161.0124969482421875 162.5187530517578125 163.375 163.5625 163.600006103515625 165.524993896484375 168.6750030517578125
163.212493896484375 161.125 159.006256103515625 158.1999969482421875 156.84375 154.1062469482421875 150.024993896484375 149.1875 148.3125 149.2062530517578125 154.65625 166.6999969482421875 178.875 186.256256103515625 191.712493896484375 194.21875 194.850006103515625 190.962493896484375 187.256256103515625 180.287506103515625 176.9250030517578125 173.225006103515625 170.3874969482421875 168.899993896484375 167.725006103515625 166.625 169.5500030517578125 170.256256103515625 168.1437530517578125 166.212493896484375 163.6875 160.381256103515625 155.962493896484375 151.75 148.568756103515625 147.8625030517578125 151.3562469482421875 150.8000030517578125 152.337493896484375 155.7937469482421875 155.431243896484375 157.8125 158.4187469482421875 161.243743896484375
161.03125 160.243743896484375 157.975006103515625 156.837493896484375 156.1062469482421875 152.1374969482421875 148.625 145.3249969482421875 143.2624969482421875 139.850006103515625 150.6374969482421875 170.006256103515625 180.743743896484375 186.3874969482421875 190.212493896484375 192.056243896484375 190.75 186.1374969482421875 182.318756103515625 174.5812530517578125 172.28125 169.25 165.3874969482421875 163.7937469482421875 162.931243896484375 163.5187530517578125 164.6374969482421875 164.5562591552734375 162.5500030517578125 160.631256103515625 158.3125 155.3562469482421875 150.0625 143.65625 140.837493896484375 141.8937530517578125 143.4375 144.524993896484375 144.774993896484375 145.875 145.662506103515625 146.131256103515625 150.4499969482421875 153.96875
159.600006103515625 158.6750030517578125 158.1374969482421875 156.4312591552734375 156.568756103515625 153.5124969482421875 150.212493896484375 145.975006103515625 143.7375030517578125 140.1125030517578125 160.25 179.8625030517578125 186.0124969482421875 189.8249969482421875 191.09375 191.149993896484375 188.5 184.399993896484375 178.2624969482421875 172.306243896484375 167.375 164.4875030517578125 161.0812530517578125 159.306243896484375 158.162506103515625 158.100006103515625 157.2312469482421875 160.368743896484375 159.5875091552734375 155.725006103515625 151.681243896484375 148.5500030517578125 144.3000030517578125 137.0500030517578125 131.818756103515625 133.037506103515625 135.9375 136.462493896484375 139.006256103515625 138.306243896484375 138.4375 139.475006103515625 139.3125 140.25
157.2937469482421875 156.3625030517578125 155.7937469482421875 155.3937530517578125 153.40625 151.7687530517578125 151.243743896484375 151.6125030517578125 155.34375 166.4562530517578125 190.3562469482421875 194.875 192.1750030517578125 192.8937530517578125 192.306243896484375 190.774993896484375 188.0187530517578125 182.8874969482421875 177.03125 169.6875 162.850006103515625 157.649993896484375 155.318756103515625 154.931243896484375 152.5812530517578125 151.943756103515625 153.34375 155.931243896484375 153.84375 151.899993896484375 146.537506103515625 140.1437530517578125 137.306243896484375 133.7062530517578125 132.056243896484375 131.899993896484375 132.1999969482421875 134.4187469482421875 133.2937469482421875 130.90625 132.59375 132.96875 131.506256103515625 133.4875030517578125
157.4250030517578125 155.787506103515625 156.25 155.7375030517578125 155.118743896484375 154.21875 153.4812469482421875 159.024993896484375 166.3625030517578125 177.6875 189.2937469482421875 195.787506103515625 193.756256103515625 192.4187469482421875 193 189.118743896484375 184.556243896484375 178.7375030517578125 171.787506103515625 165.71875 157.5124969482421875 152.4625091552734375 147.5812530517578125 146.9187469482421875 146.3874969482421875 146.787506103515625 147.2937469482421875 148.8625030517578125 147.524993896484375 145.59375 142.625 140.03125 136.8562469482421875 134.5812530517578125 132.9875030517578125 131.600006103515625 130.693756103515625 132.0625 130.3562469482421875 125.58750152587890625 125.5124969482421875 125.65625 123.11875152587890625 122.5124969482421875
