data/historical-monthly-weather-data/wc2.1_cruts4.09_10m_prec_1997-11.asc
ncols        51
nrows        45
xllcorner    -63.500000000000
yllcorner    -7.500000000000
cellsize     0.166666666667
NODATA_value -9999
[rows 20 to 39 of 45, columns 0 to 43 of 51]
218.399993896484375 213.506256103515625 210.3000030517578125 207.1750030517578125 203.774993896484375 205.0437469482421875 206.6750030517578125 207.225006103515625 208.1875 207.34375 204.9875030517578125 200.46875 194.318756103515625 185.90625 179.431243896484375 172.6875 166.962493896484375 164.375 165.8625030517578125 166.087493896484375 164.0437469482421875 159.318756103515625 153.0437469482421875 149.8874969482421875 147.1687469482421875 143.0500030517578125 138.0749969482421875 130.40625 121.90000152587890625 116.1374969482421875 111.96250152587890625 112.11875152587890625 113.49375152587890625 115.8249969482421875 118.3125 121.5500030517578125 123.5187530517578125 125.4875030517578125 125.69374847412109375 125.78749847412109375 124.88124847412109375 123.75624847412109375 121.59999847412109375 118.84999847412109375
217.2125091552734375 211.212493896484375 209.09375 206.943756103515625 205.0187530517578125 207.34375 210.875 213.087493896484375 216.3562469482421875 217.337493896484375 216.1999969482421875 213.725006103515625 208.75 200.306243896484375 192.118743896484375 183.9875030517578125 178 173.149993896484375 170.9375 169.625 164.34375 158.8562469482421875 153.943756103515625 150.6875 147.381256103515625 143.631256103515625 140.7687530517578125 135.006256103515625 129.431243896484375 125.61875152587890625 121.75 121.46875 122.43125152587890625 125.61875152587890625 129.087493896484375 131.9187469482421875 133.625 134.6999969482421875 133.15625 132.256256103515625 130.3812408447265625 128.4562530517578125 126.1125030517578125 123.75624847412109375
216.443756103515625 212 209.818756103515625 207.993743896484375 206.7375030517578125 209.631256103515625 213.375 218.2624969482421875 223.6875 225.8625030517578125 227.1437530517578125 226.443756103515625 226.1125030517578125 218.5187530517578125 206.2312469482421875 195.256256103515625 187.274993896484375 180.9562530517578125 176.087493896484375 172.21875 166.1437530517578125 159.7937469482421875 154.087493896484375 150.71875 148.4562530517578125 145.7062530517578125 143.15625 139.943756103515625 135.5625 132.75 130.84375 130.787506103515625 132.837493896484375 136.2937469482421875 139.5500030517578125 142.5749969482421875 144.1125030517578125 143.375 140.556243896484375 138.462493896484375 136.3249969482421875 133.5812530517578125 130.7375030517578125 128.068756103515625
217.118743896484375 213.662506103515625 211.3000030517578125 208.0999908447265625 206.725006103515625 210.868743896484375 215.5749969482421875 221.350006103515625 226.1999969482421875 229.40625 231.8562469482421875 235.75 238.693756103515625 230.131256103515625 215.524993896484375 203.34375 194.1374969482421875 186.774993896484375 180.193756103515625 174.0749969482421875 167.5187530517578125 160.84375 154.3625030517578125 151.274993896484375 149.337493896484375 146.8937530517578125 147.118743896484375 143.725006103515625 141.375 139.7125091552734375 139.712493896484375 140.625 142.600006103515625 145.59375 149.125 152.868743896484375 154.131256103515625 151.462493896484375 148.0625 145.006256103515625 142.0187530517578125 139 136.006256103515625 133.1125030517578125
221.256256103515625 217.3312530517578125 214.09375 210.149993896484375 208.7375030517578125 212.0437469482421875 216.2687530517578125 221.5124969482421875 226.6687469482421875 230.2062530517578125 233.6125030517578125 235.3874969482421875 236.5625 230.5437469482421875 218.9562530517578125 207.7687530517578125 198.5187530517578125 189.96875 182.7687530517578125 175.868743896484375 168.5187530517578125 160.6750030517578125 154.806243896484375 151.5812530517578125 149.350006103515625 148.9375 149.2937469482421875 148.256256103515625 146.5749969482421875 147.0625 147.537506103515625 149.0812530517578125 151.037506103515625 153.756256103515625 156.3249969482421875 158.5062408447265625 159.4499969482421875 156.8000030517578125 153.631256103515625 150.875 147.350006103515625 144.1875 141.90625 139.975006103515625
228.2375030517578125 224.7375030517578125 217.475006103515625 213.1374969482421875 209.4375 211.7937469482421875 215.2312469482421875 219.7062530517578125 224.193756103515625 227.8125 230.649993896484375 232.0625 231.1437530517578125 226.5749969482421875 218.287506103515625 209.4562530517578125 201.4812469482421875 192.9562530517578125 185.350006103515625 178.1999969482421875 170.256256103515625 162.1687469482421875 155.212493896484375 151.024993896484375 149.9562530517578125 150.743743896484375 152.5812530517578125 153.1125030517578125 152.943756103515625 154.306243896484375 155.193756103515625 156.881256103515625 158.7937469482421875 160.118743896484375 161.975006103515625 162.9250030517578125 162.8249969482421875 161.1687469482421875 159.1875 156.4187469482421875 153.337493896484375 150.1374969482421875 146.6437530517578125 145.5625
231.318756103515625 225.006256103515625 218.03125 212.631256103515625 208.118743896484375 209.431243896484375 213.5500030517578125 216.875 219.256256103515625 222.5625 226.181243896484375 227.28125 226.1062469482421875 222.65625 216.243743896484375 208.2312469482421875 201.475006103515625 194.03125 187.03125 179.5812530517578125 171.6750030517578125 163.6999969482421875 156.4250030517578125 152.71875 153.0749969482421875 154.1937408447265625 156.212493896484375 157.5749969482421875 158.875 159.743743896484375 161.46875 163.1999969482421875 165.1999969482421875 166.2624969482421875 166.568756103515625 166.868743896484375 166.3874969482421875 164.568756103515625 163.6750030517578125 161.8125 159.34375 155.993743896484375 152.649993896484375 150.743743896484375
233.5187530517578125 224.4187469482421875 217.25 211.0625 206.6999969482421875 206.931243896484375 209.8937530517578125 213.09375 215.6374969482421875 218.431243896484375 220.4250030517578125 221.493743896484375 220.5124969482421875 217.7312469482421875 213.1062469482421875 206.75 200.524993896484375 194.59375 188.118743896484375 181.5 174.65625 167.0187530517578125 161.7937469482421875 159.3312530517578125 158.9000091552734375 159.1875 160.78125 162.7375030517578125 164.118743896484375 165.0749969482421875 166.0437469482421875 167.8000030517578125 169.524993896484375 169.6687469482421875 170.4499969482421875 170.375 169.556243896484375 168.7062530517578125 167.306243896484375 167.4812469482421875 166.837493896484375 163.943756103515625 157.9187469482421875 155.34375
234.9375 223.4562530517578125 214.7375030517578125 208.4812469482421875 204.0812530517578125 203.6437530517578125 205.5875091552734375 208.225006103515625 211.5437469482421875 213.8000030517578125 215.6125030517578125 216.0187530517578125 215.725006103515625 213.375 209.587493896484375 205.5500030517578125 201.3000030517578125 195.3125 189.5437469482421875 183.84375 178.256256103515625 171.912506103515625 167.850006103515625 166.4937591552734375 165.6687469482421875 165.2375030517578125 167.024993896484375 168.243743896484375 169.78125 169.8249969482421875 170.568756103515625 171.568756103515625 172.181243896484375 172.3874969482421875 173.568756103515625 173.3000030517578125 172.662506103515625 171.4812469482421875 170.431243896484375 170.068756103515625 171.1125030517578125 167.7687530517578125 163.506256103515625 164.243743896484375
233.443756103515625 221.274993896484375 212.1687469482421875 203.743743896484375 199.6062469482421875 199.506256103515625 201.2062530517578125 203.8125 206.7687530517578125 208.243743896484375 210.0500030517578125 211.1437530517578125 211.506256103515625 210.78125 208.024993896484375 204.9562530517578125 200.381256103515625 196.21875 190.806243896484375 185.8000030517578125 181.1875 177.3625030517578125 174.3312530517578125 172.556243896484375 171.7312469482421875 171.6875 172.993743896484375 173.5500030517578125 174.25 174.712493896484375 175.0500030517578125 175.681243896484375 176.118743896484375 177 177.8937530517578125 176.743743896484375 175.368743896484375 175.1062469482421875 172.53125 171.3874969482421875 172.1125030517578125 174.3562469482421875 174.056243896484375 177.3000030517578125
229.850006103515625 218.03125 209.024993896484375 200.8249969482421875 195.712493896484375 196.462493896484375 198.0187530517578125 199.9250030517578125 201.5500030517578125 203.7624969482421875 205.8562469482421875 207.4187469482421875 209.0124969482421875 207.9812469482421875 206.4499969482421875 204.4562530517578125 201.8874969482421875 197.649993896484375 192.2062530517578125 189.4250030517578125 186.40625 183.618743896484375 181.3562469482421875 179.6750030517578125 178.1875 178.274993896484375 178.587493896484375 178.9499969482421875 178.931243896484375 178.8937530517578125 179.318756103515625 180.125 180.3000030517578125 181.9812469482421875 182.125 180.600006103515625 179.493743896484375 180.1125030517578125 176.725006103515625 170.993743896484375 173.024993896484375 179.962493896484375 184.2624969482421875 188.5
225.006256103515625 214.5187530517578125 206.1875 199.681243896484375 195.7312469482421875 194.2312469482421875 195.056243896484375 195.912506103515625 197.2687530517578125 199.037506103515625 201.337493896484375 203.837493896484375 205.6750030517578125 206.3937530517578125 206.71875 205.931243896484375 204.1374969482421875 200.4812469482421875 196.7312469482421875 194.818756103515625 192.71875 190.225006103515625 188.0749969482421875 186.243743896484375 185.399993896484375 184.693756103515625 184.0500030517578125 183.7687530517578125 182.96875 183.381256103515625 183.8312530517578125 184.056243896484375 184.65625 185.774993896484375 187.2312469482421875 185.9499969482421875 184.993743896484375 184.5500030517578125 180.28125 177.15625 182.037506103515625 191.4499969482421875 198.6875 207.8937530517578125
218.125 209.806243896484375 202.568756103515625 197.193756103515625 193.306243896484375 190.7375030517578125 190.3125 190.443756103515625 191.3312530517578125 193.1999969482421875 197.3312530517578125 200.087493896484375 203.6062469482421875 207.368743896484375 208.149993896484375 208.5187530517578125 207.0749969482421875 205.8625030517578125 203.712493896484375 202.193756103515625 200.225006103515625 197.03125 193.875 191.931243896484375 191.068756103515625 189.912506103515625 188.875 187.881256103515625 187.506256103515625 187.9375 188.537506103515625 189.006256103515625 189.8000030517578125 190.962493896484375 193.412506103515625 193.2687530517578125 193.743743896484375 193.25 190.15625 192.90625 198.837493896484375 208.725006103515625 219.443756103515625 233.1687469482421875
210.399993896484375 204.3874969482421875 198.431243896484375 194.21875 190.100006103515625 187.1062469482421875 184.9250030517578125 184.568756103515625 185.431243896484375 187.15625 191.274993896484375 196.7062530517578125 202.5749969482421875 207.006256103515625 209.1062469482421875 210.6999969482421875 211.443756103515625 211.375 210.493743896484375 209.818756103515625 207.2937469482421875 203.7375030517578125 200.193756103515625 197.6750030517578125 196.375 194.6125030517578125 193.65625 192.006256103515625 191.350006103515625 191.931243896484375 192.899993896484375 194.412506103515625 195.6999969482421875 197.3562469482421875 200.4499969482421875 201.8312530517578125 202.3000030517578125 201.5500030517578125 203.118743896484375 209.024993896484375 215.537506103515625 226.6687469482421875 241.462493896484375 258.899993896484375
203.9250030517578125 199.6875 194.875 190.600006103515625 186.975006103515625 183.3312530517578125 180.03125 178.84375 178.1750030517578125 180.556243896484375 185.912506103515625 193.7375030517578125 201.556243896484375 208.774993896484375 212.6437530517578125 214.0625 216.15625 217.15625 217.193756103515625 216.881256103515625 214.5749969482421875 210.618743896484375 206.306243896484375 202.649993896484375 200.09375 198.556243896484375 196.7375030517578125 195.5500030517578125 194.4187469482421875 195.399993896484375 197.3874969482421875 199.2312469482421875 200.806243896484375 203.818756103515625 206.350006103515625 207.4812469482421875 208.5749969482421875 212.850006103515625 216.881256103515625 222.7624969482421875 231.0187530517578125 242.0437469482421875 257.20001220703125 274.59375
199.2937469482421875 195.506256103515625 191.3125 187.149993896484375 183.625 180.087493896484375 176.65625 173.443756103515625 171.4375 172.3937530517578125 178.90625 188.5812530517578125 199.5625 209.5625 213.96875 217.962493896484375 219.9187469482421875 221.96875 223.475006103515625 224.71875 221.943756103515625 216.1750030517578125 210.850006103515625 206.8000030517578125 203.625 201.1687469482421875 199.46875 198.493743896484375 197.6687469482421875 198.1750030517578125 201.15625 203.212493896484375 205.8625030517578125 209.149993896484375 210.9812469482421875 212.3000030517578125 218.0500030517578125 222.9375 227.037506103515625 234.2937469482421875 243.681243896484375 253.5625 266.26873779296875 281.712493896484375
195.0124969482421875 191.9562530517578125 188.5500030517578125 185.0500030517578125 181.475006103515625 178.0625 173.96875 169.881256103515625 166.1062469482421875 163.524993896484375 171.899993896484375 187.9250030517578125 200.3625030517578125 209.7062530517578125 215.399993896484375 220.0812530517578125 223.1750030517578125 225.5437469482421875 227.7062530517578125 228.837493896484375 225.46875 219.4499969482421875 213.9250030517578125 209.2937469482421875 205.4812469482421875 203.256256103515625 200.818756103515625 200.53125 199.412506103515625 201.125 204.068756103515625 207.943756103515625 210.693756103515625 214.524993896484375 216.837493896484375 220.306243896484375 226.6875 233.056243896484375 238.662506103515625 244.225006103515625 252.2624969482421875 260.58123779296875 271.375 285.0625
192.7624969482421875 189.756256103515625 186.506256103515625 183.625 180.2937469482421875 177.1999969482421875 173.756256103515625 169.868743896484375 166.118743896484375 162.181243896484375 176.431243896484375 194.193756103515625 203.881256103515625 211.8937530517578125 217.5187530517578125 222.40625 226.0500030517578125 228.1437530517578125 229.5625 228.7937469482421875 226.0500030517578125 221.087493896484375 216.09375 210.5625 206.818756103515625 204.399993896484375 202.100006103515625 201.8937530517578125 201.443756103515625 204.3249969482421875 205.6125030517578125 209.4499969482421875 213.4875030517578125 217.8937530517578125 221.34375 227.0187530517578125 234.6062469482421875 241.212493896484375 248.84375 255.5500030517578125 260.162506103515625 267.83123779296875 274.65625 283.818756103515625
189.8937530517578125 187.3499908447265625 185.162506103515625 182.7312469482421875 179.71875 177.3312530517578125 175.2375030517578125 173.21875 173.993743896484375 180.681243896484375 197.2375030517578125 203.9250030517578125 209.193756103515625 215.725006103515625 220.337493896484375 224.4812469482421875 228.037506103515625 229.662506103515625 229.693756103515625 229.056243896484375 225.625 220.662506103515625 216.6437530517578125 212.0437469482421875 207.493743896484375 205.2375030517578125 203.34375 203 203.0437469482421875 205.4375 207.6125030517578125 210.84375 214.7375030517578125 219.037506103515625 225.8125 232.618743896484375 238.78125 246.9812469482421875 253.4562530517578125 256.024993896484375 259.3125 265.931243896484375 268.98748779296875 276.01251220703125
186.8625030517578125 185.131256103515625 183.4812469482421875 181.4499969482421875 180.03125 179.243743896484375 178.1687469482421875 178.943756103515625 182.681243896484375 189.9187469482421875 200.100006103515625 207.78125 213.1437530517578125 218.96875 223.3125 226.837493896484375 230.71875 231.4187469482421875 230.806243896484375 229.850006103515625 225.4875030517578125 220.65625 215.962493896484375 211.3249969482421875 208.2312469482421875 205.59375 203.90625 204.03125 204.1437530517578125 205.9187469482421875 207.6999969482421875 213.53125 219.6750030517578125 224.5124969482421875 231.787506103515625 237.8249969482421875 243.1750030517578125 249.5124969482421875 255.6687469482421875 255.8312530517578125 257.63751220703125 261.875 263.41876220703125 265.89373779296875
