data/historical-monthly-weather-data/wc2.1_cruts4.09_10m_prec_1951-05.asc
ncols        51
nrows        45
xllcorner    -63.500000000000
yllcorner    -7.500000000000
cellsize     0.166666666667
NODATA_value -9999
[rows 19 to 37 of 45, columns 0 to 43 of 51]
248.649993896484375 248.556243896484375 249.024993896484375 248.5749969482421875 250.725006103515625 255.850006103515625 257.64373779296875 257.20001220703125 256.26873779296875 254.3312530517578125 252.537506103515625 247.6875 242.0187530517578125 231.7874908447265625 221.3125 207.125 195.631256103515625 195.475006103515625 192.743743896484375 194.5437469482421875 195.7687530517578125 203.631256103515625 214.9562530517578125 221.9875030517578125 225.056243896484375 223.4875030517578125 224.1875 226.6687469482421875 222.100006103515625 214.9375 213.7624969482421875 224.1750030517578125 227.556243896484375 228.8937530517578125 236.8000030517578125 246.962493896484375 252.9562530517578125 256.17498779296875 256.625 253.774993896484375 242.181243896484375 233.5 234.131256103515625 234.7062530517578125
234.681243896484375 242.65625 246.524993896484375 246.0625 245.5812530517578125 253.375 258.006256103515625 259.131256103515625 258.649993896484375 254.7687530517578125 251.725006103515625 247.725006103515625 239.212493896484375 230.2312469482421875 217.993743896484375 208.21875 195.5625 190.899993896484375 192.2062530517578125 190.75 199.881256103515625 208.056243896484375 215.2687530517578125 221.318756103515625 225.6125030517578125 224.4250030517578125 218.962493896484375 218.881256103515625 219.28125 218.975006103515625 221.431243896484375 226.9250030517578125 225.1687469482421875 225.9187469482421875 231.5749969482421875 240.7062530517578125 248.037506103515625 251.931243896484375 250.4250030517578125 245.381256103515625 240.3562469482421875 232.8125 229.243743896484375 231.4250030517578125
228.59375 229.0500030517578125 236.850006103515625 243.056243896484375 243.5500030517578125 248.34375 255.462493896484375 260.14373779296875 260.649993896484375 257.63751220703125 253.4187469482421875 246.9187469482421875 238.193756103515625 228.6999969482421875 221.006256103515625 209.3000030517578125 207.1125030517578125 200.2937469482421875 199.9187469482421875 196.568756103515625 197.193756103515625 203.568756103515625 210.2687530517578125 212.7937469482421875 212.78125 215.6750030517578125 219.618743896484375 219.53125 225.556243896484375 227.337493896484375 225.9812469482421875 225.024993896484375 227.431243896484375 231.1750030517578125 232.3312530517578125 236.8249969482421875 243.9875030517578125 247.631256103515625 245.787506103515625 241.53125 238.193756103515625 231.96875 228.225006103515625 228.2937469482421875
222.931243896484375 230.6875 236.912506103515625 242.7624969482421875 243.2312469482421875 247.037506103515625 246.399993896484375 252.712493896484375 259.73126220703125 258.08123779296875 252.0749969482421875 245.100006103515625 240.712493896484375 232.28125 224.618743896484375 215.46875 209.306243896484375 204.3249969482421875 201 197.975006103515625 200.118743896484375 200.1687469482421875 204.087493896484375 205.7375030517578125 210.0187530517578125 211.8625030517578125 212.912506103515625 218.75 225.5625 226.4875030517578125 224.024993896484375 226.537506103515625 231.84375 234.3000030517578125 236.96875 234.068756103515625 236.5124969482421875 242.068756103515625 244.8562469482421875 240.693756103515625 235.5500030517578125 230.618743896484375 226.524993896484375 225.7312469482421875
214.75 225.2312469482421875 234.4375 237.912506103515625 237.6999969482421875 239.243743896484375 247.46875 251.681243896484375 252.899993896484375 250.5749969482421875 247.7375030517578125 246.931243896484375 241.84375 236.53125 226.9875030517578125 217.9187469482421875 211.318756103515625 207.881256103515625 205.15625 202.899993896484375 200.693756103515625 200.84375 201.318756103515625 206.3125 207.8562469482421875 206.3312530517578125 210.1624908447265625 216.743743896484375 225.381256103515625 231.3249969482421875 235.2062530517578125 239.1999969482421875 244.6750030517578125 245.5187530517578125 245.8000030517578125 238.587493896484375 243.0749969482421875 244.962493896484375 244.3125 240.78125 234.5500030517578125 231.181243896484375 227.9375 224.3874969482421875
211.6062469482421875 223.15625 230.2062530517578125 236.818756103515625 238.4812469482421875 241.412506103515625 242.743743896484375 247.337493896484375 247.53125 247.412506103515625 244.462493896484375 241.9375 241.131256103515625 236.037506103515625 226.3562469482421875 219.399993896484375 215.537506103515625 211.162506103515625 206.65625 204.087493896484375 203.96875 201.5812530517578125 202.899993896484375 206.0124969482421875 207.125 211.725006103515625 215.681243896484375 223.243743896484375 231.287506103515625 241.462493896484375 246.8937530517578125 256.96875 261.125 260.649993896484375 254.5812530517578125 248.931243896484375 249.649993896484375 245.4812469482421875 243.15625 239.600006103515625 234.7375030517578125 229.568756103515625 226.149993896484375 220.125
213.8312530517578125 226.818756103515625 227.712493896484375 232.649993896484375 231.131256103515625 233.162506103515625 234.243743896484375 237.9812469482421875 235.78125 233.2624969482421875 237.3000030517578125 238.2312469482421875 235.212493896484375 232.03125 228.1125030517578125 221.475006103515625 217.7687530517578125 213.3625030517578125 208.5812530517578125 204.649993896484375 204.318756103515625 201.850006103515625 202.806243896484375 203.537506103515625 207.8874969482421875 212.1999969482421875 221.875 229.881256103515625 237.6687469482421875 248.8562469482421875 260.243743896484375 277.875 282.899993896484375 274.53125 265.10626220703125 259.600006103515625 253.9562530517578125 249.53125 241.0749969482421875 236.34375 232.4250030517578125 225.2624969482421875 219.0625 215.6999969482421875
212.7062530517578125 217.662506103515625 221.9250030517578125 224.662506103515625 223.462493896484375 225.524993896484375 226.056243896484375 225.7375030517578125 225.568756103515625 230.306243896484375 232.600006103515625 231.381256103515625 231.6437530517578125 230.75 227.1374969482421875 223.15625 217.806243896484375 211.9499969482421875 211.381256103515625 206.693756103515625 203.78125 202.1437530517578125 202.600006103515625 206.962493896484375 211.274993896484375 216.34375 225.743743896484375 234.0187530517578125 243.25 252.2375030517578125 267.73126220703125 285.59375 295.899993896484375 282.84375 269.71875 261.89373779296875 259.09375 251.34375 242.6437530517578125 237.3874969482421875 231.881256103515625 224.462493896484375 217.962493896484375 211.59375
212.7375030517578125 213.1750030517578125 215.399993896484375 214.787506103515625 215.0812530517578125 218.0625 219.381256103515625 217.34375 219.243743896484375 223.556243896484375 224.96875 224.5437469482421875 226 225.7312469482421875 224.4812469482421875 218.96875 216.84375 215.4875030517578125 214.681243896484375 211.0187530517578125 207.59375 203.8562469482421875 205.993743896484375 209.21875 214.28125 218.024993896484375 227.9187469482421875 236.2312469482421875 246.3312530517578125 255.993743896484375 269.03125 283.1875 288.881256103515625 280.13751220703125 272.587493896484375 265.01873779296875 258.83123779296875 254.4875030517578125 247.7624969482421875 239.056243896484375 231.25 225.5437469482421875 218.806243896484375 213.1750030517578125
209.399993896484375 208.5625 207.625 207.0124969482421875 206.7624969482421875 205.4437408447265625 205.1687469482421875 207.8937530517578125 213.5625 215.09375 217.225006103515625 219.3000030517578125 220.743743896484375 223.818756103515625 224.8874969482421875 223.7687530517578125 221.6687469482421875 218.649993896484375 216.4187469482421875 213.4250030517578125 210.1437530517578125 205.8249969482421875 205.875 208.912506103515625 213.556243896484375 215.556243896484375 225.649993896484375 236.2624969482421875 246.087493896484375 253.7937469482421875 264.76251220703125 273.20623779296875 275.824981689453125 271.868743896484375 270.25 264.412506103515625 260.068756103515625 253.9749908447265625 247.3125 238.5437469482421875 227.1750030517578125 218.975006103515625 216.524993896484375 215.71875
208.6999969482421875 205.6875 201.6750030517578125 197.1374969482421875 195.1437530517578125 196.6999969482421875 196.931243896484375 201.5124969482421875 205.3000030517578125 205.7874908447265625 209.3249969482421875 212.8249969482421875 216.1750030517578125 220.9250030517578125 222.931243896484375 223.2375030517578125 222.0187530517578125 222.774993896484375 219.40625 214.09375 210.8937530517578125 208.25 207.1687469482421875 208.6125030517578125 210.118743896484375 216.287506103515625 222.712493896484375 229.056243896484375 237.962493896484375 245.6812591552734375 255.25 260.76251220703125 263.54998779296875 264.243743896484375 264.86248779296875 259.118743896484375 260.868743896484375 256.868743896484375 249.1999969482421875 246.0187530517578125 238.899993896484375 229.25 221.65625 216.337493896484375
207.943756103515625 202.493743896484375 195.8249969482421875 192.1374969482421875 190.25 190.600006103515625 192.818756103515625 194.243743896484375 197.8125 200.337493896484375 203.743743896484375 206.5812530517578125 213.4499969482421875 215.90625 218.962493896484375 222.287506103515625 223.7375030517578125 222.59375 220.8874969482421875 218.03125 211.8000030517578125 207.375 205.975006103515625 204.9812469482421875 206.1750030517578125 213.5500030517578125 218.2312469482421875 222.4250030517578125 230.4562530517578125 236.2624969482421875 245.4250030517578125 248.337493896484375 251.3874969482421875 254.3562469482421875 255.743743896484375 251.306243896484375 253.943756103515625 255.537506103515625 253.2375030517578125 248.9562530517578125 247.0500030517578125 236.6437530517578125 227.875 218.743743896484375
202.8125 196.0187530517578125 190.0437469482421875 187.0500030517578125 186.2750091552734375 184.8312530517578125 188.7062530517578125 187.2375030517578125 190.068756103515625 192.1125030517578125 195.34375 197.943756103515625 204.53125 210.90625 214.3937530517578125 219.6125030517578125 219.0562591552734375 217.7687530517578125 216.5500030517578125 214.712493896484375 207.837493896484375 203.8249969482421875 201.381256103515625 201.5437469482421875 205.8000030517578125 209.256256103515625 213.4375 215.743743896484375 219.7249908447265625 226.09375 230.0625 234.34375 237.0437469482421875 240.881256103515625 245.0812530517578125 243.6750030517578125 246.1437530517578125 250.1999969482421875 248.5 251.09375 249.9375 241.84375 234.243743896484375 229.118743896484375
198.318756103515625 193.0500030517578125 187.28125 185.506256103515625 182.5437469482421875 180.756256103515625 182.556243896484375 181.96875 184.1062469482421875 187.25 193.3562469482421875 196.2062530517578125 201.875 209.1125030517578125 211.8562469482421875 213.943756103515625 214.181243896484375 215.618743896484375 211.9499969482421875 209.837493896484375 202.806243896484375 199.993743896484375 196.287506103515625 197.9562530517578125 200.84375 204.274993896484375 206.0500030517578125 208.4250030517578125 209.6750030517578125 213.693756103515625 217.9812469482421875 220.7062530517578125 222.1125030517578125 229.631256103515625 233.381256103515625 237.024993896484375 237.3000030517578125 242 241.649993896484375 247.8125 247.3562469482421875 243.96875 239.006256103515625 237.2062530517578125
194.412506103515625 188.8312530517578125 186.0625 183.787506103515625 182.274993896484375 179.006256103515625 178.1875 176.350006103515625 177.2062530517578125 179.7687530517578125 184.6437530517578125 191.337493896484375 195.943756103515625 200.837493896484375 205.5812530517578125 210.1125030517578125 211.8000030517578125 211.756256103515625 206.40625 202.318756103515625 198.587493896484375 196.21875 192.7312469482421875 192.0437469482421875 194.537506103515625 195.9250030517578125 196.3937530517578125 197.34375 199.9499969482421875 202.8187408447265625 206.024993896484375 208.024993896484375 210.8874969482421875 215.34375 221.024993896484375 224.28125 227.975006103515625 229.3625030517578125 233.7062530517578125 238.375 239.09375 240.7687530517578125 242.006256103515625 242.431243896484375
188.9375 184.375 182.912506103515625 182.3000030517578125 181.15625 177.4375 172.806243896484375 170.912506103515625 168.412506103515625 171.056243896484375 177.0187530517578125 184.2312469482421875 192.475006103515625 199.725006103515625 203.600006103515625 206.8312530517578125 207.6437530517578125 207.181243896484375 202.056243896484375 195.556243896484375 192.1750030517578125 188.318756103515625 186.5124969482421875 185.181243896484375 186.118743896484375 186.9375 189.243743896484375 190.6062469482421875 191.975006103515625 194.7624969482421875 195.743743896484375 196.868743896484375 197.681243896484375 202.7937469482421875 202.8312530517578125 207.90625 209.9250030517578125 218.6750030517578125 223.2312469482421875 226.6999969482421875 229.037506103515625 229.556243896484375 232.5187530517578125 237.006256103515625
186.3249969482421875 183.743743896484375 180.837493896484375 179.34375 177.1687469482421875 173.225006103515625 167.756256103515625 165.8562469482421875 163.524993896484375 163.037506103515625 167.4875030517578125 178.8125 190.0500030517578125 196.1687469482421875 200.9499969482421875 202.725006103515625 202.743743896484375 199.2937469482421875 196.225006103515625 189.662506103515625 186.568756103515625 183.0812530517578125 180.5437469482421875 179.625 179.0812530517578125 178.5812530517578125 182.475006103515625 183.993743896484375 182.84375 184.46875 185.7937469482421875 186.34375 186.5187530517578125 186.9562530517578125 188.2624969482421875 191.537506103515625 200.1374969482421875 203.3312530517578125 208.0500030517578125 215.2312469482421875 217.006256103515625 221.34375 223 227.587493896484375
184.75 183.756256103515625 180.5812530517578125 178.65625 177.1687469482421875 171.649993896484375 166.662506103515625 161.875 158.256256103515625 153.15625 163.4812469482421875 182.524993896484375 191.931243896484375 195.84375 198.4562530517578125 199.0625 196.6750030517578125 192.3562469482421875 189.024993896484375 181.6062469482421875 179.5500030517578125 176.6875 172.962493896484375 171.6750030517578125 171.1125030517578125 172.1437530517578125 173.975006103515625 174.568756103515625 173.5749969482421875 175.4812469482421875 177.3874969482421875 178.600006103515625 177.662506103515625 175.225006103515625 176.7375030517578125 182.087493896484375 187.962493896484375 193.1687469482421875 196.2062530517578125 200.25 202.318756103515625 204.3625030517578125 211.662506103515625 217.712493896484375
184.068756103515625 182.8874969482421875 181.6687469482421875 179.056243896484375 178.462493896484375 173.8125 168.818756103515625 162.8562469482421875 159.024993896484375 153.6687469482421875 174.09375 193.15625 197.3562469482421875 199.0124969482421875 198.556243896484375 196.8874969482421875 192.7687530517578125 188.8249969482421875 183.037506103515625 177.368743896484375 172.524993896484375 169.7624969482421875 166.431243896484375 164.7062530517578125 163.6374969482421875 163.712493896484375 163.368743896484375 167.2312469482421875 167.506256103515625 167.5187530517578125 167.7062530517578125 168.8312530517578125 168.9187469482421875 165.256256103515625 163.5124969482421875 168.7624969482421875 176.118743896484375 180.381256103515625 186.46875 188.1374969482421875 190.7937469482421875 193.9187469482421875 195.2375030517578125 198
