data/historical-monthly-weather-data/wc2.1_cruts4.09_10m_prec_1982-04.asc
ncols        51
nrows        45
xllcorner    -63.500000000000
yllcorner    -7.500000000000
cellsize     0.166666666667
NODATA_value -9999
[rows 0 to 19 of 45, columns 0 to 43 of 51]
283.875 286.28125 286.225006103515625 291.681243896484375 292.03125 287.318756103515625 281.20623779296875 270.568756103515625 262.70623779296875 259 258.756256103515625 258.568756103515625 257.1875 253.9875030517578125 251.7375030517578125 250.3125 250.1999969482421875 247.625 247.8249969482421875 248.212493896484375 248.8625030517578125 250.7687530517578125 252.1374969482421875 256.46875 259.01251220703125 264.70623779296875 272.068756103515625 281.881256103515625 290.59375 299.04998779296875 308.225006103515625 317.76873779296875 325.41876220703125 335.10626220703125 344.46875 353.60626220703125 360.23748779296875 366.899993896484375 375.162506103515625 381.07501220703125 386.79376220703125 391.23126220703125 391.79376220703125 394.63751220703125
292.649993896484375 294.95623779296875 302.337493896484375 309.350006103515625 315.006256103515625 308.54376220703125 299.975006103515625 293.26873779296875 286.39373779296875 281.225006103515625 279.13751220703125 276.15625 273.20001220703125 269.181243896484375 264.431243896484375 262.681243896484375 259.88751220703125 258.806243896484375 258.85626220703125 258.318756103515625 258.506256103515625 259.193756103515625 261.66876220703125 264.024993896484375 267.524993896484375 271.83123779296875 278.806243896484375 288.78125 295.875 302.75 311.66876220703125 321.83123779296875 329.54998779296875 339.86248779296875 347.91876220703125 356.51873779296875 365.662506103515625 372.743743896484375 379.89373779296875 384.20001220703125 388.25 392.806243896484375 393.42498779296875 393.350006103515625
296.04998779296875 301.39373779296875 307.91876220703125 317.45623779296875 324.962493896484375 321.10626220703125 315.73748779296875 311.63751220703125 308.88751220703125 303.556243896484375 298.100006103515625 292.34375 288.20001220703125 281.15625 275.79998779296875 272.587493896484375 268.98748779296875 267.70001220703125 266.462493896484375 266.375 266.95001220703125 268.01873779296875 268.631256103515625 270.337493896484375 273.86248779296875 277.53125 285.36248779296875 291.73126220703125 296.71875 303.75 311.274993896484375 319.34375 330.01251220703125 340.07501220703125 347.45001220703125 355.856231689453125 367.712493896484375 377.8125 384.04998779296875 388.943756103515625 393.16876220703125 395.01251220703125 395.29998779296875 395.649993896484375
293.868743896484375 300.631256103515625 311.587493896484375 319.5 327.17498779296875 328.1875 327.08123779296875 326.51251220703125 327.63751220703125 325.368743896484375 318.03125 308.600006103515625 299.85626220703125 292.46875 285.899993896484375 281.92498779296875 278.48748779296875 276.36248779296875 274.58123779296875 274.32501220703125 275.54998779296875 276.037506103515625 274.86248779296875 276.86248779296875 279.412506103515625 280.96875 288.881256103515625 293.287506103515625 297.45001220703125 305.149993896484375 311.60626220703125 318.693756103515625 326.76251220703125 336.58123779296875 344.618743896484375 356.53125 368.75 379.993743896484375 388.943756103515625 392.5625 396.881256103515625 399.806243896484375 397.162506103515625 395.17498779296875
305.931243896484375 308.350006103515625 311.16876220703125 319.350006103515625 330.28125 333.17498779296875 333.100006103515625 336.493743896484375 342.337493896484375 344.912506103515625 334.45623779296875 319.01873779296875 309.225006103515625 301.631256103515625 294.431243896484375 289.58123779296875 284.95001220703125 282.756256103515625 280.51873779296875 279.48748779296875 281.21875 280.59375 279.399993896484375 282.274993896484375 281.91876220703125 282.8125 288.087493896484375 295.0625 300.65625 305.38751220703125 310.84375 313.98126220703125 321.61248779296875 332.04376220703125 341.618743896484375 354.21875 366.36248779296875 379.149993896484375 389.243743896484375 393.912506103515625 400.043731689453125 398.33123779296875 396.306243896484375 395.98748779296875
310.837493896484375 315.59375 319.037506103515625 320.32501220703125 330.125 334.806243896484375 335.32501220703125 339.17498779296875 345.20623779296875 350.649993896484375 337.17498779296875 322.63751220703125 313.86248779296875 306.82501220703125 299.04376220703125 294.493743896484375 287.95001220703125 285 284.243743896484375 283.53125 283.26873779296875 282.056243896484375 282.83123779296875 283.75 284.100006103515625 285.462493896484375 289.712493896484375 295.412506103515625 299.98126220703125 303.03125 306.58123779296875 310.71875 315.16876220703125 324.212493896484375 334.86248779296875 346.53125 360.95623779296875 374.0625 383.8062744140625 391.181243896484375 393.45623779296875 391.587493896484375 390.712493896484375 391.14373779296875
317.33123779296875 322.53125 326.193756103515625 326.493743896484375 327.5 327.506256103515625 327.931243896484375 330.26251220703125 331.36248779296875 330.45001220703125 326.38751220703125 320.04376220703125 316.38751220703125 309.84375 303.23126220703125 299.54376220703125 293.350006103515625 287.0625 284.024993896484375 284.09375 284.71875 284.618743896484375 284.79998779296875 283.537506103515625 284.33123779296875 286.08123779296875 290.67498779296875 294.043731689453125 297.431243896484375 299.649993896484375 302.57501220703125 304.59375 309.537506103515625 315.225006103515625 324.287506103515625 335.95001220703125 348.493743896484375 362.51251220703125 375.09375 382.01873779296875 380.931243896484375 380.225006103515625 380.4375 381.10626220703125
324.75 328.07501220703125 329.587493896484375 331.76251220703125 332.98126220703125 329.79998779296875 322.274993896484375 314.38751220703125 307.681243896484375 306.524993896484375 312.07501220703125 315.33123779296875 315.712493896484375 312.818756103515625 308.26873779296875 303.412506103515625 296.868743896484375 289.86248779296875 283.850006103515625 283.725006103515625 285.743743896484375 286.46875 285.493743896484375 284.26251220703125 286.01873779296875 285.381256103515625 288.881256103515625 292.01873779296875 295.17498779296875 296.993743896484375 296.5 297.25 301.274993896484375 306.29998779296875 313.1875 321.524993896484375 333.787506103515625 346.07501220703125 355.98126220703125 361.412506103515625 363.306243896484375 364.868743896484375 365.037506103515625 364.587493896484375
330.71875 334.568756103515625 335.29376220703125 335.23126220703125 335.67498779296875 330.274993896484375 323.32501220703125 313.42498779296875 300.243743896484375 293.975006103515625 303.48126220703125 310.8125 318.225006103515625 317.087493896484375 311.70623779296875 307.225006103515625 301.73126220703125 295.54998779296875 290.931243896484375 288.225006103515625 284.70001220703125 286.70001220703125 285.037506103515625 285.85626220703125 286.618743896484375 284.01251220703125 286.056243896484375 289.34375 292.037506103515625 293.337493896484375 294.131256103515625 292.46875 294.14373779296875 295.837493896484375 301.42498779296875 309.29998779296875 320.431243896484375 329.381256103515625 338.17498779296875 342.787506103515625 345.306243896484375 345.51251220703125 347.23748779296875 348.57501220703125
336.26251220703125 338.25 339.375 339.28125 338.04998779296875 333.318756103515625 327.618743896484375 318.54376220703125 311.1875 309.162506103515625 314.162506103515625 317.48748779296875 322.29998779296875 321.54376220703125 317.5625 311.625 306.068756103515625 300.91876220703125 296.087493896484375 295.131256103515625 290.70001220703125 288.193756103515625 285.20001220703125 287.006256103515625 284.45623779296875 279.95001220703125 281.1875 283.73748779296875 287.1875 290.399993896484375 288.60626220703125 285.337493896484375 285.26873779296875 286.03125 289.412506103515625 297.09375 304.39373779296875 311.975006103515625 319.17498779296875 325.40625 329.84375 330.48748779296875 330.79998779296875 327.84375
341.8125 344.712493896484375 344.66876220703125 343.59375 340.20623779296875 336.431243896484375 332.118743896484375 325.318756103515625 322.40625 322.59375 326.98126220703125 331.39373779296875 329.85626220703125 328.037506103515625 321.51251220703125 314.38751220703125 309.04376220703125 304.76251220703125 301.381256103515625 299.29376220703125 298.037506103515625 293.40625 286.70001220703125 279.70623779296875 280.07501220703125 275.82501220703125 274.681243896484375 276.131256103515625 277.868743896484375 280.71875 278.98126220703125 275.524993896484375 275.04376220703125 274.8125 276.837493896484375 280.73126220703125 286.39373779296875 293.081268310546875 300.48126220703125 306.875 310.85626220703125 311.381256103515625 313.84375 313.36248779296875
344.149993896484375 345.993743896484375 345.399993896484375 347.63751220703125 345.931243896484375 340.71875 338.8125 335.899993896484375 335.59375 336.868743896484375 341.087493896484375 345.26873779296875 338.57501220703125 332.712493896484375 325.16876220703125 318.20001220703125 311.89373779296875 307.306243896484375 304.23126220703125 302.48748779296875 299.699981689453125 294.149993896484375 287.162506103515625 282.51873779296875 275.9375 267.350006103515625 265.34375 265.024993896484375 266.45001220703125 267.162506103515625 265.975006103515625 263.70001220703125 262.10626220703125 261.943756103515625 263.412506103515625 267.725006103515625 274.04376220703125 280.91876220703125 286.01251220703125 290.39373779296875 295.475006103515625 296.98748779296875 298.149993896484375 294.45001220703125
347.20623779296875 348.40625 348.10626220703125 348.96875 349.09375 348.38751220703125 345.462493896484375 342.53125 342.3125 346.381256103515625 350.33123779296875 353.40625 346.818756103515625 332.70001220703125 324.412506103515625 319.350006103515625 311.850006103515625 306.818756103515625 304.600006103515625 301 297.412506103515625 289.543731689453125 279.28125 273.83123779296875 261.4375 251.5625 252.0437469482421875 251.5437469482421875 253.6875 253.6750030517578125 252.6374969482421875 250.375 248.556243896484375 248.28125 248.6999969482421875 254.4562530517578125 261.04376220703125 267.78125 274.125 278.912506103515625 279.76251220703125 282.787506103515625 281.38751220703125 278.20001220703125
348.943756103515625 349.756256103515625 348.20001220703125 348.493743896484375 350.82501220703125 350.337493896484375 347.71875 346.17498779296875 347.850006103515625 350.51251220703125 351.181243896484375 348.85626220703125 343.162506103515625 332.493743896484375 320.95623779296875 316.79376220703125 309.20623779296875 302.03125 299.78125 294.337493896484375 288.73748779296875 278.53125 268.58123779296875 259.006256103515625 248.875 240.5124969482421875 239.5437469482421875 239.4250030517578125 240.243743896484375 240.6875 239.6750030517578125 238.318756103515625 234.837493896484375 234.2312469482421875 235.506256103515625 241.912506103515625 248.475006103515625 256.506256103515625 264.32501220703125 267.79998779296875 265.57501220703125 263.368743896484375 266.725006103515625 271.11248779296875
348.618743896484375 349.71875 349.04376220703125 349.912506103515625 352.98748779296875 352.462493896484375 351.462493896484375 350.024993896484375 349.537506103515625 349.64373779296875 348.975006103515625 345.84375 338.73126220703125 328.79376220703125 316.225006103515625 308.40625 302.350006103515625 298.743743896484375 295.51251220703125 290.125 281.65625 272.21875 259.95623779296875 250.15625 240.568756103515625 233.5625 231.6687469482421875 231.6750030517578125 232.3249969482421875 231.693756103515625 228.9875030517578125 225.1687469482421875 223.84375 221.8625030517578125 221.78125 227.1687469482421875 237.412506103515625 248.1062469482421875 254.318756103515625 254.34375 251.8874969482421875 254.3000030517578125 262.568756103515625 265.41876220703125
346.09375 346.993743896484375 348.75 351.318756103515625 353.82501220703125 353.587493896484375 352.556243896484375 351.65625 352.70623779296875 351.024993896484375 348.625 344.10626220703125 336.96875 325.681243896484375 311.181243896484375 297.012481689453125 294.975006103515625 295.35626220703125 290.91876220703125 286 276.79998779296875 264.92498779296875 251.5812530517578125 242.243743896484375 232.818756103515625 226.8874969482421875 223.962493896484375 224.256256103515625 224.5812530517578125 224.4375 223.4562530517578125 219.25 212.9562530517578125 209.3000030517578125 206.9875030517578125 216.84375 226.868743896484375 237.6999969482421875 243.462493896484375 245.9875030517578125 244.9437408447265625 250.21875 256.28125 258.618743896484375
342.006256103515625 344.54998779296875 348.024993896484375 351.6875 354.100006103515625 354.09375 355.337493896484375 354.66876220703125 353.33123779296875 351.725006103515625 347.96875 343.03125 334.618743896484375 323.64373779296875 311.443756103515625 300.34375 291.01873779296875 288.949981689453125 287.26873779296875 283.48126220703125 273.26251220703125 261.318756103515625 247.225006103515625 235.1125030517578125 226.024993896484375 219.34375 217.1875 217.0500030517578125 218.1437530517578125 219.100006103515625 217.818756103515625 214.0437469482421875 208.2062530517578125 203.725006103515625 205.287506103515625 211.7687530517578125 222.0187530517578125 233.287506103515625 241.8249969482421875 242.0500030517578125 241.337493896484375 246.118743896484375 249.0437469482421875 251.649993896484375
336.33123779296875 341.90625 345.71875 352.25 355.375 356.868743896484375 359.17498779296875 357.225006103515625 355.10626220703125 351.387481689453125 345.84375 340.21875 331.8125 322.90625 312.03125 302.774993896484375 293.181243896484375 282.34375 284.23126220703125 281.524993896484375 272.59375 259.006256103515625 244.287506103515625 232.1437530517578125 223.618743896484375 216.9937591552734375 212.568756103515625 214.1312408447265625 215.90625 216.100006103515625 211.9187469482421875 202.975006103515625 201.625 200.3937530517578125 200.287506103515625 208.9562530517578125 218.6437530517578125 228.600006103515625 235.8249969482421875 240.7375030517578125 238.837493896484375 241.818756103515625 244.056243896484375 245.318756103515625
329.29376220703125 337.306243896484375 344.04376220703125 349.96875 354.649993896484375 358.04376220703125 359.774993896484375 360.756256103515625 358.67498779296875 353.806243896484375 345.774993896484375 336.09375 328.45623779296875 322.21875 309.28125 300.431243896484375 292.3125 283.3125 278.26251220703125 276.17498779296875 271.625 259.881256103515625 237.4250030517578125 228.899993896484375 222.59375 218.125 215.962493896484375 215.59375 217.375 216.3625030517578125 212.131256103515625 204.2375030517578125 198.962493896484375 191.725006103515625 190.46875 199.068756103515625 209.21875 218.46875 228.381256103515625 233.0500030517578125 235.993743896484375 238.53125 238.9875030517578125 239.34375
321.73126220703125 332.34375 339.33123779296875 344.38751220703125 352.3125 359.45623779296875 363.962493896484375 363.225006103515625 360.76873779296875 355.431243896484375 345.63751220703125 337.5625 329.493743896484375 321.568756103515625 307.45001220703125 293.15625 282.725006103515625 280.850006103515625 275.756256103515625 273.149993896484375 263.95001220703125 249.8125 236.6750030517578125 228.649993896484375 222.5749969482421875 217.6875 216.75 218.4499969482421875 217.9187469482421875 214.5749969482421875 208.25 204.931243896484375 196.024993896484375 184.6125030517578125 178.4812469482421875 186.431243896484375 200.162506103515625 212.631256103515625 222.0812530517578125 228.6374969482421875 231.6125030517578125 233.5812530517578125 233.7312469482421875 233.4187469482421875
