data/historical-monthly-weather-data/wc2.1_cruts4.09_10m_prec_1960-03.asc
ncols        45
nrows        45
xllcorner    -63.500000000000
yllcorner    -7.500000000000
cellsize     0.166666666667
NODATA_value -9999
[rows 0 to 19 of 45, columns 0 to 44 of 45]
37.1875 27.325000762939453125 23.831249237060546875 22.09375 20.674999237060546875 22.524999618530273438 24.462499618530273438 26.587499618530273438 30.625 35.387500762939453125 41.268749237060546875 49.924999237060546875 59.25 68.3562469482421875 80.1062469482421875 92.3937530517578125 105.90625 116.56874847412109375 128.7937469482421875 140.3249969482421875 148.375 155.1062469482421875 162.5812530517578125 168.6374969482421875 176.462493896484375 184.46875 193.225006103515625 205.131256103515625 215.90625 220.40625 227.875 232.9187469482421875 238.5187530517578125 246.0437469482421875 252.7687530517578125 257.98126220703125 261.787506103515625 265.96875 270.79998779296875 274.243743896484375 278.037506103515625 282.225006103515625 285.04998779296875 288.681243896484375 288.32501220703125
40.27500152587890625 29.768749237060546875 25.962499618530273438 23.287500381469726562 21.162500381469726562 22.887498855590820312 24.90625 27.34375 32.33750152587890625 37.799999237060546875 44.125 53.231250762939453125 62.9375 72.71250152587890625 84.86875152587890625 97.76874542236328125 111.71875 126.25 141.21875 155.5749969482421875 163.8312530517578125 170.881256103515625 178.774993896484375 185.2937469482421875 192.2874908447265625 199.943756103515625 207.743743896484375 218.899993896484375 228.0437469482421875 231.506256103515625 235.8312530517578125 241.350006103515625 245.337493896484375 253.53125 258.17498779296875 263.64373779296875 268.618743896484375 272.48748779296875 276.756256103515625 279.39373779296875 283.443756103515625 287.03125 289.337493896484375 292.068756103515625 292.16876220703125
50.206249237060546875 40.59375 37.16249847412109375 34.643749237060546875 32.362499237060546875 33.331249237060546875 34.887500762939453125 36.94374847412109375 41.81874847412109375 47.28125 52.88124847412109375 61.44374847412109375 70.85625457763671875 80.43125152587890625 92.83750152587890625 106.5 120.46250152587890625 134.6374969482421875 148.5437469482421875 161.9562530517578125 170.3249969482421875 177.9187469482421875 184.96875 192.774993896484375 201.006256103515625 208.21875 216.3625030517578125 226.931243896484375 234.875 237.1125030517578125 241.34375 245.881256103515625 250.537506103515625 255.9875030517578125 263 267.01873779296875 272.95001220703125 279.287506103515625 283.63751220703125 287.90625 292.09375 294.6875 296.256256103515625 297.45001220703125 298.556243896484375
61.40000152587890625 53.3125 51.0625 48.856250762939453125 46.71250152587890625 46.68125152587890625 47.450000762939453125 48.950000762939453125 53.831249237060546875 58.918750762939453125 63.674999237060546875 71.15625 79.34999847412109375 88.1999969482421875 100.9375 114.77500152587890625 129.524993896484375 142.7062530517578125 155.243743896484375 166.912506103515625 175.6750030517578125 182.462493896484375 188.40625 197 206.2624969482421875 214.4499969482421875 222.7624969482421875 231.087493896484375 238.6374969482421875 241.2937469482421875 243.443756103515625 248.7750091552734375 252.787506103515625 257.65625 263.787506103515625 270.493743896484375 277.91876220703125 285.568756103515625 292.118743896484375 296.662506103515625 299.8125 302.631256103515625 303.875 303.6875 304.38751220703125
75.2937469482421875 67.8562469482421875 65.36875152587890625 63.83750152587890625 61.96250152587890625 61.112499237060546875 60.66249847412109375 61.53749847412109375 66.5124969482421875 71.6437530517578125 75.1374969482421875 81.06874847412109375 88.25624847412109375 96.96250152587890625 109.3249969482421875 123.63124847412109375 138.0749969482421875 150.2687530517578125 160.3312530517578125 169.6437530517578125 178.3625030517578125 184.587493896484375 191.3874969482421875 201.2687530517578125 211.1937408447265625 220.4875030517578125 227.1999969482421875 234.8625030517578125 244.0500030517578125 244.443756103515625 247.056243896484375 249.96875 255.6125030517578125 261.212493896484375 267.25 275.33123779296875 283.681243896484375 292.01251220703125 300.11248779296875 304.8125 309.568756103515625 310.475006103515625 310.53125 310.64373779296875 309.631256103515625
90.40000152587890625 84.1687469482421875 82.2937469482421875 79.96250152587890625 76.97499847412109375 75.7687530517578125 74.8249969482421875 75.00624847412109375 79.6374969482421875 84.7062530517578125 86.5500030517578125 91.5 98.5437469482421875 106.31874847412109375 117.8000030517578125 130.7937469482421875 144.006256103515625 153.9562530517578125 162.537506103515625 169.90625 178.4562530517578125 186.368743896484375 194.475006103515625 204.3562469482421875 214.7375030517578125 225.2937469482421875 231.912506103515625 238.243743896484375 245.162506103515625 246.8874969482421875 248.7062530517578125 252.3000030517578125 257.28125 266.193756103515625 274.868743896484375 283.61248779296875 294.92498779296875 304.88751220703125 313.899993896484375 320.712493896484375 324.024993896484375 324.743743896484375 324.131256103515625 323.056243896484375 320.60626220703125
105.9875030517578125 100.61875152587890625 98.5749969482421875 95.34375 91.34375 89.21875 87.5187530517578125 86.2375030517578125 88.44374847412109375 91.19374847412109375 94.28125 100.1374969482421875 107.3312530517578125 115.0124969482421875 125.41875457763671875 136.7937469482421875 148.2312469482421875 155.2687530517578125 161.1999969482421875 168.375 177.1750030517578125 187.0500030517578125 196.2062530517578125 206.881256103515625 218.1374969482421875 228.5 234.962493896484375 240.337493896484375 244.9875030517578125 245.881256103515625 250.09375 253.756256103515625 260.04376220703125 268.5625 279.10626220703125 290.774993896484375 302.9375 315.006256103515625 327.993743896484375 334.16876220703125 335.01251220703125 335.649993896484375 334.48126220703125 333.037506103515625 332.11248779296875
120.5124969482421875 115.91249847412109375 113.06874847412109375 109.68125152587890625 105.81874847412109375 102.80625152587890625 99.0187530517578125 94.81874847412109375 93.65625 95.4499969482421875 100.1374969482421875 107.4875030517578125 115.69374847412109375 123.7687530517578125 132.625 142.1999969482421875 150.662506103515625 154.9375 159.1187591552734375 164.8562469482421875 175.306243896484375 186.681243896484375 197.681243896484375 208.7375030517578125 221.65625 231.4875030517578125 236.3874969482421875 240.8874969482421875 243.8874969482421875 244.993743896484375 248.2062530517578125 254.65625 261.462493896484375 271.087493896484375 282.681243896484375 295.524993896484375 309.368743896484375 322.76251220703125 335.368743896484375 341.524993896484375 343.70001220703125 343.88751220703125 342.42498779296875 340.375 338.037506103515625
133 128.5500030517578125 125.875 122.55625152587890625 118.31874847412109375 114.6125030517578125 109.8937530517578125 104.27500152587890625 100.1875 100.375 106.90000152587890625 115.6437530517578125 124.96250152587890625 132.506256103515625 139.0124969482421875 145.625 151.21875 154.774993896484375 159.4375 164.9499969482421875 174.537506103515625 187.40625 199.274993896484375 213.8312530517578125 226.9375 235.9812469482421875 238.537506103515625 241.0187530517578125 244.6750030517578125 245.568756103515625 249.8562469482421875 257.024993896484375 264.89373779296875 274.793731689453125 286.225006103515625 300.631256103515625 316.9375 330.993743896484375 343.48748779296875 349.76873779296875 352.60626220703125 352.29998779296875 351.056243896484375 348.42498779296875 343.006256103515625
145.4562530517578125 141.0187530517578125 138.1374969482421875 134.774993896484375 130.9000091552734375 127.03125 122.30625152587890625 116.75 113.6437530517578125 114.00624847412109375 118.66249847412109375 125.94374847412109375 134.899993896484375 142.2312469482421875 145.65625 148.84375 151.725006103515625 154.8125 158.943756103515625 164.306243896484375 174.3625030517578125 187.975006103515625 202.4375 219.287506103515625 231.2375030517578125 239.7937469482421875 241.7312469482421875 242.875 244.631256103515625 245.2624969482421875 249.399993896484375 258.587493896484375 268.381256103515625 280.01251220703125 292.0625 306.58123779296875 322.837493896484375 338.493743896484375 351.53125 359.54998779296875 363.774993896484375 363.712493896484375 359.70623779296875 352.35626220703125 347
157.8562469482421875 153.649993896484375 150.350006103515625 147.1687469482421875 143.8249969482421875 140.493743896484375 136.125 130.693756103515625 128.8937530517578125 129.693756103515625 132.71875 138.931243896484375 146.03125 152.681243896484375 153.1999969482421875 152.712493896484375 152.5 155.125 158.381256103515625 163.3874969482421875 174.875 189.225006103515625 206.2062530517578125 222.15625 236.975006103515625 243.225006103515625 244.100006103515625 246.1062469482421875 246.662506103515625 246.5 251.962493896484375 260.79998779296875 271 283.29376220703125 296.618743896484375 311.106231689453125 327.33123779296875 343.61248779296875 357.25 367.693756103515625 372.85626220703125 370.84375 364.33123779296875 355.28125 348.5
168.5124969482421875 164.3499908447265625 161.09375 158.412506103515625 154.881256103515625 152.806243896484375 149.90625 145.7062530517578125 144.818756103515625 145.5812530517578125 147.8125 151.40625 155.4562530517578125 159.587493896484375 160.506256103515625 159.5124969482421875 157.649993896484375 159.3249969482421875 162.100006103515625 166.256256103515625 176.337493896484375 191.2062530517578125 209.962493896484375 229.3562469482421875 242.2687530517578125 243.881256103515625 244.087493896484375 246.443756103515625 249.9187469482421875 253.3874969482421875 257.10626220703125 264.59375 274.21875 285.91876220703125 298.58123779296875 315.07501220703125 332.712493896484375 349.64373779296875 362.631256103515625 374.53125 380.899993896484375 376.58123779296875 365.45001220703125 349.662506103515625 338.274993896484375
178.993743896484375 174.506256103515625 171.618743896484375 168.600006103515625 165.712493896484375 164.837493896484375 162.7687530517578125 160.1999969482421875 160.0124969482421875 161.743743896484375 164.4250030517578125 165.431243896484375 166.975006103515625 167.337493896484375 167.318756103515625 166.03125 163.743743896484375 165.2062530517578125 167.8562469482421875 170.59375 178.337493896484375 192.462493896484375 210.337493896484375 227.03125 234.381256103515625 236.9812469482421875 242.71875 248.162506103515625 253.962493896484375 259.26251220703125 264.04998779296875 269.412506103515625 277.35626220703125 288.29998779296875 300.618743896484375 316.381256103515625 334.699981689453125 352.625 367.25 381.018768310546875 389.600006103515625 382.431243896484375 362.04998779296875 341.931243896484375 326.693756103515625
188.25 184.037506103515625 181.181243896484375 178.3625030517578125 176.1999969482421875 175.2687530517578125 174.850006103515625 174.475006103515625 176.2062530517578125 178.5625 180.9375 179.9499969482421875 178.412506103515625 177.318756103515625 174.6750030517578125 173.3125 170.78125 171.4812469482421875 173.3249969482421875 176.181243896484375 184.8562469482421875 196.8312530517578125 210.693756103515625 222.431243896484375 229.306243896484375 234.868743896484375 242.21875 249.368743896484375 256.462493896484375 263.04376220703125 269.95001220703125 275.54376220703125 280.85626220703125 289.037506103515625 300.42498779296875 317.368743896484375 337.26873779296875 355.350006103515625 369.606231689453125 382.53125 390.36248779296875 376.524993896484375 357.64373779296875 340.98126220703125 327.51873779296875
194.462493896484375 189.5625 187.3000030517578125 185.931243896484375 184.662506103515625 184.649993896484375 185.9250030517578125 187.25 189.443756103515625 192.2312469482421875 195.193756103515625 193.618743896484375 191.375 189.306243896484375 185.4499969482421875 183.6687469482421875 181.024993896484375 182.006256103515625 182.962493896484375 185.131256103515625 193.2937469482421875 203.0812530517578125 213.556243896484375 223.274993896484375 231.3562469482421875 239.3562469482421875 247.368743896484375 255.2624969482421875 263.743743896484375 271.46875 276.66876220703125 281.34375 286.618743896484375 290.5 298.618743896484375 317.681243896484375 339.79376220703125 358.912506103515625 371.037506103515625 379.46875 380.681243896484375 370.881256103515625 359.5 344.08123779296875 332.78125
198.600006103515625 194.162506103515625 192.9375 192.431243896484375 192.256256103515625 194.5124969482421875 196.631256103515625 198.756256103515625 202.693756103515625 206.65625 209.25 207.9875030517578125 205.53125 202.65625 198.9187469482421875 195.431243896484375 192.3312530517578125 192.9875030517578125 193.350006103515625 195.243743896484375 201.6062469482421875 209.0187530517578125 217.181243896484375 225.725006103515625 233.7375030517578125 242.75 252.087493896484375 261.79376220703125 272.51873779296875 280.756256103515625 287.32501220703125 291.38751220703125 293.73748779296875 297.01251220703125 303.21875 327.98748779296875 348.64373779296875 360.806243896484375 369.475006103515625 376.962493896484375 378.90625 370.78125 359.70623779296875 345.837493896484375 335.66876220703125
202.8874969482421875 199.118743896484375 198.024993896484375 198.6374969482421875 199.90625 203.28125 207.587493896484375 211.118743896484375 215.625 220.3625030517578125 223.243743896484375 222.4812469482421875 220.3562469482421875 216.5437469482421875 213.649993896484375 209.1437530517578125 203.8562469482421875 202.90625 203.6062469482421875 204.6875 209.34375 215.0437469482421875 221.6374969482421875 229.412506103515625 237.6999969482421875 245.493743896484375 256.056243896484375 267.875 279.25 289.78125 297.91876220703125 302.84375 306.04998779296875 313.037506103515625 331.181243896484375 353.068756103515625 364.5625 368.78125 372.149993896484375 376.524993896484375 381.3125 372.837493896484375 359.32501220703125 345.64373779296875 337.875
205.493743896484375 202.1875 202.6062469482421875 204.46875 206.5749969482421875 210.8249969482421875 215.618743896484375 220.6125030517578125 226.3562469482421875 231.8562469482421875 236.1125030517578125 237.3000030517578125 235.274993896484375 232.868743896484375 229.568756103515625 224.087493896484375 218.431243896484375 212.875 215.118743896484375 215.625 218.9375 221.662506103515625 224.9812469482421875 232.024993896484375 240.0625 249.743743896484375 260.16876220703125 274.024993896484375 288.14373779296875 299.51873779296875 307.15625 307.70623779296875 312.82501220703125 325.36248779296875 349.725006103515625 380.96875 380.40625 374.8125 372.381256103515625 375.399993896484375 375.993743896484375 368.51251220703125 358.287506103515625 346.89373779296875 339.25
207.318756103515625 204.662506103515625 205.7687530517578125 208.6437530517578125 212.34375 218.34375 224.431243896484375 230.40625 236.787506103515625 243.1999969482421875 248.443756103515625 249.024993896484375 249.8312530517578125 249.412506103515625 244.681243896484375 238.1750030517578125 231.3562469482421875 224.899993896484375 223.375 223.993743896484375 226.3562469482421875 227.649993896484375 225.2687530517578125 232.350006103515625 241.375 252.068756103515625 264.73126220703125 278.368743896484375 294.125 307.631256103515625 317.024993896484375 314.443756103515625 314.162506103515625 318.556243896484375 335.943756103515625 362.88751220703125 368.70623779296875 369.0625 370.54998779296875 371.1875 371.57501220703125 364.82501220703125 357.61248779296875 349.506256103515625 342.225006103515625
207.337493896484375 206.1750030517578125 208.3000030517578125 212.318756103515625 217.5437469482421875 225.59375 233.2687530517578125 240.537506103515625 247.756256103515625 254.25 259.65625 260.85626220703125 263.53125 265.59375 258.54376220703125 248.1687469482421875 238.4499969482421875 235.037506103515625 231.96875 231.149993896484375 229.15625 226.1875 225.100006103515625 231.40625 240.46875 250.818756103515625 264.76251220703125 280.618743896484375 295.431243896484375 306.76873779296875 313.693756103515625 314.01251220703125 306.524993896484375 299.125 298.89373779296875 320.26873779296875 344.943756103515625 358.412506103515625 365.274993896484375 368.506256103515625 368.17498779296875 363.08123779296875 358.85626220703125 353.59375 347.40625
