data/historical-monthly-weather-data/wc2.1_cruts4.09_10m_prec_2008-03.asc
ncols        51
nrows        45
xllcorner    -63.500000000000
yllcorner    -7.500000000000
cellsize     0.166666666667
NODATA_value -9999
[rows 0 to 19 of 45, columns 0 to 44 of 51]
220.40625 220.5124969482421875 218.350006103515625 222.212493896484375 223.787506103515625 224.9499969482421875 222.068756103515625 218.6875 215.2062530517578125 215.5500030517578125 220.0187530517578125 224.7937469482421875 229.7375030517578125 231.4562530517578125 233.037506103515625 234.274993896484375 238.1750030517578125 236.84375 238.537506103515625 240.0124969482421875 244.4250030517578125 247.975006103515625 252.181243896484375 252.493743896484375 254.9625091552734375 256.881256103515625 256.54376220703125 259.181243896484375 260.98748779296875 262.462493896484375 268.618743896484375 271.962493896484375 276.82501220703125 284.037506103515625 290.537506103515625 297.35626220703125 302.95001220703125 309.14373779296875 316.82501220703125 323.056243896484375 329.54998779296875 334.975006103515625 338.587493896484375 343.04376220703125 342.381256103515625
229.649993896484375 230.0437469482421875 233.59375 238.587493896484375 242.6437530517578125 243.375 240.443756103515625 238.568756103515625 238.8625030517578125 240.243743896484375 244.306243896484375 247.5625 250.962493896484375 252.5625 253.024993896484375 253.9499969482421875 256.3125 255.8625030517578125 255.1062469482421875 255.037506103515625 258.306243896484375 261.693756103515625 265.993743896484375 267.07501220703125 268.475006103515625 270.149993896484375 269.42498779296875 272.100006103515625 273.14373779296875 275.85626220703125 281.04998779296875 287.587493896484375 291.712493896484375 300.73126220703125 305.73126220703125 313.03125 320.01251220703125 325.89373779296875 333.162506103515625 338.6875 345.73126220703125 350.631256103515625 353.71875 357.23748779296875 357.087493896484375
237.4499969482421875 239.556243896484375 245.6999969482421875 252.4187469482421875 256.962493896484375 258.64373779296875 260.17498779296875 262.243743896484375 264.34375 267.550018310546875 269.09375 270.024993896484375 272.381256103515625 273.537506103515625 273.28125 274.78125 276.368743896484375 277.056243896484375 276.5 276.84375 280.868743896484375 285.42498779296875 288.48748779296875 289.743743896484375 290.90625 290.149993896484375 289.006256103515625 290.26873779296875 289.362518310546875 291.306243896484375 297.38751220703125 303.71875 309.337493896484375 315.73126220703125 324.10626220703125 329.125 336.5625 344.662506103515625 351.36248779296875 358.225006103515625 364.868743896484375 368.66876220703125 371.056243896484375 372.79998779296875 373.45623779296875
242.78125 247.493743896484375 257.91876220703125 265.59375 271.693756103515625 274.29998779296875 278.568756103515625 284.15625 290.29376220703125 294.75 294.993743896484375 292.73748779296875 291.92498779296875 291.76251220703125 291.850006103515625 292.86248779296875 296.193756103515625 298.931243896484375 300.443756103515625 301.63751220703125 307.34375 311.04998779296875 312.36248779296875 312.649993896484375 312.818756103515625 311.100006103515625 308.899993896484375 306.26251220703125 304.08123779296875 306.993743896484375 311.20623779296875 319.38751220703125 324.774993896484375 331.0625 338.84375 346.556243896484375 354.9375 363.756256103515625 372.381256103515625 378.65625 383.212493896484375 387.381256103515625 389.54376220703125 389.63751220703125 389.23126220703125
255.1374969482421875 258.462493896484375 266.38751220703125 276.4375 284.118743896484375 288.41876220703125 293.04998779296875 301.181243896484375 311.6875 319.86248779296875 318.256256103515625 312.10626220703125 309.86248779296875 311 309.912506103515625 311.975006103515625 315.17498779296875 320.868743896484375 322.975006103515625 324.51251220703125 331.149993896484375 334.04998779296875 336.67498779296875 336.756256103515625 335.34375 332.868743896484375 327.162506103515625 322.681243896484375 321.931243896484375 322.23126220703125 327.606231689453125 333.26251220703125 341.350006103515625 349.137481689453125 357.23126220703125 366.01251220703125 374.693756103515625 383.41876220703125 393.13751220703125 398.5625 404.29998779296875 406.024993896484375 406.82501220703125 407.350006103515625 404.162506103515625
265.67498779296875 269.806243896484375 279.45623779296875 286.35626220703125 290.399993896484375 295.868743896484375 301.39373779296875 309.15625 320.90625 331.76873779296875 327.524993896484375 321.318756103515625 321.225006103515625 321.92498779296875 322.95001220703125 326.006256103515625 330.806243896484375 338.056243896484375 343.65625 346.649993896484375 352.3125 356.54376220703125 359.70623779296875 358.36248779296875 356.318756103515625 354.63751220703125 348.25 341.42498779296875 337.318756103515625 338.681243896484375 342.28125 348.1875 355.04998779296875 367.16876220703125 378.556243896484375 387.475006103515625 399.256256103515625 409.193756103515625 419.068756103515625 426.16876220703125 428.89373779296875 430.225006103515625 430.09375 428.95623779296875 423.42498779296875
274.193756103515625 277.70623779296875 286.056243896484375 290.38751220703125 291.82501220703125 296.274993896484375 301.4375 306.024993896484375 311.48748779296875 316.91876220703125 321.28125 322.037506103515625 325.26251220703125 328.6875 332.28125 336.83123779296875 343.09375 350.95623779296875 358.29376220703125 367.006256103515625 372.0625 377.899993896484375 380.912506103515625 379.71875 378.087493896484375 375.07501220703125 368.04376220703125 359.59375 351.98126220703125 351.16876220703125 357.149993896484375 362.20001220703125 370.356231689453125 381.506256103515625 395.024993896484375 407.26251220703125 419.318756103515625 431.193756103515625 445.368743896484375 450.375 448.649993896484375 449.65625 448.70001220703125 446.9375 443.01873779296875
278.76251220703125 281.318756103515625 286.96875 291.125 293.79998779296875 297.60626220703125 298.45001220703125 295.98126220703125 293.3125 298.28125 310.3125 318.681243896484375 327.225006103515625 334.412506103515625 340.08123779296875 346.61248779296875 352.256256103515625 360.631256103515625 370.85626220703125 382.32501220703125 390.118743896484375 397.024993896484375 401.6875 400 400.38751220703125 395.462493896484375 385.54998779296875 375.493743896484375 365.17498779296875 363.51251220703125 366.912506103515625 374.96875 383.256256103515625 395.45623779296875 409.95623779296875 423.07501220703125 436.71875 449.493743896484375 462.256256103515625 466.0625 465.04998779296875 465.16876220703125 463.6875 460.912506103515625 454.743743896484375
282.399993896484375 284.14373779296875 289.943756103515625 294.212493896484375 296.17498779296875 299.01873779296875 298.587493896484375 293.475006103515625 283.912506103515625 284.95623779296875 302.381256103515625 315.743743896484375 328.243743896484375 336.21875 345.068756103515625 354.58123779296875 362.412506103515625 371.524993896484375 384.256256103515625 396.40625 401.662506103515625 411.16876220703125 416.85626220703125 421.850006103515625 422.09375 415.14373779296875 400.806243896484375 387.318756103515625 377.60626220703125 374.068756103515625 377.337493896484375 384.92498779296875 393.975006103515625 405.912506103515625 419.54376220703125 434.493743896484375 451.23748779296875 464.462493896484375 476.54376220703125 480.024993896484375 479.29998779296875 478.17498779296875 476.45623779296875 472.42498779296875 462.14373779296875
285.931243896484375 287.006256103515625 292.024993896484375 296.13751220703125 299.08123779296875 302.20623779296875 302.91876220703125 299.53125 294.193756103515625 296.40625 308.375 318.118743896484375 330.068756103515625 339.537506103515625 350.33123779296875 362.48748779296875 373.67498779296875 383.32501220703125 395.20623779296875 407.225006103515625 413.16876220703125 423.931243896484375 434.73126220703125 444.243743896484375 441.868743896484375 433.61248779296875 417.70001220703125 401.587493896484375 388.443756103515625 382.70001220703125 383.868743896484375 392.84375 403.931243896484375 417.774993896484375 431.61248779296875 446.29376220703125 462.600006103515625 477.693756103515625 490.149993896484375 495.5625 496.225006103515625 494.850006103515625 488.73748779296875 477.78125 467.662506103515625
289.08123779296875 290.100006103515625 294.131256103515625 298.568756103515625 302.818756103515625 307.618743896484375 309.89373779296875 307.98748779296875 306.850006103515625 310.6875 318.568756103515625 326.67498779296875 335.46875 345.587493896484375 358.006256103515625 371.087493896484375 383.5625 393.61248779296875 403.65625 415.100006103515625 424.443756103515625 436.71875 452.899993896484375 460.58123779296875 463.96875 450.98748779296875 432.662506103515625 417.600006103515625 401.85626220703125 392.943756103515625 394.23748779296875 401.03125 411.850006103515625 426.037506103515625 441.118743896484375 455.39373779296875 471.243743896484375 486.943756103515625 499.95001220703125 508.40625 509.95623779296875 505.35626220703125 495.21875 481.462493896484375 469.587493896484375
291.225006103515625 292.66876220703125 296.86248779296875 302.29376220703125 306.149993896484375 312.73126220703125 317.443756103515625 317.931243896484375 318.787506103515625 322.037506103515625 328.17498779296875 335.20623779296875 342.83123779296875 352.6875 367.76873779296875 380.95001220703125 390.618743896484375 398.931243896484375 408.32501220703125 418.26251220703125 425.36248779296875 440.193756103515625 461.649993896484375 477.975006103515625 478.57501220703125 457.537506103515625 437.712493896484375 422.86248779296875 411.42498779296875 406.787506103515625 403.76873779296875 407.056243896484375 416.42498779296875 429.25 442.837493896484375 459.64373779296875 477.15625 493.39373779296875 505.79376220703125 516.6875 520.2437744140625 512.01873779296875 495.10626220703125 471.881256103515625 454.024993896484375
293.118743896484375 294.524993896484375 299.443756103515625 304.28125 309.243743896484375 316.95001220703125 322.1875 325.26873779296875 327 331.649993896484375 338.850006103515625 346.04998779296875 355.087493896484375 362.76873779296875 376.60626220703125 388.95001220703125 397.45001220703125 405.806243896484375 415.5 422.631256103515625 425.443756103515625 440.131256103515625 461.375 474.0625 465.837493896484375 448.79998779296875 439.256256103515625 429.48748779296875 421.29998779296875 418.1875 415.287506103515625 413.85626220703125 420.125 431.35626220703125 444.068756103515625 459.45623779296875 477.59375 494.96875 510.056243896484375 524.0625 531.01251220703125 518.5374755859375 488.63751220703125 459.274993896484375 436.60626220703125
293.46875 295.725006103515625 300.73126220703125 305.850006103515625 311.90625 318.32501220703125 325.350006103515625 331.5625 336.45001220703125 341.66876220703125 348.274993896484375 356.83123779296875 365.78125 375.98126220703125 384.75 396.631256103515625 404.45623779296875 411.506256103515625 419.850006103515625 428 434.5 445.756256103515625 459.84375 464.212493896484375 457.39373779296875 447.98748779296875 441.53125 434.41876220703125 427.993743896484375 425.70001220703125 424.587493896484375 422.20623779296875 423.89373779296875 430.60626220703125 441.54998779296875 458.3125 478.28125 495.48748779296875 509.881256103515625 522.5687255859375 528.46875 507.14373779296875 479.59375 455.20623779296875 435.32501220703125
292.79998779296875 294.39373779296875 299.993743896484375 307.11248779296875 314.162506103515625 321.024993896484375 329.83123779296875 338.056243896484375 343.53125 349.368743896484375 357.09375 366 375.29998779296875 384.96875 390.67498779296875 400.65625 407.46875 415.506256103515625 422.350006103515625 429.71875 437.51251220703125 446.53125 455.912506103515625 458.54376220703125 456.6875 454.125 448.9375 442.993743896484375 438.600006103515625 436.899993896484375 431.76251220703125 426.875 428.04376220703125 428.04998779296875 433.881256103515625 453.01873779296875 475.337493896484375 492.75 500.54376220703125 503.09375 497.318756103515625 484.82501220703125 471.5 452.524993896484375 436.76251220703125
289.756256103515625 292.29376220703125 299.14373779296875 307.100006103515625 315.29998779296875 324.8125 333.70623779296875 342.13751220703125 350.42498779296875 358.225006103515625 365.306243896484375 375.54376220703125 385.5 394.431243896484375 399.868743896484375 405.25 410.36248779296875 417.962493896484375 424.050018310546875 431.681243896484375 438.10626220703125 444.92498779296875 452.35626220703125 455.100006103515625 455.631256103515625 457.162506103515625 454.699981689453125 451.86248779296875 450.92498779296875 448.725006103515625 444.40625 437.318756103515625 433.712493896484375 432.506256103515625 435.15625 461.462493896484375 480.6875 487.20001220703125 486.537506103515625 483.743743896484375 476.100006103515625 469.14373779296875 460.61248779296875 447.58123779296875 434.681243896484375
287.068756103515625 290.943756103515625 297.64373779296875 306.850006103515625 316.762481689453125 326.975006103515625 338.193756103515625 347.850006103515625 356.6875 365.506256103515625 372.875 384.48748779296875 395.61248779296875 403.3125 409.774993896484375 412.412506103515625 412.36248779296875 416.98748779296875 424.225006103515625 430.837493896484375 436.5625 443.0625 450.350006103515625 453.875 457.225006103515625 458.381256103515625 458.40625 459.21875 459.162506103515625 459.524993896484375 456.29376220703125 449.368743896484375 446.493743896484375 450.225006103515625 469.23748779296875 490.087493896484375 495.38751220703125 490.012481689453125 479.4375 469.71875 463.61248779296875 458.556243896484375 450.068756103515625 440.11248779296875 431.48748779296875
282.649993896484375 287.70623779296875 296.67498779296875 307.774993896484375 318.98126220703125 330.04998779296875 341.506256103515625 352.92498779296875 362.962493896484375 372.125 380.868743896484375 394.14373779296875 403.8125 412.5 417.375 417.61248779296875 416.581268310546875 412.42498779296875 422.78125 428.881256103515625 435.787506103515625 440.743743896484375 445.443756103515625 449.10626220703125 453.21875 458.88751220703125 458.637481689453125 462.76251220703125 466.975006103515625 467.850006103515625 463.012481689453125 449.087493896484375 448.76251220703125 460.11248779296875 487.206268310546875 519.9437255859375 508.33123779296875 490.006256103515625 473.625 464.125 454.256256103515625 448.64373779296875 441.912506103515625 433.024993896484375 425.26251220703125
277.475006103515625 283.88751220703125 293.912506103515625 306.46875 320.037506103515625 333.431243896484375 346.40625 358.899993896484375 369.006256103515625 378.71875 387.912506103515625 398.16876220703125 410.29376220703125 420.399993896484375 422.01251220703125 419.89373779296875 416.4375 411.162506103515625 414.399993896484375 421.23126220703125 430.131256103515625 436.756256103515625 434.57501220703125 439.82501220703125 446.82501220703125 455.29998779296875 459 462.618743896484375 469.274993896484375 472.89373779296875 470.08123779296875 451.14373779296875 442.975006103515625 442.806243896484375 460.01873779296875 486.95623779296875 484.475006103515625 474.818756103515625 466.056243896484375 456.256256103515625 448.04998779296875 440.96875 434.931243896484375 427.6875 420.95623779296875
269.61248779296875 278.28125 289.681243896484375 303.76873779296875 319.381256103515625 335.38751220703125 350.368743896484375 364.32501220703125 375.03125 384.08123779296875 392.649993896484375 401.95623779296875 414.881256103515625 426.98126220703125 424.149993896484375 415.306243896484375 406.756256103515625 407.42498779296875 408.23126220703125 413.149993896484375 417.162506103515625 419.493743896484375 423.274993896484375 428.368743896484375 436.35626220703125 445.04376220703125 451.26873779296875 458.67498779296875 463.868743896484375 463.92498779296875 457.331268310546875 442.75 424.78125 408.618743896484375 402.287506103515625 422.48748779296875 445.73748779296875 453.95001220703125 454.21875 450.0625 442.568756103515625 435.524993896484375 430.537506103515625 424.649993896484375 419.76251220703125
