data/historical-monthly-weather-data/wc2.1_cruts4.09_10m_prec_1951-09.asc
ncols        51
nrows        45
xllcorner    -63.500000000000
yllcorner    -7.500000000000
cellsize     0.166666666667
NODATA_value -9999
[rows 19 to 37 of 45, columns 0 to 43 of 51]
154.25 155.712493896484375 156.912506103515625 159.756256103515625 162.943756103515625 166.65625 168.4812469482421875 168.6125030517578125 168.806243896484375 165.881256103515625 161.6687469482421875 156.3249969482421875 149.53125 142.4499969482421875 135.837493896484375 131.15625 124.58750152587890625 124.5 122.21875 125.72499847412109375 128.493743896484375 133.806243896484375 144.84375 152.493743896484375 157.03125 156.2624969482421875 152.537506103515625 148.65625 138.5625 127.61875152587890625 121.3249969482421875 131.8125 142.96875 158.2750091552734375 168.3000030517578125 161.3125 152.1437530517578125 144.6875 136.1687469482421875 123.75624847412109375 107.9250030517578125 92.4499969482421875 86.36875152587890625 83.8562469482421875
144.4187469482421875 147.3125 150.59375 154.350006103515625 158.0124969482421875 160.9562530517578125 164.149993896484375 166.0124969482421875 167.78125 166.96875 163.25 159.337493896484375 152.375 143.40625 137.7937469482421875 130.4812469482421875 124.18125152587890625 121.06874847412109375 122.8312530517578125 122.5500030517578125 129.3937530517578125 137.9499969482421875 146.1750030517578125 153.7062530517578125 160.850006103515625 162.1750030517578125 157.28125 150.28125 143.3874969482421875 140.6437530517578125 139.4250030517578125 147.3125 159.818756103515625 177.84375 197.412506103515625 183.337493896484375 161.0625 146.09375 133.649993896484375 121.8562469482421875 110.4187469482421875 99.5187530517578125 93.1374969482421875 89.83750152587890625
136.65625 137.9375 141.7375030517578125 146.375 152.09375 156.9875030517578125 160.5437469482421875 164.618743896484375 167.375 167.8562469482421875 165.743743896484375 162.8937530517578125 158.46875 150.9875030517578125 144.5 135.7375030517578125 129.4250030517578125 125.7937469482421875 126.94374847412109375 126.82500457763671875 129.212493896484375 136.4187469482421875 144.09375 151.225006103515625 157.0187530517578125 160.756256103515625 161.881256103515625 156.90625 155.0812530517578125 154.100006103515625 153.3000030517578125 157.1187591552734375 167.6374969482421875 182.068756103515625 188.2937469482421875 178.399993896484375 159.0124969482421875 145.100006103515625 132.7375030517578125 123.28749847412109375 115.3625030517578125 108.125 104.03125 100.6062469482421875
129.975006103515625 132.7624969482421875 135.868743896484375 141.15625 147.068756103515625 152.375 157.75 162.9812469482421875 168.087493896484375 168.743743896484375 170.149993896484375 168.9375 168.0500030517578125 161.975006103515625 152.03125 142.618743896484375 134.5812530517578125 131.756256103515625 130.2687530517578125 129.9187469482421875 132.21875 137.943756103515625 143.4250030517578125 148.1750030517578125 155.3312530517578125 159.850006103515625 161.0625 162.618743896484375 161.7312469482421875 159.875 160.6437530517578125 164.5374908447265625 170.9499969482421875 177.40625 177.1062469482421875 164.40625 151.7624969482421875 140.5437469482421875 131.662506103515625 126.78749847412109375 123.4499969482421875 118.0437469482421875 114.44374847412109375 111.1125030517578125
125.8312530517578125 126.96250152587890625 131.0812530517578125 135.662506103515625 140.6125030517578125 147.618743896484375 153.8125 159.087493896484375 164.2062530517578125 166.3125 167.712493896484375 170.431243896484375 173.6374969482421875 167.368743896484375 156.274993896484375 146.3625030517578125 138.943756103515625 136.1374969482421875 134.71875 133.3312530517578125 135.337493896484375 138.837493896484375 144.662506103515625 149.6875 155.2937469482421875 158.15625 159.21875 160.912506103515625 164.225006103515625 163.7937469482421875 163.899993896484375 167.21875 170.4562530517578125 173.287506103515625 172.037506103515625 159.375 150.587493896484375 144.368743896484375 137.9875030517578125 136.162506103515625 133.618743896484375 129.2312469482421875 126.99375152587890625 124.25
123.4499969482421875 123.58750152587890625 126.6687469482421875 130.6999969482421875 139.2062530517578125 145.2687530517578125 150.631256103515625 155.931243896484375 160.287506103515625 163.6374969482421875 166.1374969482421875 166.8874969482421875 167.5500030517578125 163.6750030517578125 156.212493896484375 147.96875 141.9875030517578125 138.743743896484375 136.9250030517578125 136.5812530517578125 138.65625 141.0500030517578125 147.368743896484375 152.462493896484375 154.9499969482421875 159.7062530517578125 160.7375030517578125 162.962493896484375 166.087493896484375 166.743743896484375 166.118743896484375 167.506256103515625 171.850006103515625 173.5500030517578125 170.9375 162.131256103515625 157.899993896484375 154.024993896484375 148.618743896484375 146.493743896484375 144.3625030517578125 141.9375 140.4187469482421875 141.024993896484375
123.6125030517578125 125.03749847412109375 126.21250152587890625 131.193756103515625 136.975006103515625 142.2312469482421875 147.8625030517578125 152.6875 156.5187530517578125 160.350006103515625 161.3125 161.818756103515625 161.1374969482421875 157.4875030517578125 153.0749969482421875 147.743743896484375 142.649993896484375 140.774993896484375 139.131256103515625 138.587493896484375 140.524993896484375 142.443756103515625 148.587493896484375 153.912506103515625 157.0187530517578125 159.8937530517578125 163.2624969482421875 167.243743896484375 169.274993896484375 169.806243896484375 168.899993896484375 170.587493896484375 172.0625 173.524993896484375 173.8125 171.8625030517578125 168.25 165.9187469482421875 163.381256103515625 160.287506103515625 159.46875 156.3125 154.618743896484375 156.3562469482421875
125.4812469482421875 125.1125030517578125 126.6875 130.943756103515625 134.9375 139.9562530517578125 144.443756103515625 148.0124969482421875 150.1999969482421875 153.7624969482421875 156.399993896484375 156.818756103515625 155.118743896484375 152.493743896484375 149.6999969482421875 146.006256103515625 143.556243896484375 141.1875 140.0812530517578125 139.7312469482421875 142.162506103515625 143.962493896484375 148.7937469482421875 156.4562530517578125 159.0124969482421875 162.4875030517578125 165.806243896484375 167.881256103515625 170.068756103515625 170.1374969482421875 169.28125 169.2312469482421875 174.931243896484375 178.65625 179.8000030517578125 180.818756103515625 180.868743896484375 179.3562469482421875 177.399993896484375 175.399993896484375 173.024993896484375 170.431243896484375 169.2375030517578125 167.600006103515625
127.15625 126.4375 128.1687469482421875 130.0812530517578125 133.649993896484375 137.256256103515625 141.3000030517578125 144.53125 145.881256103515625 149.399993896484375 151.475006103515625 151.34375 149.774993896484375 148.71875 146.4812469482421875 144.1125030517578125 142.1750030517578125 140.78125 140.118743896484375 141.1125030517578125 143.1374969482421875 145.5 149.993743896484375 156.600006103515625 161.556243896484375 164.524993896484375 166.975006103515625 168.962493896484375 170.8874969482421875 171.8562469482421875 169.6374969482421875 169.9562530517578125 178.09375 183.6437530517578125 188.15625 190.5124969482421875 194.8125 196.693756103515625 195.0187530517578125 192.837493896484375 190.681243896484375 187.8874969482421875 181.8312530517578125 180.6437530517578125
129.2375030517578125 127.68125152587890625 127.7062530517578125 128.537506103515625 130.65625 133.2375030517578125 136.412506103515625 139.868743896484375 141.850006103515625 144.3937530517578125 146.0437469482421875 145.3312530517578125 145.46875 143.7312469482421875 142.181243896484375 142.875 143.693756103515625 139.868743896484375 139.2874908447265625 140.850006103515625 143.725006103515625 146.96875 151.8249969482421875 158.4250030517578125 161.8312530517578125 166.0187530517578125 168.162506103515625 170.943756103515625 174.337493896484375 172.962493896484375 170.006256103515625 170.274993896484375 178.7062530517578125 187.8874969482421875 197.7062530517578125 201.537506103515625 209.2687530517578125 215.1062469482421875 215.25 212.8562469482421875 205.46875 198.131256103515625 194.5437469482421875 194.181243896484375
131.1062469482421875 128.618743896484375 126.3937530517578125 125.8937530517578125 126.65625 129.3312530517578125 132.524993896484375 135.6437530517578125 137.443756103515625 139.1875 140.53125 141.28125 141.3000030517578125 140.431243896484375 140.881256103515625 140.5 139.993743896484375 138.9250030517578125 137.681243896484375 139.1374969482421875 142.9499969482421875 147.46875 151.193756103515625 156.2624969482421875 161.5500030517578125 167.1374969482421875 168.2624969482421875 169.46875 170.6687469482421875 171.5625 172.1062469482421875 174.0625 182.806243896484375 193.2312469482421875 205.1437530517578125 212.4250030517578125 222.7937469482421875 233.912506103515625 231.3249969482421875 233.943756103515625 230.743743896484375 221.068756103515625 213.03125 211.149993896484375
130.375 127.375 125.80625152587890625 123.38124847412109375 123.6437530517578125 126.5625 128.4562530517578125 131.0812530517578125 133.25 135.3625030517578125 136.5625 137.1437530517578125 139.7937469482421875 138.8874969482421875 138.5500030517578125 138.024993896484375 139.0500030517578125 138.631256103515625 137.662506103515625 140.212493896484375 143.7687530517578125 148.912506103515625 153.1750030517578125 157.1062469482421875 161.149993896484375 166.493743896484375 167.149993896484375 167.475006103515625 168.493743896484375 168.524993896484375 172.149993896484375 176.4875030517578125 186.0749969482421875 200.625 214.162506103515625 221.3312530517578125 234.1062469482421875 249.1374969482421875 253.03125 256.48748779296875 253.875 242.399993896484375 232.25 227.212493896484375
130.462493896484375 125.33750152587890625 122.72499847412109375 120.86875152587890625 121.6687469482421875 123.21250152587890625 125.25 127.6999969482421875 130.1750030517578125 131.8000030517578125 133.5625 134.162506103515625 134.649993896484375 136 137.337493896484375 139.1437530517578125 139.21875 139.506256103515625 140.681243896484375 144.506256103515625 148.475006103515625 150.537506103515625 154.6999969482421875 157.1374969482421875 162.8874969482421875 164.7562408447265625 163.9499969482421875 165.625 166.3000030517578125 168.25 173.131256103515625 177.2687530517578125 189.0749969482421875 204.25 218.4562530517578125 227.693756103515625 241.75 255.7937469482421875 262.41876220703125 268.51251220703125 270.743743896484375 259.65625 250.4187469482421875 243.118743896484375
127.40625 123.5 120.2312469482421875 118.53749847412109375 118.6374969482421875 120.0500030517578125 122.19374847412109375 123.40625 125.58750152587890625 126.84375 131.993743896484375 131.631256103515625 132.9812469482421875 136.899993896484375 138.2375030517578125 140.8125 141.931243896484375 144.756256103515625 146.649993896484375 150.4375 152.662506103515625 154.068756103515625 155.0500030517578125 156.8562469482421875 160.6687469482421875 160.9562530517578125 160.03125 160.7687530517578125 161.5749969482421875 167.274993896484375 172.4250030517578125 178.681243896484375 189.943756103515625 205.212493896484375 221.1812591552734375 231.3125 243.943756103515625 254.7937469482421875 262.86248779296875 273.20623779296875 278.087493896484375 270.67498779296875 264.625 257.837493896484375
123 120.55625152587890625 118.46875 116.6374969482421875 115.6687469482421875 116.6750030517578125 118.625 119.69374847412109375 121.08750152587890625 123.72499847412109375 127.0187530517578125 130.5 132.3937530517578125 134.243743896484375 137.6750030517578125 140.65625 144.600006103515625 148.712493896484375 152.53125 156.431243896484375 157.6437530517578125 156.96875 156.3000030517578125 155.4875030517578125 155.993743896484375 155.350006103515625 154.225006103515625 154.618743896484375 155.068756103515625 162.068756103515625 170.1437530517578125 178.6062469482421875 190.9187469482421875 205.399993896484375 221.412506103515625 236.006256103515625 245.912506103515625 255.9187469482421875 265.83123779296875 274.23126220703125 280.14373779296875 280.16876220703125 279.29376220703125 275.306243896484375
119.625 117.8000030517578125 116.11875152587890625 115.03749847412109375 114.09999847412109375 113.97499847412109375 115.69374847412109375 116.4499969482421875 117.00624847412109375 119.86875152587890625 124.5 129.4499969482421875 132.1875 134.84375 138.537506103515625 142.625 146.618743896484375 150.725006103515625 157.5749969482421875 161.2937469482421875 162.375 160.2937469482421875 156.412506103515625 153.193756103515625 150.2062530517578125 149.725006103515625 149.225006103515625 148.337493896484375 148.7624969482421875 156.6062469482421875 166.2312469482421875 175.4375 188.7624969482421875 203.8312530517578125 218.46875 230.6125030517578125 243.1374969482421875 257.625 266.162506103515625 276.34375 279.51251220703125 279.64373779296875 284.381256103515625 282.09375
116.0749969482421875 114.125 113.2624969482421875 112.49375152587890625 111.72499847412109375 111.96250152587890625 112.0625 113.53125 114.46250152587890625 116.4250030517578125 121.21250152587890625 126.1374969482421875 131.162506103515625 135.5437469482421875 139.181243896484375 143.506256103515625 147.181243896484375 152.743743896484375 159.6125030517578125 165.399993896484375 163.6750030517578125 160.225006103515625 153.9812469482421875 148.5625 145.1812591552734375 143.15625 141.6062469482421875 141.149993896484375 141.9187469482421875 149.875 160.3249969482421875 170.8312530517578125 182.756256103515625 197.2687530517578125 211.0749969482421875 221.368743896484375 237.0124969482421875 249.4562530517578125 257.85626220703125 266.57501220703125 273.881256103515625 274.243743896484375 276.01873779296875 276.787506103515625
112.5187530517578125 111.15625 110.2312469482421875 109.19374847412109375 109.5812530517578125 109.69374847412109375 110.13124847412109375 110.8625030517578125 112.15000152587890625 112.8125 118.4375 127.59999847412109375 133.181243896484375 137.4187469482421875 141.2624969482421875 144.15625 147.96875 151.9499969482421875 157.181243896484375 161.7312469482421875 161.1062469482421875 154.9312591552734375 148.5812530517578125 141.943756103515625 137.78125 135.4375 133.318756103515625 132.2687530517578125 133.28125 142.3874969482421875 153 164.3249969482421875 177.2062530517578125 191.1062469482421875 204.3249969482421875 215.9499969482421875 229.381256103515625 242.71875 249.2062530517578125 255.8625030517578125 262.42498779296875 262.9375 267.15625 270.475006103515625
108.8312530517578125 108.34375 107.8312530517578125 106.6999969482421875 107.3937530517578125 108.125 108.83750152587890625 110.05625152587890625 111.97499847412109375 112.6750030517578125 124.68125152587890625 133.056243896484375 136.756256103515625 139.8125 142.59375 145.2624969482421875 146.068756103515625 149.381256103515625 151.6999969482421875 153.2312469482421875 152.743743896484375 147.1062469482421875 141.399993896484375 134.462493896484375 129.399993896484375 126.1062469482421875 125.0749969482421875 124.59999847412109375 125.74375152587890625 135.40625 144.256256103515625 155.3125 168.181243896484375 183.7624969482421875 197.4375 205.4562530517578125 217.8874969482421875 229.8874969482421875 240.1374969482421875 247.9812469482421875 250.84375 256.681243896484375 256.600006103515625 258.41876220703125
