data/historical-monthly-weather-data/wc2.1_cruts4.09_10m_prec_2012-05.asc
ncols        51
nrows        45
xllcorner    -63.500000000000
yllcorner    -7.500000000000
cellsize     0.166666666667
NODATA_value -9999
[rows 19 to 37 of 45, columns 0 to 43 of 51]
232.568756103515625 230.537506103515625 226.6875 221.506256103515625 218.443756103515625 217.5749969482421875 213.71875 208.2312469482421875 204.3312530517578125 200.037506103515625 195.524993896484375 186.5625 176.7687530517578125 163.9812469482421875 151.375 136.774993896484375 124.65000152587890625 120.94374847412109375 115.875 114.3937530517578125 117.6999969482421875 125.9562530517578125 136.8937530517578125 147.15625 155.1999969482421875 159.9187469482421875 166.46875 174.28125 176.287506103515625 175.212493896484375 178.618743896484375 191.75 198.399993896484375 203.21875 214.368743896484375 230.318756103515625 243.212493896484375 253.7375030517578125 262.40625 267.6875 262.83123779296875 258.306243896484375 263.53125 268.14373779296875
215.3937530517578125 220.693756103515625 219.5187530517578125 213.8625030517578125 208.024993896484375 209.193756103515625 207.475006103515625 203.1687469482421875 199.7937469482421875 194.2375030517578125 189.0625 181.4499969482421875 170.375 159.1999969482421875 145.75 134.306243896484375 121.6875 115.41249847412109375 112.9562530517578125 109.7624969482421875 117.96875 126.66249847412109375 135.318756103515625 145.3874969482421875 154.6875 160.1374969482421875 162.350006103515625 168.25 174.181243896484375 178.875 185.59375 194.8312530517578125 196.943756103515625 201.056243896484375 209.962493896484375 224.6750030517578125 238.475006103515625 249.3312530517578125 255.5124969482421875 257.975006103515625 259.6875 256.1875 256.45001220703125 262.625
205.6875 204.1062469482421875 206.0625 205.6624908447265625 200.2062530517578125 198.712493896484375 198.912506103515625 197.2937469482421875 194.837493896484375 190.1750030517578125 184.475006103515625 175.78125 165.4875030517578125 154.787506103515625 144.662506103515625 132.118743896484375 126.0812530517578125 118.5749969482421875 115.18125152587890625 111.0124969482421875 114.38124847412109375 122.05625152587890625 130.4187469482421875 138.4499969482421875 145.0749969482421875 153.443756103515625 162.625 168.712493896484375 179.381256103515625 186.087493896484375 190.0437469482421875 193.9812469482421875 199.618743896484375 206.256256103515625 210.9499969482421875 221.1687469482421875 234.5124969482421875 244.743743896484375 250.149993896484375 252.962493896484375 256.131256103515625 253.8562469482421875 253.7687530517578125 257.42498779296875
196.556243896484375 201.243743896484375 201.162506103515625 199.7687530517578125 193.7624969482421875 191.3874969482421875 185.6750030517578125 185.381256103515625 187.9250030517578125 184.556243896484375 177.975006103515625 169.8000030517578125 163.40625 154.1875 144.243743896484375 133.4250030517578125 124.99375152587890625 118.75 113.78125 109.97499847412109375 114.3000030517578125 118.27500152587890625 124.94374847412109375 132.6437530517578125 142.368743896484375 150.3000030517578125 157.5 168.1437530517578125 179.6125030517578125 185.8312530517578125 189.056243896484375 196.125 204.1875 209.5625 215.524993896484375 218.6875 227.193756103515625 238.9187469482421875 248.5625 251.125 252.1125030517578125 251.068756103515625 250.493743896484375 253.0500030517578125
184.850006103515625 191.5812530517578125 193.59375 189.75 182.943756103515625 179.3874969482421875 180.993743896484375 179.7687530517578125 178.493743896484375 175.118743896484375 171.2937469482421875 168.443756103515625 162.625 156.4187469482421875 145.375 134.6875 126 120.63124847412109375 115.97499847412109375 112.47499847412109375 114.0625 117.7312469482421875 122.0124969482421875 132.0562591552734375 140.2624969482421875 146.09375 155.46875 166.9499969482421875 180.087493896484375 190.587493896484375 199.3874969482421875 208.03125 216.306243896484375 220.212493896484375 223.9562530517578125 222.943756103515625 233.181243896484375 241.0812530517578125 247.193756103515625 250.350006103515625 250.100006103515625 250.8499908447265625 251.3000030517578125 250.881256103515625
177.693756103515625 184.8937530517578125 184.618743896484375 182.756256103515625 177.068756103515625 175.0749969482421875 172.350006103515625 172.131256103515625 170.6062469482421875 169.1687469482421875 165.806243896484375 162.8000030517578125 161.024993896484375 155.899993896484375 145.0124969482421875 135.7062530517578125 128.693756103515625 122.6875 116.9562530517578125 113.1875 115.5437469482421875 117.3312530517578125 121.8125 130.931243896484375 139.1750030517578125 149.6374969482421875 159.625 172.368743896484375 185.537506103515625 199.774993896484375 210.1999969482421875 224.5 231.6750030517578125 234.40625 232.34375 232.681243896484375 239.100006103515625 240.868743896484375 245.212493896484375 248.2687530517578125 249.443756103515625 248.34375 248.662506103515625 245.600006103515625
175.037506103515625 183 177.399993896484375 173.943756103515625 165.8562469482421875 163.850006103515625 161.7624969482421875 161.681243896484375 159.0187530517578125 156.3874969482421875 158.2249908447265625 158.5812530517578125 156.368743896484375 153.4875030517578125 146.600006103515625 137.556243896484375 130.6750030517578125 124.58750152587890625 118.59999847412109375 113.9250030517578125 115.71875 116.94374847412109375 120.8249969482421875 128.625 139.287506103515625 149.84375 164.375 178.0124969482421875 191.475006103515625 206.8874969482421875 222.693756103515625 243.931243896484375 251.96875 247.568756103515625 242.3249969482421875 242.631256103515625 242.850006103515625 244.15625 242.318756103515625 244.056243896484375 246.131256103515625 242.9250030517578125 240.2687530517578125 240.225006103515625
169.443756103515625 170.6437530517578125 168.5749969482421875 164.625 158.0124969482421875 156.6062469482421875 154.5625 152.193756103515625 151.25 153.8125 154.943756103515625 154.837493896484375 155.868743896484375 155.443756103515625 149.0437469482421875 141.818756103515625 133.9875030517578125 126.875 123.1687469482421875 117.74375152587890625 117.3312530517578125 118.21250152587890625 121.11875152587890625 131.225006103515625 142.03125 153.368743896484375 168.181243896484375 182.4875030517578125 197.5749969482421875 211.318756103515625 230.6875 252.243743896484375 264.712493896484375 255.75 246.787506103515625 244.6875 247.381256103515625 245.256256103515625 243.0812530517578125 244.2687530517578125 244.6062469482421875 241.318756103515625 238.587493896484375 235.4250030517578125
164.7312469482421875 162.100006103515625 159.524993896484375 154.5437469482421875 150.3937530517578125 150.118743896484375 148.9875030517578125 145.8000030517578125 146.568756103515625 149.1875 150.125 151.443756103515625 154.287506103515625 155.1812591552734375 150.7375030517578125 142.71875 137.125 132.6125030517578125 128.506256103515625 123.3249969482421875 121.7937469482421875 120.63124847412109375 123.8312530517578125 133.28125 144.71875 155.287506103515625 170.868743896484375 185.662506103515625 201.8249969482421875 216.1750030517578125 233.462493896484375 251.6999969482421875 259.60626220703125 253.9562530517578125 249.618743896484375 247.5187530517578125 246.71875 247.6875 247.431243896484375 245.037506103515625 242.962493896484375 241.7375030517578125 239.03125 237.006256103515625
157.65625 154.037506103515625 150.162506103515625 146.506256103515625 143.243743896484375 140.537506103515625 138.7249908447265625 139.131256103515625 142.743743896484375 143.78125 145.568756103515625 149.318756103515625 153.03125 157.03125 154.556243896484375 149.693756103515625 144.2312469482421875 138.5 133.350006103515625 128.2624969482421875 126.03125 123.6687469482421875 124.9187469482421875 134.1125030517578125 145.243743896484375 154.5749969482421875 170.475006103515625 187.28125 203.493743896484375 216.1062469482421875 231.431243896484375 244.3312530517578125 249.024993896484375 247.181243896484375 247.8249969482421875 246.962493896484375 247.618743896484375 246.5812530517578125 246.1875 243.5625 237.568756103515625 233.7312469482421875 235.743743896484375 239.1999969482421875
154.8125 150.037506103515625 144.75 139.2062530517578125 135.631256103515625 135.46875 134.537506103515625 136.71875 139.3812408447265625 139.96875 142.96875 147.8312530517578125 152.962493896484375 158.4250030517578125 157.493743896484375 154.5812530517578125 150.524993896484375 147.3249969482421875 141.399993896484375 134.6875 131.8249969482421875 129.7624969482421875 129.712493896484375 137.4250030517578125 145.943756103515625 157.8562469482421875 170.912506103515625 184.2312469482421875 199.4187469482421875 211.4562530517578125 224.931243896484375 234.59375 239.2375030517578125 241.4812469482421875 244.0187530517578125 242.681243896484375 248.600006103515625 249.0812530517578125 247.131256103515625 249.600006103515625 247.712493896484375 242.100006103515625 238.3625030517578125 236.5749969482421875
152.2687530517578125 146.28125 139.850006103515625 135.6875 132.9250030517578125 132.475006103515625 133.3937530517578125 133.899993896484375 136.6875 138.9375 142.068756103515625 146.524993896484375 154.2624969482421875 158.2375030517578125 159.0187530517578125 159.306243896484375 158.0124969482421875 153.7062530517578125 148.84375 143.587493896484375 138.118743896484375 134.2312469482421875 133.3562469482421875 138.806243896484375 146.537506103515625 158.78125 170.318756103515625 181.65625 195.8125 205.600006103515625 218.0437469482421875 224.7062530517578125 229.4187469482421875 233.693756103515625 236.787506103515625 236.100006103515625 242.2624969482421875 247.5812530517578125 250.2062530517578125 250.90625 253.75 247.0749969482421875 241.7062530517578125 235.5749969482421875
146.7937469482421875 140.4187469482421875 135.193756103515625 132.212493896484375 130.8874969482421875 129.6125030517578125 132.1750030517578125 131.0749969482421875 133.6687469482421875 135.837493896484375 139.0812530517578125 143.431243896484375 150.9875030517578125 158.037506103515625 160.024993896484375 162.8125 160.975006103515625 156.8312530517578125 152.4250030517578125 147.899993896484375 141.4187469482421875 137.21875 135.100006103515625 140.649993896484375 149.90625 158.7687530517578125 169.600006103515625 179.0500030517578125 189.3625030517578125 199.024993896484375 206.162506103515625 213.3625030517578125 217.5749969482421875 222.537506103515625 228.1125030517578125 229.7687530517578125 235.1999969482421875 242.2687530517578125 244.681243896484375 251.443756103515625 254.3312530517578125 249.568756103515625 245.03125 242.875
142.8874969482421875 138.0812530517578125 133.4499969482421875 131.75 129.274993896484375 128.087493896484375 129.5 129.3625030517578125 131.868743896484375 135.2687530517578125 141.0625 145.84375 152.975006103515625 161.087493896484375 163.46875 164.943756103515625 164.600006103515625 162.8625030517578125 156.8562469482421875 152.287506103515625 145.5625 142.1062469482421875 138.8937530517578125 144.5437469482421875 151.8312530517578125 159.8000030517578125 168 176.818756103515625 184.0625 190.912506103515625 197.6125030517578125 202.6750030517578125 205.537506103515625 213.868743896484375 218.90625 224.8312530517578125 227.693756103515625 234.8625030517578125 237.431243896484375 246.5 248.993743896484375 248.2375030517578125 245.818756103515625 246.6062469482421875
139.5875091552734375 135 132.899993896484375 131.212493896484375 130.149993896484375 128.125 127.9375 127.1687469482421875 129.1750030517578125 132.5812530517578125 137.962493896484375 145.8125 152.412506103515625 159.03125 163.875 168.2624969482421875 169.943756103515625 167.40625 160.256256103515625 154.3937530517578125 150.056243896484375 146.9499969482421875 143.743743896484375 146.712493896484375 152.725006103515625 158.118743896484375 164.412506103515625 171.21875 178.8874969482421875 183.993743896484375 188.9875030517578125 192.75 196.8125 202.225006103515625 208.943756103515625 214.118743896484375 219.7937469482421875 223.193756103515625 229.212493896484375 235.53125 238.03125 241.5500030517578125 244.6687469482421875 247.09375
135.5 131.96875 131.131256103515625 130.9499969482421875 130.443756103515625 128.381256103515625 125.65000152587890625 125.0749969482421875 124.93125152587890625 128.75 135.337493896484375 143.806243896484375 153.4875030517578125 162.3937530517578125 167.375 171.6750030517578125 173.4187469482421875 170.90625 164.056243896484375 156.381256103515625 152.34375 148.1437530517578125 146.149993896484375 147.75 151.59375 155.600006103515625 162.6437530517578125 169.068756103515625 174.9812469482421875 179.4187469482421875 181.712493896484375 184.087493896484375 186.068756103515625 192.0437469482421875 193.256256103515625 199.693756103515625 203.274993896484375 213.287506103515625 218.5625 222.649993896484375 225.712493896484375 227.34375 231.4375 237.2062530517578125
135.037506103515625 132.9499969482421875 131.149993896484375 130.4812469482421875 129.381256103515625 127.38124847412109375 124.27500152587890625 123.9187469482421875 123.9250030517578125 125.4375 130.9812469482421875 142.8937530517578125 155.256256103515625 163.5749969482421875 170.068756103515625 173.90625 175.6875 171.037506103515625 166.1750030517578125 158.6125030517578125 154.9499969482421875 151.1437530517578125 148.5500030517578125 149.806243896484375 151.75 153.9375 161.4812469482421875 167.162506103515625 169.912506103515625 172.7312469482421875 174.881256103515625 176.25 177.350006103515625 178.662506103515625 180.8125 185.006256103515625 194.3937530517578125 198.475006103515625 203.493743896484375 210.850006103515625 212.9562530517578125 217.8312530517578125 220.118743896484375 225.40625
135.524993896484375 134.493743896484375 132.5812530517578125 131.6999969482421875 131.2312469482421875 128.3000030517578125 125.78749847412109375 123.4562530517578125 122.47499847412109375 120.34999847412109375 130.6437530517578125 149.0812530517578125 160.350006103515625 167.256256103515625 172.6062469482421875 176.149993896484375 176.443756103515625 171.3125 166.5500030517578125 158.3874969482421875 155.756256103515625 152.587493896484375 148.9875030517578125 149.381256103515625 150.6687469482421875 153.5625 158.462493896484375 162.3937530517578125 164.40625 167.0437469482421875 169.2937469482421875 170.9187469482421875 170.693756103515625 168.9812469482421875 171.087493896484375 176.850006103515625 183.0749969482421875 188.662506103515625 191.756256103515625 195.7687530517578125 197.84375 200.068756103515625 207.4499969482421875 213.6875
136.6125030517578125 135.412506103515625 135.0124969482421875 133.71875 134.056243896484375 131.962493896484375 129.693756103515625 126.6687469482421875 125.5749969482421875 123.27500152587890625 142.1125030517578125 161.162506103515625 168.506256103515625 173.818756103515625 177.0625 179.181243896484375 178.34375 173.8625030517578125 167.125 160.693756103515625 155.681243896484375 152.681243896484375 149.4187469482421875 148.943756103515625 149.2375030517578125 150.7375030517578125 152.84375 159.056243896484375 161.524993896484375 161.9499969482421875 162.193756103515625 163.3562469482421875 163.868743896484375 160.75 159.4375 164.725006103515625 172.037506103515625 176.3125 182.1125030517578125 183.59375 186.056243896484375 189.006256103515625 190.193756103515625 192.806243896484375
