data/historical-monthly-weather-data/wc2.1_cruts4.09_10m_prec_1965-09.asc
ncols        51
nrows        45
xllcorner    -63.500000000000
yllcorner    -7.500000000000
cellsize     0.166666666667
NODATA_value -9999
[rows 0 to 18 of 45, columns 0 to 43 of 51]
361.45001220703125 367.41876220703125 363.20623779296875 363.33123779296875 357.26873779296875 342.32501220703125 318.25 291.912506103515625 269.65625 248.975006103515625 232.3874969482421875 218.7937469482421875 205.2937469482421875 189.625 176.8125 163.2937469482421875 152.0812530517578125 140.943756103515625 131.8000030517578125 122.1687469482421875 115.0124969482421875 106.59999847412109375 99.63124847412109375 94.2624969482421875 88.90625 85.63124847412109375 85.9812469482421875 86.7375030517578125 85.71875 81.56874847412109375 76.25624847412109375 71.97499847412109375 69.5 65.90625 63.018749237060546875 61.18125152587890625 60.143749237060546875 59.03749847412109375 58.018749237060546875 57.231250762939453125 56.59999847412109375 55.875 54.56874847412109375 53.59999847412109375
349.85626220703125 355.6875 360.58123779296875 369.88751220703125 378.899993896484375 356.8125 329.3125 308.881256103515625 285.756256103515625 263.274993896484375 244.5124969482421875 228.274993896484375 212.693756103515625 194.556243896484375 180.2062530517578125 167.0749969482421875 153.506256103515625 142.8249969482421875 133.0749969482421875 123.6875 115.6750030517578125 108.8937530517578125 101.63124847412109375 96.06874847412109375 89.25624847412109375 84.8312530517578125 84.9812469482421875 85.40625 83.3874969482421875 79.3874969482421875 74.77500152587890625 71.3874969482421875 68.50624847412109375 66.15000152587890625 63.71250152587890625 62.21250152587890625 61.487499237060546875 60.96875 60.174999237060546875 59.71875 59.512500762939453125 58.981250762939453125 58.21250152587890625 56.762500762939453125
323.86248779296875 333.26873779296875 338.837493896484375 349.375 357.100006103515625 344.125 323.39373779296875 304.818756103515625 285.40625 265.412506103515625 247.4875030517578125 230.75 214.818756103515625 196.287506103515625 180.618743896484375 167.6875 153.65625 142.850006103515625 132.743743896484375 123.2937469482421875 114.5187530517578125 106.24375152587890625 98.6374969482421875 92.06874847412109375 84.5500030517578125 78.55625152587890625 79.25 78.81874847412109375 76.97499847412109375 72.74375152587890625 67.88124847412109375 64.3249969482421875 62.40000152587890625 60.05625152587890625 57.81874847412109375 56.24375152587890625 55.512500762939453125 55.21250152587890625 54.93125152587890625 54.94374847412109375 55.125 54.731250762939453125 54.71250152587890625 54.018749237060546875
291.98126220703125 301.493743896484375 315.95001220703125 321.60626220703125 326.506256103515625 319.23748779296875 308.225006103515625 299.35626220703125 284.5625 268.07501220703125 250.100006103515625 233.0687408447265625 214.0625 196.9625091552734375 181.287506103515625 167.4875030517578125 154.1437530517578125 143.149993896484375 133.9812469482421875 124.75 114.6999969482421875 103.9499969482421875 94.2687530517578125 86.53125 77.77500152587890625 71.2687530517578125 70.88124847412109375 69.5 68.19374847412109375 64.5124969482421875 60.331249237060546875 56.268749237060546875 53.856250762939453125 51.59999847412109375 49.18125152587890625 48.84375 48.63124847412109375 48.293750762939453125 48.487499237060546875 48.38124847412109375 48.450000762939453125 48.512500762939453125 48.924999237060546875 49.112499237060546875
291.21875 290.987518310546875 287.63751220703125 291.13751220703125 300.53125 298.943756103515625 292.806243896484375 288.868743896484375 280.10626220703125 266.4375 250.087493896484375 230.6062469482421875 213.4875030517578125 198.712493896484375 183.1875 168.725006103515625 154.712493896484375 143.3000030517578125 133.5749969482421875 123.18125152587890625 113.1875 100.0500030517578125 89.71250152587890625 80.8000030517578125 71.21875 63.793750762939453125 61.987499237060546875 61.268749237060546875 59.893749237060546875 55.9375 52.09999847412109375 47.893749237060546875 45.31874847412109375 43.38124847412109375 41.543750762939453125 40.950000762939453125 40.737499237060546875 40.875 41.34999847412109375 41.549999237060546875 41.762500762939453125 42.13124847412109375 42.674999237060546875 43.58750152587890625
289.399993896484375 286.46875 277.5 266.25 275.04376220703125 283.17498779296875 281.29998779296875 275.568756103515625 267.48126220703125 257.76251220703125 242.037506103515625 223.631256103515625 208.193756103515625 194.90625 179.6687469482421875 167.056243896484375 153.8937530517578125 141.6999969482421875 131.350006103515625 121.2375030517578125 108.48125457763671875 95.1750030517578125 83.52500152587890625 73.31874847412109375 64.09999847412109375 56.05625152587890625 54.125 53.700000762939453125 52.25 48.40000152587890625 44.737499237060546875 41.96250152587890625 39.40000152587890625 37.168750762939453125 35.08750152587890625 34.924999237060546875 34.768749237060546875 35.168750762939453125 35.918750762939453125 36.143749237060546875 35.456249237060546875 35.875 36.46875 37.575000762939453125
291.787506103515625 288.462493896484375 278.149993896484375 266.11248779296875 264.4375 262.681243896484375 262.975006103515625 260.162506103515625 250.8125 239.556243896484375 228.1437530517578125 213.9812469482421875 201.46875 188.9375 175.9812469482421875 164.4562530517578125 152.725006103515625 141.6687469482421875 130.181243896484375 118.38124847412109375 103.8000030517578125 89.6687469482421875 76.2375030517578125 65.65625 56.56874847412109375 48.74375152587890625 46.97499847412109375 46.46875 44.90000152587890625 41.28125 38.112499237060546875 35.16249847412109375 33 31.056249618530273438 29.162500381469726562 28.625 28.600000381469726562 29.299999237060546875 30.568750381469726562 30.212499618530273438 29.556249618530273438 29.612499237060546875 30.15625 31.287500381469726562
295.20623779296875 290.306243896484375 279.67498779296875 272.493743896484375 269.48748779296875 266.787506103515625 257.475006103515625 242.4812469482421875 228.9562530517578125 220.4562530517578125 214.1750030517578125 203.9875030517578125 193.9187469482421875 182.693756103515625 172.6937408447265625 160.8249969482421875 150.125 139.868743896484375 128.443756103515625 114.21250152587890625 99.08750152587890625 83.72499847412109375 69.7062530517578125 58.549999237060546875 49.125 41.33750152587890625 39.53125 38.799999237060546875 37.81874847412109375 34.700000762939453125 31.893749237060546875 29.25 27.149999618530273438 25.40625 23.431249618530273438 22.862499237060546875 22.743749618530273438 23.012500762939453125 23.53125 23.481250762939453125 23.03125 23.056249618530273438 23.537500381469726562 24.299999237060546875
299.9375 295.96875 287.493743896484375 279.78125 275.3125 268.79376220703125 258.76251220703125 243.493743896484375 225.7375030517578125 210.9187469482421875 204.3937530517578125 195.193756103515625 188.0187530517578125 177.068756103515625 167.5500030517578125 156.899993896484375 146.587493896484375 135.7375030517578125 124.53749847412109375 109.59999847412109375 92.6999969482421875 77.5 62.30625152587890625 52.28125 42.86875152587890625 35.15000152587890625 33.68125152587890625 33.481250762939453125 33.100002288818359375 30.556249618530273438 28.537500381469726562 25.825000762939453125 23.46875 21.325000762939453125 19.587499618530273438 19.318750381469726562 19.21875 19.075000762939453125 19.125 19.024999618530273438 18.631250381469726562 18.568750381469726562 18.918750762939453125 19.481250762939453125
301.20001220703125 297.84375 290.443756103515625 282.993743896484375 279.712493896484375 272.787506103515625 261.98748779296875 245.5 228.9250030517578125 214.6875 203.2687530517578125 191.2062530517578125 182.306243896484375 173.024993896484375 162.34375 153.1374969482421875 141.9375 130.212493896484375 118.3312530517578125 104.6374969482421875 87.5187530517578125 70.6875 55.34375 45.356250762939453125 36.18125152587890625 29.162500381469726562 28.206249237060546875 28.293750762939453125 28.28125 26.712499618530273438 24.737499237060546875 22.543750762939453125 20.293750762939453125 18.475000381469726562 16.862499237060546875 16.399999618530273438 16.212499618530273438 15.925000190734863281 15.643750190734863281 15.393750190734863281 15.037499427795410156 15 14.768750190734863281 15.068750381469726562
306.23126220703125 302.112518310546875 294.85626220703125 286.89373779296875 282.15625 277.056243896484375 266.23748779296875 246.243743896484375 227.899993896484375 213.6125030517578125 202.09375 190.8000030517578125 178.7062530517578125 167.381256103515625 156.1999969482421875 146.4562530517578125 135.0749969482421875 123.11875152587890625 110.9375 98.125 82.5187530517578125 65.40625 49.575000762939453125 38.200000762939453125 30.274999618530273438 24.575000762939453125 24.006250381469726562 24.024999618530273438 23.893749237060546875 22.793750762939453125 21.481250762939453125 19.825000762939453125 17.825000762939453125 15.993749618530273438 14.46875 13.9375 13.606249809265136719 13.21875 13.006250381469726562 12.537499427795410156 12.012499809265136719 11.78125 11.775000572204589844 11.662500381469726562
305.54376220703125 301.26873779296875 294.256256103515625 288.524993896484375 283.23126220703125 276.82501220703125 267.412506103515625 247.9375 227.443756103515625 210.774993896484375 198.931243896484375 188.625 174.193756103515625 161.0500030517578125 151.662506103515625 140.868743896484375 129.9499969482421875 116.6875 104.61875152587890625 93.5187530517578125 78.90625 61.331249237060546875 44.90000152587890625 33.924999237060546875 26.34375 20.956249237060546875 20.506250381469726562 20.8125 20.75 20.0625 19.100000381469726562 17.875 16.15625 14.643750190734863281 13.493749618530273438 12.993749618530273438 12.612500190734863281 12.262499809265136719 11.65625 10.981249809265136719 10.3125 9.9499998092651367188 9.8249998092651367188 9.625
302.068756103515625 297.587493896484375 289.756256103515625 281.73126220703125 274.743743896484375 267.20623779296875 255.625 238.1125030517578125 221.5187530517578125 206.337493896484375 192.975006103515625 183.318756103515625 170.7937469482421875 154.4562530517578125 142.8562469482421875 133.5 122.6875 110.1750030517578125 98.5749969482421875 87.28125 73.08750152587890625 56.28125 40.02500152587890625 30.212499618530273438 22.649999618530273438 17.668750762939453125 17.681249618530273438 18.287500381469726562 18.543750762939453125 18.018749237060546875 17.149999618530273438 16.193750381469726562 14.793749809265136719 13.331250190734863281 12.306249618530273438 12.056249618530273438 12.03125 11.875 11.399999618530273438 10.262499809265136719 9.1812496185302734375 8.8812503814697265625 8.5749998092651367188 7.6500000953674316406
296.48126220703125 290.82501220703125 280.79998779296875 271.756256103515625 264.587493896484375 253.837493896484375 241.1374969482421875 227.318756103515625 212.125 198.8125 184.5500030517578125 172.306243896484375 160.875 146.9812469482421875 132.8625030517578125 124.3249969482421875 114.19374847412109375 101.84375 89.9499969482421875 79.1125030517578125 65.0812530517578125 48.924999237060546875 34.3125 26.543750762939453125 20.162500381469726562 15.506250381469726562 15.543749809265136719 16.106250762939453125 16.375 16.143749237060546875 15.818750381469726562 15.006250381469726562 13.618749618530273438 12.300000190734863281 11.431249618530273438 11.5625 11.925000190734863281 12.28125 11.987500190734863281 11.03125 9.1687498092651367188 8.0625 7.71875 7.3625001907348632812
290.568756103515625 282.51873779296875 271.399993896484375 261.881256103515625 254.068756103515625 239.4437408447265625 228.493743896484375 214.6125030517578125 200.3312530517578125 189.0437469482421875 174.3312530517578125 161.96875 150.006256103515625 137.0437469482421875 122.34375 112.0749969482421875 103.34375 92.9187469482421875 81.53749847412109375 71.5625 58.50624847412109375 44.00624847412109375 30.774999618530273438 24.518749237060546875 19.575000762939453125 15.456250190734863281 15.399999618530273438 15.618749618530273438 15.675000190734863281 15.574999809265136719 14.993749618530273438 14.293749809265136719 13.125 11.824999809265136719 10.762499809265136719 11.231249809265136719 12.412500381469726562 13.787500381469726562 14.331250190734863281 13.349999427795410156 11.743749618530273438 10.112500190734863281 9.1937503814697265625 8.3625001907348632812
282.04376220703125 272.54998779296875 262.375 251.84375 240.943756103515625 228.9562530517578125 216.3937530517578125 202.4499969482421875 190.3000030517578125 179.75 165.5500030517578125 152.1875 139.7874908447265625 127.66249847412109375 113.81874847412109375 101.1875 92.71875 84.3562469482421875 74.2062530517578125 65.28749847412109375 52.674999237060546875 39.825000762939453125 28.043750762939453125 23.174999237060546875 19.15625 15.431249618530273438 15.212499618530273438 15.46875 15.5625 15.356249809265136719 15.225000381469726562 14.418749809265136719 12.975000381469726562 11.793749809265136719 10.581250190734863281 11.649999618530273438 13.606249809265136719 15.331250190734863281 16.850000381469726562 16.637500762939453125 15.600000381469726562 13.09375 10.881250381469726562 9.1999998092651367188
270.25 261.6875 252.568756103515625 242.1999969482421875 230.6125030517578125 219.09375 206.381256103515625 193.6687469482421875 181.875 170.368743896484375 157.881256103515625 144.40625 130.875 118.5187530517578125 107.1125030517578125 95.69374847412109375 84.16249847412109375 75.8312530517578125 68.0437469482421875 59.674999237060546875 47.700000762939453125 35.88124847412109375 25.40625 21.924999237060546875 18.856248855590820312 15.306249618530273438 15.149999618530273438 15.431249618530273438 15.600000381469726562 15.693750381469726562 15.962499618530273438 15.899999618530273438 14.231249809265136719 12.793749809265136719 12.493749618530273438 13.375 15.112500190734863281 18.037500381469726562 21.1875 20.137500762939453125 18.018749237060546875 14.881250381469726562 11.850000381469726562 10.043749809265136719
260.587493896484375 252.837493896484375 241.818756103515625 231.6437530517578125 222.1875 211.15625 197.962493896484375 184.6875 174.056243896484375 161.787506103515625 149.306243896484375 136.3562469482421875 123.1875 111.25624847412109375 100.26874542236328125 90.18125152587890625 79.71250152587890625 68.6062469482421875 62.65000152587890625 54.831249237060546875 44.15000152587890625 32.9375 23.337499618530273438 20.762500762939453125 18.524999618530273438 15.568749427795410156 15.71875 16.068750381469726562 16.168750762939453125 16.168750762939453125 16.40625 16.456249237060546875 16.424999237060546875 16.125 15.100000381469726562 14.987500190734863281 17.143749237060546875 19.743749618530273438 21.3125 20.581249237060546875 17.793750762939453125 14.806249618530273438 12.243749618530273438 10.899999618530273438
250.6687469482421875 242.09375 230.9812469482421875 222.1875 212.4250030517578125 202.125 189.4875030517578125 178.3312530517578125 167.1875 155.1125030517578125 142.4562530517578125 129.1687469482421875 116 104.7312469482421875 93.69374847412109375 85.1437530517578125 76.1437530517578125 65.19374847412109375 57.36875152587890625 50.424999237060546875 41.356250762939453125 32.65000152587890625 21.256250381469726562 19.056249618530273438 17.625 16.006250381469726562 16.556249618530273438 16.918750762939453125 17.424999237060546875 17.40625 17.46875 18.887500762939453125 20.225000381469726562 19.850000381469726562 18.987499237060546875 18.793750762939453125 19.412500381469726562 20.106250762939453125 20.325000762939453125 19.087499618530273438 16.768749237060546875 14.393750190734863281 12.493749618530273438 11.475000381469726562
