data/historical-monthly-weather-data/wc2.1_cruts4.09_10m_prec_2001-11.asc
ncols        45
nrows        45
xllcorner    -63.500000000000
yllcorner    -7.500000000000
cellsize     0.166666666667
NODATA_value -9999
[rows 0 to 18 of 45, columns 0 to 43 of 45]
74.22499847412109375 73.22499847412109375 71.53125 71.53125 71.6374969482421875 73.96875 76.09999847412109375 78.4875030517578125 82.99375152587890625 87.38124847412109375 91.8937530517578125 96.39374542236328125 101.09375 104.08750152587890625 107.68125152587890625 110.75624847412109375 113.61875152587890625 113.5812530517578125 113.41249847412109375 113.61875152587890625 112.7062530517578125 111.5124969482421875 110.625 107.53125 104.8312530517578125 102.5124969482421875 100.1062469482421875 97.6374969482421875 94.69374847412109375 90.53749847412109375 86.5749969482421875 83.06874847412109375 78.46250152587890625 74.1875 69.84375 67.2312469482421875 64.96250152587890625 62.643749237060546875 61.924999237060546875 61.5625 60.84999847412109375 61.46250152587890625 61.52500152587890625 61.77500152587890625
74.875 73.3937530517578125 72.7375030517578125 73.1374969482421875 74.3625030517578125 77.21250152587890625 79.72499847412109375 83.53125 89.0625 94.2375030517578125 99.44374847412109375 103.90625 107.9812469482421875 111.55625152587890625 114.3249969482421875 117.7312469482421875 119.7687530517578125 120.47499847412109375 120.6125030517578125 121.1125030517578125 119.72499847412109375 118.09375 116.9562530517578125 114.11875152587890625 109.875 106.4375 103.31874847412109375 99.7062530517578125 96 90.8874969482421875 86.05625152587890625 81.69374847412109375 75.88124847412109375 71.4250030517578125 66.68125152587890625 63.41249847412109375 60.43125152587890625 57.481250762939453125 56.46875 55.93125152587890625 55.487499237060546875 55.9375 56.40625 56.268749237060546875
78.19374847412109375 77.46875 78.25 79.86875152587890625 82.75 86.21875 90.65000152587890625 95.25 101.8125 107.46250152587890625 112.0812530517578125 115.6374969482421875 119.0187530517578125 121.58750152587890625 123.44374847412109375 125.4812469482421875 127.3625030517578125 128.1750030517578125 127.8937530517578125 128.1374969482421875 126.5 124.47499847412109375 122.8125 119.33750152587890625 114.6687469482421875 110.0812530517578125 105.90625 101.66249847412109375 96.8000030517578125 90.90000152587890625 86.1999969482421875 81.19374847412109375 76.2687530517578125 71.15000152587890625 66.2937469482421875 62.174999237060546875 58.387500762939453125 55.28125 53.837497711181640625 52.918750762939453125 51.950000762939453125 52.18125152587890625 52.71250152587890625 53.043750762939453125
80.3312530517578125 80.0625 83.5625 86.96875 91.78749847412109375 96.3625030517578125 101.5437469482421875 108.0124969482421875 116.1437530517578125 122.7624969482421875 126.65000152587890625 128.618743896484375 130.556243896484375 131.868743896484375 132.962493896484375 134.25 135.787506103515625 135.787506103515625 135.725006103515625 136.4875030517578125 134.625 131.9187469482421875 128.8000030517578125 123.9187469482421875 118.5500030517578125 113.36875152587890625 108.2687530517578125 102.125 96.91249847412109375 91.3125 86.09375 81.25 75.5500030517578125 70.2937469482421875 65.1125030517578125 61.25 57.18125152587890625 53.19374847412109375 51.25624847412109375 49.637500762939453125 47.700000762939453125 48.3125 48.625 49.012500762939453125
84.875 83.97499847412109375 86.28125 92.13124847412109375 99.7062530517578125 105.69374847412109375 112.00624847412109375 120.18125152587890625 130.3625030517578125 138.837493896484375 140.5812530517578125 139.75 140.350006103515625 141.412506103515625 141.931243896484375 143.056243896484375 143.756256103515625 144.1687469482421875 143.943756103515625 143.399993896484375 142.193756103515625 138.899993896484375 135.21875 129.96875 122.4875030517578125 116.03749847412109375 108.4875030517578125 102.5500030517578125 97.15625 90.6062469482421875 85.1374969482421875 80.18125152587890625 74.74375152587890625 69.66249847412109375 64.5625 60.34375 55.887500762939453125 51.47499847412109375 49.09999847412109375 46.21250152587890625 43.799999237060546875 43.987499237060546875 44.5 45.0625
89.6999969482421875 89.55625152587890625 92.0187530517578125 95.11875152587890625 103.63124847412109375 112.3000030517578125 120.22499847412109375 128.568756103515625 138.5625 147.8000030517578125 148.46875 147.1125030517578125 147.90625 148.6999969482421875 148.7375030517578125 149.118743896484375 150.068756103515625 150.78125 151.662506103515625 150.8000030517578125 148.25 144.912506103515625 140.5187530517578125 133.149993896484375 125.7062530517578125 117.875 109.90000152587890625 102.83750152587890625 96.6750030517578125 89.9562530517578125 83.8937530517578125 79.8937530517578125 74.8312530517578125 70.4875030517578125 65.8125 62.168750762939453125 58.018749237060546875 53.80625152587890625 51.03125 47.44374847412109375 43.318752288818359375 43.012500762939453125 43.081249237060546875 43.424999237060546875
95.6750030517578125 97.05625152587890625 99.6875 102.72499847412109375 109.1374969482421875 116.5625 124.84375 132.9562530517578125 139.881256103515625 144.8000030517578125 149.1125030517578125 150.59375 152.899993896484375 154.375 155.21875 156.1062469482421875 156.8937530517578125 157.71875 157.881256103515625 159.0437469482421875 155.649993896484375 151.100006103515625 145.875 137.131256103515625 128.4875030517578125 120.4375 111.27500152587890625 102.94374847412109375 95.0187530517578125 88.4875030517578125 83.03125 78.6750030517578125 74.63124847412109375 71.11875152587890625 67.5124969482421875 63.918750762939453125 59.9375 56.13124847412109375 53.543750762939453125 48.768749237060546875 43.34999847412109375 42.237499237060546875 41.793750762939453125 41.59375
102.84999847412109375 104.5749969482421875 108.03125 112.8874969482421875 119.25624847412109375 125.34375 130.087493896484375 133.2312469482421875 135.2937469482421875 139.65625 147.537506103515625 152.5749969482421875 156.4562530517578125 159.068756103515625 160.725006103515625 162.5812530517578125 163.462493896484375 164.368743896484375 165.46875 166.1062469482421875 163.568756103515625 158.6999969482421875 151.600006103515625 141.693756103515625 132.693756103515625 121.9562530517578125 111.5500030517578125 101.91249847412109375 93.74375152587890625 86.6687469482421875 81.15000152587890625 77.55625152587890625 74.2937469482421875 71.31874847412109375 68.41249847412109375 64.96875 61.575000762939453125 57.581249237060546875 53.49375152587890625 48.075000762939453125 42.356250762939453125 40.768749237060546875 39.737499237060546875 38.96250152587890625
109.80625152587890625 112.5749969482421875 117.15625 122.38750457763671875 128.2937469482421875 133.506256103515625 137.2624969482421875 138.8249969482421875 136 136.8499908447265625 146.0749969482421875 152.725006103515625 158.118743896484375 161.631256103515625 164.7062530517578125 167.225006103515625 169.0812530517578125 171.274993896484375 175.0562591552734375 175.9375 170.6875 165.162506103515625 156.625 147.243743896484375 136.15625 123.99375152587890625 112.0437469482421875 102.02500152587890625 93.28749847412109375 85.33750152587890625 80.3562469482421875 77.53125 74.2624969482421875 71.4187469482421875 68.71250152587890625 66.05625152587890625 63.012500762939453125 59.293750762939453125 54.799999237060546875 49.581249237060546875 43.83750152587890625 41.31874847412109375 39.61875152587890625 38.137500762939453125
117.3249969482421875 120.24375152587890625 125.2375030517578125 130.993743896484375 137.350006103515625 143.0625 146.0625 146.6687469482421875 145.524993896484375 147.037506103515625 152.125 155.7375030517578125 160.9875030517578125 164.5 168.0625 171.7375030517578125 174.8687591552734375 179.09375 183.6374969482421875 186.96875 181.1437530517578125 173.506256103515625 163.0625 151.774993896484375 138.53125 125.8125 113.9187469482421875 102.5749969482421875 92.8874969482421875 84.34999847412109375 79.4499969482421875 76.77500152587890625 74 71.75624847412109375 69.5625 67.3625030517578125 64.8874969482421875 61.18125152587890625 56.68125152587890625 51.418750762939453125 45.831249237060546875 42.625 39.78125 37.200000762939453125
125.34375 128.75 133.631256103515625 139.5625 146.0437469482421875 153.287506103515625 156.9812469482421875 156.725006103515625 155.631256103515625 156.399993896484375 160.087493896484375 162.25 165.1125030517578125 167.7687530517578125 171.1750030517578125 175.068756103515625 179.59375 185.462493896484375 191.8937530517578125 197.7687530517578125 195.34375 185.3625030517578125 171.4812469482421875 154.7375030517578125 141.412506103515625 129.368743896484375 116.96250152587890625 105.2375030517578125 94.19374847412109375 85.4562530517578125 80.47499847412109375 77.4499969482421875 75.13124847412109375 73 70.65625 68.33750152587890625 65.81874847412109375 62.66249847412109375 58.768749237060546875 53.59375 47.83750152587890625 43.96875 40.362499237060546875 37.049999237060546875
132.5437469482421875 135.8937530517578125 140.84375 147.5625 154.2687530517578125 161.6437530517578125 166.3937530517578125 165.875 164.4562530517578125 164.5437469482421875 166.3125 167.9875030517578125 168.1999969482421875 169.912506103515625 173.5 177.743743896484375 183.100006103515625 189.4875030517578125 197.78125 206.912506103515625 207.125 196.9499969482421875 180.475006103515625 160.7062530517578125 144.662506103515625 131.399993896484375 118.52500152587890625 106.9499969482421875 97.0625 88.56874847412109375 82.55625152587890625 78.46250152587890625 75.5500030517578125 73.11875152587890625 71.09375 69.0187530517578125 66.625 64.0124969482421875 60.21875 55.53749847412109375 50.36875152587890625 45.918750762939453125 41.68125152587890625 37.84375
139.568756103515625 143.256256103515625 148.3562469482421875 154.193756103515625 160.1687469482421875 166.787506103515625 170.7312469482421875 171.600006103515625 170.625 170.90625 171.625 172.899993896484375 172.681243896484375 170.662506103515625 173.3312530517578125 178.0500030517578125 184.1062469482421875 192.6125030517578125 201.9875030517578125 211.524993896484375 213.806243896484375 204.0749969482421875 186.3312530517578125 166.806243896484375 148.03125 132.7062530517578125 121.125 109.5749969482421875 99.8249969482421875 91.5749969482421875 85.05625152587890625 80.0437469482421875 76.09375 73.1687469482421875 71.0500030517578125 69.1750030517578125 67.15625 64.8625030517578125 61.83750152587890625 57.206249237060546875 52.66249847412109375 48.081249237060546875 42.71875 36.762500762939453125
146.162506103515625 148.9499969482421875 153.875 159.274993896484375 164.9499969482421875 169.931243896484375 173.7624969482421875 175.9187469482421875 176.287506103515625 175.96875 175.9187469482421875 174.600006103515625 173.6437530517578125 171.6062469482421875 171.0812530517578125 175.756256103515625 182.6750030517578125 191.1437530517578125 200.34375 208.6750030517578125 209.037506103515625 200.931243896484375 186.899993896484375 168.787506103515625 151.5437469482421875 136.6437530517578125 125.3249969482421875 113.8249969482421875 103.2624969482421875 94.46250152587890625 87.6437530517578125 81.81874847412109375 76.94374847412109375 73.24375152587890625 71.21875 69.78749847412109375 68.0187530517578125 66.6875 63.356250762939453125 59.512500762939453125 54.418750762939453125 48.09375 41.90000152587890625 37.16249847412109375
149.850006103515625 152.568756103515625 157.65625 163.0749969482421875 168.462493896484375 173.037506103515625 177.399993896484375 180.024993896484375 180.100006103515625 179.443756103515625 178.59375 176.712493896484375 174.4250030517578125 171.568756103515625 168.4375 171.993743896484375 179.625 188.462493896484375 197.743743896484375 205.412506103515625 204.3312530517578125 197.462493896484375 186.4499969482421875 171.5749969482421875 157.2687530517578125 143.712493896484375 131.4875030517578125 119.28125 108.0187530517578125 98.0500030517578125 90.02500152587890625 83.125 77.9562530517578125 73.8249969482421875 70.9375 69.19374847412109375 68.15000152587890625 67.46875 64.0500030517578125 58.424999237060546875 51.581249237060546875 46.606250762939453125 42.393749237060546875 38.74375152587890625
152.2937469482421875 155.03125 160.71875 166.1875 171.6875 176.6687469482421875 180.40625 183.15625 184.15625 184.3874969482421875 182.693756103515625 180.1187591552734375 177.1687469482421875 172.5187530517578125 168.006256103515625 167.15625 176.899993896484375 187.725006103515625 196.662506103515625 203.65625 202.818756103515625 197.0625 187.462493896484375 174.7062530517578125 162.350006103515625 151.1999969482421875 139.537506103515625 126.49375152587890625 113.1437530517578125 101.55625152587890625 92.40000152587890625 84.8937530517578125 78.90000152587890625 74.74375152587890625 70.7687530517578125 69.69374847412109375 69.31874847412109375 66.77500152587890625 62.22499847412109375 55.83750152587890625 49.606250762939453125 46.0625 42.793750762939453125 38.950000762939453125
154.2687530517578125 157.90625 163.3562469482421875 169.024993896484375 175.125 180.0812530517578125 184.712493896484375 187.53125 188.8874969482421875 188.8249969482421875 187.693756103515625 185.162506103515625 181.506256103515625 176.8312530517578125 172.9250030517578125 172.4375 177.431243896484375 186.725006103515625 196.6875 204.3562469482421875 203.350006103515625 197.9562530517578125 189.1875 177.056243896484375 166.568756103515625 158.381256103515625 148.756256103515625 133.4875030517578125 117.19374847412109375 104.53749847412109375 94.94374847412109375 88.08750152587890625 81.2375030517578125 76.2062530517578125 74.38124847412109375 74.33750152587890625 71.8937530517578125 69.41249847412109375 64.2624969482421875 56.299999237060546875 49.61875152587890625 46.575000762939453125 42.96875 40.231250762939453125
154.90625 158.8562469482421875 165.3125 171.9562530517578125 178.1999969482421875 184.7937469482421875 190.3874969482421875 193.806243896484375 195.40625 195.306243896484375 194.125 191.6999969482421875 186.9875030517578125 183.3000030517578125 181.368743896484375 181.087493896484375 183.7687530517578125 187.287506103515625 198.787506103515625 207.2062530517578125 207.306243896484375 200.225006103515625 190.993743896484375 180.712493896484375 172.056243896484375 164.6062469482421875 157.975006103515625 140.0124969482421875 120.4812469482421875 105.25624847412109375 94.69374847412109375 87.5749969482421875 83.53749847412109375 81.8562469482421875 80.46250152587890625 76.5437469482421875 74.19374847412109375 71.3125 64.5749969482421875 58.43125152587890625 51.518749237060546875 47.950000762939453125 44.549999237060546875 41.65625
154.875 159.868743896484375 166.9375 174.4812469482421875 182.056243896484375 189.287506103515625 195.3937530517578125 200.4499969482421875 202.962493896484375 204.03125 202.4812469482421875 199.524993896484375 194.96875 191.649993896484375 189.212493896484375 189.318756103515625 191.40625 192.8000030517578125 200.2937469482421875 209.1999969482421875 211.53125 207.537506103515625 192.7312469482421875 183.443756103515625 175.787506103515625 168.03125 158.4375 141.787506103515625 123.16249847412109375 106.52500152587890625 94.11875152587890625 89.3312530517578125 89.15625 87.03125 83.7937469482421875 80.8249969482421875 77.0749969482421875 72.81874847412109375 67.0625 60.65000152587890625 53.96250152587890625 50.77500152587890625 46.668750762939453125 43.25624847412109375
