data/historical-monthly-weather-data/wc2.1_cruts4.09_10m_prec_1968-06.asc
ncols        51
nrows        45
xllcorner    -63.500000000000
yllcorner    -7.500000000000
cellsize     0.166666666667
NODATA_value -9999
[rows 0 to 18 of 45, columns 0 to 42 of 51]
172.306243896484375 164.787506103515625 167.975006103515625 178.4250030517578125 187.2062530517578125 201.7624969482421875 213.256256103515625 223.3000030517578125 230.024993896484375 244.6062469482421875 261.36248779296875 273.17498779296875 285.149993896484375 293.36248779296875 297.67498779296875 303.162506103515625 305.506256103515625 304.90625 303.36248779296875 305.131256103515625 310.91876220703125 306.90625 304.29998779296875 297.024993896484375 291.850006103515625 288.0625 286.95623779296875 288.125 283.03125 288.75 289.36248779296875 297.649993896484375 309.962493896484375 315.90625 321.956268310546875 325.66876220703125 327.8125 331.91876220703125 325.48126220703125 322.29376220703125 323.931243896484375 331.975006103515625 328.03125
163.6999969482421875 154.78125 159.568756103515625 166.6999969482421875 176.25 189.6437530517578125 200.350006103515625 209.649993896484375 222.5187530517578125 237.212493896484375 251.5749969482421875 261.76251220703125 266.787506103515625 272.98748779296875 275.89373779296875 279.899993896484375 280.28125 276.41876220703125 273.868743896484375 276.40625 279.568756103515625 276.506256103515625 276.51251220703125 273.625 269.88751220703125 266.243743896484375 267.38751220703125 267.3125 264.89373779296875 265.350006103515625 270.29376220703125 283.087493896484375 291.512481689453125 299.375 307.13751220703125 305.15625 307.9375 309.037506103515625 303.07501220703125 300.506256103515625 305.4375 299.431243896484375 304.59375
154.9875030517578125 150.3874969482421875 154.6999969482421875 158.912506103515625 168.125 181.90625 193.1687469482421875 206.9562530517578125 219.962493896484375 233.40625 244.25 249.9187469482421875 255.4250030517578125 254.962493896484375 255.443756103515625 257.33123779296875 255.2874908447265625 252.3937530517578125 250.7062530517578125 251.256256103515625 255.59375 259.524993896484375 259.725006103515625 262.96875 257.274993896484375 253.568756103515625 259.587493896484375 257.600006103515625 252.024993896484375 259.243743896484375 261.712493896484375 269.25 276.65625 286.462493896484375 290.46875 282.42498779296875 287.743743896484375 293 288.41876220703125 286.92498779296875 293.975006103515625 291.28125 291.368743896484375
146.100006103515625 139.225006103515625 146.1875 153.0812530517578125 159.8312530517578125 171.9375 185.09375 198.84375 213.899993896484375 227.78125 234.8562469482421875 236.9499969482421875 237.693756103515625 235.5437469482421875 235.9875030517578125 236.5500030517578125 231.306243896484375 230.1999969482421875 229.350006103515625 237.25 240.399993896484375 239.506256103515625 242.7687530517578125 249.256256103515625 245.0187530517578125 243.056243896484375 245.993743896484375 241.7687530517578125 241.225006103515625 249.087493896484375 254.225006103515625 257.875 264.51251220703125 267.28125 271.17498779296875 277.45001220703125 283.225006103515625 284.04998779296875 278.71875 277.243743896484375 281.48126220703125 284.48748779296875 282.787506103515625
148.4499969482421875 139.6999969482421875 137.806243896484375 145.600006103515625 155.9499969482421875 164.5 176.6125030517578125 192.5 210.3625030517578125 224.068756103515625 229.3937530517578125 223.3125 222.712493896484375 221.1187591552734375 218.037506103515625 216.9250030517578125 213.931243896484375 208.6125030517578125 207.78125 213.5749969482421875 217.318756103515625 221.40625 226.7937469482421875 232.8625030517578125 230.662506103515625 231.5187530517578125 231.568756103515625 234.274993896484375 234.5187530517578125 237.100006103515625 245.5124969482421875 252.1875 255.6374969482421875 260.51873779296875 268.46875 267.70001220703125 271.89373779296875 276.587493896484375 269.23748779296875 264.42498779296875 268.943756103515625 270.787506103515625 270.818756103515625
142 136.9812469482421875 136.506256103515625 134.975006103515625 147.287506103515625 162.65625 173.0812530517578125 186.90625 206.693756103515625 221.0500030517578125 221.287506103515625 215.40625 214.4875030517578125 212.368743896484375 206.806243896484375 204.7937469482421875 200.1750030517578125 195.431243896484375 197.287506103515625 200.7312469482421875 207.90625 212.193756103515625 217.100006103515625 218.9499969482421875 222.6437530517578125 225.787506103515625 223.8000030517578125 226.5187530517578125 227.5187530517578125 229.274993896484375 238.818756103515625 244.524993896484375 250.068756103515625 250.743743896484375 250.0625 257.337493896484375 255.5437469482421875 249.600006103515625 249.193756103515625 253.618743896484375 252.587493896484375 256.73126220703125 253.90625
138.868743896484375 133.40625 134.243743896484375 135.943756103515625 139.100006103515625 147.962493896484375 158.5124969482421875 176.149993896484375 188.368743896484375 200.7624969482421875 205.3625030517578125 202.5 204.2687530517578125 204.3625030517578125 199.462493896484375 195.9562530517578125 193.225006103515625 189.037506103515625 186.100006103515625 190.1062469482421875 192.662506103515625 198.5625 203.03125 209.318756103515625 218.84375 222.943756103515625 220.40625 220.1750030517578125 220.7624969482421875 229.649993896484375 231.1875 231.2312469482421875 232.2937469482421875 236.5124969482421875 241.625 240.1687469482421875 231.7937469482421875 229.506256103515625 228.068756103515625 233.8312530517578125 233.0187530517578125 234.837493896484375 236.631256103515625
134.337493896484375 127.49375152587890625 129.318756103515625 135.1875 139.212493896484375 150.3249969482421875 153.6374969482421875 157.3874969482421875 161.350006103515625 174.868743896484375 185.25 188.9250030517578125 193 193.4812469482421875 193.0812530517578125 189.774993896484375 183.7937469482421875 180.8000030517578125 177.5625 175.5812530517578125 188.53125 192.2687530517578125 196.0500030517578125 202.368743896484375 212.337493896484375 214.7062530517578125 213.868743896484375 213.6374969482421875 214.3312530517578125 216.25 225.5124969482421875 223.537506103515625 223.75 223.4875030517578125 219.78125 215.899993896484375 211.59375 208.412506103515625 202.6125030517578125 202.193756103515625 204.962493896484375 211.6750030517578125 208.931243896484375
129.8249969482421875 125.5625 126.11875152587890625 130.412506103515625 135.681243896484375 142.7937469482421875 151.5812530517578125 158.3874969482421875 156.4187469482421875 158.0749969482421875 165.5 172.6999969482421875 182.7062530517578125 185.381256103515625 185.868743896484375 181.7687530517578125 182.5812530517578125 182.7624969482421875 182.256256103515625 177.993743896484375 179.0500030517578125 191.399993896484375 190.8625030517578125 203.0625 207.7375030517578125 211.25 210.3312530517578125 212.3062591552734375 217.4499969482421875 216.9499969482421875 225.037506103515625 212.75 202.7937469482421875 198.84375 199.9250030517578125 202.756256103515625 201.243743896484375 199.9250030517578125 194.118743896484375 188.662506103515625 185.9562530517578125 184.125 190.25
125.80625152587890625 123.25 124.47499847412109375 128.5 133.1437530517578125 139.2937469482421875 146.787506103515625 150.8062591552734375 154.9812469482421875 158.037506103515625 160.375 159.4562530517578125 171.0749969482421875 177.256256103515625 179.5437469482421875 179.125 177.5500030517578125 184.3687591552734375 185.71875 186.28125 184.524993896484375 188.056243896484375 185.90625 194.3874969482421875 197.306243896484375 204.975006103515625 205.1999969482421875 204.9250030517578125 205.40625 209.4375 212.5124969482421875 204.100006103515625 198.443756103515625 194.1875 188.712493896484375 187.53125 187.7375030517578125 188.15625 185.037506103515625 185.850006103515625 185.806243896484375 183.743743896484375 175.712493896484375
123.8125 121.2624969482421875 122.46875 125.46875 128.568756103515625 136.162506103515625 140.03125 143.975006103515625 150.0749969482421875 155.024993896484375 159.5625 159.693756103515625 161.8125 168.662506103515625 170.6687469482421875 172.0500030517578125 172.2375030517578125 175.600006103515625 182.037506103515625 190.0437469482421875 200.212493896484375 198.943756103515625 189.556243896484375 178.8125 189.1374969482421875 206.662506103515625 208.756256103515625 204.1062469482421875 199.556243896484375 199.6437530517578125 200.225006103515625 194.8000030517578125 190.662506103515625 186.53125 181.75 175.7312469482421875 174.9187469482421875 172.243743896484375 176.225006103515625 174.8000030517578125 173.337493896484375 168.6437530517578125 165.7312469482421875
121.00624847412109375 119.50624847412109375 122.50624847412109375 123.60625457763671875 127.00624847412109375 131.837493896484375 138.90625 143.90625 149.118743896484375 149.84375 156.225006103515625 158.087493896484375 153.0749969482421875 158.850006103515625 165.649993896484375 166.5500030517578125 167.125 172.59375 181.618743896484375 197.4250030517578125 210.1125030517578125 212.274993896484375 201.7312469482421875 184.6687469482421875 186.96875 193.993743896484375 192.2312469482421875 192.024993896484375 192.6687469482421875 189.46875 181.5 180.806243896484375 178.287506103515625 171.3937530517578125 170.4250030517578125 170.5124969482421875 172.0124969482421875 170.7375030517578125 165.912506103515625 169.1875 168.46875 162.7874908447265625 148.850006103515625
120.78749847412109375 118.83124542236328125 120.71875 121.8000030517578125 125.6750030517578125 128.962493896484375 134.475006103515625 139.5250091552734375 142.5 145.6437530517578125 150.3937530517578125 153.5749969482421875 153.375 147.725006103515625 151.03125 155.7624969482421875 158.5437469482421875 166.8874969482421875 170.681243896484375 184.8562469482421875 201.743743896484375 205.9250030517578125 201.837493896484375 189.15625 178.71875 181.4812469482421875 183.96875 184.993743896484375 186.868743896484375 186.1750030517578125 176.1125030517578125 168.0749969482421875 169.0500030517578125 160.5625 158.8125 161.2937469482421875 167.3000030517578125 169.287506103515625 175.0749969482421875 172.5749969482421875 163.8874969482421875 155.8000030517578125 135.3249969482421875
119.13124847412109375 117.74375152587890625 118.75624847412109375 120.15625 121.6437530517578125 125.72499847412109375 129.4812469482421875 135.2624969482421875 139.631256103515625 141.4187469482421875 144.912506103515625 144.4187469482421875 145.381256103515625 143.1937408447265625 137.006256103515625 144.5500030517578125 146.818756103515625 152.7375030517578125 159.2062530517578125 171.306243896484375 186.1374969482421875 192.0187530517578125 191.8312530517578125 187.9562530517578125 182.868743896484375 178.975006103515625 175.3125 172.7687530517578125 172.9875030517578125 170.600006103515625 167.600006103515625 161.7375030517578125 158.75 156.475006103515625 150.71875 159.5437469482421875 169.9187469482421875 177.024993896484375 182.975006103515625 176.568756103515625 153.5437469482421875 139.006256103515625 133.5
113.6062469482421875 112.8562469482421875 115.43125152587890625 117.83750152587890625 119.13124847412109375 122.8937530517578125 127.47499847412109375 131.506256103515625 134.943756103515625 137.524993896484375 139.1875 138.993743896484375 138.7375030517578125 134.875 126.97499847412109375 132.3249969482421875 135.837493896484375 144.5625 147.556243896484375 157.1437530517578125 172.993743896484375 181.287506103515625 187.5812530517578125 187.8874969482421875 189.8562469482421875 187.256256103515625 183.03125 177.912506103515625 178.149993896484375 168.743743896484375 158.318756103515625 155.59375 159.0187530517578125 150.806243896484375 140.7375030517578125 142.0625 161 179.3312530517578125 181.431243896484375 170.125 157.5749969482421875 150.875 151.03125
109.4499969482421875 108.00624847412109375 110.80625152587890625 112.24375152587890625 116.00624847412109375 120.28125 123.81874847412109375 126.65625 131.6125030517578125 136.568756103515625 137.712493896484375 136.337493896484375 135.506256103515625 131.743743896484375 125.6999969482421875 117.00624847412109375 123.27500152587890625 134.2937469482421875 137.59375 146.100006103515625 160.0625 171.493743896484375 183.09375 189.2375030517578125 191.6999969482421875 189.625 182.006256103515625 178.399993896484375 174.912506103515625 172.46875 164.46875 155.256256103515625 145.1687469482421875 135.3000030517578125 127.0187530517578125 145.5 152.7937469482421875 164.1875 172.15625 172.8000030517578125 169.5187530517578125 164.693756103515625 154.9187469482421875
104.18125152587890625 104.03749847412109375 105.6750030517578125 109.28749847412109375 112.8874969482421875 117.66249847412109375 121.09375 124.75624847412109375 126.54999542236328125 129.743743896484375 133.4375 133.1374969482421875 129.8625030517578125 126.19374847412109375 125.15625 117.9250030517578125 108.77500152587890625 117.81874847412109375 126.52500152587890625 133.4375 145.087493896484375 160.6750030517578125 173.6999969482421875 186.2375030517578125 188.6437530517578125 180.5749969482421875 173.431243896484375 168.975006103515625 171.3000030517578125 170.15625 166.4375 161.068756103515625 150.943756103515625 146.4375 151.8249969482421875 156.787506103515625 166.4375 173.875 180.0437469482421875 169.962493896484375 166.2375030517578125 157.46875 143.8937530517578125
96.75 97.52500152587890625 101.3000030517578125 105.125 109.22499847412109375 115.22499847412109375 118.06874847412109375 121.09999847412109375 122.96875 123.80625152587890625 125.55625152587890625 127.40625 123.53749847412109375 120.9499969482421875 121.7312469482421875 117.65000152587890625 109.1125030517578125 102.50624847412109375 117.5 120 130.9562530517578125 145.806243896484375 164.2062530517578125 174.40625 180.5124969482421875 172.712493896484375 162.681243896484375 165.2624969482421875 166.193756103515625 161.462493896484375 150.618743896484375 141.318756103515625 156.8687591552734375 157.868743896484375 157.6875 179.40625 185.506256103515625 177.193756103515625 175.15625 168.0812530517578125 150.6999969482421875 138.993743896484375 128.53125
89.97499847412109375 92.3249969482421875 96.3125 100.875 105.7312469482421875 109.9499969482421875 113.3874969482421875 116.06874847412109375 119.1999969482421875 121.6687469482421875 122.4250030517578125 118.3249969482421875 115.80625152587890625 115.03749847412109375 113.7062530517578125 111.6125030517578125 110.6687469482421875 101.7687530517578125 100.34999847412109375 104.52500152587890625 119.6062469482421875 138.46875 141.96875 155.818756103515625 161.568756103515625 167.475006103515625 164.037506103515625 157.8562469482421875 161.818756103515625 156.78125 148.65625 146.912506103515625 153.3937530517578125 152.3312530517578125 158.1437530517578125 172.3874969482421875 171.5437469482421875 162.6687469482421875 160.21875 149.4562530517578125 135.1374969482421875 120.8874969482421875 115.1999969482421875
