data/historical-monthly-weather-data/wc2.1_cruts4.09_10m_prec_1964-11.asc
ncols        45
nrows        45
xllcorner    -63.500000000000
yllcorner    -7.500000000000
cellsize     0.166666666667
NODATA_value -9999
[rows 0 to 19 of 45, columns 0 to 43 of 45]
350.618743896484375 358.79998779296875 348.29376220703125 343.53125 337.41876220703125 329.774993896484375 319.212493896484375 308.681243896484375 298.01873779296875 285.712493896484375 273.350006103515625 258.118743896484375 243.381256103515625 225.375 209.9187469482421875 194.15625 179.5500030517578125 165.368743896484375 152.4375 141.3125 133.381256103515625 126.09375 119.68125152587890625 112.625 106.38124847412109375 101.05625152587890625 97.7624969482421875 94.8125 91.1999969482421875 85.40000152587890625 79.625 74.49375152587890625 69.5812530517578125 65.15000152587890625 60.74375152587890625 58.33750152587890625 56.25 54.112499237060546875 53.106250762939453125 52.393749237060546875 51.28749847412109375 50.737499237060546875 49.6875 48.78125
361.89373779296875 368.40625 363.943756103515625 362.35626220703125 362.51873779296875 355.681243896484375 345.11248779296875 338.243743896484375 327.506256103515625 313.78125 299.98748779296875 281.625 262.8125 244.0749969482421875 225.337493896484375 208.943756103515625 191.556243896484375 176.274993896484375 161.5437469482421875 148.96875 140.28125 132.587493896484375 125.96875 119.3562469482421875 111.68125152587890625 105.34999847412109375 101.34375 97.18125152587890625 92.97499847412109375 87.4250030517578125 82.15625 77.50624847412109375 72.47499847412109375 68.9562530517578125 65.2624969482421875 63.362499237060546875 61.84999847412109375 60.28749847412109375 59.674999237060546875 59.424999237060546875 59.03749847412109375 58.33750152587890625 57.46875 55.9375
358.631256103515625 365.287506103515625 361.48748779296875 358.993743896484375 360.73748779296875 356.70001220703125 354.912506103515625 351.6875 345.13751220703125 333.70623779296875 318.79376220703125 298.850006103515625 279.28125 259.14373779296875 238.8249969482421875 220 202.618743896484375 187.8312530517578125 172.850006103515625 160.1687469482421875 150.681243896484375 141.9250030517578125 134.162506103515625 126.0749969482421875 117.1374969482421875 108.9250030517578125 103.72499847412109375 98.9250030517578125 93.55625152587890625 87.50624847412109375 82.59375 77.5749969482421875 73.44374847412109375 69.3000030517578125 65.5187530517578125 63.08750152587890625 61.15000152587890625 59.862499237060546875 59.450000762939453125 59.46875 59.181247711181640625 58.643749237060546875 58.16249847412109375 57.362499237060546875
344.850006103515625 349.556243896484375 350.59375 348.181243896484375 351.162506103515625 351.95623779296875 354.287506103515625 358.95623779296875 358.912506103515625 352.068756103515625 337.0625 314.9375 293.8125 272.64373779296875 251.5062408447265625 231.8625030517578125 214.3249969482421875 199.2062530517578125 185.375 173.943756103515625 163.5500030517578125 153.193756103515625 142.9875030517578125 132.381256103515625 121.71250152587890625 112.0437469482421875 105.7937469482421875 99.1062469482421875 93.36875152587890625 87.6750030517578125 82.36875152587890625 77.53125 72.50624847412109375 68.03125 63.799999237060546875 61.75624847412109375 59.743747711181640625 57.887500762939453125 57.637500762939453125 57.606250762939453125 57.00624847412109375 57.4375 57.200000762939453125 56.799999237060546875
339.29998779296875 337.649993896484375 328.287506103515625 329.65625 337.36248779296875 343.26251220703125 350.39373779296875 361.21875 368.66876220703125 368.725006103515625 350.63751220703125 324.33123779296875 302.693756103515625 283.181243896484375 262.07501220703125 243.03125 224.8874969482421875 211.3937530517578125 198.2624969482421875 185.8000030517578125 175.662506103515625 163.806243896484375 152.162506103515625 140.1437530517578125 126.21875 114.46250152587890625 105.7062530517578125 99.1750030517578125 93.30625152587890625 86.7687530517578125 81.33750152587890625 76.46250152587890625 71.59999847412109375 67.13124847412109375 62.86875152587890625 60.549999237060546875 58.31874847412109375 56.25624847412109375 56.25 55.59999847412109375 55.18125152587890625 55.63124847412109375 56.125 56.3125
325.04376220703125 323.399993896484375 314.693756103515625 306.45623779296875 316.29998779296875 328.975006103515625 339.14373779296875 348.8125 356.475006103515625 360.193756103515625 342.568756103515625 318.662506103515625 300.42498779296875 283.14373779296875 263.9375 246.1875 230.7687530517578125 219.2062530517578125 208.868743896484375 196.8874969482421875 184.493743896484375 171.7312469482421875 158.443756103515625 143.46875 129.087493896484375 115.5 106.33750152587890625 98.8249969482421875 92.31874847412109375 85.90000152587890625 80.19374847412109375 76.50624847412109375 72.11875152587890625 68.5124969482421875 64.75 62.84375 60.74375152587890625 58.799999237060546875 58.71250152587890625 57.80625152587890625 55.831249237060546875 56.106250762939453125 56.387500762939453125 56.606250762939453125
312.899993896484375 313.48748779296875 305.73126220703125 298.01251220703125 300.88751220703125 308.21875 317.67498779296875 325.556243896484375 327.068756103515625 323.10626220703125 317.524993896484375 303.6875 291.73126220703125 278.66876220703125 264.118743896484375 250.0812530517578125 236.943756103515625 227.0749969482421875 217.118743896484375 208.9187469482421875 194.774993896484375 179.6374969482421875 164.506256103515625 147.462493896484375 131.3125 117.11875152587890625 106.8562469482421875 98.2624969482421875 90.2062530517578125 84.24375152587890625 79.46250152587890625 75.71250152587890625 72.4812469482421875 69.84999847412109375 67.2375030517578125 65.2062530517578125 62.987499237060546875 61.25624847412109375 61.706249237060546875 59.924999237060546875 56.91249847412109375 56.56874847412109375 56.543750762939453125 56.36875152587890625
304.024993896484375 302.806243896484375 297.67498779296875 295.45001220703125 297.556243896484375 299.975006103515625 299.41876220703125 295.42498779296875 288.36248779296875 286.14373779296875 290.587493896484375 286.962493896484375 280.868743896484375 272.475006103515625 262.412506103515625 252.8937530517578125 242.5124969482421875 234.2375030517578125 226.8625030517578125 218.8937530517578125 205.28125 188.8312530517578125 170.6687469482421875 151.8312530517578125 134.84375 117.6125030517578125 106.2624969482421875 96.56874847412109375 88.49375152587890625 82.2937469482421875 77.72499847412109375 74.97499847412109375 72.68125152587890625 70.7375030517578125 68.9562530517578125 66.8562469482421875 64.9812469482421875 62.78125 61.731250762939453125 59.46875 56.4375 55.825000762939453125 55.46250152587890625 54.924999237060546875
296.82501220703125 297.10626220703125 295.256256103515625 294.193756103515625 295.01251220703125 295.181243896484375 292.53125 285.537506103515625 269.712493896484375 261.75 269.60626220703125 270.48748779296875 268.54376220703125 263.41876220703125 258.38751220703125 252.681243896484375 246.181243896484375 240.28125 236.7624969482421875 229.0812530517578125 211.693756103515625 194.131256103515625 174.0625 155.8000030517578125 136.7312469482421875 118.22499847412109375 105.7375030517578125 96 87.68125152587890625 80.875 76.9812469482421875 75.18125152587890625 73.02500152587890625 71.40000152587890625 69.93125152587890625 68.61875152587890625 66.97499847412109375 64.93125152587890625 63.200000762939453125 60.97499847412109375 57.83750152587890625 56.5625 55.956249237060546875 55.043750762939453125
290.51251220703125 289.850006103515625 289.26873779296875 289.76251220703125 291.6875 292.88751220703125 288.9375 280.73126220703125 269.212493896484375 263.131256103515625 263.375 259.79376220703125 258.649993896484375 254.9375 253.2687530517578125 252.1125030517578125 249.8874969482421875 247.1999969482421875 244.600006103515625 239.943756103515625 221.506256103515625 201.0187530517578125 178.587493896484375 158.3874969482421875 137.2687530517578125 118.5 106.46875 95.875 86.9187469482421875 79.77500152587890625 76.125 74.6125030517578125 73.13124847412109375 72.25624847412109375 71.4562530517578125 70.5625 69.4562530517578125 67.3312530517578125 65.34375 62.8125 59.762500762939453125 58.13124847412109375 56.637500762939453125 54.83750152587890625
284.71875 284.100006103515625 283.399993896484375 284.45001220703125 286.693756103515625 290.818756103515625 288.41876220703125 279.21875 268.712493896484375 261.85626220703125 260.01873779296875 255.0625 251.149993896484375 247.524993896484375 247.943756103515625 249.5500030517578125 251.475006103515625 251.431243896484375 251.34375 249.8249969482421875 235.162506103515625 211.40625 184.8000030517578125 159.0625 138.256256103515625 120.4250030517578125 108.31874847412109375 97.7375030517578125 87.86875152587890625 80.74375152587890625 77.1750030517578125 75.5124969482421875 74.61875152587890625 73.9812469482421875 73.1875 72.1374969482421875 70.90625 69.22499847412109375 67.68125152587890625 65.0124969482421875 61.606250762939453125 59.625 57.71250152587890625 55.56874847412109375
280.10626220703125 279.537506103515625 279.131256103515625 281.73126220703125 284.306243896484375 288.181243896484375 287.418731689453125 277.975006103515625 267.45623779296875 259.90625 255.350006103515625 251.1062469482421875 244.9875030517578125 241.5437469482421875 242.681243896484375 245.03125 248.34375 249.337493896484375 251.993743896484375 254.7375030517578125 243.1999969482421875 219.181243896484375 189.9562530517578125 161.975006103515625 139.368743896484375 121.1999969482421875 109.1687469482421875 99.21875 90.81874847412109375 84.06874847412109375 79.66249847412109375 77.0437469482421875 75.59999847412109375 74.65625 74.15000152587890625 73.33750152587890625 72.21875 71.06874847412109375 69.27500152587890625 66.69374847412109375 63.625 61.24375152587890625 58.950000762939453125 56.543750762939453125
274.875 275.33123779296875 275.38751220703125 276.412506103515625 277.587493896484375 279.78125 277.524993896484375 270.643768310546875 261.40625 254.600006103515625 249.037506103515625 245.9562530517578125 241.1374969482421875 234.15625 234.2062530517578125 237.1374969482421875 241.3000030517578125 245.475006103515625 249.8312530517578125 253.368743896484375 244.4187469482421875 221.256256103515625 191.243743896484375 164.693756103515625 140.5 121.34999847412109375 111.1062469482421875 101.625 93.72499847412109375 87.3874969482421875 82.61875152587890625 79.19374847412109375 76.71250152587890625 75.22499847412109375 74.58750152587890625 73.96875 73.25624847412109375 72.34999847412109375 70.99375152587890625 68.00624847412109375 65.3249969482421875 63.00624847412109375 59.68125152587890625 54.637500762939453125
269.037506103515625 268.100006103515625 268.04376220703125 268.412506103515625 269.193756103515625 268.39373779296875 265.84375 261.09375 254.462493896484375 247.2375030517578125 241.1750030517578125 236.1374969482421875 232.1999969482421875 226.8000030517578125 222.850006103515625 225.6125030517578125 230.850006103515625 235.375 240.0124969482421875 242.625 232.243743896484375 211.9000091552734375 186.8625030517578125 163.1437530517578125 141.756256103515625 123.9812469482421875 114.5500030517578125 105.59999847412109375 97.36875152587890625 90.6750030517578125 85.72499847412109375 81.5749969482421875 78.1750030517578125 75.88124847412109375 75.33750152587890625 75.1875 74.7624969482421875 74.9187469482421875 73.0812530517578125 70.77500152587890625 67.24375152587890625 62.743747711181640625 58.268749237060546875 55.075000762939453125
262.587493896484375 261.756256103515625 261.693756103515625 261.83123779296875 261.837493896484375 260.09375 258.056243896484375 253.875 247.100006103515625 239.818756103515625 233.024993896484375 227.6374969482421875 222.28125 216.2062530517578125 209.056243896484375 210.243743896484375 216.056243896484375 221.337493896484375 226.493743896484375 228.993743896484375 218.4812469482421875 201.243743896484375 181.100006103515625 162.4250030517578125 145.475006103515625 130.243743896484375 120.52500152587890625 111.24375152587890625 102.6374969482421875 94.9562530517578125 88.90000152587890625 83.7312469482421875 80.0500030517578125 77.34999847412109375 75.93125152587890625 75.71875 76.40625 77.7687530517578125 76.9187469482421875 73.71250152587890625 68.7624969482421875 64.6875 61.331249237060546875 58.38124847412109375
254.8125 254.0749969482421875 254.7937469482421875 254.6687469482421875 254.5437469482421875 253.0187530517578125 249.75 245.5687408447265625 240.3125 234.5 226.8937530517578125 220.78125 214.75 206.7312469482421875 198.087493896484375 193.875 201.8125 209.6125030517578125 214.7375030517578125 217.024993896484375 208.1875 193.78125 176.6624908447265625 161.9562530517578125 148.618743896484375 137.0187530517578125 128.337493896484375 118.6750030517578125 108.3937530517578125 99.21875 92.125 86.40625 81.9250030517578125 79.2375030517578125 76.71875 77.5500030517578125 79.375 79.15625 78.1437530517578125 75.2937469482421875 72.1062469482421875 68.5812530517578125 64.66249847412109375 59.78125
246.462493896484375 247.225006103515625 247.193756103515625 247.068756103515625 247.4812469482421875 245.5500030517578125 243.1437530517578125 238.837493896484375 234.1750030517578125 228.2624969482421875 221.6687469482421875 215.7062530517578125 208.931243896484375 201.0812530517578125 193.2937469482421875 189.40625 191.568756103515625 197.743743896484375 204.2062530517578125 207.6687469482421875 200.0749969482421875 187.7062530517578125 173.131256103515625 160.881256103515625 151.0187530517578125 143.6437530517578125 137.375 126.0187530517578125 113.1999969482421875 103.0749969482421875 95.6125030517578125 90.5749969482421875 85.28125 81.7375030517578125 81.6687469482421875 84.0625 84.0124969482421875 84.4375 83.90625 80.3562469482421875 77.5625 73.56874847412109375 67.5500030517578125 62.924999237060546875
236.84375 238.274993896484375 239.375 240.0625 240.1437530517578125 239.9562530517578125 238.443756103515625 234.6062469482421875 230.2624969482421875 224.399993896484375 217.84375 211.774993896484375 203.70001220703125 196.8625030517578125 191.3249969482421875 187.59375 187.0124969482421875 186.9875030517578125 194.6999969482421875 199.0124969482421875 194.71875 183.53125 171.193756103515625 162.2375030517578125 155.443756103515625 150.006256103515625 146.931243896484375 133.318756103515625 117.5124969482421875 104.8562469482421875 96.34999847412109375 91.0749969482421875 88.75624847412109375 88.9812469482421875 89.66249847412109375 88 88.40000152587890625 88.5749969482421875 85.7312469482421875 84.15625 80.7375030517578125 76.36875152587890625 71.21250152587890625 66.81874847412109375
226.524993896484375 229.662506103515625 231.181243896484375 232.5187530517578125 233.774993896484375 233.96875 232.6750030517578125 230.4812469482421875 227.118743896484375 222.5812530517578125 215.681243896484375 208.743743896484375 200.6062469482421875 193.975006103515625 187.912506103515625 184.493743896484375 183.100006103515625 180.975006103515625 184.475006103515625 189.350006103515625 189.3874969482421875 183.931243896484375 169.4187469482421875 162.943756103515625 158.4187469482421875 153.931243896484375 148.475006103515625 136.1687469482421875 121.3249969482421875 107.21250152587890625 96.80625152587890625 93.9499969482421875 95.90625 95.86875152587890625 94.75 94.4812469482421875 93.5625 92.3000030517578125 90.18125152587890625 87.53749847412109375 83.8562469482421875 80.875 75.56874847412109375 71.15625
215.337493896484375 219.7312469482421875 221.506256103515625 223.662506103515625 225.5812530517578125 226.993743896484375 227.09375 225.8312530517578125 223.8625030517578125 220.7312469482421875 215.625 209.0437469482421875 200.931243896484375 192.5 186.3312530517578125 181.243743896484375 176.3874969482421875 176.7624969482421875 178.787506103515625 182.3937530517578125 181.087493896484375 175 168.337493896484375 163.625 159.3000030517578125 153.375 146.024993896484375 137.2375030517578125 123.99375152587890625 110.4812469482421875 101.75624847412109375 101.63124847412109375 102.19374847412109375 102.9812469482421875 102.68125152587890625 101.21875 99.88124847412109375 98.43125152587890625 95.1687469482421875 91.30625152587890625 87.27500152587890625 84.1999969482421875 79.6999969482421875 75.97499847412109375
