data/historical-monthly-weather-data/wc2.1_cruts4.09_10m_prec_2012-09.asc
ncols        51
nrows        45
xllcorner    -63.500000000000
yllcorner    -7.500000000000
cellsize     0.166666666667
NODATA_value -9999
[rows 0 to 19 of 45, columns 0 to 43 of 51]
168.693756103515625 165.09375 163.25 164.40625 163.2312469482421875 160.6125030517578125 153.96875 146.1125030517578125 141.2937469482421875 137.21875 135.2312469482421875 135.0812530517578125 135.024993896484375 133.34375 132.743743896484375 131.306243896484375 131.09375 128.2062530517578125 126.38124847412109375 123.53749847412109375 121.41249847412109375 117.4187469482421875 114.40000152587890625 111.03749847412109375 107.22499847412109375 105.19374847412109375 104.1750030517578125 103.125 100.75624847412109375 98.8874969482421875 96.1999969482421875 94.53749847412109375 94 91.80625152587890625 90.21875 88.24375152587890625 87.1437530517578125 85.8125 83.97499847412109375 82.3625030517578125 81.03749847412109375 80.03125 78.21250152587890625 76.71250152587890625
159.993743896484375 156.6374969482421875 158.6125030517578125 163.4562530517578125 168.787506103515625 163.368743896484375 155.7062530517578125 151.3249969482421875 147.037506103515625 142.993743896484375 140.7687530517578125 139.774993896484375 139.100006103515625 136.3937530517578125 135.118743896484375 134.3625030517578125 132.65625 130.5500030517578125 128.5187530517578125 126.2624969482421875 123.2687530517578125 121.03749847412109375 117.8000030517578125 114.84999847412109375 109.9499969482421875 107.09999847412109375 106.1687469482421875 104.9499969482421875 101.44374847412109375 99.2624969482421875 96.8874969482421875 95.84375 94.05625152587890625 92.72499847412109375 90.97499847412109375 88.38124847412109375 86.5124969482421875 84.86875152587890625 82.6062469482421875 80.6999969482421875 79.28749847412109375 78.27500152587890625 77.09999847412109375 74.83750152587890625
144.375 143.431243896484375 146.649993896484375 153.068756103515625 158.8874969482421875 158.2437591552734375 154.3312530517578125 151.4250030517578125 149.28125 146.837493896484375 145.3249969482421875 144.15625 143.3312530517578125 140.3000030517578125 137.912506103515625 137.1125030517578125 134.787506103515625 132.600006103515625 130.274993896484375 128.100006103515625 125.16249847412109375 122.25 119.6062469482421875 116.52500152587890625 111.65000152587890625 107.6687469482421875 107.56874847412109375 105.16249847412109375 101.6062469482421875 98.8625030517578125 95.875 94.3937530517578125 93.59375 91.97499847412109375 90.0749969482421875 86.74375152587890625 84.3000030517578125 82.4375 80.40000152587890625 78.7312469482421875 77.3874969482421875 75.96250152587890625 75.1875 73.41249847412109375
126.65625 126.6437530517578125 134.600006103515625 140 145.6999969482421875 148.15625 149.306243896484375 151.71875 152.1999969482421875 151.8937530517578125 150.5437469482421875 149.2375030517578125 146.25 144.0625 141.34375 139.5625 137.5187530517578125 135.1062469482421875 133.7687530517578125 132.087493896484375 128.9250030517578125 124.4562530517578125 120.4875030517578125 117.09375 111.5749969482421875 107.8000030517578125 106.27500152587890625 102.2687530517578125 99.2624969482421875 97.0625 94.80625152587890625 92.3125 90.5187530517578125 88.7062530517578125 86.2062530517578125 84.4812469482421875 82.4250030517578125 80.06874847412109375 78.34375 76.0812530517578125 74.09999847412109375 72.66249847412109375 71.7687530517578125 70.58750152587890625
122.7937469482421875 119.15625 120.4187469482421875 125.71875 134.212493896484375 139.8000030517578125 143.8000030517578125 149.225006103515625 153.0812530517578125 154.5 154.225006103515625 151.2375030517578125 149.34375 148.6125030517578125 145.8249969482421875 143.3000030517578125 140.4375 137.6500091552734375 135.881256103515625 133.2375030517578125 131.125 124.9375 121.3000030517578125 117.4187469482421875 111.7062530517578125 107.3874969482421875 103.63124847412109375 100.4187469482421875 97.0124969482421875 94.0500030517578125 92.0625 88.94374847412109375 86.5437469482421875 85.05625152587890625 83.3249969482421875 80.80625152587890625 78.4499969482421875 76.6062469482421875 75.0812530517578125 72.93125152587890625 70.75624847412109375 69.0749969482421875 67.6999969482421875 67.0749969482421875
118.47499847412109375 114.33750152587890625 113.625 112.8874969482421875 121.18125152587890625 131.7062530517578125 138.59375 143.96875 148.5 152.34375 152.5625 150.1062469482421875 149.118743896484375 149.25 146.3562469482421875 145.0749969482421875 142.75 139.6125030517578125 137.7375030517578125 135.943756103515625 131.4812469482421875 125.7375030517578125 121.0625 115.5625 110.52500152587890625 105.28125 101.0812530517578125 98.1062469482421875 94.21875 90.7624969482421875 88.41249847412109375 87.4187469482421875 84.7624969482421875 82.52500152587890625 80.0500030517578125 78.2312469482421875 75.77500152587890625 74.3312530517578125 73.16249847412109375 70.75 66.5500030517578125 64.9250030517578125 63.66249847412109375 63.450000762939453125
115.75 112.0500030517578125 111.2062530517578125 110.4875030517578125 114.5124969482421875 121.16249847412109375 129.78125 137.412506103515625 141.3874969482421875 144.34375 147.1062469482421875 147.0812530517578125 147.84375 148.25 146.8249969482421875 146.1687469482421875 144.9499969482421875 143.40625 141.0437469482421875 138.0500030517578125 132.131256103515625 125.9187469482421875 119.2375030517578125 113.16249847412109375 108.375 103.47499847412109375 99.25624847412109375 95.8625030517578125 91.2375030517578125 87.3625030517578125 85.18125152587890625 83.13124847412109375 80.9250030517578125 79.08750152587890625 76.80625152587890625 73.9562530517578125 71.61875152587890625 70.91249847412109375 70.84999847412109375 66.86875152587890625 62.299999237060546875 60.05625152587890625 58.93125152587890625 59.06874847412109375
113.5812530517578125 109.8249969482421875 109.22499847412109375 110.86875152587890625 114.8000030517578125 122.0500030517578125 127.15625 129.3000030517578125 130.9187469482421875 135.28125 141.125 143.4375 145.6374969482421875 146.7312469482421875 147.462493896484375 146.149993896484375 145.600006103515625 145.431243896484375 143.8312530517578125 138.618743896484375 132.6875 125.4375 118.25 111.16249847412109375 105.6062469482421875 100.5124969482421875 95.72499847412109375 91.47499847412109375 87.63124847412109375 83.80625152587890625 81.46875 79.1374969482421875 76.71250152587890625 75.0749969482421875 72.02500152587890625 68.8937530517578125 66.25 64.56874847412109375 62.8125 59.418750762939453125 55.19374847412109375 53.06874847412109375 52.174999237060546875 51.9375
113.28125 110.47499847412109375 111.00624847412109375 112.71875 116.3625030517578125 122.28125 127.36875152587890625 129.7312469482421875 129.337493896484375 130.087493896484375 135.6999969482421875 138.6062469482421875 142.837493896484375 144.0812530517578125 145 144.537506103515625 144.3312530517578125 144.243743896484375 143.7624969482421875 138.537506103515625 130.787506103515625 124.25624847412109375 115.2375030517578125 109.53125 102.9187469482421875 96.8312530517578125 92.1437530517578125 88.6437530517578125 85.6374969482421875 81.61875152587890625 79.7062530517578125 75.5187530517578125 71.5749969482421875 68.1374969482421875 65.21875 63.06874847412109375 60.700000762939453125 58.09999847412109375 55.34999847412109375 52.02500152587890625 48.25 46.15625 45.268749237060546875 45.02500152587890625
111.80625152587890625 109.84999847412109375 111.05625152587890625 113.09999847412109375 117.4250030517578125 123.4250030517578125 128.4250030517578125 130.46875 131.1875 132.7624969482421875 135.71875 136.8000030517578125 139.8937530517578125 142.4187469482421875 142.2375030517578125 142.9187469482421875 141.7375030517578125 141.4312591552734375 140.9499969482421875 138.03125 130.5812530517578125 121.9812469482421875 112.5124969482421875 105.7624969482421875 98.18125152587890625 92.28125 88.1750030517578125 84.8937530517578125 82.125 79.0124969482421875 75.2687530517578125 70.7624969482421875 66.34375 63.16249847412109375 60.08750152587890625 57.38124847412109375 54.97499847412109375 52.09375 48.575000762939453125 45.25 41.737499237060546875 40.05625152587890625 38.05625152587890625 37.44374847412109375
111.96250152587890625 110.3312530517578125 111.8625030517578125 113.90625 117.84999847412109375 124.84375 130.125 130.6062469482421875 130.6687469482421875 132.524993896484375 135.6875 137.5 138.28125 139.0500030517578125 138.28125 138.225006103515625 136.631256103515625 136.46875 136.212493896484375 134.9499969482421875 130.2937469482421875 121.8625030517578125 111.59999847412109375 100.125 93.83750152587890625 90.55625152587890625 86.7937469482421875 82.44374847412109375 78.51250457763671875 74.96875 71.30625152587890625 66.6875 62.206249237060546875 58.325000762939453125 54.96250152587890625 51.887500762939453125 49.13124847412109375 46.043750762939453125 43.043750762939453125 39.24375152587890625 35.50624847412109375 33.606250762939453125 32.4375 31.056249618530273438
111.8874969482421875 110.5625 112.2937469482421875 115.30625152587890625 119.13124847412109375 125.4875030517578125 131.3125 131.9749908447265625 130.912506103515625 131.306243896484375 134.149993896484375 136.037506103515625 134.3249969482421875 132.943756103515625 133.6750030517578125 132.7937469482421875 131.8000030517578125 130.4375 130.4250030517578125 131.774993896484375 129.6687469482421875 121.6687469482421875 110.8125 98.3249969482421875 90.8937530517578125 86.24375152587890625 82.03125 77.9812469482421875 73.59375 70.09999847412109375 66.18125152587890625 61.77500152587890625 57.41249847412109375 54.09375 51.43125152587890625 48.331249237060546875 45.30625152587890625 42.299999237060546875 38.231250762939453125 33.981250762939453125 30.212499618530273438 28.200000762939453125 27.131250381469726562 25.768749237060546875
111.125 110.0500030517578125 111.50624847412109375 113.59375 116.61875152587890625 122.06874847412109375 126.2687530517578125 127.3562469482421875 128.1062469482421875 129.193756103515625 130.65625 132.212493896484375 130.9875030517578125 126.28749847412109375 125.0500030517578125 125.43125152587890625 124.53749847412109375 123.96875 124.5187530517578125 125.6687469482421875 124.9375 119.00624847412109375 108.8625030517578125 97.3937530517578125 87.21875 81.53749847412109375 78.1750030517578125 74.625 70.65000152587890625 66.4562530517578125 61.58750152587890625 56.97499847412109375 53.11875152587890625 49.3125 46.625 44.356250762939453125 42.549999237060546875 40.137500762939453125 36.581249237060546875 31.100000381469726562 26.268749237060546875 24.75 23.350000381469726562 20.318750381469726562
109.375 108.2062530517578125 108.86875152587890625 110.4812469482421875 113.27500152587890625 116.8000030517578125 119.8562469482421875 122.1687469482421875 123.24375152587890625 125 125.36875152587890625 124.16249847412109375 122.74375152587890625 119.03125 115.46875 116.40625 115.99375152587890625 115.25 115.0187530517578125 116.2937469482421875 115.59999847412109375 110.47499847412109375 103.52500152587890625 95.78749847412109375 87.13124847412109375 80.30625152587890625 75.9562530517578125 71.5749969482421875 66.91249847412109375 62.58750152587890625 58.61875152587890625 53.56874847412109375 49.21875 45.46875 43.00624847412109375 41.9375 41.356250762939453125 40.65000152587890625 37.606250762939453125 32.625 25.606250762939453125 22.018749237060546875 20.700000762939453125 19.387500762939453125
106.33750152587890625 104.6875 105.08750152587890625 106.5812530517578125 109.11875152587890625 110.6062469482421875 114.03749847412109375 115.78749847412109375 116.6687469482421875 118.90625 118.24375152587890625 116.2624969482421875 113.71875 110.09375 105.6062469482421875 104.5625 104.86875152587890625 105.34375 104.71875 106.0812530517578125 106.28749847412109375 103.9499969482421875 100.0625 95.3312530517578125 90.0749969482421875 83.9499969482421875 78.0124969482421875 71.5 65.4812469482421875 60.96250152587890625 55.24375152587890625 50.16249847412109375 46.424999237060546875 42.575000762939453125 39.24375152587890625 39.53749847412109375 41.68125152587890625 44.11875152587890625 43.34375 38.049999237060546875 31.568750381469726562 26.674999237060546875 23.993749618530273438 21.506250381469726562
102.16249847412109375 100.40625 101.28749847412109375 102.47499847412109375 103.7375030517578125 106.09999847412109375 108.38750457763671875 109.6999969482421875 111.06874847412109375 113.05625152587890625 112.02500152587890625 108.7375030517578125 105.25624847412109375 101.7062530517578125 97.63124847412109375 94.00624847412109375 93.9499969482421875 95.6999969482421875 95.6062469482421875 97.46250152587890625 97.71875 98.27500152587890625 98.3625030517578125 96.80625152587890625 93.15000152587890625 86.59375 79.11875152587890625 72.2624969482421875 66.01874542236328125 60.28749847412109375 55.53749847412109375 49.543750762939453125 44.78125 41.31874847412109375 37.393749237060546875 39.606250762939453125 44.21875 47.47499847412109375 49.28125 45.737499237060546875 40.56874847412109375 33.52500152587890625 27.637500762939453125 23.118749618530273438
96.59999847412109375 95.55625152587890625 96.9499969482421875 98.28125 99.27500152587890625 101.59375 103.5187530517578125 105.15000152587890625 106.1999969482421875 107.02500152587890625 106.4875030517578125 102.68125152587890625 97.90000152587890625 93.68125152587890625 91.3000030517578125 88.52500152587890625 85.09999847412109375 86.06874847412109375 87.8000030517578125 89.44374847412109375 90.1437530517578125 92.27500152587890625 95.875 97.9499969482421875 96.34999847412109375 88.25624847412109375 80.1750030517578125 73.03125 66.75624847412109375 61.28749847412109375 57.30625152587890625 53.299999237060546875 47.75624847412109375 43.47499847412109375 42.68125152587890625 44.08750152587890625 47.61875152587890625 54.206249237060546875 60.012500762939453125 53.762500762939453125 45.606250762939453125 37.112499237060546875 29.368749618530273438 24.637500762939453125
90.38124847412109375 89.9375 90.7312469482421875 92.21875 94.1374969482421875 96.5124969482421875 97.96250152587890625 99.0500030517578125 100.6125030517578125 100.81874847412109375 100.1125030517578125 96.40000152587890625 91.65000152587890625 87.49375152587890625 85.02500152587890625 82.99375152587890625 80.15625 77.3000030517578125 80.1750030517578125 81.3937530517578125 83.3125 85.4812469482421875 90.1875 94.08750152587890625 94.3937530517578125 87.71250152587890625 80.9375 74.03749847412109375 67.1750030517578125 60.862499237060546875 56.293750762939453125 52.375 52.237499237060546875 52.018749237060546875 49.106250762939453125 47.21875 51.924999237060546875 57.387500762939453125 58.86875152587890625 53.90000152587890625 44.393749237060546875 36.28749847412109375 29.606250762939453125 25.912500381469726562
84.01250457763671875 83.5500030517578125 84.40000152587890625 86.4499969482421875 88.2687530517578125 90.74375152587890625 92.22499847412109375 94.2312469482421875 95.46250152587890625 95.7312469482421875 94.8562469482421875 90.7624969482421875 85.83750152587890625 81.9562530517578125 79.03749847412109375 77.9250030517578125 76.11875152587890625 72.84375 72.56874847412109375 73.78749847412109375 77.7312469482421875 84.74375152587890625 83.28749847412109375 86.7624969482421875 88.8000030517578125 87.4187469482421875 82.44374847412109375 75.3249969482421875 70.05625152587890625 62.86875152587890625 57.112499237060546875 57.00624847412109375 61.15000152587890625 60.9375 58.862499237060546875 56.68125152587890625 56.68125152587890625 56.625 54.75624847412109375 49.125 41.293750762939453125 34.6875 29.481250762939453125 26.5
77.3312530517578125 77.81874847412109375 78.7375030517578125 80.58750152587890625 82.7312469482421875 85.78749847412109375 87.99375152587890625 89.4499969482421875 91.71250152587890625 92.3562469482421875 91.8312530517578125 88.50624847412109375 84.06874847412109375 79.6437530517578125 76.00624847412109375 73.5500030517578125 70.05625152587890625 70.40000152587890625 69.52500152587890625 71.84375 73.13124847412109375 75.7375030517578125 81.4499969482421875 84.4375 85.51250457763671875 83.69374847412109375 80.40625 77.11875152587890625 70.81874847412109375 64.6750030517578125 60.987499237060546875 65.46875 68.53749847412109375 72.8937530517578125 74.53125 68.9812469482421875 62.81874847412109375 57.63124847412109375 52.5 46.168750762939453125 38.950000762939453125 32.61875152587890625 29.818750381469726562 28.387500762939453125
