data/historical-monthly-weather-data/wc2.1_cruts4.09_10m_prec_2004-02.asc
ncols        45
nrows        45
xllcorner    -63.500000000000
yllcorner    -7.500000000000
cellsize     0.166666666667
NODATA_value -9999
[rows 20 to 39 of 45, columns 0 to 43 of 45]
175.100006103515625 175.125 175.537506103515625 176.09375 178.506256103515625 182.0124969482421875 186.131256103515625 190.462493896484375 196.5187530517578125 202.2312469482421875 206.6687469482421875 209.806243896484375 213.118743896484375 215.337493896484375 204.631256103515625 188.5812530517578125 174.9499969482421875 164.9375 159.71875 155.3937530517578125 154.1437530517578125 152.725006103515625 152.212493896484375 161.631256103515625 172.975006103515625 185.4250030517578125 202.350006103515625 220.212493896484375 239.0437469482421875 256.54376220703125 268.181243896484375 272.73748779296875 264.818756103515625 250.1750030517578125 236.600006103515625 265.712493896484375 313.04998779296875 357 394.6875 424.212493896484375 444.78125 458.125 471.54376220703125 482.462493896484375
165.6374969482421875 166.8562469482421875 167.6750030517578125 169.3312530517578125 171.1374969482421875 175.15625 179.587493896484375 184.21875 190.1687469482421875 194.3249969482421875 196.537506103515625 196.774993896484375 196.8937530517578125 195.71875 190.0625 180.193756103515625 170.3125 162.6374969482421875 157.1875 153.2062530517578125 150.7687530517578125 149.40625 150.625 160.256256103515625 172.243743896484375 186.068756103515625 204.8249969482421875 224.3562469482421875 245.2624969482421875 264.41876220703125 279.35626220703125 285.36248779296875 280.8125 273.70001220703125 272.26251220703125 297.07501220703125 336.51873779296875 373.962493896484375 405.024993896484375 429.88751220703125 449.84375 463.5 475.28125 484.21875
158.46875 160.7312469482421875 161.0437469482421875 162.475006103515625 163.90625 168.7312469482421875 172.5812530517578125 177.625 183.875 185.7624969482421875 185.193756103515625 182.5749969482421875 179.7937469482421875 178.587493896484375 176.59375 171.3499908447265625 164.462493896484375 158.993743896484375 153.975006103515625 149.5187530517578125 147.618743896484375 146.15625 147.0625 156.818756103515625 169.8562469482421875 185.068756103515625 204.931243896484375 226.2624969482421875 249.556243896484375 270.943756103515625 289.65625 302.60626220703125 301.743743896484375 302.0625 312.524993896484375 339.78125 371.36248779296875 399.649993896484375 422.493743896484375 439.35626220703125 455.462493896484375 467.649993896484375 477.899993896484375 485.993743896484375
151.306243896484375 152.6125030517578125 153.256256103515625 154.056243896484375 155.8874969482421875 161.087493896484375 166.149993896484375 170.774993896484375 176.4875030517578125 177.3249969482421875 176.2312469482421875 173.125 167.96875 168.881256103515625 169.0749969482421875 166.006256103515625 161.212493896484375 157.4562530517578125 153.0124969482421875 148.475006103515625 145.943756103515625 143.912506103515625 144.09375 153.6875 166.806243896484375 181.2062530517578125 202.59375 225.7624969482421875 249.6374969482421875 272.662506103515625 293.725006103515625 309.868743896484375 316.16876220703125 324.48748779296875 342.368743896484375 373.82501220703125 401.881256103515625 420.29998779296875 435.63751220703125 448.368743896484375 461.98126220703125 471.0625 480.29376220703125 488.875
146.5812530517578125 145.756256103515625 146.037506103515625 147.2624969482421875 149.8125 154.2125091552734375 159.243743896484375 163.6062469482421875 167.5812530517578125 169.3625030517578125 169.274993896484375 167.6374969482421875 166.0124969482421875 166.4000091552734375 165.350006103515625 163.3062591552734375 160.3000030517578125 157.068756103515625 152.9875030517578125 148.443756103515625 145.53125 142.3000030517578125 141.0812530517578125 149.6374969482421875 162.006256103515625 178.712493896484375 200.0625 224.5437469482421875 248.8562469482421875 271.493743896484375 291.975006103515625 309.087493896484375 322.75 337.63751220703125 358.10626220703125 384.5 409.51873779296875 426.774993896484375 440.4375 452.61248779296875 465.193756103515625 472.899993896484375 482.068756103515625 492.931243896484375
145.412506103515625 142.899993896484375 141.943756103515625 142.774993896484375 144.837493896484375 149.125 153.1999969482421875 157.193756103515625 160.71875 162.975006103515625 163.90625 164.318756103515625 165.131256103515625 165.5124969482421875 164.59375 162.556243896484375 160.15625 157.337493896484375 154.09375 149.7624969482421875 146.006256103515625 141.3312530517578125 138.34375 144.9250030517578125 158.649993896484375 176.274993896484375 199.7687530517578125 223.600006103515625 248.225006103515625 269.318756103515625 288.850006103515625 307 324.443756103515625 343.10626220703125 364.412506103515625 388.03125 410.59375 428.91876220703125 440.524993896484375 452.975006103515625 465.556243896484375 473.09375 480.75 491.587493896484375
146.3125 142.78125 141.4375 142.3312530517578125 143.5 146.600006103515625 150.3249969482421875 153.100006103515625 156.25 158.9562530517578125 160.8312530517578125 161.8874969482421875 163.3562469482421875 164.46875 163.9250030517578125 163.1875 161.53125 159.75 157.0124969482421875 153.1062469482421875 148.9499969482421875 144.087493896484375 139.59375 144.618743896484375 159.787506103515625 177.568756103515625 200.4562530517578125 224.0562591552734375 247.2375030517578125 267.61248779296875 287.162506103515625 304.39373779296875 323.70001220703125 346.48126220703125 367.01251220703125 390.45623779296875 412.743743896484375 430.256256103515625 442.95001220703125 454.53125 465.79998779296875 471.57501220703125 477.64373779296875 486.91876220703125
147.40625 142.725006103515625 141.6999969482421875 142.0124969482421875 142.5500030517578125 144.5749969482421875 147.912506103515625 151.056243896484375 153.693756103515625 156.4875030517578125 158.1999969482421875 159.5812530517578125 161.037506103515625 162.34375 163.0749969482421875 163.6687469482421875 163.125 163.1125030517578125 161.1999969482421875 158.493743896484375 155.0500030517578125 150.5187530517578125 148.1437530517578125 154 166.037506103515625 182.125 203.681243896484375 226.318756103515625 248.274993896484375 267.993743896484375 286.79998779296875 304.96875 327.11248779296875 348.34375 369.23126220703125 392.787506103515625 413.368743896484375 432.787506103515625 444.462493896484375 454.475006103515625 464.78125 470.65625 475.79998779296875 486.14373779296875
147.8249969482421875 143.0124969482421875 141.6374969482421875 141.75 142.2937469482421875 143.78125 146.493743896484375 149.087493896484375 151.7312469482421875 154.40625 156.15625 157.537506103515625 158.837493896484375 160.96875 162.96875 165.225006103515625 166.5812530517578125 167.0187530517578125 166.9812469482421875 165 162.4875030517578125 158.6750030517578125 158.006256103515625 164.6687469482421875 174.631256103515625 188.287506103515625 208.787506103515625 230.1374969482421875 252.037506103515625 270.95001220703125 288.100006103515625 306.73748779296875 328.39373779296875 350.35626220703125 372.71875 394.899993896484375 417.13751220703125 437.068756103515625 450.3125 457.956268310546875 463.412506103515625 467.15625 475.95623779296875 491.33123779296875
151.524993896484375 146.225006103515625 144.618743896484375 144.0500030517578125 144.556243896484375 145.556243896484375 147.1062469482421875 148.9375 150.806243896484375 153.34375 155.34375 157.587493896484375 159.631256103515625 162.4250030517578125 165.15625 167.1062469482421875 169.256256103515625 171.2687530517578125 171.6875 169.649993896484375 167.274993896484375 165.03125 165.3249969482421875 172.6750030517578125 182.618743896484375 195.84375 214.9375 234.743743896484375 255.162506103515625 272.88751220703125 290.76873779296875 309.4375 331.03125 354.23126220703125 376.600006103515625 400.25 421.9375 443.537506103515625 454.17498779296875 461.32501220703125 471.98126220703125 478.9375 486.899993896484375 503.568756103515625
154.4875030517578125 149.4250030517578125 147.006256103515625 146.3312530517578125 146.131256103515625 146.850006103515625 147.75 149.056243896484375 150.59375 152.5187530517578125 155.3625030517578125 158.537506103515625 161.7687530517578125 164.350006103515625 166.8874969482421875 169.587493896484375 172.25 174.806243896484375 176.1750030517578125 174.1125030517578125 172.100006103515625 170.212493896484375 170.8562469482421875 179.1062469482421875 189.75 203.2062530517578125 221.056243896484375 239.9375 259.037506103515625 276.118743896484375 293.54998779296875 312.35626220703125 336.15625 360.76251220703125 384.70623779296875 406.931243896484375 429.91876220703125 453.181243896484375 462.85626220703125 468.45623779296875 480.587493896484375 492 501.787506103515625 512.4625244140625
155.8562469482421875 151.34375 149.1125030517578125 148.381256103515625 147.631256103515625 147.524993896484375 148.0437469482421875 148.256256103515625 149.4562530517578125 151.8312530517578125 154.600006103515625 158.625 162.787506103515625 166.5 169.225006103515625 172.5 173.9250030517578125 175.931243896484375 177.03125 176.2312469482421875 175.274993896484375 174.625 175.3625030517578125 184.6999969482421875 196.462493896484375 209.8249969482421875 226.631256103515625 244.600006103515625 262.91876220703125 280.537506103515625 297.881256103515625 316.20623779296875 341.162506103515625 366.662506103515625 392.162506103515625 415.587493896484375 439.743743896484375 462.21875 470.881256103515625 481.431243896484375 497.83123779296875 509.67498779296875 519.2874755859375 531.08123779296875
159.75 155.850006103515625 153.4812469482421875 151.7375030517578125 149.8125 148.8312530517578125 147.9375 147.59375 149.024993896484375 151.631256103515625 155.506256103515625 160.0500030517578125 165.5812530517578125 170.381256103515625 173.28125 175.350006103515625 176.3249969482421875 178.34375 178.462493896484375 177.993743896484375 178.0124969482421875 177.46875 178.4562530517578125 187.537506103515625 199.212493896484375 212.3249969482421875 229.131256103515625 247.9499969482421875 266.58123779296875 283.54998779296875 301.381256103515625 319.412506103515625 344.45001220703125 371.837493896484375 399.287506103515625 425.0625 449.70623779296875 470.556243896484375 479.60626220703125 495.787506103515625 512.41876220703125 524.8062744140625 537.68121337890625 553.1875
164.431243896484375 160.5187530517578125 157.412506103515625 155.0749969482421875 152.1750030517578125 149.7937469482421875 147.9499969482421875 146.9250030517578125 147.4562530517578125 150.193756103515625 154.6875 161.1062469482421875 168.431243896484375 173.975006103515625 176.837493896484375 178.5124969482421875 179.09375 180.34375 180.243743896484375 179.756256103515625 179.53125 178.881256103515625 180.2375030517578125 188.993743896484375 200.412506103515625 213.1687469482421875 230.6374969482421875 249.631256103515625 269.20001220703125 287.006256103515625 304.912506103515625 323.34375 350.45001220703125 378.568756103515625 405.71875 433.024993896484375 458.15625 480.03125 491.431243896484375 506.91876220703125 521.9749755859375 536.23126220703125 554.7562255859375 573.83123779296875
169.087493896484375 165.712493896484375 161.9562530517578125 157.975006103515625 154.493743896484375 151.243743896484375 147.850006103515625 145.5187530517578125 145.2937469482421875 147.6374969482421875 153.3874969482421875 162.375 171.875 178.5749969482421875 180.818756103515625 181.7937469482421875 181.381256103515625 181.806243896484375 182.0124969482421875 181.0187530517578125 181.2687530517578125 180.21875 181.1687469482421875 189.181243896484375 200.4187469482421875 212.375 230.8937530517578125 251.087493896484375 271.33123779296875 289.774993896484375 307.16876220703125 327.41876220703125 355.17498779296875 384.76873779296875 412.71875 439.125 463.70001220703125 490.131256103515625 502.98748779296875 514.33123779296875 528.54998779296875 541.58123779296875 559.89373779296875 579.9000244140625
175.2624969482421875 171.625 166.8249969482421875 161.53125 156.7687530517578125 153.337493896484375 149.350006103515625 145.9375 144.631256103515625 146.34375 152.9875030517578125 163.618743896484375 174.7687530517578125 182.368743896484375 184.3625030517578125 184.7687530517578125 184.40625 184.3937530517578125 183.381256103515625 182.8312530517578125 182.774993896484375 182.462493896484375 182.84375 190.5124969482421875 200.037506103515625 211.225006103515625 229.8937530517578125 251.412506103515625 271.98748779296875 290.04998779296875 308.34375 328.725006103515625 357.34375 387.21875 413.73748779296875 437.79998779296875 465.10626220703125 487.91876220703125 499.13751220703125 512.10626220703125 527.45623779296875 538.23126220703125 552.3125 571.4749755859375
182.5 178.149993896484375 171.881256103515625 166.568756103515625 160.6687469482421875 156.631256103515625 152.1999969482421875 147.912506103515625 145.024993896484375 143.09375 152.4499969482421875 167.431243896484375 178.1687469482421875 184.537506103515625 186.9499969482421875 187.0625 186.4499969482421875 186.131256103515625 185.587493896484375 184.306243896484375 183.8312530517578125 183.1750030517578125 183.618743896484375 190.3937530517578125 198.625 209.2687530517578125 228.1125030517578125 249.5500030517578125 271.193756103515625 289.431243896484375 307.943756103515625 328.29998779296875 357.71875 387.537506103515625 414.8125 439.962493896484375 463 483.92498779296875 494.818756103515625 505.67498779296875 517.67498779296875 528.3812255859375 541.28125 557.26251220703125
189.4187469482421875 184.712493896484375 177.912506103515625 171.5187530517578125 165.4187469482421875 160.975006103515625 156.6999969482421875 152.5749969482421875 150.5187530517578125 147.3625030517578125 162.568756103515625 178.2687530517578125 184.943756103515625 188.337493896484375 189.96875 189.6374969482421875 187.78125 187.40625 186.03125 184.068756103515625 183.6875 182.743743896484375 183.5187530517578125 189.3625030517578125 197.0187530517578125 206.9875030517578125 225.5500030517578125 247.3937530517578125 269.350006103515625 288.743743896484375 306.368743896484375 327.11248779296875 356.024993896484375 386.1875 412.71875 436.95001220703125 458.381256103515625 478.04376220703125 488.03125 496.67498779296875 505.51873779296875 515.26873779296875 524.71875 536.6624755859375
194.7937469482421875 190.3312530517578125 183.40625 177.681243896484375 171.4250030517578125 167.5124969482421875 164.59375 162.443756103515625 163.9187469482421875 171.9562530517578125 189.256256103515625 193.2062530517578125 194 194.993743896484375 195.3937530517578125 193.4499969482421875 191.15625 189.587493896484375 186.9562530517578125 184.431243896484375 183.1374969482421875 182.162506103515625 183.6125030517578125 188.806243896484375 196.0625 206.274993896484375 223.818756103515625 244.306243896484375 265.58123779296875 284.931243896484375 304.42498779296875 324.587493896484375 350.524993896484375 377.8125 405.14373779296875 426.82501220703125 445.23748779296875 464.037506103515625 472 476.649993896484375 484.59375 491.5625 499.89373779296875 509.524993896484375
200.100006103515625 196.4187469482421875 189.96875 183.712493896484375 177.8874969482421875 174.899993896484375 172.537506103515625 172.71875 176.506256103515625 185.1062469482421875 195.0124969482421875 199.6875 201.5 201.756256103515625 200.8312530517578125 198.53125 195.3562469482421875 192.600006103515625 188.618743896484375 185.3874969482421875 182.399993896484375 181.0812530517578125 181.9875030517578125 187.03125 195.1750030517578125 205.0812530517578125 221.7375030517578125 240.899993896484375 261.243743896484375 280.756256103515625 299.95001220703125 322.106231689453125 347.975006103515625 371.931243896484375 394.256256103515625 413.82501220703125 429.631256103515625 444.431243896484375 451.9375 454.64373779296875 460.29998779296875 466.48748779296875 472.837493896484375 478.787506103515625
