data/historical-monthly-weather-data/wc2.1_cruts4.09_10m_prec_2011-08.asc
ncols        45
nrows        45
xllcorner    -63.500000000000
yllcorner    -7.500000000000
cellsize     0.166666666667
NODATA_value -9999
[rows 0 to 18 of 45, columns 0 to 43 of 45]
151.125 156.9875030517578125 160.131256103515625 167.068756103515625 174.90625 183.056243896484375 185.9562530517578125 190.8937530517578125 195.28125 197.3874969482421875 193.625 192.53125 193.7375030517578125 191.1125030517578125 189.40625 183.681243896484375 180.65625 176.5 172.068756103515625 172.024993896484375 170.1687469482421875 166.037506103515625 162.09375 157.443756103515625 151.2687530517578125 145.462493896484375 142.2687530517578125 140.743743896484375 132.868743896484375 129.1687469482421875 121.25624847412109375 117.7312469482421875 114.71250152587890625 109.4375 105.9812469482421875 105.0187530517578125 103.16249847412109375 102.8312530517578125 104.36875152587890625 105.11875152587890625 106.5812530517578125 109.90000152587890625 110.8562469482421875 111.6062469482421875
141.03125 145.8937530517578125 153.2312469482421875 161.587493896484375 171.693756103515625 178.6437530517578125 179.131256103515625 183.350006103515625 188.6437530517578125 190.9812469482421875 189.5500030517578125 190.2312469482421875 187.6374969482421875 183.34375 180.225006103515625 178.3249969482421875 173.399993896484375 169.162506103515625 165.975006103515625 164.6999969482421875 162.287506103515625 157.9499969482421875 154.0500030517578125 150.743743896484375 144.3874969482421875 137.537506103515625 136.6750030517578125 133.5812530517578125 126.4499969482421875 121.50624847412109375 117.03125 112.83750152587890625 109.7312469482421875 106.9875030517578125 103.28749847412109375 101.46875 97.9375 99.0812530517578125 99.5437469482421875 100.25624847412109375 103.9875030517578125 105.94374847412109375 108.6999969482421875 110.7687530517578125
125.05625152587890625 131.53125 140.3937530517578125 151.068756103515625 161.7937469482421875 168.524993896484375 172.2062530517578125 176.3874969482421875 179.756256103515625 181.6062469482421875 183.287506103515625 183.90625 180.96875 174.8125 171.100006103515625 168.337493896484375 164.881256103515625 160.5187530517578125 157.1062469482421875 153.443756103515625 152.600006103515625 151.15625 147.7687530517578125 145.40625 137.75 132.4875030517578125 132.600006103515625 127.6062469482421875 120.7937469482421875 117.1125030517578125 111.4562530517578125 107.55625152587890625 104.9187469482421875 103.15625 98.71875 94.7687530517578125 92.9562530517578125 93.72499847412109375 93.7375030517578125 96.0500030517578125 100.99375152587890625 104.0749969482421875 108.625 110.375
110.21875 114.58750152587890625 125.34375 137.1125030517578125 146.84375 153.7375030517578125 159.8562469482421875 165.568756103515625 172.1875 174.568756103515625 174.3249969482421875 172.993743896484375 171.149993896484375 165.6437530517578125 161.84375 158.368743896484375 155.875 152.368743896484375 149.225006103515625 149.568756103515625 147.6437530517578125 144.4187469482421875 140.743743896484375 138.662506103515625 132.3375091552734375 126.9187469482421875 125.8625030517578125 118.63124847412109375 113.06874847412109375 110.09999847412109375 105.66249847412109375 100.8562469482421875 96.84999847412109375 93.78749847412109375 90.5625 88.59375 89.1687469482421875 88.8312530517578125 88.0812530517578125 91.97499847412109375 95.8312530517578125 101.59999847412109375 106.375 110.4875030517578125
106.61875152587890625 107.66249847412109375 111.43125152587890625 120.65625 132.475006103515625 139.350006103515625 145.256256103515625 154.9250030517578125 163.9499969482421875 166.993743896484375 165.556243896484375 163.274993896484375 161.287506103515625 157.6875 153.3000030517578125 150.4562530517578125 146.84375 142.631256103515625 139.7062530517578125 140.993743896484375 142.318756103515625 137.2937469482421875 134.5437469482421875 134.25 126.59375 120.4875030517578125 116.46250152587890625 113.05625152587890625 107.74375152587890625 102.4875030517578125 100.50624847412109375 95.2624969482421875 92.40000152587890625 90.05625152587890625 87.05625152587890625 84.1125030517578125 83.19374847412109375 83.1687469482421875 82.78749847412109375 85.28749847412109375 91.5749969482421875 97.40000152587890625 104.8312530517578125 109.5187530517578125
100.2062530517578125 100.9812469482421875 103.36875152587890625 105.24375152587890625 115.30625152587890625 127.41249847412109375 135.256256103515625 142.90625 152.399993896484375 155.8499908447265625 152.818756103515625 151.1750030517578125 150.9375 148.90625 145.03125 143.037506103515625 138.6374969482421875 133.693756103515625 132.850006103515625 134.162506103515625 135.350006103515625 133.2937469482421875 131.2062530517578125 125.9375 121.2312469482421875 116.2375030517578125 112.13124847412109375 107.65625 103.36875152587890625 97.3625030517578125 95.00624847412109375 92.1125030517578125 88.1437530517578125 86.3625030517578125 82.44374847412109375 81.49375152587890625 79.6687469482421875 78.0625 78.9875030517578125 82.8312530517578125 86.78125 93.3937530517578125 100.90000152587890625 108.2062530517578125
94.58750152587890625 96.19374847412109375 98.8625030517578125 101.52500152587890625 107.08750152587890625 113.9499969482421875 121.1875 128.462493896484375 131.375 135.5625 136.9187469482421875 137.962493896484375 140.649993896484375 140.0625 138.587493896484375 136.8874969482421875 133.0437469482421875 129.431243896484375 127.32500457763671875 129.78125 129.7687530517578125 128.899993896484375 127 122.72499847412109375 117.40000152587890625 113.1062469482421875 108.4187469482421875 103.0187530517578125 96.6062469482421875 93.46875 90.1125030517578125 86.3312530517578125 84.30625152587890625 82.49375152587890625 79.56874847412109375 77.77500152587890625 75.28125 74.1875 75.78125 79.46875 82.8625030517578125 88.96250152587890625 97.16249847412109375 105.90625
89.8937530517578125 90.4187469482421875 94.8125 98.6999969482421875 105 111.84999847412109375 113.65625 111.1062469482421875 110.1374969482421875 114.69374847412109375 122.43125152587890625 125.84999847412109375 129.09375 130.6062469482421875 130.9875030517578125 129.787506103515625 127.9187469482421875 124.97499847412109375 122.74375152587890625 123.94374847412109375 125.58750152587890625 125.2375030517578125 122.15000152587890625 117.41249847412109375 114.15000152587890625 108.4562530517578125 102.875 97.97499847412109375 92.5812530517578125 87.40000152587890625 85.875 82.1750030517578125 79.25624847412109375 78.34375 74.5812530517578125 72.5437469482421875 70.4187469482421875 68.91249847412109375 69.5124969482421875 71.7312469482421875 75.4375 81.6999969482421875 89 96.18125152587890625
86.90000152587890625 87.7312469482421875 92.59999847412109375 95.6750030517578125 100.65625 105.59375 108.4375 107.79999542236328125 102.5749969482421875 101.97499847412109375 108.34375 112.9250030517578125 120.03749847412109375 122.5124969482421875 123.1687469482421875 122.625 123.4812469482421875 122.25624847412109375 123.44374847412109375 122.125 122.14374542236328125 122.5812530517578125 119.09999847412109375 117.5812530517578125 112.9812469482421875 105.5437469482421875 97.90625 94.36875152587890625 89.3625030517578125 84.55625152587890625 82.97499847412109375 77.9875030517578125 74.09375 70.97499847412109375 68.4875030517578125 68.0500030517578125 66.84999847412109375 65.78749847412109375 65.52500152587890625 67.0812530517578125 69.4875030517578125 73.24375152587890625 77.8874969482421875 82.7062530517578125
83.4250030517578125 84.5749969482421875 88.58750152587890625 92.6999969482421875 97.3312530517578125 101.875 106.61875152587890625 106.2375030517578125 102.9375 104.2062530517578125 106.78749847412109375 107.68125152587890625 113.81874847412109375 117.36875152587890625 116.83750152587890625 117.3000030517578125 117.3000030517578125 119.1750030517578125 120.9375 121.99375152587890625 121.84375 119.69374847412109375 115.8000030517578125 113.86249542236328125 108.4875030517578125 101.09375 94.05625152587890625 89.5749969482421875 83.61875152587890625 79.0124969482421875 75.58750152587890625 71.7375030517578125 70.0124969482421875 68.3249969482421875 66.8000030517578125 65.90625 63.981250762939453125 62.331249237060546875 62.643749237060546875 63.512500762939453125 64.5749969482421875 66.03749847412109375 68.09999847412109375 69.40625
81.71250152587890625 82.7624969482421875 85.59999847412109375 89.13124847412109375 94.2062530517578125 100.3937530517578125 104.8937530517578125 103.4499969482421875 101.75624847412109375 101.8937530517578125 105.28125 106.5625 109.21250152587890625 111.2375030517578125 109.53125 109 110.1062469482421875 113.83750152587890625 116.3937530517578125 119.8312530517578125 123.40000152587890625 121.15000152587890625 116.31874847412109375 110.2062530517578125 107.1374969482421875 100.125 93.3312530517578125 86.9562530517578125 79.1125030517578125 73.6374969482421875 71.4875030517578125 68.3249969482421875 67.9875030517578125 66.7937469482421875 64.28749847412109375 62.59375 60.549999237060546875 59.5 58.86875152587890625 58.53125 58.28749847412109375 58.91249847412109375 60.575000762939453125 60.200000762939453125
80.41249847412109375 81.75624847412109375 84.50624847412109375 88.55625152587890625 93.80625152587890625 99.84375 104.9375 104.8249969482421875 102.69374847412109375 102.16249847412109375 104.09375 104.6062469482421875 104.34375 103.4562530517578125 105.1875 104.71875 105.02500152587890625 107.1999969482421875 111.4375 117.2375030517578125 121.6125030517578125 120.34375 116.65625 111.3937530517578125 105.40000152587890625 93.6999969482421875 86.7312469482421875 81.56874847412109375 74.91249847412109375 70.5187530517578125 67.6062469482421875 66.1374969482421875 64.3562469482421875 63.081249237060546875 61.956249237060546875 61.3125 59.581249237060546875 57.6875 55.09999847412109375 52.78749847412109375 52.06874847412109375 52.22499847412109375 52.5 49.58750152587890625
78.65625 79.0812530517578125 82.1999969482421875 85.24375152587890625 90.8937530517578125 95.8625030517578125 98.65625 100.1875 98.68125152587890625 99.0625 100.90000152587890625 101.3937530517578125 99.41249847412109375 95.81874847412109375 95.3125 96.3312530517578125 96.22499847412109375 100.31874847412109375 104.40625 108.4875030517578125 114.02500152587890625 114.2624969482421875 111.84375 104 93.31874847412109375 83.81874847412109375 80.31874847412109375 76.33750152587890625 72.806243896484375 69.09999847412109375 65.69374847412109375 63.387500762939453125 62.9375 60.075000762939453125 59.543750762939453125 60.299999237060546875 61.11875152587890625 58.799999237060546875 56.481250762939453125 51.518749237060546875 46.6875 47.512500762939453125 46.706249237060546875 43.08750152587890625
76.1125030517578125 75.71875 78.19374847412109375 82.1125030517578125 86.4375 90.11875152587890625 92.77500152587890625 95.53125 94.41249847412109375 95.03749847412109375 95.5625 93.86875152587890625 92.28749847412109375 89.08750152587890625 84.5500030517578125 86.6999969482421875 87.88124847412109375 91.50624847412109375 92.80625152587890625 95.9250030517578125 101.4562530517578125 102.34999847412109375 100.86875152587890625 95.3937530517578125 87.5187530517578125 80.5749969482421875 77.18125152587890625 73.99375152587890625 70.77500152587890625 68.13124847412109375 65.83124542236328125 62.299999237060546875 61.331249237060546875 59.34375 60.15000152587890625 62.75624847412109375 64.08750152587890625 64.74375152587890625 62.737499237060546875 55.86875152587890625 45.700000762939453125 42.28749847412109375 43.34375 45.71250152587890625
72.1999969482421875 73.0625 75.0437469482421875 77.99375152587890625 82.43125152587890625 85.69374847412109375 88.08750152587890625 89.63124847412109375 88.68125152587890625 89.2687530517578125 88.1437530517578125 87.1125030517578125 85.13124847412109375 81.0187530517578125 76.44374847412109375 75.7062530517578125 76.7624969482421875 78.625 80.69374847412109375 84.21250152587890625 89.4499969482421875 91.6687469482421875 92.09999847412109375 90.4250030517578125 86.70000457763671875 82.69374847412109375 78.50624847412109375 74.43125152587890625 70.2687530517578125 67.34999847412109375 64.13124847412109375 61.756252288818359375 60.987499237060546875 60.4375 60.356250762939453125 63.5 67.2624969482421875 72.99375152587890625 72.59375 63.5625 55.97499847412109375 51.81874847412109375 52.28125 51.143749237060546875
67.3312530517578125 69.0187530517578125 71.8125 74.8312530517578125 78.36875152587890625 82.1125030517578125 84.53125 84.56874847412109375 83.94374847412109375 83.78125 82.6437530517578125 80.15000152587890625 77.0812530517578125 73.3312530517578125 69.5500030517578125 65.5187530517578125 65.99375152587890625 67.875 69.6687469482421875 73.40625 78.21250152587890625 82.24375152587890625 86.11875152587890625 88.3125 87.5 84.3937530517578125 80.375 74.99375152587890625 70.28125 67.70000457763671875 65.5187530517578125 62.9375 61.137500762939453125 60.612499237060546875 61.56874847412109375 69.0749969482421875 74.94374847412109375 80.59375 81.7937469482421875 76.8249969482421875 71.11875152587890625 65.2937469482421875 60.293750762939453125 55.206249237060546875
63.97499847412109375 66.1687469482421875 68.6999969482421875 72.09375 74.61875152587890625 78.47499847412109375 81.375 82.2312469482421875 80.25 80.0625 78.8625030517578125 74.90625 71.43125152587890625 67.49375152587890625 63.643749237060546875 59.825000762939453125 56.125 57 60.174999237060546875 64.3125 67.7687530517578125 73.6125030517578125 80.34999847412109375 87.19374847412109375 89.75 86.65000152587890625 80.3937530517578125 75.125 69.40625 66.22499847412109375 65.4187469482421875 65.21250152587890625 65.125 65.44374847412109375 73.31874847412109375 80.65000152587890625 86.625 95.0500030517578125 98.81874847412109375 89.64374542236328125 80.5 71.34375 63.21875 58.47499847412109375
58.71250152587890625 62.00624847412109375 65.2687530517578125 69.19374847412109375 72.0437469482421875 75.79375457763671875 77.16249847412109375 78.2624969482421875 76.86875152587890625 76.02500152587890625 74.84999847412109375 71.4875030517578125 66.50624847412109375 61.918750762939453125 58.293750762939453125 54.46250152587890625 50.8125 48.456249237060546875 52.543750762939453125 55.08750152587890625 59.706249237060546875 65.8125 74.375 81.96875 87.6374969482421875 86.74375152587890625 82.22499847412109375 76.40625 69.59375 65.31874847412109375 61.362499237060546875 60.174999237060546875 68.3249969482421875 77.1062469482421875 82.86875152587890625 91.78749847412109375 99.90625 105.3249969482421875 104.0500030517578125 96.5124969482421875 82.80625152587890625 74.1062469482421875 66.28125 61.43125152587890625
53.668750762939453125 57.575000762939453125 61.52500152587890625 65.8625030517578125 69.86875152587890625 72.6374969482421875 74.4812469482421875 75.13124847412109375 75.6125030517578125 75.4375 73.74375152587890625 67.8625030517578125 63.118747711181640625 58.83750152587890625 54.03125 51.075000762939453125 47.28749847412109375 44.09999847412109375 44.90625 48.143749237060546875 55.56874847412109375 67.40625 66.31874847412109375 74.875 81.33750152587890625 85.6875 83.4562530517578125 77.0500030517578125 72.15625 64.7937469482421875 59.956249237060546875 62.46875 72.56874847412109375 80.21250152587890625 87.81874847412109375 96.40625 100.41249847412109375 100.81874847412109375 100.1750030517578125 92.25 82.9499969482421875 74.8562469482421875 67.49375152587890625 61.9375
