data/historical-monthly-weather-data/wc2.1_cruts4.09_10m_prec_1973-01.asc
ncols        45
nrows        45
xllcorner    -63.500000000000
yllcorner    -7.500000000000
cellsize     0.166666666667
NODATA_value -9999
[rows 0 to 19 of 45, columns 0 to 43 of 45]
118.0812530517578125 117.36875152587890625 112.0812530517578125 108.16249847412109375 103.2312469482421875 100.21875 95.9499969482421875 90.41249847412109375 85.96250152587890625 82.88124847412109375 80.86875152587890625 80.02500152587890625 78.7062530517578125 75.7062530517578125 74.99375152587890625 75.49375152587890625 76.1687469482421875 75.8000030517578125 78.94374847412109375 82.0500030517578125 85.13124847412109375 89.06874847412109375 93.24375152587890625 98.03125 104.34375 110.49375152587890625 118.53125 128.125 137.774993896484375 140.5749969482421875 142.6999969482421875 144.8625030517578125 146.0749969482421875 148.5437469482421875 149.912506103515625 152.4250030517578125 152.9375 152.59375 153.368743896484375 153.8249969482421875 153.71875 154.0187530517578125 153.5749969482421875 153.6062469482421875
124.6125030517578125 123.9499969482421875 120.19374847412109375 116.4875030517578125 113.28749847412109375 110.78125 106.7375030517578125 102.84999847412109375 99.5437469482421875 96.47499847412109375 93.0812530517578125 90.6125030517578125 87.72499847412109375 85.21250152587890625 83.77500152587890625 82.96875 82.47499847412109375 83.78125 87.2937469482421875 91.9562530517578125 96.2624969482421875 100.58750152587890625 105.5625 111.0625 116.02500152587890625 121.3125 129.21875 137.8562469482421875 145.90625 148.993743896484375 150.431243896484375 151.4812469482421875 152.443756103515625 155.631256103515625 156.587493896484375 157.34375 159.6125030517578125 159.4187469482421875 159.46875 159.600006103515625 159.8625030517578125 159.8000030517578125 158.193756103515625 157.693756103515625
130.0124969482421875 130.0500030517578125 127.2062530517578125 124.7375030517578125 122.90000152587890625 121.00624847412109375 118.53749847412109375 116.3125 113.6999969482421875 110.75624847412109375 107.0187530517578125 103.49375152587890625 100.0749969482421875 96.3562469482421875 94.13124847412109375 91.93125152587890625 90.81874847412109375 91.8000030517578125 94.4375 99.43125152587890625 104.13124847412109375 109.4187469482421875 114.3625030517578125 118.9812469482421875 123.4187469482421875 128.037506103515625 135.618743896484375 143.725006103515625 150.28125 151.9187469482421875 153.71875 154.90625 156.5812530517578125 156.6125030517578125 158.318756103515625 158.6999969482421875 160.006256103515625 160.5187530517578125 160.243743896484375 159.493743896484375 159.8874969482421875 159.243743896484375 157.9312591552734375 156.943756103515625
134.087493896484375 134.837493896484375 134.8874969482421875 133.912506103515625 134.212493896484375 131.0437469482421875 130.306243896484375 130.3687591552734375 129.524993896484375 127.7312469482421875 122.8562469482421875 117.88124847412109375 113.16249847412109375 108.5625 105.7062530517578125 102.65000152587890625 100.00624847412109375 99.1999969482421875 101.6062469482421875 107.3562469482421875 113.40625 118.6687469482421875 121.9187469482421875 126.5 130.774993896484375 135.0437469482421875 142.3625030517578125 148.4250030517578125 154.1374969482421875 155.493743896484375 156.287506103515625 157.975006103515625 158.4562530517578125 158.100006103515625 157.84375 159.087493896484375 159.2312469482421875 159.5812530517578125 159.46875 159.28125 158.068756103515625 158.006256103515625 156.774993896484375 154.962493896484375
142.8562469482421875 142.1687469482421875 141.743743896484375 142.8125 144.0124969482421875 142.8125 141.8562469482421875 143.493743896484375 145.131256103515625 144.84375 138.6125030517578125 132.412506103515625 127.4250030517578125 122.63124847412109375 118.93125152587890625 114.90000152587890625 110.7687530517578125 107.1750030517578125 110.18125152587890625 117.19374847412109375 124 128.3249969482421875 131.09375 134.5749969482421875 137.931243896484375 142.537506103515625 147.1999969482421875 152.4875030517578125 159.2312469482421875 159.6374969482421875 159.743743896484375 158.4875030517578125 159.337493896484375 159.506256103515625 158.8562469482421875 159.3000030517578125 159.899993896484375 158.537506103515625 158.274993896484375 157.4812469482421875 157.3625030517578125 156.412506103515625 155.5 153.193756103515625
150.756256103515625 151.243743896484375 151.037506103515625 151.1125030517578125 152.1999969482421875 151.3625030517578125 150.9875030517578125 151.743743896484375 153.618743896484375 154.4562530517578125 148.2062530517578125 143.3249969482421875 138.7937469482421875 134.8312530517578125 130.8562469482421875 128.3249969482421875 123.8937530517578125 119.4499969482421875 123.36875152587890625 129.975006103515625 134.943756103515625 137.6062469482421875 140.037506103515625 141.6999969482421875 144.3312530517578125 147.6750030517578125 152.243743896484375 156.8000030517578125 162.368743896484375 163.40625 162.6125030517578125 161.46875 160.25 160.212493896484375 160.8937530517578125 160.53125 160.274993896484375 159.2687530517578125 158.8562469482421875 158.537506103515625 156.712493896484375 155.9375 154.25 151.9375
158.899993896484375 160.087493896484375 160.375 159.2624969482421875 158.7687530517578125 156.2624969482421875 155.243743896484375 154.931243896484375 154.931243896484375 153.75 152.46875 150.9187469482421875 149.743743896484375 147.65625 145.3812408447265625 144.2062530517578125 143.0500030517578125 142.943756103515625 145.7687530517578125 147.6750030517578125 146.931243896484375 147.5625 146.9187469482421875 147.725006103515625 149.8625030517578125 151.631256103515625 155.693756103515625 160.2687530517578125 164.350006103515625 164.8874969482421875 165.306243896484375 164.25 162.2062530517578125 160.7937469482421875 160.193756103515625 160.649993896484375 160.09375 159.431243896484375 160.0812530517578125 158.3562469482421875 155.65625 154.3312530517578125 152.4812469482421875 150.193756103515625
168.243743896484375 167.8125 167.681243896484375 167.15625 166.0500030517578125 163.431243896484375 160.006256103515625 155.1062469482421875 151.662506103515625 152.8312530517578125 156.318756103515625 159.006256103515625 161.0437469482421875 160.4812469482421875 160.4562530517578125 160.9562530517578125 162.7062530517578125 165.306243896484375 169.431243896484375 165.4562530517578125 159.0187530517578125 156.03125 153.6062469482421875 153.681243896484375 155.1437530517578125 155.6125030517578125 158.5437469482421875 162.3562469482421875 167.0187530517578125 167.787506103515625 167.037506103515625 166.1750030517578125 163.625 161.5187530517578125 160.03125 160.0187530517578125 159.53125 158.8312530517578125 158.6125030517578125 157.6062469482421875 155.46875 154.0187530517578125 152.087493896484375 149.337493896484375
176.931243896484375 176.412506103515625 176.25 174.75 173.9375 170.181243896484375 165.9875030517578125 160.875 155.431243896484375 155.0187530517578125 162.837493896484375 168.4375 173.0625 174.006256103515625 174.1437530517578125 174.256256103515625 175.337493896484375 177.462493896484375 179.84375 173.8937530517578125 164.9187469482421875 160.9812469482421875 157.4250030517578125 158.78125 159.4562530517578125 159.15625 161.8249969482421875 164.5437469482421875 168.9875030517578125 170.4187469482421875 170.649993896484375 168.9187469482421875 166.3562469482421875 163.4499969482421875 161.412506103515625 160.7062530517578125 160.681243896484375 159.931243896484375 159.5812530517578125 158.743743896484375 156.4499969482421875 154.7937469482421875 154.087493896484375 152.506256103515625
185.5500030517578125 184.9375 183.5187530517578125 182.287506103515625 181.662506103515625 178.5749969482421875 174.7312469482421875 171.28125 168.912506103515625 170.9812469482421875 176.6062469482421875 182.25 186.8249969482421875 188.399993896484375 187.506256103515625 186.3125 184.6374969482421875 183.0625 180.3937530517578125 174.931243896484375 166.7687530517578125 162.6125030517578125 159.774993896484375 162.306243896484375 161.8125 160.5437469482421875 162.931243896484375 165.9187469482421875 169.368743896484375 171.0124969482421875 171.337493896484375 170.524993896484375 168.3125 165.7312469482421875 163.662506103515625 162.2937469482421875 161.5812530517578125 160.9499969482421875 160.4187469482421875 159.556243896484375 158.431243896484375 157.087493896484375 156.1500091552734375 153.9499969482421875
195.21875 194.6125030517578125 192.09375 190.28125 188.868743896484375 186.8625030517578125 184.4875030517578125 183.931243896484375 184.368743896484375 187.6687469482421875 194.2312469482421875 199.774993896484375 202.1875 202.556243896484375 199.5437469482421875 195.6999969482421875 190.818756103515625 185.6374969482421875 179.53125 172.6374969482421875 166.5187530517578125 162.2375030517578125 161.3125 162.5187530517578125 163.868743896484375 161.381256103515625 162.9875030517578125 165.8125 168.881256103515625 169.625 170.443756103515625 170.850006103515625 169.2624969482421875 167.0625 164.78125 163.9187469482421875 162.8562469482421875 161.381256103515625 161.3125 160.9375 159.850006103515625 157.8562469482421875 156.9250030517578125 155.1125030517578125
203.1374969482421875 202.03125 199.8874969482421875 199.1374969482421875 198.256256103515625 196.3625030517578125 195.6062469482421875 198.0124969482421875 200.5749969482421875 204.59375 211.912506103515625 218.756256103515625 218.337493896484375 215.7687530517578125 211.0437469482421875 204.5437469482421875 198.118743896484375 189.28125 181.3125 172.3312530517578125 164.8937530517578125 160.96875 161.71875 165.6687469482421875 165.712493896484375 160.9250030517578125 162.2062530517578125 164.743743896484375 168.212493896484375 170.40625 171.8000030517578125 172.274993896484375 170.9875030517578125 168.9749908447265625 166.993743896484375 166.3249969482421875 165.5187530517578125 163.9812469482421875 163.8000030517578125 163.712493896484375 162.6062469482421875 160.28125 157.2624969482421875 154.2312469482421875
212.0500030517578125 211.118743896484375 209.381256103515625 208.306243896484375 207.5625 207.912506103515625 208.3249969482421875 210.649993896484375 214.5625 220.0749969482421875 227.600006103515625 233.9250030517578125 232.8000030517578125 226.125 220.068756103515625 212.662506103515625 204.28125 195.0625 185.2624969482421875 174.462493896484375 162.4875030517578125 159.243743896484375 161.125 163.1437530517578125 159.618743896484375 155.693756103515625 159.600006103515625 164.1687469482421875 167.9250030517578125 171.006256103515625 173.068756103515625 173.837493896484375 172.21875 170.1999969482421875 168.350006103515625 167.84375 166.8874969482421875 165.4812469482421875 164.912506103515625 164.662506103515625 164.2562408447265625 161.1125030517578125 154.7312469482421875 148.806243896484375
219.3562469482421875 218.993743896484375 217.46875 216.7375030517578125 216.75 216.600006103515625 218.225006103515625 222.90625 227.649993896484375 233.756256103515625 239.3312530517578125 242.8312530517578125 239.9562530517578125 234.524993896484375 226.443756103515625 219.4499969482421875 210.087493896484375 200.712493896484375 189.8249969482421875 179.068756103515625 168.40625 163.274993896484375 160.743743896484375 160.5812530517578125 156.725006103515625 154.3874969482421875 158.399993896484375 163.0749969482421875 168.131256103515625 171.4562530517578125 174.1062469482421875 175.350006103515625 173.375 170.75 169.2375030517578125 168.53125 167.9375 167.2062530517578125 165.8000030517578125 164.2312469482421875 161.818756103515625 154.34375 148.506256103515625 144.943756103515625
225 224.8874969482421875 224.2687530517578125 224.0124969482421875 225.4187469482421875 226.412506103515625 229.5187530517578125 233.7375030517578125 238.15625 242.9562530517578125 248.2937469482421875 249.8625030517578125 247.34375 242.3937530517578125 233.9875030517578125 226.100006103515625 216.493743896484375 205.806243896484375 195.506256103515625 186.256256103515625 176.318756103515625 168.3187408447265625 163.681243896484375 161.649993896484375 159.631256103515625 158.0625 161.3249969482421875 166.068756103515625 170.59375 174.625 177.024993896484375 177.3874969482421875 175.912506103515625 172.5 170.131256103515625 168.6999969482421875 168.493743896484375 168.4499969482421875 166.431243896484375 160.3000030517578125 152.375 147.3249969482421875 145.337493896484375 143.568756103515625
229.368743896484375 229.193756103515625 229.368743896484375 229.7624969482421875 232.056243896484375 233.9812469482421875 237.868743896484375 242.181243896484375 245.7624969482421875 250.8562469482421875 255.8562469482421875 256.95623779296875 254.625 249.6750030517578125 241.8937530517578125 231.181243896484375 222.087493896484375 211.662506103515625 201.0124969482421875 192.181243896484375 183.625 175.100006103515625 168.5 165.5687408447265625 163.1875 161.6374969482421875 164.100006103515625 169.28125 174.375 179.056243896484375 181.6062469482421875 181.2937469482421875 177.0437469482421875 172.84375 169.337493896484375 169.256256103515625 169.2937469482421875 168.431243896484375 165.274993896484375 157.1999969482421875 146.6437530517578125 142.7062530517578125 142.34375 140.506256103515625
231.743743896484375 232.1687469482421875 232.2375030517578125 233.725006103515625 237.225006103515625 239.875 244.5625 249.087493896484375 252.818756103515625 257.11248779296875 262.431243896484375 264.131256103515625 261.8125 256.85626220703125 249.2624969482421875 238.9875030517578125 225.037506103515625 214.350006103515625 205.5187530517578125 198.8249969482421875 189.8125 181.274993896484375 173.4812469482421875 169.412506103515625 167.34375 164.962493896484375 166.6374969482421875 171.662506103515625 177.962493896484375 183.756256103515625 187.3000030517578125 186.618743896484375 180.225006103515625 173.568756103515625 170.90625 170.84375 170.03125 170.0187530517578125 168.993743896484375 158.681243896484375 148.006256103515625 143.100006103515625 140.34375 138.3562469482421875
233.5500030517578125 234.3000030517578125 234.6374969482421875 237.1062469482421875 240.412506103515625 244.0500030517578125 248.9812469482421875 253.59375 257.10626220703125 261.64373779296875 265.46875 269.3125 268.462493896484375 264.11248779296875 256.056243896484375 244.287506103515625 229.8312530517578125 216.1875 210.693756103515625 204.899993896484375 196.912506103515625 187.649993896484375 178.881256103515625 174.2624969482421875 171.212493896484375 169.0124969482421875 169.381256103515625 175.412506103515625 183.34375 190.568756103515625 193.3937530517578125 188.0500030517578125 180.5812530517578125 174.5 170.306243896484375 169.6750030517578125 170.6687469482421875 170.618743896484375 167.524993896484375 160.46875 150.0812530517578125 143.6437530517578125 139.8312530517578125 137.524993896484375
232.4499969482421875 233.899993896484375 235.100006103515625 238.7687530517578125 243.1062469482421875 247.1999969482421875 250.912506103515625 256.412506103515625 260.4375 264.84375 268.368743896484375 270.57501220703125 271.975006103515625 271.73748779296875 262.20001220703125 247.5187530517578125 231.5124969482421875 217.8249969482421875 210.006256103515625 206.912506103515625 201.4562530517578125 193.46875 181.0124969482421875 177.537506103515625 174.6437530517578125 173.1125030517578125 175.3000030517578125 180.0124969482421875 188.1062469482421875 196.1875 200.006256103515625 192.162506103515625 181.649993896484375 171.125 165.024993896484375 166.243743896484375 168.462493896484375 168.1687469482421875 166.6374969482421875 160.381256103515625 151.4499969482421875 144.1750030517578125 139.5500030517578125 137.1999969482421875
230.649993896484375 232.3499908447265625 234.1999969482421875 237.1750030517578125 242.5124969482421875 248.3874969482421875 252.962493896484375 257.39373779296875 261.23748779296875 265.318756103515625 268.04376220703125 270.79998779296875 275.568756103515625 279.725006103515625 266.29998779296875 246.1125030517578125 228.118743896484375 218.274993896484375 211.774993896484375 208.2624969482421875 200.943756103515625 190.75 182.118743896484375 178.774993896484375 176.681243896484375 176.4875030517578125 178.8874969482421875 183.875 189.1125030517578125 194.412506103515625 196.524993896484375 190.649993896484375 178.2874908447265625 165 157.0437469482421875 159.568756103515625 165.712493896484375 169.162506103515625 168.1062469482421875 162.600006103515625 153.7062530517578125 144.931243896484375 140.712493896484375 137.9562530517578125
