data/historical-monthly-weather-data/wc2.1_cruts4.09_10m_prec_2015-10.asc
ncols        45
nrows        45
xllcorner    -63.500000000000
yllcorner    -7.500000000000
cellsize     0.166666666667
NODATA_value -9999
[rows 0 to 18 of 45, columns 0 to 43 of 45]
27.568750381469726562 21.381250381469726562 20.512500762939453125 20.850000381469726562 21.375 23.981250762939453125 26.493749618530273438 29.024999618530273438 32.325000762939453125 35.956249237060546875 40.168750762939453125 45.206249237060546875 50.075000762939453125 54.25624847412109375 59.450000762939453125 64.5187530517578125 69.16249847412109375 72.40000152587890625 75.78125 78.4875030517578125 78.9375 78.6437530517578125 78.50624847412109375 78.21875 78.15625 78.4187469482421875 78.99375152587890625 79.8562469482421875 80.47499847412109375 77.3312530517578125 73.8125 70.33750152587890625 66.94374847412109375 63.700000762939453125 60.762500762939453125 59.168750762939453125 57.674999237060546875 56.22499847412109375 55.94374847412109375 55.78125 55.74375152587890625 56.69374847412109375 57.30625152587890625 57.331249237060546875
25.787500381469726562 19.34375 18.03125 17.831249237060546875 18.068750381469726562 20.3125 22.768749237060546875 25.481250762939453125 29.337499618530273438 33.18125152587890625 37.231250762939453125 42.137500762939453125 46.856250762939453125 51.262500762939453125 56.52500152587890625 61.83750152587890625 66.34999847412109375 71.11875152587890625 75.875 79.99375152587890625 80.21250152587890625 80 79.8125 79.2937469482421875 78.72499847412109375 78.11875152587890625 78.75 79.47499847412109375 79.44374847412109375 74.6125030517578125 70.1437530517578125 66.02500152587890625 62.68125152587890625 59.65000152587890625 56.38124847412109375 54.387500762939453125 52.88124847412109375 51.200000762939453125 50.887500762939453125 50.549999237060546875 50.5 51.5625 52.36875152587890625 52.575000762939453125
26.987499237060546875 21.168750762939453125 19.487499237060546875 18.8125 18.512500762939453125 20.181249618530273438 22.268749237060546875 24.756250381469726562 28.600000381469726562 32.325000762939453125 35.88124847412109375 40.43125152587890625 44.77500152587890625 48.831249237060546875 54.15625 59.41249847412109375 64.2312469482421875 68.4812469482421875 72.59999847412109375 76.1125030517578125 75.9499969482421875 75.7687530517578125 75.31874847412109375 74.52500152587890625 73.78749847412109375 73.36875152587890625 74.02500152587890625 74.93125152587890625 74.4875030517578125 70.03749847412109375 65.74375152587890625 61.27500152587890625 57.84375 54.78749847412109375 51.55625152587890625 49.44374847412109375 47.53749847412109375 45.831249237060546875 45.46250152587890625 45.05625152587890625 44.918750762939453125 46 46.96875 47.63124847412109375
28.34375 23.1875 21.40625 20.100000381469726562 19.268749237060546875 20.337499618530273438 21.956249237060546875 24.09375 27.950000762939453125 31.524999618530273438 34.418750762939453125 38.41249847412109375 42.24375152587890625 46.043750762939453125 51.72499847412109375 57.049999237060546875 61.8125 65.4250030517578125 68.74375152587890625 71.5812530517578125 71.1062469482421875 70.05625152587890625 68.90625 68.19374847412109375 67.375 66.80625152587890625 67.65625 68.625 68.59375 64.3937530517578125 60.1875 56.13124847412109375 52.31874847412109375 48.84999847412109375 45.31874847412109375 43.49375152587890625 41.606250762939453125 39.68125152587890625 39.262500762939453125 38.84375 38.325000762939453125 39.518749237060546875 40.700000762939453125 41.72499847412109375
30.825000762939453125 25.493749618530273438 22.850000381469726562 21.087499618530273438 19.981248855590820312 20.618749618530273438 21.712499618530273438 23.331249237060546875 27.243749618530273438 30.987499237060546875 32.94374847412109375 36.13124847412109375 39.65000152587890625 43.481250762939453125 49.125 54.481250762939453125 59.30625152587890625 61.6875 63.818752288818359375 65.6437530517578125 65.06874847412109375 63.556247711181640625 62.06874847412109375 61.43125152587890625 60.643749237060546875 60.112499237060546875 60.84999847412109375 62.293750762939453125 62.90000152587890625 58.543750762939453125 54.36875152587890625 50.30625152587890625 46.71250152587890625 43.11875152587890625 39.625 37.487499237060546875 35.40625 33.41249847412109375 32.72499847412109375 32.13124847412109375 31.518749237060546875 32.518749237060546875 33.924999237060546875 35.13124847412109375
33 28.006250381469726562 24.774999618530273438 22.325000762939453125 21.481250762939453125 22.337499618530273438 23.287500381469726562 24.706249237060546875 28.306249618530273438 32.0625 33.25 36.049999237060546875 39.581249237060546875 43.1875 48.106250762939453125 53.16249847412109375 57.137500762939453125 58.16249847412109375 59 59.59999847412109375 58.84999847412109375 57.575000762939453125 56.31874847412109375 55.41249847412109375 54.71250152587890625 54.21250152587890625 54.91249847412109375 56.012500762939453125 56.875 52.887500762939453125 49.043750762939453125 45.63124847412109375 42.049999237060546875 38.63124847412109375 35.28749847412109375 33.27500152587890625 31.287500381469726562 29.46875 28.918750762939453125 27.975000381469726562 26.799999237060546875 27.668750762939453125 28.806249618530273438 30.112499237060546875
35.924999237060546875 31.018749237060546875 27.681249618530273438 24.96875 23.743749618530273438 24.131250381469726562 24.725000381469726562 25.456249237060546875 27.700000762939453125 29.831249237060546875 31.825000762939453125 35.4375 39.31874847412109375 43.106250762939453125 47.387500762939453125 51.72499847412109375 55.08750152587890625 54.487499237060546875 53.612499237060546875 53.112499237060546875 52.44374847412109375 51.43125152587890625 50.28125 49.55625152587890625 48.981250762939453125 48.50624847412109375 49.34375 50.27500152587890625 50.662502288818359375 47.38124847412109375 43.93125152587890625 40.668750762939453125 37.299999237060546875 34.137500762939453125 31.056249618530273438 28.981250762939453125 27.106250762939453125 25.362499237060546875 24.943750381469726562 23.556249618530273438 22.1875 22.606250762939453125 23.543750762939453125 24.78125
39.19374847412109375 34.293750762939453125 31.181249618530273438 28.737499237060546875 26.96875 26.75 26.325000762939453125 25.643749237060546875 25.975000381469726562 27.299999237060546875 30.075000762939453125 34.456249237060546875 38.96250152587890625 42.96875 46.793750762939453125 50.25624847412109375 52.706249237060546875 50.831249237060546875 48.61875152587890625 47.09999847412109375 46.41249847412109375 45.49375152587890625 44.46875 43.94374847412109375 43.431247711181640625 42.856250762939453125 43.52500152587890625 44.1875 44.456249237060546875 41.34375 38.46250152587890625 35.762500762939453125 32.74375152587890625 29.806249618530273438 26.806249618530273438 24.762498855590820312 22.756250381469726562 20.931249618530273438 19.950000762939453125 18.631250381469726562 17.268749237060546875 17.40625 17.912500381469726562 18.731250762939453125
42.518749237060546875 37.90625 35.03749847412109375 32.52500152587890625 30.524999618530273438 29.78125 28.84375 27.28125 26.34375 26.918750762939453125 30.393749237060546875 35.418750762939453125 40.487499237060546875 44.549999237060546875 46.762500762939453125 48.450000762939453125 49.36875152587890625 47.71250152587890625 45.88124847412109375 44.106250762939453125 43.1875 42.27500152587890625 40.831249237060546875 40.38124847412109375 39.55625152587890625 38.643749237060546875 38.856250762939453125 39.712497711181640625 39.96875 37.16249847412109375 34.8125 32.5625 29.643749237060546875 26.737499237060546875 23.881250381469726562 22.125 20.362499237060546875 18.53125 17.3125 16.012500762939453125 14.706250190734863281 14.46875 14.600000381469726562 14.831250190734863281
46.137500762939453125 41.674999237060546875 38.762500762939453125 36.450000762939453125 34.53125 33.575000762939453125 32.293750762939453125 30.450000762939453125 29.887500762939453125 30.575000762939453125 33.112499237060546875 37.66249847412109375 42.78749847412109375 46.825000762939453125 47.21250152587890625 46.793750762939453125 45.918750762939453125 44.53749847412109375 43.08750152587890625 41.875 40.65000152587890625 39.33750152587890625 37.61875152587890625 36.637500762939453125 35.299999237060546875 34.268749237060546875 34.625 35.143749237060546875 35.46250152587890625 33.299999237060546875 31.206249237060546875 29.431249618530273438 26.774999618530273438 24.131250381469726562 21.568750381469726562 19.975000381469726562 18.318750381469726562 16.612499237060546875 15.368749618530273438 13.975000381469726562 12.65625 12.15625 11.793749809265136719 11.631250381469726562
50.106250762939453125 45.668750762939453125 42.762500762939453125 40.46250152587890625 38.63124847412109375 38.1875 36.9375 34.78125 34.46250152587890625 35.25624847412109375 37.24375152587890625 41.106250762939453125 45.375 49.02500152587890625 47.606250762939453125 45.075000762939453125 42.674999237060546875 41.40625 40.38124847412109375 39.481250762939453125 38.543750762939453125 36.75 34.58750152587890625 32.825000762939453125 31.568750381469726562 30.674999237060546875 31.081249237060546875 31.587499618530273438 31.606250762939453125 29.962499618530273438 28.387500762939453125 26.962499618530273438 24.537500381469726562 22.037500381469726562 19.568750381469726562 18.043750762939453125 16.543750762939453125 14.90625 13.631250381469726562 12.256250381469726562 10.912500381469726562 10.212499618530273438 9.6687498092651367188 9.1999998092651367188
54.668750762939453125 50.0625 47.16249847412109375 45.012500762939453125 43.331249237060546875 43.22499847412109375 42.53125 40.125 40.049999237060546875 40.78749847412109375 42.206249237060546875 44.3125 46.40625 48.31874847412109375 46.69374847412109375 43.981250762939453125 41.49375152587890625 40.299999237060546875 39.418750762939453125 38.86875152587890625 38.28749847412109375 36.1875 33.487499237060546875 31.274999618530273438 29.475000381469726562 28.137500762939453125 28.274999618530273438 28.956251144409179688 29.28125 28.162500381469726562 26.8125 25.662500381469726562 23.287500381469726562 20.918750762939453125 18.649999618530273438 17.1875 15.787500381469726562 14.331250190734863281 12.981249809265136719 11.59375 10.15625 9.3125 8.6374998092651367188 8.1000003814697265625
59.15625 54.50624847412109375 51.606250762939453125 49.268749237060546875 47.518749237060546875 47.299999237060546875 46.34999847412109375 44.84375 45.21250152587890625 46.43125152587890625 47.6875 47.53749847412109375 47.424999237060546875 46.86875152587890625 45.018749237060546875 42.72499847412109375 40.3125 39.293750762939453125 38.518749237060546875 37.81874847412109375 37.40000152587890625 35.27500152587890625 32.299999237060546875 29.893749237060546875 27.056249618530273438 25.399999618530273438 26.149999618530273438 26.8125 27.337499618530273438 26.543750762939453125 25.549999237060546875 24.493749618530273438 22.331249237060546875 19.96875 17.862499237060546875 16.587499618530273438 15.306249618530273438 14.056249618530273438 12.762499809265136719 11.181249618530273438 9.7437496185302734375 8.8812503814697265625 8.0500001907348632812 7.0437498092651367188
62.97499847412109375 58.22499847412109375 55.356250762939453125 52.918750762939453125 50.918750762939453125 50.61875152587890625 49.856250762939453125 49.11875152587890625 50.13124847412109375 51.456249237060546875 52.43125152587890625 50.356250762939453125 47.99375152587890625 45.78749847412109375 43.325000762939453125 41.262500762939453125 38.956249237060546875 37.825000762939453125 36.887500762939453125 35.99375152587890625 35.11875152587890625 33.06874847412109375 30.674999237060546875 28.5 26.112499237060546875 24.506250381469726562 24.887500762939453125 25.337499618530273438 25.65625 24.956249237060546875 24.181249618530273438 23.456249237060546875 21.375 19.193750381469726562 17.262500762939453125 16.15625 15.106249809265136719 14.112500190734863281 12.875 11.40625 9.78125 8.5625 7.59375 6.8125
64.3625030517578125 59.862499237060546875 56.93125152587890625 54.69374847412109375 52.78125 52.55625152587890625 52.5625 52.34999847412109375 53.200000762939453125 54.450000762939453125 55.24375152587890625 52.22499847412109375 48.825000762939453125 45.825000762939453125 43.268749237060546875 41.31874847412109375 39.03749847412109375 37.612499237060546875 36.387500762939453125 35.44374847412109375 34.262500762939453125 32.456249237060546875 30.46875 29.018749237060546875 27.399999618530273438 25.818750381469726562 25.600000381469726562 25.487499237060546875 25.287500381469726562 24.431249618530273438 23.674999237060546875 22.981250762939453125 21.018749237060546875 19.03125 17.212499618530273438 16.137500762939453125 15.34375 14.762499809265136719 14.03125 12.600000381469726562 10.84375 9.4125003814697265625 8.3187503814697265625 7.4749999046325683594
64.875 60.50624847412109375 57.924999237060546875 55.96875 54.262500762939453125 54.518749237060546875 54.831249237060546875 54.94374847412109375 55.856250762939453125 57.03749847412109375 57.237499237060546875 53.231250762939453125 49.143749237060546875 45.625 43.350002288818359375 41.28749847412109375 38.78125 37.237499237060546875 35.918750762939453125 34.8125 33.34375 31.850000381469726562 30.475000381469726562 29.993749618530273438 28.75 27.087499618530273438 26.556249618530273438 25.956249237060546875 25.21875 24.125 23.325000762939453125 22.543750762939453125 20.556249618530273438 18.693750381469726562 16.862501144409179688 15.774999618530273438 15.487500190734863281 15.243749618530273438 15.0625 13.981249809265136719 12.53125 10.875 9.4312496185302734375 8.2437496185302734375
64.4250030517578125 60.43125152587890625 58.49375152587890625 56.97499847412109375 55.487499237060546875 56.03749847412109375 56.75 57.1875 58.112499237060546875 58.80625152587890625 58.61875152587890625 53.956249237060546875 49.00624847412109375 44.837497711181640625 42.518749237060546875 40.456249237060546875 37.799999237060546875 36.15625 34.96250152587890625 33.956249237060546875 32.393749237060546875 31.0625 30.243749618530273438 30.606250762939453125 30.106250762939453125 27.893749237060546875 27.143749237060546875 26.03125 24.793750762939453125 23.681249618530273438 23.043750762939453125 22.59375 20.193750381469726562 17.893749237060546875 16.018749237060546875 15.493749618530273438 15.524999618530273438 16.256250381469726562 17.131250381469726562 15.912500381469726562 14.337499618530273438 12.4375 10.550000190734863281 9.1999998092651367188
62.262500762939453125 58.637500762939453125 57.09999847412109375 55.700000762939453125 54.40625 55.18125152587890625 55.981250762939453125 56.424999237060546875 57.56874847412109375 58.606250762939453125 58.66249847412109375 53.875 48.83750152587890625 44.4375 41.91249847412109375 39.581249237060546875 37.03125 35.30625152587890625 34.387500762939453125 33.40625 31.731250762939453125 30.318750381469726562 29.518749237060546875 30.181249618530273438 30.012500762939453125 28.325000762939453125 28.012500762939453125 26.700000762939453125 25.056249618530273438 23.706249237060546875 23.006250381469726562 22.625 20.712499618530273438 18.712499618530273438 16.293750762939453125 14.6875 15.512499809265136719 16.662500381469726562 17.243749618530273438 16.662500381469726562 15.231249809265136719 13.475000381469726562 11.675000190734863281 10.362500190734863281
59.43125152587890625 56.50624847412109375 55.268749237060546875 54.15000152587890625 53.18125152587890625 53.88124847412109375 54.606250762939453125 55.21875 56.96875 58.15000152587890625 58.00624847412109375 53.49375152587890625 48.40000152587890625 43.918750762939453125 41.25 39.09999847412109375 36.65625 34.84375 33.962497711181640625 32.90625 31.056249618530273438 29.899999618530273438 28.362499237060546875 28.887500762939453125 28.856250762939453125 28.125 27.912500381469726562 26.893749237060546875 25.549999237060546875 24.037500381469726562 23.018749237060546875 23.581249237060546875 22.75 20.4375 17.943750381469726562 16.518749237060546875 16.606250762939453125 16.975000381469726562 17.225000381469726562 16.768749237060546875 15.6875 14.568750381469726562 12.868749618530273438 11.618749618530273438
