data/historical-monthly-weather-data/wc2.1_cruts4.09_10m_prec_1996-12.asc
ncols        51
nrows        45
xllcorner    -63.500000000000
yllcorner    -7.500000000000
cellsize     0.166666666667
NODATA_value -9999
[rows 20 to 39 of 45, columns 0 to 43 of 51]
170.96875 171.256256103515625 171.9875030517578125 173.631256103515625 176.1437530517578125 180 183.556243896484375 186.8562469482421875 190.7312469482421875 193.2624969482421875 193.8562469482421875 192.15625 189.587493896484375 185.475006103515625 179.243743896484375 171.850006103515625 164.756256103515625 159.0500030517578125 155.399993896484375 151.9875030517578125 150.212493896484375 148.506256103515625 147.0374908447265625 146.662506103515625 147.3125 147.2937469482421875 145.6374969482421875 140.506256103515625 133.2937469482421875 126.74375152587890625 122.1687469482421875 120.8562469482421875 117.4875030517578125 114.6750030517578125 112.2375030517578125 110.65625 110.3249969482421875 110.13124847412109375 108.7312469482421875 104.84999847412109375 98.9375 92.6875 87.75 83.34999847412109375
170.78125 170.6437530517578125 172.462493896484375 175.90625 179.4187469482421875 183.6125030517578125 188.03125 192.131256103515625 195.725006103515625 197.875 197.6125030517578125 195.399993896484375 192.5 187.993743896484375 182.056243896484375 175.1125030517578125 168.412506103515625 162.6750030517578125 157.912506103515625 153.681243896484375 150.15625 148.1374969482421875 147.3249969482421875 146.756256103515625 147.4375 149.162506103515625 150.5187530517578125 146.587493896484375 140.524993896484375 136.0812530517578125 132.9187469482421875 131.2937469482421875 126.41249847412109375 122.68125152587890625 119.06874847412109375 116.78125 116.2375030517578125 116.09999847412109375 113.7062530517578125 108.46875 102.28749847412109375 95.9499969482421875 90.46250152587890625 85.5812530517578125
171.287506103515625 172.412506103515625 174.125 177.7624969482421875 182.3312530517578125 187.78125 192.412506103515625 197.3562469482421875 201.850006103515625 202.850006103515625 201.631256103515625 198.25 195.5 191.28125 185.149993896484375 178.256256103515625 171.350006103515625 164.931243896484375 159.59375 154.149993896484375 149.993743896484375 147.118743896484375 145.2687530517578125 144.712493896484375 145.962493896484375 149.243743896484375 153.243743896484375 150.931243896484375 146.056243896484375 143.806243896484375 142.618743896484375 141.625 136.2624969482421875 130.712493896484375 125.78125 121.69374847412109375 121.1750030517578125 122.8874969482421875 119.86875152587890625 113.2062530517578125 106.125 99.2687530517578125 93.40625 88.0812530517578125
173.5500030517578125 174.337493896484375 175.9187469482421875 180.03125 185.59375 191.5124969482421875 197.1687469482421875 201.9187469482421875 205.7624969482421875 205.8562469482421875 204.25 201.5 198.8312530517578125 195.1374969482421875 188.537506103515625 181.25 174.21875 167.5500030517578125 161.318756103515625 155.1125030517578125 149.524993896484375 145.5749969482421875 142.3562469482421875 141.8625030517578125 142.881256103515625 145.8375091552734375 150.1125030517578125 151.131256103515625 150.350006103515625 150.53125 151.6374969482421875 151.337493896484375 146.243743896484375 139.9375 134.193756103515625 128.09375 126.3625030517578125 127.3562469482421875 124.0187530517578125 117.0437469482421875 109.4250030517578125 102.625 96.41249847412109375 90.7375030517578125
178.350006103515625 178.2937469482421875 179.1687469482421875 185.149993896484375 192.318756103515625 197.6125030517578125 202.4562530517578125 205.90625 208.25 208.6999969482421875 207.3249969482421875 204.53125 201.875 198.2624969482421875 191.7624969482421875 184.4375 177.0812530517578125 170.0812530517578125 163.09375 156.1062469482421875 149.34375 143.5749969482421875 139.274993896484375 137.96875 139.131256103515625 142.556243896484375 147.4875030517578125 150.9375 153.024993896484375 156.225006103515625 159.7062530517578125 161.024993896484375 156.337493896484375 149.875 143.100006103515625 136.993743896484375 133.850006103515625 131.125 126.9562530517578125 120.6125030517578125 112.96875 106.1374969482421875 99.59999847412109375 94.2937469482421875
187.318756103515625 189.2062530517578125 190.118743896484375 195.399993896484375 200.443756103515625 204.5500030517578125 207.662506103515625 209.75 211.1374969482421875 210.774993896484375 209.068756103515625 207.087493896484375 204.5187530517578125 201.162506103515625 195.0124969482421875 187.7375030517578125 179.943756103515625 172.568756103515625 165.1062469482421875 157.4187469482421875 150.412506103515625 142.71875 136.212493896484375 133.368743896484375 135.756256103515625 140.2375030517578125 146.6750030517578125 151.818756103515625 156.068756103515625 161.4187469482421875 166.774993896484375 170.9562530517578125 167.0625 159.84375 152.84375 145.8874969482421875 141 136.443756103515625 131.5 125.28125 117.61875152587890625 109.78125 102.4250030517578125 96.2937469482421875
197.125 199.943756103515625 202.7624969482421875 207.2624969482421875 210.975006103515625 213.21875 213.8000030517578125 213.90625 213.4312591552734375 212.931243896484375 211.993743896484375 210.2312469482421875 207.662506103515625 204.8312530517578125 198.9187469482421875 192.1812591552734375 184.7312469482421875 177.2624969482421875 169.6125030517578125 161.1437530517578125 153.274993896484375 144.7562408447265625 136.84375 132.662506103515625 136.181243896484375 141.0749969482421875 148.2375030517578125 154.4812469482421875 160.5124969482421875 166.881256103515625 173.881256103515625 179.506256103515625 176.3625030517578125 168.4812469482421875 160.7062530517578125 153.725006103515625 147.556243896484375 142.0437469482421875 136.7687530517578125 130.837493896484375 123.28125 113.94374847412109375 104.53125 97.47499847412109375
208.193756103515625 212.1750030517578125 216.21875 220.2937469482421875 222.6062469482421875 222.8562469482421875 221.368743896484375 218.8000030517578125 216.7562408447265625 215.04376220703125 213.256256103515625 211.850006103515625 210.6750030517578125 208.5812530517578125 203.068756103515625 196.337493896484375 189.631256103515625 181.9812469482421875 174.475006103515625 166.024993896484375 158.087493896484375 149.8312530517578125 143.28125 140.0749969482421875 141.4875030517578125 145.21875 151.787506103515625 158.1500091552734375 164.6062469482421875 171.587493896484375 178.8312530517578125 184.412506103515625 180.875 174 166.5749969482421875 159.71875 153.6125030517578125 148.03125 143.09375 137.8625030517578125 130.8562469482421875 120.3625030517578125 107.28125 99.2375030517578125
218.1437530517578125 223.693756103515625 229.0812530517578125 234.1374969482421875 235.1687469482421875 232.149993896484375 227.84375 223.3625030517578125 219.912506103515625 216.7062530517578125 214.7937469482421875 214.1999969482421875 213.506256103515625 212.368743896484375 207.024993896484375 201.537506103515625 195.381256103515625 188.0812530517578125 180.556243896484375 172.3249969482421875 164.537506103515625 156.9250030517578125 151.337493896484375 148.21875 148.568756103515625 151.087493896484375 157 163.28125 169.899993896484375 176.3874969482421875 183.09375 188.006256103515625 184.2687530517578125 177.6374969482421875 170.962493896484375 164.84375 159.4250030517578125 153.912506103515625 148.912506103515625 144.40625 138.931243896484375 126.99375152587890625 113.2937469482421875 106.4875030517578125
225.9187469482421875 232.087493896484375 239.1437530517578125 245.943756103515625 247.9562530517578125 240.6750030517578125 233.1374969482421875 227.118743896484375 222.2937469482421875 218.087493896484375 215.850006103515625 215.1374969482421875 215.787506103515625 215.8937530517578125 211.868743896484375 206.96875 202.09375 196.493743896484375 189.4187469482421875 181.131256103515625 173.212493896484375 166.0749969482421875 160.225006103515625 157.53125 157.493743896484375 159.40625 163.9187469482421875 170.149993896484375 176.09375 181.631256103515625 187.131256103515625 190.943756103515625 187.6125030517578125 181.462493896484375 175.381256103515625 169.5625 164.5 159.212493896484375 154.3249969482421875 149.431243896484375 143.1437530517578125 133.9562530517578125 123.0625 116.7375030517578125
231.40625 237.8937530517578125 244.556243896484375 251.6875 253.0500030517578125 243.818756103515625 235.2312469482421875 227.8312530517578125 222.1062469482421875 218.524993896484375 216.256256103515625 216.2375030517578125 217.756256103515625 218.4375 215.475006103515625 212.287506103515625 209.4499969482421875 203.993743896484375 198.3000030517578125 190.368743896484375 182.2750091552734375 175.1125030517578125 169.6062469482421875 166.912506103515625 166.287506103515625 167.506256103515625 171.65625 177.28125 182.693756103515625 187.399993896484375 191.4875030517578125 194.100006103515625 190.443756103515625 185.068756103515625 179.287506103515625 174.131256103515625 169.6687469482421875 164.71875 159.475006103515625 153.59375 147.8562469482421875 140.8312530517578125 132.78125 125.4375
235.274993896484375 240.3562469482421875 245.2375030517578125 248.3000030517578125 247.09375 240.5812530517578125 233.131256103515625 225.53125 220.4562530517578125 216.7624969482421875 215.1437530517578125 216.462493896484375 219.056243896484375 220.662506103515625 219.78125 218.1437530517578125 215.1875 210.006256103515625 204.493743896484375 197.399993896484375 190.2562408447265625 183.53125 177.8625030517578125 175.2687530517578125 175.3562469482421875 176.0437469482421875 179.462493896484375 184.6687469482421875 189.7687530517578125 193.4562530517578125 196.2062530517578125 197.75 193.1999969482421875 188.0500030517578125 182.943756103515625 178.8625030517578125 174.2687530517578125 169.3625030517578125 164.1875 158.6437530517578125 154.4812469482421875 149.7624969482421875 144.412506103515625 139.100006103515625
237.100006103515625 239.399993896484375 241.1437530517578125 242.625 240.9812469482421875 235.3249969482421875 228.068756103515625 220.9312591552734375 216.225006103515625 213.681243896484375 214.850006103515625 217.2687530517578125 221.431243896484375 225.46875 225.5437469482421875 224.375 221.6875 217.4250030517578125 210.8812408447265625 204.34375 198.0687408447265625 192.350006103515625 187.1750030517578125 184.6750030517578125 184.7375030517578125 185.850006103515625 189 192.975006103515625 197.8625030517578125 200.118743896484375 201.9375 202.46875 197.90625 192.71875 187.756256103515625 183.5625 179.162506103515625 174.568756103515625 169.75 166.6062469482421875 163.225006103515625 160.506256103515625 158.59375 158.225006103515625
237.6437530517578125 237.5 237.875 237.2375030517578125 234.0500030517578125 228.65625 222.375 215.774993896484375 211.318756103515625 209.399993896484375 211.318756103515625 217.375 224.0749969482421875 228.90625 230.600006103515625 230.1999969482421875 228.7937469482421875 224.649993896484375 217.75 211.4187469482421875 205.8125 200.3937530517578125 195.443756103515625 193.5187530517578125 193.40625 194.537506103515625 197.9499969482421875 201.9250030517578125 206.6062469482421875 207.193756103515625 207.5625 207.40625 202.7624969482421875 197.625 192.3249969482421875 187.9187469482421875 183.9187469482421875 178.806243896484375 175.78125 173.8874969482421875 171.8874969482421875 171.0124969482421875 171.6437530517578125 174.787506103515625
237.381256103515625 235.912506103515625 234.868743896484375 232.3874969482421875 228.6999969482421875 222.993743896484375 216.4875030517578125 210.006256103515625 204.8249969482421875 203.681243896484375 207.850006103515625 216.6687469482421875 227.024993896484375 234.837493896484375 237.524993896484375 237.912506103515625 236.556243896484375 231.881256103515625 225.53125 218.225006103515625 213.59375 208.0124969482421875 204.0625 202.1374969482421875 201.787506103515625 203.131256103515625 206.34375 210.5500030517578125 214.7624969482421875 214.28125 213.5 212.25 207.6750030517578125 202.8000030517578125 197.350006103515625 192.3562469482421875 187.7687530517578125 183.943756103515625 182.0187530517578125 180.2375030517578125 179.350006103515625 179.506256103515625 181.287506103515625 185.2375030517578125
238.087493896484375 235.568756103515625 233.0812530517578125 229.6875 224.9375 219.181243896484375 211.931243896484375 204.4875030517578125 198.34375 195.96875 202.431243896484375 215.7624969482421875 230.493743896484375 240.600006103515625 244.7624969482421875 245.9499969482421875 244.8000030517578125 240.0437469482421875 232.8937530517578125 225.2624969482421875 220.5812530517578125 216.243743896484375 211.837493896484375 210.162506103515625 210.412506103515625 211.5437469482421875 214.8000030517578125 218.631256103515625 222.3312530517578125 221.5437469482421875 220.3874969482421875 218.162506103515625 213.90625 208.712493896484375 203.212493896484375 197.71875 194.162506103515625 190.3562469482421875 188.2687530517578125 186.7937469482421875 186.087493896484375 187.212493896484375 188.787506103515625 192.25
238.5625 235.3874969482421875 232.2375030517578125 228.506256103515625 223.712493896484375 218.087493896484375 211.3937530517578125 202.9250030517578125 194.21875 187.493743896484375 198.524993896484375 220.774993896484375 237.0812530517578125 247.1875 252.287506103515625 254.0437469482421875 253.568756103515625 248.1999969482421875 241.2062530517578125 233.3562469482421875 228.2624969482421875 223.493743896484375 219.2062530517578125 217.8000030517578125 217.868743896484375 219.3562469482421875 222.09375 226.524993896484375 230.4499969482421875 229.256256103515625 227.193756103515625 224.3312530517578125 220.0124969482421875 215.2624969482421875 209.5500030517578125 205.024993896484375 201.131256103515625 197.056243896484375 194.068756103515625 192.28125 191.2312469482421875 192.287506103515625 193.9375 196.993743896484375
238.087493896484375 235.0124969482421875 232.100006103515625 228.3562469482421875 224.350006103515625 219.068756103515625 213.8125 206.6750030517578125 199.024993896484375 190.3249969482421875 212.9562530517578125 237.743743896484375 249.568756103515625 257.243743896484375 261.556243896484375 263.412506103515625 262.5 257.26873779296875 249.3562469482421875 241.59375 235.212493896484375 229.90625 225.9187469482421875 224.5437469482421875 224.5187530517578125 226.0749969482421875 229.681243896484375 233.912506103515625 237.6687469482421875 236.53125 233.5437469482421875 230.53125 226.3874969482421875 221.9187469482421875 216.399993896484375 211.9562530517578125 207.71875 203.1062469482421875 200.1875 197.693756103515625 195.84375 196.5812530517578125 197.6437530517578125 200.09375
234.7062530517578125 232.1125030517578125 230.34375 228.0687408447265625 224.9499969482421875 221.475006103515625 218.3625030517578125 215.9250030517578125 216.3625030517578125 226.2624969482421875 253.881256103515625 261.11248779296875 264.399993896484375 268.92498779296875 271.75 273 271.8125 265.40625 257.243743896484375 248.899993896484375 241.475006103515625 234.975006103515625 230.5625 229.306243896484375 229.618743896484375 231.193756103515625 234.162506103515625 238.462493896484375 242.15625 241.818756103515625 240.3625030517578125 237.0437469482421875 233.443756103515625 229.3625030517578125 225.4499969482421875 221.125 216.6999969482421875 212.125 208.7062530517578125 205.6374969482421875 203.818756103515625 203.78125 204.162506103515625 205.7062530517578125
231.931243896484375 229.9562530517578125 229.1687469482421875 228.0749969482421875 226.6437530517578125 225.9875030517578125 225.9812469482421875 228.3937530517578125 234.0749969482421875 246.412506103515625 264.193756103515625 273.48126220703125 276.83123779296875 280.54998779296875 283.04998779296875 283.375 281.48748779296875 275.212493896484375 265.912506103515625 256.681243896484375 246.78125 238.59375 233.193756103515625 231.399993896484375 232.693756103515625 235.118743896484375 238.693756103515625 243.0500030517578125 246.5500030517578125 247.3312530517578125 246.1875 244.850006103515625 242.287506103515625 238.6062469482421875 234.6999969482421875 229.7312469482421875 225.662506103515625 220.931243896484375 217.100006103515625 213.3125 210.475006103515625 210.1750030517578125 210.4875030517578125 211.412506103515625
