data/historical-monthly-weather-data/wc2.1_cruts4.09_10m_prec_1979-01.asc
ncols        45
nrows        45
xllcorner    -63.500000000000
yllcorner    -7.500000000000
cellsize     0.166666666667
NODATA_value -9999
[rows 0 to 19 of 45, columns 0 to 44 of 45]
76.9812469482421875 74.00624847412109375 70.2687530517578125 67.72499847412109375 64.7624969482421875 64.2375030517578125 63.06874847412109375 61.125 60.543750762939453125 60.96250152587890625 62.15625 64.44374847412109375 66.3562469482421875 66.70624542236328125 68.71250152587890625 71.75 74.78749847412109375 76.11875152587890625 80.8562469482421875 85.56874847412109375 90.16249847412109375 95.74375152587890625 101.5749969482421875 107.3312530517578125 114.58750152587890625 121.4250030517578125 128.587493896484375 136.9562530517578125 145.5187530517578125 148.4875030517578125 151.09375 153.6687469482421875 154.912506103515625 157.46875 158.8874969482421875 161.6687469482421875 162.40625 162.21875 163.125 163.7312469482421875 163.6750030517578125 163.931243896484375 163.337493896484375 163.225006103515625 164.537506103515625
81.03125 77.7624969482421875 74.75624847412109375 72.1374969482421875 70.09999847412109375 70.125 69.43125152587890625 68.9499969482421875 69.7312469482421875 70.75624847412109375 71.56874847412109375 73.0812530517578125 74.18125152587890625 75.3874969482421875 77.1125030517578125 79.21250152587890625 81.40625 84.5124969482421875 89.74375152587890625 96.18125152587890625 102.15625 108.2312469482421875 115.0500030517578125 121.83124542236328125 128 134.243743896484375 141.3249969482421875 148.6750030517578125 155.600006103515625 158.756256103515625 160.4375 161.649993896484375 162.443756103515625 165.5812530517578125 166.3125 167.037506103515625 169.431243896484375 169.1875 169.2624969482421875 169.4187469482421875 169.7312469482421875 169.662506103515625 167.9499969482421875 167.4187469482421875 168.1687469482421875
85.5749969482421875 82.78749847412109375 80.6437530517578125 79.1437530517578125 78.31874847412109375 79.08750152587890625 79.71875 80.7062530517578125 82.31874847412109375 83.84375 84.71250152587890625 85.65625 86.52500152587890625 86.8625030517578125 88.00624847412109375 88.91249847412109375 90.6062469482421875 93.6125030517578125 98.1999969482421875 105.28125 112.2062530517578125 119.9187469482421875 127.3000030517578125 133.693756103515625 139.8249969482421875 145.8249969482421875 152.725006103515625 159.6374969482421875 164.975006103515625 166.6750030517578125 168.868743896484375 170.3312530517578125 171.8625030517578125 171.524993896484375 172.96875 173 174.0124969482421875 174.193756103515625 173.75 172.806243896484375 173.1125030517578125 172.3562469482421875 170.881256103515625 169.7312469482421875 168.850006103515625
89.53749847412109375 87.34375 87.5437469482421875 87.4875030517578125 88.53125 88.8125 91.02500152587890625 93.99375152587890625 97.27500152587890625 100.00624847412109375 100.31874847412109375 100.2375030517578125 100.13124847412109375 99.7937469482421875 100.41249847412109375 100.5749969482421875 100.88124847412109375 102.2937469482421875 106.96875 115.28749847412109375 124.2937469482421875 132.806243896484375 139.087493896484375 146.1125030517578125 152.6750030517578125 158.8937530517578125 165.662506103515625 170.34375 174.875 176.4187469482421875 177.693756103515625 179.8874969482421875 180.1437530517578125 179.2624969482421875 178.4812469482421875 179.1374969482421875 178.443756103515625 178.100006103515625 177.625 177.1125030517578125 175.4875030517578125 175.225006103515625 173.693756103515625 171.46875 170.087493896484375
96.7687530517578125 93.6875 94.0187530517578125 95.8249969482421875 98.02500152587890625 100.0500030517578125 102.5124969482421875 107.0749969482421875 112.6062469482421875 116.9375 116.36875152587890625 115.3937530517578125 115.1687469482421875 114.7937469482421875 114.7312469482421875 114.02500152587890625 112.9499969482421875 111.8000030517578125 117.49375152587890625 127.71875 138.3874969482421875 146.712493896484375 153.318756103515625 159.725006103515625 165.962493896484375 173.2062530517578125 177.037506103515625 180.90625 186.725006103515625 187.40625 188.1374969482421875 187.1437530517578125 187.899993896484375 187.681243896484375 186.412506103515625 185.787506103515625 185.2375030517578125 182.4875030517578125 181.600006103515625 180.193756103515625 179.568756103515625 178.1125030517578125 176.7312469482421875 173.774993896484375 171.59375
103.2687530517578125 101.1125030517578125 101.7312469482421875 103.11875152587890625 105.46875 108.3125 111.8562469482421875 116.3874969482421875 122.4875030517578125 128.0187530517578125 127.58750152587890625 127.7937469482421875 128.0437469482421875 128.537506103515625 128.3125 129.243743896484375 128.0500030517578125 126.5437469482421875 133.931243896484375 144.556243896484375 153.9812469482421875 161.15625 168.1437530517578125 172.943756103515625 178.8249969482421875 185.087493896484375 188.8874969482421875 191.912506103515625 196.5 198.243743896484375 198.2624969482421875 197.7375030517578125 196.399993896484375 196.3312530517578125 197.03125 195.287506103515625 193.4562530517578125 190.7624969482421875 189.2624969482421875 187.962493896484375 184.8874969482421875 183.350006103515625 180.8312530517578125 177.6125030517578125 175.0500030517578125
110.0625 108.49375152587890625 109.6062469482421875 110.3249969482421875 111.77500152587890625 114 117.6687469482421875 121.9812469482421875 126.7687530517578125 130.6999969482421875 134.5187530517578125 137.6374969482421875 140.9562530517578125 143.2937469482421875 144.8937530517578125 147.381256103515625 149.899993896484375 153.8625030517578125 161.181243896484375 167.725006103515625 171.5812530517578125 177.1750030517578125 181.1875 185.5124969482421875 191.350006103515625 196.118743896484375 199.40625 202.556243896484375 205.431243896484375 206.9250030517578125 208.7937469482421875 208.75 206.837493896484375 205.6125030517578125 205.162506103515625 204.3125 201.8249969482421875 199.212493896484375 198.5500030517578125 194.9499969482421875 190.2624969482421875 187.8312530517578125 184.8249969482421875 181.34375 178.2687530517578125
117.78125 115.2624969482421875 116.25624847412109375 117.53749847412109375 118.78749847412109375 121.5 123.94374847412109375 125.09375 127.0812530517578125 132.9812469482421875 141.037506103515625 148.0124969482421875 154.4187469482421875 158.3312530517578125 162.34375 166.818756103515625 172.8125 180.71875 190.7937469482421875 191.899993896484375 189.975006103515625 192.0812530517578125 194.6125030517578125 198.53125 204.1062469482421875 207.6875 209.631256103515625 211.84375 215.587493896484375 217.631256103515625 218.337493896484375 218.8562469482421875 216.6875 215.0625 213.8874969482421875 212.3562469482421875 209.7687530517578125 206.837493896484375 204.631256103515625 201.381256103515625 196.84375 193.9499969482421875 190.568756103515625 186.2062530517578125 183.9375
125.18125152587890625 122.8625030517578125 124.03125 124.77500152587890625 126.40625 128.443756103515625 130.4375 131.5250091552734375 132.0187530517578125 136.693756103515625 148.8125 158.65625 167.78125 173.4562530517578125 178.1437530517578125 182.8249969482421875 188.7312469482421875 197.0124969482421875 206.1125030517578125 205.6687469482421875 201.3312530517578125 202.8874969482421875 204.5625 210.475006103515625 215.2624969482421875 218.0124969482421875 219.5 220.149993896484375 223.5500030517578125 226.212493896484375 227.8937530517578125 226.975006103515625 224.9375 222.4812469482421875 220.8125 218.556243896484375 216.7687530517578125 213.8937530517578125 211.3312530517578125 208.068756103515625 203.037506103515625 199.649993896484375 197.6062469482421875 194.4187469482421875 191.7312469482421875
132.6875 130.556243896484375 131.0500030517578125 132.1687469482421875 134.100006103515625 136.75 139.1437530517578125 141.7437591552734375 145.181243896484375 152.5 163.225006103515625 173.475006103515625 182.899993896484375 189.5500030517578125 193.7937469482421875 197.787506103515625 201.4875030517578125 206.4499969482421875 210.431243896484375 211.0749969482421875 208.0500030517578125 209.899993896484375 213 220.774993896484375 224.125 225.631256103515625 226.6750030517578125 227.53125 229.462493896484375 232.024993896484375 233.306243896484375 233.162506103515625 231.7687530517578125 229.96875 228.4875030517578125 225.537506103515625 223.0500030517578125 220.5500030517578125 217.631256103515625 214.1437530517578125 210.399993896484375 207.193756103515625 204.6374969482421875 200.443756103515625 198.600006103515625
141.1374969482421875 139.3000030517578125 139.1999969482421875 140.087493896484375 141.618743896484375 145.181243896484375 148.8562469482421875 154.056243896484375 160.274993896484375 169.25 181.3937530517578125 192.0187530517578125 199.7312469482421875 205.5625 208.25 210.100006103515625 210.9562530517578125 212.5 213.0124969482421875 212.2937469482421875 212.1812591552734375 214.34375 220.568756103515625 226.7375030517578125 232.787506103515625 232.524993896484375 232.3625030517578125 232.90625 234.162506103515625 235 236.462493896484375 237.5124969482421875 237.0437469482421875 235.9250030517578125 234.3625030517578125 232.306243896484375 229.537506103515625 226.0124969482421875 223.625 220.65625 216.7562408447265625 212.462493896484375 209.725006103515625 205.8312530517578125 204.1125030517578125
148.868743896484375 146.8562469482421875 147.1687469482421875 148.975006103515625 151.068756103515625 154.7937469482421875 159.8562469482421875 167.649993896484375 176.037506103515625 186.0124969482421875 199.3312530517578125 211.600006103515625 216.8937530517578125 220.1437530517578125 221.6374969482421875 221.193756103515625 220.818756103515625 218.625 217.2562408447265625 214.2624969482421875 213.0437469482421875 216.2937469482421875 225.475006103515625 235.5187530517578125 239.5625 235.6750030517578125 234.8874969482421875 234.993743896484375 236.725006103515625 239.15625 240.84375 241.537506103515625 241.2937469482421875 240.3000030517578125 239.0187530517578125 237.149993896484375 234.6437530517578125 230.962493896484375 228.3312530517578125 225.649993896484375 221.65625 216.881256103515625 211.3249969482421875 205.7687530517578125 202.3625030517578125
157.556243896484375 155.875 156.6374969482421875 158.3499908447265625 160.6999969482421875 166.256256103515625 172.368743896484375 180.243743896484375 190.056243896484375 201.693756103515625 215.462493896484375 227.537506103515625 232.4562530517578125 231.875 232.4250030517578125 231.475006103515625 229.3874969482421875 227.1437530517578125 223.943756103515625 219.068756103515625 212.59375 217.4375 228.90625 236.118743896484375 234.5187530517578125 231.443756103515625 234.53125 237.537506103515625 239.6062469482421875 242.8125 244.9375 245.4562530517578125 244.475006103515625 243.318756103515625 241.9812469482421875 240.1999969482421875 237.399993896484375 233.7624969482421875 230.537506103515625 227.5875091552734375 224.4875030517578125 218.587493896484375 208.53125 199.149993896484375 194.40625
165.0500030517578125 163.9812469482421875 165.068756103515625 167.225006103515625 170.337493896484375 175.5500030517578125 182.693756103515625 192.681243896484375 203.3937530517578125 215.818756103515625 227.993743896484375 237.5625 240.8562469482421875 241.6999969482421875 240.537506103515625 240.40625 237.5812530517578125 235.524993896484375 231.375 226.9562530517578125 223.0187530517578125 226.337493896484375 232.506256103515625 236.412506103515625 233.8562469482421875 232.7375030517578125 235.962493896484375 239.1062469482421875 242.9875030517578125 246.087493896484375 248.4375 249.125 247.4499969482421875 245.1750030517578125 244.131256103515625 241.9499969482421875 239.5500030517578125 236.756256103515625 232.256256103515625 227.3937530517578125 221.556243896484375 209.8125 200.6062469482421875 194.4562530517578125 191.9562530517578125
170.3874969482421875 169.7624969482421875 171.7687530517578125 174.5437469482421875 178.993743896484375 185.34375 193.9562530517578125 203.850006103515625 214.4499969482421875 225.7874908447265625 237.875 245.6999969482421875 249.568756103515625 251.100006103515625 249.881256103515625 249.1125030517578125 246.28125 242.912506103515625 239.631256103515625 237.3562469482421875 235.181243896484375 235.524993896484375 239.3562469482421875 240.2624969482421875 240.0812530517578125 239.756256103515625 241.7937469482421875 245.056243896484375 248.09375 251.743743896484375 253.2687530517578125 252.21875 251.1062469482421875 247.662506103515625 245.3000030517578125 242.0500030517578125 240.131256103515625 238.256256103515625 232.7062530517578125 221.3625030517578125 207.912506103515625 199.71875 195.90625 192.3874969482421875 188.5
174.631256103515625 174.21875 177.068756103515625 180.618743896484375 186.03125 193.3312530517578125 202.868743896484375 213.0500030517578125 222.9875030517578125 234.6374969482421875 246.4812469482421875 254.0187530517578125 258.243743896484375 259.993743896484375 259.75 256.162506103515625 254.1062469482421875 251.193756103515625 247.6125030517578125 246.100006103515625 246.493743896484375 247.024993896484375 248.837493896484375 248.1875 247.037506103515625 246.3625030517578125 247.149993896484375 251.1062469482421875 254.899993896484375 259.04998779296875 260.20001220703125 257.725006103515625 252.5437469482421875 247.8937530517578125 243.8937530517578125 242.5187530517578125 240.9187469482421875 237.818756103515625 230.506256103515625 216.3249969482421875 199.25 192.756256103515625 191.3874969482421875 187.943756103515625 184.993743896484375
177.2375030517578125 177.5187530517578125 180.5187530517578125 185.181243896484375 191.8000030517578125 199.9250030517578125 210.350006103515625 220.9375 231.0812530517578125 242.0124969482421875 254.21875 262.524993896484375 266.95001220703125 268.90625 269.10626220703125 266.256256103515625 258.881256103515625 255.65625 254.337493896484375 255.681243896484375 256.243743896484375 257.625 258.51873779296875 255.8937530517578125 254.8000030517578125 252.5 252.03125 255.774993896484375 261.306243896484375 266.556243896484375 268.556243896484375 265.01251220703125 256.71875 248.5625 245.6999969482421875 244.3249969482421875 241.5 239.59375 235.1062469482421875 217.649993896484375 200.3249969482421875 192.6374969482421875 188.181243896484375 184.6999969482421875 182.118743896484375
178.3874969482421875 179.131256103515625 182.6437530517578125 188.3874969482421875 195.212493896484375 204.4499969482421875 215.4250030517578125 226.431243896484375 236.587493896484375 247.962493896484375 258.868743896484375 269.393768310546875 275.368743896484375 278.037506103515625 277.868743896484375 273.443756103515625 265.5 258.662506103515625 261.243743896484375 263.787506103515625 266.243743896484375 267.318756103515625 267.34375 263.774993896484375 260.962493896484375 258.693756103515625 256.162506103515625 261.350006103515625 269.11248779296875 275.850006103515625 276.100006103515625 265.475006103515625 255.6750030517578125 248.462493896484375 243.506256103515625 241.4187469482421875 241.3000030517578125 239.40625 232.25 219.5812530517578125 202.84375 193.0124969482421875 186.993743896484375 183.0124969482421875 180.412506103515625
177.181243896484375 178.59375 183.068756103515625 190.068756103515625 198.0812530517578125 208.024993896484375 218.2687530517578125 230.40625 241.2312469482421875 252.693756103515625 263.493743896484375 272.431243896484375 280.70623779296875 287.712493896484375 286.006256103515625 278.32501220703125 268.5 261.36248779296875 260.818756103515625 266.53125 272.65625 275.96875 271.04998779296875 269.068756103515625 266.243743896484375 264.79376220703125 264.899993896484375 267.98126220703125 275.837493896484375 283.17498779296875 284.17498779296875 269.46875 255.475006103515625 242.09375 234.556243896484375 235.243743896484375 236.9187469482421875 234.8874969482421875 230.2624969482421875 219.0187530517578125 204.4562530517578125 193.375 186.1374969482421875 181.9499969482421875 179.15625
175.46875 177.25 182.493743896484375 189.306243896484375 198.4375 210.125 221.4187469482421875 232.8937530517578125 243.6687469482421875 254.9250030517578125 264.962493896484375 274.443756103515625 286.13751220703125 297.79998779296875 291.881256103515625 277.91876220703125 265.54376220703125 262.61248779296875 263.46875 268.48126220703125 272.068756103515625 272.32501220703125 272.868743896484375 270.962493896484375 269.20001220703125 269.67498779296875 269.96875 273.375 276.881256103515625 279.63751220703125 277.66876220703125 265.350006103515625 248.8874969482421875 231.7750091552734375 221.71875 224.4187469482421875 231.7375030517578125 235.1125030517578125 231.4187469482421875 221.5 207.2312469482421875 194.068756103515625 187.2312469482421875 182.399993896484375 179.1125030517578125
