data/historical-monthly-weather-data/wc2.1_cruts4.09_10m_prec_2012-05.asc
ncols        51
nrows        45
xllcorner    -63.500000000000
yllcorner    -7.500000000000
cellsize     0.166666666667
NODATA_value -9999
[rows 0 to 18 of 45, columns 0 to 43 of 51]
411.59375 414.04376220703125 413.618743896484375 420.29998779296875 422.83123779296875 420.1875 411.73126220703125 405.693756103515625 397.587493896484375 392.524993896484375 384.912506103515625 372.725006103515625 362.743743896484375 353.806243896484375 343.868743896484375 336.1875 327.61248779296875 319.58123779296875 314.712493896484375 312.506256103515625 310.850006103515625 308.837493896484375 310.631256103515625 310.60626220703125 312.33123779296875 316.32501220703125 321.056243896484375 328.01873779296875 332.26251220703125 338.412506103515625 340.006256103515625 344.54998779296875 352.32501220703125 358.6875 365.274993896484375 373.85626220703125 380.95001220703125 384.38751220703125 385.506256103515625 388.337493896484375 387.90625 387.850006103515625 384.25 385.556243896484375
407.431243896484375 408.149993896484375 413.274993896484375 422.881256103515625 431.837493896484375 430.399993896484375 421.79998779296875 415.75 408.850006103515625 398.96875 390.14373779296875 376.23126220703125 362.4375 349.649993896484375 337.181243896484375 325.943756103515625 315.506256103515625 306.725006103515625 303.82501220703125 302.087493896484375 300.83123779296875 300.337493896484375 300.256256103515625 303.024993896484375 304.675018310546875 306.90625 314.243743896484375 321.774993896484375 327.931243896484375 332.01251220703125 333.85626220703125 342.10626220703125 348.28125 358.3125 365.381256103515625 369.931243896484375 380.131256103515625 385.36248779296875 389.26873779296875 386.20001220703125 385.48748779296875 389.79376220703125 386.181243896484375 381.54998779296875
389.61248779296875 393.4375 401.181243896484375 408.506256103515625 414.13751220703125 415.306243896484375 413.45001220703125 412.443756103515625 407.09375 397.693756103515625 387.29998779296875 371.08123779296875 354.787506103515625 337.85626220703125 324.91876220703125 314.13751220703125 301.79998779296875 291.51251220703125 287.399993896484375 285.5625 284.25 285.39373779296875 285.462493896484375 287.65625 289.637481689453125 294.83123779296875 304.556243896484375 311.806243896484375 317.09375 321.556243896484375 324.5 330.92498779296875 341.681243896484375 349.86248779296875 359.787506103515625 364.600006103515625 373.899993896484375 381.568756103515625 384.506256103515625 385.45623779296875 389.23748779296875 387.28125 386.66876220703125 382.381256103515625
366.118743896484375 366.850006103515625 380.60626220703125 386.0625 391.337493896484375 393.09375 395.006256103515625 399.40625 400.725006103515625 394.01873779296875 380.76873779296875 362.743743896484375 342.36248779296875 324.524993896484375 311.01873779296875 298.76251220703125 285.493743896484375 275.41876220703125 270.23126220703125 269.78125 272.23126220703125 271.58123779296875 269.9375 273.125 275.712493896484375 279.58123779296875 290.73126220703125 297.26873779296875 303.48748779296875 311.193756103515625 315.54998779296875 322.01873779296875 331.118743896484375 339.006256103515625 346.443756103515625 358.524993896484375 370.524993896484375 378.98748779296875 383.875 387.39373779296875 389.993743896484375 392.306243896484375 386.67498779296875 381.14373779296875
365.618743896484375 361.36248779296875 354.79998779296875 358.381256103515625 365.15625 367.17498779296875 372.787506103515625 381.03125 388.79376220703125 387.60626220703125 370.15625 347.16876220703125 329.368743896484375 312.506256103515625 298.59375 284.875 270.662506103515625 260.66876220703125 254.712493896484375 254.837493896484375 257.100006103515625 255.5437469482421875 252.8000030517578125 259.162506103515625 261.087493896484375 265.29998779296875 272.381256103515625 283.1875 291.618743896484375 298.51251220703125 305.412506103515625 310.725006103515625 319.04376220703125 330.475006103515625 340.39373779296875 350.600006103515625 365.04998779296875 377.45623779296875 385.16876220703125 389.33123779296875 395.15625 392.61248779296875 387.850006103515625 384.475006103515625
356.09375 351.618743896484375 342.70001220703125 331.274993896484375 337.975006103515625 345.39373779296875 350.65625 355.618743896484375 364.70623779296875 366.23748779296875 352.056243896484375 329.556243896484375 315.89373779296875 302.42498779296875 287.318756103515625 277.024993896484375 262.1875 250.318756103515625 244.3249969482421875 244.412506103515625 244.725006103515625 244.3562469482421875 244.149993896484375 246.149993896484375 249.34375 253.625 261.5625 270.76873779296875 281.056243896484375 289.09375 296.45623779296875 304.100006103515625 312.26251220703125 322.70001220703125 332 344.587493896484375 357.73748779296875 370.100006103515625 383.993743896484375 390.48748779296875 394.03125 393.1875 387.88751220703125 384.41876220703125
349.024993896484375 341.787506103515625 331.76873779296875 321.11248779296875 316.59375 316.60626220703125 319.762481689453125 323.243743896484375 320.806243896484375 323.412506103515625 318.70001220703125 306.85626220703125 298.725006103515625 289.65625 278.475006103515625 268 258.46875 248.100006103515625 239.6999969482421875 238.0124969482421875 235.6687469482421875 233.381256103515625 230.3249969482421875 234.3000030517578125 238.756256103515625 245.318756103515625 252.287506103515625 261 268.524993896484375 277.506256103515625 286.3125 292.48126220703125 299.48748779296875 309.59375 320.212493896484375 335.10626220703125 347.32501220703125 360.42498779296875 376.45623779296875 388.1875 391.587493896484375 388.45001220703125 384.212493896484375 383.412506103515625
340.83123779296875 331.443756103515625 320.774993896484375 312.63751220703125 307.08123779296875 305.75 297.76873779296875 284.006256103515625 273.23748779296875 278.76873779296875 286.57501220703125 284.91876220703125 283.95001220703125 277.975006103515625 270.20001220703125 263.131256103515625 254.9375 246.212493896484375 236.7624969482421875 229.6125030517578125 228.5437469482421875 224.493743896484375 221.256256103515625 222.225006103515625 228.1687469482421875 230.4875030517578125 240.3874969482421875 248.2375030517578125 256.493743896484375 265.89373779296875 274.725006103515625 281.131256103515625 289.45623779296875 296.86248779296875 304.60626220703125 317.82501220703125 332.15625 347.962493896484375 361.774993896484375 369.79998779296875 379.375 377.943756103515625 376.51251220703125 372.962493896484375
332.943756103515625 323.28125 314.48748779296875 304.83123779296875 297.524993896484375 293.568756103515625 285.20623779296875 273.5625 257.587493896484375 251.8687591552734375 260.381256103515625 266.78125 272.462493896484375 269.0625 262.32501220703125 257.056243896484375 250.0749969482421875 243.212493896484375 236.5812530517578125 224.8312530517578125 218.21875 216.5374908447265625 210.381256103515625 216.412506103515625 217.962493896484375 219.537506103515625 226.7249908447265625 237.6374969482421875 249.3000030517578125 256.95001220703125 267.38751220703125 272.443756103515625 274.993743896484375 279.38751220703125 288.78125 302.806243896484375 317.65625 333.65625 350.09375 357.412506103515625 363.306243896484375 362.78125 366.443756103515625 368.48748779296875
324.11248779296875 315.89373779296875 307.3125 299.306243896484375 289.056243896484375 284.787506103515625 277.88751220703125 268.73748779296875 260.100006103515625 256.88751220703125 258.57501220703125 257.3125 264.57501220703125 262.181243896484375 257.125 249.3000030517578125 241.912506103515625 235.3874969482421875 229.9187469482421875 222.4375 213.787506103515625 206.5187530517578125 201.399993896484375 205.475006103515625 205.443756103515625 207.3125 214.2687530517578125 225.0500030517578125 238.087493896484375 248.875 255.3625030517578125 259.068756103515625 264.1875 269.04998779296875 274.85626220703125 287.743743896484375 301.04376220703125 317.193756103515625 334.131256103515625 348.40625 360.118743896484375 364.73126220703125 360.54376220703125 356.23748779296875
315.40625 308.64373779296875 299.274993896484375 291.912506103515625 282.012481689453125 278.84375 273.181243896484375 263.35626220703125 257.39373779296875 257.024993896484375 259.26873779296875 261.01251220703125 257.431243896484375 257.024993896484375 249.118743896484375 239.90625 232.225006103515625 226.912506103515625 221.431243896484375 216.71875 215 204.6437530517578125 195.6875 189.0749969482421875 194.125 199.087493896484375 206.1687469482421875 216.4562530517578125 225.8312530517578125 233.6687469482421875 241.7312469482421875 247.3562469482421875 251.5625 255.631256103515625 260.20623779296875 269.82501220703125 282.46875 299.29998779296875 319.850006103515625 337.23126220703125 351.475006103515625 354.92498779296875 358.899993896484375 350.993743896484375
310.506256103515625 302.4375 294.100006103515625 286.912506103515625 278.962493896484375 272.90625 269.931243896484375 264.07501220703125 261.17498779296875 257.66876220703125 259.04998779296875 261.89373779296875 252.3125 248.2624969482421875 241.8249969482421875 230.787506103515625 222.7312469482421875 217.649993896484375 213.4875030517578125 212.006256103515625 213.006256103515625 206.6750030517578125 196.662506103515625 188.350006103515625 185.212493896484375 185.475006103515625 191.34375 201.462493896484375 212.9187469482421875 220.1750030517578125 224.868743896484375 230.1374969482421875 234.212493896484375 238.0124969482421875 244.9250030517578125 257.350006103515625 271.556243896484375 285.95001220703125 303.79998779296875 322.125 339.506256103515625 344.162506103515625 342.649993896484375 325.23748779296875
306.79998779296875 296.54998779296875 287.76873779296875 281.056243896484375 272.850006103515625 269.149993896484375 264.056243896484375 257.881256103515625 256.48126220703125 257.0625 257.70001220703125 256.76873779296875 249.59375 234.7624969482421875 226 219.306243896484375 211.3625030517578125 207.006256103515625 203.162506103515625 202.03125 205.7062530517578125 199.25 190.5187530517578125 182.8125 171.056243896484375 168.6062469482421875 179.53125 190.53125 202.65625 210.5500030517578125 213.3312530517578125 214.875 217.6437530517578125 220.3937530517578125 227.774993896484375 242.4875030517578125 257.90625 275.337493896484375 295.84375 313.662506103515625 328.20001220703125 333.98126220703125 322.96875 310.75
296.64373779296875 287.54998779296875 280.42498779296875 273.45623779296875 267.0625 262.024993896484375 256.443756103515625 251.6374969482421875 252.3874969482421875 252.850006103515625 248.787506103515625 243.6437530517578125 235.2937469482421875 224.15625 207.975006103515625 203.743743896484375 196.274993896484375 191.368743896484375 189.537506103515625 189.162506103515625 190.9875030517578125 186.806243896484375 180.631256103515625 176.381256103515625 168.787506103515625 165.475006103515625 172.2375030517578125 180.100006103515625 190.493743896484375 195.899993896484375 201.5625 202.056243896484375 204.3937530517578125 207.1687469482421875 212.931243896484375 229.8000030517578125 248.875 269.21875 291.350006103515625 305.9375 308.59375 304.1875 307.037506103515625 311.962493896484375
286.5625 279.556243896484375 273.537506103515625 266.350006103515625 259.3125 254.837493896484375 251.9375 248.75 247.006256103515625 244.0124969482421875 238.725006103515625 231.149993896484375 219.993743896484375 207.9562530517578125 189.412506103515625 184.037506103515625 178.6125030517578125 176.743743896484375 175.1687469482421875 174.243743896484375 177.0500030517578125 176.1125030517578125 174.125 176.3312530517578125 175.850006103515625 175.3625030517578125 178.537506103515625 184.09375 190.412506103515625 193.4812469482421875 192.3625030517578125 191.506256103515625 196.131256103515625 195.4499969482421875 196.568756103515625 210.375 238.5 264.6875 284.42498779296875 294.4375 295.5 298.51873779296875 310.38751220703125 313.087493896484375
275.881256103515625 268.90625 264.743743896484375 259.0625 251.725006103515625 249.0500030517578125 246.8125 243.1374969482421875 239.193756103515625 236.181243896484375 229.306243896484375 219.3937530517578125 207.1999969482421875 195.84375 180.1374969482421875 164.524993896484375 162.006256103515625 164.131256103515625 161.34375 160.6125030517578125 164.3249969482421875 168.46875 171.6374969482421875 178.568756103515625 181.0500030517578125 181 182.90625 185.587493896484375 190.087493896484375 193.412506103515625 194.875 192.4375 187.7687530517578125 183.149993896484375 182.7624969482421875 207 228.5749969482421875 252.2687530517578125 274.39373779296875 290.67498779296875 297.83123779296875 300.162506103515625 305.3125 301.01873779296875
266.90625 260.875 255.15625 250.931243896484375 246.40625 241.931243896484375 238.2937469482421875 233.875 231.225006103515625 227.4812469482421875 221.443756103515625 211.9250030517578125 198.443756103515625 185.524993896484375 172.3874969482421875 159.506256103515625 146.5124969482421875 147.6750030517578125 148 148.28125 153.274993896484375 158.875 166.6062469482421875 178.712493896484375 186.34375 182.1125030517578125 181.868743896484375 184.6437530517578125 188.625 191.6062469482421875 193.993743896484375 194.8249969482421875 191.412506103515625 188.5437469482421875 198.2312469482421875 212.71875 234 257.23126220703125 284.08123779296875 293.23126220703125 298.125 296.45001220703125 292.537506103515625 291.875
255.693756103515625 251.756256103515625 247.34375 242.100006103515625 237.431243896484375 235.024993896484375 229.693756103515625 223.8125 219.8125 216.774993896484375 211.193756103515625 203.681243896484375 188.806243896484375 177.4499969482421875 165.1687469482421875 153.6999969482421875 141.600006103515625 132.25 137.256256103515625 136.625 141.912506103515625 149.5124969482421875 158.71875 171.9187469482421875 181.693756103515625 180.962493896484375 178.287506103515625 182.96875 187.8562469482421875 188.100006103515625 184.1999969482421875 181.6687469482421875 193.3937530517578125 199.899993896484375 205.96875 229.4812469482421875 250.8312530517578125 265.256256103515625 283.32501220703125 293.318756103515625 289.45623779296875 286.131256103515625 282.631256103515625 282.95001220703125
244.537506103515625 241.46875 236.587493896484375 233.3625030517578125 229.7375030517578125 225.2937469482421875 220.506256103515625 215.5187530517578125 211.5625 209.5437469482421875 202.899993896484375 190.125 177.4375 167.2687530517578125 156.0187530517578125 146.600006103515625 137.2750091552734375 126.40000152587890625 122.15625 122.50624847412109375 129.431243896484375 140.0500030517578125 142.625 157.0500030517578125 167.556243896484375 175.024993896484375 178.368743896484375 179.6062469482421875 184.59375 184.8562469482421875 183.662506103515625 186.78125 196.806243896484375 203.4562530517578125 212.506256103515625 232.181243896484375 246.443756103515625 257.34375 274.068756103515625 278.95001220703125 276.83123779296875 272.024993896484375 272.61248779296875 276.48748779296875
