data/historical-monthly-weather-data/wc2.1_cruts4.09_10m_prec_1963-02.asc
ncols        45
nrows        45
xllcorner    -63.500000000000
yllcorner    -7.500000000000
cellsize     0.166666666667
NODATA_value -9999
[rows 20 to 39 of 45, columns 0 to 44 of 45]
180.2624969482421875 182.6125030517578125 186.2937469482421875 190.493743896484375 196.7312469482421875 203.006256103515625 209.868743896484375 216.9187469482421875 224.5187530517578125 231.443756103515625 237.15625 242.71875 248.8312530517578125 253.8249969482421875 243.6125030517578125 226.8249969482421875 212.850006103515625 204 201 200.193756103515625 210 220.537506103515625 229.3874969482421875 235.8625030517578125 242.3874969482421875 249.537506103515625 257.037506103515625 264.53125 272.71875 278.29376220703125 277.375 269.9375 252.681243896484375 230.7312469482421875 211.118743896484375 229.024993896484375 261.29998779296875 289.29376220703125 311.787506103515625 327.399993896484375 335.993743896484375 339.493743896484375 343.15625 345.412506103515625 342.11248779296875
174.350006103515625 178.03125 182.5500030517578125 188.5124969482421875 194.65625 201.568756103515625 208.743743896484375 216.0812530517578125 223.5124969482421875 228.556243896484375 231.524993896484375 233.3249969482421875 235.212493896484375 235.693756103515625 231.068756103515625 221.34375 211.4250030517578125 204.5187530517578125 200.274993896484375 198.7624969482421875 204.6750030517578125 212.6062469482421875 221.568756103515625 227.6875 234.725006103515625 243.2062530517578125 252.2687530517578125 260.899993896484375 270.693756103515625 278.29998779296875 281.25 275.712493896484375 261.76251220703125 246.7062530517578125 237.537506103515625 250.693756103515625 275.306243896484375 297.35626220703125 314.368743896484375 326.39373779296875 334.625 338.368743896484375 340.818756103515625 341.65625 338.61248779296875
171.0500030517578125 176.1062469482421875 180.443756103515625 186.6125030517578125 192.774993896484375 200.5812530517578125 206.993743896484375 214.6875 222.4250030517578125 224.600006103515625 223.96875 221.837493896484375 219.693756103515625 219.556243896484375 219.068756103515625 214.5749969482421875 207.96875 202.875 198.2062530517578125 194.9499969482421875 199.2624969482421875 204.6437530517578125 210.96875 216.818756103515625 225.03125 235.024993896484375 244.875 255 266.84375 277.074981689453125 284.21875 285.73748779296875 275.006256103515625 266.23748779296875 266.73126220703125 280.787506103515625 297.79998779296875 311.79998779296875 322.21875 328.20001220703125 333.76251220703125 336.54998779296875 338.04998779296875 338.4375 335.625
170.1750030517578125 174.9875030517578125 179.3937530517578125 184.2937469482421875 190.3874969482421875 198.162506103515625 205.4499969482421875 212.0625 218.8249969482421875 219.3125 217.5812530517578125 214.2687530517578125 208.5124969482421875 210.399993896484375 212.0124969482421875 209.587493896484375 204.9562530517578125 201.131256103515625 196.3249969482421875 192.056243896484375 193.943756103515625 196.875 200.7687530517578125 206.40625 214.943756103515625 224.006256103515625 235.875 248.181243896484375 260.73748779296875 272.95001220703125 282.82501220703125 287.59375 282.82501220703125 280.212493896484375 285.92498779296875 302.375 315.631256103515625 321.337493896484375 326.23748779296875 329.587493896484375 333.84375 335.375 337.162506103515625 338.70623779296875 337.462493896484375
172.568756103515625 175.8874969482421875 179.431243896484375 184.162506103515625 190.4250030517578125 196.59375 203.1437530517578125 208.7687530517578125 212.962493896484375 214.212493896484375 213.2437591552734375 211.1374969482421875 209.162506103515625 209.806243896484375 209.1999969482421875 207.4812469482421875 204.40625 200.3937530517578125 195.212493896484375 190.0187530517578125 190.037506103515625 189.962493896484375 190.7624969482421875 195.162506103515625 202.9562530517578125 215.0500030517578125 227.0687408447265625 241 254.193756103515625 266.381256103515625 276.15625 282.21875 283.568756103515625 285.82501220703125 292.725006103515625 304.48748779296875 314.95001220703125 319.743743896484375 323.89373779296875 327.45001220703125 331.61248779296875 333.287506103515625 336.193756103515625 340.21875 337.76251220703125
179.368743896484375 181.5500030517578125 183.0812530517578125 186.5812530517578125 191.46875 196.850006103515625 201.5187530517578125 205.9499969482421875 209.2624969482421875 210.806243896484375 210.774993896484375 210.7937469482421875 211.46875 211.649993896484375 210.6062469482421875 208.1875 205.1687469482421875 200.7937469482421875 195.7624969482421875 189.806243896484375 187.3937530517578125 184.0749969482421875 181.4187469482421875 183.431243896484375 193.1687469482421875 206.399993896484375 221.0749969482421875 234.4375 248.1062469482421875 259.17498779296875 268.512481689453125 275.90625 280.11248779296875 284.806243896484375 291.625 300.774993896484375 309.131256103515625 314.67498779296875 317.899993896484375 322.26873779296875 327.100006103515625 329.79376220703125 332.818756103515625 337.774993896484375 338.256256103515625
187.8937530517578125 188.681243896484375 188.9875030517578125 191.743743896484375 194.6125030517578125 197.9375 201.7375030517578125 204.1875 207.1999969482421875 209.649993896484375 211.1062469482421875 212.568756103515625 214.725006103515625 216.25 214.7937469482421875 212.96875 209.7375030517578125 205.256256103515625 199.4875030517578125 192.6875 188.125 182.9562530517578125 177.15625 177.381256103515625 189.0187530517578125 202.5 216.78125 230.3000030517578125 242.9375 253.625 263.35626220703125 270.131256103515625 275.225006103515625 282.45623779296875 287.71875 295.875 303.243743896484375 307.712493896484375 312.04998779296875 316.274993896484375 320.73126220703125 323.350006103515625 326.53125 331.59375 336.65625
197.125 195.962493896484375 195.8125 196.8249969482421875 197.90625 199.287506103515625 202.125 204.787506103515625 207.4250030517578125 210.337493896484375 212.0187530517578125 214.631256103515625 217.6437530517578125 220.068756103515625 219.337493896484375 218.03125 214.943756103515625 211.243743896484375 204.9562530517578125 198.2062530517578125 192.7624969482421875 186.412506103515625 181.9499969482421875 183.0749969482421875 190.850006103515625 202.306243896484375 215.3312530517578125 228.1687469482421875 239.96875 250.3125 259.64373779296875 267.38751220703125 274.0625 278.975006103515625 283.59375 290.98748779296875 296.29376220703125 301.53125 305.48748779296875 309.0625 313.35626220703125 317.181243896484375 320.912506103515625 327.83123779296875 337.068756103515625
205.3000030517578125 203.40625 201.8125 201.568756103515625 201.71875 201.9499969482421875 203.631256103515625 205.2937469482421875 208.25 211.3937530517578125 213.568756103515625 216.8937530517578125 220.4375 224.568756103515625 224.7687530517578125 224.681243896484375 223.0187530517578125 218.5124969482421875 213.2375030517578125 205.96875 199.8937530517578125 192.7062530517578125 188.8937530517578125 190.556243896484375 195.6062469482421875 204.100006103515625 216.068756103515625 227.8625030517578125 239.8937530517578125 249.6125030517578125 257.5625 265.76251220703125 271.131256103515625 275.65625 280.524993896484375 285.993743896484375 291.693756103515625 296.65625 301.84375 304.14373779296875 305.57501220703125 308.837493896484375 315.95623779296875 327.15625 339.51873779296875
213 209.8000030517578125 207.568756103515625 206.125 206.0812530517578125 205.9250030517578125 206.3625030517578125 207.375 209.649993896484375 213.03125 215.899993896484375 220.556243896484375 225.25 230.4250030517578125 232.131256103515625 232.1125030517578125 232.0124969482421875 229.59375 224.787506103515625 217.024993896484375 209.5812530517578125 202.6750030517578125 198.4562530517578125 199.25 202.681243896484375 209.3312530517578125 219.6875 230.09375 240.881256103515625 249.1812591552734375 257.48126220703125 265.23126220703125 269.412506103515625 273.76873779296875 277.53125 283.068756103515625 287.4375 292.65625 295.737518310546875 297.48748779296875 302.07501220703125 307.212493896484375 313.53125 325.225006103515625 332.16876220703125
218.806243896484375 215.274993896484375 211.7062530517578125 210.0187530517578125 208.9562530517578125 208.8312530517578125 208.850006103515625 209.6374969482421875 211.868743896484375 214.850006103515625 219.287506103515625 225.28125 231.6125030517578125 236.587493896484375 238.7062530517578125 240.5999908447265625 241.9250030517578125 240.6125030517578125 237.1875 229.1687469482421875 220.568756103515625 212.3937530517578125 206.962493896484375 206.8937530517578125 209.2312469482421875 214.5812530517578125 223.537506103515625 233.193756103515625 242.8125 250.1374969482421875 257.54998779296875 264.868743896484375 269.70001220703125 273.899993896484375 277.618743896484375 281.024993896484375 285.243743896484375 290.63751220703125 292.625 293.03125 298.04998779296875 305.506256103515625 312.45001220703125 319.837493896484375 326.86248779296875
221.5500030517578125 218.1374969482421875 214.806243896484375 213.118743896484375 211.4187469482421875 210.6687469482421875 210.7937469482421875 210.631256103515625 212.787506103515625 216.756256103515625 221.46875 228.75 236.4375 243.1687469482421875 246.337493896484375 249.837493896484375 250.212493896484375 248.4562530517578125 244.9562530517578125 238.5500030517578125 229.975006103515625 221.850006103515625 215.0437469482421875 214.475006103515625 216.337493896484375 220.125 227.7437591552734375 236.475006103515625 245.3000030517578125 252.5749969482421875 259.3125 265.5 270.04376220703125 273.66876220703125 277.34375 280.475006103515625 284.41876220703125 288.32501220703125 289.15625 292.11248779296875 299.13751220703125 306.162506103515625 312.29376220703125 319.756256103515625 328.45001220703125
222.5124969482421875 219.774993896484375 217.2624969482421875 215.3562469482421875 213.1750030517578125 212.3562469482421875 211.693756103515625 211.806243896484375 214.5749969482421875 219.100006103515625 225.587493896484375 233.837493896484375 243.75 252.4250030517578125 256.475006103515625 258.96875 259.350006103515625 257.95623779296875 253.318756103515625 247.537506103515625 240.375 232.399993896484375 225.850006103515625 224.443756103515625 225.662506103515625 228.537506103515625 234.90625 243.15625 250.9812469482421875 256.4375 262.32501220703125 266.975006103515625 270.25 274.04376220703125 277.82501220703125 281.40625 284.54998779296875 286.4375 286.78125 292.29376220703125 298.443756103515625 304.462493896484375 311.07501220703125 319.33123779296875 333.34375
223.743743896484375 220.837493896484375 218.5124969482421875 217.118743896484375 214.8937530517578125 213.3874969482421875 212.649993896484375 212.9375 214.6687469482421875 219.5124969482421875 227.087493896484375 238.3249969482421875 251.2062530517578125 261.318756103515625 266.04376220703125 268.6875 269.100006103515625 266.89373779296875 262.181243896484375 256.631256103515625 249.5187530517578125 241.8000030517578125 236.006256103515625 233.962493896484375 234.59375 236.6125030517578125 242.21875 249.1062469482421875 256.368743896484375 261.16876220703125 265.71875 269.256256103515625 272.743743896484375 275.66876220703125 277.90625 281.368743896484375 283.71875 285.23126220703125 286.068756103515625 290.23126220703125 294.39373779296875 299.9375 308.07501220703125 316.6875 330.931243896484375
224.7687530517578125 222.6374969482421875 220.5625 218.25 216.5437469482421875 214.96875 213.181243896484375 212.6125030517578125 213.5124969482421875 217.96875 227.59375 242.9562530517578125 259.42498779296875 271.6875 276.17498779296875 278.54998779296875 278.149993896484375 275.04998779296875 271.01251220703125 264.949981689453125 258.912506103515625 251.006256103515625 244.9875030517578125 242.0187530517578125 242.462493896484375 243.381256103515625 248.8000030517578125 255.462493896484375 261.95001220703125 265.931243896484375 268.58123779296875 272.17498779296875 274.837493896484375 277.506256103515625 279.04376220703125 280.79998779296875 281.806243896484375 285 285.79376220703125 286.58123779296875 289.23126220703125 292.63751220703125 299.056243896484375 306.58123779296875 317.73126220703125
226.9187469482421875 225.274993896484375 223.0124969482421875 220.162506103515625 217.806243896484375 216.65625 214.5500030517578125 212.9375 212.756256103515625 216.75 228.21875 246.3125 265.60626220703125 279.65625 284.63751220703125 287.10626220703125 287.58123779296875 284.11248779296875 278.412506103515625 273.181243896484375 266.84375 260.08123779296875 253.4875030517578125 251.225006103515625 250.712493896484375 251.6125030517578125 256.66876220703125 263.993743896484375 269.9375 272.13751220703125 274.0625 276.318756103515625 278.70623779296875 280.76251220703125 280.46875 280.100006103515625 282.162506103515625 282.568756103515625 281.725006103515625 282.725006103515625 285.193756103515625 286.63751220703125 289.98126220703125 296.225006103515625 303.16876220703125
230.2687530517578125 228.6687469482421875 225.693756103515625 224.037506103515625 221.3249969482421875 219.8625030517578125 217.618743896484375 215.212493896484375 213.256256103515625 212.381256103515625 228.4250030517578125 253.399993896484375 272.35626220703125 284.931243896484375 291.5 294.45623779296875 295.45623779296875 291.76873779296875 286.96875 280.76251220703125 273.931243896484375 266.756256103515625 260.556243896484375 258.443756103515625 257.82501220703125 259.25 264.20623779296875 270.881256103515625 277.23748779296875 278.23126220703125 278.78125 279.59375 281.91876220703125 283.1875 282.706268310546875 282.45001220703125 281.256256103515625 279.9375 278.225006103515625 277.35626220703125 277.35626220703125 278.14373779296875 280.25 284.162506103515625 288.46875
233.506256103515625 232.1437530517578125 229.556243896484375 227.5749969482421875 225.65625 224.256256103515625 222.71875 221.0625 220.9250030517578125 218.837493896484375 244.318756103515625 270.82501220703125 284.01873779296875 292.48126220703125 298.625 301.76873779296875 301.568756103515625 298.149993896484375 292.26251220703125 285.256256103515625 278.662506103515625 271.16876220703125 265.743743896484375 263.79998779296875 263.881256103515625 265.6875 270.318756103515625 277.212493896484375 283.475006103515625 284.5 282.931243896484375 282.881256103515625 284.42498779296875 285.631256103515625 284.20001220703125 283.01251220703125 280.431243896484375 277.881256103515625 275.037506103515625 272.337493896484375 270.068756103515625 269.868743896484375 269.76251220703125 271.162506103515625 273.91876220703125
236.7750091552734375 234.774993896484375 232.2375030517578125 231.5500030517578125 229.84375 229.725006103515625 230.6687469482421875 232.53125 238.2375030517578125 253.5749969482421875 283.09375 292.64373779296875 297.48126220703125 302.76873779296875 307.23748779296875 308.068756103515625 307.399993896484375 302.568756103515625 295.29376220703125 287.837493896484375 279.943756103515625 272.443756103515625 268.1875 266.068756103515625 266.431243896484375 269.48126220703125 274.118743896484375 280.743743896484375 287.274993896484375 288.537506103515625 288.899993896484375 288.662506103515625 289.29376220703125 289.98748779296875 290.475006103515625 288.1875 284.04998779296875 281.26251220703125 277.04998779296875 271.875 269.006256103515625 267.625 267.3125 268.006256103515625 270.399993896484375
240.1750030517578125 237.9875030517578125 236.125 235.0625 234.2687530517578125 235.8874969482421875 238.2312469482421875 243.9875030517578125 253.8312530517578125 270.76873779296875 290.04998779296875 301.26873779296875 308.26873779296875 312.90625 315.475006103515625 315.83123779296875 313.931243896484375 307.73126220703125 298.875 290.85626220703125 280.399993896484375 272.39373779296875 267.506256103515625 265.92498779296875 268.29998779296875 271.76873779296875 276.92498779296875 283.58123779296875 290.443756103515625 292.39373779296875 292.86248779296875 295.181243896484375 297.693756103515625 297.587493896484375 296.04998779296875 293.149993896484375 287.893768310546875 283.081268310546875 278.53125 271.98126220703125 267.787506103515625 266.39373779296875 265.462493896484375 264.756256103515625 267.631256103515625
