data/historical-monthly-weather-data/wc2.1_cruts4.09_10m_prec_1970-07.asc
ncols        51
nrows        45
xllcorner    -63.500000000000
yllcorner    -7.500000000000
cellsize     0.166666666667
NODATA_value -9999
[rows 19 to 37 of 45, columns 0 to 43 of 51]
98.51874542236328125 99.65000152587890625 99.0500030517578125 98.4250030517578125 97.1437530517578125 98.7062530517578125 95.43125152587890625 94.2937469482421875 93.4250030517578125 89.90000152587890625 87.0749969482421875 86.2375030517578125 82.74375152587890625 79.22499847412109375 73.38124847412109375 66.7624969482421875 62.69374847412109375 67.6062469482421875 63.706249237060546875 62.081249237060546875 59.206249237060546875 63.75 71.1687469482421875 74.8625030517578125 75.125 71.28125 69.375 70.43125152587890625 68.78749847412109375 66.86875152587890625 69.2687530517578125 75.99375152587890625 76.6437530517578125 76.58750152587890625 77.4875030517578125 80.7687530517578125 81.58750152587890625 80.58750152587890625 79.28125 74.76250457763671875 67.2312469482421875 61.450000762939453125 59.4375 56.325000762939453125
88.6750030517578125 94.99375152587890625 98.3937530517578125 95.88124847412109375 93.08750152587890625 94.4375 92.81874847412109375 92.15625 90.44374847412109375 88.125 84.47499847412109375 83.66249847412109375 81.5812530517578125 77.5 71.96250152587890625 66.74375152587890625 63.78125 63.63124847412109375 64.93125152587890625 61.143749237060546875 64.49375152587890625 68.5437469482421875 73.5812530517578125 77.7937469482421875 77.36875152587890625 72.30625152587890625 66.3249969482421875 66.5124969482421875 67.4812469482421875 67.5124969482421875 71.47499847412109375 75.3874969482421875 72.8312530517578125 73.2375030517578125 74.15625 76.0625 76.98125457763671875 74.52500152587890625 71.5124969482421875 67.1374969482421875 62.174999237060546875 59.00624847412109375 55.77500152587890625 53.21250152587890625
85.625 86.43125152587890625 91.03749847412109375 91.97499847412109375 91.4250030517578125 89.13124847412109375 88.1750030517578125 87.59375 87.0500030517578125 85.09999847412109375 83.3000030517578125 80.1437530517578125 77.3125 76.99375152587890625 74.66249847412109375 69.6062469482421875 68.625 66.9250030517578125 66.69374847412109375 65.54375457763671875 65.1062469482421875 68.3562469482421875 72.96875 72.94374847412109375 70.4250030517578125 66.96250152587890625 67.22499847412109375 64.71875 67.65000152587890625 70.40625 71.5124969482421875 72.1125030517578125 70.11875152587890625 69.0812530517578125 67.8625030517578125 70.31874847412109375 70.96875 69.11875152587890625 66.58750152587890625 63.1875 59.25 56.66249847412109375 54.08750152587890625 51.40625
82.4562530517578125 87.15625 89.75 89.46250152587890625 88.28125 87.25624847412109375 82.09375 81.45000457763671875 82.24375152587890625 84.05625152587890625 83.5124969482421875 80.6125030517578125 79.8625030517578125 78.33750152587890625 77.58750152587890625 75.3937530517578125 71.3562469482421875 68 66.63124847412109375 67.00624847412109375 69.97499847412109375 70.375 71.81874847412109375 70.9499969482421875 70.46250152587890625 65.8874969482421875 63.450000762939453125 63.86875152587890625 64.30625152587890625 65.3937530517578125 66.5187530517578125 68.16249847412109375 65.6875 62.84375 62.487499237060546875 62.356250762939453125 63.8125 61.65000152587890625 61.09375 59.487499237060546875 56.63124847412109375 53.206249237060546875 51.012500762939453125 48.43125152587890625
76.8937530517578125 83.6437530517578125 88.50624847412109375 87.6125030517578125 86.25624847412109375 83.5625 82.90625 80.7375030517578125 79.15625 78.15625 78.63124847412109375 81.28125 80.78125 80.7312469482421875 77.78125 75.53125 71.05625152587890625 70.25 68.4375 69.99375152587890625 70.16249847412109375 72.63124847412109375 73.24375152587890625 74.0437469482421875 72.1750030517578125 66.6687469482421875 65.4562530517578125 61.956249237060546875 60.893749237060546875 61.375 62.55625152587890625 63.33750152587890625 59.74375152587890625 56.03125 56.84999847412109375 55.28125 56.84999847412109375 56.77500152587890625 56.375 54.81874847412109375 53.018749237060546875 50.331249237060546875 48.81874847412109375 46.25
73.77500152587890625 81.2624969482421875 87.22499847412109375 87.2937469482421875 86.44374847412109375 82.44374847412109375 81.03125 79.15625 77.68125152587890625 78.4375 79 77.41249847412109375 80.1999969482421875 79.6999969482421875 76.4562530517578125 72.61875152587890625 70.2687530517578125 70.3312530517578125 70 70.3874969482421875 71.74375152587890625 73.00624847412109375 76.53749847412109375 74.9187469482421875 70.3937530517578125 68.22499847412109375 63.125 59.512500762939453125 57 57.16249847412109375 55.674999237060546875 54.69374847412109375 53.34375 50.59999847412109375 49.143749237060546875 49.356250762939453125 51.05625152587890625 50.49375152587890625 50.956249237060546875 50.52500152587890625 48.606250762939453125 47.418750762939453125 46.543750762939453125 44.1875
74.875 81.9812469482421875 83.50624847412109375 84.875 83.8562469482421875 80.93125152587890625 79.1687469482421875 76.99375152587890625 74.7687530517578125 72.5812530517578125 76.5 76.88124847412109375 75.9875030517578125 76.36875152587890625 74.3625030517578125 71.875 69.15625 69.25 69.8125 69.5437469482421875 72.81874847412109375 74.5625 77.4812469482421875 75.6437530517578125 70.25 65.40625 61.450000762939453125 56.706249237060546875 52.668750762939453125 50.93125152587890625 49.27500152587890625 47.46875 45.268749237060546875 43.84375 43.981250762939453125 44.44374847412109375 45.53125 45.97499847412109375 46.375 46.24375152587890625 46.043750762939453125 44.30625152587890625 43.3125 41.21875
72.02500152587890625 75.84999847412109375 79.3312530517578125 81.13124847412109375 80.09375 78.3937530517578125 77.2937469482421875 74.80625152587890625 71.375 73.26250457763671875 75.6875 76.0812530517578125 75.8125 74.40625 71.8874969482421875 71.30625152587890625 68.9499969482421875 67.69374847412109375 68.8000030517578125 69.71250152587890625 70.6999969482421875 72.74375152587890625 76.33750152587890625 76.15625 69.16249847412109375 61.94374847412109375 57.674999237060546875 53.700000762939453125 49.950000762939453125 46.24375152587890625 44.956249237060546875 41.53749847412109375 38.97499847412109375 39.58750152587890625 38.96875 40.0625 39.75624847412109375 40.11875152587890625 41.03749847412109375 41.69374847412109375 42.543750762939453125 41.75 40.52500152587890625 38.512500762939453125
69.46875 70.33750152587890625 73.27500152587890625 76.4187469482421875 75.9187469482421875 74.94374847412109375 74.0749969482421875 71.78125 70.63124847412109375 71.55625152587890625 72.61875152587890625 72.08750152587890625 72.3000030517578125 71.7062530517578125 69.09375 67.70000457763671875 66.3874969482421875 66.0124969482421875 65.11875152587890625 66.72499847412109375 69.53749847412109375 70.53749847412109375 70.8249969482421875 70.2375030517578125 65.53125 59.13124847412109375 54.77500152587890625 50.83750152587890625 47.13124847412109375 44.56874847412109375 42.268749237060546875 39.93125152587890625 37.28125 35.612499237060546875 34.96250152587890625 35.518749237060546875 35.03749847412109375 35.43125152587890625 36.6875 38.375 39.181247711181640625 40.02500152587890625 38.25 37.018749237060546875
65.99375152587890625 66.7312469482421875 70.125 69.79375457763671875 70.71875 68.99375152587890625 67.91249847412109375 67.77500152587890625 66.96875 68.53125 69.0749969482421875 68.75 69.36875152587890625 69.8125 67.69374847412109375 66.0500030517578125 65.6125030517578125 63.40000152587890625 63.412502288818359375 64.63124847412109375 66.09375 66.7624969482421875 67.56874847412109375 65.25 61.15625 55.90000152587890625 51.8125 48.075000762939453125 45.80625152587890625 43.30625152587890625 40.44374847412109375 38.28125 35.16249847412109375 32.75 31.587499618530273438 31.71875 31.268749237060546875 31.387500762939453125 32.46250152587890625 33.15625 34.856250762939453125 34.84999847412109375 34.47499847412109375 33.674999237060546875
61.581249237060546875 63.950000762939453125 65.84375 65.6750030517578125 64.96250152587890625 64.34999847412109375 63.02500152587890625 64.2937469482421875 64.93125152587890625 65.30625152587890625 65.96875 67.21875 67.7687530517578125 67.11875152587890625 65.46875 64.09375 62.59375 61.86875152587890625 60.81874847412109375 60.97499847412109375 62.80625152587890625 63.0625 63.731250762939453125 60.331249237060546875 56.97499847412109375 52.86875152587890625 48.875 45.81874847412109375 43.731250762939453125 40.96875 38.50624847412109375 35.956249237060546875 32.71875 30.368749618530273438 28.506250381469726562 27.975000381469726562 28.131250381469726562 27.356250762939453125 27.268749237060546875 27.84375 29.293750762939453125 29.65625 29.40625 28.46875
58.481250762939453125 60.168750762939453125 59.34375 61.125 61.606250762939453125 61.71250152587890625 60.59999847412109375 60.700000762939453125 61.55625152587890625 62.450000762939453125 63.737499237060546875 64.28749847412109375 66.49375152587890625 64.55625152587890625 62.518749237060546875 61.862499237060546875 62.112499237060546875 59.31874847412109375 56.99375152587890625 58.34375 60.1875 60.30625152587890625 59.950000762939453125 55.831249237060546875 52.112499237060546875 50.09999847412109375 46.637500762939453125 43.06874847412109375 40.206249237060546875 38.25 36.018749237060546875 34.043750762939453125 31.112499237060546875 28.725000381469726562 26.487499237060546875 25.112499237060546875 24.450000762939453125 24.068750381469726562 23.206249237060546875 22.575000762939453125 23.174999237060546875 24.15625 24.125 23.243749618530273438
55.393749237060546875 54.518749237060546875 53.75624847412109375 54.3125 55.86875152587890625 56.924999237060546875 57.53125 57.4375 58.86875152587890625 58.97499847412109375 60.606250762939453125 62.65625 63.237499237060546875 63.96250152587890625 62.4375 61.30625152587890625 60.393749237060546875 57.61875152587890625 54.668750762939453125 55.924999237060546875 56.09375 56.46875 55.393749237060546875 51.63124847412109375 49.331249237060546875 46.3125 43.47499847412109375 41.137500762939453125 37.6875 35.825000762939453125 34.28125 32.168750762939453125 29.043750762939453125 26.568750381469726562 24.487499237060546875 22.65625 21.818750381469726562 20.03125 19.193750381469726562 19.037500381469726562 19.181249618530273438 19.381250381469726562 19.293750762939453125 19.350000381469726562
52.00624847412109375 50.56874847412109375 49.06874847412109375 49.137500762939453125 50.543750762939453125 51.52500152587890625 52.8125 53.487499237060546875 53.61875152587890625 55.924999237060546875 58.831249237060546875 59.40000152587890625 60.91249847412109375 62.825000762939453125 62.012500762939453125 59.700000762939453125 57.41249847412109375 56.75 55.03125 55.356250762939453125 54.643749237060546875 53.46875 51.50624847412109375 48.93125152587890625 47.34999847412109375 44.331249237060546875 42.325000762939453125 39.356250762939453125 36.97499847412109375 34.393749237060546875 32.424999237060546875 30.006250381469726562 26.581249237060546875 24.243749618530273438 22.493749618530273438 21.100000381469726562 19.100000381469726562 17.268749237060546875 16.475000381469726562 16.506250381469726562 16.331249237060546875 16.443750381469726562 15.743749618530273438 15.818750381469726562
48.737499237060546875 47.387500762939453125 46.75 46.706249237060546875 46.71875 46.299999237060546875 47.28125 47.09375 49.4375 50.75624847412109375 53.84999847412109375 56.393749237060546875 59.02500152587890625 60.075000762939453125 59.41249847412109375 56.94374847412109375 55.731250762939453125 54.606250762939453125 53.03749847412109375 52.71875 52.543750762939453125 50.18125152587890625 49.331249237060546875 47.262500762939453125 44.63124847412109375 41.793750762939453125 39.887500762939453125 38.03125 35.71250152587890625 33.21250152587890625 30.931249618530273438 28.143749237060546875 24.8125 22.706249237060546875 20.725000381469726562 18.868749618530273438 16.574998855590820312 14.943750381469726562 14.443750381469726562 14.024999618530273438 13.731249809265136719 13.818750381469726562 13.643750190734863281 13.262499809265136719
46.174999237060546875 43.59375 44.03125 43.58750152587890625 43.94374847412109375 43.55625152587890625 43.237499237060546875 43.03749847412109375 43.56874847412109375 45.28749847412109375 49 53.27500152587890625 58.18125152587890625 60.36875152587890625 58.15000152587890625 56 54.325000762939453125 52.65000152587890625 51.91249847412109375 50.456249237060546875 49.993747711181640625 49.08750152587890625 47.4375 45.28125 42.72499847412109375 39.893749237060546875 38.206249237060546875 36.47499847412109375 34.19374847412109375 30.231250762939453125 27.96875 26.174999237060546875 23.399999618530273438 21.081249237060546875 18.600000381469726562 16.731250762939453125 14.918749809265136719 13.5625 12.6875 11.893750190734863281 11.293749809265136719 10.975000381469726562 11.15625 10.881250381469726562
43.237499237060546875 41.706249237060546875 42.49375152587890625 41.25 41.19374847412109375 40.424999237060546875 40.174999237060546875 39.737499237060546875 39.90000152587890625 40.65000152587890625 43.90000152587890625 49.112499237060546875 55.53749847412109375 56.49375152587890625 56.00624847412109375 54.424999237060546875 53.268749237060546875 51.106250762939453125 49.21250152587890625 48.09999847412109375 45.63124847412109375 45.893749237060546875 43.875 41.737499237060546875 38.981250762939453125 37.96875 36.52500152587890625 35.00624847412109375 32.856250762939453125 29.131250381469726562 26.674999237060546875 25 22.193750381469726562 19.993749618530273438 17.662500381469726562 15.625 14.068750381469726562 12.675000190734863281 12.09375 11.268750190734863281 10.331250190734863281 10.037500381469726562 9.6187496185302734375 9.3687496185302734375
39.99375152587890625 39.63124847412109375 39.862499237060546875 38.50624847412109375 38.34375 38.34375 37.862499237060546875 37.200000762939453125 36.58750152587890625 35.71875 39.206249237060546875 45.13124847412109375 50.356250762939453125 51.9375 52.668750762939453125 52.03749847412109375 50.737499237060546875 48.143749237060546875 46.174999237060546875 45.19374847412109375 42.674999237060546875 41.325000762939453125 39.86875152587890625 38.78749847412109375 36.518749237060546875 35.40000152587890625 34.293750762939453125 32.75 30.90625 28.268749237060546875 25.549999237060546875 23.200000762939453125 20.518749237060546875 18.487499237060546875 16.368749618530273438 14.331250190734863281 12.90625 12.056249618530273438 11.581250190734863281 10.612500190734863281 9.5562496185302734375 9.15625 8.6437501907348632812 8.4937496185302734375
36.262500762939453125 36.700000762939453125 36.043750762939453125 36.112499237060546875 36 35.86875152587890625 35.53749847412109375 34.83750152587890625 34.34999847412109375 32.90625 38.53749847412109375 43.75 46.71250152587890625 48.543750762939453125 49.862499237060546875 49.674999237060546875 47.262500762939453125 46.237499237060546875 43.65000152587890625 42.362499237060546875 40.625 38.799999237060546875 36.674999237060546875 35.924999237060546875 34.706249237060546875 33.61875152587890625 32.356250762939453125 31.0625 29.53125 26.600000381469726562 23.043750762939453125 21.181249618530273438 18.825000762939453125 17.112499237060546875 14.824999809265136719 12.943750381469726562 12.21875 11.362500190734863281 10.862500190734863281 10.037500381469726562 9.0625 8.8312501907348632812 8.1999998092651367188 7.3499999046325683594
