data/historical-monthly-weather-data/wc2.1_cruts4.09_10m_prec_1965-12.asc
ncols        51
nrows        45
xllcorner    -63.500000000000
yllcorner    -7.500000000000
cellsize     0.166666666667
NODATA_value -9999
[rows 20 to 39 of 45, columns 0 to 43 of 51]
264.61248779296875 268.618743896484375 268.412506103515625 268.756256103515625 270.024993896484375 271.287506103515625 271.556243896484375 271.131256103515625 270.75 268.243743896484375 263.66876220703125 259.84375 255.46875 248.975006103515625 239.3937530517578125 228.2687530517578125 217.375 207.0187530517578125 199.25 191.181243896484375 180.943756103515625 170.2312469482421875 160.7624969482421875 157.71875 156.59375 154.962493896484375 152.6875 146.975006103515625 139.2624969482421875 132.868743896484375 128.5749969482421875 127.7624969482421875 125.11875152587890625 123.11875152587890625 121.3562469482421875 119.2312469482421875 118.1999969482421875 117.08750152587890625 113.5124969482421875 107.1437530517578125 98.93125152587890625 91.4375 85.4250030517578125 80.3249969482421875
252.274993896484375 255.712493896484375 256.83123779296875 259.318756103515625 261.618743896484375 263.34375 264.95001220703125 265.83123779296875 265.681243896484375 263.4375 258.40625 253.6062469482421875 248.350006103515625 241.1437530517578125 232.5437469482421875 222.7624969482421875 213.193756103515625 204.2062530517578125 196.4499969482421875 188.806243896484375 178.756256103515625 170.181243896484375 163.600006103515625 161.087493896484375 160.537506103515625 161.2562408447265625 162.1875 157.568756103515625 150.756256103515625 146.1875 143.056243896484375 141.65625 137.337493896484375 134.306243896484375 131.2062530517578125 128.131256103515625 126.6687469482421875 125.4375 120.58750152587890625 112.5187530517578125 103.8125 96.34375 89.96875 84.5812530517578125
240.537506103515625 245.881256103515625 246.46875 248.75 252.024993896484375 255.6125030517578125 257.6875 259.975006103515625 261.64373779296875 258.76873779296875 253.3000030517578125 246.8874969482421875 241.5749969482421875 234.631256103515625 226.4187469482421875 217.462493896484375 208.506256103515625 200.1125030517578125 193.024993896484375 185.4375 176.8625030517578125 169.5625 163.8874969482421875 162.1125030517578125 162.725006103515625 165.681243896484375 169.568756103515625 166.537506103515625 160.7937469482421875 158.1750030517578125 156.7624969482421875 155.7375030517578125 150.7937469482421875 145.75 141.118743896484375 135.84375 134.2624969482421875 134.875 129.0812530517578125 119.1750030517578125 109.2687530517578125 101.30625152587890625 94.6062469482421875 88.86875152587890625
227.9375 232.46875 233.09375 236.1750030517578125 240.9250030517578125 245.8937530517578125 250.287506103515625 253.375 255.087493896484375 252.100006103515625 247.2249908447265625 242.0749969482421875 237.2624969482421875 231.462493896484375 223.6437530517578125 215.243743896484375 207.1875 199.8312530517578125 193.037506103515625 185.818756103515625 176.875 169.568756103515625 163.5 162.3312530517578125 163.15625 166.131256103515625 170.3249969482421875 170.806243896484375 169.25 168.850006103515625 169.568756103515625 168.931243896484375 164.3249969482421875 158.568756103515625 153.125 145.5187530517578125 142.587493896484375 142.375 135.8249969482421875 125.1062469482421875 114.09999847412109375 105.63124847412109375 98.0812530517578125 91.71875
217.8937530517578125 220.912506103515625 220.9875030517578125 226.5749969482421875 233.5500030517578125 238.59375 243.1062469482421875 245.8000030517578125 246.662506103515625 245.1999969482421875 241.7062530517578125 237.1374969482421875 232.850006103515625 227.8125 221.125 213.7062530517578125 206.34375 200 193.662506103515625 186.787506103515625 177.5625 169.225006103515625 162.8625030517578125 161.1999969482421875 162.6062469482421875 166.556243896484375 171.475006103515625 174.5124969482421875 175.9499969482421875 178.556243896484375 181.46875 182.256256103515625 178.21875 172.4375 165.931243896484375 158.274993896484375 153.756256103515625 149.337493896484375 141.431243896484375 130.8562469482421875 119.2687530517578125 110.09999847412109375 101.5500030517578125 95.11875152587890625
212.443756103515625 217.506256103515625 218.024993896484375 222.9250030517578125 227.6374969482421875 232.256256103515625 235.9000091552734375 238.287506103515625 239.0812530517578125 237.7687530517578125 234.975006103515625 231.9812469482421875 228.4499969482421875 224.3125 218.975006103515625 212.631256103515625 205.756256103515625 200.2624969482421875 194.6062469482421875 188.0625 179.65625 170.037506103515625 161.9499969482421875 158.8937530517578125 162.1750030517578125 167.725006103515625 174.40625 179.3000030517578125 183.006256103515625 187.7312469482421875 192.3625030517578125 196.024993896484375 193.0500030517578125 186.681243896484375 180.0812530517578125 171.46875 164.9562530517578125 158.399993896484375 149.162506103515625 138.2062530517578125 125.99375152587890625 115.0437469482421875 105 97.3625030517578125
209.649993896484375 215.1875 218.6374969482421875 223.5749969482421875 227.725006103515625 231.09375 232.787506103515625 233.850006103515625 233.5749969482421875 233.1374969482421875 232.225006103515625 230.3062591552734375 227.4875030517578125 224.6875 220.225006103515625 215.087493896484375 209.2375030517578125 204.1062469482421875 198.6999969482421875 191.7624969482421875 183.256256103515625 173.53125 164.537506103515625 160.0749969482421875 165 171.318756103515625 178.8312530517578125 184.90625 190.5749969482421875 196.3249969482421875 202.662506103515625 207.9187469482421875 206.46875 199.9812469482421875 193.125 184.75 176.943756103515625 169.443756103515625 159.506256103515625 148.443756103515625 135.868743896484375 122.72499847412109375 109.9562530517578125 100.875
207.556243896484375 213.6437530517578125 219.256256103515625 224.912506103515625 228.850006103515625 231 231.3874969482421875 230.5187530517578125 229.631256103515625 228.9375 228.1062469482421875 227.399993896484375 226.881256103515625 225.6062469482421875 222.1875 217.6125030517578125 213.0812530517578125 208.118743896484375 203.21875 196.75 189.03125 180.5749969482421875 173.9562530517578125 171.006256103515625 173.59375 178.7249908447265625 185.4499969482421875 191.5124969482421875 197.5625 203.90625 210.4187469482421875 215.6062469482421875 214.381256103515625 209.875 204.181243896484375 196.2937469482421875 188.8249969482421875 181.46875 171.6750030517578125 160.975006103515625 148.5437469482421875 133.46875 116.15625 105.4499969482421875
204.8312530517578125 211.712493896484375 219.431243896484375 227.125 231.006256103515625 230.8000030517578125 229.256256103515625 227.368743896484375 226.0187530517578125 224.75 224.7312469482421875 225.618743896484375 226.3000030517578125 226.693756103515625 223.96875 221.2375030517578125 217.75 213.5437469482421875 208.962493896484375 203.1374969482421875 196.5 189.743743896484375 185.125 182.524993896484375 184.09375 187.931243896484375 193.75 199.587493896484375 205.681243896484375 211.4499969482421875 217.3625030517578125 221.881256103515625 221.087493896484375 217.662506103515625 213.6750030517578125 207.149993896484375 200.912506103515625 193.962493896484375 183.943756103515625 173.931243896484375 162.931243896484375 145.6687469482421875 126.97499847412109375 117.1062469482421875
209.1750030517578125 215.9875030517578125 225 234.149993896484375 238.9375 234.9250030517578125 230.5437469482421875 227.4875030517578125 225.162506103515625 223.3249969482421875 223.3562469482421875 224.40625 226.78125 228.71875 227.3312530517578125 225.149993896484375 223 220.7375030517578125 216.774993896484375 211.100006103515625 204.8937530517578125 199.28125 194.899993896484375 193.149993896484375 194.431243896484375 197.725006103515625 201.8125 207.493743896484375 212.899993896484375 218.212493896484375 223.475006103515625 227.53125 228.0124969482421875 226.03125 223.59375 218.274993896484375 213.4187469482421875 207.600006103515625 198.5749969482421875 188.899993896484375 177.6437530517578125 163.7687530517578125 148.15625 138.868743896484375
212.943756103515625 219.3249969482421875 227.462493896484375 236.5 240.3000030517578125 234.6125030517578125 229.4437408447265625 225.2687530517578125 222.368743896484375 221.4499969482421875 221.743743896484375 223.71875 227.1750030517578125 229.899993896484375 229.475006103515625 228.8874969482421875 228.8000030517578125 226.6750030517578125 224.318756103515625 219.1999969482421875 213.3249969482421875 208.2687530517578125 204.774993896484375 203.3312530517578125 204.162506103515625 206.78125 210.431243896484375 215.381256103515625 220.1999969482421875 225.3312530517578125 229.8937530517578125 233.506256103515625 234.462493896484375 234.225006103515625 233.024993896484375 229.537506103515625 226.462493896484375 222.131256103515625 213.649993896484375 203.71875 194.09375 183.4375 171.631256103515625 161.28125
215.75 220.2062530517578125 226.1999969482421875 230.90625 231.818756103515625 228.681243896484375 224.693756103515625 220.399993896484375 218.350006103515625 217.537506103515625 218.6687469482421875 222.15625 226.8937530517578125 230.6750030517578125 232.2624969482421875 233.118743896484375 232.712493896484375 230.8249969482421875 228.65625 224.556243896484375 220.1875 216.0812530517578125 212.8187408447265625 211.75 213.649993896484375 215.8312530517578125 218.600006103515625 223.09375 227.725006103515625 232.556243896484375 236.59375 239.962493896484375 240.6999969482421875 241.59375 242.1875 241.1687469482421875 239 235.818756103515625 228.631256103515625 220.3562469482421875 214.0124969482421875 207.25 199.662506103515625 192.537506103515625
220.243743896484375 221.975006103515625 224.4875030517578125 226.9875030517578125 226.756256103515625 223.7937469482421875 219.3937530517578125 214.962493896484375 212.9499969482421875 213 216.7062530517578125 221.2624969482421875 227.600006103515625 233.8562469482421875 236.193756103515625 237.2937469482421875 236.9499969482421875 235.9562530517578125 232.5437469482421875 229.024993896484375 225.4375 222.3312530517578125 219.506256103515625 218.568756103515625 220.3937530517578125 223.1437530517578125 225.8937530517578125 229.21875 234.09375 238.5749969482421875 243.09375 246.8125 248.6750030517578125 250.600006103515625 252.5187530517578125 252.725006103515625 252.2062530517578125 250.931243896484375 246.1750030517578125 243.28125 240.0500030517578125 237.5812530517578125 236.287506103515625 237.6062469482421875
224.1374969482421875 223.524993896484375 224.1437530517578125 223.931243896484375 221.462493896484375 218.0250091552734375 213.84375 209.306243896484375 207.149993896484375 207.5124969482421875 211.587493896484375 219.71875 228.556243896484375 235.524993896484375 239.337493896484375 240.993743896484375 241.743743896484375 240.7375030517578125 236.868743896484375 233.443756103515625 230.3312530517578125 227.287506103515625 224.4499969482421875 224.100006103515625 225.693756103515625 228.399993896484375 231.806243896484375 235.600006103515625 240.7624969482421875 244.7687530517578125 249.2312469482421875 253.7687530517578125 256.693756103515625 259.86248779296875 262.537506103515625 263.868743896484375 265.431243896484375 265.01873779296875 265 266.262481689453125 267.381256103515625 269.412506103515625 273.818756103515625 282.46875
227.337493896484375 225.3625030517578125 224.0500030517578125 221.4375 217.8625030517578125 213.4499969482421875 208.399993896484375 203.3937530517578125 200.131256103515625 200.850006103515625 206.8249969482421875 217.53125 229.931243896484375 239.837493896484375 244.4375 246.631256103515625 247.225006103515625 245.5 242.1125030517578125 237.5124969482421875 235.1750030517578125 231.600006103515625 229.6374969482421875 229.15625 230.3125 233.1687469482421875 236.7062530517578125 241.1374969482421875 246.306243896484375 250.53125 255.337493896484375 260.1875 264.412506103515625 269.03125 272.73748779296875 274.606231689453125 276.73748779296875 279.787506103515625 283.54376220703125 287.26873779296875 292.42498779296875 297.82501220703125 305.943756103515625 317.806243896484375
231.556243896484375 228.5500030517578125 225.71875 222.037506103515625 217.1687469482421875 212.1437530517578125 205.7687530517578125 199.2062530517578125 194.46875 193.4499969482421875 201.1750030517578125 216.024993896484375 232.475006103515625 244.368743896484375 250.1062469482421875 252.8312530517578125 253.337493896484375 251.212493896484375 246.712493896484375 241.493743896484375 238.756256103515625 236.25 233.443756103515625 232.7937469482421875 234.0749969482421875 236.193756103515625 239.8874969482421875 244.087493896484375 248.9875030517578125 254.225006103515625 260.10626220703125 265.375 270.962493896484375 276.087493896484375 280.61248779296875 282.76251220703125 287.42498779296875 291.618743896484375 296.368743896484375 301.943756103515625 308.76251220703125 316.962493896484375 325.9375 338.23126220703125
235.5437469482421875 231.899993896484375 228.318756103515625 224.1750030517578125 219.0812530517578125 213.631256103515625 207.1999969482421875 199.100006103515625 191.28125 185.4562530517578125 197.2375030517578125 220.59375 238.2375030517578125 249.7375030517578125 256.118743896484375 259.08123779296875 259.96875 256.881256103515625 252.256256103515625 246.506256103515625 243.0124969482421875 239.75 236.7375030517578125 235.78125 236.256256103515625 238.2375030517578125 241.4187469482421875 246.375 251.850006103515625 257.962493896484375 264.39373779296875 270.40625 276.875 283.431243896484375 288.58123779296875 293.056243896484375 298.21875 303.037506103515625 307.524993896484375 313.75 321.15625 330.306243896484375 340.4375 353
238.537506103515625 234.9375 231.493743896484375 227.2062530517578125 222.743743896484375 217.1062469482421875 211.556243896484375 204.2624969482421875 197.006256103515625 188.774993896484375 211.6875 237.2437591552734375 250.056243896484375 258.73126220703125 264.006256103515625 266.743743896484375 266.85626220703125 263.600006103515625 257.693756103515625 251.7624969482421875 246.600006103515625 242.412506103515625 239.399993896484375 237.993743896484375 237.8249969482421875 239.375 243.524993896484375 248.4250030517578125 253.9187469482421875 261.11248779296875 267.693756103515625 274.73126220703125 282.112518310546875 289.63751220703125 295.731231689453125 301.087493896484375 306.61248779296875 311.45623779296875 316.95623779296875 323.056243896484375 330.07501220703125 339.36248779296875 349.13751220703125 361.16876220703125
238.3312530517578125 235.15625 232.75 229.837493896484375 226.0812530517578125 222.056243896484375 218.443756103515625 215.556243896484375 215.9499969482421875 225.881256103515625 253.5374908447265625 261.274993896484375 265.17498779296875 270.28125 273.71875 275.57501220703125 275.10626220703125 270.193756103515625 263.57501220703125 256.631256103515625 250.037506103515625 244.274993896484375 240.506256103515625 239.087493896484375 239.162506103515625 240.65625 244.212493896484375 249.21875 254.649993896484375 261.98126220703125 269.431243896484375 275.25 282.34375 289.375 296.649993896484375 302.07501220703125 307.26251220703125 312.13751220703125 316.88751220703125 322.01251220703125 328.818756103515625 336.08123779296875 343.79376220703125 353.08123779296875
238.71875 236.068756103515625 234.53125 232.725006103515625 230.5812530517578125 229.2062530517578125 228.5250091552734375 230.3562469482421875 235.681243896484375 247.7062530517578125 265.23748779296875 274.58123779296875 278.07501220703125 281.912506103515625 284.70623779296875 285.337493896484375 283.837493896484375 278.600006103515625 270.350006103515625 262.037506103515625 252.5812530517578125 244.75 239.618743896484375 237.625 238.6687469482421875 240.9875030517578125 245.2312469482421875 250.3874969482421875 255.5437469482421875 263.056243896484375 269.63751220703125 276.443756103515625 283.618743896484375 290.006256103515625 296.175018310546875 300.51873779296875 306.03125 310.524993896484375 314.48748779296875 318.28125 323.125 329.07501220703125 335.631256103515625 342.73126220703125
