data/historical-monthly-weather-data/wc2.1_cruts4.09_10m_prec_1980-09.asc
ncols        51
nrows        45
xllcorner    -63.500000000000
yllcorner    -7.500000000000
cellsize     0.166666666667
NODATA_value -9999
[rows 0 to 18 of 45, columns 0 to 43 of 51]
124.90625 122.18125152587890625 121.69374847412109375 123.58750152587890625 123.7937469482421875 123.21875 119.5812530517578125 114.84375 112.51874542236328125 110.72499847412109375 110.58750152587890625 112.0812530517578125 113.68125152587890625 113.94374847412109375 115.29375457763671875 115.9187469482421875 117.56874847412109375 116.71250152587890625 116.7624969482421875 115.63124847412109375 114.2375030517578125 110.8874969482421875 108.44374847412109375 105.65625 102.3874969482421875 100.8562469482421875 100.375 99.8874969482421875 97.9562530517578125 95.71875 92.5812530517578125 90.5437469482421875 90.21250152587890625 88.36875152587890625 87.31874847412109375 86.7937469482421875 87.3249969482421875 87.63124847412109375 86.9562530517578125 86.46250152587890625 86.125 85.3000030517578125 83.46875 82.0187530517578125
117.34999847412109375 114.8000030517578125 116.88124847412109375 121.27500152587890625 126.09999847412109375 123.1125030517578125 118.40000152587890625 116.15625 114.08124542236328125 112.19374847412109375 111.72499847412109375 112.49375152587890625 113.52500152587890625 112.9250030517578125 113.83750152587890625 115.1999969482421875 115.6999969482421875 115.99375152587890625 116.27500152587890625 116.0437469482421875 113.80625152587890625 112.03125 109.2937469482421875 106.68125152587890625 102.21875 99.7687530517578125 99.47499847412109375 98.97499847412109375 96.15625 93.75624847412109375 91.05625152587890625 89.71250152587890625 88.4562530517578125 87.80625152587890625 86.9250030517578125 86.375 86.77500152587890625 87.34999847412109375 86.6062469482421875 86.15000152587890625 86.0437469482421875 85.43125152587890625 84.46875 82.3562469482421875
106.6437530517578125 106.1062469482421875 109.10625457763671875 114.625 119.66249847412109375 119.53749847412109375 116.8874969482421875 115.0187530517578125 114.11875152587890625 113.0124969482421875 112.6999969482421875 113.09999847412109375 113.81874847412109375 112.86875152587890625 112.9375 114.375 114.4562530517578125 114.46875 114.28749847412109375 113.9250030517578125 111.5625 109.03749847412109375 106.69374847412109375 103.9812469482421875 99.65000152587890625 96.21875 96.83750152587890625 95.46875 92.83750152587890625 89.9812469482421875 86.6999969482421875 84.96875 84.8000030517578125 84.03125 83.2624969482421875 82.2062530517578125 82.2624969482421875 82.8249969482421875 82.5 82.46250152587890625 82.6374969482421875 81.8000030517578125 81.46250152587890625 80.0812530517578125
94.56874847412109375 94.9562530517578125 101.53125 106.2687530517578125 111.1062469482421875 112.6062469482421875 112.94374847412109375 114.31874847412109375 114.81874847412109375 114.8312530517578125 114.1437530517578125 114.22499847412109375 113.125 112.6750030517578125 112.59999847412109375 113.3562469482421875 113.7375030517578125 113.27500152587890625 113.59999847412109375 113.40625 110.61875152587890625 106.5437469482421875 102.9499969482421875 99.96875 95.2375030517578125 92.0749969482421875 91.59375 89.06874847412109375 87.15000152587890625 84.7687530517578125 82.15000152587890625 79.53749847412109375 78.5812530517578125 77.8000030517578125 76.5749969482421875 77.09999847412109375 77.6437530517578125 77.8562469482421875 77.99375152587890625 77.5 77.15625 76.53125 76.28125 75.7062530517578125
92.84999847412109375 90.8125 92.3125 96.9562530517578125 103.86875152587890625 107.15000152587890625 108.9250030517578125 111.8874969482421875 114.33750152587890625 115.1374969482421875 114.8000030517578125 113.41249847412109375 112.94374847412109375 113.46875 113.40000152587890625 113.58750152587890625 113.3125 112.2062530517578125 111.7937469482421875 110.40000152587890625 108.3312530517578125 102.71875 99.28125 95.94374847412109375 91.1750030517578125 87.69374847412109375 85.52500152587890625 83.86875152587890625 81.77500152587890625 78.78125 76.3937530517578125 73.25 71.84375 71.375 70.8625030517578125 70.70000457763671875 70.90625 71.625 71.99375152587890625 71.72499847412109375 71.34375 70.61875152587890625 70.09375 70.21250152587890625
91.75 89.56874847412109375 89.53749847412109375 89.4250030517578125 96.21250152587890625 103.2062530517578125 106.94374847412109375 109.5812530517578125 112.19374847412109375 114.38124847412109375 114.0187530517578125 112.71875 112.6437530517578125 113.5437469482421875 112.96250152587890625 113.6750030517578125 113.36249542236328125 111.3249969482421875 110.08750152587890625 108.8125 104.8125 99.71250152587890625 95.53749847412109375 91.1062469482421875 87.06874847412109375 83.03125 80.58750152587890625 79.19374847412109375 76.7937469482421875 73.3937530517578125 70.71250152587890625 69.28749847412109375 67.43125152587890625 66.11249542236328125 64.74375152587890625 64.80625152587890625 64.5625 65.2624969482421875 65.90000152587890625 65.4187469482421875 63.18125152587890625 62.549999237060546875 62.143749237060546875 62.668750762939453125
92.13124847412109375 90.4875030517578125 90.34375 90.1750030517578125 93.59999847412109375 97.40625 102.38124847412109375 106.53749847412109375 108.4375 109.59999847412109375 110.7937469482421875 111 111.9562530517578125 112.75 112.77500152587890625 113.4499969482421875 113.44374847412109375 111.9375 109.5500030517578125 106.71250152587890625 101.61875152587890625 96.33750152587890625 90.78125 86.1062469482421875 82.4499969482421875 78.84999847412109375 76.47499847412109375 74.81874847412109375 71.8874969482421875 68.21875 65.69374847412109375 63.36875152587890625 61.649997711181640625 60.31874847412109375 58.81874847412109375 57.65000152587890625 57.081249237060546875 57.90625 59.325000762939453125 57.487499237060546875 55.043750762939453125 53.875 53.549999237060546875 54.34375
92.9812469482421875 91.53125 91.5625 93.2687530517578125 96.59999847412109375 100.69374847412109375 102.61875152587890625 102.22499847412109375 102 103.99375152587890625 107.28749847412109375 108.9562530517578125 110.75 111.75624847412109375 112.86875152587890625 112.44374847412109375 112.36875152587890625 111.19374847412109375 108.72499847412109375 103.66249847412109375 98.59375 92.6750030517578125 86.93125152587890625 81.6687469482421875 77.6125030517578125 74.0124969482421875 71.27500152587890625 68.9875030517578125 66.71250152587890625 63.16249847412109375 60.55625152587890625 58.049999237060546875 55.94374847412109375 54.518749237060546875 52.15000152587890625 50.44374847412109375 49.237499237060546875 48.81874847412109375 48.65000152587890625 47.21250152587890625 45.018749237060546875 43.950000762939453125 43.793750762939453125 44.15000152587890625
95.25 94.5749969482421875 95.46250152587890625 97.1437530517578125 100.15000152587890625 103.13124847412109375 105.02500152587890625 104.74375152587890625 102.7937469482421875 101.875 104.9812469482421875 106.96875 110.22499847412109375 111.08750152587890625 111.4562530517578125 110.7375030517578125 110.0749969482421875 108.68125152587890625 106.875 101.69374847412109375 95.24375152587890625 89.8312530517578125 82.76874542236328125 78.56874847412109375 73.84999847412109375 69.5749969482421875 66.875 65.08750152587890625 63.43125152587890625 59.875 57.71875 54.018749237060546875 50.6875 47.768749237060546875 45.325000762939453125 44 42.662502288818359375 41.19374847412109375 40.012500762939453125 38.46250152587890625 36.5 35.450000762939453125 35.293750762939453125 35.5625
96.6062469482421875 96.6125030517578125 97.94374847412109375 99.7937469482421875 103.33750152587890625 106.40625 108.24375152587890625 107.6437530517578125 106.44374847412109375 106.0749969482421875 106.97499847412109375 107.4812469482421875 109.71250152587890625 111.375 109.96875 109.11875152587890625 106.8625030517578125 105.09375 103.2062530517578125 99.6437530517578125 93.375 86.41249847412109375 79.05625152587890625 74.19374847412109375 68.8312530517578125 64.7375030517578125 62.418750762939453125 60.71875 59.200000762939453125 56.512500762939453125 53.21250152587890625 49.41249847412109375 45.69374847412109375 42.83750152587890625 40.15625 38.22499847412109375 36.5625 34.66249847412109375 32.77500152587890625 31.049999237060546875 29.1875 28.412500381469726562 27.40625 27.368749618530273438
99.40625 99.6437530517578125 101.15625 102.875 106.00624847412109375 110.0124969482421875 112.09999847412109375 110.1374969482421875 108.31874847412109375 108.05625152587890625 109.0812530517578125 109.94374847412109375 110.16249847412109375 110.13124847412109375 107.5 105.2624969482421875 101.9499969482421875 100.16249847412109375 98.38124847412109375 95.96250152587890625 91.59375 84.75 76.80625152587890625 68.7375030517578125 64.34999847412109375 62.08750152587890625 59.94374847412109375 57.450000762939453125 55.0625 52.231250762939453125 49.1875 45.50624847412109375 41.68125152587890625 38.28749847412109375 35.34375 33.03125 30.950000762939453125 28.78125 27.112499237060546875 25.024999618530273438 22.943750381469726562 22.049999237060546875 21.59375 20.956249237060546875
101.5124969482421875 101.8000030517578125 103.41249847412109375 105.9375 108.93125152587890625 112.53749847412109375 115.31874847412109375 113.6374969482421875 110.8000030517578125 109.375 110.0749969482421875 110.5124969482421875 108.1437530517578125 105.90625 104.3312530517578125 101.36875152587890625 98.4562530517578125 95.6750030517578125 94.03125 93.3937530517578125 90.63124847412109375 83.8874969482421875 75.4375 66.65625 61.456249237060546875 58.21875 55.65000152587890625 53.231250762939453125 50.46875 47.762500762939453125 44.71875 41.331249237060546875 37.674999237060546875 34.69374847412109375 32.25 29.912500381469726562 27.699998855590820312 25.575000762939453125 23.293750762939453125 20.943750381469726562 18.850000381469726562 17.818750381469726562 17.375 16.706249237060546875
102.9499969482421875 103.19374847412109375 104.4562530517578125 106.0749969482421875 108.3125 111.3562469482421875 113.0187530517578125 111.9250030517578125 110.7375030517578125 109.91249847412109375 109.49375152587890625 109.11875152587890625 106.50624847412109375 101.0749969482421875 97.94374847412109375 96.0749969482421875 93.31874847412109375 91.08750152587890625 89.7687530517578125 88.9250030517578125 86.96250152587890625 81.5 73.40625 65.30625152587890625 58.206249237060546875 54.25624847412109375 52.13124847412109375 49.93125152587890625 47.375 44.31874847412109375 40.768749237060546875 37.393749237060546875 34.15625 30.96875 28.5625 26.768749237060546875 25.318750381469726562 23.606250762939453125 21.668750762939453125 18.643749237060546875 15.949999809265136719 15.1875 14.46875 12.725000381469726562
103.4187469482421875 103.30625152587890625 103.71875 104.7937469482421875 106.8312530517578125 108.3874969482421875 109.2937469482421875 109.5625 108.72499847412109375 108.59999847412109375 107.2375030517578125 104.13124847412109375 100.84999847412109375 95.8249969482421875 90.8874969482421875 89.56874847412109375 87.28749847412109375 84.9499969482421875 83.0625 82.3000030517578125 80.2624969482421875 75.2312469482421875 69.22499847412109375 63.55625152587890625 57.46250152587890625 52.700000762939453125 49.831249237060546875 46.96250152587890625 43.899997711181640625 40.887500762939453125 38.05625152587890625 34.512500762939453125 31.024999618530273438 27.931249618530273438 25.756250381469726562 24.712499618530273438 23.981250762939453125 23.243749618530273438 21.618749618530273438 18.943750381469726562 15.024999618530273438 13.043749809265136719 12.393750190734863281 11.724999427795410156
102.18125152587890625 101.41249847412109375 101.50624847412109375 102.4812469482421875 104.26874542236328125 104.0500030517578125 105.53125 105.4875030517578125 104.625 105.03125 102.81874847412109375 98.97499847412109375 94.71875 89.69374847412109375 84.1374969482421875 81.4250030517578125 79.90625 78.5625 76.4375 75.7937469482421875 74.25624847412109375 70.97499847412109375 66.83750152587890625 62.99375152587890625 59.03749847412109375 54.55625152587890625 50.55625152587890625 46.243747711181640625 42.274997711181640625 39.168750762939453125 35.3125 31.825000762939453125 28.831249237060546875 25.756250381469726562 23.075000762939453125 22.837499618530273438 23.637498855590820312 24.575000762939453125 23.956249237060546875 20.90625 17.299999237060546875 14.850000381469726562 13.637499809265136719 12.481249809265136719
99.72499847412109375 98.68125152587890625 99.19374847412109375 99.8312530517578125 100.4250030517578125 101.2062530517578125 101.78749847412109375 101.46250152587890625 101.1687469482421875 101.4499969482421875 98.9562530517578125 94.00624847412109375 88.94374847412109375 83.99375152587890625 78.8625030517578125 74.2687530517578125 72.6125030517578125 72.33750152587890625 70.6750030517578125 70.4250030517578125 68.80625152587890625 67.34999847412109375 65.7062530517578125 63.77500152587890625 60.674999237060546875 55.768749237060546875 50.69374847412109375 46.112499237060546875 41.96875 38.16249847412109375 34.97499847412109375 30.993749618530273438 27.375 24.581249237060546875 21.612499237060546875 22.4375 24.524999618530273438 25.756250381469726562 26.168750762939453125 23.737499237060546875 20.674999237060546875 17.493749618530273438 14.881250381469726562 12.862500190734863281
95.84375 95.3125 96.28749847412109375 97.0625 97.36875152587890625 98.27500152587890625 98.63124847412109375 98.74375152587890625 98.24375152587890625 97.5437469482421875 95.5812530517578125 90.1374969482421875 83.96250152587890625 78.4875030517578125 74.83750152587890625 71 66.80625152587890625 65.99375152587890625 65.81874847412109375 65.48125457763671875 64.03125 63.53125 64.0500030517578125 64.375 62.40625 56.362499237060546875 50.81874847412109375 46.00624847412109375 41.799999237060546875 38.24375152587890625 35.606250762939453125 32.90625 28.799999237060546875 25.475000381469726562 24.274999618530273438 24.518749237060546875 25.862501144409179688 28.674999237060546875 30.712499618530273438 26.556249618530273438 21.850000381469726562 18.28125 15.081250190734863281 13.168749809265136719
91.36875152587890625 91.3249969482421875 91.6437530517578125 92.5187530517578125 93.71875 94.6875 94.6374969482421875 94.2624969482421875 94.27500152587890625 93.0749969482421875 91.00624847412109375 85.84999847412109375 79.84999847412109375 74.59375 70.94374847412109375 67.8000030517578125 64.11875152587890625 60.450000762939453125 61.25624847412109375 60.69374847412109375 60 59.30625152587890625 60.43125152587890625 61.799999237060546875 60.887500762939453125 55.625 50.862499237060546875 46.143749237060546875 41.575000762939453125 37.56874847412109375 34.668750762939453125 32.075000762939453125 31.225000381469726562 30.15625 27.600000381469726562 25.84375 27.725000381469726562 29.762500762939453125 29.618749618530273438 26.225000381469726562 20.96875 17.512500762939453125 14.762499809265136719 13.324999809265136719
86.6437530517578125 86.49375152587890625 86.7937469482421875 88.1875 89.2687530517578125 90.3249969482421875 90.3562469482421875 90.8874969482421875 90.6125030517578125 89.5 87.31874847412109375 81.99375152587890625 76 71.1687469482421875 67.21875 64.91249847412109375 62.112499237060546875 58.125 56.625 56.174999237060546875 56.77500152587890625 59.34375 55.96875 56.956249237060546875 57.09375 55.075000762939453125 51.34999847412109375 46.481250762939453125 42.81874847412109375 38.41249847412109375 34.90625 34.706249237060546875 36.27500152587890625 35.00624847412109375 32.66249847412109375 30.618749618530273438 29.737499237060546875 28.8125 27.149999618530273438 23.662500381469726562 19.399999618530273438 16.5 14.293749809265136719 13.112500190734863281
