data/historical-monthly-weather-data/wc2.1_cruts4.09_10m_prec_1979-12.asc
ncols        45
nrows        45
xllcorner    -63.500000000000
yllcorner    -7.500000000000
cellsize     0.166666666667
NODATA_value -9999
[rows 20 to 39 of 45, columns 0 to 43 of 45]
203.4375 208.068756103515625 212.65625 218.3187408447265625 224.9875030517578125 232.28125 239.0187530517578125 245.28125 250.9562530517578125 254.6374969482421875 256.23126220703125 257.5 258.09375 256.5625 252.4875030517578125 246.649993896484375 240.8312530517578125 236.381256103515625 234.75 233.306243896484375 233.8874969482421875 234.4250030517578125 234.899993896484375 235.03125 236.443756103515625 236.368743896484375 231.1062469482421875 220.087493896484375 206.125 193.28125 183.6999969482421875 180.125 178.931243896484375 179.53125 180.6437530517578125 181.875 185.2062530517578125 188.7375030517578125 189.03125 184.818756103515625 176.993743896484375 168.7062530517578125 162.662506103515625 157.537506103515625
196.556243896484375 200.6437530517578125 206.587493896484375 214.493743896484375 222.53125 230.337493896484375 238.381256103515625 245.8937530517578125 251.600006103515625 255.2375030517578125 256.08123779296875 256.25 255.743743896484375 253.274993896484375 249.899993896484375 245.125 240.4375 237.03125 234.90625 233.2312469482421875 232.006256103515625 232.962493896484375 235.3125 235.9187469482421875 238.15625 241.587493896484375 241.0187530517578125 231.6125030517578125 218.9250030517578125 208.243743896484375 199.6999969482421875 194.7375030517578125 191.40625 190.806243896484375 190.162506103515625 190.3625030517578125 193.3125 197.0124969482421875 195.8312530517578125 189.5124969482421875 181.5625 173.625 167.024993896484375 161.568756103515625
190.3625030517578125 195.850006103515625 201.693756103515625 209.868743896484375 219.181243896484375 228.6999969482421875 237.2062530517578125 246.0437469482421875 253.287506103515625 255.9875030517578125 256.01873779296875 254.3249969482421875 253.5500030517578125 251.056243896484375 247.787506103515625 243.5500030517578125 239.1437530517578125 235.875 233.943756103515625 231.4812469482421875 230.1750030517578125 230.5625 232.0500030517578125 233.350006103515625 237.212493896484375 243.806243896484375 247.431243896484375 240.274993896484375 229.006256103515625 220.681243896484375 213.9437408447265625 208.9875030517578125 205.006256103515625 201.837493896484375 199.34375 196.756256103515625 199.818756103515625 206.6750030517578125 204.7062530517578125 196.28125 187.068756103515625 178.5812530517578125 171.693756103515625 165.8312530517578125
184.881256103515625 189.7687530517578125 195.5187530517578125 204.274993896484375 214.8125 225.225006103515625 235.3625030517578125 244.475006103515625 251.412506103515625 253.6125030517578125 253.756256103515625 252.8874969482421875 252.162506103515625 250.4375 247.225006103515625 243.243743896484375 239.4250030517578125 236.7624969482421875 234.5124969482421875 231.7937469482421875 228.837493896484375 227.96875 227.662506103515625 229.34375 233.100006103515625 239.318756103515625 243.193756103515625 240.9812469482421875 235.662506103515625 230.287506103515625 226.243743896484375 221.59375 218.149993896484375 214.15625 210.681243896484375 205.53125 207.3125 213.5500030517578125 211.1750030517578125 202.3249969482421875 192.1875 183.462493896484375 175.631256103515625 169.068756103515625
181.806243896484375 185.5124969482421875 190.65625 201.506256103515625 213.9187469482421875 224.03125 233.787506103515625 241.912506103515625 247.587493896484375 250.850006103515625 251.8937530517578125 251.1062469482421875 250.443756103515625 248.9875030517578125 246.59375 243.337493896484375 239.931243896484375 237.756256103515625 235.368743896484375 232.368743896484375 228.0812530517578125 224.75 223.037506103515625 223.5625 227.725006103515625 234.837493896484375 239.5187530517578125 240.756256103515625 239.5124969482421875 238.1062469482421875 236.850006103515625 233.881256103515625 231.1875 227.2312469482421875 222.53125 218.1999969482421875 218.59375 219.412506103515625 215.787506103515625 208.037506103515625 197.8249969482421875 188.6437530517578125 179.7312469482421875 173.6062469482421875
182.4250030517578125 187.912506103515625 193.412506103515625 203.681243896484375 214.037506103515625 223.3625030517578125 231.7312469482421875 238.9875030517578125 244.15625 247.125 248.375 248.756256103515625 248.28125 247.3125 246.0124969482421875 243.587493896484375 240.3625030517578125 238.587493896484375 236.399993896484375 233.1312408447265625 228.9875030517578125 223.1062469482421875 218.15625 216.3562469482421875 222.6374969482421875 231.53125 238.337493896484375 241.90625 243.5187530517578125 244.8125 245.6437530517578125 246.2062530517578125 244.90625 240.3000030517578125 235.75 230.9499969482421875 229.3625030517578125 227.899993896484375 223.149993896484375 215.6875 205.475006103515625 194.1750030517578125 183.4187469482421875 175.712493896484375
182.9812469482421875 188.537506103515625 196.1999969482421875 206.09375 215.475006103515625 223.587493896484375 230.100006103515625 235.931243896484375 239.8562469482421875 243.4875030517578125 246.46875 247.4875030517578125 247.306243896484375 247.28125 246.693756103515625 245.443756103515625 243.193756103515625 241.7937469482421875 239.881256103515625 236.0124969482421875 231.193756103515625 224.5812530517578125 217.875 213.78125 221.712493896484375 231.037506103515625 238.4812469482421875 243.2375030517578125 247.131256103515625 249.881256103515625 253.006256103515625 255.6999969482421875 256.61248779296875 252.3000030517578125 247.7624969482421875 243.3874969482421875 240.0500030517578125 237.256256103515625 232.037506103515625 225.193756103515625 215.350006103515625 201.837493896484375 187.837493896484375 178.6999969482421875
183.931243896484375 189.5625 198.618743896484375 208.59375 217.1999969482421875 224.1999969482421875 229.556243896484375 233.5 236.662506103515625 239.868743896484375 242.681243896484375 244.4875030517578125 246.2687530517578125 247.462493896484375 247.756256103515625 246.912506103515625 246.0437469482421875 244.8625030517578125 243.587493896484375 240.2937469482421875 236 230.5187530517578125 226.4812469482421875 224.0500030517578125 228.368743896484375 235.53125 241.40625 245.6999969482421875 249.6999969482421875 253.350006103515625 256.91876220703125 259.76251220703125 261.20623779296875 259.75 257.01251220703125 253.1374969482421875 250.056243896484375 247.306243896484375 242.837493896484375 237.274993896484375 228.649993896484375 213.7375030517578125 193.8249969482421875 183.21875
183.9937591552734375 189.90625 200.337493896484375 211.556243896484375 219.53125 224.3312530517578125 227.875 230.818756103515625 233.3937530517578125 235.8312530517578125 239.274993896484375 242.412506103515625 245.0812530517578125 247.6687469482421875 248.4875030517578125 249.4812469482421875 249.631256103515625 249.34375 248.53125 246.0562591552734375 242.6875 238.90625 237.024993896484375 234.6687469482421875 237.1437530517578125 242.0625 246.287506103515625 249.84375 253.506256103515625 256.600006103515625 259.70001220703125 262.056243896484375 264.20623779296875 264.274993896484375 263.82501220703125 261.39373779296875 259.5250244140625 257.08123779296875 252.6750030517578125 248.600006103515625 242.931243896484375 226.1500091552734375 205.7624969482421875 198.024993896484375
187.006256103515625 192.662506103515625 203.8937530517578125 216.118743896484375 224.662506103515625 225.975006103515625 226.8625030517578125 228.693756103515625 230.368743896484375 232.2312469482421875 235.7687530517578125 239.149993896484375 243.6999969482421875 248.03125 250.087493896484375 251.399993896484375 252.8000030517578125 254.8312530517578125 254.850006103515625 252.649993896484375 249.6125030517578125 247.037506103515625 245.243743896484375 243.431243896484375 244.9187469482421875 248.5 250.1125030517578125 253.131256103515625 255.743743896484375 258.743743896484375 261.693756103515625 263.975006103515625 267.36248779296875 268.71875 269.70001220703125 268.024993896484375 267.04998779296875 265.243743896484375 261.5625 257.399993896484375 250.875 239.631256103515625 225.056243896484375 218.8625030517578125
188.84375 193.975006103515625 204.087493896484375 215.78125 223.0625 222.837493896484375 223.03125 223.787506103515625 224.912506103515625 227.837493896484375 231.693756103515625 236.2062530517578125 242.087493896484375 247.3125 250.1437530517578125 252.9375 256.412506103515625 258.59375 260.54376220703125 259.068756103515625 256.26251220703125 254.1750030517578125 253.21875 251.212493896484375 251.5 253.5500030517578125 254.3125 256.131256103515625 257.86248779296875 261.20001220703125 263.993743896484375 266.3125 269.82501220703125 272.70001220703125 274.587493896484375 274.23748779296875 274.5 273.625 269.95001220703125 264.73748779296875 259.82501220703125 253.118743896484375 244.443756103515625 237.0625
190.1687469482421875 193.4875030517578125 201.2687530517578125 208.475006103515625 212.6374969482421875 214.5812530517578125 215.743743896484375 216.256256103515625 218.25 221.3125 226.056243896484375 232.287506103515625 239.6437530517578125 246.125 250.8562469482421875 254.8937530517578125 257.70623779296875 260.118743896484375 262.26251220703125 262.01251220703125 260.76251220703125 259.57501220703125 258.587493896484375 256.537506103515625 257.46875 258.368743896484375 257.79376220703125 258.79376220703125 260.118743896484375 263.587493896484375 266.39373779296875 268.975006103515625 271.79998779296875 275.412506103515625 278.73126220703125 280.40625 280.818756103515625 280.412506103515625 277.475006103515625 273.556243896484375 272.087493896484375 270.25 267.381256103515625 264.681243896484375
195.4375 196.3937530517578125 200.3625030517578125 204.7375030517578125 206.9250030517578125 208.2312469482421875 208.274993896484375 208.0437469482421875 209.9875030517578125 213.8249969482421875 221.15625 228.6125030517578125 237.806243896484375 247.0124969482421875 252.2687530517578125 256.23126220703125 258.79998779296875 262.01251220703125 262.6875 262.962493896484375 262.53125 262.375 261.8125 259.5625 260.03125 261.1875 260.337493896484375 259.725006103515625 261.17498779296875 264.42498779296875 268.04998779296875 271.15625 274.618743896484375 278.61248779296875 282.63751220703125 284.943756103515625 286.48748779296875 287.4375 285.975006103515625 286.993743896484375 287.76251220703125 289.95001220703125 293.837493896484375 301.006256103515625
200.5812530517578125 199.5187530517578125 201.037506103515625 202.0625 201.3249969482421875 201.3312530517578125 200.756256103515625 199.75 201.4187469482421875 205.462493896484375 213.087493896484375 224.2687530517578125 236.1999969482421875 246.243743896484375 252.7375030517578125 256.912506103515625 260.34375 263.38751220703125 263.41876220703125 263.70623779296875 263.662506103515625 263.4375 262.712493896484375 260.88751220703125 260.70001220703125 261.48126220703125 261.13751220703125 260.84375 262.40625 265.3125 269.118743896484375 273.23748779296875 277.225006103515625 281.725006103515625 285.774993896484375 288.57501220703125 291.681243896484375 292.774993896484375 295.14373779296875 299.16876220703125 303.23748779296875 309.11248779296875 318.006256103515625 332.118743896484375
205.25 203.03125 202.162506103515625 200.225006103515625 197.6750030517578125 196.006256103515625 193.84375 191.75 192.125 196.34375 205.65625 219.4250030517578125 235.037506103515625 248.1750030517578125 255.212493896484375 259.65625 262.618743896484375 264.693756103515625 265.11248779296875 263.96875 264.58123779296875 263.568756103515625 263.66876220703125 261.46875 260.524993896484375 261.20001220703125 260.85626220703125 261.131256103515625 262.59375 265.881256103515625 270.1875 274.725006103515625 279.399993896484375 284.662506103515625 289.01873779296875 291.693756103515625 294.71875 298.76873779296875 303.850006103515625 309.01873779296875 315.83123779296875 323.787506103515625 334.943756103515625 350.51251220703125
211.8312530517578125 208.65625 206.149993896484375 202.962493896484375 198.9499969482421875 195.96875 191.8625030517578125 187.6437530517578125 185.9250030517578125 187.8249969482421875 198.2062530517578125 215.743743896484375 235.181243896484375 250.149993896484375 258.17498779296875 262.95623779296875 265.649993896484375 267.006256103515625 265.899993896484375 263.787506103515625 263.57501220703125 263.399993896484375 262.287506103515625 260.056243896484375 259.45001220703125 259.48748779296875 259.59375 259.91876220703125 261.337493896484375 265.475006103515625 270.681243896484375 275.26873779296875 280.681243896484375 285.6875 290.149993896484375 292.67498779296875 297.91876220703125 302.70623779296875 308.162506103515625 314.54998779296875 322.287506103515625 331.85626220703125 342.350006103515625 356.45623779296875
218.3125 214.53125 211.181243896484375 207.3874969482421875 202.8562469482421875 198.8625030517578125 194.0187530517578125 187.6750030517578125 182.4187469482421875 179.0187530517578125 192.6875 218.25 238.587493896484375 252.9250030517578125 261.41876220703125 266.287506103515625 269.20001220703125 269.20623779296875 267.631256103515625 264.618743896484375 263.20623779296875 261.818756103515625 260.162506103515625 257.82501220703125 256.618743896484375 256.78125 256.6875 258.212493896484375 260.48126220703125 265.256256103515625 270.6875 275.6875 281.256256103515625 286.962493896484375 291.318756103515625 295.85626220703125 301.21875 306.25 310.95623779296875 317.381256103515625 325.04376220703125 334.28125 344.54998779296875 357.225006103515625
223.5812530517578125 219.837493896484375 216.506256103515625 212.431243896484375 208.2937469482421875 203.568756103515625 198.9812469482421875 192.850006103515625 187.587493896484375 181.4250030517578125 205.3874969482421875 232.787506103515625 248.162506103515625 259.48748779296875 266.66876220703125 271.17498779296875 273.149993896484375 272.58123779296875 269.33123779296875 265.787506103515625 262.181243896484375 259.41876220703125 257.41876220703125 254.84375 253.2062530517578125 253.1999969482421875 254.5625 256.40625 259.024993896484375 264.756256103515625 270.0625 275.76251220703125 281.693756103515625 287.681243896484375 292.40625 297.45623779296875 302.8125 307.48748779296875 312.756256103515625 318.57501220703125 325.23748779296875 333.631256103515625 342.36248779296875 353.23748779296875
224.3125 221.100006103515625 218.90625 216.225006103515625 212.8874969482421875 209.6437530517578125 206.837493896484375 204.818756103515625 206.6750030517578125 217.7624969482421875 246.2937469482421875 256.13751220703125 262.350006103515625 269.6875 274.83123779296875 278.29376220703125 279.46875 276.76873779296875 272.29376220703125 267.256256103515625 261.73748779296875 256.899993896484375 253.78125 251.4499969482421875 250.4187469482421875 250.71875 252.1062469482421875 254.7937469482421875 257.993743896484375 263.993743896484375 270.193756103515625 274.76251220703125 280.475006103515625 286.068756103515625 292.024993896484375 296.86248779296875 301.59375 306.01251220703125 310.287506103515625 314.89373779296875 321.125 327.48748779296875 334.21875 342.42498779296875
225.3312530517578125 222.7937469482421875 221.587493896484375 220.162506103515625 218.4812469482421875 217.8625030517578125 217.8937530517578125 220.412506103515625 226.8249969482421875 239.806243896484375 258.337493896484375 269.25 274.51873779296875 280.118743896484375 284.393768310546875 286.45623779296875 286.41876220703125 282.88751220703125 276.26251220703125 269.32501220703125 260.45001220703125 253.056243896484375 248.256256103515625 245.59375 245.90625 247.412506103515625 250.193756103515625 253.7937469482421875 257.375 263.725006103515625 269.20623779296875 274.85626220703125 280.82501220703125 286.006256103515625 291.024993896484375 294.568756103515625 299.33123779296875 303.068756103515625 306.375 309.51251220703125 313.681243896484375 318.875 324.631256103515625 330.95001220703125
