data/historical-monthly-weather-data/wc2.1_cruts4.09_10m_prec_1955-07.asc
ncols        51
nrows        45
xllcorner    -63.500000000000
yllcorner    -7.500000000000
cellsize     0.166666666667
NODATA_value -9999
[rows 0 to 18 of 45, columns 0 to 43 of 51]
339.73126220703125 323.85626220703125 313.79998779296875 310.96875 303.899993896484375 299.118743896484375 294.375 286.943756103515625 285.506256103515625 286.431243896484375 282.131256103515625 277.024993896484375 270.462493896484375 268.01251220703125 266.20623779296875 261.462493896484375 256.350006103515625 246.3187408447265625 238.6062469482421875 234.493743896484375 232.443756103515625 224.6437530517578125 218.649993896484375 213.712493896484375 211.375 205.350006103515625 202.662506103515625 200.5437469482421875 196.4812469482421875 198.537506103515625 192.8874969482421875 192.149993896484375 197.943756103515625 199.8625030517578125 200.9812469482421875 198.59375 192.100006103515625 195.5 188.1999969482421875 182.3249969482421875 183.068756103515625 184.3125 179.725006103515625 178.0437469482421875
326.23748779296875 310.15625 300.61248779296875 298.837493896484375 295.29998779296875 291.368743896484375 286.28125 281.29376220703125 280.118743896484375 277.818756103515625 273.03125 266.09375 259.42498779296875 254.399993896484375 248.837493896484375 243.837493896484375 237.5 228.756256103515625 222.431243896484375 217.0187530517578125 209.087493896484375 205.806243896484375 202.118743896484375 202.1437530517578125 195.75 191.96875 191.09375 190.787506103515625 186.4499969482421875 185.774993896484375 185.975006103515625 191.7375030517578125 196.53125 202.4499969482421875 204.8249969482421875 199.181243896484375 193.056243896484375 193.2312469482421875 185.28125 181.59375 184.15625 181.8562469482421875 178.7937469482421875 173.931243896484375
293.95001220703125 286.837493896484375 284.506256103515625 280.34375 274.725006103515625 269.443756103515625 266.8125 267.35626220703125 267.48748779296875 264.875 259.962493896484375 250.875 246.4812469482421875 237.03125 229.9187469482421875 223.381256103515625 217.84375 209.6750030517578125 202.537506103515625 199.0687408447265625 192.431243896484375 190.631256103515625 189.149993896484375 188.59375 185.3249969482421875 179.9187469482421875 184.618743896484375 183.75 181.4187469482421875 182.7624969482421875 183.8000030517578125 183.125 188.90625 197.806243896484375 193.912506103515625 187.0749969482421875 185.556243896484375 188.0437469482421875 179.649993896484375 176.8249969482421875 178.162506103515625 177.287506103515625 172.6687469482421875 169.899993896484375
265.493743896484375 255.681243896484375 258.774993896484375 261.0625 254.9375 248.243743896484375 245 249.506256103515625 253.6062469482421875 252.9499969482421875 243.6125030517578125 234.587493896484375 228.274993896484375 223.556243896484375 213.868743896484375 204.5749969482421875 196.962493896484375 190.53125 186.5812530517578125 187.743743896484375 183.3562469482421875 177.381256103515625 175.7624969482421875 177.587493896484375 176.6374969482421875 173.743743896484375 175.2312469482421875 171.4875030517578125 172.96875 179.712493896484375 181.4812469482421875 180.256256103515625 180.3874969482421875 181.6687469482421875 179.75 182.662506103515625 184.0500030517578125 178.943756103515625 173.662506103515625 169.962493896484375 173.8125 175.506256103515625 171.2687530517578125 167.75
265.5 245.912506103515625 231.743743896484375 234.2937469482421875 237.3000030517578125 230.4250030517578125 230.2312469482421875 234.068756103515625 236.6437530517578125 234.4499969482421875 231.5 221.34375 214.774993896484375 208.4187469482421875 198.3125 189.350006103515625 180.8562469482421875 176.4187469482421875 169.8125 169.8625030517578125 169.087493896484375 164.1062469482421875 161.7937469482421875 168.5124969482421875 167.600006103515625 164.975006103515625 164.375 166.9812469482421875 167.9499969482421875 169.9875030517578125 173.8937530517578125 175.9875030517578125 178.975006103515625 178.556243896484375 176.443756103515625 172.8312530517578125 173.7312469482421875 172.8000030517578125 166.5812530517578125 165.274993896484375 167.8000030517578125 165.375 165.506256103515625 164.7687530517578125
248.024993896484375 237.1999969482421875 226.71875 205.59375 212.09375 220.912506103515625 220.243743896484375 220.9375 225.443756103515625 222.475006103515625 217.131256103515625 209.037506103515625 203.40625 192.6875 186.162506103515625 177.9812469482421875 167.725006103515625 160.6875 157.4499969482421875 158.743743896484375 157.96875 155.8312530517578125 156.40625 157.3249969482421875 159.8375091552734375 159.5 159.399993896484375 161.0187530517578125 160.6999969482421875 162.662506103515625 166.006256103515625 171.868743896484375 171.7937469482421875 173.962493896484375 169.899993896484375 168.0500030517578125 161.6875 160.8625030517578125 160.725006103515625 162.53125 158.7937469482421875 159.4187469482421875 157.4499969482421875 154.96875
234.4875030517578125 225.8312530517578125 217.7687530517578125 207.7687530517578125 200.0437469482421875 195.2624969482421875 200.931243896484375 206.1374969482421875 206.350006103515625 206.0625 203.8249969482421875 193.037506103515625 190.03125 182 173 166.9812469482421875 160.068756103515625 150.181243896484375 143.193756103515625 147.4499969482421875 146.9812469482421875 145.318756103515625 145.0500030517578125 149.40625 151.649993896484375 154.6999969482421875 158.2062530517578125 155.3000030517578125 152.975006103515625 158.9375 160.8562469482421875 160.9562530517578125 160.399993896484375 164.399993896484375 165.0124969482421875 160.4812469482421875 153.6687469482421875 150.5500030517578125 152.1750030517578125 155.3000030517578125 151.306243896484375 148.693756103515625 148.75 146.2062530517578125
225.256256103515625 214.149993896484375 209.125 204.056243896484375 200.15625 202.3249969482421875 195.6062469482421875 183.6750030517578125 180.4375 181.3874969482421875 181.3000030517578125 177.5187530517578125 174.2937469482421875 167.006256103515625 161.625 155.899993896484375 148.337493896484375 140.4250030517578125 134.725006103515625 132.2624969482421875 137.087493896484375 139.09375 138.475006103515625 142.649993896484375 147.7624969482421875 147.243743896484375 150.037506103515625 146.2375030517578125 147.9375 149.368743896484375 155.46875 155.625 156.0625 155.53125 153.693756103515625 147.068756103515625 141.443756103515625 138.881256103515625 137.193756103515625 136.4812469482421875 134.962493896484375 135.318756103515625 134.9562530517578125 132.0437469482421875
216.375 207.375 201.256256103515625 199.7312469482421875 198.649993896484375 196.34375 192.056243896484375 186.1062469482421875 177.25 167.96875 164.7375030517578125 158.9875030517578125 161.712493896484375 155.2937469482421875 150.162506103515625 144.662506103515625 140.3625030517578125 137.0437469482421875 136.5187530517578125 128.943756103515625 128.443756103515625 134.4499969482421875 134.9375 141.212493896484375 145.3874969482421875 141.681243896484375 140.6062469482421875 144.0437469482421875 146.34375 146.149993896484375 152.337493896484375 148.3937530517578125 142.2312469482421875 138.96875 138.40625 138.3000030517578125 136.431243896484375 135.40625 131.2937469482421875 127.4562530517578125 124.6875 123.7937469482421875 124.25 120.4375
204.9375 198.881256103515625 195.774993896484375 194.8000030517578125 193.912506103515625 194.5 190.068756103515625 184.6374969482421875 178.21875 172.631256103515625 163.431243896484375 151.7062530517578125 150.8937530517578125 146.8874969482421875 142.787506103515625 139.243743896484375 132.9875030517578125 133.993743896484375 134.5749969482421875 131.75 130.868743896484375 129.225006103515625 127.72499847412109375 134 136.899993896484375 138.899993896484375 137.556243896484375 139.3249969482421875 139.118743896484375 139.4562530517578125 142.2937469482421875 138.0749969482421875 134.8000030517578125 130.818756103515625 127.9562530517578125 128.9187469482421875 128.4250030517578125 127.9187469482421875 124.58750152587890625 124.0500030517578125 123.49375152587890625 120.49375152587890625 115.97499847412109375 109.7062530517578125
198.006256103515625 193.5187530517578125 189.975006103515625 190.59375 189.287506103515625 190 187.0625 177.8937530517578125 168.3562469482421875 163.1875 158.475006103515625 150.0625 140.243743896484375 138.149993896484375 131.9562530517578125 128.2375030517578125 126.47499847412109375 128.0749969482421875 129.0812530517578125 132.5124969482421875 136.149993896484375 133.225006103515625 126.8625030517578125 122.71250152587890625 131.662506103515625 141.225006103515625 140.600006103515625 138.9499969482421875 133.46875 133.0625 133.21875 132.5 130.1125030517578125 124.7937469482421875 123.40625 122.38124847412109375 121.90625 118.3249969482421875 120.8625030517578125 118.81874847412109375 115.27500152587890625 111.5500030517578125 110.11875152587890625 101.5749969482421875
191.537506103515625 185.881256103515625 183.443756103515625 184.78125 185.0187530517578125 185.7375030517578125 184.381256103515625 175.912506103515625 164.118743896484375 154.162506103515625 147.975006103515625 143.875 132.1999969482421875 127.27500152587890625 126.3937530517578125 120.8000030517578125 119.2375030517578125 121.05625152587890625 123.13124847412109375 128.8874969482421875 137.3937530517578125 137.256256103515625 135.6999969482421875 129.0124969482421875 129.75 128.149993896484375 127.9499969482421875 129.318756103515625 126.78749847412109375 125.09375 121.4812469482421875 120.50624847412109375 119.8000030517578125 117.5812530517578125 117.88124847412109375 118.53749847412109375 116.1999969482421875 116.3249969482421875 111.88124847412109375 110.2687530517578125 106.2937469482421875 105.1750030517578125 99.24375152587890625 89.96250152587890625
179.618743896484375 177.600006103515625 177.462493896484375 176.46875 175 175.9562530517578125 172.600006103515625 163.475006103515625 153.274993896484375 147.2937469482421875 142.649993896484375 135.7937469482421875 130.15625 117.19374847412109375 112.65625 112.86875152587890625 111.6374969482421875 114.80625152587890625 117.66249847412109375 121.3312530517578125 127.6374969482421875 128.9187469482421875 130.850006103515625 127.03749847412109375 121.1687469482421875 119.65000152587890625 120.50624847412109375 122.19374847412109375 120.5124969482421875 117.28125 113.1999969482421875 108.625 110.0749969482421875 109.1875 109.06874847412109375 110.6062469482421875 112.4875030517578125 115.125 115.63124847412109375 108.9499969482421875 100.9875030517578125 97.28125 88.5124969482421875 82.47499847412109375
169.868743896484375 167.8874969482421875 168.1875 166.4875030517578125 164.0749969482421875 162.375 158.3937530517578125 151.149993896484375 146.4375 138.662506103515625 133.587493896484375 128.2062530517578125 120.06874847412109375 110.94374847412109375 100.125 102.5124969482421875 100.8249969482421875 104.9812469482421875 106.83750152587890625 111.25 116.27500152587890625 120.47499847412109375 123.4250030517578125 122.21250152587890625 117.2687530517578125 114.3000030517578125 112.80625152587890625 110.63124847412109375 108.6374969482421875 105.8874969482421875 106.21875 103.41249847412109375 101.15000152587890625 100.34375 100.86875152587890625 106.0437469482421875 112.2375030517578125 118.44374847412109375 121.21250152587890625 113.50624847412109375 96.49375152587890625 87.1125030517578125 86.27500152587890625 91.6062469482421875
162.5500030517578125 158.6875 157.193756103515625 156.4812469482421875 152.506256103515625 149.3249969482421875 148.7375030517578125 141.975006103515625 135.943756103515625 129.006256103515625 123.86875152587890625 117.41249847412109375 111.46250152587890625 104.8125 91.41249847412109375 90.38124847412109375 89.81874847412109375 93.0625 95.6875 100.6875 107.8874969482421875 112.1750030517578125 115.88124847412109375 118.1437530517578125 117.28125 115.78125 113.28125 108.84999847412109375 107.1687469482421875 105.3125 100.25 98.52500152587890625 100.1999969482421875 97.58750152587890625 93.3312530517578125 96.9375 108.7624969482421875 121.03125 124.8249969482421875 115.9562530517578125 104.69374847412109375 97.8312530517578125 102.41249847412109375 99.75
151.8187408447265625 148.681243896484375 147.850006103515625 145.243743896484375 142.350006103515625 141.899993896484375 136.756256103515625 130.96875 126.03749847412109375 121.90000152587890625 115.625 109.93125152587890625 104.6750030517578125 98.43125152587890625 88.0812530517578125 75.96250152587890625 77.6875 82.3562469482421875 84.5437469482421875 89.8937530517578125 96.2375030517578125 103.4250030517578125 109.5437469482421875 117.3000030517578125 118.61875152587890625 116.5437469482421875 111.24375152587890625 104.1750030517578125 102.56874847412109375 101.11875152587890625 102.18125152587890625 96.21250152587890625 92.5187530517578125 88.8625030517578125 86.1125030517578125 97.77500152587890625 107.34999847412109375 117.65625 124.4812469482421875 124.6437530517578125 118.91249847412109375 113.0749969482421875 109.24375152587890625 101.9187469482421875
141.71875 139.1875 139.037506103515625 137.881256103515625 136.056243896484375 131.8125 128.7687530517578125 123.59375 119.1875 115.25624847412109375 109.99375152587890625 103.3125 96.84999847412109375 92.40625 88.41249847412109375 79.8000030517578125 71.3000030517578125 71.84375 77.875 82.4187469482421875 88.28125 96.1687469482421875 106.0187530517578125 116.4250030517578125 121.58750152587890625 112.05625152587890625 102.4875030517578125 96.3000030517578125 96.78125 98.2062530517578125 99.59999847412109375 99.72499847412109375 95.3125 92.28749847412109375 98.9875030517578125 105.21875 117.0124969482421875 131.881256103515625 141.5812530517578125 130.5749969482421875 121.4812469482421875 113.3625030517578125 104.5625 100
131.600006103515625 131.412506103515625 129.912506103515625 130.087493896484375 128.1437530517578125 122.75624847412109375 118.875 115.24375152587890625 111.28749847412109375 104.8562469482421875 100.4812469482421875 97.03749847412109375 91.5437469482421875 87.40625 85.52500152587890625 81.3249969482421875 74.1437530517578125 65.6750030517578125 72.56874847412109375 76.0749969482421875 81.6125030517578125 88.7937469482421875 101.53749847412109375 110.3125 113.75624847412109375 104.36875152587890625 94.59375 90.8125 92.22499847412109375 91.55625152587890625 88.3000030517578125 87.4250030517578125 99.22499847412109375 103.1999969482421875 102.0500030517578125 112.83750152587890625 127.46250152587890625 136.256256103515625 140 131.8312530517578125 116.21250152587890625 107.80625152587890625 99.43125152587890625 94.75
122.2312469482421875 122.33750152587890625 119.8125 118.94374847412109375 118.6687469482421875 115.00624847412109375 109.90625 107.5124969482421875 104.80625152587890625 99.4562530517578125 95.1750030517578125 89.72499847412109375 85.78749847412109375 83.63124847412109375 79.28749847412109375 77.6374969482421875 73.9812469482421875 68.1999969482421875 64.8125 66.70000457763671875 75.53125 88.56874847412109375 85.5749969482421875 94.99375152587890625 99.15625 98.2312469482421875 92.3562469482421875 87.0749969482421875 88.66249847412109375 89.3000030517578125 88.09375 89.1875 97.2937469482421875 98.74375152587890625 100.81874847412109375 109.3625030517578125 116.31874847412109375 121.3874969482421875 125.52500152587890625 116.65625 107.91249847412109375 98.53125 92.41249847412109375 87.8937530517578125
