data/historical-monthly-weather-data/wc2.1_cruts4.09_10m_prec_2021-03.asc
ncols        45
nrows        45
xllcorner    -63.500000000000
yllcorner    -7.500000000000
cellsize     0.166666666667
NODATA_value -9999
[rows 0 to 19 of 45, columns 0 to 44 of 45]
280.506256103515625 286.25 287.681243896484375 296.85626220703125 303.006256103515625 308.912506103515625 309.20001220703125 308.25 304.90625 306.625 313.818756103515625 318.868743896484375 323.6875 323.524993896484375 320.96875 317.412506103515625 317.45001220703125 310.79998779296875 308.08123779296875 305.38751220703125 308.837493896484375 311.568756103515625 315.056243896484375 313.39373779296875 314.33123779296875 314.23748779296875 309.45623779296875 307.70623779296875 303.931243896484375 295.01251220703125 290.100006103515625 282.16876220703125 279.61248779296875 279.67498779296875 279.23126220703125 282.912506103515625 285.96875 289.787506103515625 296.368743896484375 301.82501220703125 307.57501220703125 312.85626220703125 316.48126220703125 321.100006103515625 321.90625
291.337493896484375 296.375 304.04376220703125 313.42498779296875 321.806243896484375 326.71875 326.725006103515625 327.65625 329.475006103515625 332.4375 338.70623779296875 341.21875 343.399993896484375 342.82501220703125 338.756256103515625 334.899993896484375 332.60626220703125 325.112518310546875 316.76873779296875 309.84375 311.037506103515625 313.006256103515625 316.10626220703125 315.86248779296875 316.118743896484375 316.381256103515625 312.181243896484375 311.475006103515625 307.84375 300.67498779296875 294.95001220703125 290.818756103515625 288.65625 291.78125 291.056243896484375 295.087493896484375 299.15625 302.32501220703125 308.39373779296875 313.125 319.3125 324.037506103515625 327.193756103515625 330.88751220703125 332.21875
302.712493896484375 309.41876220703125 318.92498779296875 328.86248779296875 336.10626220703125 340.51251220703125 344.818756103515625 349.556243896484375 352.899993896484375 357.51251220703125 359.53125 358.543731689453125 359.100006103515625 357.756256103515625 352.82501220703125 349.78125 346.61248779296875 341.131256103515625 333.78125 328.068756103515625 330.475006103515625 334.10626220703125 336.04376220703125 336.48748779296875 336.84375 334.8125 331.14373779296875 329.98748779296875 325.23126220703125 317.70623779296875 313.33123779296875 309.306243896484375 308.006256103515625 307.76873779296875 309.368743896484375 309.88751220703125 312.875 316.70623779296875 322.068756103515625 328 333.850006103515625 337.587493896484375 340.10626220703125 342.23748779296875 344.51251220703125
311.462493896484375 321.056243896484375 334.41876220703125 343.618743896484375 350.83123779296875 354.243743896484375 359.899993896484375 367.16876220703125 374.54376220703125 379.625 379.0625 373.73748779296875 370.09375 367.01251220703125 362.681243896484375 359.20623779296875 358.46875 356.73748779296875 353.42498779296875 350.17498779296875 355.162506103515625 358.318756103515625 358.787506103515625 358.506256103515625 358.162506103515625 355.53125 351.83123779296875 347.462493896484375 342.51251220703125 336.65625 330.78125 329.09375 326.631256103515625 325.10626220703125 324.899993896484375 326.318756103515625 328.39373779296875 331.20623779296875 338.068756103515625 343.54998779296875 347.493743896484375 351.600006103515625 353.962493896484375 354.64373779296875 356.21875
329.412506103515625 336.84375 345.375 355.774993896484375 363.118743896484375 366.45623779296875 370.26873779296875 378.54376220703125 389.95001220703125 398.431243896484375 394.64373779296875 384.337493896484375 378.850006103515625 377.306243896484375 371.71875 369.66876220703125 369.01873779296875 372.137481689453125 371.13751220703125 369.88751220703125 376.63751220703125 379.493743896484375 382.118743896484375 382.125 380.5 377.649993896484375 371.162506103515625 366.04376220703125 363.91876220703125 355.649993896484375 351.48748779296875 347.399993896484375 346.649993896484375 345.256256103515625 343.84375 344.587493896484375 345.0625 346.006256103515625 353.73126220703125 358.58123779296875 363.75 365.693756103515625 366.88751220703125 368.07501220703125 367.368743896484375
345.524993896484375 353.6875 364.381256103515625 370.65625 373.07501220703125 376.73126220703125 380.381256103515625 386.92498779296875 398.73126220703125 409.375 401.35626220703125 390.443756103515625 386.981231689453125 384.36248779296875 381.21875 380.256256103515625 381.475006103515625 386.82501220703125 390.48748779296875 391.48748779296875 397.712493896484375 402.70623779296875 406.574981689453125 406.01873779296875 404.79998779296875 403.98126220703125 397.73748779296875 390.962493896484375 385.95001220703125 378.793731689453125 372.4375 368.20001220703125 364.412506103515625 365.26251220703125 364.875 364.08123779296875 365.75 366.375 374.631256103515625 381.756256103515625 384.96875 386.787506103515625 387.29376220703125 387.15625 384.631256103515625
359.256256103515625 366.28125 375.5 378.67498779296875 377.818756103515625 379.23126220703125 381.350006103515625 382.881256103515625 385.89373779296875 388.95623779296875 390.66876220703125 387.61248779296875 387.443756103515625 387.46875 387.274993896484375 388.024993896484375 390.89373779296875 397.34375 403.4375 411.42498779296875 417.58123779296875 424.993743896484375 429.40625 430.17498779296875 430.70623779296875 429.600006103515625 423.6875 416.100006103515625 407.88751220703125 398.11248779296875 394.13751220703125 388.40625 384.04376220703125 381.631256103515625 381.087493896484375 381.875 382.23748779296875 383.21875 395.868743896484375 402.056243896484375 402.149993896484375 403.943756103515625 403.86248779296875 403.318756103515625 402.568756103515625
367.85626220703125 373.26251220703125 379.14373779296875 382.375 383.193756103515625 382.868743896484375 378.5625 370.381256103515625 362.631256103515625 364.46875 374.85626220703125 380.42498779296875 386.01251220703125 389.881256103515625 392.0625 395.16876220703125 397.48748779296875 404.931243896484375 414.73126220703125 426.306243896484375 436.01251220703125 445.212493896484375 452.14373779296875 453.506256103515625 457.54376220703125 455.475006103515625 447.16876220703125 438.61248779296875 428 417.056243896484375 409.90625 407.04998779296875 400.912506103515625 397.45623779296875 395.83123779296875 396.11248779296875 396.73748779296875 397.51873779296875 409.39373779296875 415.40625 416.899993896484375 418.11248779296875 417.70001220703125 416.399993896484375 413.79376220703125
374.54376220703125 378.524993896484375 384.625 388.14373779296875 388.168731689453125 386.48748779296875 380.36248779296875 368.725006103515625 352.0625 348.85626220703125 365.649993896484375 376.96875 386.92498779296875 391.506256103515625 397.931243896484375 405.16876220703125 410.631256103515625 418.86248779296875 431.412506103515625 443.64373779296875 450.725006103515625 463.087493896484375 471.462493896484375 480.931243896484375 485.42498779296875 481.54376220703125 468.09375 455.399993896484375 445.36248779296875 431.8125 424.13751220703125 420.26251220703125 413.712493896484375 408.70623779296875 405.11248779296875 407.54998779296875 411.662506103515625 413.53125 425.16876220703125 431.125 433.087493896484375 433.3125 432.73126220703125 430.287506103515625 423.743743896484375
381 383.73126220703125 388.818756103515625 392.287506103515625 393.66876220703125 392.350006103515625 387.63751220703125 378.01251220703125 366.20623779296875 363.98748779296875 373.712493896484375 380.36248779296875 389.39373779296875 395.53125 404.83123779296875 415.95623779296875 425.943756103515625 434.73126220703125 446.11248779296875 458.0625 466.04376220703125 480.006256103515625 494.399993896484375 509.568756103515625 511.556243896484375 506.54998779296875 491.04998779296875 474.975006103515625 460.5625 443.98748779296875 433.61248779296875 430.84375 425.42498779296875 421.13751220703125 416.75 419.54998779296875 424.28125 428.8125 441.09375 448.943756103515625 452.306243896484375 452.36248779296875 447.850006103515625 439.07501220703125 432.375
386.76873779296875 389.07501220703125 392.91876220703125 396.90625 400.14373779296875 400.962493896484375 398.212493896484375 390.29998779296875 383.287506103515625 382.60626220703125 386.92498779296875 391.350006103515625 396.350006103515625 403.193756103515625 414.943756103515625 427.806243896484375 439.91876220703125 449.056243896484375 458.143768310546875 469.33123779296875 481.1875 496.96875 517.70623779296875 531.2249755859375 540.35626220703125 530.13751220703125 511.506256103515625 496.29376220703125 478.350006103515625 457.65625 447.04998779296875 441.45623779296875 434.850006103515625 429.899993896484375 425.993743896484375 429.1875 434.70001220703125 440.9375 454.037506103515625 464.774993896484375 469.04998779296875 466.181243896484375 457.943756103515625 446.5 437.774993896484375
389.756256103515625 392.506256103515625 396.618743896484375 402.04376220703125 404.79998779296875 408.11248779296875 408.58123779296875 403.70001220703125 398.92498779296875 397.25 399.274993896484375 403.0625 407.59375 414.90625 429.88751220703125 442.82501220703125 451.600006103515625 458.600006103515625 466.76873779296875 476.037506103515625 484.92498779296875 503.17498779296875 529.5562744140625 553.0625 559.11248779296875 539.39373779296875 518.1624755859375 502.26873779296875 488.71875 472.98126220703125 457.42498779296875 448.01251220703125 439.662506103515625 433.17498779296875 428.08123779296875 435.48126220703125 444.649993896484375 453.39373779296875 466.15625 478.98126220703125 484.90625 478.51251220703125 463.79376220703125 443.10626220703125 427.91876220703125
392.13751220703125 394.73748779296875 399.91876220703125 404.57501220703125 408.943756103515625 413.91876220703125 415.193756103515625 413.662506103515625 409.875 409.71875 412.95001220703125 417.818756103515625 425.10626220703125 430.818756103515625 444.306243896484375 456.09375 463.33123779296875 470.15625 478.45623779296875 484.29998779296875 487.76873779296875 505.3125 530.95001220703125 550.13751220703125 545.67498779296875 530.28753662109375 520.3187255859375 509.46875 498.9375 484.962493896484375 469.66876220703125 455.125 443.40625 435.34375 429.76251220703125 437.70001220703125 449.787506103515625 461.6875 477.17498779296875 492.725006103515625 501.61248779296875 491.04376220703125 463.71875 436.78125 416.01251220703125
392.0625 395.76251220703125 401.04998779296875 406.149993896484375 412.037506103515625 415.475006103515625 419.256256103515625 421.868743896484375 422.11248779296875 422.66876220703125 425.33123779296875 432.75 441.01251220703125 450.6875 458.14373779296875 469.225006103515625 475.45623779296875 480.57501220703125 487.181243896484375 493.98126220703125 501.11248779296875 514.1624755859375 531.04376220703125 540.25 537.0999755859375 530.21875 522.9937744140625 514.3687744140625 505.118743896484375 492.1875 479.20001220703125 463.774993896484375 447.087493896484375 434.54376220703125 427.712493896484375 438.88751220703125 455.01251220703125 468.9375 483.975006103515625 498.212493896484375 505.875 486.475006103515625 460.86248779296875 438.14373779296875 419.100006103515625
388.1875 391.0625 397.056243896484375 404.631256103515625 411.66876220703125 415.725006103515625 421.774993896484375 427.131256103515625 429.556243896484375 432.51873779296875 438.04998779296875 446.743743896484375 456.20623779296875 465.943756103515625 469.8125 478.61248779296875 483.67498779296875 489.993743896484375 494.881256103515625 500.71875 508.90625 518.83123779296875 529.61248779296875 535.4625244140625 536.58123779296875 536.39373779296875 529.79376220703125 521.70001220703125 514.2249755859375 502.28125 485.181243896484375 467.48126220703125 450.54376220703125 431.462493896484375 420.431243896484375 436.04376220703125 456.9375 473.4375 482.79998779296875 487.54998779296875 483.96875 471.975006103515625 458.881256103515625 440.1875 424.26251220703125
380.743743896484375 385.006256103515625 392.5 400.96875 409.306243896484375 416.756256103515625 422.89373779296875 428.725006103515625 436.36248779296875 443.70623779296875 450.3125 461.556243896484375 472.600006103515625 482.04998779296875 485.6875 489 492.01873779296875 497.90625 501.975006103515625 508.118743896484375 514.1937255859375 520.98748779296875 528.80621337890625 533.26873779296875 535.54998779296875 538.5687255859375 534.26251220703125 529.04376220703125 524.91876220703125 512.75 497.0625 477.368743896484375 455.46875 435.381256103515625 421.774993896484375 446.40625 466.82501220703125 475.13751220703125 476.85626220703125 476.600006103515625 471.100006103515625 463.48748779296875 453.88751220703125 439.84375 425.83123779296875
373.4375 379.506256103515625 386.58123779296875 396.412506103515625 406.70001220703125 415.04376220703125 424.13751220703125 431.78125 442.01873779296875 452.84375 461.86248779296875 475.787506103515625 489.07501220703125 497.743743896484375 502.706268310546875 502.65625 499.475006103515625 501.875 507.399993896484375 512.31878662109375 517.1187744140625 522.95001220703125 529.93121337890625 533.7874755859375 537.6812744140625 538.6624755859375 536.3125 534.5374755859375 530.78125 521.9124755859375 507.98126220703125 488.90625 467.98748779296875 452.962493896484375 455.443756103515625 476.681243896484375 485.91876220703125 484.51251220703125 476.818756103515625 469.737518310546875 465.64373779296875 459.08123779296875 448.51873779296875 436.58123779296875 426.037506103515625
361.46875 368.84375 378.287506103515625 389.88751220703125 401.29376220703125 411 420.8125 431.399993896484375 445.86248779296875 460.26251220703125 473.85626220703125 490.90625 503.13751220703125 513.71875 516.98748779296875 514.1875 509.88751220703125 501.524993896484375 510.78125 515.0374755859375 520.9625244140625 524.6624755859375 528.07501220703125 530.4375 533.39373779296875 537.9437255859375 534.28753662109375 535.45001220703125 535.88751220703125 528.0374755859375 512.9312744140625 487.050018310546875 470.443756103515625 464.85626220703125 476.693756103515625 510.3125 503.33123779296875 489.23748779296875 475.162506103515625 467.70001220703125 459.26251220703125 452 443.149993896484375 432.15625 422.10626220703125
348.25 357.08123779296875 367.26873779296875 379.95623779296875 393.693756103515625 406.600006103515625 418.774993896484375 431.48748779296875 448.98126220703125 467.412506103515625 484.693756103515625 499.11248779296875 515.1937255859375 528.2874755859375 527.7750244140625 522.2750244140625 515.1187744140625 505.21875 505.787506103515625 510.91876220703125 519.01251220703125 524.4437255859375 519.1624755859375 521.8375244140625 526.33123779296875 532.4375 532.42498779296875 532.11248779296875 534.61248779296875 530.34375 518.23748779296875 487.73748779296875 464.71875 449.631256103515625 454.131256103515625 482.412506103515625 484.17498779296875 478.318756103515625 471.20001220703125 462.64373779296875 455.28125 446.5625 438.475006103515625 429.149993896484375 419.79376220703125
331.899993896484375 343.068756103515625 354.568756103515625 368.681243896484375 384.51251220703125 401.04998779296875 416.274993896484375 431.6875 452.556243896484375 473.23126220703125 492.53125 506.881256103515625 524.88751220703125 541.28125 535.46875 521.6812744140625 508.274993896484375 505.662506103515625 503.14373779296875 505.850006103515625 507.899993896484375 507.962493896484375 509.443756103515625 510.51251220703125 514.59375 519.4000244140625 521.4124755859375 524.66876220703125 524.88751220703125 517.20623779296875 501.818756103515625 477.256256103515625 445.962493896484375 417.01873779296875 400.70001220703125 422.399993896484375 449.399993896484375 461.14373779296875 462.524993896484375 459.006256103515625 451.743743896484375 443 436.037506103515625 428.0625 420.29376220703125
