data/historical-monthly-weather-data/wc2.1_cruts4.09_10m_prec_2003-04.asc
ncols        45
nrows        45
xllcorner    -63.500000000000
yllcorner    -7.500000000000
cellsize     0.166666666667
NODATA_value -9999
[rows 0 to 19 of 45, columns 0 to 44 of 45]
328.631256103515625 337.59375 338.84375 345.83123779296875 346.58123779296875 340.01251220703125 331.61248779296875 317.912506103515625 307.59375 302.181243896484375 300.75 299 295.756256103515625 290.34375 285.350006103515625 281.20001220703125 278.46875 272.79998779296875 270.1875 268.04376220703125 268.04376220703125 269.693756103515625 270.931243896484375 276.35626220703125 280.09375 287.193756103515625 295.92498779296875 307.350006103515625 318.54376220703125 335.70001220703125 355.01251220703125 375.33123779296875 394.524993896484375 416.70001220703125 438.162506103515625 455.35626220703125 468.79998779296875 481.631256103515625 492.14373779296875 498.850006103515625 504.76873779296875 506.212493896484375 502.125 500.35626220703125 491.64373779296875
337.40625 346.631256103515625 357.443756103515625 367.181243896484375 375.13751220703125 367.21875 356.60626220703125 348.193756103515625 339.587493896484375 333.01251220703125 329.95001220703125 325.20001220703125 320.399993896484375 314.131256103515625 306.10626220703125 301.40625 295.38751220703125 290.63751220703125 286.993743896484375 283.17498779296875 283.01251220703125 283.881256103515625 287.01873779296875 291.98126220703125 298.600006103515625 305.96875 314.86248779296875 326.899993896484375 337.20623779296875 356.287506103515625 379.774993896484375 405.16876220703125 426.63751220703125 451.75 473.48748779296875 491.587493896484375 509.881256103515625 524.59375 534.51251220703125 539.54998779296875 543.7249755859375 545.46875 541.25 535.4437255859375 524.45623779296875
334.975006103515625 346.912506103515625 357.20623779296875 370.54998779296875 381.568756103515625 378.70623779296875 374.03125 370.649993896484375 368.350006103515625 362.850006103515625 357.01873779296875 349.649993896484375 344.018768310546875 334.681243896484375 325.818756103515625 319.287506103515625 312.274993896484375 307.725006103515625 303.20001220703125 300.58123779296875 302.381256103515625 305.38751220703125 308.21875 314.46875 323.350006103515625 332.01873779296875 342.60626220703125 350.89373779296875 359.162506103515625 379.88751220703125 403.32501220703125 427.73126220703125 454.04376220703125 479.76251220703125 501.1875 519.2750244140625 541.7125244140625 560.9124755859375 569.60626220703125 575.51251220703125 579.84375 577.46875 572.2437744140625 566.45001220703125 553.70001220703125
325.274993896484375 337.743743896484375 353.40625 365.51251220703125 377.59375 382.600006103515625 385.287506103515625 388.51873779296875 392.506256103515625 392.33123779296875 385.67498779296875 374.64373779296875 364.149993896484375 354.931243896484375 344.543731689453125 336.943756103515625 330.100006103515625 325.29998779296875 321.006256103515625 319.20623779296875 323.66876220703125 328.04998779296875 330.875 339.787506103515625 349.88751220703125 358.21875 369.662506103515625 375.85626220703125 383.48748779296875 406.212493896484375 429.63751220703125 453.98748779296875 477.418731689453125 503.35626220703125 526.08123779296875 549.38751220703125 572.3187255859375 593.15625 606.0250244140625 609.8062744140625 614.11248779296875 612.9437255859375 602.6812744140625 592.73126220703125 580.65625
330.85626220703125 337.59375 344.51873779296875 357.48748779296875 373.98126220703125 383.1875 389.412506103515625 399.57501220703125 410.975006103515625 418.34375 409.506256103515625 392 380.943756103515625 372.125 361.03125 352.42498779296875 344.33123779296875 340.431243896484375 336.6875 335.25 342.29376220703125 347.45623779296875 352.35626220703125 364.693756103515625 373.48126220703125 383.01873779296875 391.82501220703125 401.837493896484375 411.837493896484375 431.75 455.0625 474.84375 498.11248779296875 525.51251220703125 550.9375 575.2249755859375 597.86248779296875 620.9937744140625 635.7562255859375 640.9625244140625 647.98126220703125 639.0062255859375 629.14373779296875 621.15625 604.5625
326.8125 335.01251220703125 342.625 348.15625 363.4375 375.75 384.0625 396.14373779296875 409.01251220703125 421.13751220703125 410.09375 394.78125 385.975006103515625 378.79998779296875 368.23748779296875 361.23748779296875 352.162506103515625 349.493743896484375 349.79998779296875 350.975006103515625 357.39373779296875 363.54376220703125 372.6875 383.868743896484375 394.82501220703125 406.26873779296875 414.29998779296875 423.0625 432.14373779296875 450.381256103515625 471.6875 493.70001220703125 512.3187255859375 537.98126220703125 565.59375 587.95623779296875 613.91876220703125 637.17498779296875 651.35626220703125 660.9375 661.33123779296875 652.07501220703125 644.07501220703125 637.23126220703125 622.64373779296875
323.881256103515625 331.39373779296875 339.20001220703125 343.82501220703125 349.73126220703125 357.79998779296875 367.04998779296875 378.337493896484375 386.35626220703125 391.89373779296875 393.212493896484375 388.875 387.29998779296875 381.82501220703125 374.149993896484375 369.725006103515625 362.67498779296875 358.225006103515625 358.243743896484375 362.86248779296875 372.243743896484375 381.59375 391.71875 401.08123779296875 413.806243896484375 426.88751220703125 436.04376220703125 441.92498779296875 449.806243896484375 467.45001220703125 488.48126220703125 507.756256103515625 527.51251220703125 547.9749755859375 573.26873779296875 595.2562255859375 617.4437255859375 641.86248779296875 661.01873779296875 669.7125244140625 664.0062255859375 656.76251220703125 650.82501220703125 644.58123779296875 633.2874755859375
321.774993896484375 326.456268310546875 332.01873779296875 338.725006103515625 345.13751220703125 350.76873779296875 352.35626220703125 353.03125 352.78125 358.59375 371.98126220703125 380 384.20001220703125 384.212493896484375 380.66876220703125 376.462493896484375 370.693756103515625 367.64373779296875 366.29376220703125 373.087493896484375 386.23126220703125 398.58123779296875 408.98748779296875 419.51873779296875 434.912506103515625 445.48748779296875 453.57501220703125 459.600006103515625 467.5625 484.95001220703125 500.787506103515625 518.17498779296875 536.5875244140625 556.0999755859375 577.76251220703125 593.375 614.73126220703125 635.6875 650.23748779296875 656.2562255859375 655.57501220703125 652.6812744140625 647.08123779296875 639.23126220703125 624.8062744140625
319.600006103515625 324.462493896484375 329.399993896484375 334.056243896484375 339.83123779296875 343.36248779296875 345.79998779296875 344.537506103515625 337.35626220703125 337.493743896484375 355.493743896484375 368.67498779296875 381.76251220703125 384.756256103515625 382.318756103515625 380.899993896484375 378.66876220703125 378.375 380.518768310546875 385.743743896484375 393.40625 409.73126220703125 421.16876220703125 435.725006103515625 450.51873779296875 458.73126220703125 464.931243896484375 471.587493896484375 478.91876220703125 493.79998779296875 509.806243896484375 521.0999755859375 534.85626220703125 548.1312255859375 567.32501220703125 582.29998779296875 601.9124755859375 617.07501220703125 630.03125 634.83123779296875 635.6187744140625 631.21875 629.4749755859375 625.75 605.23748779296875
317.068756103515625 319.96875 325.381256103515625 330.212493896484375 334.506256103515625 338.85626220703125 342.725006103515625 342.64373779296875 342.475006103515625 347.931243896484375 361.162506103515625 370.068756103515625 380.5625 384.8125 386.36248779296875 385.66876220703125 385.725006103515625 388.443756103515625 391.91876220703125 401.29998779296875 409.96875 422.29998779296875 433.79998779296875 450.98126220703125 461.29998779296875 466.92498779296875 472.13751220703125 477.962493896484375 486.556243896484375 502.725006103515625 511.66876220703125 517.6875 527.67498779296875 538.85626220703125 553.7249755859375 568.6500244140625 581.51873779296875 594.57501220703125 605.0875244140625 613.33123779296875 618.125 615.48126220703125 612.20001220703125 601.64373779296875 586.29998779296875
314.725006103515625 318.350006103515625 322.8125 326.89373779296875 329.28125 334.631256103515625 339.96875 342.46875 347.51251220703125 355.88751220703125 368.774993896484375 379.58123779296875 383.337493896484375 387.20623779296875 387.84375 387.975006103515625 390.45623779296875 395.912506103515625 402.91876220703125 412.587493896484375 428.10626220703125 440.006256103515625 448.256256103515625 452.375 467.806243896484375 474.17498779296875 475.618743896484375 479.79998779296875 485.48748779296875 498.89373779296875 505.23126220703125 508.39373779296875 516.8375244140625 525.6624755859375 537.59375 545.54376220703125 555.5999755859375 567.34375 578.60626220703125 587.45623779296875 591.82501220703125 589.89373779296875 591.71875 586.6937255859375 570.17498779296875
311.625 314.493743896484375 318.537506103515625 325.79376220703125 329.868743896484375 333.48748779296875 340.850006103515625 347.100006103515625 354.9375 364.506256103515625 377.306243896484375 388.66876220703125 387.587493896484375 387.76873779296875 387.91876220703125 388.92498779296875 390.931243896484375 397.193756103515625 405.962493896484375 417.60626220703125 433.54998779296875 446.793731689453125 457.11248779296875 465.66876220703125 469.875 468.65625 468.743743896484375 470.09375 475.181243896484375 482.818756103515625 487.71875 490.756256103515625 495.90625 503.850006103515625 513.78125 522.1812744140625 533.29376220703125 545.0875244140625 551.4437255859375 556.0374755859375 562.1875 563.1937255859375 563.79376220703125 553.9625244140625 538.5875244140625
309.53125 312.08123779296875 316.5 322.53125 328.287506103515625 335.84375 341.71875 347.556243896484375 355.243743896484375 367.524993896484375 379.96875 390.943756103515625 391.16876220703125 382.893768310546875 382.568756103515625 386.149993896484375 387.087493896484375 393.850006103515625 404.868743896484375 415.350006103515625 432.425018310546875 444.6875 451.90625 459.162506103515625 453.024993896484375 448.943756103515625 453.5 454.64373779296875 460.975006103515625 465.4375 468.38751220703125 469.34375 472.806243896484375 479.48126220703125 486.412506103515625 497.1875 508.475006103515625 519.68121337890625 527.88751220703125 532.6812744140625 530.48126220703125 535.3125 532.1812744140625 524.5562744140625 516.76251220703125
306.193756103515625 308.70623779296875 312.10626220703125 317.60626220703125 325.38751220703125 332.631256103515625 338.28125 344.9375 354.274993896484375 364.774993896484375 373.45623779296875 379.162506103515625 381.14373779296875 377.58123779296875 373.76251220703125 378.5 379.600006103515625 384.462493896484375 396.256256103515625 405.225006103515625 421.23748779296875 431.850006103515625 441.08123779296875 441.287506103515625 438.32501220703125 436.350006103515625 438.368743896484375 440.375 444.1875 447.881256103515625 448.899993896484375 449.725006103515625 448.943756103515625 454.087493896484375 461.82501220703125 473.662506103515625 484.78125 498.32501220703125 509.33123779296875 511.60626220703125 503.600006103515625 499 505.412506103515625 512.6812744140625 511.3125
301.231231689453125 304.443756103515625 308.743743896484375 314.837493896484375 323.306243896484375 330.20001220703125 337.01873779296875 343.45001220703125 350.28125 357.78125 364.70001220703125 369.26873779296875 369.5625 366.70001220703125 361.587493896484375 361.8125 364.48126220703125 373.837493896484375 384.556243896484375 394.04376220703125 407.95623779296875 421.84375 429.256256103515625 429.0625 426.73126220703125 427.03125 427.506256103515625 429.98126220703125 433.59375 434.23126220703125 430.868743896484375 425.881256103515625 428.79998779296875 430.95623779296875 435.88751220703125 446.287506103515625 465.38751220703125 485.256256103515625 496.087493896484375 494.73748779296875 488.45623779296875 490.368743896484375 503.375 505.181243896484375 499.54376220703125
294.4375 297.95001220703125 304.443756103515625 312.11248779296875 320.056243896484375 326.881256103515625 333.29998779296875 339.86248779296875 347.88751220703125 353.29998779296875 358.09375 360.912506103515625 360.92498779296875 356.368743896484375 348.98748779296875 341.61248779296875 348.65625 362.75 372.03125 382.42498779296875 397.225006103515625 409.631256103515625 417.04998779296875 417.649993896484375 415.337493896484375 417.318756103515625 416.10626220703125 419.38751220703125 422.5 423.181243896484375 422 415.431243896484375 408.600006103515625 407.23748779296875 407.649993896484375 427.600006103515625 447.13751220703125 468.53125 481.73748779296875 488.84375 487.79998779296875 492.75 497.962493896484375 495.78125 487.537506103515625
286.20623779296875 291.53125 299.57501220703125 308.26251220703125 316.11248779296875 322.83123779296875 331.03125 337.51251220703125 342.91876220703125 348.100006103515625 351.23748779296875 353.28125 351.712493896484375 347.29998779296875 342.375 338.45623779296875 336.92498779296875 347.95001220703125 360.38751220703125 372.493743896484375 387.88751220703125 402.59375 410.86248779296875 406.98126220703125 405.0625 405.54998779296875 405.88751220703125 408.631256103515625 413.29998779296875 415.1875 412.51251220703125 405.88751220703125 399.79998779296875 396.90625 405.08123779296875 419.04376220703125 439.88751220703125 463.350006103515625 484.818756103515625 490.274993896484375 492.037506103515625 493.82501220703125 490.068756103515625 486.0625 475.912506103515625
275.568756103515625 283.693756103515625 292.1875 303.45001220703125 312.10626220703125 320.04998779296875 329.037506103515625 334.193756103515625 338.774993896484375 341.83123779296875 343.08123779296875 343.92498779296875 341.818756103515625 339.181243896484375 335.45001220703125 333.40625 331.29998779296875 331.20001220703125 346.774993896484375 359.600006103515625 378.95623779296875 394.11248779296875 403.9375 400.625 400 400.88751220703125 397.193756103515625 403.318756103515625 409.300018310546875 409.11248779296875 400.131256103515625 383.13751220703125 385.962493896484375 389.899993896484375 395.412506103515625 414.45001220703125 435.024993896484375 456.53125 474.649993896484375 488.6875 487.337493896484375 486.73126220703125 483.149993896484375 477.79376220703125 469.16876220703125
263.850006103515625 274.17498779296875 285.212493896484375 296.08123779296875 306.149993896484375 315.64373779296875 323.91876220703125 331.681243896484375 336.29376220703125 338.26873779296875 337.04376220703125 333.40625 331.48748779296875 331.08123779296875 324.931243896484375 322.96875 322.100006103515625 323.3125 329.54376220703125 342.08123779296875 369.29376220703125 389.806243896484375 390.13751220703125 393.350006103515625 396.98126220703125 402.256256103515625 403.0625 405.78125 411.92498779296875 408.774993896484375 398.912506103515625 383.368743896484375 379.33123779296875 372.350006103515625 376.118743896484375 395.67498779296875 417.9375 438.54376220703125 460.85626220703125 472.75 480.15625 480.375 475.41876220703125 470.16876220703125 462.76873779296875
251.881256103515625 264.38751220703125 275.66876220703125 285.91876220703125 298.76873779296875 311.33123779296875 321.91876220703125 328.04376220703125 332.274993896484375 333.86248779296875 330.975006103515625 328.54998779296875 325.868743896484375 323.368743896484375 315.8125 307.850006103515625 304.037506103515625 312.29998779296875 317.58123779296875 328.912506103515625 350.86248779296875 369.399993896484375 385.524993896484375 390.493743896484375 395.20623779296875 400.32501220703125 403.73748779296875 410.556243896484375 412.45001220703125 404.1875 389.631256103515625 382.125 371.881256103515625 357.506256103515625 352.28125 371.149993896484375 401.15625 428.756256103515625 449.23126220703125 463.712493896484375 470.318756103515625 471.03125 467.475006103515625 462.61248779296875 452.20623779296875
