data/historical-monthly-weather-data/wc2.1_cruts4.09_10m_prec_2023-09.asc
ncols        51
nrows        45
xllcorner    -63.500000000000
yllcorner    -7.500000000000
cellsize     0.166666666667
NODATA_value -9999
[rows 19 to 37 of 45, columns 0 to 43 of 51]
119.68125152587890625 119.6062469482421875 115.23125457763671875 111.375 107.5625 103.0187530517578125 97.06874847412109375 90.5500030517578125 86.18125152587890625 80.66249847412109375 74.7937469482421875 69.11875152587890625 63.21250152587890625 57.668750762939453125 53.331249237060546875 50.0625 46.262500762939453125 45.18125152587890625 43.40625 43.58750152587890625 42.78749847412109375 42.674999237060546875 44.47499847412109375 45.956249237060546875 46.61875152587890625 45.825000762939453125 44.84375 43.9375 41.25 38.825000762939453125 37.78749847412109375 41.825000762939453125 45.09999847412109375 49.43125152587890625 51.668750762939453125 46.61875152587890625 40.893749237060546875 36.043750762939453125 31.568750381469726562 26.587499618530273438 21.443750381469726562 17.418750762939453125 15.46875 14.3125
112.55625152587890625 113.59375 110.7375030517578125 107.49375152587890625 103.9812469482421875 99.15000152587890625 94.33750152587890625 88.9875030517578125 85.52500152587890625 81.0625 75.44374847412109375 70.5 64.5749969482421875 58.293750762939453125 54.299999237060546875 49.950000762939453125 46.1875 44.012500762939453125 43.66249847412109375 42.49375152587890625 43.168750762939453125 44.21875 45.168750762939453125 46.56874847412109375 47.893749237060546875 47.637500762939453125 46.356250762939453125 44.5625 42.90625 43.174999237060546875 44 47.49375152587890625 50.78125 55.418750762939453125 60 52.424999237060546875 42.84999847412109375 36.03125 30.706249237060546875 25.962499618530273438 21.768749237060546875 18.575000762939453125 16.462499618530273438 15.106249809265136719
107.0749969482421875 106.86875152587890625 104.5 101.93125152587890625 99.8562469482421875 96.5437469482421875 92.1437530517578125 88.1999969482421875 85.27500152587890625 81.4812469482421875 76.59375 72.21250152587890625 67.40625 61.706249237060546875 57.21875 52.13124847412109375 48.262500762939453125 45.78749847412109375 45.13124847412109375 44 43.21875 43.956249237060546875 44.875 46.106250762939453125 46.96250152587890625 47.356250762939453125 47.887500762939453125 46.731250762939453125 46.68125152587890625 47.799999237060546875 49.112499237060546875 51.53749847412109375 53.8125 56.768749237060546875 56.799999237060546875 50.58750152587890625 42 35.575000762939453125 30.325000762939453125 26.149999618530273438 22.668750762939453125 20.068750381469726562 18.256250381469726562 16.737499237060546875
102.40000152587890625 103.3562469482421875 100.4499969482421875 98.34375 96.4187469482421875 93.625 90.5812530517578125 87.4812469482421875 85.80625152587890625 82.0625 78.8000030517578125 75.1875 71.91249847412109375 66.69374847412109375 60.606250762939453125 55.09999847412109375 50.41249847412109375 48.09999847412109375 46.418750762939453125 45.13124847412109375 44.393749237060546875 44.75624847412109375 45.06874847412109375 45.512500762939453125 46.731250762939453125 47.3125 47.90625 48.78125 49.106250762939453125 50.1875 52.3125 55.03749847412109375 55.512500762939453125 55.41249847412109375 53.08750152587890625 46.28125 39.831249237060546875 34.268749237060546875 29.956249237060546875 26.8125 24.21875 21.850000381469726562 19.981250762939453125 18.375
99.84999847412109375 99.3874969482421875 97.36875152587890625 94.8874969482421875 92.52500152587890625 91.27500152587890625 89.1750030517578125 86.4812469482421875 84.9875030517578125 82.0437469482421875 78.86875152587890625 77.11875152587890625 75.68125152587890625 70.27500152587890625 63.399997711181640625 57.43125152587890625 52.74375152587890625 50.33750152587890625 48.575000762939453125 46.825000762939453125 46.03125 45.706249237060546875 46.200000762939453125 46.71250152587890625 47.450000762939453125 47.56874847412109375 48.174999237060546875 49.21875 50.924999237060546875 52.6875 54.84375 57.518749237060546875 56.50624847412109375 54.78749847412109375 51.762500762939453125 44.93125152587890625 39.55625152587890625 35.25624847412109375 31.512500762939453125 29.012500762939453125 26.493749618530273438 24.206249237060546875 22.462499618530273438 20.825000762939453125
98.65000152587890625 97.3125 94.59375 91.83750152587890625 92.0124969482421875 90.49375152587890625 88.2937469482421875 86.0437469482421875 84.28749847412109375 82.0625 79.4812469482421875 76.94374847412109375 74.53125 70.21250152587890625 64.6374969482421875 59.06874847412109375 54.731250762939453125 52.03125 50.03749847412109375 48.59375 47.831249237060546875 47.19374847412109375 47.887500762939453125 48.424999237060546875 48.168750762939453125 48.862499237060546875 49.61875152587890625 50.924999237060546875 52.731250762939453125 55.05625152587890625 57.18125152587890625 59.33750152587890625 58.231250762939453125 55.581249237060546875 51.69374847412109375 45.83750152587890625 41.56874847412109375 37.72499847412109375 34.143749237060546875 31.493749618530273438 28.987499237060546875 26.975000381469726562 25.212499618530273438 24.012500762939453125
99.5749969482421875 99.11875152587890625 94.88124847412109375 92.81874847412109375 91.21875 89.49375152587890625 87.8625030517578125 85.7062530517578125 83.78749847412109375 81.90625 78.6750030517578125 76.1875 73.3249969482421875 69.1999969482421875 64.7624969482421875 60.16249847412109375 55.97499847412109375 53.68125152587890625 51.643749237060546875 50.08750152587890625 49.3125 48.53749847412109375 49.262500762939453125 49.893749237060546875 49.831249237060546875 49.956249237060546875 51.543750762939453125 53.55625152587890625 55.18125152587890625 57.668750762939453125 59.90000152587890625 62.27500152587890625 59.63124847412109375 56.31874847412109375 52.84375 48.762500762939453125 44.450000762939453125 40.78125 37.762500762939453125 34.768749237060546875 32.418750762939453125 30.131250381469726562 28.21875 27.125
102.25 100.40000152587890625 96.6999969482421875 94.4250030517578125 91.94374847412109375 90.31874847412109375 88.25 85.59999847412109375 82.9187469482421875 81.0812530517578125 78.83124542236328125 76.46875 73.27500152587890625 69.66249847412109375 65.78749847412109375 61.668750762939453125 58.34375 55.69374847412109375 53.72499847412109375 52.125 51.55625152587890625 50.80625152587890625 51.15625 52.668750762939453125 52.49375152587890625 52.887500762939453125 54.63124847412109375 56.22499847412109375 58.068752288818359375 60.34375 62.487499237060546875 64.0625 62.25624847412109375 58.94374847412109375 55.043750762939453125 51.61875152587890625 48.075000762939453125 44.4375 41.424999237060546875 38.575000762939453125 35.799999237060546875 33.63124847412109375 31.818750381469726562 30.131250381469726562
104.84999847412109375 102.8125 99.52500152587890625 95.84999847412109375 93.43125152587890625 91.08750152587890625 88.9375 86.31874847412109375 83.2312469482421875 81.4812469482421875 79.0437469482421875 76.5500030517578125 73.56874847412109375 70.77500152587890625 66.9875030517578125 63.262500762939453125 59.987499237060546875 57.581249237060546875 55.674999237060546875 54.46250152587890625 53.78125 53.27500152587890625 53.606250762939453125 54.88124847412109375 55.61875152587890625 55.9375 57.581249237060546875 59.34375 61.231250762939453125 63.762500762939453125 65.2687530517578125 66.72499847412109375 65.08750152587890625 61.59375 58.018749237060546875 54.71250152587890625 52.15000152587890625 49.125 46.03749847412109375 43 40.143749237060546875 37.9375 35.243747711181640625 33.668750762939453125
107.77500152587890625 105.16249847412109375 100.8625030517578125 96.84375 93.83750152587890625 91.02500152587890625 88.5749969482421875 86.34375 83.77500152587890625 81.5749969482421875 79.0500030517578125 76.38124847412109375 74.36875152587890625 71.3312530517578125 67.80625152587890625 65.3562469482421875 63.13124847412109375 59.5 57.46875 56.418750762939453125 56.143749237060546875 56.03749847412109375 56.581249237060546875 58.02500152587890625 58.30625152587890625 59.168750762939453125 60.893749237060546875 63.125 65.7312469482421875 67.21875 68.15625 69.25 67.03749847412109375 64.0437469482421875 61.50624847412109375 58.34999847412109375 56.49375152587890625 54.24375152587890625 51.418750762939453125 48.15625 44.018749237060546875 40.950000762939453125 38.825000762939453125 37.481250762939453125
110.0437469482421875 106.83750152587890625 101.4812469482421875 97.31874847412109375 94.1374969482421875 91.7312469482421875 89.5124969482421875 87.3312530517578125 84.8249969482421875 82.375 79.84375 78.03125 76.0124969482421875 73.44374847412109375 70.9812469482421875 68.08750152587890625 65.3249969482421875 62.737499237060546875 60.25 59.08750152587890625 59.27500152587890625 59.831249237060546875 60.081249237060546875 61.16249847412109375 62.362499237060546875 63.96875 65.4375 67.22499847412109375 69.00624847412109375 70.52500152587890625 71.9499969482421875 72.8874969482421875 70.3000030517578125 67.36875152587890625 65.16249847412109375 62.71875 61.30625152587890625 60.13124847412109375 56.38124847412109375 54.06874847412109375 50.625 46.96250152587890625 43.90000152587890625 42.268749237060546875
110.0437469482421875 106.61875152587890625 102.68125152587890625 97.9562530517578125 95.27500152587890625 93.30625152587890625 90.38750457763671875 88.09375 86.02500152587890625 84.00624847412109375 81.55625152587890625 79.7062530517578125 79.1687469482421875 76.5437469482421875 73.8000030517578125 70.97499847412109375 69.03749847412109375 66.59999847412109375 64.05625152587890625 63.27500152587890625 63.46250152587890625 64.43125152587890625 65.05625152587890625 65.8937530517578125 66.8625030517578125 68.6125030517578125 70.02500152587890625 71.5625 73.2062530517578125 73.40000152587890625 75.0437469482421875 75.97499847412109375 73.3125 71.56874847412109375 69.5500030517578125 66.71875 65.71875 65.3249969482421875 62.93125152587890625 60.543750762939453125 56.981250762939453125 52.856250762939453125 49.299999237060546875 47.03125
110.06874847412109375 105.11875152587890625 101.28749847412109375 98.0500030517578125 96.6999969482421875 94.125 91.69374847412109375 89.63750457763671875 87.9875030517578125 85.80625152587890625 83.84999847412109375 82.0437469482421875 80.30625152587890625 79.03749847412109375 77.40625 75.9812469482421875 73.63124847412109375 71.41249847412109375 69.6750030517578125 69.40000152587890625 69.90000152587890625 69.58750152587890625 70.3312530517578125 70.75 72.7687530517578125 73.28125 74.1437530517578125 76.3562469482421875 77.77500152587890625 77.7937469482421875 78.84999847412109375 78.625 76.5124969482421875 74.75624847412109375 72.7062530517578125 70.2375030517578125 69.36875152587890625 68.5500030517578125 66.71875 64.8874969482421875 62.30625152587890625 58.1875 54.799999237060546875 52.03125
103.34999847412109375 100.05625152587890625 96.9187469482421875 94.99375152587890625 94.3249969482421875 93.28749847412109375 92.63124847412109375 91.13124847412109375 89.59999847412109375 87.2687530517578125 87.68125152587890625 85.34375 84.21875 84.6687469482421875 83.2937469482421875 82.6374969482421875 81.03125 80.06874847412109375 78.5625 78.1999969482421875 77.875 77.28749847412109375 76.6437530517578125 76.99375152587890625 78.49375152587890625 78.46875 79.28125 81.1374969482421875 82.49375152587890625 83.25624847412109375 83.1687469482421875 82.81874847412109375 80.09999847412109375 78.2312469482421875 76.6687469482421875 74.2062530517578125 72.69374847412109375 70.81874847412109375 69.46875 68.75 66.84999847412109375 63.4375 60.61875152587890625 57.84375
94.9562530517578125 93.47499847412109375 92.50624847412109375 91.7375030517578125 91.49375152587890625 91.9875030517578125 93.1062469482421875 93.16249847412109375 91.2937469482421875 90.03749847412109375 89.3562469482421875 89.7062530517578125 89.06874847412109375 88.38124847412109375 88.74375152587890625 88.7375030517578125 89.15000152587890625 88.94374847412109375 88.3874969482421875 88.0500030517578125 87.2375030517578125 85.5625 84.09999847412109375 83.3562469482421875 83.49375152587890625 83.1875 83.9250030517578125 85.6374969482421875 86.63124847412109375 86.96875 87.11875152587890625 86.6687469482421875 84.0625 81.72499847412109375 80.0625 78.83750152587890625 76.1875 73.8562469482421875 73.03749847412109375 71.9562530517578125 70.38124847412109375 68.6374969482421875 66.86875152587890625 64.5500030517578125
87.24375152587890625 86.8249969482421875 87.2624969482421875 88.21250152587890625 89.1374969482421875 90.4499969482421875 93.1875 94.5625 92.5124969482421875 91.77500152587890625 92.46250152587890625 94.1687469482421875 94.31874847412109375 94.43125152587890625 95.40000152587890625 96.6125030517578125 97.5 97.3562469482421875 98.7312469482421875 98.28125 97.40625 94.8874969482421875 91.5437469482421875 89.65625 88.0625 88.11875152587890625 89.18125152587890625 90.1750030517578125 90.9812469482421875 90.66249847412109375 90.41249847412109375 89.2937469482421875 86.96875 84.8312530517578125 82.65625 80.43125152587890625 78.52500152587890625 77.46875 76.24375152587890625 75.69374847412109375 73.44374847412109375 71.625 71.1687469482421875 69.13124847412109375
78.1437530517578125 77.9375 79.33750152587890625 80.90000152587890625 82.4250030517578125 84.8625030517578125 87.18125152587890625 90.13750457763671875 90.3000030517578125 90.8874969482421875 93.6437530517578125 96.3125 98.9562530517578125 101.0500030517578125 102.50624847412109375 104.45624542236328125 105.63124847412109375 106.75624847412109375 108.5 109.6125030517578125 106.9562530517578125 103.4812469482421875 98.4499969482421875 95.19374847412109375 93.40625 92.6062469482421875 92.8874969482421875 93.9812469482421875 94.80625152587890625 93.8562469482421875 93.38124847412109375 92.34999847412109375 89.44374847412109375 87.3625030517578125 85.1374969482421875 82.4375 81.78749847412109375 80.2062530517578125 78.9499969482421875 78.0187530517578125 76.8625030517578125 75.0187530517578125 73.78125 72.4875030517578125
69.0187530517578125 69.4250030517578125 71.02500152587890625 72.65625 75.28749847412109375 78.2937469482421875 81.56874847412109375 84.8625030517578125 87.47499847412109375 89.40625 95.08750152587890625 102.1999969482421875 106.19374847412109375 109.0625 111.27500152587890625 112.68125152587890625 114.4875030517578125 114.8625030517578125 115.8625030517578125 116.4812469482421875 114.625 109.09375 103.8000030517578125 99.59375 97.31874847412109375 96.3625030517578125 96.06874847412109375 96.58750152587890625 97.375 96.5749969482421875 95.55625152587890625 94.5500030517578125 92.34375 90.33750152587890625 88.15000152587890625 86.1062469482421875 84.84999847412109375 83.71250152587890625 81.8249969482421875 80.22499847412109375 78.81874847412109375 76.9499969482421875 76.3625030517578125 75.74375152587890625
60.049999237060546875 61.143749237060546875 63.200000762939453125 65.00624847412109375 68.0749969482421875 72.0437469482421875 76.19374847412109375 80.69374847412109375 85.7937469482421875 89.9375 103.03125 110.83750152587890625 114.40625 117.3125 119.40000152587890625 121.28125 121.2937469482421875 121.58750152587890625 120.78749847412109375 119.56874847412109375 117.96875 112.6437530517578125 107.58750152587890625 103.0187530517578125 100.03125 98.40000152587890625 98.6999969482421875 99.4812469482421875 100.1374969482421875 99.3000030517578125 96.65000152587890625 95.26874542236328125 93.5 92.8625030517578125 91.28125 87.90625 86.59999847412109375 85.28749847412109375 84.7312469482421875 83.5 80.86875152587890625 80.5437469482421875 78.58750152587890625 77.4812469482421875
