data/historical-monthly-weather-data/wc2.1_cruts4.09_10m_prec_1963-07.asc
ncols        45
nrows        45
xllcorner    -63.500000000000
yllcorner    -7.500000000000
cellsize     0.166666666667
NODATA_value -9999
[rows 0 to 18 of 45, columns 0 to 42 of 45]
437.98748779296875 430.837493896484375 419.01873779296875 414.868743896484375 404.475006103515625 393.693756103515625 382.5625 367.98126220703125 360.118743896484375 355.037506103515625 343.443756103515625 330.78125 316.4375 307.03125 298.756256103515625 287.16876220703125 275.46875 260.14373779296875 247.6999969482421875 239.287506103515625 233.931243896484375 223.100006103515625 214.037506103515625 205.375 199.2375030517578125 189.931243896484375 184.84375 180.524993896484375 173.9499969482421875 169.587493896484375 158.3625030517578125 151.5124969482421875 149.368743896484375 144.125 138.7937469482421875 132.7375030517578125 124.4875030517578125 122.96250152587890625 116.0812530517578125 110.3125 108.6125030517578125 107.2375030517578125 102.47499847412109375
420.881256103515625 413 402.76873779296875 401.131256103515625 396.381256103515625 387.07501220703125 375.731231689453125 364.39373779296875 356.625 347.17498779296875 334.6875 319.556243896484375 304.92498779296875 292.42498779296875 279.875 268.11248779296875 255.1875 241.131256103515625 230.0187530517578125 220.087493896484375 208.774993896484375 202.40625 195.4937591552734375 191.0749969482421875 180.618743896484375 172.96875 169.381256103515625 166.568756103515625 159.568756103515625 151.7624969482421875 144.2687530517578125 141.274993896484375 137.899993896484375 135.475006103515625 130.9562530517578125 123.20624542236328125 115.71875 112.4187469482421875 105.96250152587890625 102.24375152587890625 102.06874847412109375 99.1750030517578125 95.91249847412109375
371.993743896484375 373.256256103515625 372.337493896484375 367.631256103515625 360.493743896484375 350.73748779296875 344.056243896484375 341.149993896484375 336.10626220703125 327.29376220703125 315.73126220703125 298.91876220703125 287.774993896484375 271.03125 257.33123779296875 244.4562530517578125 233.037506103515625 219.993743896484375 208.3937530517578125 200.649993896484375 189.8249969482421875 183.975006103515625 178.212493896484375 172.0625 163.350006103515625 153.493743896484375 154.587493896484375 151.443756103515625 146.443756103515625 140.1687469482421875 133.256256103515625 125.5500030517578125 122.8125 122.0437469482421875 113.75 105.63124847412109375 101.0124969482421875 98.94374847412109375 92.72499847412109375 89.6687469482421875 88.84999847412109375 87.31874847412109375 84.0500030517578125
328 323.23126220703125 328.66876220703125 332.068756103515625 324.431243896484375 314.29376220703125 308.318756103515625 311.806243896484375 312.875 307.743743896484375 292.056243896484375 276.41876220703125 264.131256103515625 253.774993896484375 237.7937469482421875 222.5437469482421875 209.556243896484375 198.787506103515625 190.899993896484375 188.0124969482421875 178.524993896484375 167.5875091552734375 160.7062530517578125 155.4875030517578125 147.7062530517578125 139.056243896484375 137.493743896484375 132.3562469482421875 130.681243896484375 128.6062469482421875 122.4250030517578125 114.5 108.0625 102.55625152587890625 95.8125 93.15000152587890625 90.0124969482421875 83.9875030517578125 79.59999847412109375 76.2624969482421875 76.44374847412109375 76.6999969482421875 74.49375152587890625
319.306243896484375 301.024993896484375 284.618743896484375 288.15625 291.899993896484375 282.8125 281.85626220703125 285.45623779296875 285.73126220703125 279.96875 273.16876220703125 257.25 245.631256103515625 234.381256103515625 218.65625 204.462493896484375 191.162506103515625 182.875 172.5749969482421875 168.7687530517578125 162.2062530517578125 151.412506103515625 143.1437530517578125 141.1875 132.5124969482421875 123.5 120.41249847412109375 120.38124847412109375 118.53125 113.3562469482421875 108.8937530517578125 103.36875152587890625 98.55625152587890625 92.0749969482421875 85.28749847412109375 79.3625030517578125 75.8125 71.7375030517578125 67.24375152587890625 65.0187530517578125 64.5187530517578125 63.47499847412109375 63.66249847412109375
287.20623779296875 278.681243896484375 267.29998779296875 242.868743896484375 250.9875030517578125 261.08123779296875 259.806243896484375 260.068756103515625 263.28125 257.60626220703125 249.087493896484375 236.818756103515625 227.399993896484375 212.399993896484375 201.774993896484375 189.4812469482421875 175.243743896484375 164.5749969482421875 157.9250030517578125 155.368743896484375 148.087493896484375 139.25 132.818756103515625 125.66249847412109375 119.61875152587890625 112.30625152587890625 109.74375152587890625 109.15000152587890625 106.6750030517578125 102.1125030517578125 97.96875 95.18125152587890625 88.97499847412109375 84 76.44374847412109375 71.31874847412109375 64.6687469482421875 60.71875 58.52500152587890625 57.27500152587890625 54.33750152587890625 54.375 53.75624847412109375
259.98126220703125 253.243743896484375 245.2687530517578125 234.712493896484375 226.5812530517578125 221.1750030517578125 227.506256103515625 233.0437469482421875 232.0437469482421875 230.337493896484375 226.368743896484375 212.350006103515625 206.9562530517578125 196.0625 183.868743896484375 174.943756103515625 165.131256103515625 151.78125 141.53125 141.8874969482421875 134.3937530517578125 125.4875030517578125 117.84375 113.4250030517578125 107.21875 102.33750152587890625 102.2937469482421875 98.90625 95.4375 93.8874969482421875 89.47499847412109375 84.05625152587890625 78.0749969482421875 74.21875 68.9562530517578125 62.71875 56.075000762939453125 51.237499237060546875 49.575000762939453125 48.53749847412109375 45.512500762939453125 44.40625 44.38124847412109375
238.4437408447265625 228.5124969482421875 224.306243896484375 219.84375 216.537506103515625 219.056243896484375 211.7624969482421875 198.8562469482421875 194.90625 195.3562469482421875 194.5625 189.3000030517578125 184.5812530517578125 175.5749969482421875 168.212493896484375 160.5 150.8874969482421875 139.806243896484375 131.006256103515625 124.91249847412109375 122 115.8312530517578125 107.47499847412109375 102.7687530517578125 98.56874847412109375 91.3874969482421875 91.02500152587890625 87.3874969482421875 86.69374847412109375 83.08124542236328125 81.50624847412109375 76.6687469482421875 71.41249847412109375 65.65625 59.625 52.78749847412109375 46.78749847412109375 42.21250152587890625 39.456249237060546875 37.237499237060546875 35.043750762939453125 34.74375152587890625 34.52500152587890625
219.7687530517578125 212.024993896484375 206.881256103515625 206.34375 206.1750030517578125 204.1875 200.0500030517578125 194.056243896484375 184.6125030517578125 174.712493896484375 171.100006103515625 164.524993896484375 166.649993896484375 159.225006103515625 152.693756103515625 145.7687530517578125 139.90625 133.53125 129.71875 118.7624969482421875 110.88124847412109375 107.9250030517578125 100.2624969482421875 97.09375 92.3312530517578125 83.4875030517578125 80.9812469482421875 81.8874969482421875 81.7312469482421875 77.86875152587890625 76.96250152587890625 70.81874847412109375 63.012500762939453125 56.65625 51.612499237060546875 47.41249847412109375 42.71250152587890625 38.56874847412109375 34.99375152587890625 31.856250762939453125 29.299999237060546875 28.618749618530273438 28.46875
199.350006103515625 194.5187530517578125 192.5 192.6062469482421875 192.71875 193.96875 190.1374969482421875 185.1999969482421875 178.90625 173.350006103515625 164.118743896484375 152.1437530517578125 151.1062469482421875 146.743743896484375 141.6687469482421875 137.09375 129.631256103515625 127.52500152587890625 124.71250152587890625 118.0749969482421875 109.3937530517578125 99.77500152587890625 90.90625 87.96875 82.69374847412109375 77.6750030517578125 75.2624969482421875 75.31874847412109375 74.0437469482421875 71.2687530517578125 69.41249847412109375 63.981250762939453125 57.987499237060546875 51.674999237060546875 46.09999847412109375 42.393749237060546875 38.22499847412109375 34.24375152587890625 30.8125 28.337499618530273438 26.15625 24.9375 23.668750762939453125
184.118743896484375 180.78125 178.462493896484375 180.09375 179.8625030517578125 181.4250030517578125 179.4499969482421875 171.3562469482421875 162.5749969482421875 157.90625 153.6437530517578125 145.65625 136.25 134.193756103515625 127.50624847412109375 123.1437530517578125 120.34375 118.86875152587890625 116.4812469482421875 115.4187469482421875 110.0437469482421875 98.9562530517578125 86.3562469482421875 76.8000030517578125 75.71250152587890625 75.0625 73.18125152587890625 71.55625152587890625 67.77500152587890625 65.25624847412109375 62.80625152587890625 59.69374847412109375 54.418750762939453125 47.84999847412109375 42.96875 38.63124847412109375 34.53125 29.787500381469726562 27.725000381469726562 24.793750762939453125 21.912500381469726562 20.5625 19.90625
172.3625030517578125 167.9562530517578125 166.631256103515625 168.8312530517578125 169.9812469482421875 171.46875 171.024993896484375 163.931243896484375 153.443756103515625 144.6125030517578125 139.15625 135.381256103515625 124.40625 119.75624847412109375 118.3312530517578125 112.44374847412109375 110.03125 108.8937530517578125 107.6125030517578125 108.625 107.2062530517578125 98.05625152587890625 88.58750152587890625 77.6374969482421875 71.86875152587890625 65.81874847412109375 64.4499969482421875 64.53749847412109375 62.53125 59.918750762939453125 56.262500762939453125 53.63124847412109375 49.637500762939453125 44.731250762939453125 40.787502288818359375 37.25624847412109375 32.81874847412109375 29.231250762939453125 25.443750381469726562 22.581249237060546875 19.649999618530273438 18.731250762939453125 17.231250762939453125
156.5 155.3625030517578125 156.006256103515625 155.993743896484375 155.524993896484375 157.1437530517578125 154.8625030517578125 147.3312530517578125 138.71875 133.837493896484375 130.056243896484375 123.7375030517578125 118.46875 106.50624847412109375 101.92499542236328125 101.55625152587890625 99.625 99.875 99.4187469482421875 98.88124847412109375 95.97499847412109375 88.53749847412109375 81.88124847412109375 73.5124969482421875 64.78749847412109375 59.46250152587890625 58.862499237060546875 59.22499847412109375 57.80625152587890625 54.962497711181640625 51.606250762939453125 47.893749237060546875 45.30625152587890625 41.368747711181640625 37.71250152587890625 34.856250762939453125 31.975000381469726562 29.181249618530273438 26.393749237060546875 22.256250381469726562 18.431249618530273438 16.993749618530273438 14.981249809265136719
143.1374969482421875 141.9875030517578125 142.962493896484375 142.243743896484375 140.899993896484375 140.087493896484375 137.212493896484375 131.556243896484375 128.056243896484375 121.84999847412109375 117.83750152587890625 112.875 105.41249847412109375 97.09375 87.24375152587890625 88.875 86.72499847412109375 88.0437469482421875 87.05625152587890625 87.40000152587890625 84.09375 79.36875152587890625 74.0124969482421875 67.96250152587890625 60.53125 55.08750152587890625 53.512500762939453125 52.16249847412109375 50.799999237060546875 48.59999847412109375 47.762500762939453125 45.231250762939453125 41.41249847412109375 37.924999237060546875 34.887500762939453125 33.53749847412109375 32.137500762939453125 30.356250762939453125 27.850000381469726562 23.1875 17.5 14.987500190734863281 14.262499809265136719
132.7375030517578125 130.125 129.537506103515625 129.6125030517578125 126.96875 124.8249969482421875 124.84375 119.625 115.0437469482421875 109.63124847412109375 105.5625 99.5437469482421875 93.90000152587890625 87.71250152587890625 76.08750152587890625 74.8249969482421875 73.7312469482421875 74.5812530517578125 74.63124847412109375 75.80625152587890625 74.8249969482421875 70.9499969482421875 66.84999847412109375 63.706249237060546875 59.24375152587890625 55.06874847412109375 53.137500762939453125 50.731250762939453125 49.58750152587890625 48.05625152587890625 45.03749847412109375 43.24375152587890625 41.27500152587890625 37.16249847412109375 32.575000762939453125 31.006250381469726562 31.587499618530273438 31.631250381469726562 29.399999618530273438 24.362499237060546875 19.568750381469726562 17.212499618530273438 17.118749618530273438
120.0437469482421875 118.09999847412109375 118.03125 116.5437469482421875 114.77500152587890625 114.84375 111.06874847412109375 106.7375030517578125 103.0500030517578125 99.9499969482421875 94.95624542236328125 89.49375152587890625 84.2937469482421875 78.4187469482421875 69.6999969482421875 59.700000762939453125 60.543750762939453125 62.75 62.825000762939453125 64.625 63.837497711181640625 62.65625 60.8125 61.375 58.74375152587890625 54.862499237060546875 51.71875 48.137500762939453125 47.075000762939453125 45.97499847412109375 45.96250152587890625 42.512500762939453125 38.41249847412109375 34.137500762939453125 30.362499237060546875 31.6875 31.743749618530273438 31.424999237060546875 30.15625 27.137500762939453125 23.106250762939453125 20.518749237060546875 18.631250381469726562
108.18125152587890625 106.7624969482421875 107.16249847412109375 106.81874847412109375 105.93125152587890625 102.9187469482421875 100.81874847412109375 97 93.77500152587890625 90.90000152587890625 86.75624847412109375 80.43125152587890625 74.25 69.78125 66.16249847412109375 59.22499847412109375 52.40625 51.78125 54.862499237060546875 56.34375 55.831249237060546875 55.762500762939453125 56.65000152587890625 59.206249237060546875 59.13124847412109375 52.293750762939453125 47.3125 44.1875 44.13124847412109375 44.5625 44.962497711181640625 44.43125152587890625 39.99375152587890625 35.88124847412109375 35.34999847412109375 34.63124847412109375 35.21250152587890625 35.99375152587890625 35.237499237060546875 29.40625 24.512500762939453125 21.181249618530273438 18.193750381469726562
96.15625 96.3249969482421875 95.63124847412109375 96.15000152587890625 95.0812530517578125 91.2062530517578125 88.4187469482421875 85.8312530517578125 83.125 78.5749969482421875 75.38124847412109375 71.6750030517578125 66.3874969482421875 62.27500152587890625 60.231250762939453125 56.69374847412109375 51.09375 44.424999237060546875 48.09375 49.043750762939453125 49.137500762939453125 49.63124847412109375 53.05625152587890625 55.387500762939453125 55.112499237060546875 48.924999237060546875 43.893749237060546875 41.887500762939453125 42.3125 41.97499847412109375 40.5 39.768749237060546875 42.47499847412109375 40.9375 37.15625 37.77500152587890625 38.924999237060546875 37.65000152587890625 35.237499237060546875 30.037500381469726562 23.756250381469726562 20.443750381469726562 17.59375
85.08750152587890625 85.25624847412109375 83.74375152587890625 83.40000152587890625 83.40000152587890625 80.78749847412109375 77.125 75.40000152587890625 73.8000030517578125 70.36875152587890625 67.46250152587890625 62.46875 58.481250762939453125 55.856250762939453125 52.27500152587890625 50.518749237060546875 47.4375 42.924999237060546875 40.03125 40.237499237060546875 43.112499237060546875 47.850002288818359375 43.8125 47.19374847412109375 47.9375 46.325000762939453125 43.19374847412109375 40.481250762939453125 41.02500152587890625 41.487499237060546875 41.15625 41.543750762939453125 42.637500762939453125 40.049999237060546875 37.47499847412109375 37.28125 36.06874847412109375 33.90625 31.887500762939453125 26.78125 22.25 18.931249618530273438 16.643749237060546875
