data/historical-monthly-weather-data/wc2.1_cruts4.09_10m_prec_1996-02.asc
ncols        51
nrows        45
xllcorner    -63.500000000000
yllcorner    -7.500000000000
cellsize     0.166666666667
NODATA_value -9999
[rows 20 to 39 of 45, columns 0 to 44 of 51]
297.818756103515625 305.568756103515625 312.09375 318.850006103515625 328.59375 335.881256103515625 343.46875 350.71875 356.431243896484375 360.337493896484375 362.818756103515625 370.04376220703125 378.943756103515625 385.962493896484375 368.96875 342.01251220703125 318.806243896484375 299.41876220703125 288.32501220703125 278.20623779296875 269.193756103515625 259.287506103515625 248.9250030517578125 242.6999969482421875 237.631256103515625 233.868743896484375 234.15625 234.9499969482421875 236.725006103515625 238.993743896484375 236.1437530517578125 227.5124969482421875 208.912506103515625 186.8000030517578125 167.100006103515625 175.6999969482421875 194.149993896484375 208.1062469482421875 216.2937469482421875 218.96875 217.256256103515625 214.912506103515625 213.1687469482421875 211.131256103515625 209.0437469482421875
282.88751220703125 292.57501220703125 300.037506103515625 309.193756103515625 318.34375 326.73126220703125 334.95623779296875 342.881256103515625 348.837493896484375 350.381256103515625 349.15625 349.73126220703125 351 350.149993896484375 341.98126220703125 326.36248779296875 309.98748779296875 294.84375 283.32501220703125 273.82501220703125 263.225006103515625 253.9812469482421875 247.006256103515625 240.71875 236.087493896484375 233.462493896484375 234.90625 236.350006103515625 239.1437530517578125 242.912506103515625 243.087493896484375 235.618743896484375 219.100006103515625 201.881256103515625 189.774993896484375 193.912506103515625 206.0437469482421875 215.25 219.368743896484375 219.556243896484375 217.556243896484375 215.4187469482421875 212.96875 210.1062469482421875 208.0500030517578125
272.03125 283.506256103515625 290.35626220703125 299.493743896484375 308.3125 318.23748779296875 325.42498779296875 334.17498779296875 341.03125 338.881256103515625 332.79998779296875 326.79376220703125 321.15625 318.64373779296875 316.82501220703125 309.475006103515625 298.649993896484375 287.54376220703125 276.8125 266.587493896484375 257.350006103515625 248.537506103515625 241.5625 235.5625 232.3125 231.243743896484375 233.243743896484375 235.7937469482421875 240.118743896484375 245.9499969482421875 249.4625091552734375 247.618743896484375 233.0812530517578125 220.25 215.0749969482421875 218.993743896484375 224.4812469482421875 227.0749969482421875 226.1062469482421875 221.912506103515625 218.024993896484375 215.318756103515625 212.3000030517578125 209.181243896484375 207.2687530517578125
262.42498779296875 272.33123779296875 279.618743896484375 287.34375 296.649993896484375 306.95001220703125 315.96875 323.58123779296875 329.399993896484375 325.36248779296875 318.274993896484375 310.20623779296875 298.95623779296875 299.04998779296875 300.70623779296875 296.98748779296875 289.800018310546875 282.0625 272.712493896484375 262.73126220703125 252.774993896484375 243.4187469482421875 235.75 230.3312530517578125 228.100006103515625 226.6687469482421875 230.5812530517578125 234.943756103515625 239.6374969482421875 246.9187469482421875 252.4250030517578125 252.8874969482421875 242.881256103515625 234.6062469482421875 232.975006103515625 237.8562469482421875 239.46875 235.100006103515625 229.6687469482421875 223.306243896484375 218.3125 214.649993896484375 211.7312469482421875 209.306243896484375 208.7375030517578125
257.337493896484375 263.681243896484375 270.087493896484375 278.337493896484375 288.63751220703125 296.96875 305.431243896484375 312.131256103515625 314.625 312.368743896484375 306.90625 300.375 294.149993896484375 292.14373779296875 291.149993896484375 289.037506103515625 284.881256103515625 278.368743896484375 270.0625 260.462493896484375 250.193756103515625 239.181243896484375 229.6937408447265625 223.75 221.53125 223.993743896484375 227.962493896484375 233.71875 238.75 245.6750030517578125 250.6875 251.8874969482421875 246.787506103515625 242.1687469482421875 241.0625 241.5749969482421875 240.493743896484375 234.943756103515625 228.681243896484375 222.1999969482421875 216.9375 213.256256103515625 210.9250030517578125 210.0187530517578125 209.149993896484375
258.98748779296875 262.625 266.5 273.618743896484375 282.493743896484375 290.125 296.306243896484375 301.75 303.48126220703125 302.243743896484375 298.60626220703125 294.90625 292.01251220703125 289.037506103515625 287.8125 285.287506103515625 281.899993896484375 276.193756103515625 269.524993896484375 260.35626220703125 248.931243896484375 235.787506103515625 223.8312530517578125 215.9187469482421875 216.7687530517578125 221.1999969482421875 227.9375 232.9187469482421875 238.181243896484375 243.71875 247.9562530517578125 249.9499969482421875 247.0437469482421875 244.193756103515625 242.662506103515625 240.6750030517578125 237.568756103515625 232.274993896484375 225.162506103515625 219.162506103515625 214.21875 211.118743896484375 208.7937469482421875 208.4499969482421875 209.7687530517578125
266.58123779296875 268.08123779296875 270.08123779296875 275.868743896484375 281.65625 286.38751220703125 291.48126220703125 294.33123779296875 296.15625 296.8125 295.881256103515625 294.04998779296875 292.975006103515625 291.649993896484375 289.88751220703125 288.21875 284.63751220703125 279.274993896484375 272.100006103515625 262.556243896484375 250.193756103515625 236.6750030517578125 222.4187469482421875 213.1374969482421875 217.0437469482421875 222.5187530517578125 228.96875 234.131256103515625 238.34375 243.256256103515625 247.5 248.524993896484375 245.9375 244.7687530517578125 241.4187469482421875 238.5124969482421875 234.6062469482421875 228.4812469482421875 222.28125 216.25 211.118743896484375 208.037506103515625 205.881256103515625 205.625 209.5437469482421875
275.45001220703125 274.29376220703125 275.42498779296875 278.42498779296875 281.29376220703125 283.34375 287.225006103515625 290.58123779296875 292.399993896484375 294.287506103515625 294.162506103515625 293.868743896484375 293.79376220703125 293.46875 292.60626220703125 291.59375 288.25 284.29998779296875 276.88751220703125 267.98126220703125 256.412506103515625 243.21875 232.2062530517578125 224.3874969482421875 224.125 227.8562469482421875 232.9187469482421875 237.3125 240.618743896484375 244.868743896484375 248.337493896484375 249.8312530517578125 248.1062469482421875 244.3000030517578125 239.881256103515625 236.3125 230.7937469482421875 225.318756103515625 218.9250030517578125 212.556243896484375 207.46875 205.2687530517578125 203.5625 204.475006103515625 210.65625
282.818756103515625 280.67498779296875 279.54376220703125 280.45001220703125 281.75 282.318756103515625 284.76873779296875 286.993743896484375 289.6875 292.443756103515625 293.45623779296875 294.01251220703125 294.462493896484375 296.21875 296.4375 296.86248779296875 295.318756103515625 290.587493896484375 284.91876220703125 275.98126220703125 265.40625 253.0124969482421875 244.337493896484375 237.618743896484375 234.431243896484375 235.162506103515625 239.0187530517578125 242.181243896484375 245.59375 248.875 250.649993896484375 252.1437530517578125 248.712493896484375 244.0437469482421875 239.375 234.1437530517578125 228.9562530517578125 223.2624969482421875 217.8874969482421875 210.7312469482421875 203.875 201.493743896484375 202.1374969482421875 205.850006103515625 213.693756103515625
291.162506103515625 286.88751220703125 284.45001220703125 283.225006103515625 283.899993896484375 284.14373779296875 285.1875 286.787506103515625 288.899993896484375 292.23748779296875 294.46875 296.64373779296875 298.34375 301.13751220703125 302.493743896484375 302.162506103515625 301.931243896484375 299.962493896484375 295.04998779296875 285.837493896484375 274.78125 264.10626220703125 256.14373779296875 249.1374969482421875 244.743743896484375 244.037506103515625 246.350006103515625 248.1875 250.506256103515625 252.3249969482421875 254.3125 255.2937469482421875 250.6374969482421875 245.725006103515625 240.024993896484375 234.7312469482421875 228.34375 222.850006103515625 216.46875 209.5124969482421875 205.318756103515625 204.78125 205.4875030517578125 210.131256103515625 214.4250030517578125
297.162506103515625 291.98126220703125 287.26251220703125 285.23126220703125 284.087493896484375 284.63751220703125 285.45623779296875 287.10626220703125 289.38751220703125 292.45001220703125 297.006256103515625 300.78125 304.33123779296875 306.41876220703125 307.42498779296875 308.5625 309.26873779296875 308.61248779296875 305.625 296.431243896484375 285.14373779296875 274.193756103515625 265.850006103515625 258.787506103515625 254.037506103515625 252.681243896484375 253.662506103515625 254.90625 256.274993896484375 257.08123779296875 258.118743896484375 258.59375 254.506256103515625 249.34375 243.5124969482421875 236.225006103515625 229.568756103515625 224.131256103515625 217.4562530517578125 210.118743896484375 206.8312530517578125 208.618743896484375 210.5124969482421875 212.975006103515625 217.256256103515625
298.774993896484375 293.39373779296875 288.618743896484375 286.15625 283.837493896484375 283.71875 284.92498779296875 285.54376220703125 288 292.63751220703125 297.70001220703125 302.95001220703125 307.962493896484375 311.84375 313.28125 315.45001220703125 314.11248779296875 312.774993896484375 309.6875 302.850006103515625 292.73126220703125 283.10626220703125 274.15625 267.568756103515625 263.274993896484375 260.993743896484375 260.76873779296875 261.318756103515625 262.118743896484375 263.01251220703125 263.493743896484375 262.9375 258.568756103515625 252.875 246.9250030517578125 239.25 232.193756103515625 225.5500030517578125 218.6062469482421875 213.8000030517578125 212.5625 214.8125 216.9375 220.162506103515625 225.600006103515625
297.256256103515625 292.78125 289.04998779296875 286.20623779296875 283.16876220703125 282.79376220703125 282.774993896484375 283.63751220703125 286.95001220703125 292.36248779296875 299.787506103515625 305.73126220703125 312.89373779296875 318.48126220703125 320.306243896484375 320.443756103515625 318.48126220703125 317.399993896484375 312.818756103515625 306.76873779296875 298.64373779296875 289.45623779296875 281.20623779296875 274.631256103515625 270.631256103515625 268.23126220703125 267.125 267.63751220703125 267.993743896484375 268.15625 269.04998779296875 268.118743896484375 263.087493896484375 257.96875 252.4812469482421875 245.2687530517578125 237.506256103515625 229.368743896484375 223.087493896484375 221.3562469482421875 220.59375 222.9375 226.225006103515625 230.8000030517578125 240.475006103515625
295.9375 291.32501220703125 287.85626220703125 285.681243896484375 282.5625 281.08123779296875 280.76251220703125 281.649993896484375 283.58123779296875 289.462493896484375 298.212493896484375 307.45623779296875 317.60626220703125 324.181243896484375 326.08123779296875 325.70001220703125 323.20623779296875 320.931243896484375 316.17498779296875 310.368743896484375 302.337493896484375 293.524993896484375 286.40625 280.14373779296875 276.57501220703125 274.20623779296875 272.89373779296875 272.493743896484375 272.931243896484375 273.83123779296875 274.868743896484375 274.225006103515625 270.006256103515625 264.51873779296875 258.03125 250.8625030517578125 242.4875030517578125 234.225006103515625 229.524993896484375 228.118743896484375 227.131256103515625 230.087493896484375 235.5 241.2687530517578125 251.868743896484375
294.149993896484375 290.662506103515625 287.587493896484375 284.26251220703125 281.79998779296875 280.08123779296875 278.131256103515625 277.70001220703125 278.493743896484375 283.818756103515625 295.087493896484375 309.14373779296875 323.181243896484375 331.649993896484375 332.506256103515625 331.11248779296875 327.006256103515625 323.41876220703125 319.337493896484375 312.84375 306.13751220703125 297.16876220703125 289.943756103515625 283.600006103515625 280.90625 278.1875 277.381256103515625 277.350006103515625 277.71875 279.21875 279.912506103515625 280.850006103515625 276.493743896484375 271.34375 264.681243896484375 256.23126220703125 246.943756103515625 240.4875030517578125 236.9187469482421875 234.1999969482421875 233.350006103515625 235.5812530517578125 240.625 246.600006103515625 255.5625
292.225006103515625 289.962493896484375 287.100006103515625 283.475006103515625 280.48748779296875 278.943756103515625 276.212493896484375 274.01251220703125 272.975006103515625 277.20623779296875 290.36248779296875 308.1875 326.212493896484375 337.256256103515625 337.84375 335.506256103515625 331.568756103515625 327.04998779296875 320.65625 314.806243896484375 307.756256103515625 300.118743896484375 292.350006103515625 287.274993896484375 283.868743896484375 281.61248779296875 280.993743896484375 282.274993896484375 282.787506103515625 284.125 285.95001220703125 287.318756103515625 283.837493896484375 279.03125 271.59375 262.46875 255.399993896484375 247.618743896484375 243.462493896484375 241.662506103515625 241.4499969482421875 242.46875 245.4375 250.8937530517578125 257.318756103515625
291.59375 290.04998779296875 286.76251220703125 285.11248779296875 282.037506103515625 279.79998779296875 276.42498779296875 272.79376220703125 269.068756103515625 266.618743896484375 284.96875 311.681243896484375 329.91876220703125 339.75 341.41876220703125 338.625 334.318756103515625 329.056243896484375 323.274993896484375 315.98126220703125 308.29998779296875 300.243743896484375 293.006256103515625 288.443756103515625 285.26251220703125 283.95001220703125 283.82501220703125 285.03125 286.725006103515625 288.5625 290.975006103515625 292.70001220703125 290.381256103515625 285.943756103515625 279.45001220703125 271.84375 263.23748779296875 255.2312469482421875 251.0749969482421875 248.381256103515625 246.7062530517578125 247.443756103515625 249.600006103515625 253.5187530517578125 258.46875
291.41876220703125 290.59375 288.149993896484375 286.475006103515625 284.59375 282.118743896484375 279.243743896484375 276.162506103515625 274.225006103515625 269.82501220703125 298.943756103515625 327.51873779296875 339.20001220703125 344.57501220703125 345.056243896484375 341.625 335.243743896484375 329.818756103515625 322.462493896484375 313.96875 306.53125 298.1875 291.899993896484375 287.850006103515625 285.818756103515625 285.274993896484375 285.443756103515625 287.506256103515625 289.88751220703125 293.212493896484375 295.01873779296875 297.51251220703125 295.63751220703125 292.33123779296875 286.07501220703125 279.11248779296875 270.662506103515625 262.90625 258.46875 254.7624969482421875 251.65625 251.725006103515625 252.056243896484375 254 258.1875
294.725006103515625 292.20623779296875 289.45623779296875 289.08123779296875 287.199981689453125 285.95001220703125 285.837493896484375 286.64373779296875 291.29998779296875 307.375 340.0625 347.368743896484375 348.71875 350.20623779296875 349.056243896484375 343.506256103515625 336.962493896484375 329.76251220703125 320.53125 311.337493896484375 302.5 294.20623779296875 289.225006103515625 285.42498779296875 284.087493896484375 285.29376220703125 286.431243896484375 289.21875 292.70623779296875 295.95001220703125 299.274993896484375 301.23748779296875 299.38751220703125 296.743743896484375 293.681243896484375 286.92498779296875 278.25 271.443756103515625 266.100006103515625 260.35626220703125 256.943756103515625 255.818756103515625 255.868743896484375 256.95623779296875 260.40625
298.774993896484375 294.893768310546875 292.481231689453125 291.225006103515625 290.0625 290.606231689453125 291.79376220703125 296.92498779296875 305.84375 322.84375 342.162506103515625 350.962493896484375 354.54376220703125 355.14373779296875 352.34375 346.943756103515625 339.637481689453125 330.762481689453125 319.556243896484375 309.53125 297.98126220703125 289.225006103515625 283.67498779296875 280.787506103515625 281.96875 284.08123779296875 286.70001220703125 290.600006103515625 295.23126220703125 298.59375 301.131256103515625 305.09375 306.10626220703125 303.837493896484375 299.962493896484375 293.89373779296875 285.381256103515625 277.693756103515625 272.45001220703125 265.57501220703125 261.09375 259.79998779296875 259.037506103515625 258.5625 261.9375
