data/historical-monthly-weather-data/wc2.1_cruts4.09_10m_prec_1954-06.asc
ncols        51
nrows        45
xllcorner    -63.500000000000
yllcorner    -7.500000000000
cellsize     0.166666666667
NODATA_value -9999
[rows 0 to 18 of 45, columns 0 to 42 of 51]
303.63751220703125 299.524993896484375 296.631256103515625 303.48126220703125 306.10626220703125 311.59375 311.16876220703125 308.83123779296875 301.40625 304.368743896484375 309.912506103515625 310.631256103515625 311.70001220703125 309.04376220703125 304.57501220703125 301.78125 296.35626220703125 290.256256103515625 283.743743896484375 280.625 281.95623779296875 274.556243896484375 268.92498779296875 260.931243896484375 255.1500091552734375 250.9250030517578125 251.149993896484375 253.725006103515625 249.381256103515625 246.0625 237.6374969482421875 236.1125030517578125 239.024993896484375 237.337493896484375 236.462493896484375 237.1437530517578125 237.2312469482421875 239.068756103515625 235.1999969482421875 233.943756103515625 236.2062530517578125 242.96875 240.9812469482421875
299.35626220703125 294.774993896484375 297.899993896484375 302.13751220703125 309.01873779296875 314.07501220703125 313.23126220703125 310.1875 310.20001220703125 312.34375 314.118743896484375 312.037506103515625 304.39373779296875 298.98126220703125 292.15625 287.087493896484375 279.212493896484375 270.28125 263.32501220703125 261.5 260.881256103515625 254.662506103515625 251.537506103515625 246.774993896484375 241.4875030517578125 236.6374969482421875 237.649993896484375 237.84375 234.912506103515625 228.5187530517578125 225.412506103515625 229.1437530517578125 230.4250030517578125 231.506256103515625 233.15625 230.9499969482421875 232.962493896484375 233.9250030517578125 230.912506103515625 230.681243896484375 236.087493896484375 232.40625 237.2937469482421875
288.8125 292.006256103515625 293.975006103515625 292.51251220703125 299 307.006256103515625 309.45001220703125 315.09375 316.20623779296875 317.48126220703125 315.45623779296875 307.98748779296875 301.08123779296875 288.193756103515625 278.61248779296875 271.337493896484375 260.9375 252.600006103515625 246.193756103515625 242.1875 242.256256103515625 242.0124969482421875 238.4562530517578125 238.46875 230.59375 224.96875 229.9499969482421875 228.1687469482421875 222.3249969482421875 222.4499969482421875 217.9187469482421875 218.006256103515625 219.056243896484375 222.256256103515625 221.600006103515625 215.225006103515625 219.6125030517578125 224.1437530517578125 222.443756103515625 223.3000030517578125 230.774993896484375 230.225006103515625 231.818756103515625
276.60626220703125 274.39373779296875 280.90625 283.78125 285.45623779296875 293.20623779296875 301.63751220703125 309.725006103515625 315.806243896484375 319.28125 313.399993896484375 301.681243896484375 289.35626220703125 274.95001220703125 265.3375244140625 256.662506103515625 242.84375 235.931243896484375 229.8874969482421875 232.725006103515625 230.9812469482421875 225.5124969482421875 224.193756103515625 226.4250030517578125 219.1374969482421875 214.462493896484375 216.524993896484375 212.6687469482421875 211.25 212.4812469482421875 210.71875 208.1374969482421875 209.037506103515625 207.1999969482421875 206.9187469482421875 211.71875 216.7062530517578125 218.1125030517578125 216.0625 217.1687469482421875 222.7937469482421875 227.412506103515625 228.3000030517578125
285.45623779296875 279.181243896484375 267.524993896484375 271.493743896484375 279.356231689453125 282.75 291.70623779296875 305.45623779296875 317.66876220703125 322.368743896484375 315.04998779296875 292.79376220703125 279.225006103515625 265.774993896484375 252.1125030517578125 241.756256103515625 230.318756103515625 218.618743896484375 212.3249969482421875 212.96875 211.350006103515625 210.162506103515625 210.337493896484375 211.587493896484375 205.5500030517578125 202.868743896484375 202.25 204.4250030517578125 203.725006103515625 200.975006103515625 202.6125030517578125 203.0749969482421875 201.931243896484375 202.162506103515625 205.381256103515625 205.09375 209.118743896484375 213.756256103515625 210.3125 208.9812469482421875 215.0437469482421875 219.25 222.118743896484375
276.86248779296875 275.17498779296875 265.256256103515625 251.03125 262.131256103515625 276.88751220703125 282.318756103515625 292.274993896484375 308.36248779296875 315.068756103515625 301.975006103515625 281.36248779296875 268.625 255.625 239.931243896484375 229.4562530517578125 217.0124969482421875 206.1687469482421875 202.84375 201.15625 202.46875 200.8874969482421875 200.100006103515625 197.0187530517578125 195.868743896484375 194.8625030517578125 192.5187530517578125 194.712493896484375 194.943756103515625 192.787506103515625 196.7375030517578125 197.693756103515625 199.3625030517578125 197.3937530517578125 194.8812408447265625 201.256256103515625 201.0124969482421875 197.556243896484375 199.350006103515625 205.2624969482421875 206.787506103515625 212.78125 213.0749969482421875
274.524993896484375 269.11248779296875 260.681243896484375 251.787506103515625 245.631256103515625 248.7312469482421875 254.181243896484375 269.943756103515625 276.024993896484375 281.774993896484375 276.65625 261.98126220703125 254.149993896484375 245.068756103515625 231.212493896484375 219.8874969482421875 210.2312469482421875 200.2062530517578125 192.068756103515625 191.118743896484375 187.5 187.1374969482421875 185.59375 186.256256103515625 189.837493896484375 189.3125 186.5500030517578125 186.3249969482421875 186.4187469482421875 191.53125 190.1999969482421875 187.8625030517578125 187.2375030517578125 189.337493896484375 192.5187530517578125 192.5187530517578125 187.274993896484375 186.90625 187.7062530517578125 194.5437469482421875 196.0562591552734375 199.8312530517578125 203.662506103515625
268.8125 257.8125 250.59375 249.037506103515625 243.725006103515625 249.5749969482421875 242.3249969482421875 236.5749969482421875 232.350006103515625 241.712493896484375 246.3249969482421875 241.931243896484375 238.3937530517578125 230.9187469482421875 223.3625030517578125 213.1062469482421875 200.5625 192.03125 183.6875 176.756256103515625 183.0437469482421875 180.162506103515625 177.5749969482421875 177.9187469482421875 181.6374969482421875 179.4250030517578125 178.181243896484375 178.0124969482421875 178.443756103515625 178.8562469482421875 185.09375 182.287506103515625 182.1437530517578125 181.743743896484375 178.806243896484375 177.274993896484375 175.5500030517578125 174.7312469482421875 171.6999969482421875 173.1999969482421875 177.4499969482421875 185.149993896484375 184.625
259.79998779296875 251.5625 241.8562469482421875 237.65625 235.006256103515625 234.318756103515625 236.068756103515625 234.9250030517578125 222.21875 215.524993896484375 217.118743896484375 218.3125 222.9562530517578125 218.806243896484375 213.274993896484375 203.0124969482421875 198.59375 193.15625 187.193756103515625 177.5187530517578125 171.75 176.71875 170.03125 175.6437530517578125 174.931243896484375 173.8874969482421875 172.6687469482421875 174.40625 178.681243896484375 177.600006103515625 183.4562530517578125 172.868743896484375 165.1687469482421875 162.4875030517578125 164.15625 168.6875 169.875 171.1875 168.3249969482421875 165.5749969482421875 165.149993896484375 165.03125 172.037506103515625
251.3312530517578125 244.1374969482421875 235.725006103515625 231.4187469482421875 228 225.9187469482421875 225.90625 220.9562530517578125 217.3312530517578125 212.6875 207.5562591552734375 199 206.0500030517578125 206.65625 204.09375 198.818756103515625 192.2937469482421875 193.587493896484375 189.0437469482421875 183.6624908447265625 174.6062469482421875 170.8937530517578125 162.8312530517578125 165.4124908447265625 163.5 166.1999969482421875 166.0437469482421875 166.0187530517578125 166.5749969482421875 169.649993896484375 171.8937530517578125 165.0187530517578125 161.4562530517578125 159.181243896484375 156.087493896484375 157.868743896484375 161.118743896484375 164.4875030517578125 164.181243896484375 167.2624969482421875 169.431243896484375 168.9499969482421875 162.7624969482421875
246.306243896484375 237.181243896484375 228.837493896484375 223.0500030517578125 217.5 218.1374969482421875 212.84375 208.274993896484375 207.693756103515625 205.8937530517578125 203.75 196.7375030517578125 192.5812530517578125 194.587493896484375 192.412506103515625 189.8625030517578125 185.787506103515625 183.2624969482421875 183.7062530517578125 185.34375 186.975006103515625 178.0812530517578125 163.306243896484375 149.7624969482421875 154.4437408447265625 165.225006103515625 166.6875 163.25 159.881256103515625 160.118743896484375 160.7375030517578125 156.7312469482421875 154.912506103515625 153.274993896484375 151.3125 149.5187530517578125 152.381256103515625 153.5187530517578125 159.818756103515625 161.09375 162.125 158.84375 156.975006103515625
236.5500030517578125 228.9499969482421875 224.3625030517578125 215.6687469482421875 211.056243896484375 207.774993896484375 207.8562469482421875 205.1437530517578125 203.5500030517578125 196.34375 197.0187530517578125 193.131256103515625 181.4499969482421875 182.975006103515625 186.431243896484375 183.3249969482421875 179.649993896484375 179.2062530517578125 182.0749969482421875 190.9812469482421875 194.131256103515625 187.524993896484375 171.2312469482421875 152.6500091552734375 150.912506103515625 153.6062469482421875 152.09375 152.25 153.068756103515625 150.8874969482421875 144.90625 144.875 144.3312530517578125 140.431243896484375 141.5437469482421875 144.8249969482421875 149.6750030517578125 152.162506103515625 150.7312469482421875 156.5187530517578125 158.431243896484375 154.125 141.6437530517578125
231.568756103515625 222.806243896484375 216.524993896484375 208.399993896484375 205.056243896484375 199.8125 198.100006103515625 195.96875 191.75 188.3000030517578125 187.399993896484375 186.15625 181.212493896484375 170.28125 169.8625030517578125 171.068756103515625 169.8125 172.4187469482421875 170.0500030517578125 177.475006103515625 184.462493896484375 179.649993896484375 168.9000091552734375 154.40625 142.7624969482421875 142.399993896484375 144.3000030517578125 145.462493896484375 147.3249969482421875 147.2937469482421875 139.8625030517578125 134.1062469482421875 136.3249969482421875 131.0124969482421875 131.3625030517578125 136.4562530517578125 144.975006103515625 150.318756103515625 158.7562408447265625 159.6687469482421875 154.443756103515625 147.7624969482421875 128.943756103515625
224.4250030517578125 216.3937530517578125 208.943756103515625 201.84375 195.1062469482421875 191.6875 187.818756103515625 187.21875 185.350006103515625 180.493743896484375 178.5187530517578125 173.725006103515625 171.181243896484375 165.024993896484375 153.9250030517578125 158.3874969482421875 156.6875 157.0187530517578125 157.6437530517578125 163.21875 168.5500030517578125 165.475006103515625 158.3625030517578125 151.59375 144.631256103515625 139.274993896484375 136.4250030517578125 134.8125 135.381256103515625 134.118743896484375 132.4250030517578125 128.524993896484375 127.50624847412109375 127.1374969482421875 124.1374969482421875 134.337493896484375 146.568756103515625 156.462493896484375 165.399993896484375 163.068756103515625 144.59375 131.8249969482421875 127.21875
212.756256103515625 205.743743896484375 201.068756103515625 195.7375030517578125 188.806243896484375 185.0437469482421875 182.6687469482421875 179.8249969482421875 177.2312469482421875 173.90625 170.125 166.181243896484375 162.6374969482421875 154.9187469482421875 142.149993896484375 144.3125 144.1437530517578125 147.743743896484375 145.256256103515625 148.8249969482421875 155.4250030517578125 154.7624969482421875 153.3125 150.3312530517578125 149.28125 145.1125030517578125 141.818756103515625 138.1999969482421875 138.774993896484375 132.1125030517578125 124.65625 123.31874847412109375 127.27500152587890625 122.0500030517578125 115.3625030517578125 118.96250152587890625 137.9875030517578125 157.2375030517578125 162.131256103515625 154.9187469482421875 146.0124969482421875 141.2375030517578125 142.625
204.1750030517578125 195.5625 191.381256103515625 184.618743896484375 181.743743896484375 179.006256103515625 175.368743896484375 171.193756103515625 171.100006103515625 171.212493896484375 167.100006103515625 162.03125 158.118743896484375 150.75 140.118743896484375 126.9562530517578125 130.0437469482421875 136.4562530517578125 134.6750030517578125 137.556243896484375 142.7312469482421875 145.131256103515625 148.25 150.2687530517578125 149.9187469482421875 146.412506103515625 140.5187530517578125 138.006256103515625 135.681243896484375 134.524993896484375 129.09375 122.7062530517578125 115.83750152587890625 109.05625152587890625 103.59999847412109375 121.06874847412109375 129.899993896484375 142.5812530517578125 151.806243896484375 154.618743896484375 153.912506103515625 151.6750030517578125 144.71875
193.993743896484375 187.5 181.3000030517578125 178.2375030517578125 175.1437530517578125 173.34375 169.6999969482421875 166.8312530517578125 162.993743896484375 161.412506103515625 160.818756103515625 157.350006103515625 150.774993896484375 143.806243896484375 138.837493896484375 127.28125 114.1062469482421875 118.96875 123.15000152587890625 124.9499969482421875 128.46875 134.84375 139.462493896484375 146.8937530517578125 146.8312530517578125 138.975006103515625 133.4562530517578125 130.2375030517578125 132.34375 132.256256103515625 130.2687530517578125 126.9875030517578125 120.0625 117.5437469482421875 123.2312469482421875 129.631256103515625 140.4187469482421875 149.568756103515625 156.6875 149.4812469482421875 147.9875030517578125 142.84375 132.96875
182.149993896484375 177.0187530517578125 174.524993896484375 171.65625 169.28125 169.443756103515625 165.0500030517578125 161.5 157.818756103515625 153.368743896484375 150.6062469482421875 149.774993896484375 142.6062469482421875 136.9499969482421875 134.1750030517578125 126.21875 113.83124542236328125 103.0625 113.9562530517578125 112.08750152587890625 115.5749969482421875 121.9562530517578125 131.381256103515625 137.2375030517578125 140.2750091552734375 132.787506103515625 125.02500152587890625 127.19374847412109375 128.1750030517578125 125.33750152587890625 117.8000030517578125 111.40000152587890625 124.63124847412109375 126.40000152587890625 127.48749542236328125 147.600006103515625 155.5500030517578125 151.381256103515625 151.5749969482421875 147.193756103515625 133.712493896484375 125.56874847412109375 118.22499847412109375
171.6125030517578125 169.162506103515625 166.962493896484375 165.2562408447265625 163.931243896484375 161.587493896484375 158.3562469482421875 154.493743896484375 152.5812530517578125 150.1999969482421875 146.243743896484375 138.399993896484375 132.868743896484375 129.3874969482421875 124.5 118.96250152587890625 114.7375030517578125 101.90000152587890625 97.0187530517578125 97.41249847412109375 105.21875 115.6687469482421875 113.2937469482421875 122.38750457763671875 125.40000152587890625 128.662506103515625 125.96250152587890625 121.33750152587890625 124.625 121.58750152587890625 116.2312469482421875 115.8312530517578125 121.75 121.6875 127.3625030517578125 141.100006103515625 143.006256103515625 138.0500030517578125 138.0124969482421875 130.59375 119.84999847412109375 109.00624847412109375 105.5812530517578125
