data/historical-monthly-weather-data/wc2.1_cruts4.09_10m_prec_1985-11.asc
ncols        51
nrows        45
xllcorner    -63.500000000000
yllcorner    -7.500000000000
cellsize     0.166666666667
NODATA_value -9999
[rows 0 to 19 of 45, columns 0 to 43 of 51]
217.8937530517578125 218.056243896484375 215.2312469482421875 217.1687469482421875 218.625 221.84375 223.556243896484375 225.024993896484375 225.6999969482421875 225.006256103515625 223.943756103515625 218.5187530517578125 213.125 204.3312530517578125 195.7125091552734375 186.3312530517578125 177.7062530517578125 168.087493896484375 159.3312530517578125 151.9812469482421875 146.34375 141.0124969482421875 136.5 130.7624969482421875 125.8562469482421875 121.75 119.03125 116.5437469482421875 114.4250030517578125 116.8937530517578125 120.5625 125.125 129.837493896484375 135.5812530517578125 140.8874969482421875 145.7937469482421875 151.03125 155.399993896484375 157.125 158.625 158.712493896484375 159.09375 157.568756103515625 155.875
222.7312469482421875 220.2624969482421875 219.193756103515625 221.0625 224.5500030517578125 227.193756103515625 228 231.193756103515625 231.693756103515625 230.1374969482421875 228.125 220.9187469482421875 212.8312530517578125 204.318756103515625 194.2687530517578125 185.78125 175.8937530517578125 165.837493896484375 155.7687530517578125 147.3562469482421875 141.1687469482421875 135.587493896484375 131.100006103515625 127.11875152587890625 122 118.09375 116.4250030517578125 114.4187469482421875 113.19374847412109375 115.8000030517578125 119.65000152587890625 124.41249847412109375 128.524993896484375 135.5187530517578125 141.850006103515625 147.006256103515625 152.524993896484375 157.287506103515625 158.618743896484375 159.8937530517578125 160.743743896484375 160.3874969482421875 159.493743896484375 156.256256103515625
226.975006103515625 224.693756103515625 222.368743896484375 221.84375 224.381256103515625 225.975006103515625 229.4749908447265625 232.2687530517578125 233.7937469482421875 232.2125091552734375 228.0437469482421875 219.412506103515625 210.6750030517578125 201.149993896484375 190.7624969482421875 181.2062530517578125 172.256256103515625 163.3312530517578125 153.7062530517578125 145.8249969482421875 139.84375 134.2874908447265625 129.712493896484375 125.9875030517578125 121.43125152587890625 117.2937469482421875 115.59999847412109375 114.11875152587890625 112.6437530517578125 115.03749847412109375 119.71875 124.3312530517578125 130.931243896484375 138.03125 145.631256103515625 151.03125 157.056243896484375 164.1687469482421875 166.3937530517578125 168.6374969482421875 169.65625 168.006256103515625 166.1750030517578125 163.131256103515625
226.162506103515625 223.2062530517578125 222.34375 220 221.3312530517578125 222.693756103515625 225.3062591552734375 229.7375030517578125 233.087493896484375 232.443756103515625 226.493743896484375 216 206.0062408447265625 195.7312469482421875 185.631256103515625 176.40625 168.212493896484375 159.837493896484375 151.9812469482421875 145.899993896484375 140.2937469482421875 134.475006103515625 128.90625 124.6125030517578125 120.25624847412109375 116.4187469482421875 114.8625030517578125 112.40000152587890625 111.5124969482421875 114.90625 119.49375152587890625 124.99375152587890625 131.2312469482421875 139.0812530517578125 147.2937469482421875 155.600006103515625 163.787506103515625 171.618743896484375 175.21875 177.931243896484375 178.118743896484375 176.993743896484375 173.131256103515625 168.9499969482421875
231.1125030517578125 224.475006103515625 215.4187469482421875 213.8625030517578125 216.4250030517578125 218.006256103515625 220.318756103515625 225.3249969482421875 230.8874969482421875 232.3562469482421875 222.6062469482421875 209.0187530517578125 198.4187469482421875 189.15625 179.743743896484375 171.6437530517578125 163.6750030517578125 157.15625 150.4812469482421875 144.1999969482421875 139.8874969482421875 134.100006103515625 128.600006103515625 124.875 119.43125152587890625 115.28125 112.21875 110.93125152587890625 110.77500152587890625 113.3874969482421875 117.9375 123.58750152587890625 130.7375030517578125 139.5437469482421875 148.975006103515625 158.4187469482421875 168.212493896484375 178.006256103515625 183.5500030517578125 185.21875 186.4875030517578125 183.287506103515625 179.181243896484375 174.618743896484375
231.3312530517578125 225.3000030517578125 216.125 207.649993896484375 211.3937530517578125 216.462493896484375 219.6374969482421875 222.6750030517578125 226.850006103515625 228.9562530517578125 217.806243896484375 204.5124969482421875 194.9875030517578125 186.149993896484375 177.056243896484375 168.9375 161.975006103515625 156.037506103515625 150.6374969482421875 144.3499908447265625 139.662506103515625 134.8312530517578125 129.6750030517578125 125.0124969482421875 120.6875 116.1374969482421875 113.25 111.30625152587890625 110.5812530517578125 112.3249969482421875 115.18125152587890625 121.2312469482421875 127.66249847412109375 136.3874969482421875 145.2937469482421875 155.84375 166.6125030517578125 177.7062530517578125 185.28125 188.868743896484375 187.4812469482421875 184.8125 180.8249969482421875 177.0749969482421875
233.431243896484375 229.75 220.787506103515625 212.1437530517578125 210.9562530517578125 211.818756103515625 213.8000030517578125 214.8937530517578125 213.7687530517578125 209.399993896484375 204.3562469482421875 196.087493896484375 189.350006103515625 182.006256103515625 174.743743896484375 167.8874969482421875 161.3562469482421875 155.5749969482421875 149.475006103515625 145.2062530517578125 140.7062530517578125 135.8625030517578125 131.0187530517578125 126.28749847412109375 121.96250152587890625 118.1999969482421875 114.6875 111.81874847412109375 109.30625152587890625 110.3000030517578125 112.84375 117.15000152587890625 123.4499969482421875 131.75 140.881256103515625 150.8687591552734375 161.4250030517578125 173.53125 184.9562530517578125 188.7312469482421875 186.9875030517578125 184.0187530517578125 180.59375 176.943756103515625
238.006256103515625 233.7375030517578125 226.3562469482421875 221.2062530517578125 219.087493896484375 215.6687469482421875 209.899993896484375 202.1125030517578125 194.0625 189.59375 189.8874969482421875 187.056243896484375 182.9187469482421875 177.475006103515625 171.8312530517578125 166.625 160.6687469482421875 155.037506103515625 149.818756103515625 145.1875 142.3874969482421875 138.3125 132.8562469482421875 128.256256103515625 124.7062530517578125 119.3249969482421875 115.01874542236328125 111.09375 108.46875 107.84375 109.16249847412109375 113.25 119.125 126.36875152587890625 134.875 144.0625 155.068756103515625 165.8249969482421875 174.5 179.15625 179.881256103515625 178.0187530517578125 175.256256103515625 171.90625
241.818756103515625 239.087493896484375 233.962493896484375 229.412506103515625 226.087493896484375 220.65625 212.9562530517578125 202.6125030517578125 187.899993896484375 179.1687469482421875 181.6125030517578125 181.274993896484375 179.381256103515625 175.375 171.381256103515625 166.975006103515625 162.056243896484375 157.6750030517578125 154.90625 150.5124969482421875 146.0187530517578125 142.131256103515625 136.149993896484375 132.6374969482421875 127.7375030517578125 121.49375152587890625 115.8874969482421875 111.7062530517578125 108.4375 106.00624847412109375 107.05625152587890625 111.15625 115.5625 121.27500152587890625 128.100006103515625 136.899993896484375 146.368743896484375 155.5124969482421875 162.71875 168.5625 170.6125030517578125 169.0749969482421875 167.96875 165.7937469482421875
246.3937530517578125 243.2062530517578125 238.943756103515625 235.3874969482421875 232.71875 227.7624969482421875 218.681243896484375 206.9312591552734375 194.6062469482421875 186.6437530517578125 183.6062469482421875 179.8562469482421875 178.087493896484375 174.381256103515625 170.943756103515625 167.6999969482421875 164 161.537506103515625 159.3874969482421875 157.1062469482421875 152.8312530517578125 147.875 140.96875 136.337493896484375 129.943756103515625 123.5625 118.24375152587890625 112.84375 108.4499969482421875 104.59999847412109375 104.83750152587890625 108.0749969482421875 111.81874847412109375 116.8562469482421875 122.75 130.475006103515625 138.962493896484375 146.006256103515625 152.818756103515625 158.59375 162.1999969482421875 161.9375 160.5187530517578125 157.9375
251.431243896484375 248.649993896484375 244.09375 240.806243896484375 238.212493896484375 235.3937530517578125 227.118743896484375 214.03125 201.78125 192.7624969482421875 187.875 182.5812530517578125 178.350006103515625 174.0124969482421875 170.4187469482421875 167.350006103515625 164.975006103515625 164.0812530517578125 163.5749969482421875 163.46875 162.6687469482421875 156.5124969482421875 147.40625 138.6062469482421875 132.625 127.3249969482421875 121.78125 116.2312469482421875 110.40000152587890625 105.71250152587890625 105.15000152587890625 107.1062469482421875 110.34999847412109375 114.2062530517578125 118.3625030517578125 124.22499847412109375 130.649993896484375 136.9562530517578125 144.787506103515625 150.90625 154.6437530517578125 155.306243896484375 154.9375 153.2687530517578125
255.100006103515625 252.287506103515625 247.8625030517578125 245.8187408447265625 243.493743896484375 240.725006103515625 233.8874969482421875 220.493743896484375 207.9562530517578125 198.1875 191.087493896484375 185.4375 178.6437530517578125 173.568756103515625 170.100006103515625 167.225006103515625 165.4875030517578125 165.225006103515625 166.5500030517578125 169.287506103515625 170.9250030517578125 165 154.125 143.2937469482421875 135.431243896484375 129.34375 123.48125457763671875 118.21250152587890625 113.75624847412109375 109.0437469482421875 106.71250152587890625 106.68125152587890625 108.4812469482421875 111.1687469482421875 114.96250152587890625 120.1999969482421875 125.6437530517578125 131.8249969482421875 139.0124969482421875 145.6875 150.7687530517578125 151.6687469482421875 151.649993896484375 150.568756103515625
258.01251220703125 256.024993896484375 251.931243896484375 248.381256103515625 244.850006103515625 241.1062469482421875 233.4250030517578125 222.2937469482421875 210.649993896484375 201.3874969482421875 193.3125 187.5 180.537506103515625 171.9187469482421875 167.5 165.0124969482421875 163.868743896484375 165.743743896484375 168.1875 171.4812469482421875 174.9875030517578125 169.6437530517578125 158.0437469482421875 148.0749969482421875 138.2687530517578125 130.6687469482421875 126.25 121.125 116.90000152587890625 112.125 108.7375030517578125 107.0437469482421875 106.93125152587890625 108.3249969482421875 111.25 115.8874969482421875 120.97499847412109375 126.5812530517578125 134.556243896484375 140.5625 146.9375 149.0500030517578125 147.59375 140.65625
260.45623779296875 257.024993896484375 252.7312469482421875 248.5437469482421875 244.693756103515625 238.7687530517578125 231.28125 222.21875 212.6812591552734375 203.0187530517578125 194.350006103515625 186.037506103515625 178.725006103515625 170.462493896484375 162.96875 160.462493896484375 160.1125030517578125 162.2375030517578125 164.912506103515625 167.5437469482421875 169.631256103515625 165.774993896484375 157.493743896484375 149.15625 141.2249908447265625 134.5062408447265625 130.5749969482421875 125.6999969482421875 120.75624847412109375 114.99375152587890625 110.8000030517578125 107.66249847412109375 105.96250152587890625 105.80625152587890625 108.3125 112.93125152587890625 117.65625 124.24375152587890625 131.225006103515625 138.6687469482421875 143.631256103515625 141.649993896484375 138.5124969482421875 137.125
261.181243896484375 257.412506103515625 253.09375 248.71875 244.2062530517578125 237.712493896484375 230.9875030517578125 222.6125030517578125 213.006256103515625 203.2937469482421875 194.024993896484375 185.2375030517578125 176.649993896484375 167.7062530517578125 157.875 154.5 154.912506103515625 157.5625 160.493743896484375 162.850006103515625 164.09375 161.6374969482421875 156.274993896484375 150.931243896484375 146.03125 141 136.45623779296875 131.0999908447265625 125.5187530517578125 118.3874969482421875 112.69374847412109375 108 105.8625030517578125 105.02500152587890625 106.1125030517578125 110.21250152587890625 116.13124847412109375 124.03749847412109375 131.90625 136.881256103515625 138.162506103515625 138.1750030517578125 139.0812530517578125 139.7687530517578125
260.399993896484375 256.29998779296875 252.693756103515625 248.125 243.59375 237.5749969482421875 230.0124969482421875 221.868743896484375 213.6750030517578125 205.2312469482421875 195.256256103515625 185.7687530517578125 176.5124969482421875 165.9499969482421875 154.975006103515625 147.6999969482421875 150.0749969482421875 154.5437469482421875 157.368743896484375 159.368743896484375 161.149993896484375 160.0500030517578125 156.256256103515625 153.0187530517578125 150.1875 147.850006103515625 144.1750030517578125 138.243743896484375 130.5812530517578125 121.55625152587890625 114.42499542236328125 108.96250152587890625 105.78125 104.9250030517578125 104.38124847412109375 109.6374969482421875 116.7937469482421875 121.78749847412109375 128.399993896484375 132.78125 136.625 138.774993896484375 140 137.6687469482421875
259.16876220703125 256.181243896484375 251.818756103515625 247.2687530517578125 243.3125 237.1999969482421875 230.6875 222.600006103515625 215.006256103515625 206.4812469482421875 197.3249969482421875 187.90625 177.931243896484375 167.350006103515625 156.943756103515625 149.9499969482421875 148.1437530517578125 151.3874969482421875 155.1125030517578125 157.7375030517578125 159.774993896484375 159.4187469482421875 156.787506103515625 154.28125 153.3562469482421875 154.1750030517578125 152.875 144.9375 134.212493896484375 124.0124969482421875 116.36875152587890625 111.7312469482421875 107.58750152587890625 105.63124847412109375 108.34375 115.65625 120.08750152587890625 125.84375 132.806243896484375 135.537506103515625 139.6875 141.912506103515625 140.0437469482421875 139.431243896484375
257.63751220703125 254.787506103515625 251.431243896484375 247.6437530517578125 243.28125 238.962493896484375 233.3562469482421875 225.6750030517578125 218.274993896484375 209.6875 200.431243896484375 191.131256103515625 180.181243896484375 170.59375 162.0124969482421875 155.1125030517578125 151.1999969482421875 149.462493896484375 154.087493896484375 157.118743896484375 160.412506103515625 159.3000030517578125 156.8312530517578125 156.006256103515625 156.806243896484375 158.506256103515625 160.53125 150.2375030517578125 136.3000030517578125 123.3937530517578125 114.68125152587890625 109.8249969482421875 109.49375152587890625 112.5187530517578125 116.44374847412109375 118.8000030517578125 124.3249969482421875 130.1374969482421875 133.65625 139.7062530517578125 142.806243896484375 143.5812530517578125 142.5749969482421875 141.6437530517578125
255.399993896484375 253.84375 250.787506103515625 247.6125030517578125 244.3562469482421875 240.475006103515625 235.162506103515625 229.0749969482421875 222.5437469482421875 215.0625 205.337493896484375 195.475006103515625 184.6750030517578125 175.4375 166.3625030517578125 159.7687530517578125 155.2624969482421875 151.475006103515625 152.5812530517578125 155.712493896484375 161.100006103515625 163.03125 156.7375030517578125 156.7687530517578125 158.4562530517578125 159.8874969482421875 159.0187530517578125 150.2312469482421875 137.5500030517578125 123.2937469482421875 112.65000152587890625 110.8000030517578125 115.8000030517578125 118.71875 120.625 125.3625030517578125 129.7062530517578125 134.1125030517578125 139.0437469482421875 143.662506103515625 146.475006103515625 148.774993896484375 146.40625 144.40625
252.3125 251.7062530517578125 248.8000030517578125 246.4250030517578125 243.84375 241.3249969482421875 237.506256103515625 232.3312530517578125 227.1125030517578125 220.84375 212.6875 203.3312530517578125 192.7062530517578125 181.868743896484375 172.6437530517578125 164.46875 156.8625030517578125 154.837493896484375 154.368743896484375 156.0187530517578125 158.662506103515625 158.056243896484375 156.837493896484375 157.125 157.649993896484375 156.399993896484375 153.2624969482421875 148.149993896484375 137.4250030517578125 124.21875 115.7624969482421875 117.25 120.7687530517578125 124.9250030517578125 128.1875 131.9875030517578125 136.493743896484375 141.3000030517578125 145.0062408447265625 148.0625 150.4625091552734375 151.7062530517578125 149.725006103515625 148.1999969482421875
