data/historical-monthly-weather-data/wc2.1_cruts4.09_10m_prec_1969-03.asc
ncols        51
nrows        45
xllcorner    -63.500000000000
yllcorner    -7.500000000000
cellsize     0.166666666667
NODATA_value -9999
[rows 20 to 39 of 45, columns 0 to 44 of 51]
152.3125 158.693756103515625 168.375 179.1750030517578125 190.9499969482421875 204.75 218.7312469482421875 231.756256103515625 243.875 253.4250030517578125 260.48126220703125 265.493743896484375 270.61248779296875 277.350006103515625 277.11248779296875 271.85626220703125 267.59375 267.462493896484375 270.806243896484375 273.493743896484375 273.58123779296875 273.137481689453125 271.98748779296875 273.975006103515625 277.01873779296875 280.756256103515625 285.51251220703125 290.125 294.568756103515625 298.38751220703125 297.375 291.368743896484375 277.568756103515625 259.774993896484375 242.9562530517578125 261.28125 287.53125 302.08123779296875 307.225006103515625 306.70001220703125 303.600006103515625 301.14373779296875 297.48126220703125 295.08123779296875 296.037506103515625
148.1374969482421875 155.1125030517578125 166.15625 177.774993896484375 190.462493896484375 205.475006103515625 220.625 235.181243896484375 247.537506103515625 254.556243896484375 257.26873779296875 258.5625 260.21875 264.243743896484375 266.212493896484375 265.88751220703125 265.98748779296875 266.70001220703125 268.806243896484375 270.306243896484375 267.693756103515625 265.556243896484375 266.462493896484375 267.787506103515625 271.0625 276.756256103515625 285.21875 290.350006103515625 294.73126220703125 297.84375 296.024993896484375 290.337493896484375 278.90625 266.88751220703125 260.550018310546875 271.350006103515625 290.91876220703125 304.493743896484375 309.32501220703125 307.381256103515625 303.07501220703125 300.70623779296875 297.875 295.9375 297.95001220703125
145.943756103515625 153.931243896484375 164.9187469482421875 177.149993896484375 189.9812469482421875 204.75 219.9875030517578125 237.0500030517578125 251.6062469482421875 254.962493896484375 253.600006103515625 249.75 247.5124969482421875 251.0500030517578125 256.518768310546875 259.90625 261.73126220703125 263.181243896484375 264.618743896484375 265.399993896484375 262.131256103515625 258.181243896484375 256.649993896484375 257.79376220703125 263.193756103515625 271.10626220703125 280.92498779296875 288.11248779296875 292.83123779296875 295.39373779296875 295.28125 294.15625 289.67498779296875 284.21875 285.58123779296875 293.681243896484375 305.29376220703125 313.32501220703125 314.38751220703125 310.17498779296875 304.07501220703125 301.0625 298.51873779296875 296.09375 299
145.993743896484375 153.5 164.1125030517578125 175.8562469482421875 188.1437530517578125 202.118743896484375 217.75 234.318756103515625 247.5812530517578125 249.4375 246.34375 242.806243896484375 237.756256103515625 242.462493896484375 250.21875 255.59375 259.34375 261.34375 261.15625 260.53125 256.024993896484375 250.75 247.587493896484375 248.412506103515625 252.618743896484375 260.61248779296875 271.537506103515625 281.66876220703125 289.20001220703125 295.375 299.98126220703125 302.48126220703125 302.024993896484375 301.96875 306.274993896484375 314.13751220703125 321.29376220703125 322.056243896484375 318.006256103515625 311.649993896484375 304.66876220703125 300.07501220703125 296.631256103515625 293.10626220703125 298.725006103515625
149.15625 155.2687530517578125 163.8249969482421875 174.662506103515625 186.837493896484375 200.1374969482421875 213.4812469482421875 227.0124969482421875 237.34375 241.6687469482421875 242.4375 240.056243896484375 239.6062469482421875 243.3125 248.4812469482421875 254.4250030517578125 258.212493896484375 260.212493896484375 260.131256103515625 257.13751220703125 250.1374969482421875 243.181243896484375 237.6875 236.03125 241.3000030517578125 252.625 264.01251220703125 277.193756103515625 287.243743896484375 298.20001220703125 305.75 311.29376220703125 314.443756103515625 317.068756103515625 321.024993896484375 323.087493896484375 326.337493896484375 325.16876220703125 319.162506103515625 313.15625 305.61248779296875 299.631256103515625 293.524993896484375 291.412506103515625 294.65625
154.4375 159.875 165.899993896484375 175.25 184.993743896484375 196.649993896484375 208.350006103515625 219.7062530517578125 228.4562530517578125 234.006256103515625 237.28125 239.337493896484375 241.818756103515625 245.3625030517578125 249.8312530517578125 255.587493896484375 258.71875 260.89373779296875 260.95001220703125 255.7624969482421875 248.2687530517578125 237.8249969482421875 228.1687469482421875 223.212493896484375 230.806243896484375 245.5187530517578125 261.08123779296875 274.64373779296875 287.38751220703125 301.20001220703125 312.375 321.90625 327.537506103515625 329.475006103515625 331.037506103515625 329.79998779296875 329.36248779296875 326.65625 320.875 313.850006103515625 306.35626220703125 298.79376220703125 289.524993896484375 285.92498779296875 291
159.7375030517578125 162.0124969482421875 167.6374969482421875 174.712493896484375 182.493743896484375 192.6687469482421875 202.4250030517578125 211.8625030517578125 219.875 226.868743896484375 232.5124969482421875 236.8000030517578125 241.1437530517578125 246.1187591552734375 251.662506103515625 257.287506103515625 262.587493896484375 263.943756103515625 263.13751220703125 259.475006103515625 250.0124969482421875 238.368743896484375 224.625 217.7687530517578125 229.087493896484375 244.006256103515625 260.568756103515625 274.306243896484375 287.962493896484375 302.806243896484375 316.40625 329.712493896484375 337.681243896484375 337.63751220703125 336.92498779296875 334.6875 333.28125 329.58123779296875 324.006256103515625 317.64373779296875 308.85626220703125 300.256256103515625 289.79376220703125 284.26251220703125 295.73748779296875
165.381256103515625 165.2937469482421875 169.587493896484375 175.1687469482421875 180.5437469482421875 188.90625 198.3625030517578125 206.568756103515625 214.131256103515625 221.368743896484375 227.3312530517578125 233.0625 239.3625030517578125 245.9250030517578125 252.6374969482421875 259.13751220703125 265.850006103515625 269.61248779296875 269.73748779296875 266.86248779296875 258.149993896484375 246.524993896484375 237.65625 232.725006103515625 238.850006103515625 250.5187530517578125 264.774993896484375 278.462493896484375 291.287506103515625 304.63751220703125 317.962493896484375 330.39373779296875 338.16876220703125 338.82501220703125 338.76873779296875 336.85626220703125 333.6875 331.1875 326.84375 322.35626220703125 316.79998779296875 307.068756103515625 293.41876220703125 287.23748779296875 306.65625
170.7937469482421875 168.881256103515625 171.818756103515625 175.375 180.3625030517578125 187.149993896484375 194.149993896484375 201.381256103515625 208.9250030517578125 215.787506103515625 222.818756103515625 229.9875030517578125 237.4375 245.7062530517578125 254.59375 263.54998779296875 272.931243896484375 277.868743896484375 279.962493896484375 278.73126220703125 270.98126220703125 260.975006103515625 254.337493896484375 249.3937530517578125 252.9875030517578125 260.13751220703125 271.51873779296875 283.70623779296875 295.39373779296875 307.67498779296875 318.524993896484375 328.90625 336.068756103515625 338.625 339.943756103515625 338.20623779296875 334.45001220703125 332 328.32501220703125 323.76873779296875 322.024993896484375 312.587493896484375 299.556243896484375 300.73748779296875 322.59375
178.3874969482421875 174.9187469482421875 176.100006103515625 178.0812530517578125 181.2687530517578125 185.600006103515625 191.1125030517578125 196.931243896484375 203.899993896484375 210.3312530517578125 217.399993896484375 226.6750030517578125 236.7062530517578125 246.837493896484375 257.20001220703125 267.83123779296875 278.506256103515625 288.412506103515625 292.787506103515625 289.98126220703125 282.42498779296875 274.368743896484375 268.23748779296875 264.368743896484375 265.368743896484375 270.631256103515625 279.850006103515625 289.36248779296875 298.59375 308.67498779296875 318.45001220703125 326.63751220703125 333.26873779296875 338.82501220703125 342.037506103515625 339.90625 336.40625 334.743743896484375 327.98126220703125 323.26251220703125 322.29998779296875 321.76251220703125 317.60626220703125 324.45623779296875 338.931243896484375
184.875 179.9375 179.5999908447265625 180.725006103515625 182.59375 184.787506103515625 189.0812530517578125 193.243743896484375 199.212493896484375 205.306243896484375 212.431243896484375 222.625 234.4499969482421875 245.71875 257.89373779296875 270.774993896484375 284.993743896484375 296.3125 304.73126220703125 301.95001220703125 294.443756103515625 286.043731689453125 281.17498779296875 277.125 276.375 281.20001220703125 287.381256103515625 293.875 301.743743896484375 310.0625 318.54998779296875 326.837493896484375 333.73748779296875 340.024993896484375 344.556243896484375 341.618743896484375 338.54376220703125 337.556243896484375 329.568756103515625 318.774993896484375 320.16876220703125 329.51251220703125 335.8125 345.068756103515625 359.818756103515625
190.625 184.556243896484375 182.8874969482421875 182.618743896484375 183.381256103515625 184.1437530517578125 186.931243896484375 189.25 194.2937469482421875 199.875 206.7375030517578125 217.875 230.381256103515625 244.181243896484375 258.443756103515625 273.368743896484375 286.57501220703125 297.76873779296875 306.32501220703125 307.95001220703125 301.29998779296875 295.5 290.15625 286 286.89373779296875 289.462493896484375 293.006256103515625 298.85626220703125 303.837493896484375 311.681243896484375 319.693756103515625 327.337493896484375 333.66876220703125 340.60626220703125 346.087493896484375 343.9375 342.881256103515625 341.26251220703125 331.287506103515625 324.51251220703125 330.23748779296875 344.943756103515625 356.962493896484375 373.23126220703125 391.556243896484375
199.3000030517578125 193.2624969482421875 190.0437469482421875 188.056243896484375 186.475006103515625 186.375 186.743743896484375 187.15625 190.350006103515625 195.4187469482421875 203.375 215.0437469482421875 229.4499969482421875 246.243743896484375 260.59375 274.67498779296875 286.89373779296875 297.931243896484375 305.149993896484375 308.34375 304.98126220703125 300.08123779296875 294.743743896484375 292.4375 292.600006103515625 294.10626220703125 296.83123779296875 301.524993896484375 307.087493896484375 313.84375 321.14373779296875 328.4375 336.3125 344.25 349.85626220703125 351.256256103515625 351.6875 350.35626220703125 343.79998779296875 346.274993896484375 353.881256103515625 369.243743896484375 385.63751220703125 404.912506103515625 433.662506103515625
208.131256103515625 202.0374908447265625 198.28125 194.725006103515625 191.4499969482421875 188.9875030517578125 186.9812469482421875 185.587493896484375 187.181243896484375 190.875 197.943756103515625 212.5 228.962493896484375 245.6374969482421875 259.524993896484375 274.056243896484375 287.51873779296875 297.48126220703125 303.318756103515625 306.993743896484375 305.774993896484375 301.70001220703125 298.100006103515625 295.20623779296875 295.274993896484375 295.756256103515625 299.068756103515625 303.006256103515625 309.64373779296875 315.63751220703125 321.631256103515625 329.84375 339.46875 348.20001220703125 356.66876220703125 359.625 360.88751220703125 360.662506103515625 362.006256103515625 367.98126220703125 375.868743896484375 392.162506103515625 413.15625 435.431243896484375 467.975006103515625
217.21875 211.6125030517578125 206.8874969482421875 201.6062469482421875 195.743743896484375 191.8625030517578125 187.6374969482421875 184.943756103515625 184.2687530517578125 186.0437469482421875 193.0749969482421875 209.631256103515625 228.4499969482421875 246.225006103515625 261.024993896484375 274.024993896484375 287.068756103515625 296.17498779296875 301.931243896484375 305.568756103515625 305.36248779296875 301.46875 297.9375 295.08123779296875 295.524993896484375 296.5625 299.20623779296875 304.15625 309.53125 316.23126220703125 323.46875 331.756256103515625 342 352.725006103515625 361.71875 365.20623779296875 368.118743896484375 374.381256103515625 379.98748779296875 387.23126220703125 396.76251220703125 411.806243896484375 432.64373779296875 455.806243896484375 484.068756103515625
228.662506103515625 222.368743896484375 216.5562591552734375 210.40625 203.943756103515625 198.7375030517578125 194.006256103515625 189.1374969482421875 186.3625030517578125 187.2312469482421875 193.568756103515625 209.443756103515625 228.462493896484375 246.181243896484375 260.037506103515625 272.98126220703125 284.399993896484375 292.725006103515625 299.287506103515625 303.90625 302.881256103515625 298.58123779296875 294.15625 292.01251220703125 291.76251220703125 292.3125 295.58123779296875 301.506256103515625 307.70623779296875 314.67498779296875 323.11248779296875 331.668731689453125 342.04376220703125 354.875 365.318756103515625 370.412506103515625 378.212493896484375 386.506256103515625 391.837493896484375 401.01251220703125 412.493743896484375 426.61248779296875 443.756256103515625 466.243743896484375 488.068756103515625
239.5187530517578125 233.337493896484375 227.100006103515625 220.087493896484375 213.475006103515625 207.993743896484375 202.03125 196.09375 190.962493896484375 188.03125 195.806243896484375 214.2687530517578125 231.712493896484375 246.024993896484375 259.48126220703125 270.90625 280.806243896484375 288.399993896484375 295.36248779296875 298.300018310546875 297.318756103515625 293.043731689453125 288.86248779296875 285.537506103515625 284.681243896484375 285.462493896484375 289.868743896484375 297.60626220703125 304.54998779296875 312.875 321.568756103515625 330.70623779296875 343.681243896484375 358.068756103515625 369.60626220703125 378.26251220703125 388.431243896484375 399.01251220703125 405.806243896484375 412.86248779296875 422.774993896484375 435.868743896484375 452.09375 471.868743896484375 490.399993896484375
250.46875 244.75 237.756256103515625 230.681243896484375 224.493743896484375 219.087493896484375 212.993743896484375 206.1125030517578125 201.3125 196.2312469482421875 209.3937530517578125 226.8249969482421875 238.6750030517578125 249.1750030517578125 259.65625 269.70623779296875 277.09375 283.443756103515625 288.662506103515625 290.39373779296875 287.61248779296875 283.743743896484375 281.20001220703125 277.725006103515625 276.92498779296875 278.350006103515625 283.600006103515625 292.91876220703125 301.600006103515625 310.59375 319.131256103515625 328.73748779296875 343.131256103515625 359.33123779296875 371.76873779296875 384.125 396.23126220703125 406.41876220703125 415.443756103515625 424.11248779296875 431.081268310546875 443.850006103515625 456.23748779296875 468.54998779296875 484.0625
258.89373779296875 254.243743896484375 248.71875 242.837493896484375 237.59375 232.225006103515625 228.037506103515625 223.2687530517578125 222.53125 228.431243896484375 243.40625 249.8125 254.2312469482421875 260.01251220703125 267.08123779296875 273.29998779296875 277.381256103515625 280.60626220703125 282.412506103515625 281.568756103515625 276.84375 272.8125 270.306243896484375 268.274993896484375 268.5 271.11248779296875 277.587493896484375 286.48748779296875 295.943756103515625 305.86248779296875 316.337493896484375 325.73126220703125 339.162506103515625 355.10626220703125 371.25 382.4375 393.51251220703125 405.46875 412.29376220703125 418.33123779296875 424.587493896484375 436.26873779296875 445.618743896484375 456.318756103515625 466.625
267.462493896484375 264.287506103515625 260.11248779296875 255.0625 251.5124969482421875 248.912506103515625 245.3625030517578125 244.5500030517578125 246.506256103515625 252.0749969482421875 260.48126220703125 266.84375 270.3125 272.66876220703125 276.54376220703125 278.524993896484375 278.993743896484375 278.6875 276.475006103515625 273.51251220703125 267.09375 262.26873779296875 258.399993896484375 257.118743896484375 259.36248779296875 263.225006103515625 269.868743896484375 279.59375 289.3125 299.63751220703125 309.82501220703125 322.774993896484375 338.756256103515625 353.306243896484375 368.45623779296875 380.42498779296875 390.03125 400.662506103515625 408.100006103515625 410.875 414.8125 424.337493896484375 431.9375 439.45623779296875 446.91876220703125
