data/historical-monthly-weather-data/wc2.1_cruts4.09_10m_prec_1971-09.asc
ncols        45
nrows        45
xllcorner    -63.500000000000
yllcorner    -7.500000000000
cellsize     0.166666666667
NODATA_value -9999
[rows 0 to 18 of 45, columns 0 to 43 of 45]
36.69374847412109375 30.649999618530273438 27.90625 26.137500762939453125 24.299999237060546875 24.5 24.418750762939453125 24.387500762939453125 26.493749618530273438 28.881250381469726562 31.96875 37.46875 43.33750152587890625 48.887500762939453125 56.375 63.575000762939453125 71.06874847412109375 76.13124847412109375 81.40625 85.28749847412109375 86.50624847412109375 85.78125 85.78749847412109375 86.0187530517578125 85.8312530517578125 87.03125 89.6062469482421875 92.1875 93.05625152587890625 92.09375 89.99375152587890625 88.9499969482421875 89.63124847412109375 88.81874847412109375 88.8874969482421875 90.00624847412109375 92.3312530517578125 94.65625 96.99375152587890625 99.74375152587890625 102.8249969482421875 105.81874847412109375 107.65625 109.8312530517578125
36.22499847412109375 30.40625 28.037500381469726562 26.462499618530273438 25.231250762939453125 24.806249618530273438 24.412500381469726562 24.8125 26.962499618530273438 29.318750381469726562 32.331249237060546875 37.61875152587890625 43.30625152587890625 48.49375152587890625 55.637500762939453125 63.075000762939453125 69.96875 76.96250152587890625 83.73125457763671875 89.31874847412109375 89.96875 90.3562469482421875 89.90000152587890625 89.5812530517578125 87.6062469482421875 87.31874847412109375 89.53749847412109375 91.625 91.19374847412109375 89.90000152587890625 88.1062469482421875 87.63124847412109375 87.3000030517578125 87.5500030517578125 87.78125 89.34375 92.0749969482421875 95.24375152587890625 97.7687530517578125 100.81874847412109375 104.3874969482421875 107.58750152587890625 110.4187469482421875 111.58750152587890625
39.66249847412109375 35.393749237060546875 33.706249237060546875 32.825000762939453125 31.943750381469726562 31.46875 30.625 30.3125 32.06874847412109375 34.00624847412109375 36.47499847412109375 41.15625 46.1875 50.668750762939453125 57.075000762939453125 64.24375152587890625 70.4499969482421875 76.41249847412109375 81.9812469482421875 86.72499847412109375 87.0437469482421875 86.71875 86.52500152587890625 86.16249847412109375 84.40000152587890625 83.34375 86.09375 87.08750152587890625 86.63124847412109375 84.72499847412109375 82.21250152587890625 81.2375030517578125 82.25 82.78125 83.55625152587890625 85.50624847412109375 88.875 92.9875030517578125 96.65000152587890625 100.78125 105.28125 108.21250152587890625 111.8312530517578125 113.83750152587890625
42.237499237060546875 39.34375 39.543750762939453125 38.987499237060546875 38.450000762939453125 37.83750152587890625 37.012500762939453125 36.83750152587890625 38.28749847412109375 39.893749237060546875 41.575000762939453125 45.49375152587890625 49.125 53.21875 59.125 65.56874847412109375 71.46875 75.91875457763671875 80.65000152587890625 84.5187530517578125 84.30625152587890625 82.6687469482421875 81.3874969482421875 81.0187530517578125 79.16249847412109375 78.4875030517578125 80.0749969482421875 79.77500152587890625 79.6999969482421875 78.0187530517578125 75.9562530517578125 74.03125 74.61875152587890625 75.53749847412109375 76.38124847412109375 80.81874847412109375 85.77500152587890625 90.58750152587890625 95.53749847412109375 99.8125 104.28125 107.4375 111.0437469482421875 114.0187530517578125
48.74375152587890625 45.262500762939453125 43.71875 43.518749237060546875 44.325000762939453125 43.96250152587890625 43.00624847412109375 42.77500152587890625 44.34375 45.549999237060546875 46.65625 49.268749237060546875 52.47499847412109375 56.387500762939453125 61.862499237060546875 67.56874847412109375 72.53125 75.4250030517578125 78.3937530517578125 80.36875152587890625 80.4499969482421875 77.56874847412109375 76.3937530517578125 75.86875152587890625 74.21875 73.41875457763671875 73.3249969482421875 73.5500030517578125 73.1125030517578125 70.7062530517578125 68.65625 66.18125152587890625 66.63124847412109375 68.25624847412109375 70.30625152587890625 74.8562469482421875 80.4187469482421875 86.78125 92.72499847412109375 97.9375 102.8874969482421875 105.8562469482421875 108.8312530517578125 112.71875
55.75 52.38124847412109375 49.981250762939453125 47.53125 48.674999237060546875 50.03125 49.6875 48.987499237060546875 50.13124847412109375 51.41249847412109375 51.875 53.825000762939453125 56.612499237060546875 60.049999237060546875 64.22499847412109375 69.21875 73.16249847412109375 74.2687530517578125 75.58750152587890625 76.71875 75.40000152587890625 73.13124847412109375 71.52500152587890625 70.22499847412109375 69.15625 67.90000152587890625 67.4562530517578125 67.75624847412109375 66.8937530517578125 64.1750030517578125 61.84999847412109375 60.950000762939453125 61.450000762939453125 62.768749237060546875 64.46875 70.05625152587890625 75.9875030517578125 83.28749847412109375 90.14374542236328125 95.5437469482421875 98.0749969482421875 101.03749847412109375 104.0749969482421875 108.49375152587890625
63.856250762939453125 60.91249847412109375 58.237499237060546875 55.52500152587890625 55.00624847412109375 54.668750762939453125 54.83750152587890625 54.674999237060546875 55.0625 55.34999847412109375 55.96250152587890625 57.96875 60.66249847412109375 63.412502288818359375 66.78125 70.6374969482421875 73.71250152587890625 74.00624847412109375 73.4250030517578125 72.5749969482421875 70.56874847412109375 68.40625 66.00624847412109375 64.5187530517578125 63.731250762939453125 62.77500152587890625 62.28125 62.21875 60.86875152587890625 57.91249847412109375 55.77500152587890625 54.143749237060546875 55.15000152587890625 56.91249847412109375 58.96250152587890625 63.881252288818359375 70.1125030517578125 78.3937530517578125 86.84375 90.5437469482421875 92.7375030517578125 94.63124847412109375 97.59375 102.3874969482421875
72.28749847412109375 69.53749847412109375 66.78749847412109375 65.0625 64.3874969482421875 64.0500030517578125 62.22499847412109375 59.22499847412109375 57.97499847412109375 58.28125 59.61875152587890625 61.81874847412109375 64.41249847412109375 66.6374969482421875 69.52500152587890625 71.49375152587890625 73.375 72.8000030517578125 71.1125030517578125 67.9562530517578125 66.05625152587890625 63.668750762939453125 61.30625152587890625 59.41249847412109375 58.28125 57.293750762939453125 56.40000152587890625 55.706249237060546875 54.80625152587890625 52.02500152587890625 49.856250762939453125 48.174999237060546875 49.143749237060546875 51.137500762939453125 52.731250762939453125 57.393749237060546875 63.25 70.28125 76.4375 80.53749847412109375 82.78749847412109375 84.44374847412109375 87.38124847412109375 91.0625
80.30625152587890625 78.00624847412109375 75.7687530517578125 73.94374847412109375 73.03125 71.8874969482421875 69.875 66.6687469482421875 64.0812530517578125 62.4375 63.512500762939453125 65.5749969482421875 68.6687469482421875 70.25 71.2312469482421875 71.4499969482421875 71.55625152587890625 70.3625030517578125 68.7937469482421875 65.2937469482421875 62.40625 60.299999237060546875 56.981250762939453125 55.80625152587890625 54.143749237060546875 52.612499237060546875 51.71875 51.356250762939453125 50.96250152587890625 48.418750762939453125 46.86875152587890625 44.41249847412109375 44.43125152587890625 45.03749847412109375 46.44374847412109375 51.237499237060546875 56.63124847412109375 61.924999237060546875 66.21250152587890625 69.6750030517578125 71.7937469482421875 72.97499847412109375 75.46875 78.61875152587890625
87.52500152587890625 85.65000152587890625 83.75624847412109375 82 81.55625152587890625 80.40625 78.21250152587890625 74.5124969482421875 72.05625152587890625 70.46875 70 70.7624969482421875 72.90000152587890625 74.4875030517578125 72.8249969482421875 71.34999847412109375 69.0187530517578125 67.21875 65.3874969482421875 62.78125 59.90625 56.700000762939453125 53.137500762939453125 51.44374847412109375 49.268749237060546875 47.78749847412109375 47.143749237060546875 46.831249237060546875 46.53749847412109375 44.887500762939453125 42.71250152587890625 40.41249847412109375 40.0625 40.71875 41.77500152587890625 45.56874847412109375 50.13124847412109375 54.25 57.03125 59.71250152587890625 61.49375152587890625 62.75624847412109375 62.9375 64.9499969482421875
96.0749969482421875 94.24375152587890625 92.4250030517578125 90.59375 89.84999847412109375 89.4187469482421875 87.28749847412109375 82.3000030517578125 79.03749847412109375 77.2937469482421875 76.71250152587890625 77.28125 77.6062469482421875 77.47499847412109375 73.68125152587890625 69.93125152587890625 65.72499847412109375 63.5625 61.63124847412109375 59.56874847412109375 57.74375152587890625 54.481250762939453125 50.487499237060546875 46.575000762939453125 45.00624847412109375 44.75 44.21250152587890625 43.28749847412109375 42.331249237060546875 40.80625152587890625 39.05625152587890625 37.03749847412109375 36.643749237060546875 36.69374847412109375 37.325000762939453125 40.25624847412109375 43.731250762939453125 46.84999847412109375 49.543750762939453125 51.018749237060546875 51.731250762939453125 52.18125152587890625 53.168750762939453125 53.40625
102.4812469482421875 100.5187530517578125 98.78749847412109375 97.7312469482421875 96.93125152587890625 96.43125152587890625 95.02500152587890625 90.2624969482421875 86.1437530517578125 83.44374847412109375 82.53125 82.06874847412109375 79.625 77.1062469482421875 73.76250457763671875 69.30625152587890625 65.15000152587890625 62.13124847412109375 60.043750762939453125 58.856250762939453125 57.674999237060546875 54.137500762939453125 49.47499847412109375 44.86875152587890625 42.549999237060546875 41.44374847412109375 40.537502288818359375 39.643749237060546875 38.375 37.09375 35.456249237060546875 33.737499237060546875 33.25624847412109375 33.481250762939453125 34.299999237060546875 36.71875 39.34999847412109375 41.856250762939453125 42.96250152587890625 43.362499237060546875 43.362499237060546875 43.125 43.74375152587890625 43.55625152587890625
108.02500152587890625 105.8562469482421875 103.81874847412109375 101.96250152587890625 100.6437530517578125 100.02500152587890625 98.06874847412109375 93.96250152587890625 91.1750030517578125 88.94374847412109375 87.1062469482421875 85.2375030517578125 81.68125152587890625 75.9812469482421875 71.40625 67.7375030517578125 63.668750762939453125 60.831249237060546875 58.768749237060546875 57.22499847412109375 56.15000152587890625 53.00624847412109375 48.206249237060546875 43.8125 40.012500762939453125 38.206249237060546875 37.56874847412109375 36.799999237060546875 35.737499237060546875 34.268749237060546875 32.34375 30.637500762939453125 30.3125 30.056249618530273438 30.575000762939453125 32.99375152587890625 36.02500152587890625 38.612499237060546875 40.125 38.893749237060546875 37.16249847412109375 37.24375152587890625 37.00624847412109375 33.71250152587890625
112.4875030517578125 109.75624847412109375 106.90625 104.65625 103.3125 101.6437530517578125 99.3874969482421875 96.77500152587890625 94.3312530517578125 92.7375030517578125 90.0187530517578125 85.3625030517578125 80.55625152587890625 74.50624847412109375 68.49375152587890625 65.3312530517578125 61.61875152587890625 58.543750762939453125 55.918750762939453125 54.28125 52.762500762939453125 49.450000762939453125 45.612499237060546875 42.56874847412109375 39.25 36.71875 35.53125 34.28749847412109375 32.831249237060546875 31.46875 30.1875 28.418750762939453125 27.693750381469726562 27.262500762939453125 27.725000381469726562 30.549999237060546875 34.143749237060546875 37.950000762939453125 40.03749847412109375 39.65625 35.206249237060546875 32.28125 31.975000381469726562 31.425001144409179688
114.5187530517578125 110.88124847412109375 107.69374847412109375 105.4250030517578125 104.03749847412109375 100.9499969482421875 99.5749969482421875 96.96250152587890625 94.53125 93.4375 90.00624847412109375 84.6999969482421875 79.06874847412109375 72.96875 66.52500152587890625 62.47499847412109375 59.481250762939453125 57.03125 54.11875152587890625 52.40000152587890625 50.71250152587890625 47.96875 44.81874847412109375 42.668750762939453125 40.49375152587890625 37.981250762939453125 36.00624847412109375 33.706249237060546875 31.575000762939453125 30.1875 28.106250762939453125 26.362499237060546875 25.831249237060546875 25.168750762939453125 24.84375 28.075000762939453125 33.293750762939453125 39.46250152587890625 43.362499237060546875 42.549999237060546875 39.28749847412109375 35.90000152587890625 34.768749237060546875 33.30625152587890625
115.02500152587890625 110.81874847412109375 108.15000152587890625 105.61875152587890625 103.11875152587890625 101.3000030517578125 99.3874969482421875 96.75624847412109375 94.9187469482421875 93.7687530517578125 90.09999847412109375 83.8249969482421875 77.5749969482421875 71.5625 65.47499847412109375 60.018749237060546875 57.09375 55.40625 52.706249237060546875 51.143749237060546875 48.9375 46.90000152587890625 44.91249847412109375 43.762500762939453125 41.90000152587890625 38.893749237060546875 36.106250762939453125 33.625 31.356250762939453125 29.46875 27.981250762939453125 25.8125 24.625 24.087499618530273438 23.25 27.412500381469726562 34.09375 40.612499237060546875 46.03125 46.58750152587890625 45.143749237060546875 41.03125 37.299999237060546875 34.13124847412109375
113.84375 110.03749847412109375 107.9250030517578125 105.59999847412109375 102.9187469482421875 101.4187469482421875 99.5437469482421875 97.5437469482421875 95.5625 93.5500030517578125 90.3562469482421875 83.66249847412109375 76.4187469482421875 69.96875 65.19374847412109375 60.40000152587890625 55.40625 53.293750762939453125 51.69374847412109375 49.96875 47.4375 45.61875152587890625 44.674999237060546875 44.75624847412109375 43.418750762939453125 39.375 36.231250762939453125 33.575000762939453125 31.274999618530273438 29.625 28.625 27.568750381469726562 26.012500762939453125 24.981250762939453125 26.0625 29.71875 35.49375152587890625 44.41249847412109375 52.706249237060546875 50.40625 45.99375152587890625 41.78125 37.18125152587890625 34.700000762939453125
112.46875 108.95000457763671875 106.0500030517578125 103.875 102.19374847412109375 100.94374847412109375 98.78749847412109375 96.43125152587890625 95.0124969482421875 92.5187530517578125 89.21875 82.8874969482421875 75.88124847412109375 69.69374847412109375 64.97499847412109375 60.80625152587890625 56.293750762939453125 51.75 51.08750152587890625 49.22499847412109375 46.71875 44.125 43.012500762939453125 43.612499237060546875 42.862499237060546875 39.174999237060546875 36.549999237060546875 33.96875 31.381250381469726562 29.412500381469726562 28.174999237060546875 27.1875 28.368749618530273438 29.59375 29.487499237060546875 31.118749618530273438 37.71875 45.643749237060546875 50.41249847412109375 49.5 43.950000762939453125 39.825000762939453125 36.1875 34.96875
110.63124847412109375 106.6875 103.78125 102.27500152587890625 100.5 99.5500030517578125 97.55625152587890625 96.2375030517578125 94.5749969482421875 92.16249847412109375 88.75 82.30625152587890625 75.36875152587890625 69.61875152587890625 64.66249847412109375 61.331249237060546875 57.59999847412109375 52.71875 50.137500762939453125 48.38124847412109375 46.41249847412109375 45.731250762939453125 40.69374847412109375 40.83750152587890625 40.668750762939453125 39.13124847412109375 37.256252288818359375 34.549999237060546875 32.700000762939453125 30.40625 28.6875 29.731250762939453125 33.15000152587890625 34.356250762939453125 34.75624847412109375 36.5625 40.09999847412109375 43.78749847412109375 45.96875 44.625 40.66249847412109375 37.46250152587890625 34.97499847412109375 34.28749847412109375
