data/historical-monthly-weather-data/wc2.1_cruts4.09_10m_prec_2008-03.asc
ncols        51
nrows        45
xllcorner    -63.500000000000
yllcorner    -7.500000000000
cellsize     0.166666666667
NODATA_value -9999
[rows 20 to 39 of 45, columns 0 to 44 of 51]
260.63751220703125 272.34375 286.462493896484375 301.76251220703125 318.21875 336.15625 353.75 369.16876220703125 380.79998779296875 387.850006103515625 392.04376220703125 398.875 406.83123779296875 417 415.5 406.33123779296875 398.556243896484375 395.743743896484375 398.01873779296875 400.29376220703125 404.243743896484375 408.36248779296875 411.3125 418.399993896484375 427.056243896484375 436.1875 442.649993896484375 448.131256103515625 452.64373779296875 452.11248779296875 443.625 428.92498779296875 408.493743896484375 383.04376220703125 358.65625 384.212493896484375 420.868743896484375 440.243743896484375 446.625 444.837493896484375 439.25 433.88751220703125 426.693756103515625 421.100006103515625 418.712493896484375
252.5437469482421875 265.16876220703125 281.618743896484375 298.306243896484375 316.34375 336.443756103515625 356.162506103515625 374.23126220703125 386.54998779296875 390.112518310546875 387.90625 387.92498779296875 389.287506103515625 394.14373779296875 395.850006103515625 394.15625 392.949981689453125 391.29376220703125 391.625 391.868743896484375 390.712493896484375 390.92498779296875 395.64373779296875 401.40625 410.181243896484375 422.08123779296875 434.35626220703125 440.881256103515625 445.443756103515625 443.76251220703125 434.056243896484375 419.98748779296875 404.162506103515625 388.41876220703125 380.5 395.67498779296875 423.23748779296875 441.98748779296875 448.39373779296875 445.006256103515625 438 432.34375 425.85626220703125 420.48126220703125 419.29376220703125
247.5500030517578125 261.76873779296875 278.17498779296875 295.962493896484375 314.356231689453125 334.26873779296875 354.337493896484375 376.64373779296875 392.79376220703125 391.04998779296875 382.84375 374.037506103515625 368.287506103515625 371.350006103515625 378.14373779296875 381.96875 383.381256103515625 382.76251220703125 382.037506103515625 381.068756103515625 377.88751220703125 374.29376220703125 374.3125 379.337493896484375 390.92498779296875 405.79376220703125 420.13751220703125 429.868743896484375 435.143768310546875 432.60626220703125 425.462493896484375 418.181243896484375 413.375 408.256256103515625 412.59375 424.67498779296875 441.475006103515625 453.09375 454.587493896484375 448.42498779296875 439.1875 432.40625 425.975006103515625 419.506256103515625 419.068756103515625
244.443756103515625 257.412506103515625 273.67498779296875 291.443756103515625 309.618743896484375 328.462493896484375 349.40625 371.131256103515625 385.368743896484375 381.506256103515625 370.83123779296875 361.73748779296875 351.01873779296875 355.0625 364.96875 371.70623779296875 375.806243896484375 376.13751220703125 373.23748779296875 370.337493896484375 364.818756103515625 358.60626220703125 355.57501220703125 359.33123779296875 368.15625 382.181243896484375 397.82501220703125 411.73748779296875 421.14373779296875 424.162506103515625 424.07501220703125 422.212493896484375 423.96875 427.51873779296875 437.03125 450.10626220703125 462.01873779296875 464.64373779296875 459.61248779296875 451.087493896484375 441.287506103515625 432.75 425.58123779296875 417.8125 419.725006103515625
246.162506103515625 256.318756103515625 269.79998779296875 286.837493896484375 305.625 323.662506103515625 341.087493896484375 358.23126220703125 368.118743896484375 368.38751220703125 363.649993896484375 355.556243896484375 350.79376220703125 352.58123779296875 358.537506103515625 365.931243896484375 370.037506103515625 370.51251220703125 367.95623779296875 361.787506103515625 352.287506103515625 343.20001220703125 336.287506103515625 335.63751220703125 345.024993896484375 362.84375 378.71875 396.8125 409.67498779296875 419.70623779296875 423.95001220703125 426.59375 434.118743896484375 442.337493896484375 452.32501220703125 458.70623779296875 466.73126220703125 468.193756103515625 461.20623779296875 453.95001220703125 444.08123779296875 434.274993896484375 423.9375 418.53125 415.493743896484375
251.5812530517578125 260.35626220703125 270.15625 285.4375 300.86248779296875 316.46875 331.462493896484375 345.36248779296875 353.10626220703125 355.5625 354.8125 352.76873779296875 351.631256103515625 352.54376220703125 357.20001220703125 364.024993896484375 367.01873779296875 367.71875 365.375 356.149993896484375 345.54998779296875 331.100006103515625 317.899993896484375 311.98126220703125 323.6875 345.274993896484375 366.625 384.837493896484375 401.20623779296875 415.256256103515625 424.70001220703125 433.006256103515625 444.75 453.01873779296875 460.73126220703125 463.975006103515625 468.306243896484375 469.09375 463.287506103515625 455.318756103515625 446.243743896484375 434.79998779296875 420.5 413.26873779296875 411.625
259.25 263.59375 272.587493896484375 283.83123779296875 295.70001220703125 308.76873779296875 320.587493896484375 331.5625 338.912506103515625 344.46875 348.09375 349.78125 351.73126220703125 354.881256103515625 360.225006103515625 365.875 370.98126220703125 369.67498779296875 365.34375 357.537506103515625 343.51251220703125 326.85626220703125 307.537506103515625 298.506256103515625 314.60626220703125 335.45623779296875 357.39373779296875 375.13751220703125 392.181243896484375 407.85626220703125 420.9375 434.8125 450.931243896484375 458.03125 463.962493896484375 466.59375 470.25 470.26251220703125 465.39373779296875 458.962493896484375 448.568756103515625 435.931243896484375 420.193756103515625 410.568756103515625 418.931243896484375
267.837493896484375 269.29998779296875 275.837493896484375 284.068756103515625 291.5625 301.51251220703125 312.67498779296875 321.71875 329.17498779296875 336.037506103515625 340.975006103515625 345.475006103515625 350.82501220703125 356.61248779296875 362.649993896484375 368.45001220703125 374.412506103515625 375.46875 371.4375 363.806243896484375 350.068756103515625 332.82501220703125 319.587493896484375 312.787506103515625 321.04998779296875 336.58123779296875 354.54376220703125 371.4375 386.75 400.5625 413.681243896484375 427.012481689453125 444.07501220703125 453.5625 461.75 465.462493896484375 467.100006103515625 469.318756103515625 466.712493896484375 463.53125 458.368743896484375 444.36248779296875 424.28125 414.07501220703125 434.912506103515625
275.34375 274.84375 278.90625 283.42498779296875 289.868743896484375 297.23126220703125 304.524993896484375 312.181243896484375 320.35626220703125 327.51251220703125 334.84375 341.98748779296875 349.46875 357.993743896484375 366.32501220703125 374.568756103515625 383.26873779296875 384.95001220703125 382.693756103515625 376.38751220703125 363.09375 347.29998779296875 336.368743896484375 328.962493896484375 332.993743896484375 341.631256103515625 354.899993896484375 369.006256103515625 382.14373779296875 394.86248779296875 405.318756103515625 416.63751220703125 433.90625 447.04998779296875 458.17498779296875 462.625 463.91876220703125 466.61248779296875 465.412506103515625 462.618743896484375 463.381256103515625 450.0625 431.10626220703125 431.79998779296875 457.03125
282.5 280.26873779296875 281.76873779296875 283.943756103515625 287.79376220703125 292.087493896484375 297.962493896484375 304.287506103515625 312.256256103515625 319.38751220703125 327.29376220703125 337.45001220703125 348.45001220703125 359.38751220703125 369.66876220703125 380.037506103515625 390.350006103515625 398.837493896484375 399.61248779296875 390.912506103515625 376.993743896484375 362.850006103515625 351.681243896484375 344.306243896484375 343.475006103515625 348.068756103515625 357.42498779296875 366.912506103515625 376.0625 386.631256103515625 396.79376220703125 406.34375 422.743743896484375 439.475006103515625 452.881256103515625 457.04376220703125 458.92498779296875 462.912506103515625 457.54998779296875 454.65625 456.54376220703125 456.01251220703125 449.787506103515625 458.46875 473.681243896484375
287.037506103515625 283.17498779296875 282.6875 283.83123779296875 286.037506103515625 287.899993896484375 292.899993896484375 297.618743896484375 304.75 311.975006103515625 320.42498779296875 331.6875 344.95001220703125 357.20623779296875 369.975006103515625 383.524993896484375 398.73126220703125 409.26873779296875 415.60626220703125 406.875 392.04376220703125 376.48748779296875 365.881256103515625 356.70001220703125 351.868743896484375 354.225006103515625 358.524993896484375 363.125 369.693756103515625 378.912506103515625 388.631256103515625 399.368743896484375 415.850006103515625 433.01873779296875 447.756256103515625 451.01873779296875 453.75 458.818756103515625 451.98126220703125 440.79376220703125 445.92498779296875 459.024993896484375 467.38751220703125 479.26873779296875 495.287506103515625
289.29998779296875 284.32501220703125 282.287506103515625 281.79376220703125 282.8125 283.48748779296875 287.25 290.131256103515625 296.51251220703125 303.58123779296875 312.11248779296875 324.537506103515625 338.431243896484375 354.024993896484375 369.78125 386.20001220703125 399.993743896484375 410.51251220703125 417.225006103515625 414.4375 400.01873779296875 387 374.875 364.04376220703125 359.73748779296875 357.75 357.63751220703125 360.42498779296875 362.64373779296875 371.90625 381.98748779296875 392.70001220703125 408.181243896484375 425.59375 441.056243896484375 445.5 451.024993896484375 455.431243896484375 446.149993896484375 440.59375 451.59375 471.806243896484375 487.73748779296875 509.006256103515625 530.23126220703125
290.20001220703125 285.66876220703125 282.54376220703125 280.76873779296875 279.58123779296875 280.375 281.79998779296875 283.131256103515625 287.51251220703125 294.556243896484375 305.368743896484375 318.29376220703125 334.556243896484375 354.087493896484375 370.03125 385.42498779296875 398.024993896484375 408.34375 413.337493896484375 412.725006103515625 402.76251220703125 391 378.83123779296875 370.08123779296875 364.48748779296875 360.73748779296875 358.76873779296875 359.1875 361.149993896484375 368.3125 376.6875 386.08123779296875 402.48748779296875 420.149993896484375 434.86248779296875 443.568756103515625 450.931243896484375 455.54376220703125 450.76251220703125 457.381256103515625 470.462493896484375 491.024993896484375 512.4625244140625 537.29998779296875 572.23126220703125
290.53125 286.16876220703125 283.587493896484375 280.943756103515625 278.61248779296875 277.34375 276.65625 276.61248779296875 279.443756103515625 285.162506103515625 295.212493896484375 312.131256103515625 330.96875 349.9375 365.368743896484375 381.681243896484375 396.225006103515625 405.118743896484375 408.225006103515625 408.38751220703125 401.51873779296875 391.037506103515625 381.274993896484375 371.70001220703125 365.89373779296875 360.66876220703125 358.600006103515625 357.206268310546875 359.493743896484375 364.662506103515625 370.375 379.743743896484375 397.15625 414.743743896484375 432 442.39373779296875 450.67498779296875 456.59375 461.82501220703125 472.60626220703125 485.57501220703125 506.90625 533.90625 562.15625 601.5374755859375
291.068756103515625 287.681243896484375 284.837493896484375 281.024993896484375 276.29998779296875 274.225006103515625 271.51251220703125 270.649993896484375 270.86248779296875 274.375 284.881256103515625 304.76251220703125 326.84375 347.25 364.149993896484375 378.54376220703125 392.6875 400.42498779296875 403.443756103515625 403.631256103515625 398.32501220703125 388.375 378.92498779296875 369.443756103515625 364.11248779296875 359.46875 355.89373779296875 354.931243896484375 354.92498779296875 359.837493896484375 365.850006103515625 374.125 391.225006103515625 410.056243896484375 427.01873779296875 437.756256103515625 447.82501220703125 461.5625 471.912506103515625 483.931243896484375 498.524993896484375 517.8375244140625 544.13751220703125 573.0374755859375 606.5875244140625
293.375 289.493743896484375 285.88751220703125 281.6875 276.899993896484375 273.26873779296875 270.09375 266.399993896484375 263.975006103515625 266.443756103515625 276.243743896484375 296.412506103515625 320.381256103515625 342.162506103515625 358.14373779296875 372.75 384.931243896484375 391.46875 395.41876220703125 396.78125 390.73748779296875 380.649993896484375 370.493743896484375 362.34375 356.59375 351.67498779296875 348.806243896484375 348.837493896484375 349.53125 353.6875 359.82501220703125 367.15625 383.25 403.3125 420.82501220703125 432.712493896484375 447.84375 463.274993896484375 472.89373779296875 486.837493896484375 503.3125 521.0687255859375 542.1875 569.5687255859375 594.4749755859375
294.712493896484375 291.38751220703125 287.868743896484375 283.23748779296875 278.868743896484375 275.04376220703125 270.34375 265.318756103515625 260.08123779296875 257.54998779296875 269.46875 294.51251220703125 317.84375 336.5625 352.493743896484375 365.29376220703125 375.725006103515625 381.15625 385.399993896484375 384.5625 378.931243896484375 369.318756103515625 359.899993896484375 350.881256103515625 344.887481689453125 340.693756103515625 339.25 341.412506103515625 342.837493896484375 347.443756103515625 352.625 359.32501220703125 377.13751220703125 397.774993896484375 415.39373779296875 430.59375 447.6875 465 475.962493896484375 486.95623779296875 501.08123779296875 517.1937255859375 536.75 560.25 580.67498779296875
296.756256103515625 294.181243896484375 290.15625 285.98126220703125 282.59375 278.96875 274.17498779296875 268.118743896484375 263.71875 258.6875 277.693756103515625 302.243743896484375 319.399993896484375 334.399993896484375 346.83123779296875 358.256256103515625 365.73126220703125 369.59375 371.60626220703125 369.287506103515625 361.84375 353.26251220703125 346.350006103515625 337.693756103515625 332.287506103515625 329.29376220703125 329.01873779296875 333.087493896484375 336.41876220703125 340.86248779296875 344.806243896484375 350.9375 369.193756103515625 390.64373779296875 408.20623779296875 426.681243896484375 445.149993896484375 461.23748779296875 474.42498779296875 486.931243896484375 497.28125 512.7249755859375 527.4749755859375 541.88751220703125 558.4749755859375
298.387481689453125 296.26251220703125 293.587493896484375 290.54998779296875 288.037506103515625 284.337493896484375 281.868743896484375 278.506256103515625 279.40625 288.524993896484375 309.381256103515625 319.5 327.13751220703125 336.26873779296875 345.375 353.056243896484375 357.57501220703125 358.337493896484375 356.912506103515625 352.3125 343.11248779296875 334.95001220703125 328.64373779296875 322.15625 318.29376220703125 317.0625 318.65625 322.65625 327.274993896484375 332.824981689453125 338.943756103515625 344.806243896484375 361.15625 381.3125 401.91876220703125 418.26873779296875 434.725006103515625 451.98748779296875 462.26251220703125 471.487518310546875 480.76251220703125 494.85626220703125 506.13751220703125 518.75 529.60626220703125
300.662506103515625 299.20001220703125 297.5625 295.068756103515625 294.118743896484375 293.568756103515625 291.73126220703125 293.037506103515625 297.087493896484375 305.506256103515625 317.506256103515625 327.48126220703125 334.04376220703125 339.13751220703125 345.35626220703125 349.100006103515625 350.475006103515625 347.912506103515625 342.5625 336.368743896484375 325.78125 317.26251220703125 309.84375 304.662506103515625 303.506256103515625 303.993743896484375 306.318756103515625 311.75 317.10626220703125 323.399993896484375 329.506256103515625 339.26251220703125 357.46875 375.162506103515625 393.70623779296875 410.024993896484375 424.04376220703125 439.01251220703125 449.60626220703125 454.931243896484375 461.337493896484375 473 482.350006103515625 491.475006103515625 499.46875
