data/historical-monthly-weather-data/wc2.1_cruts4.09_10m_prec_1977-06.asc
ncols        45
nrows        45
xllcorner    -63.500000000000
yllcorner    -7.500000000000
cellsize     0.166666666667
NODATA_value -9999
[rows 0 to 18 of 45, columns 0 to 42 of 45]
473.86248779296875 474.993743896484375 470.131256103515625 479.45001220703125 481.23126220703125 482.38751220703125 473.48748779296875 461.51251220703125 440.28125 434.04998779296875 431.08123779296875 420.32501220703125 409.774993896484375 394.337493896484375 376.61248779296875 361.087493896484375 343.068756103515625 326.743743896484375 310.662506103515625 298.962493896484375 294.649993896484375 281.73748779296875 271.01251220703125 258.850006103515625 249.2375030517578125 241.65625 240.5625 242.0749969482421875 236.662506103515625 230.15625 218.774993896484375 213.868743896484375 213.0749969482421875 208.2312469482421875 204.350006103515625 202.943756103515625 201.256256103515625 201.3312530517578125 198.125 197.368743896484375 199.71875 206.818756103515625 206.6687469482421875
467.46875 469.587493896484375 476.443756103515625 483.85626220703125 494.40625 495.318756103515625 485.756256103515625 472.5 461.462493896484375 453.125 444.024993896484375 428.59375 405.756256103515625 386.412506103515625 365.475006103515625 347.118743896484375 326.17498779296875 306.0625 288.95623779296875 278.256256103515625 272.131256103515625 260.850006103515625 253.006256103515625 244.412506103515625 235.587493896484375 227.6437530517578125 227.318756103515625 226.506256103515625 222.4187469482421875 213.256256103515625 207.006256103515625 207.1437530517578125 205.3874969482421875 203.5500030517578125 202.4187469482421875 198.756256103515625 198.90625 198.4562530517578125 195.975006103515625 196.068756103515625 201.1062469482421875 199.0812530517578125 204.53125
447.431243896484375 462.081268310546875 468.48126220703125 468.29998779296875 479.70623779296875 485.83123779296875 481.649993896484375 481.899993896484375 472.287506103515625 462.39373779296875 447.67498779296875 424.67498779296875 402.931243896484375 373.90625 349.83123779296875 329.287506103515625 305.96875 287.350006103515625 271.66876220703125 259.36248779296875 253.774993896484375 248.287506103515625 239.53125 234.8874969482421875 222.6999969482421875 213.40625 216.756256103515625 214.1437530517578125 207.4562530517578125 204.712493896484375 197.506256103515625 194.7375030517578125 193.3312530517578125 193.9187469482421875 191.28125 184.568756103515625 187.2624969482421875 190.25 189.056243896484375 190.25 197.15625 197.8000030517578125 200.368743896484375
424.42498779296875 430.45623779296875 445.04998779296875 453.1875 458.15625 464.431243896484375 470.09375 474.38751220703125 472.46875 465.881256103515625 445.65625 416.86248779296875 388.100006103515625 357.587493896484375 333.962493896484375 312.26873779296875 285.5625 269.587493896484375 255.287506103515625 251.131256103515625 243.28125 231.868743896484375 224.9187469482421875 221.6125030517578125 209.149993896484375 200.0625 200.5812530517578125 196.181243896484375 193.7937469482421875 192.4250030517578125 188.162506103515625 183.381256103515625 182.306243896484375 179.0124969482421875 177.256256103515625 180.631256103515625 184.2624969482421875 185.03125 183.7375030517578125 185.287506103515625 190.7687530517578125 195.8312530517578125 197.8000030517578125
434.475006103515625 434.787506103515625 421.82501220703125 432.73748779296875 448.63751220703125 448.35626220703125 455.056243896484375 468.306243896484375 475.712493896484375 470.91876220703125 448.54998779296875 405.11248779296875 375.006256103515625 346.15625 317.837493896484375 294.73748779296875 271.475006103515625 250.787506103515625 237.1125030517578125 231.443756103515625 223.618743896484375 216.3625030517578125 210.537506103515625 205.631256103515625 193.75 186.0124969482421875 184.0812530517578125 185.306243896484375 183.75 179.125 178.306243896484375 176.5437469482421875 174.2375030517578125 173.243743896484375 174.943756103515625 174.4187469482421875 177.712493896484375 181.625 179.306243896484375 178.899993896484375 184.875 189.587493896484375 193.212493896484375
421.61248779296875 429.375 419.20001220703125 401.16876220703125 422.15625 439.618743896484375 440.274993896484375 447.16876220703125 460.41876220703125 458.587493896484375 428.07501220703125 387.53125 359.118743896484375 331.45623779296875 301.40625 279.043731689453125 255.506256103515625 236.493743896484375 226.8125 218.9812469482421875 213.90625 205.743743896484375 198.462493896484375 189.100006103515625 181.8249969482421875 175.4812469482421875 172.087493896484375 173.431243896484375 172.850006103515625 169.3312530517578125 171.0625 170.34375 171.2062530517578125 169.125 166.7062530517578125 172.537506103515625 172.8000030517578125 170.3312530517578125 172.6062469482421875 178.506256103515625 180.600006103515625 186.7312469482421875 187.868743896484375
418.881256103515625 421.33123779296875 413.45001220703125 403.743743896484375 396.8125 395.493743896484375 396.0625 411.868743896484375 410.58123779296875 408.23748779296875 390.04998779296875 358.83123779296875 337.83123779296875 315.95001220703125 289.15625 266.54376220703125 247.09375 229.4875030517578125 214.8312530517578125 208.2375030517578125 197.6125030517578125 190.431243896484375 182.1875 176.412506103515625 173.4375 167.4000091552734375 163.7375030517578125 163.0187530517578125 162.5124969482421875 165.818756103515625 163.462493896484375 160.5 160.1999969482421875 162.431243896484375 165.6687469482421875 166.743743896484375 163.274993896484375 163.9875030517578125 165.4499969482421875 172.25 174.3312530517578125 178.3249969482421875 182.34375
411.04376220703125 405 398.787506103515625 400.59375 394.78125 397.28125 377.39373779296875 360.11248779296875 344.48126220703125 348.618743896484375 345.48748779296875 329.51251220703125 315.0625 296.01251220703125 278.131256103515625 257.66876220703125 235.506256103515625 220.03125 205.506256103515625 192.5999908447265625 192.28125 182.0187530517578125 172.381256103515625 166.193756103515625 163.28125 155.7624969482421875 153.587493896484375 153.0500030517578125 152.993743896484375 152.743743896484375 157.40625 154.6125030517578125 155.40625 156.2062530517578125 154.8625030517578125 155.1125030517578125 155.2375030517578125 156.006256103515625 154.131256103515625 156.193756103515625 160.7062530517578125 168.0500030517578125 167.899993896484375
398.64373779296875 396.42498779296875 385.625 382.58123779296875 380.54376220703125 372.89373779296875 367.625 357.63751220703125 329.23126220703125 310.23126220703125 303.568756103515625 296.11248779296875 293.23748779296875 279.04998779296875 264.95623779296875 245.7375030517578125 234.0749969482421875 221.7375030517578125 209.193756103515625 192.65625 178.9875030517578125 176.4499969482421875 162.5187530517578125 161.40625 154.649993896484375 148.462493896484375 146.59375 147.9562530517578125 151.4562530517578125 150.506256103515625 155.443756103515625 146.6125030517578125 141.375 140.5124969482421875 143.4875030517578125 149.34375 152.3625030517578125 155.381256103515625 153.7062530517578125 151.9875030517578125 152.243743896484375 152.375 158.943756103515625
387.068756103515625 385.92498779296875 376.54998779296875 372.65625 368.875 359.350006103515625 351.881256103515625 336.568756103515625 321.79376220703125 305.73126220703125 289.40625 268.993743896484375 269.693756103515625 262.181243896484375 253.024993896484375 241.087493896484375 227.806243896484375 222.743743896484375 210.975006103515625 198.3125 180.399993896484375 168.3937530517578125 153.1125030517578125 149.475006103515625 142.087493896484375 139.53125 138.8625030517578125 139 139.6687469482421875 142.787506103515625 145.243743896484375 140.149993896484375 138.7937469482421875 138.6125030517578125 137.756256103515625 141.4812469482421875 146.6437530517578125 151.7937469482421875 152.59375 156.3249969482421875 159.118743896484375 158.712493896484375 152.875
380.46875 375.725006103515625 365.868743896484375 359.07501220703125 351.350006103515625 346.58123779296875 331.38751220703125 317.23126220703125 307.20623779296875 295.381256103515625 283.256256103515625 265.03125 251.1125030517578125 246.068756103515625 238.3874969482421875 230.84375 221.212493896484375 211.40625 204.8187408447265625 199.162506103515625 191.493743896484375 173.306243896484375 151.0625 133.0625 132.037506103515625 136.537506103515625 137.4375 135.056243896484375 132.756256103515625 133.9562530517578125 135.5625 133.40625 133.806243896484375 134.4812469482421875 134.8937530517578125 135.6875 140.743743896484375 144.087493896484375 151.125 153.2687530517578125 155.0187530517578125 151.78125 149.7687530517578125
364.65625 361.54998779296875 357.25 345.41876220703125 338.98126220703125 328.412506103515625 322.149993896484375 311.23126220703125 299.899993896484375 280.40625 272.76251220703125 260.087493896484375 237.712493896484375 233.287506103515625 232.9250030517578125 224.5562591552734375 215.28125 207.5749969482421875 203.243743896484375 204.868743896484375 197.5437469482421875 180.3874969482421875 155.7937469482421875 133.587493896484375 127.3249969482421875 125.6437530517578125 124.46250152587890625 125.33750152587890625 126.83750152587890625 126.3625030517578125 122.71875 124.1750030517578125 125.71250152587890625 124.34999847412109375 127.47499847412109375 132.875 139.875 144.5812530517578125 144.274993896484375 150.725006103515625 153.3125 148.9812469482421875 136.6125030517578125
355.95623779296875 350.38751220703125 343.068756103515625 331.82501220703125 327.212493896484375 313.9375 305.431243896484375 295.962493896484375 281.21875 267.618743896484375 258.29376220703125 250.71875 238.743743896484375 219.46875 214.25 211.3000030517578125 204.8312530517578125 200.537506103515625 190.149993896484375 190.1062469482421875 186.5124969482421875 170.7687530517578125 151.1125030517578125 133.118743896484375 119.0500030517578125 115.375 117.30625152587890625 119.3000030517578125 121.97499847412109375 123.61875152587890625 119.06874847412109375 115.8874969482421875 119.80625152587890625 117.15000152587890625 119.56874847412109375 126.5749969482421875 137.087493896484375 144.5625 153.818756103515625 155.5749969482421875 151.125 144.3562469482421875 125.6437530517578125
344.23126220703125 339.15625 329.57501220703125 319.6875 309.443756103515625 299.46875 288.125 281.51251220703125 270.637481689453125 255.3937530517578125 245.125 234.100006103515625 226.818756103515625 214.7937469482421875 196.056243896484375 197.1999969482421875 190.25 183.4499969482421875 176.618743896484375 174.712493896484375 169.475006103515625 155.524993896484375 139.443756103515625 128.8249969482421875 119.22499847412109375 111.91249847412109375 110.29375457763671875 110.2624969482421875 112.09375 112.8937530517578125 113.41249847412109375 112.0124969482421875 113.16249847412109375 114.8625030517578125 114.2624969482421875 126.1125030517578125 140.274993896484375 152.412506103515625 162.28125 160.90625 143.3125 130.3312530517578125 125.34999847412109375
326.98126220703125 322.625 317.024993896484375 309.556243896484375 298.725006103515625 288.3125 279.45001220703125 269.631256103515625 258.32501220703125 245.90625 233.7624969482421875 224.618743896484375 216.681243896484375 203.1437530517578125 182.40625 180.8000030517578125 175.931243896484375 173.3625030517578125 163.337493896484375 159.6437530517578125 155.9250030517578125 144.3562469482421875 133.493743896484375 126.69374847412109375 122.5437469482421875 116.5812530517578125 114.88124847412109375 113.5 115.5812530517578125 112.02500152587890625 107.72499847412109375 108.63124847412109375 114.1875 111.52500152587890625 107.4250030517578125 112.96875 133.6125030517578125 155.006256103515625 161.4562530517578125 155.5625 147.5625 142.0749969482421875 142.556243896484375
314.64373779296875 307.087493896484375 301.84375 291.73126220703125 287.04998779296875 278.318756103515625 267.618743896484375 256.006256103515625 248.975006103515625 242.0749969482421875 229.943756103515625 219.756256103515625 211.806243896484375 199.1374969482421875 181.0124969482421875 160.03125 159.5124969482421875 160.8562469482421875 152.037506103515625 147.9812469482421875 142.9812469482421875 134.5124969482421875 127.71250152587890625 125.7375030517578125 122.71875 117.77500152587890625 114.2062530517578125 113.9187469482421875 113.78749847412109375 115.0437469482421875 112.66249847412109375 109.2624969482421875 105.09999847412109375 100.8562469482421875 97.6750030517578125 116.40625 127.3562469482421875 142.4250030517578125 153.6125030517578125 158.337493896484375 159.100006103515625 155.556243896484375 146.8625030517578125
300.037506103515625 295.149993896484375 286.381256103515625 281.806243896484375 276.51251220703125 269.3125 258.70001220703125 249.212493896484375 237.131256103515625 228.3874969482421875 221.71875 214.1750030517578125 203.056243896484375 191.2687530517578125 180.5 161.4375 140.7624969482421875 140.8625030517578125 139.618743896484375 134.9187469482421875 128.618743896484375 124.3000030517578125 119.03125 122.1750030517578125 119.9812469482421875 112.03125 108.9187469482421875 108.15625 111.88124847412109375 114.15000152587890625 114.8937530517578125 114.43125152587890625 110.2624969482421875 110.08750152587890625 117.6875 126.2312469482421875 139.4562530517578125 151.3937530517578125 161.149993896484375 156.1437530517578125 156.4187469482421875 149.318756103515625 137.118743896484375
284.287506103515625 281.181243896484375 278.087493896484375 273.787506103515625 269.51873779296875 265.4375 253.6750030517578125 243.15625 231.256256103515625 218.412506103515625 208.725006103515625 204.8937530517578125 192.9499969482421875 182.9375 175.2312469482421875 160.837493896484375 141.212493896484375 122.84999847412109375 130.225006103515625 122.0812530517578125 116.33750152587890625 112.66249847412109375 112.1062469482421875 114.34375 115.18125152587890625 107.8562469482421875 102.99375152587890625 106.72499847412109375 109.6374969482421875 109.53749847412109375 105.2375030517578125 101.7624969482421875 116.09999847412109375 119.9562530517578125 123.4187469482421875 145.6999969482421875 156.46875 155.09375 157.6125030517578125 155.1875 142.53125 132.712493896484375 123.53749847412109375
270.625 271.462493896484375 268.76251220703125 266.20001220703125 263.61248779296875 255.6437530517578125 245.7624969482421875 234.8625030517578125 225.462493896484375 215.443756103515625 203.9499969482421875 190.3249969482421875 180.6062469482421875 173.5437469482421875 163.306243896484375 152.3000030517578125 143.056243896484375 122.41249847412109375 111.83750152587890625 107.16249847412109375 106.53125 107.50624847412109375 96.80625152587890625 102.30625152587890625 103.5812530517578125 105.41249847412109375 104.8249969482421875 103.0187530517578125 107.97499847412109375 107.6687469482421875 105.2937469482421875 107.2937469482421875 115.0124969482421875 117.15000152587890625 125.06874847412109375 141.1999969482421875 145.787506103515625 143.287506103515625 145.0124969482421875 138.787506103515625 128.506256103515625 116.2624969482421875 111.8000030517578125
