data/historical-monthly-weather-data/wc2.1_cruts4.09_10m_prec_1989-12.asc
ncols        45
nrows        45
xllcorner    -63.500000000000
yllcorner    -7.500000000000
cellsize     0.166666666667
NODATA_value -9999
[rows 0 to 19 of 45, columns 0 to 44 of 45]
44.237499237060546875 44.6875 50.768749237060546875 58.03749847412109375 64.65000152587890625 73.9499969482421875 82.6875 90.03749847412109375 96.93125152587890625 103.6875 111.47499847412109375 116.97499847412109375 122.9250030517578125 127.21875 129.975006103515625 132.568756103515625 135.506256103515625 136.287506103515625 138.431243896484375 140.806243896484375 144.6999969482421875 148.3874969482421875 151.912506103515625 154.3125 156.412506103515625 157.65625 156.5812530517578125 154.9875030517578125 154.0500030517578125 157.2687530517578125 160.4875030517578125 165.181243896484375 171.8562469482421875 178.743743896484375 185.5749969482421875 195.34375 203.5749969482421875 211.3874969482421875 216.318756103515625 221.493743896484375 225.6125030517578125 226.21875 226.2937469482421875 224.462493896484375 221.524993896484375
39.36875152587890625 38.03125 42.893749237060546875 48.71875 54.668750762939453125 63.1875 71.1999969482421875 79.5124969482421875 88.1999969482421875 96.46875 104.56874847412109375 110.13124847412109375 116.2687530517578125 121.66249847412109375 125.1374969482421875 128.681243896484375 132.21875 133.1750030517578125 134.2375030517578125 136.743743896484375 139.837493896484375 142.850006103515625 146.649993896484375 149.5812530517578125 152.431243896484375 154.649993896484375 155.056243896484375 154.899993896484375 155.600006103515625 161.8625030517578125 167.9562530517578125 175.6374969482421875 183.8937530517578125 193.6125030517578125 204.25 213.9875030517578125 227.0812530517578125 238.243743896484375 243.6062469482421875 249.412506103515625 254.03125 254.318756103515625 253.993743896484375 249.5812530517578125 244.4250030517578125
44.362499237060546875 43.74375152587890625 48.21250152587890625 53.40625 58.63124847412109375 64.33750152587890625 70.1875 76.59999847412109375 84.30625152587890625 91.6374969482421875 98.30625152587890625 103.68125152587890625 109.7375030517578125 115.1437530517578125 119.38124847412109375 123.15000152587890625 127.50624847412109375 129.34375 131.600006103515625 134.5437469482421875 138.381256103515625 142.65625 147.256256103515625 150.787506103515625 154.4499969482421875 158.6374969482421875 160.375 161.318756103515625 163.8000030517578125 170.443756103515625 178.4812469482421875 187.8249969482421875 199.618743896484375 209.7375030517578125 221.6062469482421875 235.524993896484375 249.4562530517578125 262.46875 270.631256103515625 277.73748779296875 282.92498779296875 282.04376220703125 279.056243896484375 275.756256103515625 267.256256103515625
50.612499237060546875 51.38124847412109375 56.06874847412109375 60.59375 65.25624847412109375 67.94374847412109375 70.68125152587890625 74.2062530517578125 80.0500030517578125 86.21875 91.49375152587890625 96.5437469482421875 101.78125 107.0812530517578125 111.63124847412109375 116.48749542236328125 121.40625 123.90000152587890625 127.5500030517578125 132.8000030517578125 137.9187469482421875 143 147.5187530517578125 152.399993896484375 156.8249969482421875 162.5875091552734375 165.8874969482421875 167.743743896484375 172.0500030517578125 181.0500030517578125 190.2687530517578125 200.0500030517578125 213.9812469482421875 227.5749969482421875 240.631256103515625 256.48126220703125 271.725006103515625 287.51873779296875 298.90625 307.225006103515625 312.11248779296875 310.09375 305.649993896484375 301.693756103515625 290.58123779296875
59.99375152587890625 60.75624847412109375 64.1062469482421875 68.7312469482421875 73.03749847412109375 73.13124847412109375 72.5187530517578125 72.97499847412109375 77.3125 81.84375 85.0812530517578125 89.18125152587890625 94.31874847412109375 99.41249847412109375 104.3562469482421875 109.61875152587890625 114.84999847412109375 118.65000152587890625 123.83750152587890625 130.806243896484375 137.131256103515625 142.381256103515625 147.6875 153.7375030517578125 159.5749969482421875 166.837493896484375 170.34375 173.84375 179.6374969482421875 190.5812530517578125 201.756256103515625 212.4812469482421875 227.1750030517578125 242.5625 257.66876220703125 276.475006103515625 295.79998779296875 313.57501220703125 326.90625 336.412506103515625 342.03125 338.45001220703125 333.4375 325.85626220703125 313.79376220703125
73.9562530517578125 76.1687469482421875 78.97499847412109375 82.03749847412109375 86.5625 86.66249847412109375 85.53125 84.69374847412109375 87.15000152587890625 89.8562469482421875 91.43125152587890625 94.52500152587890625 98.86875152587890625 102.96875 107.8562469482421875 112.625 117.58750152587890625 120.68125152587890625 126.5625 132.7062530517578125 139.006256103515625 145.912506103515625 152.225006103515625 159.75 167.3562469482421875 175.212493896484375 180.90625 185.212493896484375 190.8562469482421875 201.725006103515625 213.40625 225.4875030517578125 238.1999969482421875 252.1750030517578125 270.475006103515625 290.98748779296875 311.375 333.725006103515625 349.6875 358.6875 361.01251220703125 357.381256103515625 349.64373779296875 343.20001220703125 331.60626220703125
90.4250030517578125 94.0625 96.9499969482421875 99.5 102.65625 101.6125030517578125 100.06874847412109375 98.32500457763671875 98.3312530517578125 98.22499847412109375 99.3625030517578125 101.7937469482421875 105.6687469482421875 108.74375152587890625 112.8000030517578125 117.15000152587890625 122.1687469482421875 126.96875 132.3125 136.5500030517578125 142.631256103515625 150.412506103515625 157.40625 165.975006103515625 176.037506103515625 184.943756103515625 190.71875 197.3000030517578125 203.625 213.625 224.818756103515625 236.3625030517578125 250.2312469482421875 263.693756103515625 280.01873779296875 300.931243896484375 324.162506103515625 347.96875 369.993743896484375 378.212493896484375 378.475006103515625 372.26251220703125 365.743743896484375 357.637481689453125 343.368743896484375
107.94374847412109375 112.77500152587890625 115.93125152587890625 119.36875152587890625 122.58750152587890625 119.84999847412109375 115.72499847412109375 111.0625 107.78125 106.7312469482421875 107.8937530517578125 110.61875152587890625 113.25 116.13124847412109375 119.0437469482421875 122.71250152587890625 126.84375 132.431243896484375 137.5812530517578125 139.1437530517578125 145.5500030517578125 153.337493896484375 161.287506103515625 170.9375 183.28125 194.59375 200.5812530517578125 207.34375 216.0124969482421875 226.3874969482421875 235.318756103515625 246.0749969482421875 260.1875 273.21875 290.225006103515625 309.20623779296875 332.63751220703125 355.73126220703125 375.193756103515625 385.993743896484375 390.100006103515625 384.13751220703125 377.774993896484375 369.10626220703125 351.381256103515625
126.03125 131.5500030517578125 134.899993896484375 138.368743896484375 140.943756103515625 138.243743896484375 133.59375 127.7062530517578125 121.6750030517578125 118.84999847412109375 120.78125 123.96250152587890625 126.6687469482421875 128.693756103515625 130.568756103515625 132.84375 135.7937469482421875 140.962493896484375 145.5749969482421875 146.350006103515625 151.6374969482421875 159.756256103515625 168.5749969482421875 180.53125 192.743743896484375 204.087493896484375 210.0749969482421875 217.1750030517578125 224.8312530517578125 233.5749969482421875 243.3499908447265625 251.899993896484375 264.631256103515625 278.399993896484375 293.399993896484375 312.318756103515625 332.318756103515625 351.899993896484375 369.225006103515625 382.774993896484375 387.91876220703125 384.337493896484375 381.34375 375.412506103515625 360.524993896484375
144.3000030517578125 150.7062530517578125 154.350006103515625 158.212493896484375 160.6875 157.931243896484375 153.4499969482421875 147.875 142.9499969482421875 139.6374969482421875 139.256256103515625 140.225006103515625 142.6437530517578125 143.056243896484375 143.6999969482421875 144.09375 144.818756103515625 147.7687530517578125 150.3562469482421875 151.7312469482421875 158.006256103515625 166.4812469482421875 176.0625 189.1750030517578125 201.3625030517578125 212.631256103515625 218.7624969482421875 225.2312469482421875 233.0687408447265625 240.787506103515625 247.975006103515625 255.412506103515625 266.92498779296875 278.88751220703125 293.618743896484375 313.40625 331.225006103515625 348.60626220703125 363.34375 376.774993896484375 385.48126220703125 385.79376220703125 382.431243896484375 378.26873779296875 366.03125
164.1062469482421875 170.962493896484375 174.193756103515625 177.3312530517578125 180.6750030517578125 179.181243896484375 175.34375 169.5749969482421875 164.40625 161.0812530517578125 159.5625 159.625 159.8625030517578125 159.2312469482421875 157.381256103515625 155.568756103515625 153.693756103515625 154.774993896484375 155.3874969482421875 156.1999969482421875 164.2937469482421875 173.4562530517578125 183.8562469482421875 195.1875 210.34375 222.15625 227.21875 231.65625 236.9875030517578125 243.6437530517578125 249.743743896484375 257.01251220703125 267.84375 279.274993896484375 292.57501220703125 309.9375 326.9375 343.306243896484375 360.475006103515625 373.92498779296875 383.899993896484375 385.212493896484375 385.368743896484375 384.01873779296875 371.399993896484375
180.75 187 190.375 194.28125 197.743743896484375 197.037506103515625 194.7062530517578125 189.8874969482421875 184.725006103515625 181.881256103515625 180.2624969482421875 179.9812469482421875 177.806243896484375 175.556243896484375 172.6999969482421875 168.8562469482421875 165.4875030517578125 164.225006103515625 163.4187469482421875 163.7687530517578125 170.8249969482421875 180.5124969482421875 192.3125 204.28125 218.5812530517578125 229.943756103515625 233.2312469482421875 235.6374969482421875 238.7312469482421875 244.024993896484375 248.8125 255.1374969482421875 265.20001220703125 276.568756103515625 289.46875 306.01873779296875 321.725006103515625 337.756256103515625 354.33123779296875 368.899993896484375 379.92498779296875 382.51873779296875 383.4375 382.162506103515625 367.20001220703125
197.193756103515625 203.2937469482421875 206.9812469482421875 210.4875030517578125 214.4812469482421875 213.837493896484375 211.78125 208.7937469482421875 204.34375 202.1374969482421875 200.7687530517578125 199.962493896484375 196.75 191.96875 188.212493896484375 183.149993896484375 178.1687469482421875 176.125 173.9250030517578125 172.431243896484375 177.1437530517578125 187.375 200.912506103515625 213.3937530517578125 224.931243896484375 234.056243896484375 236.59375 238.5187530517578125 240.75 242.8874969482421875 246.0812530517578125 250.662506103515625 259.587493896484375 270.850006103515625 283.48748779296875 300.53125 316.82501220703125 332.46875 349.16876220703125 362.76251220703125 373.568756103515625 378.96875 378.48126220703125 370.743743896484375 355.850006103515625
212.65625 218.287506103515625 221.7624969482421875 225.5500030517578125 229.0749969482421875 228.9875030517578125 227.6750030517578125 226.8937530517578125 224.3874969482421875 221.6999969482421875 218.899993896484375 217.1125030517578125 214.1875 209.40625 203.4375 198.5812530517578125 192.443756103515625 188.662506103515625 185.125 182.837493896484375 188.3625030517578125 197.837493896484375 209.6687469482421875 220.212493896484375 230.2375030517578125 238.537506103515625 241.03125 240.274993896484375 240.131256103515625 240.256256103515625 241.743743896484375 244.318756103515625 253.375 263.774993896484375 277.08123779296875 293.76873779296875 310.79376220703125 328.70623779296875 347.681243896484375 364.29998779296875 370.53125 367.95001220703125 365.95001220703125 364.068756103515625 353.54998779296875
226.1750030517578125 231.28125 235.4187469482421875 239.2312469482421875 243.2624969482421875 243.46875 244 244.056243896484375 241.899993896484375 238.8937530517578125 236.118743896484375 234.8625030517578125 231.9375 228.162506103515625 221.71875 216.506256103515625 209.2312469482421875 204.181243896484375 199.493743896484375 197.59375 202.3312530517578125 210.3000030517578125 219.243743896484375 227.3562469482421875 235.6374969482421875 242.0124969482421875 243.0749969482421875 241.600006103515625 239.5437469482421875 236.193756103515625 234.662506103515625 236.5812530517578125 245.3000030517578125 256.256256103515625 269.9375 284.875 303.98748779296875 326.149993896484375 349.412506103515625 362.96875 364.318756103515625 362.318756103515625 362.068756103515625 361.65625 346.662506103515625
238.068756103515625 243.2125091552734375 247.725006103515625 252.6125030517578125 256.98748779296875 258.350006103515625 259.537506103515625 259.287506103515625 257.66876220703125 256.337493896484375 253.6125030517578125 252.5 250.53125 247.2624969482421875 241.306243896484375 233.8125 226.100006103515625 221.1374969482421875 215.4499969482421875 212.3312530517578125 216.850006103515625 222.6687469482421875 229.5437469482421875 235.0812530517578125 241.506256103515625 247.506256103515625 247.1687469482421875 244.006256103515625 239.068756103515625 231.818756103515625 227.600006103515625 226.6750030517578125 233.0625 243.274993896484375 255.256256103515625 271.21875 293.125 319.899993896484375 347.21875 359.79376220703125 358.818756103515625 356.82501220703125 356.23748779296875 351.274993896484375 339.212493896484375
249.6437530517578125 255.0625 258.61248779296875 264.5 270.16876220703125 271.70623779296875 274.10626220703125 276.04998779296875 275.787506103515625 274.0625 271.76873779296875 270.568756103515625 269.181243896484375 266.45001220703125 260.712493896484375 252.475006103515625 242.4562530517578125 236.743743896484375 231.725006103515625 227.6999969482421875 230.8937530517578125 235.1687469482421875 240.037506103515625 243.1125030517578125 247.8625030517578125 253.2687530517578125 252.8625030517578125 247.0187530517578125 236.8562469482421875 226.162506103515625 219.287506103515625 217.5749969482421875 221.0812530517578125 225.9875030517578125 234.53125 251.5812530517578125 277.975006103515625 314.32501220703125 354.9375 358.850006103515625 350.875 347.787506103515625 344.01873779296875 342.774993896484375 331.774993896484375
261.3125 267.20001220703125 271.662506103515625 278.71875 285.45001220703125 289.131256103515625 292.193756103515625 294.11248779296875 293.78125 293.256256103515625 291.681243896484375 290.73126220703125 288.61248779296875 286.118743896484375 279.86248779296875 271.17498779296875 261.068756103515625 251.3874969482421875 248.3125 243.8562469482421875 245.4187469482421875 246.756256103515625 248.28125 250.1125030517578125 253.3874969482421875 257.725006103515625 258.64373779296875 248.53125 233.375 218.193756103515625 208.1999969482421875 204.8125 209.8000030517578125 215.7687530517578125 219.318756103515625 226.1875 261.36248779296875 303.33123779296875 337.38751220703125 348.15625 341.09375 337.1875 335.63751220703125 335.274993896484375 325.881256103515625
271.67498779296875 278 284.256256103515625 292.38751220703125 300.46875 305.662506103515625 309.65625 313.86248779296875 314.07501220703125 313.63751220703125 310.73126220703125 308.82501220703125 308.0625 306.73126220703125 299.67498779296875 290.368743896484375 280.318756103515625 269.975006103515625 262.42498779296875 258.337493896484375 258.912506103515625 259.774993896484375 255.1062469482421875 256.131256103515625 258.912506103515625 261.38751220703125 259.53125 249.46875 232.556243896484375 213.068756103515625 198.2375030517578125 199.243743896484375 208.056243896484375 213.4499969482421875 215.875 226.9812469482421875 256.16876220703125 288.92498779296875 317.32501220703125 329.056243896484375 327.943756103515625 325.65625 325.118743896484375 326.381256103515625 321.1875
281.01251220703125 288.225006103515625 294.83123779296875 304.21875 314.29998779296875 321.86248779296875 328.14373779296875 333.631256103515625 334.82501220703125 332.831268310546875 330.38751220703125 330.462493896484375 330.3125 327.537506103515625 318.649993896484375 306.931243896484375 295.53125 286.76251220703125 279.131256103515625 273.60626220703125 268.9375 264.23126220703125 261.1875 261.48748779296875 262.66876220703125 263.04376220703125 259.76873779296875 251.9250030517578125 236.5124969482421875 216.8562469482421875 204.0812530517578125 205.181243896484375 212.53125 220.2437591552734375 228.193756103515625 240.0187530517578125 261.25 285.475006103515625 306.20623779296875 317.39373779296875 318.399993896484375 313.73748779296875 316.350006103515625 319.76251220703125 317.475006103515625
