data/historical-monthly-weather-data/wc2.1_cruts4.09_10m_prec_1966-08.asc
ncols        45
nrows        45
xllcorner    -63.500000000000
yllcorner    -7.500000000000
cellsize     0.166666666667
NODATA_value -9999
[rows 0 to 18 of 45, columns 0 to 42 of 45]
162.0500030517578125 168.399993896484375 170.318756103515625 175.9562530517578125 182.5 189.5187530517578125 191.0749969482421875 194.9187469482421875 199.4250030517578125 201.8000030517578125 198.274993896484375 198.0749969482421875 200.2375030517578125 198.4250030517578125 197.40625 192.1437530517578125 189.506256103515625 184.943756103515625 179.9187469482421875 179.6687469482421875 178.40625 174.837493896484375 171.537506103515625 167.7375030517578125 162.3125 157.0812530517578125 154.056243896484375 152.743743896484375 145 144.649993896484375 139.78125 139.6062469482421875 139.28125 136.03125 134.59375 134.6374969482421875 133.21875 133.5 134.649993896484375 134.53125 135.149993896484375 137.4562530517578125 136.649993896484375
152.1750030517578125 157.881256103515625 165.0187530517578125 173.0187530517578125 182.881256103515625 189.693756103515625 189.71875 193.881256103515625 200.34375 203.899993896484375 203.4499969482421875 205.431243896484375 203.8937530517578125 200.2687530517578125 197.3874969482421875 195.712493896484375 190.537506103515625 185.375 181.256256103515625 179.431243896484375 177.662506103515625 173.9499969482421875 170.6687469482421875 168.0625 162.03125 155.162506103515625 154.056243896484375 150.2125091552734375 142.4375 140.024993896484375 138.4875030517578125 136.9250030517578125 135.6750030517578125 134.600006103515625 132.0437469482421875 130.4375 126.3562469482421875 128.1125030517578125 127.6999969482421875 127.38124847412109375 130.774993896484375 131.5437469482421875 133.15625
134.743743896484375 142.28125 152.381256103515625 164.462493896484375 176.712493896484375 184.9562530517578125 189.9562530517578125 195.5749969482421875 200.8937530517578125 204.618743896484375 208.037506103515625 210.0500030517578125 207.850006103515625 201.7312469482421875 197.5124969482421875 194.2249908447265625 190.131256103515625 184.7937469482421875 180.5437469482421875 176.243743896484375 176.681243896484375 176.600006103515625 174.181243896484375 172.78125 164.943756103515625 159.5749969482421875 159.1062469482421875 152.1999969482421875 143.756256103515625 142.0625 138.318756103515625 136.40625 134.8625030517578125 134.2937469482421875 129.9250030517578125 124.6687469482421875 122.03125 122.5812530517578125 121.2624969482421875 122.6437530517578125 127.29375457763671875 129.287506103515625 132.96875
118.43125152587890625 123.68125152587890625 137.0437469482421875 151.912506103515625 164.756256103515625 174.75 183.993743896484375 192.8312530517578125 202.8249969482421875 207.7937469482421875 209.4499969482421875 209 207.7687530517578125 201.8312530517578125 196.8000030517578125 192.0124969482421875 188.506256103515625 184.2312469482421875 180.443756103515625 181.1750030517578125 180.8562469482421875 179.162506103515625 176.71875 175.75 169.2687530517578125 163.412506103515625 160.8874969482421875 150.287506103515625 142.375 140.8312530517578125 137.7937469482421875 133.9375 129.8125 126.7375030517578125 123.11875152587890625 119.71875 119.46875 117.8562469482421875 115.1437530517578125 118.27500152587890625 121.24375152587890625 126.4562530517578125 130.225006103515625
114.1999969482421875 115.94374847412109375 122.6750030517578125 135.8625030517578125 152.287506103515625 163.537506103515625 173.818756103515625 188.7062530517578125 202.46875 208.8625030517578125 209.368743896484375 207.537506103515625 205.8312530517578125 201.7937469482421875 195.4375 190.9250030517578125 185.600006103515625 180.568756103515625 177.3000030517578125 179.649993896484375 183.8937530517578125 180.1750030517578125 179.1437530517578125 180.631256103515625 172.068756103515625 164.9375 157.962493896484375 151.462493896484375 143.087493896484375 137.8125 137.3249969482421875 132.1062469482421875 128.7687530517578125 125.91875457763671875 121.8937530517578125 116.3625030517578125 113.375 111.5749969482421875 108.9812469482421875 110.0812530517578125 115.875 121.0437469482421875 127.96875
106.97499847412109375 108.4875030517578125 113.8312530517578125 118.8625030517578125 133.3312530517578125 151.15625 164.337493896484375 177.375 192.1687469482421875 199.3625030517578125 197.9187469482421875 196.8125 197.274993896484375 195.149993896484375 189.6125030517578125 186.4250030517578125 180.381256103515625 175.118743896484375 175.412506103515625 178.7062530517578125 182.96875 183.024993896484375 182.818756103515625 177.181243896484375 172.0812530517578125 166.087493896484375 158.6437530517578125 150.375 142.975006103515625 136.0437469482421875 134.524993896484375 131.943756103515625 126.2062530517578125 123.34999847412109375 117.18125152587890625 113.5500030517578125 108.41249847412109375 103.65625 102.43125152587890625 104.86875152587890625 107.28125 113.3562469482421875 120.375
100.6062469482421875 103.0625 108.7687530517578125 114.7624969482421875 124.15000152587890625 136.118743896484375 148.912506103515625 161.787506103515625 168.475006103515625 176.600006103515625 180.837493896484375 183.149993896484375 187.4499969482421875 187.21875 185.1062469482421875 182.631256103515625 177.65625 174.962493896484375 174.4875030517578125 180.2937469482421875 183.0749969482421875 184.6750030517578125 184.524993896484375 179.9187469482421875 173.443756103515625 167.993743896484375 159.4187469482421875 149.506256103515625 138.787506103515625 135.3312530517578125 131.8874969482421875 127.44374847412109375 123.74375152587890625 120.06874847412109375 114.53749847412109375 108.81874847412109375 101.9499969482421875 97.1374969482421875 96.43125152587890625 98.2687530517578125 99.65625 105.09999847412109375 112.8625030517578125
95.28749847412109375 96.6437530517578125 104.25624847412109375 111.66249847412109375 122.0749969482421875 134.59375 141.1750030517578125 141.875 143.40625 151.899993896484375 164.537506103515625 170.0187530517578125 175 177.631256103515625 178.4375 177.0500030517578125 175.15625 174.037506103515625 174.162506103515625 179.006256103515625 184.2624969482421875 186.5500030517578125 184.506256103515625 178.78125 174.993743896484375 166.9875030517578125 156.7624969482421875 147.3312530517578125 137.756256103515625 130.6999969482421875 129.443756103515625 124.52500152587890625 118.83750152587890625 115.83750152587890625 108.40000152587890625 101.74375152587890625 94.78125 88.93125152587890625 86.7375030517578125 86.5749969482421875 88.1875 93.81874847412109375 100.61875152587890625
91.96875 93.83750152587890625 102.03125 108.58750152587890625 117.5 127.59999847412109375 135.368743896484375 138.350006103515625 134.1875 135.725006103515625 146.2312469482421875 153.131256103515625 163.243743896484375 167.1999969482421875 169.368743896484375 169.943756103515625 172.743743896484375 174.1750030517578125 179.2687530517578125 180.59375 183.5625 187.125 184.4187469482421875 183.5124969482421875 177.493743896484375 166.524993896484375 152.8625030517578125 145.381256103515625 136.09375 128.75 126.6125030517578125 118.9250030517578125 111.34999847412109375 104.7624969482421875 98.9562530517578125 94.43125152587890625 88.6437530517578125 83.22499847412109375 79.8125 78.7312469482421875 78.6437530517578125 81.4187469482421875 85.3000030517578125
88.1999969482421875 90.59999847412109375 97.8874969482421875 105.59999847412109375 114.09999847412109375 123.6437530517578125 133.6062469482421875 136.818756103515625 135.100006103515625 139.0437469482421875 144.4499969482421875 146.225006103515625 154.899993896484375 160.350006103515625 161.881256103515625 165.006256103515625 167.53125 173.5187530517578125 179.4250030517578125 184.28125 187.1125030517578125 186.7375030517578125 183.3000030517578125 181.631256103515625 174.274993896484375 163.118743896484375 150.15625 141.0749969482421875 130.0625 122.1999969482421875 116.3874969482421875 109.6999969482421875 105.1125030517578125 100.38124847412109375 95.6437530517578125 90.3312530517578125 83.4375 77.27500152587890625 74.44374847412109375 72.36875152587890625 70.69374847412109375 71.0187530517578125 72.21875
86.3000030517578125 88.7937469482421875 94.8312530517578125 101.8874969482421875 110.88124847412109375 122.2937469482421875 131.8562469482421875 133.5500030517578125 133.8249969482421875 136.15625 142.5625 144.8874969482421875 148.8312530517578125 152.337493896484375 153.037506103515625 155.568756103515625 160.40625 169.100006103515625 176.15625 184.631256103515625 193.306243896484375 192.881256103515625 187.9187469482421875 179.4499969482421875 175.6062469482421875 164.850006103515625 151.975006103515625 139.65625 125.3249969482421875 115.4187469482421875 110.8874969482421875 104.6875 101.84375 97.55625152587890625 91.2375030517578125 84.71250152587890625 77.71250152587890625 72.28125 68.2937469482421875 64.84999847412109375 61.793750762939453125 61.325000762939453125 62.21250152587890625
84.80625152587890625 87.7687530517578125 93.7375030517578125 101.3625030517578125 110.53749847412109375 121.53749847412109375 131.59375 134.787506103515625 134.399993896484375 135.743743896484375 140.1875 142.21875 143.024993896484375 143.193756103515625 148.71875 151.381256103515625 155.0124969482421875 161.337493896484375 170.787506103515625 182.881256103515625 192.9812469482421875 194.193756103515625 191.03125 183.725006103515625 174.868743896484375 155.9375 142.5625 131.9812469482421875 119.33750152587890625 110.6875 104.54375457763671875 100.5749969482421875 95.5 91.0812530517578125 86.75 81.83750152587890625 75.36875152587890625 69.0187530517578125 62.831249237060546875 57.268749237060546875 53.91249847412109375 53.09999847412109375 52.6875
82.84375 84.9187469482421875 91.25624847412109375 97.66249847412109375 107.18125152587890625 116.53125 123.2375030517578125 128.162506103515625 128.34375 130.71875 134.962493896484375 137.7687530517578125 137.162506103515625 134.28125 136.506256103515625 141.006256103515625 143.7687530517578125 152.7624969482421875 161.84375 171.118743896484375 183.056243896484375 186.59375 185.40625 173.506256103515625 156.40625 140.774993896484375 132.962493896484375 124.1687469482421875 116.31874847412109375 108.40625 101.09999847412109375 95.53749847412109375 92.38124847412109375 85.6999969482421875 82.22499847412109375 79.34375 76.1999969482421875 69.3312530517578125 63.268749237060546875 54.80625152587890625 47.25624847412109375 47.22499847412109375 45.8125
80.0625 81.30625152587890625 86.8249969482421875 94.0812530517578125 101.88124847412109375 109.30625152587890625 115.44374847412109375 121.5124969482421875 121.99375152587890625 124.5437469482421875 127 127.46250152587890625 128.09375 126.2687530517578125 122.56874847412109375 128.3937530517578125 132.818756103515625 140.8874969482421875 145.4499969482421875 152.9250030517578125 164.7062530517578125 169.100006103515625 169.2312469482421875 160.850006103515625 148.037506103515625 136.381256103515625 128.556243896484375 120.8625030517578125 113.2687530517578125 106.6687469482421875 100.69374847412109375 93.00624847412109375 89.0124969482421875 83.55625152587890625 81.8874969482421875 81.3874969482421875 78.80625152587890625 75.26874542236328125 69.16249847412109375 58.331249237060546875 45.293750762939453125 41.13124847412109375 41.59999847412109375
75.61875152587890625 78.125 82.9187469482421875 88.8625030517578125 96.5124969482421875 103.18125152587890625 108.75 113.13124847412109375 113.78749847412109375 116.25 116.5500030517578125 118.08750152587890625 118.36875152587890625 115.375 111.43125152587890625 112.80625152587890625 116.7687530517578125 121.90625 127.38124847412109375 135.287506103515625 146.4812469482421875 152.9499969482421875 156.037506103515625 153.493743896484375 147.1125030517578125 139.9250030517578125 130.462493896484375 121.0812530517578125 111.81874847412109375 104.53749847412109375 97.0500030517578125 90.9499969482421875 87.24375152587890625 83.8562469482421875 80.96875 81.25 81.6750030517578125 83.91249847412109375 79.15000152587890625 65.59999847412109375 54.77500152587890625 49.706249237060546875 49.46250152587890625
70.18125152587890625 73.46875 78.90625 84.6875 91.0500030517578125 98.0749969482421875 103.50624847412109375 105.84999847412109375 106.9375 108.4499969482421875 108.78749847412109375 108.46250152587890625 107.28125 104.8249969482421875 101.8125 98.125 100.9562530517578125 105.93125152587890625 110.72499847412109375 118.7937469482421875 129.149993896484375 138.4562530517578125 147.3249969482421875 150.818756103515625 148.7687530517578125 142.53125 133.056243896484375 121.3249969482421875 110.97499847412109375 104.1125030517578125 97.96250152587890625 91.40000152587890625 86.21250152587890625 82.8562469482421875 81.34375 87.1125030517578125 89.8874969482421875 91.66249847412109375 88.25624847412109375 78.46875 68.8312530517578125 61.893749237060546875 56.3125
66.22499847412109375 69.9875030517578125 74.96250152587890625 80.9875030517578125 86.02500152587890625 93.00624847412109375 98.86875152587890625 102.1687469482421875 101.59375 103.09375 103.375 101.1875 99.49375152587890625 96.71875 93.47499847412109375 89.9187469482421875 86.21875 89.34999847412109375 96.1062469482421875 104.63124847412109375 112.61875152587890625 124.8874969482421875 138.568756103515625 149.662506103515625 152.7687530517578125 145.962493896484375 132.493743896484375 120.7937469482421875 108.71250152587890625 100.80625152587890625 96.5625 93.3312530517578125 90.40625 88.0625 95.3249969482421875 100.2937469482421875 102.5500030517578125 106.875 105.48125457763671875 90.59375 77.0812530517578125 66.84999847412109375 58.25
59.59375 64.34999847412109375 70.11875152587890625 76.78749847412109375 82.27500152587890625 89.25 93.375 97.0124969482421875 97.1374969482421875 97.75 97.9812469482421875 96.28749847412109375 92.25 88.25 85.1125030517578125 81.34999847412109375 77.5 75.3125 83.16249847412109375 88.7624969482421875 98.59999847412109375 111.40625 128.28125 140.46875 148.568756103515625 145.193756103515625 134.3249969482421875 121.49375152587890625 107.55625152587890625 97.91249847412109375 89.0749969482421875 84.5437469482421875 93.06874847412109375 101.86875152587890625 105.8874969482421875 112.11875152587890625 116.2937469482421875 116.58750152587890625 109.50624847412109375 96.40625 78.50624847412109375 68.625 60.24375152587890625
53.1875 58.4375 64.9562530517578125 72.13124847412109375 78.9875030517578125 84.9562530517578125 89.80625152587890625 93.03749847412109375 95.4499969482421875 96.90000152587890625 96.40000152587890625 91.1374969482421875 87.125 83.3125 78.34375 75.71250152587890625 71.5187530517578125 67.8625030517578125 70.25 76.5812530517578125 91.0625 113.50624847412109375 114.2624969482421875 127.9250030517578125 137.1999969482421875 142.368743896484375 135.037506103515625 121.06874847412109375 109.94374847412109375 95.6125030517578125 85.5124969482421875 86.0500030517578125 97.0124969482421875 104.0124969482421875 110.125 115.71875 114.899993896484375 109.71875 103.8874969482421875 90.9812469482421875 77.875 68.53749847412109375 60.518749237060546875
