data/historical-monthly-weather-data/wc2.1_cruts4.09_10m_prec_2015-08.asc
ncols        51
nrows        45
xllcorner    -63.500000000000
yllcorner    -7.500000000000
cellsize     0.166666666667
NODATA_value -9999
[rows 19 to 37 of 45, columns 0 to 42 of 51]
58.11875152587890625 55.02500152587890625 51.137500762939453125 47.59999847412109375 43.84375 42.0625 40.143749237060546875 38.237499237060546875 38.41249847412109375 38.08750152587890625 36.94374847412109375 32.84375 27.59375 22.862499237060546875 19.424999237060546875 16.306249618530273438 13.131250381469726562 11.90625 11.300000190734863281 11.3125 10.956250190734863281 11.100000381469726562 12.125 13.824999809265136719 15.387499809265136719 16.518749237060546875 18.056249618530273438 19.0625 19.40625 18.993749618530273438 19.825000762939453125 23.887500762939453125 25.78125 27.731250762939453125 29.956249237060546875 31.868749618530273438 33.262500762939453125 34.487499237060546875 34.568752288818359375 33.34999847412109375 30.774999618530273438 28.481250762939453125 26.806249618530273438
51.84999847412109375 50.24375152587890625 47.65000152587890625 44.46250152587890625 40.47499847412109375 38.84999847412109375 37.5625 36.25 36.625 36.387500762939453125 35.700000762939453125 32.59999847412109375 27.756250381469726562 23.212499618530273438 19.418750762939453125 16.206249237060546875 13.331250190734863281 11.606249809265136719 11.21875 10.931249618530273438 11.287500381469726562 11.831250190734863281 12.574999809265136719 14.462499618530273438 16.587499618530273438 17.625 18.475000381469726562 19.524999618530273438 20.53125 22.018749237060546875 24.174999237060546875 27.487499237060546875 28.268749237060546875 29.024999618530273438 30.956249237060546875 32.543750762939453125 34.34999847412109375 35.33750152587890625 34.74375152587890625 33.549999237060546875 31.081249237060546875 29.118749618530273438 27.5
47.731250762939453125 45.55625152587890625 43.55625152587890625 41.268749237060546875 38.21250152587890625 36.46875 35.762500762939453125 34.299999237060546875 34.918750762939453125 34.706249237060546875 34.831249237060546875 33.25 30.581249237060546875 26.449998855590820312 22.018749237060546875 17.731250762939453125 15.074999809265136719 13.287500381469726562 12.40625 11.918749809265136719 11.600000381469726562 11.925000190734863281 12.743749618530273438 14.5625 16.381250381469726562 17.875 20.337499618530273438 21.518749237060546875 23.068750381469726562 24.899999618530273438 27.206249237060546875 29.737499237060546875 30.125 30.600000381469726562 30.84375 32.28125 34.53125 36.09999847412109375 35.643749237060546875 34 31.518749237060546875 29.393749237060546875 27.268749237060546875
43.875 43.13124847412109375 41.71875 39.09999847412109375 36.487499237060546875 35.043750762939453125 33.53125 32.11875152587890625 33.19374847412109375 34.25624847412109375 35.40625 35.075000762939453125 34 30.424999237060546875 24.96875 20.09375 16.5 14.543749809265136719 13.362500190734863281 12.493749618530273438 12.237500190734863281 12.543749809265136719 13.181249618530273438 14.368749618530273438 16.587499618530273438 18.774999618530273438 21.375 23.512500762939453125 24.987499237060546875 26.549999237060546875 28.918750762939453125 31.6875 31.712499618530273438 31.037500381469726562 30.481250762939453125 30.399999618530273438 32.487499237060546875 35.52500152587890625 35.86875152587890625 33.86875152587890625 31.71875 29.268749237060546875 27.143749237060546875
40.65625 40.36875152587890625 39.668750762939453125 36.762500762939453125 34.25 33.262500762939453125 32.575000762939453125 32 32.11875152587890625 33.674999237060546875 35.24375152587890625 36.74375152587890625 36.887500762939453125 33.31874847412109375 27.693750381469726562 22.581249237060546875 18.768749237060546875 16.399999618530273438 14.824999809265136719 13.787499427795410156 13.481249809265136719 13.600000381469726562 13.868749618530273438 15.449999809265136719 17.456249237060546875 19.381250381469726562 22.600000381469726562 24.40625 26.356250762939453125 28.568750381469726562 31.274999618530273438 33.75624847412109375 33.450000762939453125 31.712499618530273438 30.5 29.537500381469726562 30.84375 33.606250762939453125 34.25624847412109375 32.575000762939453125 30.512500762939453125 28.53125 26.518749237060546875
38.362499237060546875 37.65625 37.06874847412109375 35.47499847412109375 33.668750762939453125 32.63124847412109375 31.75 31.393749237060546875 32.137500762939453125 33.668750762939453125 34.84999847412109375 35.918750762939453125 36.293750762939453125 33.93125152587890625 29.100000381469726562 24.493749618530273438 20.731250762939453125 18.112499237060546875 16.225000381469726562 15 14.668749809265136719 14.524999618530273438 14.71875 16.337499618530273438 18.049999237060546875 20.375 22.981250762939453125 25.143749237060546875 27.337499618530273438 30.03125 32.68125152587890625 35 34.424999237060546875 33.125 31.5 30.162500381469726562 30.806249618530273438 31.450000762939453125 31.756250381469726562 30.856250762939453125 29.181249618530273438 27.768749237060546875 26.168750762939453125
37.09375 36.00624847412109375 34.65000152587890625 33.981250762939453125 32.19374847412109375 31.40625 30.787500381469726562 30.924999237060546875 31.149999618530273438 32.03125 33.21875 34.174999237060546875 34.518749237060546875 32.69374847412109375 29.125 25 21.662500381469726562 19.306249618530273438 17.231250762939453125 16.0625 15.793749809265136719 15.5 15.768750190734863281 17.106250762939453125 18.768749237060546875 20.893751144409179688 23.712499618530273438 26.056249618530273438 28.612499237060546875 31.637500762939453125 34.25624847412109375 36.625 35.456249237060546875 33.799999237060546875 31.956249237060546875 31.056249618530273438 30.743749618530273438 30.106250762939453125 30.268749237060546875 29.068750381469726562 27.862499237060546875 26.743749618530273438 25.737499237060546875
36.262500762939453125 34.46250152587890625 33.56874847412109375 32.6875 31.3125 30.706249237060546875 30.625 30.325000762939453125 29.962499618530273438 30.84375 31.693750381469726562 31.293748855590820312 30.856250762939453125 29.375 26.912500381469726562 23.818750381469726562 21.356250762939453125 19.493749618530273438 18.131250381469726562 17.049999237060546875 16.706249237060546875 16.831249237060546875 17.100000381469726562 18.768749237060546875 20.412500381469726562 22.006250381469726562 25.106250762939453125 27.693750381469726562 30.09375 32.68125152587890625 35.606250762939453125 37.356250762939453125 36.19374847412109375 34.25624847412109375 31.893749237060546875 30.918750762939453125 29.818750381469726562 29.131250381469726562 28.618749618530273438 27.537500381469726562 26.443750381469726562 25.700000762939453125 25.53125
36.08750152587890625 32.9375 32.25624847412109375 31.556249618530273438 30.65625 29.90625 29.862499237060546875 29.706249237060546875 29.387500762939453125 29.556249618530273438 29.206249237060546875 28.193750381469726562 27.25 26.049999237060546875 24.03125 22.075000762939453125 20.581249237060546875 19.431249618530273438 18.6875 18 18.012500762939453125 17.90625 18.6875 20.299999237060546875 21.774999618530273438 23.081249237060546875 26.1875 29.118749618530273438 31.799999237060546875 34.3125 36.575000762939453125 37.956249237060546875 36.46250152587890625 33.84375 31.924999237060546875 30.40625 28.918750762939453125 27.987499237060546875 27.668750762939453125 26.950000762939453125 25.856250762939453125 25.581249237060546875 25.537500381469726562
34.856250762939453125 32.53125 31.375 30.725000381469726562 29.375 28.850000381469726562 28.53125 28.087499618530273438 28.200000762939453125 27.568750381469726562 26.850000381469726562 25.412500381469726562 24.068750381469726562 22.856250762939453125 21.59375 20.34375 19.59375 19.15625 18.90625 18.78125 18.962499618530273438 19.106250762939453125 19.924999237060546875 21.337499618530273438 22.981250762939453125 24.1875 27.450000762939453125 30.34375 32.93125152587890625 35.16249847412109375 37.012500762939453125 38.40000152587890625 36.03749847412109375 33 31 30.100000381469726562 28.924999237060546875 28 27.649999618530273438 26.643749237060546875 25.149999618530273438 25.0625 25.481250762939453125
34.362499237060546875 32.418750762939453125 31.162500381469726562 29.818750381469726562 28.768749237060546875 28.168750762939453125 27.424999237060546875 27.21875 26.59375 25.543750762939453125 24.78125 23.506250381469726562 22.100000381469726562 20.75 19.668750762939453125 18.568750381469726562 17.6875 17.662500381469726562 17.84375 17.418750762939453125 17.806249618530273438 18.549999237060546875 19.674999237060546875 21.556249618530273438 23.575000762939453125 25.862499237060546875 28.8125 31.84375 33.875 35.40625 36.862499237060546875 38.00624847412109375 35.637500762939453125 33.03125 31.106250762939453125 29.875 29.618749618530273438 28.981250762939453125 28.274999618530273438 27.943750381469726562 27.081249237060546875 26.712499618530273438 26.21875
33.91249847412109375 31.774999618530273438 30.068750381469726562 29.212499618530273438 28.924999237060546875 27.818750381469726562 26.924999237060546875 25.931249618530273438 24.825000762939453125 23.637500762939453125 22.512500762939453125 21.693750381469726562 20.712499618530273438 19.375 17.943750381469726562 16.856250762939453125 16.21875 16.174999237060546875 16.3125 16.149999618530273438 16.725000381469726562 17.28125 18.575000762939453125 21.112499237060546875 23.725000381469726562 26.75 29.549999237060546875 32.893749237060546875 35.424999237060546875 36.53125 37.53125 37.77500152587890625 35.24375152587890625 32.90625 31.618749618530273438 30.34375 29.993749618530273438 29.53125 29.568750381469726562 29.825000762939453125 28.96875 27.549999237060546875 26.543750762939453125
33.331249237060546875 31.4375 29.712499618530273438 28.743749618530273438 28.556249618530273438 27.200000762939453125 25.862499237060546875 24.325000762939453125 23.181249618530273438 22.006250381469726562 20.78125 19.8125 18.618749618530273438 17.556249618530273438 16.375 15.681249618530273438 14.837499618530273438 14.600000381469726562 14.431249618530273438 14.375 15.28125 16.481250762939453125 17.706249237060546875 20.331249237060546875 23.575000762939453125 26.931249618530273438 30.006250381469726562 33.549999237060546875 36 36.518749237060546875 37.33750152587890625 37.018749237060546875 34.78125 32.93125152587890625 30.881250381469726562 29.65625 29.4375 29.306249618530273438 29.581249237060546875 29.912500381469726562 29.075000762939453125 27.587499618530273438 26.993749618530273438
33 30.993749618530273438 29.34375 28.350000381469726562 27.256250381469726562 25.537500381469726562 24.243749618530273438 22.78125 21.4375 20.518749237060546875 19.818750381469726562 18.418750762939453125 17.043750762939453125 16.100000381469726562 15.03125 14.393750190734863281 13.600000381469726562 13.368749618530273438 13.068750381469726562 12.912500381469726562 13.743749618530273438 14.78125 16.03125 19.1875 22.456249237060546875 25.462499618530273438 28.875 31.731250762939453125 34.65625 35.28125 36.350002288818359375 36.24375152587890625 34.24375152587890625 32.27500152587890625 30.53125 29.387500762939453125 29.143749237060546875 28.825000762939453125 29.006250381469726562 29.21875 28.28125 27.293750762939453125 26.631250381469726562
32.625 31.149999618530273438 29.237499237060546875 28.200000762939453125 25.912500381469726562 24.262500762939453125 22.943750381469726562 21.299999237060546875 19.981250762939453125 18.981250762939453125 18.125 16.962499618530273438 15.806249618530273438 14.28125 13.550000190734863281 12.806249618530273438 12.287500381469726562 11.893750190734863281 11.462499618530273438 11.368749618530273438 12.199999809265136719 13.162500381469726562 14.443750381469726562 17.324998855590820312 20.6875 23.84375 27.356250762939453125 30.28125 33.77500152587890625 34.950000762939453125 35.931247711181640625 35.90000152587890625 33.55625152587890625 31.268749237060546875 29.862499237060546875 28.856250762939453125 28.543750762939453125 28.024999618530273438 28.131250381469726562 27.774999618530273438 27.518749237060546875 26.9375 26.174999237060546875
32.63124847412109375 31.012500762939453125 29.075000762939453125 27.068750381469726562 25.024999618530273438 23.181249618530273438 21.518749237060546875 19.837499618530273438 18.268749237060546875 17.493749618530273438 16.668750762939453125 15.731249809265136719 14.306249618530273438 13.100000381469726562 12.375 11.774999618530273438 11.193750381469726562 10.699999809265136719 10.243749618530273438 10.081250190734863281 10.899999618530273438 11.75 12.818750381469726562 15.762499809265136719 18.850000381469726562 22.125 25.756250381469726562 28.987499237060546875 32.71250152587890625 34.331249237060546875 34.90000152587890625 34.762500762939453125 32.59999847412109375 30.231250762939453125 28.712499618530273438 27.762500762939453125 26.962499618530273438 26.806249618530273438 26.956249237060546875 26.581249237060546875 25.975000381469726562 25.506250381469726562 25.168750762939453125
33.03749847412109375 31.231250762939453125 28.5625 26.006250381469726562 23.737499237060546875 21.53125 19.674999237060546875 17.806249618530273438 16.518749237060546875 15.84375 15.350000381469726562 14.381250381469726562 13.4375 12.368749618530273438 11.59375 10.949999809265136719 10.131250381469726562 9.78125 9.2124996185302734375 9.03125 9.9437503814697265625 11.09375 12.193750381469726562 15.087499618530273438 17.956249237060546875 20.868749618530273438 24.337499618530273438 28.287500381469726562 31.34375 32.90625 33.84375 34.137500762939453125 31.225000381469726562 29.325000762939453125 27.549999237060546875 26.125 25.950000762939453125 25.806249618530273438 25.481250762939453125 25.493749618530273438 24.987499237060546875 25.049999237060546875 24.256250381469726562
32.481250762939453125 30.325000762939453125 27.3125 24.631250381469726562 22.100000381469726562 20.068750381469726562 18.256250381469726562 16.618749618530273438 15.199999809265136719 14.212499618530273438 14.193750381469726562 13.837499618530273438 13.112500190734863281 12.018750190734863281 11.199999809265136719 10.181250572204589844 9.21875 8.7749996185302734375 8.34375 8.0812501907348632812 9.0874996185302734375 10.306249618530273438 11.5625 14.4375 17.362499237060546875 19.875 23.493749618530273438 27.162500381469726562 29.59375 31.475000381469726562 33.09375 33.331249237060546875 30.787500381469726562 28.287500381469726562 26.493749618530273438 25.337499618530273438 25.081249237060546875 25.137500762939453125 24.706249237060546875 24.6875 24.100000381469726562 24.125 23.387500762939453125
32.27500152587890625 29.975000381469726562 26.431249618530273438 23.774999618530273438 21.106250762939453125 18.912500381469726562 17.118749618530273438 15.425000190734863281 14.337499618530273438 13.28125 13.90625 13.699999809265136719 12.631250381469726562 11.774999618530273438 10.850000381469726562 9.6187496185302734375 8.3999996185302734375 7.875 7.6500000953674316406 7.4375 8.5 9.6687498092651367188 11.018750190734863281 13.831250190734863281 16.6875 19.4375 23.075000762939453125 26.6875 29.462499618530273438 31.299999237060546875 32.55625152587890625 33.56874847412109375 31.331249237060546875 27.868749618530273438 25.612499237060546875 24.274999618530273438 24.600000381469726562 24.831249237060546875 24.625 24.568750381469726562 23.125 22.662500381469726562 22.168750762939453125
