data/historical-monthly-weather-data/wc2.1_cruts4.09_10m_prec_1952-03.asc
ncols        45
nrows        45
xllcorner    -63.500000000000
yllcorner    -7.500000000000
cellsize     0.166666666667
NODATA_value -9999
[rows 20 to 39 of 45, columns 0 to 44 of 45]
153.556243896484375 153.4875030517578125 158.4875030517578125 164.662506103515625 171.9875030517578125 184 196.6750030517578125 208.65625 220.881256103515625 230.9375 238.5437469482421875 243.006256103515625 247.368743896484375 253.162506103515625 252.568756103515625 247.3937530517578125 243.287506103515625 243.7062530517578125 247.40625 251.381256103515625 258.35626220703125 265.76873779296875 272.125 279.73748779296875 288.20001220703125 297.23748779296875 305.618743896484375 313.631256103515625 321.23748779296875 326.26873779296875 325.712493896484375 319.693756103515625 305.07501220703125 285.98748779296875 267.86248779296875 288.01251220703125 316.79998779296875 332.774993896484375 338.975006103515625 339 335.90625 331.631256103515625 325.70623779296875 320.90625 318.01251220703125
150.931243896484375 151.443756103515625 158.0437469482421875 165.3249969482421875 173.8562469482421875 187.3625030517578125 201.53125 215.2937469482421875 227.59375 235.118743896484375 238.475006103515625 239.4375 240.625 243.9375 245.118743896484375 244.1750030517578125 243.787506103515625 244.6999969482421875 247.087493896484375 249.6125030517578125 252.9250030517578125 257.318756103515625 264.556243896484375 271.73126220703125 280.899993896484375 292.375 304.712493896484375 313.25 320.712493896484375 324.912506103515625 323.40625 317.70001220703125 306.13751220703125 293.91876220703125 287.774993896484375 300.087493896484375 322 337.34375 343.243743896484375 341.712493896484375 337.225006103515625 332.84375 327.662506103515625 323.16876220703125 320.96875
150.375 151.943756103515625 158.7750091552734375 166.9812469482421875 175.962493896484375 189.600006103515625 204.1875 220.568756103515625 234.8625030517578125 238.6750030517578125 237.90625 233.993743896484375 231.475006103515625 234.3000030517578125 238.537506103515625 240.71875 241.6750030517578125 243.0749969482421875 244.5625 246.131256103515625 247.7624969482421875 249.256256103515625 253.03125 260.09375 271.737518310546875 285.8125 299.54998779296875 310.20001220703125 317.962493896484375 321.475006103515625 321.73748779296875 321.087493896484375 317.587493896484375 313.09375 316 325.818756103515625 339.462493896484375 349.14373779296875 350.962493896484375 346.89373779296875 340.318756103515625 335.118743896484375 330.09375 324.837493896484375 323.03125
152.7375030517578125 154.71875 161.537506103515625 169.5625 178.2687530517578125 191.149993896484375 206.0812530517578125 221.9187469482421875 234.631256103515625 236.5437469482421875 233.681243896484375 229.8312530517578125 224.5437469482421875 228.337493896484375 234.4187469482421875 238.1687469482421875 240.5500030517578125 242.2312469482421875 242.056243896484375 242.0625 241.96875 241.556243896484375 243.1750030517578125 249.8125 260.11248779296875 274.14373779296875 288.92498779296875 302.587493896484375 313.337493896484375 320.76873779296875 326.1875 329.493743896484375 330.79376220703125 332.71875 339.38751220703125 349.57501220703125 359.01873779296875 361.26251220703125 357.57501220703125 351.193756103515625 343.712493896484375 336.743743896484375 330.774993896484375 324.181243896484375 324.20623779296875
158.537506103515625 159.975006103515625 165.0875091552734375 172.46875 181.2937469482421875 193.46875 206.087493896484375 218.8125 228.3937530517578125 232.1999969482421875 232.5124969482421875 229.53125 228.431243896484375 231.149993896484375 234.462493896484375 238.368743896484375 240.4562530517578125 241.9187469482421875 241.6374969482421875 239.212493896484375 236.3562469482421875 233.84375 232.71875 236.65625 247.850006103515625 265.193756103515625 280.3125 297.149993896484375 310.537506103515625 323.14373779296875 331.774993896484375 338.475006103515625 344.07501220703125 349.375 356.149993896484375 360.63751220703125 366.475006103515625 367.20623779296875 361.51873779296875 355.618743896484375 347.600006103515625 339.15625 330.26873779296875 325.118743896484375 321.32501220703125
166.1875 167.7062530517578125 170.493743896484375 176.693756103515625 183.3562469482421875 193.912506103515625 204.806243896484375 215.3125 223.0749969482421875 227.662506103515625 230.09375 231.2624969482421875 232.8562469482421875 235.3312530517578125 237.600006103515625 240.9250030517578125 242.0124969482421875 243.368743896484375 243.037506103515625 238.3562469482421875 234.6437530517578125 228.3625030517578125 222.78125 223.225006103515625 236.53125 257.181243896484375 276.60626220703125 293.774993896484375 309.98126220703125 325.65625 338.243743896484375 349.36248779296875 358.10626220703125 363.13751220703125 367.774993896484375 369.29376220703125 371.725006103515625 371.36248779296875 366.07501220703125 359.13751220703125 351.26873779296875 340.975006103515625 328.4375 321.41876220703125 318.70623779296875
170.8625030517578125 169.2874908447265625 172.1875 176.693756103515625 182.006256103515625 191.3937530517578125 200.65625 209.537506103515625 216.899993896484375 223.243743896484375 228.28125 231.899993896484375 235.600006103515625 239.6374969482421875 242.350006103515625 244.8562469482421875 247.3249969482421875 247.662506103515625 246.25 242.743743896484375 236.868743896484375 229.09375 219.225006103515625 217.524993896484375 234.350006103515625 254.975006103515625 275.350006103515625 292.631256103515625 309.76873779296875 326.53125 341.70623779296875 357.01251220703125 368.90625 372.46875 375.26251220703125 376.25 378.1875 377.21875 372.3125 366.162506103515625 356.70623779296875 344.46875 329.75 319.975006103515625 324.568756103515625
175.3000030517578125 171.399993896484375 173.506256103515625 177.162506103515625 180.743743896484375 188.6999969482421875 197.9375 205.943756103515625 213.2937469482421875 220.3125 226.0500030517578125 231.5124969482421875 237.5124969482421875 243.3249969482421875 246.53125 249.1374969482421875 252.2624969482421875 254.556243896484375 253.756256103515625 250.7062530517578125 245.2624969482421875 237.2687530517578125 231.9375 232.25 243.9187469482421875 261.162506103515625 279.07501220703125 296.26873779296875 312.475006103515625 327.618743896484375 342.48126220703125 356.89373779296875 369.14373779296875 374.131256103515625 378.32501220703125 380.243743896484375 380.70001220703125 381.58123779296875 378.17498779296875 374.21875 368.412506103515625 353.95623779296875 334.60626220703125 323.368743896484375 337.125
179.125 173.5500030517578125 174.837493896484375 177.0875091552734375 180.912506103515625 187.6999969482421875 194.875 202.2937469482421875 210.056243896484375 217.1875 224.443756103515625 231.662506103515625 239.131256103515625 246.8625030517578125 251.71875 256.024993896484375 261.10626220703125 264.181243896484375 264.975006103515625 263.181243896484375 258.375 251.6750030517578125 248.34375 248.7312469482421875 257.943756103515625 270.556243896484375 285.42498779296875 300.993743896484375 315.962493896484375 329.98748779296875 342.23126220703125 354.5 366.54376220703125 374.20001220703125 380.4375 383.0625 383.399993896484375 384.774993896484375 382.274993896484375 378.350006103515625 376.9375 362.006256103515625 342.40625 338.79998779296875 355.443756103515625
183.7624969482421875 176.912506103515625 176.7624969482421875 177.78125 180.243743896484375 185.306243896484375 191.774993896484375 198.568756103515625 206.5 213.881256103515625 221.8249969482421875 231.225006103515625 241.2375030517578125 250.8000030517578125 257.256256103515625 263.29998779296875 269.71875 277.45623779296875 280.20001220703125 276.61248779296875 271.5 266.181243896484375 262.962493896484375 264.131256103515625 270.431243896484375 280.79376220703125 293.33123779296875 305.962493896484375 318.26251220703125 330.15625 341.54376220703125 351.743743896484375 363.21875 374.131256103515625 382.51251220703125 385.16876220703125 386.26873779296875 389.024993896484375 383.20001220703125 379.381256103515625 379.056243896484375 374.243743896484375 364.412506103515625 366.787506103515625 375.3125
186.9187469482421875 178.899993896484375 177.6125030517578125 178.100006103515625 179.65625 183.3562469482421875 189.4562530517578125 195.4250030517578125 203.1374969482421875 210.975006103515625 219.6374969482421875 229.9562530517578125 241.6999969482421875 252.350006103515625 260.86248779296875 269.475006103515625 279.57501220703125 288.631256103515625 295.08123779296875 291.26251220703125 285.587493896484375 279.40625 276.89373779296875 277.45001220703125 281.556243896484375 291.024993896484375 300.306243896484375 309.662506103515625 320.4375 330.737518310546875 341.08123779296875 351.73126220703125 363.475006103515625 375.0625 384.86248779296875 387.04998779296875 389.125 393.11248779296875 386.193756103515625 375.46875 378.20001220703125 384.806243896484375 386.756256103515625 391.556243896484375 400.506256103515625
189.287506103515625 180.537506103515625 178.306243896484375 177.837493896484375 178.693756103515625 181.7624969482421875 187.149993896484375 192.0437469482421875 199.5500030517578125 207.618743896484375 216.649993896484375 227.8937530517578125 240.181243896484375 253.318756103515625 264.318756103515625 275.39373779296875 284.868743896484375 293.774993896484375 300.318756103515625 300.493743896484375 295.07501220703125 290.79998779296875 287.256256103515625 287.10626220703125 292.306243896484375 298.96875 305.256256103515625 313.818756103515625 321.381256103515625 331.5 341.75 352 363.09375 375.23126220703125 385.993743896484375 389.381256103515625 394.09375 397.725006103515625 388.743743896484375 383.024993896484375 391.100006103515625 403.9375 412.25 424.837493896484375 437.88751220703125
194.931243896484375 186.8125 183.6125030517578125 181.943756103515625 181.09375 183.850006103515625 187.3625030517578125 190.90625 197.15625 205.34375 216.125 227.53125 241.243743896484375 257.162506103515625 269 280.23126220703125 289.59375 298.506256103515625 303.73748779296875 305.306243896484375 302.693756103515625 298.912506103515625 294.86248779296875 295.568756103515625 298.931243896484375 303.5 308.41876220703125 315.21875 323.04376220703125 332.48748779296875 342.61248779296875 352.98748779296875 365.431243896484375 378.23748779296875 388.712493896484375 395.75 401.875 405.5625 400.6875 405.9375 416.39373779296875 430.51873779296875 444.63751220703125 461.318756103515625 486.506256103515625
200.881256103515625 193.25 190.1062469482421875 187.46875 185.462493896484375 186.40625 188.100006103515625 190.337493896484375 195.5437469482421875 202.96875 213.306243896484375 227.381256103515625 242.65625 258.03125 270.28125 283.131256103515625 294.793731689453125 302.818756103515625 306.631256103515625 308.625 307.806243896484375 304.431243896484375 301.649993896484375 300.587493896484375 302.64373779296875 305.024993896484375 309.89373779296875 315.350006103515625 323.837493896484375 332.98126220703125 342.368743896484375 354.29998779296875 368.29998779296875 381.48748779296875 394.625 403 409.6875 414.318756103515625 418.631256103515625 428.024993896484375 438.98126220703125 454.962493896484375 475.318756103515625 496.375 526.38751220703125
207.318756103515625 200.725006103515625 197.1687469482421875 193.399993896484375 189.399993896484375 189.3625030517578125 189.21875 190.537506103515625 193.8625030517578125 199.7312469482421875 210.53125 226.625 244.1999969482421875 260.61248779296875 274.70623779296875 286.993743896484375 299.181243896484375 306.46875 310.14373779296875 312.006256103515625 311.875 308.29998779296875 305.100006103515625 302.90625 304.14373779296875 305.975006103515625 309.475006103515625 315.34375 322.01873779296875 332.35626220703125 343.73126220703125 356.25 370.537506103515625 385.33123779296875 398.537506103515625 406.9375 414.95001220703125 426.45001220703125 435.66876220703125 446.5625 459.506256103515625 474.79376220703125 495.931243896484375 519.0562744140625 545.125
217.399993896484375 210.806243896484375 206.7062530517578125 202.6125030517578125 198.431243896484375 196.8625030517578125 195.9187469482421875 194.712493896484375 195.6750030517578125 200.40625 210.506256103515625 227.40625 247.09375 265.25 279.07501220703125 291.912506103515625 302.85626220703125 309.162506103515625 313.41876220703125 315.962493896484375 314.568756103515625 310.087493896484375 305.506256103515625 303.3125 303.10626220703125 303.63751220703125 306.806243896484375 312.6875 319.38751220703125 330.287506103515625 343.368743896484375 356.493743896484375 370.3125 386.59375 400.48748779296875 409.36248779296875 421.381256103515625 433.868743896484375 442.29998779296875 454.96875 469.837493896484375 484.681243896484375 502.350006103515625 525.59375 545.76251220703125
227.149993896484375 221.274993896484375 217.3375091552734375 212.90625 208.9375 206.818756103515625 204.2312469482421875 201.5875091552734375 199.850006103515625 200.306243896484375 211.9375 233.443756103515625 253.625 270.256256103515625 284.431243896484375 296.118743896484375 305.818756103515625 311.181243896484375 315.51251220703125 315.943756103515625 314.17498779296875 309.274993896484375 304.462493896484375 300.375 298.837493896484375 298.9375 302.26873779296875 308.95623779296875 315.54998779296875 328.100006103515625 341.86248779296875 355.86248779296875 371.850006103515625 388.98748779296875 403.11248779296875 414.46875 427.54998779296875 441.131256103515625 450.60626220703125 460.462493896484375 473.1875 487.493743896484375 504.9375 526 543.9937744140625
236.53125 231.65625 227.475006103515625 223.4812469482421875 220.3125 218.068756103515625 215.087493896484375 211.25 209.7937469482421875 207.9187469482421875 225.443756103515625 247.5 263.712493896484375 278.162506103515625 289.85626220703125 300.63751220703125 308.03125 311.98126220703125 314.306243896484375 313.1875 309.131256103515625 304.23748779296875 300.71875 295.84375 293.79998779296875 293.95623779296875 297.29376220703125 304.681243896484375 312.26251220703125 325.524993896484375 339.306243896484375 353.837493896484375 370.693756103515625 389 403.23748779296875 417.26873779296875 431.03125 442.84375 454.29998779296875 465.51873779296875 474.712493896484375 489.21875 503.118743896484375 516.75 532.7125244140625
240.5749969482421875 236.8312530517578125 234.375 231.899993896484375 230.0124969482421875 228.181243896484375 227.475006103515625 226.1875 229.368743896484375 239.524993896484375 259.57501220703125 270.443756103515625 279.25 289.26251220703125 298.35626220703125 306.14373779296875 311.087493896484375 312.33123779296875 311.60626220703125 308.23748779296875 301.84375 296.45623779296875 292.693756103515625 289.068756103515625 287.83123779296875 289.01251220703125 293.39373779296875 300.15625 308.1875 321.237518310546875 335.712493896484375 348.76251220703125 363.98748779296875 381.57501220703125 399.33123779296875 411.53125 423.57501220703125 436.76873779296875 445.53125 453.693756103515625 461.9375 475.29376220703125 486 498.01251220703125 508.662506103515625
244.2937469482421875 241.943756103515625 241.037506103515625 239.6999969482421875 239.7937469482421875 241.1437530517578125 241.5625 244.787506103515625 251.2375030517578125 261.587493896484375 275.118743896484375 286.350006103515625 294.600006103515625 301.431243896484375 308.28125 312.78125 315.01873779296875 313.225006103515625 308.837493896484375 303.756256103515625 295.29998779296875 288.76251220703125 283.243743896484375 280.23126220703125 280.943756103515625 283.32501220703125 287.8125 295.375 303.412506103515625 315.5 328.068756103515625 343.38751220703125 360.76251220703125 376.4375 392.712493896484375 405.29376220703125 415.337493896484375 426.693756103515625 435.931243896484375 440.41876220703125 446 456.987518310546875 465.83123779296875 474.462493896484375 482.26251220703125
