data/historical-monthly-weather-data/wc2.1_cruts4.09_10m_prec_2024-12.asc
ncols        45
nrows        45
xllcorner    -63.500000000000
yllcorner    -7.500000000000
cellsize     0.166666666667
NODATA_value -9999
[rows 0 to 19 of 45, columns 0 to 43 of 45]
160.4187469482421875 154.84375 147.03125 141.2312469482421875 134.3874969482421875 128.9562530517578125 123.09999847412109375 116.6750030517578125 111.9375 107.875 105.6687469482421875 104.0124969482421875 103.1875 101.375 100.5 99.84999847412109375 99.58750152587890625 98.7624969482421875 99.0500030517578125 99.5 101.21875 102.75 104.41249847412109375 106.61875152587890625 108.8625030517578125 111 114.43125152587890625 118.21250152587890625 122.1687469482421875 126.1374969482421875 129.5 133.618743896484375 136.4499969482421875 138.8312530517578125 140.6687469482421875 141.9375 141.399993896484375 140.350006103515625 136.6875 133.0812530517578125 128.9499969482421875 123.72499847412109375 118.3874969482421875 112.59999847412109375
163.3625030517578125 157.899993896484375 152.96875 148.9562530517578125 144.5749969482421875 139.024993896484375 132.7624969482421875 128.3249969482421875 125.1437530517578125 121.83750152587890625 119.2937469482421875 116.77500152587890625 115.47499847412109375 113.8625030517578125 112.46875 111.44374847412109375 110.84999847412109375 110.4375 110.5124969482421875 111.7312469482421875 113.16249847412109375 114.50624847412109375 116.5625 118.71250152587890625 120.91249847412109375 123.0124969482421875 126.1062469482421875 129.25 132.6125030517578125 136.78125 140.09375 144.181243896484375 145.743743896484375 147.818756103515625 149.96875 148.631256103515625 148.881256103515625 147.5437469482421875 142.46875 137.65625 132.4562530517578125 126.2937469482421875 120.18125152587890625 112.7375030517578125
163.787506103515625 159.381256103515625 155.850006103515625 152.725006103515625 149.6125030517578125 145.1437530517578125 141.2937469482421875 138.8249969482421875 136.8249969482421875 134.2687530517578125 131.4499969482421875 129.006256103515625 127.88124847412109375 126.34375 125.02500152587890625 123.53749847412109375 123.0749969482421875 122.72499847412109375 123.16249847412109375 124.2062530517578125 125.8312530517578125 127.78125 130.0124969482421875 131.7312469482421875 133.600006103515625 136.2624969482421875 139.0625 141.587493896484375 144.8562469482421875 147.587493896484375 150.6875 154.2624969482421875 156.7375030517578125 157.181243896484375 158.2312469482421875 157.7874908447265625 156.4812469482421875 154.350006103515625 149.274993896484375 143.631256103515625 137.381256103515625 130.2687530517578125 122.6687469482421875 115.6125030517578125
162.368743896484375 159.7062530517578125 158.4187469482421875 155.375 153.725006103515625 151.193756103515625 149.5500030517578125 148.881256103515625 147.9875030517578125 147.09375 144.84375 142.693756103515625 141.006256103515625 139.625 138.0187530517578125 136.9562530517578125 136.3937530517578125 135.4499969482421875 136.1437530517578125 138.46875 140.5625 142.5124969482421875 143.837493896484375 145.5500030517578125 146.7937469482421875 149.5749969482421875 152.131256103515625 153.7062530517578125 156.8249969482421875 159.774993896484375 162.0187530517578125 164.0500030517578125 166.318756103515625 167.443756103515625 167.3625030517578125 166.100006103515625 163.6374969482421875 161.1999969482421875 156.212493896484375 149.587493896484375 141.8625030517578125 133.881256103515625 125.5625 118.15000152587890625
168.1374969482421875 162.5437469482421875 158.875 157.84375 157.7624969482421875 157.6062469482421875 157.40625 158.25 159.743743896484375 160.3249969482421875 158.1437530517578125 155.6062469482421875 154.712493896484375 153.787506103515625 152.087493896484375 150.9499969482421875 150.118743896484375 149.3625030517578125 150.6437530517578125 153.899993896484375 156.2750091552734375 157.256256103515625 158.2312469482421875 159.556243896484375 160.506256103515625 163.15625 164.087493896484375 165.306243896484375 167.899993896484375 170.806243896484375 172.943756103515625 173.9375 174.975006103515625 175.600006103515625 175.100006103515625 173.8874969482421875 172.0500030517578125 168.8874969482421875 163.1875 155.53125 146.8312530517578125 137.8625030517578125 129.1750030517578125 120.28749847412109375
173.649993896484375 168.8000030517578125 164.087493896484375 160.287506103515625 161.1750030517578125 163.4375 164.9499969482421875 166.162506103515625 167.8874969482421875 169.193756103515625 167.7687530517578125 166.381256103515625 166.8312530517578125 166.618743896484375 166.4812469482421875 165.975006103515625 166.0187530517578125 164.837493896484375 167.556243896484375 170.125 170.725006103515625 171.693756103515625 171.7624969482421875 172.412506103515625 172.962493896484375 174.193756103515625 175.993743896484375 176.8625030517578125 178.256256103515625 180.4375 182.375 183.8562469482421875 182.5812530517578125 181.443756103515625 182.5 181.7937469482421875 180.0187530517578125 178.71875 173.131256103515625 164.006256103515625 152.9187469482421875 143.5625 133.53125 124.8937530517578125
181.118743896484375 176.28125 171.868743896484375 167.537506103515625 166.225006103515625 167.9375 170.40625 171.96875 173.006256103515625 173.2375030517578125 175.1437530517578125 176.024993896484375 178.8312530517578125 179.9187469482421875 180.8312530517578125 181.90625 184.006256103515625 186.274993896484375 189.368743896484375 189.868743896484375 187.8312530517578125 187.3125 185.725006103515625 184.899993896484375 185.524993896484375 185.506256103515625 186.1999969482421875 188.193756103515625 189.225006103515625 190.1374969482421875 191.2624969482421875 191.899993896484375 191 188.9375 188.1125030517578125 187.431243896484375 187.1374969482421875 186.350006103515625 182.8000030517578125 172.2062530517578125 159.337493896484375 148.53125 138.7375030517578125 129.2624969482421875
188.8312530517578125 183.6687469482421875 179.8000030517578125 177.2624969482421875 176.306243896484375 176.8125 176.818756103515625 175.556243896484375 174.537506103515625 176.806243896484375 182.162506103515625 186.75 190.600006103515625 194.475006103515625 196.181243896484375 198.725006103515625 201.850006103515625 206.7687530517578125 210.756256103515625 207.774993896484375 203.6125030517578125 200.4250030517578125 197.5187530517578125 195.4375 196.1687469482421875 196.46875 196.2687530517578125 197.4812469482421875 199.875 200.712493896484375 199.556243896484375 199.2312469482421875 198.1062469482421875 195.3000030517578125 194.53125 192.4562530517578125 192.2624969482421875 191.006256103515625 185.5625 175.5625 163.84375 152.8249969482421875 142.818756103515625 132.9875030517578125
197.850006103515625 192.899993896484375 189.875 187.90625 186.568756103515625 187.787506103515625 187.818756103515625 185.681243896484375 181.9187469482421875 182.6687469482421875 190.243743896484375 196.818756103515625 202.125 206.193756103515625 208.625 211.4562530517578125 214.90625 219.681243896484375 223.087493896484375 218.912506103515625 212.0187530517578125 208.2312469482421875 205.462493896484375 205.2624969482421875 205.100006103515625 204.8312530517578125 204.5187530517578125 206.0500030517578125 207.506256103515625 207.068756103515625 206.8874969482421875 204.881256103515625 202.8125 200.618743896484375 198.618743896484375 196.8874969482421875 195.15625 192.431243896484375 185.993743896484375 177.3625030517578125 166.024993896484375 155.681243896484375 146.631256103515625 137.5812530517578125
205.75 201.4875030517578125 199.4187469482421875 198.6687469482421875 197.71875 199.381256103515625 200.243743896484375 199.4187469482421875 198.59375 199.806243896484375 204.78125 208.9812469482421875 214.96875 217.9187469482421875 220.912506103515625 223.40625 225.818756103515625 227.537506103515625 227.96875 224.774993896484375 218.6687469482421875 214.5749969482421875 212.149993896484375 212.875 212.3125 211.7375030517578125 211.681243896484375 212.818756103515625 214.6750030517578125 213.6125030517578125 211.506256103515625 208.962493896484375 206.181243896484375 202.9812469482421875 201.1437530517578125 200.5625 198.0625 194.631256103515625 186.9875030517578125 178.3874969482421875 168.65625 159.5812530517578125 150.037506103515625 141.350006103515625
214.9875030517578125 210.806243896484375 208.743743896484375 207.6687469482421875 208.34375 211.912506103515625 214.1374969482421875 213.7687530517578125 213.7687530517578125 216.03125 220.3562469482421875 224.4250030517578125 228.40625 231.2937469482421875 232.8249969482421875 234.5812530517578125 235.274993896484375 234.5812530517578125 232.2687530517578125 228.4875030517578125 224.4812469482421875 220.756256103515625 218.75 217.25 219.78125 219.6125030517578125 218.6999969482421875 218.125 217.9499969482421875 216.4375 213.90625 211.662506103515625 208.743743896484375 205.46875 203.024993896484375 201.5124969482421875 199.2312469482421875 195.8562469482421875 189.6062469482421875 180.993743896484375 171.7937469482421875 162.850006103515625 154.3562469482421875 146.4499969482421875
222.837493896484375 218.3874969482421875 216.9875030517578125 217.3000030517578125 218.443756103515625 222.743743896484375 226.556243896484375 227.3874969482421875 227.9250030517578125 231.3125 235.9562530517578125 240.3874969482421875 242 243.524993896484375 244.3874969482421875 243.837493896484375 243 239.5 235.8000030517578125 231.9499969482421875 227.0124969482421875 224.2687530517578125 224.2624969482421875 224.0625 226.1875 226.1125030517578125 223.881256103515625 221.78125 220.006256103515625 217.899993896484375 214.9187469482421875 212.5437469482421875 209.5437469482421875 206.78125 204.625 203.243743896484375 200.8312530517578125 197.806243896484375 191.337493896484375 183.375 174.6687469482421875 166.131256103515625 157.8312530517578125 149.8687591552734375
230.21875 226.2062530517578125 225.6687469482421875 225.9812469482421875 227.993743896484375 232.1125030517578125 235.84375 238.6374969482421875 240.2937469482421875 244.7062530517578125 250.024993896484375 254.506256103515625 255.71875 254.8125 254.9250030517578125 253.118743896484375 250.4812469482421875 246.6125030517578125 241.662506103515625 236.0437469482421875 228.5749969482421875 227.0187530517578125 229.443756103515625 230.5437469482421875 230.5437469482421875 229.037506103515625 226.587493896484375 224.5124969482421875 222.4187469482421875 218.15625 214.46875 211.381256103515625 208.1750030517578125 205.993743896484375 204.3312530517578125 204.100006103515625 202.78125 200.068756103515625 193.7687530517578125 185.3125 176.5187530517578125 169.21875 160.2375030517578125 149.6062469482421875
235.993743896484375 232.1374969482421875 231.90625 232.9499969482421875 234.8249969482421875 239.181243896484375 243.306243896484375 248.2062530517578125 252.193756103515625 256.23748779296875 260.01251220703125 263.84375 266.149993896484375 266 263.63751220703125 262.524993896484375 258.76251220703125 253.337493896484375 247.4812469482421875 241.5500030517578125 235.743743896484375 233.662506103515625 234.46875 234.381256103515625 233.818756103515625 232.4499969482421875 230.46875 226.3000030517578125 222.475006103515625 217.100006103515625 212.6875 208.618743896484375 206.2375030517578125 204.1062469482421875 203.6687469482421875 204 203.962493896484375 203.287506103515625 198.493743896484375 191.65625 180.506256103515625 169.3125 159.5500030517578125 151.2687530517578125
240.850006103515625 236.9499969482421875 237.681243896484375 239 241.5124969482421875 245.931243896484375 251.662506103515625 257.149993896484375 261.337493896484375 264.86248779296875 268.4375 272.34375 274.09375 274.756256103515625 271.76251220703125 270.14373779296875 265.149993896484375 259.100006103515625 252.8812408447265625 248.5812530517578125 243.1999969482421875 240.556243896484375 239.40625 238.28125 237.568756103515625 235.725006103515625 232.8874969482421875 228.3874969482421875 223.1374969482421875 215.2062530517578125 208.8000030517578125 204.8874969482421875 202.962493896484375 201.975006103515625 202.4875030517578125 202.399993896484375 204.556243896484375 207.4562530517578125 206.6999969482421875 199.40625 186.3687591552734375 174.3187408447265625 164.131256103515625 155.493743896484375
243.931243896484375 240.5749969482421875 241.931243896484375 244.5187530517578125 247.46875 252.774993896484375 258.818756103515625 263.649993896484375 268.10626220703125 273.162506103515625 276.48748779296875 279.806243896484375 281.88751220703125 282.48126220703125 279.92498779296875 275.475006103515625 270.15625 265.225006103515625 258.95001220703125 254.3312530517578125 250.287506103515625 246.693756103515625 244.6687469482421875 242.649993896484375 241.8000030517578125 241.125 237.431243896484375 231.631256103515625 224.0437469482421875 213.068756103515625 204.881256103515625 199.181243896484375 196.0437469482421875 195.287506103515625 195.4187469482421875 197.118743896484375 202.256256103515625 209.306243896484375 213.118743896484375 207 193.4875030517578125 180.0625 168.225006103515625 156.4375
246.0812530517578125 243.4562530517578125 244.1687469482421875 247.8937530517578125 252.1750030517578125 257.337493896484375 264.15625 270.79376220703125 276.40625 280.83123779296875 284.337493896484375 286.84375 288.774993896484375 289.306243896484375 286.787506103515625 281.45623779296875 273.662506103515625 268.79376220703125 264.35626220703125 259.78125 256.07501220703125 252.6062469482421875 250.243743896484375 247.462493896484375 246.71875 246.9875030517578125 243.6750030517578125 235.568756103515625 223.368743896484375 209.7375030517578125 199.774993896484375 194.006256103515625 189.125 184.8562469482421875 183.337493896484375 187.0625 196.625 211.431243896484375 225.6437530517578125 215.5437469482421875 198.6437530517578125 183.4562530517578125 168.899993896484375 157.9250030517578125
246.4187469482421875 244.506256103515625 246.100006103515625 250.8625030517578125 256.006256103515625 262.82501220703125 269.86248779296875 276.15625 281.71875 287.443756103515625 291.79376220703125 294 294.537506103515625 294.743743896484375 291.412506103515625 285.506256103515625 277.78125 269.20623779296875 267.4375 263.38751220703125 261.04998779296875 257.85626220703125 255.006256103515625 252.818756103515625 252.181243896484375 252.7624969482421875 251.037506103515625 238.881256103515625 222.024993896484375 204.5500030517578125 192.193756103515625 185.5 182.71875 180.1875 175.4499969482421875 172.2062530517578125 189.350006103515625 209.03125 219.375 213.4250030517578125 196.84375 181.8125 168.9812469482421875 158.8312530517578125
245.149993896484375 243.818756103515625 247.09375 252.725006103515625 258.9375 266.65625 274.09375 282.100006103515625 288.287506103515625 294.26873779296875 297.45001220703125 298.225006103515625 299.475006103515625 300.26873779296875 295.88751220703125 289.29376220703125 281.681243896484375 273.11248779296875 267.181243896484375 264.38751220703125 264.36248779296875 264.3125 258.48748779296875 257.36248779296875 257.818756103515625 258.03125 253.875 241.837493896484375 223.3125 202.03125 185.462493896484375 183.3125 184.537506103515625 182 176.743743896484375 176.975006103515625 190.0749969482421875 203.868743896484375 210.5812530517578125 205.0562591552734375 191.9187469482421875 178.818756103515625 167.493743896484375 158.84375
242.59375 242.25 245.8000030517578125 252.399993896484375 260.10626220703125 269.46875 278.493743896484375 287.29376220703125 294.443756103515625 299.21875 303.006256103515625 305.29998779296875 306.71875 305.78125 299.568756103515625 290.681243896484375 281.9375 275.57501220703125 270.26873779296875 267 264.787506103515625 262.51251220703125 261.48126220703125 261.46875 261.96875 261.45623779296875 256.20623779296875 246.3562469482421875 229.274993896484375 207.9875030517578125 193.556243896484375 191.7937469482421875 191.993743896484375 191.7624969482421875 191.21875 191.6875 198.6437530517578125 206.375 207.5625 201.381256103515625 189.28125 175.618743896484375 166.8937530517578125 159.8312530517578125
