data/historical-monthly-weather-data/wc2.1_cruts4.09_10m_prec_1994-10.asc
ncols        45
nrows        45
xllcorner    -63.500000000000
yllcorner    -7.500000000000
cellsize     0.166666666667
NODATA_value -9999
[rows 0 to 18 of 45, columns 0 to 43 of 45]
100.8249969482421875 100.8312530517578125 107.8937530517578125 117.88124847412109375 127.2624969482421875 137.8874969482421875 146.5 154.2937469482421875 159.59375 165.881256103515625 173.5749969482421875 176.6875 178.2062530517578125 176.8562469482421875 173.337493896484375 169.3625030517578125 165.3312530517578125 159.537506103515625 154.96875 150.537506103515625 147.5625 144.193756103515625 141.1062469482421875 136.8937530517578125 133.0625 129.4250030517578125 123.47499847412109375 117.56874847412109375 112.3625030517578125 107.84999847412109375 103.78125 100.13124847412109375 98.4812469482421875 97.44374847412109375 96.96250152587890625 97.83750152587890625 98.9250030517578125 99.84375 100.6062469482421875 101.19374847412109375 101.75 102.09375 101.5500030517578125 100.24375152587890625
92.94374847412109375 90.78125 96.9562530517578125 106.09999847412109375 116.1062469482421875 125.4375 134.125 143.2687530517578125 151.2624969482421875 158.5500030517578125 165.287506103515625 167.118743896484375 167.556243896484375 166.6999969482421875 163.431243896484375 160.3312530517578125 155.681243896484375 149.5625 143.912506103515625 139.1062469482421875 135.4250030517578125 132.399993896484375 129.506256103515625 126 122.59375 118.78125 114.84999847412109375 110.6999969482421875 106.625 102.5124969482421875 99.9250030517578125 98.09375 98.2375030517578125 99.2624969482421875 99.90625 101.1374969482421875 103.125 104.5437469482421875 105.5812530517578125 106.1437530517578125 106.8937530517578125 107.43125152587890625 107.0124969482421875 105.65625
88.3874969482421875 86.4187469482421875 90.77500152587890625 98.05625152587890625 106.03125 114.27500152587890625 122.99375152587890625 132.59375 141.493743896484375 148.7375030517578125 153.90625 154.53125 154.1750030517578125 152.693756103515625 149.868743896484375 147.0500030517578125 143.9499969482421875 139.1875 134.625 130.7687530517578125 127.47499847412109375 125.31874847412109375 122.7375030517578125 119.16249847412109375 115.6875 112.4812469482421875 109.30625152587890625 106.21250152587890625 102.4375 99.88124847412109375 98.6687469482421875 97.4375 98.2312469482421875 100.03749847412109375 101.6374969482421875 103.3125 105.28749847412109375 107.41249847412109375 108.8937530517578125 109.6687469482421875 110.56874847412109375 111.1062469482421875 110.86875152587890625 110.19374847412109375
83.83750152587890625 81.90625 85.3000030517578125 89.4499969482421875 95.06874847412109375 101.7312469482421875 109.83750152587890625 119.05625152587890625 129.09375 136.381256103515625 139.4250030517578125 138.837493896484375 137.6374969482421875 136.2937469482421875 134.9625091552734375 132.881256103515625 130.743743896484375 128.118743896484375 125.5500030517578125 123.34999847412109375 120.8249969482421875 118.25 115.34375 112.1437530517578125 108.7062530517578125 105.43125152587890625 103.09999847412109375 100.6999969482421875 98.1687469482421875 96.69374847412109375 96.4875030517578125 96.71250152587890625 97.4875030517578125 99.1875 100.8125 103.86875152587890625 106.7624969482421875 109.3312530517578125 111.36875152587890625 112.59375 112.9250030517578125 113.81874847412109375 113.94374847412109375 113.9375
83.11875152587890625 79.33750152587890625 79.0124969482421875 80.8874969482421875 84.83750152587890625 90.22499847412109375 96.625 104.38124847412109375 115.30625152587890625 123.8874969482421875 124.1999969482421875 121.68125152587890625 120.6999969482421875 120.4812469482421875 119.9250030517578125 118.8312530517578125 118.1125030517578125 116.44374847412109375 115.125 114.1750030517578125 112.7624969482421875 110.33750152587890625 107.6875 104.9250030517578125 101.6875 98.7624969482421875 96.6999969482421875 95.65625 94.65625 93.5 93.9812469482421875 94.83750152587890625 96.4499969482421875 98.4562530517578125 100.9187469482421875 103.94374847412109375 107.3000030517578125 110.7624969482421875 112.8249969482421875 114.25 114.75 115.15000152587890625 115.9375 116.25624847412109375
82.2937469482421875 78.7062530517578125 76.50624847412109375 75.6999969482421875 79.84999847412109375 86 92.0437469482421875 99.05625152587890625 108.8562469482421875 117.9499969482421875 116.24375152587890625 113.47499847412109375 113.21250152587890625 113.125 112.7937469482421875 112.83750152587890625 112.09375 110.4562530517578125 109.4250030517578125 108.3874969482421875 107.34375 105.7375030517578125 103.9187469482421875 101.125 98.61875152587890625 96.1999969482421875 94.40000152587890625 93.1687469482421875 92.8000030517578125 91.71875 92.1687469482421875 93.6999969482421875 94.9875030517578125 97.0812530517578125 99.5500030517578125 102.8874969482421875 106.43125152587890625 110.5749969482421875 113.8562469482421875 114.65000152587890625 113.5187530517578125 114.125 114.6999969482421875 115.84375
83.3125 79.625 77.29375457763671875 75.8625030517578125 78.40625 82.875 87.58750152587890625 92.15625 97.3000030517578125 101.13124847412109375 103.33750152587890625 104.375 105.71875 106.75 106.9812469482421875 107.4875030517578125 107.28749847412109375 105.18125152587890625 103.4499969482421875 102.5812530517578125 102.3000030517578125 101.52500152587890625 100.1374969482421875 98.27500152587890625 96.52500152587890625 94.63124847412109375 93.33750152587890625 91.96250152587890625 90.9250030517578125 90.33750152587890625 90.72499847412109375 91.71250152587890625 92.81874847412109375 94.96250152587890625 97.5812530517578125 100.3625030517578125 103.8562469482421875 108.02500152587890625 112.65625 112.13750457763671875 110.46875 110.0187530517578125 110.83750152587890625 112.74375152587890625
85.03749847412109375 81.09375 79.53749847412109375 79.2624969482421875 80.2312469482421875 82.9499969482421875 84.4875030517578125 84.5124969482421875 83.66249847412109375 85.4499969482421875 90.5812530517578125 94.7937469482421875 98.34999847412109375 100.53749847412109375 101.9812469482421875 102.71875 102.78125 100.5437469482421875 98.625 97.875 98.22499847412109375 97.91249847412109375 97.1437530517578125 96.1125030517578125 94.8874969482421875 93.1437530517578125 91.6374969482421875 89.86875152587890625 88.625 87.3562469482421875 87.8562469482421875 89.03125 90.2312469482421875 92.2624969482421875 94.3249969482421875 96.63124847412109375 98.8874969482421875 102.02500152587890625 104.4250030517578125 104.2937469482421875 102.74375152587890625 101.81874847412109375 101.74375152587890625 102.83750152587890625
87.4187469482421875 84.21250152587890625 83.4250030517578125 83.09999847412109375 83.6437530517578125 84.9187469482421875 85.0124969482421875 82.56874847412109375 78.0625 77.5749969482421875 84.6437530517578125 90.88124847412109375 96.09375 99.19374847412109375 100.86875152587890625 101.8625030517578125 101.96250152587890625 100.97499847412109375 100.25 99.4499969482421875 99.6750030517578125 99.69374847412109375 98.2062530517578125 97.40625 95.3874969482421875 92.8000030517578125 90.1687469482421875 88.81874847412109375 87.3312530517578125 85.49375152587890625 85.75 86.5124969482421875 87 88.15000152587890625 89.3249969482421875 91.38124847412109375 93.34999847412109375 94.78749847412109375 95.34375 94.9250030517578125 93.16249847412109375 91.2687530517578125 90.5500030517578125 89.69374847412109375
90.3000030517578125 87.5 86.77500152587890625 86.9812469482421875 87.7624969482421875 88.6687469482421875 88.16249847412109375 85.36875152587890625 82.0437469482421875 81.7312469482421875 85.69374847412109375 90.6374969482421875 95.96250152587890625 99.6750030517578125 101.25624847412109375 102.0749969482421875 102.09375 102.34999847412109375 102.63124847412109375 103.31874847412109375 103.25 102.72499847412109375 100.59375 98.41249847412109375 94.9499969482421875 91.7624969482421875 89.31874847412109375 87.0625 85.5 83.66249847412109375 82.90625 83.3249969482421875 83.4187469482421875 84.25624847412109375 85.2624969482421875 86.6125030517578125 87.4875030517578125 87.8312530517578125 87.6437530517578125 86.02500152587890625 83.7062530517578125 81.125 78.68125152587890625 76.63124847412109375
93.44374847412109375 90.86875152587890625 90.1750030517578125 90.5124969482421875 91.4875030517578125 93.79999542236328125 93.7312469482421875 90.47499847412109375 87.88124847412109375 87.6374969482421875 89.80625152587890625 93.30625152587890625 97.1062469482421875 100.8312530517578125 101.96875 102.1125030517578125 102.3312530517578125 103.52500152587890625 105.06874847412109375 106.91249847412109375 108.0812530517578125 106.6687469482421875 103.40625 98.7687530517578125 95.28125 92.25624847412109375 89.69374847412109375 87.21875 84.55625152587890625 82.53125 81.49375152587890625 81.3249969482421875 81.09999847412109375 81.27500152587890625 81.34375 81.7375030517578125 81.8125 80.8874969482421875 79.86875152587890625 77.61875152587890625 74.7062530517578125 71.63124847412109375 68.9187469482421875 65.66249847412109375
96.8937530517578125 94.28125 93.7687530517578125 94.46250152587890625 95.7687530517578125 98.55625152587890625 99.5812530517578125 95.8249969482421875 93.71875 93.0625 94.05625152587890625 96.25 98.44374847412109375 101.15000152587890625 102.5749969482421875 102.6750030517578125 103.1437530517578125 104.75624847412109375 106.8562469482421875 109.9499969482421875 112.9187469482421875 111.28749847412109375 106.9250030517578125 101.0124969482421875 95.84375 91.4375 88.0437469482421875 86.00624847412109375 83.9375 82.0749969482421875 80.27500152587890625 79.52500152587890625 78.55625152587890625 78.1999969482421875 77.9499969482421875 77.5187530517578125 76.65000152587890625 75.4250030517578125 73.44374847412109375 70.8249969482421875 67.03125 63.612499237060546875 60.59375 57.625
99.93125152587890625 97.5187530517578125 97.03125 97.40625 98.5500030517578125 100.6687469482421875 100.72499847412109375 98.9250030517578125 97.65000152587890625 97.8249969482421875 98.6125030517578125 99.15000152587890625 100.27500152587890625 100.8874969482421875 102.08124542236328125 102.96250152587890625 103.27500152587890625 105.4375 107.9812469482421875 110.90625 115.1999969482421875 114.2062530517578125 109.41249847412109375 103.0437469482421875 94.43125152587890625 88.9812469482421875 87.6125030517578125 85.52500152587890625 83.8000030517578125 81.6374969482421875 79.41249847412109375 77.56874847412109375 76.38124847412109375 75.1875 74.49375152587890625 73.77500152587890625 72.4187469482421875 71.1374969482421875 69.1999969482421875 65.27500152587890625 61.299999237060546875 58.3125 54.793750762939453125 49.09999847412109375
102.0625 99.625 99.22499847412109375 99.375 99.8874969482421875 101.36875152587890625 101.53125 101.11875152587890625 101.08750152587890625 101.30625152587890625 101.78749847412109375 101.2624969482421875 100.99375152587890625 101.0500030517578125 101.0749969482421875 102.13124847412109375 102.38124847412109375 104.27500152587890625 106.40000152587890625 108.875 112.41249847412109375 112.2687530517578125 109.90000152587890625 104.625 97.625 92.4375 89.6687469482421875 86.71250152587890625 84.05625152587890625 80.75 77.71250152587890625 75.625 73.91249847412109375 72.46875 71.5124969482421875 70.71250152587890625 69.50624847412109375 68.5500030517578125 66.6999969482421875 63.299999237060546875 58.31874847412109375 53.581249237060546875 49.86875152587890625 46.174999237060546875
102.125 100.08750152587890625 99.43125152587890625 99.65625 100.08750152587890625 101.31874847412109375 102.5625 102.94374847412109375 102.84999847412109375 103.22499847412109375 103.69374847412109375 102.5 101.4375 100.9562530517578125 100.59375 101.46875 101.31874847412109375 102.24375152587890625 103.4499969482421875 105.71250152587890625 109.11875152587890625 110.80625152587890625 111 108.71875 104.7937469482421875 99.91249847412109375 94.7624969482421875 89.59999847412109375 85.02500152587890625 80.2624969482421875 76.24375152587890625 73.41249847412109375 71.5187530517578125 70.46875 69.4375 68.33750152587890625 67.80625152587890625 68.3312530517578125 68.13124847412109375 64.3937530517578125 58.549999237060546875 53.706249237060546875 50.33750152587890625 47.206249237060546875
101.13124847412109375 99.19374847412109375 98.93125152587890625 99.3937530517578125 99.93125152587890625 101.6374969482421875 103.0749969482421875 103.7062530517578125 104.09375 104.65625 104.4812469482421875 102.2062530517578125 100.6437530517578125 99.84999847412109375 99.88124847412109375 100.0124969482421875 98.8312530517578125 99.1750030517578125 99.9375 101.6062469482421875 104.8874969482421875 108.6125030517578125 112.0500030517578125 113.6687469482421875 111.7375030517578125 106.69374847412109375 100.15000152587890625 93.15000152587890625 86.5 79.86875152587890625 74.81874847412109375 70.93125152587890625 68.65000152587890625 67.53125 66.03749847412109375 64.49375152587890625 65.74375152587890625 67.1999969482421875 68.625 65.7937469482421875 61.24375152587890625 56.55625152587890625 52.424999237060546875 48.575000762939453125
98.86875152587890625 97.4250030517578125 98.0124969482421875 99.00624847412109375 99.7624969482421875 101.6875 103.4875030517578125 104.5500030517578125 105.08750152587890625 105.06874847412109375 104.4499969482421875 101.53125 98.875 97.22499847412109375 96.8000030517578125 96.34375 94.27500152587890625 94.125 94.8937530517578125 96.6687469482421875 100.25 105.3625030517578125 111.8312530517578125 117.16249847412109375 118.27500152587890625 111.3249969482421875 103.8937530517578125 94.90000152587890625 86.28125 78.6437530517578125 73.21250152587890625 69.72499847412109375 65.875 62.887500762939453125 60.78125 61.137500762939453125 63.262500762939453125 68.4499969482421875 73.7062530517578125 69.81874847412109375 64.71250152587890625 59.668750762939453125 54.481250762939453125 50.625
95.0625 94.22499847412109375 95.52500152587890625 96.91249847412109375 98.1125030517578125 100.5500030517578125 102.6374969482421875 103.7624969482421875 104.38124847412109375 104.59999847412109375 104.05625152587890625 100.3937530517578125 96.90625 94.0625 92.72499847412109375 91.2937469482421875 89.06874847412109375 88.3000030517578125 89.31874847412109375 90.8000030517578125 94.625 100.19374847412109375 107.4875030517578125 113.91249847412109375 116.2375030517578125 111.59999847412109375 105.6687469482421875 95.81874847412109375 85.6125030517578125 76.52500152587890625 70.375 66.6062469482421875 64.3125 62.612499237060546875 58.887500762939453125 55.27500152587890625 60.612499237060546875 67.47499847412109375 71.59999847412109375 70.8125 66.5812530517578125 61.96875 56.950000762939453125 53.03749847412109375
90.40625 90.71875 92.6875 94.71250152587890625 96.625 99.125 101.27500152587890625 102.7937469482421875 104.13124847412109375 104.16249847412109375 102.80625152587890625 98.8874969482421875 94.4375 90.53125 88.5124969482421875 87.1374969482421875 84.8937530517578125 83.5500030517578125 84.25 85.25624847412109375 88.8937530517578125 95.84999847412109375 101.2624969482421875 107.15000152587890625 109.77500152587890625 108.71250152587890625 103.25 94.4875030517578125 85.2062530517578125 75.09999847412109375 67.46250152587890625 66.08750152587890625 67.1999969482421875 65.03125 61.65625 59.331249237060546875 62.16249847412109375 66.2312469482421875 69.2687530517578125 69.5500030517578125 67.1125030517578125 64.71875 59.55625152587890625 55.59375
