data/historical-monthly-weather-data/wc2.1_cruts4.09_10m_prec_1965-02.asc
ncols        45
nrows        45
xllcorner    -63.500000000000
yllcorner    -7.500000000000
cellsize     0.166666666667
NODATA_value -9999
[rows 0 to 19 of 45, columns 0 to 43 of 45]
238.7937469482421875 242.7937469482421875 237.1999969482421875 234.600006103515625 228.600006103515625 224.8249969482421875 218.53125 208.8562469482421875 198.5187530517578125 191.868743896484375 189.774993896484375 185.524993896484375 180.1999969482421875 168.9812469482421875 159.899993896484375 151.28125 144.03125 135.0124969482421875 130.0124969482421875 125.97499847412109375 124.5500030517578125 123.52500152587890625 123.94374847412109375 124.96250152587890625 126.69374847412109375 129.181243896484375 133.8125 139.0812530517578125 144.712493896484375 148.287506103515625 152.318756103515625 156.806243896484375 160.350006103515625 164.3562469482421875 169.09375 173.5500030517578125 176.475006103515625 178.8625030517578125 181.4812469482421875 182.4812469482421875 184.431243896484375 185.4562530517578125 184.9187469482421875 186.9875030517578125
247.9499969482421875 253.256256103515625 252.600006103515625 249.962493896484375 248.03125 248 243.774993896484375 240.212493896484375 234.78125 228.3312530517578125 222.8249969482421875 214.03125 204.40625 192.787506103515625 180.9812469482421875 169.399993896484375 159.443756103515625 150.4250030517578125 143.962493896484375 138.381256103515625 136.3312530517578125 135.774993896484375 136.068756103515625 136.556243896484375 137.09375 139.1437530517578125 142.9375 148.0437469482421875 152.868743896484375 156.1125030517578125 158.818756103515625 163.6125030517578125 167.600006103515625 172.524993896484375 176.8562469482421875 181.225006103515625 184.46875 186.6437530517578125 188.962493896484375 189.868743896484375 191.3312530517578125 191.7062530517578125 190.443756103515625 191.375
250.7375030517578125 256.59375 256.899993896484375 256.649993896484375 257.83123779296875 260.08123779296875 262.57501220703125 266.212493896484375 266.193756103515625 261.34375 253.6374969482421875 242.037506103515625 229.3562469482421875 215.1374969482421875 200.399993896484375 186.443756103515625 174.037506103515625 165.162506103515625 157.912506103515625 152.0124969482421875 149.587493896484375 149.5437469482421875 148.662506103515625 147.837493896484375 148.1999969482421875 148.037506103515625 151.087493896484375 155.6687469482421875 158.899993896484375 160.993743896484375 164.1374969482421875 167.96875 172.46875 176.3562469482421875 181.4875030517578125 184.8937530517578125 188.681243896484375 192.1750030517578125 193.6750030517578125 194.5749969482421875 195.59375 195.0625 193.5 192.21875
248.9562530517578125 255.2937469482421875 258.806243896484375 260.962493896484375 267.693756103515625 272.037506103515625 280.100006103515625 290.556243896484375 296.70623779296875 296.11248779296875 287.037506103515625 270.662506103515625 252.8249969482421875 235.5500030517578125 219.1125030517578125 203.21875 189.28125 178.4499969482421875 171.506256103515625 167.475006103515625 165.4499969482421875 164.0437469482421875 161.6062469482421875 159.46875 157.693756103515625 156.03125 158.9187469482421875 162.1999969482421875 164.3625030517578125 166.40625 168.306243896484375 172.6125030517578125 176.131256103515625 180.3562469482421875 184.493743896484375 188.96875 193.024993896484375 196.375 198.7687530517578125 199.899993896484375 199.5 198.2937469482421875 196.2375030517578125 193.6999969482421875
252.006256103515625 255.131256103515625 256.725006103515625 261.96875 271.58123779296875 281.068756103515625 292.21875 309.63751220703125 325.04998779296875 331.75 316.45001220703125 293.506256103515625 274.45001220703125 256.1875 236.8625030517578125 219.556243896484375 204.693756103515625 192.4625091552734375 186.462493896484375 183.3312530517578125 181.3562469482421875 177.8562469482421875 174.712493896484375 171.1999969482421875 167.2062530517578125 164.131256103515625 164.568756103515625 166.375 169.59375 171.537506103515625 173.3874969482421875 175.8937530517578125 180.28125 184.6374969482421875 188.587493896484375 193.3000030517578125 198.337493896484375 202.431243896484375 204.8937530517578125 204.993743896484375 204.774993896484375 201.9250030517578125 198.306243896484375 195.068756103515625
250.818756103515625 255.212493896484375 255.7312469482421875 259.29998779296875 268.350006103515625 280.712493896484375 295.024993896484375 313.287506103515625 331.850006103515625 344.5 326.16876220703125 303.01873779296875 285.17498779296875 268.787506103515625 251.1687469482421875 236.1437530517578125 220.975006103515625 209.3874969482421875 204.5374908447265625 201.8562469482421875 197.181243896484375 192.100006103515625 187.087493896484375 181.337493896484375 175.100006103515625 171.0500030517578125 171.2937469482421875 172.2375030517578125 174.1687469482421875 175.9499969482421875 177.881256103515625 180.412506103515625 184.0500030517578125 190.162506103515625 195.125 200.087493896484375 205.681243896484375 210.25 213.5187530517578125 213.537506103515625 211.3562469482421875 207.287506103515625 202.78125 198.443756103515625
249.3562469482421875 253.225006103515625 254.78125 256.518768310546875 264.03125 274.743743896484375 288.225006103515625 302.13751220703125 315.48126220703125 320.412506103515625 315.056243896484375 302.11248779296875 289.10626220703125 276.73126220703125 263.60626220703125 251.462493896484375 240.600006103515625 232.9375 227.9499969482421875 222.1750030517578125 213.131256103515625 205.5812530517578125 197.25 189.475006103515625 183.5500030517578125 177.506256103515625 177.225006103515625 178.306243896484375 178.399993896484375 179.5500030517578125 182.3874969482421875 185.09375 189.725006103515625 194.0812530517578125 199.368743896484375 206.09375 211.8874969482421875 217.5124969482421875 222.2062530517578125 221.9499969482421875 217.65625 212.881256103515625 207.8937530517578125 202.46875
246.4875030517578125 248.181243896484375 249.662506103515625 253.943756103515625 260.76251220703125 268.60626220703125 277.087493896484375 284.600006103515625 289.46875 293.9375 298.76873779296875 296.91876220703125 291.125 282.225006103515625 273.11248779296875 265.225006103515625 258.056243896484375 254.287506103515625 251.28125 241.4875030517578125 227.8000030517578125 216.837493896484375 206.2624969482421875 197.6374969482421875 190.46875 183.2937469482421875 182.53125 182.59375 183.068756103515625 184.149993896484375 185.8312530517578125 189.256256103515625 194.0749969482421875 199.3125 204.5625 210.774993896484375 217.056243896484375 222.75 226.5 226.756256103515625 223.712493896484375 219.243743896484375 214 207.375
245.243743896484375 246.6374969482421875 247.993743896484375 252.225006103515625 257.61248779296875 262.54376220703125 269.20001220703125 273.39373779296875 273.38751220703125 277.23126220703125 286.25 290.806243896484375 289.73748779296875 284.83123779296875 278.193756103515625 273.631256103515625 268.506256103515625 264.100006103515625 261.17498779296875 250.125 234.0500030517578125 221.8625030517578125 210.9187469482421875 203.975006103515625 196.431243896484375 188.7687530517578125 187.25 187.193756103515625 188.131256103515625 189.40625 191.9562530517578125 195.875 200.725006103515625 205.712493896484375 211.024993896484375 217.9375 224.5687408447265625 230.462493896484375 234.7687530517578125 235.6999969482421875 233.2937469482421875 229.375 225.037506103515625 219.225006103515625
243.28125 244.3687591552734375 246.25 249.34375 253.274993896484375 257.33123779296875 263.79376220703125 267.98126220703125 271.524993896484375 276.350006103515625 284.65625 287.75 289.61248779296875 286.193756103515625 282.54376220703125 278.42498779296875 273.931243896484375 268.149993896484375 260.67498779296875 250.8125 236.2375030517578125 224.618743896484375 214.8625030517578125 209.693756103515625 202.0500030517578125 193.8000030517578125 192.6437530517578125 191.899993896484375 193.443756103515625 195.412506103515625 197.5625 201.5187530517578125 206.8625030517578125 212.9812469482421875 219.0812530517578125 225.931243896484375 232.806243896484375 238.1687469482421875 242.462493896484375 244.7312469482421875 244.3562469482421875 241.5 236.9937591552734375 230.71875
239.837493896484375 240.399993896484375 242.1875 244.837493896484375 247.8562469482421875 251.993743896484375 258.100006103515625 264.45001220703125 270.243743896484375 276.79376220703125 285.462493896484375 289.53125 290.51251220703125 287.91876220703125 285.243743896484375 281.931243896484375 277.04998779296875 268.54998779296875 259.01251220703125 249.5812530517578125 235.1875 224.2687530517578125 217.1999969482421875 211.375 206.818756103515625 198.368743896484375 196.537506103515625 196.712493896484375 197.524993896484375 199.556243896484375 202.875 207.1437530517578125 212.4625091552734375 218.9437408447265625 226.4875030517578125 234.0749969482421875 240.09375 246.5124969482421875 250.912506103515625 253.024993896484375 253.568756103515625 250.975006103515625 247.2062530517578125 241.7062530517578125
238.1875 238.5625 239.7624969482421875 242.6437530517578125 246.087493896484375 250.287506103515625 256.35626220703125 264.51873779296875 270.912506103515625 278.23126220703125 287.65625 293.368743896484375 293.181243896484375 289.931243896484375 287.23126220703125 282.524993896484375 277.03125 266.631256103515625 255.3125 244.46875 230.0187530517578125 220.7937469482421875 217.2375030517578125 215.649993896484375 211.4375 202.337493896484375 200.2062530517578125 200.53125 201.943756103515625 205.2312469482421875 208.975006103515625 212.96875 218.6999969482421875 225.1125030517578125 232.6687469482421875 240.9375 248.9875030517578125 256.23748779296875 261.024993896484375 263.818756103515625 265.26251220703125 262.20623779296875 256.28125 248.662506103515625
233.71875 234.787506103515625 236.806243896484375 239.6374969482421875 244.1437530517578125 249.006256103515625 255.8312530517578125 263.462493896484375 269.96875 278.756256103515625 288.024993896484375 294.556243896484375 294.85626220703125 290.13751220703125 286.493743896484375 280.66876220703125 274.54998779296875 264.59375 254.0500030517578125 242.2312469482421875 225.5625 217.725006103515625 216.1437530517578125 215.087493896484375 209.868743896484375 202.162506103515625 202.381256103515625 203.787506103515625 205.712493896484375 209.7062530517578125 214.125 218.537506103515625 223.3937530517578125 230.1999969482421875 238.1875 246.556243896484375 255.15625 264.625 270.58123779296875 274.212493896484375 277.25 272.86248779296875 263.16876220703125 252.9375
227.962493896484375 229.4375 232 235.493743896484375 240.787506103515625 245.90625 253.5687408447265625 261.38751220703125 268.475006103515625 276.41876220703125 284.4375 289.475006103515625 290.412506103515625 288.337493896484375 282.92498779296875 277.79376220703125 270.84375 262.29376220703125 252.5437469482421875 243.118743896484375 230.056243896484375 221.3312530517578125 216.65625 213.100006103515625 207.962493896484375 201.9875030517578125 203.78125 206.087493896484375 209.225006103515625 212.8625030517578125 217.7375030517578125 222.15625 226.881256103515625 233.8249969482421875 241.662506103515625 251.037506103515625 261.83123779296875 272.88751220703125 280.88751220703125 285.381256103515625 286.48126220703125 277.631256103515625 268.11248779296875 259
222.7624969482421875 224.462493896484375 227.8125 232.881256103515625 237.78125 243.818756103515625 252.1750030517578125 259.63751220703125 266.899993896484375 274.1875 280.306243896484375 284.774993896484375 285.5 283.5 278.5 272.537506103515625 266.399993896484375 258.5625 250.8312530517578125 244.0500030517578125 233.3312530517578125 223.9812469482421875 217.931243896484375 214.1374969482421875 209.493743896484375 205.962493896484375 208.375 210.7624969482421875 213.881256103515625 217.9250030517578125 221.5187530517578125 224.7687530517578125 229.3125 234.9562530517578125 242.618743896484375 251.9812469482421875 265.0625 279.15625 289.368743896484375 294.537506103515625 292.66876220703125 284.89373779296875 276.118743896484375 265.931243896484375
216.3249969482421875 218.493743896484375 222.649993896484375 228.3312530517578125 234.412506103515625 240.8312530517578125 249.024993896484375 255.96875 263.431243896484375 271.29998779296875 277.23748779296875 281.16876220703125 281.79998779296875 278.931243896484375 273.493743896484375 265.58123779296875 260.818756103515625 255.4499969482421875 249.899993896484375 244.837493896484375 234.6687469482421875 225.4812469482421875 218.931243896484375 216.46875 212.399993896484375 209.381256103515625 211.618743896484375 215.024993896484375 219.125 223.2687530517578125 226.899993896484375 228.3874969482421875 229.631256103515625 233.162506103515625 238.59375 249.162506103515625 264.443756103515625 282.256256103515625 297.243743896484375 304.35626220703125 302.90625 292.899993896484375 281.90625 270.58123779296875
207.537506103515625 211.4375 216.118743896484375 222.375 229.3937530517578125 236.056243896484375 244.056243896484375 251.5 259.01251220703125 267.10626220703125 274.125 278.306243896484375 279.26873779296875 276.51873779296875 270.20623779296875 261.79376220703125 254.9250030517578125 249.78125 245.5187530517578125 242.2375030517578125 234.3874969482421875 226.368743896484375 219.8312530517578125 218.3000030517578125 216.181243896484375 212.78125 214.256256103515625 218.75 224.256256103515625 229.693756103515625 232.725006103515625 232.8125 230.868743896484375 228.943756103515625 232.5749969482421875 243.1374969482421875 259.63751220703125 283.35626220703125 306.86248779296875 311.60626220703125 307.41876220703125 296.42498779296875 283.32501220703125 271.26251220703125
196.0187530517578125 201.475006103515625 207.712493896484375 215.0625 222.4499969482421875 229.1374969482421875 237.006256103515625 244.443756103515625 252.03125 259.9375 267.975006103515625 274.024993896484375 277.13751220703125 274.70001220703125 268.32501220703125 259.73748779296875 249.493743896484375 240.9250030517578125 238.3625030517578125 235.6687469482421875 232.28125 226.774993896484375 221.024993896484375 219.443756103515625 218.399993896484375 216.7312469482421875 217.837493896484375 223.649993896484375 230.631256103515625 236.9499969482421875 239.068756103515625 233.78125 228.806243896484375 224.193756103515625 224.0625 231.2937469482421875 251.6750030517578125 275.787506103515625 297.225006103515625 304.568756103515625 301.03125 291.57501220703125 281.15625 271.66876220703125
183.8125 190.912506103515625 197.8312530517578125 205.100006103515625 213.212493896484375 220.84375 227.90625 235.84375 244.1374969482421875 251.881256103515625 260.756256103515625 267.25 272.23748779296875 273.412506103515625 265.41876220703125 253.5 241.631256103515625 231.193756103515625 226.774993896484375 225.5812530517578125 226.46875 225.0437469482421875 219.243743896484375 218.912506103515625 219.556243896484375 220.6999969482421875 223.9562530517578125 229.9812469482421875 238.024993896484375 245.6999969482421875 248.2624969482421875 240.1750030517578125 229.975006103515625 218.881256103515625 213.381256103515625 221.368743896484375 241.693756103515625 264.20001220703125 282.712493896484375 290.66876220703125 290.79998779296875 283.59375 276.98748779296875 270.90625
171.8937530517578125 179.3937530517578125 186.71875 194.3625030517578125 203.337493896484375 211.21875 218.850006103515625 225.7624969482421875 233.931243896484375 241.912506103515625 250.1062469482421875 257.09375 264.6875 270.36248779296875 259.76251220703125 242.5812530517578125 227.962493896484375 219.375 215.056243896484375 214.243743896484375 215.193756103515625 215.274993896484375 216.0625 217.631256103515625 220.131256103515625 223.1875 228.693756103515625 236.3625030517578125 243.337493896484375 250.056243896484375 250.71875 244.8937530517578125 230.5062408447265625 213.7937469482421875 202.212493896484375 212.431243896484375 235.9812469482421875 258.45001220703125 273.912506103515625 281.66876220703125 281.462493896484375 275.806243896484375 273.943756103515625 271.318756103515625
