data/historical-monthly-weather-data/wc2.1_cruts4.09_10m_prec_2013-12.asc
ncols        51
nrows        45
xllcorner    -63.500000000000
yllcorner    -7.500000000000
cellsize     0.166666666667
NODATA_value -9999
[rows 0 to 19 of 45, columns 0 to 43 of 51]
54.59999847412109375 50.41249847412109375 50.47499847412109375 51.8125 52.86875152587890625 56.125 59.168750762939453125 61.512500762939453125 64.21875 67.03125 70.7312469482421875 74.125 77.99375152587890625 81 84.28749847412109375 87.65000152587890625 91.2937469482421875 93.71250152587890625 97.1062469482421875 100.4562530517578125 103.5749969482421875 106.30625152587890625 109.0812530517578125 111.88124847412109375 114.66249847412109375 117.13124847412109375 119.77500152587890625 122.5 125.36875152587890625 128.28125 130.5437469482421875 133.84375 137.693756103515625 141.475006103515625 145.0500030517578125 149.912506103515625 153.375 156.3625030517578125 156.65625 157.0500030517578125 156.837493896484375 155.15625 153.2687530517578125 150.462493896484375
53.41249847412109375 48.05625152587890625 47.643749237060546875 48.21250152587890625 49 51.74375152587890625 54.28125 57.293750762939453125 60.956249237060546875 64.4375 68.125 71.3562469482421875 75.18125152587890625 78.7624969482421875 82.3625030517578125 86.21875 90.2624969482421875 93.75 97.53125 102.0625 104.86875152587890625 107.25624847412109375 110.3249969482421875 113.28125 116.3000030517578125 119.11875152587890625 122.25624847412109375 125.34375 128.6125030517578125 132.3937530517578125 135.256256103515625 139.2687530517578125 143.3562469482421875 148.4562530517578125 153.975006103515625 157.8312530517578125 163.90625 168.3625030517578125 168.1687469482421875 168.225006103515625 167.71875 165.5749969482421875 163.274993896484375 158.756256103515625
55.81874847412109375 50.731250762939453125 49.55625152587890625 49.0625 48.950000762939453125 50.575000762939453125 52.668750762939453125 55.262500762939453125 58.78125 62.106250762939453125 65.2062530517578125 68.5187530517578125 72.46875 76.1999969482421875 80.3625030517578125 84.4187469482421875 88.9812469482421875 92.55625152587890625 96.6062469482421875 100.84999847412109375 103.7624969482421875 106.6687469482421875 109.93125152587890625 113.1374969482421875 116.5812530517578125 120.6999969482421875 124.65625 128.3874969482421875 132.712493896484375 136.0500030517578125 139.712493896484375 144.2375030517578125 150.350006103515625 155.1125030517578125 160.881256103515625 166.875 172.5437469482421875 177.40625 178.431243896484375 178.6999969482421875 177.9812469482421875 174.899993896484375 170.7937469482421875 166.9562530517578125
58.36875152587890625 54 52.38124847412109375 50.549999237060546875 49.518749237060546875 50.112499237060546875 51.27500152587890625 52.981250762939453125 55.97499847412109375 59.168750762939453125 61.918750762939453125 65.3312530517578125 68.98125457763671875 72.86875152587890625 77.36875152587890625 82.22499847412109375 87.13124847412109375 90.2312469482421875 94.2312469482421875 99.1437530517578125 102.41249847412109375 105.3249969482421875 108 111.9875030517578125 115.83750152587890625 120.9562530517578125 125.96250152587890625 130.2375030517578125 135.7375030517578125 140.3562469482421875 144.287506103515625 148.5187530517578125 155.618743896484375 162.2937469482421875 168.287506103515625 174.6875 180.3312530517578125 186.131256103515625 188.5500030517578125 188.96875 187.5500030517578125 183.5562591552734375 178.506256103515625 174.25
63.543750762939453125 58.174999237060546875 54.637500762939453125 52.25624847412109375 50.450000762939453125 50.174999237060546875 50.16249847412109375 50.78125 53.581249237060546875 56.4375 58.49375152587890625 61.63124847412109375 65.55625152587890625 69.65000152587890625 74.49375152587890625 79.7312469482421875 84.7624969482421875 87.86875152587890625 91.8562469482421875 96.9375 100.40000152587890625 102.84999847412109375 105.56874847412109375 110.1999969482421875 114.8874969482421875 120.94374847412109375 125.9250030517578125 131.274993896484375 137.649993896484375 143.2437591552734375 148.15625 152.587493896484375 159.6437530517578125 167.03125 173.806243896484375 181.3312530517578125 188.75 194.931243896484375 197.837493896484375 198.3562469482421875 196.912506103515625 191.875 186.412506103515625 180.100006103515625
68.4187469482421875 63.362499237060546875 59.15000152587890625 55.5 53.737499237060546875 53.69374847412109375 53.643749237060546875 53.78749847412109375 55.96250152587890625 58.28125 59.950000762939453125 63.125 67.2062530517578125 71.21875 76.3000030517578125 81.41249847412109375 86.3625030517578125 88.28125 91.9562530517578125 95.6875 98.69374847412109375 101.9875030517578125 105.1062469482421875 110.4375 116.0749969482421875 122.21250152587890625 128.65625 134.5124969482421875 140.681243896484375 146.3000030517578125 151.65625 157.09375 162.412506103515625 168.4187469482421875 176.875 184.7624969482421875 192.09375 200.34375 204.193756103515625 203.9375 200.3562469482421875 195.2624969482421875 188.3562469482421875 182.725006103515625
74.25 69.19374847412109375 64.8937530517578125 60.825000762939453125 58.125 57.53125 57.375 57.174999237060546875 58.387500762939453125 59.58750152587890625 61.643749237060546875 65.11875152587890625 69.65000152587890625 73.68125152587890625 78.4875030517578125 83.5437469482421875 88.65000152587890625 91.1125030517578125 93.53749847412109375 95.0749969482421875 97.56874847412109375 101.21250152587890625 104.5437469482421875 110.3000030517578125 117.28749847412109375 123.81874847412109375 130.21875 137.5812530517578125 144.162506103515625 149.3249969482421875 154.556243896484375 159.8312530517578125 165.59375 170.8812408447265625 177.5437469482421875 185.037506103515625 193.381256103515625 201.743743896484375 208.5437469482421875 207.5 202.6437530517578125 196.1750030517578125 190.0124969482421875 183.6374969482421875
80.3312530517578125 75.1687469482421875 70.8874969482421875 67.28749847412109375 64.49375152587890625 63.043750762939453125 61.59375 59.97499847412109375 59.78749847412109375 60.987499237060546875 63.56874847412109375 67.875 72.31874847412109375 76.96250152587890625 81.13124847412109375 85.78749847412109375 90.25 92.5749969482421875 93.97499847412109375 92.9375 95.43125152587890625 98.91249847412109375 102.75624847412109375 109.0124969482421875 117.21875 125.09375 131.587493896484375 138.9499969482421875 147.09375 152.7375030517578125 156.7062530517578125 161.65625 167.318756103515625 171.962493896484375 178.631256103515625 184.350006103515625 192.162506103515625 199.524993896484375 204.4812469482421875 204.6999969482421875 201.837493896484375 195.625 189.65625 183.162506103515625
86.63124847412109375 81.48749542236328125 77.43125152587890625 73.91249847412109375 70.8249969482421875 69.3937530517578125 67.6750030517578125 65.4875030517578125 64.27500152587890625 64.88124847412109375 68.2375030517578125 73.31874847412109375 78.3874969482421875 82.8625030517578125 85.56874847412109375 88.25 91.01250457763671875 92.96250152587890625 94.09999847412109375 92.78749847412109375 94.80625152587890625 98.7062530517578125 103.27500152587890625 110.9375 118.96875 126.7937469482421875 133.2687530517578125 140.837493896484375 148.28125 153.1875 158.149993896484375 162 166.65625 171.5749969482421875 176.78125 182.318756103515625 188.0187530517578125 193.2687530517578125 196.8249969482421875 198.3312530517578125 195.9499969482421875 191.118743896484375 187.006256103515625 182.037506103515625
92.59375 87.68125152587890625 83.9250030517578125 80.78749847412109375 77.72499847412109375 76.2312469482421875 74.5625 72.6062469482421875 72.43125152587890625 73.30625152587890625 75.88124847412109375 80.2375030517578125 85.75624847412109375 89.63124847412109375 90.46250152587890625 90.55625152587890625 90.73749542236328125 91.34999847412109375 91.59375 91.1374969482421875 94.1062469482421875 98.5187530517578125 103.78125 112.11875152587890625 120.08750152587890625 127.83750152587890625 134.375 141.5187530517578125 149.0812530517578125 153.6687469482421875 157.412506103515625 160.9562530517578125 164.7687530517578125 168.443756103515625 173.3625030517578125 179.3312530517578125 183.7312469482421875 187.725006103515625 189.6999969482421875 190.975006103515625 190.318756103515625 187.5625 183.4499969482421875 179.524993896484375
99.4187469482421875 94.46250152587890625 90.6125030517578125 87.28125 84.7375030517578125 83.7937469482421875 82.38124847412109375 80.38124847412109375 80.55625152587890625 81.91249847412109375 84.38124847412109375 88.6687469482421875 93.3125 96.7624969482421875 94.96875 92.4375 89.9562530517578125 89.66249847412109375 89.18125152587890625 88.93125152587890625 93.3625030517578125 98.49375152587890625 104.46875 111.78749847412109375 121.4875030517578125 129.5187530517578125 135.399993896484375 141.2624969482421875 147.2375030517578125 151.5187530517578125 155.056243896484375 158.8562469482421875 162.2375030517578125 165.4562530517578125 169.443756103515625 174.0437469482421875 178.056243896484375 181.53125 184.556243896484375 185.59375 185.431243896484375 183.318756103515625 181.0500030517578125 178.631256103515625
106.3312530517578125 101.0749969482421875 97.34999847412109375 94.41249847412109375 91.9499969482421875 91.3312530517578125 90.6062469482421875 89.0625 89.625 91.66249847412109375 94.27500152587890625 97.2375030517578125 99.15625 100.4499969482421875 97.8937530517578125 94.2312469482421875 91.0187530517578125 89.8937530517578125 89.1875 89.22499847412109375 93.5812530517578125 99.4812469482421875 106.6125030517578125 114.4499969482421875 123.7062530517578125 131.5437469482421875 136.399993896484375 140.9562530517578125 145.556243896484375 149.28125 152.350006103515625 155.90625 158.912506103515625 162.1687469482421875 166.0124969482421875 170.4187469482421875 174.0187530517578125 177.5124969482421875 179.9499969482421875 181.2062530517578125 181.28125 179.9375 178.2687530517578125 176.09375
113.3249969482421875 108.1125030517578125 104.5625 101.4562530517578125 99.2375030517578125 98.63124847412109375 97.9812469482421875 97.34375 98.5625 101.3000030517578125 104.19374847412109375 105.28125 104.7375030517578125 103.0500030517578125 100.0500030517578125 96.03749847412109375 92.3249969482421875 91.375 90.52500152587890625 90.18125152587890625 93.81874847412109375 100.46875 108.9562530517578125 117.2062530517578125 125 131.6687469482421875 136.0187530517578125 140.225006103515625 144.2687530517578125 146.375 148.7937469482421875 151.59375 154.0749969482421875 157.375 161.212493896484375 166.25 170.53125 174.0437469482421875 176.2312469482421875 176.618743896484375 176.34375 176.4812469482421875 174.412506103515625 169.4875030517578125
119.5124969482421875 114.20000457763671875 110.65625 107.7624969482421875 105.38124847412109375 105.0124969482421875 104.71250152587890625 105.1125030517578125 107.53125 110.38124847412109375 112.55625152587890625 111.4375 109.1125030517578125 105.78749847412109375 101.69374847412109375 98.125 94.1999969482421875 92.96875 92.0625 91.91249847412109375 96.58750152587890625 103.375 111.40000152587890625 118.7375030517578125 125.80625152587890625 132.1374969482421875 136.399993896484375 138.9875030517578125 141.5749969482421875 142.756256103515625 144.4875030517578125 146.368743896484375 149.09375 152.03125 156.3874969482421875 161.59375 166.662506103515625 171.6687469482421875 174.9499969482421875 176.6875 174.1125030517578125 170.493743896484375 167.756256103515625 165.524993896484375
123.8312530517578125 118.4812469482421875 115.40625 112.63124847412109375 110.59375 110.45000457763671875 111.0749969482421875 111.9250030517578125 114.3562469482421875 116.84999847412109375 118.71875 116.8249969482421875 113.3000030517578125 109.52500152587890625 105.24375152587890625 101.72499847412109375 97.5437469482421875 96.1875 95.1999969482421875 95.7312469482421875 100.8312530517578125 107.6125030517578125 114.8249969482421875 121.18125152587890625 127.5625 133.0374908447265625 136.4499969482421875 138.493743896484375 139.90625 139.306243896484375 139.537506103515625 141.287506103515625 144.0187530517578125 147.4875030517578125 152.2687530517578125 157.037506103515625 163.8249969482421875 171.837493896484375 179.0625 181.0749969482421875 177.2624969482421875 172.556243896484375 169 166.068756103515625
127.05625152587890625 122 119.28125 117.16249847412109375 115.40000152587890625 115.91249847412109375 116.93125152587890625 117.6875 120.11875152587890625 123.09999847412109375 124.6062469482421875 121.7624969482421875 117.63124847412109375 113.19374847412109375 109.22499847412109375 104.88124847412109375 100.8000030517578125 99.8937530517578125 98.9250030517578125 99.40625 105.1687469482421875 111.7624969482421875 118.65000152587890625 124.00624847412109375 129.6750030517578125 135.1999969482421875 137.7687530517578125 138.7937469482421875 138.475006103515625 135.8562469482421875 134.8000030517578125 135.1062469482421875 136.6999969482421875 139.96875 144.087493896484375 150.037506103515625 159.0187530517578125 170.381256103515625 181.9562530517578125 185.725006103515625 182.1875 175.78125 170.0749969482421875 163.381256103515625
129.6999969482421875 125.03125 122 120.46875 119.40625 120.0500030517578125 121.6687469482421875 123.4499969482421875 126.3000030517578125 128.8874969482421875 130.28125 126.5187530517578125 121.71875 116.7687530517578125 112.96250152587890625 108.53125 103.71875 102.8562469482421875 102.5749969482421875 103.0749969482421875 109.08750152587890625 115.83750152587890625 122.55625152587890625 126.9812469482421875 132.0749969482421875 137.5187530517578125 140.056243896484375 139.5 136.181243896484375 131.8249969482421875 129.4812469482421875 129.5625 129.662506103515625 130.0749969482421875 132.568756103515625 139.7062530517578125 151.818756103515625 169.1750030517578125 189.837493896484375 191.024993896484375 185.0500030517578125 176.681243896484375 167.837493896484375 161.6437530517578125
130.506256103515625 126.03749847412109375 123.25 121.99375152587890625 121.1062469482421875 122.4375 124.0812530517578125 125.65625 128.7624969482421875 132.25 134.375 130.8874969482421875 125.9187469482421875 121.1999969482421875 117.22499847412109375 112.65625 107.88124847412109375 105.3625030517578125 105.90000152587890625 106.375 112.69374847412109375 119.24375152587890625 125.4250030517578125 129.6999969482421875 134.337493896484375 139.524993896484375 142.899993896484375 139.993743896484375 133.9375 127.24375152587890625 123.30625152587890625 122.6374969482421875 123.75624847412109375 124.96250152587890625 124.74375152587890625 126.49375152587890625 143.7937469482421875 164.5 181.5500030517578125 186.131256103515625 180.5625 172.6999969482421875 165.9499969482421875 160.850006103515625
130.337493896484375 125.9875030517578125 123.8000030517578125 122.6875 122.0625 123.6687469482421875 125.3625030517578125 127.65625 131.368743896484375 135.40625 137.40625 133.899993896484375 129.90625 126.03749847412109375 121.76874542236328125 116.96875 112.25624847412109375 109.4499969482421875 108.05625152587890625 108.7375030517578125 115.59999847412109375 123.18125152587890625 127.5500030517578125 131.875 136.600006103515625 141.118743896484375 143.087493896484375 140.3249969482421875 133.337493896484375 124.44374847412109375 117.90625 120.0749969482421875 123.59375 124.4812469482421875 123.6750030517578125 127.84999847412109375 141.975006103515625 157.8125 171.381256103515625 175.9375 173.21875 167.5625 162.7062530517578125 159.443756103515625
129.75 125.78749847412109375 123.50624847412109375 122.6374969482421875 122.5 124.7312469482421875 127.0437469482421875 129.6062469482421875 134.0437469482421875 137.8562469482421875 140.53125 138.337493896484375 135.068756103515625 131.0500030517578125 126.1125030517578125 120.38124847412109375 115.1687469482421875 112.97499847412109375 111.5124969482421875 111.6687469482421875 117.0812530517578125 123.1125030517578125 129.1750030517578125 133.6062469482421875 137.912506103515625 141.681243896484375 143.006256103515625 141.5625 135.5749969482421875 126.9375 122.0187530517578125 124.61875152587890625 127.28749847412109375 129.5124969482421875 131.7937469482421875 136.3312530517578125 146.037506103515625 157.1687469482421875 166.1687469482421875 169.9375 168.09375 162.3000030517578125 160.2937469482421875 159.006256103515625
