data/historical-monthly-weather-data/wc2.1_cruts4.09_10m_prec_2007-12.asc
ncols        51
nrows        45
xllcorner    -63.500000000000
yllcorner    -7.500000000000
cellsize     0.166666666667
NODATA_value -9999
[rows 0 to 19 of 45, columns 0 to 44 of 51]
325.774993896484375 324.087493896484375 313.118743896484375 305.493743896484375 294.84375 284.39373779296875 272.51251220703125 258.912506103515625 246.649993896484375 235.6125030517578125 228.274993896484375 219.4499969482421875 212.0500030517578125 202.2687530517578125 192.5437469482421875 182.943756103515625 174.1687469482421875 165.037506103515625 157.868743896484375 151.412506103515625 149.5812530517578125 147.881256103515625 146.1062469482421875 144.318756103515625 142.318756103515625 139.8625030517578125 137.8625030517578125 135.7937469482421875 133.8249969482421875 132.8562469482421875 131.2687530517578125 130.375 128.787506103515625 126.77500152587890625 124.65000152587890625 125.11875152587890625 124.53749847412109375 123.83750152587890625 123.15000152587890625 122.875 122.2624969482421875 121.2375030517578125 120.1875 118.6374969482421875 119.34375
329.881256103515625 327.98748779296875 322.70001220703125 318.524993896484375 312.743743896484375 300.96875 287.04998779296875 276.76873779296875 267.08123779296875 256.91876220703125 247.9499969482421875 236.693756103515625 227.631256103515625 217.7312469482421875 206.6437530517578125 196.0625 186.1125030517578125 175.7062530517578125 165.90625 158.337493896484375 155.5124969482421875 153.1875 151.625 149.46875 147.162506103515625 144.5 142.3874969482421875 140.024993896484375 137.84375 137.350006103515625 135.975006103515625 135.3000030517578125 133.1125030517578125 131.431243896484375 130.149993896484375 128.71875 129.1374969482421875 128.618743896484375 127.27500152587890625 126.5749969482421875 125.61875152587890625 124.34375 123.125 120.46250152587890625 120.6374969482421875
324.71875 324.53125 321.506256103515625 318.475006103515625 314.76251220703125 304.58123779296875 295.21875 288.4375 280.76251220703125 271.6875 261.82501220703125 250.506256103515625 241.431243896484375 231.381256103515625 220.0124969482421875 208.0625 197.931243896484375 187.9499969482421875 179.1750030517578125 171.7062530517578125 168.7312469482421875 166.7312469482421875 164.7687530517578125 160.8312530517578125 156.75 153.53125 150.7937469482421875 147.693756103515625 145.4250030517578125 143.9875030517578125 143.0625 142.5749969482421875 141.71875 139.056243896484375 137.28125 136.5749969482421875 135.5812530517578125 134.3125 133.225006103515625 132.100006103515625 130.524993896484375 128.78125 126.5124969482421875 124.77500152587890625 124.36875152587890625
315.181243896484375 317.90625 318.631256103515625 314.96875 313.48126220703125 306.725006103515625 301.23126220703125 297.5 291.556243896484375 285.381256103515625 276.306243896484375 265.337493896484375 255.0187530517578125 245.0812530517578125 232.6875 220.931243896484375 210.2687530517578125 200.318756103515625 193.0625 188.3000030517578125 185.59375 182.9875030517578125 179.181243896484375 173.6999969482421875 167.21875 162.556243896484375 159.2687530517578125 155.056243896484375 152.568756103515625 152.024993896484375 151.0437469482421875 149.8937530517578125 149.4562530517578125 147.9312591552734375 145.6125030517578125 144.131256103515625 141.899993896484375 140.256256103515625 139.4375 137.6875 135.056243896484375 132.90625 130.3249969482421875 128.693756103515625 128.3625030517578125
319.25 315.9375 311.274993896484375 310.875 311.787506103515625 309.07501220703125 305.8125 304.26873779296875 302.375 298.537506103515625 289.25 277.4375 268.40625 259.01251220703125 246.0812530517578125 233.7687530517578125 222.4812469482421875 214.0124969482421875 208.787506103515625 206.3312530517578125 203.53125 199.0187530517578125 193.9812469482421875 186.5500030517578125 178.068756103515625 171.7687530517578125 166.493743896484375 161.875 158.931243896484375 159 158.7375030517578125 157.4375 156.5187530517578125 155.225006103515625 153.087493896484375 151.568756103515625 149.7062530517578125 147.274993896484375 145.962493896484375 143.506256103515625 140.225006103515625 137.4562530517578125 134.875 132.1062469482421875 132.506256103515625
321.6875 319.61248779296875 312.89373779296875 307.068756103515625 309.58123779296875 310.98748779296875 310.36248779296875 308.912506103515625 306.818756103515625 303.63751220703125 295.375 285.32501220703125 278.162506103515625 269.6875 259.61248779296875 248.7624969482421875 239.2312469482421875 231.256256103515625 229.25 226.756256103515625 220.8312530517578125 215.193756103515625 207.9562530517578125 198.8937530517578125 189.2062530517578125 180.681243896484375 176.1875 171.243743896484375 167.193756103515625 166.9562530517578125 166.9812469482421875 166.6062469482421875 164.3000030517578125 162.1875 162.0875091552734375 161.118743896484375 159.274993896484375 158.40625 156.993743896484375 152.9250030517578125 147.0437469482421875 143.71875 139.568756103515625 137.0124969482421875 138.1875
326.962493896484375 324.75 318.743743896484375 311.993743896484375 310.20623779296875 309.98748779296875 310.51873779296875 309.125 305.243743896484375 299.73748779296875 296.8125 290.32501220703125 286.59375 279.92498779296875 272.056243896484375 264.23748779296875 258.399993896484375 256.51251220703125 256.29376220703125 252.0187530517578125 241.59375 232.71875 222.2624969482421875 210.7624969482421875 200.5124969482421875 190.1437530517578125 184.506256103515625 180.725006103515625 176.4187469482421875 175.368743896484375 175.068756103515625 174.40625 173.1687469482421875 171.006256103515625 169.9812469482421875 169.1312408447265625 168.649993896484375 168.1750030517578125 168.256256103515625 162.381256103515625 154.3937530517578125 149.287506103515625 145.068756103515625 141.40625 141.9375
332.13751220703125 329.15625 324.125 320.806243896484375 319.524993896484375 316.5 311.95623779296875 305.10626220703125 297.350006103515625 294.962493896484375 297.350006103515625 296.51873779296875 293.993743896484375 291.256256103515625 285.45001220703125 280.76873779296875 277.36248779296875 280.375 282.67498779296875 274.806243896484375 260.5625 247.0500030517578125 233.8562469482421875 220.306243896484375 209.6750030517578125 199.193756103515625 192.65625 188.225006103515625 185.318756103515625 184.625 182.6687469482421875 181.649993896484375 181 179 178.7874908447265625 176.8125 176.412506103515625 175.4875030517578125 173.399993896484375 167.5 160.0437469482421875 154.274993896484375 149.412506103515625 145.0625 144.524993896484375
339.98126220703125 337.45001220703125 333.868743896484375 331.375 329.20001220703125 326.9375 321.975006103515625 313.25 300.625 295.5 300.98748779296875 302.91876220703125 302.287506103515625 299.85626220703125 297.243743896484375 295.443756103515625 294.75 297.712493896484375 299.04376220703125 289.306243896484375 270.57501220703125 255.28125 241.337493896484375 229.53125 217.506256103515625 206.1062469482421875 199.506256103515625 195.4250030517578125 191.818756103515625 190.4499969482421875 189.975006103515625 188.006256103515625 187.1125030517578125 186.399993896484375 185.6875 184.225006103515625 182.59375 180.4187469482421875 176.993743896484375 171.818756103515625 164.118743896484375 158.287506103515625 153.693756103515625 149.5124969482421875 149.943756103515625
345.40625 344.09375 341.95623779296875 341.33123779296875 339.587493896484375 337.574981689453125 333.537506103515625 326.631256103515625 318.45623779296875 313.51251220703125 314.181243896484375 312 311.975006103515625 308.04998779296875 308.79376220703125 309.57501220703125 310.087493896484375 308.90625 305.84375 296.91876220703125 278.318756103515625 261.743743896484375 247.412506103515625 236.256256103515625 223.5187530517578125 211.600006103515625 205.3125 200.9812469482421875 197.912506103515625 196.506256103515625 194.8874969482421875 193.037506103515625 192.162506103515625 191.131256103515625 191.193756103515625 191.0812530517578125 188.90625 186.149993896484375 181.1125030517578125 175.46875 168.756256103515625 163.4250030517578125 157.5437469482421875 153.087493896484375 154.3125
352.462493896484375 351.34375 349.006256103515625 347.568756103515625 348.181243896484375 348.818756103515625 346.45001220703125 339.806243896484375 332.537506103515625 328.66876220703125 327.681243896484375 325.13751220703125 322.087493896484375 318.493743896484375 319.78125 322.443756103515625 323.118743896484375 318.668731689453125 311.5 301.381256103515625 284.76251220703125 267.756256103515625 253.131256103515625 239.2312469482421875 229.6999969482421875 218.0124969482421875 210.962493896484375 205.1750030517578125 200.5187530517578125 199.2062530517578125 197.743743896484375 196.7687530517578125 196.350006103515625 195.8625030517578125 195.9250030517578125 195.1437530517578125 193.375 190.774993896484375 186.71875 180.5625 173.8312530517578125 167.875 162.3562469482421875 158.0500030517578125 158.8000030517578125
357.20623779296875 355.95001220703125 354.493743896484375 354.943756103515625 355.90625 357.01251220703125 356.48126220703125 351.15625 344.16876220703125 341.337493896484375 340.431243896484375 339.975006103515625 335.587493896484375 331.98748779296875 332.92498779296875 332.84375 331.73126220703125 323.274993896484375 314.04376220703125 303.63751220703125 285.368743896484375 269.162506103515625 256.42498779296875 244.2375030517578125 234.4812469482421875 223.193756103515625 215.1750030517578125 208.2624969482421875 202.431243896484375 200.881256103515625 199.287506103515625 198.493743896484375 198.3312530517578125 198.662506103515625 199.3249969482421875 198.9875030517578125 197.34375 195.256256103515625 190.75 184.875 178.2624969482421875 172.1125030517578125 166.125 161.09375 160.03125
360.681243896484375 360.5 360.14373779296875 360.212493896484375 362.10626220703125 362.17498779296875 360.787506103515625 357.76251220703125 351.98748779296875 350.01251220703125 349.76251220703125 351.568756103515625 349.350006103515625 344.83123779296875 345.01873779296875 343.162506103515625 339.506256103515625 330.337493896484375 319.23748779296875 306.306243896484375 284.5 269.34375 259.09375 248.59375 237.0625 224.8625030517578125 217.0437469482421875 210.5187530517578125 204.756256103515625 201.493743896484375 199.493743896484375 198.243743896484375 198.118743896484375 199.2375030517578125 200.649993896484375 201.725006103515625 201.443756103515625 199.899993896484375 195.3125 188.631256103515625 181.5500030517578125 176.0625 168.7312469482421875 160.181243896484375 158.25
361.693756103515625 362.04998779296875 361.818756103515625 362.618743896484375 363.79998779296875 363.524993896484375 361.993743896484375 361.443756103515625 358.5625 355.53125 352.96875 356.131256103515625 358.14373779296875 357.04376220703125 354.15625 353.13751220703125 347.88751220703125 336.443756103515625 323.98748779296875 310.493743896484375 290.318756103515625 273.949981689453125 261.41876220703125 250.0437469482421875 238.5437469482421875 227.118743896484375 220.149993896484375 212 205.037506103515625 200.9187469482421875 198.412506103515625 196.40625 197.243743896484375 198.587493896484375 201.3937530517578125 203.2687530517578125 204.4812469482421875 205.1624908447265625 201.8625030517578125 196.506256103515625 186.6374969482421875 176.587493896484375 167.90625 161.3000030517578125 160.40625
364.33123779296875 364.681243896484375 365.375 365.88751220703125 367.381256103515625 366.45623779296875 366.5625 366.09375 363.36248779296875 359.53125 356.818756103515625 360.89373779296875 363.20001220703125 364.07501220703125 360.337493896484375 358.41876220703125 351.412506103515625 339.306243896484375 326.57501220703125 315.274993896484375 295.45001220703125 278.131256103515625 263.287506103515625 251.662506103515625 241.0500030517578125 230.118743896484375 222.6687469482421875 214.4875030517578125 206.412506103515625 199.8249969482421875 195.2687530517578125 193.225006103515625 194.399993896484375 196.7937469482421875 200.46875 201.8000030517578125 205.1437530517578125 209.243743896484375 209.556243896484375 203.2624969482421875 191.1374969482421875 180.4562530517578125 171.6750030517578125 164.8625030517578125 160.8312530517578125
364.67498779296875 365.756256103515625 366.818756103515625 368.537506103515625 369.9375 369.54998779296875 369.306243896484375 367.28125 364.850006103515625 363.181243896484375 360.274993896484375 364.23126220703125 367.67498779296875 369.13751220703125 365.85626220703125 360.037506103515625 352.48748779296875 342.03125 329.506256103515625 317.95001220703125 299.681243896484375 281.118743896484375 265.34375 253.693756103515625 244.0625 235.318756103515625 227.375 218.1999969482421875 208.125 198.524993896484375 192.0812530517578125 188.1374969482421875 187.975006103515625 190.40625 193.524993896484375 196.462493896484375 202.587493896484375 210.631256103515625 215.0749969482421875 209.381256103515625 196.443756103515625 184.725006103515625 174.712493896484375 164.875 160.993743896484375
363.85626220703125 366.01873779296875 365.462493896484375 368.20001220703125 370.850006103515625 369.600006103515625 369.73126220703125 369.58123779296875 368.618743896484375 366.09375 363.48748779296875 366.86248779296875 370.73126220703125 372.568756103515625 369.243743896484375 362.08123779296875 351.23748779296875 341.17498779296875 331.243743896484375 320.024993896484375 302.181243896484375 283.818756103515625 267.82501220703125 256.375 247.9499969482421875 241.1125030517578125 233.8562469482421875 222.6437530517578125 208.412506103515625 196.1125030517578125 187.7312469482421875 183.4875030517578125 181.4499969482421875 180.2312469482421875 181.443756103515625 186.1875 196.524993896484375 212.100006103515625 226.556243896484375 216.4875030517578125 199.881256103515625 186.7687530517578125 174.350006103515625 165.631256103515625 161.0812530517578125
362.350006103515625 365.64373779296875 366.09375 369.83123779296875 373.287506103515625 374.125 374.29998779296875 373.368743896484375 371.85626220703125 370.45623779296875 368.412506103515625 370.76873779296875 372.243743896484375 373.11248779296875 368.5 360.51873779296875 349.79376220703125 335.48748779296875 329.40625 319.287506103515625 303.95623779296875 286.762481689453125 271.125 261.118743896484375 253.600006103515625 247.78125 242.1687469482421875 227.068756103515625 208.368743896484375 192.1125030517578125 181.0625 175.524993896484375 175.087493896484375 175.1062469482421875 172.7062530517578125 170.25 187.75 207.850006103515625 218.712493896484375 213.306243896484375 197.5500030517578125 184.78125 174.274993896484375 166.375 161.774993896484375
358.85626220703125 363.09375 365.649993896484375 370.212493896484375 374.78125 376.75 377.34375 378.493743896484375 377.20001220703125 375.45623779296875 371.23126220703125 370.9375 372.425018310546875 373.243743896484375 367.131256103515625 358.16876220703125 347.662506103515625 333.91876220703125 323.181243896484375 315.212493896484375 303.662506103515625 291.162506103515625 273.29998779296875 265.256256103515625 259.6875 254.1999969482421875 246.2687530517578125 231.243743896484375 210.850006103515625 190.5749969482421875 175.1687469482421875 173.5500030517578125 176.524993896484375 176.1750030517578125 172.9187469482421875 173.6437530517578125 186.8249969482421875 200.7687530517578125 208.4250030517578125 204.09375 192.318756103515625 181.6125030517578125 172.71875 166.3562469482421875 163.068756103515625
353.13751220703125 358.85626220703125 361.462493896484375 367 373.33123779296875 377.524993896484375 380.20001220703125 382.193756103515625 381.67498779296875 377.86248779296875 373.86248779296875 374.5625 375.318756103515625 373.20001220703125 364.66876220703125 352.92498779296875 341.13751220703125 330.66876220703125 321.274993896484375 313.33123779296875 300.462493896484375 286.76251220703125 275.399993896484375 269.34375 264.51873779296875 258.9375 250 237.0124969482421875 217.806243896484375 197.068756103515625 183.2624969482421875 181.662506103515625 183.34375 184.8625030517578125 185.90625 186.6437530517578125 193.4812469482421875 201.287506103515625 203.84375 199.381256103515625 189.1687469482421875 178.03125 171.84375 167.21875 164.6999969482421875
