data/historical-monthly-weather-data/wc2.1_cruts4.09_10m_prec_2006-04.asc
ncols        45
nrows        45
xllcorner    -63.500000000000
yllcorner    -7.500000000000
cellsize     0.166666666667
NODATA_value -9999
[rows 0 to 19 of 45, columns 0 to 44 of 45]
169.8125 166.850006103515625 169.556243896484375 176.8125 181.681243896484375 186.9875030517578125 191.818756103515625 193.212493896484375 196.4187469482421875 202.600006103515625 211.399993896484375 219.46875 226.443756103515625 231.7062530517578125 236.5 241.881256103515625 248.34375 251.0500030517578125 256.35626220703125 261.75 266.25 272.024993896484375 276.95623779296875 283.39373779296875 287.625 294.63751220703125 299.13751220703125 305.431243896484375 310.631256103515625 317.26251220703125 324.86248779296875 333.09375 341.15625 351.6875 361.83123779296875 371.5 378.556243896484375 385.375 392.287506103515625 396.443756103515625 400.25 402.09375 399.837493896484375 399.768768310546875 396.368743896484375
173.993743896484375 169.024993896484375 173.850006103515625 179.7062530517578125 185.6750030517578125 189.3874969482421875 192.4375 196.5 201.1875 207.056243896484375 215.0187530517578125 221.556243896484375 227.9812469482421875 233.274993896484375 236.9499969482421875 243.0749969482421875 247.9187469482421875 252.3937530517578125 257.649993896484375 262.14373779296875 266.04376220703125 270.256256103515625 276.318756103515625 281.837493896484375 288.59375 295.587493896484375 301.36248779296875 309.60626220703125 315 322.42498779296875 332.45623779296875 344.024993896484375 354.39373779296875 367.88751220703125 378.818756103515625 389.21875 400.09375 408.375 414.65625 417.45001220703125 419.85626220703125 421.975006103515625 419.774993896484375 416.681243896484375 411.6875
181.6750030517578125 178.4875030517578125 181.4812469482421875 187.1999969482421875 192.5187530517578125 195.806243896484375 198.8937530517578125 202.9375 209.59375 214.725006103515625 219.6687469482421875 224.0437469482421875 229.556243896484375 232.506256103515625 236.274993896484375 241.681243896484375 246.3562469482421875 251.0124969482421875 255.381256103515625 260.71875 265.818756103515625 271.337493896484375 276.53125 283.243743896484375 292.0625 300.48748779296875 309.087493896484375 315.337493896484375 320.443756103515625 329.95001220703125 340.41876220703125 351.63751220703125 366.08123779296875 380.0625 390.868743896484375 401.39373779296875 415.600006103515625 427.54376220703125 433.443756103515625 437.54998779296875 440.662506103515625 440.01251220703125 437.45001220703125 434.743743896484375 428.54998779296875
187.15625 185.21875 189.756256103515625 193.006256103515625 196.712493896484375 200.53125 203.7687530517578125 207.8249969482421875 215.5687408447265625 221.6687469482421875 224.3625030517578125 225.9375 227.8249969482421875 230.46875 233.806243896484375 239.100006103515625 244.431243896484375 248.7624969482421875 253.037506103515625 258.6875 265.431243896484375 271.524993896484375 276.212493896484375 285.306243896484375 295.375 303.850006103515625 314.57501220703125 320.75 327.01251220703125 339.162506103515625 350.399993896484375 362.32501220703125 374.53125 388.681243896484375 400.60626220703125 415.29376220703125 430.024993896484375 443.48748779296875 453.193756103515625 456.48748779296875 460.34375 461.100006103515625 455.1875 449.73126220703125 444.193756103515625
201.8562469482421875 197.350006103515625 195.71875 197.7937469482421875 202 204.7624969482421875 206.318756103515625 210.625 219.8000030517578125 227.6750030517578125 227.1750030517578125 224.2937469482421875 225.125 227.443756103515625 230.600006103515625 235.537506103515625 240.162506103515625 244.693756103515625 248.7937469482421875 254.068756103515625 262.25 268.48126220703125 274.5625 286.600006103515625 295.96875 306.04376220703125 315.92498779296875 326.912506103515625 336.774993896484375 347.506256103515625 359.54376220703125 368.73748779296875 381.0625 396.45001220703125 410.59375 426.318756103515625 441.14373779296875 456.70001220703125 468.556243896484375 473.8125 480.524993896484375 475.95623779296875 470.806243896484375 467.193756103515625 458.32501220703125
211.5625 208.837493896484375 207.3874969482421875 204.9187469482421875 208.287506103515625 211.743743896484375 213.118743896484375 217.1437530517578125 225.5500030517578125 234.256256103515625 230.625 227.368743896484375 228.087493896484375 229.9499969482421875 231.8625030517578125 236.162506103515625 238.3937530517578125 241.6062469482421875 246.337493896484375 251.524993896484375 259.20623779296875 266.537506103515625 276.25 288.17498779296875 300.149993896484375 312.556243896484375 322.54376220703125 333.23748779296875 343.11248779296875 353.1875 364.35626220703125 375.993743896484375 385.42498779296875 400.10626220703125 416.53125 431.756256103515625 450.037506103515625 466.756256103515625 479.29998779296875 488.95001220703125 491.79998779296875 487.42498779296875 483.9375 481.4375 473.76251220703125
222.46875 220.3125 219 215.7375030517578125 213.475006103515625 213.7312469482421875 214.818756103515625 217.537506103515625 221.7062530517578125 225.0500030517578125 226.4562530517578125 227.743743896484375 231.0812530517578125 232.3625030517578125 234.0437469482421875 237.9375 239.462493896484375 239.0500030517578125 241.0124969482421875 246.28125 256.11248779296875 266.26251220703125 277.20623779296875 288.73748779296875 302.993743896484375 317.618743896484375 329.068756103515625 338.100006103515625 347.631256103515625 357.92498779296875 369.59375 379.875 390.881256103515625 402.412506103515625 417.875 433.881256103515625 450.556243896484375 469.256256103515625 486.67498779296875 496.84375 496.20001220703125 493.70623779296875 492.04376220703125 490.11248779296875 484.59375
234.03125 230.8000030517578125 228.0187530517578125 225.962493896484375 223.7687530517578125 221.71875 217.28125 212.8249969482421875 210.7687530517578125 212.818756103515625 219.8874969482421875 226.912506103515625 232.243743896484375 235.2687530517578125 237.3125 239.100006103515625 239.25 237.5124969482421875 236.3249969482421875 240.9875030517578125 253.3000030517578125 265.912506103515625 277.54376220703125 290.756256103515625 307.76251220703125 321.42498779296875 332.587493896484375 342.25 352.40625 363.23748779296875 371.78125 381.475006103515625 392.26251220703125 403.868743896484375 417.48748779296875 429.875 447.01251220703125 464.318756103515625 479.368743896484375 488.625 492.631256103515625 493.6875 492.48126220703125 489.46875 481.181243896484375
243.306243896484375 240.6062469482421875 237.475006103515625 234.0437469482421875 231.462493896484375 227.7312469482421875 223.431243896484375 217.34375 210.5437469482421875 208.8000030517578125 218.5124969482421875 228.225006103515625 238.493743896484375 242.443756103515625 242.306243896484375 242.6875 242.274993896484375 241.399993896484375 241.818756103515625 244.8562469482421875 253.4375 268.38751220703125 280.568756103515625 296.475006103515625 312.993743896484375 324.9375 334.712493896484375 344.743743896484375 354.48126220703125 364.42498779296875 374.268768310546875 380.66876220703125 388.962493896484375 396.89373779296875 409.618743896484375 422.36248779296875 439.08123779296875 452.975006103515625 467.61248779296875 476.625 482.350006103515625 482.524993896484375 484.462493896484375 484.76873779296875 471.618743896484375
252.149993896484375 248.2937469482421875 245.65625 242.4499969482421875 238.868743896484375 235.4499969482421875 231.787506103515625 226.024993896484375 223.225006103515625 224.5749969482421875 231.2937469482421875 238.087493896484375 246.46875 250.3937530517578125 249.743743896484375 247.2062530517578125 245.25 245.537506103515625 246.4187469482421875 251.6875 260.725006103515625 272.875 284.850006103515625 302.274993896484375 315.54376220703125 325.493743896484375 334.350006103515625 343.556243896484375 354.17498779296875 366.04998779296875 371.993743896484375 375.78125 382.25 389.537506103515625 400.006256103515625 413.48748779296875 426.024993896484375 439.14373779296875 452.556243896484375 464.75 474.068756103515625 475.83123779296875 476.774993896484375 471.881256103515625 462.649993896484375
261.04998779296875 258.0625 254.75 251.03125 246.0625 243.212493896484375 240.350006103515625 236.006256103515625 236.4499969482421875 239.53125 245.993743896484375 253.625 256.98126220703125 259.66876220703125 255.568756103515625 250.493743896484375 247.3874969482421875 248.6875 251.368743896484375 256.40625 269.51251220703125 281.10626220703125 290.70623779296875 299.26873779296875 315.587493896484375 325.774993896484375 331.806243896484375 339.66876220703125 348.09375 358.95623779296875 364.20001220703125 367.068756103515625 373.26873779296875 379.67498779296875 388.8125 397.83123779296875 408.943756103515625 421.64373779296875 436.13751220703125 449.28125 458.70623779296875 461.181243896484375 466.23126220703125 465.75 455.537506103515625
267.1875 263.48748779296875 259.91876220703125 258.79998779296875 255.125 251.2937469482421875 250.306243896484375 248.899993896484375 251.4187469482421875 255.556243896484375 262.056243896484375 268.63751220703125 266.787506103515625 265.1875 260.08123779296875 255.024993896484375 251.125 252.475006103515625 255.78125 261.587493896484375 274.212493896484375 285.899993896484375 296.037506103515625 306.90625 315.193756103515625 319.64373779296875 324.60626220703125 330.381256103515625 338.38751220703125 345.850006103515625 350.96875 354.600006103515625 358.96875 365.243743896484375 373.36248779296875 382.96875 395.024993896484375 408.04998779296875 419.09375 429.181243896484375 440.14373779296875 444.98748779296875 449.11248779296875 444.79376220703125 435.5625
273.875 269.743743896484375 266.506256103515625 264.48748779296875 262.29376220703125 261.95623779296875 260.34375 259.07501220703125 261.850006103515625 268.36248779296875 274.725006103515625 279.29998779296875 276.04998779296875 266.600006103515625 260.83123779296875 257.48748779296875 252.8125 254.0749969482421875 258.375 262.91876220703125 275.462493896484375 285.59375 292.8125 302.024993896484375 302.587493896484375 304.35626220703125 312.131256103515625 317.64373779296875 326.524993896484375 332.381256103515625 336.881256103515625 339.73748779296875 343.337493896484375 349.08123779296875 355.387481689453125 366.868743896484375 379.225006103515625 391.96875 404.568756103515625 415 419.5625 427.412506103515625 428.58123779296875 425.95623779296875 422.993743896484375
279.368743896484375 275.024993896484375 270.96875 268.625 268.29376220703125 268.26873779296875 267.04998779296875 266.993743896484375 271.368743896484375 276.98126220703125 280.73126220703125 279.899993896484375 275.96875 268.08123779296875 259.63751220703125 257.20001220703125 252.618743896484375 252.243743896484375 256.70001220703125 259.78125 270.743743896484375 278.774993896484375 286.28125 289.98748779296875 291.850006103515625 294.306243896484375 300.16876220703125 306.181243896484375 313.25 319.125 322.899993896484375 326.29998779296875 327.20001220703125 332.1875 339.412506103515625 351.79376220703125 364.131256103515625 378.78125 393.71875 402.34375 402.381256103515625 402.61248779296875 411.337493896484375 420.837493896484375 423.39373779296875
282.01251220703125 277.95001220703125 274.712493896484375 273.01251220703125 273.45623779296875 273.65625 273.95001220703125 274.181243896484375 276.899993896484375 280.443756103515625 283.07501220703125 281.212493896484375 275.70623779296875 268.024993896484375 258.82501220703125 253.568756103515625 250.381256103515625 252.8000030517578125 256.25 259.212493896484375 267.48748779296875 276.15625 281.056243896484375 283.537506103515625 284.962493896484375 288.23748779296875 292.88751220703125 299.15625 306.09375 310.181243896484375 311.26873779296875 310.824981689453125 314.625 317.58123779296875 322.899993896484375 334.21875 352.54998779296875 372.10626220703125 387.04998779296875 392.899993896484375 394.181243896484375 399.318756103515625 413.07501220703125 417.79376220703125 417
282.65625 278.48126220703125 277.34375 277.212493896484375 277.40625 278.100006103515625 278.61248779296875 279.5 283.46875 285.537506103515625 286.63751220703125 283.42498779296875 277.631256103515625 268.5625 257.86248779296875 247.5 247.75 253.3874969482421875 255.5812530517578125 258.70623779296875 266.20623779296875 272.34375 275.76251220703125 277.85626220703125 278.45001220703125 282.181243896484375 285.51873779296875 292.274993896484375 298.837493896484375 303.33123779296875 306.38751220703125 305.168731689453125 301.943756103515625 302.443756103515625 304.51251220703125 322.993743896484375 341.725006103515625 362.53125 379.40625 392.01251220703125 397.53125 404.818756103515625 411.79998779296875 412.881256103515625 410.006256103515625
281.850006103515625 279.056243896484375 279.48126220703125 280.41876220703125 280.76251220703125 281.875 284.475006103515625 285.78125 287.82501220703125 289.91876220703125 289.82501220703125 286.08123779296875 279.056243896484375 270.0625 261.34375 253.6750030517578125 247.9499969482421875 251.274993896484375 255.587493896484375 259.51873779296875 265.943756103515625 271.962493896484375 274.38751220703125 272.60626220703125 272.743743896484375 274.806243896484375 279.068756103515625 285.412506103515625 293.087493896484375 298.76873779296875 301.162506103515625 300.25 297.71875 297.193756103515625 305.21875 319.32501220703125 339.243743896484375 361.837493896484375 385.399993896484375 396.818756103515625 404.649993896484375 409.01873779296875 408.21875 407.443756103515625 403.04998779296875
279.29998779296875 278.73748779296875 279.46875 282.806243896484375 283.83123779296875 286.3125 289.96875 290.431243896484375 292.006256103515625 292.53125 291.100006103515625 287.10626220703125 280.34375 273.350006103515625 265.78125 259.76251220703125 253.743743896484375 249.024993896484375 256.006256103515625 260.4375 267.537506103515625 271.42498779296875 272.70623779296875 270.51873779296875 271.024993896484375 273 274.537506103515625 283.350006103515625 292.13751220703125 296.65625 294.6875 286.23748779296875 290.35626220703125 294.95001220703125 301.04376220703125 319.1875 339.056243896484375 360.243743896484375 380.649993896484375 398.33123779296875 403.01251220703125 405.14373779296875 404.25 402.14373779296875 399
275.412506103515625 276.625 279.79998779296875 282.75 285.10626220703125 289.287506103515625 292.662506103515625 295.70001220703125 297.54998779296875 297.293731689453125 293.975006103515625 286.88751220703125 281.149993896484375 276.73748779296875 267.399993896484375 261.73748779296875 256.98126220703125 253.3874969482421875 253.6687469482421875 258.01873779296875 268.73748779296875 273.88751220703125 266.3125 267.850006103515625 270.78125 275.38751220703125 280.212493896484375 286.91876220703125 296.118743896484375 298.868743896484375 296.5625 289.40625 288.431243896484375 284.681243896484375 289.399993896484375 307.993743896484375 329.287506103515625 349.743743896484375 372.82501220703125 387.91876220703125 399.01873779296875 401.587493896484375 399.368743896484375 397.1875 395.01873779296875
271.20623779296875 274.36248779296875 277.818756103515625 280.181243896484375 285.26873779296875 292.668731689453125 298.524993896484375 300.337493896484375 301.993743896484375 301.48126220703125 296.76873779296875 291.375 285.600006103515625 280.056243896484375 269.712493896484375 259.16876220703125 252.1750030517578125 254.475006103515625 254.1750030517578125 257.524993896484375 262.79376220703125 264.53125 266.16876220703125 268.25 271.5 275.64373779296875 282.38751220703125 292.25 298.70001220703125 298.04376220703125 292.51251220703125 291.606231689453125 285.837493896484375 276.33123779296875 274.01251220703125 292.037506103515625 319.48126220703125 345.51251220703125 366.524993896484375 382.993743896484375 392.725006103515625 395.45001220703125 394.21875 392.149993896484375 387.32501220703125
