data/historical-monthly-weather-data/wc2.1_cruts4.09_10m_prec_2017-02.asc
ncols        45
nrows        45
xllcorner    -63.500000000000
yllcorner    -7.500000000000
cellsize     0.166666666667
NODATA_value -9999
[rows 20 to 39 of 45, columns 0 to 44 of 45]
209.6687469482421875 211.4812469482421875 215.837493896484375 221.0124969482421875 228.6999969482421875 237.3125 246.8874969482421875 256.73126220703125 266.787506103515625 276.056243896484375 284.23126220703125 294.09375 305.17498779296875 315.21875 306.78125 289.806243896484375 275.600006103515625 265.399993896484375 262.337493896484375 260.181243896484375 259.993743896484375 259.024993896484375 257.287506103515625 258.818756103515625 261.40625 265.162506103515625 272.100006103515625 279.46875 287.76251220703125 294.100006103515625 293.73126220703125 286.13751220703125 266.23126220703125 241.3625030517578125 218.756256103515625 231.899993896484375 258.16876220703125 278.40625 288.662506103515625 291.131256103515625 287.45001220703125 281.57501220703125 276.256256103515625 270.631256103515625 265.006256103515625
202.274993896484375 205.71875 211.6125030517578125 219.462493896484375 227.681243896484375 237.4250030517578125 247.756256103515625 258.34375 268.51251220703125 275.743743896484375 280.76873779296875 285.712493896484375 291.056243896484375 294.875 293.118743896484375 284.875 275.79376220703125 268.212493896484375 263.756256103515625 261.037506103515625 257.58123779296875 255.3000030517578125 255.3125 256.806243896484375 260.15625 265.51251220703125 274.09375 282.600006103515625 292.462493896484375 300.712493896484375 304.04998779296875 297.943756103515625 281.350006103515625 263.537506103515625 251.618743896484375 259.66876220703125 278.35626220703125 292.92498779296875 297.85626220703125 296.91876220703125 292.76251220703125 286.86248779296875 280.287506103515625 273.28125 267.662506103515625
198.09375 203.3312530517578125 209.475006103515625 218.118743896484375 226.962493896484375 238.1374969482421875 247.881256103515625 259.23748779296875 270 273.98748779296875 274.681243896484375 274.29998779296875 274 276.443756103515625 279.600006103515625 277.91876220703125 273.037506103515625 268.04376220703125 263.23748779296875 258.67498779296875 254.84375 251.2375030517578125 249.7312469482421875 251.3562469482421875 256.318756103515625 263.60626220703125 273.01873779296875 283.08123779296875 295.10626220703125 305.90625 313.412506103515625 314.54376220703125 301.36248779296875 290.29998779296875 288.71875 297.431243896484375 308.11248779296875 314.475006103515625 312.48748779296875 305.475006103515625 298.649993896484375 291.618743896484375 283.91876220703125 276.243743896484375 270.6875
197.7687530517578125 203.3937530517578125 209.8562469482421875 217.2062530517578125 226.1374969482421875 237.3249969482421875 248.118743896484375 258.20623779296875 267.787506103515625 269.60626220703125 268.787506103515625 266.28125 260.79998779296875 265.087493896484375 270.774993896484375 271.662506103515625 269.40625 266.600006103515625 262.14373779296875 256.92498779296875 251.6437530517578125 246.7562408447265625 243.806243896484375 245.649993896484375 251.375 257.88751220703125 269.45001220703125 281.681243896484375 294.193756103515625 306.837493896484375 316.868743896484375 321.20623779296875 315.087493896484375 311.41876220703125 316.16876220703125 327.712493896484375 334.64373779296875 332.5625 324.625 314.64373779296875 306.23748779296875 297.274993896484375 289.01251220703125 281.63751220703125 277.600006103515625
201.368743896484375 206.068756103515625 211.725006103515625 219 228.21875 237.5187530517578125 247.431243896484375 256.23748779296875 262.61248779296875 265.256256103515625 265.13751220703125 263.53125 262.056243896484375 264.23748779296875 267.08123779296875 268.88751220703125 268.76873779296875 266.256256103515625 261.943756103515625 256.243743896484375 250.087493896484375 243 237.6687469482421875 238.4875030517578125 243.7062530517578125 254.1687469482421875 265.712493896484375 279.58123779296875 292.48126220703125 304.70623779296875 314.1875 319.618743896484375 320.98748779296875 323.625 330.587493896484375 337.625 342.20001220703125 339.556243896484375 330.649993896484375 320.60626220703125 311.79998779296875 302.14373779296875 294.01251220703125 288.037506103515625 283.26873779296875
210.15625 214.256256103515625 217.725006103515625 223.693756103515625 231.3874969482421875 239.756256103515625 247.337493896484375 254.625 259.818756103515625 262.693756103515625 263.54376220703125 264.04376220703125 265.243743896484375 266.318756103515625 268.54376220703125 269.493743896484375 269.587493896484375 267.13751220703125 263.60626220703125 257.600006103515625 249.7937469482421875 240.0500030517578125 231.6875 229.943756103515625 237.9812469482421875 250.2624969482421875 264.83123779296875 277.73126220703125 290.92498779296875 301.462493896484375 310.01251220703125 316.662506103515625 322.04998779296875 328.431243896484375 336.32501220703125 341.225006103515625 344.21875 343.04998779296875 333.14373779296875 323.850006103515625 315.537506103515625 306.162506103515625 297.375 291.693756103515625 289.600006103515625
220.9812469482421875 223.5625 225.618743896484375 230.6750030517578125 235.9562530517578125 241.8312530517578125 248.381256103515625 253.2062530517578125 257.90625 261.787506103515625 264.3125 266.056243896484375 268.51873779296875 270.73748779296875 272.350006103515625 274.006256103515625 273.850006103515625 271.568756103515625 267.443756103515625 260.875 251.806243896484375 241.3312530517578125 230.256256103515625 226.587493896484375 237.350006103515625 250.287506103515625 264.212493896484375 277.04376220703125 288.6875 298.57501220703125 307.3125 313.15625 320.618743896484375 331.16876220703125 338.587493896484375 343.731231689453125 346.98126220703125 345.73126220703125 337.51873779296875 328.375 319.943756103515625 310.375 301.5625 295.71875 297.056243896484375
232.693756103515625 232.993743896484375 234.493743896484375 237.475006103515625 240.524993896484375 244.08123779296875 249.4749908447265625 254.556243896484375 258.662506103515625 262.96875 265.58123779296875 268.25 271.17498779296875 273.975006103515625 276.32501220703125 278.58123779296875 278.60626220703125 277.6875 273.274993896484375 267.29998779296875 258.743743896484375 248.34375 240.368743896484375 238.0437469482421875 244.0812530517578125 254.6875 266.79998779296875 278.46875 288.787506103515625 298.006256103515625 306.024993896484375 312.899993896484375 323.3125 332.51251220703125 340.475006103515625 346.13751220703125 348.368743896484375 349.29376220703125 341.125 331.71875 323.481231689453125 315.0625 306.67498779296875 302.412506103515625 306.743743896484375
242.8125 242.2375030517578125 242.0437469482421875 243.5 245.4375 247.631256103515625 251.662506103515625 255.5500030517578125 259.9375 264.431243896484375 267.48748779296875 270.556243896484375 273.625 278.03125 281.368743896484375 285.03125 286.78125 285.118743896484375 282.40625 276.35626220703125 268.587493896484375 258.75 252.9875030517578125 251.5812530517578125 254.2375030517578125 261.193756103515625 271.693756103515625 281.67498779296875 291.931243896484375 300.225006103515625 306.5 313.96875 323.89373779296875 333.875 343.38751220703125 348.20001220703125 352.34375 354.243743896484375 348.16876220703125 337.82501220703125 327.01251220703125 318.25 313.375 313.274993896484375 319.98126220703125
249.693756103515625 247.524993896484375 246.850006103515625 247.181243896484375 249.212493896484375 251.131256103515625 253.8874969482421875 257.10626220703125 260.67498779296875 265.381256103515625 269.26873779296875 273.86248779296875 278.23126220703125 283.76873779296875 288.381256103515625 291.462493896484375 294.662506103515625 295.725006103515625 293.83123779296875 287.506256103515625 279.024993896484375 270.743743896484375 265.462493896484375 263.36248779296875 264.287506103515625 269.13751220703125 277.34375 285.1875 293.6875 300.95623779296875 308.46875 316.26873779296875 325.73748779296875 336.493743896484375 345.76251220703125 352.375 356.76873779296875 360.88751220703125 354.32501220703125 345.20623779296875 339.58123779296875 334.13751220703125 329.6875 331.42498779296875 332.975006103515625
253.818756103515625 251.193756103515625 249.287506103515625 249.6999969482421875 250.8125 253.0500030517578125 255.524993896484375 258.725006103515625 262.193756103515625 266.375 272.131256103515625 278.375 284.681243896484375 289.8125 294.274993896484375 298.993743896484375 303.3125 305.75 305.79998779296875 299.506256103515625 290.556243896484375 281.75 275.83123779296875 273.15625 273.131256103515625 276.6875 282.787506103515625 289.287506103515625 296.131256103515625 303.0687255859375 310.51251220703125 318.79998779296875 330.024993896484375 341.537506103515625 351.837493896484375 357.631256103515625 363.76873779296875 370.08123779296875 364.350006103515625 355.64373779296875 352.66876220703125 351.54376220703125 349.40625 348.11248779296875 349.925018310546875
253.9812469482421875 251.46875 250.1437530517578125 250.850006103515625 251.5187530517578125 253.21875 255.9875030517578125 258.193756103515625 261.65625 267.087493896484375 273.23748779296875 281.0625 289.07501220703125 296.243743896484375 301.29998779296875 307.21875 309.649993896484375 311.46875 311.41876220703125 307.412506103515625 299.4375 291.70623779296875 284.875 282.14373779296875 282.024993896484375 283.98126220703125 288.162506103515625 293.243743896484375 298.98126220703125 306.67498779296875 314.35626220703125 322.33123779296875 334.17498779296875 345.98126220703125 357.35626220703125 364.59375 372.287506103515625 378.70001220703125 373.79998779296875 370.649993896484375 372.412506103515625 372.79376220703125 371.60626220703125 372.11248779296875 376.10626220703125
250.1875 248.78125 248.4187469482421875 248.868743896484375 248.9375 250.506256103515625 252.243743896484375 254.78125 259.45001220703125 266.08123779296875 274.91876220703125 284.337493896484375 295.4375 305.20623779296875 310.70623779296875 314.54998779296875 316.243743896484375 318.23126220703125 316.61248779296875 313.33123779296875 307.131256103515625 299.600006103515625 293.225006103515625 290 289.66876220703125 291.037506103515625 294.0625 298.96875 303.993743896484375 310.46875 318.181243896484375 325.375 336.868743896484375 350.056243896484375 362.82501220703125 372.225006103515625 380.48126220703125 386.01873779296875 383.6875 387.318756103515625 391.475006103515625 393.631256103515625 396.11248779296875 400.5 412.40625
246.40625 245.212493896484375 245.056243896484375 245.975006103515625 245.9562530517578125 246.625 248.193756103515625 250.9000091552734375 254.8312530517578125 262.45001220703125 273.13751220703125 286.60626220703125 301.743743896484375 313.568756103515625 319.181243896484375 322.33123779296875 323.318756103515625 324.0625 322.181243896484375 319.024993896484375 312.66876220703125 305.274993896484375 299.79376220703125 296.399993896484375 295.98126220703125 296.88751220703125 299.54376220703125 303.306243896484375 308.28125 314.98126220703125 322.193756103515625 329.225006103515625 342.20623779296875 355.5625 367.712493896484375 378.537506103515625 387.33123779296875 394.162506103515625 396.087493896484375 401.868743896484375 407.29998779296875 412.399993896484375 420.618743896484375 429.024993896484375 443.493743896484375
242.4187469482421875 242.375 242.493743896484375 242.306243896484375 242.774993896484375 243.350006103515625 243.631256103515625 245.3312530517578125 248.725006103515625 256.3125 269.84375 288.63751220703125 308.48126220703125 323.212493896484375 328.006256103515625 330.14373779296875 329.53125 328.88751220703125 327.625 323.662506103515625 318.40625 310.568756103515625 304.662506103515625 300.587493896484375 300.462493896484375 300.493743896484375 303.524993896484375 307.57501220703125 312.26873779296875 318.98126220703125 324.993743896484375 333.25 346.45623779296875 360.837493896484375 373.38751220703125 383.524993896484375 392.07501220703125 403.212493896484375 408.54376220703125 413.462493896484375 420.631256103515625 426.337493896484375 435.931243896484375 446.649993896484375 459.40625
239.600006103515625 239.881256103515625 239.712493896484375 238.8874969482421875 238.5812530517578125 239.59375 239.5562591552734375 240.056243896484375 242.1125030517578125 249.037506103515625 264.5 286.67498779296875 310.21875 327.58123779296875 333.25 335.83123779296875 336.53125 335.13751220703125 331.48748779296875 328.118743896484375 322.162506103515625 315.399993896484375 308.51251220703125 304.98126220703125 303.26251220703125 303.01251220703125 306.04376220703125 311.431243896484375 316.037506103515625 321.41876220703125 327.462493896484375 335.006256103515625 349.04376220703125 363.868743896484375 375.337493896484375 384.087493896484375 395.681243896484375 404.462493896484375 409.162506103515625 416.15625 425.056243896484375 430.118743896484375 437.6875 449.225006103515625 458.70001220703125
238.056243896484375 238.087493896484375 237.087493896484375 237.4875030517578125 236.743743896484375 237.46875 237.34375 236.9875030517578125 237.006256103515625 238.225006103515625 258.48748779296875 288.618743896484375 312.13751220703125 328.3125 336.350006103515625 340.01251220703125 341.712493896484375 339.756256103515625 336.756256103515625 331.83123779296875 324.88751220703125 317.29998779296875 310.53125 306.70623779296875 304.35626220703125 304.3125 307.649993896484375 312.79998779296875 318.40625 323.149993896484375 328.40625 335.07501220703125 350.09375 365.125 377.65625 388.07501220703125 396.79376220703125 404.70001220703125 409.61248779296875 415.38751220703125 422.125 428.243743896484375 436.13751220703125 446.54376220703125 454.837493896484375
236.65625 236.743743896484375 236.0124969482421875 235.943756103515625 235.96875 236.75 237.3874969482421875 237.9187469482421875 239.9250030517578125 239.787506103515625 270.11248779296875 302.068756103515625 319.53125 331.58123779296875 339.681243896484375 344.118743896484375 344.931243896484375 342.993743896484375 338.350006103515625 332.11248779296875 325.100006103515625 316.787506103515625 310.58123779296875 306.506256103515625 304.537506103515625 304.556243896484375 307.84375 313.681243896484375 319.649993896484375 324.931243896484375 328.256256103515625 334.556243896484375 349.350006103515625 365.131256103515625 377.399993896484375 387.912506103515625 396.07501220703125 403.725006103515625 408.350006103515625 412.70001220703125 417.39373779296875 423.681243896484375 429.868743896484375 438.225006103515625 446.350006103515625
236.7624969482421875 236.681243896484375 235.725006103515625 236.5374908447265625 236.3874969482421875 238.21875 241.212493896484375 245.15625 253.4187469482421875 272.13751220703125 306.54376220703125 320.07501220703125 328.618743896484375 337.556243896484375 344.54998779296875 347.274993896484375 348.29998779296875 344.73126220703125 338.306243896484375 331.39373779296875 322.462493896484375 313.725006103515625 308.46875 304.100006103515625 302.34375 303.64373779296875 307.037506103515625 312.662506103515625 318.899993896484375 323.76873779296875 328.537506103515625 333.76251220703125 346.34375 360.26251220703125 374.125 383.375 389.91876220703125 397.71875 400.79376220703125 401.899993896484375 405.9375 410.15625 415.64373779296875 422.337493896484375 428.98126220703125
237.1750030517578125 237.537506103515625 236.9187469482421875 236.9250030517578125 237.225006103515625 240.443756103515625 244.4812469482421875 252.1125030517578125 264.625 284.774993896484375 307.86248779296875 323.29998779296875 334.51873779296875 343.17498779296875 348.912506103515625 352.08123779296875 352.54376220703125 347.45001220703125 339.15625 331.40625 319.1875 309.48126220703125 303.149993896484375 299.318756103515625 299.73748779296875 301.443756103515625 305.431243896484375 311.100006103515625 317.5625 322.32501220703125 326.212493896484375 333.20001220703125 346.53125 358.11248779296875 368.17498779296875 376.649993896484375 381.98748779296875 387.25 390.10626220703125 389.54998779296875 391.71875 395.337493896484375 399.25 402.975006103515625 409.01873779296875
