data/historical-monthly-weather-data/wc2.1_cruts4.09_10m_prec_1955-05.asc
ncols        51
nrows        45
xllcorner    -63.500000000000
yllcorner    -7.500000000000
cellsize     0.166666666667
NODATA_value -9999
[rows 19 to 37 of 45, columns 0 to 43 of 51]
349.024993896484375 356.881256103515625 360.087493896484375 361.118743896484375 365.118743896484375 368.162506103515625 365.4375 359.0625 350.01251220703125 339.40625 329.83123779296875 320.662506103515625 311.212493896484375 295.82501220703125 278.868743896484375 257.368743896484375 239.4187469482421875 234.3312530517578125 226.0124969482421875 222.6875 216.71875 217.506256103515625 221.931243896484375 223.4499969482421875 221.181243896484375 214.587493896484375 210.681243896484375 208.59375 200.3625030517578125 191.149993896484375 187.6374969482421875 194.25 194.9875030517578125 193.9375 198.6875 206.931243896484375 211.931243896484375 214.78125 216.381256103515625 215.337493896484375 207.037506103515625 202.556243896484375 206.337493896484375 209.899993896484375
324.76251220703125 343.65625 351.40625 352.0625 351.837493896484375 358.48748779296875 359.512481689453125 355.26251220703125 347.23748779296875 334.5625 323.76251220703125 315.40625 301.95001220703125 287.943756103515625 269.25 253.7312469482421875 234.8937530517578125 224.9250030517578125 221.8874969482421875 215.34375 218.993743896484375 220.868743896484375 221.5124969482421875 221.506256103515625 219.756256103515625 212.9375 203.1125030517578125 198.6687469482421875 195 192.149993896484375 191.9250030517578125 194.318756103515625 190.412506103515625 188.631256103515625 191.2375030517578125 198.475006103515625 204.506256103515625 207.9375 208.037506103515625 205.375 202.7937469482421875 198.9875030517578125 198.6374969482421875 203.15625
311.412506103515625 319.568756103515625 332.32501220703125 341.899993896484375 342.70001220703125 344.881256103515625 349.20001220703125 349.725006103515625 343.54998779296875 332.67498779296875 320.875 309.074981689453125 295.10626220703125 280.33123779296875 267.66876220703125 250.3000030517578125 244.3937530517578125 232.2312469482421875 227.5 219.243743896484375 214.181243896484375 215.037506103515625 215.9187469482421875 211.9562530517578125 205.4875030517578125 202.193756103515625 201.0812530517578125 196.568756103515625 197.806243896484375 196.868743896484375 193.524993896484375 190.5187530517578125 189.881256103515625 190.274993896484375 188.8625030517578125 192.2312469482421875 198.0749969482421875 201.256256103515625 201.1875 199.274993896484375 198.181243896484375 195.243743896484375 194.4187469482421875 196.8125
298.725006103515625 316.5625 326.66876220703125 335.3125 335.84375 336.48126220703125 330.287506103515625 333.0625 336.056243896484375 327.70001220703125 314.23126220703125 301.6875 292.756256103515625 279.131256103515625 266.85626220703125 253.0625 242.818756103515625 233.3125 225.7062530517578125 218.3874969482421875 215.625 210.506256103515625 209.1374969482421875 203.9250030517578125 201.100006103515625 196.3125 192.46875 193.3000030517578125 195.1687469482421875 193.662506103515625 189.649993896484375 189.681243896484375 191.21875 190.181243896484375 189.7062530517578125 186.993743896484375 188.96875 193.65625 197.375 195.649993896484375 193.1875 191.1999969482421875 189.881256103515625 191.2937469482421875
281.21875 301.01873779296875 315.087493896484375 320.76251220703125 320.787506103515625 318.931243896484375 325.100006103515625 325.625 321.693756103515625 313.26251220703125 304.45623779296875 299.524993896484375 289.70623779296875 279.881256103515625 265.912506103515625 252.818756103515625 242.59375 235.412506103515625 228.993743896484375 222.90625 215.5812530517578125 210.725006103515625 205.90625 203.5812530517578125 197.631256103515625 189.368743896484375 188.100006103515625 189.6125030517578125 193.037506103515625 195.975006103515625 197.443756103515625 198.7312469482421875 199.881256103515625 196.975006103515625 194.09375 187.6437530517578125 190.8000030517578125 192.193756103515625 193.337493896484375 192.4250030517578125 189.350006103515625 188.975006103515625 188.6875 188.0625
270.431243896484375 289.84375 300.931243896484375 311.125 314.225006103515625 314.76251220703125 312.475006103515625 314.11248779296875 309.57501220703125 304.5625 296.21875 289.318756103515625 284.67498779296875 275.225006103515625 261.693756103515625 251.6437530517578125 245.087493896484375 237.368743896484375 229.506256103515625 223.5625 218.6062469482421875 211.09375 207.1437530517578125 202.431243896484375 195.587493896484375 192.5749969482421875 191.2312469482421875 193.443756103515625 196.2687530517578125 202.8312530517578125 205.6312408447265625 211.943756103515625 211.368743896484375 206.787506103515625 198.3249969482421875 192.693756103515625 192.4250030517578125 188.7624969482421875 188.8000030517578125 188.15625 186.506256103515625 185.0625 184.993743896484375 182.65625
267.368743896484375 287.23126220703125 290.34375 298.443756103515625 297.73126220703125 297.66876220703125 295.743743896484375 296.95623779296875 290.181243896484375 282.943756103515625 283.75 281.10626220703125 273.868743896484375 266.806243896484375 260.443756103515625 251.2937469482421875 245.4250030517578125 238.193756103515625 230.493743896484375 223.5 218.4875030517578125 210.962493896484375 206.6374969482421875 199.2687530517578125 195.0749969482421875 191.3874969482421875 195.056243896484375 197.4875030517578125 199.9749908447265625 207.3874969482421875 215.25 227.6750030517578125 227.024993896484375 215.3249969482421875 203.6374969482421875 197.6437530517578125 192.037506103515625 187.90625 183.46875 182.181243896484375 181.5500030517578125 178.90625 177 177.1687469482421875
265.118743896484375 274.42498779296875 281.16876220703125 285.662506103515625 284.76873779296875 284.868743896484375 282.493743896484375 278.975006103515625 275.100006103515625 277.068756103515625 276.068756103515625 270.91876220703125 267.556243896484375 263.181243896484375 257.42498779296875 251.618743896484375 244.149993896484375 235.5187530517578125 232.65625 224.9812469482421875 217.318756103515625 210.8562469482421875 206.100006103515625 202.1875 197.787506103515625 194.5625 197.8562469482421875 200.431243896484375 204.0500030517578125 209.600006103515625 220.787506103515625 233.162506103515625 235.587493896484375 219.024993896484375 203.5500030517578125 195.2624969482421875 191.306243896484375 184.350006103515625 179.9187469482421875 178.4812469482421875 176.868743896484375 174.743743896484375 173.3562469482421875 171.7062530517578125
265.13751220703125 268.556243896484375 272 271.48126220703125 271.662506103515625 272.993743896484375 271.756256103515625 266.29998779296875 265.29376220703125 267.100006103515625 265.318756103515625 261.16876220703125 259.212493896484375 255.600006103515625 252.806243896484375 245.5 241.90625 238.4124908447265625 235.3937530517578125 228.881256103515625 220.774993896484375 212.212493896484375 209.2687530517578125 204.087493896484375 200.2062530517578125 195.712493896484375 199.3312530517578125 201.90625 206.1875 212.243743896484375 221.34375 230.5 228.2312469482421875 214.09375 201.962493896484375 193.350006103515625 186.443756103515625 181.618743896484375 178.818756103515625 175.0625 172.056243896484375 171.975006103515625 171.1875 170.9187469482421875
260.73748779296875 262.35626220703125 261.181243896484375 260.01251220703125 258.962493896484375 255.024993896484375 252.09375 252.78125 256.63751220703125 255.3625030517578125 254.7062530517578125 253.537506103515625 251.5749969482421875 251.75 251.693756103515625 249.4875030517578125 246.0625 240.7937469482421875 236.3000030517578125 230.6750030517578125 222.8562469482421875 213.84375 208.8874969482421875 203.556243896484375 199.375 193.287506103515625 197.1875 201.743743896484375 205.7687530517578125 210.100006103515625 217.381256103515625 221.649993896484375 216.243743896484375 205.087493896484375 196.6875 188.8125 182.712493896484375 176.2312469482421875 173.53125 169.850006103515625 164.399993896484375 162.9499969482421875 165.9875030517578125 170.056243896484375
258.524993896484375 257.13751220703125 252.03125 245.899993896484375 242.756256103515625 242.8125 241.0625 244.462493896484375 246.212493896484375 243.8562469482421875 244.975006103515625 245.5 245.6374969482421875 247.6374969482421875 248.350006103515625 247.46875 244.8000030517578125 243.743743896484375 238.100006103515625 230.1125030517578125 222.7937469482421875 215.912506103515625 210.1875 203.6750030517578125 196.931243896484375 195.0437469482421875 195.8000030517578125 196.8000030517578125 200.1687469482421875 203.8937530517578125 209.287506103515625 210.4875030517578125 204.899993896484375 197.0812530517578125 189.9187469482421875 181.381256103515625 178.71875 172.9250030517578125 168.90625 168.556243896484375 165.7937469482421875 163.3249969482421875 162.5 162.899993896484375
256.04376220703125 251.34375 242.993743896484375 238.03125 235.1374969482421875 234.181243896484375 235.318756103515625 235.3249969482421875 236.9499969482421875 237.131256103515625 238.1437530517578125 237.8625030517578125 241.9812469482421875 241.274993896484375 242.8874969482421875 245.0187530517578125 244.9812469482421875 241.912506103515625 238.1812591552734375 232.993743896484375 222.868743896484375 214.600006103515625 208.9812469482421875 200.6062469482421875 194.131256103515625 193.899993896484375 193.256256103515625 192.5500030517578125 195.243743896484375 196.712493896484375 200.9812469482421875 199.3625030517578125 193.787506103515625 187.587493896484375 180.78125 172.462493896484375 169.625 166.818756103515625 165.59375 163.7624969482421875 163.837493896484375 160.7687530517578125 158.9375 156.5187530517578125
247.600006103515625 241.006256103515625 233.65625 229.6750030517578125 228.3312530517578125 225.568756103515625 229.1875 226.0625 227.03125 226.8249969482421875 227.850006103515625 227.375 231.2312469482421875 234.90625 236.71875 240.6125030517578125 238.162506103515625 235.024993896484375 231.9812469482421875 228.1062469482421875 217.787506103515625 210.46875 204.3249969482421875 197.7624969482421875 194.787506103515625 191.4375 190.5437469482421875 188.3312530517578125 187.625 189.006256103515625 188.2937469482421875 187.2312469482421875 181.3249969482421875 175.78125 170.8562469482421875 164.1437530517578125 160.493743896484375 158.5500030517578125 156.931243896484375 158.649993896484375 158.493743896484375 156.5812530517578125 155.274993896484375 155.4187469482421875
236.4250030517578125 231.618743896484375 224.9812469482421875 222.912506103515625 219.3125 216.556243896484375 217.96875 216.350006103515625 217.09375 218.7937469482421875 223.6999969482421875 223.8312530517578125 226.881256103515625 231.743743896484375 232.4875030517578125 232.6125030517578125 230.7687530517578125 230.662506103515625 225.15625 221.181243896484375 211.256256103515625 205.712493896484375 198.875 194.8874969482421875 191.6999969482421875 189.28125 186.4812469482421875 184.4875030517578125 181.462493896484375 180.2062530517578125 179.068756103515625 176.100006103515625 169.193756103515625 166.4499969482421875 161.181243896484375 157.6062469482421875 152.1687469482421875 150.212493896484375 148.5187530517578125 151.350006103515625 150.5625 150.537506103515625 149.9250030517578125 151.337493896484375
225.868743896484375 220.649993896484375 217.993743896484375 215.7937469482421875 214.3625030517578125 210.225006103515625 208.850006103515625 206.1875 205.993743896484375 207.6374969482421875 211.7062530517578125 216.6374969482421875 218.8562469482421875 221.40625 224.131256103515625 226.6312408447265625 226.1374969482421875 224.493743896484375 217.3874969482421875 211.5812530517578125 205.618743896484375 201 194.943756103515625 189.693756103515625 187.337493896484375 184.0187530517578125 180.318756103515625 177.243743896484375 175.5187530517578125 172.7062530517578125 169.96875 165.881256103515625 160.1125030517578125 155.1374969482421875 151.3000030517578125 147.375 143.993743896484375 139.681243896484375 139.912506103515625 140.7937469482421875 139.6999969482421875 141.4875030517578125 143.4187469482421875 145.100006103515625
213.90625 209.818756103515625 208.9812469482421875 209.0812530517578125 208.431243896484375 204.1374969482421875 198.7062530517578125 196.3125 192.818756103515625 195.056243896484375 200.8249969482421875 206.725006103515625 213.40625 218.756256103515625 220.399993896484375 221.2937469482421875 219.71875 217.7375030517578125 211.024993896484375 202.9187469482421875 197.743743896484375 192.125 188.350006103515625 183.524993896484375 180.7624969482421875 177.90625 176.25 173.725006103515625 170.9875030517578125 167.5812530517578125 162.375 157.068756103515625 149.756256103515625 145.4875030517578125 137.9375 135.3125 130.96875 131.0500030517578125 130.712493896484375 130.0437469482421875 129.037506103515625 129.0625 130.787506103515625 133.662506103515625
204.9812469482421875 203.1125030517578125 200.7062530517578125 199.8312530517578125 198.149993896484375 193.96875 187.962493896484375 185.90625 182.8874969482421875 181.90625 186.212493896484375 197.1125030517578125 207.556243896484375 212.193756103515625 215.087493896484375 214.662506103515625 212.5437469482421875 207.625 203.3000030517578125 195.350006103515625 190.8562469482421875 185.9499969482421875 181.875 178.4250030517578125 175.2624969482421875 172.0749969482421875 172.506256103515625 170.625 165.881256103515625 161.149993896484375 155.8562469482421875 149.774993896484375 142.2062530517578125 134.875 128.662506103515625 125.3000030517578125 125.50624847412109375 122.4875030517578125 122.1437530517578125 123.46875 121.84999847412109375 123.3125 123.5 125.53125
197.506256103515625 197.256256103515625 194.65625 193.3874969482421875 192.4812469482421875 186.9187469482421875 181.8312530517578125 176.9187469482421875 172.774993896484375 167 177.881256103515625 197.4375 206.28125 209.056243896484375 209.931243896484375 208.5812530517578125 204.256256103515625 198.65625 194.2937469482421875 185.71875 182.587493896484375 178.6875 173.818756103515625 170.899993896484375 168.681243896484375 167.8625030517578125 166.9187469482421875 164.6875 160.475006103515625 155.75 150.600006103515625 144.818756103515625 136.5 127.34999847412109375 121.6437530517578125 120.00624847412109375 118.8249969482421875 117.33750152587890625 115.9875030517578125 115.4250030517578125 113.8625030517578125 113.46250152587890625 116.125 118.24375152587890625
191.4187469482421875 190.96875 190.46875 188.475006103515625 188.618743896484375 184.2687530517578125 179.556243896484375 173.6875 169.6125030517578125 163.8249969482421875 185.462493896484375 205.1125030517578125 208.756256103515625 209.587493896484375 207.524993896484375 204.1750030517578125 198.412506103515625 193.412506103515625 186.693756103515625 180.15625 174.53125 170.9812469482421875 166.8937530517578125 164.306243896484375 162.3499908447265625 161.3874969482421875 158.8937530517578125 160.3000030517578125 157.65625 151.0812530517578125 144.2937469482421875 138.3937530517578125 131.212493896484375 121.46875 113.84999847412109375 112.6374969482421875 112.8562469482421875 111.125 111.6062469482421875 109.59375 108.2624969482421875 108.0437469482421875 106.93125152587890625 106.77500152587890625
