data/historical-monthly-weather-data/wc2.1_cruts4.09_10m_prec_1999-01.asc
ncols        51
nrows        45
xllcorner    -63.500000000000
yllcorner    -7.500000000000
cellsize     0.166666666667
NODATA_value -9999
[rows 20 to 39 of 45, columns 0 to 44 of 51]
395.14373779296875 399.287506103515625 403.649993896484375 410.45623779296875 417.63751220703125 427.07501220703125 437.412506103515625 443.79998779296875 446.25 444.88751220703125 442.88751220703125 447.58123779296875 457.524993896484375 468.48748779296875 454.725006103515625 426.88751220703125 406.568756103515625 393.756256103515625 390.09375 386.17498779296875 386.64373779296875 385.07501220703125 381.88751220703125 380.568756103515625 380.3125 380.375 378.131256103515625 376.306243896484375 373.71875 370.306243896484375 358.89373779296875 342.61248779296875 323.67498779296875 304.85626220703125 288.26873779296875 300.493743896484375 322.01251220703125 334.375 332.331268310546875 318.76873779296875 298.9375 281.96875 269.712493896484375 259.931243896484375 252.8562469482421875
382.306243896484375 384.51873779296875 388.725006103515625 397.287506103515625 407.875 418.5625 429.162506103515625 439.10626220703125 442.48748779296875 435.806243896484375 426.54998779296875 418.51251220703125 415.95001220703125 418.41876220703125 414.875 403.01873779296875 394.51251220703125 387.5 383.76251220703125 381.662506103515625 378.78125 377.95001220703125 378.212493896484375 377.89373779296875 378.51251220703125 380.01873779296875 381.287506103515625 376.725006103515625 369.86248779296875 360.875 344.76873779296875 327.875 315.23748779296875 306.962493896484375 302.13751220703125 312.962493896484375 334.78125 350.66876220703125 348.34375 331.32501220703125 308.556243896484375 289.568756103515625 275.20623779296875 263.60626220703125 255.0749969482421875
369.881256103515625 372.09375 373.66876220703125 381.79998779296875 394.63751220703125 408.881256103515625 420.73748779296875 432.4375 439.82501220703125 427.243743896484375 407.08123779296875 386.149993896484375 372.475006103515625 372.443756103515625 379.193756103515625 381.274993896484375 379.274993896484375 376.975006103515625 375.118743896484375 373.60626220703125 372.21875 370.96875 370.212493896484375 369.75 373.087493896484375 378.07501220703125 380.6875 375.13751220703125 365.256256103515625 350.85626220703125 332.975006103515625 317.66876220703125 314.79998779296875 314.306243896484375 317.84375 327.756256103515625 349.33123779296875 373.756256103515625 368.46875 341.88751220703125 315.40625 295.61248779296875 277.912506103515625 264.88751220703125 255.8874969482421875
356.73748779296875 356.100006103515625 355.85626220703125 364.95623779296875 380.431243896484375 394.98748779296875 409 421.20001220703125 425.962493896484375 410.46875 387.03125 363.70001220703125 338.931243896484375 342.5625 357.14373779296875 364.96875 367.48126220703125 367.98748779296875 368.10626220703125 368.13751220703125 365.243743896484375 363.137481689453125 361.8125 360.54998779296875 365.11248779296875 370.15625 374.524993896484375 368.037506103515625 357.78125 346.100006103515625 331.868743896484375 320.774993896484375 320.79998779296875 323.79998779296875 329.73126220703125 339.45001220703125 356.67498779296875 376.462493896484375 370.03125 343.868743896484375 317.08123779296875 296.04376220703125 278.13751220703125 264.60626220703125 256.48748779296875
345.48748779296875 343.17498779296875 340.78125 353.41876220703125 372.95623779296875 386.068756103515625 397.387481689453125 406.587493896484375 406.15625 394.556243896484375 375.82501220703125 356.256256103515625 339.868743896484375 338.600006103515625 347.28125 355.71875 360.61248779296875 363.86248779296875 364.225006103515625 362.29376220703125 358.587493896484375 354.037506103515625 351.17498779296875 348.73126220703125 352.256256103515625 359.149993896484375 361.63751220703125 360.13751220703125 353.15625 346.125 336.837493896484375 330.462493896484375 330.056243896484375 333.54998779296875 339.04998779296875 344.59375 355.412506103515625 361.287506103515625 354.056243896484375 335.737518310546875 312.5 292.91876220703125 275.95623779296875 264.10626220703125 254.0500030517578125
342.431243896484375 343.681243896484375 343.51873779296875 354.95001220703125 368.64373779296875 379.774993896484375 388.0625 392.36248779296875 389.868743896484375 380.70001220703125 368.506256103515625 356.193756103515625 344.90625 340.9375 345.10626220703125 351.693756103515625 357.568756103515625 361.462493896484375 362.26251220703125 359.431243896484375 355.162506103515625 346.67498779296875 340.975006103515625 335.056243896484375 339.431243896484375 348.212493896484375 354.16876220703125 354.34375 351.40625 345.20623779296875 342.193756103515625 339.524993896484375 340.6875 341.6875 345.381256103515625 346.95623779296875 350.493743896484375 349.337493896484375 340.625 324.818756103515625 305.48748779296875 287.17498779296875 270.193756103515625 259.61248779296875 253.024993896484375
344.287506103515625 346.8125 351.04998779296875 359.712493896484375 368.693756103515625 376.66876220703125 382.89373779296875 383.537506103515625 380.118743896484375 374.98748779296875 367.181243896484375 358.756256103515625 350.65625 346.556243896484375 348.70001220703125 354.125 359.225006103515625 362.70623779296875 364.506256103515625 360.08123779296875 352.556243896484375 344.79998779296875 334.28125 326.17498779296875 333.600006103515625 341.88751220703125 347.475006103515625 349.100006103515625 348.431243896484375 345.41876220703125 345.431243896484375 344.58123779296875 347.70001220703125 348.1875 348.331268310546875 347.975006103515625 347.3125 341.48126220703125 330.10626220703125 316.01251220703125 298.03125 279.806243896484375 264.243743896484375 254.993743896484375 256.16876220703125
349.03125 350.931243896484375 357.493743896484375 365.087493896484375 372.10626220703125 376.09375 378.875 377.98126220703125 375.287506103515625 370.881256103515625 365.756256103515625 360.25 353.556243896484375 349.725006103515625 351.79998779296875 356.76251220703125 361.15625 367.28125 366.70001220703125 363.84375 358.26251220703125 348.38751220703125 343 335.73748779296875 337.73748779296875 342.08123779296875 345.631256103515625 345.98748779296875 345.774993896484375 346.162506103515625 345.78125 345.524993896484375 348.443756103515625 348.4375 348.61248779296875 346.51873779296875 342.23748779296875 335.631256103515625 324.875 310.0625 294.03125 277.243743896484375 260.92498779296875 253.5374908447265625 266.08123779296875
351.58123779296875 354.556243896484375 361.51873779296875 369.9375 375.962493896484375 376.75 374.76873779296875 373.95001220703125 370.743743896484375 367.8125 365.024993896484375 360.375 355.35626220703125 354.04376220703125 356.875 362.63751220703125 369.95623779296875 373.92498779296875 374.493743896484375 371.88751220703125 365.587493896484375 356.9375 352.36248779296875 346.181243896484375 344.45001220703125 344.79376220703125 346.23748779296875 345.45001220703125 345.53125 346.15625 344.881256103515625 344.08123779296875 346.53125 348.07501220703125 348.84375 344.82501220703125 340.32501220703125 332.86248779296875 322.774993896484375 308.35626220703125 290.92498779296875 275.975006103515625 264.493743896484375 264.037506103515625 278.318756103515625
354.625 357.774993896484375 366.481231689453125 375.98748779296875 380.625 377.58123779296875 372.95623779296875 371.337493896484375 367.993743896484375 364.67498779296875 363.79998779296875 362.11248779296875 359.524993896484375 359.36248779296875 363.79998779296875 368.818756103515625 374.368743896484375 379.662506103515625 382.58123779296875 378.79998779296875 371.98748779296875 366.125 360.806243896484375 353.45001220703125 350.212493896484375 348.79376220703125 347.693756103515625 345.29376220703125 344.256256103515625 344.04998779296875 344 343.40625 344.350006103515625 346.76873779296875 346.90625 342.92498779296875 337.48748779296875 331.831268310546875 321.881256103515625 309.587493896484375 296.35626220703125 285.712493896484375 278.618743896484375 279.5625 285.743743896484375
354.51251220703125 357.9375 364.475006103515625 373.568756103515625 379.53125 372.931243896484375 368.88751220703125 366.274993896484375 363.4375 361.89373779296875 362.89373779296875 363.14373779296875 362.881256103515625 362.98126220703125 368.337493896484375 373.118743896484375 379.13751220703125 385.63751220703125 389.10626220703125 386.03125 378.524993896484375 371.88751220703125 368.01251220703125 359.73126220703125 354.10626220703125 352.5 349.868743896484375 345.79376220703125 344.26873779296875 343.212493896484375 343.33123779296875 343.17498779296875 343.212493896484375 344.92498779296875 344.837493896484375 340.818756103515625 335.15625 330.912506103515625 323.412506103515625 313.037506103515625 303.4375 296.20001220703125 291.912506103515625 290.17498779296875 294.33123779296875
350.66876220703125 353.149993896484375 357.79376220703125 363.51251220703125 366.256256103515625 362.54376220703125 361.618743896484375 358.743743896484375 357.16876220703125 356.96875 359.149993896484375 361.16876220703125 363.1875 366.318756103515625 372.13751220703125 376.51251220703125 380.03125 385.681243896484375 387.70001220703125 386.8125 379.76873779296875 373.92498779296875 371.07501220703125 362.431243896484375 357.78125 354.524993896484375 349.83123779296875 345.5 341.60626220703125 342.03125 342.29998779296875 342.1875 342.26873779296875 343.39373779296875 343.181243896484375 338.443756103515625 334.76251220703125 329.01873779296875 321.693756103515625 314.26251220703125 310.09375 306.087493896484375 303.92498779296875 305.5625 309.631256103515625
343.84375 345.73126220703125 349.475006103515625 352.84375 352.64373779296875 349.76251220703125 347.34375 345.32501220703125 343.39373779296875 346.78125 353.287506103515625 357.92498779296875 364.64373779296875 371.693756103515625 375.51251220703125 377.818756103515625 378.943756103515625 381.59375 382.537506103515625 382.475006103515625 376.943756103515625 372.04376220703125 368.78125 362.95001220703125 357.98126220703125 354.91876220703125 349.42498779296875 342.618743896484375 338.337493896484375 340.58123779296875 340.85626220703125 339.73748779296875 340.068756103515625 341.350006103515625 340.0625 336.318756103515625 332.056243896484375 326.79998779296875 319.66876220703125 317.58123779296875 315.037506103515625 313.506256103515625 314.21875 318.60626220703125 328.493743896484375
335.67498779296875 337.318756103515625 339.3125 340.96875 338.524993896484375 335.850006103515625 333.51251220703125 330.78125 330.1875 333.38751220703125 342.23126220703125 353.993743896484375 365.91876220703125 374.40625 377.23748779296875 376.96875 377.399993896484375 379.243743896484375 378.024993896484375 376.399993896484375 372.1875 368.53125 365.912506103515625 360.375 355.931243896484375 352.212493896484375 345.850006103515625 339.943756103515625 336.41876220703125 337.431243896484375 339.17498779296875 338.91876220703125 338.337493896484375 339.506256103515625 338.068756103515625 334.03125 328.850006103515625 322.462493896484375 318.931243896484375 318.11248779296875 316.46875 317.3125 320.48126220703125 326.57501220703125 337.57501220703125
329.306243896484375 329.51873779296875 330.100006103515625 329.04376220703125 326.40625 323.65625 319.54998779296875 316.068756103515625 313.45623779296875 318.243743896484375 331.475006103515625 348.20623779296875 367.26251220703125 379.693756103515625 380.53125 376.9375 374.506256103515625 373.91876220703125 372.125 368.21875 365.693756103515625 362.96875 360.96875 355.693756103515625 352.068756103515625 347.20001220703125 342.037506103515625 337.024993896484375 333.350006103515625 333.98126220703125 336.181243896484375 337.78125 337.350006103515625 336.70623779296875 334.462493896484375 329.90625 323.64373779296875 320.024993896484375 317.875 316.350006103515625 315.881256103515625 316.6875 320.66876220703125 326.29376220703125 334.287506103515625
324.243743896484375 323.16876220703125 322.38751220703125 320.16876220703125 316.88751220703125 311.84375 307.20001220703125 301.212493896484375 296.38751220703125 298.98748779296875 314.225006103515625 337.350006103515625 361.475006103515625 376.70623779296875 377.95001220703125 374.23748779296875 369.568756103515625 367.618743896484375 364.662506103515625 359.962493896484375 356.537506103515625 354.8125 352.25 347.118743896484375 343.95623779296875 341.15625 336.59375 332.6875 330.21875 330.9375 333.95001220703125 335.36248779296875 335.743743896484375 335.125 332.412506103515625 326.774993896484375 323.506256103515625 318.993743896484375 314.931243896484375 313.337493896484375 312.975006103515625 314.125 316.662506103515625 321.443756103515625 326.16876220703125
319.181243896484375 317.53125 314.95001220703125 311.993743896484375 308.125 302.868743896484375 298.29998779296875 290.66876220703125 282.01873779296875 277.51251220703125 297.53125 332.337493896484375 357.70623779296875 370.21875 372.48748779296875 369.337493896484375 364.212493896484375 360.962493896484375 356.774993896484375 350.837493896484375 347.631256103515625 344.056243896484375 341.806243896484375 337.54998779296875 335.587493896484375 334.493743896484375 331.20623779296875 329.09375 327.493743896484375 328.79998779296875 331.5625 333.17498779296875 334.100006103515625 333.712493896484375 330.73748779296875 325.837493896484375 321.5 316 312.16876220703125 309.068756103515625 306.54376220703125 307.08123779296875 310.16876220703125 313.45623779296875 316.08123779296875
314.662506103515625 312.350006103515625 308.89373779296875 306.10626220703125 302.51251220703125 298.662506103515625 293.743743896484375 287 279.462493896484375 272.306243896484375 306.774993896484375 342.21875 359.20623779296875 367.087493896484375 368.243743896484375 364.5625 358.243743896484375 354.899993896484375 350.4375 343.73748779296875 338.88751220703125 333.66876220703125 330.41876220703125 327.212493896484375 326.34375 326.962493896484375 324.58123779296875 323.681243896484375 323.618743896484375 326.243743896484375 328.600006103515625 329.375 330.38751220703125 330.662506103515625 327.768768310546875 323.15625 317.33123779296875 312.225006103515625 308.33123779296875 304.068756103515625 299.95001220703125 300.71875 301.73126220703125 302.431243896484375 305.10626220703125
315.29998779296875 310.225006103515625 307.07501220703125 303.899993896484375 300.73126220703125 297.41876220703125 293.42498779296875 291.98748779296875 295.5 312.59375 352.20623779296875 360.90625 363.524993896484375 366.475006103515625 366.087493896484375 361.65625 356.42498779296875 350.993743896484375 344.712493896484375 337.443756103515625 329.51251220703125 323.28125 319.643768310546875 317.274993896484375 316.868743896484375 318.20623779296875 318.36248779296875 319.681243896484375 321.931243896484375 326.225006103515625 328.61248779296875 329.337493896484375 329.412506103515625 327.881256103515625 327.51251220703125 322.568756103515625 315.79376220703125 310.51251220703125 305.243743896484375 299 294.524993896484375 293.95623779296875 293.600006103515625 294.962493896484375 297.412506103515625
317.09375 311.15625 306.818756103515625 302.20001220703125 300.5625 298.850006103515625 297.431243896484375 300.82501220703125 310.41876220703125 328.67498779296875 350.17498779296875 361.256256103515625 363.881256103515625 365.51251220703125 363.85626220703125 360.381256103515625 355.375 349.318756103515625 340.056243896484375 330.61248779296875 318.86248779296875 311.931243896484375 307.806243896484375 306.04376220703125 307.0625 309.10626220703125 311.73126220703125 315.98126220703125 319.931243896484375 324.306243896484375 326.631256103515625 329.212493896484375 330.63751220703125 328.92498779296875 325.912506103515625 320.537506103515625 313.54376220703125 307.32501220703125 300.92498779296875 293.70001220703125 288.88751220703125 287.51251220703125 285.931243896484375 286.443756103515625 289.20001220703125
