data/historical-monthly-weather-data/wc2.1_cruts4.09_10m_prec_1991-02.asc
ncols        45
nrows        45
xllcorner    -63.500000000000
yllcorner    -7.500000000000
cellsize     0.166666666667
NODATA_value -9999
[rows 20 to 39 of 45, columns 0 to 44 of 45]
169.756256103515625 181.943756103515625 188.993743896484375 195.600006103515625 204.1875 211.287506103515625 218.7624969482421875 226.149993896484375 232.1999969482421875 237.1500091552734375 241.1374969482421875 247.368743896484375 254.6125030517578125 261.01873779296875 253.0124969482421875 238.1999969482421875 225.9812469482421875 218.524993896484375 217.1437530517578125 216.75 219.6374969482421875 222.09375 223.5124969482421875 225.7624969482421875 228.568756103515625 232.1750030517578125 237.118743896484375 242.1750030517578125 248.212493896484375 253.7375030517578125 253.649993896484375 247.493743896484375 231.625 211.3562469482421875 193.087493896484375 208.056243896484375 235.6374969482421875 258.84375 275.537506103515625 285.693756103515625 289.881256103515625 290.975006103515625 292.45623779296875 293.10626220703125 291.10626220703125
166.3625030517578125 179.28125 186.9875030517578125 195.2687530517578125 203.681243896484375 211.368743896484375 219.118743896484375 226.743743896484375 232.6999969482421875 235.7375030517578125 236.9000091552734375 238.8562469482421875 241.2624969482421875 242.493743896484375 240.037506103515625 232.4499969482421875 224.4499969482421875 219.0812530517578125 216.4250030517578125 215.4812469482421875 215.4499969482421875 216.600006103515625 219.337493896484375 221.431243896484375 224.8000030517578125 229.725006103515625 236.149993896484375 242.28125 249.725006103515625 256.931243896484375 260.16876220703125 255.399993896484375 242.125 227.774993896484375 218.725006103515625 229.0187530517578125 249.381256103515625 266.975006103515625 278.681243896484375 285.631256103515625 289.493743896484375 290.993743896484375 291.681243896484375 291.34375 289.8125
165.443756103515625 179.2624969482421875 186.6437530517578125 195.056243896484375 203.4000091552734375 211.96875 218.8000030517578125 226.75 233.056243896484375 233.1875 230.6437530517578125 228.125 225.868743896484375 225.993743896484375 227.568756103515625 225.34375 220.756256103515625 217.375 214.318756103515625 211.6750030517578125 211.1687469482421875 211.0187530517578125 212.2375030517578125 214.350006103515625 219 225.4812469482421875 232.7062530517578125 240.2687530517578125 249.625 259.08123779296875 265.95623779296875 267.42498779296875 256.71875 247.75 247.2375030517578125 257.95001220703125 271 280.943756103515625 286.53125 287.98748779296875 289.4375 290.26251220703125 290.26873779296875 289.756256103515625 288.76873779296875
167.193756103515625 180.4187469482421875 187.7312469482421875 194.6999969482421875 202.8249969482421875 211.1750030517578125 218.693756103515625 225.2937469482421875 230.600006103515625 229.03125 225.34375 221.1750030517578125 214.693756103515625 216.46875 220.068756103515625 219.912506103515625 217.375 215.5500030517578125 212.5625 209.1437530517578125 207.15625 205.631256103515625 205.3562469482421875 207.6437530517578125 212.912506103515625 218.75 227.943756103515625 237.53125 247.462493896484375 258.5625 267.65625 271.837493896484375 266.36248779296875 262.86248779296875 266.90625 279.45001220703125 288.60626220703125 290.63751220703125 290.912506103515625 289.70623779296875 289.73748779296875 289.1875 289.1875 289.51251220703125 290.64373779296875
172.2375030517578125 183.712493896484375 189.975006103515625 196.6687469482421875 204.84375 211.256256103515625 217.774993896484375 223.0625 225.6999969482421875 225.0124969482421875 222.09375 218.7375030517578125 215.6687469482421875 215.71875 216.96875 217.4875030517578125 216.6062469482421875 214.787506103515625 211.6687469482421875 207.65625 204.662506103515625 201.024993896484375 198.506256103515625 199.868743896484375 204.743743896484375 213.90625 223.2375030517578125 234.375 244.8625030517578125 255.6875 264.375 269.412506103515625 269.4375 270.287506103515625 275.225006103515625 283.07501220703125 289.38751220703125 290.29376220703125 289.57501220703125 288.29376220703125 287.962493896484375 287.193756103515625 287.818756103515625 290.087493896484375 291.03125
181.7312469482421875 191.850006103515625 195.881256103515625 201.193756103515625 207.774993896484375 213.162506103515625 217.412506103515625 221.212493896484375 222.9562530517578125 222.6187591552734375 220.649993896484375 219.1437530517578125 218.3249969482421875 217.46875 218.181243896484375 217.943756103515625 217.162506103515625 215.1750030517578125 212.475006103515625 207.993743896484375 203.3937530517578125 197.306243896484375 192.037506103515625 191.2624969482421875 198.462493896484375 209.1437530517578125 221.181243896484375 231.6937408447265625 242.587493896484375 252.068756103515625 260.024993896484375 266.037506103515625 268.568756103515625 271.506256103515625 276.16876220703125 281.36248779296875 285.506256103515625 286.887481689453125 285.11248779296875 284.35626220703125 284.40625 284.225006103515625 284.631256103515625 287.58123779296875 291.65625
192.5187530517578125 200.524993896484375 203.0437469482421875 207.4187469482421875 211.712493896484375 214.899993896484375 218.2375030517578125 220 221.5 222.25 221.912506103515625 221.4812469482421875 221.75 221.8937530517578125 222.0812530517578125 222.4187469482421875 221.3937530517578125 219.431243896484375 216.1062469482421875 211.03125 205.09375 198.087493896484375 190.350006103515625 187.96875 197.4812469482421875 208.725006103515625 220.4187469482421875 231.1062469482421875 240.9250030517578125 249.875 258.006256103515625 263.149993896484375 266.26873779296875 271.34375 274.28125 278.587493896484375 281.88751220703125 282.34375 281.618743896484375 280.756256103515625 280.443756103515625 280.20623779296875 280.693756103515625 283.587493896484375 291.149993896484375
204.0875091552734375 209.2624969482421875 211.056243896484375 213.412506103515625 215.6125030517578125 216.7312469482421875 219.162506103515625 221.2062530517578125 222.4499969482421875 223.774993896484375 223.681243896484375 224.100006103515625 224.806243896484375 225.462493896484375 226.274993896484375 227.100006103515625 226.212493896484375 225.25 221.5749969482421875 216.8249969482421875 211.0187530517578125 203.787506103515625 198.3625030517578125 197.118743896484375 202.756256103515625 212.1374969482421875 222.5124969482421875 232.462493896484375 241.3625030517578125 249.7937469482421875 257.3125 263.15625 267.524993896484375 270.04998779296875 272.125 275.79998779296875 277.32501220703125 278.61248779296875 277.5625 276.15625 275.79376220703125 276.587493896484375 277.59375 281.98126220703125 292.45623779296875
214.8312530517578125 218.2375030517578125 218.2062530517578125 219.0124969482421875 220.037506103515625 219.931243896484375 221.181243896484375 222.274993896484375 223.9187469482421875 225.600006103515625 226.0749969482421875 226.9250030517578125 227.7937469482421875 229.837493896484375 231.475006103515625 233.431243896484375 233.9375 232.274993896484375 229.881256103515625 224.9375 219.462493896484375 212.4187469482421875 208.600006103515625 208.1750030517578125 211.0625 217.493743896484375 226.75 235.5437469482421875 244.6125030517578125 252.212493896484375 258.16876220703125 264.25 267.100006103515625 269.037506103515625 271.11248779296875 273.037506103515625 275.056243896484375 276.21875 276.399993896484375 273.91876220703125 271.09375 271.506256103515625 275.53125 283.649993896484375 296.26251220703125
225.5625 226.2687530517578125 225.1125030517578125 224.34375 224.9375 224.368743896484375 224.306243896484375 224.693756103515625 225.7062530517578125 227.7062530517578125 228.96875 231.212493896484375 233.2624969482421875 236.337493896484375 239.056243896484375 240.5749969482421875 242.256256103515625 242.787506103515625 240.96875 235.6687469482421875 229.4625091552734375 223.5124969482421875 219.96875 218.9812469482421875 220.506256103515625 225.306243896484375 232.9250030517578125 240.256256103515625 248.056243896484375 254.3000030517578125 260.61248779296875 266.32501220703125 268.10626220703125 270.01251220703125 271.16876220703125 273.23126220703125 274.07501220703125 275.625 274.399993896484375 271.95001220703125 272.46875 275.118743896484375 279.024993896484375 288.118743896484375 295.70001220703125
234.46875 233.375 230.3000030517578125 228.9562530517578125 228.118743896484375 227.587493896484375 227.1062469482421875 227.306243896484375 228.287506103515625 229.931243896484375 232.943756103515625 236.6687469482421875 240.4812469482421875 243.287506103515625 245.912506103515625 248.8125 251.4499969482421875 253.056243896484375 252.7624969482421875 247.399993896484375 240.6374969482421875 234.0500030517578125 229.868743896484375 228.443756103515625 229.21875 233.037506103515625 239.193756103515625 245.743743896484375 252.375 257.681243896484375 263.212493896484375 268.556243896484375 271.17498779296875 273.087493896484375 274.368743896484375 274.46875 275.23126220703125 277.07501220703125 275.40625 272.29998779296875 273.84375 279.29376220703125 284.51251220703125 290.40625 297.818756103515625
240.2750091552734375 237.868743896484375 234.5437469482421875 232.837493896484375 231.0437469482421875 229.7687530517578125 229.368743896484375 228.524993896484375 229.506256103515625 232.306243896484375 235.6374969482421875 240.7937469482421875 246.100006103515625 250.649993896484375 253.818756103515625 257.76251220703125 258.83123779296875 259.90625 259.5 255.943756103515625 249.818756103515625 243.96875 238.8874969482421875 237.4375 238.1750030517578125 240.712493896484375 245.53125 251.181243896484375 257.0625 262.45623779296875 267.45623779296875 271.837493896484375 274.381256103515625 275.96875 277.45623779296875 277.350006103515625 277.96875 278.587493896484375 276.412506103515625 276.36248779296875 280.46875 286.274993896484375 291.57501220703125 298.225006103515625 307.04998779296875
244.6374969482421875 242.256256103515625 239.256256103515625 236.8000030517578125 233.993743896484375 232.412506103515625 230.931243896484375 230.2375030517578125 231.8874969482421875 235.2937469482421875 240.5500030517578125 246.649993896484375 254.162506103515625 260.53125 264.08123779296875 266.36248779296875 266.875 268.13751220703125 266.4375 263.462493896484375 258.79376220703125 253.1062469482421875 248.3562469482421875 246.399993896484375 246.90625 248.8937530517578125 252.774993896484375 258.35626220703125 263.65625 267.76251220703125 272.46875 275.850006103515625 277.76873779296875 280.15625 282.3125 283.11248779296875 283.29998779296875 282.375 280.493743896484375 283.79376220703125 287.98748779296875 293.75 300.431243896484375 308.756256103515625 323.11248779296875
249.287506103515625 246.162506103515625 242.850006103515625 240.40625 237.0749969482421875 234.4562530517578125 232.65625 231.9499969482421875 232.4562530517578125 236.2312469482421875 242.6999969482421875 251.8625030517578125 262.35626220703125 270.01873779296875 273.70623779296875 275.475006103515625 275.46875 275.71875 273.79998779296875 270.95623779296875 266.149993896484375 260.57501220703125 256.5625 254.34375 254.6687469482421875 256.1875 259.75 264.41876220703125 269.681243896484375 273.78125 277.818756103515625 280.806243896484375 283.618743896484375 285.806243896484375 287.068756103515625 288.25 288.07501220703125 287.25 286.806243896484375 289.806243896484375 293.068756103515625 299.431243896484375 308.71875 318.475006103515625 333.78125
253.662506103515625 250.881256103515625 247.34375 243.4375 240.212493896484375 237.2375030517578125 234.0187530517578125 232.162506103515625 231.71875 235.0437469482421875 243.65625 257.20623779296875 271.381256103515625 281.0625 283.92498779296875 284.78125 283.350006103515625 282.4375 281.09375 277.556243896484375 273.70623779296875 267.725006103515625 263.368743896484375 260.475006103515625 261.01251220703125 261.725006103515625 265.625 270.54998779296875 275.57501220703125 279.54376220703125 282.393768310546875 286.243743896484375 288.91876220703125 291.61248779296875 292.85626220703125 292.86248779296875 291.86248779296875 293.39373779296875 293.83123779296875 294.5 297.32501220703125 302.53125 311.10626220703125 320.85626220703125 333.71875
258.8125 256.48126220703125 252.65625 248.037506103515625 243.9812469482421875 241.087493896484375 237.118743896484375 233.712493896484375 231.649993896484375 234.0625 244.337493896484375 260.88751220703125 278.256256103515625 289.88751220703125 292.65625 292.89373779296875 291.73748779296875 290.125 286.82501220703125 283.875 279.399993896484375 274.337493896484375 269.13751220703125 266.89373779296875 266.274993896484375 266.956268310546875 270.837493896484375 276.868743896484375 281.78125 284.82501220703125 287.95623779296875 291.40625 294.8125 297.837493896484375 298.14373779296875 296.993743896484375 298.21875 297.850006103515625 297.293731689453125 298.850006103515625 302.193756103515625 305.65625 311.38751220703125 320.20623779296875 329.29376220703125
265.243743896484375 262.943756103515625 258.25 255 250.4562530517578125 246.8000030517578125 242.2375030517578125 237.506256103515625 232.9875030517578125 229.662506103515625 244.443756103515625 268.45623779296875 285.681243896484375 295.918731689453125 299.743743896484375 299.8125 298.53125 296.38751220703125 293.712493896484375 289.5 284.17498779296875 278.375 273.28125 271.01251220703125 270.09375 271.1875 275.318756103515625 281.08123779296875 286.90625 289.66876220703125 292.45001220703125 295.462493896484375 299.83123779296875 303.0625 304.23126220703125 304.412506103515625 303.41876220703125 302.33123779296875 301.543731689453125 301.787506103515625 303.08123779296875 306.037506103515625 310.568756103515625 317.14373779296875 323.912506103515625
271.85626220703125 269.774993896484375 265.45001220703125 261.743743896484375 257.975006103515625 253.993743896484375 249.756256103515625 245.399993896484375 242.34375 237.149993896484375 261.600006103515625 287.181243896484375 298.350006103515625 304.28125 307.15625 306.79376220703125 303.76251220703125 301.5 297.38751220703125 292.006256103515625 286.600006103515625 280.118743896484375 275.57501220703125 273.318756103515625 272.98748779296875 274.35626220703125 278.443756103515625 284.79376220703125 290.975006103515625 294.556243896484375 295.993743896484375 299.0625 303.5625 307.662506103515625 308.806243896484375 309.162506103515625 307.82501220703125 306.54376220703125 305.17498779296875 304.01873779296875 303.356231689453125 305.33123779296875 307.45001220703125 311.36248779296875 316.78125
280.20001220703125 277.056243896484375 272.46875 269.90625 266.04998779296875 263.16876220703125 261.40625 260.53125 263.42498779296875 276.59375 304.712493896484375 311.45623779296875 313.11248779296875 315.125 316.181243896484375 313.48748779296875 309.89373779296875 305.61248779296875 299.368743896484375 292.931243896484375 285.818756103515625 279.024993896484375 275.350006103515625 272.95623779296875 272.9375 275.631256103515625 279.96875 286.3125 292.98748779296875 296.66876220703125 299.975006103515625 302.70001220703125 306.350006103515625 310.100006103515625 313.618743896484375 313.39373779296875 311.04998779296875 310.15625 307.618743896484375 303.96875 302.86248779296875 303.3125 304.912506103515625 307.662506103515625 312.0625
289.087493896484375 285.381256103515625 281.15625 277.78125 274.556243896484375 273.35626220703125 272.8125 275.98748779296875 283.037506103515625 297.46875 314.068756103515625 321.89373779296875 325.0625 325.76251220703125 324.837493896484375 321.787506103515625 316.91876220703125 310.625 302.09375 294.39373779296875 284.29998779296875 276.67498779296875 272.10626220703125 270.26251220703125 272.368743896484375 275.58123779296875 280.662506103515625 287.274993896484375 294.40625 298.51873779296875 301.556243896484375 306.59375 312.243743896484375 315.26873779296875 316.8125 316.462493896484375 313.493743896484375 310.90625 308.29376220703125 303.337493896484375 300.875 301.04376220703125 301.66876220703125 302.431243896484375 306.600006103515625
