data/historical-monthly-weather-data/wc2.1_cruts4.09_10m_prec_1984-06.asc
ncols        51
nrows        45
xllcorner    -63.500000000000
yllcorner    -7.500000000000
cellsize     0.166666666667
NODATA_value -9999
[rows 0 to 18 of 45, columns 0 to 43 of 51]
319.07501220703125 314.100006103515625 311.149993896484375 318.61248779296875 321.631256103515625 327.649993896484375 327.45001220703125 325.16876220703125 317.149993896484375 320.006256103515625 325.462493896484375 325.5 325.818756103515625 322.181243896484375 316.36248779296875 312.256256103515625 305.5 298.26873779296875 290.693756103515625 286.649993896484375 287.32501220703125 279.149993896484375 272.5 261.84375 253.2624969482421875 246.2937469482421875 243.28125 242.443756103515625 234.5437469482421875 224.8625030517578125 210.4875030517578125 202.5437469482421875 198.6374969482421875 190.9562530517578125 184.4812469482421875 181.53125 178.53125 177.287506103515625 174.2062530517578125 173.475006103515625 175.4812469482421875 181.7937469482421875 181.71875 183.962493896484375
314.350006103515625 308.725006103515625 311.943756103515625 316.475006103515625 323.8125 329.28125 328.587493896484375 325.51251220703125 325.23748779296875 327.11248779296875 328.5625 325.600006103515625 316.76873779296875 310.274993896484375 302.125 295.79998779296875 286.618743896484375 276.368743896484375 268.193756103515625 265.29376220703125 263.83123779296875 256.756256103515625 252.5812530517578125 245.4562530517578125 237.6999969482421875 230.381256103515625 228.3562469482421875 225.46875 219.162506103515625 206.931243896484375 197.5500030517578125 194.34375 189.59375 184.875 181.0187530517578125 176.193756103515625 175 173.443756103515625 171.243743896484375 171.475006103515625 176.006256103515625 174.399993896484375 179.3249969482421875 181.350006103515625
301.868743896484375 304.149993896484375 305.75 303.850006103515625 310.29998779296875 318.84375 321.64373779296875 327.75 328.73126220703125 329.806243896484375 327.387481689453125 319 311.1875 297.17498779296875 286.399993896484375 277.975006103515625 266.40625 256.98126220703125 249.5062408447265625 244.4875030517578125 243.243743896484375 241.625 236.5 233.5 222.65625 214.2312469482421875 216.100006103515625 211.65625 203.0500030517578125 197.0812530517578125 186.7312469482421875 180.7375030517578125 176.193756103515625 173.524993896484375 168.2624969482421875 160.8562469482421875 161.9562530517578125 163.5 162.6374969482421875 164.0250091552734375 170.368743896484375 171.4375 174.21875 175.1999969482421875
287.51873779296875 284.037506103515625 289.875 291.975006103515625 292.962493896484375 301.162506103515625 310.23126220703125 318.92498779296875 325.15625 328.587493896484375 322.399993896484375 309.899993896484375 296.78125 281.524993896484375 270.912506103515625 261.318756103515625 246.506256103515625 238.7375030517578125 231.868743896484375 233.8125 230.25 222.8874969482421875 219.4187469482421875 217.8937530517578125 207.0625 199.1125030517578125 198.40625 192.462493896484375 188.337493896484375 183.7312469482421875 176.1624908447265625 168.2687530517578125 163.8937530517578125 157.6437530517578125 153.100006103515625 154.556243896484375 156.4250030517578125 156.0812530517578125 155.350006103515625 157.225006103515625 162.5 167.7375030517578125 170.412506103515625 170.9499969482421875
294.9375 287.006256103515625 273.76251220703125 276.556243896484375 283.40625 287.11248779296875 296.756256103515625 311.212493896484375 323.787506103515625 328.59375 321.14373779296875 298.23126220703125 284.17498779296875 270.16876220703125 255.712493896484375 244.631256103515625 232.443756103515625 220.037506103515625 213.0749969482421875 212.8937530517578125 209.100006103515625 205.5187530517578125 203.0124969482421875 200.0187530517578125 190.006256103515625 183.568756103515625 180.649993896484375 180.5 177.337493896484375 169.6750030517578125 165.431243896484375 160.337493896484375 154.7624969482421875 150.493743896484375 148.868743896484375 146.9875030517578125 148.59375 150.9562530517578125 149.506256103515625 149.875 155.6687469482421875 160.84375 165.2062530517578125 169.375
283.41876220703125 280.024993896484375 268.60626220703125 252.9499969482421875 263.01873779296875 278.10626220703125 284.15625 294.73748779296875 311.225006103515625 318.25 305.193756103515625 284.350006103515625 271.42498779296875 258.16876220703125 241.931243896484375 230.975006103515625 217.993743896484375 206.5 202.493743896484375 199.8562469482421875 198.4875030517578125 193.993743896484375 190.0749969482421875 182.8562469482421875 177.368743896484375 172.399993896484375 168.1374969482421875 168.1062469482421875 166.024993896484375 159.712493896484375 158.1750030517578125 154.34375 152.1187591552734375 147.3937530517578125 142.6999969482421875 146.3937530517578125 145.6062469482421875 142.725006103515625 144.943756103515625 150.3874969482421875 152.75 158.9875030517578125 161.1125030517578125 164.375
278.193756103515625 270.85626220703125 260.993743896484375 250.7937469482421875 243.600006103515625 247.024993896484375 253.03125 269.29376220703125 275.79998779296875 281.975006103515625 277.20001220703125 262.662506103515625 254.931243896484375 245.875 231.787506103515625 220.1875 210.2624969482421875 199.5437469482421875 190.681243896484375 188.662506103515625 182.0437469482421875 178.350006103515625 173.4499969482421875 169.662506103515625 168.399993896484375 163.806243896484375 159.3000030517578125 157.34375 155.3812408447265625 155.8562469482421875 150.7874908447265625 145.350006103515625 142.71875 142.4250030517578125 143.1687469482421875 143.0124969482421875 139.1875 139.0749969482421875 140.3874969482421875 146.381256103515625 148.475006103515625 152.7062530517578125 157.0749969482421875 160.306243896484375
269.67498779296875 256.618743896484375 248.0749969482421875 245.2624969482421875 238.9875030517578125 245.068756103515625 238.5437469482421875 233.443756103515625 229.8000030517578125 239.618743896484375 244.662506103515625 240.625 237.3625030517578125 230.162506103515625 222.6062469482421875 212.3312530517578125 199.6687469482421875 190.412506103515625 181.34375 173.3312530517578125 175.993743896484375 169.475006103515625 163.256256103515625 159.1125030517578125 157.8874969482421875 151.875 148.868743896484375 147.1062469482421875 145.681243896484375 143.125 145.006256103515625 140.056243896484375 138.962493896484375 137.975006103515625 135.2624969482421875 134.631256103515625 133.993743896484375 134.03125 132.3249969482421875 134.09375 137.993743896484375 144.881256103515625 145.4375 145.6062469482421875
258.287506103515625 248.0625 237.2062530517578125 231.931243896484375 228.368743896484375 228.024993896484375 230.2562408447265625 229.71875 217.84375 211.837493896484375 213.9812469482421875 215.600006103515625 220.59375 216.8625030517578125 211.443756103515625 201.2624969482421875 196.7687530517578125 190.493743896484375 183.65625 172.8625030517578125 163.587493896484375 164.3000030517578125 154.0812530517578125 154.662506103515625 149.5812530517578125 144.693756103515625 141.96875 142.056243896484375 144.087493896484375 141.28125 143.899993896484375 133.912506103515625 127.875 126 127.59375 132.131256103515625 134.181243896484375 136.28125 134.493743896484375 132.7312469482421875 132.7624969482421875 133.131256103515625 139.21875 138.8562469482421875
247.568756103515625 238.5124969482421875 229.1125030517578125 223.84375 219.649993896484375 217.931243896484375 218.40625 214.1125030517578125 211.25 207.381256103515625 202.975006103515625 195.15625 202.625 203.6750030517578125 201.25 196.1125030517578125 189.600006103515625 189.8562469482421875 184.3000030517578125 177.5 164.7624969482421875 156.9499969482421875 145.5437469482421875 143.493743896484375 137.5749969482421875 136.0124969482421875 134.443756103515625 133.3937530517578125 132.8249969482421875 134.3937530517578125 135.274993896484375 129.2312469482421875 127.1875 126.3312530517578125 124.90000152587890625 127.73749542236328125 131.9187469482421875 136.0625 136.25 139.0625 141.09375 140.681243896484375 135.556243896484375 129.1125030517578125
240.475006103515625 229.6374969482421875 220.4499969482421875 213.9250030517578125 207.756256103515625 208.625 203.96875 200.0437469482421875 200.15625 199.1125030517578125 197.7375030517578125 191.5625 188.1374969482421875 190.649993896484375 188.662506103515625 186.2687530517578125 182.2062530517578125 178.6875 177.912506103515625 177.806243896484375 174.7624969482421875 161.681243896484375 143.975006103515625 128.0437469482421875 128.024993896484375 133.1687469482421875 133.125 129.625 126.30625152587890625 126.50624847412109375 127.1125030517578125 124.25624847412109375 124.2687530517578125 124.6062469482421875 124.6875 125.0625 129.337493896484375 131.962493896484375 137.6687469482421875 138.806243896484375 139.6750030517578125 136.443756103515625 134.3562469482421875 123.5437469482421875
229.46875 220.34375 214.850006103515625 205.6125030517578125 200.4499969482421875 197.506256103515625 197.9499969482421875 195.743743896484375 194.881256103515625 188.693756103515625 190.006256103515625 186.8000030517578125 175.9875030517578125 177.9562530517578125 181.4875030517578125 178.600006103515625 174.975006103515625 173.4562530517578125 174.96875 181.7062530517578125 179.7375030517578125 168.475006103515625 149.2312469482421875 129.1374969482421875 123.8874969482421875 122.8312530517578125 120.9250030517578125 120.78125 121.3000030517578125 120.24375152587890625 116.25 117.15000152587890625 118.4499969482421875 117.0749969482421875 119.90625 124.69374847412109375 130.975006103515625 134.975006103515625 133.7312469482421875 138.6687469482421875 140.0812530517578125 135.59375 123.8937530517578125 106.78749847412109375
223.2624969482421875 213.2312469482421875 206.2312469482421875 197.6062469482421875 193.6999969482421875 188.8625030517578125 187.524993896484375 185.8312530517578125 182.475006103515625 179.850006103515625 179.625 178.868743896484375 174.4812469482421875 164.2937469482421875 164.068756103515625 165.4250030517578125 164.1687469482421875 165.6125030517578125 162.1125030517578125 167.412506103515625 169.15625 159.693756103515625 145.537506103515625 129.3312530517578125 116.25624847412109375 113.1437530517578125 114.41249847412109375 115.52500152587890625 117.3625030517578125 118.61875152587890625 114.0437469482421875 110.8000030517578125 114.59999847412109375 112.1125030517578125 114.4375 120.9875030517578125 130.8125 137.556243896484375 145.118743896484375 145.381256103515625 140.006256103515625 132.96875 115.16249847412109375 101.16249847412109375
215.0812530517578125 205.9250030517578125 197.912506103515625 190.3562469482421875 183.306243896484375 180.149993896484375 176.7062530517578125 176.40625 175.274993896484375 171.34375 170.0625 165.7624969482421875 163.5749969482421875 157.8937530517578125 147.46875 151.9562530517578125 150.318756103515625 149.6437530517578125 149.0625 152.6750030517578125 153.118743896484375 145.5625 134.975006103515625 125.78749847412109375 116.9562530517578125 110.1374969482421875 108.03749847412109375 107.3625030517578125 108.56874847412109375 109.28749847412109375 109.84999847412109375 108.56874847412109375 109.86875152587890625 111.71250152587890625 111.28749847412109375 122.71875 136.3499908447265625 147.78125 155.7937469482421875 152.8312530517578125 134.756256103515625 121.66249847412109375 116.1875 115.83750152587890625
202.7312469482421875 194.7312469482421875 189.443756103515625 183.6437530517578125 176.4875030517578125 172.993743896484375 170.912506103515625 168.462493896484375 166.587493896484375 164.0625 161.006256103515625 157.4187469482421875 154.125 146.875 134.9375 137.162506103515625 137.006256103515625 139.5625 136.2062530517578125 138.0749969482421875 139.9875030517578125 134.881256103515625 129.5437469482421875 124.2312469482421875 120.8312530517578125 115.4375 113.3874969482421875 111.4875030517578125 113.125 109.7312469482421875 105.6687469482421875 106.71250152587890625 112.4187469482421875 110.00624847412109375 106.125 111.5625 131.8000030517578125 152.6437530517578125 157.7375030517578125 150.6687469482421875 141.662506103515625 135.037506103515625 134.0437469482421875 124.0749969482421875
193.46875 184.087493896484375 179.381256103515625 172.3125 169.006256103515625 166.4499969482421875 163.162506103515625 159.4250030517578125 159.8249969482421875 160.5 157.100006103515625 152.3125 148.5500030517578125 141.600006103515625 131.71875 119.50624847412109375 122.40000152587890625 127.71250152587890625 125.1999969482421875 126.56874847412109375 127.4812469482421875 125.3937530517578125 124.21875 123.7624969482421875 121.61875152587890625 117.36875152587890625 113.625 112.99375152587890625 112.6062469482421875 114.03125 111.93125152587890625 108.81874847412109375 104.90000152587890625 100.90000152587890625 97.9187469482421875 116.6750030517578125 127.5749969482421875 142.4250030517578125 152.806243896484375 156.556243896484375 156.2312469482421875 150.75 140.2624969482421875 125.46250152587890625
182.712493896484375 175.475006103515625 168.975006103515625 165.431243896484375 161.96875 160.25 156.943756103515625 154.375 151.2624969482421875 150.2624969482421875 150.1125030517578125 146.743743896484375 140.4250030517578125 133.7687530517578125 129.2312469482421875 118.58124542236328125 106.31874847412109375 110.3000030517578125 113.46250152587890625 114.0625 113.7937469482421875 115.5625 116 120.7312469482421875 119.5500030517578125 112.4375 109.31874847412109375 108.3249969482421875 111.96875 114.53125 115.6125030517578125 115.46875 111.5812530517578125 111.7062530517578125 119.68125152587890625 128.318756103515625 141.71875 153.6999969482421875 163.0749969482421875 157.4562530517578125 156.899993896484375 147.3625030517578125 132.962493896484375 122.9562530517578125
170.287506103515625 164.462493896484375 161.375 158.037506103515625 155.2062530517578125 155.25 151.212493896484375 148 145.0625 141.475006103515625 139.287506103515625 138.3937530517578125 131.537506103515625 126.13124847412109375 123.61875152587890625 116.36875152587890625 104.94374847412109375 94.625 104.11249542236328125 101.53749847412109375 101.78749847412109375 104.16249847412109375 109.25 113.40000152587890625 115.53749847412109375 109.3125 104.4875030517578125 108.24375152587890625 111.1999969482421875 111.3874969482421875 107.3312530517578125 104.05625152587890625 119.03749847412109375 123.27500152587890625 127.06874847412109375 149.868743896484375 160.6750030517578125 158.962493896484375 160.868743896484375 157.6687469482421875 143.975006103515625 132.193756103515625 121.2312469482421875 114.8249969482421875
159.212493896484375 155.931243896484375 153.1125030517578125 150.806243896484375 148.9187469482421875 146.6125030517578125 143.600006103515625 140.1062469482421875 138.8062591552734375 137.1687469482421875 133.9499969482421875 126.6062469482421875 121.3125 117.9562530517578125 113.53749847412109375 108.50624847412109375 104.625 92.625 87.84375 87.59999847412109375 92.16875457763671875 98.625 94.31874847412109375 101.8000030517578125 104.6125030517578125 107.91249847412109375 107.6125030517578125 105.81874847412109375 111.0500030517578125 111 108.8312530517578125 111.18125152587890625 119.41249847412109375 121.91249847412109375 130.337493896484375 146.84375 151.21875 148.15625 149.068756103515625 141.774993896484375 130.381256103515625 116.7062530517578125 110.97499847412109375 108.47499847412109375
