data/historical-monthly-weather-data/wc2.1_cruts4.09_10m_prec_1986-08.asc
ncols        51
nrows        45
xllcorner    -63.500000000000
yllcorner    -7.500000000000
cellsize     0.166666666667
NODATA_value -9999
[rows 19 to 37 of 45, columns 0 to 42 of 51]
48.52500152587890625 46.28749847412109375 43.75 41.55625152587890625 39.0625 37.59999847412109375 35.924999237060546875 34.268749237060546875 34.487499237060546875 34.27500152587890625 33.27500152587890625 29.299999237060546875 24.268749237060546875 19.8125 16.600000381469726562 13.743749618530273438 10.899999618530273438 9.8125 9.2562503814697265625 9.2250003814697265625 9.09375 9.40625 10.506250381469726562 11.875 13.050000190734863281 13.84375 15.199999809265136719 16.15625 16.543750762939453125 16.34375 17.1875 20.831249237060546875 22.1875 23.456249237060546875 24.862499237060546875 26.09375 26.887500762939453125 27.5625 27.293750762939453125 26.075000762939453125 23.799999237060546875 21.8125 20.28125
44.043750762939453125 43.106250762939453125 41.575000762939453125 39.5625 36.74375152587890625 35.356250762939453125 34.18125152587890625 32.97499847412109375 33.34375 33.200000762939453125 32.58750152587890625 29.53125 24.931249618530273438 20.65625 17.09375 14.131250381469726562 11.5 10 9.6875 9.4562501907348632812 9.9499998092651367188 10.675000190734863281 11.574999809265136719 13.118749618530273438 14.793749809265136719 15.46875 16.106250762939453125 16.962499618530273438 17.787500381469726562 19.225000381469726562 21.237499237060546875 24.206251144409179688 24.537500381469726562 24.78125 25.9375 26.893749237060546875 28.049999237060546875 28.512500762939453125 27.71875 26.46875 24.256250381469726562 22.5 21.049999237060546875
41.362499237060546875 39.94374847412109375 38.8125 37.487499237060546875 35.387500762939453125 33.83750152587890625 33.11875152587890625 31.731250762939453125 32.31874847412109375 32.143749237060546875 32.25624847412109375 30.668750762939453125 28.087499618530273438 24.143749237060546875 20 15.993750572204589844 13.537500381469726562 11.975000381469726562 11.268750190734863281 10.943750381469726562 10.850000381469726562 11.4375 12.449999809265136719 13.975000381469726562 15.368749618530273438 16.412500381469726562 18.362499237060546875 19.168750762939453125 20.34375 22.037500381469726562 24.174999237060546875 26.46875 26.418750762939453125 26.362499237060546875 26.081249237060546875 26.943750381469726562 28.493749618530273438 29.431249618530273438 28.731248855590820312 27.100000381469726562 24.868749618530273438 22.975000381469726562 21.087499618530273438
38.90000152587890625 38.81874847412109375 38.13124847412109375 36.393749237060546875 34.56874847412109375 33.231250762939453125 31.706249237060546875 30.306249618530273438 31.268749237060546875 32.268749237060546875 33.331249237060546875 32.96250152587890625 31.924999237060546875 28.5 23.375 18.756250381469726562 15.40625 13.71875 12.78125 12.118749618530273438 12.149999618530273438 12.743749618530273438 13.612500190734863281 14.512499809265136719 16.299999237060546875 17.956249237060546875 19.9375 21.450000762939453125 22.431249618530273438 23.84375 26 28.481250762939453125 28.075000762939453125 26.987499237060546875 26.006250381469726562 25.612499237060546875 27.043748855590820312 29.225000381469726562 29.193750381469726562 27.25 25.231250762939453125 23.068750381469726562 21.212499618530273438
37.456249237060546875 38.02500152587890625 37.84375 35.53749847412109375 33.55625152587890625 32.53749847412109375 31.737499237060546875 31.056249618530273438 31.081249237060546875 32.52500152587890625 33.956249237060546875 35.393749237060546875 35.50624847412109375 32.05625152587890625 26.700000762939453125 21.806249618530273438 18.181249618530273438 16.106250762939453125 14.762499809265136719 14.012499809265136719 14 14.443750381469726562 14.981249809265136719 16.268749237060546875 17.868749618530273438 19.293750762939453125 21.787500381469726562 22.887500762939453125 24.200000762939453125 26.118749618530273438 28.518749237060546875 30.693750381469726562 29.975000381469726562 27.893749237060546875 26.34375 25.15625 25.90625 27.818750381469726562 28.03125 26.381250381469726562 24.418750762939453125 22.59375 20.793750762939453125
36.875 37.331249237060546875 37.09375 35.77500152587890625 34.15000152587890625 32.97499847412109375 31.924999237060546875 31.399999618530273438 32.00624847412109375 33.393749237060546875 34.456249237060546875 35.46250152587890625 35.793750762939453125 33.46875 28.818750381469726562 24.399999618530273438 20.818750381469726562 18.456249237060546875 16.831249237060546875 15.862500190734863281 15.856249809265136719 16.075000762939453125 16.5625 17.887500762939453125 19.15625 20.993749618530273438 22.837499618530273438 24.1875 25.662500381469726562 27.912500381469726562 30.231250762939453125 32.143749237060546875 31.1875 29.5 27.524999618530273438 25.931249618530273438 26.075000762939453125 26.193750381469726562 26.118749618530273438 25.106250762939453125 23.462499618530273438 22.0625 20.5625
37.206249237060546875 37.512500762939453125 36.350002288818359375 35.706249237060546875 33.831249237060546875 32.80625152587890625 31.975000381469726562 31.881250381469726562 31.9375 32.65000152587890625 33.71875 34.606250762939453125 34.918750762939453125 33.0625 29.649999618530273438 25.662500381469726562 22.512500762939453125 20.381250381469726562 18.518749237060546875 17.631250381469726562 17.674999237060546875 17.756250381469726562 18.337499618530273438 19.337499618530273438 20.556249618530273438 22.200000762939453125 24.162500381469726562 25.643749237060546875 27.375 29.887498855590820312 32.081249237060546875 34.018749237060546875 32.43125152587890625 30.362499237060546875 28.168750762939453125 26.950000762939453125 26.231250762939453125 25.206249237060546875 25.049999237060546875 23.787500381469726562 22.518749237060546875 21.331249237060546875 20.25
37.34999847412109375 36.84999847412109375 36.21250152587890625 35.375 33.97499847412109375 33.137500762939453125 32.86875152587890625 32.31874847412109375 31.725000381469726562 32.481250762939453125 33.168750762939453125 32.700000762939453125 32.21250152587890625 30.700000762939453125 28.34375 25.381250381469726562 23.03125 21.356250762939453125 20.193750381469726562 19.28125 19.1875 19.618749618530273438 20.118749618530273438 21.487499237060546875 22.712499618530273438 23.768749237060546875 26.112499237060546875 27.84375 29.443750381469726562 31.46875 33.86875152587890625 35.143749237060546875 33.481250762939453125 31.081249237060546875 28.325000762939453125 27.024999618530273438 25.625 24.625 23.899999618530273438 22.737499237060546875 21.543750762939453125 20.556249618530273438 20.03125
38.08750152587890625 36.043750762939453125 35.66249847412109375 35.11875152587890625 34.34375 33.33750152587890625 33.06874847412109375 32.71250152587890625 32.149997711181640625 32.143749237060546875 31.587499618530273438 30.506250381469726562 29.493749618530273438 28.262500762939453125 26.34375 24.475000381469726562 23.09375 22.075000762939453125 21.487499237060546875 20.9375 21.100000381469726562 21.131250381469726562 22.118749618530273438 23.431249618530273438 24.487499237060546875 25.318750381469726562 27.693750381469726562 29.793750762939453125 31.681249618530273438 33.59375 35.293750762939453125 36.112499237060546875 34.05625152587890625 30.950000762939453125 28.524999618530273438 26.762500762939453125 25.075000762939453125 23.875 23.3125 22.431249618530273438 21.212499618530273438 20.524999618530273438 19.950000762939453125
37.99375152587890625 36.61875152587890625 35.731250762939453125 35.30625152587890625 33.99375152587890625 33.22499847412109375 32.63124847412109375 31.918750762939453125 31.868749618530273438 31.012500762939453125 30.087499618530273438 28.5625 27.149999618530273438 25.912500381469726562 24.725000381469726562 23.568750381469726562 22.950000762939453125 22.643749237060546875 22.475000381469726562 22.431249618530273438 22.681249618530273438 22.893749237060546875 23.787500381469726562 24.850000381469726562 26.131250381469726562 26.818750381469726562 29.393749237060546875 31.5 33.3125 34.893749237060546875 36.13124847412109375 36.91249847412109375 33.99375152587890625 30.418750762939453125 27.887500762939453125 26.674999237060546875 25.28125 24.100000381469726562 23.506250381469726562 22.375 20.799999237060546875 20.174999237060546875 19.868749618530273438
40.09375 38.77500152587890625 37.456249237060546875 35.88124847412109375 34.625 33.65625 32.49375152587890625 31.96875 31.137500762939453125 29.837499618530273438 28.887500762939453125 27.556249618530273438 26.100000381469726562 24.700000762939453125 23.668750762939453125 22.637500762939453125 21.806249618530273438 21.975000381469726562 22.325000762939453125 21.950000762939453125 22.318750381469726562 23.118749618530273438 24.287500381469726562 25.712499618530273438 27.206249237060546875 28.981250762939453125 31.131250381469726562 33.33750152587890625 34.58750152587890625 35.450000762939453125 36.299999237060546875 36.84999847412109375 33.90625 30.712499618530273438 28.237499237060546875 26.712499618530273438 26.112499237060546875 25.162500381469726562 24.299999237060546875 23.743749618530273438 22.668750762939453125 21.762500762939453125 20.693750381469726562
42.40000152587890625 40.418750762939453125 38.11875152587890625 36.81874847412109375 36.168750762939453125 34.46250152587890625 33 31.5 30.137500762939453125 28.700000762939453125 27.350000381469726562 26.575000762939453125 25.631250381469726562 24.243749618530273438 22.737499237060546875 21.6875 21.168750762939453125 21.325000762939453125 21.731250762939453125 21.618749618530273438 22.131250381469726562 22.556249618530273438 23.799999237060546875 25.799999237060546875 27.793750762939453125 30.262500762939453125 32.174999237060546875 34.674999237060546875 36.40000152587890625 36.862499237060546875 37.25624847412109375 36.90625 33.77500152587890625 30.84375 28.924999237060546875 27.356250762939453125 26.6875 25.918748855590820312 25.65625 25.637500762939453125 24.568750381469726562 22.737499237060546875 21.25
44.762500762939453125 42.625 39.924999237060546875 38.125 37.36875152587890625 35.22499847412109375 33.106250762939453125 30.799999237060546875 29.362499237060546875 27.918750762939453125 26.456249237060546875 25.46875 24.243749618530273438 23.181249618530273438 21.975000381469726562 21.399999618530273438 20.625 20.549999237060546875 20.581249237060546875 20.637500762939453125 21.475000381469726562 22.643749237060546875 23.649999618530273438 25.518749237060546875 28.100000381469726562 30.8125 32.94374847412109375 35.625 37.237499237060546875 37.09999847412109375 37.33750152587890625 36.456249237060546875 33.59999847412109375 31.087499618530273438 28.462499618530273438 26.943750381469726562 26.368749618530273438 25.893749237060546875 25.899999618530273438 25.943750381469726562 24.931249618530273438 23.043750762939453125 21.899999618530273438
48.56874847412109375 45.90000152587890625 43.143749237060546875 41.237499237060546875 39.21250152587890625 36.38124847412109375 34.16249847412109375 31.700000762939453125 29.59375 28.081249237060546875 26.9375 25.21875 23.625 22.625 21.5 21.037500381469726562 20.293750762939453125 20.325000762939453125 20.225000381469726562 20.231250762939453125 20.96875 21.912500381469726562 22.962499618530273438 25.424999237060546875 27.918750762939453125 30.075000762939453125 32.47499847412109375 34.268749237060546875 36.268749237060546875 36.22499847412109375 36.71250152587890625 35.987499237060546875 33.33750152587890625 30.743749618530273438 28.368749618530273438 26.887500762939453125 26.268749237060546875 25.600000381469726562 25.512500762939453125 25.493749618530273438 24.412500381469726562 23.050001144409179688 21.956249237060546875
52.112499237060546875 49.96250152587890625 46.706249237060546875 44.78749847412109375 40.90000152587890625 38.00624847412109375 35.606250762939453125 32.75 30.193750381469726562 28.09375 26.331249237060546875 24.8125 23.40625 21.462499618530273438 20.78125 20.075000762939453125 19.71875 19.549999237060546875 19.350000381469726562 19.506250381469726562 20.350000381469726562 21.212499618530273438 22.356250762939453125 24.412500381469726562 26.96875 29.231250762939453125 31.575000762939453125 33.293750762939453125 35.768749237060546875 36.24375152587890625 36.58750152587890625 35.9375 32.918750762939453125 29.993749618530273438 27.975000381469726562 26.556249618530273438 25.84375 24.956249237060546875 24.837499618530273438 24.331249237060546875 23.887500762939453125 22.993749618530273438 21.887500762939453125
55.83750152587890625 53.231250762939453125 50.02500152587890625 46.66249847412109375 43.21875 39.9375 36.924999237060546875 33.84999847412109375 30.443750381469726562 28.350000381469726562 26.299999237060546875 24.9375 22.975000381469726562 21.356250762939453125 20.556249618530273438 19.987499237060546875 19.481250762939453125 19.21875 19 19.131250381469726562 19.975000381469726562 20.681249618530273438 21.493749618530273438 23.649999618530273438 25.84375 28.225000381469726562 30.556249618530273438 32.481250762939453125 35.11875152587890625 35.97499847412109375 35.84999847412109375 35.043750762939453125 32.21250152587890625 29.200000762939453125 27.049999237060546875 25.700000762939453125 24.524999618530273438 23.943750381469726562 23.868749618530273438 23.387500762939453125 22.662500381469726562 21.9375 21.306249618530273438
59.068752288818359375 56.80625152587890625 53.09999847412109375 49.55625152587890625 46.356250762939453125 42.49375152587890625 39.1875 35.6875 32.606250762939453125 30.581249237060546875 29.0625 27.149999618530273438 25.412500381469726562 23.431249618530273438 22.15625 21.118749618530273438 19.818750381469726562 19.737499237060546875 19.299999237060546875 19.350000381469726562 20.28125 21.40625 22.143749237060546875 24.200000762939453125 26.018749237060546875 27.881250381469726562 29.893749237060546875 32.56874847412109375 34.34999847412109375 34.96875 35.075000762939453125 34.587497711181640625 30.981250762939453125 28.475000381469726562 26.131250381469726562 24.325000762939453125 23.668750762939453125 23.09375 22.600000381469726562 22.4375 21.799999237060546875 21.612499237060546875 20.6875
60.200000762939453125 58.11875152587890625 54.518749237060546875 51.575000762939453125 48.63124847412109375 45.18125152587890625 41.9375 38.9375 35.34999847412109375 32.59999847412109375 32.08750152587890625 31.018749237060546875 29.0625 26.34375 24.524999618530273438 22.3125 20.337499618530273438 19.981250762939453125 19.78125 19.631250381469726562 20.5625 21.756250381469726562 22.606250762939453125 24.618749618530273438 26.518749237060546875 27.762500762939453125 29.924999237060546875 32.13124847412109375 33.125 33.91249847412109375 34.549999237060546875 33.88124847412109375 30.668750762939453125 27.59375 25.256250381469726562 23.668750762939453125 22.943750381469726562 22.53125 21.924999237060546875 21.743749618530273438 21.018749237060546875 20.899999618530273438 20.087499618530273438
61.737499237060546875 60.112499237060546875 56.231250762939453125 54.16249847412109375 51.674999237060546875 48.012500762939453125 44.80625152587890625 41.637500762939453125 38.74375152587890625 35.80625152587890625 37.299999237060546875 36.15625 32.66249847412109375 29.837499618530273438 27.387500762939453125 24.174999237060546875 21.212499618530273438 20.462499618530273438 20.575000762939453125 20.331249237060546875 21.21875 22.087499618530273438 23.018749237060546875 24.899999618530273438 26.743749618530273438 28.287500381469726562 30.356250762939453125 32.418750762939453125 33.66249847412109375 34.206249237060546875 34.27500152587890625 34.268749237060546875 31.356250762939453125 27.306249618530273438 24.549999237060546875 22.799999237060546875 22.59375 22.331249237060546875 21.931249618530273438 21.681249618530273438 20.225000381469726562 19.712499618530273438 19.174999237060546875
