data/historical-monthly-weather-data/wc2.1_cruts4.09_10m_prec_1981-11.asc
ncols        45
nrows        45
xllcorner    -63.500000000000
yllcorner    -7.500000000000
cellsize     0.166666666667
NODATA_value -9999
[rows 20 to 39 of 45, columns 0 to 43 of 45]
204.25 212.2312469482421875 222.8874969482421875 233.9875030517578125 244.243743896484375 255.3937530517578125 266.38751220703125 275.41876220703125 280.556243896484375 282.5 282.61248779296875 281.506256103515625 278.056243896484375 271.068756103515625 267.068756103515625 262.29998779296875 258.5625 258.95623779296875 265.61248779296875 269.89373779296875 267.86248779296875 261.037506103515625 250.5437469482421875 238.5187530517578125 226.274993896484375 211.756256103515625 194.4875030517578125 174.100006103515625 154 139.7687530517578125 128.337493896484375 122.47499847412109375 119.47499847412109375 117.65000152587890625 115.77500152587890625 114.2937469482421875 111.38124847412109375 108.4812469482421875 104.58750152587890625 100.65000152587890625 96.52500152587890625 95.5187530517578125 94.24375152587890625 92.9250030517578125
205.693756103515625 212.7375030517578125 225.056243896484375 237.881256103515625 250.46875 262.75 275.912506103515625 286.89373779296875 295.14373779296875 299.54998779296875 301.306243896484375 302.53125 300.256256103515625 292.868743896484375 286.51251220703125 279.881256103515625 276.03125 273.16876220703125 274.274993896484375 276.193756103515625 268.524993896484375 260.056243896484375 251.3312530517578125 238.662506103515625 224.96875 210.600006103515625 196.03125 177.868743896484375 161.0625 148.681243896484375 137 129.9875030517578125 125.9187469482421875 124.24375152587890625 122.6875 120.28125 116.71875 112.7062530517578125 107.34999847412109375 102.72499847412109375 97.94374847412109375 96.34375 94.9499969482421875 94.0124969482421875
207.443756103515625 216.09375 229.037506103515625 243.1125030517578125 257.29998779296875 270.08123779296875 283.11248779296875 297.381256103515625 308.48748779296875 314.54376220703125 319.556243896484375 322.75 326.600006103515625 320.0625 307.89373779296875 297.26251220703125 290.57501220703125 285.75 282.899993896484375 280.82501220703125 271.61248779296875 261.337493896484375 250.96875 237.649993896484375 225.056243896484375 211.662506103515625 197.162506103515625 181.975006103515625 166.2437591552734375 154.5749969482421875 144.6125030517578125 137.1875 133.524993896484375 131.399993896484375 128.837493896484375 126.0500030517578125 121.8625030517578125 115.9375 109.6374969482421875 104.1999969482421875 99.36875152587890625 97.2062530517578125 95.4812469482421875 94.39374542236328125
210.2937469482421875 219.0812530517578125 232.756256103515625 246.53125 261.681243896484375 275.506256103515625 288.912506103515625 303.568756103515625 313.67498779296875 321.068756103515625 327.493743896484375 336.51251220703125 344.33123779296875 335.850006103515625 320.587493896484375 308.58123779296875 300.356231689453125 294.274993896484375 289.01873779296875 283.5625 273.57501220703125 262.73748779296875 251.0124969482421875 237.6437530517578125 225.068756103515625 211.6125030517578125 200.556243896484375 184.631256103515625 170.899993896484375 160.243743896484375 151.993743896484375 145.024993896484375 140.5500030517578125 137.125 134 131.1125030517578125 125.97499847412109375 117.9562530517578125 111.13124847412109375 104.9812469482421875 99.5437469482421875 97.3874969482421875 95.74375152587890625 94.7937469482421875
216.4187469482421875 223.875 237.693756103515625 252.1750030517578125 268.58123779296875 280.725006103515625 292.5 305.506256103515625 315.79376220703125 323.46875 331.04376220703125 336.193756103515625 340.51873779296875 334.95623779296875 324.287506103515625 314.04998779296875 306.11248779296875 298.475006103515625 292.53125 286.024993896484375 274.79998779296875 262.14373779296875 251.381256103515625 237.318756103515625 223.78125 212.7687530517578125 201.493743896484375 188.181243896484375 174.6875 166.181243896484375 158.056243896484375 151.2624969482421875 145.9875030517578125 141.506256103515625 136.75 131.837493896484375 125.83750152587890625 117.40625 110.75624847412109375 104.84999847412109375 99.11875152587890625 97.03125 96.11875152587890625 96.13750457763671875
226.381256103515625 233.6437530517578125 243.931243896484375 258.90625 273.181243896484375 283.431243896484375 293.17498779296875 304.23126220703125 313.34375 320.993743896484375 327.46875 331.29376220703125 331.649993896484375 327.381256103515625 321.54376220703125 315.024993896484375 309.262481689453125 302.01251220703125 295.712493896484375 289.118743896484375 277.01873779296875 264.08123779296875 251.59375 235.6125030517578125 223.40625 213.693756103515625 203.8937530517578125 192.0437469482421875 179.7687530517578125 171.8312530517578125 163.774993896484375 156.625 150.568756103515625 143.993743896484375 137.875 131.287506103515625 123.8562469482421875 115.7375030517578125 109.8874969482421875 104 98.63750457763671875 96.86875152587890625 95.4812469482421875 96.44374847412109375
238.5 242.7375030517578125 250.806243896484375 261.381256103515625 271.537506103515625 279.618743896484375 289.9000244140625 298.98126220703125 305.068756103515625 312.162506103515625 319.5625 322.193756103515625 321.36248779296875 318.03125 314.806243896484375 309.59375 305.756256103515625 300.493743896484375 295.443756103515625 288.662506103515625 277.23748779296875 265.01873779296875 252.4375 236.962493896484375 226.5812530517578125 216.875 206.7624969482421875 195.2687530517578125 184.087493896484375 175.3625030517578125 167.975006103515625 160.556243896484375 153.743743896484375 146.0187530517578125 137.6687469482421875 129.587493896484375 120.96250152587890625 111.9812469482421875 106.7687530517578125 101.4812469482421875 96.59999847412109375 95.72499847412109375 95.5187530517578125 96.86875152587890625
251.2687530517578125 252.3625030517578125 256.850006103515625 262.51251220703125 269.14373779296875 275.01873779296875 283.4375 292.056243896484375 298.243743896484375 304.600006103515625 309.57501220703125 311.42498779296875 310.11248779296875 307.0625 306.274993896484375 303.431243896484375 300.506256103515625 297.76251220703125 293.875 288.79376220703125 279.67498779296875 268.66876220703125 259.84375 245.931243896484375 233.712493896484375 222.2687530517578125 210.78125 199.274993896484375 187.4625091552734375 178.6374969482421875 170.318756103515625 162.725006103515625 154.837493896484375 145.493743896484375 136.712493896484375 127.36875152587890625 117.5437469482421875 108.41249847412109375 102.71875 98.61875152587890625 94.9250030517578125 95.4875030517578125 94.97499847412109375 96.8937530517578125
263.26873779296875 261.08123779296875 260.3125 261.975006103515625 265.01873779296875 269.20623779296875 275.92498779296875 283.48126220703125 290.61248779296875 296.118743896484375 300.681243896484375 301.01873779296875 300.01251220703125 297 297.131256103515625 297.537506103515625 297.462493896484375 294.899993896484375 292.399993896484375 289.09375 282.662506103515625 274.412506103515625 267.95001220703125 255.3312530517578125 241.90625 228.875 216.8687591552734375 203.6125030517578125 191.25 181.1875 172.524993896484375 163.9562530517578125 154.306243896484375 144.25 134.9875030517578125 124.55625152587890625 113.93125152587890625 103.78125 98.13124847412109375 93.5812530517578125 90.8625030517578125 92.16249847412109375 93.88124847412109375 98.75
269.41876220703125 263.8125 259.9375 256.23126220703125 257.23126220703125 261.118743896484375 267.037506103515625 274.006256103515625 280.39373779296875 284.60626220703125 288.98748779296875 290.1875 290.0625 289.1875 289.975006103515625 290.962493896484375 289.78125 289.98748779296875 288.21875 286.29376220703125 282.11248779296875 278.63751220703125 274.431243896484375 261.118743896484375 247.631256103515625 234.9812469482421875 221.881256103515625 207.3937530517578125 193.6999969482421875 183.806243896484375 174.431243896484375 165.1374969482421875 154.5500030517578125 144.1624908447265625 133.787506103515625 121.7062530517578125 109.59999847412109375 99.09999847412109375 92.00624847412109375 86.5500030517578125 83.1750030517578125 87.53749847412109375 91.8312530517578125 98.34375
272.85626220703125 264.51873779296875 258.20623779296875 252.375 250.037506103515625 254.3249969482421875 259.556243896484375 265.10626220703125 269.45623779296875 274.48748779296875 279.050018310546875 280.92498779296875 282.475006103515625 281.100006103515625 282.73126220703125 284.28125 285.23126220703125 285.375 283.76251220703125 285.475006103515625 284.493743896484375 283.40625 281.10626220703125 267.98126220703125 253.4499969482421875 240.962493896484375 226.1999969482421875 211.1062469482421875 196.318756103515625 185.5625 175.993743896484375 166.493743896484375 154.818756103515625 144.193756103515625 132.3937530517578125 119 106.03749847412109375 95.03125 86.91249847412109375 78.7375030517578125 75.4187469482421875 81.8125 88.47499847412109375 95.5437469482421875
274.46875 264.774993896484375 256.837493896484375 250.899993896484375 248.149993896484375 248.8937530517578125 252.65625 256.35626220703125 260.006256103515625 264.162506103515625 268.743743896484375 271.818756103515625 273.6875 274.537506103515625 277.78125 280.056243896484375 281.306243896484375 282.29376220703125 283.35626220703125 286.60626220703125 287.70623779296875 287.875 286.399993896484375 273.23748779296875 259.818756103515625 246.25 230 213.931243896484375 198.100006103515625 187.53125 177.649993896484375 167.274993896484375 155.149993896484375 143.243743896484375 131.537506103515625 117.30625152587890625 103.4187469482421875 90.9250030517578125 81.88124847412109375 74.43125152587890625 71.68125152587890625 78.77500152587890625 86.65625 95.9250030517578125
270.76873779296875 262.243743896484375 254.399993896484375 248.662506103515625 244.9000091552734375 243.3562469482421875 244.587493896484375 246.462493896484375 248.850006103515625 252.4375 258.774993896484375 261.862518310546875 265.65625 270.131256103515625 272.993743896484375 275.67498779296875 276.54998779296875 280.774993896484375 284.17498779296875 288.087493896484375 289.58123779296875 288.95001220703125 286.29998779296875 273.92498779296875 261.46875 248.2375030517578125 231.806243896484375 215.118743896484375 199.962493896484375 189.149993896484375 179.131256103515625 168.6374969482421875 155.875 143.181243896484375 131.443756103515625 117.4187469482421875 103.78749847412109375 90.75 82.1125030517578125 76.9250030517578125 74.03749847412109375 79.99375152587890625 87.8249969482421875 97.56874847412109375
265.493743896484375 258.631256103515625 251.256256103515625 245.9875030517578125 240.9187469482421875 237.868743896484375 235.9562530517578125 236.2687530517578125 237.8937530517578125 240.6374969482421875 246.21875 252.40625 258.868743896484375 263.76251220703125 267.23748779296875 270.381256103515625 273.056243896484375 278.600006103515625 283.73126220703125 288.8125 289.625 288.63751220703125 285.73126220703125 273.699981689453125 261.89373779296875 248.9875030517578125 233.1062469482421875 216.068756103515625 200.9499969482421875 190.037506103515625 180.125 170.25 157.09375 143.912506103515625 131.8312530517578125 118.1875 104.0812530517578125 90.59375 83.84375 79.6875 76.50624847412109375 81.34375 88.75624847412109375 97.94374847412109375
261.29376220703125 255.649993896484375 248.71875 242.462493896484375 237.149993896484375 232.3625030517578125 228.0812530517578125 226.5 225.5187530517578125 228.412506103515625 234.9187469482421875 243.662506103515625 252.149993896484375 259.96875 264.568756103515625 266.26251220703125 269.556243896484375 276.1875 282.375 287.86248779296875 289.01251220703125 287.5625 283.88751220703125 271.60626220703125 259.58123779296875 248.256256103515625 232.0500030517578125 216.1999969482421875 201.0625 190.412506103515625 181.1875 171.3000030517578125 157.71875 144.8249969482421875 131.725006103515625 117.75624847412109375 103.9375 92.56874847412109375 86.72499847412109375 82.36875152587890625 79.4562530517578125 82.65000152587890625 88.18125152587890625 95.1750030517578125
256.96875 251.8249969482421875 245.493743896484375 239.1062469482421875 233.6062469482421875 228.25 223.068756103515625 218.1875 214.8312530517578125 215.21875 222.368743896484375 232.71875 244.4187469482421875 254.818756103515625 258.89373779296875 262.5 264.46875 271.75 279.26873779296875 286.26251220703125 286.475006103515625 282.45623779296875 277.48748779296875 266.149993896484375 254.912506103515625 244.0187530517578125 229.5187530517578125 215.3562469482421875 201.7687530517578125 190.53125 181.96875 172.056243896484375 159.25 146.524993896484375 133.1437530517578125 120.4250030517578125 110.25624847412109375 100.24375152587890625 94.69374847412109375 91.09375 88.6999969482421875 90.5437469482421875 94.0749969482421875 99.03749847412109375
252.662506103515625 248.587493896484375 243.1437530517578125 237.462493896484375 231.681243896484375 225.7687530517578125 219.03125 212.399993896484375 206.1437530517578125 201.4499969482421875 210.125 227.443756103515625 240.0500030517578125 248.75 253.149993896484375 256.306243896484375 258.443756103515625 265.29376220703125 272.89373779296875 279.087493896484375 278.131256103515625 273.524993896484375 268.318756103515625 257.850006103515625 247.5749969482421875 238.618743896484375 225.0124969482421875 213.3312530517578125 200.868743896484375 190.78125 181.9250030517578125 173.431243896484375 160.7062530517578125 148.462493896484375 135.6999969482421875 125.52500152587890625 117.16875457763671875 109.16249847412109375 104.6687469482421875 100.65625 97.96250152587890625 98.375 100.09375 103.24375152587890625
251.7624969482421875 247.6999969482421875 242.21875 237.1125030517578125 231.306243896484375 225.0812530517578125 218.368743896484375 211.243743896484375 204.274993896484375 197.193756103515625 212.037506103515625 230.4812469482421875 238.881256103515625 245.1062469482421875 248.3249969482421875 250.556243896484375 252.2062530517578125 257.85626220703125 263.774993896484375 266.91876220703125 266.20623779296875 262.568756103515625 257.95001220703125 247.975006103515625 239.5187530517578125 232 220.4187469482421875 210.662506103515625 200.462493896484375 191.59375 181.1999969482421875 172.7624969482421875 161.46875 150.087493896484375 138.618743896484375 131.087493896484375 124.85625457763671875 118.3312530517578125 115.19374847412109375 111.9375 107.97499847412109375 107.31874847412109375 106.5437469482421875 106.99375152587890625
254.5749969482421875 250.25 245.306243896484375 239.8874969482421875 233.6750030517578125 227.431243896484375 221.53125 215.818756103515625 213.287506103515625 217.912506103515625 234.068756103515625 238.274993896484375 240.6875 244.4187469482421875 246.0749969482421875 247.1125030517578125 248.25 252.243743896484375 255.337493896484375 257.51873779296875 255.3874969482421875 251.3000030517578125 247.6437530517578125 239.9187469482421875 231.78125 225.7062530517578125 216.6437530517578125 208.75 200.931243896484375 192.7937469482421875 184.2375030517578125 176.3312530517578125 166.65625 156.975006103515625 149.306243896484375 143.399993896484375 137.1875 132.318756103515625 128.868743896484375 123.75 119.34375 118.46250152587890625 116.28749847412109375 116.125
258 253.8000030517578125 248.556243896484375 242.71875 237.6374969482421875 232.46875 226.8874969482421875 223.625 223.5 227.3937530517578125 234.5625 239.0625 240.806243896484375 243.0124969482421875 244.0999908447265625 244.2937469482421875 245.4562530517578125 247.2937469482421875 248.4000091552734375 249.006256103515625 245.2687530517578125 240.881256103515625 236.256256103515625 229.5500030517578125 224.193756103515625 218.993743896484375 212.1999969482421875 206.9187469482421875 201.125 193.84375 186.193756103515625 181.875 175.9250030517578125 168.5437469482421875 163.0625 157.4562530517578125 151.475006103515625 146.3000030517578125 142.912506103515625 136.5124969482421875 131.443756103515625 129.7375030517578125 127.05625152587890625 125.21250152587890625
