data/historical-monthly-weather-data/wc2.1_cruts4.09_10m_prec_2005-04.asc
ncols        45
nrows        45
xllcorner    -63.500000000000
yllcorner    -7.500000000000
cellsize     0.166666666667
NODATA_value -9999
[rows 0 to 19 of 45, columns 0 to 44 of 45]
353.806243896484375 363.90625 372.1875 388.056243896484375 397.53125 401.20001220703125 402.90625 397.29998779296875 393.23126220703125 394.88751220703125 401.118743896484375 402.837493896484375 401.912506103515625 397.381256103515625 389.25 381.54376220703125 375.6875 365.32501220703125 358.95001220703125 353.48748779296875 352.875 354.818756103515625 355.41876220703125 357.16876220703125 355.89373779296875 357.60626220703125 354.73748779296875 353.39373779296875 349.962493896484375 345.33123779296875 340.837493896484375 336.78125 334.38751220703125 334.412506103515625 334.381256103515625 337.943756103515625 339.662506103515625 341.59375 346.48126220703125 349.431243896484375 352.21875 354.225006103515625 352.79376220703125 353.693756103515625 353.95001220703125
361.118743896484375 368.85626220703125 384.618743896484375 400.524993896484375 415.34375 416.475006103515625 414.868743896484375 415.181243896484375 413.64373779296875 414.149993896484375 418.368743896484375 416.412506103515625 413.712493896484375 408.51873779296875 397.54998779296875 390.274993896484375 380.725006103515625 369.33123779296875 358.73126220703125 348.45001220703125 346.26251220703125 345.91876220703125 347.712493896484375 348.068756103515625 349.71875 351.193756103515625 349.5625 350.149993896484375 346.787506103515625 343.23126220703125 341.618743896484375 341.368743896484375 341.76251220703125 345.181243896484375 346.29998779296875 349.631256103515625 353.618743896484375 355.774993896484375 359.64373779296875 361.04376220703125 362.26873779296875 364.48126220703125 363.125 361.475006103515625 360.850006103515625
362 372.125 384.806243896484375 401.631256103515625 416.681243896484375 420.225006103515625 422.225006103515625 425.61248779296875 429.899993896484375 430.399993896484375 429.91876220703125 424.443756103515625 420.587493896484375 411.625 400.42498779296875 391.600006103515625 381.725006103515625 371.98126220703125 361.774993896484375 354.16876220703125 353.756256103515625 355.09375 355.51251220703125 355.84375 358.225006103515625 359.743743896484375 360.5 358.04376220703125 353.818756103515625 352.850006103515625 352.20001220703125 352.0625 355.76873779296875 358.79998779296875 358.818756103515625 360.35626220703125 365.243743896484375 368.54998779296875 370.318756103515625 371.13751220703125 371.493743896484375 370.875 368.96875 367.600006103515625 367.21875
356.024993896484375 366.618743896484375 382.625 395.08123779296875 407.962493896484375 416.274993896484375 422.61248779296875 429.70001220703125 438.73126220703125 443.34375 440.3125 430.42498779296875 420.756256103515625 412.074981689453125 399.89373779296875 390.625 381.962493896484375 374.125 366.600006103515625 361.89373779296875 364.118743896484375 366.21875 365.71875 367.20623779296875 368.95001220703125 368.475006103515625 370.73126220703125 367.34375 363.774993896484375 365.98126220703125 366.662506103515625 367.60626220703125 368.225006103515625 370.337493896484375 370.149993896484375 373.36248779296875 376.431243896484375 378.6875 381.668731689453125 379.83123779296875 379.01251220703125 379.024993896484375 374.09375 370.41876220703125 371.92498779296875
366.818756103515625 370.92498779296875 375.162506103515625 385.85626220703125 400.600006103515625 409.86248779296875 416.350006103515625 427.381256103515625 441.818756103515625 452.381256103515625 445.32501220703125 428.149993896484375 417.8125 409.625 397.41876220703125 387.73748779296875 378.568756103515625 373.818756103515625 369.15625 366.6875 371.287506103515625 373.412506103515625 374.36248779296875 377.893768310546875 376.587493896484375 376.15625 376.524993896484375 378.056243896484375 377.931243896484375 378.774993896484375 380.712493896484375 379.0625 378.875 381.056243896484375 381.625 383.76251220703125 384.699981689453125 386.5625 389.15625 386.84375 386.443756103515625 381.45001220703125 376.743743896484375 374.431243896484375 374.587493896484375
366.46875 372.162506103515625 376.743743896484375 378.89373779296875 391.850006103515625 403.42498779296875 410.95623779296875 422.774993896484375 437.25 451.23126220703125 440.34375 424.587493896484375 415.73126220703125 408.506256103515625 396.70001220703125 388.625 378.33123779296875 374.95623779296875 374.787506103515625 375.07501220703125 378.125 380.381256103515625 384.943756103515625 387.21875 388.29376220703125 389.91876220703125 390.29998779296875 391.59375 391.51251220703125 391.087493896484375 391.556243896484375 391.78125 387.17498779296875 387.11248779296875 388.29376220703125 388.70623779296875 391.4375 392.743743896484375 393.274993896484375 391.71875 385.64373779296875 379.412506103515625 374.818756103515625 372.48748779296875 375.100006103515625
367.368743896484375 372.35626220703125 377.04998779296875 378.0625 380.70623779296875 387.08123779296875 394.918731689453125 405.100006103515625 413.006256103515625 418.4375 419.368743896484375 414.1875 411.962493896484375 405.524993896484375 396.493743896484375 390.881256103515625 382.48748779296875 377.018768310546875 376.26873779296875 379.787506103515625 385.087493896484375 389.649993896484375 394.39373779296875 395.118743896484375 398.412506103515625 402.20623779296875 404.493743896484375 404.01251220703125 403.67498779296875 402.9375 403.20001220703125 401.131256103515625 396.58123779296875 391.774993896484375 390.537506103515625 390.587493896484375 390.912506103515625 392.71875 394.587493896484375 390.631256103515625 379.26873779296875 372.98748779296875 368.412506103515625 365.57501220703125 371.212493896484375
369.14373779296875 370.95623779296875 373.056243896484375 376.29376220703125 379.318756103515625 382.443756103515625 381.33123779296875 379.39373779296875 377.368743896484375 381.90625 394.48748779296875 401.412506103515625 404.256256103515625 402.67498779296875 397.6875 392.068756103515625 384.875 380.64373779296875 378.243743896484375 383.61248779296875 391.84375 398.48126220703125 402.587493896484375 404.756256103515625 411.006256103515625 412.899993896484375 414.899993896484375 415.350006103515625 415.850006103515625 415 410.975006103515625 407.4375 401.318756103515625 395.162506103515625 390.82501220703125 386.73126220703125 386.73748779296875 386.40625 384.16876220703125 377.10626220703125 367.23126220703125 362.11248779296875 356.48126220703125 351.787506103515625 356.36248779296875
369.5625 371.63751220703125 373.07501220703125 374.087493896484375 376.45623779296875 377.0625 376.61248779296875 372.306243896484375 362.54376220703125 360.787506103515625 378.07501220703125 390.23126220703125 402.14373779296875 403.45623779296875 399.66876220703125 397.068756103515625 393.600006103515625 391.73126220703125 392.350006103515625 395.51251220703125 397.25 406.86248779296875 411.15625 416.875 422.29376220703125 421.76873779296875 421.681243896484375 422.26873779296875 421.90625 418.993743896484375 415.21875 406.96875 397.76251220703125 387.618743896484375 382.20623779296875 378.35626220703125 377.912506103515625 374.493743896484375 370.568756103515625 361.91876220703125 351.881256103515625 344.256256103515625 338.98748779296875 335.0625 336.274993896484375
369.42498779296875 369.306243896484375 371.39373779296875 372.693756103515625 373.493743896484375 374.818756103515625 375.73748779296875 372.5 370.024993896484375 373.787506103515625 385.806243896484375 393.21875 402.1875 404.65625 405.20001220703125 403.51873779296875 402.475006103515625 403.20001220703125 404.57501220703125 411.287506103515625 412.98748779296875 417.537506103515625 421.03125 428.806243896484375 429.70623779296875 426.51251220703125 425.03125 424.34375 424.618743896484375 422.90625 413.54998779296875 401.431243896484375 390.100006103515625 379.287506103515625 371.712493896484375 368.59375 364.649993896484375 360.58123779296875 354.662506103515625 347.26251220703125 338.54376220703125 330.193756103515625 322.33123779296875 313.29376220703125 317.1875
369.36248779296875 370.131256103515625 371.212493896484375 371.75 370.4375 372.743743896484375 375.11248779296875 374.46875 377.5 384.149993896484375 395.649993896484375 404.92498779296875 406.587493896484375 408.54376220703125 408.193756103515625 407.51873779296875 409.03125 412.07501220703125 416.431243896484375 422.75 430.34375 433.33123779296875 432.631256103515625 427.58123779296875 433.15625 430.443756103515625 425.04376220703125 422.33123779296875 419.64373779296875 416.01873779296875 405.10626220703125 391.39373779296875 379.868743896484375 368.32501220703125 359.6875 352.806243896484375 347.931243896484375 343.70623779296875 337.9375 330.33123779296875 320.693756103515625 311.32501220703125 304.59375 297.13751220703125 300.318756103515625
367.11248779296875 367.08123779296875 367.76251220703125 372.03125 372.65625 373.04376220703125 377.67498779296875 381.125 387.04998779296875 394.90625 406.21875 416.35626220703125 413.1875 411.48126220703125 410.556243896484375 410.65625 411.53125 414.912506103515625 420.524993896484375 428.274993896484375 435.34375 438.71875 439.16876220703125 437.9375 432.73748779296875 422.943756103515625 415.54998779296875 409.5625 405.787506103515625 398.243743896484375 387.39373779296875 374.85626220703125 362.368743896484375 351.70623779296875 343.04998779296875 337.125 333.350006103515625 329.54998779296875 320.84375 310.73748779296875 301.92498779296875 293.16876220703125 284.76873779296875 274.024993896484375 276.85626220703125
365.806243896484375 365.48126220703125 366.67498779296875 369.61248779296875 372.26251220703125 377.118743896484375 380.100006103515625 383.11248779296875 388.850006103515625 399.568756103515625 410.506256103515625 420.60626220703125 419.212493896484375 408.83123779296875 407.29376220703125 410.006256103515625 409.51873779296875 412.975006103515625 420.431243896484375 426.399993896484375 433.837493896484375 435.46875 432.29376220703125 429.75 415.0625 402.76873779296875 398.837493896484375 391.975006103515625 388.76873779296875 379.60626220703125 368.48126220703125 355.64373779296875 343.443756103515625 333.46875 324.17498779296875 320.45001220703125 317.287506103515625 313.48748779296875 305.875 295.868743896484375 282.35626220703125 274.90625 263.818756103515625 253.40625 259.20623779296875
363.14373779296875 362.837493896484375 362.90625 365.331268310546875 370.36248779296875 374.962493896484375 377.756256103515625 381.756256103515625 389.274993896484375 398.08123779296875 404.993743896484375 409.756256103515625 410.70623779296875 405.70623779296875 400.34375 404.181243896484375 403.70623779296875 404.743743896484375 412.63751220703125 416.600006103515625 422.39373779296875 421.83123779296875 420.20623779296875 411.068756103515625 399.48748779296875 389.16876220703125 382.493743896484375 375.78125 370.07501220703125 361.274993896484375 349.83123779296875 338.100006103515625 324.23126220703125 314.662506103515625 307.256256103515625 304.76873779296875 301.86248779296875 299.76251220703125 293.787506103515625 282.21875 265.51251220703125 252.6875 245.8000030517578125 241.912506103515625 250.212493896484375
359.100006103515625 359.41876220703125 360.475006103515625 363.556243896484375 369.32501220703125 373.5625 377.75 381.568756103515625 386.4375 392.100006103515625 397.29376220703125 401.14373779296875 400.58123779296875 396.618743896484375 389.83123779296875 388.79376220703125 389.96875 395.725006103515625 402.381256103515625 406.712493896484375 409.65625 411.618743896484375 407.65625 397.98748779296875 386.90625 378.5 370.15625 363.51251220703125 357.443756103515625 347.04998779296875 333.256256103515625 318.32501220703125 308.40625 297.899993896484375 289.675018310546875 286.53125 288.75 290.412506103515625 284.006256103515625 270.20001220703125 254.337493896484375 244.84375 241 234.225006103515625 239.4875030517578125
352.943756103515625 353.39373779296875 356.96875 361.82501220703125 366.96875 371.212493896484375 374.98748779296875 379 385.368743896484375 388.88751220703125 391.95623779296875 394.20001220703125 393.631256103515625 388.01251220703125 378.78125 369.51873779296875 375.4375 386.243743896484375 391.36248779296875 396.493743896484375 399.625 399.399993896484375 394.899993896484375 385.78125 374.631256103515625 367.631256103515625 357.568756103515625 351.32501220703125 344.70623779296875 335.16876220703125 324.037506103515625 308.787506103515625 292.712493896484375 280.84375 270.64373779296875 273.912506103515625 276.36248779296875 278.79998779296875 273.54998779296875 264.10626220703125 250.662506103515625 242.568756103515625 234.8249969482421875 226 229.0437469482421875
345.193756103515625 347.58123779296875 352.962493896484375 358.931243896484375 363.95001220703125 368.14373779296875 374.037506103515625 378.01873779296875 381.625 385.024993896484375 386.38751220703125 388.087493896484375 386.024993896484375 380.774993896484375 374.16876220703125 368.59375 365.20623779296875 372.774993896484375 381.32501220703125 388.181243896484375 391.131256103515625 392.3125 387.912506103515625 374.412506103515625 363.556243896484375 355.15625 346.26251220703125 339.350006103515625 333.90625 326.056243896484375 314.59375 300.14373779296875 285.38751220703125 273.149993896484375 268.65625 267.88751220703125 270.837493896484375 274.162506103515625 273.11248779296875 262.193756103515625 249.712493896484375 239.84375 227.7375030517578125 217.96875 219.1875
335.5625 341.04998779296875 346.881256103515625 355.85626220703125 361.756256103515625 367.475006103515625 374.431243896484375 377.068756103515625 379.70623779296875 380.725006103515625 379.975006103515625 380.368743896484375 377.73126220703125 374.40625 369.131256103515625 365.625 361.70623779296875 357.725006103515625 370.243743896484375 378.1875 384.131256103515625 384.475006103515625 380.54376220703125 367.493743896484375 357.79998779296875 349.706268310546875 337.287506103515625 333.07501220703125 328.67498779296875 319.78125 304.29998779296875 282.98126220703125 275.28125 268.225006103515625 262.20623779296875 264.48748779296875 266.899993896484375 268.73748779296875 265.76873779296875 259.57501220703125 245.493743896484375 234.4187469482421875 222.4375 211.975006103515625 212.8937530517578125
324.693756103515625 332.587493896484375 341.412506103515625 349.899993896484375 357.443756103515625 365.131256103515625 371.493743896484375 377.23748779296875 379.84375 379.54376220703125 375.943756103515625 371.324981689453125 368.86248779296875 368.01251220703125 360.100006103515625 356.75 354.337493896484375 352.25 355.29376220703125 363.41876220703125 376.431243896484375 380.88751220703125 366.78125 359.79998779296875 353.962493896484375 349.649993896484375 340.818756103515625 333.45001220703125 328.962493896484375 318.23126220703125 302.6875 282.975006103515625 270.524993896484375 256.162506103515625 249.381256103515625 252.0812530517578125 255.53125 256.8125 256.5625 249.568756103515625 240.225006103515625 229.587493896484375 217.03125 206.5625 207.0625
313.306243896484375 323.725006103515625 332.8125 340.51873779296875 351.381256103515625 362.86248779296875 372.10626220703125 376.131256103515625 378.28125 377.4375 371.850006103515625 368.53125 365.14373779296875 361.90625 352.42498779296875 342.462493896484375 336.90625 343.04998779296875 345.60626220703125 352.78125 359.86248779296875 361.693756103515625 362.26873779296875 356.625 351.60626220703125 346.962493896484375 340.13751220703125 335.89373779296875 327.79998779296875 313.60626220703125 295.181243896484375 282.0625 265.287506103515625 246.0437469482421875 233.625 236.118743896484375 244.4499969482421875 249.818756103515625 248.6999969482421875 243.2687530517578125 233.6937408447265625 223.431243896484375 211.6437530517578125 201.3249969482421875 199.6374969482421875
