data/historical-monthly-weather-data/wc2.1_cruts4.09_10m_prec_2009-08.asc
ncols        45
nrows        45
xllcorner    -63.500000000000
yllcorner    -7.500000000000
cellsize     0.166666666667
NODATA_value -9999
[rows 19 to 37 of 45, columns 0 to 43 of 45]
103.63124847412109375 104.9875030517578125 103.5812530517578125 102.7062530517578125 100.5437469482421875 97.77500152587890625 93.84999847412109375 89.41249847412109375 86.78125 82.6437530517578125 77.65000152587890625 70.58750152587890625 61.337497711181640625 52.637500762939453125 45.84999847412109375 39.43125152587890625 32.58750152587890625 30 28.912500381469726562 29.21875 27.462499618530273438 26.606250762939453125 27.21875 26.868749618530273438 25.193750381469726562 22.537500381469726562 21.40625 20.03125 18.299999237060546875 16.950000762939453125 16.924999237060546875 19.700000762939453125 20.556249618530273438 21.337499618530273438 22.206249237060546875 23.137500762939453125 23.693750381469726562 24.193750381469726562 24.09375 23.149999618530273438 21.3125 19.806249618530273438 18.6875 17.6875
95.3000030517578125 99.40625 100.46250152587890625 100.19374847412109375 97.3249969482421875 94.7624969482421875 92.2062530517578125 89.02500152587890625 86.96250152587890625 83.1125030517578125 79.0187530517578125 73.34999847412109375 64.15625 55.27500152587890625 47.643749237060546875 41.13124847412109375 35.0625 31.356250762939453125 31.168750762939453125 31.049999237060546875 31.518749237060546875 32.174999237060546875 32.61875152587890625 32.41249847412109375 31.262500762939453125 27.6875 24.731250762939453125 22.5625 20.75 20.649999618530273438 21.368749618530273438 23.106250762939453125 22.825000762939453125 22.443750381469726562 22.918750762939453125 23.53125 24.387500762939453125 24.65625 24.09375 23.168750762939453125 21.399999618530273438 20.118749618530273438 19.075000762939453125 17.84375
90.5437469482421875 93.52500152587890625 95.6062469482421875 97.15625 96.28749847412109375 93.3249969482421875 92.02500152587890625 88.36875152587890625 87.18125152587890625 83.5437469482421875 81.34375 78.47499847412109375 73.5500030517578125 64.9812469482421875 56.09375 47.15625 41.987499237060546875 38.36875152587890625 37.237499237060546875 37.03125 35.86875152587890625 36.46250152587890625 37.731250762939453125 37.262500762939453125 35.15625 31.806249618530273438 30.337499618530273438 27.15625 24.912500381469726562 24.518749237060546875 24.875 25.549999237060546875 24.668750762939453125 23.837499618530273438 22.84375 23.325000762939453125 24.46875 25.125 24.631250381469726562 23.375 21.587499618530273438 20.200000762939453125 18.818750381469726562 17.987499237060546875
86.49375152587890625 92.6374969482421875 96.0124969482421875 96.65625 96.72499847412109375 94.28749847412109375 90.7062530517578125 86.9562530517578125 87.18125152587890625 86.91249847412109375 87.18125152587890625 86.66249847412109375 84.78125 76.93125152587890625 65.8625030517578125 55.74375152587890625 48.393749237060546875 44.66249847412109375 43.03125 42.09375 41.481250762939453125 42.40000152587890625 43.556247711181640625 40.99375152587890625 39.61875152587890625 37.13124847412109375 35 32.081249237060546875 28.712499618530273438 27.412500381469726562 27.331249237060546875 27.825000762939453125 26.381250381469726562 24.418750762939453125 22.631250381469726562 21.96875 22.96875 24.643749237060546875 24.681249618530273438 23.181249618530273438 21.600000381469726562 19.975000381469726562 18.575000762939453125 17.643751144409179688
86.6687469482421875 94.9250030517578125 99.3125 97.84999847412109375 96.78125 94.8562469482421875 92.9875030517578125 91.0124969482421875 88.59375 89.58750152587890625 90.84375 94.2375030517578125 94.46250152587890625 85.77500152587890625 74.46875 64.125 56.49375152587890625 51.987499237060546875 49.5 48.456249237060546875 47.881252288818359375 48.393749237060546875 48.450000762939453125 46.762500762939453125 44.668750762939453125 41.53125 39.956249237060546875 35.80625152587890625 32.418750762939453125 31.206249237060546875 30.981250762939453125 30.737499237060546875 28.668750762939453125 25.5 22.912500381469726562 21.456249237060546875 21.768749237060546875 23.068750381469726562 23.318750381469726562 22.056249618530273438 20.537500381469726562 19.256250381469726562 17.950000762939453125 16.924999237060546875
88.9499969482421875 97.75 101.6062469482421875 102.16249847412109375 101.46250152587890625 98.66249847412109375 95.65625 93.84999847412109375 92.9562530517578125 93.81874847412109375 93.86875152587890625 95.36875152587890625 95.25624847412109375 88.71250152587890625 79.4562530517578125 70.80625152587890625 63.72499847412109375 58.831249237060546875 55.875 54.58750152587890625 54.0625 53.875 53.72499847412109375 51.90625 48.91249847412109375 46.674999237060546875 43.36875152587890625 39.25 35.668750762939453125 34.53125 33.799999237060546875 33.00624847412109375 30.393749237060546875 27.231250762939453125 23.981250762939453125 22.037500381469726562 21.700000762939453125 21.387500762939453125 21.356250762939453125 20.618749618530273438 19.40625 18.493749618530273438 17.462499618530273438 16.649999618530273438
93.40625 102.56874847412109375 103.50624847412109375 105.30625152587890625 103.1437530517578125 100.46875 97.6750030517578125 96.90000152587890625 94.4375 93.6374969482421875 93.8125 94.44374847412109375 93.6374969482421875 87.75624847412109375 81.6437530517578125 74.21875 68.4375 64.4499969482421875 60.981250762939453125 60.112499237060546875 59.825000762939453125 59.081249237060546875 59.25 56.25624847412109375 53.018749237060546875 50.293750762939453125 47.05625152587890625 42.72499847412109375 39.21875 38.02500152587890625 36.793750762939453125 35.674999237060546875 32.137500762939453125 28.318750381469726562 24.612499237060546875 22.8125 21.625 20.25 20.125 19.206249237060546875 18.293750762939453125 17.575000762939453125 16.950000762939453125 16.449998855590820312
97.25 103.79999542236328125 105.75624847412109375 106.41875457763671875 105.03125 102.4375 101.1125030517578125 98.71250152587890625 95.18125152587890625 95.49375152587890625 95.71250152587890625 93.49375152587890625 91.41249847412109375 86.84375 82.47499847412109375 76.53125 72.0124969482421875 68.1437530517578125 65.71250152587890625 63.700000762939453125 62.38124847412109375 62.418750762939453125 61.875 59.987499237060546875 56.84999847412109375 53 50.44374847412109375 46.456249237060546875 42.63124847412109375 40.71875 39.637500762939453125 37.63124847412109375 33.81874847412109375 29.46875 25.018749237060546875 22.962499618530273438 20.962499618530273438 19.418750762939453125 18.793750762939453125 17.931249618530273438 17.09375 16.587499618530273438 16.475000381469726562 15.850000381469726562
102.6999969482421875 104.3625030517578125 106.43125152587890625 107.4375 107.2937469482421875 103.80625152587890625 102.2312469482421875 100.30625152587890625 97.8249969482421875 96.93125152587890625 94.59999847412109375 91.7062530517578125 89.2375030517578125 86.1999969482421875 81.77500152587890625 77.5625 74.53125 71.27500152587890625 69.1374969482421875 66.97499847412109375 65.88124847412109375 64.22499847412109375 64.86875152587890625 62.825000762939453125 59.512500762939453125 55.34999847412109375 52.91249847412109375 49.59999847412109375 46.1875 44.043750762939453125 42 39.387500762939453125 35.043750762939453125 29.831249237060546875 25.5 22.787500381469726562 20.356250762939453125 18.46875 17.943750381469726562 17.306249618530273438 16.462499618530273438 16.225000381469726562 16.149999618530273438 16.149999618530273438
104.83750152587890625 107.88124847412109375 108.0124969482421875 108.8249969482421875 106.625 103.7937469482421875 101.13124847412109375 98.25624847412109375 98.25 95.8562469482421875 93.4250030517578125 90.08750152587890625 87.2375030517578125 84.79999542236328125 81.6374969482421875 78.3249969482421875 76.5625 74.2375030517578125 72.20000457763671875 70.52500152587890625 69.15000152587890625 67.5 67.44374847412109375 64.6687469482421875 61.96250152587890625 57.65625 55.52500152587890625 52.18125152587890625 48.68125152587890625 46.206249237060546875 43.61875152587890625 40.956249237060546875 35.56874847412109375 29.8125 25.237499237060546875 22.818750381469726562 20.40625 18.331249237060546875 17.731250762939453125 16.899999618530273438 15.768750190734863281 15.625 15.762499809265136719 16.1875
106.0812530517578125 109.24375152587890625 108.7062530517578125 106.6999969482421875 105.3125 103.07500457763671875 100.00624847412109375 98.93125152587890625 97.34999847412109375 94.4562530517578125 92.71250152587890625 90.09375 87.1125030517578125 84.1875 81.4812469482421875 78.59375 76.13124847412109375 75.52500152587890625 75.2624969482421875 72.3249969482421875 70.63124847412109375 70.125 70.0187530517578125 66.91249847412109375 63.49375152587890625 60.68125152587890625 57.40000152587890625 54.06874847412109375 49.793750762939453125 46.856250762939453125 44.30625152587890625 41.65000152587890625 36.19374847412109375 30.700000762939453125 26.037500381469726562 23.106250762939453125 21.056249618530273438 18.924999237060546875 17.975000381469726562 17.493749618530273438 16.706251144409179688 16.325000762939453125 15.868749618530273438 15.949999809265136719
106.78125 108.25 105.6125030517578125 105.0500030517578125 106.3000030517578125 103.2062530517578125 100.7312469482421875 97.9562530517578125 95.6062469482421875 92.9375 90.53125 89.81874847412109375 88.41249847412109375 85.4499969482421875 81.28125 78.46875 77.4499969482421875 77.09999847412109375 77.4499969482421875 75.5500030517578125 73.4562530517578125 70.9187469482421875 70.25624847412109375 67.41249847412109375 64.0812530517578125 61.875 57.90625 55.112499237060546875 51.637500762939453125 48.575000762939453125 45.86875152587890625 42.47499847412109375 36.737499237060546875 31.393751144409179688 27.1875 23.956249237060546875 21.5625 19.274999618530273438 18.681249618530273438 18.481250762939453125 17.606250762939453125 16.524999618530273438 15.731249809265136719 15.90625
106.375 107.59375 104.7375030517578125 103.6687469482421875 105.3125 102.43125152587890625 99.4375 95.59375 93.7624969482421875 91.84375 89.68125152587890625 88.3874969482421875 86.0437469482421875 84.27500152587890625 81.2375030517578125 80.4875030517578125 78.65625 77.90625 77.1999969482421875 76.15625 74.5749969482421875 73.75624847412109375 71.6062469482421875 67.3000030517578125 64.59999847412109375 62.262500762939453125 58.606250762939453125 56.018749237060546875 52.40000152587890625 48.90625 46.362499237060546875 42.56874847412109375 37.125 32.1875 27.212499618530273438 23.831249237060546875 21.375 19.106250762939453125 18.618749618530273438 18.393749237060546875 17.456249237060546875 16.3125 15.706250190734863281 15.356249809265136719
102.1750030517578125 102.4375 100.90625 101.03125 100.75624847412109375 97.8874969482421875 96.46875 94.05625152587890625 91.43125152587890625 90.4187469482421875 90.4812469482421875 87.6687469482421875 84.96250152587890625 84.2687530517578125 81.6062469482421875 81.06874847412109375 79.3937530517578125 79.2937469482421875 78.3937530517578125 77.3249969482421875 75.6875 74.3125 72.5625 70.04375457763671875 67.09999847412109375 63.5625 59.86875152587890625 55.34999847412109375 52.05625152587890625 48.46250152587890625 46.0625 42.34375 37.1875 32.22499847412109375 27.59375 24.143749237060546875 21.524999618530273438 19 18.356250762939453125 18.018749237060546875 16.9375 16.0625 15.381250381469726562 14.831250190734863281
97.46875 98.9875030517578125 97.77500152587890625 99.1687469482421875 95.9499969482421875 94.65000152587890625 94.4875030517578125 92.71875 89.9875030517578125 88.21875 87.31874847412109375 85.96250152587890625 84.9250030517578125 81.5437469482421875 80.5749969482421875 79.11875152587890625 78.88124847412109375 78.1687469482421875 77.15000152587890625 76.97499847412109375 75.96250152587890625 74.78125 73.71875 70.4499969482421875 68.125 64.9875030517578125 60.674999237060546875 55.481250762939453125 52.5 49.262500762939453125 46.38124847412109375 42.53125 36.99375152587890625 31.787500381469726562 27.612499237060546875 24.200000762939453125 21.418750762939453125 18.662500381469726562 17.931249618530273438 17.181249618530273438 16.512498855590820312 15.84375 15.0625 14.318750381469726562
94.0187530517578125 94.88124847412109375 94.75624847412109375 94.2062530517578125 93.1437530517578125 92.25624847412109375 91.875 90.8249969482421875 86.7937469482421875 85.86249542236328125 84.9187469482421875 84.91875457763671875 82.8312530517578125 81.5749969482421875 80.55625152587890625 79.96250152587890625 79.46875 78.58750152587890625 77.61875152587890625 77.5437469482421875 76.9499969482421875 75.4562530517578125 73.6062469482421875 71.1437530517578125 68.2937469482421875 65.6999969482421875 61.00624847412109375 55.8125 52.737499237060546875 49.6875 45.83750152587890625 41.625 36.375 31.174999237060546875 27.006250381469726562 23.662500381469726562 20.518749237060546875 18.056249618530273438 17.350000381469726562 16.568750381469726562 15.668749809265136719 15.018750190734863281 14.475000381469726562 13.831250190734863281
90.59999847412109375 92 91.40000152587890625 90.80625152587890625 90.6437530517578125 88.84999847412109375 87.9375 86.11875152587890625 83.49375152587890625 83.3249969482421875 84.40000152587890625 83.86875152587890625 83.88124847412109375 83.0124969482421875 82.6125030517578125 82.9499969482421875 81.74375152587890625 81.88124847412109375 79.96875 79.46875 79.1437530517578125 79.19374847412109375 76.84375 74.34999847412109375 70.71250152587890625 67.1437530517578125 61.83750152587890625 57.956249237060546875 53.3125 49.293750762939453125 45.1875 40.93125152587890625 34.856250762939453125 30.368749618530273438 26.162500381469726562 22.606250762939453125 20.125 17.84375 16.875 16.34375 15.493749618530273438 15.193750381469726562 14.387499809265136719 13.850000381469726562
84.84375 86.28125 85.9562530517578125 86.5124969482421875 86.9250030517578125 86.1125030517578125 85.5124969482421875 84.9250030517578125 81.84999847412109375 80.3000030517578125 84.375 87.28125 88.06874847412109375 86.56874847412109375 87 85.84999847412109375 84.63124847412109375 83.99375152587890625 82.90000152587890625 81.3937530517578125 81.09999847412109375 81.15625 79.2624969482421875 76.9875030517578125 73.8249969482421875 68.8562469482421875 63.918750762939453125 59.15000152587890625 53.081249237060546875 48.75624847412109375 44.81874847412109375 39.950000762939453125 34.331249237060546875 29.350000381469726562 25.28125 22.131250381469726562 19.806249618530273438 17.84375 16.806249618530273438 16.274999618530273438 15.350000381469726562 15.0625 14.306249618530273438 13.881250381469726562
80.68125152587890625 82.65000152587890625 82.0124969482421875 84.0187530517578125 85.25624847412109375 84.3000030517578125 83.86875152587890625 83.19374847412109375 82.21875 80.78125 89.9562530517578125 93.7624969482421875 91.90000152587890625 91.7375030517578125 92.4812469482421875 90.70624542236328125 88.09999847412109375 86.21875 86.53749847412109375 84.80625152587890625 84.0812530517578125 82.7937469482421875 81.09375 78.7375030517578125 75.71250152587890625 71.6999969482421875 66.52500152587890625 61.38124847412109375 55.47499847412109375 50.075000762939453125 44.75 40.293750762939453125 34.96250152587890625 28.956249237060546875 24.587499618530273438 21.424999237060546875 19.762500762939453125 18.087499618530273438 17.225000381469726562 16.668750762939453125 15.21875 14.587499618530273438 14 13.556249618530273438
