data/historical-monthly-weather-data/wc2.1_cruts4.09_10m_prec_2003-12.asc
ncols        45
nrows        45
xllcorner    -63.500000000000
yllcorner    -7.500000000000
cellsize     0.166666666667
NODATA_value -9999
[rows 20 to 39 of 45, columns 0 to 43 of 45]
108.52500152587890625 108.6437530517578125 109.27500152587890625 110.5437469482421875 112.43125152587890625 115.5812530517578125 118.6062469482421875 121.6875 126.21875 130.056243896484375 132.1687469482421875 129.993743896484375 126.7937469482421875 122.59375 117.22499847412109375 111.21250152587890625 105.5437469482421875 101.34999847412109375 98.5749969482421875 96.0124969482421875 94.6062469482421875 93.2687530517578125 92.3874969482421875 94.0187530517578125 96.6125030517578125 99.1125030517578125 102.25 103.0187530517578125 102.0187530517578125 102.13124847412109375 103.46875 107.61875152587890625 111.93125152587890625 117.1999969482421875 122.41249847412109375 124.61875152587890625 127.7937469482421875 131.524993896484375 135.0749969482421875 135.7687530517578125 133.6437530517578125 130.568756103515625 128.9812469482421875 127.58124542236328125
108.0749969482421875 107.96875 109.3000030517578125 111.68125152587890625 114.1750030517578125 117.4187469482421875 120.86875152587890625 124.3249969482421875 128.5124969482421875 131.9562530517578125 133.4250030517578125 131.462493896484375 128.693756103515625 124.78125 119.59999847412109375 113.7375030517578125 108.19374847412109375 103.9187469482421875 100.43125152587890625 97.31874847412109375 94.90000152587890625 93.52500152587890625 93.1875 95.0749969482421875 98.1062469482421875 102.1687469482421875 107.6999969482421875 109.59999847412109375 109.65625 111.34999847412109375 113.8312530517578125 117.6125030517578125 120.03125 123.77500152587890625 127.1125030517578125 128.6875 131.7624969482421875 135.774993896484375 138.5500030517578125 138.0187530517578125 136.068756103515625 133.4187469482421875 131.568756103515625 130.03125
108.09375 108.84375 110.0812530517578125 112.58750152587890625 115.71875 119.65625 123.1125030517578125 127 131.59375 134.15625 134.975006103515625 132.8000030517578125 130.8249969482421875 127.67499542236328125 122.3000030517578125 116.3000030517578125 110.5 105.75624847412109375 101.83750152587890625 97.9375 95.2375030517578125 93.4187469482421875 92.59999847412109375 94.81874847412109375 98.59375 104.1374969482421875 111.787506103515625 115.0749969482421875 116.21875 119.55625152587890625 123.5749969482421875 127.74375152587890625 129.0625 130.28125 131.618743896484375 131.399993896484375 134.725006103515625 141.0812530517578125 143.618743896484375 141.90625 139.2937469482421875 136.443756103515625 134.46875 132.7624969482421875
109.49375152587890625 110.02500152587890625 111.1750030517578125 113.99375152587890625 117.74375152587890625 121.9375 126.0187530517578125 129.7375030517578125 133.899993896484375 135.84375 136.462493896484375 135.34375 134.1125030517578125 131.8874969482421875 126.06874847412109375 119.58750152587890625 113.46875 108.4375 103.84999847412109375 99.40000152587890625 95.86875152587890625 93.46250152587890625 91.90000152587890625 94.3874969482421875 98.30625152587890625 103.875 111.8562469482421875 117.7062530517578125 122.09375 127.43125152587890625 133.4875030517578125 138.243743896484375 139.118743896484375 138.8000030517578125 138.681243896484375 136.8312530517578125 139.493743896484375 145.631256103515625 148.100006103515625 146.306243896484375 143.212493896484375 140.225006103515625 137.5500030517578125 135.274993896484375
112.50624847412109375 112.4812469482421875 113.21875 117.2375030517578125 121.9875030517578125 125.7937469482421875 129.34375 132.212493896484375 135.375 137.5500030517578125 138.399993896484375 137.8874969482421875 137.381256103515625 135.787506103515625 129.8937530517578125 123.125 116.5749969482421875 111.19374847412109375 105.99375152587890625 100.9875030517578125 96.74375152587890625 93.24375152587890625 91.1062469482421875 93.28125 97.5187530517578125 103.65625 112.2312469482421875 119.97499847412109375 126.80625152587890625 134.693756103515625 142.868743896484375 149.03125 149.4812469482421875 148.087493896484375 146.25 145.037506103515625 147.006256103515625 149.693756103515625 151.5 150.681243896484375 147.6999969482421875 144.375 140.8625030517578125 138.9250030517578125
118.1999969482421875 119.3937530517578125 120.1687469482421875 123.7375030517578125 127.1875 130.2375030517578125 132.6687469482421875 134.6437530517578125 137.225006103515625 138.8562469482421875 139.5812530517578125 140.25 140.53125 139.6875 133.9187469482421875 126.9562530517578125 119.8937530517578125 114.14374542236328125 108.54375457763671875 102.9375 98.59375 93.9375 90.4187469482421875 91.6999969482421875 97.0124969482421875 104.15625 113.9875030517578125 123.2624969482421875 131.993743896484375 141.725006103515625 151.5749969482421875 160.3000030517578125 160.662506103515625 157.6687469482421875 154.9562530517578125 153.475006103515625 154.3562469482421875 155.712493896484375 156.9562530517578125 156.568756103515625 153.774993896484375 148.8312530517578125 143.84375 140.6125030517578125
124.6999969482421875 126.43125152587890625 128.4187469482421875 131.46875 134.087493896484375 136.024993896484375 136.9562530517578125 137.7624969482421875 139.2624969482421875 140.8874969482421875 142.3562469482421875 143.912506103515625 144.9562530517578125 145.1125030517578125 139.4875030517578125 132.774993896484375 125.8312530517578125 119.84999847412109375 113.91249847412109375 107.6750030517578125 102.75 97.5 93.0437469482421875 93.4562530517578125 99.74375152587890625 107.4250030517578125 118.0437469482421875 128.412506103515625 138.8312530517578125 149.399993896484375 160.6875 170.725006103515625 171.71875 167.912506103515625 164.375 163.118743896484375 162.9187469482421875 163.4187469482421875 164.412506103515625 164.506256103515625 162.006256103515625 155.1750030517578125 147.4250030517578125 142.875
132.0500030517578125 134.4937591552734375 137.212493896484375 140 141.743743896484375 142.5187530517578125 142.225006103515625 141.40625 142.0749969482421875 143.056243896484375 144.1750030517578125 146.681243896484375 149.462493896484375 150.787506103515625 145.475006103515625 138.662506103515625 132.100006103515625 125.84375 119.83750152587890625 113.44374847412109375 108.4562530517578125 103.3562469482421875 99.8249969482421875 101.15625 106.22499847412109375 113.31874847412109375 123.77500152587890625 134.5124969482421875 145.5124969482421875 156.5749969482421875 167.9562530517578125 177.8312530517578125 178.375 175.506256103515625 172.3249969482421875 171.306243896484375 171.318756103515625 171.899993896484375 173.4187469482421875 174.524993896484375 172.96875 164.875 152.256256103515625 146.34375
139.149993896484375 142.5187530517578125 146.0749969482421875 149.4812469482421875 150.375 149.087493896484375 147.0749969482421875 145.087493896484375 144.9562530517578125 145.100006103515625 146.337493896484375 150.037506103515625 153.850006103515625 156.46875 151.4250030517578125 145.5187530517578125 139.3000030517578125 133.1374969482421875 126.97499847412109375 120.53749847412109375 115.6062469482421875 110.9499969482421875 108.13124847412109375 109.7312469482421875 114.3125 120.7624969482421875 131.006256103515625 141.975006103515625 153.3249969482421875 163.881256103515625 174.65625 183.787506103515625 184.0625 181.399993896484375 179.006256103515625 178.850006103515625 179.6875 180.4812469482421875 181.9875030517578125 184.125 184.75 174.9375 161.6750030517578125 157.850006103515625
147.65625 151.1875 155.6875 160.0625 161.3937530517578125 157.09375 152.693756103515625 149.4875030517578125 148.5 148.0812530517578125 149.2062530517578125 153.0124969482421875 158.0187530517578125 161.8562469482421875 158.412506103515625 153.631256103515625 148.9250030517578125 143.8874969482421875 137.806243896484375 131.087493896484375 125.90000152587890625 121.4375 118.3562469482421875 120.3562469482421875 124.7937469482421875 130.943756103515625 140.1750030517578125 151.162506103515625 161.9875030517578125 171.5687408447265625 181.0749969482421875 189.09375 190.0749969482421875 188.3000030517578125 186.818756103515625 187.0124969482421875 188.256256103515625 189.243743896484375 190.743743896484375 192.1687469482421875 191.506256103515625 185.3312530517578125 176.1687469482421875 173.212493896484375
155.337493896484375 158.774993896484375 162.8249969482421875 167.2624969482421875 167.931243896484375 161.975006103515625 156.4875030517578125 152.100006103515625 150.5124969482421875 150.5812530517578125 151.774993896484375 156.193756103515625 161.9562530517578125 166.5 164.600006103515625 161.9375 159.431243896484375 154.4187469482421875 149.15625 142.431243896484375 136.9562530517578125 132.337493896484375 129.399993896484375 131.4375 135.5124969482421875 141.2062530517578125 150.193756103515625 160.725006103515625 171.056243896484375 179.78125 187.850006103515625 194.649993896484375 195.725006103515625 195.149993896484375 194.3937530517578125 195.2937469482421875 197.181243896484375 198.537506103515625 199.3249969482421875 199.2375030517578125 199.0187530517578125 195.6999969482421875 190.53125 186.1875
162.568756103515625 164.806243896484375 167.5 169.0187530517578125 167.712493896484375 163.212493896484375 158.118743896484375 153.28125 152.024993896484375 151.962493896484375 153.59375 159 165.649993896484375 171.056243896484375 171.5124969482421875 170.875 168.9812469482421875 164.149993896484375 158.837493896484375 152.556243896484375 147.625 143.181243896484375 139.9875030517578125 142.0812530517578125 146.7312469482421875 152.024993896484375 160.3937530517578125 170.600006103515625 180.6437530517578125 188.3249969482421875 195.03125 200.787506103515625 201.3000030517578125 201.431243896484375 201.806243896484375 203.931243896484375 205.65625 206.962493896484375 207.506256103515625 207.524993896484375 209.1125030517578125 208.868743896484375 207.568756103515625 206.3625030517578125
171.806243896484375 172.0124969482421875 172.4375 172.7375030517578125 170.90625 166.725006103515625 161.524993896484375 156.618743896484375 154.975006103515625 155.0437469482421875 158.1187591552734375 163.9875030517578125 171.537506103515625 178.71875 180.662506103515625 181.25 180.2937469482421875 176.2437591552734375 170.0437469482421875 164.0812530517578125 159.5500030517578125 155.631256103515625 152.600006103515625 154.4250030517578125 158.7312469482421875 164.118743896484375 172.1750030517578125 181.193756103515625 191.006256103515625 197.3562469482421875 203.256256103515625 208.162506103515625 209.125 209.756256103515625 210.774993896484375 212.96875 215.056243896484375 216.78125 217.193756103515625 219.6687469482421875 221.7687530517578125 223.9875030517578125 227.3625030517578125 233.318756103515625
180.712493896484375 179.056243896484375 178.3125 176.875 173.65625 169.4250030517578125 164.631256103515625 159.78125 157.556243896484375 157.375 160.3937530517578125 168.6125030517578125 177.837493896484375 185.4812469482421875 189.46875 191.5625 192.3625030517578125 188.4875030517578125 181.8937530517578125 175.962493896484375 171.743743896484375 167.850006103515625 164.712493896484375 166.524993896484375 170.318756103515625 175.34375 183.5124969482421875 192.475006103515625 202.0187530517578125 206.84375 211.443756103515625 215.818756103515625 217.1750030517578125 218.412506103515625 219.5749969482421875 221.725006103515625 224.46875 225.631256103515625 227.6875 230.9812469482421875 234.287506103515625 238.65625 245.3000030517578125 256.0625
189.212493896484375 186.381256103515625 184.3562469482421875 181.28125 177.40625 172.65625 167.3874969482421875 162.274993896484375 158.818756103515625 158.5812530517578125 162.850006103515625 172.8874969482421875 184.725006103515625 194.6687469482421875 200.125 203.600006103515625 205.0812530517578125 200.8125 194.59375 187.75 184.125 179.8125 177.2687530517578125 178.6374969482421875 181.7062530517578125 186.524993896484375 194.3312530517578125 203.350006103515625 212.368743896484375 216.212493896484375 219.806243896484375 223.287506103515625 225.1687469482421875 227.193756103515625 228.693756103515625 230.25 232.34375 235.1374969482421875 238.024993896484375 240.8125 244.943756103515625 250.243743896484375 258.056243896484375 269.362518310546875
199.2687530517578125 195.600006103515625 192.3562469482421875 188.46875 183.600006103515625 178.46875 172.2624969482421875 166 161.375 159.8937530517578125 165.8937530517578125 179.306243896484375 194.399993896484375 205.8937530517578125 212.6374969482421875 216.875 218.5812530517578125 214.1999969482421875 207.225006103515625 199.975006103515625 196.149993896484375 192.7312469482421875 189.53125 190.524993896484375 193.5 197.5124969482421875 204.8874969482421875 213.0749969482421875 221.1875 224.8625030517578125 228.2937469482421875 231.0124969482421875 233.4124908447265625 235.256256103515625 236.743743896484375 237.4250030517578125 240.4250030517578125 242.9375 245.4875030517578125 248.6374969482421875 252.899993896484375 259.131256103515625 266.118743896484375 276.056243896484375
209.243743896484375 205.0187530517578125 201.149993896484375 196.875 191.787506103515625 186.4499969482421875 180.3249969482421875 172.78125 165.587493896484375 160.1374969482421875 170.068756103515625 190.9812469482421875 207.1750030517578125 218.2687530517578125 225.806243896484375 230.493743896484375 232.681243896484375 227.6875 220.818756103515625 213.25 208.875 204.875 201.5500030517578125 202.1125030517578125 204.256256103515625 207.9499969482421875 214.2624969482421875 222.5124969482421875 230.4187469482421875 233.818756103515625 236.6125030517578125 238.90625 241.34375 243.7624969482421875 245.0500030517578125 246.53125 248.6687469482421875 250.4875030517578125 251.868743896484375 254.600006103515625 258.34375 264.07501220703125 270.64373779296875 279.243743896484375
217.8125 213.6687469482421875 209.975006103515625 205.625 201.1062469482421875 195.774993896484375 190.53125 183.756256103515625 177.0749969482421875 169.556243896484375 190.0812530517578125 213.3874969482421875 225.399993896484375 233.9250030517578125 240.6437530517578125 245.2624969482421875 246.850006103515625 241.9375 234.131256103515625 226.556243896484375 220.787506103515625 216.09375 212.78125 212.774993896484375 214.15625 217.287506103515625 223.868743896484375 231.381256103515625 238.6374969482421875 242.149993896484375 244.1062469482421875 246.40625 249.0437469482421875 251.7062530517578125 253.149993896484375 254.3125 255.618743896484375 256.3125 257.71875 259.54376220703125 262.106231689453125 266.95001220703125 272.14373779296875 279.15625
221.118743896484375 217.4875030517578125 214.931243896484375 211.962493896484375 208.2687530517578125 204.5749969482421875 201.28125 198.7062530517578125 199.2312469482421875 208.587493896484375 234.318756103515625 241.9375 246.0437469482421875 251.431243896484375 256.15625 259.54376220703125 260.28125 254.131256103515625 245.9875030517578125 237.806243896484375 230.868743896484375 224.875 220.962493896484375 220.6875 221.96875 224.7062530517578125 230.024993896484375 236.868743896484375 243.40625 247.25 250.3249969482421875 251.7624969482421875 254.1125030517578125 256.28125 258.625 259.524993896484375 260.17498779296875 260.600006103515625 261.21875 262.118743896484375 264.46875 267.837493896484375 271.618743896484375 276.743743896484375
224.5812530517578125 221.587493896484375 220.0124969482421875 218.287506103515625 216.25 215.2375030517578125 214.90625 216.9375 222.4875030517578125 234.4000091552734375 251.618743896484375 261.0625 264.95623779296875 269.26873779296875 272.993743896484375 274.662506103515625 274.01251220703125 267.84375 258.556243896484375 249.399993896484375 239.90625 232.068756103515625 226.975006103515625 225.8249969482421875 227.71875 230.90625 236.149993896484375 242.3562469482421875 247.9875030517578125 252.368743896484375 255.1875 258.01251220703125 260.524993896484375 262.100006103515625 263.42498779296875 263.16876220703125 263.881256103515625 263.76251220703125 263.67498779296875 263.5 264.318756103515625 266.962493896484375 270.193756103515625 274.01873779296875
