data/historical-monthly-weather-data/wc2.1_cruts4.09_10m_prec_2022-12.asc
ncols        51
nrows        45
xllcorner    -63.500000000000
yllcorner    -7.500000000000
cellsize     0.166666666667
NODATA_value -9999
[rows 20 to 39 of 45, columns 0 to 44 of 51]
169.181243896484375 179.71875 193.337493896484375 208.712493896484375 225.243743896484375 241.850006103515625 258.13751220703125 274.48748779296875 291.85626220703125 307.431243896484375 320.64373779296875 334.28125 347.056243896484375 356.63751220703125 361.625 363.337493896484375 364.225006103515625 365.10626220703125 369.73126220703125 373.96875 378.51873779296875 382.48126220703125 385.29376220703125 381.5 378.71875 373.1875 357.193756103515625 332.40625 303.625 275.625 252.899993896484375 239.3125 231.0437469482421875 225.3874969482421875 220.4875030517578125 217.1437530517578125 216.2687530517578125 214.7624969482421875 205.7062530517578125 191.03125 173.131256103515625 156.368743896484375 142.412506103515625 130.65625 126.3312530517578125
175.7062530517578125 186.3874969482421875 200.34375 216.868743896484375 233.962493896484375 251.568756103515625 269.92498779296875 288.46875 307.0625 323.65625 336.85626220703125 349.743743896484375 361.65625 370.193756103515625 375.681243896484375 378.306243896484375 379.98748779296875 380.17498779296875 381.63751220703125 383.024993896484375 381.45623779296875 382.868743896484375 385.806243896484375 381.243743896484375 378.51873779296875 377.28125 368.17498779296875 345.550018310546875 318.399993896484375 293.431243896484375 271.912506103515625 256.25 245.5812530517578125 238.881256103515625 232.34375 227.712493896484375 226.318756103515625 224.875 213.787506103515625 196.493743896484375 178.118743896484375 161.193756103515625 146.274993896484375 133.806243896484375 129.6062469482421875
182.399993896484375 195.0625 208.2624969482421875 224.1750030517578125 241.9812469482421875 261.98126220703125 281.618743896484375 302.54376220703125 324.20623779296875 340.662506103515625 353.59375 364.39373779296875 376.287506103515625 384.95623779296875 389.89373779296875 392.51873779296875 393.568756103515625 391.506256103515625 390.70623779296875 388.243743896484375 383.5 381.024993896484375 379.875 375.14373779296875 373.868743896484375 376.54376220703125 373.48126220703125 353.98126220703125 328.78125 307.11248779296875 288.01251220703125 272.21875 261.16876220703125 251.8625030517578125 243.5749969482421875 235.6062469482421875 234.375 236.493743896484375 224.125 204.1437530517578125 184.100006103515625 166.181243896484375 150.5124969482421875 137.3312530517578125 132.725006103515625
188.3249969482421875 200.8000030517578125 213.59375 229.8312530517578125 248.899993896484375 270.6875 293.181243896484375 315.368743896484375 337.32501220703125 353.431243896484375 366.57501220703125 378.01873779296875 389.36248779296875 398.36248779296875 401.67498779296875 402.8125 402.962493896484375 399.10626220703125 395.0625 389.67498779296875 380.78125 375.01251220703125 369.881256103515625 365.225006103515625 363.306243896484375 364.912506103515625 362.162506103515625 350.131256103515625 333.51251220703125 316.006256103515625 300.40625 284.88751220703125 274.96875 265.212493896484375 256.181243896484375 245.256256103515625 242.493743896484375 243.9875030517578125 231.306243896484375 210.993743896484375 190.0625 171.7062530517578125 154.899993896484375 140.875 137.15625
196.6062469482421875 208.337493896484375 220.2375030517578125 238.837493896484375 260.26873779296875 282.587493896484375 305.59375 327.3125 348.04998779296875 365.875 380.225006103515625 391.006256103515625 401.568756103515625 409.89373779296875 412.600006103515625 412.931243896484375 411.63751220703125 405.818756103515625 398.70623779296875 390.375 378.087493896484375 367.40625 359.225006103515625 352.38751220703125 350.78125 353.412506103515625 351.82501220703125 344.850006103515625 334.01873779296875 322.056243896484375 310 296.556243896484375 288.14373779296875 279.0625 269.09375 259.23126220703125 254.850006103515625 250.162506103515625 236.337493896484375 217.53125 196.681243896484375 177.649993896484375 159.5687408447265625 145.6999969482421875 140.78125
209.337493896484375 223.712493896484375 236.09375 254.193756103515625 273.38751220703125 295.462493896484375 317.38751220703125 338.4375 358.61248779296875 375.868743896484375 390.181243896484375 401.70001220703125 411.39373779296875 419.20623779296875 421.84375 421.63751220703125 418.649993896484375 410.96875 401.73126220703125 390.79376220703125 377.662506103515625 362 347.98748779296875 337.21875 338.662506103515625 343.64373779296875 345.087493896484375 341.375 334.399993896484375 326.10626220703125 316.78125 307.76251220703125 301.662506103515625 292.46875 283.225006103515625 272.85626220703125 266.16876220703125 258.90625 244.024993896484375 225.743743896484375 205.024993896484375 183.787506103515625 163.899993896484375 148.600006103515625 144.6062469482421875
221.28125 236.0625 251.537506103515625 269.76251220703125 288.15625 308.431243896484375 327.287506103515625 345.54998779296875 362.462493896484375 379.149993896484375 394.41876220703125 404.649993896484375 412.4375 419.60626220703125 421.943756103515625 422.368743896484375 419.912506103515625 412.431243896484375 403.256256103515625 391.01251220703125 376.3125 359.08123779296875 341.98126220703125 327.725006103515625 331.556243896484375 336.98748779296875 339.193756103515625 336.962493896484375 332.993743896484375 326.806243896484375 320.6875 314.51251220703125 311.42498779296875 302.98748779296875 294.162506103515625 284.181243896484375 275.256256103515625 266.350006103515625 251.1125030517578125 233.662506103515625 213.5625 190.8249969482421875 168.6750030517578125 152.75 152.3625030517578125
234.368743896484375 249.6374969482421875 267.506256103515625 286.462493896484375 304.243743896484375 322.41876220703125 338.756256103515625 353.118743896484375 367.125 381.256256103515625 394.23126220703125 403.1875 411.587493896484375 418.375 420.73748779296875 420.57501220703125 419.412506103515625 412.131256103515625 404.087493896484375 392.756256103515625 378.54376220703125 362.70001220703125 349.41876220703125 337.41876220703125 335.431243896484375 337.33123779296875 336.92498779296875 333.79376220703125 329.79376220703125 325.07501220703125 319.82501220703125 314.149993896484375 312.162506103515625 307.568756103515625 301.26251220703125 291.774993896484375 282.91876220703125 273.931243896484375 259.64373779296875 243.7062530517578125 225.006256103515625 201.65625 174.8562469482421875 158.337493896484375 163.7062530517578125
245.931243896484375 261.83123779296875 281.9375 303.087493896484375 320.07501220703125 334.306243896484375 346.837493896484375 358.33123779296875 369.662506103515625 380.649993896484375 392.6875 401.462493896484375 408.962493896484375 415.899993896484375 417.79998779296875 419.65625 419.28125 413.45623779296875 406.193756103515625 396.225006103515625 383.068756103515625 369.45623779296875 359.04998779296875 346.931243896484375 341.837493896484375 340.087493896484375 337.037506103515625 332.61248779296875 328.006256103515625 322.818756103515625 317.412506103515625 311.618743896484375 310.756256103515625 308.35626220703125 304.95623779296875 297.0625 289.41876220703125 280.649993896484375 266.681243896484375 252.5437469482421875 237.087493896484375 212.8312530517578125 186.4375 173.03125 178.712493896484375
253.2062530517578125 267.63751220703125 288.037506103515625 309.76873779296875 326.70623779296875 334.96875 342.58123779296875 351.350006103515625 359.88751220703125 368.54376220703125 379.274993896484375 387.4375 397.087493896484375 406.07501220703125 409.83123779296875 412.11248779296875 413.82501220703125 412.15625 406.725006103515625 397.54376220703125 384.9375 373.162506103515625 362.73126220703125 351.4375 344.84375 341.04376220703125 334.375 329.26251220703125 323.381256103515625 318.774993896484375 313.993743896484375 308.850006103515625 309.131256103515625 307.8125 305.64373779296875 298.34375 291.443756103515625 283.225006103515625 270.73126220703125 257.306243896484375 242 224.3937530517578125 204.5625 193.3625030517578125 193.3312530517578125
257.53125 269.75 287.40625 307.17498779296875 321.149993896484375 326.15625 331.79998779296875 337.943756103515625 344.318756103515625 353.212493896484375 363.13751220703125 372.318756103515625 383.337493896484375 393.193756103515625 398.181243896484375 402.931243896484375 408.056243896484375 407.07501220703125 405.14373779296875 397.600006103515625 385.4375 374.350006103515625 365.149993896484375 353.67498779296875 345.36248779296875 339.48126220703125 331.73748779296875 325.100006103515625 318.33123779296875 314.887481689453125 310.850006103515625 306.524993896484375 306.58123779296875 306.36248779296875 304.67498779296875 298.5625 292.73748779296875 285.40625 273.70001220703125 260.274993896484375 247.5749969482421875 235.818756103515625 222.8312530517578125 211.662506103515625 209.3874969482421875
258.73748779296875 267.068756103515625 280.431243896484375 292.88751220703125 301.381256103515625 308.587493896484375 314.73126220703125 319.63751220703125 326.149993896484375 333.993743896484375 344.131256103515625 355.25 367.9375 379.149993896484375 386.993743896484375 393.70001220703125 397.875 397.65625 396.53125 391.381256103515625 381.82501220703125 372.1875 363.09375 351.787506103515625 344.493743896484375 337.181243896484375 327.806243896484375 320.243743896484375 313.193756103515625 310.693756103515625 307.60626220703125 304.38751220703125 303.29376220703125 303.318756103515625 302.681243896484375 298.51251220703125 292.64373779296875 285.8125 275.79998779296875 264.73126220703125 256.53125 250.7687530517578125 244.5 238.6750030517578125 239.3625030517578125
250.1687469482421875 255.0749969482421875 263.899993896484375 273.26873779296875 279.88751220703125 286.15625 290.58123779296875 294.306243896484375 300.34375 308.868743896484375 322.28125 335.26873779296875 350.70623779296875 366.037506103515625 374.375 380.59375 384.231231689453125 385.600006103515625 382.787506103515625 379.024993896484375 371.443756103515625 364.08123779296875 356.287506103515625 345.54998779296875 338.337493896484375 331.95001220703125 322.45623779296875 313.04998779296875 306.36248779296875 304.287506103515625 302.95001220703125 301 300.32501220703125 300.306243896484375 300.037506103515625 296.618743896484375 292.149993896484375 287.04376220703125 279.95001220703125 275.26251220703125 270.61248779296875 269.399993896484375 270.01251220703125 273.681243896484375 286.337493896484375
238.8937530517578125 241.337493896484375 247.9499969482421875 254.1062469482421875 258.006256103515625 262.54998779296875 266.100006103515625 268.73748779296875 274.125 282.54376220703125 295.837493896484375 314.087493896484375 333.462493896484375 350.006256103515625 359.75 365.9375 370.600006103515625 372.012481689453125 368.84375 365.6875 359.524993896484375 352.9375 345.79376220703125 336.53125 329.36248779296875 323.256256103515625 314.662506103515625 305.84375 299.537506103515625 297.774993896484375 297.41876220703125 297.29376220703125 296.899993896484375 296.98126220703125 296.36248779296875 293.65625 291.024993896484375 286.568756103515625 284.78125 284.73748779296875 284.82501220703125 287.787506103515625 293.64373779296875 304.256256103515625 322.212493896484375
226.28125 227.5437469482421875 232.149993896484375 235.71875 238.287506103515625 240.90625 242.5437469482421875 243.9187469482421875 247.59375 256.03125 271.118743896484375 292.5 316.57501220703125 337.16876220703125 347.39373779296875 353.725006103515625 357.65625 358.100006103515625 355.993743896484375 351.45001220703125 347.04998779296875 340.337493896484375 335.087493896484375 326.381256103515625 319.193756103515625 313.75 305.537506103515625 297.70001220703125 291.618743896484375 290.962493896484375 291.962493896484375 292.9375 293.087493896484375 293.556243896484375 292.95623779296875 290.4375 288.15625 287.125 289.412506103515625 292.07501220703125 296.318756103515625 301.98748779296875 310.631256103515625 323.26251220703125 339.01251220703125
211.618743896484375 212.1500091552734375 215.0500030517578125 217.306243896484375 218.506256103515625 220.693756103515625 221.25 221.256256103515625 223.712493896484375 230.212493896484375 246.9812469482421875 271.850006103515625 299.274993896484375 321.100006103515625 332.98126220703125 340.48126220703125 344.837493896484375 344.806243896484375 341.256256103515625 336.149993896484375 331.693756103515625 327.11248779296875 321.38751220703125 313.881256103515625 308.26251220703125 303.16876220703125 296.25 289.1875 283.70623779296875 284.431243896484375 286.774993896484375 288.181243896484375 289.225006103515625 289.54376220703125 289.29376220703125 287.506256103515625 288.381256103515625 289.01873779296875 292.212493896484375 296.54376220703125 302.17498779296875 309.712493896484375 318.11248779296875 329.806243896484375 341.318756103515625
196.381256103515625 196.6750030517578125 198.7062530517578125 200.3874969482421875 201.3249969482421875 203.587493896484375 204.78125 203.90625 203.8874969482421875 205.462493896484375 226.2375030517578125 258.962493896484375 285.5625 305.1875 318.08123779296875 326.625 332.212493896484375 331.006256103515625 327.431243896484375 321.931243896484375 316.98126220703125 311.96875 306.681243896484375 300.32501220703125 295.25 291.412506103515625 285.162506103515625 280.23126220703125 276.46875 278.23748779296875 281.149993896484375 283.306243896484375 284.73126220703125 285.95623779296875 285.943756103515625 287.09375 289.16876220703125 291.0625 293.962493896484375 298.6875 304.568756103515625 312.15625 320.65625 331.412506103515625 339.41876220703125
181.006256103515625 181.5812530517578125 183.625 185.0749969482421875 186.5749969482421875 189.15625 191.693756103515625 192.3874969482421875 193.943756103515625 193.8874969482421875 225.899993896484375 259.100006103515625 278.568756103515625 293.806243896484375 305.631256103515625 314.61248779296875 320.01251220703125 318.76251220703125 313.86248779296875 308.41876220703125 301.95001220703125 296.36248779296875 291.725006103515625 286.256256103515625 281.875 278.931243896484375 275.21875 271.54998779296875 268.962493896484375 272.13751220703125 275.243743896484375 278.443756103515625 280.51251220703125 282.36248779296875 283.100006103515625 285.649993896484375 288.70623779296875 291.25 295.07501220703125 299.537506103515625 304.78125 311.868743896484375 319.28125 328.70623779296875 336.38751220703125
166.125 166.9187469482421875 169.7687530517578125 172.3562469482421875 174.53125 178.40625 182.662506103515625 187.4499969482421875 196.375 214.4812469482421875 250.4812469482421875 265.63751220703125 276.73126220703125 289.08123779296875 299.125 307.33123779296875 312.40625 309.70001220703125 304.51251220703125 298.506256103515625 290.837493896484375 283.85626220703125 278.806243896484375 274.399993896484375 271.350006103515625 269.45001220703125 266.943756103515625 265.4375 264.64373779296875 268.431243896484375 272.70623779296875 275.07501220703125 277.73126220703125 280.01251220703125 282.774993896484375 285.54376220703125 288.368743896484375 290.98748779296875 293.98748779296875 297.350006103515625 302.274993896484375 307.57501220703125 313.26251220703125 320.35626220703125 326.28125
152.125 153.1875 156.681243896484375 160.1750030517578125 163.65625 169.4562530517578125 175.8874969482421875 184.4187469482421875 197.3562469482421875 216.6062469482421875 241.5124969482421875 259.3125 271.73748779296875 284.243743896484375 293.89373779296875 300.956268310546875 305.21875 302.743743896484375 296.45001220703125 289.57501220703125 279.29998779296875 270.493743896484375 264.4375 260.34375 259.324981689453125 259.39373779296875 259.57501220703125 260.34375 261.193756103515625 265.70623779296875 269.42498779296875 273.23126220703125 276.962493896484375 279.8125 282.54376220703125 284.40625 287.51251220703125 289.67498779296875 291.787506103515625 293.774993896484375 296.82501220703125 301.118743896484375 306 311.431243896484375 316.662506103515625
