data/historical-monthly-weather-data/wc2.1_cruts4.09_10m_prec_1956-05.asc
ncols        51
nrows        45
xllcorner    -63.500000000000
yllcorner    -7.500000000000
cellsize     0.166666666667
NODATA_value -9999
[rows 0 to 19 of 45, columns 0 to 43 of 51]
433.34375 439.6875 443.631256103515625 455.375 462.931243896484375 465.975006103515625 462.6875 461.975006103515625 458.53125 458.54376220703125 455.162506103515625 444.10626220703125 435.25 427.0625 414.65625 404.51873779296875 393.087493896484375 381.181243896484375 372.868743896484375 368.118743896484375 366.274993896484375 364.381256103515625 366.350006103515625 362.5 359.98748779296875 359.256256103515625 354.625 351.45623779296875 345.274993896484375 341.10626220703125 332.287506103515625 326.17498779296875 322.524993896484375 317.32501220703125 313.006256103515625 315.212493896484375 316.868743896484375 316.131256103515625 317.66876220703125 321.350006103515625 322.462493896484375 324.875 324.45001220703125 328.125
427.95001220703125 431.8125 440.79998779296875 454.79376220703125 468.506256103515625 472.649993896484375 469.125 468.40625 467.037506103515625 462.293731689453125 458.306243896484375 445.91876220703125 433.17498779296875 421.024993896484375 406.15625 392.28125 378.881256103515625 364.57501220703125 356.86248779296875 351.0625 349.15625 348.73126220703125 348.16876220703125 347.274993896484375 344.45623779296875 341.625 340.48748779296875 338.71875 335.212493896484375 328.662506103515625 319.693756103515625 316.618743896484375 311.41876220703125 309.443756103515625 305.493743896484375 304 307.868743896484375 308.337493896484375 312.10626220703125 311.01251220703125 311.95001220703125 317.9375 317.70001220703125 316.53125
414.28125 422.181243896484375 434.64373779296875 446.881256103515625 457.45001220703125 463.07501220703125 465.39373779296875 468.850006103515625 468.28125 463.181243896484375 456.51873779296875 440.88751220703125 424.6875 407.118743896484375 391.53125 378.131256103515625 362.57501220703125 347.756256103515625 340.07501220703125 335.443756103515625 333.67498779296875 335.14373779296875 334.587493896484375 331.975006103515625 328.243743896484375 327.556243896484375 328.70623779296875 326.45623779296875 322.04376220703125 316.225006103515625 308.73748779296875 304.42498779296875 303.5625 300.118743896484375 298.725006103515625 297.181243896484375 299.98748779296875 302.0625 304.21875 305.48126220703125 309.25 310.01251220703125 312.100006103515625 311.26251220703125
395.125 400.54998779296875 420.46875 431.64373779296875 442.54376220703125 447.36248779296875 452.09375 459.98748779296875 465.774993896484375 462.524993896484375 451.274993896484375 432.725006103515625 410.88751220703125 391.54376220703125 375.01873779296875 359.66876220703125 343.068756103515625 330.212493896484375 323.17498779296875 321.95001220703125 324.96875 324.412506103515625 321.712493896484375 318.993743896484375 314.5625 311.068756103515625 313.35626220703125 310.1875 306.66876220703125 304.568756103515625 299.01251220703125 295.225006103515625 293.118743896484375 289.712493896484375 286.46875 290.693756103515625 295.32501220703125 297.631256103515625 300.431243896484375 302.70623779296875 304.63751220703125 308.587493896484375 306.625 304.79998779296875
401.13751220703125 402.100006103515625 400.32501220703125 410.131256103515625 423.40625 427.35626220703125 434.837493896484375 445.76251220703125 457.850006103515625 459.756256103515625 442.193756103515625 416.712493896484375 397.09375 378.193756103515625 360.868743896484375 343.537506103515625 325.868743896484375 314.625 308.431243896484375 309.51873779296875 312.54998779296875 310.83123779296875 306.600006103515625 306.61248779296875 300.125 295.868743896484375 293.462493896484375 294.743743896484375 293.493743896484375 291.07501220703125 288.5625 284.274993896484375 281.95623779296875 282.056243896484375 281.181243896484375 283.743743896484375 290.13751220703125 295.256256103515625 299.287506103515625 301.03125 304.51251220703125 304.34375 302.850006103515625 302.631256103515625
401.125 402.368743896484375 397.756256103515625 390.07501220703125 403.287506103515625 413.61248779296875 420.787506103515625 427.712493896484375 440.64373779296875 444.73126220703125 429.524993896484375 402.95623779296875 386.89373779296875 370.850006103515625 351.58123779296875 338.07501220703125 319.493743896484375 306.981231689453125 301.962493896484375 304.10626220703125 304.143768310546875 302.912506103515625 300.806243896484375 294.962493896484375 289.431243896484375 284.89373779296875 283.36248779296875 283.01251220703125 283.837493896484375 282.993743896484375 281.431243896484375 279.943756103515625 278.743743896484375 279.40625 279.34375 284.34375 290.07501220703125 295.306243896484375 302.962493896484375 304.95001220703125 305.1875 305.23748779296875 302.318756103515625 301.14373779296875
404.53125 403.006256103515625 396.84375 389.6875 389.331268310546875 390.862518310546875 395.631256103515625 400.96875 398.96875 403.350006103515625 398.41876220703125 383.29998779296875 372.631256103515625 360.73748779296875 345.806243896484375 331.73748779296875 319.45623779296875 309.774993896484375 303.0625 304.14373779296875 299.993743896484375 295.181243896484375 288.399993896484375 284.54998779296875 280.14373779296875 277.850006103515625 275.17498779296875 274.34375 272.48126220703125 273.09375 273.493743896484375 271.337493896484375 270.600006103515625 272.712493896484375 275.375 282.98126220703125 288.399993896484375 294.48748779296875 302.631256103515625 307.181243896484375 305.78125 302.787506103515625 299.51251220703125 299.443756103515625
406.225006103515625 402.59375 395.32501220703125 390.79998779296875 388.98126220703125 389.056243896484375 380.01873779296875 363.45623779296875 349.90625 357.20001220703125 367.26251220703125 363.743743896484375 360.899993896484375 351.756256103515625 340.85626220703125 331 320.48748779296875 313.73748779296875 306.84375 301.756256103515625 298.318756103515625 289.943756103515625 281.725006103515625 273.63751220703125 270.743743896484375 263.34375 264.09375 262.51873779296875 261.649993896484375 263.29376220703125 264.375 263.20001220703125 265.13751220703125 266.40625 268.006256103515625 274.84375 282.65625 291.29376220703125 296.58123779296875 296.85626220703125 299.056243896484375 296.212493896484375 294.01873779296875 290.787506103515625
406.64373779296875 402.443756103515625 397.14373779296875 390.39373779296875 386.03125 382.70623779296875 373.024993896484375 358.850006103515625 337.86248779296875 330.087493896484375 340.712493896484375 346.98126220703125 351.98748779296875 345.5625 337.48748779296875 331.70623779296875 324.16876220703125 319.475006103515625 315.5625 303.631256103515625 291.556243896484375 284.96875 271.76251220703125 269.631256103515625 261.15625 252.774993896484375 250.8687591552734375 253.0500030517578125 256.162506103515625 257 260.756256103515625 259.40625 257.181243896484375 256.975006103515625 261.38751220703125 269.625 278.41876220703125 287.67498779296875 294.63751220703125 293.5 291.89373779296875 288.412506103515625 288.83123779296875 288.73748779296875
405.53125 402.818756103515625 397.48748779296875 392.45623779296875 383.931243896484375 380.125 372.21875 361.100006103515625 349.100006103515625 344.087493896484375 345.306243896484375 340.89373779296875 347.3125 341.79376220703125 337.693756103515625 330.75 324.41876220703125 319.5625 316.243743896484375 308.98126220703125 292.57501220703125 277.01251220703125 263.9375 259.087493896484375 248.5749969482421875 240.6062469482421875 238.868743896484375 241.399993896484375 246.556243896484375 251.6437530517578125 252.693756103515625 251.212493896484375 252.568756103515625 253.9250030517578125 256.087493896484375 263.92498779296875 271.89373779296875 281.743743896484375 288.86248779296875 292.9375 295.25 294.475006103515625 287.15625 280.84375
403.868743896484375 402.78125 396.04376220703125 391.51873779296875 383.0625 380.6875 374.41876220703125 362.100006103515625 353.149993896484375 351.53125 353.125 352.28125 343.89373779296875 340.91876220703125 334.631256103515625 327.67498779296875 322.443756103515625 318.59375 314.256256103515625 309.743743896484375 301.33123779296875 279.78125 260.14373779296875 241.1687469482421875 237.125 232.881256103515625 231.600006103515625 233.9812469482421875 235.818756103515625 238.9562530517578125 242.75 244.306243896484375 245.787506103515625 247.4187469482421875 249.3562469482421875 254.7312469482421875 262.6875 273.70623779296875 283.837493896484375 290.125 293.912506103515625 290.931243896484375 288.82501220703125 278.443756103515625
403.38751220703125 400.212493896484375 394.61248779296875 390.14373779296875 384.181243896484375 377.83123779296875 375.274993896484375 368.34375 363.1875 356.8125 357.225006103515625 359.79376220703125 345.34375 339.28125 335.256256103515625 325.625 319.61248779296875 315.100006103515625 311.475006103515625 310.412506103515625 304.524993896484375 286.86248779296875 264.25 242.4187469482421875 227.90625 218.3687591552734375 216.53125 219.71875 224.7312469482421875 228.212493896484375 229.506256103515625 231.600006103515625 233.6062469482421875 235.5500030517578125 240.3000030517578125 249 259.01873779296875 268.32501220703125 276.0625 283.125 289.41876220703125 286.568756103515625 279.100006103515625 260.318756103515625
403.818756103515625 397.38751220703125 390.943756103515625 386.98126220703125 380.51251220703125 377.431243896484375 371.92498779296875 364.42498779296875 361.08123779296875 359.975006103515625 359.35626220703125 359.08123779296875 350.48748779296875 331.568756103515625 324.09375 320.04376220703125 313.61248779296875 309.03125 304.637481689453125 302.9375 299.85626220703125 280.693756103515625 258.59375 237.21875 211.993743896484375 199.662506103515625 204.681243896484375 209.725006103515625 216.306243896484375 221.225006103515625 221.3125 220.3312530517578125 221.4875030517578125 222.837493896484375 228.625 240.1999969482421875 252.09375 264.868743896484375 275.131256103515625 281.625 285.10626220703125 282.462493896484375 266.274993896484375 251.006256103515625
395.725006103515625 390.29998779296875 385.85626220703125 381.34375 377.20001220703125 372.23126220703125 366 360.38751220703125 359.850006103515625 358.32501220703125 351.181243896484375 347.11248779296875 339.25 327.337493896484375 308.75 307.85626220703125 301.443756103515625 294.92498779296875 292.475006103515625 290.90625 284.162506103515625 267.181243896484375 247.6999969482421875 230.7624969482421875 210.649993896484375 197.2624969482421875 197.8874969482421875 200.1437530517578125 205.681243896484375 208.6750030517578125 212.4562530517578125 210.9250030517578125 212.0437469482421875 213.78125 218.337493896484375 232.7062530517578125 248.837493896484375 264.975006103515625 276.868743896484375 280.25 273.11248779296875 261.29376220703125 256.350006103515625 254.46875
387.725006103515625 384.556243896484375 381.350006103515625 376.306243896484375 371.04998779296875 366.806243896484375 364.375 361.149993896484375 357.39373779296875 351.368743896484375 342.98126220703125 336.78125 326.10626220703125 313.79376220703125 290.90625 287.90625 284.181243896484375 281.78125 279.16876220703125 276.037506103515625 269.662506103515625 255.993743896484375 240.9812469482421875 232.431243896484375 220.993743896484375 210.600006103515625 207.068756103515625 207.024993896484375 208.4250030517578125 209.0749969482421875 205.75 202.943756103515625 206.556243896484375 204.693756103515625 204.53125 216.0124969482421875 241.587493896484375 263.899993896484375 274.21875 274.17498779296875 266.28125 260.84375 263.20001220703125 258.98126220703125
378.70001220703125 374.96875 374.08123779296875 370.92498779296875 364.962493896484375 363.25 361.8125 357.90625 351.368743896484375 345.83123779296875 335.693756103515625 327.1875 316.056243896484375 305.60626220703125 286.48748779296875 266.78125 267.25 271.03125 265.931243896484375 262.524993896484375 256.462493896484375 248.9499969482421875 239.7624969482421875 237.149993896484375 229.15625 218.962493896484375 214.181243896484375 211.149993896484375 210.943756103515625 211.9875030517578125 211.431243896484375 206.8562469482421875 200.5187530517578125 194.4562530517578125 192.75 215.243743896484375 234.243743896484375 254.25 268 274.850006103515625 273.04998779296875 266.76873779296875 263.03125 252.65625
372.0625 369.225006103515625 365.931243896484375 364.662506103515625 362.70001220703125 358.412506103515625 354.92498779296875 350.03125 345.73126220703125 339.475006103515625 330.975006103515625 323.96875 311.76251220703125 299.51251220703125 284.08123779296875 268.25 250.9562530517578125 252.912506103515625 252.787506103515625 250.6750030517578125 245.5124969482421875 238.975006103515625 235.100006103515625 239.274993896484375 237.712493896484375 222.100006103515625 215.1062469482421875 212.618743896484375 212.2312469482421875 212.90625 213.3625030517578125 212.28125 207.162506103515625 202.818756103515625 211.6999969482421875 223.725006103515625 242.3125 261.79376220703125 280.61248779296875 281.03125 277.524993896484375 267.58123779296875 255.9250030517578125 248.693756103515625
364.037506103515625 363.837493896484375 362.73126220703125 360.368743896484375 358.618743896484375 358.006256103515625 352.568756103515625 345.85626220703125 339.23748779296875 333.649993896484375 325.34375 321.10626220703125 306.056243896484375 295.83123779296875 281.443756103515625 267.693756103515625 251.618743896484375 235.6687469482421875 244.5749969482421875 241.306243896484375 235.40625 230.287506103515625 227.1687469482421875 233.0437469482421875 234.587493896484375 223.4562530517578125 213.6374969482421875 213.625 214.4187469482421875 211.84375 205.1062469482421875 200.1687469482421875 211.506256103515625 217.125 221.881256103515625 243.0374908447265625 260.98748779296875 270.881256103515625 281.024993896484375 282.57501220703125 271.212493896484375 260.987518310546875 250.993743896484375 245.681243896484375
355.993743896484375 356.85626220703125 355.306243896484375 356.48126220703125 356.868743896484375 353.8125 349.86248779296875 344.987518310546875 338.068756103515625 333.58123779296875 323 309.681243896484375 297.225006103515625 288.15625 275.03125 264.587493896484375 253.287506103515625 234.7375030517578125 227.7375030517578125 226.868743896484375 222.587493896484375 221.318756103515625 207.25 215.681243896484375 219.087493896484375 218.912506103515625 216.618743896484375 212.662506103515625 213.712493896484375 210.912506103515625 206.9375 208.03125 217.34375 222.96875 230.756256103515625 247.375 257.4375 263.40625 272.67498779296875 269.76873779296875 260.6875 250.493743896484375 245.7062530517578125 244.7062530517578125
346.28125 348.462493896484375 348.84375 347.48126220703125 349.287506103515625 352.57501220703125 350.73126220703125 345.54998779296875 338.32501220703125 329.681243896484375 321.943756103515625 314.04376220703125 305.774993896484375 291.587493896484375 275.85626220703125 255.524993896484375 238.5187530517578125 233.662506103515625 225.493743896484375 221.475006103515625 210.037506103515625 204.100006103515625 202.412506103515625 205.1999969482421875 205.8125 202.756256103515625 204.9187469482421875 209.162506103515625 206.9250030517578125 202.431243896484375 203.493743896484375 215.681243896484375 221.118743896484375 224.6125030517578125 234.568756103515625 246.84375 255.09375 260.41876220703125 261.9375 259.943756103515625 248.8249969482421875 240.131256103515625 240.90625 241.6437530517578125
