data/historical-monthly-weather-data/wc2.1_cruts4.09_10m_prec_1952-05.asc
ncols        45
nrows        45
xllcorner    -63.500000000000
yllcorner    -7.500000000000
cellsize     0.166666666667
NODATA_value -9999
[rows 0 to 18 of 45, columns 0 to 43 of 45]
305.36248779296875 299.60626220703125 298.4375 303.493743896484375 306.125 308.58123779296875 307.29376220703125 308.143768310546875 309.63751220703125 313.88751220703125 316.1875 315.381256103515625 316.36248779296875 317.95001220703125 317.774993896484375 319.39373779296875 319.53125 317.368743896484375 317.774993896484375 320.70623779296875 323.73126220703125 326.29998779296875 332.431243896484375 333.54376220703125 336.006256103515625 340.237518310546875 341.07501220703125 343.5 343.23748779296875 346.10626220703125 344.493743896484375 345.587493896484375 348.04376220703125 348.70623779296875 350.131256103515625 357.17498779296875 363.375 366.66876220703125 371.42498779296875 378.41876220703125 382.11248779296875 385.556243896484375 385.29376220703125 390.04998779296875
300.70623779296875 293.76251220703125 296.3125 303.118743896484375 310.181243896484375 314.26873779296875 313.806243896484375 315.625 319.60626220703125 321.662506103515625 324.57501220703125 323.493743896484375 322.212493896484375 321.26251220703125 319.01873779296875 317.375 315.73126220703125 312.712493896484375 315.131256103515625 318.67498779296875 322.20001220703125 326.556243896484375 330.850006103515625 334.83123779296875 336.993743896484375 339.037506103515625 341.868743896484375 343.98126220703125 344.824981689453125 345.131256103515625 343.381256103515625 347.743743896484375 347.54998779296875 350.67498779296875 351.537506103515625 354.225006103515625 363.056243896484375 367.756256103515625 375.21875 376.61248779296875 380.125 387.91876220703125 387.75 386.57501220703125
287.64373779296875 284.08123779296875 290.45001220703125 297.79998779296875 304.556243896484375 311.5625 316.993743896484375 323.600006103515625 329.51873779296875 332.5625 334.65625 331.45001220703125 327.66876220703125 322.443756103515625 318.9375 316.9625244140625 312.681243896484375 308.131256103515625 309.600006103515625 313.46875 317.66876220703125 324.693756103515625 329.89373779296875 333.100006103515625 335.25 340.20001220703125 344.431243896484375 344.681243896484375 343.137481689453125 343.087493896484375 341.76251220703125 343.756256103515625 348.01873779296875 349.225006103515625 352.618743896484375 354.59375 361.537506103515625 367.431243896484375 372.28125 375.79376220703125 382.131256103515625 383.3125 385.86248779296875 384.931243896484375
270.65625 266.15625 279.08123779296875 287.5625 296.537506103515625 305.01251220703125 314.256256103515625 326.131256103515625 338.0625 343.79376220703125 343.59375 338.26251220703125 329.89373779296875 322.887481689453125 317.76873779296875 313.20001220703125 306.881256103515625 302.556243896484375 303.20623779296875 309.23126220703125 318.6875 324.743743896484375 328.79376220703125 332.98126220703125 335.524993896484375 338.368743896484375 342.912506103515625 340.76873779296875 338.76251220703125 341.481231689453125 340.95623779296875 342.375 344.91876220703125 345.868743896484375 346.76873779296875 354.931243896484375 363.381256103515625 368.76251220703125 373.568756103515625 377.493743896484375 380.84375 385.73748779296875 383.08123779296875 380.712493896484375
270.79376220703125 263.631256103515625 263.5625 272.681243896484375 284.881256103515625 294.587493896484375 307.67498779296875 323.79998779296875 341.868743896484375 352.881256103515625 348.83123779296875 337.931243896484375 331.04998779296875 324.0625 317.462493896484375 310.25 301.962493896484375 297.82501220703125 298.087493896484375 305.524993896484375 315.71875 321.48126220703125 324.78125 332.868743896484375 334.100006103515625 336.82501220703125 335.162506103515625 336.6875 335.8125 336.931243896484375 338.5625 338.149993896484375 339.90625 344.631256103515625 347.899993896484375 353.225006103515625 363.006256103515625 371.024993896484375 376.57501220703125 379.068756103515625 383.66876220703125 383.225006103515625 381.07501220703125 380.618743896484375
265.13751220703125 259.006256103515625 257.743743896484375 255.9562530517578125 268.631256103515625 283.649993896484375 297.73748779296875 312.26873779296875 331.88751220703125 345.45623779296875 344.01251220703125 332.36248779296875 328.600006103515625 324.1875 315.66876220703125 311.693756103515625 302.32501220703125 297.14373779296875 298.89373779296875 307.868743896484375 315.79998779296875 322.774993896484375 329 330.70001220703125 332.743743896484375 334.912506103515625 333.54998779296875 332.381256103515625 333.13751220703125 335.01251220703125 336.67498779296875 338.39373779296875 339.89373779296875 343.65625 346.21875 353.01251220703125 360.38751220703125 367.08123779296875 376.45001220703125 378.725006103515625 378.88751220703125 378.98126220703125 375.45623779296875 374.131256103515625
261.48748779296875 254.4375 252.78125 251.84375 256.006256103515625 265.90625 279.131256103515625 293.23126220703125 302.07501220703125 316.087493896484375 322.931243896484375 320.58123779296875 321.431243896484375 320.75 316.024993896484375 311.45001220703125 308.037506103515625 306.14373779296875 306.9375 315.78125 320.125 324 325.54376220703125 329.21875 332.181243896484375 336.63751220703125 333.20623779296875 330.78125 327.57501220703125 330.21875 333.15625 332.79998779296875 333.08123779296875 336.693756103515625 340.71875 349.056243896484375 354.45623779296875 360.67498779296875 369.95623779296875 374.912506103515625 372.73126220703125 369.46875 366 366.40625
257.068756103515625 249.600006103515625 247.787506103515625 248.9875030517578125 252.756256103515625 262.600006103515625 267.16876220703125 266.006256103515625 266.024993896484375 282 300.76873779296875 307.92498779296875 315.61248779296875 317.568756103515625 316.4375 315.8125 314.23126220703125 315.95623779296875 317.40625 320.756256103515625 326.70623779296875 327.412506103515625 327.943756103515625 326.443756103515625 330.86248779296875 328.54376220703125 328.662506103515625 324.57501220703125 321.837493896484375 324.618743896484375 327.15625 326.67498779296875 328.506256103515625 329.274993896484375 330.20623779296875 336.212493896484375 343.04998779296875 351.04998779296875 356.28125 355.66876220703125 357.60626220703125 354.850006103515625 353.0625 350.03125
253.6999969482421875 246.9375 246.7375030517578125 246.837493896484375 249.162506103515625 256.756256103515625 260.8125 261.38751220703125 255.9562530517578125 260.11248779296875 278.875 293.956268310546875 308.337493896484375 312.8125 314.181243896484375 317.318756103515625 318.787506103515625 323.662506103515625 329.48748779296875 326.881256103515625 324.368743896484375 327.993743896484375 323.368743896484375 328.899993896484375 326.23126220703125 322.23748779296875 318.274993896484375 318.149993896484375 319.418731689453125 319.318756103515625 323.13751220703125 320.42498779296875 315.5625 313.037506103515625 315.95001220703125 322.712493896484375 329.92498779296875 337.850006103515625 344.79376220703125 342.57501220703125 340.056243896484375 336.899993896484375 338.537506103515625 339.568756103515625
249.7062530517578125 244.962493896484375 245.0749969482421875 246.5 246.3562469482421875 253.556243896484375 258.756256103515625 261.537506103515625 263.256256103515625 270.17498779296875 282 288.368743896484375 304.20623779296875 309.587493896484375 314.5625 316.5625 319.26873779296875 324.98748779296875 332.66876220703125 336.29376220703125 330.162506103515625 324.48748779296875 320.53125 322.64373779296875 317.0625 313.068756103515625 308.600006103515625 308.23748779296875 311.1875 314.524993896484375 312.82501220703125 307.92498779296875 306.04998779296875 304.068756103515625 303.068756103515625 308.587493896484375 314.10626220703125 322.087493896484375 328.975006103515625 332.774993896484375 334.85626220703125 335.15625 328.20623779296875 322.318756103515625
245.8125 243.100006103515625 242.6875 244.587493896484375 244.6687469482421875 252.743743896484375 258.975006103515625 260.931243896484375 265.23748779296875 275.125 287.73748779296875 297.48748779296875 300.83123779296875 308.5 311.48748779296875 313.42498779296875 317.29998779296875 324.92498779296875 332.61248779296875 340.4375 344.556243896484375 333.23126220703125 322.28125 306.5 308.493743896484375 308.875 304.16876220703125 302.76251220703125 300.625 299.76251220703125 299.649993896484375 296.73748779296875 293.743743896484375 291.04376220703125 288.743743896484375 290.82501220703125 295.79376220703125 304.537506103515625 314.66876220703125 320.9375 324.73748779296875 322.774993896484375 322.08123779296875 312.037506103515625
245.3000030517578125 241.9250030517578125 242.368743896484375 244.3562469482421875 246.0500030517578125 251.2375030517578125 259.70623779296875 265.274993896484375 272.46875 278.86248779296875 290.475006103515625 302.493743896484375 299.84375 304.15625 309.39373779296875 309.212493896484375 312.73126220703125 320.28125 329.412506103515625 341.88751220703125 350.51873779296875 345.649993896484375 332.67498779296875 312.6875 300.29998779296875 292.524993896484375 285.90625 284.45001220703125 285.17498779296875 283.58123779296875 279.225006103515625 275.975006103515625 273.212493896484375 270.506256103515625 271.13751220703125 276.631256103515625 283.524993896484375 289.95623779296875 297.6875 305.181243896484375 312.04376220703125 310.375 303.912506103515625 284.90625
245.7687530517578125 240.9562530517578125 240.962493896484375 243.3000030517578125 244.6374969482421875 251.6374969482421875 257.712493896484375 262.48126220703125 270.73126220703125 281.01873779296875 291.618743896484375 300.399993896484375 301.818756103515625 293.943756103515625 296.16876220703125 301.39373779296875 304.83123779296875 312.756256103515625 321.537506103515625 333.89373779296875 347.04376220703125 341.84375 330.57501220703125 310.25 282.51873779296875 269.76873779296875 271.23748779296875 271.01251220703125 272.58123779296875 271.67498779296875 264.88751220703125 257.181243896484375 253.181243896484375 249.662506103515625 251.212493896484375 259.587493896484375 268.10626220703125 277.95623779296875 288.556243896484375 295.79376220703125 300.08123779296875 298.79998779296875 283.23748779296875 268.399993896484375
240.8249969482421875 237.1875 238.537506103515625 240.537506103515625 243.350006103515625 248.743743896484375 253.899993896484375 259.568756103515625 269.625 279.33123779296875 284.287506103515625 288.86248779296875 289.693756103515625 287.04998779296875 279.29376220703125 287.45623779296875 290.962493896484375 297.024993896484375 307.84375 320.57501220703125 330.381256103515625 328.65625 321.23748779296875 305.64373779296875 283.45001220703125 268.23748779296875 262.618743896484375 257.73126220703125 256.993743896484375 252.9875030517578125 249.912506103515625 241.0625 236.7937469482421875 233.6187591552734375 233.6125030517578125 244.600006103515625 257.125 269.92498779296875 281.95623779296875 285.975006103515625 279.40625 269.01251220703125 265.70623779296875 265.475006103515625
234.6875 232.962493896484375 235.306243896484375 237.181243896484375 239.399993896484375 245.149993896484375 252.743743896484375 259.96875 267.274993896484375 272.98748779296875 276.29376220703125 278.318756103515625 275.993743896484375 272.225006103515625 260.36248779296875 266.21875 271.806243896484375 281.412506103515625 291.681243896484375 302.350006103515625 313.01873779296875 315.975006103515625 314.850006103515625 308.9375 296.82501220703125 284.337493896484375 271.78125 262.70001220703125 255.743743896484375 248.2687530517578125 236.5187530517578125 226.118743896484375 224.6750030517578125 217.6500091552734375 212.7687530517578125 220.443756103515625 242.0625 260.056243896484375 267.85626220703125 265.837493896484375 257.09375 255.34375 262.08123779296875 261.98748779296875
227.7937469482421875 226.25 230.1999969482421875 233.4499969482421875 235.412506103515625 242.725006103515625 250.881256103515625 257.48126220703125 262.256256103515625 267.70623779296875 268.98748779296875 268.45623779296875 265.04998779296875 262.306243896484375 253.712493896484375 244.1875 253.2062530517578125 268.29376220703125 275.556243896484375 285.54376220703125 296.88751220703125 308.03125 315.20623779296875 315.8125 306.61248779296875 292.881256103515625 277.51873779296875 263.600006103515625 253.8312530517578125 246.28125 237.3000030517578125 224.6374969482421875 212.368743896484375 201.15625 194.774993896484375 213.131256103515625 227.462493896484375 242.15625 250.5124969482421875 252.193756103515625 247.3937530517578125 247.287506103515625 251.0124969482421875 247.5124969482421875
222.037506103515625 221.493743896484375 224.212493896484375 228.818756103515625 233.4812469482421875 239.0500030517578125 245.6437530517578125 251.3249969482421875 257.21875 261.60626220703125 263.662506103515625 263.850006103515625 259.07501220703125 254.375 248.9875030517578125 243 235.381256103515625 248.0437469482421875 259.61248779296875 270.45001220703125 283.125 295.98748779296875 310.556243896484375 318.774993896484375 316.41876220703125 293.943756103515625 274.774993896484375 260.86248779296875 250.25 241.8874969482421875 233.7624969482421875 224.649993896484375 213.6125030517578125 204.0187530517578125 207.912506103515625 215.0749969482421875 228.0562591552734375 241.15625 251.681243896484375 245.21875 237.524993896484375 236.0187530517578125 234.4875030517578125 235.818756103515625
213.625 214.993743896484375 219.2062530517578125 223.337493896484375 228.28125 236.181243896484375 241.4250030517578125 245.725006103515625 249.9375 254.806243896484375 257.01251220703125 259.274993896484375 252.0749969482421875 248.9375 244.2687530517578125 239.9812469482421875 233.350006103515625 228.2312469482421875 247.7937469482421875 256.600006103515625 268.42498779296875 283.162506103515625 298.76251220703125 307.899993896484375 308.100006103515625 290.39373779296875 267.15625 255.9375 246.337493896484375 234.375 218.7375030517578125 206.056243896484375 211.912506103515625 212.1374969482421875 211.493743896484375 226.6750030517578125 238.506256103515625 242.5124969482421875 245.943756103515625 241.78125 228.34375 225.21875 223.4562530517578125 225.0437469482421875
205.0625 207.34375 211.4499969482421875 217.8312530517578125 224.243743896484375 230.5124969482421875 236.631256103515625 242.212493896484375 246.350006103515625 252.25 252.850006103515625 247.806243896484375 242.6125030517578125 240.28125 236.3937530517578125 234.743743896484375 232.25 224.350006103515625 227.34375 237.4375 250.774993896484375 269.64373779296875 270.95623779296875 282.181243896484375 283.54376220703125 278.96875 264.931243896484375 248.5625 239.0437469482421875 227.068756103515625 214.712493896484375 208.2687530517578125 211.6687469482421875 211.5437469482421875 213.40625 223.993743896484375 228.4375 229.2062530517578125 233.493743896484375 227.46875 217.4250030517578125 212.5124969482421875 212.9875030517578125 216.475006103515625
