data/historical-monthly-weather-data/wc2.1_cruts4.09_10m_prec_2015-06.asc
ncols        45
nrows        45
xllcorner    -63.500000000000
yllcorner    -7.500000000000
cellsize     0.166666666667
NODATA_value -9999
[rows 19 to 37 of 45, columns 0 to 43 of 45]
126.4812469482421875 128.7874908447265625 129.274993896484375 128.162506103515625 129.212493896484375 132.431243896484375 131.8625030517578125 129.4187469482421875 130.9187469482421875 130.256256103515625 127.91249847412109375 123.25624847412109375 116.7375030517578125 109.7687530517578125 103.4812469482421875 92.59999847412109375 85.6875 86.4875030517578125 81.59375 82.31874847412109375 78.5187530517578125 82.6750030517578125 92.30625152587890625 98.2375030517578125 99.40625 101.09375 104.28749847412109375 114.13124847412109375 115.2687530517578125 114.65000152587890625 117.5812530517578125 133.243743896484375 139.662506103515625 142.7624969482421875 148.100006103515625 161.625 171.3312530517578125 170.8874969482421875 168.2937469482421875 162.625 149.193756103515625 132.4499969482421875 132.618743896484375 132.649993896484375
115.94374847412109375 124.3625030517578125 128.3937530517578125 128.318756103515625 125.38124847412109375 126.03125 128.256256103515625 128.0437469482421875 128.21875 126.5 125.7312469482421875 121.15000152587890625 114.8937530517578125 106.53749847412109375 98.55625152587890625 92.9499969482421875 85.5437469482421875 82.81874847412109375 84.46250152587890625 82.96875 88.50624847412109375 93.2687530517578125 100.1062469482421875 108.80625152587890625 111.96250152587890625 110.4499969482421875 105.27500152587890625 108.6437530517578125 112.6374969482421875 117.8249969482421875 122.9875030517578125 133.4375 130.943756103515625 132.649993896484375 136.149993896484375 148.443756103515625 159.3874969482421875 162.9250030517578125 156.912506103515625 150.3312530517578125 142.225006103515625 129.868743896484375 127.8625030517578125 128.9562530517578125
113.1374969482421875 115.34375 121.78125 125.66249847412109375 124.90000152587890625 123.65000152587890625 124.59999847412109375 124.05625152587890625 123.7375030517578125 124.77500152587890625 123.7375030517578125 117.7062530517578125 111.52500152587890625 107.1999969482421875 102.5437469482421875 93.8874969482421875 94.5625 89.8312530517578125 91.44374847412109375 90.59999847412109375 90.8249969482421875 98.8000030517578125 105.50624847412109375 108.33750152587890625 108.99375152587890625 108.75 112.05625152587890625 111.18125152587890625 118.40000152587890625 123.6750030517578125 124.27500152587890625 123.83750152587890625 124.3312530517578125 129.75 130.975006103515625 137.350006103515625 145.868743896484375 152.84375 151.037506103515625 146.53125 138.78125 130.6687469482421875 128.4562530517578125 130.2624969482421875
110.77500152587890625 119.59375 125.5500030517578125 128.6437530517578125 128.1062469482421875 125.08750152587890625 119.2062530517578125 117.3562469482421875 121.22499847412109375 121.6374969482421875 120.15000152587890625 118.25 117.5749969482421875 115.21875 109.84999847412109375 103.4375 97.0437469482421875 93.3312530517578125 93.66249847412109375 95.1750030517578125 100.06874847412109375 102.39374542236328125 104.18125152587890625 107.90000152587890625 113.6437530517578125 113.59999847412109375 112.4187469482421875 114.0500030517578125 118.5812530517578125 117.43125152587890625 117.2375030517578125 119.41249847412109375 118.31874847412109375 118.9875030517578125 125.21875 127.3000030517578125 131.53125 138.899993896484375 142.96875 142.4749908447265625 136.2624969482421875 130.8125 127.9187469482421875 126.74375152587890625
106.1437530517578125 116.03125 126.25 126.84375 125.22499847412109375 122.13124847412109375 121.96250152587890625 119.4562530517578125 117.5749969482421875 115.24375152587890625 118.63124847412109375 121.9875030517578125 119.51874542236328125 119.43125152587890625 111.25 105.3625030517578125 100.3125 99.9562530517578125 99.2062530517578125 99.05625152587890625 102.65625 107.4812469482421875 107.97499847412109375 115.69374847412109375 116.9812469482421875 114.97499847412109375 118.3625030517578125 113.33750152587890625 112.8312530517578125 113.34375 112.5187530517578125 113.5749969482421875 114.3000030517578125 112.8874969482421875 117.28125 118.0437469482421875 124.0749969482421875 131.125 133.375 132.806243896484375 129.9187469482421875 127.2687530517578125 125.6999969482421875 125.8562469482421875
100.25 111.69374847412109375 120.50624847412109375 126.5749969482421875 127.3000030517578125 124.05625152587890625 121.74375152587890625 120.96875 118.1687469482421875 119.3562469482421875 118.9562530517578125 119.25 120.9250030517578125 116.7062530517578125 109.33750152587890625 104.2937469482421875 101.4250030517578125 99.1687469482421875 99.78749847412109375 102.09375 105.30625152587890625 107.6062469482421875 113.3937530517578125 119.24375152587890625 116.84375 115.0500030517578125 114.0749969482421875 111.97499847412109375 109.9875030517578125 110.2624969482421875 105.8937530517578125 103.6374969482421875 104.0812530517578125 106.6125030517578125 109.22499847412109375 112.50624847412109375 117.17499542236328125 120.86875152587890625 125.66249847412109375 126.52500152587890625 125.05625152587890625 124.7062530517578125 125.36875152587890625 122.375
98.88124847412109375 112.1125030517578125 115.40625 121.75 122.40625 120.71250152587890625 117.59375 117.2062530517578125 111.94374847412109375 109.8562469482421875 113.65000152587890625 114.4375 115.91249847412109375 113.83750152587890625 109.4875030517578125 102.7062530517578125 100.27500152587890625 100.86875152587890625 101.88124847412109375 101.0500030517578125 104.8625030517578125 108.3312530517578125 112.77500152587890625 116.77500152587890625 117.7624969482421875 114.1374969482421875 112.6437530517578125 110.46875 105.7375030517578125 104.0500030517578125 99.5124969482421875 96.74375152587890625 97.16249847412109375 98.66249847412109375 100.8625030517578125 106.83750152587890625 111.73749542236328125 113.53125 115.65625 119.8249969482421875 119.18125152587890625 112.8937530517578125 113.16249847412109375 114.8937530517578125
96.53749847412109375 102.8937530517578125 109.74375152587890625 114.05625152587890625 114.63124847412109375 113.91249847412109375 111.78125 106.5812530517578125 104.11875152587890625 107.875 111.9375 112.5500030517578125 111.8249969482421875 111.50624847412109375 108.8874969482421875 105.65000152587890625 101.4562530517578125 98.5749969482421875 100.4187469482421875 99.78749847412109375 101.2062530517578125 104.8249969482421875 110.03125 118.06874847412109375 114.6750030517578125 111.60625457763671875 110.28125 106.38124847412109375 101.9499969482421875 98.7937469482421875 96.1875 90.7375030517578125 90.34999847412109375 92.28125 95.05625152587890625 99.375 105.86249542236328125 107.8937530517578125 108.33750152587890625 113.5 115.6062469482421875 111.86875152587890625 108.1687469482421875 107.6687469482421875
94.9250030517578125 97.27500152587890625 102.09375 103.1750030517578125 103.66249847412109375 104.97499847412109375 104.3874969482421875 101.0437469482421875 100.625 104.4375 106.375 107.97499847412109375 107.15000152587890625 106.1750030517578125 103.6374969482421875 101 97.75 97.43125152587890625 95.61875152587890625 96.9562530517578125 99.375 100.28749847412109375 106.3874969482421875 110.25 109.46250152587890625 106.15000152587890625 104.80625152587890625 101.1062469482421875 99.7624969482421875 97.97499847412109375 93.90625 90.1125030517578125 88.3249969482421875 86.71875 91.5124969482421875 95.31874847412109375 101.44374847412109375 102.9875030517578125 105.49375152587890625 109.25 111.7062530517578125 111.5625 103.09375 104.2937469482421875
90.74375152587890625 95.1875 94.25624847412109375 93.31874847412109375 94.84999847412109375 92.83750152587890625 93.7687530517578125 95.02500152587890625 97.25 98.78125 101.25624847412109375 102.28749847412109375 103.41249847412109375 103.30625152587890625 101.08750152587890625 98.94374847412109375 97.3937530517578125 95.22499847412109375 95.43125152587890625 96.4562530517578125 96.03125 95.99375152587890625 98.1374969482421875 100.94374847412109375 101.3625030517578125 98.52500152587890625 99.84999847412109375 99.47499847412109375 97.21875 93.01874542236328125 88.34375 86.0625 83.99375152587890625 85.25 87.0437469482421875 90.30625152587890625 97.4812469482421875 97.21875 100.13124847412109375 102.3562469482421875 103.00624847412109375 100.97499847412109375 98.36875152587890625 102.3000030517578125
86.5437469482421875 88.1125030517578125 87.44374847412109375 85.625 85.6999969482421875 86.6062469482421875 87.1687469482421875 90.8312530517578125 92.2062530517578125 94.6999969482421875 96.9875030517578125 99.19374847412109375 100.9375 101.6125030517578125 98.65000152587890625 95.53125 93.40000152587890625 93.65000152587890625 90.4187469482421875 88.06874847412109375 90.1125030517578125 90.4187469482421875 91.90625 94.40625 93.46250152587890625 94.65625 94.81874847412109375 93.71250152587890625 92.2937469482421875 87.875 84.16249847412109375 81.5187530517578125 81.5 83.1125030517578125 86.2375030517578125 87.4812469482421875 95.52500152587890625 95.46875 93.4499969482421875 99.4250030517578125 99.3000030517578125 96.8249969482421875 97.06874847412109375 95.46250152587890625
83.65625 83.25624847412109375 81.38124847412109375 80.3625030517578125 80.25624847412109375 80.8562469482421875 82.9812469482421875 85.40625 86.81874847412109375 90.2687530517578125 93.2687530517578125 94.2687530517578125 97.6750030517578125 94.52500152587890625 93.31874847412109375 94.00624847412109375 93.0187530517578125 90.21250152587890625 87.4812469482421875 86.09375 85.7687530517578125 84.2062530517578125 85.24375152587890625 87.99375152587890625 88.1437530517578125 89.59999847412109375 89.18125152587890625 88.8937530517578125 87.15000152587890625 83.8249969482421875 83.13124847412109375 81.03125 79.9375 79.7312469482421875 82.21875 83.90000152587890625 90 92.2062530517578125 90.68125152587890625 89.19374847412109375 91.5437469482421875 89.625 89.2687530517578125 89
80.09999847412109375 79.15000152587890625 76.22499847412109375 76.1062469482421875 77.78749847412109375 78.25624847412109375 79.3562469482421875 80.91249847412109375 83.1999969482421875 84.8312530517578125 85.8312530517578125 87.9499969482421875 88.4812469482421875 89.94374847412109375 90.75 90.4562530517578125 87.1374969482421875 84.46875 82.6062469482421875 81.59375 80.6875 79.96250152587890625 78.53749847412109375 80.25 82.53749847412109375 83.09999847412109375 83.97499847412109375 84.03125 82.4875030517578125 83.2937469482421875 81.25 78.88124847412109375 78.6374969482421875 77.99375152587890625 79.3937530517578125 79.9562530517578125 83.5187530517578125 83.5187530517578125 84.65000152587890625 84.6875 87.25 86.0749969482421875 84.49375152587890625 83.88124847412109375
76.53125 75.625 74.625 74.68125152587890625 74.0749969482421875 74.83750152587890625 76.0437469482421875 77.9562530517578125 78.8000030517578125 80.44374847412109375 84.2312469482421875 85.1875 86.43125152587890625 89.625 90.6687469482421875 87.56874847412109375 84.0124969482421875 83.24375152587890625 81.28749847412109375 79.6062469482421875 76.72499847412109375 74.8312530517578125 74.5187530517578125 76.15000152587890625 77.20000457763671875 78.2062530517578125 78.6875 78.5187530517578125 78.625 79.625 78.9250030517578125 75.6750030517578125 75.94374847412109375 77.40000152587890625 77.55625152587890625 77.78749847412109375 78.31874847412109375 78.19374847412109375 79.0500030517578125 82.2937469482421875 84.34999847412109375 82.69374847412109375 79.6374969482421875 78.1125030517578125
72.75624847412109375 72.8937530517578125 73.88124847412109375 73.41249847412109375 72.3312530517578125 72.41249847412109375 74.1687469482421875 74.2375030517578125 74.6062469482421875 75.5124969482421875 79.28749847412109375 82.88124847412109375 84.74375152587890625 85.65000152587890625 85.34999847412109375 85.19374847412109375 84.0812530517578125 81.25624847412109375 77.3874969482421875 75.65000152587890625 73.8249969482421875 71.4250030517578125 71.75 71.53125 73.0187530517578125 72.6125030517578125 74.50624847412109375 74.78125 76.38124847412109375 76.8125 77.25624847412109375 76.3249969482421875 73.6374969482421875 73.6125030517578125 75.11875152587890625 75.3312530517578125 75.0749969482421875 74.4875030517578125 75.5187530517578125 77.1062469482421875 76.9375 77.3312530517578125 75.9187469482421875 70.75624847412109375
70.66249847412109375 69.34999847412109375 71.34375 72.65625 71.72499847412109375 69.6999969482421875 69.2937469482421875 70.25624847412109375 70.91249847412109375 71.7062530517578125 77.40625 81.83750152587890625 84.4375 88.46250152587890625 88.19374847412109375 85.71875 82.4562530517578125 77.4499969482421875 73.5500030517578125 69.1374969482421875 69.71250152587890625 66.56874847412109375 65.5437469482421875 65.5749969482421875 68.7687530517578125 69.4250030517578125 70.4562530517578125 70.08750152587890625 71.1125030517578125 71.4812469482421875 72.8562469482421875 73.46875 70.4499969482421875 70.09375 69.97499847412109375 71.02500152587890625 69.4250030517578125 72.125 70.90000152587890625 72.0625 71.8312530517578125 70.21875 69.71250152587890625 66.8000030517578125
69.0625 67.6062469482421875 68.4812469482421875 69.7624969482421875 69.77500152587890625 68.5749969482421875 68.0437469482421875 67.47499847412109375 67.13124847412109375 67.6374969482421875 70.9250030517578125 79.125 84.50624847412109375 87.2062530517578125 87.21875 85.0437469482421875 80.9812469482421875 74.26250457763671875 69.59375 64.625 63.28125 63.362499237060546875 61.71875 61.65625 64.1687469482421875 64.6374969482421875 65.375 65.2624969482421875 67.1750030517578125 67.3000030517578125 67.3874969482421875 68.28749847412109375 67.1062469482421875 65.83750152587890625 64.3000030517578125 65.31874847412109375 67.0812530517578125 66.4250030517578125 66.4250030517578125 67.8874969482421875 67.66249847412109375 65.375 64.4250030517578125 63.862499237060546875
65.4250030517578125 66.59999847412109375 65.75 67.1374969482421875 68.24375152587890625 67.25 66.44374847412109375 66.84999847412109375 65.9812469482421875 63.112499237060546875 68.91249847412109375 79.6875 85.75 86.2312469482421875 85.97499847412109375 83.47499847412109375 79.875 74.05625152587890625 68.75624847412109375 61.88124847412109375 59.40625 60.118747711181640625 58.450000762939453125 58.78125 59.125 59.668750762939453125 61.90000152587890625 61.78749847412109375 61.831249237060546875 61.05625152587890625 63.143749237060546875 62.768749237060546875 62.637500762939453125 62.33750152587890625 60.84375 61.456249237060546875 62.99375152587890625 64.15625 62.743747711181640625 62.06874847412109375 61.56874847412109375 61.41249847412109375 58.956249237060546875 62.43125152587890625
62.137500762939453125 63.518749237060546875 64.21875 66.28125 66.68125152587890625 66.4499969482421875 66.71875 66.9499969482421875 67.11875152587890625 63.86875152587890625 74.22499847412109375 84.05625152587890625 86.4562530517578125 87.28749847412109375 84.28749847412109375 81.28125 77.2375030517578125 72.47499847412109375 68.0500030517578125 62.40625 58.674999237060546875 57.450000762939453125 55.018749237060546875 55.393749237060546875 55.09999847412109375 56.65000152587890625 58.47499847412109375 58.125 57.893749237060546875 56.512500762939453125 56.956249237060546875 58.956249237060546875 59.38124847412109375 58.012500762939453125 56.924999237060546875 57.8125 58.625 58.706249237060546875 60.80625152587890625 58.99375152587890625 57.61875152587890625 58.143749237060546875 55.174999237060546875 54.68125152587890625
