data/historical-monthly-weather-data/wc2.1_cruts4.09_10m_prec_1965-09.asc
ncols        51
nrows        45
xllcorner    -63.500000000000
yllcorner    -7.500000000000
cellsize     0.166666666667
NODATA_value -9999
[rows 19 to 37 of 45, columns 0 to 43 of 51]
238.8625030517578125 232.431243896484375 221.318756103515625 211.850006103515625 202.787506103515625 194.3562469482421875 183.6437530517578125 171.662506103515625 162.524993896484375 151.024993896484375 138.8625030517578125 126.71875 114.21250152587890625 102.21875 90.53125 80.8000030517578125 70.5 63.46250152587890625 55.5 49.59999847412109375 39.31874847412109375 29.049999237060546875 20.78125 18.6875 17.34375 15.875 16.75 17.9375 18.28125 18.706249237060546875 19.618749618530273438 22.899999618530273438 23.893749237060546875 25.006250381469726562 25.262500762939453125 23.881250381469726562 22.375 21.137500762939453125 19.987499237060546875 18.274999618530273438 16.024999618530273438 13.787500381469726562 12.90625 12.631250381469726562
223.725006103515625 219.568756103515625 211.131256103515625 202.4187469482421875 193.5124969482421875 184.3812408447265625 175.5812530517578125 165.71875 158.4812469482421875 149.2687530517578125 137.899993896484375 127.2312469482421875 114.9250030517578125 101.81874847412109375 90.94374847412109375 79.6374969482421875 69.6374969482421875 61.09375 55.1875 47.831249237060546875 39.75 31.0625 22.774999618530273438 20.493749618530273438 19.100000381469726562 17.524999618530273438 18.268749237060546875 19.143749237060546875 19.943750381469726562 21.9375 24.193750381469726562 27.643749237060546875 28.787500381469726562 30.149999618530273438 31.674999237060546875 28.818750381469726562 24.943750381469726562 22.325000762939453125 20.34375 18.493749618530273438 16.737499237060546875 15.106249809265136719 14.175000190734863281 13.71875
211.7312469482421875 205.3249969482421875 197.5 189.65625 183.03125 176.46875 168.306243896484375 160.9187469482421875 154.962493896484375 147.3000030517578125 137.5812530517578125 128.162506103515625 118.02500152587890625 106.0812530517578125 94.46250152587890625 82.10625457763671875 71.9812469482421875 62.893749237060546875 56.362499237060546875 48.96250152587890625 40.012500762939453125 32 24.581249237060546875 22.075000762939453125 20.137500762939453125 18.481250762939453125 19.912500381469726562 21.0625 22.762500762939453125 25.53125 28.512500762939453125 31.793750762939453125 32.50624847412109375 33.09999847412109375 32.25624847412109375 29.75 25.962499618530273438 23.200000762939453125 20.981248855590820312 19.28125 17.868749618530273438 16.712499618530273438 16.068750381469726562 15.574999809265136719
201.34375 197.274993896484375 188.068756103515625 180.6750030517578125 173.8874969482421875 168.068756103515625 162.243743896484375 156.274993896484375 152.756256103515625 145.5187530517578125 139.0187530517578125 131.15625 123.78125 112.8125 98.6125030517578125 85.6437530517578125 74.3249969482421875 65.3125 57.262500762939453125 49.75 41.325000762939453125 33.71875 26.59375 23.493749618530273438 21.418750762939453125 19.549999237060546875 21 23.112499237060546875 25.068750381469726562 28.15625 31.962499618530273438 35.75624847412109375 35.518749237060546875 34.47499847412109375 32.299999237060546875 29.006250381469726562 25.993749618530273438 23.393749237060546875 21.518749237060546875 20.325000762939453125 19.475000381469726562 18.518749237060546875 17.893749237060546875 17.375
194.5437469482421875 187.9250030517578125 180 171.493743896484375 163.4812469482421875 160.412506103515625 156.337493896484375 151.225006103515625 148.1374969482421875 142.5 136.318756103515625 131.875 127.7687530517578125 116.6999969482421875 101.47499847412109375 88 76.83750152587890625 67.65625 59.5 51.456249237060546875 43.231250762939453125 35.33750152587890625 28.693750381469726562 25.581249237060546875 23.181249618530273438 21.03125 22.556249618530273438 24.831249237060546875 27.600000381469726562 31.168750762939453125 35.13124847412109375 39.05625152587890625 38.03125 36.106250762939453125 33.55625152587890625 29.662500381469726562 26.793750762939453125 24.59375 22.893749237060546875 22.043750762939453125 21.137500762939453125 20.299999237060546875 19.831249237060546875 19.368749618530273438
190.3937530517578125 182.1687469482421875 172.6125030517578125 163.09375 159.131256103515625 155.5749969482421875 151.462493896484375 147.2312469482421875 143.78125 139.5437469482421875 134.5437469482421875 128.931243896484375 123.41249847412109375 114.4499969482421875 101.7312469482421875 89.19374847412109375 78.74375152587890625 69.2624969482421875 60.893749237060546875 53.293750762939453125 45.30625152587890625 37.41249847412109375 31.137500762939453125 27.975000381469726562 24.950000762939453125 23.03125 24.706249237060546875 27.243749618530273438 30.21875 34.200000762939453125 38.25 41.94374847412109375 41.02500152587890625 38.63124847412109375 35.53749847412109375 31.731250762939453125 29.081249237060546875 26.768749237060546875 24.975000381469726562 23.881250381469726562 22.875 22.237499237060546875 21.862499237060546875 21.868749618530273438
190.2937469482421875 183.75 170.993743896484375 162.2687530517578125 154.787506103515625 150.912506103515625 147.806243896484375 143.743743896484375 140.100006103515625 136.506256103515625 130.53125 125.15625 119.0812530517578125 110.6875 100.1999969482421875 89.5124969482421875 79.5437469482421875 70.78125 62.450000762939453125 54.78125 47.0625 39.356250762939453125 33.36875152587890625 30.25 27.243749618530273438 25.024999618530273438 27.243749618530273438 30.362499237060546875 33.356250762939453125 37.549999237060546875 41.72499847412109375 45.668750762939453125 43.77500152587890625 41.0625 38.231250762939453125 35.200000762939453125 32.02500152587890625 29.412500381469726562 27.856250762939453125 26.375 25.393749237060546875 24.5625 24.0625 24.225000381469726562
193.5124969482421875 184.7624969482421875 173.4562530517578125 164.837493896484375 156.2312469482421875 152.118743896484375 147.71875 142.3937530517578125 137.1374969482421875 133.274993896484375 128.649993896484375 123.375 116.77500152587890625 109.25 99.9562530517578125 90.3125 81.7937469482421875 72.63124847412109375 64.41249847412109375 56.74375152587890625 49.31874847412109375 41.74375152587890625 35.612499237060546875 33.25 30.293750762939453125 28.368749618530273438 30.924999237060546875 34.05625152587890625 37.40625 41.44374847412109375 45.49375152587890625 48.737499237060546875 47.28125 44.33750152587890625 41.018749237060546875 38.293750762939453125 35.5625 32.831249237060546875 31.15625 29.681249618530273438 28.25 27.387500762939453125 26.84375 26.34375
196.537506103515625 187.881256103515625 177.8874969482421875 167.399993896484375 159.431243896484375 153.649993896484375 148.556243896484375 142.6687469482421875 136.3874969482421875 132.28125 127.00624847412109375 121.46250152587890625 115.09999847412109375 108.8874969482421875 100.00624847412109375 91.2312469482421875 83.00624847412109375 74.27500152587890625 66.1687469482421875 58.96875 51.543750762939453125 44.25 38.206249237060546875 35.91249847412109375 33.731250762939453125 31.950000762939453125 34.731250762939453125 38.21875 41.825000762939453125 46.00624847412109375 49.49375152587890625 52.543750762939453125 50.99375152587890625 47.612499237060546875 44.30625152587890625 41.56874847412109375 39.47499847412109375 37.143749237060546875 35.30625152587890625 33.575000762939453125 31.96875 30.912500381469726562 29.462499618530273438 28.90625
200.1687469482421875 191.0625 179.7937469482421875 169.25 160.7624969482421875 153.8312530517578125 147.649993896484375 141.9250030517578125 136.068756103515625 130.8562469482421875 125.125 119.18125152587890625 114.2687530517578125 107.63124847412109375 99.3937530517578125 92.7312469482421875 86.1374969482421875 75.84999847412109375 67.6875 60.71875 53.831249237060546875 47.03125 41.268749237060546875 39.27500152587890625 37.043750762939453125 35.84375 38.93125152587890625 42.99375152587890625 47.331249237060546875 50.731250762939453125 53.637500762939453125 56.28125 54.0625 50.893749237060546875 48.168750762939453125 45.481250762939453125 43.875 42.081249237060546875 40.3125 38.28749847412109375 35.537502288818359375 33.56874847412109375 32.362499237060546875 31.806249618530273438
203.0625 194.3249969482421875 181.375 170.6125030517578125 161.875 155.287506103515625 149.15625 143.1437530517578125 136.899993896484375 130.787506103515625 124.6062469482421875 119.6437530517578125 114.3625030517578125 108.15000152587890625 101.59375 94.4375 87.24375152587890625 78.53749847412109375 69.95000457763671875 63 56.74375152587890625 50.65625 44.793750762939453125 42.987499237060546875 41.81874847412109375 41.47499847412109375 44.625 48.575000762939453125 52.41249847412109375 55.59375 58.606250762939453125 60.893749237060546875 58.40625 55.331249237060546875 52.924999237060546875 50.831249237060546875 49.643749237060546875 48.731250762939453125 46.137500762939453125 44.78749847412109375 42.487499237060546875 39.88124847412109375 37.737499237060546875 36.83750152587890625
201.8562469482421875 194.4187469482421875 184.1437530517578125 172.3125 164.3562469482421875 158.212493896484375 150.600006103515625 144.0437469482421875 138.056243896484375 132.149993896484375 125.5749969482421875 120.1437530517578125 116.6750030517578125 110.0812530517578125 103.1875 96.21875 90.24375152587890625 81.8625030517578125 73.28749847412109375 66.8000030517578125 60.625 55.00624847412109375 49.53125 47.94374847412109375 47.049999237060546875 47.293750762939453125 50.59375 54.5 58.31874847412109375 60.1875 63.056247711181640625 65.1374969482421875 62.625 60.69374847412109375 58.55625152587890625 56.18125152587890625 55.412502288818359375 55.24375152587890625 53.674999237060546875 52.19374847412109375 49.66249847412109375 46.46250152587890625 43.700000762939453125 42.09999847412109375
201.2312469482421875 192.506256103515625 182.524993896484375 173.243743896484375 167.53125 159.90625 152.5812530517578125 145.993743896484375 140.21875 133.600006103515625 127.40000152587890625 121.63124847412109375 116.03125 111.0749969482421875 105.72499847412109375 100.7375030517578125 94.21875 86.1687469482421875 78.6125030517578125 72.59375 66.6687469482421875 59.88124847412109375 54.63124847412109375 53.15625 53.52500152587890625 53.3125 56.38124847412109375 60.956249237060546875 64.66249847412109375 66.125 68.2624969482421875 69.125 67.18125152587890625 65.36875152587890625 63.38124847412109375 61.356250762939453125 60.81874847412109375 60.325000762939453125 59.16249847412109375 58.0625 56.262500762939453125 52.88124847412109375 50.08750152587890625 47.90625
191.9250030517578125 185.9562530517578125 177.006256103515625 170.0187530517578125 165.162506103515625 158.8625030517578125 153.0625 146.181243896484375 140.4250030517578125 133.6062469482421875 130.943756103515625 124.0124969482421875 118.84999847412109375 115.875 110.7624969482421875 106.625 100.96875 94.43125152587890625 87.0124969482421875 80.8125 74.1374969482421875 67.2062530517578125 61.03125 59.950000762939453125 60.450000762939453125 60.268749237060546875 63.36875152587890625 67.70000457763671875 71.3874969482421875 73.31874847412109375 74.31874847412109375 74.96875 72.6687469482421875 71.03749847412109375 69.7062530517578125 67.80625152587890625 66.78749847412109375 65.43125152587890625 64.63124847412109375 64.47499847412109375 63.174999237060546875 60.331249237060546875 58.03125 55.737499237060546875
180.0437469482421875 176.9375 171.7624969482421875 166.649993896484375 162.256256103515625 157.0437469482421875 152.649993896484375 146.96875 140.59375 135.5187530517578125 131.1999969482421875 127.83750152587890625 122.875 117.9187469482421875 114.9499969482421875 111.53125 108.27500152587890625 102.6062469482421875 96.25 89.97499847412109375 82.88124847412109375 75.1125030517578125 68.4875030517578125 67.03125 67 67.02500152587890625 70.10625457763671875 74.3249969482421875 77.68125152587890625 79.09999847412109375 80.18125152587890625 80.6437530517578125 78.66249847412109375 76.84375 75.6999969482421875 75.06874847412109375 73.09999847412109375 71.40625 71.02500152587890625 70.3937530517578125 69.28125 67.96250152587890625 66.66249847412109375 64.78125
169.649993896484375 168.006256103515625 165.2062530517578125 163.037506103515625 160.4562530517578125 155.3312530517578125 152.2062530517578125 147.524993896484375 140.5437469482421875 136.087493896484375 133.568756103515625 131.6437530517578125 127.2624969482421875 122.8562469482421875 120.46875 118.3874969482421875 115.53749847412109375 109.9875030517578125 105.7624969482421875 99.3937530517578125 92.46875 84.15000152587890625 76.21875 74.2624969482421875 73.3000030517578125 74 77.40000152587890625 80.97499847412109375 84.09375 84.83750152587890625 85.4375 85.1999969482421875 83.68125152587890625 82.33750152587890625 80.9187469482421875 79.44374847412109375 78.2375030517578125 77.84375 77 76.80625152587890625 74.875 73.4562530517578125 73.4250030517578125 71.78749847412109375
157.975006103515625 156.318756103515625 155.243743896484375 154.131256103515625 152.524993896484375 149.462493896484375 145.78125 143.568756103515625 138.40625 134.1687469482421875 133.037506103515625 131.6999969482421875 130.118743896484375 127.7375030517578125 125.77500152587890625 124.3874969482421875 121.78749847412109375 117.9875030517578125 114.4187469482421875 110.00624847412109375 101.94374847412109375 93.3874969482421875 84.5625 81.65000152587890625 80.65625 80.75 83.24375152587890625 86.66249847412109375 89.59999847412109375 89.7687530517578125 90.1875 90.1125030517578125 88.1750030517578125 87.08750152587890625 85.8000030517578125 83.8125 83.8937530517578125 82.9562530517578125 82.08750152587890625 81.5 80.7062530517578125 79.25624847412109375 78.46875 77.59999847412109375
146.350006103515625 145.5812530517578125 144.75 143.662506103515625 144.125 142.3625030517578125 140.71875 139.118743896484375 135.8625030517578125 131.556243896484375 132.7624969482421875 136.6875 136.087493896484375 134.006256103515625 132.6750030517578125 130.4812469482421875 128.5625 124.28125 120.43125152587890625 116.125 109.7375030517578125 100.15625 91.7937469482421875 88.2062530517578125 86.875 86.88124847412109375 88.59999847412109375 91.16249847412109375 93.81874847412109375 94.15625 94.1437530517578125 94.15625 93.05625152587890625 92.21250152587890625 91.11875152587890625 89.7687530517578125 89.2062530517578125 88.7624969482421875 87.25 85.9812469482421875 84.9562530517578125 83.49375152587890625 83.4187469482421875 83.2687530517578125
135.1687469482421875 135.537506103515625 135.4812469482421875 134.5812530517578125 135.8125 136.0812530517578125 136.2062530517578125 136.556243896484375 135.412506103515625 132.399993896484375 142.131256103515625 145.6999969482421875 143.5187530517578125 140.6999969482421875 138.875 137 132.9250030517578125 129.0437469482421875 123.9499969482421875 118.5625 113.4250030517578125 105.0500030517578125 97.7062530517578125 93.88124847412109375 91.9499969482421875 91.3249969482421875 93.3000030517578125 95.8000030517578125 98.09999847412109375 98.375 96.77500152587890625 96.46250152587890625 95.9187469482421875 96.59999847412109375 96.22499847412109375 93.4812469482421875 92.8249969482421875 92.1687469482421875 92.1125030517578125 91.3125 88.9375 89.13124847412109375 87.53749847412109375 86.84375
