data/historical-monthly-weather-data/wc2.1_cruts4.09_10m_prec_1966-02.asc
ncols        51
nrows        45
xllcorner    -63.500000000000
yllcorner    -7.500000000000
cellsize     0.166666666667
NODATA_value -9999
[rows 20 to 39 of 45, columns 0 to 43 of 51]
96.40625 100.5437469482421875 105.7624969482421875 111.5124969482421875 118.65000152587890625 125.71875 133.3874969482421875 141.5124969482421875 150.712493896484375 159.8125 167.8249969482421875 172.9187469482421875 177.9875030517578125 182.4187469482421875 176.7062530517578125 166.256256103515625 157.693756103515625 152.850006103515625 152.306243896484375 152.46875 154.9875030517578125 157.21875 158.818756103515625 161.7937469482421875 165.274993896484375 169.506256103515625 175.6750030517578125 182.15625 189.5187530517578125 196.975006103515625 200.1875 197.743743896484375 183.4375 165.318756103515625 149.131256103515625 158.09375 176.162506103515625 190.337493896484375 198.8312530517578125 202.28125 201.4375 198.568756103515625 196.03125 193.3249969482421875
90.77500152587890625 95.65000152587890625 101.3312530517578125 108.08750152587890625 115.18125152587890625 122.4812469482421875 130.131256103515625 138.212493896484375 147.087493896484375 154.6374969482421875 160.568756103515625 163.4812469482421875 166.1062469482421875 167.8000030517578125 166.0500030517578125 160.6125030517578125 155.024993896484375 152.0187530517578125 150.975006103515625 151.100006103515625 151.993743896484375 153.712493896484375 156.6999969482421875 160.1687469482421875 164.712493896484375 170.5124969482421875 178.0187530517578125 185.5124969482421875 194.193756103515625 203.4562530517578125 209.693756103515625 208.662506103515625 196.1875 182.337493896484375 172.90625 178.03125 190.524993896484375 200.4250030517578125 205.0124969482421875 205.837493896484375 204.475006103515625 201.943756103515625 198.9812469482421875 195.6687469482421875
86.56874847412109375 92.18125152587890625 97.80625152587890625 104.71875 111.8249969482421875 119.5 126.49375152587890625 134.625 143.4250030517578125 148.9250030517578125 152.2937469482421875 152.9562530517578125 153.337493896484375 155.0500030517578125 156.15625 154.3562469482421875 151.1437530517578125 149.8249969482421875 148.875 148.1875 149.1125030517578125 150.28125 152.5625 156.59375 162.6875 170.1999969482421875 178.5625 187.318756103515625 197.743743896484375 209.181243896484375 218.806243896484375 223.21875 212.6125030517578125 202.84375 199.943756103515625 204.9875030517578125 211.462493896484375 215.1687469482421875 214.743743896484375 211.1125030517578125 207.6875 204.6999969482421875 201.3000030517578125 197.875
83.4562530517578125 88.75624847412109375 94.5187530517578125 100.875 108.0437469482421875 115.63124847412109375 123.0437469482421875 130.412506103515625 138.6062469482421875 143.024993896484375 145.806243896484375 146.3562469482421875 144.9875030517578125 148.7375030517578125 151.3125 150.9124908447265625 149.09375 149.0437469482421875 148.3625030517578125 147.3937530517578125 147.524993896484375 147.9562530517578125 149.462493896484375 153.9875030517578125 160.9875030517578125 168.4499969482421875 178.5124969482421875 189.03125 200.1062469482421875 213.024993896484375 224.618743896484375 231.375 225.181243896484375 219.9499969482421875 220.774993896484375 226.868743896484375 229.7937469482421875 226.837493896484375 221.7937469482421875 215.681243896484375 210.7687530517578125 206.46875 202.8312530517578125 199.7375030517578125
81.90000152587890625 86.2937469482421875 91.7375030517578125 98.18125152587890625 105.63124847412109375 112.2687530517578125 119.1999969482421875 125.8874969482421875 132.5187530517578125 137.475006103515625 140.9499969482421875 143.037506103515625 145.068756103515625 148.649993896484375 149.75 149.7624969482421875 149.068756103515625 149.2312469482421875 148.6687469482421875 147.46875 147.131256103515625 146.28125 146.368743896484375 150.568756103515625 157.631256103515625 168.0749969482421875 178.431243896484375 190.381256103515625 202.068756103515625 214.875 226.1875 233.712493896484375 232.368743896484375 230.9812469482421875 232.712493896484375 234.75 235.056243896484375 230.78125 224.506256103515625 217.837493896484375 212.243743896484375 207.475006103515625 203.9250030517578125 201.9375
82.40000152587890625 86.125 90.78125 96.8000030517578125 103.6374969482421875 109.88124847412109375 115.71250152587890625 121.72499847412109375 127.8874969482421875 133.1750030517578125 137.475006103515625 141.787506103515625 146.506256103515625 150.5187530517578125 151.3874969482421875 150.8562469482421875 150.2312469482421875 150.431243896484375 150.368743896484375 149.024993896484375 147.774993896484375 145.3312530517578125 143.587493896484375 146.4187469482421875 155.6374969482421875 167.6687469482421875 180.412506103515625 192.0812530517578125 204.2937469482421875 216.024993896484375 226.6999969482421875 235.0500030517578125 236.125 236.787506103515625 238.537506103515625 238.2312469482421875 236.587493896484375 232.475006103515625 224.9812469482421875 218.34375 212.6437530517578125 207.975006103515625 203.9375 202.0812530517578125
84.21250152587890625 86.99375152587890625 90.9375 96.43125152587890625 102.09375 107.4562530517578125 113.11875152587890625 118.28749847412109375 124.6125030517578125 130.84375 136.625 142.8312530517578125 149.631256103515625 155.5500030517578125 156.318756103515625 156.3249969482421875 155.631256103515625 155.875 155.337493896484375 153.556243896484375 151.5625 148.662506103515625 145.1999969482421875 146.9499969482421875 158.21875 171.03125 183.8000030517578125 195.8249969482421875 207.3562469482421875 218.4812469482421875 229.0625 236.4812469482421875 238.2375030517578125 241.0500030517578125 241.5500030517578125 240.9187469482421875 239.006256103515625 234.443756103515625 227.6125030517578125 220.600006103515625 214.368743896484375 208.96875 204.318756103515625 201.818756103515625
86.28125 87.8249969482421875 91.3937530517578125 95.875 100.46250152587890625 105.09375 110.59375 116.25624847412109375 122.8000030517578125 129.7624969482421875 136.256256103515625 144.2312469482421875 152.6999969482421875 160.2375030517578125 161.7624969482421875 162.25 161.7624969482421875 162.71875 161.899993896484375 160.337493896484375 158.681243896484375 155.875 154.46875 157.381256103515625 165.9375 177.59375 189.600006103515625 201.3125 212.25 222.7624969482421875 232.5812530517578125 240.3874969482421875 243.431243896484375 244.21875 244.193756103515625 243.506256103515625 240.537506103515625 237.125 229.868743896484375 222.2375030517578125 215.65625 210.381256103515625 205.375 203.274993896484375
88.72499847412109375 89.4875030517578125 92.15000152587890625 95.75624847412109375 99.6687469482421875 103.94374847412109375 109.08750152587890625 114.5187530517578125 121.625 129.162506103515625 136.475006103515625 145.8625030517578125 155.75 165.443756103515625 168 169.618743896484375 170.375 170.8249969482421875 170.90625 169.1875 168.0437469482421875 165.6687469482421875 165.8125 169.6875 176.3874969482421875 185.96875 197.306243896484375 208.28125 219.600006103515625 229.256256103515625 237.412506103515625 245.2624969482421875 247.1062469482421875 247.6062469482421875 247.912506103515625 246.181243896484375 244.2062530517578125 241.1374969482421875 234.8874969482421875 226.1687469482421875 217.4499969482421875 211.3937530517578125 208.131256103515625 208.225006103515625
97.1374969482421875 96.22499847412109375 97.74375152587890625 99.96875 102.99375152587890625 106.63124847412109375 110.7375030517578125 115.4499969482421875 122.34999847412109375 130.2937469482421875 138.3562469482421875 149.1687469482421875 160.4250030517578125 171.6062469482421875 176.056243896484375 178.5500030517578125 181.21875 183.3562469482421875 183.743743896484375 181.631256103515625 179.9812469482421875 178.4875030517578125 178.9562530517578125 182.5437469482421875 188.3125 196.725006103515625 206.875 216.75 227.037506103515625 235.243743896484375 243.506256103515625 250.84375 252.1437530517578125 253.1687469482421875 253.212493896484375 252.53125 250.4562530517578125 248.649993896484375 241.7687530517578125 233.587493896484375 228.0749969482421875 224.0500030517578125 220.8937530517578125 222.100006103515625
105.99375152587890625 103.6687469482421875 103.52500152587890625 104.65625 106.22499847412109375 109.28749847412109375 112.66249847412109375 116.81874847412109375 123.83750152587890625 131.7624969482421875 141.1125030517578125 153.306243896484375 166.3312530517578125 178.006256103515625 183.65625 188.5625 193.2062530517578125 196.25 197.7312469482421875 195.375 193.2624969482421875 191.3125 191.318756103515625 194.649993896484375 199.9375 207.65625 216.681243896484375 226.006256103515625 235.3249969482421875 242.493743896484375 249.7375030517578125 256.568756103515625 259.162506103515625 260.774993896484375 261.600006103515625 260 258.88751220703125 258.318756103515625 251.712493896484375 243.5124969482421875 239.5187530517578125 238.337493896484375 236.6687469482421875 235.75
114.69374847412109375 111.21250152587890625 110.09999847412109375 110.19374847412109375 110.5 112.59375 115.4562530517578125 118.5625 125.49375152587890625 134.0625 143.6750030517578125 157.0500030517578125 171.46875 184.9812469482421875 192.337493896484375 199.5124969482421875 204.2062530517578125 206.9375 208.1687469482421875 207.100006103515625 205.4187469482421875 204.037506103515625 203.287506103515625 206.618743896484375 211.931243896484375 218.6437530517578125 226.6125030517578125 235.243743896484375 243.9250030517578125 251.0500030517578125 257.61248779296875 263.431243896484375 266.46875 268.399993896484375 270.037506103515625 269.23748779296875 268.92498779296875 268.181243896484375 261.85626220703125 257.225006103515625 256.26251220703125 256 254.9375 255.181243896484375
129.368743896484375 125.6125030517578125 123.81874847412109375 122.6875 121.65000152587890625 122.9187469482421875 124.53749847412109375 127 133.2687530517578125 141.149993896484375 150.9562530517578125 164.625 180.350006103515625 195.2375030517578125 204.225006103515625 211.649993896484375 217.2312469482421875 220.25 220.287506103515625 219.46875 218.6374969482421875 217.006256103515625 216.1750030517578125 218.7312469482421875 223.493743896484375 229.5124969482421875 236.75 245.5437469482421875 253.8937530517578125 259.90625 266.375 271.475006103515625 274.537506103515625 277.975006103515625 281.056243896484375 281.918731689453125 282.006256103515625 280.60626220703125 275.931243896484375 275.962493896484375 276.65625 277.70001220703125 279.28125 282.32501220703125
145.2312469482421875 140.850006103515625 138.0625 136.1062469482421875 133.9375 133.912506103515625 134.6437530517578125 136.337493896484375 140.7624969482421875 147.6187591552734375 157.0187530517578125 172.256256103515625 189.7624969482421875 205.537506103515625 215.96875 224.587493896484375 231.0812530517578125 233.381256103515625 233.1125030517578125 232.21875 230.8125 228.8000030517578125 228.1999969482421875 230.087493896484375 234.306243896484375 239.5812530517578125 246.6750030517578125 254.7624969482421875 263.29998779296875 269.54998779296875 275.600006103515625 280.587493896484375 285.225006103515625 289.25 292.20001220703125 294.274993896484375 294.79998779296875 294.39373779296875 292.693756103515625 294.23126220703125 295.79376220703125 299.037506103515625 304.85626220703125 310.95623779296875
161.068756103515625 156.7624969482421875 153.1687469482421875 149.568756103515625 146.7062530517578125 145.756256103515625 144.9499969482421875 145.21875 147.9187469482421875 153.4187469482421875 163.243743896484375 180.8874969482421875 200.662506103515625 217.8125 228.8125 238.100006103515625 244.5749969482421875 245.9375 246.0124969482421875 244.287506103515625 243.3000030517578125 240.4562530517578125 239.100006103515625 239.868743896484375 243.8000030517578125 247.943756103515625 255.40625 263.91876220703125 272.368743896484375 278.76873779296875 283.912506103515625 290.125 295.375 300.693756103515625 304.431243896484375 306.04998779296875 306.475006103515625 309.38751220703125 310.13751220703125 310.98126220703125 313.8125 317.57501220703125 324.53125 332.475006103515625
178.90625 174.9375 170.912506103515625 166.5687408447265625 162.8937530517578125 161.5 159.631256103515625 158.368743896484375 159.524993896484375 164.068756103515625 174.850006103515625 193.8249969482421875 214.875 232.4187469482421875 243.306243896484375 252.25 259.01873779296875 259.681243896484375 257.82501220703125 256.40625 254.40625 251.8625030517578125 249.21875 249.8125 251.9250030517578125 255.350006103515625 262.524993896484375 271.912506103515625 280.1875 286.125 292.118743896484375 298.587493896484375 305.318756103515625 311.75 315.225006103515625 316.07501220703125 319.28125 320.61248779296875 321.01873779296875 323.600006103515625 327.91876220703125 331.20623779296875 336.787506103515625 345.51873779296875
197.8625030517578125 194.006256103515625 189.2375030517578125 185.6437530517578125 181.350006103515625 178.96875 176.100006103515625 173.381256103515625 172.350006103515625 172.375 186.625 210.556243896484375 230.4375 245.568756103515625 257.07501220703125 265.70623779296875 272.212493896484375 272.225006103515625 270.78125 267.975006103515625 264.66876220703125 260.931243896484375 257.83123779296875 257.58123779296875 258.618743896484375 261.756256103515625 268.79376220703125 277.63751220703125 286.649993896484375 292.806243896484375 299.118743896484375 305.79376220703125 314.3125 321.756256103515625 326.84375 329.537506103515625 330.70001220703125 331.66876220703125 332.41876220703125 334.1875 337.024993896484375 341.149993896484375 346.962493896484375 354.98748779296875
216.3937530517578125 212.850006103515625 208.1999969482421875 204.193756103515625 200.2937469482421875 197.2375030517578125 194.15625 191.256256103515625 190.9250030517578125 189.2375030517578125 211.6374969482421875 236.625 250.631256103515625 260.962493896484375 271.274993896484375 279.21875 283.743743896484375 283.45001220703125 280.475006103515625 276.32501220703125 272.443756103515625 267.556243896484375 264.4375 263.45001220703125 264.318756103515625 267.04998779296875 273.662506103515625 282.79376220703125 291.90625 299.3125 304.78125 312.08123779296875 321.26873779296875 330.306243896484375 335.943756103515625 339.26251220703125 340.42498779296875 341.5625 342.20623779296875 342.96875 344.287506103515625 348.5 352.881256103515625 359.243743896484375
232.743743896484375 228.443756103515625 223.6999969482421875 220.806243896484375 216.9812469482421875 214.899993896484375 213.90625 213.84375 218.4187469482421875 231.9250030517578125 258.48748779296875 268.287506103515625 274.04998779296875 280.53125 287.91876220703125 292.15625 294.743743896484375 292.25 287.087493896484375 281.712493896484375 275.725006103515625 270.04376220703125 267.337493896484375 265.850006103515625 266.649993896484375 270.29998779296875 276.600006103515625 285.125 294.199981689453125 301.368743896484375 308.42498779296875 315.056243896484375 323.11248779296875 331.45623779296875 339.431243896484375 342.34375 342.70623779296875 344.54376220703125 344.11248779296875 342.33123779296875 343.306243896484375 345.76251220703125 349.493743896484375 354.45001220703125
249.149993896484375 244.40625 240.193756103515625 236.8312530517578125 233.8125 233.318756103515625 233.59375 237.2375030517578125 245.5187530517578125 260.64373779296875 278.056243896484375 288.756256103515625 295.631256103515625 300.431243896484375 304.48126220703125 306.600006103515625 306.381256103515625 301.59375 294.08123779296875 287.287506103515625 277.95001220703125 271.006256103515625 267.01251220703125 265.743743896484375 268.318756103515625 272.17498779296875 278.625 286.79376220703125 295.743743896484375 302.899993896484375 309.225006103515625 317.806243896484375 327.512481689453125 334.63751220703125 340.125 343.08123779296875 343.07501220703125 343.287506103515625 342.9375 339.89373779296875 339.42498779296875 341.35626220703125 343.681243896484375 346.04376220703125
