data/historical-monthly-weather-data/wc2.1_cruts4.09_10m_prec_1963-12.asc
ncols        51
nrows        45
xllcorner    -63.500000000000
yllcorner    -7.500000000000
cellsize     0.166666666667
NODATA_value -9999
[rows 0 to 19 of 45, columns 0 to 44 of 51]
304.33123779296875 301.26251220703125 287.03125 275.712493896484375 261.83123779296875 247.6875 232.4812469482421875 216.2312469482421875 201.850006103515625 188.774993896484375 179.056243896484375 169.59375 161.5124969482421875 151.875 143.7624969482421875 135.9875030517578125 128.9375 122.2687530517578125 117.19374847412109375 112.5 110.6437530517578125 108.7375030517578125 107.13124847412109375 107.6750030517578125 108.5 109.5124969482421875 113.91249847412109375 119.0500030517578125 124.6125030517578125 131.4812469482421875 138.03125 145.59375 152.306243896484375 158.756256103515625 164.662506103515625 170.0187530517578125 173.4437408447265625 176.431243896484375 177.0749969482421875 177.9812469482421875 178.2624969482421875 177.1812591552734375 175.8937530517578125 173.725006103515625 173.8937530517578125
311.662506103515625 309.01251220703125 300.524993896484375 292.743743896484375 283.587493896484375 268.149993896484375 250.9499969482421875 237.274993896484375 224.4250030517578125 211.375 199.6875 187.787506103515625 177.9187469482421875 167.7062530517578125 158.0500030517578125 149.037506103515625 140.8000030517578125 133.850006103515625 127.66249847412109375 123.02500152587890625 120.74375152587890625 118.6750030517578125 117.53125 118.08750152587890625 118.94374847412109375 120.03125 124.18125152587890625 128.787506103515625 134 142.2062530517578125 150.0187530517578125 158.931243896484375 165.712493896484375 173.350006103515625 181.2312469482421875 185.100006103515625 191.162506103515625 195.5437469482421875 195.962493896484375 196.90625 197.212493896484375 195.850006103515625 194.3625030517578125 190.337493896484375 189.09375
308.868743896484375 308.01251220703125 301.649993896484375 294.92498779296875 287.625 273.975006103515625 261.20001220703125 250.868743896484375 239.8249969482421875 227.6875 215.2375030517578125 203.0749969482421875 193.006256103515625 182.4250030517578125 172.2937469482421875 161.993743896484375 153.318756103515625 146.09375 140.0437469482421875 134.9375 132.6374969482421875 130.9875030517578125 129.806243896484375 129.7624969482421875 130.149993896484375 131.6437530517578125 135.631256103515625 139.8312530517578125 145.21875 152.6687469482421875 161.1374969482421875 170.3937530517578125 179.21875 186.0187530517578125 193.868743896484375 200.743743896484375 206.9812469482421875 212.5 215 216.850006103515625 217.5 215.181243896484375 211.5500030517578125 208.375 204.8874969482421875
301.681243896484375 303.756256103515625 300.875 293.46875 288.1875 278.13751220703125 269.337493896484375 262.118743896484375 252.8625030517578125 243.368743896484375 231.712493896484375 219.6687469482421875 208.4187469482421875 197.75 186.5749969482421875 176.1687469482421875 166.75 158.625 152.7062530517578125 148.806243896484375 146.7312469482421875 144.7937469482421875 142.46875 142.1999969482421875 141.743743896484375 143.193756103515625 147.100006103515625 150.556243896484375 156.056243896484375 164.4562530517578125 172.84375 181.28125 190.8249969482421875 199.46875 207.212493896484375 215.2624969482421875 222.318756103515625 229.850006103515625 234.875 237.618743896484375 238.024993896484375 234.7375030517578125 229.9375 226.225006103515625 221.068756103515625
307.48748779296875 303.818756103515625 295.76873779296875 291.34375 288.26873779296875 282.29376220703125 275.90625 271.100006103515625 265.725006103515625 258.493743896484375 246.7937469482421875 233.9375 223.6062469482421875 213.2687530517578125 201.431243896484375 190.34375 180.0749969482421875 172.0749969482421875 166.6999969482421875 163.6750030517578125 161.649993896484375 158.4499969482421875 155.5124969482421875 154.6687469482421875 153.75 154.8937530517578125 157.3874969482421875 160.681243896484375 165.962493896484375 174.9875030517578125 184.03125 192.181243896484375 201.3125 210.4250030517578125 218.912506103515625 229.1437530517578125 239.368743896484375 248.368743896484375 254.8249969482421875 258.46875 259.412506103515625 254.868743896484375 249.5500030517578125 243.087493896484375 237.462493896484375
311.10626220703125 308.35626220703125 298.131256103515625 288.45001220703125 286.71875 284.225006103515625 279.868743896484375 274.818756103515625 269.32501220703125 262.86248779296875 252.193756103515625 241.0437469482421875 232.493743896484375 223.037506103515625 213.4187469482421875 203.3249969482421875 194.243743896484375 186.024993896484375 182.5437469482421875 179 174.9375 171.5187530517578125 167.493743896484375 165.8874969482421875 164.46875 164.1875 167.71875 170.962493896484375 175.318756103515625 184 193.3125 202.53125 209.8625030517578125 217.850006103515625 229.181243896484375 241.149993896484375 252.6374969482421875 265.60626220703125 274.03125 277.125 275.412506103515625 270.73126220703125 263.26873779296875 257.600006103515625 252.306243896484375
317.431243896484375 314.21875 304.375 293.587493896484375 287.618743896484375 283.14373779296875 279.337493896484375 273.899993896484375 266.98748779296875 258.73126220703125 252.8937530517578125 245.0749969482421875 239.6875 231.9499969482421875 224.006256103515625 216.1875 209.868743896484375 205.9375 203.15625 197.65625 190.7375030517578125 185.5812530517578125 179.71875 176.600006103515625 175.162506103515625 173.6999969482421875 176.375 180.962493896484375 185.2687530517578125 193.0437469482421875 201.868743896484375 210.65625 219.256256103515625 227.0749969482421875 237.068756103515625 249.881256103515625 264.23748779296875 278.88751220703125 292.04376220703125 294.350006103515625 290.90625 284.131256103515625 277.475006103515625 270.431243896484375 263.04998779296875
323.662506103515625 319.29998779296875 310.181243896484375 302.35626220703125 296.5625 288.92498779296875 280 269.318756103515625 259.149993896484375 253.875 252.8125 250.037506103515625 245.943756103515625 241.693756103515625 235.2062530517578125 229.6437530517578125 224.9499969482421875 224.337493896484375 222.8625030517578125 214.125 204.899993896484375 196.9187469482421875 189.662506103515625 185.306243896484375 183.9375 182.78125 184.868743896484375 188.975006103515625 194.8937530517578125 202.9562530517578125 209.806243896484375 217.962493896484375 227.1374969482421875 234.943756103515625 245.9250030517578125 257.649993896484375 272.806243896484375 287.4375 298.61248779296875 302.850006103515625 302.26251220703125 295.54376220703125 288.88751220703125 281.3125 271.131256103515625
331.868743896484375 327.443756103515625 319.51251220703125 312.3125 305.48748779296875 298.287506103515625 288.693756103515625 276.125 261.59375 253.881256103515625 255.443756103515625 255.0187530517578125 252.524993896484375 248.412506103515625 243.725006103515625 239.625 236.2624969482421875 235.431243896484375 233.1125030517578125 223.0500030517578125 211.024993896484375 202.4250030517578125 195.306243896484375 192.875 190.8249969482421875 189.3249969482421875 191.7062530517578125 196.5187530517578125 201.9499969482421875 208.993743896484375 217.056243896484375 223.7312469482421875 232.318756103515625 241.4875030517578125 251.4562530517578125 263.725006103515625 276.63751220703125 288.931243896484375 298.443756103515625 304.743743896484375 304.787506103515625 299.649993896484375 295.29998779296875 289.54998779296875 281.23126220703125
337.631256103515625 333.875 327.162506103515625 321.587493896484375 315 307.806243896484375 298.8125 287.59375 276.73748779296875 268.95001220703125 266.16876220703125 262.1875 260.149993896484375 254.59375 251.71875 248.6125030517578125 245.3125 241.125 235.537506103515625 226.3625030517578125 215.1875 206.3125 199.5812530517578125 198.2062530517578125 196.0124969482421875 194.475006103515625 197.53125 202.399993896484375 208.5749969482421875 215.2312469482421875 221.5 227.774993896484375 236.0437469482421875 244.431243896484375 254.9562530517578125 268.61248779296875 280.274993896484375 291.28125 298.618743896484375 304.73126220703125 307.41876220703125 305.01873779296875 300.068756103515625 295.36248779296875 288.79376220703125
345.037506103515625 340.881256103515625 333.793731689453125 327.38751220703125 322.86248779296875 317.88751220703125 310.125 298.943756103515625 288.662506103515625 281.60626220703125 277.20623779296875 272.756256103515625 268.01873779296875 262.5 259.08123779296875 256.475006103515625 252.46875 245.7687530517578125 237.193756103515625 227.4187469482421875 218.399993896484375 209.90625 203.618743896484375 200.412506103515625 201.381256103515625 200.537506103515625 203.225006103515625 206.9562530517578125 211.5625 217.8312530517578125 223.6999969482421875 230.368743896484375 238.8000030517578125 247.4812469482421875 257.54376220703125 269.76251220703125 281.375 292.068756103515625 301.36248779296875 307.256256103515625 310.743743896484375 308.850006103515625 306.38751220703125 303.59375 296.381256103515625
350.037506103515625 345.36248779296875 338.98748779296875 334.181243896484375 329.856231689453125 325.29998779296875 319.20001220703125 309.0625 298.993743896484375 292.806243896484375 288.337493896484375 284.90625 278.300018310546875 272.07501220703125 267.95623779296875 262.79998779296875 257.16876220703125 247.556243896484375 237.6750030517578125 227.9562530517578125 218.0437469482421875 210.537506103515625 206.1062469482421875 204.649993896484375 205.7937469482421875 205.649993896484375 207.7312469482421875 210.587493896484375 214.09375 219.71875 224.931243896484375 231.306243896484375 239.625 248.9000091552734375 259.29998779296875 271.493743896484375 282.66876220703125 293.600006103515625 302.056243896484375 308.368743896484375 312.21875 311.225006103515625 309.26251220703125 306.381256103515625 296.6875
353.73126220703125 349.82501220703125 344.300018310546875 339.006256103515625 335.443756103515625 329.975006103515625 323.149993896484375 315.13751220703125 306.162506103515625 300.743743896484375 296.725006103515625 294.381256103515625 288.64373779296875 280.85626220703125 275.79376220703125 269.024993896484375 261.28125 251.318756103515625 240.3125 228.9875030517578125 216.6999969482421875 210.306243896484375 208.1687469482421875 208.4562530517578125 208.3249969482421875 207.568756103515625 210.024993896484375 213.4562530517578125 217.087493896484375 220.462493896484375 224.7312469482421875 230.056243896484375 237.9499969482421875 247.71875 258.556243896484375 271.95623779296875 284.38751220703125 295.51873779296875 303.681243896484375 308.600006103515625 311.743743896484375 312.9375 309.774993896484375 301.45623779296875 291.1875
355.068756103515625 351.32501220703125 345.82501220703125 341.125 336.78125 331.11248779296875 324.3125 318.59375 312.21875 305.92498779296875 299.862518310546875 297.875 294.79998779296875 289.068756103515625 281.243743896484375 274.912506103515625 265.79376220703125 254.3375091552734375 242.5625 231.100006103515625 220.462493896484375 213.5437469482421875 209.9812469482421875 209.8312530517578125 209.9812469482421875 210.0500030517578125 213.5500030517578125 215.53125 217.881256103515625 219.9375 223.162506103515625 227.125 235.681243896484375 245.28125 257.36248779296875 271.23126220703125 285.118743896484375 298.98748779296875 309.21875 316.618743896484375 315.625 309.631256103515625 304.73748779296875 300.73126220703125 293.33123779296875
357.82501220703125 353.787506103515625 349.03125 343.91876220703125 339.756256103515625 333.537506103515625 328.23748779296875 322.61248779296875 316.3125 309.243743896484375 302.95001220703125 301.29376220703125 297.975006103515625 293.41876220703125 284.712493896484375 277.524993896484375 266.95001220703125 255.0437469482421875 243.193756103515625 233.537506103515625 223.65625 216.5500030517578125 211.6750030517578125 211.631256103515625 212.725006103515625 213.381256103515625 216.5 218.443756103515625 219.649993896484375 218.9187469482421875 219.6999969482421875 223.4250030517578125 232.125 242.71875 255.7062530517578125 268.725006103515625 285.5 304.568756103515625 321.98748779296875 329.95001220703125 326.63751220703125 318.42498779296875 311.787506103515625 306.243743896484375 293.59375
358.287506103515625 354.75 350.193756103515625 346.10626220703125 341.73748779296875 336.056243896484375 330.48748779296875 323.493743896484375 317.443756103515625 312.162506103515625 305.568756103515625 303.425018310546875 300.64373779296875 296.16876220703125 287.67498779296875 277.3125 266.25 255.65625 244.0187530517578125 234.306243896484375 226.1374969482421875 218.662506103515625 213.5749969482421875 213.850006103515625 216.0187530517578125 218.7937469482421875 221.568756103515625 222.6125030517578125 221.6875 217.681243896484375 216.225006103515625 217.5812530517578125 224.4375 234.7312469482421875 246.6374969482421875 261.493743896484375 281.899993896484375 306.899993896484375 332.34375 343.60626220703125 340.587493896484375 329.006256103515625 318.181243896484375 305.42498779296875 293.64373779296875
357.64373779296875 354.89373779296875 348.65625 345.368743896484375 342.08123779296875 335.63751220703125 330.493743896484375 325.20001220703125 320.33123779296875 314.23748779296875 307.806243896484375 304.850006103515625 302.03125 297.587493896484375 288.912506103515625 277.40625 263.79376220703125 253.5 243.850006103515625 234.4499969482421875 227.1687469482421875 220.4375 215.7375030517578125 216.493743896484375 219.9375 224.649993896484375 228.2937469482421875 227.475006103515625 222.1999969482421875 215.193756103515625 211.462493896484375 212.3000030517578125 216.7062530517578125 222.1875 231.1875 247.875 273.67498779296875 309.57501220703125 351.92498779296875 358.36248779296875 350.54998779296875 335.037506103515625 318.125 306.131256103515625 293.66876220703125
356.38751220703125 354.45623779296875 348.818756103515625 346.13751220703125 343.193756103515625 338.462493896484375 333.125 326.943756103515625 321.556243896484375 316.475006103515625 310.506256103515625 306.725006103515625 302 296.79376220703125 287.149993896484375 275 261.462493896484375 247.75 240.5500030517578125 231.774993896484375 226.912506103515625 221.725006103515625 217.8625030517578125 220.181243896484375 224.7062530517578125 230.600006103515625 236.21875 231.90625 222.1750030517578125 210.8937530517578125 204.1437530517578125 203.40625 209.524993896484375 216.399993896484375 220.6999969482421875 227.618743896484375 262.86248779296875 305.087493896484375 340.5 352.67498779296875 344.96875 330.34375 317.399993896484375 307.45001220703125 295.443756103515625
353.17498779296875 351.868743896484375 347.925018310546875 345.60626220703125 343.29376220703125 339.34375 334.14373779296875 329.58123779296875 324.38751220703125 319.01251220703125 311.21875 305.375 300.8125 295.6875 284.868743896484375 272.03125 258.631256103515625 244.9375 233.9562530517578125 226.5124969482421875 224.931243896484375 223.943756103515625 218.9375 223.21875 229.7062530517578125 236.1374969482421875 239.943756103515625 236.056243896484375 224.7937469482421875 209.3125 197.6999969482421875 201.431243896484375 211.75 218.3874969482421875 221.8375091552734375 233.2687530517578125 263.09375 296.51251220703125 325.04998779296875 336.41876220703125 333.54998779296875 323.006256103515625 313.756256103515625 307.350006103515625 298.350006103515625
347.818756103515625 347.73126220703125 343.5 341.76251220703125 340.6875 338.53125 334.98126220703125 330.931243896484375 326.375 319.23748779296875 311.6875 306.818756103515625 301.82501220703125 294.48126220703125 281.806243896484375 266.88751220703125 252.556243896484375 240.9812469482421875 230.600006103515625 222.875 220.7312469482421875 219.2687530517578125 219.662506103515625 225.8937530517578125 233.34375 239.9875030517578125 243.193756103515625 241.712493896484375 232.15625 216.5 207.0124969482421875 211.1624908447265625 220.399993896484375 229.881256103515625 239.3937530517578125 251.8249969482421875 273.931243896484375 298.86248779296875 318.4375 327.774993896484375 326.087493896484375 315.25 311.5625 309.024993896484375 301.993743896484375
