data/historical-monthly-weather-data/wc2.1_cruts4.09_10m_prec_2007-08.asc
ncols        45
nrows        45
xllcorner    -63.500000000000
yllcorner    -7.500000000000
cellsize     0.166666666667
NODATA_value -9999
[rows 0 to 19 of 45, columns 0 to 42 of 45]
189.743743896484375 194.2375030517578125 197.34375 205.4499969482421875 214.9562530517578125 226.649993896484375 232.1437530517578125 240.3249969482421875 248.412506103515625 253.7062530517578125 251.181243896484375 250.993743896484375 253.587493896484375 250.78125 247.3562469482421875 238.399993896484375 232.881256103515625 224.9875030517578125 216.693756103515625 214.431243896484375 212.243743896484375 207.537506103515625 202.850006103515625 196.0187530517578125 187.149993896484375 178.5124969482421875 171.1687469482421875 165.6374969482421875 153.337493896484375 149.5124969482421875 141.34375 138.1062469482421875 135.0187530517578125 129.212493896484375 125.4875030517578125 124.58750152587890625 122.56874847412109375 122.41249847412109375 124.55625152587890625 125.81874847412109375 127.8625030517578125 131.587493896484375 132.3874969482421875
180.1374969482421875 183.274993896484375 191.318756103515625 200.9187469482421875 213.0500030517578125 223.6062469482421875 226.524993896484375 234.287506103515625 244.443756103515625 250.962493896484375 252.2312469482421875 254.881256103515625 252.9250030517578125 248.149993896484375 242.875 238.931243896484375 230.6750030517578125 221.3562469482421875 213.274993896484375 208.368743896484375 205.375 200.4875030517578125 195.9499969482421875 191.0500030517578125 182.181243896484375 172.3874969482421875 168.1125030517578125 160.7687530517578125 149.475006103515625 144.931243896484375 141.5625 138.193756103515625 134.8249969482421875 131.59375 127.18125152587890625 124.8125 120.3125 121.59375 122.31874847412109375 123.4187469482421875 128.193756103515625 130.287506103515625 133.25
166.7624969482421875 173.149993896484375 184.6999969482421875 198.912506103515625 213.399993896484375 223.6750030517578125 230.162506103515625 237.4250030517578125 244.618743896484375 249.90625 254.65625 256.625 253.399993896484375 245.2624969482421875 238.5625 232.943756103515625 226.34375 217.6687469482421875 210.337493896484375 203.2687530517578125 202.9250030517578125 202.1999969482421875 198.6062469482421875 194.850006103515625 183.756256103515625 175.524993896484375 172.09375 161.6875 150.0124969482421875 146.6125030517578125 141.3562469482421875 138.0187530517578125 134.9375 132.8125 127.1125030517578125 121.38124847412109375 118.3625030517578125 118.5749969482421875 117.9875030517578125 120.19374847412109375 125.7375030517578125 128.931243896484375 133.9187469482421875
154.568756103515625 159.2375030517578125 174.9875030517578125 192.693756103515625 207.5749969482421875 217.943756103515625 227.1875 236.0187530517578125 247.225006103515625 252.443756103515625 253.6187591552734375 251.943756103515625 249.318756103515625 241.068756103515625 233.5437469482421875 226.381256103515625 220.7937469482421875 214.4250030517578125 208.7062530517578125 208.3249969482421875 207.1999969482421875 204.5749969482421875 200.8937530517578125 197.306243896484375 187.412506103515625 178.412506103515625 172.850006103515625 158.725006103515625 147.881256103515625 144.84375 140.53125 135.4875030517578125 130.350006103515625 126.34999847412109375 121.93125152587890625 118.22499847412109375 117.68125152587890625 115.875 113.41249847412109375 116.8000030517578125 120.1374969482421875 126.39374542236328125 131.4250030517578125
157.712493896484375 158.53125 165.568756103515625 181.006256103515625 200.3625030517578125 210.6750030517578125 219.25 233.6687469482421875 248.006256103515625 253.46875 251.9250030517578125 247.8937530517578125 244.149993896484375 237.7312469482421875 228.71875 221.975006103515625 214.5 208.1125030517578125 203.899993896484375 206.15625 210.2687530517578125 205.2937469482421875 203.125 202.087493896484375 189.631256103515625 179.0500030517578125 168.8249969482421875 159.274993896484375 148.087493896484375 141.381256103515625 139.868743896484375 133.631256103515625 129.7687530517578125 126.5124969482421875 122.09999847412109375 116.4875030517578125 113.4250030517578125 111.52500152587890625 108.7312469482421875 109.5749969482421875 115.24375152587890625 121.25624847412109375 129.34375
158.256256103515625 159.493743896484375 164.3625030517578125 168.6062469482421875 185.725006103515625 204.493743896484375 216.0812530517578125 227.3312530517578125 242.0812530517578125 247.3937530517578125 242.1875 238.0437469482421875 236.037506103515625 231.131256103515625 222.6062469482421875 217.068756103515625 208.4812469482421875 201.96875 202.0500030517578125 205.4812469482421875 209.475006103515625 208.5625 207.1062469482421875 198.0812530517578125 189.59375 180.3249969482421875 169.693756103515625 158.368743896484375 148.3000030517578125 139.837493896484375 137.1875 133.65625 127.7375030517578125 124.8874969482421875 118.71875 115.3000030517578125 110.4250030517578125 105.77500152587890625 103.94374847412109375 105.6750030517578125 107.44374847412109375 113.90625 121.56874847412109375
159.962493896484375 163.3874969482421875 168.6437530517578125 173.850006103515625 183.7375030517578125 194.0124969482421875 204.5625 215.2375030517578125 218.8874969482421875 224.725006103515625 225.7687530517578125 225.0437469482421875 226.9187469482421875 223.5124969482421875 218.6062469482421875 213.46875 205.78125 202.2375030517578125 201.46875 207.8625030517578125 209.9187469482421875 210.4875030517578125 208.899993896484375 201.056243896484375 191.149993896484375 182.587493896484375 170.8125 157.8249969482421875 144.368743896484375 139.4499969482421875 134.7624969482421875 129.3125 125.75624847412109375 122.4499969482421875 117.25624847412109375 112.09999847412109375 105.75 101.28749847412109375 99.65000152587890625 100.3249969482421875 100.59375 105.94374847412109375 113.8125
162.6750030517578125 164.899993896484375 173.100006103515625 180.2312469482421875 191.3937530517578125 201.631256103515625 202.4187469482421875 195.681243896484375 192.0500030517578125 198.1062469482421875 209.506256103515625 212.2375030517578125 214.443756103515625 213.9250030517578125 212.1687469482421875 208.056243896484375 203.725006103515625 201.931243896484375 201.84375 207.037506103515625 211.7062530517578125 212.7937469482421875 208.8125 199.806243896484375 192.975006103515625 181.681243896484375 168.2687530517578125 155.8937530517578125 143.7312469482421875 135.056243896484375 132.568756103515625 126.625 121.34999847412109375 119.0187530517578125 112.1437530517578125 106.2375030517578125 100.0187530517578125 94.63124847412109375 91.2062530517578125 89.58750152587890625 89.7937469482421875 94.93125152587890625 101.3249969482421875
166.131256103515625 169.243743896484375 178.3625030517578125 183.756256103515625 192.462493896484375 198.9499969482421875 201.2687530517578125 197.306243896484375 185.2375030517578125 181.787506103515625 190.5437469482421875 194.975006103515625 203.4187469482421875 204.2375030517578125 204.368743896484375 202.8312530517578125 204.1750030517578125 204.8125 209.931243896484375 210.493743896484375 212.037506103515625 214.131256103515625 208.9812469482421875 205.318756103515625 195.975006103515625 181.4499969482421875 164.4187469482421875 154.243743896484375 142.4812469482421875 133.6875 130.46875 121.84999847412109375 114.6875 108.75 103.59375 99.9187469482421875 94.93125152587890625 90.00624847412109375 85.28749847412109375 82.65625 81.09999847412109375 82.97499847412109375 85.9499969482421875
168.181243896484375 172.149993896484375 179.53125 186.8125 194.7312469482421875 200.2312469482421875 205.8187408447265625 201.631256103515625 192.0437469482421875 191.243743896484375 192.6875 190.0625 196.40625 198.881256103515625 198.431243896484375 200.287506103515625 201.506256103515625 207.03125 212.46875 216.53125 217.3812408447265625 214.3874969482421875 208.024993896484375 203.4875030517578125 192.6999969482421875 178.006256103515625 161.8249969482421875 150.1125030517578125 136.6687469482421875 127.53749847412109375 120.72499847412109375 113.31874847412109375 109.2937469482421875 105.30625152587890625 101.33750152587890625 96.83750152587890625 90.6687469482421875 84.88124847412109375 80.7937469482421875 77.1750030517578125 73.9562530517578125 72.9499969482421875 72.83750152587890625
173.0437469482421875 177.037506103515625 181.868743896484375 187.818756103515625 196.6125030517578125 205.2312469482421875 210.0187530517578125 203.0437469482421875 195.649993896484375 192.0437469482421875 194.524993896484375 192.1687469482421875 192.181243896484375 192.0749969482421875 190.7062530517578125 192.09375 196.256256103515625 204.662506103515625 210.90625 218.6750030517578125 225.8249969482421875 222.1875 213.587493896484375 201.2624969482421875 194.4187469482421875 180.162506103515625 164.118743896484375 149.006256103515625 132.131256103515625 121.02500152587890625 115.78125 108.9875030517578125 106.84999847412109375 103.3874969482421875 97.71250152587890625 91.9499969482421875 85.56874847412109375 80.56874847412109375 75.22499847412109375 70.18125152587890625 65.5124969482421875 63.487499237060546875 62.8125
174.5 179.068756103515625 183.712493896484375 190.743743896484375 199.850006103515625 208.1125030517578125 214.0124969482421875 209.3249969482421875 200.4499969482421875 194.96875 194.5812530517578125 192.3312530517578125 188.875 185.03125 189.6374969482421875 190.8562469482421875 193.2312469482421875 198.306243896484375 207.0437469482421875 218.65625 226.881256103515625 224.4562530517578125 217.3249969482421875 206.21875 193.756256103515625 170.587493896484375 154.212493896484375 141.162506103515625 126.25 116.59999847412109375 109.78125 105.4187469482421875 100.875 97.21250152587890625 93.59999847412109375 89.46250152587890625 83.6125030517578125 77.52500152587890625 69.80625152587890625 62.575000762939453125 57.77500152587890625 55.3125 53.21250152587890625
174.15625 176.600006103515625 182.068756103515625 186.881256103515625 196.931243896484375 203.1125030517578125 204.243743896484375 202.9875030517578125 195.006256103515625 191.0749969482421875 190.4875030517578125 189.96875 185.3000030517578125 178.0187530517578125 178.193756103515625 181.556243896484375 182.600006103515625 190.7312469482421875 198.6750030517578125 206.537506103515625 216.5500030517578125 216.412506103515625 211.100006103515625 194.868743896484375 173.431243896484375 154.125 144.068756103515625 133.1437530517578125 123.46875 114.69374847412109375 106.74375152587890625 100.80625152587890625 98.24375152587890625 92.0749969482421875 89.30625152587890625 87.3125 85.0749969482421875 78.38124847412109375 70.8562469482421875 60.44374847412109375 51.137500762939453125 49.46875 46.31874847412109375
172.125 172.475006103515625 176.3874969482421875 183.1125030517578125 190.3312530517578125 193.8562469482421875 194.9312591552734375 196.193756103515625 188.8249969482421875 185.225006103515625 182.3125 179.243743896484375 177.0187530517578125 171.6437530517578125 163.78125 168.8562469482421875 171.868743896484375 178.65625 180.78125 186.3562469482421875 196.09375 196.712493896484375 192.7312469482421875 180.681243896484375 164.1999969482421875 149.3937530517578125 139.4875030517578125 129.868743896484375 120.6125030517578125 113.33750152587890625 106.88124847412109375 98.74375152587890625 95.2624969482421875 90.31874847412109375 89.47499847412109375 90.0500030517578125 88.43125152587890625 85.4812469482421875 77.83750152587890625 64.72499847412109375 49.31874847412109375 43.206249237060546875 42.018749237060546875
167.881256103515625 170.0812530517578125 172.287506103515625 176.34375 183.4250030517578125 186.118743896484375 186.6687469482421875 185.65625 179.1374969482421875 176.0124969482421875 170.4812469482421875 169.5124969482421875 167.3249969482421875 160.649993896484375 152.350006103515625 151.4562530517578125 154.0124969482421875 157.131256103515625 160.475006103515625 166.587493896484375 175.337493896484375 178.024993896484375 177.125 171.9187469482421875 162.8562469482421875 153.1687469482421875 141.618743896484375 130.368743896484375 119.46875 111.46875 103.36875152587890625 96.8874969482421875 93.63124847412109375 90.84999847412109375 88.59999847412109375 89.84375 91.3312530517578125 94.69374847412109375 88.18125152587890625 71.6875 58.52500152587890625 51.46875 49.50624847412109375
161.1125030517578125 164.274993896484375 167.7375030517578125 171.412506103515625 176.056243896484375 179.837493896484375 180.5500030517578125 176.475006103515625 171.243743896484375 167.1750030517578125 162.1875 158.96875 155.100006103515625 149.462493896484375 142.375 134.5812530517578125 135.75 138.7937469482421875 141.399993896484375 147.8125 155.4187469482421875 161.21875 166.537506103515625 168.306243896484375 164.274993896484375 155.8125 144.4875030517578125 130.8874969482421875 118.97499847412109375 111.3937530517578125 104.68125152587890625 97.66249847412109375 92.75 89.9250030517578125 89.0812530517578125 96.15000152587890625 100.02500152587890625 102.56874847412109375 97 84.15000152587890625 71.77500152587890625 62.924999237060546875 55.84999847412109375
157.806243896484375 161.3000030517578125 163.5124969482421875 167.587493896484375 169.618743896484375 173.7375030517578125 175.649993896484375 173.381256103515625 165.65625 161.9187469482421875 157.2062530517578125 151.4499969482421875 147.118743896484375 141.1875 133.662506103515625 125.9250030517578125 118.2062530517578125 119.06874847412109375 124.53749847412109375 131.7375030517578125 136.4375 145.537506103515625 156.131256103515625 166.46875 168.3125 159.350006103515625 143.875 130.5 116.9187469482421875 108.19374847412109375 103.5187530517578125 100.03125 97.5 95.71250152587890625 104.4187469482421875 110.46250152587890625 113.5187530517578125 118.5437469482421875 114.46875 95.4562530517578125 78.6437530517578125 66.88124847412109375 57.27500152587890625
151 156.15625 159.875 165.193756103515625 167.875 172.193756103515625 171.100006103515625 169.625 162.8562469482421875 157.59375 152.625 147.5625 139.6062469482421875 131.8000030517578125 124.4875030517578125 116.5 108.6437530517578125 102.6125030517578125 110.15000152587890625 114.15625 121.1687469482421875 130.6999969482421875 144.5812530517578125 156.037506103515625 163.306243896484375 158.03125 145.6125030517578125 131.25 115.84375 105.28125 95.65625 90.7687530517578125 100.4499969482421875 110.6750030517578125 115.78125 122.9812469482421875 127.91249847412109375 128.1750030517578125 117.96250152587890625 101.1125030517578125 80 68.78749847412109375 59.5
144.1750030517578125 150.006256103515625 155.375 161.7062530517578125 167.09375 169.6187591552734375 170.0500030517578125 167.850006103515625 164.7312469482421875 160.431243896484375 153.899993896484375 143.0437469482421875 134.9499969482421875 127.28125 117.1750030517578125 110.84999847412109375 102.4875030517578125 94.59375 95.24375152587890625 100.7937469482421875 113.5 134.381256103515625 128.8937530517578125 141.975006103515625 150.475006103515625 154.462493896484375 146.056243896484375 130.756256103515625 118.53125 102.96875 92.02500152587890625 92.55625152587890625 104.80625152587890625 112.94374847412109375 120.1875 126.3625030517578125 125.4375 119.4812469482421875 111.16249847412109375 95.15625 79.4875030517578125 68.99375152587890625 60.18125152587890625
138.431243896484375 144.3312530517578125 149.681243896484375 156.4000091552734375 161.0749969482421875 164.3937530517578125 165.600006103515625 165.15625 165.274993896484375 161.90625 157.1437530517578125 150.662506103515625 138.6750030517578125 126.15625 116.56874847412109375 106.4499969482421875 93.40000152587890625 91.15625 93.03749847412109375 100.1750030517578125 102.52500152587890625 109.90625 125.47499847412109375 136.15625 141.931243896484375 141.53125 136.649993896484375 127.3625030517578125 114.8125 98.88124847412109375 91.00624847412109375 99 105.5500030517578125 113.7624969482421875 121.99375152587890625 122.5625 119.5812530517578125 115.1875 105.1875 91.875 76.9187469482421875 67.3937530517578125 60.356250762939453125
