data/historical-monthly-weather-data/wc2.1_cruts4.09_10m_prec_1997-01.asc
ncols        45
nrows        45
xllcorner    -63.500000000000
yllcorner    -7.500000000000
cellsize     0.166666666667
NODATA_value -9999
[rows 0 to 19 of 45, columns 0 to 44 of 45]
203.53125 205.774993896484375 204.1125030517578125 205.256256103515625 204.193756103515625 207.5625 208.28125 205.3000030517578125 201.09375 199.3312530517578125 199.2062530517578125 196.4375 191.65625 181.9562530517578125 173.2375030517578125 166.7062530517578125 160.6999969482421875 152.78125 151.9749908447265625 151.3625030517578125 154.3562469482421875 159.443756103515625 164.4250030517578125 168.28125 173.9875030517578125 178.287506103515625 181.243743896484375 184.943756103515625 189.75 196.225006103515625 204.006256103515625 212.618743896484375 223.28125 236.9375 249.21875 262.5625 272.75 280.88751220703125 286.61248779296875 291.15625 294.21875 295.600006103515625 295.11248779296875 294.85626220703125 293.13751220703125
211.5625 211.8562469482421875 211.006256103515625 210.649993896484375 211.274993896484375 214.6750030517578125 215.287506103515625 215.568756103515625 214.34375 213.100006103515625 210.1750030517578125 203.8312530517578125 195.756256103515625 187.84375 178.399993896484375 169.7937469482421875 161.568756103515625 154.149993896484375 150.1750030517578125 148.681243896484375 152.131256103515625 156.3625030517578125 161.4375 167.15625 171.90625 176.431243896484375 181.6687469482421875 186.912506103515625 192.7312469482421875 202.868743896484375 213.100006103515625 223.6125030517578125 237.0437469482421875 255.212493896484375 270.006256103515625 282.20623779296875 297.125 306.893768310546875 311.41876220703125 315.149993896484375 318.84375 319.40625 316.5 315.037506103515625 311.681243896484375
219.5625 220.350006103515625 219.024993896484375 218.712493896484375 219.587493896484375 221.8874969482421875 223.3312530517578125 225.006256103515625 224.1750030517578125 222.4375 218.306243896484375 210.0437469482421875 201.3874969482421875 191.5812530517578125 181.243743896484375 170.6999969482421875 162.09375 155.4812469482421875 151.243743896484375 151.1750030517578125 155.662506103515625 161.662506103515625 167.0625 172.162506103515625 176.943756103515625 181.524993896484375 188.087493896484375 194.7375030517578125 200.7624969482421875 211.3937530517578125 224.6875 238.037506103515625 254.943756103515625 270.212493896484375 288.631256103515625 301.912506103515625 316.83123779296875 329.556243896484375 334.318756103515625 336.98126220703125 341.48748779296875 340.068756103515625 336.64373779296875 333.13751220703125 326.0625
225.5749969482421875 227.0812530517578125 228.399993896484375 228.068756103515625 230.100006103515625 227.375 229.056243896484375 232.100006103515625 233.0187530517578125 232.068756103515625 225.0749969482421875 214.5437469482421875 204.0812530517578125 193.3562469482421875 182.774993896484375 171.7062530517578125 161.631256103515625 154.412506103515625 152.100006103515625 155.118743896484375 162.287506103515625 168.943756103515625 172.6875 178.524993896484375 183.899993896484375 189.0187530517578125 197.0812530517578125 203.037506103515625 210.28125 222.993743896484375 237.5 254.431243896484375 271.756256103515625 288.556243896484375 305.693756103515625 322.556243896484375 337.01873779296875 351.193756103515625 357.368743896484375 362.15625 363.75 362.506256103515625 357.76251220703125 351.006256103515625 342.274993896484375
239.274993896484375 237.881256103515625 236.149993896484375 236.712493896484375 237.693756103515625 235.443756103515625 233.806243896484375 236.5124969482421875 239.5812530517578125 239.618743896484375 229.4499969482421875 217.3562469482421875 207.0124969482421875 196.6875 185.65625 174 162.8312530517578125 153.943756103515625 154.725006103515625 161.306243896484375 170.3562469482421875 176.537506103515625 180.5812530517578125 185.90625 191.1437530517578125 198.024993896484375 204.4375 211.6125030517578125 222.6750030517578125 236.568756103515625 252.7062530517578125 267.5 287.568756103515625 307.5 326.087493896484375 343.23748779296875 360.58123779296875 372.618743896484375 379.568756103515625 383.993743896484375 388.850006103515625 384.45001220703125 378.95623779296875 369.61248779296875 358.5
250.6374969482421875 251.1062469482421875 249.3125 247.881256103515625 248.193756103515625 245.631256103515625 243.9499969482421875 244.1125030517578125 246.287506103515625 246.8312530517578125 235.7375030517578125 225.21875 215.162506103515625 205.8000030517578125 194.649993896484375 185.618743896484375 174.4499969482421875 165.443756103515625 168.318756103515625 175.162506103515625 182.7375030517578125 187.8125 192.806243896484375 197.46875 203.681243896484375 210.8625030517578125 218.693756103515625 226.412506103515625 237.3874969482421875 252.912506103515625 268.181243896484375 283.662506103515625 300.45623779296875 320.431243896484375 342.28125 358.42498779296875 374.556243896484375 388.08123779296875 395.899993896484375 402.82501220703125 404.51873779296875 400.943756103515625 393.743743896484375 384.431243896484375 372.35626220703125
262.118743896484375 263.6875 262.662506103515625 259.20001220703125 256.79376220703125 251.03125 247.6750030517578125 245.3562469482421875 243.4250030517578125 239.5437469482421875 235.2375030517578125 229.162506103515625 223.431243896484375 216.212493896484375 207.756256103515625 200.8249969482421875 194.4375 192.181243896484375 194.21875 195.5812530517578125 196.9250030517578125 200.71875 203.1125030517578125 208.7624969482421875 216.6750030517578125 223.96875 232.7312469482421875 242 252.256256103515625 267.274993896484375 284.51873779296875 300.149993896484375 315.61248779296875 333.024993896484375 352.29998779296875 370.57501220703125 386.32501220703125 401.20001220703125 413.125 417.818756103515625 418.36248779296875 414.131256103515625 407.04376220703125 398.024993896484375 384.899993896484375
275.3125 274.15625 272.375 269.943756103515625 266.443756103515625 259.9375 252.1062469482421875 241.9499969482421875 233.6687469482421875 232.4375 234.381256103515625 233.774993896484375 231.850006103515625 226.0812530517578125 221.09375 216.774993896484375 214.59375 216.774993896484375 221.4499969482421875 216.2062530517578125 211.631256103515625 212.2375030517578125 213.931243896484375 220.787506103515625 230.2312469482421875 238.0124969482421875 246.6750030517578125 256.3125 268.881256103515625 284.39373779296875 299.51251220703125 315.23748779296875 329.61248779296875 345.59375 362.868743896484375 380.274993896484375 396.48126220703125 411.618743896484375 422.543731689453125 430.45001220703125 433.712493896484375 429.962493896484375 423.375 413.556243896484375 402.256256103515625
287.13751220703125 285.912506103515625 284.10626220703125 279.96875 276.90625 268.41876220703125 259.21875 248.5812530517578125 236.9562530517578125 232.9812469482421875 240.975006103515625 244.2312469482421875 245.556243896484375 241.681243896484375 237.9499969482421875 234.375 232.431243896484375 234.5 237.3625030517578125 229.9499969482421875 223.0625 223.568756103515625 224.8562469482421875 234.7750091552734375 244.256256103515625 251.9812469482421875 260.875 269.41876220703125 282.13751220703125 297.86248779296875 313.46875 326.287506103515625 339.89373779296875 353.524993896484375 368.91876220703125 384.287506103515625 401.225006103515625 416.03125 427.337493896484375 436.59375 440.4375 437.65625 436.11248779296875 430.76251220703125 419.16876220703125
298.65625 297.375 293.493743896484375 289.756256103515625 286.868743896484375 279.375 270.600006103515625 262.36248779296875 255.2062530517578125 254.4499969482421875 258.64373779296875 261.45623779296875 262.1875 258.95001220703125 255.243743896484375 251.5625 247.4812469482421875 245.1374969482421875 241.6062469482421875 235.2062530517578125 230.225006103515625 231.506256103515625 234.8562469482421875 247.537506103515625 256.181243896484375 263.20001220703125 272.181243896484375 281.5625 292.88751220703125 307.649993896484375 321.61248779296875 334.32501220703125 347.6875 361.181243896484375 375.649993896484375 388.98126220703125 403.6875 418.412506103515625 429.875 439.943756103515625 448.006256103515625 447.818756103515625 447.45001220703125 442 433.20001220703125
311.462493896484375 310.293731689453125 304.63751220703125 299.92498779296875 295.75 289.8125 283.181243896484375 279.21875 275.837493896484375 276.443756103515625 281.39373779296875 283.60626220703125 280.98126220703125 276.09375 270.89373779296875 265.306243896484375 258.412506103515625 251.6999969482421875 243.818756103515625 235.787506103515625 234.40625 236.5 243.787506103515625 255.3874969482421875 267.84375 273.54998779296875 281.662506103515625 291.193756103515625 302 313.568756103515625 326.46875 339.54998779296875 353 366.26251220703125 379.32501220703125 393.13751220703125 406.40625 418.41876220703125 431.66876220703125 443.806243896484375 452.899993896484375 452.61248779296875 454.131256103515625 451.399993896484375 443.92498779296875
320.337493896484375 318.65625 313.66876220703125 310.66876220703125 307.287506103515625 301.32501220703125 296.91876220703125 297.068756103515625 296.412506103515625 297.475006103515625 303.118743896484375 308.16876220703125 302.875 295.16876220703125 287.79376220703125 278.57501220703125 269.57501220703125 258.125 247.975006103515625 237.3874969482421875 234.71875 238 248.5625 265.14373779296875 276.125 278.35626220703125 286.118743896484375 295.39373779296875 306.98126220703125 319.8125 332.03125 343.54376220703125 356.51251220703125 369.118743896484375 381.787506103515625 395.08123779296875 407.931243896484375 419 431.84375 444.899993896484375 454.337493896484375 454.6875 451.881256103515625 447.14373779296875 437.193756103515625
330.350006103515625 329.23748779296875 325 321.493743896484375 318.3125 315.51251220703125 312.587493896484375 312.20623779296875 313.056243896484375 315.76873779296875 321.274993896484375 327.131256103515625 322.79376220703125 311.04998779296875 301.78125 290.95001220703125 279.056243896484375 267.29376220703125 254.881256103515625 242.09375 233.5812530517578125 238.4562530517578125 251.5187530517578125 265.462493896484375 270.60626220703125 274.28125 286.83123779296875 299.993743896484375 312.15625 325.181243896484375 336.931243896484375 347.162506103515625 358.287506103515625 369.85626220703125 381.618743896484375 394.118743896484375 405.431243896484375 415.725006103515625 427.318756103515625 439.806243896484375 451.34375 450.79998779296875 440.056243896484375 428.506256103515625 417
337.962493896484375 337.9375 334.068756103515625 331.0625 329.006256103515625 325.1875 323.756256103515625 326.45623779296875 328.056243896484375 331.125 333.73126220703125 337.21875 332.46875 324.16876220703125 312.037506103515625 301.399993896484375 287.818756103515625 276.0625 262.42498779296875 250.006256103515625 244.2062530517578125 247.337493896484375 254.5500030517578125 265.40625 270.0625 276.54376220703125 289.5625 303.13751220703125 317.79998779296875 329.88751220703125 340.943756103515625 350.4375 359.756256103515625 368.912506103515625 380.28125 391.29998779296875 402.412506103515625 413.375 422.76873779296875 431.79376220703125 437.98748779296875 426.4375 418.3125 414.45001220703125 408.881256103515625
345.149993896484375 345.32501220703125 342.625 340.100006103515625 339.82501220703125 337.375 337.66876220703125 339.32501220703125 340.318756103515625 341.462493896484375 343.82501220703125 345.35626220703125 342.006256103515625 335.10626220703125 322.318756103515625 310.11248779296875 296 282.41876220703125 269.63751220703125 259.51251220703125 255.868743896484375 255.96875 260.9375 268.962493896484375 276.868743896484375 284.84375 296.649993896484375 310.537506103515625 324.193756103515625 336.649993896484375 346.09375 352.70623779296875 362.61248779296875 369.79376220703125 378.931243896484375 388.15625 399.98126220703125 412.587493896484375 421.225006103515625 419.1875 410.837493896484375 405.068756103515625 406.649993896484375 407.36248779296875 399.34375
350.73126220703125 350.58123779296875 348.756256103515625 346.899993896484375 347.631256103515625 346.162506103515625 347.23748779296875 348.618743896484375 348.4375 350.106231689453125 352.181243896484375 353.66876220703125 351.26251220703125 344.95623779296875 332.831268310546875 316.462493896484375 302.76873779296875 289.537506103515625 276.26251220703125 266.85626220703125 266.287506103515625 266.962493896484375 270.100006103515625 276.96875 284.368743896484375 292.5 302.993743896484375 317.83123779296875 332.57501220703125 345.375 353.98126220703125 358.306243896484375 362.26873779296875 367.51873779296875 373.82501220703125 386 398.38751220703125 409.16876220703125 415.79376220703125 409.587493896484375 394.65625 390.931243896484375 395.912506103515625 395.57501220703125 389.868743896484375
353.493743896484375 354.01873779296875 351.756256103515625 351.274993896484375 353.475006103515625 352.79376220703125 354.625 355.975006103515625 356.04998779296875 356.631256103515625 359.29998779296875 362.09375 360.3125 354.46875 342.42498779296875 326.33123779296875 305.75 292.037506103515625 281.20623779296875 274.8125 274.756256103515625 276.73126220703125 279.274993896484375 284.537506103515625 292.60626220703125 299.318756103515625 308.48748779296875 323.16876220703125 340.16876220703125 354.162506103515625 363.568756103515625 366.181243896484375 365.79376220703125 365.82501220703125 373.8125 386.118743896484375 396.774993896484375 409.84375 422.70001220703125 411.8125 397.26873779296875 390.337493896484375 387.92498779296875 386.524993896484375 381.899993896484375
357.16876220703125 358.068756103515625 356.0625 356.90625 358.66876220703125 359.381256103515625 361.524993896484375 362.931243896484375 362.35626220703125 362.912506103515625 363.100006103515625 368.462493896484375 368.28125 362.912506103515625 350.09375 331.89373779296875 310.524993896484375 292.381256103515625 285.537506103515625 280.10626220703125 282.506256103515625 284.75 286.912506103515625 291.462493896484375 297.82501220703125 304.79998779296875 311.67498779296875 328.274993896484375 348.318756103515625 364.162506103515625 371.181243896484375 364.100006103515625 361.83123779296875 363.475006103515625 368.51873779296875 380.131256103515625 395.568756103515625 409.11248779296875 416.54998779296875 413.693756103515625 399.912506103515625 388.931243896484375 383.649993896484375 381.431243896484375 376.993743896484375
356.725006103515625 358.51251220703125 357.75 360.274993896484375 363.51251220703125 364.92498779296875 365.29998779296875 367.975006103515625 367.73126220703125 367.6875 367.03125 369.54998779296875 371.875 371.58123779296875 356.618743896484375 334.462493896484375 310.943756103515625 292.26251220703125 281.66876220703125 279.40625 286.15625 291.40625 288.88751220703125 295.337493896484375 301.78125 309.875 320.125 334.39373779296875 354.693756103515625 371.29998779296875 379.21875 366.743743896484375 359.04998779296875 352.03125 353.21875 369.1875 387.84375 401.26873779296875 411.975006103515625 410.58123779296875 400.274993896484375 387.28125 380.006256103515625 377.82501220703125 373.17498779296875
354.89373779296875 356.98748779296875 357.08123779296875 358.506256103515625 363.131256103515625 367.26873779296875 369 370.125 369.381256103515625 368.58123779296875 366.5 369.20001220703125 375.45623779296875 380.58123779296875 360.243743896484375 330.712493896484375 304.600006103515625 290.57501220703125 281.25 278.006256103515625 282.45001220703125 284.95623779296875 288.649993896484375 295.16876220703125 302.83123779296875 313.131256103515625 323.84375 338.70623779296875 353.537506103515625 363.962493896484375 367.65625 358.212493896484375 347.243743896484375 334.868743896484375 332.118743896484375 350.91876220703125 378.58123779296875 401.25 412.89373779296875 413.20001220703125 402.96875 386.412506103515625 380.51251220703125 377.51873779296875 372.068756103515625
