data/historical-monthly-weather-data/wc2.1_cruts4.09_10m_prec_2011-09.asc
ncols        51
nrows        45
xllcorner    -63.500000000000
yllcorner    -7.500000000000
cellsize     0.166666666667
NODATA_value -9999
[rows 19 to 37 of 45, columns 0 to 42 of 51]
130.34375 127.2687530517578125 123.03125 119.94374847412109375 117.2062530517578125 115.4875030517578125 112.5500030517578125 108.7937469482421875 106.74375152587890625 103 98.3312530517578125 91.6437530517578125 84.21250152587890625 77.0437469482421875 70.4875030517578125 65.3000030517578125 59.43125152587890625 56.762500762939453125 53.200000762939453125 51.88124847412109375 48.50624847412109375 45.737499237060546875 45.231250762939453125 46.331249237060546875 46.94374847412109375 46.19374847412109375 45.90000152587890625 45.71875 43.575000762939453125 41.47499847412109375 40.75624847412109375 45.47499847412109375 48.83750152587890625 53.231250762939453125 55.950000762939453125 54.1875 51.8125 49.97499847412109375 48.03125 44.59999847412109375 39.71250152587890625 34.71250152587890625 33.112499237060546875
122.71250152587890625 120.9375 118.27500152587890625 115.7312469482421875 113.16249847412109375 110.94374847412109375 108.9812469482421875 106.375 105.34375 102.9375 98.61875152587890625 93.1125030517578125 85.9499969482421875 78.0124969482421875 71.96875 65.3625030517578125 59.61875152587890625 55.46875 53.69374847412109375 50.75624847412109375 49.206249237060546875 47.825000762939453125 46.53749847412109375 47.512500762939453125 48.75 48.47499847412109375 47.875 46.793750762939453125 45.725002288818359375 46.543750762939453125 47.93125152587890625 52.16249847412109375 55.90000152587890625 61.043750762939453125 66.78749847412109375 62.44374847412109375 55.424999237060546875 50.862499237060546875 47.331249237060546875 43.956249237060546875 40.53749847412109375 37.19374847412109375 35.424999237060546875
116.88124847412109375 113.86875152587890625 111.59999847412109375 109.65625 108.5124969482421875 107.6875 106 104.8125 104.36875152587890625 102.75 99.4375 94.93125152587890625 89.5625 82.63124847412109375 75.97499847412109375 68.4250030517578125 62.487499237060546875 57.918750762939453125 55.65625 52.668750762939453125 49.549999237060546875 48.00624847412109375 46.875 47.668750762939453125 48.3125 48.643749237060546875 49.893749237060546875 49.487499237060546875 50.174999237060546875 51.950000762939453125 53.950000762939453125 57.1875 60.106250762939453125 63.875 64.875 61.65625 55.34999847412109375 50.88124847412109375 47.21250152587890625 44.456249237060546875 42.231250762939453125 40.168750762939453125 39.25624847412109375
111.91249847412109375 110.21250152587890625 107.3000030517578125 105.70000457763671875 104.5625 104.0749969482421875 103.66249847412109375 103.25624847412109375 104.25624847412109375 102.7062530517578125 101.5124969482421875 98.31874847412109375 95.2937469482421875 89.3249969482421875 80.5437469482421875 72.43125152587890625 65.43125152587890625 60.987499237060546875 57.31874847412109375 54.15000152587890625 51.143749237060546875 49.325000762939453125 47.66249847412109375 47.59375 48.581249237060546875 49.018749237060546875 50.331249237060546875 52.0625 53.16249847412109375 54.987499237060546875 57.90625 61.512500762939453125 62.831249237060546875 63.58750152587890625 62.15000152587890625 57.66249847412109375 53.36875152587890625 49.59999847412109375 46.9375 45.731250762939453125 45.02500152587890625 43.606250762939453125 42.84999847412109375
109.1999969482421875 106.21875 104.02500152587890625 101.8312530517578125 99.9562530517578125 100.90625 101.25624847412109375 101.1125030517578125 102.16249847412109375 101.50624847412109375 100.38124847412109375 99.8249969482421875 99.4875030517578125 93.58750152587890625 83.8937530517578125 75.21875 68.25624847412109375 63.61875152587890625 59.81874847412109375 56.075000762939453125 53.02500152587890625 50.53749847412109375 49.15000152587890625 49.18125152587890625 49.674999237060546875 49.606250762939453125 50.950000762939453125 52.83750152587890625 55.44374847412109375 57.950000762939453125 60.862499237060546875 64.41249847412109375 64.3874969482421875 63.612499237060546875 61.59375 56.61875152587890625 53.237499237060546875 50.875 49 48.793750762939453125 48.36875152587890625 47.375 47.21875
108.02500152587890625 104.22499847412109375 101.125 98.3625030517578125 99.00624847412109375 99.4250030517578125 99.47499847412109375 99.56874847412109375 100.1687469482421875 100.3000030517578125 99.8937530517578125 98.53125 97.13124847412109375 92.90625 85.0749969482421875 76.99375152587890625 70.5437469482421875 65.52500152587890625 61.393749237060546875 58 55.081249237060546875 52.28125 51.200000762939453125 51.268749237060546875 50.731250762939453125 51.31874847412109375 52.762500762939453125 54.950000762939453125 57.65000152587890625 60.72499847412109375 63.53749847412109375 66.53125 66.71875 65.24375152587890625 62.43125152587890625 58.325000762939453125 56.049999237060546875 54.11875152587890625 52.50624847412109375 52.16249847412109375 51.831249237060546875 51.668750762939453125 51.86875152587890625
109.03125 106.3125 101.4562530517578125 99.22499847412109375 97.7624969482421875 97.7687530517578125 98.22499847412109375 98.15625 98.4562530517578125 98.8625030517578125 97.56874847412109375 96.4375 94.6875 90.88124847412109375 84.6750030517578125 77.96875 71.7937469482421875 67.31874847412109375 63.137500762939453125 59.53749847412109375 56.700000762939453125 53.84375 52.84999847412109375 53.03749847412109375 52.71875 52.71250152587890625 55.0625 58.049999237060546875 60.5625 63.737499237060546875 66.6374969482421875 69.8625030517578125 68.6062469482421875 66.7312469482421875 64.6374969482421875 62.493747711181640625 59.97499847412109375 58.174999237060546875 57.456249237060546875 56.72499847412109375 56.86875152587890625 56.549999237060546875 56.80625152587890625
111.5812530517578125 107.55625152587890625 103.33750152587890625 100.9562530517578125 98.5500030517578125 98.40000152587890625 98.0124969482421875 97.09375 96.2687530517578125 96.47499847412109375 96.1687469482421875 95.25624847412109375 93.1999969482421875 90.22499847412109375 84.9187469482421875 78.9875030517578125 74.0437469482421875 69.15000152587890625 65.08750152587890625 61.49375152587890625 58.88124847412109375 56.081249237060546875 54.72499847412109375 55.90625 55.481250762939453125 55.8125 58.418750762939453125 60.99375152587890625 63.768749237060546875 66.7312469482421875 69.50624847412109375 71.8125 71.6437530517578125 69.90000152587890625 67.49375152587890625 66.1062469482421875 64.59375 62.83750152587890625 62.262500762939453125 61.90000152587890625 61.487499237060546875 61.575000762939453125 62.24375152587890625
113.9875030517578125 109.9375 106.27500152587890625 102.4812469482421875 100.1999969482421875 98.99375152587890625 98.2062530517578125 96.96250152587890625 95.4812469482421875 95.56874847412109375 94.8562469482421875 93.8562469482421875 92.1437530517578125 90.33750152587890625 85.31874847412109375 80.05625152587890625 75.29375457763671875 70.76874542236328125 66.78125 63.71250152587890625 61 58.49375152587890625 57.11875152587890625 58.08750152587890625 58.68125152587890625 58.99375152587890625 61.55625152587890625 64.36875152587890625 67.28749847412109375 70.5124969482421875 72.5749969482421875 74.77500152587890625 74.8874969482421875 73.05625152587890625 71.1875 69.9499969482421875 69.69374847412109375 68.84375 68.34999847412109375 67.90625 67.59375 67.8249969482421875 67
116.96875 112.49375152587890625 107.7937469482421875 103.65000152587890625 100.72499847412109375 98.75624847412109375 97.25 96.11875152587890625 94.96250152587890625 94.3000030517578125 93.27500152587890625 92.09375 91.6750030517578125 89.625 85.09375 81.6437530517578125 78.28125 72.3249969482421875 68.28749847412109375 65.40000152587890625 63.174999237060546875 61.13124847412109375 60.02500152587890625 61.19374847412109375 61.375 62.325000762939453125 65.0437469482421875 68.44374847412109375 72.1999969482421875 74.30625152587890625 75.7375030517578125 77.5812530517578125 77.1437530517578125 76.06874847412109375 75.52500152587890625 74.4812469482421875 75.15000152587890625 75.41249847412109375 75.4499969482421875 74.8874969482421875 72.6999969482421875 71.4812469482421875 71.75624847412109375
120.71875 115.9562530517578125 109.72499847412109375 104.91249847412109375 101.3312530517578125 99.3874969482421875 97.78749847412109375 96.31874847412109375 94.9499969482421875 93.69374847412109375 92.41249847412109375 92.09999847412109375 91.5500030517578125 90.05625152587890625 87.0625 83.3125 79.5437469482421875 74.99375152587890625 70.4875030517578125 67.53749847412109375 65.88124847412109375 64.5625 63.106250762939453125 64 65.25 67.0500030517578125 69.5437469482421875 72.5 75.375 77.75624847412109375 79.91249847412109375 81.78125 81.06874847412109375 80.1999969482421875 80.2375030517578125 80.09999847412109375 81.34999847412109375 83.1062469482421875 81.84999847412109375 82.72499847412109375 81.7624969482421875 79.71250152587890625 78.3625030517578125
122.34375 117.6875 112.5 106.4499969482421875 102.84999847412109375 100.98749542236328125 98.2624969482421875 96.30625152587890625 95.13124847412109375 94.06874847412109375 92.59999847412109375 92.0812530517578125 93.1750030517578125 91.5812530517578125 88.50624847412109375 85.08750152587890625 82.55625152587890625 78.3000030517578125 73.78749847412109375 71.3000030517578125 69.6374969482421875 68.75624847412109375 67.6999969482421875 68.40625 69.50624847412109375 71.5749969482421875 74.0187530517578125 76.7375030517578125 79.52500152587890625 80.6437530517578125 83.2937469482421875 85.3874969482421875 84.75 85.46875 85.8874969482421875 85.25624847412109375 87.03749847412109375 89.8249969482421875 90.4562530517578125 91.2624969482421875 90.15625 87.33750152587890625 85.16249847412109375
124.7624969482421875 118.7062530517578125 113.06874847412109375 107.99375152587890625 105.25624847412109375 102.2062530517578125 99.4875030517578125 97.3000030517578125 96.2687530517578125 94.75 93.5500030517578125 92.93125152587890625 92.4562530517578125 92.34999847412109375 90.78749847412109375 89.3000030517578125 86.49375152587890625 82.56874847412109375 79.06874847412109375 77.1374969482421875 75.7624969482421875 73.4499969482421875 72.53125 72.91249847412109375 75.1687469482421875 76.03125 77.9375 81.40625 84.0124969482421875 85.16249847412109375 87.40625 88.4875030517578125 88.63124847412109375 89.4499969482421875 90.00624847412109375 89.8312530517578125 91.7062530517578125 93.8249969482421875 95.03125 96.3874969482421875 96.58750152587890625 93.7062530517578125 91.71250152587890625
124.36875152587890625 119.65625 113.9812469482421875 109.6875 106.93125152587890625 104.19374847412109375 101.9375 99.0500030517578125 97.6437530517578125 95.625 96.71250152587890625 95.11875152587890625 94.99375152587890625 96.5500030517578125 95.41249847412109375 94.9812469482421875 93.21250152587890625 90.78125 87.5 85.46250152587890625 83.2062530517578125 80.63124847412109375 78.28125 78.6687469482421875 80.4562530517578125 80.84999847412109375 82.72499847412109375 85.8000030517578125 88.38124847412109375 90.58750152587890625 91.9250030517578125 93.1687469482421875 92.8312530517578125 93.7375030517578125 95.03125 94.9875030517578125 96.09375 96.7687530517578125 98.1374969482421875 100.5749969482421875 101.2687530517578125 99.19374847412109375 97.8874969482421875
122.61875152587890625 119.46875 115.56874847412109375 111.8125 108.7375030517578125 106.09999847412109375 104.16249847412109375 101.4875030517578125 99.24375152587890625 98.03749847412109375 97.53125 98.56874847412109375 98.55625152587890625 98.47499847412109375 99.375 99.8312530517578125 100.5500030517578125 98.9875030517578125 96.77500152587890625 94.74375152587890625 91.93125152587890625 88.25624847412109375 85.13124847412109375 84.47499847412109375 84.96250152587890625 85.125 86.9375 89.8625030517578125 92.0749969482421875 94.0625 95.9562530517578125 97.40625 97.4562530517578125 97.99375152587890625 99.34999847412109375 101 100.74375152587890625 100.83750152587890625 102.46875 103.7312469482421875 104.29999542236328125 104.40625 104.46250152587890625
121.75624847412109375 119.3625030517578125 116.46875 114.09999847412109375 111.6374969482421875 108.4250030517578125 106.78749847412109375 104.2375030517578125 101.05625152587890625 99.90000152587890625 100.34375 102.3125 102.69374847412109375 103.0500030517578125 104.6687469482421875 106.59999847412109375 107.9375 106.46875 106.34999847412109375 104.2062530517578125 101.3937530517578125 96.90000152587890625 91.97499847412109375 90.22499847412109375 89.0500030517578125 89.59999847412109375 91.75624847412109375 93.9187469482421875 95.9499969482421875 97.47499847412109375 99.24375152587890625 100.2062530517578125 100.7375030517578125 101.6750030517578125 102.50624847412109375 102.9499969482421875 103.68125152587890625 105.44374847412109375 106.1125030517578125 107.6374969482421875 106.7062530517578125 106.31874847412109375 107.9375
120.28125 117.83750152587890625 116.0124969482421875 114.25624847412109375 112.2937469482421875 110.06874847412109375 107.5500030517578125 106.28125 103.84375 102.2687530517578125 103.2687530517578125 105.22499847412109375 107.3249969482421875 108.91249847412109375 110.7624969482421875 113.28749847412109375 114.75624847412109375 114.7687530517578125 115.0500030517578125 114.6374969482421875 110.1750030517578125 104.93125152587890625 98.52500152587890625 95.4250030517578125 94.03125 93.66249847412109375 94.93125152587890625 97.0812530517578125 99.0812530517578125 100.1125030517578125 101.8312530517578125 103.1125030517578125 103.0124969482421875 104.03749847412109375 104.7937469482421875 104.49375152587890625 106.75 107.6999969482421875 108.24375152587890625 109.11875152587890625 109.6437530517578125 108.9499969482421875 109.0749969482421875
118.712493896484375 116.91249847412109375 115.25624847412109375 113.4250030517578125 112.9250030517578125 111.24375152587890625 109.75624847412109375 108.46250152587890625 106.84999847412109375 104.52500152587890625 106.83750152587890625 112.55625152587890625 114.9812469482421875 116.3312530517578125 118.6062469482421875 120.25624847412109375 122.1999969482421875 121.43125152587890625 121.09999847412109375 120.3125 116.9812469482421875 109.9875030517578125 103.5437469482421875 99.50624847412109375 97.5500030517578125 97.0187530517578125 97.55625152587890625 98.99375152587890625 100.84999847412109375 102.21875 103.5625 105.00624847412109375 105.71875 106.77500152587890625 107.5500030517578125 107.9812469482421875 109.3625030517578125 110.84999847412109375 110.5 110.4250030517578125 110.5500030517578125 109.5500030517578125 110.31874847412109375
116.912506103515625 116.09375 115.00624847412109375 113.24375152587890625 113.33750152587890625 112.8937530517578125 112.3625030517578125 112.1875 111.68125152587890625 109.8125 118.75624847412109375 123.81874847412109375 124.3625030517578125 124.52500152587890625 126.09999847412109375 127.81874847412109375 127.44374847412109375 126.6750030517578125 124.6062469482421875 122.16249847412109375 119.40625 112.97499847412109375 107.0749969482421875 102.6687469482421875 99.9875030517578125 98.66249847412109375 99.71250152587890625 101.25 102.88124847412109375 104.27500152587890625 103.97499847412109375 105.1062469482421875 106.25 108.8125 110.21250152587890625 108.9250030517578125 110.0812530517578125 111.16249847412109375 112.5500030517578125 112.96250152587890625 111.3562469482421875 112.2937469482421875 110.86875152587890625
