data/historical-monthly-weather-data/wc2.1_cruts4.09_10m_prec_1957-05.asc
ncols        51
nrows        45
xllcorner    -63.500000000000
yllcorner    -7.500000000000
cellsize     0.166666666667
NODATA_value -9999
[rows 19 to 37 of 45, columns 0 to 43 of 51]
289.09375 290.03125 286.73126220703125 281.45001220703125 278.51251220703125 276.125 269.42498779296875 260.431243896484375 252.056243896484375 242.962493896484375 234.149993896484375 222.568756103515625 210.4875030517578125 194.6750030517578125 178.368743896484375 159.7062530517578125 143.9187469482421875 136.9000091552734375 128.1687469482421875 122.72499847412109375 118.46875 118.31874847412109375 120.60625457763671875 124.1999969482421875 126.2375030517578125 125.8937530517578125 128.0812530517578125 131.462493896484375 130.7312469482421875 128.8312530517578125 130.4625091552734375 138.774993896484375 140.15625 139.806243896484375 143.9375 152.3562469482421875 158.806243896484375 163.7937469482421875 168.1750030517578125 170.5437469482421875 166.7375030517578125 164.587493896484375 168.8625030517578125 172.9187469482421875
267.78125 277.78125 277.79998779296875 271.850006103515625 265.337493896484375 265.462493896484375 261.48748779296875 253.943756103515625 246.306243896484375 235.850006103515625 226.3125 216.0500030517578125 202.068756103515625 187.9499969482421875 170.756256103515625 155.96875 139.7687530517578125 129.9250030517578125 124.2687530517578125 117.1125030517578125 118.3312530517578125 119.0124969482421875 119.47499847412109375 122.3249969482421875 124.69374847412109375 124.3125 123.09375 125.05625152587890625 127.3562469482421875 130.0437469482421875 134.46875 140.243743896484375 138.28125 137.3000030517578125 139.787506103515625 147.2937469482421875 154.3562469482421875 159.5187530517578125 162.4562530517578125 163.181243896484375 163.65625 161.90625 162.71875 167.431243896484375
255.6437530517578125 256.96875 260.79998779296875 261.431243896484375 255.3312530517578125 252.03125 250.3874969482421875 246.21875 239.881256103515625 230.7312469482421875 220.6750030517578125 208.84375 195.4375 181.631256103515625 168.4375 152.5437469482421875 144.0437469482421875 132.743743896484375 126.0124969482421875 117.8625030517578125 114.5187530517578125 114.84375 115.625 116.28125 115.93125152587890625 117.46875 121.53125 123.6437530517578125 129.3937530517578125 133.9375 136.75 139.0437469482421875 139.4562530517578125 139.975006103515625 139.443756103515625 143.9250030517578125 150.618743896484375 155.368743896484375 157.8874969482421875 158.899993896484375 160.306243896484375 159.131256103515625 159.4875030517578125 162.306243896484375
244.125 253.193756103515625 254.475006103515625 253.8375091552734375 247.037506103515625 242.5500030517578125 233.462493896484375 230.993743896484375 231.0437469482421875 223.6999969482421875 212.7375030517578125 201.212493896484375 192.0749969482421875 179.7375030517578125 166.868743896484375 153.125 141.975006103515625 132.212493896484375 123.7937469482421875 116.1687469482421875 114.21875 111.53749847412109375 111.21250152587890625 111.19374847412109375 112.83750152587890625 113.5812530517578125 116.13124847412109375 121.61875152587890625 127.99375152587890625 132.53125 135.2125091552734375 140.0500030517578125 142.024993896484375 141.4250030517578125 141.506256103515625 141.2624969482421875 144.756256103515625 150.3937530517578125 155.618743896484375 156.5500030517578125 156.6125030517578125 156.0812530517578125 155.90625 157.8562469482421875
228.881256103515625 239.899993896484375 243.9187469482421875 240.462493896484375 232.912506103515625 227.006256103515625 227.1750030517578125 223.5437469482421875 219.024993896484375 211.8562469482421875 204.350006103515625 198.850006103515625 190.03125 180.943756103515625 166.975006103515625 153.5625 142.306243896484375 133.756256103515625 125.84999847412109375 118.73749542236328125 114.13124847412109375 111.3625030517578125 109.0749969482421875 110.7062530517578125 110.75624847412109375 109.6062469482421875 113.88124847412109375 120.1062469482421875 127.7937469482421875 135.568756103515625 142.506256103515625 148.649993896484375 150.3312530517578125 148.2624969482421875 146.3812408447265625 142.975006103515625 147.0437469482421875 149.850006103515625 152.868743896484375 154.3000030517578125 153.7687530517578125 154.5437469482421875 155.1999969482421875 155.4187469482421875
219.225006103515625 230.212493896484375 231.5 230.850006103515625 225.0187530517578125 221.181243896484375 215.912506103515625 213.5812530517578125 208.899993896484375 204.25 197.3562469482421875 191.412506103515625 187.0124969482421875 178.9562530517578125 165.337493896484375 153.7062530517578125 144.5437469482421875 135.5187530517578125 126.65625 119.4875030517578125 115.875 111.4187469482421875 109.33750152587890625 109.8125 109.5437469482421875 111.625 116.31874847412109375 123.47499847412109375 131.2624969482421875 141.9250030517578125 150.28125 160.6437530517578125 161.0187530517578125 157.5437469482421875 151.274993896484375 148.1062469482421875 149.1687469482421875 147.6999969482421875 149.6999969482421875 151.1999969482421875 151.712493896484375 151.59375 152.4375 151.2062530517578125
215.5500030517578125 227.006256103515625 221.75 219.2312469482421875 210.53125 206.7062530517578125 202.3249969482421875 200.2624969482421875 194.3249969482421875 188.40625 187.899993896484375 185.681243896484375 180.506256103515625 174.8562469482421875 165.912506103515625 154.75 145.912506103515625 137 128.1062469482421875 120.21250152587890625 116.2624969482421875 111.46250152587890625 108.93125152587890625 108.08750152587890625 109.4375 111.33750152587890625 119.3937530517578125 127.25 135.3125 146.9875030517578125 159.4250030517578125 174.881256103515625 175.125 165.975006103515625 156.9875030517578125 153.193756103515625 149.78125 147.59375 145.9187469482421875 146.78125 147.975006103515625 146.818756103515625 146.0812530517578125 146.8874969482421875
210.7062530517578125 213.868743896484375 212.4875030517578125 208.7062530517578125 201.21875 197.9812469482421875 193.568756103515625 188.600006103515625 184.8125 185.1999969482421875 183.743743896484375 180.6750030517578125 178.975006103515625 175.8562469482421875 167.5 158.4875030517578125 148.6624908447265625 138.774993896484375 132.462493896484375 123.94374847412109375 118.0437469482421875 113.2687530517578125 110.09375 111.15000152587890625 112.55625152587890625 114.9812469482421875 123.28749847412109375 131.7375030517578125 141.03125 151.475006103515625 166.3937530517578125 181.8625030517578125 184.0437469482421875 170.4875030517578125 158.0124969482421875 152.3000030517578125 150.1062469482421875 145.6125030517578125 143.850006103515625 144.5 144.8249969482421875 143.881256103515625 143.368743896484375 142.493743896484375
207.3937530517578125 205.9562530517578125 203.318756103515625 197.381256103515625 192.2375030517578125 190.28125 186.8874969482421875 180.8249969482421875 179.149993896484375 179.5437469482421875 177.8000030517578125 176.1687469482421875 176.28125 174.4375 168.28125 158.4499969482421875 151.1875 144.2375030517578125 137.6062469482421875 129.4187469482421875 122.6750030517578125 116.1687469482421875 113.4875030517578125 113.96250152587890625 115.84999847412109375 117.6687469482421875 126.6437530517578125 135.5437469482421875 145.712493896484375 156.5124969482421875 169.8125 182.6125030517578125 180.5812530517578125 168.2062530517578125 157.774993896484375 151.6999969482421875 147.15625 144.34375 143.7937469482421875 142.5187530517578125 141.5500030517578125 142.100006103515625 141.881256103515625 141.9375
201.131256103515625 198.4812469482421875 193.568756103515625 188.600006103515625 183.931243896484375 178.6687469482421875 174.3562469482421875 172.725006103515625 174.46875 172.9562530517578125 172.1750030517578125 173.15625 173.96875 175.4250030517578125 171.4812469482421875 165.15625 158.03125 149.8125 142.125 134.1750030517578125 127.0812530517578125 119.71875 115.5124969482421875 115.88124847412109375 117.6687469482421875 118.6374969482421875 128.03125 138.5625 148.837493896484375 158.131256103515625 169.7375030517578125 178.274993896484375 173.2687530517578125 162.743743896484375 154.8000030517578125 149.1875 145.243743896484375 141.068756103515625 140.475006103515625 139.1062469482421875 135.993743896484375 135.162506103515625 137.899993896484375 141.3625030517578125
199.868743896484375 195.5749969482421875 188.5500030517578125 180.818756103515625 175.46875 173.1750030517578125 169.625 169.8874969482421875 170.34375 168.181243896484375 168.725006103515625 170.9562530517578125 173.3000030517578125 176.287506103515625 173.75 169.3312530517578125 163.5124969482421875 158.1125030517578125 149.649993896484375 140.125 132.962493896484375 126.40000152587890625 121.41249847412109375 120.93125152587890625 121.024993896484375 124.4375 131.787506103515625 139.8125 149.337493896484375 157.3000030517578125 166.4562530517578125 171.618743896484375 166.337493896484375 158.4562530517578125 151.462493896484375 145.1875 143.8874969482421875 140.131256103515625 138.21875 139.306243896484375 138.193756103515625 136.256256103515625 135.537506103515625 135.8000030517578125
198.9187469482421875 192.8125 184.0187530517578125 177.84375 173.3125 170.2687530517578125 168.725006103515625 166.556243896484375 167.0437469482421875 166.7375030517578125 167.3562469482421875 169.0124969482421875 174.212493896484375 175.375 174.4812469482421875 173.274993896484375 170.256256103515625 163.681243896484375 156.4875030517578125 148.618743896484375 139.2937469482421875 131.53125 126.31874847412109375 124.40625 124.3625030517578125 128.65625 134.912506103515625 141.5124969482421875 150.2375030517578125 155.5437469482421875 162.787506103515625 164.7062530517578125 159.381256103515625 152.912506103515625 146.2437591552734375 140.03125 138.46875 137 137.100006103515625 136.6875 137.7062530517578125 135.0187530517578125 133.212493896484375 130.875
193.7375030517578125 186.837493896484375 179.381256103515625 174.600006103515625 171.756256103515625 167.443756103515625 167.756256103515625 163.3312530517578125 163.4250030517578125 162.90625 163.556243896484375 165.0124969482421875 169.993743896484375 174.443756103515625 174.6750030517578125 175.8937530517578125 172.1062469482421875 165.806243896484375 159.1999969482421875 152.3249969482421875 142.5749969482421875 135.131256103515625 129.350006103515625 128.21875 130.15625 132.162506103515625 138 143.149993896484375 148.8562469482421875 153.1999969482421875 155.4187469482421875 156.8249969482421875 151.1999969482421875 145.375 140.337493896484375 135.274993896484375 132.943756103515625 132.0625 131.5437469482421875 133.837493896484375 134.381256103515625 132.40625 130.8249969482421875 130.46875
188.84375 183.6125030517578125 176.993743896484375 174.0187530517578125 169.8125 165.850006103515625 165.024993896484375 162.0500030517578125 161.8125 162.462493896484375 165.78125 167.412506103515625 171.5812530517578125 176.912506103515625 177.21875 176.774993896484375 174.3562469482421875 170.725006103515625 162.631256103515625 155.9562530517578125 146.4812469482421875 140.3312530517578125 134.100006103515625 134.118743896484375 135.381256103515625 137.5124969482421875 141.368743896484375 146.037506103515625 149.193756103515625 150.4812469482421875 151.337493896484375 150.28125 143.787506103515625 140.443756103515625 135.1687469482421875 132.5124969482421875 128.462493896484375 127.31874847412109375 126.3000030517578125 129.1374969482421875 128.756256103515625 128.3000030517578125 127.24375152587890625 127.91249847412109375
184.506256103515625 179.1374969482421875 175.9375 173.131256103515625 170.90625 166.212493896484375 163.6999969482421875 160.212493896484375 159.1374969482421875 159.5124969482421875 162.037506103515625 167.024993896484375 170.3000030517578125 173.743743896484375 176.493743896484375 178.931243896484375 178.5 174.125 165.03125 157.256256103515625 150.712493896484375 145.431243896484375 139.774993896484375 138.3312530517578125 139.59375 140.4375 142.837493896484375 145.8937530517578125 149.3874969482421875 148.475006103515625 147.09375 144.28125 138.7375030517578125 133.6374969482421875 129.649993896484375 126.5 123.93125152587890625 120.52500152587890625 120.78749847412109375 121.5500030517578125 120.55625152587890625 121.61875152587890625 122.71250152587890625 123.6062469482421875
178.7937469482421875 174.5 173.0187530517578125 172.3249969482421875 170.9875030517578125 166.475006103515625 161.0187530517578125 158.068756103515625 154.2375030517578125 155.0124969482421875 158.7937469482421875 164.3874969482421875 170.962493896484375 176.600006103515625 179.225006103515625 181.28125 180.7375030517578125 176.506256103515625 167.9250030517578125 158.5500030517578125 152.78125 146.881256103515625 142.9812469482421875 141.2624969482421875 141.6062469482421875 142.149993896484375 145.5 148.3625030517578125 150.3312530517578125 148.1687469482421875 143.8125 139.2687530517578125 132.2937469482421875 127.9499969482421875 120.78125 118.5625 114.8937530517578125 115.08750152587890625 114.5500030517578125 113.66249847412109375 112.4375 111.9562530517578125 112.9250030517578125 114.8625030517578125
176.03125 173.631256103515625 170.9187469482421875 169.5437469482421875 167.4562530517578125 163.1999969482421875 157.475006103515625 155.0250091552734375 151.818756103515625 150.243743896484375 153.25 162.931243896484375 172.524993896484375 177.443756103515625 181.350006103515625 182.568756103515625 181.806243896484375 175.5 169.212493896484375 160.2062530517578125 155.1374969482421875 149.962493896484375 145.8937530517578125 144.8249969482421875 144.318756103515625 144.056243896484375 148.3562469482421875 150.90625 150.3125 146.412506103515625 141.475006103515625 135.8000030517578125 128.46875 121.33750152587890625 115.27500152587890625 112.1062469482421875 112.15000152587890625 109.27500152587890625 108.55625152587890625 109.2687530517578125 107.38124847412109375 108.15625 107.83750152587890625 109.15000152587890625
174.3249969482421875 173.399993896484375 170.5124969482421875 168.8249969482421875 167.5187530517578125 162.2312469482421875 157.3874969482421875 152.6999969482421875 148.7375030517578125 143.318756103515625 152.3562469482421875 169.6125030517578125 177.881256103515625 181.0749969482421875 183.4250030517578125 183.9562530517578125 181.350006103515625 174.756256103515625 168.774993896484375 159.431243896484375 155.71875 151.475006103515625 146.818756103515625 145.7375030517578125 145.5500030517578125 146.7624969482421875 149.1374969482421875 150.5124969482421875 149.53125 145.181243896484375 139.9562530517578125 134.149993896484375 126.0437469482421875 117.15000152587890625 111.46875 109.5625 108.0812530517578125 106.27500152587890625 104.5187530517578125 103.43125152587890625 101.47499847412109375 100.6875 102.6062469482421875 104.0812530517578125
173.318756103515625 172.256256103515625 171.3000030517578125 169.0437469482421875 168.7375030517578125 164.631256103515625 160.225006103515625 154.8000030517578125 151.0187530517578125 145.7375030517578125 164.931243896484375 182.6999969482421875 186.3562469482421875 187.693756103515625 187.4875030517578125 186.25 182.3000030517578125 176.46875 168.6875 161.274993896484375 155.4375 151.6875 147.6875 146.4812469482421875 146.087493896484375 146.6875 146.875 150.8625030517578125 150.600006103515625 144.131256103515625 137.0437469482421875 130.8249969482421875 123.63124847412109375 114.0749969482421875 106.5 104.78749847412109375 104.3562469482421875 102.1062469482421875 101.9375 99.4562530517578125 97.6437530517578125 97.03749847412109375 95.66249847412109375 95.1875
