data/historical-monthly-weather-data/wc2.1_cruts4.09_10m_prec_1962-06.asc
ncols        51
nrows        45
xllcorner    -63.500000000000
yllcorner    -7.500000000000
cellsize     0.166666666667
NODATA_value -9999
[rows 19 to 37 of 45, columns 0 to 43 of 51]
90.5437469482421875 92.58750152587890625 93.80625152587890625 93.97499847412109375 95.8562469482421875 100.02500152587890625 101.43125152587890625 101.50624847412109375 105.4562530517578125 107.78125 108.40000152587890625 105.8874969482421875 101.5124969482421875 96.72499847412109375 93.15625 85.28125 80.8312530517578125 84.22499847412109375 82.0749969482421875 86.02500152587890625 88.08750152587890625 99.5625 117.1999969482421875 124.41249847412109375 124.5187530517578125 124.93125152587890625 124.6687469482421875 131.6062469482421875 128.2687530517578125 123.2937469482421875 122.21250152587890625 133.7624969482421875 135.03125 132.712493896484375 132.25 138.0687408447265625 139.912506103515625 133.5124969482421875 126.65000152587890625 118.1062469482421875 104.88124847412109375 91.6437530517578125 90.6062469482421875 89.6125030517578125
76.9812469482421875 83.0500030517578125 86.74375152587890625 87.78125 86.88124847412109375 89.16249847412109375 92.69374847412109375 94.59375 97.56874847412109375 99.16249847412109375 101.2062530517578125 99.03749847412109375 95.21875 89.6125030517578125 84.74375152587890625 81.7375030517578125 77.11875152587890625 77.53125 82.18125152587890625 84.3249969482421875 96.8874969482421875 109.6875 124.3874969482421875 135.0625 137.649993896484375 134.100006103515625 123.53125 122.8125 122.7375030517578125 124.125 125.35625457763671875 131.556243896484375 124.40000152587890625 121.28749847412109375 119.6999969482421875 125.0500030517578125 128.59375 126 117.1687469482421875 108.49375152587890625 99.46250152587890625 89.28749847412109375 86.6062469482421875 86.19374847412109375
69.1125030517578125 71.09375 76.16249847412109375 79.6999969482421875 80.47499847412109375 81.5749969482421875 84.2687530517578125 86.06874847412109375 88.6999969482421875 92.38124847412109375 94.33750152587890625 91.4375 88.1125030517578125 86.19374847412109375 84.34375 79.06874847412109375 81.7687530517578125 81.17499542236328125 86.50624847412109375 90.0187530517578125 97.21250152587890625 113.59999847412109375 128.1687469482421875 131.6687469482421875 131.4250030517578125 129.6374969482421875 129.0187530517578125 123.1875 126.34375 127.72499847412109375 124.29375457763671875 119.88124847412109375 116.0625 116.7312469482421875 113.44374847412109375 114.21250152587890625 116.40000152587890625 117.1437530517578125 111.96250152587890625 105.16249847412109375 96.6374969482421875 89.30625152587890625 86.3249969482421875 86.1875
61.924999237060546875 67.6374969482421875 72.1999969482421875 75.24375152587890625 76.28125 76.6374969482421875 75.1999969482421875 76.24375152587890625 81.6750030517578125 84.9562530517578125 86.7312469482421875 87.2937469482421875 88.61875152587890625 88.66249847412109375 86.6062469482421875 83.61875152587890625 80.6999969482421875 81.65625 86.38124847412109375 92.6125030517578125 104.8874969482421875 115.06874847412109375 123.75 128.381256103515625 134.3625030517578125 132.9499969482421875 126.96250152587890625 123.84375 123.94374847412109375 118.875 115.02500152587890625 113.5124969482421875 108.6125030517578125 105.3312530517578125 106.8562469482421875 104.47499847412109375 103.77500152587890625 105.46250152587890625 105.16249847412109375 101.65000152587890625 94.4499969482421875 88.90625 85.34375 83.0749969482421875
53.3125 59.299999237060546875 65.7687530517578125 67.31874847412109375 67.8125 68.65625 71.2312469482421875 72.46250152587890625 74.5 76.21250152587890625 81.59375 86.4875030517578125 87.1750030517578125 89.55625152587890625 85.78125 83.46250152587890625 82.0124969482421875 86.34999847412109375 90.66249847412109375 95.8312530517578125 106.63124847412109375 119.40625 126.50624847412109375 135.65625 136.162506103515625 132.350006103515625 131.4187469482421875 120.90000152587890625 115.75624847412109375 112.75624847412109375 108.61875152587890625 106.3562469482421875 103.40000152587890625 98.52500152587890625 98.71250152587890625 95.61875152587890625 96.71250152587890625 98.4250030517578125 97.15625 93.9875030517578125 89.50624847412109375 86.09999847412109375 83.63124847412109375 82.375
44.84375 50.97499847412109375 56.262500762939453125 60.375 62.22499847412109375 63.58750152587890625 65.55625152587890625 68.34999847412109375 70.33750152587890625 74.65625 77.96250152587890625 81.3000030517578125 85.53749847412109375 85.5 82.6687469482421875 81.3125 81.8562469482421875 84.8312530517578125 90.625 98.3874969482421875 108.63124847412109375 118.3249969482421875 131.1875 137.84375 133.9187469482421875 130.2687530517578125 124.46250152587890625 117.30625152587890625 110.80625152587890625 107.8125 100.625 95.6374969482421875 92.8312530517578125 91.7687530517578125 90.6999969482421875 89.9499969482421875 90.2062530517578125 89.6687469482421875 90.61875152587890625 88.81874847412109375 85.59375 83.9875030517578125 83.25624847412109375 80.0500030517578125
38.68125152587890625 45.049999237060546875 47.66249847412109375 51.606250762939453125 53.512500762939453125 56.043750762939453125 58.11875152587890625 61.518749237060546875 62.44374847412109375 64.9875030517578125 70.99375152587890625 75.1374969482421875 79.7312469482421875 81.75 81.4250030517578125 78.97499847412109375 80.0500030517578125 85.6062469482421875 92.03749847412109375 97.06874847412109375 107.46875 118.0625 128.943756103515625 133.2375030517578125 133.006256103515625 127.18125152587890625 120.8874969482421875 113.7375030517578125 104.6437530517578125 100.03749847412109375 93.11875152587890625 88.0124969482421875 85.43125152587890625 83.71875 82.5500030517578125 84.21875 84.8625030517578125 83.1374969482421875 82.4562530517578125 83.30625152587890625 80.93125152587890625 75.6125030517578125 74.86875152587890625 74.9875030517578125
31.462499618530273438 34.21250152587890625 38.21875 41.731250762939453125 44.168750762939453125 47.53749847412109375 50.52500152587890625 51.918750762939453125 54.6875 60.825000762939453125 67.38124847412109375 72.1374969482421875 76 79.90625 81.0187530517578125 81.40000152587890625 81.25 83.90625 90.93125152587890625 96.00624847412109375 103.6875 113.9375 125.36875152587890625 133.8874969482421875 128.4187469482421875 123 116.90000152587890625 108.0187530517578125 99.4250030517578125 93.625 88.8000030517578125 81.5 78.2687530517578125 77.00624847412109375 76.34999847412109375 76.8625030517578125 78.8312530517578125 77.49375152587890625 75.78749847412109375 77.5124969482421875 77.22499847412109375 73.78749847412109375 70.5749969482421875 69.3937530517578125
24.956249237060546875 25.668750762939453125 29.087499618530273438 31.868749618530273438 34.674999237060546875 39.018749237060546875 42.862499237060546875 45.50624847412109375 49.6875 56.09999847412109375 61.77500152587890625 67.72499847412109375 72.18125152587890625 76.1125030517578125 77.3625030517578125 78.1875 78.72499847412109375 83.31874847412109375 86.90625 93.50624847412109375 101.8625030517578125 108.9187469482421875 120.9250030517578125 124.41249847412109375 121.6875 115.8562469482421875 109.81874847412109375 101.33750152587890625 95.88124847412109375 91.57500457763671875 85.5625 79.93125152587890625 75.4187469482421875 71.1437530517578125 72.0625 72.25 73.9812469482421875 72.40000152587890625 72.31874847412109375 73.2062530517578125 73.2687530517578125 72.34999847412109375 66.2312469482421875 66.2687530517578125
18.950000762939453125 19.550001144409179688 21.649999618530273438 24.106250762939453125 27.381250381469726562 30.625 34.99375152587890625 39.66249847412109375 45.21875 50.66249847412109375 56.90000152587890625 62.90000152587890625 69.1062469482421875 74.15000152587890625 75.7375030517578125 77.0187530517578125 78.9499969482421875 81.8874969482421875 87.08750152587890625 93.28125 98.47499847412109375 104.19374847412109375 111.31874847412109375 113.3874969482421875 111.875 106.49375152587890625 103.4499969482421875 98.46875 92.1875 85.79999542236328125 79.4562530517578125 75.3312530517578125 70.65625 68.6999969482421875 67.1687469482421875 66.97499847412109375 69.5437469482421875 66.8249969482421875 67.16249847412109375 67.1374969482421875 66.21250152587890625 64.21875 62.05625152587890625 63.924999237060546875
16.918750762939453125 16.693750381469726562 18.512500762939453125 20.431249618530273438 22.981250762939453125 26.825000762939453125 30.868749618530273438 36.28749847412109375 41.487499237060546875 47.44374847412109375 53.668750762939453125 60.493747711181640625 67.3249969482421875 73.125 74.3874969482421875 75.08750152587890625 76.66249847412109375 81.3249969482421875 83.0812530517578125 85.55625152587890625 92.6687469482421875 98.19374847412109375 104.1687469482421875 105.74375152587890625 102.6750030517578125 101.6374969482421875 97.5625 92.11875152587890625 86.8562469482421875 80.27500152587890625 74.78749847412109375 70.31874847412109375 67.34375 65.58750152587890625 64.94374847412109375 63.231250762939453125 66.27500152587890625 63.74375152587890625 60.831249237060546875 63.24375152587890625 61.84999847412109375 59.69374847412109375 59.31874847412109375 57.78749847412109375
15.850000381469726562 15.043749809265136719 16.28125 18.043750762939453125 20.212499618530273438 23.725000381469726562 28.0625 32.825000762939453125 37.99375152587890625 44.362499237060546875 50.96250152587890625 57.143749237060546875 65.0437469482421875 68.2062530517578125 70.8625030517578125 74.68125152587890625 77.3312530517578125 79.1374969482421875 81.0187530517578125 84.03125 88.4499969482421875 91.53749847412109375 96.5749969482421875 98.38124847412109375 96.40000152587890625 95.6750030517578125 91.1999969482421875 86.81874847412109375 81.49375152587890625 75.8562469482421875 73 68.875 64.875 61.53749847412109375 60.375 58.99375152587890625 60.66249847412109375 59.68125152587890625 57.16249847412109375 54.875 55.075000762939453125 53.350002288818359375 52.65000152587890625 51.981250762939453125
15.243749618530273438 14.225000381469726562 14.9375 16.53125 18.756250381469726562 22.125 25.931249618530273438 30.181249618530273438 35.581249237060546875 41.05625152587890625 46.450000762939453125 53.06874847412109375 58.90625 65.15625 69.4375 72.6374969482421875 73.375 74.88124847412109375 77.0749969482421875 80.0625 83.41249847412109375 86.99375152587890625 88.90000152587890625 89.47499847412109375 89.8874969482421875 88.21875 85.36875152587890625 81.625 76.65000152587890625 74.7624969482421875 70.53749847412109375 66.0749969482421875 62.674999237060546875 58.91249847412109375 56.825000762939453125 54.69374847412109375 54.637500762939453125 52.36875152587890625 51.606250762939453125 50.3125 50.63124847412109375 49.36875152587890625 48 47.15000152587890625
17.868749618530273438 16.8125 17.387500762939453125 18.493749618530273438 19.625 22.550001144409179688 25.90625 29.799999237060546875 34.28125 39.41249847412109375 45.96250152587890625 51.8125 58.03125 65.5437469482421875 70.21875 71.38124847412109375 71.9875030517578125 74.8625030517578125 76.59999847412109375 78.5812530517578125 79.49375152587890625 81.2624969482421875 83.93125152587890625 84.53749847412109375 83.74375152587890625 82.71875 79.78125 76.1374969482421875 72.9812469482421875 71.1437530517578125 67.93125152587890625 62.58750152587890625 59.518749237060546875 57.268749237060546875 54.15625 51.74375152587890625 49.700000762939453125 47.387500762939453125 46.55625152587890625 47.206249237060546875 47.206249237060546875 45.668750762939453125 43.450000762939453125 42.09999847412109375
20.524999618530273438 19.731250762939453125 20.350000381469726562 20.787500381469726562 21.256250381469726562 23.481250762939453125 26.5625 29.28125 33.19374847412109375 37.55625152587890625 43.75624847412109375 50.93125152587890625 57.456249237060546875 63.22499847412109375 66.9562530517578125 70.5437469482421875 73.28125 74.05625152587890625 73.64374542236328125 75.1437530517578125 76.63124847412109375 77.40625 80.43125152587890625 79.02500152587890625 78.90000152587890625 76.5500030517578125 75.3874969482421875 72.4375 70.8625030517578125 68.3937530517578125 65.9499969482421875 62.331249237060546875 56.768749237060546875 53.36875152587890625 51.137500762939453125 48.72499847412109375 46.168750762939453125 43.61875152587890625 42.893749237060546875 42.637500762939453125 41.46875 41.00624847412109375 39.66249847412109375 36.450000762939453125
23.506250381469726562 22.28125 22.887500762939453125 23.412500381469726562 23.475000381469726562 24.524999618530273438 26.34375 28.918750762939453125 32.53749847412109375 36.49375152587890625 43.450000762939453125 50.99375152587890625 57.9375 66.0812530517578125 70.09375 72.09999847412109375 73.03125 71.49375152587890625 70.6437530517578125 69.0625 72.4499969482421875 71.94374847412109375 73.0187530517578125 72.05625152587890625 73.9875030517578125 72.9187469482421875 71.15000152587890625 67.8874969482421875 66.0124969482421875 63.49375152587890625 61.77500152587890625 59.331249237060546875 53.512500762939453125 49.84999847412109375 46.549999237060546875 44.762500762939453125 41.46875 40.91249847412109375 38.96875 38.518749237060546875 37.331249237060546875 35.825000762939453125 34.97499847412109375 32.96250152587890625
27.768749237060546875 26.418750762939453125 26.643749237060546875 27.131250381469726562 27.318750381469726562 28.193750381469726562 29.493749618530273438 30.96875 33.59999847412109375 36.86875152587890625 41.987499237060546875 51.40000152587890625 59.81874847412109375 66.68125152587890625 70.84375 73.00624847412109375 73.03749847412109375 69.5124969482421875 67.43125152587890625 64.77500152587890625 65.5812530517578125 67.8312530517578125 67.8125 66.94374847412109375 68.46875 67.58750152587890625 66.0124969482421875 63.487499237060546875 62.862499237060546875 60.06874847412109375 57.19374847412109375 54.950000762939453125 50.700000762939453125 46.49375152587890625 42.4375 40.84375 39.768749237060546875 37.418750762939453125 36.206249237060546875 35.918750762939453125 34.737499237060546875 32.887500762939453125 31.768749237060546875 30.918750762939453125
30.887498855590820312 30.71875 30.15625 30.706249237060546875 31.287500381469726562 31.825000762939453125 32.53749847412109375 34.049999237060546875 35.981250762939453125 36.856250762939453125 43.106250762939453125 54.02500152587890625 62.71250152587890625 67.59375 71.40000152587890625 73.0749969482421875 73.3312530517578125 70.2312469482421875 67.1437530517578125 62.19374847412109375 61.33750152587890625 63.71250152587890625 63.21875 63.03125 62.53749847412109375 62.106250762939453125 62.518749237060546875 60.40625 58.362499237060546875 54.825000762939453125 53.674999237060546875 50.38124847412109375 47.137500762939453125 43.8125 39.90000152587890625 38.237499237060546875 37.22499847412109375 36.0625 34.0625 32.612499237060546875 31.350000381469726562 30.587499618530273438 28.725000381469726562 29.806249618530273438
33.1875 33.25 33.46250152587890625 34.456249237060546875 34.668750762939453125 35.262500762939453125 36.237499237060546875 37.387500762939453125 39.56874847412109375 39.84999847412109375 49.0625 59.450000762939453125 65.34999847412109375 70.19374847412109375 71.53749847412109375 72.55625152587890625 72.08750152587890625 69.5500030517578125 66.9250030517578125 62.862499237060546875 60.34375 60.268749237060546875 58.612499237060546875 58.637500762939453125 57.77500152587890625 58.668750762939453125 59.03125 57.0625 55.09999847412109375 51.09999847412109375 48.59999847412109375 47.40625 44.75 40.81874847412109375 37.393749237060546875 36.06874847412109375 34.793750762939453125 33.168750762939453125 33.16249847412109375 31.09375 29.34375 28.90625 26.793750762939453125 25.987499237060546875
