data/historical-monthly-weather-data/wc2.1_cruts4.09_10m_prec_1954-12.asc
ncols        45
nrows        45
xllcorner    -63.500000000000
yllcorner    -7.500000000000
cellsize     0.166666666667
NODATA_value -9999
[rows 20 to 39 of 45, columns 0 to 44 of 45]
297.09375 298.66876220703125 296.787506103515625 295.693756103515625 295.625 295.743743896484375 294.76251220703125 292.962493896484375 291.175018310546875 287.07501220703125 280.806243896484375 275.79998779296875 270.34375 262.51251220703125 250.96875 237.8000030517578125 225.0500030517578125 213.368743896484375 204.5124969482421875 196.2312469482421875 191.1125030517578125 186.2937469482421875 182.600006103515625 185.131256103515625 189.7375030517578125 193.5999908447265625 195.59375 192.743743896484375 186.475006103515625 179.631256103515625 175.1374969482421875 176.1062469482421875 179.243743896484375 184.21875 190.024993896484375 197.3375091552734375 207.4187469482421875 218.162506103515625 225.3625030517578125 227.28125 224.03125 216.899993896484375 211.993743896484375 207.787506103515625 203.162506103515625
291.337493896484375 292.006256103515625 291.64373779296875 293.07501220703125 294.23748779296875 294.837493896484375 295.25 294.793731689453125 293.03125 288.89373779296875 281.79998779296875 275.53125 268.85626220703125 260.037506103515625 249.243743896484375 237.2312469482421875 225.506256103515625 214.34375 204.5625 195.7937469482421875 189.4250030517578125 185.256256103515625 183.3249969482421875 186.1062469482421875 191.1999969482421875 197.774993896484375 204.037506103515625 203.0437469482421875 198.4562530517578125 194.056243896484375 191.0749969482421875 191.193756103515625 192.587493896484375 196.65625 200.943756103515625 207.399993896484375 217.3249969482421875 228.4812469482421875 234.09375 233.462493896484375 230.068756103515625 223.5187530517578125 218.100006103515625 213.5749969482421875 209.318756103515625
286.475006103515625 289.100006103515625 288.149993896484375 289.45001220703125 291.82501220703125 294.462493896484375 295.306243896484375 296.29998779296875 296.28125 291.0625 283.056243896484375 274.63751220703125 267.57501220703125 258.67498779296875 248.024993896484375 236.568756103515625 225.087493896484375 213.6750030517578125 203.662506103515625 193.975006103515625 187.7375030517578125 183.431243896484375 181.037506103515625 184.2312469482421875 190.412506103515625 199.431243896484375 209.46875 210.875 208.03125 206.2062530517578125 205.3874969482421875 206.0124969482421875 207.162506103515625 208.9812469482421875 211.587493896484375 215.2687530517578125 225.537506103515625 240.568756103515625 245.399993896484375 242.306243896484375 237.4187469482421875 230.3312530517578125 224.625 219.743743896484375 214.9875030517578125
282.568756103515625 284.056243896484375 282.79998779296875 284.818756103515625 288.70001220703125 292.5625 295.568756103515625 296.90625 296.431243896484375 290.443756103515625 282.39373779296875 274.57501220703125 267.256256103515625 258.881256103515625 248.15625 236.84375 225.8249969482421875 214.649993896484375 204.0500030517578125 193.8937530517578125 186.225006103515625 180.8625030517578125 177.068756103515625 180.556243896484375 186.6437530517578125 195.350006103515625 205.7375030517578125 211.6750030517578125 214.506256103515625 215.75 217.8625030517578125 219.1999969482421875 221.2937469482421875 222.65625 224.587493896484375 225.899993896484375 235.100006103515625 249.7375030517578125 254.3000030517578125 250.7937469482421875 244.850006103515625 237.4499969482421875 230.493743896484375 224.600006103515625 221.2937469482421875
282.350006103515625 281.756256103515625 279.39373779296875 284.21875 290.51873779296875 293.91876220703125 296.431243896484375 296.568756103515625 294.462493896484375 289.54998779296875 282.318756103515625 274.20623779296875 266.618743896484375 258.21875 248.193756103515625 237.462493896484375 226.6687469482421875 215.6687469482421875 204.6687469482421875 194.0500030517578125 185.15625 177.7375030517578125 172.7937469482421875 175.412506103515625 181.8249969482421875 191.2687530517578125 202.4499969482421875 211.6125030517578125 218.46875 223.6687469482421875 228.7375030517578125 232.131256103515625 235.3874969482421875 237.212493896484375 238.2687530517578125 240.943756103515625 249.068756103515625 257.84375 261.03125 259.03125 253.0749969482421875 245.0625 236.6125030517578125 231.2375030517578125 226
288.587493896484375 290.412506103515625 288.037506103515625 291.568756103515625 294.59375 296.725006103515625 297.337493896484375 296.274993896484375 293.33123779296875 287.82501220703125 280.568756103515625 273.381256103515625 265.61248779296875 257.36248779296875 248.3249969482421875 238.3249969482421875 227.568756103515625 216.6374969482421875 205.5625 194.493743896484375 185.4812469482421875 175.8874969482421875 168.368743896484375 169.15625 177.225006103515625 188.1500091552734375 201.2937469482421875 212.7937469482421875 222.587493896484375 230.556243896484375 237.9375 245.1875 250.3312530517578125 251.9375 253.59375 256.28125 262.681243896484375 269.23126220703125 271.306243896484375 269.818756103515625 264.01873779296875 253.2062530517578125 242.2312469482421875 234.618743896484375 230.8312530517578125
297.67498779296875 300.681243896484375 301.45623779296875 304.15625 305.537506103515625 305.100006103515625 302.287506103515625 298.59375 293.29376220703125 287.850006103515625 281.7874755859375 274.58123779296875 266.431243896484375 258.625 250.15625 241.2062530517578125 231.256256103515625 220.40625 209.287506103515625 197.4250030517578125 187.318756103515625 176.625 167.350006103515625 166.4187469482421875 175.9187469482421875 187.3312530517578125 201.34375 214.243743896484375 226.524993896484375 236.0749969482421875 245.8937530517578125 255.5500030517578125 263.493743896484375 265.975006103515625 268.287506103515625 272 277.08123779296875 282.568756103515625 284.306243896484375 283.78125 278.568756103515625 264.475006103515625 248.806243896484375 238.931243896484375 240.7249908447265625
308.53125 313.100006103515625 316.037506103515625 318.59375 318.431243896484375 315.225006103515625 309.5625 302.243743896484375 294.975006103515625 288.081268310546875 281.04998779296875 274.006256103515625 267.28125 260.14373779296875 252.4187469482421875 243.806243896484375 235.0749969482421875 224.193756103515625 213.375 201.65625 191.34375 180.84375 173.1062469482421875 173.631256103515625 180.5812530517578125 190.5437469482421875 203.6875 216.693756103515625 229.524993896484375 240.1062469482421875 250.5124969482421875 260.53125 269.48748779296875 275.443756103515625 280.149993896484375 285.01873779296875 290.912506103515625 297.006256103515625 299.912506103515625 301.274993896484375 297.79998779296875 281.46875 257.5 245.274993896484375 255.881256103515625
317.89373779296875 324.63751220703125 329.943756103515625 334.375 332.868743896484375 325.10626220703125 315.556243896484375 305.712493896484375 296.65625 287.88751220703125 280.8125 274.524993896484375 268.04998779296875 261.79998779296875 254.443756103515625 247.5749969482421875 239.6687469482421875 229.3874969482421875 218.71875 207.350006103515625 197.0625 187.1750030517578125 180.5 181.306243896484375 187.087493896484375 195.537506103515625 207.837493896484375 220.71875 233.756256103515625 243.993743896484375 254.1062469482421875 263.818756103515625 273.881256103515625 281.881256103515625 289.54376220703125 296.543731689453125 304.399993896484375 311.38751220703125 314.587493896484375 318.037506103515625 318.54998779296875 299.318756103515625 274.1875 265.41876220703125 276.39373779296875
327.693756103515625 335.631256103515625 343.493743896484375 350.625 350.649993896484375 336.54376220703125 322.15625 309.899993896484375 298.756256103515625 288.48748779296875 280.79376220703125 274.10626220703125 269.09375 264.07501220703125 257.8125 251.100006103515625 244.306243896484375 236.1437530517578125 226.1437530517578125 214.806243896484375 204.181243896484375 194.6062469482421875 187.4250030517578125 188.725006103515625 193.9250030517578125 201.506256103515625 211.90625 224.5562591552734375 236.8375091552734375 247.1125030517578125 257.181243896484375 266.943756103515625 278.712493896484375 288.600006103515625 298.368743896484375 306.76873779296875 316.26251220703125 324.475006103515625 328.70001220703125 332.006256103515625 331.3125 318.82501220703125 300.90625 293.82501220703125 295.912506103515625
334.774993896484375 343.506256103515625 351.01251220703125 358.85626220703125 358.100006103515625 340.943756103515625 324.73126220703125 310.306243896484375 297.681243896484375 288.024993896484375 280.04998779296875 274.068756103515625 269.90625 265.33123779296875 259.693756103515625 254.368743896484375 249.462493896484375 241.493743896484375 233.2375030517578125 222.399993896484375 211.381256103515625 201.524993896484375 194.475006103515625 195.681243896484375 200.056243896484375 206.5749969482421875 216.4625091552734375 228.25 239.9187469482421875 250.6062469482421875 260.618743896484375 270.54376220703125 282.90625 294.9375 306.25 316.70001220703125 328.225006103515625 338.118743896484375 342.375 344.26251220703125 345.46875 338.506256103515625 327.9375 318.79376220703125 317.29998779296875
339.35626220703125 346.4375 351.64373779296875 353.91876220703125 349.806243896484375 336.33123779296875 321.46875 306.568756103515625 294.61248779296875 284.61248779296875 277.29998779296875 272.82501220703125 269.787506103515625 266.037506103515625 262.23126220703125 258.068756103515625 252.443756103515625 244.8125 236.912506103515625 227.193756103515625 217.087493896484375 207.4812469482421875 200.006256103515625 201.131256103515625 206.100006103515625 211.774993896484375 220.6687469482421875 231.8874969482421875 243.256256103515625 254.1687469482421875 264.25 274.568756103515625 286.66876220703125 299.962493896484375 313.350006103515625 326.65625 338.875 349.70623779296875 354.79376220703125 358.14373779296875 363.725006103515625 362.82501220703125 359.556243896484375 356.306243896484375 359.20623779296875
340.350006103515625 343.70623779296875 344.66876220703125 344.943756103515625 340.475006103515625 328.381256103515625 313.95623779296875 299.731231689453125 288 279.15625 275.087493896484375 271.67498779296875 270.25 268.943756103515625 265.57501220703125 261.16876220703125 255.2687530517578125 248.756256103515625 239.8625030517578125 230.9437408447265625 221.850006103515625 213.381256103515625 206.4187469482421875 207.193756103515625 211.53125 217.1999969482421875 225.6062469482421875 235.100006103515625 246.256256103515625 256.88751220703125 267.681243896484375 278.462493896484375 291.5625 305.67498779296875 320.25 334.4375 348.125 360.67498779296875 366.90625 375.875 383.76873779296875 388.274993896484375 394.17498779296875 404.29376220703125 424.86248779296875
339.34375 339.51873779296875 338.78125 336.34375 329.95623779296875 318.431243896484375 305.556243896484375 292.206268310546875 280.524993896484375 272.1875 268.693756103515625 269.600006103515625 270.89373779296875 270.07501220703125 267.881256103515625 263.649993896484375 258.57501220703125 252.2375030517578125 243.15625 234.625 226.375 218.3312530517578125 211.556243896484375 212.375 215.8937530517578125 220.9250030517578125 229.375 238.7375030517578125 249.6374969482421875 259.79998779296875 270.631256103515625 282.34375 296.287506103515625 311.40625 326.350006103515625 341.181243896484375 356.787506103515625 369.399993896484375 379.6875 391.568756103515625 402.96875 412.45001220703125 425.26873779296875 444.875 472.89373779296875
336.693756103515625 335.28125 332.76251220703125 327.96875 321.14373779296875 309.41876220703125 296.45001220703125 283.46875 270.6875 263.17498779296875 262.36248779296875 266.45001220703125 271.83123779296875 274.068756103515625 272.28125 268.149993896484375 262.537506103515625 255.6937408447265625 247.375 237.975006103515625 230.90625 222.75 217.0812530517578125 217.3249969482421875 219.881256103515625 224.4812469482421875 232.443756103515625 241.787506103515625 252.1062469482421875 262.431243896484375 273.625 285.649993896484375 300.587493896484375 316.78125 332.33123779296875 346.92498779296875 362.23126220703125 378.243743896484375 391.125 403.48126220703125 417.66876220703125 429.95623779296875 445.98748779296875 467.712493896484375 492.056243896484375
332.381256103515625 329.67498779296875 325.287506103515625 319.399993896484375 311.337493896484375 299.95001220703125 286.431243896484375 272.58123779296875 259.01251220703125 250.337493896484375 252.7375030517578125 262.38751220703125 272.85626220703125 277.475006103515625 276.681243896484375 272.76251220703125 266.83123779296875 259.943756103515625 250.9812469482421875 241.475006103515625 234.693756103515625 228.243743896484375 222.287506103515625 222.2624969482421875 224.7375030517578125 228.381256103515625 235.7937469482421875 244.15625 253.4812469482421875 264.331268310546875 276.21875 288.068756103515625 303.506256103515625 319.13751220703125 334.33123779296875 347.53125 364.125 379.743743896484375 392.38751220703125 405.66876220703125 420.462493896484375 434.912506103515625 450.25 470.131256103515625 487.850006103515625
327.32501220703125 323.868743896484375 318.725006103515625 312.53125 304.625 293.806243896484375 281.493743896484375 266.75 250.318756103515625 236.6125030517578125 245.0437469482421875 265.45001220703125 277.431243896484375 281.70001220703125 281.318756103515625 277.318756103515625 271.568756103515625 264.10626220703125 255.524993896484375 246.068756103515625 239.21875 232.75 227.1875 226.8312530517578125 228.381256103515625 231.6750030517578125 237.875 246.1875 255.3125 266.48126220703125 278.38751220703125 290.39373779296875 305.649993896484375 321.63751220703125 336.20001220703125 350.29998779296875 365.443756103515625 379.85626220703125 390.83123779296875 403.57501220703125 417.67498779296875 431.8125 446.993743896484375 465.17498779296875 477.45623779296875
322.337493896484375 318.96875 314.149993896484375 307.91876220703125 301.149993896484375 290.96875 280.75 267.98126220703125 253.131256103515625 237.15625 259.625 282.462493896484375 288.63751220703125 289.6875 287.76873779296875 283.3125 276.61248779296875 269.38751220703125 260.056243896484375 250.899993896484375 243.125 236.5124969482421875 231.5124969482421875 230.6750030517578125 231.4375 234.1062469482421875 240.568756103515625 248.0437469482421875 256.41876220703125 268.16876220703125 279.625 292.037506103515625 307.13751220703125 322.91876220703125 337.20001220703125 350.506256103515625 364.087493896484375 376.600006103515625 387.581268310546875 398.98748779296875 411.274993896484375 424.368743896484375 437.73126220703125 453.65625 465.1875
321.20001220703125 317.41876220703125 313.024993896484375 307.6875 301.024993896484375 292.33123779296875 284.0625 276.53125 271.21875 277.29998779296875 304.175018310546875 305.087493896484375 301.13751220703125 298.66876220703125 295.26251220703125 290.350006103515625 283.556243896484375 275.04376220703125 265.381256103515625 255.6750030517578125 247.1750030517578125 239.743743896484375 234.59375 233.618743896484375 234.381256103515625 236.693756103515625 242.056243896484375 249.068756103515625 256.8125 268.11248779296875 279.89373779296875 290.381256103515625 303.912506103515625 317.774993896484375 332.04998779296875 344.100006103515625 355.931243896484375 367.23748779296875 376.64373779296875 386.23748779296875 397.65625 407.943756103515625 418.54376220703125 430.79998779296875 439.48126220703125
322.21875 318.006256103515625 313.61248779296875 308.618743896484375 302.96875 296.83123779296875 291.40625 288.95001220703125 289.162506103515625 296.95623779296875 310.71875 314.01251220703125 310.36248779296875 307.25 303.806243896484375 298.212493896484375 291.006256103515625 282.587493896484375 271.662506103515625 261.006256103515625 250.40625 241.625 235.774993896484375 234.068756103515625 235.53125 238.375 243.899993896484375 250.5187530517578125 257.42498779296875 268.337493896484375 278.66876220703125 289.493743896484375 301.86248779296875 313.693756103515625 325.381256103515625 335.006256103515625 345.96875 355.625 363.568756103515625 371.10626220703125 379.71875 388.33123779296875 397.462493896484375 407.037506103515625 414.42498779296875
