data/historical-monthly-weather-data/wc2.1_cruts4.09_10m_prec_1986-05.asc
ncols        45
nrows        45
xllcorner    -63.500000000000
yllcorner    -7.500000000000
cellsize     0.166666666667
NODATA_value -9999
[rows 19 to 37 of 45, columns 0 to 43 of 45]
274.875 281.5 286.08123779296875 289.26251220703125 295.01873779296875 300.850006103515625 302.21875 300.662506103515625 296.70001220703125 291.350006103515625 286.53125 280.11248779296875 273.087493896484375 260.868743896484375 247.8125 230.6062469482421875 216.375 213.6750030517578125 207.96875 206.443756103515625 199.881256103515625 199.0187530517578125 201.9562530517578125 205.5625 206.350006103515625 203.193756103515625 204.0437469482421875 206.7624969482421875 203.2062530517578125 198.006256103515625 198.399993896484375 209.631256103515625 214.5 217.5124969482421875 226.850006103515625 238.6374969482421875 246.5812530517578125 251.693756103515625 253.2687530517578125 251.4250030517578125 240.837493896484375 233.0187530517578125 234.4562530517578125 235.8249969482421875
258.48126220703125 273.962493896484375 282.387481689453125 285.51251220703125 288.087493896484375 296.90625 301.350006103515625 301.48126220703125 298.16876220703125 290.774993896484375 284.63751220703125 279.01251220703125 268.57501220703125 257.57501220703125 242.681243896484375 230.537506103515625 215.1687469482421875 207.743743896484375 206.6437530517578125 201.9250030517578125 204.3249969482421875 204.5999908447265625 204.287506103515625 207.100006103515625 208.9812469482421875 206.125 201.2687530517578125 201.631256103515625 202.53125 203.556243896484375 207.2312469482421875 213.78125 213.524993896484375 215.6750030517578125 222.5437469482421875 233.068756103515625 241.9812469482421875 247.4875030517578125 247.056243896484375 243 238.912506103515625 232.350006103515625 229.75 232.8562469482421875
250.712493896484375 257.71875 270.381256103515625 281.04998779296875 284.70001220703125 289.818756103515625 296.98748779296875 301.07501220703125 299.0625 292.881256103515625 285.581268310546875 276.943756103515625 266.04376220703125 254.3625030517578125 244.625 230.493743896484375 226.78125 217.024993896484375 214.1875 207.618743896484375 202 201.6062469482421875 201.850006103515625 201.4499969482421875 199.287506103515625 200.181243896484375 203.8937530517578125 204.1875 210.2937469482421875 213.1750030517578125 213.181243896484375 213.5437469482421875 216.96875 221.6875 223.9375 229.7312469482421875 238.225006103515625 243.2375030517578125 242.375 239.0124969482421875 236.568756103515625 231.431243896484375 228.787506103515625 229.9812469482421875
243.40625 258.418731689453125 269.318756103515625 279.600006103515625 283.28125 287.087493896484375 285.118743896484375 290.943756103515625 296.649993896484375 292.225006103515625 283.100006103515625 273.73126220703125 267.48126220703125 256.83123779296875 247.225006103515625 236.0812530517578125 228.118743896484375 220.53125 214.65625 208.7375030517578125 205.4562530517578125 199.6687469482421875 198.1125030517578125 197.0124969482421875 198.8249969482421875 198.662506103515625 199.65625 205.431243896484375 212.243743896484375 214.1875 213.0124969482421875 216.5124969482421875 222.46875 225.649993896484375 229.100006103515625 227.475006103515625 231.118743896484375 237.75 241.34375 237.962493896484375 233.7062530517578125 229.975006103515625 227.0625 227.506256103515625
232.6875 249.662506103515625 264.131256103515625 272.1875 275.54376220703125 276.774993896484375 285.01251220703125 288.399993896484375 287.5625 282.59375 277.193756103515625 274.625 267.46875 260.15625 248.65625 237.8249969482421875 229.5749969482421875 223.9375 218.96875 214.09375 206.8249969482421875 201.7375030517578125 197.381256103515625 199.587493896484375 198.875 195.600006103515625 199.125 205.556243896484375 214.0437469482421875 220.600006103515625 225.2937469482421875 230.068756103515625 236.0437469482421875 237.5 238.4875030517578125 232.40625 237.7624969482421875 240.5749969482421875 240.6374969482421875 237.787506103515625 232.306243896484375 230 227.837493896484375 225.46875
227.412506103515625 244.493743896484375 256.78125 268.975006103515625 275.08123779296875 277.98748779296875 278.26873779296875 282.07501220703125 280.243743896484375 277.931243896484375 272.5 267.95623779296875 265.412506103515625 258.287506103515625 246.84375 238.53125 233.4499969482421875 227.0749969482421875 220.5 215.649993896484375 211.0812530517578125 203.8937530517578125 200.8874969482421875 201.399993896484375 200.287506103515625 202.8937530517578125 206.4812469482421875 213.8249969482421875 221.693756103515625 232.131256103515625 238.162506103515625 248.65625 253.1999969482421875 253.21875 247.8312530517578125 243.024993896484375 244.462493896484375 241.024993896484375 239.306243896484375 236.3312530517578125 232.118743896484375 227.837493896484375 225.3000030517578125 220.381256103515625
228.600006103515625 246.4875030517578125 252.15625 262.743743896484375 265.493743896484375 267.381256103515625 267.36248779296875 270.25 265.881256103515625 261.056243896484375 263.61248779296875 262.84375 257.725006103515625 252.6750030517578125 247.65625 239.8874969482421875 235.1750030517578125 229.0500030517578125 222.4375 216.462493896484375 212.225006103515625 205.5062408447265625 202.631256103515625 200.943756103515625 203.0749969482421875 205.4812469482421875 214.537506103515625 222.2624969482421875 229.84375 241.1750030517578125 252.837493896484375 270.53125 275.76873779296875 267.875 258.96875 254.0187530517578125 248.943756103515625 245.0625 237.1750030517578125 232.9187469482421875 229.493743896484375 223.100006103515625 217.662506103515625 215.3312530517578125
230.431243896484375 239.506256103515625 247.8937530517578125 254.7375030517578125 256.631256103515625 258.35626220703125 257.631256103515625 255.8937530517578125 253.8625030517578125 257.287506103515625 257.962493896484375 254.693756103515625 253.0625 250.368743896484375 245.743743896484375 240.9250030517578125 234.524993896484375 226.993743896484375 225.0062408447265625 218.3874969482421875 211.962493896484375 206.6999969482421875 203.8125 205.931243896484375 208.1875 211.4187469482421875 220.28125 228.2687530517578125 237.2687530517578125 246.375 261.912506103515625 279.774993896484375 289.98748779296875 277.256256103515625 264.462493896484375 257.056243896484375 254.5625 247.243743896484375 238.9875030517578125 234.181243896484375 229.087493896484375 222.5124969482421875 216.8625030517578125 211.5749969482421875
234.193756103515625 238.40625 243.34375 244.9562530517578125 247.1374969482421875 249.6687469482421875 249.78125 246.024993896484375 246.412506103515625 249.4562530517578125 249.193756103515625 246.6687469482421875 246.225006103515625 244.09375 242.0812530517578125 235.6374969482421875 232.806243896484375 230.1687469482421875 228.0437469482421875 222.65625 216.1999969482421875 209.2937469482421875 208.600006103515625 209.75 212.8874969482421875 214.975006103515625 224.3562469482421875 232.431243896484375 242.2624969482421875 251.9562530517578125 265.006256103515625 279.11248779296875 284.61248779296875 275.837493896484375 268.28125 260.899993896484375 254.9250030517578125 250.787506103515625 244.3874969482421875 236.0500030517578125 228.662506103515625 223.881256103515625 218.118743896484375 213.625
233.7375030517578125 236.462493896484375 236.7687530517578125 237.0749969482421875 237.5 234.9499969482421875 233.287506103515625 234.993743896484375 239.725006103515625 239.7062530517578125 240.3000030517578125 240.443756103515625 239.8937530517578125 241.2312469482421875 241.7312469482421875 240.037506103515625 237.21875 232.90625 229.34375 224.8249969482421875 219 212.03125 209.6875 210.875 213.818756103515625 214.337493896484375 224.006256103515625 234.368743896484375 243.9562530517578125 251.6374969482421875 262.556243896484375 270.9375 273.225006103515625 268.9375 267.056243896484375 261.212493896484375 256.85626220703125 250.8249969482421875 244.3874969482421875 235.9187469482421875 224.9375 217.7687530517578125 216.375 216.787506103515625
232.912506103515625 232.681243896484375 229.1125030517578125 224.587493896484375 222.743743896484375 223.818756103515625 223.212493896484375 227.443756103515625 230.1750030517578125 229.1125030517578125 231.3312530517578125 233.0500030517578125 234.4812469482421875 237.59375 238.8874969482421875 238.5625 236.5187530517578125 236.2624969482421875 231.5812530517578125 224.7312469482421875 219.350006103515625 214.475006103515625 211.3562469482421875 211.2687530517578125 211.381256103515625 216.3874969482421875 222.46875 228.6062469482421875 237.381256103515625 245.0187530517578125 254.556243896484375 260.03125 262.574981689453125 262.993743896484375 263.34375 257.475006103515625 259.024993896484375 254.9187469482421875 247.4375 244.462493896484375 237.6687469482421875 229.100006103515625 222.693756103515625 218.625
231.443756103515625 227.9499969482421875 221.1437530517578125 217.3937530517578125 215.5812530517578125 215.712493896484375 217.8249969482421875 218.9250030517578125 221.524993896484375 222.8125 224.9375 225.9187469482421875 231.15625 231.71875 233.943756103515625 236.6125030517578125 237.225006103515625 234.9875030517578125 232.125 227.993743896484375 219.756256103515625 213.412506103515625 210.318756103515625 208.1374969482421875 208.318756103515625 214.837493896484375 219.2624969482421875 223.3249969482421875 231.256256103515625 236.9875030517578125 246.118743896484375 248.9499969482421875 251.8625030517578125 254.693756103515625 255.9312591552734375 251.212493896484375 253.5625 254.931243896484375 252.743743896484375 248.6062469482421875 246.993743896484375 237.774993896484375 230.2312469482421875 222.3562469482421875
224.4562530517578125 218.9187469482421875 212.787506103515625 209.725006103515625 209.1062469482421875 207.5812530517578125 212 210.1999969482421875 212.21875 213.118743896484375 215.2312469482421875 216.037506103515625 221.037506103515625 225.8249969482421875 228.34375 232.818756103515625 231.149993896484375 228.818756103515625 226.568756103515625 223.6437530517578125 215.09375 209.53125 205.6875 205.0625 208.6875 211.5749969482421875 215.6125030517578125 217.7937469482421875 221.6687469482421875 228.0124969482421875 231.931243896484375 236.193756103515625 238.84375 242.6875 246.850006103515625 245.1374969482421875 247.2312469482421875 251.0187530517578125 249.3937530517578125 252.1437530517578125 251.2624969482421875 244.3562469482421875 238.0749969482421875 234.306243896484375
214.1062469482421875 210.068756103515625 204.475006103515625 203.087493896484375 200.3562469482421875 198.7624969482421875 201.09375 200.6750030517578125 202.53125 205.337493896484375 211.243743896484375 212.75 217.0749969482421875 223.131256103515625 224.7375030517578125 225.6750030517578125 224.6875 225.256256103515625 220.5437469482421875 217.3937530517578125 208.899993896484375 204.774993896484375 199.8562469482421875 201.0749969482421875 203.6125030517578125 206.7687530517578125 208.5124969482421875 210.875 212.1374969482421875 216.2937469482421875 220.7624969482421875 223.618743896484375 225.2062530517578125 232.975006103515625 236.912506103515625 240.3937530517578125 240.40625 244.9875030517578125 244.7312469482421875 251.125 250.962493896484375 248.6875 244.9562530517578125 244.506256103515625
204.225006103515625 199.6750030517578125 197.649993896484375 196.0749969482421875 195.28125 192.375 192.09375 190.6750030517578125 191.756256103515625 194.618743896484375 199.8375091552734375 205.9812469482421875 209.6062469482421875 213.5124969482421875 217.125 220.4812469482421875 220.868743896484375 219.912506103515625 213.5625 208.4812469482421875 203.5749969482421875 200.0187530517578125 195.493743896484375 194.587493896484375 197.0625 198.4375 198.9812469482421875 200.0437469482421875 202.8125 205.9875030517578125 209.59375 211.912506103515625 215.181243896484375 220.024993896484375 226.125 229.40625 233.03125 234.350006103515625 238.9375 243.8874969482421875 244.912506103515625 247.649993896484375 250.125 251.850006103515625
193.193756103515625 189.5374908447265625 189.1125030517578125 189.556243896484375 189.412506103515625 186.3625030517578125 182.2937469482421875 181.09375 179.1437530517578125 182.6374969482421875 189.5187530517578125 196.6062469482421875 204.568756103515625 211.2937469482421875 213.9812469482421875 215.8625030517578125 215.274993896484375 213.943756103515625 207.899993896484375 200.462493896484375 196.0500030517578125 191.1750030517578125 188.53125 187.2312469482421875 188.350006103515625 189.337493896484375 191.8937530517578125 193.4562530517578125 195.1125030517578125 198.4187469482421875 199.899993896484375 201.537506103515625 202.868743896484375 208.6125030517578125 209.0749969482421875 214.3312530517578125 216.4187469482421875 225.443756103515625 230.3312530517578125 234.068756103515625 236.7937469482421875 238.2375030517578125 242.306243896484375 248.0749969482421875
185.375 183.6750030517578125 181.7687530517578125 181.318756103515625 180.1687469482421875 177.131256103515625 172.462493896484375 171.46875 169.8874969482421875 170.256256103515625 175.65625 187.443756103515625 199.056243896484375 205.149993896484375 209.162506103515625 209.9250030517578125 208.9187469482421875 204.6437530517578125 200.8312530517578125 193.462493896484375 189.5500030517578125 185.2312469482421875 182.024993896484375 181.149993896484375 180.774993896484375 180.4499969482421875 184.618743896484375 186.4187469482421875 185.556243896484375 187.90625 190.024993896484375 191.2937469482421875 192.1500091552734375 193.256256103515625 195.1750030517578125 198.78125 207.84375 211.350006103515625 216.506256103515625 224.28125 226.4812469482421875 231.756256103515625 234.3000030517578125 239.9875030517578125
178.9187469482421875 178.649993896484375 176.53125 175.649993896484375 175.193756103515625 170.8312530517578125 166.943756103515625 163.225006103515625 160.5 156.274993896484375 167.7375030517578125 187.756256103515625 197.8874969482421875 202.274993896484375 204.46875 204.4499969482421875 201.381256103515625 196.3937530517578125 192.462493896484375 184.34375 181.662506103515625 178.1999969482421875 173.9812469482421875 172.6999969482421875 172.2624969482421875 173.4250030517578125 175.5437469482421875 176.4250030517578125 175.7937469482421875 178.65625 181.600006103515625 183.7937469482421875 183.65625 181.9375 184.243743896484375 190.1875 196.6062469482421875 202.381256103515625 205.9499969482421875 210.537506103515625 213.1374969482421875 215.875 224.2062530517578125 231.3000030517578125
173.5 173.0187530517578125 172.8062591552734375 171.28125 171.7312469482421875 168.506256103515625 164.931243896484375 160.306243896484375 157.6125030517578125 153.350006103515625 174.9187469482421875 195.1374969482421875 200.3874969482421875 202.975006103515625 202.462493896484375 200.587493896484375 196.193756103515625 191.7375030517578125 185.412506103515625 179.225006103515625 173.943756103515625 170.725006103515625 167.0437469482421875 165.337493896484375 164.318756103515625 164.5 164.4375 168.6374969482421875 169.3312530517578125 170.431243896484375 171.78125 174.0124969482421875 175.087493896484375 172.181243896484375 171.1875 177.1687469482421875 185.34375 190.287506103515625 197.1437530517578125 199.375 202.6374969482421875 206.3937530517578125 208.243743896484375 211.6437530517578125
