data/historical-monthly-weather-data/wc2.1_cruts4.09_10m_prec_2009-11.asc
ncols        45
nrows        45
xllcorner    -63.500000000000
yllcorner    -7.500000000000
cellsize     0.166666666667
NODATA_value -9999
[rows 0 to 19 of 45, columns 0 to 43 of 45]
208.024993896484375 210.84375 203.84375 200.431243896484375 196.2062530517578125 190.9124908447265625 183.875 177.024993896484375 171.0187530517578125 164.1875 157.600006103515625 150.78125 144.4812469482421875 136.375 130.9812469482421875 125.46875 120.47499847412109375 115.0812530517578125 110.21875 106.1125030517578125 102.06874847412109375 98.0812530517578125 94.7937469482421875 91.55625152587890625 89.0124969482421875 87.1875 87.6437530517578125 88.4375 88.625 87.1999969482421875 85.8562469482421875 85.0812530517578125 83.69374847412109375 82.86875152587890625 81.7937469482421875 81.59375 81.65000152587890625 81.43125152587890625 81.4187469482421875 81.56874847412109375 81.11875152587890625 81.5749969482421875 81.15625 80.8312530517578125
212.649993896484375 215.3562469482421875 212.6437530517578125 211.75 211.787506103515625 206.993743896484375 199.943756103515625 195.1437530517578125 188.90625 181.1062469482421875 173.5124969482421875 164.850006103515625 156.0812530517578125 147.493743896484375 140.068756103515625 134.1687469482421875 127.53125 122.58750152587890625 117.8312530517578125 113.81874847412109375 109.3562469482421875 105.02500152587890625 101.53125 98.46875 94.5124969482421875 91.625 91.2937469482421875 90.8312530517578125 90.15625 87.82500457763671875 85.6687469482421875 84.11875152587890625 81.80625152587890625 81.19374847412109375 80.24375152587890625 79.9875030517578125 80.03749847412109375 79.8874969482421875 79.73125457763671875 79.84375 79.86875152587890625 80.0625 80.05625152587890625 79.02500152587890625
210.1125030517578125 213.4562530517578125 211.943756103515625 211.3625030517578125 213.0500030517578125 210.03125 208.1062469482421875 205.4250030517578125 201.475006103515625 194.806243896484375 186.34375 176.524993896484375 167.1062469482421875 157.462493896484375 149.024993896484375 141.556243896484375 134.806243896484375 129.631256103515625 124.0437469482421875 119.44374847412109375 114.3874969482421875 109.33750152587890625 105.1062469482421875 101.4375 97.08750152587890625 93.1999969482421875 92.0625 91.1875 89.56874847412109375 86.53749847412109375 84.57500457763671875 82.4499969482421875 81.3000030517578125 80.25 79.5437469482421875 78.9562530517578125 78.7937469482421875 79.3312530517578125 79.2687530517578125 79.46250152587890625 79.28749847412109375 78.97499847412109375 78.7937469482421875 78.1062469482421875
201.625 204.34375 206.493743896484375 206.8562469482421875 210.09375 210.056243896484375 210.5812530517578125 212.5812530517578125 212.3125 208.125 199.375 187.9562530517578125 177.3125 166.7687530517578125 157.7312469482421875 149.6687469482421875 142.631256103515625 136.287506103515625 130.506256103515625 125.9375 120.1999969482421875 114.09999847412109375 108.2375030517578125 103.27500152587890625 98.30625152587890625 93.91249847412109375 92.15000152587890625 89.8312530517578125 88.05625152587890625 85.375 82.9499969482421875 81.03125 79.2687530517578125 78.2624969482421875 77.4499969482421875 77.875 78.21250152587890625 78.52500152587890625 78.59375 78.55625152587890625 77.63124847412109375 77.72499847412109375 76.86875152587890625 75.9187469482421875
198.3000030517578125 197.8499908447265625 194.587493896484375 197.9187469482421875 204.6875 207.8249969482421875 211.243743896484375 216.943756103515625 221 220.693756103515625 209.78125 195.5250091552734375 184.2062530517578125 174.368743896484375 165.15625 157.28125 149.6062469482421875 143.3625030517578125 136.96875 130.78125 125.21250152587890625 118.21250152587890625 111.53749847412109375 106.15625 99.40000152587890625 94 90.36875152587890625 88.3625030517578125 86.58124542236328125 83.0749969482421875 80.40625 78.4187469482421875 76.97499847412109375 76.24375152587890625 75.7375030517578125 76.2312469482421875 76.8249969482421875 77.3937530517578125 77.74375152587890625 76.71250152587890625 75.83750152587890625 75.13124847412109375 74.38124847412109375 73.4250030517578125
192.1125030517578125 192.15625 189.287506103515625 186.7937469482421875 194.8625030517578125 202.125 207.375 212.318756103515625 216.3937530517578125 218.125 207.212493896484375 194.1125030517578125 184.6374969482421875 175.8874969482421875 167.1999969482421875 159.4562530517578125 152.8000030517578125 146.76251220703125 141.2312469482421875 134.5500030517578125 127.7312469482421875 120.625 113.3000030517578125 106.1750030517578125 99.4499969482421875 92.96875 89.15000152587890625 86.3562469482421875 84.03125 80.44374847412109375 77.2624969482421875 76.1062469482421875 74.6750030517578125 74.28125 73.77500152587890625 74.65000152587890625 75.3874969482421875 76.1374969482421875 76.65000152587890625 75.625 73 72.1437530517578125 71.11875152587890625 70.24375152587890625
187.5749969482421875 189.524993896484375 187.15625 184.806243896484375 188.537506103515625 192.4562530517578125 197.225006103515625 201.024993896484375 201.225006103515625 198.100006103515625 194.28125 187.03125 181.1875 174.71875 168.1999969482421875 162.0500030517578125 156.03125 150.0625 143.6812591552734375 138.6687469482421875 131.0625 122.9250030517578125 114.88124847412109375 106.66249847412109375 98.99375152587890625 92.3312530517578125 87.75624847412109375 84.125 80.4375 77.0437469482421875 74.44374847412109375 72.8625030517578125 71.96250152587890625 71.8312530517578125 71.88124847412109375 72.3562469482421875 72.78749847412109375 73.7062530517578125 75.0437469482421875 73.2687530517578125 69.78749847412109375 68.375 67.1687469482421875 65.99375152587890625
185.1374969482421875 186.537506103515625 185.71875 186.649993896484375 189.850006103515625 190.5812530517578125 188.993743896484375 185.306243896484375 180.03125 177.837493896484375 180.056243896484375 178.8937530517578125 176.431243896484375 172.600006103515625 168.024993896484375 163.8125 158.6437530517578125 152.75 147.068756103515625 141.4562530517578125 134.5625 126.0812530517578125 116.53749847412109375 107.4250030517578125 99.4812469482421875 90.8625030517578125 85.50624847412109375 80.97499847412109375 77.24375152587890625 73.41249847412109375 70.7375030517578125 69.7312469482421875 69.125 68.93125152587890625 69.05625152587890625 69.16249847412109375 69.72499847412109375 69.88124847412109375 69.49375152587890625 67.46250152587890625 64.34375 62.88124847412109375 61.53749847412109375 60.106250762939453125
183.9875030517578125 186.537506103515625 187.5625 189.0124969482421875 191.2624969482421875 190.556243896484375 187.6374969482421875 182.037506103515625 171.1125030517578125 165.256256103515625 169.6750030517578125 171.181243896484375 171.181243896484375 169.056243896484375 166.3062591552734375 163 158.9812469482421875 154.318756103515625 151.037506103515625 145.5437469482421875 136.4562530517578125 127.58750152587890625 117.0812530517578125 108.59375 99.36875152587890625 89.96250152587890625 83.69374847412109375 79.0187530517578125 74.9375 70.34999847412109375 67.97499847412109375 67.41249847412109375 66.34375 65.72499847412109375 65.41249847412109375 65.65625 65.8562469482421875 65.59999847412109375 64.47499847412109375 62.674999237060546875 59.793750762939453125 57.99375152587890625 56.731250762939453125 55.293750762939453125
183.5500030517578125 185.681243896484375 187.2937469482421875 189.4875030517578125 192.2624969482421875 192.2375030517578125 188.506256103515625 182.0875091552734375 173.756256103515625 168.9875030517578125 168.556243896484375 167.1437530517578125 167.53125 165.96875 163.8937530517578125 161.818756103515625 159.100006103515625 156.2937469482421875 153.587493896484375 150.037506103515625 140.5625 130.15625 118.41249847412109375 108.81874847412109375 98.33750152587890625 88.8874969482421875 82.86875152587890625 77.4250030517578125 72.68125152587890625 67.6062469482421875 65.18125152587890625 64.4875030517578125 63.41249847412109375 62.81874847412109375 62.393749237060546875 62.49375152587890625 62.59999847412109375 61.737499237060546875 60.387500762939453125 58.40625 55.862499237060546875 54.043750762939453125 52.200000762939453125 50.21250152587890625
183.6125030517578125 185.899993896484375 187.225006103515625 189.537506103515625 192.306243896484375 194.318756103515625 191.649993896484375 184.524993896484375 176.681243896484375 171.306243896484375 169.4875030517578125 166.9250030517578125 165.2687530517578125 163.318756103515625 161.2062530517578125 159.4562530517578125 158.1062469482421875 156.806243896484375 155.6125030517578125 154.03125 147.181243896484375 135.037506103515625 120.9187469482421875 107.84375 97.7062530517578125 89.0187530517578125 82.9187469482421875 77.40000152587890625 71.84375 66.59375 64.01250457763671875 62.887500762939453125 61.8125 60.84999847412109375 59.84375 59.356250762939453125 58.875 58.018749237060546875 57.012500762939453125 54.987499237060546875 52.27500152587890625 50.375 48.450000762939453125 46.393749237060546875
184.2375030517578125 186.3874969482421875 187.743743896484375 190.96875 193.881256103515625 195.912506103515625 194.5124969482421875 187.2937469482421875 179.4499969482421875 173.649993896484375 169.943756103515625 166.8937530517578125 162.662506103515625 159.8625030517578125 157.9562530517578125 156.5124969482421875 155.90625 155.243743896484375 155.78125 156.7937469482421875 151.899993896484375 139.6437530517578125 123.90000152587890625 109.25624847412109375 97.7624969482421875 88.6687469482421875 82.3562469482421875 77.0124969482421875 72.41249847412109375 67.36875152587890625 63.924999237060546875 61.8125 60.05625152587890625 58.575000762939453125 57.53749847412109375 56.94374847412109375 56.25624847412109375 55.543750762939453125 54.299999237060546875 52.487499237060546875 50.19374847412109375 48.08750152587890625 45.981250762939453125 43.862499237060546875
184.53125 187.1687469482421875 188.6687469482421875 190.6750030517578125 192.537506103515625 193.6687469482421875 191.5187530517578125 186.1687469482421875 179.21875 173.993743896484375 169.506256103515625 166.087493896484375 161.443756103515625 155.2062530517578125 152.524993896484375 151.53125 151.5437469482421875 152.8874969482421875 154.4875030517578125 156.0124969482421875 152.6374969482421875 140.837493896484375 124.53749847412109375 110.6750030517578125 97.94374847412109375 87.8874969482421875 82.53125 77.30625152587890625 72.8312530517578125 67.9812469482421875 64.125 61.231250762939453125 58.487499237060546875 56.41249847412109375 55.0625 54.36875152587890625 53.706249237060546875 52.950000762939453125 52.09375 50.06874847412109375 48.1875 46.231250762939453125 43.44374847412109375 39.487499237060546875
184.34375 185.8125 187.0749969482421875 188.475006103515625 189.9875030517578125 189.2687530517578125 187.162506103515625 183.4749908447265625 178.381256103515625 172.899993896484375 167.9499969482421875 162.09375 156.8625030517578125 150.725006103515625 145.3874969482421875 144.4499969482421875 145.256256103515625 146.8562469482421875 148.6687469482421875 149.631256103515625 145.193756103515625 134.943756103515625 121.6125030517578125 109.3125 98.15625 88.84999847412109375 83.78749847412109375 78.65000152587890625 73.6750030517578125 68.4812469482421875 64.38124847412109375 60.856250762939453125 57.27500152587890625 54.456249237060546875 52.987499237060546875 52.4375 51.762500762939453125 51.53749847412109375 50.262500762939453125 48.69374847412109375 46.28125 42.91249847412109375 39.53749847412109375 37.106250762939453125
182.3937530517578125 183.868743896484375 185.1750030517578125 186.462493896484375 187.493743896484375 186.2687530517578125 184.681243896484375 181.506256103515625 176.2687530517578125 170.662506103515625 165.0625 158.568756103515625 151.943756103515625 145.0812530517578125 137.71875 135.975006103515625 137.381256103515625 139.5437469482421875 141.7062530517578125 142.5625 137.743743896484375 129.118743896484375 118.50624847412109375 108.8874969482421875 100.15000152587890625 92.13124847412109375 86.556243896484375 80.95624542236328125 75.5437469482421875 69.6437530517578125 64.78749847412109375 60.52500152587890625 56.69374847412109375 53.49375152587890625 51.28749847412109375 50.487499237060546875 50.331249237060546875 50.5625 49.40000152587890625 46.72499847412109375 43.018749237060546875 40.549999237060546875 38.637500762939453125 36.987499237060546875
179.3249969482421875 180.8125 182.712493896484375 183.8937530517578125 184.912506103515625 184.0187530517578125 181.6999969482421875 178.649993896484375 174.431243896484375 169.756256103515625 163.46875 156.125 148.7687530517578125 140.337493896484375 132.0625 126.96875 129.9812469482421875 133.78125 135.9499969482421875 136.631256103515625 132.587493896484375 125.4250030517578125 116.41249847412109375 108.6875 101.72499847412109375 95.65000152587890625 90.47499847412109375 84.375 77.58750152587890625 70.68125152587890625 65.19374847412109375 60.59375 56.15625 52.887500762939453125 49.84375 49.50624847412109375 49.799999237060546875 48.737499237060546875 46.91249847412109375 43.90000152587890625 40.94374847412109375 39.38124847412109375 37.875 35.706249237060546875
175.743743896484375 178.2687530517578125 179.693756103515625 180.943756103515625 182.4250030517578125 181.34375 179.8000030517578125 176.7312469482421875 172.931243896484375 168.1125030517578125 162.412506103515625 154.96875 146.806243896484375 138.274993896484375 130.587493896484375 125.78749847412109375 125.1875 127.9812469482421875 131 132.3874969482421875 128.850006103515625 122.61875152587890625 114.84375 108.03125 102.6875 98.8625030517578125 95.0124969482421875 87.49375152587890625 78.7937469482421875 71.375 65.72499847412109375 61.700000762939453125 56.65000152587890625 52.71875 51.106250762939453125 51.481250762939453125 50.34375 49.356250762939453125 47.331249237060546875 43.46250152587890625 40.40625 39.049999237060546875 36.950000762939453125 35.518749237060546875
170.875 173.8312530517578125 176.09375 177.9375 179.1750030517578125 179.3125 178.2687530517578125 175.4562530517578125 171.8937530517578125 167.193756103515625 161.600006103515625 154.306243896484375 145.4187469482421875 137.75 131.6125030517578125 126.9250030517578125 124.53749847412109375 123.28125 127.15000152587890625 129.056243896484375 127.0812530517578125 120.9250030517578125 113.8874969482421875 108.55625152587890625 104.55625152587890625 101.3874969482421875 99.44374847412109375 90.28125 79.5749969482421875 70.6999969482421875 64.6437530517578125 60.58750152587890625 57.450000762939453125 55.75 54.356250762939453125 52.081249237060546875 51.05625152587890625 49.77500152587890625 46.625 44.08750152587890625 40.862499237060546875 39.18125152587890625 37.418750762939453125 35.950000762939453125
165.381256103515625 169.587493896484375 172.131256103515625 174.4499969482421875 176.5437469482421875 176.8125 175.787506103515625 174.056243896484375 171.3312530517578125 167.6999969482421875 161.975006103515625 154.3125 145.681243896484375 138.3874969482421875 131.8874969482421875 127.4187469482421875 124.5437469482421875 121.8000030517578125 122.9562530517578125 125.1437530517578125 125.40000152587890625 122.25 112.99375152587890625 108.55625152587890625 105.31874847412109375 102.13124847412109375 98.28125 89.93125152587890625 79.94374847412109375 70.43125152587890625 63.40000152587890625 61.09375 60.5625 58.456249237060546875 55.71250152587890625 54.106250762939453125 52.13124847412109375 49.96250152587890625 47.46875 44.700000762939453125 41.61875152587890625 40.4375 38.33750152587890625 36.625
159.462493896484375 164.5812530517578125 167.2624969482421875 170.193756103515625 172.7687530517578125 173.8249969482421875 173.662506103515625 172.46875 170.8625030517578125 168.3562469482421875 164.068756103515625 156.962493896484375 148.59375 140.15625 133.6125030517578125 127.93125152587890625 122.6125030517578125 121.5 121.58750152587890625 122.8125 121.5437469482421875 117.20624542236328125 112.4187469482421875 108.4250030517578125 104.6062469482421875 99.875 94.5812530517578125 88.46250152587890625 79.5625 70.78749847412109375 65.11875152587890625 64.7312469482421875 63.09375 61.21250152587890625 58.71875 56.21250152587890625 53.81874847412109375 51.43125152587890625 48.56874847412109375 45.49375152587890625 42.481250762939453125 41.043750762939453125 39.06874847412109375 37.487499237060546875
