data/historical-monthly-weather-data/wc2.1_cruts4.09_10m_prec_1952-08.asc
ncols        45
nrows        45
xllcorner    -63.500000000000
yllcorner    -7.500000000000
cellsize     0.166666666667
NODATA_value -9999
[rows 0 to 18 of 45, columns 0 to 43 of 45]
154.0 152.3249969482421875 152.881256103515625 157.818756103515625 164.03125 173.3625030517578125 178.2312469482421875 185.2062530517578125 192.1374969482421875 196.943756103515625 195.75 196.9250030517578125 200.3125 199.5749969482421875 199.0812530517578125 194.1875 191.9499969482421875 187.881256103515625 183.375 183.631256103515625 182.3937530517578125 178.725006103515625 175.212493896484375 170.600006103515625 164.2624969482421875 158.1875 154.28125 152.1125030517578125 143.412506103515625 141.256256103515625 134.6875 132.8249969482421875 131.6437530517578125 127.8312530517578125 125.8625030517578125 125.8312530517578125 124.53125 124.9812469482421875 126.8312530517578125 127.63124847412109375 129.181243896484375 132.5187530517578125 132.899993896484375 133.0625
148.524993896484375 145.274993896484375 148.8000030517578125 153.90625 161.087493896484375 169.0124969482421875 171.506256103515625 177.6875 185.7375030517578125 191.024993896484375 192.443756103515625 195.6062469482421875 195.287506103515625 192.868743896484375 190.9499969482421875 190.131256103515625 185.8562469482421875 181.3625030517578125 177.8625030517578125 176.5 174.662506103515625 170.8125 167.3874969482421875 164.443756103515625 158.1374969482421875 151.0812530517578125 149.912506103515625 146.131256103515625 138.399993896484375 135.399993896484375 133.1875 131.09375 129.881256103515625 128.912506103515625 126.5437469482421875 125.36875152587890625 121.8562469482421875 124.00624847412109375 124.53125 125.21875 129.6062469482421875 131.306243896484375 133.8874969482421875 135.6374969482421875
141.5124969482421875 141.162506103515625 146.28125 153.4000091552734375 160.806243896484375 167.625 172.0500030517578125 177.118743896484375 182.475006103515625 186.506256103515625 190.225006103515625 192.725006103515625 191.3874969482421875 186.4187469482421875 183.5187530517578125 181.443756103515625 178.53125 174.0500030517578125 170.5437469482421875 166.8625030517578125 167.037506103515625 166.65625 164.056243896484375 162.431243896484375 154.8000030517578125 149.600006103515625 149.493743896484375 143.4187469482421875 135.756256103515625 133.975006103515625 130.2062530517578125 128.2624969482421875 127.3874969482421875 127.49375152587890625 124.0437469482421875 119.90625 118.2687530517578125 119.75 119.56874847412109375 122.1125030517578125 127.96875 131.006256103515625 135.7624969482421875 137.03125
135.2062530517578125 133.75 141.2624969482421875 149.7937469482421875 156.1062469482421875 162.1374969482421875 167.84375 173.3000030517578125 181.2062530517578125 184.806243896484375 185.6374969482421875 185.25 184.287506103515625 179.2687530517578125 175.837493896484375 172.681243896484375 170.537506103515625 167.2624969482421875 164.3312530517578125 165.3625030517578125 164.7312469482421875 162.75 160.1374969482421875 159.0875091552734375 153.056243896484375 147.7375030517578125 146.1750030517578125 137.2687530517578125 130.7312469482421875 129.431243896484375 126.6875 123.33750152587890625 120.5437469482421875 118.8000030517578125 116.5749969482421875 114.6875 115.84375 115.6999969482421875 114.3312530517578125 118.8249969482421875 123.21875 129.631256103515625 134.59375 138.8312530517578125
141.6374969482421875 136.65625 135.975006103515625 141.75 150.5749969482421875 155.8937530517578125 160.4375 169.368743896484375 179.0749969482421875 182.524993896484375 181.125 178.9562530517578125 177.0812530517578125 173.40625 168.8937530517578125 166.068756103515625 162.4187469482421875 158.5625 156.131256103515625 158.5500030517578125 161.8937530517578125 158.1374969482421875 156.818756103515625 158.0749969482421875 150.5500030517578125 144.431243896484375 139.256256103515625 134.5625 128.0625 123.71250152587890625 123.5812530517578125 119.3125 117.6999969482421875 116.6374969482421875 114.50624847412109375 111.0437469482421875 110.03749847412109375 110.09999847412109375 109.0437469482421875 111.66249847412109375 119.1125030517578125 125.5812530517578125 133.9562530517578125 138.881256103515625
143.59375 138.7062530517578125 136.09375 133.024993896484375 140.412506103515625 151.818756103515625 158.21875 164.4187469482421875 174.212493896484375 177.375 173.193756103515625 170.8125 170.0625 167.337493896484375 162.8000030517578125 160.4375 155.53125 150.9187469482421875 151.03125 153.693756103515625 157.0812530517578125 156.818756103515625 156.4250030517578125 151.7687530517578125 147.618743896484375 142.7624969482421875 137.3625030517578125 131.3000030517578125 125.78125 120.09999847412109375 119.09999847412109375 117.34375 113.83750152587890625 113.03125 109.2312469482421875 108.00624847412109375 105.43125152587890625 103.0437469482421875 103.56874847412109375 107.75624847412109375 112.00624847412109375 119.5 127.99375152587890625 136.3562469482421875
146.193756103515625 142.9375 140.53125 138.09375 139.912506103515625 144.71875 150.0812530517578125 155.631256103515625 157.3125 160.75 160.9250030517578125 160.84375 162.7624969482421875 160.975006103515625 158.625 156.1062469482421875 151.4499969482421875 148.4250030517578125 147.25 151.4875030517578125 153.649993896484375 154.868743896484375 154.743743896484375 151.2687530517578125 146.2687530517578125 142.1750030517578125 135.9312591552734375 128.568756103515625 120.2937469482421875 117.72499847412109375 115.0749969482421875 111.72499847412109375 110.19374847412109375 108.9187469482421875 105.9375 103.22499847412109375 99.3874969482421875 97.34999847412109375 98.56874847412109375 102.4187469482421875 105.80625152587890625 112.6687469482421875 122.0124969482421875 132.2312469482421875
149.5187530517578125 144.8874969482421875 144.975006103515625 144.0124969482421875 146.662506103515625 151.0749969482421875 148.868743896484375 141.5500030517578125 137.9375 141.5 149.0187530517578125 151.2937469482421875 153.34375 153.462493896484375 152.8937530517578125 150.631256103515625 147.943756103515625 145.7062530517578125 144.5 147.412506103515625 151.6374969482421875 153.5749969482421875 152.006256103515625 147.8562469482421875 145.3562469482421875 139.3562469482421875 131.8625030517578125 124.9812469482421875 117.8125 112.2312469482421875 111.5124969482421875 107.84375 104.74375152587890625 104.18125152587890625 99.65000152587890625 96.29375457763671875 92.6437530517578125 89.8249969482421875 89.65000152587890625 91.50624847412109375 95.2312469482421875 102.30625152587890625 110.59375 118.90000152587890625
152.431243896484375 148.4812469482421875 149.475006103515625 147.34375 148.274993896484375 149.806243896484375 148.6374969482421875 143.25 133.5437469482421875 130.3125 136.0124969482421875 139.46875 145.9562530517578125 146.9250030517578125 146.9250030517578125 145.631256103515625 146.306243896484375 145.7624969482421875 148.3312530517578125 147.96875 150.1125030517578125 152.90625 150.6687469482421875 150.5 146.21875 137.84375 127.53749847412109375 122.3125 115.46250152587890625 109.90000152587890625 108.69374847412109375 102.8562469482421875 98.1125030517578125 94.28749847412109375 91.15000152587890625 89.68125152587890625 87.11875152587890625 84.68125152587890625 83.3312530517578125 84.2687530517578125 86.22499847412109375 90.19374847412109375 95.25624847412109375 100.68125152587890625
153.875 150.662506103515625 150.46875 150.181243896484375 150.7937469482421875 151.524993896484375 152.6750030517578125 146.962493896484375 139.0124969482421875 137.6750030517578125 138.162506103515625 136.568756103515625 141.587493896484375 143.631256103515625 142.40625 142.6687469482421875 142.5124969482421875 145.46875 148.3562469482421875 150.5812530517578125 152.368743896484375 151.7375030517578125 148.7624969482421875 147.9375 142.5749969482421875 134.056243896484375 124.3874969482421875 117.86875152587890625 109.58750152587890625 103.83750152587890625 99.69374847412109375 94.9250030517578125 92.75624847412109375 90.53749847412109375 88.36875152587890625 86.16249847412109375 82.47499847412109375 79.25624847412109375 78.52500152587890625 78.47499847412109375 78.74375152587890625 79.9499969482421875 81.9375 83.15625
157.9250030517578125 154.625 152.5 151.4187469482421875 152.9562530517578125 156.0437469482421875 156.493743896484375 148.649993896484375 142.25 138.912506103515625 140.1750030517578125 138.6999969482421875 139.1125030517578125 139.1374969482421875 136.6062469482421875 135.8874969482421875 137.25 142.243743896484375 145.806243896484375 150.693756103515625 156.975006103515625 156.056243896484375 151.65625 145.287506103515625 142.7937469482421875 134.65625 125.13124847412109375 115.98125457763671875 105.03125 97.6999969482421875 94.88124847412109375 90.66249847412109375 90.0437469482421875 88.2312469482421875 84.5812530517578125 81.19374847412109375 77.2624969482421875 74.6750030517578125 72.72499847412109375 71.1875 69.84999847412109375 70.09375 71.6875 71.00624847412109375
159.03125 156.399993896484375 154.28125 154.287506103515625 156.21875 159.125 160.4562530517578125 154.3000030517578125 146.850006103515625 142.2624969482421875 141.462493896484375 139.568756103515625 136.8625030517578125 133.662506103515625 135.40625 134.5749969482421875 134.7312469482421875 137.4812469482421875 142.8874969482421875 150.5187530517578125 157.506256103515625 157.3874969482421875 154.0124969482421875 148.4812469482421875 141.8312530517578125 127.02500152587890625 117.13124847412109375 109.49375152587890625 99.9875030517578125 93.84375 89.74375152587890625 87.5437469482421875 84.84999847412109375 82.8249969482421875 80.8874969482421875 78.8562469482421875 75.33750152587890625 71.6875 67.30625152587890625 63.362499237060546875 61.512500762939453125 61.28125 61.30625152587890625 57.69374847412109375
158.5437469482421875 154.3000030517578125 153.1999969482421875 151.65625 154.631256103515625 156.15625 154.131256103515625 150.693756103515625 144.0500030517578125 140.693756103515625 139.787506103515625 138.5749969482421875 134.306243896484375 128.125 126.80625152587890625 127.7062530517578125 127.0812530517578125 132.087493896484375 137.0749969482421875 142.193756103515625 150.318756103515625 151.6374969482421875 149.4250030517578125 140.0500030517578125 126.63124847412109375 114.43125152587890625 109.09999847412109375 103 97.56874847412109375 92.1374969482421875 87.125 83.6062469482421875 82.5749969482421875 78.3874969482421875 77.125 76.8937530517578125 76.58750152587890625 72.36875152587890625 68.2312469482421875 61.049999237060546875 54.356250762939453125 54.96875 53.78125 49.450000762939453125
156.493743896484375 150.725006103515625 148.625 149.024993896484375 150.0749969482421875 149.8125 147.975006103515625 146.6374969482421875 140.5625 137.5749969482421875 134.9875030517578125 131.412506103515625 128.4187469482421875 123.21250152587890625 116.28749847412109375 118.56874847412109375 119.52500152587890625 123.7375030517578125 124.8125 128.462493896484375 136.21875 137.9187469482421875 136.4499969482421875 129.743743896484375 119.71875 110.69374847412109375 105.4250030517578125 100.2624969482421875 95.13124847412109375 90.90625 87.1374969482421875 81.85625457763671875 80.03749847412109375 76.8937530517578125 77.28749847412109375 79.3562469482421875 79.625 78.97499847412109375 75.03749847412109375 65.47499847412109375 52.543750762939453125 48.31874847412109375 49.28749847412109375 51.78125
152.34375 148.3937530517578125 145.100006103515625 143.5812530517578125 144.84375 144.21875 142.28125 139.5 134.09375 131.506256103515625 126.97499847412109375 124.875 121.8125 115.6437530517578125 108.53125 106.8312530517578125 107.6999969482421875 109.50624847412109375 111.5625 115.7062530517578125 122.77500152587890625 125.78749847412109375 126.3625030517578125 124.24375152587890625 119.28749847412109375 113.80625152587890625 107.2375030517578125 100.7687530517578125 94.28125 89.5187530517578125 84.4812469482421875 80.59375 79 77.71250152587890625 76.94374847412109375 79.71875 82.9875030517578125 88.46875 86.3625030517578125 74.18125152587890625 64.15000152587890625 58.94374847412109375 59.106250762939453125 57.53125
145.912506103515625 143.0437469482421875 141.1062469482421875 139.5749969482421875 139.15625 139.693756103515625 138.1374969482421875 133.243743896484375 128.8625030517578125 125.5625 121.44374847412109375 117.65000152587890625 113.33750152587890625 107.9250030517578125 101.8562469482421875 95.43125152587890625 95.5124969482421875 97.40000152587890625 99.06874847412109375 103.53749847412109375 109.78125 114.94374847412109375 119.8874969482421875 122.53125 120.9875030517578125 116.21250152587890625 109.6875 101.34375 94.00624847412109375 89.625 85.81874847412109375 81.5500030517578125 78.6125030517578125 77.34375 77.86875152587890625 86.0500030517578125 91.83750152587890625 97.1374969482421875 96.90000152587890625 89.4499969482421875 81.40625 74.03749847412109375 67.88124847412109375 61.69374847412109375
142.6374969482421875 140.1687469482421875 137.399993896484375 136.375 134.100006103515625 135.131256103515625 134.7375030517578125 131.4187469482421875 125.1750030517578125 122.18125152587890625 118.25624847412109375 112.5625 107.9187469482421875 102.3249969482421875 96.0437469482421875 89.78125 83.7062530517578125 84.1437530517578125 87.9187469482421875 93.03125 97.15625 104.65625 113.375 122.06874847412109375 124.66249847412109375 119.34999847412109375 109.5812530517578125 101.2937469482421875 92.52500152587890625 87.27500152587890625 85.15000152587890625 83.90625 83.0625 82.81874847412109375 91.93125152587890625 99.71875 105.4562530517578125 113.8937530517578125 116.5500030517578125 104.02500152587890625 91.9375 80.6687469482421875 70.81874847412109375 64.9250030517578125
136.125 135.2062530517578125 133.774993896484375 133.84375 132.149993896484375 133.46875 130.9250030517578125 128.3937530517578125 123.03125 119.00624847412109375 115.03125 110.03749847412109375 102.86875152587890625 96.06874847412109375 90.0187530517578125 83.61875152587890625 77.4812469482421875 73.03125 78.28125 81.13124847412109375 86.84375 94.625 105.6875 115.24375152587890625 121.86875152587890625 119.2937469482421875 111.7312469482421875 102.53749847412109375 92.21250152587890625 85.4187469482421875 79.1875 76.6750030517578125 86.2687530517578125 96.63124847412109375 102.9562530517578125 112.43125152587890625 120.6062469482421875 125.2375030517578125 121.8562469482421875 111.33750152587890625 94.09375 83.3937530517578125 73.94374847412109375 67.90625
129.631256103515625 129.3625030517578125 129.399993896484375 130.34375 130.8562469482421875 130.912506103515625 129.6937408447265625 126.75624847412109375 124.3125 121.16249847412109375 116.15000152587890625 106.97499847412109375 99.8874969482421875 93.3312530517578125 85.27500152587890625 80.09375 73.61875152587890625 67.7687530517578125 68.1125030517578125 72.0500030517578125 81.8562469482421875 97.83750152587890625 94.84375 105.6062469482421875 113.1875 117.6125030517578125 113 102.8874969482421875 95.00624847412109375 84.11875152587890625 76.70000457763671875 78.77500152587890625 90.7624969482421875 99.5625 108.06874847412109375 117.06874847412109375 120.1875 118.90000152587890625 116.44374847412109375 105.6875 93.68125152587890625 83.80625152587890625 74.9562530517578125 68.18125152587890625
