data/historical-monthly-weather-data/wc2.1_cruts4.09_10m_prec_2019-02.asc
ncols        51
nrows        45
xllcorner    -63.500000000000
yllcorner    -7.500000000000
cellsize     0.166666666667
NODATA_value -9999
[rows 20 to 39 of 45, columns 0 to 44 of 51]
200.3125 201.306243896484375 205.7062530517578125 211.03125 219.0625 229.5625 241.46875 254.0749969482421875 268.76251220703125 283.23126220703125 297.006256103515625 313.76251220703125 332.381256103515625 350.368743896484375 348.04998779296875 335.506256103515625 325.381256103515625 319.175018310546875 321.21875 324 328.212493896484375 331.20001220703125 332.318756103515625 332.649993896484375 333.48748779296875 335.287506103515625 337.75 340.037506103515625 343.08123779296875 342.431243896484375 333.76873779296875 317.53125 289.92498779296875 258.0625 229.693756103515625 239.868743896484375 263.162506103515625 279.41876220703125 283.91876220703125 280.125 270.5 260.0625 250.431243896484375 241.2312469482421875 236.21875
195.6875 198.375 204.0625 211.774993896484375 220.181243896484375 231.9187469482421875 244.693756103515625 258.23748779296875 273.287506103515625 285.90625 296.537506103515625 307.98126220703125 320.21875 330.91876220703125 335.21875 331.84375 326.975006103515625 322.89373779296875 322.20001220703125 323.318756103515625 322.33123779296875 322.54998779296875 324.868743896484375 324.787506103515625 326.318756103515625 329.899993896484375 334.41876220703125 338.193756103515625 343.23748779296875 345.14373779296875 341.15625 327.04376220703125 303.475006103515625 279.45001220703125 262.34375 266.662506103515625 281.60626220703125 291.70623779296875 290.725006103515625 283.58123779296875 273.51251220703125 263.17498779296875 252.5124969482421875 242.225006103515625 237.4187469482421875
193.84375 198.34375 204.1999969482421875 212.600006103515625 221.5124969482421875 234.818756103515625 247.2624969482421875 261.82501220703125 277.70623779296875 287.09375 293.193756103515625 298.66876220703125 304.33123779296875 312.943756103515625 322.01251220703125 325.399993896484375 324.73748779296875 322.743743896484375 320.60626220703125 318.4375 316.03125 313.64373779296875 313.14373779296875 312.931243896484375 316.256256103515625 321.943756103515625 327.600006103515625 333.36248779296875 340.993743896484375 346.212493896484375 347.306243896484375 341.518768310546875 321.92498779296875 305.243743896484375 298.8125 303.162506103515625 309.256256103515625 310.58123779296875 302.57501220703125 289.53125 276.975006103515625 265.75 254.2062530517578125 243.46875 238.8937530517578125
194.4375 199.25 205.65625 213.068756103515625 222.375 236.21875 250.287506103515625 264.10626220703125 278.84375 285.899993896484375 290.131256103515625 292.5625 291.556243896484375 301.35626220703125 312.34375 317.83123779296875 319.42498779296875 319.29376220703125 316.92498779296875 313.331268310546875 308.66876220703125 304.29998779296875 301.70001220703125 301.618743896484375 305.70623779296875 310.356231689453125 318.59375 326.943756103515625 335.16876220703125 342.67498779296875 346.84375 344.787506103515625 332.899993896484375 324.0625 324.006256103515625 330.61248779296875 332.29376220703125 324.79376220703125 310.95001220703125 295.21875 281.368743896484375 268.61248779296875 256.8125 246.568756103515625 243.443756103515625
198.743743896484375 202.493743896484375 208.350006103515625 216.024993896484375 226.0437469482421875 238.5625 252.3562469482421875 265.42498779296875 276.881256103515625 284.66876220703125 289.4375 292.07501220703125 294.725006103515625 301.41876220703125 308.350006103515625 314.04998779296875 317.36248779296875 316.9375 314.125 309.40625 303.38751220703125 296.0625 290.28125 288.85626220703125 292.26873779296875 301.493743896484375 309.71875 319.931243896484375 328.631256103515625 335.881256103515625 339.712493896484375 339.15625 335.41876220703125 333.212493896484375 335.375 337.056243896484375 336.04376220703125 327.84375 313.287506103515625 297.743743896484375 283.787506103515625 270.712493896484375 259.287506103515625 250.5 246.8937530517578125
208.118743896484375 211.131256103515625 215.1125030517578125 221.875 230.818756103515625 242.9499969482421875 254.9250030517578125 266.875 277.09375 285.024993896484375 290.58123779296875 294.92498779296875 299.89373779296875 304.61248779296875 310.14373779296875 314.131256103515625 316.962493896484375 315.95001220703125 313.48748779296875 307.95623779296875 299.693756103515625 288.9375 279.29376220703125 274.78125 281.42498779296875 292.618743896484375 304.318756103515625 313.38751220703125 322.40625 328.006256103515625 331.15625 332.21875 332.837493896484375 334.568756103515625 337.64373779296875 336.95001220703125 334.14373779296875 327.29376220703125 312.03125 297.51873779296875 284.3125 271.84375 260.181243896484375 251.9250030517578125 250.818756103515625
219.1374969482421875 220.662506103515625 223.6999969482421875 230.087493896484375 237.162506103515625 247.0124969482421875 258.10626220703125 267.600006103515625 277.037506103515625 285.70001220703125 292.82501220703125 298.09375 304.056243896484375 309.66876220703125 313.931243896484375 318.16876220703125 320.14373779296875 318.868743896484375 315.256256103515625 308.64373779296875 298.631256103515625 286.875 273.899993896484375 267.08123779296875 276.91876220703125 288.706268310546875 299.5 308.39373779296875 315.649993896484375 320.806243896484375 324.5 325.04998779296875 327.60626220703125 333.29998779296875 335.537506103515625 334.61248779296875 331.631256103515625 324.443756103515625 310.98126220703125 296.85626220703125 283.850006103515625 271.85626220703125 260.868743896484375 253.100006103515625 255.0437469482421875
230.975006103515625 230.2937469482421875 233.2687530517578125 238.181243896484375 243.53125 251.2062530517578125 261.21875 271.006256103515625 279.568756103515625 288.443756103515625 295.368743896484375 301.274993896484375 307.35626220703125 313.1875 317.756256103515625 322.13751220703125 323.774993896484375 323.625 319.212493896484375 312.95001220703125 303.36248779296875 291.556243896484375 282.112518310546875 276.82501220703125 280.90625 289.79998779296875 298.356231689453125 305.768768310546875 311.506256103515625 316.181243896484375 319.443756103515625 321.350006103515625 326.587493896484375 330.506256103515625 332.931243896484375 332.068756103515625 327.712493896484375 322.306243896484375 309.08123779296875 294.96875 282.48126220703125 272.17498779296875 262.306243896484375 256.48126220703125 261.100006103515625
241.181243896484375 239.6374969482421875 241.368743896484375 245.25 249.899993896484375 256.3125 264.943756103515625 273.48126220703125 282.13751220703125 290.92498779296875 298.056243896484375 304.087493896484375 309.98748779296875 317.28125 322.54998779296875 328.04376220703125 331.23748779296875 329.787506103515625 327.01873779296875 320.34375 311.45623779296875 300.15625 293.15625 288.79376220703125 288.743743896484375 293.225006103515625 299.79998779296875 305.1875 310.756256103515625 314.64373779296875 316.34375 319.04998779296875 323.506256103515625 327.79376220703125 331.412506103515625 329.23126220703125 326.287506103515625 321.443756103515625 310.25 295.54998779296875 281.14373779296875 271.25 265.10626220703125 263.39373779296875 270.07501220703125
247.568756103515625 244.40625 245.59375 248.2062530517578125 252.7687530517578125 258.625 265.60626220703125 273.100006103515625 280.662506103515625 289.5 297.36248779296875 305.11248779296875 312.506256103515625 321.131256103515625 327.912506103515625 332.837493896484375 337.76873779296875 339.5625 337.79376220703125 330.868743896484375 321.087493896484375 311.45001220703125 304.850006103515625 299.26873779296875 296.79376220703125 298.475006103515625 302.35626220703125 305.40625 309.09375 311.993743896484375 315.118743896484375 318.243743896484375 321.787506103515625 326.36248779296875 329.212493896484375 328.15625 324.79998779296875 321.506256103515625 310.100006103515625 296.85626220703125 287.26873779296875 280.912506103515625 275.850006103515625 276.3125 278.6875
251.1062469482421875 247.4375 247.193756103515625 249.6750030517578125 253.0500030517578125 258.850006103515625 265.14373779296875 272.23126220703125 279.48748779296875 287.568756103515625 297.337493896484375 306.95001220703125 316.618743896484375 324.91876220703125 331.65625 338.587493896484375 344.98126220703125 348.475006103515625 349.11248779296875 342.368743896484375 331.96875 321.60626220703125 314.07501220703125 307.39373779296875 303.33123779296875 303.11248779296875 304.59375 306.23126220703125 308.20001220703125 310.84375 314.037506103515625 317.662506103515625 322.475006103515625 327.23126220703125 330.51873779296875 328 325.61248779296875 323.76873779296875 313.26873779296875 300.73126220703125 293.681243896484375 291.662506103515625 289.350006103515625 287.96875 290.5625
251.024993896484375 247.4562530517578125 247.506256103515625 249.962493896484375 252.556243896484375 257.375 263.5 269.100006103515625 276.087493896484375 285.26251220703125 295.23126220703125 306.5625 318.15625 328.774993896484375 336.318756103515625 344.76873779296875 349.17498779296875 352.100006103515625 352.79998779296875 348.84375 339.45623779296875 330.225006103515625 321.51873779296875 314.431243896484375 309.84375 307.493743896484375 306.837493896484375 306.975006103515625 307.8125 311.318756103515625 314.82501220703125 318.17498779296875 323.14373779296875 327.64373779296875 331.39373779296875 329.60626220703125 328.04376220703125 325.850006103515625 316.34375 308.79376220703125 306.012481689453125 305.83123779296875 305 305.693756103515625 310.11248779296875
249.0437469482421875 246.587493896484375 246.90625 248.2937469482421875 249.5187530517578125 253.443756103515625 257.743743896484375 262.92498779296875 270.65625 280.63751220703125 293.006256103515625 305.837493896484375 320.600006103515625 333.96875 342.0625 348.23126220703125 351.943756103515625 355.16876220703125 354.256256103515625 351.274993896484375 344.118743896484375 335.35626220703125 327.368743896484375 319.96875 315.40625 312.58123779296875 310.61248779296875 310.41876220703125 310.41876220703125 312.712493896484375 316.287506103515625 318.868743896484375 323.15625 328.57501220703125 333.26873779296875 333.28125 332.08123779296875 329.125 322.274993896484375 320.91876220703125 320.537506103515625 321.85626220703125 324.012481689453125 327.86248779296875 338.681243896484375
247.3562469482421875 245.162506103515625 244.9250030517578125 245.962493896484375 246.21875 248.431243896484375 251.71875 256.29376220703125 262.76251220703125 273.1875 286.993743896484375 303.837493896484375 322.681243896484375 338.08123779296875 346.33123779296875 351.837493896484375 354.868743896484375 356.84375 355.774993896484375 353.131256103515625 346.068756103515625 337.712493896484375 330.993743896484375 323.79376220703125 319.48126220703125 316.45001220703125 314.01251220703125 312.53125 312.375 314.912506103515625 318.04998779296875 320.42498779296875 325.79376220703125 330.98126220703125 334.725006103515625 335.95001220703125 335.162506103515625 333.41876220703125 330.66876220703125 331.70001220703125 332.818756103515625 336.51873779296875 343.212493896484375 350.193756103515625 362.993743896484375
245.524993896484375 244.5124969482421875 243.912506103515625 243.0500030517578125 243.03125 244.3562469482421875 245.5749969482421875 248.34375 253.6812591552734375 263.518768310546875 279.625 301.618743896484375 325.0625 343.26251220703125 350.631256103515625 355.10626220703125 356.48748779296875 357.056243896484375 356.8125 353.443756103515625 347.837493896484375 339.256256103515625 332.350006103515625 324.89373779296875 321.350006103515625 317.70001220703125 315.693756103515625 314.462493896484375 313.98126220703125 316.61248779296875 318.6875 322.350006103515625 327.631256103515625 333.412506103515625 337.287506103515625 337.881256103515625 337.01251220703125 339.04998779296875 339.66876220703125 340.54376220703125 343.60626220703125 347.71875 355.36248779296875 364.07501220703125 375.29998779296875
245.0812530517578125 244.5500030517578125 243.493743896484375 241.774993896484375 240.712493896484375 241.774993896484375 241.8937530517578125 242.6875 245.837493896484375 254.037506103515625 271.125 295.66876220703125 321.962493896484375 342.03125 349.993743896484375 354.725006103515625 357.35626220703125 357.149993896484375 354.412506103515625 351.806243896484375 345.66876220703125 338.5 330.85626220703125 324.662506103515625 320.10626220703125 316.850006103515625 315.23748779296875 315.725006103515625 315.54376220703125 317.38751220703125 320 323.462493896484375 329.681243896484375 335.9375 338.98126220703125 339.04998779296875 341.59375 342.287506103515625 342.725006103515625 345.600006103515625 350.29998779296875 353.65625 359.38751220703125 368.493743896484375 376.818756103515625
245.975006103515625 245.375 243.3625030517578125 242.756256103515625 241.0500030517578125 241.1500091552734375 240.431243896484375 239.6062469482421875 239.7937469482421875 241.287506103515625 262.17498779296875 293.787506103515625 318.962493896484375 336.84375 346.85626220703125 352.45623779296875 355.96875 355.16876220703125 353.225006103515625 349.08123779296875 342.125 334.32501220703125 327.125 321.34375 316.86248779296875 314.51873779296875 313.6875 314.381256103515625 315.67498779296875 317.475006103515625 319.96875 323.14373779296875 330.537506103515625 337.20623779296875 341.475006103515625 343.84375 344.70623779296875 345.443756103515625 346.368743896484375 348.45623779296875 351.57501220703125 355.54376220703125 361.20623779296875 369.08123779296875 376.15625
247.0187530517578125 246.537506103515625 244.743743896484375 243.6062469482421875 242.493743896484375 242.0500030517578125 241.475006103515625 240.818756103515625 242.193756103515625 241.4812469482421875 271.48748779296875 303.912506103515625 321.9375 334.66876220703125 344.274993896484375 350.35626220703125 352.66876220703125 351.868743896484375 348.21875 342.837493896484375 336 327.725006103515625 321.40625 316.037506103515625 312.712493896484375 311.024993896484375 310.76251220703125 312.649993896484375 314.806243896484375 317.756256103515625 318.975006103515625 322.381256103515625 329.962493896484375 337.66876220703125 342.11248779296875 345.368743896484375 346.649993896484375 347.92498779296875 348.868743896484375 349.98748779296875 351.54376220703125 355.42498779296875 359.381256103515625 365.26873779296875 371.98748779296875
249.6687469482421875 248.537506103515625 246.5 246.375 245.1875 245.681243896484375 247.368743896484375 250.056243896484375 257.25 274.993743896484375 308.48126220703125 321.39373779296875 329.375 337.881256103515625 345.32501220703125 348.64373779296875 350.287506103515625 347.54998779296875 341.931243896484375 335.693756103515625 327.10626220703125 318.618743896484375 313.53125 308.4375 305.837493896484375 306.07501220703125 306.83123779296875 309.506256103515625 312.875 316 319.212493896484375 322.225006103515625 328.75 335.82501220703125 342.71875 345.51873779296875 345.912506103515625 347.83123779296875 347.587493896484375 345.975006103515625 347.087493896484375 349.243743896484375 352.63751220703125 357.20001220703125 362.67498779296875
252.693756103515625 251.4187469482421875 249.8125 248.90625 248.2937469482421875 250.2687530517578125 253.024993896484375 259.42498779296875 270.475006103515625 289.1875 310.662506103515625 324.5 334.056243896484375 341.13751220703125 346.181243896484375 348.818756103515625 348.91876220703125 344.3125 336.631256103515625 329.48748779296875 317.78125 308.58123779296875 302.618743896484375 298.568756103515625 298.67498779296875 299.850006103515625 302.162506103515625 305.89373779296875 310.475006103515625 314.14373779296875 317.03125 322.431243896484375 330.83123779296875 336.92498779296875 341.46875 344.1875 344.04376220703125 344.16876220703125 343.86248779296875 340.818756103515625 340.375 342.11248779296875 344.21875 346.350006103515625 351.39373779296875
