data/historical-monthly-weather-data/wc2.1_cruts4.09_10m_prec_1993-04.asc
ncols        45
nrows        45
xllcorner    -63.500000000000
yllcorner    -7.500000000000
cellsize     0.166666666667
NODATA_value -9999
[rows 20 to 39 of 45, columns 0 to 44 of 45]
345.524993896484375 358.60626220703125 369.806243896484375 379.975006103515625 388.01251220703125 401.543731689453125 413.86248779296875 418.993743896484375 418.20001220703125 411.493743896484375 401.506256103515625 391.506256103515625 382.368743896484375 375.537506103515625 363.837493896484375 354.631256103515625 348.125 346.23126220703125 347.712493896484375 347.318756103515625 346.056243896484375 340.89373779296875 333.274993896484375 327.993743896484375 326.95623779296875 325.23126220703125 321.9375 318.03125 311.98126220703125 305.975006103515625 295.61248779296875 285.568756103515625 268.0625 248.7312469482421875 232.7062530517578125 242.3937530517578125 259.01251220703125 270.66876220703125 275.73748779296875 275.20001220703125 270.76251220703125 267.6875 260.318756103515625 254.943756103515625 249.1750030517578125
341.20623779296875 350.85626220703125 363.850006103515625 381.26251220703125 394.524993896484375 406.23126220703125 419.431243896484375 428.76251220703125 428.57501220703125 417.962493896484375 401.131256103515625 382.32501220703125 368.3125 360.318756103515625 356.07501220703125 350.125 348.53125 345.274993896484375 345.274993896484375 343.33123779296875 335.60626220703125 330.03125 326.79998779296875 323.03125 322.73748779296875 326.912506103515625 337.53125 332.625 324.64373779296875 317.3125 305.287506103515625 292.20623779296875 276.91876220703125 263.087493896484375 254.837493896484375 257.149993896484375 267.962493896484375 276.712493896484375 278.26251220703125 275.42498779296875 270.63751220703125 265.875 258.318756103515625 251.850006103515625 245.4375
338.41876220703125 355.350006103515625 370.64373779296875 387.850006103515625 402.25 414.46875 424.337493896484375 436.875 444.743743896484375 425.962493896484375 399.51873779296875 373.131256103515625 354.4375 347.875 348.375 348.73126220703125 346.756256103515625 341.86248779296875 338.66876220703125 333.943756103515625 327.07501220703125 320.524993896484375 313.868743896484375 311.53125 315.5625 323.162506103515625 336.10626220703125 335.51251220703125 329.5625 321.149993896484375 311.75 301.53125 292.993743896484375 284.33123779296875 279.787506103515625 277.54998779296875 281.475006103515625 285.70001220703125 283.743743896484375 276.90625 269.837493896484375 262.82501220703125 254.9875030517578125 247.8937530517578125 241.71875
339.725006103515625 357.51251220703125 375.90625 390.75 404.42498779296875 416.118743896484375 428.95001220703125 438.225006103515625 441.91876220703125 421.337493896484375 393.54376220703125 369.318756103515625 343.41876220703125 340.625 343.40625 343.66876220703125 340.88751220703125 338 332.537506103515625 327.662506103515625 318.818756103515625 308.774993896484375 301.024993896484375 300.76873779296875 304.068756103515625 306.63751220703125 315.993743896484375 323.943756103515625 324.92498779296875 324.037506103515625 320.587493896484375 317.524993896484375 312.48126220703125 305.068756103515625 301.01251220703125 297.087493896484375 297.16876220703125 294.743743896484375 287.681243896484375 277.36248779296875 268.550018310546875 259.95001220703125 251.537506103515625 243.4499969482421875 238.6687469482421875
345.57501220703125 363.92498779296875 380.59375 397.068756103515625 412.287506103515625 421.100006103515625 429.07501220703125 434.5625 430.024993896484375 416.693756103515625 393.29376220703125 369.274993896484375 353.318756103515625 342.83123779296875 341.100006103515625 340.087493896484375 339.649993896484375 335.70001220703125 329.649993896484375 321.45001220703125 310.20001220703125 298.54998779296875 290.01873779296875 287 287.92498779296875 295.41876220703125 306.73126220703125 315.787506103515625 322.568756103515625 330.399993896484375 333.875 336.28125 333.57501220703125 326.09375 318.837493896484375 309.88751220703125 305.38751220703125 297.40625 288.337493896484375 278.212493896484375 267.73126220703125 257.806243896484375 249.818756103515625 240.5 231.006256103515625
362.818756103515625 378.91876220703125 387.92498779296875 402.287506103515625 413.881256103515625 420.712493896484375 425.943756103515625 427.57501220703125 417.931243896484375 404 388.85626220703125 373.5625 359.337493896484375 349.84375 344.01873779296875 343.48748779296875 341.29376220703125 335.962493896484375 327.375 315.73748779296875 305.33123779296875 290.8125 278.506256103515625 269.76251220703125 274.51251220703125 285.431243896484375 302.01873779296875 312.756256103515625 324.6875 334.556243896484375 345.60626220703125 354.66876220703125 354.181243896484375 342.818756103515625 330.225006103515625 318.70001220703125 309.931243896484375 299.931243896484375 288.693756103515625 277.70623779296875 267.193756103515625 256.024993896484375 246.256256103515625 235.568756103515625 227.6875
378.09375 388.181243896484375 397.13751220703125 406.45623779296875 412.45623779296875 418.40625 419.63751220703125 416.64373779296875 407.32501220703125 400.681243896484375 391.149993896484375 376.79998779296875 364.256256103515625 354.89373779296875 349.48126220703125 346.993743896484375 343.4375 335.649993896484375 327.96875 317.681243896484375 303.125 286.881256103515625 270.774993896484375 260.98126220703125 269.149993896484375 279.07501220703125 296.662506103515625 309.13751220703125 323.0625 335.45001220703125 350.58123779296875 363.787506103515625 366.631256103515625 352.26251220703125 336.962493896484375 322.943756103515625 312.01251220703125 300.76873779296875 287.86248779296875 276.48126220703125 264.48748779296875 254.59375 244.587493896484375 235.462493896484375 232.4499969482421875
396.375 401.53125 405.962493896484375 410.20623779296875 414.23126220703125 415.26873779296875 415.64373779296875 409.225006103515625 403.1875 397.993743896484375 387.42498779296875 377.04376220703125 365.84375 358.350006103515625 353.60626220703125 348.725006103515625 345.618743896484375 341.11248779296875 331.26873779296875 322.274993896484375 308.66876220703125 291.412506103515625 280.79376220703125 271.54376220703125 273.70001220703125 281.443756103515625 294.54998779296875 307.25 319.787506103515625 333.09375 345.962493896484375 356.98126220703125 358.01873779296875 347.85626220703125 336.70623779296875 322.42498779296875 311.975006103515625 300.9375 288.20623779296875 276.056243896484375 264.58123779296875 255.1750030517578125 245.850006103515625 238.912506103515625 242.7624969482421875
410.475006103515625 413.262481689453125 412.54998779296875 413.625 412.95001220703125 408.912506103515625 406.17498779296875 404.056243896484375 401.649993896484375 394.943756103515625 388.056243896484375 378.38751220703125 367.181243896484375 360.131256103515625 358.193756103515625 357.13751220703125 354.712493896484375 346.23126220703125 338.975006103515625 329.09375 316.550018310546875 300.568756103515625 290.837493896484375 283.9375 282.08123779296875 286.51873779296875 297.149993896484375 307.1875 317.431243896484375 328.587493896484375 336.868743896484375 344.287506103515625 342.149993896484375 337.29998779296875 329.90625 318.662506103515625 309.837493896484375 300.243743896484375 288.5625 275.29998779296875 261.71875 253.15625 246.1750030517578125 247.125 252.34375
416.787506103515625 416.875 413.899993896484375 408.0625 406.17498779296875 403.34375 400.83123779296875 399.51251220703125 395.86248779296875 389.774993896484375 385.306243896484375 376.962493896484375 370.91876220703125 365.08123779296875 362.787506103515625 360.375 357.600006103515625 353.98126220703125 345.70001220703125 333.78125 319.45001220703125 308.024993896484375 300.58123779296875 291.943756103515625 287.23126220703125 288.90625 297.681243896484375 303.962493896484375 311.850006103515625 319.85626220703125 326.037506103515625 329.26873779296875 327.66876220703125 325.54998779296875 321.34375 312.399993896484375 305.868743896484375 298.01251220703125 286.131256103515625 276.28125 266.51873779296875 260.26251220703125 254.100006103515625 255.681243896484375 256.46875
418.13751220703125 415.04998779296875 409.83123779296875 404.181243896484375 401.975006103515625 397.6875 395.962493896484375 392.068756103515625 388.475006103515625 385.23748779296875 382.20001220703125 376.5 373.98126220703125 367.006256103515625 365.649993896484375 363.649993896484375 362.868743896484375 359.85626220703125 353.556243896484375 343.16876220703125 328.787506103515625 315.83123779296875 306.83123779296875 295.631256103515625 288.21875 292.006256103515625 295.54998779296875 300.91876220703125 305.96875 310.006256103515625 314.6875 316.806243896484375 316.86248779296875 315.4375 311.631256103515625 305.20001220703125 297.73748779296875 291.618743896484375 284.45623779296875 276.587493896484375 268.83123779296875 263.443756103515625 260.07501220703125 258.90625 260.54376220703125
414.8125 409.881256103515625 404.118743896484375 401.0625 397.256256103515625 390.037506103515625 387.64373779296875 382.79998779296875 379.41876220703125 376.368743896484375 375.53125 375.399993896484375 371.787506103515625 367.850006103515625 366.125 364.868743896484375 360.73748779296875 358.86248779296875 352.82501220703125 347.618743896484375 334.79376220703125 322.1875 311.01251220703125 300.1875 295.375 294.15625 294.1875 297.850006103515625 299.3125 302.5625 306.4375 307.75 305.556243896484375 304.23748779296875 301.57501220703125 295.943756103515625 290.806243896484375 283.975006103515625 278.006256103515625 271.625 269.037506103515625 266.26873779296875 263.54376220703125 263.01873779296875 265.006256103515625
404.26251220703125 396.875 392.29998779296875 388.225006103515625 386.08123779296875 378.881256103515625 372.76873779296875 369.35626220703125 365.412506103515625 365.068756103515625 369.850006103515625 368.806243896484375 369.38751220703125 368.712493896484375 365.88751220703125 362.29376220703125 359.118743896484375 357.79376220703125 350.993743896484375 344.59375 335.350006103515625 323.881256103515625 312.5625 302.90625 298.48748779296875 293.25 292.806243896484375 292.59375 292.71875 295.84375 297.162506103515625 296.51251220703125 293.78125 292.70001220703125 290.568756103515625 286.875 281.943756103515625 276.76251220703125 270.399993896484375 270.287506103515625 267.5625 265.375 264.70623779296875 265.9375 268.712493896484375
390.41876220703125 384.91876220703125 381.318756103515625 376.931243896484375 373.006256103515625 368.118743896484375 362.20623779296875 355.92498779296875 351.83123779296875 351.931243896484375 355.21875 360.568756103515625 364.85626220703125 363.212493896484375 361.318756103515625 356.212493896484375 353.225006103515625 351.73748779296875 346.662506103515625 340.76873779296875 332.28125 322.506256103515625 312.6875 301.07501220703125 297.4375 291.73748779296875 288.14373779296875 286.100006103515625 285.337493896484375 285.73126220703125 286.11248779296875 286.40625 283.5625 281.82501220703125 280.024993896484375 276.16876220703125 272.34375 265.38751220703125 264.787506103515625 265.024993896484375 262.5625 262.6875 263.83123779296875 266.38751220703125 270.493743896484375
374.006256103515625 371.53125 369.98126220703125 364.100006103515625 359.350006103515625 353.17498779296875 346.412506103515625 341.1875 335 333.037506103515625 340.38751220703125 351.0625 360.600006103515625 364.618743896484375 360.36248779296875 354.32501220703125 347.78125 343.181243896484375 341.17498779296875 333.82501220703125 328.20001220703125 317.76873779296875 309.20623779296875 297.01873779296875 292.11248779296875 288.76251220703125 284.45623779296875 279.662506103515625 277.912506103515625 278.67498779296875 277.556243896484375 277.45001220703125 273.1875 271.75 268.8125 264.45001220703125 259.193756103515625 258.98126220703125 259.006256103515625 258.743743896484375 256.95001220703125 258.23126220703125 260.712493896484375 263.306243896484375 265.29998779296875
358.118743896484375 358.07501220703125 355.70001220703125 350.475006103515625 344.75 336.85626220703125 330.51251220703125 323.45001220703125 314.212493896484375 310.375 316.28125 331.42498779296875 347.568756103515625 354.056243896484375 350.743743896484375 344.88751220703125 338.89373779296875 335.25 332.96875 329.375 322.125 313.818756103515625 301.95623779296875 292.34375 286.01873779296875 282.431243896484375 278.899993896484375 275.1875 272.875 271.712493896484375 270.23126220703125 268.26251220703125 263.96875 262.82501220703125 258.693756103515625 252.5625 252.4812469482421875 252.693756103515625 251.787506103515625 252.1750030517578125 252.5812530517578125 253.3625030517578125 254.6750030517578125 257.39373779296875 257.787506103515625
343.149993896484375 345.056243896484375 341.743743896484375 337.45623779296875 331.38751220703125 323.83123779296875 317.618743896484375 307.28125 294.14373779296875 285.57501220703125 294.818756103515625 318.293731689453125 332.4375 337.0625 337.23748779296875 332.899993896484375 325.26873779296875 323.04376220703125 322.11248779296875 316.943756103515625 311.193756103515625 302.975006103515625 292.40625 284.649993896484375 278.09375 274.6875 272.631256103515625 270.037506103515625 267.131256103515625 264.649993896484375 263.600006103515625 262 257.66876220703125 253.9875030517578125 249.212493896484375 246.0124969482421875 246.3937530517578125 247.712493896484375 248.625 246.787506103515625 247.1687469482421875 247.375 249.4187469482421875 251.1750030517578125 252.375
333.524993896484375 333.09375 328.625 325.36248779296875 319.662506103515625 313.212493896484375 305.756256103515625 294.631256103515625 283.48748779296875 272.743743896484375 289.08123779296875 311.54376220703125 321.125 324.46875 323.668731689453125 319.975006103515625 311.79376220703125 310.84375 307.07501220703125 301.29376220703125 296.100006103515625 288.287506103515625 281.48126220703125 274.881256103515625 269.09375 267.756256103515625 263.931243896484375 263.54998779296875 261.975006103515625 259.981231689453125 256.53125 254.850006103515625 252.1062469482421875 247.399993896484375 240.71875 241.3937530517578125 241.9875030517578125 241.818756103515625 244.3937530517578125 243.4187469482421875 241.899993896484375 242.493743896484375 242.131256103515625 242.306243896484375 244.399993896484375
330.412506103515625 325.90625 321.25 318.181243896484375 313.975006103515625 305.431243896484375 298.38751220703125 290.524993896484375 286.48126220703125 290.25 305.850006103515625 312.631256103515625 312.1875 313.537506103515625 312.4375 307.20001220703125 300.60626220703125 298.193756103515625 291.6875 287.51251220703125 281.850006103515625 274.493743896484375 268.85626220703125 265.21875 261.63751220703125 258.63751220703125 256.71875 256.806243896484375 255.8125 255.8062591552734375 253.96875 250.193756103515625 247.84375 245.412506103515625 244.21875 242.431243896484375 240.9812469482421875 241.5749969482421875 241.399993896484375 238.475006103515625 237.399993896484375 238.243743896484375 236.8249969482421875 237.787506103515625 239.21875
327.375 322.70623779296875 317.88751220703125 314.5 309.9375 302.962493896484375 294.11248779296875 291.162506103515625 290.23748779296875 293.125 299.337493896484375 304.40625 303.412506103515625 303.01251220703125 301.243743896484375 296.01251220703125 290.10626220703125 286.84375 279.256256103515625 273.09375 266.67498779296875 262.524993896484375 255.1624908447265625 252.037506103515625 252.1999969482421875 250.9499969482421875 250.40625 251.368743896484375 251.40625 251.5500030517578125 248.5625 249.9375 250.6750030517578125 249.0124969482421875 248.4187469482421875 246.056243896484375 243.431243896484375 242.837493896484375 240.6374969482421875 235.3625030517578125 232.8625030517578125 233.1875 230.6062469482421875 230.756256103515625 233.3874969482421875
