data/historical-monthly-weather-data/wc2.1_cruts4.09_10m_prec_1952-11.asc
ncols        45
nrows        45
xllcorner    -63.500000000000
yllcorner    -7.500000000000
cellsize     0.166666666667
NODATA_value -9999
[rows 19 to 37 of 45, columns 0 to 43 of 45]
144.5187530517578125 144.6750030517578125 145.59375 147.1999969482421875 148.931243896484375 151.90625 154.3000030517578125 155.868743896484375 157.681243896484375 158.7062530517578125 157.837493896484375 153.5124969482421875 147.662506103515625 141.625 137.662506103515625 134.506256103515625 131.78125 134.774993896484375 139.40625 146.837493896484375 159.381256103515625 169.46875 177.756256103515625 181.8125 185.09375 185.899993896484375 182.399993896484375 176.2874908447265625 163.462493896484375 147.7062530517578125 137.65625 139.537506103515625 144.712493896484375 150.7624969482421875 155.6750030517578125 160.21875 165.475006103515625 170.9375 174.306243896484375 176.8125 178.46875 178.412506103515625 174.53125 171.28125
140.4375 141.6750030517578125 143.75 145.8937530517578125 147.681243896484375 151.4499969482421875 155.3249969482421875 158.381256103515625 161.412506103515625 162.962493896484375 163.0500030517578125 160.006256103515625 155.375 149 144.5 139.75 136.068756103515625 136.6687469482421875 140.9250030517578125 145.618743896484375 157.243743896484375 168.1062469482421875 176.1875 181.068756103515625 185.2687530517578125 186.787506103515625 183.15625 175.0500030517578125 165.274993896484375 157.3249969482421875 151.2375030517578125 151.3562469482421875 154.9375 160.1687469482421875 165.59375 171.7624969482421875 176.118743896484375 180.5500030517578125 182.7375030517578125 184.774993896484375 185.149993896484375 183.9812469482421875 181.024993896484375 176.943756103515625
137.25 137.8249969482421875 140.681243896484375 143.5749969482421875 146.4812469482421875 150.875 155.96875 160.1374969482421875 164.90625 167.943756103515625 169.131256103515625 168.0625 164.806243896484375 158.7937469482421875 153.037506103515625 147.287506103515625 143.5124969482421875 142.53125 143.962493896484375 147.375 155.0500030517578125 163.743743896484375 172.0812530517578125 177.225006103515625 181.225006103515625 183.787506103515625 183.15625 177.8937530517578125 172.3312530517578125 167.0812530517578125 161.4187469482421875 160.9187469482421875 164.287506103515625 171.0625 178.306243896484375 184.2937469482421875 188.681243896484375 192.256256103515625 192.3562469482421875 193.399993896484375 192.774993896484375 190.618743896484375 187.59375 184.225006103515625
134.3562469482421875 135.9375 138.850006103515625 142.09375 145.5812530517578125 150.2687530517578125 155.3312530517578125 161.3249969482421875 167.7062530517578125 171.681243896484375 174.850006103515625 175.5812530517578125 176.4250030517578125 171.53125 162.6999969482421875 154.787506103515625 149.537506103515625 147.618743896484375 147.0500030517578125 148.2937469482421875 154.350006103515625 160.975006103515625 167.381256103515625 172.6125030517578125 178.3249969482421875 182.625 182.6374969482421875 180.912506103515625 177.212493896484375 173.3125 170.256256103515625 170.068756103515625 175.25 182.8937530517578125 190.25 196.9499969482421875 201.600006103515625 203.1125030517578125 201.8937530517578125 201.65625 201.03125 197.899993896484375 194.3249969482421875 190.5749969482421875
132.162506103515625 134.0187530517578125 136.9875030517578125 139.6125030517578125 143.28125 148.84375 154.556243896484375 161.1750030517578125 167.1999969482421875 172.087493896484375 176.34375 181.118743896484375 185.09375 180.0187530517578125 169.524993896484375 160.7687530517578125 154.587493896484375 151.806243896484375 149.78125 148.931243896484375 153.600006103515625 158.787506103515625 163.3249969482421875 168.75 174.90625 179.6437530517578125 183.3249969482421875 181.725006103515625 180.931243896484375 178.787506103515625 178.399993896484375 179.625 185.131256103515625 192.4812469482421875 200.6437530517578125 209.087493896484375 214.1437530517578125 213.725006103515625 212.087493896484375 210.8249969482421875 209.2062530517578125 205.743743896484375 202.024993896484375 197.875
132.0187530517578125 133.225006103515625 135.875 138.40625 142.381256103515625 147.381256103515625 152.725006103515625 158.9187469482421875 165.2312469482421875 170.493743896484375 175.65625 179.318756103515625 182.4875030517578125 179.8874969482421875 171.912506103515625 163.9875030517578125 157.850006103515625 153.9875030517578125 151.287506103515625 149.537506103515625 152.556243896484375 155.493743896484375 159.6125030517578125 164.7375030517578125 170.524993896484375 177.618743896484375 181.6437530517578125 183.243743896484375 183.6062469482421875 184.4375 184.8687591552734375 187.1437530517578125 192.943756103515625 200.318756103515625 207.631256103515625 214.6687469482421875 220.131256103515625 220.524993896484375 219.5625 219.0187530517578125 216.931243896484375 213.287506103515625 210.618743896484375 207.8000030517578125
133.7624969482421875 134.9375 135.318756103515625 137.837493896484375 140.5124969482421875 144.90625 149.681243896484375 155.318756103515625 161.243743896484375 166.65625 171.568756103515625 175.431243896484375 177.5187530517578125 176.5124969482421875 171.243743896484375 165.225006103515625 160.1437530517578125 156.162506103515625 153 150.8000030517578125 152.318756103515625 153.9875030517578125 156.0749969482421875 160.0437469482421875 166.9812469482421875 175.368743896484375 181.2375030517578125 184.993743896484375 187.5062408447265625 189.6374969482421875 190.8125 193.493743896484375 199.6687469482421875 205.6687469482421875 212.4562530517578125 218.5812530517578125 223.3625030517578125 225.837493896484375 226.881256103515625 226.6374969482421875 225.412506103515625 221.7375030517578125 217.1875 215.46875
134.6999969482421875 133.9375 134.09375 135.4187469482421875 137.0437469482421875 140.774993896484375 146.1750030517578125 151.181243896484375 155.8249969482421875 161.256256103515625 167.0500030517578125 171.2687530517578125 173.8000030517578125 174.2312469482421875 170.5500030517578125 165.243743896484375 161.1062469482421875 157.8312530517578125 154.975006103515625 152.21875 152.8312530517578125 153.506256103515625 154.3000030517578125 158.3125 166.475006103515625 174.9375 181.068756103515625 185.850006103515625 190.28125 192.1374969482421875 194.6437530517578125 197.75 204.625 210.962493896484375 216.368743896484375 222.0749969482421875 226.756256103515625 229.337493896484375 232.1062469482421875 233.256256103515625 233.006256103515625 228.59375 223.75 220.318756103515625
135.368743896484375 132.6687469482421875 132.1437530517578125 132.34375 133.475006103515625 136.600006103515625 141.375 146.4562530517578125 151.4875030517578125 156.8249969482421875 161.743743896484375 166.493743896484375 169.7937469482421875 171.3000030517578125 169.1374969482421875 165.181243896484375 161.493743896484375 159.25 156.649993896484375 154.318756103515625 154.84375 154.818756103515625 156.71875 161.75 168.84375 176.1687469482421875 181.806243896484375 187.3625030517578125 191.962493896484375 194.256256103515625 196.2312469482421875 199.7687530517578125 206.9187469482421875 212.75 219.3874969482421875 224.9562530517578125 229.5437469482421875 233.806243896484375 235.96875 240.1062469482421875 242.53125 238.21875 228.8249969482421875 223.837493896484375
135.787506103515625 131.318756103515625 129.34375 128.868743896484375 129.412506103515625 132.149993896484375 136.412506103515625 141.2687530517578125 147.0437469482421875 152.2375030517578125 157.3249969482421875 162.0625 166.431243896484375 168.7624969482421875 167.443756103515625 165.443756103515625 163.381256103515625 160.96875 158.774993896484375 156.912506103515625 157.59375 157.756256103515625 159.912506103515625 165.7062530517578125 172.131256103515625 178.4562530517578125 184.3000030517578125 189.118743896484375 194.0124969482421875 195.5812530517578125 197.6999969482421875 200.7375030517578125 207.0749969482421875 213.537506103515625 221.1687469482421875 226.850006103515625 232.006256103515625 236.0749969482421875 238.787506103515625 242.1875 246.9749908447265625 241.443756103515625 233.96875 233.181243896484375
135.899993896484375 130.3125 127.53125 125.16249847412109375 125.3625030517578125 128.3000030517578125 132.475006103515625 137.368743896484375 143.056243896484375 147.8937530517578125 153.149993896484375 158.625 163.75 167.631256103515625 167.493743896484375 166.65625 164.681243896484375 163.6687469482421875 161.6125030517578125 160.125 160.8874969482421875 162.506256103515625 164.899993896484375 169.631256103515625 175.3625030517578125 181.506256103515625 186.7062530517578125 190.7312469482421875 194.6875 197.1875 199.34375 202.3937530517578125 208.618743896484375 215.8874969482421875 223.1687469482421875 227.96875 232.350006103515625 237.8312530517578125 238.431243896484375 240.65625 244.8125 246.837493896484375 244.5500030517578125 246.78125
135.0187530517578125 128.850006103515625 125.5437469482421875 122.7624969482421875 121.8625030517578125 125.34375 129.524993896484375 134.0187530517578125 138.96875 144.46875 150.1125030517578125 156.1437530517578125 162.412506103515625 166.318756103515625 167.5812530517578125 168.087493896484375 168.09375 166.96875 164.756256103515625 164.993743896484375 166.4250030517578125 168.2062530517578125 170.5812530517578125 174.649993896484375 178.993743896484375 184.5437469482421875 188.5187530517578125 192.287506103515625 195.475006103515625 197.8937530517578125 200.681243896484375 204.3937530517578125 210.3249969482421875 218.4875030517578125 224.84375 229.337493896484375 234.306243896484375 241.1437530517578125 240.6687469482421875 236.5187530517578125 242.318756103515625 250.4562530517578125 254.087493896484375 257.118743896484375
133.7687530517578125 127.6062469482421875 124.08750152587890625 121.8000030517578125 121.2062530517578125 123.27500152587890625 127 130.84375 135.7312469482421875 141.068756103515625 146.9875030517578125 153.868743896484375 160.5187530517578125 166.03125 169.25 171.225006103515625 172.306243896484375 171.631256103515625 170.7624969482421875 171.6062469482421875 173.181243896484375 174.4875030517578125 176.2375030517578125 179.3249969482421875 183.493743896484375 187.4499969482421875 190.2624969482421875 193.2312469482421875 195.568756103515625 198.912506103515625 202.193756103515625 205.681243896484375 212.068756103515625 219.443756103515625 227.256256103515625 232.243743896484375 237.600006103515625 243.1750030517578125 241.5187530517578125 240.9250030517578125 250.4250030517578125 261.475006103515625 268.57501220703125 277.73126220703125
133.149993896484375 127.78749847412109375 124.38124847412109375 122.22499847412109375 121.18125152587890625 122.28749847412109375 124.91249847412109375 128.0437469482421875 132.524993896484375 137.881256103515625 145.100006103515625 152.243743896484375 160.2624969482421875 168.4250030517578125 172.506256103515625 175.9562530517578125 177.8000030517578125 179.212493896484375 179.6687469482421875 180.774993896484375 182.212493896484375 182.600006103515625 183.024993896484375 185.0437469482421875 188.118743896484375 190.7125091552734375 192.681243896484375 194.5500030517578125 197.0124969482421875 200.3499908447265625 203.8874969482421875 207.618743896484375 213.90625 220.931243896484375 229.524993896484375 235.65625 242.587493896484375 247.850006103515625 247.5 254.3874969482421875 264.868743896484375 276.20623779296875 287.756256103515625 302.58123779296875
132.256256103515625 127.8937530517578125 124.68125152587890625 122.7312469482421875 121.03749847412109375 121.49375152587890625 122.6437530517578125 125.125 129.4875030517578125 134.681243896484375 141.8000030517578125 151 160.962493896484375 169.8312530517578125 175.493743896484375 180.5812530517578125 184.7937469482421875 187.2062530517578125 188.725006103515625 190.506256103515625 191.243743896484375 191.056243896484375 190.743743896484375 191.1750030517578125 192.649993896484375 193.587493896484375 195.15625 195.9499969482421875 197.774993896484375 201.181243896484375 205.09375 209.8625030517578125 216.350006103515625 223.524993896484375 232.40625 240.024993896484375 246.65625 251.2937469482421875 256.48748779296875 266.84375 277.53125 290.318756103515625 306.962493896484375 326.26873779296875
132.318756103515625 128.7062530517578125 125.71875 123.1999969482421875 121.3562469482421875 121.0124969482421875 121.0500030517578125 122.65625 125.80625152587890625 131.306243896484375 139.256256103515625 150.28125 161.850006103515625 173.149993896484375 180.8312530517578125 186.3562469482421875 192.2687530517578125 195.6687469482421875 197.90625 199.943756103515625 200.65625 199.7937469482421875 198.368743896484375 196.65625 195.7937469482421875 195.9187469482421875 196.131256103515625 196.943756103515625 197.90625 201.6437530517578125 206.5 211.506256103515625 217.8874969482421875 226.056243896484375 233.7624969482421875 240.662506103515625 247.5812530517578125 257.875 265.618743896484375 275.3125 287.51873779296875 300.03125 316.98126220703125 336.07501220703125
135.131256103515625 131.618743896484375 128.774993896484375 126.08750152587890625 124.0437469482421875 123.33750152587890625 122.84375 122.61875152587890625 124.3937530517578125 128.4812469482421875 136.9875030517578125 149.243743896484375 163.225006103515625 176.7624969482421875 185.162506103515625 193.2687530517578125 199.375 203.631256103515625 207.0749969482421875 210.3562469482421875 210.243743896484375 207.287506103515625 204.443756103515625 201.837493896484375 199.868743896484375 198.6125030517578125 198.5124969482421875 199.1374969482421875 200.006256103515625 202.78125 208.193756103515625 212.881256103515625 219.662506103515625 227.337493896484375 233.475006103515625 239.6125030517578125 250.8874969482421875 260.956268310546875 268.11248779296875 278.75 291.587493896484375 302.53125 316.350006103515625 332.91876220703125
138.3937530517578125 135.2624969482421875 132.756256103515625 130.3125 128.006256103515625 126.9375 125.5 124.19374847412109375 124.22499847412109375 125.1999969482421875 134.837493896484375 152.0124969482421875 167.09375 180.0500030517578125 189.8312530517578125 198.868743896484375 206.225006103515625 210.65625 214.5124969482421875 217.475006103515625 216.3562469482421875 212.649993896484375 209.162506103515625 205.5437469482421875 202.5437469482421875 201.1062469482421875 199.8249969482421875 200.712493896484375 200.8249969482421875 204.306243896484375 209.09375 215.068756103515625 221.1750030517578125 228.5749969482421875 234.368743896484375 241.837493896484375 252.649993896484375 263.23748779296875 271.443756103515625 279.375 289.92498779296875 298.95001220703125 310.5 324.98126220703125
142.4250030517578125 139.256256103515625 136.7624969482421875 134.662506103515625 132.399993896484375 131.2375030517578125 129.90625 128.4187469482421875 128.131256103515625 127.74375152587890625 142.03125 160.7687530517578125 173.5625 185.3249969482421875 195.2375030517578125 204.693756103515625 212.712493896484375 216.725006103515625 219.7062530517578125 220.5812530517578125 219.5625 216.375 212.931243896484375 207.993743896484375 204.681243896484375 202.6875 201.1062469482421875 201.6374969482421875 202.0500030517578125 206.193756103515625 208.787506103515625 214.1437530517578125 220.75 227.8937530517578125 234.0500030517578125 242.8000030517578125 253.7312469482421875 263.48126220703125 273.225006103515625 281.806243896484375 287.899993896484375 296.23748779296875 303.393768310546875 312.95623779296875
