data/historical-monthly-weather-data/wc2.1_cruts4.09_10m_prec_1981-08.asc
ncols        51
nrows        45
xllcorner    -63.500000000000
yllcorner    -7.500000000000
cellsize     0.166666666667
NODATA_value -9999
[rows 0 to 18 of 45, columns 0 to 42 of 51]
189.006256103515625 188.2937469482421875 188.712493896484375 194.2687530517578125 201.1374969482421875 210.5812530517578125 214.3249969482421875 220.6374969482421875 227.149993896484375 231.1750030517578125 228.2312469482421875 228.087493896484375 230.5437469482421875 228.2312469482421875 225.875 218.556243896484375 214.3125 207.850006103515625 200.943756103515625 199.53125 197.7312469482421875 193.506256103515625 189.368743896484375 183.5625 175.875 168.493743896484375 163.118743896484375 159.5124969482421875 149.5187530517578125 148.506256103515625 143.1062469482421875 142.556243896484375 142.087493896484375 138.631256103515625 137.1062469482421875 137.431243896484375 136.337493896484375 137.0187530517578125 138.5812530517578125 138.8312530517578125 139.8562469482421875 142.5437469482421875 142.006256103515625
180.743743896484375 179.024993896484375 184.3249969482421875 191.34375 200.7312469482421875 209.318756103515625 210.875 216.993743896484375 225.506256103515625 230.7062530517578125 231.21875 233.625 231.868743896484375 227.6374969482421875 223.40625 220.4875030517578125 213.5749969482421875 206.037506103515625 199.649993896484375 196.0437469482421875 193.5687408447265625 189.181243896484375 185.162506103515625 181.056243896484375 173.181243896484375 164.5 161.6437530517578125 155.899993896484375 146.2937469482421875 143.287506103515625 141.3562469482421875 139.4875030517578125 138.125 136.993743896484375 134.381256103515625 132.943756103515625 129.03125 131.0625 130.8937530517578125 130.818756103515625 134.5812530517578125 135.4812469482421875 137.2375030517578125
167.350006103515625 169.2062530517578125 177.7937469482421875 189.087493896484375 200.59375 209.318756103515625 214.681243896484375 220.787506103515625 226.90625 231.274993896484375 235.21875 237.087493896484375 234.1999969482421875 226.8312530517578125 221.1875 216.556243896484375 211.0187530517578125 203.7624969482421875 197.725006103515625 191.84375 191.7624969482421875 191.25 188.056243896484375 185.0437469482421875 175.100006103515625 167.881256103515625 165.6875 156.8000030517578125 146.587493896484375 144.2937469482421875 140.100006103515625 137.8249969482421875 136.125 135.4375 130.9562530517578125 125.7375030517578125 123.15000152587890625 123.78125 122.5437469482421875 124.03749847412109375 128.8625030517578125 130.837493896484375 134.537506103515625
154.9562530517578125 155.5 168.125 182.5812530517578125 194.4250030517578125 203.6750030517578125 212.125 220.15625 230.3874969482421875 235.006256103515625 235.931243896484375 234.4875030517578125 232.2062530517578125 224.693756103515625 218.1750030517578125 211.975006103515625 207.21875 201.756256103515625 196.84375 196.9375 196.006256103515625 193.625 190.3125 187.493743896484375 178.7312469482421875 170.787506103515625 166.4250030517578125 153.7624969482421875 144.15625 141.9812469482421875 138.4437408447265625 134.1687469482421875 129.818756103515625 126.5500030517578125 122.8000030517578125 119.3000030517578125 118.94374847412109375 117.28749847412109375 114.49375152587890625 117.5625 120.4187469482421875 125.46250152587890625 129.024993896484375
157.743743896484375 154.5 158.587493896484375 170.8937530517578125 186.9562530517578125 196.475006103515625 204.6999969482421875 218.381256103515625 231.84375 237.024993896484375 235.649993896484375 232.09375 228.806243896484375 223.0625 215.024993896484375 209.100006103515625 202.4812469482421875 196.6437530517578125 192.8125 195.100006103515625 199.068756103515625 194.3874969482421875 192.475006103515625 192.100006103515625 180.9250030517578125 171.4812469482421875 162.475006103515625 154.087493896484375 144.03125 138.024993896484375 137.0124969482421875 131.3249969482421875 127.66875457763671875 124.5812530517578125 120.3125 114.59999847412109375 111.3937530517578125 109.3125 106.55625152587890625 107.40000152587890625 112.78125 117.54999542236328125 123.96875
156.649993896484375 153.9375 156.1062469482421875 157.9499969482421875 172.087493896484375 189.5437469482421875 200.649993896484375 211.4499969482421875 225.53125 230.78125 226.243743896484375 222.756256103515625 221.2375030517578125 217.006256103515625 209.46875 204.6999969482421875 196.96875 190.90625 191.006256103515625 194.306243896484375 198.1687469482421875 197.399993896484375 196.1687469482421875 188.162506103515625 180.6750030517578125 172.4250030517578125 162.975006103515625 152.8000030517578125 143.743743896484375 135.868743896484375 133.5625 130.287506103515625 124.16249847412109375 120.9250030517578125 114.4499969482421875 110.3625030517578125 104.8562469482421875 99.7312469482421875 98.09375 99.9562530517578125 101.7687530517578125 107.1750030517578125 113.46875
156.5500030517578125 156.0749969482421875 158.6999969482421875 161.5625 169.068756103515625 178.662506103515625 188.8312530517578125 199.131256103515625 203.024993896484375 208.943756103515625 210.3874969482421875 210.2375030517578125 212.506256103515625 209.837493896484375 205.6999969482421875 201.3312530517578125 194.5 191.1312408447265625 190.375 196.3562469482421875 198.4375 199.1062469482421875 197.787506103515625 190.837493896484375 181.9375 174.274993896484375 163.662506103515625 151.8625030517578125 139.462493896484375 134.8625030517578125 130.431243896484375 125.11875152587890625 120.8249969482421875 116.65625 110.6875 104.41249847412109375 97.0437469482421875 91.66249847412109375 90.3125 91.33750152587890625 91.8937530517578125 96.5 103.2312469482421875
157.506256103515625 155.9812469482421875 161.506256103515625 166.2375030517578125 174.975006103515625 184.556243896484375 185.8249969482421875 180.131256103515625 177.375 183.600006103515625 194.78125 197.943756103515625 200.6125030517578125 200.725006103515625 199.5749969482421875 196.193756103515625 192.46875 190.7375030517578125 190.537506103515625 195.34375 199.912506103515625 201.1437530517578125 197.587493896484375 189.4875030517578125 183.431243896484375 173.1374969482421875 160.912506103515625 149.631256103515625 138.40625 130.0812530517578125 127.625 121.7062530517578125 115.38124847412109375 111.78125 103.8562469482421875 96.5500030517578125 88.9375 82.4250030517578125 79.5124969482421875 78.50624847412109375 79.0625 83.625 89.2624969482421875
159.243743896484375 158.7874908447265625 165.306243896484375 168.59375 175.1875 181.3312530517578125 183.9375 180.787506103515625 170.3625030517578125 167.84375 176.59375 181.34375 189.8625030517578125 191.2624969482421875 191.7624969482421875 190.65625 192.15625 192.8249969482421875 197.59375 198.1374969482421875 199.8312530517578125 202.0437469482421875 197.462493896484375 194.431243896484375 186.0187530517578125 172.6687469482421875 156.9562530517578125 147.7687530517578125 136.931243896484375 128.443756103515625 125.28749847412109375 116.72499847412109375 108.56874847412109375 101.4812469482421875 95.13124847412109375 89.7624969482421875 83.15625 76.9499969482421875 72.75 70.6374969482421875 69.49375152587890625 71.375 74.2687530517578125
159.6875 160.306243896484375 165.375 170.556243896484375 176.5812530517578125 181.7624969482421875 187.2937469482421875 183.931243896484375 175.931243896484375 175.90625 178.006256103515625 176.28125 182.8937530517578125 185.881256103515625 185.6875 187.59375 188.899993896484375 194.181243896484375 199.3874969482421875 203.3249969482421875 204.399993896484375 201.9187469482421875 196.256256103515625 192.399993896484375 182.6374969482421875 169.1374969482421875 154.2375030517578125 143.556243896484375 131.1062469482421875 122.3000030517578125 115.65000152587890625 108.27500152587890625 103.0625 97.75624847412109375 92.44374847412109375 86.19374847412109375 78.4562530517578125 71.43125152587890625 67.59375 64.4562530517578125 61.71250152587890625 61.31874847412109375 61.78125
162.881256103515625 163.7312469482421875 166.631256103515625 170.7375030517578125 177.631256103515625 185.600006103515625 190.306243896484375 184.4187469482421875 178.4812469482421875 175.993743896484375 179.0437469482421875 177.631256103515625 178.4187469482421875 178.96875 177.8562469482421875 179.1999969482421875 183.15625 191.193756103515625 197.25 204.7687530517578125 211.875 208.875 201.181243896484375 190.0500030517578125 184.0187530517578125 170.962493896484375 156.2312469482421875 142.306243896484375 126.59375 115.86875152587890625 110.6999969482421875 103.88124847412109375 100.44374847412109375 95.56874847412109375 88.6374969482421875 81.2375030517578125 73.3125 66.93125152587890625 61.918750762939453125 57.418750762939453125 53.36875152587890625 52.262500762939453125 52.387500762939453125
163.375 165.0437469482421875 167.806243896484375 172.9187469482421875 180.1125030517578125 187.5749969482421875 193.131256103515625 189.181243896484375 181.9187469482421875 177.725006103515625 178.1125030517578125 176.6437530517578125 173.993743896484375 170.9375 175.375 176.6374969482421875 179.0124969482421875 184.0812530517578125 192.6062469482421875 203.850006103515625 212.1374969482421875 210.524993896484375 204.4375 194.5187530517578125 183.2312469482421875 161.756256103515625 146.71875 134.75 120.875 111.5749969482421875 104.91249847412109375 100.4562530517578125 94.8249969482421875 89.93125152587890625 85.03125 79.2312469482421875 71.8625030517578125 64.6750030517578125 57.5625 51.15000152587890625 46.88124847412109375 45.481250762939453125 44.49375152587890625
162.306243896484375 162.287506103515625 165.8874969482421875 169.0187530517578125 177.0500030517578125 182.5 183.5500030517578125 182.537506103515625 176.0437469482421875 173.2062530517578125 173.337493896484375 173.2624969482421875 169.28125 162.912506103515625 163.34375 166.6437530517578125 167.850006103515625 175.84375 183.7375030517578125 191.6437530517578125 201.78125 202.5187530517578125 198.34375 183.6374969482421875 163.881256103515625 146.09375 137.006256103515625 127.05625152587890625 118.1999969482421875 109.74375152587890625 101.9875030517578125 96.0437469482421875 92.4187469482421875 85.3125 81.3312530517578125 77.6062469482421875 73.53125 65.8249969482421875 58.731250762939453125 49.518749237060546875 41.50624847412109375 40.78125 38.96250152587890625
159.649993896484375 157.9562530517578125 160.1875 165.0812530517578125 170.5625 173.4562530517578125 174.3000030517578125 175.412506103515625 169.3937530517578125 166.8312530517578125 164.787506103515625 162.193756103515625 160.2624969482421875 155.537506103515625 148.6750030517578125 153.5500030517578125 156.6062469482421875 163.443756103515625 166.056243896484375 171.875 181.8562469482421875 183.462493896484375 180.6750030517578125 170.006256103515625 154.993743896484375 141.5 132.59375 123.9187469482421875 115.46875 108.4562530517578125 102.125 94.0625 89.68125152587890625 83.8312530517578125 81.71875 80.43125152587890625 76.9375 72.3937530517578125 65.0437469482421875 53.375 40.24375152587890625 35.856250762939453125 35.65000152587890625
154.649993896484375 154.65625 155.243743896484375 157.6125030517578125 162.8249969482421875 164.850006103515625 165.149993896484375 164.1374969482421875 158.84375 156.618743896484375 152.1374969482421875 151.28125 149.2562408447265625 143.287506103515625 136.118743896484375 135.600006103515625 138.2062530517578125 141.59375 145.2624969482421875 151.493743896484375 160.65625 164.399993896484375 164.7687530517578125 160.818756103515625 153.118743896484375 144.7624969482421875 134.4499969482421875 124.33750152587890625 114.40000152587890625 106.7312469482421875 98.9187469482421875 92.49375152587890625 88.4499969482421875 84.68125152587890625 81.38124847412109375 80.9250030517578125 80.4562530517578125 81.5749969482421875 75.43125152587890625 61.03125 49.63124847412109375 44.112499237060546875 42.981250762939453125
147.40625 148.2375030517578125 149.8249969482421875 151.75 154.65625 157.568756103515625 157.881256103515625 154.15625 149.9499969482421875 146.818756103515625 142.7624969482421875 139.806243896484375 136.1999969482421875 131.1125030517578125 125.0812530517578125 118.49375152587890625 119.81874847412109375 123.06874847412109375 125.9375 132.368743896484375 140.53125 147.2312469482421875 153.5749969482421875 156.3874969482421875 153.806243896484375 146.943756103515625 136.9937591552734375 124.7687530517578125 113.99375152587890625 106.77500152587890625 100.31874847412109375 93.46250152587890625 87.88124847412109375 84.1999969482421875 82.34375 87.46250152587890625 89.3562469482421875 90.03749847412109375 85.24375152587890625 74.28749847412109375 63.700000762939453125 55.9375 49.68125152587890625
143.243743896484375 144.28125 144.681243896484375 146.7937469482421875 147.306243896484375 150.3874969482421875 151.6687469482421875 149.462493896484375 143.087493896484375 140.243743896484375 136.399993896484375 131.15625 127.1125030517578125 121.78125 115.46875 109.0187530517578125 102.5749969482421875 103.78749847412109375 109.0625 115.99375152587890625 121.53125 131.25 142.4875030517578125 153.443756103515625 156.6750030517578125 149.774993896484375 136.1062469482421875 124.27500152587890625 112 103.77500152587890625 99.3562469482421875 95.9187469482421875 92.71875 90.0625 97.13124847412109375 101.4562530517578125 102.78749847412109375 105.99375152587890625 103.15000152587890625 87.125 72.6687469482421875 61.456249237060546875 52.13124847412109375
135.068756103515625 137.443756103515625 139.0437469482421875 142.056243896484375 143.006256103515625 146.131256103515625 144.8000030517578125 143.2687530517578125 137.881256103515625 133.8312530517578125 129.9250030517578125 125.38124847412109375 118.31874847412109375 111.47499847412109375 105.3937530517578125 98.75 92.21250152587890625 87.3937530517578125 94.1437530517578125 98.02500152587890625 105.34375 115.2375030517578125 129.193756103515625 141.3625030517578125 150.0187530517578125 147.118743896484375 136.7687530517578125 124.3562469482421875 110.6687469482421875 100.875 91.88124847412109375 87.2687530517578125 95.90625 104.7312469482421875 108.52500152587890625 114.0187530517578125 117.2062530517578125 116.2375030517578125 107.6374969482421875 93.20624542236328125 74.46250152587890625 63.643749237060546875 54.52500152587890625
126.99375152587890625 129.7937469482421875 132.662506103515625 136.4250030517578125 139.53125 141.037506103515625 140.931243896484375 138.8000030517578125 136.618743896484375 133.537506103515625 128.46875 119.16249847412109375 112.125 105.53125 97.15000152587890625 91.93125152587890625 85.03125 78.65625 79.33750152587890625 84.2624969482421875 96.2312469482421875 115.5812530517578125 112.58750152587890625 126.18125152587890625 136.1687469482421875 142.256256103515625 136.0812530517578125 123.16249847412109375 112.83750152587890625 98.5187530517578125 88.4187469482421875 89.21250152587890625 100.46250152587890625 107.4812469482421875 113.49375152587890625 118.3249969482421875 116.3625030517578125 109.90000152587890625 102.53125 88.27500152587890625 74.13124847412109375 64 55.36875152587890625
