data/historical-monthly-weather-data/wc2.1_cruts4.09_10m_prec_2014-10.asc
ncols        45
nrows        45
xllcorner    -63.500000000000
yllcorner    -7.500000000000
cellsize     0.166666666667
NODATA_value -9999
[rows 0 to 19 of 45, columns 0 to 43 of 45]
217.3562469482421875 217.881256103515625 216.4812469482421875 218.493743896484375 218.6687469482421875 216.4375 211.006256103515625 205.725006103515625 199.96875 196.2375030517578125 194.8312530517578125 191.225006103515625 186.4812469482421875 179.306243896484375 171.9875030517578125 164.625 157.4187469482421875 149.306243896484375 142.493743896484375 136.1125030517578125 132.1437530517578125 128.0187530517578125 124.40625 120.8874969482421875 117.875 115.27500152587890625 112.3625030517578125 109.7687530517578125 107.8874969482421875 107.2687530517578125 107.2062530517578125 107.38124847412109375 108.4187469482421875 109.9187469482421875 111.9562530517578125 114.44374847412109375 116.99375152587890625 119.3625030517578125 121.2937469482421875 122.9562530517578125 124.5124969482421875 125.21875 124.72499847412109375 123.18125152587890625
211.8249969482421875 212.84375 215.6125030517578125 221.868743896484375 228.100006103515625 225.2062530517578125 220.6875 217.881256103515625 215.056243896484375 211.78125 208.6437530517578125 202.662506103515625 195.806243896484375 188.037506103515625 179.34375 171.318756103515625 162.1750030517578125 153.25 145.1750030517578125 138.2312469482421875 133.631256103515625 129.9375 126.50624847412109375 123.3000030517578125 120.28749847412109375 117.03125 114.7062530517578125 112.3312530517578125 110.27500152587890625 109.56874847412109375 110.77500152587890625 112.55625152587890625 114.71250152587890625 117.63124847412109375 120.1062469482421875 122.74375152587890625 126.2624969482421875 129.118743896484375 131.5124969482421875 133.2937469482421875 135.2624969482421875 136.3000030517578125 135.96875 134.3125
199.8125 202.0437469482421875 206.068756103515625 214.4250030517578125 222.59375 223.8249969482421875 224.8312530517578125 227.337493896484375 228.0749969482421875 226.131256103515625 221.71875 213.4250030517578125 204.6437530517578125 195.1125030517578125 185.1999969482421875 175.899993896484375 166.9562530517578125 158.53125 150.837493896484375 144.318756103515625 139.881256103515625 136.9875030517578125 133.6875 129.8125 126.09999847412109375 122.78749847412109375 119.84375 117.1062469482421875 113.875 113.875 115.78125 117.5 120.1062469482421875 123.8000030517578125 127.22499847412109375 130.40625 133.9812469482421875 137.787506103515625 140.8249969482421875 142.9875030517578125 145.2375030517578125 146.3874969482421875 146.40625 145.5500030517578125
185.837493896484375 187.931243896484375 194.8249969482421875 202.125 211.6125030517578125 217.1750030517578125 224.462493896484375 233.0187530517578125 239.65625 240.3874969482421875 233.96875 222.6437530517578125 211.3249969482421875 200.6687469482421875 190.806243896484375 180.506256103515625 171.0187530517578125 163.9812469482421875 157.556243896484375 152.1062469482421875 148.274993896484375 144.7312469482421875 140.78125 136.625 132.2062530517578125 127.9875030517578125 124.4375 120.84375 117.43125152587890625 117.56874847412109375 119.65625 122.21250152587890625 124.56874847412109375 128.0124969482421875 131.3874969482421875 136.4562530517578125 141.274993896484375 145.78125 149.65625 152.493743896484375 154.09375 155.8000030517578125 156.431243896484375 156.443756103515625
180.59375 178.5187530517578125 181.024993896484375 188.1125030517578125 199.381256103515625 209.243743896484375 220.493743896484375 233.5500030517578125 247.2375030517578125 254.212493896484375 244.118743896484375 227.881256103515625 215.537506103515625 205.412506103515625 194.8625030517578125 184.0625 174.9812469482421875 168.056243896484375 162.4187469482421875 157.84375 155.118743896484375 151.412506103515625 147.3625030517578125 142.9812469482421875 137.931243896484375 133.09375 128.274993896484375 124.6437530517578125 121.53125 120.97499847412109375 122.9375 125.375 128.65625 132.4812469482421875 136.9375 142.09375 147.7687530517578125 153.6875 157.6999969482421875 160.8625030517578125 162.6999969482421875 163.90625 165.556243896484375 165.993743896484375
175.600006103515625 173.71875 172.5625 174.0124969482421875 186.34375 199.6999969482421875 212.03125 225.5812530517578125 240.0625 251.40625 239.5187530517578125 223.9250030517578125 213.943756103515625 204.9375 195.5437469482421875 187.1750030517578125 178.7312469482421875 172.9875030517578125 168.90625 165.100006103515625 162.25 158.71875 154.7937469482421875 148.875 143.318756103515625 137.8625030517578125 132.368743896484375 127.59375 124.5625 123.61875152587890625 125.2375030517578125 128.399993896484375 131.5124969482421875 135.8562469482421875 140.78125 146.818756103515625 153.1750030517578125 160.5187530517578125 166.40625 168.6374969482421875 167.9875030517578125 169.40625 170.6875 172.1750030517578125
174.493743896484375 172.3000030517578125 170.90625 171.0812530517578125 179.71875 189.8125 199.943756103515625 209.149993896484375 216.118743896484375 219.462493896484375 218.7937469482421875 213.1875 208.087493896484375 202.6437530517578125 195.53125 189.212493896484375 182.787506103515625 177.868743896484375 174.368743896484375 172.162506103515625 169.7062530517578125 166.3249969482421875 161.875 155.5749969482421875 149.4250030517578125 143.162506103515625 137.381256103515625 131.5625 126.9375 126.375 127.71875 130.0187530517578125 133.21875 138.118743896484375 143.78125 149.4499969482421875 156.2687530517578125 164.149993896484375 172.2312469482421875 172.3625030517578125 170.65625 170.3187408447265625 171.912506103515625 174.462493896484375
174.8375091552734375 171.993743896484375 172.4562530517578125 175.306243896484375 180.506256103515625 187.2312469482421875 190.90625 190.7687530517578125 186.568756103515625 188.037506103515625 196.28125 199.381256103515625 200.493743896484375 198.818756103515625 195.71875 191.381256103515625 186.818756103515625 183.149993896484375 180.8249969482421875 180.0437469482421875 177.9875030517578125 174.256256103515625 169.53125 162.8562469482421875 155.8625030517578125 148.256256103515625 141.225006103515625 134.0625 128.53125 126.71250152587890625 128.0187530517578125 130.5124969482421875 134.1687469482421875 139.368743896484375 144.6437530517578125 150.024993896484375 155.34375 162.056243896484375 166.756256103515625 167.3000030517578125 165.4562530517578125 164.1999969482421875 164.256256103515625 165.3625030517578125
176.8125 175.6062469482421875 177.756256103515625 180.568756103515625 184.8000030517578125 188.375 189.0625 183.631256103515625 171.6687469482421875 168.3937530517578125 181.0437469482421875 188.9187469482421875 193.774993896484375 194.5625 194.8249969482421875 194.0749969482421875 192.2062530517578125 191.15625 190.9250030517578125 189.975006103515625 187.193756103515625 183.4812469482421875 176.90625 170.1437530517578125 161.3312530517578125 151.9812469482421875 143.1062469482421875 136.5625 130.65625 127.83750152587890625 128.7937469482421875 130.6999969482421875 133.506256103515625 137.6750030517578125 141.8625030517578125 147.0500030517578125 152.100006103515625 156.225006103515625 157.931243896484375 157.8000030517578125 155.375 152.2312469482421875 150.943756103515625 148.7375030517578125
179.681243896484375 179.4250030517578125 181.725006103515625 185.6374969482421875 190.3937530517578125 193.3000030517578125 192.7375030517578125 186.681243896484375 177.256256103515625 174.243743896484375 179.868743896484375 184.8125 189.837493896484375 192.2687530517578125 195.3625030517578125 197.8249969482421875 198.681243896484375 200.087493896484375 201.537506103515625 203.087493896484375 199.1875 193.8625030517578125 185.5625 176.0500030517578125 164.5500030517578125 154.0749969482421875 145.5500030517578125 137.7062530517578125 131.787506103515625 128.9187469482421875 128.2312469482421875 129.662506103515625 132.037506103515625 135.912506103515625 140.087493896484375 144.2624969482421875 147.625 149.96875 150.2937469482421875 148.006256103515625 144.375 139.75 135.225006103515625 130.837493896484375
182.693756103515625 183.024993896484375 185.3874969482421875 189.537506103515625 194.6812591552734375 200.59375 201.1437530517578125 194.2937469482421875 186.350006103515625 183.125 184.7375030517578125 186.787506103515625 188.9250030517578125 192.0124969482421875 196.975006103515625 201.1687469482421875 205.1062469482421875 208.4187469482421875 212.0625 215.625 213.6062469482421875 205.9499969482421875 194.8937530517578125 180.600006103515625 168.875 158.5625 149.875 141.7562408447265625 134.1687469482421875 130.8375091552734375 129.6875 130.1437530517578125 132.193756103515625 135.2375030517578125 138.056243896484375 140.662506103515625 142.6875 142.78125 141.537506103515625 137.9499969482421875 133.0250091552734375 127.18125152587890625 121.9499969482421875 115.28125
185.006256103515625 185.524993896484375 188.3249969482421875 193.256256103515625 199.1062469482421875 205.806243896484375 208.4250030517578125 200.537506103515625 193.4562530517578125 189.131256103515625 188.318756103515625 189.850006103515625 191.350006103515625 194.71875 200.743743896484375 205.1374969482421875 209.8000030517578125 213.743743896484375 218.256256103515625 224.056243896484375 225.2375030517578125 216.71875 203.212493896484375 186.568756103515625 171.931243896484375 159.412506103515625 149.712493896484375 142.6437530517578125 136.256256103515625 133.193756103515625 130.6374969482421875 130.100006103515625 130.9375 133.125 135.412506103515625 136.59375 136.899993896484375 136.3000030517578125 133.2062530517578125 128.8125 122.08124542236328125 115.40000152587890625 109.36875152587890625 103.08750152587890625
186.1750030517578125 187.3000030517578125 190.3000030517578125 194.5812530517578125 200.03125 205.0187530517578125 205.3874969482421875 201.4812469482421875 195.8937530517578125 193.0500030517578125 191.9250030517578125 192.818756103515625 195.2312469482421875 197.15625 202.912506103515625 208.5749969482421875 212.662506103515625 217.443756103515625 222.5500030517578125 227.7437591552734375 231.3874969482421875 223.8000030517578125 209.2312469482421875 191.868743896484375 171.2375030517578125 157.162506103515625 151.337493896484375 144.59375 139.0749969482421875 135.3874969482421875 132.0124969482421875 129.587493896484375 130.037506103515625 130.806243896484375 132.25 132.837493896484375 132.1750030517578125 131.381256103515625 128.2624969482421875 121.24375152587890625 113.9812469482421875 107.84375 100.72499847412109375 89.40000152587890625
185.9187469482421875 187.15625 190.3125 194.1374969482421875 198.1750030517578125 201.59375 201.912506103515625 200.618743896484375 197.46875 194.462493896484375 192.9375 194.2937469482421875 196.8625030517578125 200.1437530517578125 203.7062530517578125 209.4499969482421875 213.087493896484375 217.0500030517578125 221.0437469482421875 225.0124969482421875 227.09375 221.162506103515625 211.1750030517578125 196.256256103515625 178.71875 165.28125 157.3125 149.318756103515625 142.4499969482421875 136.743743896484375 131.84375 128.8625030517578125 128.368743896484375 128.649993896484375 129.6125030517578125 130 129.493743896484375 129.2312469482421875 126.1374969482421875 119.9375 110.61875152587890625 100.96250152587890625 93.2687530517578125 85.4875030517578125
184.256256103515625 186.1062469482421875 188.4875030517578125 192.1875 195.8000030517578125 198.318756103515625 200.4375 200.4562530517578125 197.475006103515625 195.131256103515625 193.9875030517578125 195.1875 197.4312591552734375 200.6437530517578125 203.3249969482421875 208.34375 210.8125 212.625 214.556243896484375 218.087493896484375 219.9875030517578125 217.8312530517578125 212.96875 204.25 192.8562469482421875 180.274993896484375 168.1999969482421875 156.59375 146.5812530517578125 138.125 131.256256103515625 126.7687530517578125 125.93125152587890625 126.80625152587890625 127.5812530517578125 127.32500457763671875 127.94374847412109375 130.4562530517578125 130.5437469482421875 123.6437530517578125 112.52500152587890625 102.58750152587890625 95.375 88.5625
181.0749969482421875 182.8874969482421875 185.71875 189.506256103515625 192.9562530517578125 196.056243896484375 198.1750030517578125 198.4875030517578125 196.6999969482421875 195.1875 193.306243896484375 193.3312530517578125 195.506256103515625 198.8312530517578125 202.1125030517578125 205.2249908447265625 205.1875 205.693756103515625 206.662506103515625 208.8625030517578125 210.6999969482421875 212.8249969482421875 214.4187469482421875 213.71875 206.6125030517578125 194.1062469482421875 179.818756103515625 165.0749969482421875 151.4875030517578125 139.5124969482421875 130.5562591552734375 124.03125 122.33750152587890625 123.0187530517578125 122.8625030517578125 121.63124847412109375 125.49375152587890625 129.7375030517578125 132.9812469482421875 127.88124847412109375 119.21875 109.36875152587890625 100.6125030517578125 92.25
175.943756103515625 178.412506103515625 182.568756103515625 187.149993896484375 190.693756103515625 193.8937530517578125 196.399993896484375 197.3249969482421875 196.131256103515625 193.7687530517578125 191.443756103515625 190.9375 191.6750030517578125 193.78125 195.850006103515625 197.381256103515625 195.1374969482421875 194.568756103515625 195.5124969482421875 198.006256103515625 200.712493896484375 205.774993896484375 213.5500030517578125 220.5124969482421875 219.743743896484375 204.2312469482421875 188.5625 170.412506103515625 153.4499969482421875 139.350006103515625 129.431243896484375 123.27500152587890625 118.6875 115.90000152587890625 114.41249847412109375 116.6062469482421875 122.1062469482421875 133.5749969482421875 144.431243896484375 137.225006103515625 127.36875152587890625 116.7624969482421875 105.77500152587890625 97.34375
169.806243896484375 173.350006103515625 178.912506103515625 184.25 188.7937469482421875 193.1062469482421875 196.3000030517578125 197.3937530517578125 195.9875030517578125 193.662506103515625 191.0749969482421875 188.6062469482421875 187.1875 186.34375 186.3125 185.6437530517578125 182.9187469482421875 181.1750030517578125 182.787506103515625 184.8874969482421875 188.618743896484375 195.2312469482421875 205.15625 214.962493896484375 217.15625 206.431243896484375 193.6437530517578125 173.943756103515625 154.0625 136.9812469482421875 125.38124847412109375 118.55625152587890625 116.7375030517578125 116.2375030517578125 111.69374847412109375 106.28125 117.94374847412109375 132.7062530517578125 141.350006103515625 140.2062530517578125 132.024993896484375 122.3312530517578125 111.69374847412109375 103.1750030517578125
162.399993896484375 168 174.8874969482421875 181.625 187.7624969482421875 192.412506103515625 195.943756103515625 197.8874969482421875 197.3625030517578125 194.125 189.506256103515625 185.774993896484375 181.7062530517578125 178.068756103515625 176.412506103515625 175.649993896484375 172.7624969482421875 169.975006103515625 171.118743896484375 172.4499969482421875 176.399993896484375 186.3625030517578125 193.3249969482421875 202.7312469482421875 206.225006103515625 202.7375030517578125 191.0124969482421875 173.3625030517578125 155.09375 135.71875 121.0500030517578125 118.2312469482421875 122.61875152587890625 121.5 117.77500152587890625 114.8562469482421875 121.8125 131.225006103515625 137.7312469482421875 138.587493896484375 133.962493896484375 128.71875 117.94374847412109375 109.34999847412109375
154.306243896484375 161.8562469482421875 169.84375 177.931243896484375 185.6875 191.9562530517578125 196.84375 199.75 198.8000030517578125 195.5812530517578125 189.8812408447265625 183.587493896484375 177.2375030517578125 171.181243896484375 168.375 166.8625030517578125 163.1687469482421875 162.868743896484375 163.875 166.5812530517578125 168.8874969482421875 175.34375 186.212493896484375 194.381256103515625 197.649993896484375 194.4250030517578125 185.1437530517578125 173.1125030517578125 155.756256103515625 138.118743896484375 126.08750152587890625 126.8937530517578125 130.5625 134.225006103515625 135.8874969482421875 132.743743896484375 132.71875 135.868743896484375 138.2375030517578125 138.40625 136.6062469482421875 132.5625 123.78749847412109375 115.22499847412109375
