data/historical-monthly-weather-data/wc2.1_cruts4.09_10m_prec_2017-09.asc
ncols        51
nrows        45
xllcorner    -63.500000000000
yllcorner    -7.500000000000
cellsize     0.166666666667
NODATA_value -9999
[rows 0 to 19 of 45, columns 0 to 43 of 51]
42.0625 34.71250152587890625 34.512500762939453125 36.106250762939453125 37.987499237060546875 44.375 50.21250152587890625 55.362499237060546875 62.96250152587890625 70.71250152587890625 79.25 88.68125152587890625 98.2062530517578125 106.2062530517578125 113.71250152587890625 120.1125030517578125 127.09375 129.15625 131.725006103515625 132.96875 134.1999969482421875 133.0562591552734375 132.712493896484375 130.8562469482421875 128.162506103515625 127.1437530517578125 125 122.49375152587890625 118.375 114.5625 109.75624847412109375 106.1999969482421875 103.9812469482421875 99.8562469482421875 96.6750030517578125 94.0812530517578125 92.59999847412109375 90.80625152587890625 87.90625 85.1687469482421875 82.5749969482421875 79.4812469482421875 75.4812469482421875 71.9187469482421875
38.86875152587890625 30.768749237060546875 30.043750762939453125 30.899999618530273438 32.9375 39.34375 45.78749847412109375 53.0625 62.31874847412109375 71.58750152587890625 81.33750152587890625 91.2312469482421875 101.1687469482421875 109.13124847412109375 116.5124969482421875 123.90625 129.806243896484375 132.6999969482421875 135.03125 136.8562469482421875 137.1687469482421875 138.087493896484375 137.6062469482421875 136.8562469482421875 133.537506103515625 132.1687469482421875 130.649993896484375 128.399993896484375 123.24375152587890625 119.00624847412109375 114.43125152587890625 111.40000152587890625 107.15625 103.33750152587890625 99.28749847412109375 95.75624847412109375 93.2062530517578125 90.7687530517578125 87.03749847412109375 83.625 80.5124969482421875 77.13124847412109375 73.41249847412109375 68.80625152587890625
37.918750762939453125 30.931249618530273438 30.806249618530273438 32.36875152587890625 34.93125152587890625 42.84999847412109375 50.71875 58.90625 69.19374847412109375 79.3249969482421875 89.61875152587890625 99.28125 108.90000152587890625 116.3312530517578125 122.3937530517578125 129.4375 134.493743896484375 137.4375 139.756256103515625 142.0187530517578125 143.2624969482421875 144.3625030517578125 145.493743896484375 145.5 142.975006103515625 140.837493896484375 140.6374969482421875 136.899993896484375 131.475006103515625 125.77500152587890625 119.59999847412109375 115.27500152587890625 111.3249969482421875 106.1999969482421875 101.08750152587890625 96.40000152587890625 93.02500152587890625 90.0812530517578125 85.8937530517578125 81.8937530517578125 78.13124847412109375 74 70.46250152587890625 66.05625152587890625
36.5625 30.637500762939453125 32.22499847412109375 34.21250152587890625 37.393749237060546875 46.31874847412109375 55.99375152587890625 66.52500152587890625 78.00624847412109375 89.3000030517578125 99.65000152587890625 108.90000152587890625 116.4375 124.0187530517578125 129.34375 135.0187530517578125 139.96875 142.943756103515625 146.649993896484375 149.9875030517578125 152.118743896484375 152.5124969482421875 153.09375 153.6374969482421875 151.037506103515625 149.8249969482421875 147.8874969482421875 141.8937530517578125 136.931243896484375 131.1687469482421875 125.0500030517578125 118.56874847412109375 112.53125 106.3000030517578125 99.65000152587890625 96.49375152587890625 93.38124847412109375 89.61875152587890625 85 79.49375152587890625 74.25 69.88124847412109375 66.05625152587890625 62.02500152587890625
39.018749237060546875 32.47499847412109375 33.00624847412109375 35.606250762939453125 40.25624847412109375 50.40625 61.293750762939453125 73.3312530517578125 86.4250030517578125 98.50624847412109375 109.25624847412109375 116.7624969482421875 124.5500030517578125 132.7937469482421875 137.6062469482421875 142.118743896484375 145.899993896484375 148.7375030517578125 152.368743896484375 155.03125 159.4250030517578125 158.693756103515625 160.6374969482421875 161.375 159.1999969482421875 157.8312530517578125 152.7375030517578125 147.7312469482421875 142.0187530517578125 134.4250030517578125 127.875 119.77500152587890625 112.19374847412109375 105.6437530517578125 99.125 94.8312530517578125 91.28125 87.9187469482421875 82.84375 76.6750030517578125 70.49375152587890625 65.56874847412109375 61.15625 57.41249847412109375
42.50624847412109375 36.47499847412109375 37.549999237060546875 39.56874847412109375 45.63124847412109375 57.78749847412109375 69.90000152587890625 81.8312530517578125 94.71875 107.6437530517578125 117.83750152587890625 124.6062469482421875 132.024993896484375 140.0812530517578125 143.9375 148.9250030517578125 152.662506103515625 155.4562530517578125 159.431243896484375 163.5749969482421875 165.774993896484375 166.125 167.1687469482421875 165.9187469482421875 164.7375030517578125 162.0812530517578125 156.2312469482421875 151.462493896484375 144.837493896484375 135.78125 127.96875 122.09375 113.4875030517578125 105.3562469482421875 97.40625 93.91249847412109375 90.2312469482421875 87.3312530517578125 82.34999847412109375 75.3625030517578125 66.68125152587890625 61.49375152587890625 56.84375 53.162502288818359375
46.90000152587890625 41.68125152587890625 43.950000762939453125 47.325000762939453125 53.268749237060546875 63.9375 76.75 89.7624969482421875 101.5187530517578125 112.7624969482421875 123.74375152587890625 131.181243896484375 138.975006103515625 146.1999969482421875 150.5437469482421875 155.381256103515625 159.6687469482421875 164.6437530517578125 168.587493896484375 171.8125 172.725006103515625 172.868743896484375 171.46875 169.3937530517578125 168.5625 166.3625030517578125 160.3625030517578125 154.90625 146.8312530517578125 136.40625 128.162506103515625 120.15000152587890625 111.6999969482421875 103.56874847412109375 95.4562530517578125 90.6875 87.1875 85.2312469482421875 81.31874847412109375 72.3249969482421875 62.918750762939453125 56.86875152587890625 52.05625152587890625 48.41249847412109375
51.762500762939453125 47.206249237060546875 50.831249237060546875 56.58750152587890625 64.0187530517578125 75.6875 86.71875 95.7375030517578125 104.6750030517578125 115.91249847412109375 128.493743896484375 136.7937469482421875 144.8562469482421875 151.6437530517578125 157.462493896484375 160.8562469482421875 165.3312530517578125 172.1437530517578125 177.524993896484375 178.318756103515625 179.59375 178.5812530517578125 176.7312469482421875 173.0124969482421875 170.9375 168.3562469482421875 161.1750030517578125 154.100006103515625 146.9875030517578125 136.0124969482421875 126.90000152587890625 117.96250152587890625 108.8000030517578125 100.6687469482421875 91.24375152587890625 86.125 82.3125 79.2375030517578125 73.44374847412109375 65.21250152587890625 56.22499847412109375 50.237499237060546875 45.59375 41.61875152587890625
57.831249237060546875 54.59375 59.612499237060546875 66.34999847412109375 74.6062469482421875 85.94374847412109375 97.09999847412109375 106.2062530517578125 112.90625 120.3625030517578125 132.068756103515625 140.0625 149.318756103515625 155.443756103515625 161.431243896484375 165.8312530517578125 170.71875 177.6687469482421875 184.4187469482421875 184.962493896484375 183.5124969482421875 183.181243896484375 178.118743896484375 176.2312469482421875 172.15625 167.462493896484375 159.8874969482421875 153.537506103515625 147.3625030517578125 135.2750091552734375 126.18125152587890625 113.83750152587890625 102.52500152587890625 92.15000152587890625 83.3000030517578125 79.4499969482421875 75.96875 71.8249969482421875 65.25 57.65625 49.668750762939453125 43.831249237060546875 39.25624847412109375 35.393749237060546875
63.637500762939453125 61.825000762939453125 67.9812469482421875 75.7312469482421875 85.34375 97.1750030517578125 108.4562530517578125 117.15625 124.28125 131.975006103515625 140.6875 146.056243896484375 153.3625030517578125 160.2312469482421875 165.0500030517578125 170.9375 174.787506103515625 181.4187469482421875 187.962493896484375 191.337493896484375 189.8125 186.006256103515625 179.524993896484375 175.600006103515625 169.399993896484375 164.5187530517578125 157.337493896484375 150.8312530517578125 144.493743896484375 133.3312530517578125 120.7375030517578125 107.5187530517578125 95.6687469482421875 85.9875030517578125 77.1999969482421875 72.6875 69.13124847412109375 64.6687469482421875 57.65625 50.600002288818359375 43.43125152587890625 38.200000762939453125 32.78125 28.887500762939453125
70.63124847412109375 70.0187530517578125 77.1999969482421875 85.8000030517578125 95.99375152587890625 109.02500152587890625 120.6999969482421875 127.7687530517578125 133.5812530517578125 140.881256103515625 149.3000030517578125 154.8312530517578125 158.868743896484375 163.118743896484375 167.2375030517578125 172.3312530517578125 175.600006103515625 182.1374969482421875 188.6750030517578125 194 196.037506103515625 191.9499969482421875 183.649993896484375 171.2375030517578125 166.618743896484375 165.993743896484375 158.8249969482421875 149.7375030517578125 140.7624969482421875 128.4499969482421875 115.59999847412109375 101.96875 90.18125152587890625 79.8249969482421875 70.9499969482421875 65.9812469482421875 61.96250152587890625 57.30625152587890625 51.325000762939453125 44.24375152587890625 37.325000762939453125 32.168750762939453125 27.787500381469726562 23.512500762939453125
77.2062530517578125 77.55625152587890625 85.38124847412109375 95.1999969482421875 105.84999847412109375 118.4812469482421875 130.7375030517578125 137.65625 141.65625 146.8125 154.431243896484375 160.2624969482421875 161.600006103515625 163.3874969482421875 169.21875 173.131256103515625 176.899993896484375 181.3937530517578125 187.850006103515625 196.4812469482421875 201.662506103515625 197.412506103515625 187.21875 172.087493896484375 164.6437530517578125 160.649993896484375 151.7624969482421875 142.4375 132.0500030517578125 119.90000152587890625 106.90000152587890625 93.96875 82.86875152587890625 73.74375152587890625 66.25624847412109375 61.1875 56.706249237060546875 52.125 45.299999237060546875 38.25 31.881250381469726562 27.056249618530273438 23.174999237060546875 19.412500381469726562
83.38124847412109375 84.58750152587890625 92.6125030517578125 101.9499969482421875 112.08750152587890625 123.7937469482421875 134.149993896484375 140.943756103515625 146.1374969482421875 151.337493896484375 156.9187469482421875 162.681243896484375 164.90625 162.662506103515625 165.743743896484375 171.006256103515625 174.5500030517578125 179.631256103515625 186.3874969482421875 194.225006103515625 200.693756103515625 198.743743896484375 188.59375 174.1687469482421875 160.7937469482421875 154.087493896484375 145.9375 136.681243896484375 126.40000152587890625 113.1437530517578125 98.91249847412109375 86.0749969482421875 76.18125152587890625 66.9375 59.825000762939453125 55.799999237060546875 52.737499237060546875 48.84999847412109375 42.950000762939453125 34.924999237060546875 27.8125 23.78125 19.975000381469726562 15.25
88.9875030517578125 90.75624847412109375 98.2312469482421875 107.22499847412109375 117.2375030517578125 126.6875 135.412506103515625 143.068756103515625 147.912506103515625 153.3312530517578125 157.0500030517578125 159.5749969482421875 161.725006103515625 160.75 160.3312530517578125 166.0124969482421875 169.850006103515625 174.0437469482421875 178.9812469482421875 186.399993896484375 191.8625030517578125 189.8312530517578125 183.84375 174.8312530517578125 163.25 153.59375 142.7312469482421875 131.25 119.2312469482421875 105.96875 93.5 80.3249969482421875 70.1062469482421875 61.362499237060546875 54.96875 52.41249847412109375 50.75624847412109375 48.8125 43.65000152587890625 36.30625152587890625 26.962499618530273438 21.068750381469726562 17.59375 14.475000381469726562
94.36875152587890625 95.8312530517578125 102.6750030517578125 111.1125030517578125 120.44374847412109375 127.1062469482421875 135.693756103515625 142.125 146.537506103515625 152.3874969482421875 154.631256103515625 156.381256103515625 157.306243896484375 156.431243896484375 154.2312469482421875 156.743743896484375 161.225006103515625 166.6125030517578125 170.2312469482421875 177.0625 182.6374969482421875 183.818756103515625 181.725006103515625 176.4875030517578125 169.850006103515625 160.287506103515625 145.8249969482421875 129.899993896484375 115.1750030517578125 101.8562469482421875 87.03749847412109375 74.31874847412109375 65.46875 57.02500152587890625 49.81874847412109375 48.950000762939453125 50.450000762939453125 51.987499237060546875 48.80625152587890625 40.518749237060546875 31.456249237060546875 24.368749618530273438 19.78125 15.862500190734863281
98.61875152587890625 99.9499969482421875 106.78749847412109375 114.34375 121.71250152587890625 128.818756103515625 135.53125 140.8562469482421875 145.7312469482421875 151.243743896484375 152.9562530517578125 153.125 152.899993896484375 152.162506103515625 150.1062469482421875 148.21875 151.774993896484375 158.6312408447265625 162.431243896484375 169.46875 173.881256103515625 178.8125 182.6125030517578125 181.6687469482421875 176.431243896484375 164.7312469482421875 146.71875 129.8249969482421875 114.50624847412109375 99.3000030517578125 86.3249969482421875 72.52500152587890625 62.46875 54.862499237060546875 47.143749237060546875 48.549999237060546875 52.793750762939453125 54.84999847412109375 53.6875 46.40000152587890625 37.96875 29.149999618530273438 22.081249237060546875 16.831249237060546875
101.25 103.1999969482421875 110.0625 117.2312469482421875 123.6875 130.25 135.96875 141.2624969482421875 145.6750030517578125 149.6687469482421875 152 151.53125 149.46875 147.6750030517578125 147.84375 146.899993896484375 144.5812530517578125 149.59375 155.9875030517578125 162.149993896484375 166.1062469482421875 172.649993896484375 181.7312469482421875 186.1062469482421875 183.1437530517578125 167.149993896484375 147.4375 129.65625 114.0625 99.47499847412109375 87.84999847412109375 77.03125 65.94374847412109375 57.21875 53.487499237060546875 53.55625152587890625 56.106250762939453125 61.512500762939453125 63.52500152587890625 52.34999847412109375 40.5 30.856250762939453125 22.731250762939453125 17.618749618530273438
103.63124847412109375 105.8625030517578125 111.3874969482421875 118.0124969482421875 125 131.1999969482421875 135.875 140.0500030517578125 145.34375 148.6687469482421875 150.8125 150.3312530517578125 148.024993896484375 146.037506103515625 145.6999969482421875 145.681243896484375 143.931243896484375 141.6374969482421875 149.59375 154.337493896484375 159.100006103515625 164.0749969482421875 173.712493896484375 179.993743896484375 179.03125 164.443756103515625 146.931243896484375 129.506256103515625 112.84999847412109375 97.2375030517578125 85.0437469482421875 74.71250152587890625 71.33750152587890625 67.97499847412109375 61.325000762939453125 57.049999237060546875 60.74375152587890625 64.46875 61.549999237060546875 51.65625 38.59999847412109375 29.274999618530273438 21.993749618530273438 17.649999618530273438
105.3249969482421875 107.13124847412109375 112.0187530517578125 118.7062530517578125 124.97499847412109375 130.8874969482421875 135.1875 140.3874969482421875 145.3937530517578125 149.03125 151.037506103515625 149.712493896484375 146.75 144.875 143.4499969482421875 144.8000030517578125 144.587493896484375 140.75 142.431243896484375 146.5812530517578125 153.8562469482421875 166.8249969482421875 162.84375 166.993743896484375 167.9812469482421875 162.0749969482421875 147.618743896484375 129.7375030517578125 115.6875 98.8000030517578125 85 80.25624847412109375 82.6437530517578125 79.0812530517578125 73.2062530517578125 68.18125152587890625 65.84375 63.0625 56.706249237060546875 46.512500762939453125 35.34999847412109375 27.25 21.006250381469726562 17.068750381469726562
105.66249847412109375 108.33750152587890625 112.65625 118.46250152587890625 124.5500030517578125 131.1374969482421875 136.2937469482421875 140.46875 147.3874969482421875 151.850006103515625 154.5500030517578125 154.412506103515625 152.118743896484375 148.975006103515625 145.9187469482421875 144.524993896484375 140.5812530517578125 143.2312469482421875 143.1374969482421875 149.0437469482421875 149.7624969482421875 152.662506103515625 161.4749908447265625 163.399993896484375 161.1999969482421875 153.4562530517578125 142.024993896484375 130.8000030517578125 115.0187530517578125 99.97499847412109375 89.38124847412109375 90.91249847412109375 91.6125030517578125 93.83750152587890625 92.24375152587890625 82.53125 72.44374847412109375 63.612499237060546875 53.793750762939453125 43.16249847412109375 32.80625152587890625 24.924999237060546875 20.381250381469726562 17.34375
