data/historical-monthly-weather-data/wc2.1_cruts4.09_10m_prec_1961-09.asc
ncols        51
nrows        45
xllcorner    -63.500000000000
yllcorner    -7.500000000000
cellsize     0.166666666667
NODATA_value -9999
[rows 0 to 18 of 45, columns 0 to 42 of 51]
133.2062530517578125 127.8249969482421875 128.84375 133.1125030517578125 135.662506103515625 138.1125030517578125 137.0749969482421875 134.4875030517578125 133.5437469482421875 133.024993896484375 134.25 136.1062469482421875 137.8937530517578125 137.868743896484375 138.0812530517578125 137.225006103515625 137.6875 135.337493896484375 134.09375 131.693756103515625 129.600006103515625 125.44374847412109375 122.11875152587890625 117.16249847412109375 111.58750152587890625 107.84375 104.30625152587890625 100.6875 95.63124847412109375 89.8125 83.16249847412109375 77.65625 74.09375 69.34375 65.375 62.77500152587890625 61.06874847412109375 59.27500152587890625 57.6875 56.387500762939453125 55.22499847412109375 54.081249237060546875 52.34999847412109375
123.72499847412109375 118.1374969482421875 121.04375457763671875 127.00624847412109375 133.6687469482421875 133.118743896484375 130.681243896484375 130.662506103515625 130.0625 129.46875 130.274993896484375 131.306243896484375 132.4812469482421875 131.59375 131.618743896484375 132.056243896484375 131.4375 129.9875030517578125 128.5187530517578125 126.7062530517578125 123.65625 121.2937469482421875 117.8312530517578125 114.05625152587890625 108.30625152587890625 104.53749847412109375 101.96250152587890625 99.0437469482421875 93.75624847412109375 88.34375 82.6062469482421875 78.2375030517578125 74.50624847412109375 71.3625030517578125 68.11875152587890625 65.8312530517578125 64.30625152587890625 63.018749237060546875 61.63124847412109375 60.612499237060546875 59.84999847412109375 58.9375 57.78125
111.08750152587890625 107.8312530517578125 111.00624847412109375 117.30625152587890625 123.3000030517578125 124.9187469482421875 124.00624847412109375 123.78125 124.1875 124.25 125.03749847412109375 125.75 126.6687469482421875 125.6125030517578125 125.0437469482421875 125.86875152587890625 125.16249847412109375 123.90000152587890625 122.40000152587890625 120.86875152587890625 117.8625030517578125 114.78125 111.90000152587890625 108.3249969482421875 103.1125030517578125 98.7375030517578125 97.75624847412109375 94.65000152587890625 90.28125 85 79.3312530517578125 75.1125030517578125 72.44374847412109375 69.2687530517578125 66.1125030517578125 63.4375 61.643749237060546875 60.362499237060546875 59.36875152587890625 58.75624847412109375 58.337497711181640625 57.52500152587890625 57.137500762939453125
97.22499847412109375 95.28749847412109375 101.5 106.25624847412109375 111.2062530517578125 113.58750152587890625 114.94374847412109375 117.33750152587890625 118.84375 119.8312530517578125 119.99375152587890625 120.43125152587890625 119.55625152587890625 119.25 118.875 119.31874847412109375 119.31874847412109375 118.1687469482421875 117.8312530517578125 116.9875030517578125 113.69374847412109375 109.1374969482421875 105.05625152587890625 101.46250152587890625 96.125 92.3249969482421875 90.9187469482421875 87.4375 84.46250152587890625 80.28749847412109375 75.8125 71.28749847412109375 68.03749847412109375 64.83750152587890625 61.34375 59.856250762939453125 58.40000152587890625 56.8125 56.231250762939453125 55.36875152587890625 54.71250152587890625 54.375 54.40000152587890625
94.15625 89.8874969482421875 90.66249847412109375 94.7312469482421875 101.0749969482421875 104.4562530517578125 106.5 109.71875 112.78125 114.19374847412109375 114.49375152587890625 113.5437469482421875 113.4499969482421875 114.34375 114.3000030517578125 114.49375152587890625 114.19374847412109375 112.90625 112.25624847412109375 110.65625 108.25 102.2624969482421875 98.50624847412109375 94.78125 89.6875 85.875 83.4187469482421875 81.5 79.0124969482421875 74.84999847412109375 71.15625 66.69374847412109375 63.19374847412109375 60.393749237060546875 57.5625 55.581249237060546875 53.950000762939453125 52.762500762939453125 52.456249237060546875 51.83750152587890625 51.25624847412109375 51.143749237060546875 51.25624847412109375
91.46875 87.3249969482421875 86.6999969482421875 86.21250152587890625 92.40625 99.1687469482421875 102.8874969482421875 105.56874847412109375 108.49375152587890625 111.0500030517578125 111.1437530517578125 110.21875 110.4812469482421875 111.6750030517578125 111.2312469482421875 112.00624847412109375 111.74375152587890625 109.55625152587890625 108.1437530517578125 106.69374847412109375 102.4875030517578125 97.2312469482421875 92.90000152587890625 88.4250030517578125 84.34999847412109375 80.30625152587890625 77.90625 76.55625152587890625 74.13124847412109375 70.1125030517578125 66.65625 64.3000030517578125 60.90625 57.88124847412109375 54.84999847412109375 53.50624847412109375 51.918750762939453125 51.15000152587890625 51.206249237060546875 50.53749847412109375 48.59999847412109375 48.47499847412109375 48.65000152587890625
90.1750030517578125 86.8937530517578125 86.28125 85.875 88.91249847412109375 92.5437469482421875 97.3312530517578125 101.33750152587890625 103.33750152587890625 104.68125152587890625 106.0625 106.5124969482421875 107.7062530517578125 108.7312469482421875 108.8625030517578125 109.6125030517578125 109.65625 107.9499969482421875 105.3312530517578125 102.3249969482421875 97.21250152587890625 91.9875030517578125 86.5500030517578125 82.1437530517578125 78.7375030517578125 75.3874969482421875 73.34375 71.9812469482421875 69.34999847412109375 65.52500152587890625 62.71250152587890625 60.05625152587890625 57.387500762939453125 54.94374847412109375 52.36875152587890625 50.481250762939453125 49.09999847412109375 49.018749237060546875 49.94374847412109375 48.24375152587890625 46.08750152587890625 45.41249847412109375 45.549999237060546875
89.3874969482421875 86.5437469482421875 86.25624847412109375 87.75624847412109375 90.77500152587890625 94.6062469482421875 96.40625 96.0437469482421875 95.86875152587890625 97.80625152587890625 100.9499969482421875 102.7312469482421875 104.65000152587890625 105.80625152587890625 106.94374847412109375 106.6437530517578125 106.61875152587890625 105.11875152587890625 102.36875152587890625 97.25 92.34375 86.6875 81.27500152587890625 76.6062469482421875 73.05625152587890625 69.9562530517578125 67.81874847412109375 66.11875152587890625 64.3125 61.018749237060546875 58.58750152587890625 56.168750762939453125 53.674999237060546875 51.72499847412109375 48.93125152587890625 46.99375152587890625 45.543750762939453125 44.875 44.668750762939453125 43.38124847412109375 41.40625 40.706249237060546875 40.875
90.36875152587890625 88.52500152587890625 89.09375 90.56874847412109375 93.27500152587890625 96.0625 97.84999847412109375 97.61875152587890625 95.8562469482421875 95.08750152587890625 98.0749969482421875 100.21250152587890625 103.53749847412109375 104.56874847412109375 104.8937530517578125 104.15625 103.4375 101.7624969482421875 99.69374847412109375 94.50624847412109375 88.4187469482421875 83.3562469482421875 76.8000030517578125 73.15000152587890625 69.0437469482421875 65.36875152587890625 63.36875152587890625 62.237499237060546875 61.16249847412109375 58.106250762939453125 56.33750152587890625 52.99375152587890625 49.71875 46.81874847412109375 44.418750762939453125 43.299999237060546875 42.19374847412109375 40.99375152587890625 40.05625152587890625 38.75624847412109375 37.03125 36.237499237060546875 36.30625152587890625
90.53749847412109375 89.5812530517578125 90.6125030517578125 92.21250152587890625 95.40625 98.3000030517578125 100.0500030517578125 99.5812530517578125 98.6062469482421875 98.40000152587890625 99.41249847412109375 100.1999969482421875 102.65000152587890625 104.46250152587890625 102.9875030517578125 101.9187469482421875 99.5500030517578125 97.5749969482421875 95.4812469482421875 91.90625 86.0749969482421875 79.6750030517578125 72.9375 68.6999969482421875 64.0187530517578125 60.512500762939453125 58.94374847412109375 57.987499237060546875 57.125 55.049999237060546875 52.375 49.125 45.831249237060546875 43.362499237060546875 41.075000762939453125 39.71250152587890625 38.6875 37.34375 35.8125 34.418750762939453125 32.81874847412109375 32.21250152587890625 31.25
92.1125030517578125 91.5812530517578125 92.7937469482421875 94.28749847412109375 97.08750152587890625 100.8312530517578125 102.8625030517578125 101.2062530517578125 99.7062530517578125 99.6750030517578125 100.8312530517578125 102.03125 102.625 102.90625 100.1125030517578125 97.6125030517578125 94.1750030517578125 92.2062530517578125 90.28749847412109375 87.8562469482421875 83.8562469482421875 77.6374969482421875 70.46875 63.3125 59.53125 57.762500762939453125 56.46875 54.831249237060546875 53.237499237060546875 51.18125152587890625 48.856250762939453125 45.875 42.762500762939453125 40.012500762939453125 37.731250762939453125 36.200000762939453125 34.9375 33.50624847412109375 32.293750762939453125 30.46875 28.543750762939453125 27.643749237060546875 27.237499237060546875
93.5124969482421875 93.21250152587890625 94.50624847412109375 96.72499847412109375 99.38124847412109375 102.77500152587890625 105.44374847412109375 104.0437469482421875 101.71250152587890625 100.625 101.53125 102.16249847412109375 100.15000152587890625 98.21250152587890625 96.41249847412109375 93.28125 90.22499847412109375 87.4562530517578125 85.7375030517578125 84.9875030517578125 82.5500030517578125 76.5187530517578125 68.96250152587890625 61.24375152587890625 56.793750762939453125 54.174999237060546875 52.575000762939453125 51.15000152587890625 49.28749847412109375 47.41249847412109375 45.13124847412109375 42.456249237060546875 39.52500152587890625 37.262500762939453125 35.52500152587890625 33.981250762939453125 32.52500152587890625 31.09375 28.981250762939453125 26.712499618530273438 24.612499237060546875 23.493749618530273438 23.081249237060546875
94.34999847412109375 94.18125152587890625 95.1999969482421875 96.56874847412109375 98.52500152587890625 101.3874969482421875 103 102.16249847412109375 101.36875152587890625 100.9250030517578125 100.8000030517578125 100.46250152587890625 98.0187530517578125 92.9499969482421875 89.75624847412109375 87.69374847412109375 84.8562469482421875 82.69374847412109375 81.3562469482421875 80.5 78.8562469482421875 74.05625152587890625 66.8937530517578125 59.88124847412109375 53.78749847412109375 50.549999237060546875 49.49375152587890625 48.356250762939453125 46.8125 44.637500762939453125 41.88124847412109375 39.168750762939453125 36.65625 34.13124847412109375 32.4375 31.399999618530273438 30.78125 29.768749237060546875 28.024999618530273438 24.700000762939453125 21.674999237060546875 20.862499237060546875 20.09375
94.3125 93.96250152587890625 94.1999969482421875 95.09999847412109375 96.8625030517578125 98.38124847412109375 99.3000030517578125 99.69374847412109375 99.2624969482421875 99.5 98.50624847412109375 95.47499847412109375 92.2062530517578125 87.36875152587890625 82.5625 81.0749969482421875 78.7375030517578125 76.5500030517578125 74.77500152587890625 74.0749969482421875 72.4187469482421875 68.0812530517578125 62.875 58.200000762939453125 53.075000762939453125 49.19374847412109375 47.55625152587890625 45.91249847412109375 43.91249847412109375 41.799999237060546875 39.78125 36.86875152587890625 34.08750152587890625 31.631250381469726562 30.118749618530273438 29.950000762939453125 30.193750381469726562 30.4375 29.081249237060546875 26.193750381469726562 21.350000381469726562 18.78125 17.975000381469726562
92.7062530517578125 91.8312530517578125 91.8125 92.63124847412109375 94.2062530517578125 94.11875152587890625 95.56874847412109375 95.6750030517578125 95.1687469482421875 95.8312530517578125 94.0187530517578125 90.22499847412109375 85.97499847412109375 81.09999847412109375 75.80625152587890625 73.11875152587890625 71.5 70.25624847412109375 68.34375 67.78125 66.6374969482421875 63.956249237060546875 60.581249237060546875 57.737499237060546875 54.762500762939453125 51.36875152587890625 48.81874847412109375 45.862499237060546875 43.043750762939453125 40.856250762939453125 37.72499847412109375 34.875 32.5 29.975000381469726562 27.831249237060546875 28.575000762939453125 30.806249618530273438 33.41249847412109375 33.90000152587890625 30.84375 26.524999618530273438 22.868749618530273438 20.9375
90.0187530517578125 88.91249847412109375 89.31874847412109375 89.8625030517578125 90.3874969482421875 91.1999969482421875 91.83750152587890625 91.7062530517578125 91.65625 92.1374969482421875 90.0500030517578125 85.1750030517578125 80.16249847412109375 75.30625152587890625 70.44374847412109375 66.1125030517578125 64.44374847412109375 64.1750030517578125 62.71875 62.55625152587890625 61.418750762939453125 60.456249237060546875 59.418750762939453125 58.5625 56.612499237060546875 53.02500152587890625 49.575000762939453125 46.46250152587890625 43.52500152587890625 40.625 38.22499847412109375 34.768749237060546875 31.6875 29.4375 26.856250762939453125 29.012500762939453125 33.09375 36.40625 38.96875 37.38124847412109375 34.262500762939453125 28.831249237060546875 24.15625
86.0124969482421875 85.4499969482421875 86.28749847412109375 86.9562530517578125 87.25624847412109375 88.125 88.6062469482421875 88.8562469482421875 88.5812530517578125 88.16249847412109375 86.49375152587890625 81.15625 75.09999847412109375 69.7937469482421875 66.28125 62.65000152587890625 58.78125 58.09375 57.97499847412109375 57.762500762939453125 56.84375 56.8125 57.825000762939453125 59.206249237060546875 58.59999847412109375 54.11875152587890625 50.356250762939453125 47.106250762939453125 44.200000762939453125 41.56874847412109375 39.78749847412109375 37.81874847412109375 34.200000762939453125 31.350000381469726562 31.068750381469726562 32.69374847412109375 36.075000762939453125 42.049999237060546875 47.93125152587890625 44.25624847412109375 38.68125152587890625 32.02500152587890625 25.78125
81.28125 81.2062530517578125 81.4499969482421875 82.21875 83.28749847412109375 84.2062530517578125 84.2624969482421875 84.03749847412109375 84.27500152587890625 83.43125152587890625 81.7375030517578125 76.6875 70.875 65.80625152587890625 62.33750152587890625 59.375 55.981250762939453125 52.78125 53.53125 53.15000152587890625 52.987499237060546875 52.893749237060546875 54.5625 57.112499237060546875 57.71250152587890625 54.168750762939453125 51.262500762939453125 48.174999237060546875 44.91249847412109375 41.768749237060546875 39.66249847412109375 37.768749237060546875 38.03125 38.15000152587890625 36.356250762939453125 35.575000762939453125 39.94374847412109375 45.09999847412109375 47.50624847412109375 44.737499237060546875 37.88124847412109375 31.512500762939453125 26.143749237060546875
76.34999847412109375 76.1875 76.4499969482421875 77.68125152587890625 78.59375 79.59375 79.65000152587890625 80.1875 80.1999969482421875 79.52500152587890625 77.7687530517578125 72.66249847412109375 66.9499969482421875 62.3125 58.637500762939453125 56.40625 53.81874847412109375 50.375 49.09375 48.81874847412109375 49.893749237060546875 52.793750762939453125 50.581249237060546875 52.93125152587890625 54.68125152587890625 54.4375 52.6875 49.50624847412109375 47.325000762939453125 43.706249237060546875 40.831249237060546875 41.80625152587890625 45.28749847412109375 45.46875 44.299999237060546875 43.40625 44.21875 45.0625 44.66249847412109375 41.112499237060546875 35.44374847412109375 30.325000762939453125 26.212499618530273438
