data/historical-monthly-weather-data/wc2.1_cruts4.09_10m_prec_2005-02.asc
ncols        45
nrows        45
xllcorner    -63.500000000000
yllcorner    -7.500000000000
cellsize     0.166666666667
NODATA_value -9999
[rows 0 to 19 of 45, columns 0 to 44 of 45]
237.5437469482421875 237.6374969482421875 234.712493896484375 235.7062530517578125 233.5749969482421875 236.2937469482421875 236.837493896484375 233.318756103515625 228.0625 226.806243896484375 230.6687469482421875 230.0749969482421875 227.875 217.7687530517578125 208.0500030517578125 198.537506103515625 190.6062469482421875 179.3125 173.225006103515625 168.537506103515625 168.1125030517578125 168.3874969482421875 170.475006103515625 171.818756103515625 173.881256103515625 176.306243896484375 177.600006103515625 178.662506103515625 179.899993896484375 179.1687469482421875 178.8312530517578125 179.03125 180.337493896484375 182.4187469482421875 185.4375 189.743743896484375 192.625 194.993743896484375 197.9562530517578125 199.274993896484375 201.625 203.1687469482421875 203.006256103515625 205.6750030517578125 206.118743896484375
247.743743896484375 246.96875 246.78125 245.6875 245.850006103515625 251.756256103515625 254.1374969482421875 257.225006103515625 258.287506103515625 258.243743896484375 258.95001220703125 253.681243896484375 247 237.40625 225.368743896484375 213.1374969482421875 202.493743896484375 190.524993896484375 181.40625 173.649993896484375 172.0124969482421875 172.5187530517578125 174.024993896484375 174.9499969482421875 175.756256103515625 177.9250030517578125 178.75 180.34375 181.462493896484375 181.59375 181.100006103515625 183.118743896484375 186.375 191 194.975006103515625 199.3562469482421875 202.5500030517578125 204.6062469482421875 207.15625 208.212493896484375 209.943756103515625 210.7375030517578125 209.787506103515625 211.25 211.3312530517578125
258.98748779296875 258.38751220703125 257.412506103515625 256.73748779296875 258.11248779296875 264.225006103515625 271.38751220703125 280.056243896484375 285.931243896484375 286.912506103515625 284.51251220703125 276.024993896484375 265.868743896484375 253.4187469482421875 238.556243896484375 224.125 211.131256103515625 200.318756103515625 191.1437530517578125 183.8562469482421875 182.399993896484375 184.1687469482421875 184.8125 184.693756103515625 186 186.068756103515625 186.6437530517578125 188.3874969482421875 188.4375 188.5187530517578125 189.96875 192.3000030517578125 196.631256103515625 200.4375 205.59375 208.6687469482421875 212.0812530517578125 215.2312469482421875 216.6125030517578125 217.3937530517578125 218.3562469482421875 217.912506103515625 216.3562469482421875 215.181243896484375 215.90625
267.587493896484375 267.51251220703125 268.0625 267.837493896484375 272.73126220703125 278.29998779296875 288.274993896484375 301.16876220703125 311.70001220703125 315.75 310.681243896484375 296.725006103515625 280.774993896484375 264.95623779296875 248.743743896484375 232.84375 218.837493896484375 207.2062530517578125 199.899993896484375 196.1750030517578125 196.100006103515625 197.0625 196.693756103515625 195.7937469482421875 195.1999969482421875 194.287506103515625 195.4812469482421875 196.46875 196.2687530517578125 197.7312469482421875 199.306243896484375 203.7062530517578125 207.2312469482421875 211.5749969482421875 215.681243896484375 219.625 222.9187469482421875 225.4499969482421875 227.4875030517578125 228.212493896484375 227.2062530517578125 225.662506103515625 223.225006103515625 220.3625030517578125 220.53125
282.33123779296875 278.76251220703125 275.631256103515625 276.725006103515625 282.64373779296875 290.70623779296875 300.79376220703125 317.73748779296875 335.625 345.26873779296875 332.08123779296875 310.725006103515625 293.26873779296875 276.337493896484375 257.493743896484375 240.631256103515625 226.2624969482421875 214.6062469482421875 209.9250030517578125 208.568756103515625 209.5187530517578125 208.975006103515625 208.75 207.1062469482421875 204.787506103515625 203.1125030517578125 202.243743896484375 202.40625 204.5437469482421875 207.28125 210.3125 213.9875030517578125 218.818756103515625 223.34375 227.21875 231.037506103515625 234.9812469482421875 237.8937530517578125 239.693756103515625 238.837493896484375 237.681243896484375 233.90625 229.287506103515625 225.368743896484375 223.5812530517578125
293.068756103515625 291.125 286.21875 284.962493896484375 289.86248779296875 300.125 312.587493896484375 329.399993896484375 349.35626220703125 363.631256103515625 345.318756103515625 322.1875 304.63751220703125 288.51251220703125 270.881256103515625 255.9250030517578125 240.8312530517578125 230.3375091552734375 227.287506103515625 226.90625 225.7687530517578125 224.40625 223.15625 220.1062469482421875 216.443756103515625 214.912506103515625 214.6062469482421875 214.4562530517578125 215.787506103515625 218.506256103515625 221.6750030517578125 225.368743896484375 228.693756103515625 234.712493896484375 239.1125030517578125 242.8125 247.09375 250.1999969482421875 252.6687469482421875 251.4499969482421875 247.725006103515625 242.4250030517578125 236.681243896484375 231.4250030517578125 226.818756103515625
304.64373779296875 302.443756103515625 298.337493896484375 294.5625 297.60626220703125 305.54998779296875 316.54376220703125 328.0625 341.25 345.67498779296875 339.118743896484375 324.962493896484375 310.83123779296875 297.45623779296875 283.65625 270.95623779296875 259.881256103515625 253.8062591552734375 250.9250030517578125 247.5187530517578125 242.4499969482421875 239.4812469482421875 235.4812469482421875 231.506256103515625 229.787506103515625 227.2687530517578125 227.21875 228.056243896484375 227.712493896484375 229.53125 233.681243896484375 237.287506103515625 241.0749969482421875 244.0187530517578125 247.96875 253.4562530517578125 257.618743896484375 261.60626220703125 265.537506103515625 263.725006103515625 257.274993896484375 251.03125 244.6750030517578125 238.1374969482421875 232.037506103515625
315.225006103515625 310.818756103515625 306.33123779296875 305.243743896484375 307.193756103515625 311.26251220703125 315.98748779296875 319.73748779296875 322.318756103515625 324.743743896484375 327.625 323.75 315.70623779296875 304.5 294.024993896484375 285.04998779296875 277.21875 275.475006103515625 274.975006103515625 267.48126220703125 258.318756103515625 252.556243896484375 247.0812530517578125 243.537506103515625 241.806243896484375 239.3312530517578125 239.443756103515625 239.681243896484375 240.443756103515625 241.899993896484375 244.162506103515625 248.28125 251.462493896484375 254.5500030517578125 257.556243896484375 261.993743896484375 266.42498779296875 270.162506103515625 272.78125 271.34375 266.13751220703125 260.193756103515625 253.4875030517578125 245.5187530517578125 240.4250030517578125
325.36248779296875 320.79998779296875 316.01873779296875 314.837493896484375 315.03125 315.29998779296875 317.600006103515625 317.162506103515625 313.743743896484375 314.95623779296875 322 324.42498779296875 320.618743896484375 312.818756103515625 304.73126220703125 299.20623779296875 293.48126220703125 290.806243896484375 290.131256103515625 280.98748779296875 269.375 262.587493896484375 257.162506103515625 256.14373779296875 254.5 251.8312530517578125 250.787506103515625 250.600006103515625 251.59375 252.1687469482421875 254.243743896484375 257.725006103515625 260.11248779296875 262.100006103515625 264.475006103515625 269.537506103515625 274.181243896484375 278 281.225006103515625 280.54376220703125 276.07501220703125 270.756256103515625 265.10626220703125 258.17498779296875 254.7375030517578125
334.868743896484375 330.20623779296875 326.037506103515625 323.36248779296875 321.787506103515625 320.57501220703125 322.29998779296875 321.431243896484375 321.61248779296875 323.493743896484375 329.318756103515625 329.368743896484375 328 320.98126220703125 316.03125 310.98748779296875 305.86248779296875 301.256256103515625 295.024993896484375 286.75 276.86248779296875 271.03125 267.35626220703125 268.881256103515625 267.5 264.287506103515625 263.375 261.774993896484375 263.024993896484375 263.074981689453125 263.07501220703125 265.10626220703125 267.26251220703125 269.9375 272.587493896484375 277.256256103515625 282.07501220703125 285.118743896484375 288.256256103515625 289.15625 287.087493896484375 283.006256103515625 277.13751220703125 269.681243896484375 268.493743896484375
342.618743896484375 337.57501220703125 333.256256103515625 330.01251220703125 327.20001220703125 325.71875 326.67498779296875 328.07501220703125 330.48126220703125 333.931243896484375 339.76873779296875 340.28125 337.131256103515625 330.28125 326.274993896484375 321.98748779296875 316.193756103515625 308.04998779296875 298.90625 290.5625 280.850006103515625 275.95001220703125 275.837493896484375 276.756256103515625 279.59375 276.181243896484375 273.82501220703125 272.925018310546875 272.45623779296875 271.15625 271.118743896484375 272.0625 273.368743896484375 275.743743896484375 279.48126220703125 284.837493896484375 288.412506103515625 292.556243896484375 295.756256103515625 296.4375 295.42498779296875 291.59375 286.58123779296875 280.0625 279.13751220703125
349.10626220703125 343.75 338.568756103515625 335.57501220703125 333.3125 331.86248779296875 332.73748779296875 336.36248779296875 339.243743896484375 343.32501220703125 349.912506103515625 352.98126220703125 349.024993896484375 341.82501220703125 337.462493896484375 331.125 324.181243896484375 313.17498779296875 301.318756103515625 290.70623779296875 280.4375 277.287506103515625 281.431243896484375 287.34375 290.037506103515625 284.912506103515625 281.17498779296875 279.443756103515625 278.85626220703125 278.13751220703125 277.48126220703125 276.993743896484375 278.25 280.11248779296875 283.399993896484375 289.15625 294.76251220703125 299.506256103515625 303.04376220703125 304.4375 304.412506103515625 299.962493896484375 292.45001220703125 283.493743896484375 281.01873779296875
351.125 346.82501220703125 342.76873779296875 339.66876220703125 338.868743896484375 338.350006103515625 340.3125 343.318756103515625 346.09375 351.76251220703125 358.07501220703125 362.96875 360.48126220703125 352.11248779296875 346.29376220703125 338.11248779296875 329.868743896484375 318.668731689453125 306.96875 294.537506103515625 281.01873779296875 279.28125 285.712493896484375 291.57501220703125 291.868743896484375 287.54376220703125 286.01873779296875 284.725006103515625 283.73748779296875 282.881256103515625 282.024993896484375 281.087493896484375 280.774993896484375 282.75 286.14373779296875 291.64373779296875 297.475006103515625 304.41876220703125 309.10626220703125 311.40625 313.08123779296875 307.087493896484375 295.274993896484375 283.443756103515625 278.40625
351.45623779296875 347.73126220703125 344.375 342.181243896484375 342.51251220703125 342.443756103515625 345.70623779296875 349.07501220703125 352.462493896484375 356.9375 361.6875 365.631256103515625 364.899993896484375 360.45623779296875 352.118743896484375 344.193756103515625 334.412506103515625 324.181243896484375 312.66876220703125 302.443756103515625 292.975006103515625 289.89373779296875 292.024993896484375 293.568756103515625 292.73126220703125 289.524993896484375 289.162506103515625 288.20001220703125 287.837493896484375 285.5 284.29998779296875 282.48126220703125 281.631256103515625 283.48748779296875 286.399993896484375 292.725006103515625 300.70623779296875 309.037506103515625 315.71875 318.65625 317.943756103515625 307.04998779296875 295.58123779296875 285.181243896484375 280.818756103515625
352.51873779296875 348.068756103515625 345.35626220703125 345.006256103515625 344.318756103515625 345.649993896484375 350.01873779296875 353.04998779296875 357.068756103515625 361.14373779296875 363.98748779296875 368.1875 368.17498779296875 364.58123779296875 356.618743896484375 347.412506103515625 338.23748779296875 328.125 318.28125 310.5625 303.03125 298.149993896484375 297.33123779296875 296.881256103515625 294.85626220703125 293.29376220703125 293.21875 291.89373779296875 291.118743896484375 288.818756103515625 285.368743896484375 281.70001220703125 280.58123779296875 280.84375 283.54376220703125 289.66876220703125 300.024993896484375 311.29376220703125 319.17498779296875 321.45623779296875 316.46875 307.54998779296875 297.96875 287.28125 282.125
351.64373779296875 346.79376220703125 344.73126220703125 344.774993896484375 345.41876220703125 347.350006103515625 351.76873779296875 354.29376220703125 359.149993896484375 364.59375 367.875 372.48126220703125 373.350006103515625 369.443756103515625 360.86248779296875 348.86248779296875 341.149993896484375 333.350006103515625 325.46875 319.0625 310.993743896484375 305.037506103515625 302.125 301.600006103515625 298.28125 295.51251220703125 294.649993896484375 294.475006103515625 294.70001220703125 292.037506103515625 288.23748779296875 282 276.899993896484375 274.76251220703125 274.975006103515625 282.41876220703125 295.04376220703125 310.04376220703125 321.66876220703125 324.54376220703125 318.89373779296875 308.48748779296875 297.6875 286.8125 280.38751220703125
347.32501220703125 344.068756103515625 342.287506103515625 342.806243896484375 344.462493896484375 347.068756103515625 351.506256103515625 355.118743896484375 360.618743896484375 366.962493896484375 372.337493896484375 378.34375 380.76251220703125 377.756256103515625 367.89373779296875 354.91876220703125 344.087493896484375 335.6875 328.54376220703125 323.475006103515625 316.78125 310.59375 305.83123779296875 304.63751220703125 302.068756103515625 296.98748779296875 294.60626220703125 295.756256103515625 297.625 296.306243896484375 291.375 283.181243896484375 274.368743896484375 266.01251220703125 264.41876220703125 271.8125 285.65625 306.743743896484375 326.29376220703125 325.368743896484375 316.068756103515625 305.26873779296875 293.10626220703125 282.15625 277.0625
339.96875 337.75 338.118743896484375 340.162506103515625 342.29998779296875 345.600006103515625 350.743743896484375 355.11248779296875 360.9375 367.212493896484375 374.1875 383.23126220703125 389.024993896484375 386.67498779296875 376.48126220703125 362.868743896484375 346.9375 332.806243896484375 326.987518310546875 321.368743896484375 317.125 310.29998779296875 303.01873779296875 300.45623779296875 298.48126220703125 295.131256103515625 292.506256103515625 295.625 299.6875 299.70623779296875 293.95001220703125 279.70001220703125 267.71875 256.73748779296875 251.3312530517578125 255.1999969482421875 273.33123779296875 294.818756103515625 312.443756103515625 314.693756103515625 306.41876220703125 296.431243896484375 286.14373779296875 277.13751220703125 273.024993896484375
331.287506103515625 330.4375 331.73126220703125 333.618743896484375 336.90625 342.556243896484375 347.53125 353.54998779296875 360.6875 366.818756103515625 375.149993896484375 385.28125 394.26251220703125 397.34375 384.54376220703125 365.681243896484375 346.84375 328.881256103515625 319.4375 314.51251220703125 311.943756103515625 306.15625 294.79998779296875 292.837493896484375 292.53125 292.556243896484375 293.068756103515625 296.76873779296875 302.5 304.524993896484375 299.649993896484375 282.568756103515625 264.95623779296875 247.1125030517578125 236.1875 241.100006103515625 259.20001220703125 279.037506103515625 294.0625 297.71875 293.743743896484375 285.11248779296875 277.60626220703125 271.0625 268.04376220703125
322.725006103515625 321.3125 323.15625 325.681243896484375 330.556243896484375 337.53125 344.475006103515625 349.91876220703125 357.20623779296875 363.837493896484375 371.41876220703125 382.649993896484375 395.85626220703125 405.881256103515625 388.774993896484375 361.51873779296875 337.9375 321.337493896484375 310.850006103515625 304.993743896484375 298.693756103515625 290.850006103515625 284.8125 284.3125 285.76251220703125 287.725006103515625 291.42498779296875 297.59375 302.26873779296875 303.51251220703125 296.975006103515625 283.29998779296875 261.45623779296875 237.9187469482421875 220.899993896484375 228.4250030517578125 249.943756103515625 269.6875 281.88751220703125 285.88751220703125 281.98748779296875 274.23126220703125 270.48748779296875 266.59375 264.774993896484375
