data/historical-monthly-weather-data/wc2.1_cruts4.09_10m_prec_2004-03.asc
ncols        51
nrows        45
xllcorner    -63.500000000000
yllcorner    -7.500000000000
cellsize     0.166666666667
NODATA_value -9999
[rows 0 to 19 of 45, columns 0 to 44 of 51]
249.8562469482421875 247.881256103515625 242.6374969482421875 244.0187530517578125 242.65625 239.8125 232.5812530517578125 225.0437469482421875 217.4250030517578125 213.837493896484375 214.443756103515625 215.962493896484375 217.6750030517578125 216.4312591552734375 216.09375 215.5437469482421875 217.556243896484375 215.5625 216.4250030517578125 217.024993896484375 219.881256103515625 221.8625030517578125 224.662506103515625 225.524993896484375 228.587493896484375 231.587493896484375 234.837493896484375 241.431243896484375 246.8874969482421875 248.431243896484375 253.818756103515625 256.48126220703125 260.73126220703125 267.16876220703125 272.95001220703125 279.04376220703125 283.962493896484375 289.462493896484375 296.318756103515625 301.806243896484375 307.57501220703125 312.85626220703125 316.48126220703125 321.118743896484375 322.01873779296875
262.162506103515625 261.225006103515625 262.912506103515625 266.006256103515625 267.743743896484375 264.068756103515625 256.350006103515625 249.8625030517578125 245.256256103515625 241.8125 241.243743896484375 240.6750030517578125 240.306243896484375 238.4250030517578125 236.5500030517578125 235.2624969482421875 235.524993896484375 234.71875 233.850006103515625 233.5 235.493743896484375 237.4562530517578125 240.462493896484375 242.0437469482421875 244.1687469482421875 246.931243896484375 249.65625 255.993743896484375 260.35626220703125 261.88751220703125 264.98748779296875 269.40625 272.381256103515625 280.03125 283.943756103515625 290.412506103515625 296.625 301.806243896484375 308.29376220703125 313.17498779296875 319.475006103515625 324.23748779296875 327.399993896484375 331.11248779296875 332.381256103515625
271.57501220703125 272.806243896484375 277.306243896484375 282.21875 284.318756103515625 281.568756103515625 278.462493896484375 275.899993896484375 272.806243896484375 270.79376220703125 267.306243896484375 264.087493896484375 262.42498779296875 259.79376220703125 257.01251220703125 256.04376220703125 255.3312530517578125 255.056243896484375 253.8000030517578125 253.3000030517578125 255.6999969482421875 258.45001220703125 260.13751220703125 262.04376220703125 264.20001220703125 264.96875 267.48748779296875 272.774993896484375 275.35626220703125 275.5625 278.78125 282.306243896484375 286.125 290.79998779296875 297.33123779296875 301.5 307.98126220703125 315.17498779296875 321.756256103515625 328.587493896484375 335.23748779296875 339.23126220703125 341.912506103515625 344.14373779296875 346.131256103515625
277.931243896484375 282.29998779296875 291.456268310546875 297.15625 300.699981689453125 298.868743896484375 298.625 299.649993896484375 300.53125 299.48748779296875 294.42498779296875 287.73126220703125 282.70623779296875 278.60626220703125 275.96875 274.38751220703125 275.08123779296875 275.9375 275.75 275.243743896484375 278.73748779296875 280.39373779296875 280.225006103515625 281.46875 283 283.15625 285.018768310546875 286.9375 288.46875 289.13751220703125 289.962493896484375 294.53125 297.600006103515625 301.65625 307.087493896484375 313.48748779296875 320.67498779296875 328.41876220703125 337.493743896484375 344.75 350.350006103515625 354.98126220703125 357.66876220703125 358.5625 359.631256103515625
292.38751220703125 295.34375 301.475006103515625 309.556243896484375 314.625 314.475006103515625 314.462493896484375 318.08123779296875 323.33123779296875 325.931243896484375 318.76251220703125 307.949981689453125 301.28125 298.25 294.306243896484375 293.568756103515625 293.850006103515625 296.67498779296875 296.15625 295.162506103515625 299.125 299.743743896484375 300.568756103515625 301.79376220703125 302.15625 301.91876220703125 300.818756103515625 301.26873779296875 304.3125 302.087493896484375 303.475006103515625 305.14373779296875 310.16876220703125 315 320.17498779296875 327.26251220703125 334.4375 341.98126220703125 352.943756103515625 360.59375 368.32501220703125 371.17498779296875 372.912506103515625 374.48748779296875 373.04998779296875
304.96875 309.024993896484375 316.962493896484375 321.32501220703125 322.09375 322.537506103515625 322.774993896484375 325.350006103515625 331.70001220703125 336.89373779296875 326.98126220703125 316.20001220703125 311.73748779296875 308.26873779296875 306.193756103515625 306.16876220703125 307.70001220703125 311.274993896484375 313.23126220703125 312.931243896484375 315.98748779296875 317.881256103515625 319.21875 319.17498779296875 319.03125 319.5625 317.98126220703125 316.42498779296875 316.462493896484375 315.443756103515625 315.375 317.45623779296875 321.024993896484375 329.28125 336.899993896484375 343.58123779296875 352.95001220703125 361.375 374.16876220703125 385.41876220703125 392.475006103515625 395.975006103515625 397.76251220703125 398.54998779296875 395.056243896484375
315.29998779296875 318.837493896484375 325.243743896484375 326.54998779296875 324.212493896484375 322.868743896484375 322.01251220703125 320.66876220703125 320.53125 320.399993896484375 319.40625 315.76873779296875 314.712493896484375 314 314.225006103515625 315.45001220703125 318.04998779296875 321.57501220703125 324.431243896484375 328.743743896484375 331.26251220703125 334.70623779296875 336.01873779296875 336.15625 336.34375 335.681243896484375 333.64373779296875 330.70623779296875 327.587493896484375 324.912506103515625 327.4375 329 333.412506103515625 340.350006103515625 349.393768310546875 358.48126220703125 367.524993896484375 377.32501220703125 395.79998779296875 407.537506103515625 412.756256103515625 417.125 419.125 420.181243896484375 418.29376220703125
321.09375 323.725006103515625 327 328.01251220703125 326.90625 324.1875 318.118743896484375 308.962493896484375 300.63751220703125 300.350006103515625 307.3125 311.45001220703125 315.774993896484375 318.75 320.73748779296875 323.57501220703125 325.324981689453125 328.76873779296875 333.65625 339.931243896484375 344.92498779296875 349.41876220703125 352.29376220703125 352 353.987518310546875 351.64373779296875 347.14373779296875 342.88751220703125 337.443756103515625 334.38751220703125 334.98126220703125 339.66876220703125 343.875 351.32501220703125 360.787506103515625 370.237518310546875 380.274993896484375 390.806243896484375 409.76251220703125 422.625 430.568756103515625 435.32501220703125 437.868743896484375 438.85626220703125 434.899993896484375
325.600006103515625 327.243743896484375 330.506256103515625 331.51873779296875 329.462493896484375 325.649993896484375 318.100006103515625 306.1875 290.787506103515625 286.67498779296875 299.131256103515625 308.225006103515625 316.381256103515625 320.024993896484375 324.46875 329.46875 332.70623779296875 336.42498779296875 343.274993896484375 349.850006103515625 352.568756103515625 359.35626220703125 363.149993896484375 368.837493896484375 370.875 367.012481689453125 358.90625 351.868743896484375 347.337493896484375 343.25 344.5 349.399993896484375 354.01251220703125 360.79998779296875 369.193756103515625 380.868743896484375 394.375 406.162506103515625 425.95001220703125 439.993743896484375 449.662506103515625 454.71875 458.48748779296875 459.45001220703125 451.23126220703125
329.9375 330.70623779296875 332.912506103515625 333.60626220703125 332.506256103515625 329 322.67498779296875 312.51251220703125 301.28125 298.08123779296875 304.850006103515625 310.28125 317.837493896484375 322.756256103515625 328.431243896484375 335.193756103515625 340.881256103515625 344.78125 350.5625 356.806243896484375 360.08123779296875 367.92498779296875 376.17498779296875 385.95623779296875 385.92498779296875 381.1875 372.100006103515625 363.087493896484375 355.850006103515625 350.493743896484375 350.693756103515625 357.5625 363.76251220703125 371.79998779296875 380.0625 392.23126220703125 406.33123779296875 420.868743896484375 442.287506103515625 459.45623779296875 471.868743896484375 478.274993896484375 479.33123779296875 474.706268310546875 466.256256103515625
333.76251220703125 334.34375 335.26873779296875 336.15625 336.399993896484375 334.66876220703125 330.01251220703125 321.318756103515625 314.181243896484375 312.36248779296875 314.82501220703125 318.45623779296875 322.756256103515625 328.125 334.71875 341.67498779296875 347.993743896484375 351.96875 355.88751220703125 361.40625 367.568756103515625 376.63751220703125 389.4375 397.806243896484375 403.03125 394.475006103515625 383.70001220703125 376.056243896484375 366.89373779296875 359.431243896484375 360.524993896484375 366.07501220703125 371.837493896484375 379.78125 388.90625 401.54376220703125 416.36248779296875 432.58123779296875 455.712493896484375 476.931243896484375 491.48748779296875 496.193756103515625 494.649993896484375 488.212493896484375 477.537506103515625
335.806243896484375 336.725006103515625 337.67498779296875 339.57501220703125 339.26251220703125 339.65625 337.75 331.625 326.431243896484375 323.975006103515625 324.5625 326.90625 329.88751220703125 334.756256103515625 343.60626220703125 350.41876220703125 353.92498779296875 356.21875 359.443756103515625 363.493743896484375 367.399993896484375 378.274993896484375 395.29376220703125 411.256256103515625 414.39373779296875 399.23748779296875 387.556243896484375 380.51873779296875 375.73748779296875 372.787506103515625 370.5625 373.45001220703125 377.725006103515625 384.20001220703125 392.056243896484375 408.46875 426.66876220703125 445.26251220703125 468.681243896484375 492.86248779296875 510.04376220703125 512.13751220703125 504.618743896484375 488.8125 471.118743896484375
337.412506103515625 338.125 339.82501220703125 340.899993896484375 341.756256103515625 343.587493896484375 342.443756103515625 339.143768310546875 334.943756103515625 333.88751220703125 335.481231689453125 337.693756103515625 341.73126220703125 344.29998779296875 351.75 357.600006103515625 359.90625 362.07501220703125 365.431243896484375 366.90625 366.73126220703125 377.08123779296875 393.51873779296875 406.51251220703125 402.26873779296875 390.837493896484375 388.51251220703125 386.431243896484375 385.08123779296875 384.11248779296875 382.60626220703125 381.65625 382.975006103515625 387.8125 394.92498779296875 411.681243896484375 432.431243896484375 453.95001220703125 480.60626220703125 508.350006103515625 529.5250244140625 528.1624755859375 507.837493896484375 485.712493896484375 461.91876220703125
337.33123779296875 338.84375 340.46875 341.712493896484375 343.73126220703125 344.337493896484375 345.33123779296875 345.51873779296875 344.61248779296875 344.14373779296875 345.10626220703125 348.36248779296875 352.037506103515625 356.76873779296875 359.25 364.51873779296875 366.04998779296875 366.975006103515625 369.068756103515625 371.3125 373.89373779296875 380.85626220703125 390.806243896484375 396.868743896484375 394.125 389.581268310546875 390.29998779296875 390.943756103515625 391.5625 391.881256103515625 392.64373779296875 391.29376220703125 388.21875 388.79376220703125 394.412506103515625 413.962493896484375 438.34375 461.618743896484375 488.33123779296875 515.25 535.71246337890625 525.6187744140625 507.75 490.75 468.962493896484375
336.42498779296875 336.756256103515625 338.84375 342.09375 344.9375 346.118743896484375 349.056243896484375 351.381256103515625 351.225006103515625 351.524993896484375 353.681243896484375 357.20623779296875 361.118743896484375 365.23126220703125 364.8125 368.28125 368.92498779296875 370.82501220703125 371.73126220703125 373.368743896484375 376.71875 381.3125 386.92498779296875 391.84375 393.806243896484375 395.587493896484375 397.58123779296875 399.3125 401.912506103515625 403.20623779296875 400.70623779296875 397.41876220703125 393.78125 388.068756103515625 389.274993896484375 412.662506103515625 441.34375 466.91876220703125 488.0625 505.337493896484375 513.8062744140625 511.618743896484375 507.57501220703125 495.350006103515625 477.225006103515625
332.868743896484375 333.86248779296875 337.068756103515625 341.006256103515625 344.912506103515625 348.975006103515625 352.056243896484375 354.65625 357.54376220703125 359.943756103515625 361.600006103515625 366.36248779296875 370.8125 374.125 373.412506103515625 372.63751220703125 371.743743896484375 373.41876220703125 373.83123779296875 375.756256103515625 377.58123779296875 379.837493896484375 383.51251220703125 388.868743896484375 393.375 399.14373779296875 403.51873779296875 408.04376220703125 413.868743896484375 415.15625 413.90625 408.98126220703125 400.725006103515625 393.70001220703125 392.11248779296875 423.92498779296875 452.100006103515625 469.48748779296875 482.95001220703125 495.006256103515625 501.35626220703125 503.899993896484375 503.8125 497.01873779296875 481.28125
329.725006103515625 331.818756103515625 334.58123779296875 339.65625 345.193756103515625 350.01873779296875 355.57501220703125 359.462493896484375 363.07501220703125 366.67498779296875 368.71875 374.787506103515625 380.306243896484375 382.375 382.5625 379.181243896484375 373.61248779296875 372.756256103515625 374.350006103515625 375.46875 376.350006103515625 377.98126220703125 381.29998779296875 387.737518310546875 395.149993896484375 401.03125 407.649993896484375 415.4375 422.08123779296875 426.1875 426.431243896484375 422.037506103515625 414.39373779296875 411.725006103515625 425.068756103515625 454.13751220703125 471.806243896484375 479.649993896484375 483.850006103515625 488.90625 496.725006103515625 500.506256103515625 499.506256103515625 495.225006103515625 483.63751220703125
324.65625 327.662506103515625 332.712493896484375 339.537506103515625 346.1875 351.818756103515625 357.54376220703125 363.20623779296875 368.07501220703125 372.0625 375.51251220703125 383.162506103515625 387.256256103515625 390.23748779296875 388.875 383.20623779296875 376.662506103515625 367.743743896484375 371.89373779296875 372.375 374.3125 374.662506103515625 375.899993896484375 382.9375 391.57501220703125 401.881256103515625 408.412506103515625 419.26251220703125 429.96875 434.899993896484375 434.04998779296875 423.48748779296875 419.125 424.462493896484375 446.287506103515625 487.57501220703125 490.13751220703125 485.8125 483.60626220703125 488.125 491.23748779296875 494.056243896484375 494.806243896484375 491.45623779296875 480.587493896484375
318.712493896484375 322.875 328.79376220703125 336.95001220703125 345.868743896484375 353.881256103515625 361.131256103515625 367.76873779296875 372.70623779296875 377.25 381.13751220703125 385.912506103515625 392.399993896484375 396.743743896484375 392.20623779296875 384.39373779296875 375.59375 365.462493896484375 363.07501220703125 364.09375 367.82501220703125 369.743743896484375 365.39373779296875 374.23748779296875 385.837493896484375 399.037506103515625 409.25 419.725006103515625 432.787506103515625 440.568756103515625 441.993743896484375 427.15625 416.45001220703125 412.35626220703125 426.39373779296875 462.212493896484375 472.91876220703125 476.48126220703125 481 484.25 488.287506103515625 489.350006103515625 490.75 489.17498779296875 479.23126220703125
309.63751220703125 315.98126220703125 323.1875 332.774993896484375 343.618743896484375 354.36248779296875 363.618743896484375 371.662506103515625 377.225006103515625 381.125 384.443756103515625 388.350006103515625 395.662506103515625 401.881256103515625 393.21875 379.225006103515625 365.881256103515625 360.931243896484375 356.23126220703125 355.45623779296875 355.20001220703125 353.756256103515625 354.6875 363.76873779296875 376.556243896484375 390.225006103515625 402.6875 416.625 428.35626220703125 433.118743896484375 431.25 420.875 401.975006103515625 384.10626220703125 377.274993896484375 405.912506103515625 440.375 460.90625 473.64373779296875 481.84375 485.84375 486.725006103515625 489.20001220703125 489.056243896484375 481.024993896484375
