data/historical-monthly-weather-data/wc2.1_cruts4.09_10m_tmax_1969-11.asc
ncols        45
nrows        45
xllcorner    -63.500000000000
yllcorner    -7.500000000000
cellsize     0.166666666667
NODATA_value -9999
32.125 32.5625 32.125 32.25 32 32.5 32.4375 32.125 32.125 32.0625 32.0625 32.8125 33 33 32.9375 32.8125 32.9375 32.5625 32 32.5 32.8125 32.625 32.875 33 33 33 33 32.3125 32 32 32 32.5625 32.8125 32.5625 32.0625 32.3125 32.9375 33 32.6875 32.9375 32.875 32.875 32.125 32 32.0625 
32 32.0625 32 32 32 32 32 32 32 32 32 32.0625 32.5 32.1875 32.375 32.125 32.25 32 32 32 32.5 32.5 32.3125 32.625 32.875 33 33 32.25 32 32.1875 32.1875 32.375 32.5625 32 32.125 32 32.4375 33 33 33 32.9375 33 32.875 32.0625 32 
32 32 32 32 32 32 32 32 32 32 32 32 32 32.0625 32 32.0625 32.0625 32 32.0625 32 32.25 32 32 32.0625 32.1875 32.9375 32.8125 32 32.1875 32.9375 32.0625 32.5 32.8125 32.5 32.125 32.5625 32.875 32.875 33 33 32.875 32.875 32.875 32.4375 32 
32 32 32 32 32 32 32 32 32 32 32 32 32 32 32 32 32 32 32 32 32 32 32 32 32.0625 32.8125 32.6875 32.3125 32.9375 33 32.875 32.25 32.9375 33 33 33 33 32.875 32.9375 33 33 33 32.875 32.8125 32 
32 32 32 32 32 32 32 32 32 32 32 32 32 32 32 32 32 32 32 32.375 32.0625 32 32.3125 32.0625 32.0625 32.875 33 32.875 32.625 33 32.9375 32.75 32.625 32.8125 33 33 33 33 33 33 32.9375 33 33 32.9375 32.75 
32 32 32 32 32 32 32 32 32 32 32 32 32 32 32 32 32 32 32.0625 32.25 32 32 32 32.5 32.9375 32.625 32.8125 33 32.75 32.625 33 33 32.75 32.0625 32.3125 32.9375 32.8125 33 33 33 32.8125 33 32.9375 32.875 33 
32 32 32 32 32 32 32 32 32 32 32 32 32 32 32 32 32 32 32.5 32 32.0625 32 32.625 32.75 32.625 33 32.5 32.9375 32.9375 32.8125 32.5625 32.875 32.9375 32.6875 32.375 32.25 32.8125 33 33 33 33 33 33 33 33 
32 32 32 32 32 32 32 32 32 32 32 32 32 32 32 32 32 32.3125 32.5 32.625 32.75 32.4375 32.625 32.9375 32.25 32.8125 33 33 32.9375 33 32.8125 32.375 33 32.75 32.9375 32.875 33 33 33 33 33.125 33 33 33.1875 33.1875 
32 32 32 32 32 32 32 32 32 32 32 32 32 32 32 32 32 32 32.1875 32.4375 32.8125 32.75 32.9375 32.8125 32.25 32.5 32.9375 33 32.6875 32.8125 32.4375 32.25 32.9375 33 33 33 33 33 33 33 33 33 33 33.0625 33.25 
32 32 32 32 32 32 32 32 32 32 32 32 32 32 32 32 32 32 32 32.3125 32.75 32.75 33 32.9375 33 32.9375 32.6875 32.8125 32.875 33 33 33 33 33 33 33 33 33 33 33 33 33 33 33 33.1875 
32 32 32 32 32 32 32 32 32 32 32 32 32 32 32 32 32 32 32 32 32 32.1875 32.75 33 33 32.3125 32 32.1875 32.9375 33 33 33 32.9375 32.9375 33 33 33 33 33 33 33 33 33 33.4375 33.4375 
32 32 32 32 32 32 32 32 32 32 32 32 32 32 32 32 32 32 32 32 32 32 32.0625 32.5625 32.625 32.1875 32.9375 33 33 33 33 33 33 33 33 33 33 33 33 33 33.125 33.0625 33.5625 34 34 
32 32 32 32 32 32 32 32 32 32 32 32 32 32 32 32 32 32 32 32 32 32 32 32.0625 32.875 33 33 33 33 33 33 33 33 33 33 33 33 33 33 33 33.25 33.75 33.9375 34 33.875 
32 32 32 32 32 32 32 32 32 32 32 32 32 32 32 32 32 32 32 32 32 32 32.25 32.0625 32.625 33 33 33 33 33 33 33 33 33 33 33 33 33 33 33.125 33.75 34 33.5625 33.3125 33.375 
32 32 32 32 32 32 32 32 32 32 32 32 32 32 32 32 32 32 32 32 32 32 32 32.4375 32.375 32.6875 33 33 33 33 33 33 33 33 33 33.0625 33.0625 33 33.3125 33.9375 33.625 33.375 33.0625 33.1875 33 
32 32 32 32 32 32 32 32 32 32 32 32 32 32 32 32 32 32 32 32 32 32 32.125 32.125 32.875 32.9375 32.9375 33 33 33 33 33 33 33 33.4375 33.1875 33.375 33 33.25 33.3125 33.5 33.0625 33 33 33 
32 32 32 32 32 32 32 32 32 32 32 32 32 32 32 32 32 32 32 32 32 32 32.1875 32.5625 32.9375 33 33 33 33 33 33 33 33 33 33.0625 33.5625 33.5625 33.375 33.875 33.6875 33.3125 33.0625 33 33 33 
32 32 32 32 32 32 32 32 32 32 32 32 32 32 32 32 32 32 32 32 32.125 32 32 32.625 33 33 33 33 33 33 33 33 33 33 33.4375 33 33 33 33 33 33 33 33 33 33 
32 32 32 32 32 32 32 32 32 32 32 32 32 32 32 32 32 32 32 32 32.5 32.9375 32.625 32.875 33 33 33 33 33 33 33 33 33 33 33 33 33 33 33 33 33 33 33 33 33 
32 32 32 32 32 32 32 32 32 32 32 32 32 32 32 32.5 32.0625 32.4375 32.5 32.125 32.1875 32.875 33 33 33 33 33 33 33 33 33 33 33 33 33 33 33 33 33 33 33 33 33 33 33 
32 32 32 32 32 32 32 32 32 32 32 32 32 32.0625 32.5625 32.625 32.4375 32.875 32.875 33 33 33 33 33 33 33 33 33 33 33 33 33 33 33 33 33 33 33 33 33 33 33 33 33 33 
32 32 32 32 32 32 32 32 32 32 32 32 32 32 32.0625 32.3125 32.75 33 33 33 33 33 33 33 33 33 33 33 33 33 33 33 33 33 33 33 33 33 33 33 33 33 33 33 33 
32 32 32 32 32 32 32 32 32 32 32 32 32 32.375 32.625 33 33 33 33 33 33 33 33 33 33 33 33 33 33 33 33 33 33 33 33 33 33 33 33 33 33 33 33 33 32.875 
32 32 32 32 32 32 32 32 32 32 32 32.375 32.5625 32.625 33 33 33 33 33 33 33 33 33 33 33 33 33 33 33 33 33 33 33 33 33 33 33 33 33 33 33 33 33 33 32.9375 
32 32 32 32 32 32 32 32 32 32 32.5625 32.8125 32.8125 33 33 33 33 33 33 33 33 33 33 33 33 33 33 33 33 33 33 33 33 33 33 33 33 33 33 33 33 33 33 33 33 
32 32 32 32 32 32 32 32 32.0625 32.875 32.75 33 33 33 33 33 33 33 33 33 33 33 33 33 33 33 33 33 33 33 33 33 33 33 33 33 33 33 33 33 33 33 33 33 33.1875 
32 32 32 32 32 32 32 32.0625 32.6875 33 32.875 33 33 33 33 33 33 33 33 33 33 33 33 33 33 33 33 33 33 33 33 33 33 33 33 33 33 33 33 33 33 33 33 33 33 
32 32 32 32 32 32 32 32.6875 33 33 33 33 33 33 33 33 33 33 33 33 33 33 33 33 33 33 33 33 33 33 33 33 33 33 33 33 33 33 33 33 33 32.875 33 33 33 
32 32 32 32 32 32.0625 32.4375 32.875 33 33 33 33 33 33 33 33 33 33 33 33 33 33 33 33 33 33 33 33 33 33 33 33 33 33 33 33 33 32.875 32.6875 32.875 33 33 33 33 32.5 
32 32 32 32 32.25 32.375 32.6875 32.875 33 33 33 33 33 33 33 33 33 33 33 33 33 33 33 33 33 33 33 33 33 33 33 33 33 33 33 33 33 32.3125 32.5 33 32.8125 32.8125 33 32.75 32.875 
32 32 32.125 32.0625 32.1875 32.875 33 32.875 33 33 33 33 33 33 33 33 33 33 33 33 33 33 33 33 33 33 33 33 33 33 33 33 33 33 33 33 33 32.25 32.3125 32.8125 32.9375 32.8125 32.9375 33 33 
32 32.125 32.75 32 32.125 32.875 33 33 33 33 33 33 33 33 33 33 33 33 33 33 33 33 33 33 33 33 33 33 33 33 33 33 33 33 33 33 32.9375 32.5 33 32.9375 32.8125 32.5 32.8125 32.875 33 
32.1875 32.9375 32.875 32.375 32.5 33 33 33 33 33 33 33 33 33.25 33.125 33 33.0625 33 33 33 33 33 33 33 33 33 33 33 33 33 33 33 33 33 32.9375 32.625 32.6875 32.875 33 32.75 32.375 32.0625 32.5 33 33 
33 33 32.625 32.875 33 33 33 33 33 33 33 33 33 33.5 33.375 33.375 33.875 33.125 33 33 33 33 33 33 33 33 33 33 33 33 33 33 33 33 32.875 32.5 32.875 32.9375 32.875 32.25 32.6875 32.3125 32.0625 32.6875 32.625 
32.25 32.6875 32.5625 33 33 33 33 33 33 33 33 33 33.5 34 34 33.75 33.875 33.5625 33 33 33.0625 33 33 33.0625 33 33 33 33 33 33 33 32.6875 32.9375 32.875 32.6875 33 33 32.6875 32.6875 32.3125 32.125 32.625 32.25 32.5 32.1875 
32.4375 32.9375 32.9375 33 33 33 33 33 33 33 33 33 33.5625 34 34 34 34 33.625 33 33 33.0625 33 33 33 33 33 33 33 33 33 33 32.6875 33 32.8125 33 32.875 32.875 32.3125 32.625 32.5625 32 32.0625 32.0625 32 32 
32.4375 32.8125 33 33 33 33 33 33 33 33 33 33 33 33.25 33.25 33.6875 33.9375 33.1875 33 33 33 33 33 33 33 33 33 33 33 33 33 32.8125 33 32.9375 33 32.875 32.9375 32.25 32 32.125 32 32 32 32 31.9375 
32.3125 32.25 32.75 33 33 33 33 33 33 33 33 33 33 33.0625 33.0625 33.5 33.625 33.0625 33 33 33 33 33 33 33 33 33 33 33 32.8125 33 33 33 33 33 33 32.8125 32.125 32 31.8125 31.9375 31.8125 32 32 32 
32.0625 32.4375 32.25 33 33 33 33 33 33 33 33 33 33 33 33 33 33 33 33 33 33 33 33 33 33 33 33 33 33 32.8125 32.875 33 33 33 33 32.6875 32.6875 32 31.875 32 32 31.5 31.8125 32 31.875 
32 32.25 32 32.875 33 33 33 33 33 33 33 33 33 33 33 33 33 33 33 33 33 33 33 33 33 33 33 33 33 33 33 32.5 32.375 32.6875 32.25 32 32.125 32 31.5625 31.8125 32 31.0625 31.1875 32 32 
32 32.125 32.375 33 33 33 33 33 33 33 33 33 33 33 33 33 33 33 33 33 33 33 33 33 33 33 33 33 32.8125 32.8125 32.375 32 32 32.0625 32 32 32 32 31.5 31.6875 31.875 31.25 31.625 31.9375 31.8125 
32 32 32.3125 32.8125 33 33 33 33 33 33 33 33 33 33 33 33 33 33 33 33 33 33 33 33 33 33 33 33 32.6875 32 32.0625 32 32 32 32 32 32 32 31.5625 31.625 31.4375 31 31.3125 31.25 31.125 
32 32 32 32 32.875 33 33 33 33 33 33 33 33 33 33 33 33 33 33 33 33 33 33 32.875 32.75 32.8125 33 33 32.75 32.1875 32 32 32 32 32 31.875 32 31.75 31.5 31.9375 31 31 31 31.1875 31 
32 32 32 32.125 32.5625 32.875 33 33 33 33 33 33 33 33 33 33 33 33 32.9375 32.25 32.5 32.9375 33 33 32.625 32.4375 33 33 32.875 32.0625 32 32 32 32 31.5 31.25 31.5625 31.375 31.4375 31 31.0625 31 31 31 31 
32 32 32.125 32 32.0625 32.875 32.625 32.875 33 33 32.5625 32.9375 32.9375 33 33 33 33 33 32.6875 32.125 32.0625 32 32.625 32.5625 32 32.0625 32.5 32.75 32.25 32 32 32 32 32 31.875 31.4375 31 31 31 31 31 31 31 31 31 
