data/historical-monthly-weather-data/wc2.1_cruts4.09_10m_prec_2010-07.asc
ncols        51
nrows        45
xllcorner    -63.500000000000
yllcorner    -7.500000000000
cellsize     0.166666666667
NODATA_value -9999
[rows 19 to 37 of 45, columns 0 to 43 of 51]
115.4250030517578125 116.3125 115.72499847412109375 115.21250152587890625 113.96250152587890625 116.46250152587890625 113.25 112.59375 111.9499969482421875 108.09999847412109375 105.2062530517578125 105.49375152587890625 102.6062469482421875 99.5749969482421875 93.4187469482421875 86.02500152587890625 81.78749847412109375 88.9812469482421875 84.5437469482421875 82.99375152587890625 79.22499847412109375 85.33750152587890625 95.53125 102.58750152587890625 105.40625 102.4562530517578125 102.4562530517578125 107.02500152587890625 107.53749847412109375 107.05625152587890625 113.53749847412109375 128.056243896484375 135.774993896484375 143.399993896484375 153.337493896484375 167.287506103515625 176.774993896484375 182.337493896484375 184.506256103515625 178.53125 164.1875 150.287506103515625 145.100006103515625 137.0812530517578125
103.28749847412109375 110.18125152587890625 114.3000030517578125 111.6875 108.78749847412109375 111.06874847412109375 109.9375 109.8562469482421875 108.28125 105.90000152587890625 101.9812469482421875 102.11875152587890625 100.74375152587890625 96.83750152587890625 91.05625152587890625 85.52500152587890625 82.72499847412109375 83.38124847412109375 85.875 81.58750152587890625 86.4499969482421875 92.22499847412109375 99.6750030517578125 108.09375 110.6687469482421875 106.49375152587890625 100.5749969482421875 103.90625 108.4875030517578125 110.78125 119.6125030517578125 129.1999969482421875 131.2687530517578125 139.681243896484375 149.5812530517578125 160.53125 169.8000030517578125 171.5437469482421875 169.1062469482421875 162.625 153.9499969482421875 146.8000030517578125 139.0500030517578125 132.8125
99.09999847412109375 99.55625152587890625 105.125 106.5500030517578125 106.3312530517578125 104.44374847412109375 104.16249847412109375 104.24375152587890625 104.0749969482421875 102.18125152587890625 100.5124969482421875 97.56874847412109375 95.0749969482421875 95.65000152587890625 93.9499969482421875 88.6687469482421875 88.5 87.3000030517578125 87.9562530517578125 87.34999847412109375 87.44374847412109375 92.50624847412109375 99.77500152587890625 102.88124847412109375 102.75 101.1125030517578125 104.63750457763671875 103.83750152587890625 111.78125 118.3249969482421875 122.03749847412109375 125.6062469482421875 128.443756103515625 133.9812469482421875 139.318756103515625 150.993743896484375 159.100006103515625 161.506256103515625 159.725006103515625 155.162506103515625 148.6687469482421875 143.3562469482421875 137.6312408447265625 131.4499969482421875
94.7687530517578125 99.72499847412109375 102.9875030517578125 103.0437469482421875 102.1687469482421875 101.81874847412109375 96.6750030517578125 96.7062530517578125 98.1750030517578125 100.78749847412109375 100.63124847412109375 97.90000152587890625 97.7624969482421875 96.71875 96.9875030517578125 95.5187530517578125 91.5437469482421875 88.34375 87.6437530517578125 89.1875 94.1750030517578125 95.7624969482421875 99.1062469482421875 101.50624847412109375 104.90000152587890625 101.94374847412109375 101.34375 105.24375152587890625 109.06874847412109375 112.44374847412109375 115.68125152587890625 120.5437469482421875 122.18125152587890625 123.96250152587890625 130.5625 136.2375030517578125 145.5187530517578125 146.4499969482421875 148.850006103515625 148.243743896484375 144.118743896484375 136.8874969482421875 132.431243896484375 126.71250152587890625
87.7312469482421875 95.16249847412109375 100.93125152587890625 100.28125 99.1437530517578125 96.90000152587890625 97.06874847412109375 95.36875152587890625 94.0437469482421875 93.3562469482421875 94.4250030517578125 98.22499847412109375 98.2937469482421875 98.9375 96.58750152587890625 95.09999847412109375 90.71875 90.90625 89.7624969482421875 93.03125 94.5500030517578125 99.25 101.8312530517578125 107.1062469482421875 109.06874847412109375 105.08750152587890625 106.50624847412109375 103.9250030517578125 105.1062469482421875 107.06874847412109375 110.02500152587890625 113.0187530517578125 112.2624969482421875 111.83750152587890625 120.46250152587890625 122.84375 132.3562469482421875 138.15625 140.5437469482421875 139.53125 137.5437469482421875 131.631256103515625 128.318756103515625 122.3562469482421875
83.56874847412109375 91.9250030517578125 98.90000152587890625 99.2624969482421875 98.65625 94.97499847412109375 94.30625152587890625 93.00624847412109375 91.84999847412109375 93.28125 94.4875030517578125 93.08750152587890625 96.9187469482421875 96.9499969482421875 94.28749847412109375 90.90625 89.26874542236328125 90.6750030517578125 91.5500030517578125 93.3937530517578125 96.84999847412109375 100.19374847412109375 107.15625 109.52500152587890625 107.8937530517578125 109.47499847412109375 104.5437469482421875 101.53749847412109375 99.96250152587890625 101.05625152587890625 98.9250030517578125 98.3562469482421875 101.1437530517578125 102.09999847412109375 105.5500030517578125 111.6687469482421875 121.5 126.0187530517578125 130.181243896484375 131.5500030517578125 128.6875 125.99375152587890625 123.8562469482421875 117.8937530517578125
84.0812530517578125 92.06874847412109375 93.97499847412109375 95.72499847412109375 94.91249847412109375 92.50624847412109375 91.46875 89.86875152587890625 87.90000152587890625 85.90625 91.09375 91.9250030517578125 91.22499847412109375 92.1374969482421875 91.03749847412109375 89.3874969482421875 87.3625030517578125 88.8874969482421875 90.97499847412109375 92.1062469482421875 98.28749847412109375 102.63124847412109375 109.09999847412109375 111.55625152587890625 109.03125 106.59999847412109375 103.33750152587890625 98.2062530517578125 93.65000152587890625 91.09999847412109375 88.3562469482421875 85.9562530517578125 86.625 89.5500030517578125 95.96875 102.5500030517578125 110.96875 117.99375152587890625 121.68125152587890625 123.375 124.69374847412109375 119.9250030517578125 116.8625030517578125 111.15625
79.27500152587890625 83.4187469482421875 87.59375 90.0187530517578125 89.4187469482421875 88.4875030517578125 88.3125 86.4250030517578125 83.1062469482421875 85.9499969482421875 89.3874969482421875 90.19374847412109375 90.125 88.88124847412109375 87.1374969482421875 87.8125 86.28125 86.13124847412109375 88.97499847412109375 91.6687469482421875 94.9187469482421875 99.75 107.2624969482421875 112.1999969482421875 107.3312530517578125 101.0812530517578125 97.09999847412109375 93.0500030517578125 88.8562469482421875 82.7375030517578125 80.6374969482421875 75.28125 75.2624969482421875 82.34375 87.34375 95.3937530517578125 100.34375 107.0500030517578125 111.8625030517578125 115.4562530517578125 119.30625152587890625 116.61875152587890625 112.40000152587890625 106.44374847412109375
74.77500152587890625 75.52500152587890625 79.19374847412109375 83.3000030517578125 83.4812469482421875 83.47499847412109375 83.5749969482421875 82.0124969482421875 81.44374847412109375 83.1875 85.05625152587890625 84.6750030517578125 85.13124847412109375 84.7687530517578125 82.8562469482421875 82.5187530517578125 82.2375030517578125 83.1875 83.5187530517578125 87.03749847412109375 92.75624847412109375 96.2062530517578125 99.1374969482421875 103.19374847412109375 101.5187530517578125 96.33750152587890625 92.1125030517578125 87.9562530517578125 83.65625 79.6062469482421875 75.68125152587890625 72.40625 72.59999847412109375 75.4375 80.7624969482421875 87.53749847412109375 91.9499969482421875 98.6062469482421875 104.2375030517578125 110.5625 114.1437530517578125 115.6875 109.375 104.9812469482421875
69.55625152587890625 70.0500030517578125 74.2687530517578125 74.75624847412109375 76.625 75.81874847412109375 75.6999969482421875 76.5812530517578125 76.41249847412109375 78.9250030517578125 80.1750030517578125 80.02500152587890625 80.8625030517578125 81.69374847412109375 80.33750152587890625 79.6374969482421875 80.40625 79.08750152587890625 80.53749847412109375 83.59999847412109375 87.4812469482421875 90.4499969482421875 94 95.34999847412109375 94.25624847412109375 90.66249847412109375 86.69374847412109375 82.74375152587890625 80.9187469482421875 77.0625 72.30625152587890625 69.43125152587890625 69.0500030517578125 70.74375152587890625 75.16249847412109375 80.97499847412109375 85.44374847412109375 91.34999847412109375 96.40000152587890625 99.84999847412109375 106.03125 104.80625152587890625 102.19374847412109375 98.69374847412109375
64.2312469482421875 66.40000152587890625 68.9812469482421875 69.5812530517578125 69.625 69.93125152587890625 69.4562530517578125 71.80625152587890625 73.25 74.36875152587890625 75.7375030517578125 77.40625 78.1875 77.71250152587890625 76.77500152587890625 76.25 75.5437469482421875 75.9812469482421875 76.06874847412109375 77.6374969482421875 81.7375030517578125 83.8874969482421875 86.94374847412109375 86.30625152587890625 85.8625030517578125 83.71875 79.82500457763671875 76.9250030517578125 75.40625 71.81874847412109375 68.50624847412109375 65.5749969482421875 65.0749969482421875 66.88124847412109375 69.71875 73.8562469482421875 80.1374969482421875 83.6750030517578125 85.68125152587890625 89.25624847412109375 95.41249847412109375 95.71875 93.72499847412109375 89.8125
60.456249237060546875 61.90000152587890625 61.575000762939453125 64.1125030517578125 65.375 66.34375 66.03749847412109375 66.99375152587890625 68.6437530517578125 70.3125 72.38124847412109375 73.25 75.94374847412109375 73.98749542236328125 72.44374847412109375 72.55625152587890625 73.77500152587890625 71.68125152587890625 70.09999847412109375 73.0749969482421875 76.90625 78.6374969482421875 80.03749847412109375 78.0124969482421875 76.5812530517578125 77.25624847412109375 74.0749969482421875 70.3312530517578125 67.53125 65.9499969482421875 63.787502288818359375 62.481250762939453125 62.674999237060546875 64.55625152587890625 66.6062469482421875 68.70624542236328125 72.71875 77.6062469482421875 77.5812530517578125 77.6687469482421875 81.58750152587890625 84.5500030517578125 83.6374969482421875 79.9187469482421875
56.84999847412109375 55.668750762939453125 55.34375 56.5 58.71250152587890625 60.59999847412109375 62.043750762939453125 62.668750762939453125 64.9187469482421875 65.65000152587890625 68.03125 70.5749969482421875 71.46875 72.53125 71.46875 70.84999847412109375 70.55625152587890625 68.46250152587890625 66.1062469482421875 68.84999847412109375 70.3249969482421875 72.125 72.3000030517578125 70.3625030517578125 70.52500152587890625 69.3125 67.00624847412109375 65.1750030517578125 61.46250152587890625 60.625 60.3125 59.362499237060546875 59.1875 60.825000762939453125 63.21250152587890625 64.15625 67.7937469482421875 68.1125030517578125 68.3125 70.46875 73.3874969482421875 74.0625 73.2937469482421875 73.09375
53.575000762939453125 51.90000152587890625 50.65000152587890625 51.0625 52.91249847412109375 54.52500152587890625 56.512500762939453125 57.831249237060546875 58.49375152587890625 61.53749847412109375 65.21250152587890625 66.06874847412109375 67.93125152587890625 70.31874847412109375 69.8937530517578125 67.8125 65.81874847412109375 66.0812530517578125 65.19374847412109375 66.6750030517578125 66.8937530517578125 66.46250152587890625 65.25 64.3562469482421875 64.91249847412109375 63.28749847412109375 62.206249237060546875 59.46875 57.643749237060546875 56.331249237060546875 55.987499237060546875 55.112499237060546875 54.325000762939453125 55.97499847412109375 59.03749847412109375 61.231250762939453125 61.36875152587890625 61.49375152587890625 61.96875 65.34375 67.59999847412109375 68.68125152587890625 65.9562530517578125 66.43125152587890625
50.5 48.97499847412109375 48.456249237060546875 48.575000762939453125 48.825000762939453125 48.77500152587890625 50.25 50.487499237060546875 53.362499237060546875 55.1875 58.90000152587890625 61.887500762939453125 64.93125152587890625 66.2937469482421875 65.9187469482421875 63.5625 62.637500762939453125 62.30625152587890625 61.49375152587890625 62.081249237060546875 62.737499237060546875 60.706249237060546875 60.58750152587890625 59.918750762939453125 58.55625152587890625 56.78125 55.768749237060546875 54.731250762939453125 53.08750152587890625 52.512500762939453125 52.34375 51.40000152587890625 50.74375152587890625 52.83750152587890625 55.15625 56.03125 55.09375 55.61875152587890625 57.61875152587890625 59.49375152587890625 61.825000762939453125 63.56874847412109375 63.731250762939453125 62.75624847412109375
48.106250762939453125 45.362499237060546875 45.825000762939453125 45.38124847412109375 45.81874847412109375 45.68125152587890625 45.65625 45.737499237060546875 46.581249237060546875 48.6875 52.9375 57.71250152587890625 63.168750762939453125 65.69374847412109375 63.543750762939453125 61.43125152587890625 59.90625 58.862499237060546875 58.93125152587890625 58.112499237060546875 58.231250762939453125 57.768749237060546875 56.518749237060546875 55.356250762939453125 53.71875 51.612499237060546875 50.81874847412109375 49.91249847412109375 48.487499237060546875 46.03749847412109375 46.268749237060546875 47.38124847412109375 47.75624847412109375 49.200000762939453125 49.99375152587890625 50.58750152587890625 50.887500762939453125 52.424999237060546875 53.19374847412109375 53.71250152587890625 54.875 55.268749237060546875 57.9375 57.987499237060546875
45.33750152587890625 43.700000762939453125 44.47499847412109375 43.143749237060546875 43.09375 42.424999237060546875 42.3125 41.99375152587890625 42.33750152587890625 43.31874847412109375 46.96250152587890625 52.606250762939453125 59.581249237060546875 60.737499237060546875 60.28749847412109375 58.69374847412109375 57.63124847412109375 55.981250762939453125 54.643749237060546875 54.0625 51.81874847412109375 52.606250762939453125 50.8125 49.22499847412109375 46.90000152587890625 46.65000152587890625 45.981250762939453125 45.21250152587890625 43.862499237060546875 42.15625 42.393749237060546875 43.918750762939453125 44.112499237060546875 45.59999847412109375 46.5 46.206249237060546875 47.02500152587890625 47.90000152587890625 49.71250152587890625 50.262500762939453125 49.91249847412109375 50.8125 50.80625152587890625 51.36875152587890625
42.206249237060546875 41.793750762939453125 41.96250152587890625 40.46250152587890625 40.262500762939453125 40.25 39.799999237060546875 39.106250762939453125 38.56874847412109375 37.75 41.52500152587890625 47.83750152587890625 53.40000152587890625 55.09375 55.856250762939453125 55.15000152587890625 53.862499237060546875 51.643749237060546875 50.11875152587890625 49.643749237060546875 47.25624847412109375 46.125 44.84999847412109375 44.143749237060546875 42.056247711181640625 41.293750762939453125 40.862499237060546875 39.90625 38.90000152587890625 38.856250762939453125 38.924999237060546875 39.487499237060546875 39.61875152587890625 41.018749237060546875 41.924999237060546875 41.27500152587890625 41.8125 44.16249847412109375 46.28125 46.08750152587890625 45.206249237060546875 45.887500762939453125 45.65000152587890625 47.237499237060546875
38.606250762939453125 39.02500152587890625 38.243747711181640625 38.21250152587890625 38 37.762500762939453125 37.33750152587890625 36.50624847412109375 36 34.53749847412109375 40.46875 45.924999237060546875 49.00624847412109375 50.887500762939453125 52.168750762939453125 51.825000762939453125 49.28125 48.66249847412109375 46.418750762939453125 45.5 43.90000152587890625 42.21250152587890625 40.13124847412109375 39.518749237060546875 38.33750152587890625 37.375 36.58750152587890625 35.83750152587890625 35.112499237060546875 34.737499237060546875 33.581249237060546875 34.72499847412109375 35.006252288818359375 36.543750762939453125 36.52500152587890625 35.737499237060546875 37.86875152587890625 39.606250762939453125 41.362499237060546875 41.625 41.15625 42.78125 42.25 40.18125152587890625
