data/historical-monthly-weather-data/wc2.1_cruts4.09_10m_prec_1976-09.asc
ncols        51
nrows        45
xllcorner    -63.500000000000
yllcorner    -7.500000000000
cellsize     0.166666666667
NODATA_value -9999
[rows 19 to 37 of 45, columns 0 to 43 of 51]
99.34999847412109375 97.19374847412109375 94.03749847412109375 91.74375152587890625 89.71875 88.43125152587890625 86.2312469482421875 83.46875 82.3625030517578125 80.02500152587890625 76.75 70.875 64.375 58.19374847412109375 52.78125 48.450000762939453125 43.69374847412109375 41.325000762939453125 38.33750152587890625 36.84999847412109375 33.168750762939453125 29.743749618530273438 27.806249618530273438 27.3125 26.581249237060546875 25.193750381469726562 24.612499237060546875 24.212499618530273438 22.850000381469726562 21.887500762939453125 21.662500381469726562 24.056249618530273438 24.024999618530273438 23.931249618530273438 22.824998855590820312 20.237499237060546875 17.649999618530273438 15.493749618530273438 13.712499618530273438 11.712499618530273438 9.6187496185302734375 8.0249996185302734375 7.3499999046325683594 7.0562500953674316406
92.8125 91.66249847412109375 89.6750030517578125 87.75624847412109375 85.81874847412109375 84.1062469482421875 82.61249542236328125 80.68125152587890625 80.34375 79.02500152587890625 76.0812530517578125 71.3562469482421875 65.25 58.637500762939453125 53.625 48.24375152587890625 43.56874847412109375 40.19374847412109375 38.50624847412109375 35.93125152587890625 33.625 31.268749237060546875 28.899999618530273438 28.268749237060546875 27.806249618530273438 26.587499618530273438 25.787500381469726562 24.881250381469726562 24.081249237060546875 24.84375 25.950000762939453125 28.274999618530273438 28.225000381469726562 28.200000762939453125 28.068750381469726562 24.037500381469726562 19.462499618530273438 16.212499618530273438 13.868749618530273438 11.818750381469726562 9.9875001907348632812 8.7124996185302734375 7.9000000953674316406 7.4812498092651367188
87.7312469482421875 85.6875 83.97499847412109375 82.46250152587890625 81.5437469482421875 80.84999847412109375 79.50624847412109375 78.61875152587890625 78.69374847412109375 77.96875 75.82500457763671875 72.0625 67.5500030517578125 61.88124847412109375 56.375 50.262500762939453125 45.456249237060546875 41.75 39.75624847412109375 37.174999237060546875 33.875 31.5625 29.456249237060546875 28.674999237060546875 27.793750762939453125 26.825000762939453125 27.018749237060546875 26.456249237060546875 26.612499237060546875 28.068750381469726562 29.762500762939453125 31.774999618530273438 31.1875 30.381250381469726562 28.118749618530273438 24.487499237060546875 20.037500381469726562 16.737499237060546875 14.199999809265136719 12.225000381469726562 10.600000381469726562 9.53125 8.8187503814697265625 8.2624998092651367188
83.375 82.33750152587890625 80.08750152587890625 78.80625152587890625 77.8625030517578125 77.38124847412109375 76.96250152587890625 76.61875152587890625 77.7312469482421875 77.0500030517578125 76.53749847412109375 73.9875030517578125 71.44374847412109375 66.6875 59.612499237060546875 53.05625152587890625 47.40625 43.831249237060546875 40.84999847412109375 38.15000152587890625 35.043750762939453125 32.65625 30.337499618530273438 28.993749618530273438 28.25 27.262500762939453125 27.481250762939453125 28.043750762939453125 28.443750381469726562 30.137500762939453125 32.58750152587890625 35.018749237060546875 33.46875 31.100000381469726562 27.743749618530273438 23.556249618530273438 19.862499237060546875 16.743749618530273438 14.46875 12.8125 11.46875 10.425000190734863281 9.65625 9.0124998092651367188
80.72499847412109375 78.6999969482421875 77 75.2375030517578125 73.7375030517578125 74.3625030517578125 74.5812530517578125 74.4562530517578125 75.63124847412109375 75.6062469482421875 75.1750030517578125 74.84375 74.6374969482421875 70.16249847412109375 62.34999847412109375 55.293750762939453125 49.637500762939453125 45.924999237060546875 42.887500762939453125 39.793750762939453125 36.700000762939453125 33.924999237060546875 31.868749618530273438 30.53125 29.462499618530273438 28.181249618530273438 28.46875 29.15625 30.424999237060546875 32.61875152587890625 35.206249237060546875 37.731250762939453125 35.36875152587890625 32.16249847412109375 28.493749618530273438 23.818750381469726562 20.206249237060546875 17.3125 15.162500381469726562 13.668749809265136719 12.25 11.28125 10.587499618530273438 9.9624996185302734375
79.21875 76.5500030517578125 74.16249847412109375 72.03125 72.3874969482421875 72.65000152587890625 72.69374847412109375 72.8125 73.65000152587890625 74.21250152587890625 74.34375 73.69374847412109375 72.9812469482421875 69.9875030517578125 63.543750762939453125 56.88124847412109375 51.549999237060546875 47.575000762939453125 44.3125 41.50624847412109375 38.549999237060546875 35.612499237060546875 33.799999237060546875 32.44374847412109375 30.731250762939453125 29.78125 30.181249618530273438 31.106250762939453125 32.50624847412109375 35.09999847412109375 37.75 40.03125 37.731250762939453125 34.05625152587890625 29.850000381469726562 25.200000762939453125 21.668750762939453125 18.543750762939453125 16.25 14.5625 13.012499809265136719 12.193750381469726562 11.5625 11.199999809265136719
79.38124847412109375 77.46875 73.80625152587890625 72.0437469482421875 70.84375 70.875 71.27500152587890625 71.34375 71.96875 72.74375152587890625 72.2687530517578125 72.02500152587890625 71.3125 68.88124847412109375 63.65625 57.981250762939453125 52.78749847412109375 49.21250152587890625 45.9375 43.018749237060546875 40.168750762939453125 37.268749237060546875 35.59999847412109375 34.299999237060546875 32.65000152587890625 31.375 32.31874847412109375 33.75 35.08750152587890625 37.875 40.643749237060546875 43.15000152587890625 39.84375 35.8125 31.78125 27.643749237060546875 23.543750762939453125 20.037500381469726562 17.825000762939453125 15.787500381469726562 14.1875 13.256250381469726562 12.587499618530273438 12.3125
80.83750152587890625 77.90625 74.77500152587890625 72.9375 71.09999847412109375 71.06874847412109375 70.90625 70.40000152587890625 70.2624969482421875 70.9375 71.28749847412109375 71.4875030517578125 70.8249969482421875 69.25624847412109375 64.74375152587890625 59.59375 55.28125 51.36875152587890625 48.11875152587890625 45.18125152587890625 42.58750152587890625 39.81874847412109375 37.981250762939453125 37.40625 35.700000762939453125 34.63124847412109375 35.77500152587890625 37.043750762939453125 38.581249237060546875 41.174999237060546875 43.825000762939453125 45.637500762939453125 42.59999847412109375 38.137500762939453125 33.46250152587890625 29.443750381469726562 25.53125 21.793750762939453125 19.462499618530273438 17.350000381469726562 15.4375 14.5 13.824999809265136719 13.237500190734863281
82.1875 79.1999969482421875 76.4875030517578125 73.71250152587890625 72.0437469482421875 71.28749847412109375 70.8937530517578125 70.19374847412109375 69.65000152587890625 70.30625152587890625 70.4562530517578125 70.8249969482421875 70.7062530517578125 70.2687530517578125 65.96250152587890625 61.33750152587890625 57.13124847412109375 53.44374847412109375 50.206249237060546875 47.606250762939453125 45.049999237060546875 42.606250762939453125 40.887500762939453125 40.21250152587890625 39.200000762939453125 38.13124847412109375 39.30625152587890625 40.768749237060546875 42.41249847412109375 45.112499237060546875 47.21875 48.81874847412109375 45.46875 40.40000152587890625 35.46875 31.3125 27.706249237060546875 24.068750381469726562 21.524999618530273438 19.212499618530273438 17.118749618530273438 16.075000762939453125 14.949999809265136719 14.331250190734863281
84.3562469482421875 80.96875 77.5500030517578125 74.53749847412109375 72.44374847412109375 71.13124847412109375 70.19374847412109375 69.58750152587890625 69.3312530517578125 69.5 69.4875030517578125 69.9250030517578125 71.03749847412109375 70.6125030517578125 66.75 63.50624847412109375 60.41249847412109375 55.55625152587890625 52.22499847412109375 49.768749237060546875 47.674999237060546875 45.6875 44.268749237060546875 43.799999237060546875 42.549999237060546875 41.956249237060546875 43.25 45.137500762939453125 47.362499237060546875 49.21875 50.75 51.924999237060546875 47.78749847412109375 42.643749237060546875 37.93125152587890625 33.58750152587890625 30.131250381469726562 26.649999618530273438 24.049999237060546875 21.46875 18.65625 17.162500381469726562 16.168750762939453125 15.574999809265136719
89.6374969482421875 85.7687530517578125 80.99375152587890625 77.30625152587890625 74.50624847412109375 72.9250030517578125 71.6125030517578125 70.46875 69.9875030517578125 69.7062530517578125 69.5187530517578125 70.6687469482421875 71.75624847412109375 71.84375 69.3937530517578125 66.125 62.875 59.075000762939453125 55.30625152587890625 52.768749237060546875 51.206249237060546875 49.91249847412109375 48.375 47.862499237060546875 47.456249237060546875 47.581249237060546875 48.762500762939453125 50.418750762939453125 52.03125 53.581249237060546875 55.03749847412109375 55.71250152587890625 51.112499237060546875 45.78749847412109375 41.0625 36.9375 33.487499237060546875 30.293750762939453125 26.993749618530273438 24.618749618530273438 21.868749618530273438 19.981250762939453125 18.524999618530273438 17.700000762939453125
93.83750152587890625 89.74375152587890625 85.4375 80.56874847412109375 77.5124969482421875 75.6374969482421875 73.11875152587890625 71.28749847412109375 70.86875152587890625 70.6999969482421875 70.34375 71.3874969482421875 73.8312530517578125 73.94374847412109375 71.65625 68.8874969482421875 66.83750152587890625 63.1875 59.34999847412109375 57.16249847412109375 55.71875 54.893749237060546875 53.825000762939453125 53.27500152587890625 52.90625 53.34375 54.543750762939453125 56.012500762939453125 57.543750762939453125 57.66249847412109375 58.86875152587890625 59.13124847412109375 54.268749237060546875 49.643749237060546875 44.862499237060546875 40.24375152587890625 36.80625152587890625 33.78749847412109375 30.90625 28.206249237060546875 25.15625 22.912500381469726562 21.09375 19.931249618530273438
99.1125030517578125 93.5812530517578125 88.6125030517578125 84.1875 81.5749969482421875 78.46875 75.5749969482421875 73.30625152587890625 72.84999847412109375 72.24375152587890625 72 72.96875 74.16249847412109375 75.4812469482421875 74.65625 73.71250152587890625 71.6374969482421875 68.24375152587890625 65.15625 63.41249847412109375 62.3125 60.46875 59.625 58.9375 59.63124847412109375 59.25 60.075000762939453125 62.174999237060546875 63.47499847412109375 63.075000762939453125 63.34999847412109375 62.30625152587890625 57.706249237060546875 52.96875 48.049999237060546875 43.46250152587890625 39.918750762939453125 36.487499237060546875 33.6875 31.0625 28.231250762939453125 25.84375 23.981250762939453125 22.475000381469726562
104.40625 99.61875152587890625 94.2687530517578125 90.13124847412109375 87.2687530517578125 84.2687530517578125 81.625 78.58750152587890625 77.375 75.78125 76.78749847412109375 76.61875152587890625 77.75624847412109375 80.22499847412109375 79.96250152587890625 80.21875 79.27500152587890625 77.1374969482421875 74.18125152587890625 72.33750152587890625 70.55625152587890625 68.52500152587890625 66.5625 66.0437469482421875 66.5437469482421875 65.96250152587890625 66.78749847412109375 68.6125030517578125 69.90625 69.7312469482421875 68.7375030517578125 67.22499847412109375 62.049999237060546875 57.21250152587890625 52.58750152587890625 47.862499237060546875 43.799999237060546875 39.706249237060546875 37.0625 34.90000152587890625 32.28125 30.018749237060546875 28.25 26.587499618530273438
108.77500152587890625 105.06874847412109375 100.86875152587890625 96.84375 93.44374847412109375 90.3874969482421875 87.9250030517578125 84.8937530517578125 82.40625 80.80625152587890625 79.97499847412109375 81.4812469482421875 82.34375 83.15000152587890625 84.8312530517578125 86.19374847412109375 87.66249847412109375 86.31874847412109375 84.2624969482421875 82.4250030517578125 80.1875 77.25 74.61875152587890625 73.38124847412109375 72.9812469482421875 72.34999847412109375 73.1750030517578125 74.9562530517578125 75.9187469482421875 75.08750152587890625 73.8874969482421875 71.96875 66.81874847412109375 61.612499237060546875 56.9375 52.9375 47.981250762939453125 43.506252288818359375 41.05625152587890625 38.59999847412109375 36.03125 34.4375 32.99375152587890625 31.375
113.78125 110.5187530517578125 106.91249847412109375 103.8249969482421875 100.6999969482421875 96.97499847412109375 94.65000152587890625 91.5187530517578125 87.71875 85.59999847412109375 85.0500030517578125 86.9812469482421875 87.75 88.61875152587890625 91.1125030517578125 94.02500152587890625 96.2937469482421875 95.09375 94.9187469482421875 92.9875030517578125 90.7687530517578125 87.0749969482421875 82.8625030517578125 80.7687530517578125 79.09375 78.96875 80.15625 81.31874847412109375 82.09375 80.44374847412109375 78.59375 75.77500152587890625 70.8562469482421875 65.84999847412109375 60.83750152587890625 56.11875152587890625 51.637500762939453125 47.856250762939453125 45.06874847412109375 42.84375 39.799999237060546875 38 37.081249237060546875 35.450000762939453125
117.93125152587890625 114.6062469482421875 111.8874969482421875 109.2375030517578125 106.4250030517578125 103.4187469482421875 100.1437530517578125 98.00624847412109375 94.71875 92.19374847412109375 92.0749969482421875 93.63124847412109375 95.4499969482421875 96.94374847412109375 99.3874969482421875 102.59999847412109375 104.78125 104.8874969482421875 105.1437530517578125 104.78125 101.0187530517578125 96.52500152587890625 90.86875152587890625 87.65000152587890625 85.91875457763671875 85.125 85.6125030517578125 86.85625457763671875 87.65000152587890625 85.3000030517578125 83.1062469482421875 80.2687530517578125 74.94374847412109375 70.18125152587890625 65.31874847412109375 60.36875152587890625 56.956249237060546875 52.987499237060546875 50.181247711181640625 47.731250762939453125 45.262500762939453125 43.331249237060546875 41.90000152587890625 40.55625152587890625
121.80625152587890625 119.1687469482421875 116.50624847412109375 113.6999969482421875 112.2312469482421875 109.53125 107.0124969482421875 104.71875 102.13124847412109375 98.875 100.0749969482421875 104.75 106.3937530517578125 107.1437530517578125 109.65000152587890625 111.71250152587890625 114.0187530517578125 113.3874969482421875 113.0812530517578125 112.40625 109.59999847412109375 103.34375 97.5124969482421875 93.52500152587890625 91.4499969482421875 90.65000152587890625 90.5625 91.2687530517578125 91.97499847412109375 89.7062530517578125 86.93125152587890625 84.05625152587890625 79.4375 74.9187469482421875 70.24375152587890625 65.9562530517578125 62.268749237060546875 58.78125 55.55625152587890625 52.6875 50.06874847412109375 47.981250762939453125 46.84375 45.78749847412109375
125.375 123.7375030517578125 121.6125030517578125 118.74375152587890625 117.78125 116.13124847412109375 114.3625030517578125 112.97499847412109375 111.38124847412109375 108.47499847412109375 116.1437530517578125 119.90000152587890625 119.22499847412109375 118.34375 119.78749847412109375 121.57500457763671875 121.31874847412109375 120.61875152587890625 118.6750030517578125 116.40000152587890625 114.00624847412109375 108.11875152587890625 102.6750030517578125 98.41249847412109375 95.7687530517578125 94.3874969482421875 94.86875152587890625 95.78125 96.3625030517578125 93.9812469482421875 89.6437530517578125 86.4250030517578125 82.40625 79.25624847412109375 75.3249969482421875 70.1125030517578125 66.6125030517578125 63.22499847412109375 60.981250762939453125 58.362499237060546875 54.90000152587890625 53.668750762939453125 51.53125 50.06874847412109375
