data/historical-monthly-weather-data/wc2.1_cruts4.09_10m_prec_2019-10.asc
ncols        45
nrows        45
xllcorner    -63.500000000000
yllcorner    -7.500000000000
cellsize     0.166666666667
NODATA_value -9999
[rows 20 to 39 of 45, columns 0 to 43 of 45]
176.6125030517578125 182.412506103515625 189.28125 195.6999969482421875 201.9562530517578125 209.9187469482421875 217.9812469482421875 224.4499969482421875 231.9187469482421875 235.7937469482421875 236.3312530517578125 232.5187530517578125 227.975006103515625 222.024993896484375 220.4375 219.3937530517578125 217.3249969482421875 217.5 222.96875 227.193756103515625 232.1999969482421875 239.5 246.6750030517578125 249.4375 249.2937469482421875 243.1750030517578125 228.037506103515625 206.4562530517578125 185.649993896484375 167.850006103515625 153.75 146.09375 141.3312530517578125 138.40625 135.7687530517578125 125.25 114.52500152587890625 106.84375 97.2937469482421875 87.4187469482421875 77.28749847412109375 67.72499847412109375 57.44374847412109375 48.61875152587890625
167.837493896484375 175.9562530517578125 184.443756103515625 192.306243896484375 200.4812469482421875 211.725006103515625 222.7062530517578125 232.78125 242.8937530517578125 246.9187469482421875 246.1999969482421875 241.475006103515625 236.3874969482421875 232.1624908447265625 229.256256103515625 228.0625 227.6062469482421875 227.6999969482421875 230.774993896484375 234.625 235.337493896484375 239.4812469482421875 245.28125 244.96875 241.4375 235.006256103515625 223.84375 207.78125 192.59375 178.693756103515625 166.568756103515625 158.0812530517578125 152.5 148.9375 143.524993896484375 134.181243896484375 122.8874969482421875 112.61875152587890625 101.33124542236328125 90.69374847412109375 79.9875030517578125 70.0749969482421875 60.16249847412109375 51.174999237060546875
161.71875 172.1687469482421875 182.100006103515625 191.024993896484375 199.375 212.8562469482421875 227.0749969482421875 241.337493896484375 255.7937469482421875 258.568756103515625 256.63751220703125 250.3312530517578125 246.34375 244.0687408447265625 240.681243896484375 238.6750030517578125 237.8874969482421875 238.600006103515625 240.131256103515625 241.868743896484375 242.149993896484375 242.462493896484375 243.96875 241.725006103515625 236.3874969482421875 227.193756103515625 218.7062530517578125 209.087493896484375 196.6750030517578125 185.8937530517578125 176.8562469482421875 169.375 162.618743896484375 157.681243896484375 151.0749969482421875 141.0749969482421875 129.6374969482421875 117.77500152587890625 105.5625 95.3625030517578125 84.6125030517578125 74.2375030517578125 63.86875152587890625 54.34375
157.75 169.1437530517578125 181.787506103515625 190.975006103515625 200.15625 214.65625 229.556243896484375 245.493743896484375 259.92498779296875 264.10626220703125 262.01251220703125 257.912506103515625 255.131256103515625 253.59375 251.1125030517578125 248.975006103515625 248.4187469482421875 248.03125 248.0437469482421875 248.03125 247.4562530517578125 247.462493896484375 245.587493896484375 240.7062530517578125 232.9250030517578125 221.3125 210.9375 205.1875 198.568756103515625 190.9499969482421875 183.412506103515625 176.287506103515625 169.881256103515625 164.0437469482421875 157.4375 148.3874969482421875 137.318756103515625 125.03125 112.9250030517578125 101.84375 90.7312469482421875 79.88124847412109375 68.78749847412109375 58.543750762939453125
158.850006103515625 168.681243896484375 182.625 191.4812469482421875 201.1687469482421875 215.818756103515625 230.5625 245.0124969482421875 258.037506103515625 265.48126220703125 267.943756103515625 266.243743896484375 265.412506103515625 265.006256103515625 262.381256103515625 260.881256103515625 259.712493896484375 258.36248779296875 257.006256103515625 255.96875 254 250.962493896484375 248.875 241.8125 233.28125 224.3000030517578125 214.3249969482421875 207.6687469482421875 201.475006103515625 194.725006103515625 187.5437469482421875 179.7312469482421875 174.837493896484375 169.131256103515625 163.243743896484375 154.068756103515625 144.693756103515625 134.6374969482421875 121.99375152587890625 110.52500152587890625 98.8312530517578125 86.96250152587890625 74.91249847412109375 64.3562469482421875
161.875 168.618743896484375 179.4875030517578125 190.53125 200.756256103515625 215.212493896484375 229.712493896484375 243.600006103515625 257.04376220703125 267.23748779296875 270.95001220703125 272.84375 273.693756103515625 274.568756103515625 273.399993896484375 271.899993896484375 271.16876220703125 268.33123779296875 266.181243896484375 263.943756103515625 260.98748779296875 256.66876220703125 253.1374969482421875 245.537506103515625 237.131256103515625 228.8312530517578125 220.0625 211.875 204.631256103515625 198.09375 189.556243896484375 183.0187530517578125 179.100006103515625 173.8874969482421875 169.1750030517578125 160.71875 152.1687469482421875 143.662506103515625 131.59375 119.81874847412109375 107.83750152587890625 95.34999847412109375 82.3312530517578125 71.1875
166.5625 168.28125 177.8249969482421875 188.149993896484375 198.1750030517578125 212.7375030517578125 226.6875 240.15625 252.3312530517578125 261.837493896484375 269.73748779296875 273.850006103515625 276.84375 279.368743896484375 278.25 277.82501220703125 276.15625 274.23126220703125 271.57501220703125 268.79376220703125 265.53125 260.662506103515625 256.11248779296875 250.1437530517578125 240.899993896484375 232.537506103515625 223.149993896484375 214.3249969482421875 206.6999969482421875 199.4250030517578125 192.1875 184.399993896484375 181.3562469482421875 177.475006103515625 172.78125 165.6125030517578125 158.212493896484375 150.5500030517578125 139.681243896484375 128.975006103515625 117.38124847412109375 105.53125 92.90000152587890625 81.5124969482421875
170.556243896484375 169.03125 177.1437530517578125 186.75 196.1999969482421875 210.0124969482421875 224.1875 236.65625 248.1374969482421875 258.681243896484375 266.975006103515625 272.78125 278.475006103515625 281.63751220703125 281.756256103515625 281.73126220703125 281.493743896484375 278.32501220703125 276.243743896484375 274.53125 269.95001220703125 264.59375 260.82501220703125 253.1875 243.9499969482421875 235.787506103515625 226.6374969482421875 217.5437469482421875 208 200.25 192.2375030517578125 185.125 182.65625 179.493743896484375 176.681243896484375 169.8937530517578125 162.850006103515625 157.0749969482421875 147.0437469482421875 137.712493896484375 128.3000030517578125 116.7624969482421875 103.6750030517578125 93.2312469482421875
173.96875 170.193756103515625 176.431243896484375 185.350006103515625 194.1374969482421875 206.475006103515625 219.21875 231.693756103515625 243.3312530517578125 254.90625 264.875 272.04998779296875 278.587493896484375 282.943756103515625 284.4375 284.868743896484375 285.600006103515625 282.806243896484375 280.39373779296875 278.64373779296875 273.274993896484375 268.181243896484375 263.774993896484375 255.493743896484375 246.056243896484375 238.1687469482421875 228.6687469482421875 218.875 210.09375 201.4250030517578125 192.3562469482421875 185.2375030517578125 183.243743896484375 181.0500030517578125 178.96875 173.375 167.181243896484375 161.4875030517578125 152.0187530517578125 143.6062469482421875 135.9375 125.41249847412109375 113.4499969482421875 105.24375152587890625
175.243743896484375 170.7624969482421875 174.84375 180.3625030517578125 187.3625030517578125 197.59375 209.59375 221.975006103515625 234.34375 245.399993896484375 256.90625 264.78125 273.48126220703125 279.86248779296875 282.14373779296875 284.5 284.83123779296875 283.75 281.10626220703125 277.73748779296875 273.26873779296875 268.48748779296875 263.287506103515625 254.024993896484375 245.3000030517578125 238.350006103515625 228.4875030517578125 218.131256103515625 208.274993896484375 200.0437469482421875 192.350006103515625 185.587493896484375 183.431243896484375 181.931243896484375 179.6999969482421875 174.431243896484375 168.5500030517578125 163.712493896484375 153.600006103515625 144.9187469482421875 137.931243896484375 131.850006103515625 123.5625 118.43125152587890625
175.4875030517578125 170.399993896484375 172.681243896484375 174.9375 179.7624969482421875 190.0687408447265625 200.9375 212.4812469482421875 224.131256103515625 235.1875 247.6687469482421875 257.64373779296875 268.568756103515625 276.6875 279.212493896484375 282.537506103515625 284.96875 283.056243896484375 280.36248779296875 277.54998779296875 272.21875 267.506256103515625 262.39373779296875 252.8874969482421875 244.1687469482421875 236.3874969482421875 226.4562530517578125 215.9749908447265625 205.8562469482421875 198.1374969482421875 191.78125 185.78125 183.6062469482421875 182.3562469482421875 180.2937469482421875 174.587493896484375 169.381256103515625 165.006256103515625 154.806243896484375 143.3000030517578125 137.8874969482421875 136.399993896484375 133.2375030517578125 129.881256103515625
174.1999969482421875 169.0437469482421875 168.84375 170.25 174.4187469482421875 182.15625 191.7375030517578125 202.3249969482421875 213.6125030517578125 225.0187530517578125 237.381256103515625 249.3249969482421875 260.73126220703125 271.10626220703125 276.32501220703125 280.48748779296875 282.412506103515625 279.524993896484375 278.45623779296875 275.774993896484375 270.256256103515625 265.25 260.212493896484375 250.318756103515625 241.8125 233.4812469482421875 223.3625030517578125 213.03125 202.8125 196.3874969482421875 190.818756103515625 185.1374969482421875 183.1875 182.443756103515625 179.818756103515625 174.774993896484375 170.1312408447265625 165.962493896484375 155.743743896484375 146.4812469482421875 143.068756103515625 144.0812530517578125 143.3000030517578125 142.774993896484375
172.9499969482421875 167.7687530517578125 166.806243896484375 167.6750030517578125 169.600006103515625 175.0500030517578125 181.6687469482421875 189.3125 199.587493896484375 211.225006103515625 226.8000030517578125 239.024993896484375 252.943756103515625 266.17498779296875 271.54998779296875 275.01873779296875 276.087493896484375 273.818756103515625 272.09375 269.587493896484375 264.03125 258.95623779296875 253.462493896484375 244.84375 236.443756103515625 228.306243896484375 218.475006103515625 207.9375 198.3000030517578125 193.756256103515625 189.243743896484375 184.8125 181.5625 180.8562469482421875 179.837493896484375 176.6687469482421875 172.193756103515625 167.399993896484375 160.2937469482421875 156.3562469482421875 154.90625 156.2312469482421875 157.1374969482421875 157.75
170.34375 166.09375 165.0625 165.100006103515625 164.75 167.881256103515625 171.5625 176.537506103515625 185.0500030517578125 196.6374969482421875 210.818756103515625 227.431243896484375 245.40625 258.29376220703125 264.88751220703125 267.9375 269.131256103515625 267.381256103515625 264.243743896484375 262.48126220703125 256.868743896484375 251.443756103515625 246.0437469482421875 236.993743896484375 229.78125 222.193756103515625 212.0500030517578125 201.8937530517578125 193.21875 189.756256103515625 187.1875 184.4375 182.1687469482421875 180.181243896484375 179.8874969482421875 177.243743896484375 173.1437530517578125 169.287506103515625 166.3312530517578125 165.912506103515625 165.681243896484375 168.087493896484375 171.2937469482421875 173.7375030517578125
167.6062469482421875 164.5124969482421875 162.381256103515625 161.681243896484375 160.21875 160.9875030517578125 162.0187530517578125 164.806243896484375 171.09375 181.631256103515625 196.34375 214.975006103515625 235.59375 251.9187469482421875 256.5 259.48748779296875 261.14373779296875 259.193756103515625 256.443756103515625 253.5187530517578125 248.4875030517578125 242.625 237.2687530517578125 228.4562530517578125 221.6750030517578125 214.71875 205.537506103515625 196.524993896484375 188.40625 185.8312530517578125 184.28125 183.28125 181.3562469482421875 180.2624969482421875 179.15625 176.28125 172.96875 171.743743896484375 171.78125 173.2624969482421875 175.28125 178.0812530517578125 182.5625 186.15625
164.6125030517578125 161.8249969482421875 160.21875 158.4375 156.8000030517578125 157.03125 156.6999969482421875 157.6687469482421875 161.8312530517578125 169.399993896484375 183.3000030517578125 201.712493896484375 222.568756103515625 238.2937469482421875 244.4812469482421875 248.09375 250.0437469482421875 248.6999969482421875 246.2375030517578125 242.9812469482421875 238.4250030517578125 233.381256103515625 226.899993896484375 219.2937469482421875 212.9375 206.2687530517578125 197.943756103515625 190.0812530517578125 183.0187530517578125 181.881256103515625 181.181243896484375 180.9187469482421875 179.568756103515625 179.537506103515625 178.1125030517578125 175.65625 175.6750030517578125 174.9875030517578125 176.1125030517578125 178.2062530517578125 181.3562469482421875 184.875 187.587493896484375 192
161.712493896484375 159.34375 157.6437530517578125 155.881256103515625 154.1125030517578125 153.462493896484375 152.3249969482421875 151.9187469482421875 153.443756103515625 156.59375 170.0124969482421875 191.2062530517578125 208.5187530517578125 221.212493896484375 229.4375 235.0749969482421875 237.725006103515625 236.84375 234 230.5 226.1062469482421875 221.0812530517578125 215.899993896484375 208.7375030517578125 202.75 197.15625 189.8562469482421875 183.28125 177.912506103515625 177.53125 178.1437530517578125 177.962493896484375 178.368743896484375 178.787506103515625 177.006256103515625 177.212493896484375 178.0187530517578125 179.274993896484375 180.8937530517578125 182.8937530517578125 186.0625 188.306243896484375 191.962493896484375 196.9812469482421875
158.9187469482421875 157.024993896484375 155.1875 153.4812469482421875 151.868743896484375 150.743743896484375 150.1062469482421875 149.1875 149.78125 149.8000030517578125 166.40625 185.5812530517578125 197.8562469482421875 208.024993896484375 215.899993896484375 222.068756103515625 225.225006103515625 224.287506103515625 221.8874969482421875 218.0625 213.4375 207.8249969482421875 202.975006103515625 196.625 192.25 187.8125 181.5124969482421875 176.337493896484375 172.25 173.131256103515625 173.7937469482421875 175.09375 176.375 176.837493896484375 176.71875 177.2624969482421875 179.975006103515625 181.75 184.875 187.774993896484375 189.2312469482421875 192.3249969482421875 194.7062530517578125 198.5
156.3125 154.4499969482421875 153.2687530517578125 151.868743896484375 150.46875 149.618743896484375 149.3249969482421875 150.46875 153.3000030517578125 161.5437469482421875 178.212493896484375 187.4562530517578125 194.162506103515625 201.3687591552734375 208.087493896484375 213.21875 215.5812530517578125 214.3125 211.162506103515625 208.0749969482421875 202.1999969482421875 196.4499969482421875 191.9499969482421875 186.6937408447265625 182.462493896484375 179.59375 175.6999969482421875 172.5812530517578125 169.7375030517578125 170.725006103515625 172.7312469482421875 174.131256103515625 175.1999969482421875 176.0124969482421875 177.881256103515625 179.975006103515625 181.462493896484375 183.5749969482421875 186.3937530517578125 186.7312469482421875 188.556243896484375 190.943756103515625 192.181243896484375 195.100006103515625
154.100006103515625 152.431243896484375 151.7624969482421875 150.9499969482421875 149.6374969482421875 149.868743896484375 149.899993896484375 152.4375 156.96875 165.375 175.787506103515625 184.662506103515625 191.412506103515625 196.7937469482421875 201.975006103515625 204.9187469482421875 206.3874969482421875 205.037506103515625 201.4562530517578125 197.3562469482421875 191.2375030517578125 185.118743896484375 180.2062530517578125 175.9499969482421875 173.6875 171.6437530517578125 169.649993896484375 168.743743896484375 167.8000030517578125 169.2624969482421875 170.8562469482421875 173.306243896484375 176.4562530517578125 178.0124969482421875 180.84375 182.15625 182.881256103515625 184.631256103515625 187.100006103515625 185.7687530517578125 186.149993896484375 188.225006103515625 188.693756103515625 190.524993896484375
