data/historical-monthly-weather-data/wc2.1_cruts4.09_10m_prec_1979-11.asc
ncols        45
nrows        45
xllcorner    -63.500000000000
yllcorner    -7.500000000000
cellsize     0.166666666667
NODATA_value -9999
[rows 0 to 18 of 45, columns 0 to 43 of 45]
186.8937530517578125 186.256256103515625 180.306243896484375 178.056243896484375 175.368743896484375 173.6374969482421875 170.649993896484375 167.756256103515625 165.4812469482421875 162.3937530517578125 159.375 155.1750030517578125 151.3000030517578125 145.2687530517578125 140.943756103515625 136.243743896484375 131.9625091552734375 126.7375030517578125 121.97499847412109375 118.02500152587890625 114.19374847412109375 110.3937530517578125 107.2937469482421875 103.77500152587890625 100.93125152587890625 98.7937469482421875 98.375 98.1999969482421875 97.625 96.78125 96.30625152587890625 96.55625152587890625 97.1062469482421875 98.4250030517578125 99.6437530517578125 102.21875 105.3000030517578125 108.05625152587890625 110.69374847412109375 113.47499847412109375 115.28125 117.5437469482421875 118.41249847412109375 119.1125030517578125
192.8874969482421875 190.8125 187.28125 185.912506103515625 185.787506103515625 184.1750030517578125 180.9875030517578125 179.881256103515625 177.587493896484375 173.868743896484375 170.1374969482421875 164.462493896484375 158.4812469482421875 152.350006103515625 146.412506103515625 141.818756103515625 136.2312469482421875 131.306243896484375 126.3937530517578125 122.3312530517578125 117.9812469482421875 113.78125 110.4375 107.08750152587890625 102.6750030517578125 99.43125152587890625 98.6125030517578125 97.6374969482421875 96.71250152587890625 95.625 94.99375152587890625 95.16249847412109375 95.08124542236328125 97.1062469482421875 98.93125152587890625 102.1750030517578125 106.0124969482421875 109.59999847412109375 112.46250152587890625 115.58750152587890625 118.40625 120.2312469482421875 121.625 121.1687469482421875
196.1125030517578125 194.1999969482421875 190.337493896484375 187.7624969482421875 187.7375030517578125 186.7687530517578125 187.318756103515625 187.3249969482421875 186.7312469482421875 183.7062530517578125 178.9187469482421875 172.1125030517578125 165.4875030517578125 158.443756103515625 151.71875 145.7624969482421875 140.34375 135.5749969482421875 130.2062530517578125 125.84999847412109375 121.0812530517578125 116.31874847412109375 112.28749847412109375 108.31874847412109375 103.55625152587890625 99.2687530517578125 97.6875 96.3562469482421875 94.5187530517578125 92.68125152587890625 92.2375030517578125 91.8125 93.43125152587890625 95.43125152587890625 98.08750152587890625 101.8249969482421875 106.4375 112.0812530517578125 116.06874847412109375 120.3874969482421875 123.83750152587890625 125.2937469482421875 126.5625 126.7375030517578125
194.5812530517578125 191.9187469482421875 190.068756103515625 186.8312530517578125 186.7750091552734375 187.3562469482421875 189.056243896484375 192.243743896484375 194.399993896484375 193.1687469482421875 187.65625 179.306243896484375 171.5 163.5749969482421875 156.5 150.1875 144.7624969482421875 139.3125 134.287506103515625 130.4499969482421875 125.21250152587890625 119.52500152587890625 113.95624542236328125 108.6750030517578125 103.30625152587890625 98.52500152587890625 96.30625152587890625 93.4812469482421875 91.44374847412109375 89.8937530517578125 88.8312530517578125 88.53749847412109375 89.8125 92.28125 95.31874847412109375 101.3125 107.7624969482421875 114.31874847412109375 119.75 124.93125152587890625 128.3562469482421875 130.899993896484375 131.3312530517578125 131.2375030517578125
197.84375 191.837493896484375 183.662506103515625 181.881256103515625 183.8249969482421875 186.1999969482421875 189.493743896484375 195.037506103515625 200.4375 202.1999969482421875 194.256256103515625 183.149993896484375 174.6374969482421875 167.3562469482421875 160.287506103515625 154.3874969482421875 148.5 143.6062469482421875 138.4499969482421875 133.375 128.524993896484375 122.08750152587890625 115.8562469482421875 110.21250152587890625 103.0437469482421875 97.2624969482421875 93.1125030517578125 90.625 88.61875152587890625 86.0437469482421875 84.5625 84.0749969482421875 86.02500152587890625 89.1875 93.125 100.18125152587890625 108.1125030517578125 116.375 123.53749847412109375 128.5 133.1875 134.818756103515625 135.6750030517578125 135.774993896484375
196.181243896484375 190.350006103515625 182.1875 174.7062530517578125 177.7375030517578125 183.6125030517578125 188.225006103515625 192.787506103515625 197.8125 201.0124969482421875 192.5812530517578125 182.15625 174.975006103515625 168.3625030517578125 161.6062469482421875 155.6374969482421875 150.618743896484375 145.9375 141.649993896484375 136.118743896484375 130.118743896484375 123.71250152587890625 116.9375 109.6687469482421875 102.7312469482421875 95.96250152587890625 91.625 88.33750152587890625 85.71875 82.875 80.5812530517578125 80.78749847412109375 83.0124969482421875 86.9562530517578125 91.36875152587890625 99.6875 108.7687530517578125 118.4187469482421875 127.0124969482421875 133.1875 135.881256103515625 137.6374969482421875 138.3125 138.7937469482421875
195.8937530517578125 191.662506103515625 183.693756103515625 176.1125030517578125 175.0437469482421875 177.662506103515625 181.662506103515625 184.943756103515625 186.0437469482421875 184.2937469482421875 181.90625 176.412506103515625 172.2062530517578125 167.381256103515625 162.3937530517578125 157.712493896484375 153.0812530517578125 148.412506103515625 143.2312469482421875 139.3562469482421875 132.625 125.3000030517578125 117.9187469482421875 109.74375152587890625 102.0124969482421875 95.2687530517578125 90.19374847412109375 85.99375152587890625 81.9250030517578125 79.03749847412109375 77.09375 76.68125152587890625 79.68125152587890625 84.2937469482421875 89.80625152587890625 98.3312530517578125 107.8625030517578125 118.7375030517578125 129.943756103515625 136.0187530517578125 138.087493896484375 139.2312469482421875 139.8937530517578125 140
197.6999969482421875 192.5625 185.8937530517578125 181.243743896484375 179.462493896484375 178.912506103515625 176.75 172.8312530517578125 168.4375 167.0812530517578125 169.9187469482421875 169.71875 168.3125 165.600006103515625 162.21875 159.181243896484375 155.162506103515625 150.443756103515625 145.9250030517578125 141.399993896484375 135.462493896484375 127.8937530517578125 119.08750152587890625 110.1875 102.40625 93.74375152587890625 87.8625030517578125 82.7624969482421875 78.65000152587890625 75.15000152587890625 72.93125152587890625 72.9375 76.5 81.3125 87.3125 95.8937530517578125 106.2624969482421875 116.71250152587890625 125.8125 132.193756103515625 135.6125030517578125 136.993743896484375 137.618743896484375 137.3937530517578125
199.056243896484375 195.0437469482421875 190.3125 186.256256103515625 183.587493896484375 181.4562530517578125 177.756256103515625 171.756256103515625 161.8625030517578125 156.9187469482421875 161.712493896484375 163.875 164.649993896484375 163.381256103515625 161.59375 159.225006103515625 156.2062530517578125 152.6374969482421875 150.4250030517578125 145.993743896484375 137.84375 129.84375 120.0437469482421875 111.7624969482421875 102.625 93.16249847412109375 86.34375 81.1437530517578125 76.7062530517578125 72.6374969482421875 70.97499847412109375 71.6875 74.8625030517578125 79.3312530517578125 84.8249969482421875 93.59999847412109375 103.3937530517578125 113.09375 121.05625152587890625 128.0124969482421875 132.0749969482421875 133.037506103515625 134.21875 134.2624969482421875
200.9499969482421875 196.5 192.568756103515625 189.462493896484375 187.4312591552734375 185.712493896484375 180.92498779296875 173.8312530517578125 166.212493896484375 162.1999969482421875 162.3562469482421875 161.618743896484375 162.649993896484375 161.8000030517578125 160.46875 159.1687469482421875 157.2375030517578125 155.4562530517578125 153.774993896484375 151.28125 142.712493896484375 133.087493896484375 121.9875030517578125 112.5187530517578125 102.00624847412109375 92.43125152587890625 85.9250030517578125 79.9562530517578125 74.9375 70.59375 69.13124847412109375 69.9812469482421875 73.2624969482421875 77.84375 83.3249969482421875 91.7687530517578125 101.3125 109.90000152587890625 117.46875 124.1999969482421875 129.1687469482421875 130.443756103515625 130.6875 129.6750030517578125
203.3249969482421875 199.0625 195.03125 192.2624969482421875 190.412506103515625 190.4499969482421875 186.3562469482421875 178.2375030517578125 170.943756103515625 166.274993896484375 164.9875030517578125 163.0500030517578125 161.9875030517578125 160.6062469482421875 159.118743896484375 157.9375 157.2687530517578125 156.8874969482421875 156.712493896484375 156.1374969482421875 150.1999969482421875 138.8125 125.19374847412109375 112.0500030517578125 101.8249969482421875 93.00624847412109375 86.44374847412109375 80.46875 74.63124847412109375 70.3874969482421875 69.03749847412109375 69.6999969482421875 73.16249847412109375 77.44374847412109375 82.2624969482421875 89.77500152587890625 98.1750030517578125 106.50624847412109375 114.8125 121.6875 126.5187530517578125 127.9562530517578125 128.350006103515625 127.44374847412109375
205.4250030517578125 201.181243896484375 197.350006103515625 195.6374969482421875 194.0500030517578125 194.0625 191.1125030517578125 182.756256103515625 175.3312530517578125 170.1437530517578125 166.975006103515625 164.46875 160.818756103515625 158.537506103515625 157.1999969482421875 156.3062591552734375 156.306243896484375 156.4937591552734375 157.9875030517578125 160 155.975006103515625 144.3625030517578125 128.962493896484375 114.125 102.41249847412109375 93.1374969482421875 86.47499847412109375 80.8625030517578125 76.1875 72.34375 70.3125 70.09375 72.8000030517578125 76.4250030517578125 81.1125030517578125 88.21875 95.9187469482421875 104.1750030517578125 112.02500152587890625 119.34375 125.22499847412109375 126.375 126.5437469482421875 125.66875457763671875
207.0500030517578125 203.556243896484375 199.993743896484375 197.21875 194.7062530517578125 193.8312530517578125 190.0812530517578125 183.4875030517578125 176.8562469482421875 172.125 168.1125030517578125 165.162506103515625 160.9875030517578125 155.2312469482421875 153.068756103515625 152.649993896484375 153.2687530517578125 155.3937530517578125 157.8625030517578125 160.2937469482421875 157.7375030517578125 146.46875 130.337493896484375 116.2062530517578125 103.11875152587890625 92.83750152587890625 87.3874969482421875 82.0500030517578125 77.69374847412109375 74.2687530517578125 71.9875030517578125 71.0625 72.63124847412109375 75.4499969482421875 79.5749969482421875 86.2312469482421875 93.6062469482421875 101.40000152587890625 109.91249847412109375 116.74375152587890625 123.66249847412109375 125.41249847412109375 123.8562469482421875 117.6875
208.225006103515625 203.631256103515625 200.03125 196.8000030517578125 194.1062469482421875 191.375 187.649993896484375 182.662506103515625 177.7624969482421875 172.6937408447265625 168.149993896484375 162.681243896484375 157.84375 152.1062469482421875 147.2375030517578125 146.837493896484375 148.25 150.568756103515625 153.162506103515625 154.90625 151.087493896484375 141.2062530517578125 128.006256103515625 115.4499969482421875 103.96875 94.43125152587890625 89.4812469482421875 84.4499969482421875 79.7624969482421875 76.1374969482421875 73.77500152587890625 72.21250152587890625 72.8125 74.59999847412109375 78.46875 85.0749969482421875 92.1062469482421875 100.625 108.30625152587890625 116.25624847412109375 121.90625 119.90625 116.66249847412109375 114.90000152587890625
207.65625 203.0124969482421875 199.4812469482421875 196.1875 193.0437469482421875 189.84375 186.65625 182.2062530517578125 177.1312408447265625 171.8874969482421875 166.693756103515625 160.631256103515625 154.443756103515625 147.9562530517578125 141 139.787506103515625 141.8125 144.6437530517578125 147.537506103515625 149.0812530517578125 144.649993896484375 136.193756103515625 125.6125030517578125 115.84375 106.96875 98.86875152587890625 93.5812530517578125 88.27500152587890625 83.28749847412109375 78.88124847412109375 75.65625 73.25 73.44374847412109375 74.6750030517578125 77.375 83.30625152587890625 90.97499847412109375 100.1750030517578125 107.88124847412109375 112.96875 114.93125152587890625 115.1437530517578125 116 116.59375
205.806243896484375 201.118743896484375 198.3000030517578125 194.931243896484375 191.850006103515625 189.0187530517578125 185.1437530517578125 180.8125 176.75 172.4562530517578125 166.537506103515625 159.681243896484375 152.7624969482421875 144.693756103515625 136.7624969482421875 132.0749969482421875 135.806243896484375 140.3312530517578125 143.162506103515625 144.462493896484375 140.631256103515625 133.4375 124.3000030517578125 116.58750152587890625 109.6374969482421875 103.6875 99.1062469482421875 93.47499847412109375 87.125 81.63124847412109375 77.5812530517578125 74.7062530517578125 74.08750152587890625 75.1374969482421875 76.5124969482421875 83.03749847412109375 91.3625030517578125 97.8874969482421875 103.70624542236328125 107.3874969482421875 110.7375030517578125 113.34999847412109375 115.34999847412109375 114.25624847412109375
203.4875030517578125 199.881256103515625 196.556243896484375 193.306243896484375 190.743743896484375 187.806243896484375 184.743743896484375 180.443756103515625 176.7937469482421875 172.3249969482421875 166.993743896484375 160.068756103515625 152.3874969482421875 144.2312469482421875 136.875 132.4812469482421875 132.462493896484375 135.90625 139.6437530517578125 141.618743896484375 138.0812530517578125 131.6062469482421875 123.53749847412109375 116.8249969482421875 111.71250152587890625 108.34999847412109375 105.5 98.52500152587890625 90.1875 84.00624847412109375 79.71250152587890625 77.46875 76.0625 76.1999969482421875 79.8249969482421875 87.7312469482421875 93.75624847412109375 100.5749969482421875 105.99375152587890625 107.65625 110.7375030517578125 113.9562530517578125 114.1750030517578125 115.1875
200.181243896484375 196.774993896484375 194.287506103515625 191.662506103515625 188.8249969482421875 187.28125 184.9187469482421875 180.943756103515625 177.5812530517578125 173.212493896484375 167.943756103515625 161.162506103515625 152.71875 145.4499969482421875 139.712493896484375 135.4250030517578125 133.5812530517578125 132.743743896484375 137.46875 139.9499969482421875 137.7937469482421875 131.0187530517578125 123.44374847412109375 118.47499847412109375 115.0812530517578125 112.6999969482421875 112.21875 103.5437469482421875 92.90625 84.78749847412109375 79.6750030517578125 77.1875 78.21875 81.6875 86.0124969482421875 89.96250152587890625 96.53125 103.19374847412109375 106.08750152587890625 110.6875 113.19374847412109375 115.3125 116.21875 117.0437469482421875
196.225006103515625 193.8937530517578125 191.6999969482421875 189.5749969482421875 187.6062469482421875 186.34375 184.1687469482421875 181.462493896484375 178.9499969482421875 175.6999969482421875 170.21875 163.100006103515625 154.850006103515625 147.962493896484375 141.84375 137.837493896484375 135.4875030517578125 133.0812530517578125 134.881256103515625 137.7062530517578125 137.6999969482421875 133.75 123.36875152587890625 119.6062469482421875 117.34999847412109375 115.1875 112.7687530517578125 105.1062469482421875 95.2375030517578125 86.00624847412109375 79.4187469482421875 78.96875 83.55625152587890625 86.7312469482421875 89.28125 94.7687530517578125 100.1374969482421875 105.4375 109.8625030517578125 113.8125 116.5187530517578125 119.83750152587890625 119.55625152587890625 119.47499847412109375
