data/historical-monthly-weather-data/wc2.1_cruts4.09_10m_prec_2018-05.asc
ncols        45
nrows        45
xllcorner    -63.500000000000
yllcorner    -7.500000000000
cellsize     0.166666666667
NODATA_value -9999
[rows 20 to 39 of 45, columns 0 to 43 of 45]
262.524993896484375 268.681243896484375 268.681243896484375 263.556243896484375 258.26873779296875 261.618743896484375 261.481231689453125 257.48126220703125 250.774993896484375 240.7687530517578125 232.09375 225.0812530517578125 214.475006103515625 203.774993896484375 191.381256103515625 181.412506103515625 169.1062469482421875 164.0437469482421875 164.15625 161.912506103515625 168.912506103515625 175.0749969482421875 181.75 195.524993896484375 209.225006103515625 218.1687469482421875 225.7624969482421875 238.756256103515625 251.1437530517578125 258.79376220703125 268.9375 282.14373779296875 281.899993896484375 284.04376220703125 292.631256103515625 307.462493896484375 320.46875 328.868743896484375 328.618743896484375 323.412506103515625 318.1875 309.70001220703125 306.462493896484375 310.36248779296875
253.9875030517578125 252.15625 257.48126220703125 260.662506103515625 257.256256103515625 256.899993896484375 258.41876220703125 257.068756103515625 251.15625 241.8937530517578125 231.993743896484375 222.2624969482421875 211.0500030517578125 199.6125030517578125 191.2312469482421875 179.71875 176.5500030517578125 169.931243896484375 168.90625 165.493743896484375 166.100006103515625 171.65625 178.7937469482421875 190.118743896484375 200.21875 213.1999969482421875 229.962493896484375 242.662506103515625 261.45623779296875 271.568756103515625 277.16876220703125 282.462493896484375 288.431243896484375 295.54376220703125 299.524993896484375 309 322.337493896484375 330.75 329.706268310546875 325.03125 321.45001220703125 313.524993896484375 308.85626220703125 308.9375
245.96875 252.306243896484375 256.63751220703125 260.38751220703125 257.743743896484375 255.787506103515625 248.7062530517578125 248.412506103515625 248.787506103515625 240.7937469482421875 229.162506103515625 218.6374969482421875 210.868743896484375 200.0124969482421875 191.6999969482421875 182.506256103515625 176.024993896484375 171.375 168.21875 165.5437469482421875 168.162506103515625 169.243743896484375 174.806243896484375 185.868743896484375 200.375 212.725006103515625 226.131256103515625 244.78125 264.21875 273.125 277.15625 286.78125 297.5625 304.32501220703125 311.48748779296875 311.787506103515625 319.26873779296875 330.618743896484375 335.631256103515625 330.600006103515625 324.07501220703125 316.818756103515625 310.58123779296875 308.524993896484375
234.78125 243.743743896484375 251.6999969482421875 253.4562530517578125 250.662506103515625 246.59375 248.649993896484375 246.3125 241.149993896484375 232.6687469482421875 224.100006103515625 218.84375 210.1437530517578125 201.774993896484375 192.056243896484375 183.162506103515625 176.59375 173.649993896484375 171.46875 169.8249969482421875 169.3562469482421875 171 174.09375 188.2750091552734375 200.3375091552734375 209.25 224.9499969482421875 243.975006103515625 265.07501220703125 279.79998779296875 291.64373779296875 303.51251220703125 316.41876220703125 323.193756103515625 329.100006103515625 324.274993896484375 335.212493896484375 342.09375 342.412506103515625 338.13751220703125 329.82501220703125 324.131256103515625 318.36248779296875 311.89373779296875
229.1812591552734375 238.756256103515625 244.681243896484375 250.2375030517578125 249.912506103515625 247.4812469482421875 242.71875 241.024993896484375 235 228.7375030517578125 220.087493896484375 213.125 207.96875 199.6062469482421875 190.006256103515625 183.1875 179.1687469482421875 175.8874969482421875 172.6999969482421875 171.2687530517578125 173 172.9375 177.1875 189.8562469482421875 201.556243896484375 216.6875 232.4499969482421875 252.46875 272.818756103515625 292.625 306.431243896484375 326.45001220703125 339.92498779296875 347.48748779296875 346.949981689453125 345.03125 351.45001220703125 350.274993896484375 348.26251220703125 343.89373779296875 337.350006103515625 328.493743896484375 321.899993896484375 311.38751220703125
229.6687469482421875 240.274993896484375 239.8625030517578125 243.9812469482421875 240.71875 237.7312469482421875 233.15625 231.0500030517578125 223.100006103515625 214.881256103515625 212.8625030517578125 208.899993896484375 201.6687469482421875 194.8874969482421875 190.3125 184.0124969482421875 180.368743896484375 177.4875030517578125 174.443756103515625 172.3125 174.2624969482421875 174.5187530517578125 178.787506103515625 189.3249969482421875 204.1437530517578125 218.962493896484375 240.537506103515625 261.006256103515625 280.912506103515625 301.98126220703125 323.21875 353.29376220703125 370.537506103515625 370.32501220703125 367.36248779296875 366.51873779296875 364.67498779296875 363.61248779296875 352.73748779296875 346.59375 341.274993896484375 329.068756103515625 317.95001220703125 310.774993896484375
228.0500030517578125 230.212493896484375 233.087493896484375 234.5124969482421875 231.3625030517578125 228.962493896484375 224.5250091552734375 219.162506103515625 213.6687469482421875 212.693756103515625 209.46875 203.725006103515625 199.412506103515625 194.6374969482421875 190.4250030517578125 186.4250030517578125 181.493743896484375 177.443756103515625 178.0124969482421875 175.3000030517578125 175.2312469482421875 176.375 180.3249969482421875 193.9875030517578125 208.537506103515625 223.9875030517578125 245.037506103515625 265.493743896484375 286.881256103515625 305.29998779296875 331.568756103515625 362.29998779296875 388.712493896484375 384.76251220703125 378.70001220703125 375.774993896484375 379.07501220703125 374.01251220703125 362.962493896484375 356.337493896484375 348.837493896484375 336.07501220703125 324.375 312.71875
227.9499969482421875 225.431243896484375 225.7937469482421875 223.318756103515625 221.40625 220.493743896484375 217.5 211.125 208.125 207.2624969482421875 203.6374969482421875 198.774993896484375 195.6750030517578125 191.5500030517578125 189.443756103515625 184.2062530517578125 182.0625 181.78125 182.2062530517578125 180.375 180.024993896484375 179.5124969482421875 185.0749969482421875 197.506256103515625 212.506256103515625 226.28125 247.5187530517578125 267.649993896484375 289.6875 308.818756103515625 332.01251220703125 358.256256103515625 380.412506103515625 384.0625 387.46875 386.11248779296875 385.506256103515625 386.4375 378.67498779296875 366.98126220703125 356.15625 345.96875 333.875 323.23126220703125
223.493743896484375 219.90625 216.8000030517578125 214.131256103515625 211.6062469482421875 206.962493896484375 203.162506103515625 202.225006103515625 203.3937530517578125 200.3687591552734375 197.8874969482421875 195.4812469482421875 192.506256103515625 191.381256103515625 191.274993896484375 189.78125 187.6374969482421875 185.9812469482421875 185.1999969482421875 183.96875 183.850006103515625 182.912506103515625 186.7062530517578125 198.537506103515625 212.6875 224.193756103515625 245.0625 267.13751220703125 288.35626220703125 305.056243896484375 325.649993896484375 344.75 364.04998779296875 375.350006103515625 388.368743896484375 390.61248779296875 393.774993896484375 392.85626220703125 385.5 373.899993896484375 357.54998779296875 343.556243896484375 338.068756103515625 334.868743896484375
217.6687469482421875 212.6125030517578125 207.3249969482421875 201.6687469482421875 198.4375 197.7062530517578125 195.4562530517578125 197.2937469482421875 197.368743896484375 194.056243896484375 193.537506103515625 192.7375030517578125 191.65625 192.162506103515625 192.662506103515625 192.100006103515625 190.46875 191.943756103515625 190.100006103515625 186.756256103515625 186.5124969482421875 186.8937530517578125 189.462493896484375 199.243743896484375 209.649993896484375 224.7687530517578125 240.9499969482421875 257.350006103515625 276.631256103515625 293.58123779296875 312.881256103515625 328.681243896484375 348.26873779296875 365.931243896484375 382.45001220703125 385.6875 399.10626220703125 402.36248779296875 393.84375 391.337493896484375 381.90625 365.13751220703125 351.20001220703125 340.73748779296875
211.15625 204.53125 197.7687530517578125 194.1875 192.212493896484375 191.256256103515625 191.943756103515625 191.59375 192.149993896484375 191.4187469482421875 191.350006103515625 190.2375030517578125 192.618743896484375 191.2375030517578125 192.4499969482421875 194.2312469482421875 194.5749969482421875 194.318756103515625 193.8312530517578125 192.5187530517578125 189.368743896484375 187.90625 189.8937530517578125 196.6875 206.03125 221.59375 235.0749969482421875 248.1750030517578125 265.625 280.587493896484375 299.818756103515625 312.73126220703125 332.46875 353.037506103515625 370.65625 376.48748779296875 392.068756103515625 404.875 405.225006103515625 401.287506103515625 400.462493896484375 382.04376220703125 365.73748779296875 348.8125
199.4562530517578125 192.493743896484375 187.625 185.8562469482421875 186.068756103515625 184.3874969482421875 187.78125 185.5749969482421875 186.125 185.6374969482421875 186.068756103515625 185.15625 187.712493896484375 190.181243896484375 191.600006103515625 194.806243896484375 193.162506103515625 192.625 192.475006103515625 191.9562530517578125 187.8937530517578125 186.53125 187.181243896484375 194.3000030517578125 205.8937530517578125 216.693756103515625 228.8125 238.912506103515625 250.8937530517578125 266.681243896484375 279.931243896484375 294.662506103515625 313.45623779296875 334.649993896484375 355.9375 366.65625 382.524993896484375 399.725006103515625 401.36248779296875 408.875 409.475006103515625 394.568756103515625 379.787506103515625 369.04376220703125
182.9562530517578125 178.649993896484375 175.193756103515625 175.6687469482421875 174.912506103515625 174.756256103515625 178.0500030517578125 178.6374969482421875 179.6125030517578125 181.125 185.306243896484375 185.4499969482421875 188.0124969482421875 192.068756103515625 192.806243896484375 193.0500030517578125 191.90625 193.75 191.2937469482421875 190.34375 185.75 185.0812530517578125 184.0812530517578125 191.568756103515625 200.7062530517578125 210.475006103515625 219.1437530517578125 228.381256103515625 236.537506103515625 249.5 263.162506103515625 275.774993896484375 291.868743896484375 316.899993896484375 336.537506103515625 354.024993896484375 366.01251220703125 383.743743896484375 387.693756103515625 401.162506103515625 403.26873779296875 396.48126220703125 386.524993896484375 381.59375
167.1437530517578125 163.6437530517578125 163.993743896484375 165 166.6750030517578125 167.1062469482421875 169.84375 171.1062469482421875 171.90625 173.8000030517578125 177.7687530517578125 182.524993896484375 185.0500030517578125 187.8000030517578125 190.431243896484375 192.8125 192.8562469482421875 193.243743896484375 189.1187591552734375 186.21875 184.2687530517578125 183.600006103515625 182.3312530517578125 186.5 194.149993896484375 200.756256103515625 207.0812530517578125 213.868743896484375 222.743743896484375 234.2624969482421875 246.6062469482421875 258.15625 275.10626220703125 294.79376220703125 315.931243896484375 331.912506103515625 348.21875 360.04998779296875 371.48126220703125 382.649993896484375 386.95623779296875 388.943756103515625 389.600006103515625 388.818756103515625
150.850006103515625 149.1437530517578125 151.3937530517578125 154.5625 157.493743896484375 159.181243896484375 160.1062469482421875 162.837493896484375 161.524993896484375 164.5187530517578125 170.5625 176.8125 183.837493896484375 189.6999969482421875 191.625 192.8000030517578125 191.993743896484375 191.9187469482421875 187.84375 182.537506103515625 180.537506103515625 178.131256103515625 178 180.53125 185.493743896484375 190.4499969482421875 197.806243896484375 204.2312469482421875 211.1062469482421875 222.4562530517578125 232.1437530517578125 242.399993896484375 255.7062530517578125 274.96875 286.9375 304.28125 316.868743896484375 339.087493896484375 350.756256103515625 360.037506103515625 367.04998779296875 367.76251220703125 371.83123779296875 378.14373779296875
136.5625 136.6999969482421875 137.96875 140.524993896484375 142.7624969482421875 144.743743896484375 145.40625 148.712493896484375 149.462493896484375 151.5500030517578125 158.0625 169.6374969482421875 180.975006103515625 187.2312469482421875 190.7937469482421875 191.212493896484375 190.1999969482421875 187.318756103515625 185.056243896484375 179.4812469482421875 177.475006103515625 175.1374969482421875 173.90625 175.7937469482421875 178.2312469482421875 180.806243896484375 188.899993896484375 194.712493896484375 198.1125030517578125 207.7062530517578125 217.375 226.368743896484375 237.4375 248.9187469482421875 260.962493896484375 274.01251220703125 294.681243896484375 307.11248779296875 318.53125 333.26873779296875 339.306243896484375 346.5625 349.149993896484375 356.15625
123.65625 124.97499847412109375 126.25624847412109375 128.6062469482421875 131.4250030517578125 132.5187530517578125 134.037506103515625 135.399993896484375 136.9187469482421875 136.9562530517578125 150.649993896484375 170.71875 181.8000030517578125 187.524993896484375 189.8000030517578125 189.8125 187.09375 183.3625030517578125 180.71875 174.1374969482421875 172.8625030517578125 170.8625030517578125 168.1374969482421875 168.681243896484375 170.068756103515625 173.193756103515625 178.3562469482421875 182.3937530517578125 185.2624969482421875 194.6437530517578125 204.5749969482421875 213.8312530517578125 222.28125 228.65625 239.4562530517578125 254.0500030517578125 269.20623779296875 283.256256103515625 291.693756103515625 301.256256103515625 307.54376220703125 311.712493896484375 323.54998779296875 333.29998779296875
111.8937530517578125 113.22499847412109375 115.9499969482421875 117.9250030517578125 121.53749847412109375 123.7375030517578125 125.72499847412109375 126.8312530517578125 129.993743896484375 131.743743896484375 155.9562530517578125 177.40625 185.225006103515625 190.399993896484375 190.6750030517578125 189.3625030517578125 185.681243896484375 182.3312530517578125 177.181243896484375 172.1687469482421875 168.006256103515625 165.8249969482421875 163.149993896484375 162.462493896484375 162.4562530517578125 163.774993896484375 165.96875 172.625 176.212493896484375 183.09375 190.5749969482421875 199.037506103515625 207.5124969482421875 211.0749969482421875 216.337493896484375 229.256256103515625 245.1062469482421875 256.568756103515625 268.912506103515625 274.70623779296875 281.73126220703125 287.881256103515625 291.112518310546875 296.23126220703125
99.9875030517578125 101.3562469482421875 104.09375 107.13124847412109375 109.2624969482421875 112.68125152587890625 117.0625 122.2624969482421875 131.056243896484375 146.818756103515625 174.8312530517578125 183.225006103515625 184.4562530517578125 188.5187530517578125 188.868743896484375 187.875 185.7375030517578125 181.3874969482421875 176.2937469482421875 169.693756103515625 163.375 158.6062469482421875 156.7687530517578125 157.006256103515625 155.274993896484375 155.53125 159.4312591552734375 164.8562469482421875 166.3125 173.9187469482421875 178.21875 180.9499969482421875 189.131256103515625 196.09375 205.34375 215.0500030517578125 225.274993896484375 238.6999969482421875 243.7624969482421875 246.006256103515625 255.618743896484375 260.181243896484375 260.76251220703125 267.787506103515625
90.09375 91.05625152587890625 94.53749847412109375 97.65625 100.8874969482421875 105.02500152587890625 109.4375 118.6125030517578125 130.4250030517578125 146.21875 162.868743896484375 174.5187530517578125 178.431243896484375 182.524993896484375 186.131256103515625 184.912506103515625 182.75 177.756256103515625 171.399993896484375 165.84375 157.899993896484375 153.1125030517578125 148.462493896484375 148.087493896484375 147.8249969482421875 148.725006103515625 151.1374969482421875 154.881256103515625 156.4187469482421875 162.375 167.8312530517578125 173.725006103515625 179.84375 187.1750030517578125 195.0812530517578125 202.0625 209.6062469482421875 220.5562591552734375 224.3312530517578125 222.3249969482421875 228.068756103515625 231.9250030517578125 230.368743896484375 232.03125
