data/historical-monthly-weather-data/wc2.1_cruts4.09_10m_prec_2003-02.asc
ncols        51
nrows        45
xllcorner    -63.500000000000
yllcorner    -7.500000000000
cellsize     0.166666666667
NODATA_value -9999
[rows 0 to 19 of 45, columns 0 to 44 of 51]
90.2624969482421875 83.94374847412109375 79.69374847412109375 77.375 74.33750152587890625 74.0812530517578125 73.34375 71.625 71 71.81874847412109375 74.61875152587890625 78.02500152587890625 81.2624969482421875 81.90625 84.1875 86.65625 89.55625152587890625 90.05625152587890625 92.84999847412109375 96.0124969482421875 99.0437469482421875 102.11875152587890625 106.5500030517578125 111.4375 117.16249847412109375 123.6687469482421875 131.318756103515625 139.649993896484375 148.7624969482421875 157.318756103515625 166.868743896484375 177.1875 186.068756103515625 195.625 206 214.118743896484375 220.100006103515625 225.306243896484375 229.568756103515625 231.600006103515625 234.7375030517578125 236.1999969482421875 235.5749969482421875 238.056243896484375 236.8000030517578125
94.25624847412109375 88.1437530517578125 85.2624969482421875 82.6062469482421875 80.6437530517578125 81.875 82.16249847412109375 82.9875030517578125 84.84999847412109375 86.66249847412109375 89.0749969482421875 91.6125030517578125 93.91249847412109375 95.2312469482421875 96.94374847412109375 98.53749847412109375 100.71875 102.84999847412109375 106.49375152587890625 110.2624969482421875 113.56874847412109375 117.68125152587890625 122.69374847412109375 127.86875152587890625 133.243743896484375 140.037506103515625 146.975006103515625 155.131256103515625 163.5124969482421875 172.3562469482421875 181.193756103515625 192.556243896484375 201.931243896484375 212.5124969482421875 222.306243896484375 230.3312530517578125 236.6875 241.5437469482421875 245.40625 247.2312469482421875 249.7375030517578125 250.318756103515625 248.681243896484375 249.7062530517578125 247.9375
98.80625152587890625 93.33750152587890625 91.47499847412109375 90.30625152587890625 90.05625152587890625 92.3937530517578125 95.27500152587890625 98.96875 103.30625152587890625 106.22499847412109375 108.22499847412109375 109.94374847412109375 111.1875 111.46250152587890625 111.98749542236328125 112.5437469482421875 113.4562530517578125 115.73125457763671875 118.86875152587890625 122.5625 126.5124969482421875 132.2312469482421875 137.4875030517578125 143.162506103515625 150.381256103515625 156.8125 163.462493896484375 171.40625 178.3000030517578125 186.0812530517578125 195.693756103515625 206.28125 216.556243896484375 226.1125030517578125 237.1750030517578125 244.131256103515625 251.2687530517578125 257.912506103515625 260.54998779296875 262.149993896484375 263.837493896484375 262.83123779296875 260.350006103515625 258.13751220703125 256.9375
102.40625 97.8249969482421875 98.11875152587890625 98.90625 101.66249847412109375 105.11875152587890625 110.4375 117.19374847412109375 124.5187530517578125 129.649993896484375 131.3562469482421875 131.024993896484375 129.712493896484375 128.3249969482421875 127.9562530517578125 127.5187530517578125 127.53125 128.0437469482421875 130.962493896484375 135.9187469482421875 141.306243896484375 147.274993896484375 152.65625 159.2624969482421875 166.71875 173.850006103515625 180.90625 187.7312469482421875 193.6750030517578125 201.59375 209.90625 221.3562469482421875 230.743743896484375 241.0625 251.1875 259.725006103515625 267.39373779296875 273.89373779296875 277.54998779296875 279.193756103515625 278.54998779296875 276.10626220703125 272.36248779296875 267.9375 265.89373779296875
108.5500030517578125 103.34999847412109375 103.88124847412109375 106.9499969482421875 111.96875 117.93125152587890625 124.88124847412109375 135.100006103515625 147.0625 155.975006103515625 154.806243896484375 150.9562530517578125 148.6999969482421875 146.443756103515625 144.3562469482421875 142.975006103515625 142.2375030517578125 141.243743896484375 144.375 149.818756103515625 156.493743896484375 162.1750030517578125 168.631256103515625 176.21875 183.90625 191.8312530517578125 196.65625 201.96875 209.4499969482421875 217.412506103515625 225.818756103515625 235.1750030517578125 245.9562530517578125 256.73748779296875 266.84375 275.8125 284.92498779296875 292.51873779296875 296.08123779296875 295.92498779296875 295.16876220703125 289.837493896484375 283.318756103515625 277.399993896484375 272.78125
114.1062469482421875 110.3562469482421875 110.8125 113.55625152587890625 118.875 126.68125152587890625 135.7375030517578125 147.2062530517578125 161.274993896484375 173.368743896484375 170.2624969482421875 165.5812530517578125 163.318756103515625 161.53125 159.681243896484375 159.087493896484375 157.556243896484375 156.8312530517578125 160.712493896484375 166.6875 172.75 178.8874969482421875 185.537506103515625 192.4812469482421875 199.3375091552734375 207.625 212.524993896484375 216.9187469482421875 222.943756103515625 230.6374969482421875 239.0749969482421875 248.375 257.818756103515625 270.681243896484375 281.84375 290.818756103515625 300.4375 308.34375 312.89373779296875 312.42498779296875 308.600006103515625 301.54376220703125 293.76873779296875 286.337493896484375 278.13751220703125
120.28749847412109375 117.375 118.58750152587890625 120.72499847412109375 125.78125 133.5187530517578125 142.9375 153.0812530517578125 164.8375091552734375 172.8562469482421875 175.681243896484375 175.493743896484375 175.118743896484375 174.8937530517578125 174.8312530517578125 175.1687469482421875 175.912506103515625 177.9187469482421875 181.7624969482421875 185.5 189.625 195.6750030517578125 201.09375 207.3937530517578125 216.100006103515625 223.4187469482421875 227.962493896484375 232.625 236.28125 243.006256103515625 252.53125 261.85626220703125 272.23748779296875 282.08123779296875 293.11248779296875 304.25 313.65625 322.67498779296875 329.125 328.0625 321.006256103515625 312.993743896484375 304.6875 295.82501220703125 285.67498779296875
126.36875152587890625 123.5749969482421875 125.04375457763671875 128.6437530517578125 133.7687530517578125 140.625 148.1125030517578125 155.4250030517578125 162.53125 169.868743896484375 177.8125 183.193756103515625 186.350006103515625 187.431243896484375 188.7624969482421875 190.8249969482421875 193.21875 197.9875030517578125 203.3874969482421875 204.0187530517578125 206.024993896484375 211.0124969482421875 216.193756103515625 223.0187530517578125 231.725006103515625 238.9812469482421875 243.09375 246.399993896484375 250.537506103515625 256.818756103515625 264.38751220703125 274.375 284.40625 294.868743896484375 305.131256103515625 314.98748779296875 324.600006103515625 333.21875 338.131256103515625 337.681243896484375 332.350006103515625 325.006256103515625 316.524993896484375 306.087493896484375 297.087493896484375
133.1750030517578125 131.024993896484375 132.600006103515625 136.375 140.9375 146.3937530517578125 153.056243896484375 158.5500030517578125 162.806243896484375 169.6062469482421875 179.962493896484375 188.943756103515625 194.662506103515625 197.743743896484375 199.375 202.368743896484375 205.09375 209.587493896484375 215.537506103515625 215.600006103515625 216.556243896484375 221.649993896484375 227.6875 237.1062469482421875 246.1937408447265625 253.5 256.318756103515625 259.01251220703125 263.225006103515625 268.57501220703125 275.962493896484375 285.23126220703125 294.412506103515625 303.618743896484375 313.149993896484375 323.399993896484375 332.9375 341.3125 347.068756103515625 347.725006103515625 343.524993896484375 337.462493896484375 330.8125 322.100006103515625 315.118743896484375
140.068756103515625 138.6062469482421875 140.662506103515625 143.9250030517578125 147.8625030517578125 152.806243896484375 159.4375 164.9250030517578125 171.337493896484375 178.8562469482421875 189.006256103515625 196.850006103515625 204.212493896484375 207.71875 209.96875 211.600006103515625 213.375 216.9562530517578125 219.5187530517578125 220.8874969482421875 223.9375 230.618743896484375 238.96875 251.1437530517578125 260.806243896484375 267.85626220703125 270.756256103515625 271.89373779296875 276.28125 281.068756103515625 286.16876220703125 293.818756103515625 302.693756103515625 312.64373779296875 322.36248779296875 331.850006103515625 341.13751220703125 348.199981689453125 353.912506103515625 356.693756103515625 355.71875 351.725006103515625 345.399993896484375 336.54998779296875 332.368743896484375
146.587493896484375 145.6687469482421875 147.850006103515625 150.9562530517578125 154.4375 159.475006103515625 165.931243896484375 172.84375 180.787506103515625 189.625 200.2687530517578125 208.587493896484375 214.90625 218.3125 219.8125 220.412506103515625 220.431243896484375 221.899993896484375 222.9375 224.837493896484375 228.65625 236.8249969482421875 249.0437469482421875 260.881256103515625 274.774993896484375 281.787506103515625 283.13751220703125 284.881256103515625 287.36248779296875 290.61248779296875 295.600006103515625 301.95001220703125 309.76873779296875 319.23126220703125 330.118743896484375 339.993743896484375 347.368743896484375 355.412506103515625 361.23126220703125 363.89373779296875 364.46875 361.368743896484375 356.712493896484375 349.556243896484375 345.73748779296875
153.5124969482421875 152.6687469482421875 154.5500030517578125 157.868743896484375 161.7375030517578125 167.0625 173.84375 182.3249969482421875 190.9499969482421875 200.618743896484375 212.068756103515625 221.006256103515625 225.5749969482421875 227.5625 228.7375030517578125 228.03125 227.34375 227.100006103515625 226.4187469482421875 226.8312530517578125 230.681243896484375 240.90625 257.587493896484375 274.037506103515625 287.681243896484375 292.76873779296875 292.53125 293.26251220703125 295.46875 299.11248779296875 303.212493896484375 307.75 315.243743896484375 323.8125 333.85626220703125 343.943756103515625 353.493743896484375 362.006256103515625 368.337493896484375 372 373.95001220703125 370.587493896484375 363.34375 353.61248779296875 348.056243896484375
158.8000030517578125 158.5437469482421875 161.024993896484375 164.3625030517578125 169.0749969482421875 175.1875 182.943756103515625 191.537506103515625 200.524993896484375 211.6125030517578125 223.193756103515625 231.9875030517578125 235.818756103515625 235.5437469482421875 235.8625030517578125 234.243743896484375 232.96875 232.868743896484375 232.556243896484375 231.84375 233.662506103515625 245.8000030517578125 265.20623779296875 281.39373779296875 292.20001220703125 297.556243896484375 299.399993896484375 300.45623779296875 302.068756103515625 305.29998779296875 308.875 312.600006103515625 318.006256103515625 326.337493896484375 336.13751220703125 345.631256103515625 355.16876220703125 366.100006103515625 373.84375 378.743743896484375 382.993743896484375 378.15625 366.17498779296875 353.29376220703125 344.774993896484375
163.2062530517578125 163.3937530517578125 166.287506103515625 170.193756103515625 175.65625 182.3125 191.1875 200.46875 210.212493896484375 221 231.7937469482421875 238.6437530517578125 241.875 242.75 241.431243896484375 240.337493896484375 238.3125 239.131256103515625 239.162506103515625 240.5 246.524993896484375 258.59375 275.006256103515625 286.837493896484375 295.899993896484375 301.75 304.57501220703125 305.743743896484375 307.82501220703125 309.16876220703125 311.993743896484375 314.399993896484375 318.837493896484375 326.649993896484375 335.45623779296875 345.649993896484375 357.45001220703125 369.79376220703125 380.01251220703125 385.78125 387.29998779296875 376.943756103515625 365.868743896484375 355.1875 347.73748779296875
166.4437408447265625 166.7125091552734375 170.3312530517578125 175.631256103515625 181.068756103515625 188.8874969482421875 198.912506103515625 208.493743896484375 218.7624969482421875 229.399993896484375 238.975006103515625 245.6062469482421875 248.8000030517578125 249.7624969482421875 248.9187469482421875 247.21875 245.868743896484375 246.693756103515625 247.9250030517578125 251.3000030517578125 259.600006103515625 270.881256103515625 285.1875 294.4375 301.381256103515625 308.01873779296875 310.70001220703125 311.20623779296875 312.475006103515625 313.51251220703125 313.59375 313.493743896484375 317.256256103515625 322.84375 330.993743896484375 340.71875 355.131256103515625 370.82501220703125 382.475006103515625 387.568756103515625 384.068756103515625 376.51251220703125 368.193756103515625 357.59375 349.29998779296875
168.5500030517578125 169.0625 173.493743896484375 179.5 186.1750030517578125 194.8249969482421875 205.399993896484375 215.1875 226.006256103515625 237.53125 247.337493896484375 254.03125 257.51251220703125 257.993743896484375 256.943756103515625 253.53125 253.475006103515625 255.9375 258.568756103515625 263.100006103515625 271.537506103515625 282.57501220703125 295.36248779296875 303.8125 308.399993896484375 312.73126220703125 314.149993896484375 315.431243896484375 317.443756103515625 317.756256103515625 317.03125 313.774993896484375 312.662506103515625 315.100006103515625 319.90625 330.899993896484375 347.756256103515625 367.649993896484375 383.8125 389.725006103515625 385.58123779296875 376.63751220703125 367.23126220703125 356.774993896484375 347.09375
168.8874969482421875 170.618743896484375 175.618743896484375 182.40625 190.212493896484375 199.6687469482421875 210.75 221.649993896484375 232.9812469482421875 245.131256103515625 256.39373779296875 263.9375 268.337493896484375 269.33123779296875 267.66876220703125 263.881256103515625 261.774993896484375 263.743743896484375 266.868743896484375 272.51251220703125 282.506256103515625 293.78125 305.04376220703125 311.899993896484375 316.087493896484375 316.837493896484375 316.087493896484375 318.399993896484375 321.743743896484375 323.07501220703125 320.743743896484375 314.92498779296875 309.29376220703125 304.212493896484375 306.45623779296875 317.162506103515625 335.23126220703125 362.068756103515625 387.70001220703125 389.23748779296875 380.89373779296875 371.78125 361.04376220703125 350.774993896484375 342.9375
166.899993896484375 169.5749969482421875 176.118743896484375 184.2062530517578125 192.7624969482421875 202.899993896484375 214.6999969482421875 226.375 238.287506103515625 250.787506103515625 263.587493896484375 274 281.51251220703125 283.60626220703125 282.20623779296875 278.306243896484375 272.625 270.3125 274.850006103515625 280.29376220703125 291.993743896484375 302.09375 310.08123779296875 313.98748779296875 317.03125 317.96875 316.1875 320.037506103515625 325.193756103515625 327.368743896484375 323.45623779296875 310.337493896484375 300.76873779296875 292.29376220703125 289.73748779296875 296.225006103515625 319.162506103515625 346.39373779296875 369.875 375.506256103515625 368.70623779296875 360.712493896484375 352.29376220703125 344.512481689453125 337.98748779296875
164.0625 167.881256103515625 175.306243896484375 183.7624969482421875 193.412506103515625 205.125 217.0187530517578125 229.993743896484375 243.181243896484375 256.056243896484375 270.38751220703125 282.45001220703125 293.318756103515625 300.3125 297.48126220703125 289.89373779296875 282.131256103515625 276.881256103515625 278.70623779296875 284.912506103515625 297.462493896484375 307.443756103515625 310.068756103515625 312.79998779296875 315.65625 318.4375 319.274993896484375 323.14373779296875 329.462493896484375 333.149993896484375 329.568756103515625 312.70623779296875 296.537506103515625 279.98126220703125 270.76251220703125 278.324981689453125 301.125 326.306243896484375 346.868743896484375 354.42498779296875 353.037506103515625 346.681243896484375 341.662506103515625 336.975006103515625 331.89373779296875
161.556243896484375 165.493743896484375 173.6125030517578125 182.8625030517578125 193.943756103515625 206.587493896484375 219.8874969482421875 232.71875 246.274993896484375 259.818756103515625 274.04376220703125 287.837493896484375 302.931243896484375 316.28125 310.54376220703125 296.29998779296875 284.58123779296875 280.375 281.368743896484375 286.818756103515625 294.51251220703125 300.90625 307.3125 309.887481689453125 312.98126220703125 316.34375 319.931243896484375 325.912506103515625 330.48126220703125 332.59375 326.431243896484375 312.662506103515625 291.51873779296875 268.29998779296875 251.8125 262.29376220703125 288.90625 313.975006103515625 331.38751220703125 339.600006103515625 338.556243896484375 333.23748779296875 332.818756103515625 331.42498779296875 327.9375
