data/historical-monthly-weather-data/wc2.1_cruts4.09_10m_prec_2006-06.asc
ncols        45
nrows        45
xllcorner    -63.500000000000
yllcorner    -7.500000000000
cellsize     0.166666666667
NODATA_value -9999
[rows 0 to 18 of 45, columns 0 to 42 of 45]
345.51873779296875 350.71875 353.57501220703125 367.51251220703125 376.125 386.068756103515625 388.33123779296875 387.881256103515625 379.306243896484375 383.51251220703125 390.600006103515625 389.42498779296875 388.20623779296875 382.0625 371.71875 363.131256103515625 351.625 340.024993896484375 328.225006103515625 320.73126220703125 319.993743896484375 309.662506103515625 301.08123779296875 288.15625 277.58123779296875 268.600006103515625 262.53125 258.53125 247.1687469482421875 234.8874969482421875 218 207.8249969482421875 201.681243896484375 191.7312469482421875 183.03125 177.90625 172.7687530517578125 169.40625 164.3874969482421875 161.6374969482421875 161.5749969482421875 166.337493896484375 165.34375
335.04376220703125 339.78125 349.96875 361.09375 375.087493896484375 383.91876220703125 385.07501220703125 383.1875 383.5625 386.306243896484375 388.28125 383.36248779296875 371.368743896484375 361.912506103515625 349.3125 338.712493896484375 324.83123779296875 309.181243896484375 295.90625 288.91876220703125 285.506256103515625 276.38751220703125 270.41876220703125 261.21875 251.381256103515625 242.0187530517578125 237.8874969482421875 232.8125 224.15625 209.2687530517578125 197.3000030517578125 191.5812530517578125 184.4187469482421875 177.4250030517578125 171.1750030517578125 163.787506103515625 159.774993896484375 155.5500030517578125 151.28125 149.287506103515625 151.1999969482421875 149.0124969482421875 152.618743896484375
316.29376220703125 329.462493896484375 338.60626220703125 343.38751220703125 357.04998779296875 368.600006103515625 372.76251220703125 380.618743896484375 381.6875 382.71875 379.537506103515625 368.15625 357.36248779296875 339.40625 324.256256103515625 311.818756103515625 295.975006103515625 282.15625 270.631256103515625 262.08123779296875 258.98748779296875 255.75 248.75 243.725006103515625 230.5437469482421875 220.0187530517578125 220.3312530517578125 214.256256103515625 204 196.056243896484375 183.7687530517578125 175.8312530517578125 168.962493896484375 163.90625 156.350006103515625 146.350006103515625 144.1125030517578125 142.3874969482421875 139.256256103515625 138.1999969482421875 141.5187530517578125 141.5500030517578125 143.193756103515625
295.92498779296875 302.57501220703125 316.75 326.787506103515625 334.881256103515625 345.131256103515625 355.35626220703125 365.024993896484375 371.225006103515625 374.131256103515625 365.91876220703125 349.91876220703125 333.23748779296875 314.13751220703125 299.78125 286.57501220703125 267.91876220703125 257.04998779296875 247.3249969482421875 247.0812530517578125 241.6374969482421875 232.350006103515625 227.0749969482421875 223.431243896484375 210.2062530517578125 200.1687469482421875 198.243743896484375 191.243743896484375 186.024993896484375 180.193756103515625 171.412506103515625 162.2624969482421875 155.6687469482421875 147.2624969482421875 140.399993896484375 138.25 136.3125 132.649993896484375 129.568756103515625 128.8625030517578125 131.1125030517578125 134.4875030517578125 135.9250030517578125
298.818756103515625 301.17498779296875 295.506256103515625 306.912506103515625 322.087493896484375 326.462493896484375 336.29376220703125 351.41876220703125 363.837493896484375 367.381256103515625 357.193756103515625 329.65625 312.068756103515625 294.73126220703125 276.631256103515625 262.40625 247.2624969482421875 232.443756103515625 223.5500030517578125 221.7937469482421875 216.2624969482421875 210.962493896484375 206.6999969482421875 201.4499969482421875 189.100006103515625 180.6374969482421875 176.9187469482421875 176.087493896484375 172.337493896484375 164.0749969482421875 159.1437530517578125 153.1750030517578125 145.5 138.881256103515625 134.6062469482421875 129.21875 126.78749847412109375 125.1750030517578125 121.52500152587890625 119.625 122.21875 125.40625 128.1374969482421875
286.23126220703125 293.462493896484375 289.79998779296875 280.787506103515625 299.274993896484375 316.38751220703125 321.899993896484375 332.381256103515625 348.675018310546875 354.087493896484375 337.1875 311.78125 295.306243896484375 278.70623779296875 258.98748779296875 245.1374969482421875 229.431243896484375 215.8249969482421875 210.2375030517578125 206.0812530517578125 203.037506103515625 196.8000030517578125 191.1437530517578125 181.931243896484375 174.443756103515625 167.7312469482421875 162.9812469482421875 162.53125 160.0749969482421875 153.21875 150.875 146.118743896484375 141.3249969482421875 134.037506103515625 126.83750152587890625 126.43125152587890625 122.06874847412109375 116.31874847412109375 115.98749542236328125 118.4250030517578125 118.53125 122.69374847412109375 123.7937469482421875
280.662506103515625 284.09375 282.0625 278.96875 277.86248779296875 281.64373779296875 287.10626220703125 303.975006103515625 308.712493896484375 312.850006103515625 304.84375 286.29376220703125 275.381256103515625 263.23126220703125 245.96875 231.6374969482421875 219.3125 206.6437530517578125 196.100006103515625 192.6374969482421875 184.2937469482421875 178.899993896484375 172.318756103515625 166.8312530517578125 163.875 157.8125 153.087493896484375 150.993743896484375 148.84375 148.4250030517578125 142.649993896484375 136.2624969482421875 130.975006103515625 127.55625152587890625 124.99375152587890625 121.3249969482421875 114.69374847412109375 111.49375152587890625 110.8125 113.9812469482421875 114.1999969482421875 116.97499847412109375 119.9875030517578125
271.95001220703125 269.493743896484375 268.59375 273.39373779296875 273.193756103515625 279.975006103515625 271.13751220703125 263.837493896484375 257.14373779296875 265.25 268.01251220703125 260.875 254.7375030517578125 244.493743896484375 234.3874969482421875 221.59375 206.587493896484375 195.556243896484375 184.881256103515625 175.3562469482421875 176.368743896484375 168.149993896484375 160.2937469482421875 154.712493896484375 152 144.868743896484375 141.806243896484375 140.1374969482421875 138.6374969482421875 135.318756103515625 136.056243896484375 130.118743896484375 126.03749847412109375 121.83750152587890625 116.1750030517578125 112.3874969482421875 108.75624847412109375 105.9375 103.1999969482421875 103.3874969482421875 105.38124847412109375 110.33750152587890625 110.6125030517578125
261.524993896484375 261.537506103515625 257.493743896484375 258.868743896484375 261.131256103515625 260.725006103515625 262.23748779296875 260.33123779296875 244.318756103515625 234.875 234.568756103515625 233.7687530517578125 236.6125030517578125 230.162506103515625 222.4812469482421875 210.03125 203.6125030517578125 195.53125 186.943756103515625 174.431243896484375 163.337493896484375 162.193756103515625 150.399993896484375 149.4499969482421875 143.09375 137.1374969482421875 134.40625 134.5437469482421875 136.350006103515625 132.837493896484375 134.2375030517578125 123.65625 115.2312469482421875 110.4812469482421875 108.8562469482421875 109.6687469482421875 108.40000152587890625 107.40000152587890625 104.7937469482421875 102.4812469482421875 101.68125152587890625 101.83750152587890625 106.4375
251.9812469482421875 252.59375 249.4562530517578125 250.1374969482421875 251.125 249.381256103515625 249.2375030517578125 243.3874969482421875 237.5187530517578125 230.412506103515625 222.868743896484375 211.837493896484375 217.4250030517578125 216.1999969482421875 211.9187469482421875 204.912506103515625 196.5437469482421875 195.0187530517578125 187.53125 178.84375 164.0749969482421875 154.34375 141.34375 137.9187469482421875 130.8625030517578125 128.1374969482421875 126.5500030517578125 125.61875152587890625 125.0187530517578125 125.6437530517578125 125.5 118.66249847412109375 113.97499847412109375 110.2062530517578125 106.0187530517578125 105.61875152587890625 106.2937469482421875 107.125 106.24375152587890625 107.66249847412109375 108.56874847412109375 108.22499847412109375 104.34999847412109375
245.96875 244.1687469482421875 240.6374969482421875 239.28125 237.4499969482421875 238.868743896484375 233.1875 228.037506103515625 225.6062469482421875 221.693756103515625 217.4375 208.2062530517578125 202.068756103515625 202.556243896484375 198.8874969482421875 194.9562530517578125 189.2375030517578125 183.7062530517578125 180.993743896484375 178.8937530517578125 173.5625 158.381256103515625 139.1062469482421875 122.38124847412109375 121.06874847412109375 124.71250152587890625 124.58750152587890625 121.40000152587890625 118.2687530517578125 117.66249847412109375 117.30625152587890625 113.5124969482421875 110.80625152587890625 108.1875 105.43125152587890625 103.13124847412109375 104.09999847412109375 103.9375 107.5812530517578125 107.86875152587890625 108.05625152587890625 105.63124847412109375 104.19374847412109375
235.493743896484375 234.6687469482421875 234.6437530517578125 229.850006103515625 228.75 225.9375 226.2687530517578125 223.25 219.84375 210.2062530517578125 209.1125030517578125 203.443756103515625 189.6875 189.868743896484375 192.118743896484375 187.6125030517578125 182.306243896484375 178.7687530517578125 178.243743896484375 182.850006103515625 178.25 164.4875030517578125 143.4437408447265625 122.80625152587890625 116.6062469482421875 114.58750152587890625 112.74375152587890625 112.72499847412109375 113.1999969482421875 111.5 107 106.7687530517578125 105.5625 101.7624969482421875 101.66249847412109375 103.2937469482421875 106.06874847412109375 107.1374969482421875 105.46250152587890625 108.84999847412109375 109.63124847412109375 106.25624847412109375 97.30625152587890625
229.8562469482421875 227.3312530517578125 225.225006103515625 220.681243896484375 220.6750030517578125 215.774993896484375 214.256256103515625 212 205.8937530517578125 200.46875 197.837493896484375 195.193756103515625 188.78125 176.2312469482421875 174.5187530517578125 174.5124969482421875 171.6687469482421875 171.131256103515625 165.4250030517578125 168.556243896484375 167.5500030517578125 155.399993896484375 139.162506103515625 122.375 108.94374847412109375 105.13124847412109375 106.2937469482421875 107.46250152587890625 109.2062530517578125 109.7062530517578125 104.71875 100.81874847412109375 102.1062469482421875 97.6437530517578125 97.4250030517578125 100.80625152587890625 106.7375030517578125 110.1999969482421875 115.61875152587890625 115.4562530517578125 110.90625 105.5437469482421875 91.69374847412109375
222.118743896484375 219.850006103515625 216.181243896484375 212.443756103515625 208.524993896484375 205.631256103515625 201.84375 201.34375 197.899993896484375 191.087493896484375 187.475006103515625 181.34375 177.6750030517578125 170.2624969482421875 157.649993896484375 161 157.787506103515625 155.0625 152.375 153.84375 151.493743896484375 141.1999969482421875 128.40625 118.4499969482421875 109.125 101.9562530517578125 100.02500152587890625 99.5625 100.74375152587890625 100.84999847412109375 100.6750030517578125 98.6750030517578125 97.94374847412109375 97.53125 95.09999847412109375 102.84999847412109375 112.1125030517578125 119.4812469482421875 125.41249847412109375 122.72499847412109375 108.0437469482421875 97.80625152587890625 93.71875
209.899993896484375 208.306243896484375 207.2624969482421875 205.181243896484375 200.875 197.6125030517578125 195.3937530517578125 192.443756103515625 188.368743896484375 183.3000030517578125 177.912506103515625 172.743743896484375 168.1062469482421875 159.15625 144.96875 145.993743896484375 144.40625 145.131256103515625 139.65625 139.462493896484375 138.600006103515625 130.65625 122.88124847412109375 116.625 112.49375152587890625 106.68125152587890625 104.8000030517578125 103.21250152587890625 104.81874847412109375 101.16875457763671875 96.8874969482421875 97.13124847412109375 100.53125 96.47499847412109375 91.28125 94.1999969482421875 109.31874847412109375 124.65625 128.375 122.4187469482421875 114.9499969482421875 109.77500152587890625 109.2312469482421875
200.774993896484375 197.375 196.59375 192.7937469482421875 192.6062469482421875 190.3312530517578125 186.7312469482421875 182.337493896484375 180.9875030517578125 179.693756103515625 174.024993896484375 167.725006103515625 162.725006103515625 154.1999969482421875 142.1875 127.7624969482421875 129.587493896484375 133.3249969482421875 128.787506103515625 128.2062530517578125 126.3125 121.3249969482421875 117.4812469482421875 115.91249847412109375 113 108.32500457763671875 104.88124847412109375 104.4499969482421875 104.1875 105.1062469482421875 102.7062530517578125 99.2624969482421875 94.125 88.9187469482421875 84.7687530517578125 99.29999542236328125 106.7937469482421875 117.55625152587890625 125.7375030517578125 128.7375030517578125 128.381256103515625 123.96250152587890625 115.3937530517578125
190.118743896484375 188.618743896484375 185.631256103515625 185.4499969482421875 184.881256103515625 183.5625 179.9187469482421875 176.8874969482421875 171.649993896484375 168.649993896484375 166.756256103515625 162.181243896484375 154.4812469482421875 146.412506103515625 140.1875 127.43125152587890625 113.07500457763671875 115.59999847412109375 117.15000152587890625 115.8562469482421875 112.90625 111.74375152587890625 109.4562530517578125 112.8000030517578125 110.8937530517578125 103.63124847412109375 100.7687530517578125 100.0437469482421875 103.4875030517578125 105.55625152587890625 106.19374847412109375 105.5625 100.49375152587890625 98.94374847412109375 104.2624969482421875 110.0812530517578125 119.75624847412109375 128.193756103515625 135.71875 130.993743896484375 130.462493896484375 122.43125152587890625 110.36875152587890625
177.743743896484375 177.5812530517578125 178.25 178.2624969482421875 178.381256103515625 179.0187530517578125 174.4812469482421875 170.6374969482421875 165.556243896484375 159.6062469482421875 155.462493896484375 153.6437530517578125 145.3874969482421875 138.6999969482421875 134.756256103515625 125.64374542236328125 112.15625 99.68125152587890625 108.0625 103.6999969482421875 101.34375 100.90625 103.1374969482421875 105.96250152587890625 107.16249847412109375 100.74375152587890625 96.34375 99.9562530517578125 102.7937469482421875 102.75 98.7937469482421875 95.3874969482421875 107.65000152587890625 109.8249969482421875 111.4875030517578125 129.6687469482421875 137.1062469482421875 133.9875030517578125 135.1374969482421875 132.1999969482421875 120.4499969482421875 110.3312530517578125 100.94374847412109375
166.7375030517578125 169.2249908447265625 170.1374969482421875 171.306243896484375 172.5 170.375 166.943756103515625 162.6999969482421875 159.4499969482421875 155.625 150.274993896484375 141.256256103515625 134.7312469482421875 130.3249969482421875 124.33750152587890625 117.7375030517578125 112.3937530517578125 98.15000152587890625 91.72499847412109375 89.99375152587890625 92.1437530517578125 95.83750152587890625 89.09375 95.1687469482421875 97.0749969482421875 99.46250152587890625 99.1999969482421875 97.7312469482421875 102.68125152587890625 102.52500152587890625 100.375 102.2375030517578125 108.5 109.27500152587890625 115.2375030517578125 128.15625 130.3249969482421875 126.21875 126.36875152587890625 119.72499847412109375 109.66249847412109375 97.74375152587890625 92.5625
