data/historical-monthly-weather-data/wc2.1_cruts4.09_10m_prec_1988-12.asc
ncols        51
nrows        45
xllcorner    -63.500000000000
yllcorner    -7.500000000000
cellsize     0.166666666667
NODATA_value -9999
[rows 20 to 39 of 45, columns 0 to 44 of 51]
263.6875 275.868743896484375 286.58123779296875 298.693756103515625 311.86248779296875 323.412506103515625 333.837493896484375 343.28125 349.76251220703125 353.087493896484375 354.043731689453125 357.92498779296875 361.318756103515625 361.73126220703125 358.51873779296875 352.59375 346.693756103515625 343.056243896484375 343.506256103515625 345.20623779296875 356.28125 368.1875 378.587493896484375 381.274993896484375 384.837493896484375 385.34375 373.3125 351.600006103515625 325.29376220703125 299.774993896484375 279.59375 269.79376220703125 268.86248779296875 271.524993896484375 274.98126220703125 278.4375 285.143768310546875 292.41876220703125 295.58123779296875 291.875 282.29998779296875 271.399993896484375 263.9375 257.600006103515625 251.943756103515625
251.75 263.23748779296875 275.881256103515625 291.11248779296875 306.26873779296875 318.60626220703125 330.86248779296875 342.125 348.875 352.431243896484375 352.524993896484375 354.243743896484375 355.41876220703125 353.912506103515625 351.806243896484375 347.743743896484375 343.70001220703125 341.975006103515625 342.01251220703125 343.51873779296875 350.962493896484375 362.368743896484375 374.693756103515625 377.8125 382.46875 388.33123779296875 383.631256103515625 364.29998779296875 339.818756103515625 317.14373779296875 297.86248779296875 285.306243896484375 281.399993896484375 282.506256103515625 283.63751220703125 285.993743896484375 292.60626220703125 300.568756103515625 301.98748779296875 295.600006103515625 286.368743896484375 276.03125 267.662506103515625 260.693756103515625 255.4375
240.524993896484375 253.84375 266.493743896484375 282.225006103515625 299.287506103515625 314.006256103515625 326.9375 340.08123779296875 349.212493896484375 351.79998779296875 350.993743896484375 349.537506103515625 349.600006103515625 347.51251220703125 345.743743896484375 342.73126220703125 339.4375 338.21875 338.86248779296875 339.306243896484375 345.6875 355.037506103515625 364.9375 368.76251220703125 375.65625 386.23748779296875 387.86248779296875 371.850006103515625 349.462493896484375 329.774993896484375 312.5625 299.399993896484375 294.787506103515625 292.51873779296875 291.20001220703125 290.03125 297.29998779296875 310.556243896484375 311.40625 302.48748779296875 291.912506103515625 280.88751220703125 272 264.42498779296875 258.5
229.149993896484375 241.125 253.943756103515625 270.875 289.96875 306 321.256256103515625 334.92498779296875 343.881256103515625 346.056243896484375 345.600006103515625 344.83123779296875 344.412506103515625 342.96875 341.67498779296875 339.5 337.48748779296875 337.375 337.76873779296875 337.818756103515625 340.881256103515625 347.212493896484375 353.26873779296875 357.0625 363.225006103515625 372.54998779296875 374.23126220703125 365.82501220703125 352.41876220703125 337.087493896484375 323.524993896484375 310.58123779296875 306.86248779296875 303.618743896484375 301.1875 297.162506103515625 303.32501220703125 316.375 317.40625 308.681243896484375 297.48748779296875 286.712493896484375 276.91876220703125 268.568756103515625 264.024993896484375
220.4250030517578125 230.3937530517578125 242.8375091552734375 262.98126220703125 285.087493896484375 300.88751220703125 315.725006103515625 328.193756103515625 335.6875 339.63751220703125 340.618743896484375 339.524993896484375 338.625 337.181243896484375 337.412506103515625 336.806243896484375 335.84375 336.681243896484375 337.01251220703125 336.67498779296875 336.88751220703125 338.5 341.337493896484375 342.76873779296875 348.943756103515625 359.006256103515625 361.587493896484375 358.20623779296875 350.73126220703125 341.131256103515625 331.36248779296875 320.5625 318.006256103515625 315.024993896484375 311.1875 309.38751220703125 314.53125 320.51873779296875 320.506256103515625 314.337493896484375 303.90625 293.16876220703125 282.318756103515625 275.11248779296875 267.875
216.3562469482421875 228.0812530517578125 241.4499969482421875 261.40625 281.274993896484375 296.23126220703125 309.375 320.82501220703125 327.9375 331.79998779296875 333.29998779296875 333.306243896484375 332.16876220703125 330.98126220703125 333.118743896484375 334.149993896484375 333.912506103515625 335.53125 336.33123779296875 335.649993896484375 335.225006103515625 332.118743896484375 329.206268310546875 326.51251220703125 335.287506103515625 347.381256103515625 352.73126220703125 352.475006103515625 348.850006103515625 343.006256103515625 335.993743896484375 329.850006103515625 329.35626220703125 325.75 322.493743896484375 320.993743896484375 324.29998779296875 327.912506103515625 327.131256103515625 322.29376220703125 312.79998779296875 299.631256103515625 286.662506103515625 277.462493896484375 271.681243896484375
214.4499969482421875 225.9250030517578125 241.5500030517578125 260.51251220703125 278.63751220703125 292.11248779296875 303.04998779296875 312.850006103515625 318.57501220703125 323.65625 327.67498779296875 328.17498779296875 326.98126220703125 326.725006103515625 330.01251220703125 332.899993896484375 334.29376220703125 336.64373779296875 338 336.54998779296875 334.54998779296875 329.693756103515625 323.53125 316.931243896484375 327.41876220703125 339.381256103515625 345.068756103515625 345.9375 345.0625 341.399993896484375 337.78125 334.67498779296875 337.506256103515625 334.91876220703125 332.21875 331.41876220703125 332.33123779296875 334.068756103515625 333.20001220703125 330.056243896484375 322.01251220703125 306.600006103515625 289.6875 279.16876220703125 280.631256103515625
213.2312469482421875 224.4250030517578125 241.131256103515625 259.45001220703125 275.9375 288.14373779296875 297.868743896484375 305.524993896484375 310.568756103515625 315.39373779296875 319.45001220703125 320.66876220703125 321.63751220703125 322.64373779296875 327.243743896484375 330.931243896484375 334.431243896484375 337.256256103515625 339.73126220703125 339.16876220703125 337.375 333.5625 330.837493896484375 326.09375 330.53125 338.46875 341.131256103515625 340.649993896484375 339.381256103515625 337.14373779296875 334.475006103515625 331.92498779296875 335.96875 337.649993896484375 337.818756103515625 337.631256103515625 338.631256103515625 340.33123779296875 341.10626220703125 340.59375 335.287506103515625 319.131256103515625 294.600006103515625 282.84375 295.32501220703125
210.9250030517578125 221.975006103515625 239.556243896484375 258.57501220703125 273.600006103515625 283.318756103515625 291.09375 297.76251220703125 302.381256103515625 306.53125 311.63751220703125 314.32501220703125 316.09375 318.625 323.91876220703125 330.181243896484375 335.16876220703125 339.412506103515625 342.725006103515625 343.462493896484375 342.4375 340.524993896484375 340.412506103515625 335.20001220703125 336.1875 340.04376220703125 339.63751220703125 337.40625 335.118743896484375 332.38751220703125 329.506256103515625 326.818756103515625 332.04998779296875 336.068756103515625 339.462493896484375 340.912506103515625 343.17498779296875 345.037506103515625 346.33123779296875 348.46875 348.162506103515625 330.625 306.84375 300.57501220703125 314.17498779296875
212.631256103515625 222.462493896484375 240.1999969482421875 259.600006103515625 274.675018310546875 280.29998779296875 285.11248779296875 290.64373779296875 294.274993896484375 297.881256103515625 303.20623779296875 306.23748779296875 310.41876220703125 315.08123779296875 321.318756103515625 327.28125 333.39373779296875 340.84375 345.5625 346.868743896484375 346.14373779296875 345.73126220703125 345.412506103515625 340.375 339.212493896484375 340.381256103515625 335.83123779296875 332.38751220703125 328.32501220703125 326.068756103515625 323.774993896484375 321.64373779296875 327.82501220703125 332.76251220703125 337.287506103515625 338.787506103515625 341.243743896484375 343.01251220703125 344.73748779296875 346.20623779296875 344.381256103515625 335.20623779296875 320.79998779296875 317.28125 321.368743896484375
213.0625 221.243743896484375 236.7312469482421875 254.53125 267.368743896484375 271.318756103515625 275.568756103515625 280.006256103515625 283.14373779296875 288.16876220703125 293.98748779296875 298.54376220703125 304.443756103515625 310.212493896484375 316.67498779296875 323.66876220703125 331.71875 339.399993896484375 346.881256103515625 349.4375 348.89373779296875 348.9375 349.524993896484375 343.57501220703125 339.9375 338.25 332.068756103515625 326.58123779296875 321.149993896484375 319.92498779296875 318.33123779296875 316.931243896484375 322.556243896484375 328.42498779296875 333.11248779296875 335.20623779296875 338.04998779296875 340 341.01251220703125 340.449981689453125 340.149993896484375 337.212493896484375 331.475006103515625 326.631256103515625 327.431243896484375
212.84375 217.975006103515625 229.774993896484375 241.3249969482421875 249.53125 256.08123779296875 261.618743896484375 265.912506103515625 270.26873779296875 275.600006103515625 282.65625 289.4375 297.29376220703125 304.537506103515625 312.54998779296875 320.23126220703125 326.66876220703125 334.60626220703125 342.462493896484375 346.73748779296875 348.13751220703125 349.20623779296875 349.524993896484375 342.89373779296875 339.399993896484375 335.45623779296875 327.100006103515625 320.15625 313.943756103515625 313.48748779296875 312.71875 312.28125 316.32501220703125 322.01251220703125 327.38751220703125 330.756256103515625 332.66876220703125 334.03125 335.09375 335.33123779296875 338.67498779296875 341.75 343.556243896484375 345.07501220703125 350.693756103515625
216.850006103515625 218.9562530517578125 225.5812530517578125 232.8625030517578125 237.8937530517578125 242.96875 246.5500030517578125 249.4562530517578125 253.8937530517578125 260.36248779296875 270.725006103515625 279.26251220703125 289.54376220703125 300.162506103515625 307.975006103515625 314.493743896484375 319.806243896484375 328.600006103515625 334.51873779296875 339.524993896484375 342.01873779296875 344.51251220703125 345.431243896484375 338.462493896484375 334.181243896484375 330.337493896484375 321.29376220703125 312.006256103515625 305.64373779296875 305.100006103515625 305.537506103515625 305.756256103515625 309.35626220703125 314.04998779296875 318.79998779296875 321.681243896484375 323.712493896484375 325.45001220703125 326.693756103515625 331.16876220703125 335.48748779296875 342.056243896484375 350.82501220703125 363.375 384.78125
220.693756103515625 220.287506103515625 223.337493896484375 225.931243896484375 226.756256103515625 229.493743896484375 231.6374969482421875 233.1125030517578125 237.274993896484375 244.1437530517578125 254.931243896484375 268.131256103515625 281.89373779296875 293.5625 301.943756103515625 307.71875 313.181243896484375 321.5 326.618743896484375 331.625 334.662506103515625 337.11248779296875 337.89373779296875 331.481231689453125 326.26873779296875 321.83123779296875 313.15625 303.931243896484375 297.431243896484375 296.60626220703125 297.40625 298.756256103515625 301.649993896484375 305.39373779296875 308.66876220703125 310.83123779296875 313.381256103515625 314.04376220703125 317.743743896484375 323.5625 329.61248779296875 338.5 350.931243896484375 369.21875 395.20001220703125
223.9250030517578125 222 221.693756103515625 220.1999969482421875 218.225006103515625 218.34375 218.024993896484375 217.6875 220.3874969482421875 227.4499969482421875 240.162506103515625 256.45623779296875 274.61248779296875 289.912506103515625 298.068756103515625 303.225006103515625 307.287506103515625 314.23748779296875 319.73748779296875 322.931243896484375 326.73748779296875 328.25 330.04376220703125 323.274993896484375 317.17498779296875 312.556243896484375 303.756256103515625 295.07501220703125 288.28125 287.943756103515625 289.399993896484375 291.09375 293.475006103515625 296.4375 298.537506103515625 299.431243896484375 300.774993896484375 303.287506103515625 308.14373779296875 313.243743896484375 320.181243896484375 329.225006103515625 341.774993896484375 358.92498779296875 379.756256103515625
228.6437530517578125 225.649993896484375 223.350006103515625 220.274993896484375 216.381256103515625 214.475006103515625 211.350006103515625 208.0625 207.9250030517578125 211.818756103515625 225.1125030517578125 245.4250030517578125 267.79376220703125 285 293.850006103515625 298.91876220703125 302.26251220703125 307.95001220703125 311.350006103515625 313.11248779296875 315.681243896484375 317.993743896484375 318.20623779296875 312.068756103515625 307.037506103515625 302.337493896484375 294.70001220703125 286.725006103515625 280.368743896484375 280.5 282.274993896484375 283.32501220703125 285.149993896484375 286.48126220703125 287.412506103515625 287.618743896484375 290.631256103515625 293.32501220703125 297.54998779296875 302.787506103515625 309.412506103515625 318.225006103515625 328.018768310546875 341.287506103515625 354.475006103515625
233.1999969482421875 229.537506103515625 226.1875 222.350006103515625 217.7624969482421875 214.1125030517578125 209.587493896484375 203.4875030517578125 198.9812469482421875 196.46875 212.600006103515625 241.368743896484375 264.412506103515625 280.70623779296875 289.625 294.375 297.625 301.375 303.881256103515625 304.35626220703125 305.1875 305.756256103515625 305.243743896484375 299.70623779296875 294.787506103515625 291 283.96875 278.087493896484375 273.29998779296875 273.5625 274.8125 275.443756103515625 276.181243896484375 276.818756103515625 276.399993896484375 278.056243896484375 280.712493896484375 283.131256103515625 285.85626220703125 290.256256103515625 295.712493896484375 302.5 310.10626220703125 319.83123779296875 326.787506103515625
236.7375030517578125 233.0812530517578125 229.6374969482421875 225.3562469482421875 220.975006103515625 216.037506103515625 211.225006103515625 204.84375 199.9250030517578125 194.006256103515625 220.3312530517578125 250.53125 267.850006103515625 280.61248779296875 287.71875 291.73126220703125 293.625 296.337493896484375 296.59375 296.118743896484375 294.16876220703125 292.84375 291.78125 286.681243896484375 282.100006103515625 278.881256103515625 274.35626220703125 269.73748779296875 266.01873779296875 266.850006103515625 267.412506103515625 268.11248779296875 268.118743896484375 267.95623779296875 266.875 268.462493896484375 270.73748779296875 272.412506103515625 274.9375 277.98748779296875 281.631256103515625 286.28125 291.03125 297.51251220703125 302.20001220703125
236.875 233.631256103515625 231.2062530517578125 228.25 224.5437469482421875 220.881256103515625 217.681243896484375 215.3874969482421875 217.462493896484375 229.350006103515625 259.693756103515625 270.475006103515625 277.493743896484375 285.568756103515625 290.51873779296875 293.51873779296875 294.631256103515625 294.4375 292.725006103515625 290.04376220703125 285.58123779296875 281.600006103515625 279.0625 274.84375 271.631256103515625 269.475006103515625 266.28125 263.98748779296875 262.181243896484375 263.75 265.524993896484375 265.4375 265.75 265.73748779296875 266.212493896484375 267.38751220703125 268.67498779296875 269.75 271.068756103515625 272.693756103515625 275.681243896484375 278.70001220703125 281.95001220703125 286.4375 289.993743896484375
237.556243896484375 234.8562469482421875 233.28125 231.46875 229.3562469482421875 228.2062530517578125 227.7312469482421875 229.875 236.15625 249.274993896484375 268.181243896484375 279.493743896484375 284.95001220703125 290.712493896484375 294.806243896484375 296.537506103515625 296.5 294.774993896484375 290.09375 284.78125 276.350006103515625 269.26873779296875 264.65625 260.662506103515625 259.5625 259.45623779296875 259.11248779296875 259.25 259.26251220703125 261.787506103515625 263.29998779296875 264.79998779296875 266.10626220703125 266.46875 266.73126220703125 266.5 267.443756103515625 267.51251220703125 267.712493896484375 267.806243896484375 268.83123779296875 271.25 274.125 277.556243896484375 281.306243896484375
