data/historical-monthly-weather-data/wc2.1_cruts4.09_10m_prec_2001-12.asc
ncols        51
nrows        45
xllcorner    -63.500000000000
yllcorner    -7.500000000000
cellsize     0.166666666667
NODATA_value -9999
[rows 20 to 39 of 45, columns 0 to 43 of 51]
321.83123779296875 319.162506103515625 316.912506103515625 316.20001220703125 316.993743896484375 320.40625 323.16876220703125 325.07501220703125 326.26873779296875 324.79998779296875 321.01873779296875 319.256256103515625 317.03125 312.01251220703125 302.70623779296875 291.225006103515625 279.73126220703125 267.75 258.9375 249.274993896484375 234.462493896484375 218.625 204.100006103515625 195.337493896484375 188.5749969482421875 181.287506103515625 173.8874969482421875 162.9812469482421875 150.3625030517578125 140.0187530517578125 132.3312530517578125 128.587493896484375 123.93125152587890625 120.0625 116.46250152587890625 112.94374847412109375 110.5124969482421875 107.96875 103.7062530517578125 96.9875030517578125 88.84375 82.7937469482421875 78.2937469482421875 74.6999969482421875
323.743743896484375 320.01873779296875 319.756256103515625 322.26873779296875 324.850006103515625 329.14373779296875 333.76873779296875 337.412506103515625 338.462493896484375 336.64373779296875 331.46875 327.66876220703125 323.42498779296875 316.59375 307.76873779296875 297.29376220703125 286.600006103515625 274.5625 263.875 252.8937530517578125 236.068756103515625 220.850006103515625 207.9562530517578125 198.3249969482421875 190.806243896484375 184.868743896484375 180.649993896484375 170.6999969482421875 158.84375 150.3312530517578125 143.6750030517578125 139.087493896484375 132.53125 127.3625030517578125 122.21250152587890625 117.78125 114.8874969482421875 112.2062530517578125 106.9812469482421875 99.0437469482421875 90.7375030517578125 84.6875 79.71875 75.77500152587890625
326.82501220703125 325.40625 324.76873779296875 327.556243896484375 331.993743896484375 338.806243896484375 344.131256103515625 349.587493896484375 352.5 348.95001220703125 342.131256103515625 335.09375 329.70001220703125 322.09375 312.962493896484375 302.75 291.91876220703125 278.837493896484375 267.125 254.34375 237.412506103515625 221.84375 208.306243896484375 198.2624969482421875 190.837493896484375 186.2687530517578125 184.868743896484375 176.399993896484375 165.4375 158.84375 153.806243896484375 149.4187469482421875 141.943756103515625 134.5437469482421875 127.75624847412109375 121.2937469482421875 118.2062530517578125 117.09375 111.2375030517578125 102.02500152587890625 93.00624847412109375 86.49375152587890625 81.22499847412109375 76.9250030517578125
333.10626220703125 331.274993896484375 330.181243896484375 333.5625 339.537506103515625 347.287506103515625 354.556243896484375 359.78125 361.5 356.287506103515625 348.53125 341.11248779296875 334.26251220703125 326.23126220703125 316.45623779296875 305.95001220703125 295.25 282.04376220703125 269.23748779296875 255.5500030517578125 237.212493896484375 220.9499969482421875 206.256256103515625 196.256256103515625 188.34375 183.131256103515625 181.8874969482421875 177.087493896484375 170.3937530517578125 166.09375 163.1437530517578125 159.0437469482421875 151.4749908447265625 142.993743896484375 135.0187530517578125 126.28749847412109375 121.71250152587890625 119.61875152587890625 113.3625030517578125 103.8125 94.2687530517578125 87.75 82.09999847412109375 77.5
344.26873779296875 341 338.32501220703125 344.85626220703125 353.4375 360.024993896484375 365.92498779296875 368.82501220703125 367.79376220703125 363.08123779296875 355.399993896484375 346.399993896484375 337.943756103515625 328.76251220703125 319.26251220703125 309.04998779296875 298.181243896484375 284.84375 271.15625 256.662506103515625 237.256256103515625 219.1437530517578125 203.693756103515625 192.5749969482421875 184.8000030517578125 180.0812530517578125 179.46875 177.1999969482421875 173.493743896484375 172.1999969482421875 171.40625 168.5749969482421875 161.0812530517578125 152.068756103515625 142.6999969482421875 133.625 127.33750152587890625 121.40000152587890625 114.2624969482421875 105.2624969482421875 95.61875152587890625 88.97499847412109375 82.9375 78.6374969482421875
363.225006103515625 363.881256103515625 360.92498779296875 365.693756103515625 370.037506103515625 374.381256103515625 377.04998779296875 377.524993896484375 374.64373779296875 368.318756103515625 359.66876220703125 350.54998779296875 340.618743896484375 330.475006103515625 321.63751220703125 311.86248779296875 300.625 287.10626220703125 273.024993896484375 257.83123779296875 238.875 218.662506103515625 200.7312469482421875 187.537506103515625 181.4812469482421875 178.068756103515625 179.0749969482421875 178.5562591552734375 176.9187469482421875 177.6750030517578125 178.5500030517578125 178.306243896484375 171.21875 161.037506103515625 151.056243896484375 140.8000030517578125 132.462493896484375 124.4499969482421875 116.4875030517578125 107.5124969482421875 97.8125 90.25 83.52500152587890625 78.6125030517578125
381.92498779296875 384.58123779296875 385.58123779296875 389.243743896484375 391.350006103515625 391.92498779296875 389.60626220703125 385.993743896484375 379.293731689453125 372.225006103515625 364.26251220703125 353.75 341.943756103515625 331.118743896484375 322.5625 313.8125 303.381256103515625 290.131256103515625 276.181243896484375 260.25 240.868743896484375 220.34375 201.1374969482421875 186.225006103515625 181.8874969482421875 179.118743896484375 180.787506103515625 181.28125 181.399993896484375 183.131256103515625 185.5812530517578125 186.649993896484375 179.943756103515625 168.6374969482421875 157.475006103515625 146.681243896484375 136.65625 127.3562469482421875 118.93125152587890625 110.125 100.5187530517578125 92.0500030517578125 84.00624847412109375 78.56874847412109375
402.73748779296875 407.899993896484375 411.63751220703125 415 414.90625 411.381256103515625 404.70623779296875 395.6875 385.618743896484375 375.850006103515625 365.662506103515625 354.056243896484375 342.67498779296875 331.475006103515625 323.412506103515625 314.75 305.6875 292.58123779296875 279.33123779296875 263.98126220703125 245.412506103515625 226.21875 209.6437530517578125 196.0625 188.6125030517578125 184.193756103515625 184.7937469482421875 185.0812530517578125 185.3625030517578125 187.65625 190.28125 191.15625 183.71875 173.024993896484375 161.7937469482421875 150.6687469482421875 140.1687469482421875 130.350006103515625 122.1125030517578125 113.75624847412109375 104.5437469482421875 95.56874847412109375 85.06874847412109375 79.11875152587890625
420.82501220703125 429.337493896484375 436.212493896484375 441.975006103515625 439.912506103515625 429.86248779296875 417.443756103515625 404.42498779296875 391.225006103515625 378.23748779296875 367.17498779296875 355.34375 343.03125 331.79376220703125 323.712493896484375 316.91876220703125 308.631256103515625 296.51251220703125 283.73126220703125 269.225006103515625 251.7937469482421875 234.431243896484375 219.9499969482421875 206.375 197.3312530517578125 191.162506103515625 190.6062469482421875 190.4375 190.568756103515625 192.225006103515625 194.193756103515625 194.306243896484375 186.3312530517578125 175.506256103515625 164.618743896484375 153.71875 143.337493896484375 133.1125030517578125 124.6437530517578125 116.7937469482421875 108.75624847412109375 99.0625 88.53749847412109375 83.84999847412109375
431.73126220703125 442.29376220703125 452.818756103515625 462.33123779296875 462.537506103515625 444.1875 425.412506103515625 409.225006103515625 392.96875 377.6875 365.5 352.837493896484375 342.04376220703125 332.006256103515625 324.556243896484375 317.243743896484375 309.787506103515625 300.5 288.774993896484375 274.712493896484375 257.943756103515625 242.1437530517578125 228.006256103515625 215.475006103515625 206.1750030517578125 199.53125 197.1687469482421875 196.7624969482421875 196.1062469482421875 196.8125 197.6374969482421875 196.6374969482421875 188.806243896484375 178.1999969482421875 167.506256103515625 156.3249969482421875 145.7624969482421875 135.212493896484375 126.65625 118.3249969482421875 109.59375 102.3874969482421875 94.5 90.40000152587890625
437.58123779296875 449.6875 460.024993896484375 470.79376220703125 470.287506103515625 448.118743896484375 427.100006103515625 408.162506103515625 389.79998779296875 375.118743896484375 362.399993896484375 350.431243896484375 340.5 330.70001220703125 323.33123779296875 316.95001220703125 311.1875 302.17498779296875 292.899993896484375 279.84375 263.73126220703125 248.787506103515625 235.8562469482421875 223.8874969482421875 214.3312530517578125 207.21875 204.3874969482421875 203.225006103515625 201.9375 201.8625030517578125 201.337493896484375 199.1750030517578125 190.8000030517578125 180.6125030517578125 169.850006103515625 158.7687530517578125 148.15625 137.3937530517578125 128.3125 119.0812530517578125 110.68125152587890625 105.43125152587890625 100.0749969482421875 95.4875030517578125
439.375 449.787506103515625 457.412506103515625 461.16876220703125 456.54998779296875 439.40625 420.368743896484375 400.9375 383.443756103515625 368.274993896484375 356.337493896484375 346.20623779296875 337.58123779296875 328.5625 322.681243896484375 316.912506103515625 309.54376220703125 301.01873779296875 292.32501220703125 280.96875 267.13751220703125 253.681243896484375 241.3562469482421875 230.2375030517578125 222.25 215.03125 211.350006103515625 209.712493896484375 208.100006103515625 207.1125030517578125 205.318756103515625 202.1437530517578125 192.649993896484375 182.399993896484375 171.943756103515625 161.375 150.131256103515625 138.943756103515625 129.8000030517578125 120.75 113.4812469482421875 110.1437530517578125 107.0749969482421875 104.22499847412109375
432.4375 438.149993896484375 440.41876220703125 441.71875 436.82501220703125 421.70623779296875 403.506256103515625 385.287506103515625 368.787506103515625 355.79998779296875 348.600006103515625 340.1875 333.881256103515625 328.024993896484375 321.875 314.90625 306.45623779296875 299.23126220703125 289.412506103515625 279.287506103515625 267.28125 255.8000030517578125 244.7937469482421875 234.931243896484375 228.0500030517578125 222.3874969482421875 218.743743896484375 215.912506103515625 214.40625 212.2062530517578125 209.787506103515625 205.84375 196.2624969482421875 185.818756103515625 175.3249969482421875 164.537506103515625 153.306243896484375 142.256256103515625 133.600006103515625 126.61875152587890625 120.08124542236328125 117.9875030517578125 117.15000152587890625 117.6999969482421875
422.20623779296875 424.068756103515625 424.306243896484375 422.3125 415.23748779296875 401.125 385.16876220703125 368.443756103515625 352.818756103515625 341.25 335.4375 332.85626220703125 330.23126220703125 325.09375 319.60626220703125 311.90625 303.662506103515625 296.587493896484375 286.693756103515625 277.20001220703125 266.66876220703125 256.162506103515625 246.087493896484375 238.2062530517578125 232.399993896484375 227.9250030517578125 225.024993896484375 222.600006103515625 221.1750030517578125 217.5625 214.03125 209.693756103515625 199.9187469482421875 189.431243896484375 178.506256103515625 167.443756103515625 156.5124969482421875 144.993743896484375 138.0500030517578125 132.3375091552734375 127.0437469482421875 125.96250152587890625 126.56874847412109375 129.274993896484375
409.756256103515625 409.8125 408.04998779296875 403.375 396.068756103515625 381.975006103515625 366.212493896484375 350.32501220703125 334.056243896484375 324.16876220703125 322.193756103515625 323.89373779296875 326.524993896484375 325.23126220703125 319.493743896484375 311.08123779296875 301.53125 293.806243896484375 284.92498779296875 274.60626220703125 265.868743896484375 255.743743896484375 247.5812530517578125 240.943756103515625 236.1062469482421875 233.0187530517578125 230.462493896484375 228.681243896484375 227.162506103515625 222.850006103515625 218.4875030517578125 213.34375 203.65625 193.306243896484375 182.2062530517578125 170.681243896484375 159.3000030517578125 148.962493896484375 143.1999969482421875 137.9375 133.7312469482421875 133.0812530517578125 134.0749969482421875 136.881256103515625
394.399993896484375 392.88751220703125 388.91876220703125 383.006256103515625 374.368743896484375 361.037506103515625 345 328.45623779296875 311.625 300.65625 302.63751220703125 311.350006103515625 320.45001220703125 322.368743896484375 317.70001220703125 309.40625 299.412506103515625 291.66876220703125 282.118743896484375 271.79998779296875 263.662506103515625 255.725006103515625 247.725006103515625 242.375 239.1374969482421875 236.649993896484375 234.90625 233.493743896484375 232.125 227.881256103515625 223.46875 217.693756103515625 208.5749969482421875 198.212493896484375 187.4000091552734375 176.2937469482421875 166.78125 157.3312530517578125 151.8249969482421875 147.1750030517578125 143.3874969482421875 143.193756103515625 143.693756103515625 145.8249969482421875
378.037506103515625 375.693756103515625 370.89373779296875 364.71875 356.41876220703125 344.15625 330.01251220703125 312.899993896484375 293.131256103515625 276.53125 285.51251220703125 306.95001220703125 318.0625 319.96875 315.75 307.375 297.60626220703125 289.26251220703125 280.26251220703125 270.11248779296875 262.14373779296875 254.462493896484375 247.3249969482421875 243.1437530517578125 240.6062469482421875 239.368743896484375 237.899993896484375 237.8874969482421875 237.53125 233.25 228.2874908447265625 222.21875 213.34375 203.7375030517578125 193.181243896484375 183.931243896484375 175.1750030517578125 166.5437469482421875 160.75 156.1999969482421875 152.4375 151.9562530517578125 152.181243896484375 153.662506103515625
362.45001220703125 360.16876220703125 355.774993896484375 349.681243896484375 342.83123779296875 331.649993896484375 320.274993896484375 305.89373779296875 288.412506103515625 269.568756103515625 294.212493896484375 318.20623779296875 322.92498779296875 321.57501220703125 315.756256103515625 306.91876220703125 296.23126220703125 288.20623779296875 278.48126220703125 268.83123779296875 260.13751220703125 252.5749969482421875 246.5187530517578125 243.225006103515625 241.412506103515625 241.056243896484375 241.3312530517578125 241.9499969482421875 242.1437530517578125 238.3249969482421875 232.7624969482421875 226.881256103515625 218.59375 209.6374969482421875 199.7624969482421875 191.5500030517578125 183.587493896484375 175.4562530517578125 170.149993896484375 165.3874969482421875 161.2624969482421875 160.318756103515625 159.78125 160.4875030517578125
354.71875 351.79998779296875 347.662506103515625 342.375 335.51873779296875 325.92498779296875 316.73748779296875 308.25 301.54376220703125 307.368743896484375 336.087493896484375 335.162506103515625 328.73748779296875 323.774993896484375 316.962493896484375 308.39373779296875 298.34375 289.07501220703125 279.037506103515625 268.881256103515625 259.65625 251.5 245.568756103515625 242.9499969482421875 241.975006103515625 242.125 242.5437469482421875 244.056243896484375 245.0187530517578125 242.375 238.625 232.8562469482421875 225.8125 218.068756103515625 210.5124969482421875 203.0749969482421875 195.59375 188.1062469482421875 182.618743896484375 177.5749969482421875 173.6999969482421875 172.243743896484375 171.28125 171.3874969482421875
349.962493896484375 346.34375 341.943756103515625 336.79376220703125 330.83123779296875 323.868743896484375 317.61248779296875 314.5 313.65625 320.89373779296875 334.431243896484375 336.181243896484375 330.381256103515625 325.0625 319.01873779296875 310.6875 301.01251220703125 292.01251220703125 280.712493896484375 269.67498779296875 258.537506103515625 249.2687530517578125 242.90625 240.2062530517578125 240.65625 242.1374969482421875 243.96875 246.412506103515625 247.9562530517578125 246.8000030517578125 243.693756103515625 240.212493896484375 234.9812469482421875 228.5187530517578125 221.8249969482421875 214.4250030517578125 207.850006103515625 200.75 195.100006103515625 189.59375 185.03125 183.524993896484375 182.649993896484375 182.462493896484375
