data/historical-monthly-weather-data/wc2.1_cruts4.09_10m_prec_2014-05.asc
ncols        45
nrows        45
xllcorner    -63.500000000000
yllcorner    -7.500000000000
cellsize     0.166666666667
NODATA_value -9999
[rows 20 to 39 of 45, columns 0 to 43 of 45]
180.037506103515625 184.9250030517578125 194.9375 203.212493896484375 212.1999969482421875 232.149993896484375 250.4375 265.48748779296875 276.79998779296875 283.88751220703125 291.600006103515625 298.1875 298.89373779296875 298.59375 294.943756103515625 293.837493896484375 287.38751220703125 292.1875 305.92498779296875 314.993743896484375 339.524993896484375 362.631256103515625 382.54376220703125 388.875 389.98748779296875 381.149993896484375 361.39373779296875 350.493743896484375 340.83123779296875 331.131256103515625 325.84375 325.98748779296875 321.918731689453125 322.493743896484375 329.806243896484375 340.412506103515625 348.056243896484375 350.76251220703125 345.774993896484375 335.962493896484375 326.631256103515625 315.899993896484375 310.90625 313.51873779296875
180.0187530517578125 179.3000030517578125 193.15625 207.9187469482421875 218.7249908447265625 236.399993896484375 257.45001220703125 276.36248779296875 288.29998779296875 295.76873779296875 301.556243896484375 304.23126220703125 303.59375 301.64373779296875 303.524993896484375 299.318756103515625 308.118743896484375 310 321.524993896484375 327.54998779296875 336.76251220703125 355.32501220703125 373.01873779296875 373.04376220703125 366.98126220703125 365.39373779296875 361.23748779296875 350.006256103515625 348.662506103515625 341.181243896484375 329.29376220703125 319.40625 321.13751220703125 325.912506103515625 326.787506103515625 331.07501220703125 338.76251220703125 341.45001220703125 336.524993896484375 328.29998779296875 321.681243896484375 312.79998779296875 307.53125 307.337493896484375
180.3125 185.756256103515625 199.368743896484375 215.0500030517578125 226.868743896484375 243.9499969482421875 257.181243896484375 277.600006103515625 296.23748779296875 304.5625 307.40625 308.475006103515625 312.337493896484375 310.931243896484375 312.57501220703125 311.76873779296875 314.65625 319.29998779296875 326.149993896484375 332.53125 343.3125 349.806243896484375 361.431243896484375 359.82501220703125 361.32501220703125 357.975006103515625 348.912506103515625 347.100006103515625 346.556243896484375 337.1875 323.125 317.631256103515625 323.337493896484375 326.212493896484375 329.212493896484375 323.4375 324.931243896484375 330.662506103515625 332.48126220703125 324.850006103515625 316.212493896484375 309.131256103515625 303.41876220703125 302.09375
179.78125 188.881256103515625 205.5500030517578125 219.399993896484375 230.556243896484375 244.3937530517578125 265.73748779296875 282.98126220703125 294.29376220703125 300.88751220703125 306.662506103515625 314.243743896484375 316.20001220703125 317.943756103515625 316.82501220703125 316.04376220703125 318.20623779296875 325.225006103515625 333.15625 340.85626220703125 344.193756103515625 350.693756103515625 356.056243896484375 359.993743896484375 356.48126220703125 347.193756103515625 342.45001220703125 341.368743896484375 343.131256103515625 340.881256103515625 335.34375 331.181243896484375 336.837493896484375 337.39373779296875 337.11248779296875 325.912506103515625 330.63751220703125 331.79998779296875 329.32501220703125 322.993743896484375 313.26251220703125 308.556243896484375 304.20623779296875 299.39373779296875
183.350006103515625 194.9875030517578125 210.1875 227.243743896484375 240.2687530517578125 254.6687469482421875 267.625 284.0625 293.32501220703125 301.837493896484375 306.574981689453125 310.837493896484375 317.04998779296875 318.068756103515625 316.399993896484375 318.45001220703125 324.625 330.23126220703125 335.3125 342.51873779296875 349.40625 351.54376220703125 358.38751220703125 358.66876220703125 354.0625 354.756256103515625 349.35626220703125 348.868743896484375 348.84375 352.04376220703125 347.86248779296875 351.25 354.79376220703125 353.48748779296875 344.61248779296875 336.13751220703125 336.29376220703125 329.774993896484375 325.46875 319.48748779296875 311.993743896484375 305.181243896484375 300.83123779296875 293.01873779296875
190.75 204.993743896484375 215.0625 230.6687469482421875 240.306243896484375 252.6374969482421875 263.912506103515625 278.14373779296875 283.618743896484375 288.23748779296875 300.787506103515625 308.29998779296875 310.35626220703125 312.837493896484375 318.63751220703125 321.018768310546875 327.39373779296875 332.95001220703125 337.556243896484375 342.57501220703125 349.15625 351.23748779296875 357.431243896484375 353.32501220703125 353.931243896484375 353.681243896484375 356.95001220703125 356.162506103515625 354.78125 358.70623779296875 362.256256103515625 374.943756103515625 379.4375 367.5625 354.36248779296875 346.556243896484375 338.662506103515625 332.337493896484375 320.28125 313.118743896484375 307.26873779296875 298.15625 290.41876220703125 286.45623779296875
190.5812530517578125 197.5124969482421875 210.1125030517578125 222.806243896484375 231.8937530517578125 243.8125 254.056243896484375 263.08123779296875 270.54376220703125 283.693756103515625 293.756256103515625 297.53125 302.85626220703125 307.431243896484375 313.225006103515625 319.11248779296875 322.837493896484375 326.3125 337.756256103515625 341.787506103515625 344.73748779296875 348.89373779296875 354.743743896484375 356.63751220703125 356.67498779296875 357.10626220703125 359.01251220703125 357.65625 357.568756103515625 358.100006103515625 367.274993896484375 380.04998779296875 391.931243896484375 374.46875 356.868743896484375 345.95623779296875 341.649993896484375 330.875 318.806243896484375 311.35626220703125 303.774993896484375 295.11248779296875 287.875 280.6875
190.6687469482421875 193.318756103515625 203.34375 211.9375 221.5437469482421875 234.037506103515625 244.899993896484375 251.712493896484375 261.375 273.8125 282.41876220703125 286.256256103515625 292.100006103515625 296.574981689453125 304.975006103515625 308.20623779296875 316.23126220703125 326.5625 338.08123779296875 344.20001220703125 347.16876220703125 348.693756103515625 358.10626220703125 357.61248779296875 358.399993896484375 356.162506103515625 357.92498779296875 355.787506103515625 356.15625 357.70001220703125 363.537506103515625 371.618743896484375 377.88751220703125 366.86248779296875 357.181243896484375 346.45623779296875 337.45623779296875 330.98748779296875 321.806243896484375 310.149993896484375 300.03125 294.5 287.850006103515625 282.54376220703125
187.2312469482421875 188.4375 194.8625030517578125 202.600006103515625 210.8000030517578125 218.306243896484375 226.9250030517578125 238.725006103515625 252.4875030517578125 261.318756103515625 270.5 276.76873779296875 281.79376220703125 289.806243896484375 300.743743896484375 309.73126220703125 317.625 325.756256103515625 335.20623779296875 342.806243896484375 346.78125 348.17498779296875 354.60626220703125 353.568756103515625 353.318756103515625 347.83123779296875 349.46875 350.212493896484375 349.64373779296875 348.78125 352.34375 353.54998779296875 356.29376220703125 352.01873779296875 350.506256103515625 341.931243896484375 335.04376220703125 326.125 317.29998779296875 305.943756103515625 291.587493896484375 283.5625 283.318756103515625 285.118743896484375
183.21875 182.0124969482421875 184.899993896484375 187.962493896484375 193.4499969482421875 203.4187469482421875 212.3312530517578125 225.899993896484375 237.2937469482421875 244.6875 255.3874969482421875 263.4375 270.89373779296875 280.931243896484375 292.04998779296875 301.818756103515625 309.96875 323.287506103515625 330.98748779296875 334.975006103515625 339.51251220703125 344.28125 349.26251220703125 345.618743896484375 340.23748779296875 341.493743896484375 337.35626220703125 331.875 330.475006103515625 330.962493896484375 334.225006103515625 333.087493896484375 336.100006103515625 337.66876220703125 338.837493896484375 330.15625 330.756256103515625 324.287506103515625 314.318756103515625 310.231231689453125 301.58123779296875 292.20623779296875 285.8125 282.03125
178.75 174.9499969482421875 174.8000030517578125 177.8937530517578125 182.7687530517578125 191.25 202.024993896484375 211.962493896484375 222.8562469482421875 232.524993896484375 242.9499969482421875 250.306243896484375 262.256256103515625 269.42498779296875 280.73126220703125 293.1875 303.850006103515625 314.0625 323.92498779296875 331.618743896484375 331.9375 334.32501220703125 339.10626220703125 331.75 326.087493896484375 329.33123779296875 322.725006103515625 314.568756103515625 312.45001220703125 311.774993896484375 316.0625 313.125 316.41876220703125 320.618743896484375 322.556243896484375 315.287506103515625 316.662506103515625 316.993743896484375 313.818756103515625 308.412506103515625 306.387481689453125 296.625 289.11248779296875 280.868743896484375
170.84375 165.5124969482421875 165.274993896484375 168.181243896484375 173.3125 179.75 191.818756103515625 198.4250030517578125 208.2937469482421875 217.225006103515625 227.318756103515625 234.4812469482421875 246.1374969482421875 258.01251220703125 268.73748779296875 282.274993896484375 289.10626220703125 298.35626220703125 308.29376220703125 317.01251220703125 316.537506103515625 319.71875 322.95623779296875 317.806243896484375 317.16876220703125 314.48748779296875 307.61248779296875 297.32501220703125 290.36248779296875 291.912506103515625 291.125 291.45001220703125 294.28125 299.33123779296875 304.48748779296875 300.92498779296875 301.868743896484375 305 302.64373779296875 305.712493896484375 304.712493896484375 298.100006103515625 292.375 289.556243896484375
164.6750030517578125 160.6125030517578125 159.493743896484375 162.243743896484375 164.2375030517578125 169.4375 178.4187469482421875 185.131256103515625 194.1687469482421875 204.34375 217.7687530517578125 225.6374969482421875 236.524993896484375 249.6437530517578125 258.399993896484375 266.61248779296875 273.20001220703125 285.09375 290.90625 298.375 297.09375 301.40625 302.212493896484375 300.149993896484375 298.14373779296875 296.162506103515625 286.899993896484375 277.86248779296875 268.5 268.48748779296875 269.706268310546875 269.48126220703125 270.79998779296875 280.10626220703125 284.5625 287.381256103515625 285.88751220703125 289.993743896484375 289.412506103515625 296.868743896484375 296.76873779296875 295.462493896484375 292.618743896484375 293.587493896484375
159.3874969482421875 155.056243896484375 155.3937530517578125 156.5 158.618743896484375 161.649993896484375 167.25 171.9499969482421875 179.4812469482421875 188.9875030517578125 200.943756103515625 213.3249969482421875 223.2624969482421875 233.725006103515625 243.6999969482421875 253.524993896484375 260.756256103515625 269.84375 272.681243896484375 276.600006103515625 279.225006103515625 283.33123779296875 283.95001220703125 279.068756103515625 277.3125 273.274993896484375 263.506256103515625 253.9375 247.6812591552734375 247.6062469482421875 248.9499969482421875 249.118743896484375 252.274993896484375 257.625 264.28125 266.875 269.76873779296875 270.20623779296875 275.28125 281 282.36248779296875 286.556243896484375 290.5625 293.70001220703125
153.2687530517578125 149.756256103515625 150.225006103515625 151.618743896484375 153.0187530517578125 154.8625030517578125 156.1812591552734375 159.9812469482421875 164.0124969482421875 173.274993896484375 186.0500030517578125 198.9375 213.100006103515625 226.28125 234.4250030517578125 241.6374969482421875 246.774993896484375 254.3937530517578125 256.762481689453125 256.78125 258.962493896484375 260.15625 262.524993896484375 257.48748779296875 254.2937469482421875 250.318756103515625 244.243743896484375 236.3937530517578125 229.8000030517578125 230.875 230.8000030517578125 231.068756103515625 231.8562469482421875 237.8562469482421875 237.756256103515625 242.7687530517578125 244.0749969482421875 253.337493896484375 258.837493896484375 263.1875 266.462493896484375 268.73126220703125 274.08123779296875 281.381256103515625
151.118743896484375 149.1437530517578125 147.9562530517578125 148.1125030517578125 148.056243896484375 148.6062469482421875 148.056243896484375 150.75 154.100006103515625 159.4187469482421875 169.618743896484375 186.3000030517578125 203.4187469482421875 215.25 223.96875 229.1374969482421875 232.8937530517578125 235.8312530517578125 239.618743896484375 238.556243896484375 240.100006103515625 240.712493896484375 241.350006103515625 237.462493896484375 233.0749969482421875 228.2624969482421875 225.6875 219.6062469482421875 211.475006103515625 212.0749969482421875 213.2687530517578125 213.6062469482421875 213.8874969482421875 214.537506103515625 216.125 219.587493896484375 229.09375 232.5437469482421875 238.381256103515625 247.212493896484375 249.90625 256.13751220703125 259.381256103515625 266.09375
150.1062469482421875 149.3000030517578125 147.537506103515625 146.943756103515625 146.962493896484375 145.225006103515625 144.0625 143.1875 144.5562591552734375 144.662506103515625 159.5500030517578125 183.40625 198.4375 207.931243896484375 214.006256103515625 217.6125030517578125 218.34375 219.3000030517578125 221.59375 218.537506103515625 220.2750091552734375 220.756256103515625 219.09375 215.287506103515625 211.618743896484375 209.5 205.7624969482421875 200.193756103515625 193.7687530517578125 195.4875030517578125 198.0500030517578125 199.756256103515625 199.0187530517578125 196.568756103515625 198.5625 204.9250030517578125 211.868743896484375 218.15625 222.306243896484375 227.662506103515625 230.7687530517578125 233.9250030517578125 243.1062469482421875 250.912506103515625
149.774993896484375 148.7312469482421875 148.3249969482421875 146.837493896484375 147.2312469482421875 145.40625 143.4187469482421875 140.7624969482421875 141.368743896484375 140.7062530517578125 164.2312469482421875 187.693756103515625 197.5187530517578125 204.6750030517578125 207.375 208.431243896484375 207.1125030517578125 207.6062469482421875 206.1437530517578125 204.306243896484375 201.912506103515625 201.53125 199.756256103515625 195.9250030517578125 192.2937469482421875 189.7062530517578125 184.818756103515625 184.368743896484375 180.6750030517578125 180.993743896484375 182.193756103515625 184.287506103515625 184.931243896484375 181.34375 179.931243896484375 186.5124969482421875 195.568756103515625 201.212493896484375 208.9187469482421875 211.693756103515625 215.537506103515625 219.5749969482421875 221.5187530517578125 225.03125
148.774993896484375 147.75 147.256256103515625 146.9250030517578125 145.2062530517578125 144.368743896484375 144.6437530517578125 145.9875030517578125 151.693756103515625 165.024993896484375 191.5749969482421875 199.03125 199.181243896484375 202.600006103515625 203.287506103515625 202.743743896484375 201.2687530517578125 199.5749969482421875 197.243743896484375 192.787506103515625 187.3562469482421875 183.399993896484375 182.2375030517578125 180.493743896484375 176.0250091552734375 173.4375 172.4187469482421875 172.5749969482421875 168.5625 170.743743896484375 169.875 167.5812530517578125 169.5187530517578125 170.368743896484375 173.5124969482421875 178.131256103515625 183.3625030517578125 191.25 193.4375 193.5749969482421875 199.618743896484375 202.399993896484375 202.193756103515625 207.1062469482421875
150.087493896484375 148.375 148.84375 148.4250030517578125 147.962493896484375 147.5437469482421875 147.399993896484375 153.381256103515625 161.8249969482421875 174.399993896484375 187.5437469482421875 196.1750030517578125 196.399993896484375 197.1750030517578125 199.118743896484375 196.28125 192.912506103515625 189.412506103515625 184.787506103515625 180.6875 173.03125 168.6374969482421875 164.0124969482421875 162.34375 160.524993896484375 159.7062530517578125 158.8312530517578125 159.068756103515625 156.943756103515625 158.5625 159.693756103515625 161.2312469482421875 162.5374908447265625 164.943756103515625 168.006256103515625 170.9499969482421875 174.4375 180.8625030517578125 182.1750030517578125 178.9499969482421875 182.09375 184.34375 182.4250030517578125 183.1750030517578125
