data/historical-monthly-weather-data/wc2.1_cruts4.09_10m_prec_1985-04.asc
ncols        51
nrows        45
xllcorner    -63.500000000000
yllcorner    -7.500000000000
cellsize     0.166666666667
NODATA_value -9999
[rows 0 to 19 of 45, columns 0 to 43 of 51]
89.9562530517578125 86.16249847412109375 86.3625030517578125 89.02500152587890625 90.55625152587890625 92.94374847412109375 95.19374847412109375 95.9875030517578125 99.08750152587890625 103.84999847412109375 110.3937530517578125 118.90000152587890625 127.27500152587890625 135.0500030517578125 144.993743896484375 155.693756103515625 167.149993896484375 175.90625 186.5062408447265625 196.59375 202.5625 208.8937530517578125 214.625 221.3312530517578125 226.3125 233.8249969482421875 241.25 250.600006103515625 257.42498779296875 254.587493896484375 250.274993896484375 245.9812469482421875 240.818756103515625 236.9499969482421875 233.037506103515625 232.2624969482421875 230.306243896484375 228.8375091552734375 232.037506103515625 234.368743896484375 236.774993896484375 239.7312469482421875 240.4875030517578125 243.006256103515625
90.34999847412109375 86.1374969482421875 87.7937469482421875 90.1374969482421875 92.5437469482421875 94.15000152587890625 95.5 97.5437469482421875 101.33750152587890625 105.90625 111.9499969482421875 119.75624847412109375 127.9250030517578125 135.8249969482421875 145.225006103515625 156.4562530517578125 167.125 179.368743896484375 192.506256103515625 204.2062530517578125 210.0625 215.3312530517578125 221.9250030517578125 227.162506103515625 233.28125 239.8249969482421875 246.881256103515625 256.28125 261.73748779296875 258.32501220703125 254.868743896484375 252.0500030517578125 248.3000030517578125 246.3625030517578125 243.03125 243.568756103515625 244.9499969482421875 245.381256103515625 249.2687530517578125 251.868743896484375 254.3874969482421875 257.70001220703125 258.51873779296875 259.23126220703125
93.4812469482421875 90.7312469482421875 92.24375152587890625 95.36875152587890625 98.2062530517578125 99.6875 101.0187530517578125 103.06874847412109375 107.77500152587890625 111.9187469482421875 116.33750152587890625 122.9812469482421875 130.5625 137.087493896484375 146.6125030517578125 157.46875 167.9187469482421875 179.212493896484375 190.4375 201.556243896484375 207.2375030517578125 212.4250030517578125 217.243743896484375 222.5 229.3000030517578125 236.087493896484375 244.75 251.9187469482421875 256.475006103515625 253.6875 249.412506103515625 245.2937469482421875 243.7937469482421875 241.59375 237.8312530517578125 238.618743896484375 242.2375030517578125 245.125 249.0812530517578125 252.743743896484375 256.131256103515625 258.837493896484375 260.64373779296875 262.662506103515625
95.66249847412109375 94.125 97.28125 100.0500030517578125 102.9812469482421875 104.8937530517578125 106.33750152587890625 108.4375 113.6875 118.27500152587890625 121.46250152587890625 126.46875 131.899993896484375 138.09375 147.368743896484375 158.2062530517578125 168.8562469482421875 178.1687469482421875 187.3000030517578125 196.681243896484375 202.193756103515625 206.4187469482421875 209.5 215.625 222.40625 228.3000030517578125 238.1062469482421875 244.8625030517578125 249.837493896484375 247.975006103515625 243.068756103515625 238.3625030517578125 234.6875 232.0500030517578125 228.618743896484375 231.899993896484375 235.962493896484375 239.9000091552734375 246.118743896484375 249.59375 253.7937469482421875 258.556243896484375 259.95001220703125 261.67498779296875
102.8000030517578125 100.5124969482421875 101.28749847412109375 104.2937469482421875 108.28125 109.875 110.5500030517578125 112.8562469482421875 118.8562469482421875 124.40625 125.77500152587890625 128.1187591552734375 132.756256103515625 138.6125030517578125 147.65625 158.125 167.9124908447265625 175.412506103515625 182.274993896484375 189.3125 194.40625 197.3249969482421875 200.131256103515625 207.3937530517578125 212.7062530517578125 218.90625 227.5437469482421875 237.4812469482421875 244.75 240.96875 235.6812591552734375 228.4187469482421875 224.53125 222.3562469482421875 220.0187530517578125 224.068756103515625 228.462493896484375 233.787506103515625 241.2375030517578125 246.024993896484375 252.037506103515625 255.0437469482421875 258.087493896484375 262.006256103515625
108.9250030517578125 108.11875152587890625 109.25 110.08750152587890625 113.84375 115.90000152587890625 116.52500152587890625 118.77500152587890625 124.3937530517578125 130.4187469482421875 129.9562530517578125 132.0500030517578125 136.59375 142.100006103515625 149.618743896484375 158.90625 166.118743896484375 170.818756103515625 176.056243896484375 181.1062469482421875 184.7312469482421875 187.4875030517578125 191.9250030517578125 198.131256103515625 204.3249969482421875 211.25 219.462493896484375 228.7375030517578125 235.6687469482421875 231.8000030517578125 226.4875030517578125 221.431243896484375 216.6875 214.943756103515625 214.7312469482421875 219.337493896484375 226.368743896484375 232.993743896484375 240.59375 247.274993896484375 251 253.774993896484375 257.40625 261.649993896484375
115.9812469482421875 116.00624847412109375 117.4187469482421875 117.9187469482421875 118.6875 119.06874847412109375 119.59999847412109375 121.1750030517578125 124.4562530517578125 127.4250030517578125 129.71875 134.287506103515625 140.4499969482421875 145.506256103515625 152 160.09375 165.8249969482421875 166.068756103515625 167.2624969482421875 170.381256103515625 174.475006103515625 178.3000030517578125 182.6687469482421875 187.681243896484375 194.475006103515625 201.96875 210.618743896484375 218.3312530517578125 224.7375030517578125 221.681243896484375 217.5124969482421875 212.6125030517578125 209.8562469482421875 207.556243896484375 207.975006103515625 213.931243896484375 221.100006103515625 229.5500030517578125 239.274993896484375 245.78125 247.3562469482421875 250.4812469482421875 254.412506103515625 258.38751220703125
123.5437469482421875 123.50624847412109375 124.25 125.4875030517578125 126.34999847412109375 125.5124969482421875 123.00624847412109375 120.59999847412109375 120.3249969482421875 122.53125 128.03125 135.8937530517578125 143.2687530517578125 149.3249969482421875 155.024993896484375 160.5500030517578125 164.09375 161.631256103515625 158.78125 159.6374969482421875 164.375 168.9562530517578125 172.8937530517578125 178.181243896484375 185.7687530517578125 191.850006103515625 199.837493896484375 207.53125 214.09375 212.125 207.181243896484375 203.0437469482421875 201.337493896484375 200.274993896484375 200.899993896484375 206.1125030517578125 214.4499969482421875 223.024993896484375 231.34375 237.0500030517578125 240.5625 244.7375030517578125 248.125 250.8937530517578125
130.6437530517578125 131.037506103515625 131.506256103515625 131.850006103515625 132.4250030517578125 130.7624969482421875 128.4812469482421875 125.3125 122.3874969482421875 122.4875030517578125 129.681243896484375 139.21875 149.6999969482421875 156.125 158.2312469482421875 160.381256103515625 161.412506103515625 158.850006103515625 156.6374969482421875 155.912506103515625 157.53125 162.806243896484375 166.337493896484375 172.6687469482421875 179.381256103515625 183.9875030517578125 190.774993896484375 198.3249969482421875 204.493743896484375 203.274993896484375 200.59375 196.25 194.350006103515625 192.5124969482421875 193.75 199.931243896484375 208.8562469482421875 216.5 224.725006103515625 230.3312530517578125 234.5437469482421875 237.375 241.274993896484375 244.7062530517578125
137.7312469482421875 137.5187530517578125 138.118743896484375 138.431243896484375 138.3125 136.975006103515625 135.274993896484375 132.4375 131.993743896484375 134.1062469482421875 139.837493896484375 147.8249969482421875 157.3562469482421875 163.5187530517578125 162.8937530517578125 160.368743896484375 158.0187530517578125 155.7312469482421875 153.5749969482421875 153.912506103515625 155.1374969482421875 157.9499969482421875 160.71875 167.350006103515625 171.693756103515625 174.8000030517578125 180.7312469482421875 187.431243896484375 193.9499969482421875 195.149993896484375 192.0749969482421875 188.0812530517578125 186.3937530517578125 185.318756103515625 186.462493896484375 193.75 201.399993896484375 209.3312530517578125 217.125 224.3125 230.1999969482421875 232.9187469482421875 235.274993896484375 235.118743896484375
145.024993896484375 145.306243896484375 145.40625 145.28125 144.225006103515625 143.381256103515625 142.368743896484375 140.5812530517578125 142.243743896484375 145.649993896484375 151.475006103515625 160.006256103515625 166.2937469482421875 171.25 166.162506103515625 159.5625 154.3249969482421875 152.2062530517578125 150.9562530517578125 150.8249969482421875 153.743743896484375 155.475006103515625 156.25 157.587493896484375 163.181243896484375 166.0625 170.1875 175.837493896484375 181.0437469482421875 183.037506103515625 181.368743896484375 178.600006103515625 177.899993896484375 177.337493896484375 178.7687530517578125 184.6312408447265625 192.181243896484375 200.4499969482421875 208.8937530517578125 216.6062469482421875 222.506256103515625 224.7062530517578125 228.1374969482421875 229.2624969482421875
151.8000030517578125 151.40625 151.212493896484375 152.4375 152.068756103515625 150.875 151.28125 151.524993896484375 154.8125 159.2375030517578125 165.2562408447265625 171.5124969482421875 172.4187469482421875 172.78125 166.6374969482421875 159.8812408447265625 154.006256103515625 151.7624969482421875 150.7624969482421875 150.850006103515625 152.912506103515625 154.100006103515625 154.59375 156.75 157.8249969482421875 157.625 160.9187469482421875 165.1437530517578125 169.9499969482421875 171.318756103515625 170.9812469482421875 169.8874969482421875 168.9812469482421875 168.9375 170.40625 176.71875 184.912506103515625 193.4875030517578125 200.5062408447265625 206.962493896484375 213.662506103515625 216.3874969482421875 218.6125030517578125 217.131256103515625
159.0749969482421875 158.1374969482421875 157.962493896484375 158.556243896484375 158.9875030517578125 160.1500091552734375 160.475006103515625 161.125 164.9562530517578125 171.28125 177.3125 180.2312469482421875 177.774993896484375 170.9812469482421875 164.375 158.975006103515625 152.818756103515625 150.4937591552734375 149.96875 149.162506103515625 150.6875 150.506256103515625 149.037506103515625 150.0812530517578125 147.225006103515625 145.5500030517578125 149.8937530517578125 153.649993896484375 158.71875 160.3125 160.90625 160.618743896484375 159.912506103515625 160.1062469482421875 161.1875 168.4562530517578125 176.850006103515625 185.40625 193.3562469482421875 200.181243896484375 203.8937530517578125 207.5124969482421875 207.6374969482421875 206.3312530517578125
165.3937530517578125 164.068756103515625 163.256256103515625 163.5625 165.0812530517578125 166.712493896484375 167.5812530517578125 169.3000030517578125 174.4250030517578125 180.5187530517578125 184.837493896484375 182.350006103515625 177.1875 169.493743896484375 161.2062530517578125 156.681243896484375 150.84375 147.5437469482421875 147.0625 145.350006103515625 145.649993896484375 143.975006103515625 142.3249969482421875 140.53125 138.1687469482421875 136.756256103515625 139.8937530517578125 143.556243896484375 147.587493896484375 150.087493896484375 151.443756103515625 152.4187469482421875 150.943756103515625 151.1750030517578125 153 160.71875 169.0812530517578125 178.524993896484375 187.556243896484375 193.556243896484375 195.037506103515625 194.681243896484375 198.087493896484375 202.274993896484375
168.0437469482421875 167.006256103515625 166.837493896484375 167.6875 169.8562469482421875 171.8937530517578125 174.006256103515625 176.118743896484375 180.1062469482421875 184.7062530517578125 188.03125 184.03125 176.943756103515625 168.649993896484375 160.0749969482421875 154.15625 149.46875 147.9875030517578125 147.037506103515625 145.287506103515625 143.71875 141.9250030517578125 138.5500030517578125 136.024993896484375 133.4187469482421875 132.25 134.5749969482421875 138.087493896484375 141.899993896484375 144.15625 144.975006103515625 144.7624969482421875 144.75 144.0500030517578125 145.006256103515625 151.8125 162.431243896484375 173.5749969482421875 181.5187530517578125 185.024993896484375 186.337493896484375 189.21875 196.1687469482421875 199.1125030517578125
169.1875 168.21875 169.5124969482421875 171.506256103515625 173.7624969482421875 176.368743896484375 178.8874969482421875 181.6437530517578125 186.28125 189.6999969482421875 191.6999969482421875 186.149993896484375 178.193756103515625 168.4812469482421875 159.162506103515625 150.4187469482421875 148.1437530517578125 148.7375030517578125 147.1999969482421875 145.618743896484375 143.25 139.649993896484375 135.1687469482421875 132.306243896484375 129.243743896484375 128.1687469482421875 129.681243896484375 133.1687469482421875 136.6687469482421875 139.6125030517578125 141.975006103515625 141.962493896484375 138.725006103515625 136.875 136.2624969482421875 145.837493896484375 156.118743896484375 167.1875 174.8000030517578125 180.1374969482421875 182.524993896484375 187.462493896484375 192.59375 195.056243896484375
169.181243896484375 169.25 171.625 174.4437408447265625 176.962493896484375 180.024993896484375 184.09375 187.3125 190.5812530517578125 193.8312530517578125 194.8249969482421875 188.431243896484375 179.1437530517578125 169.0812530517578125 161.149993896484375 154.3000030517578125 148.625 148.056243896484375 147.912506103515625 146.8937530517578125 143.4875030517578125 139.3312530517578125 133.90625 129.056243896484375 125.6750030517578125 123.78125 125.5124969482421875 128.6062469482421875 132.462493896484375 136.462493896484375 139.087493896484375 139.6999969482421875 136.7312469482421875 134.3125 136.2062530517578125 143.3937530517578125 153.725006103515625 165.0500030517578125 174.662506103515625 178.4187469482421875 181.118743896484375 185.631256103515625 188.3249969482421875 190.9250030517578125
166.568756103515625 168.243743896484375 170.8562469482421875 175.1125030517578125 178.0187530517578125 181.7937469482421875 186.375 188.912506103515625 192.0812530517578125 194.5437469482421875 194.912506103515625 188.7937469482421875 180.1437530517578125 171.7624969482421875 164.7312469482421875 158.9812469482421875 153.2937469482421875 148.1750030517578125 149.96875 149.4562530517578125 146.024993896484375 140.15625 133.649993896484375 128.493743896484375 125.21250152587890625 123.1999969482421875 123.63124847412109375 127.7624969482421875 132.149993896484375 136.006256103515625 137.118743896484375 134.5124969482421875 134.368743896484375 133.875 134.475006103515625 142.9499969482421875 152.6875 162.850006103515625 171.3249969482421875 178.3000030517578125 179.962493896484375 183.3625030517578125 185.8625030517578125 187.71875
162.962493896484375 165.943756103515625 169.993743896484375 173.9875030517578125 177.631256103515625 182.243743896484375 186.368743896484375 190.399993896484375 194 196.306243896484375 195.774993896484375 188.21875 180.8625030517578125 174.662506103515625 166.71875 161.3125 156.5 152.34375 150.524993896484375 150.2312469482421875 148.4562530517578125 142.756256103515625 131.2062530517578125 127.77500152587890625 125.63124847412109375 124.7375030517578125 126.56874847412109375 129.71875 134.318756103515625 137.818756103515625 139.25 137.5749969482421875 134.65625 129.8874969482421875 129.506256103515625 137.662506103515625 147.431243896484375 156.774993896484375 166.90625 173.381256103515625 178.4375 181.787506103515625 183.2937469482421875 184.7937469482421875
159.443756103515625 163.8249969482421875 168.0187530517578125 171.5749969482421875 176.8562469482421875 183.21875 188.6374969482421875 191.693756103515625 195.3562469482421875 197.756256103515625 196.6374969482421875 190.7687530517578125 184.0124969482421875 177.618743896484375 169.1437530517578125 160.7937469482421875 154.787506103515625 154.462493896484375 152.537506103515625 151.90625 146.9562530517578125 139.1624908447265625 132.068756103515625 128.756256103515625 126.66249847412109375 125.46250152587890625 128.1500091552734375 132.6875 136.0749969482421875 138.462493896484375 138.837493896484375 140.4499969482421875 134.8562469482421875 126.98125457763671875 123.0124969482421875 130.4499969482421875 142.4375 153.8000030517578125 163.3249969482421875 170.912506103515625 175.743743896484375 178.899993896484375 180.493743896484375 181.7687530517578125
