data/historical-monthly-weather-data/wc2.1_cruts4.09_10m_prec_1994-09.asc
ncols        45
nrows        45
xllcorner    -63.500000000000
yllcorner    -7.500000000000
cellsize     0.166666666667
NODATA_value -9999
[rows 19 to 37 of 45, columns 0 to 43 of 45]
206.15625 198.0437469482421875 189.2375030517578125 182.3937530517578125 176.2062530517578125 172.681243896484375 167.5 161.0437469482421875 156.8000030517578125 150.125 142.431243896484375 133.9375 124.55625152587890625 115.2937469482421875 106.34375 99.2624969482421875 91.09375 87.8562469482421875 83.1875 82.40000152587890625 80.50624847412109375 80.0437469482421875 83.20624542236328125 86.21250152587890625 87.7375030517578125 86.44374847412109375 84.33750152587890625 82.25 76.7375030517578125 70.7937469482421875 67.4187469482421875 73.1437530517578125 78.03125 84.81874847412109375 88.71250152587890625 84.75 79.8125 75.90000152587890625 72.03749847412109375 66.0625 58.15000152587890625 50.40000152587890625 47.6875 46.94374847412109375
196.84375 190.78125 184.4875030517578125 178.5625 172.8000030517578125 168.631256103515625 165.1125030517578125 160.5 157.806243896484375 153.024993896484375 145.7375030517578125 138.5 128.993743896484375 118.09999847412109375 109.8312530517578125 100.5437469482421875 92.46250152587890625 86.7687530517578125 84.68125152587890625 81.1125030517578125 81.65000152587890625 82.9499969482421875 84.15625 86.56874847412109375 88.9499969482421875 88.34375 85.5187530517578125 81.78749847412109375 78.1125030517578125 76.96250152587890625 76.68125152587890625 81.16249847412109375 86.56874847412109375 94.47499847412109375 103.11875152587890625 95.4375 83.72499847412109375 75.9499969482421875 70.03125 64.4562530517578125 58.956249237060546875 53.637500762939453125 50.68125152587890625 49.47499847412109375
190.024993896484375 182.03125 176.5187530517578125 171.6437530517578125 168.2062530517578125 166.381256103515625 163.40625 161.131256103515625 159.4187469482421875 155.787506103515625 149.881256103515625 143.618743896484375 136.2375030517578125 126.46250152587890625 117.1374969482421875 106.375 97.99375152587890625 91.4375 88.44374847412109375 84.5812530517578125 82.0124969482421875 82.36875152587890625 83.09375 84.81874847412109375 85.94374847412109375 86.1750030517578125 86.58750152587890625 83.96250152587890625 83.13124847412109375 83.22499847412109375 83.5124969482421875 86.0124969482421875 90.1999969482421875 95.99375152587890625 97.5437469482421875 92.0749969482421875 81.94374847412109375 74.75624847412109375 68.96250152587890625 64.625 61.012500762939453125 57.61875152587890625 55.856250762939453125 54.53749847412109375
184.443756103515625 178.6687469482421875 172.09375 167.931243896484375 164.587493896484375 163.40625 162.5749969482421875 161.6374969482421875 162.181243896484375 158.6437530517578125 155.875 151.0812530517578125 146.693756103515625 137.850006103515625 125.2687530517578125 113.625 103.53749847412109375 97.00624847412109375 91.63124847412109375 87.23125457763671875 84.3312530517578125 83.5812530517578125 82.8249969482421875 82.72499847412109375 84.11875152587890625 84.3625030517578125 84.74375152587890625 85.6374969482421875 85.36875152587890625 85.28749847412109375 86.75 89.5500030517578125 91.41249847412109375 92.8562469482421875 91.0187530517578125 84.13124847412109375 77.49375152587890625 71.73125457763671875 67.72499847412109375 65.8249969482421875 64.65625 62.21250152587890625 60.674999237060546875 59.362499237060546875
182.7624969482421875 175.181243896484375 169.787506103515625 164.443756103515625 159.818756103515625 160.850006103515625 161.212493896484375 160.587493896484375 161.15625 158.8937530517578125 156.006256103515625 154.6687469482421875 153.7624969482421875 144.4250030517578125 130.399993896484375 117.93125152587890625 107.91249847412109375 100.94374847412109375 95.1999969482421875 89.6750030517578125 86.3625030517578125 84.0500030517578125 83.3125 83.03749847412109375 83.2375030517578125 82.34375 82.7375030517578125 83.8249969482421875 85.88124847412109375 86.78749847412109375 88.13124847412109375 90.80625152587890625 90.83750152587890625 90.2687530517578125 87.84999847412109375 80.7937469482421875 75.9812469482421875 72.6374969482421875 70.00624847412109375 69.7937469482421875 69.15000152587890625 67.43125152587890625 66.78749847412109375 65.9375
183.5124969482421875 174.993743896484375 167.975006103515625 161.5500030517578125 160.7937469482421875 160.912506103515625 160.662506103515625 160.3312530517578125 160.09375 158.9375 156.9375 153.71875 150.5124969482421875 143.181243896484375 131.943756103515625 120.4562530517578125 111.27500152587890625 103.5500030517578125 97.13124847412109375 91.9875030517578125 88.4812469482421875 85.2624969482421875 84.5749969482421875 84.00624847412109375 82.2062530517578125 82.0437469482421875 82.53125 84.0124969482421875 86.13124847412109375 87.8249969482421875 89.00624847412109375 90.81874847412109375 91.31874847412109375 89.9875030517578125 86.72499847412109375 81.4499969482421875 78.7062530517578125 76.375 74.34999847412109375 74.08750152587890625 73.8125 73.33750152587890625 73.3249969482421875 74.44374847412109375
187.7937469482421875 181.350006103515625 171.2312469482421875 165.5124969482421875 161.193756103515625 160.5437469482421875 160.806243896484375 160.087493896484375 159.243743896484375 158.4187469482421875 154.8000030517578125 151.3125 146.84375 139.625 130.84375 121.55625152587890625 112.78749847412109375 105.78125 99.1125030517578125 93.5124969482421875 89.6875 86 85.0187530517578125 84.30625152587890625 82.53749847412109375 81.18125152587890625 82.94374847412109375 85.4875030517578125 87.1999969482421875 89.03125 90.28749847412109375 92.4187469482421875 91.1750030517578125 89.50624847412109375 87.53749847412109375 85.4250030517578125 82.78125 81.02500152587890625 80.50624847412109375 79.9375 80.4875030517578125 79.90000152587890625 80.07500457763671875 82
192.9812469482421875 184.46875 175.625 169.912506103515625 164.2375030517578125 163.181243896484375 161.868743896484375 159.5500030517578125 156.649993896484375 155.2624969482421875 152.962493896484375 149.162506103515625 143.5437469482421875 137 129.5187530517578125 121.44374847412109375 114.6125030517578125 107.00624847412109375 100.5625 94.90000152587890625 91.13124847412109375 87.1062469482421875 85.1125030517578125 85.6062469482421875 83.47499847412109375 82.4250030517578125 84.2624969482421875 86.0124969482421875 87.96875 89.59999847412109375 90.8937530517578125 92.00624847412109375 92.49375152587890625 91.36875152587890625 89.28749847412109375 88.44374847412109375 87.34375 85.8562469482421875 85.69374847412109375 85.7624969482421875 85.6687469482421875 85.5812530517578125 86.2624969482421875 86.61875152587890625
197.662506103515625 189.3000030517578125 181.649993896484375 173.7937469482421875 168.5625 165.618743896484375 163.4250030517578125 160.3562469482421875 156.118743896484375 154.306243896484375 151.037506103515625 146.462493896484375 140.743743896484375 135.40625 128.25 121.1999969482421875 114.6437530517578125 107.6750030517578125 101.4187469482421875 96.5124969482421875 92.2312469482421875 88.2687530517578125 85.8125 85.71250152587890625 84.80625152587890625 83.4812469482421875 85.0625 86.93125152587890625 88.8874969482421875 91.03749847412109375 91.6062469482421875 92.80625152587890625 93.9562530517578125 93.0749969482421875 92.0437469482421875 91.5749969482421875 92.3125 92.22499847412109375 92.29375457763671875 92.4187469482421875 92.5625 92.63124847412109375 91.1125030517578125 91.9187469482421875
202.8249969482421875 194.0187530517578125 184.8562469482421875 176.7062530517578125 170.662506103515625 166.287506103515625 162.75 159.662506103515625 155.7624969482421875 152.537506103515625 148.5187530517578125 143.1437530517578125 138.8312530517578125 132.6437530517578125 126.0437469482421875 121.55625152587890625 117.1374969482421875 108.04999542236328125 101.75 97.1374969482421875 93.2375030517578125 89.5749969482421875 87.08750152587890625 86.90000152587890625 85.2062530517578125 84.52500152587890625 86.1062469482421875 88.5625 91.46250152587890625 92.3000030517578125 92.36875152587890625 93.375 94.05625152587890625 94.375 95.3562469482421875 95.2375030517578125 97.3249969482421875 98.8000030517578125 99.74375152587890625 99.8249969482421875 97.5812530517578125 95.6125030517578125 95.46875 96.81874847412109375
206.0437469482421875 197.46875 186.25 177.5187530517578125 170.78125 166.587493896484375 162.9375 159.337493896484375 154.9375 150.600006103515625 146 141.837493896484375 137.0812530517578125 131.4562530517578125 126.72499847412109375 121.3249969482421875 115.8625030517578125 109.0124969482421875 102.15000152587890625 97.5124969482421875 94.25624847412109375 91.34999847412109375 88.15625 87.31874847412109375 86.8249969482421875 87.03125 88.19374847412109375 89.94374847412109375 91.66249847412109375 93.1125030517578125 94.3249969482421875 95.5812530517578125 95.8562469482421875 96.3249969482421875 97.8000030517578125 98.88124847412109375 101.61875152587890625 105.00624847412109375 104.3312530517578125 106.34375 105.7687530517578125 102.59999847412109375 100.18125152587890625 100.5187530517578125
204.912506103515625 197.431243896484375 188.6374969482421875 178.381256103515625 172.118743896484375 168.1875 162.75 158.3937530517578125 154.212493896484375 150.0500030517578125 145.006256103515625 140.375 137.9250030517578125 131.931243896484375 126.53749847412109375 121.0749969482421875 116.96250152587890625 110.59375 103.90625 100.00624847412109375 96.53749847412109375 93.9875030517578125 91.0749969482421875 89.71250152587890625 88.7312469482421875 89 89.99375152587890625 91.3625030517578125 92.9375 93.1687469482421875 95.2312469482421875 96.96875 97.1999969482421875 99.27500152587890625 101 101.46875 104.75624847412109375 109.3249969482421875 111.01874542236328125 112.8874969482421875 112.15625 107.94374847412109375 104.375 102.9812469482421875
204.568756103515625 195.5812530517578125 186.693756103515625 178.625 174.3000030517578125 168.600006103515625 163.2937469482421875 158.6999969482421875 154.6750030517578125 149.6750030517578125 145 140.0687408447265625 135.1687469482421875 131.162506103515625 127.375 124.08750152587890625 119.1125030517578125 113.25624847412109375 108.13124847412109375 105.0124969482421875 101.7312469482421875 97.0437469482421875 94.05625152587890625 92.03125 92.2624969482421875 90.83750152587890625 91.09999847412109375 93.24375152587890625 94.55625152587890625 95.0187530517578125 96.86875152587890625 97.6125030517578125 98.5187530517578125 100.4187469482421875 102.0187530517578125 102.91249847412109375 106.22499847412109375 109.7624969482421875 112.05625152587890625 114.4375 115.2624969482421875 110.96250152587890625 107.5 104.78125
196.524993896484375 190.25 181.8874969482421875 175.6125030517578125 171.631256103515625 166.837493896484375 162.6750030517578125 157.306243896484375 153.0500030517578125 147.631256103515625 146.7375030517578125 140.4562530517578125 136.1062469482421875 134.3562469482421875 130.5749969482421875 128.0437469482421875 123.94374847412109375 120.08750152587890625 115.33750152587890625 112.09375 107.68125152587890625 102.70624542236328125 97.9562530517578125 95.9562530517578125 95.58750152587890625 93.6125030517578125 93.7062530517578125 95.18125152587890625 96.3312530517578125 97.86875152587890625 98.66249847412109375 99.46250152587890625 99.4562530517578125 100.9375 102.84999847412109375 103.5625 105.6374969482421875 107.19374847412109375 109.28749847412109375 112.5749969482421875 113.68125152587890625 110.40625 107.7937469482421875 104.8874969482421875
186.0625 182.6125030517578125 177.5625 172.6374969482421875 168.5500030517578125 164.3874969482421875 161.1437530517578125 156.5749969482421875 151.4375 147.662506103515625 144.6999969482421875 142.4124908447265625 138.2937469482421875 134.1999969482421875 132.5812530517578125 130.5187530517578125 128.993743896484375 126.24375152587890625 122.9375 119.7062530517578125 114.69374847412109375 108.52500152587890625 102.9499969482421875 99.7937469482421875 97.93125152587890625 95.80625152587890625 95.65625 96.77500152587890625 97.3625030517578125 98.56874847412109375 99.8125 100.68125152587890625 100.6062469482421875 101.1687469482421875 102.61875152587890625 104.75624847412109375 105.0124969482421875 105.5812530517578125 107.5749969482421875 109.1374969482421875 109.8312530517578125 108.96875 107.8625030517578125 105.625
177 175 171.8937530517578125 169.5 166.78125 162.1999969482421875 159.7937469482421875 155.837493896484375 149.78125 146.4375 145.1687469482421875 144.3312530517578125 140.818756103515625 137.306243896484375 136.0124969482421875 135.100006103515625 133.6875 130.975006103515625 130.28125 126.94374847412109375 122.09375 115.15000152587890625 107.6687469482421875 103.3874969482421875 99.8249969482421875 98.2624969482421875 98.3874969482421875 98.5187530517578125 98.74375152587890625 99.3249969482421875 100.2375030517578125 100.4187469482421875 100.40000152587890625 100.8125 101.21250152587890625 101.7312469482421875 102.6374969482421875 104.5124969482421875 105.18125152587890625 106.6437530517578125 105.5 104.1374969482421875 104.6125030517578125 102.59375
166.4187469482421875 164.3937530517578125 162.975006103515625 161.5187530517578125 159.6062469482421875 156.725006103515625 153.28125 151.431243896484375 146.8625030517578125 143.34375 143.1437530517578125 142.6374969482421875 141.8937530517578125 140.34375 139.1062469482421875 138.5749969482421875 137.024993896484375 136.0187530517578125 135.7624969482421875 134.524993896484375 127.9562530517578125 120.4875030517578125 111.68125152587890625 106.3874969482421875 103.06874847412109375 100.9187469482421875 100.2375030517578125 100.46250152587890625 100.66249847412109375 100.38124847412109375 100.84375 100.8937530517578125 99.7062530517578125 99.6437530517578125 99.41249847412109375 98.8249969482421875 100.7937469482421875 101.48749542236328125 101.66249847412109375 102.13124847412109375 102.1687469482421875 100.49375152587890625 99.46875 98.22499847412109375
155.818756103515625 154.712493896484375 153.46875 151.9562530517578125 152.125 150.149993896484375 148.3625030517578125 146.681243896484375 143.7125091552734375 139.625 141.462493896484375 146.25 146.28125 144.6999969482421875 143.7937469482421875 141.9250030517578125 140.681243896484375 138.7624969482421875 137.743743896484375 136.162506103515625 131.2062530517578125 122.16249847412109375 113.81874847412109375 108.1374969482421875 104.7687530517578125 102.91249847412109375 101.65625 101.3125 101.4250030517578125 101.1062469482421875 100.71250152587890625 100.46250152587890625 99.5437469482421875 98.9562530517578125 98.21250152587890625 97.93125152587890625 98.59999847412109375 99.34999847412109375 98.40625 97.71250152587890625 97.16249847412109375 95.18125152587890625 94.71250152587890625 94.05625152587890625
145.712493896484375 145.837493896484375 145.34375 143.899993896484375 144.7375030517578125 144.5500030517578125 144.149993896484375 144.118743896484375 142.868743896484375 139.7375030517578125 150.087493896484375 154.149993896484375 152.15625 149.5 147.6062469482421875 145.712493896484375 141.75 139.8625030517578125 137 133.625 129.693756103515625 121.7687530517578125 114.50624847412109375 108.9812469482421875 105.3874969482421875 103.1687469482421875 102.65625 102.6062469482421875 102.59999847412109375 101.9875030517578125 99.6687469482421875 98.71250152587890625 97.7937469482421875 98.1437530517578125 97.5437469482421875 95.34999847412109375 95.4250030517578125 95.4250030517578125 95.7312469482421875 95.1999969482421875 92.9375 92.6374969482421875 90.34375 88.94374847412109375
