data/historical-monthly-weather-data/wc2.1_cruts4.09_10m_prec_1962-11.asc
ncols        51
nrows        45
xllcorner    -63.500000000000
yllcorner    -7.500000000000
cellsize     0.166666666667
NODATA_value -9999
[rows 19 to 37 of 45, columns 0 to 43 of 51]
169.7062530517578125 170.431243896484375 169.193756103515625 168.25 167.149993896484375 166.0812530517578125 164.125 161.3562469482421875 159.2375030517578125 156.4812469482421875 151.96875 144.46875 135.7624969482421875 127.1125030517578125 120.21875 114.1999969482421875 108.91249847412109375 109.47499847412109375 111.50624847412109375 117.0749969482421875 134.7312469482421875 151.7312469482421875 167.0500030517578125 178.5625 189.243743896484375 197.037506103515625 199.46875 198.4250030517578125 188.8937530517578125 174.068756103515625 165.1999969482421875 170.7312469482421875 182.1999969482421875 195.3937530517578125 207.5 220.6062469482421875 235.149993896484375 250.2312469482421875 262.3125 273.068756103515625 282.162506103515625 286.306243896484375 283.899993896484375 281.962493896484375
162.412506103515625 164.412506103515625 164.2375030517578125 163.556243896484375 162.2062530517578125 161.9437408447265625 161.462493896484375 160.1374969482421875 159.3562469482421875 157.243743896484375 153.8125 147.631256103515625 140.1999969482421875 131.337493896484375 123.99375152587890625 116.6437530517578125 110.59999847412109375 109.1875 110.8874969482421875 114.1999969482421875 130.774993896484375 148.131256103515625 163.1062469482421875 175.875 187.9875030517578125 196.993743896484375 199.587493896484375 196.625 190.78125 185.1374969482421875 181.1374969482421875 184.756256103515625 194.6875 207.162506103515625 220.3312530517578125 236.024993896484375 249.6875 263.64373779296875 274.23126220703125 284.625 292.03125 294.587493896484375 293.86248779296875 290.818756103515625
156.1062469482421875 157.381256103515625 157.8125 157.6062469482421875 157.1999969482421875 157.46875 158.181243896484375 157.931243896484375 158.9875030517578125 158.4375 156.2062530517578125 151.9812469482421875 145.931243896484375 137.5500030517578125 129.1437530517578125 120.9499969482421875 114.80625152587890625 112.1687469482421875 111.63124847412109375 113.9187469482421875 126.90000152587890625 141.8562469482421875 156.6374969482421875 169.993743896484375 182.2937469482421875 192.743743896484375 198.837493896484375 199.318756103515625 198.6999969482421875 196.28125 192.899993896484375 195.8937530517578125 205.943756103515625 220.774993896484375 236.6875 252.625 266.78125 279.943756103515625 287.85626220703125 297.0625 303.149993896484375 304.48126220703125 303.95001220703125 302.337493896484375
150.03125 152.412506103515625 152.649993896484375 152.53125 152.462493896484375 152.96875 153.625 155.1750030517578125 157.881256103515625 158.3937530517578125 158.1437530517578125 155.7312469482421875 153.443756103515625 146.1875 135.181243896484375 125.21875 117.9250030517578125 114.53749847412109375 112.49375152587890625 113.0749969482421875 124.3312530517578125 137.0187530517578125 149.6750030517578125 163.368743896484375 177.71875 190.318756103515625 197.375 202.1374969482421875 203.943756103515625 203.225006103515625 202.975006103515625 206.4875030517578125 219.118743896484375 235.475006103515625 251.975006103515625 269.32501220703125 284.350006103515625 294.91876220703125 301.29998779296875 308.912506103515625 315.34375 315.42498779296875 314.26251220703125 312.3125
143.8249969482421875 146.1062469482421875 146.493743896484375 145.875 146.181243896484375 147.912506103515625 149.5500030517578125 151.9749908447265625 154.5749969482421875 156.1750030517578125 157.1374969482421875 158.6687469482421875 159.4562530517578125 152.3312530517578125 140.024993896484375 129.399993896484375 121.38124847412109375 117.15000152587890625 113.78749847412109375 112.53749847412109375 122.0437469482421875 132.756256103515625 143.2062530517578125 157.131256103515625 172.09375 185.3249969482421875 196.5749969482421875 201.837493896484375 207.3249969482421875 208.806243896484375 211.899993896484375 217.34375 230.75 247.100006103515625 265.0625 285.350006103515625 301.59375 310 316.181243896484375 322.59375 327.787506103515625 327.462493896484375 326.100006103515625 323.662506103515625
139.6999969482421875 140.8562469482421875 140.9875030517578125 140.475006103515625 141.2937469482421875 142.837493896484375 144.537506103515625 146.975006103515625 150.1062469482421875 152.2687530517578125 154.3562469482421875 155.3312530517578125 155.8937530517578125 151.3937530517578125 141.375 131.5625 123.5812530517578125 118.34375 114.27500152587890625 112.05625152587890625 119.5500030517578125 127.6437530517578125 137.068756103515625 150.774993896484375 165.4812469482421875 181.225006103515625 193.09375 202.1999969482421875 209.3625030517578125 214.462493896484375 218.693756103515625 225.5625 239.662506103515625 256.36248779296875 273.475006103515625 292.38751220703125 309.63751220703125 319.568756103515625 327.056243896484375 334.868743896484375 339.5625 339.01873779296875 339.443756103515625 339.23748779296875
137.837493896484375 138.6062469482421875 136.5374908447265625 136.1999969482421875 135.9499969482421875 137.2375030517578125 138.8000030517578125 141.1125030517578125 144.131256103515625 146.71875 148.875 150.4812469482421875 150.65625 147.9875030517578125 140.462493896484375 132.337493896484375 125.2624969482421875 119.7312469482421875 115.09999847412109375 112.3000030517578125 117.84999847412109375 124.13124847412109375 131.1875 143.875 159.712493896484375 176.8562469482421875 190.8937530517578125 202.712493896484375 212.6437530517578125 219.4812469482421875 224.7687530517578125 232.3625030517578125 247.2062530517578125 262.5 279.212493896484375 297.26873779296875 313.88751220703125 327.087493896484375 337.756256103515625 346.23126220703125 352.54998779296875 352.01873779296875 349.462493896484375 351.125
137.5187530517578125 136.412506103515625 134.21875 132.899993896484375 131.8312530517578125 132.649993896484375 134.912506103515625 136.806243896484375 138.850006103515625 141.631256103515625 144.7624969482421875 147.1062469482421875 148.1062469482421875 147.068756103515625 141.0187530517578125 133.5437469482421875 127.3000030517578125 122.11875152587890625 117.46875 113.86875152587890625 117.6750030517578125 122.0500030517578125 127.1374969482421875 139.6999969482421875 156.649993896484375 173.881256103515625 188.46875 201.71875 214.2062530517578125 220.975006103515625 228.1062469482421875 236.524993896484375 252.9187469482421875 269.23126220703125 284.70001220703125 302.40625 318.98126220703125 332.42498779296875 345.64373779296875 356.337493896484375 364.23748779296875 362.65625 359.73126220703125 358.73748779296875
137.2687530517578125 134.3562469482421875 131.6999969482421875 129.46875 128.1125030517578125 128.4250030517578125 130.225006103515625 132.3249969482421875 134.84375 137.6875 140.243743896484375 143.4499969482421875 145.5500030517578125 145.8125 141.225006103515625 134.96875 129.100006103515625 124.5437469482421875 119.84375 116.19374847412109375 118.8000030517578125 121.46250152587890625 126.5187530517578125 140.0124969482421875 156.149993896484375 172.431243896484375 186.875 201.318756103515625 214.3874969482421875 221.9375 228.6999969482421875 237.9499969482421875 255.2937469482421875 271.649993896484375 289.25 306.881256103515625 323.39373779296875 339.25 351.556243896484375 366.82501220703125 379.006256103515625 377.70001220703125 367.64373779296875 364.212493896484375
137.131256103515625 132.6062469482421875 128.6374969482421875 125.9562530517578125 124.2312469482421875 124.2937469482421875 125.69374847412109375 127.6750030517578125 130.9875030517578125 133.850006103515625 136.7062530517578125 140.243743896484375 143.631256103515625 144.9187469482421875 141.225006103515625 136.743743896484375 132.28125 127.38124847412109375 122.78749847412109375 119.1437530517578125 120.7375030517578125 122.375 126.66249847412109375 140.818756103515625 156.4875030517578125 171.975006103515625 187.0124969482421875 201.0749969482421875 214.8312530517578125 221.9375 229.15625 238.162506103515625 255.1062469482421875 272.818756103515625 292.149993896484375 310.03125 327.337493896484375 342.88751220703125 355.9375 369.9375 385.681243896484375 382.462493896484375 375.48126220703125 378.868743896484375
139.1875 133.4375 128.681243896484375 124.22499847412109375 122.2624969482421875 122.4875030517578125 123.7624969482421875 125.7624969482421875 129.056243896484375 131.618743896484375 134.6875 138.881256103515625 142.912506103515625 145.600006103515625 143.2062530517578125 140.006256103515625 135.8625030517578125 132.0625 127.5124969482421875 123.94374847412109375 124.63124847412109375 126.36875152587890625 129.9499969482421875 142.7375030517578125 157.4375 172.412506103515625 186.943756103515625 200.431243896484375 213.412506103515625 222.162506103515625 230.056243896484375 239.6875 256.975006103515625 276.11248779296875 295.39373779296875 312.17498779296875 328.39373779296875 345.84375 355.39373779296875 367.181243896484375 381.368743896484375 389.59375 390.57501220703125 398.59375
140.7062530517578125 134.1999969482421875 128.931243896484375 124.0749969482421875 121.09375 121.78749847412109375 122.9562530517578125 124.53749847412109375 127.16249847412109375 130.381256103515625 133.818756103515625 138.46875 143.4375 146.131256103515625 145.2687530517578125 143.5749969482421875 141.368743896484375 137.4812469482421875 132.712493896484375 130.318756103515625 130.587493896484375 131.431243896484375 134.0500030517578125 145.7312469482421875 158.6999969482421875 172.7624969482421875 186.225006103515625 199.587493896484375 211.962493896484375 221.274993896484375 230.6062469482421875 241.649993896484375 259.087493896484375 279.79376220703125 298.193756103515625 314.66876220703125 331.699981689453125 351.100006103515625 358.73126220703125 360.318756103515625 376.48126220703125 393.73126220703125 403.649993896484375 412.587493896484375
141.7750091552734375 135.131256103515625 129.7062530517578125 125.40000152587890625 122.7624969482421875 121.9812469482421875 122.6999969482421875 123.6374969482421875 126.1875 129.243743896484375 132.9250030517578125 138.2687530517578125 143.537506103515625 147.6437530517578125 148.806243896484375 148.71875 147.6875 144.1875 140.462493896484375 138.3625030517578125 137.8625030517578125 137.368743896484375 138.568756103515625 148.7687530517578125 160.975006103515625 173.087493896484375 185.493743896484375 198.1374969482421875 209.7624969482421875 220.712493896484375 231.3125 242.7312469482421875 261.149993896484375 281.25 301.90625 319.181243896484375 336.868743896484375 354.38751220703125 359.8125 366.33123779296875 387.79998779296875 409.131256103515625 424.087493896484375 442.40625
143.0749969482421875 137.1687469482421875 132.0749969482421875 128.1999969482421875 125.38124847412109375 123.84999847412109375 123.8000030517578125 124.27500152587890625 126.3125 129.2062530517578125 133.931243896484375 139.337493896484375 145.6687469482421875 152.0124969482421875 154.256256103515625 155.8625030517578125 155.8249969482421875 154.1437530517578125 151.4875030517578125 149.5500030517578125 148.7687530517578125 147.256256103515625 147.056243896484375 155.3125 165.493743896484375 175.3874969482421875 186.5625 197.7624969482421875 209.2937469482421875 220.71875 232.100006103515625 244.2687530517578125 262.912506103515625 282.881256103515625 304.837493896484375 323.79998779296875 343.818756103515625 360.92498779296875 367.61248779296875 384.67498779296875 406.993743896484375 428.256256103515625 449.75 476.524993896484375
143.943756103515625 139.037506103515625 134.4375 131.09375 127.9187469482421875 126.0437469482421875 124.78125 124.8937530517578125 126.68125152587890625 129.2062530517578125 133.6750030517578125 140.818756103515625 148.743743896484375 155.6062469482421875 159.600006103515625 163.087493896484375 165.493743896484375 164.8000030517578125 163.0500030517578125 161.6687469482421875 160.1750030517578125 158.0812530517578125 157.0124969482421875 162.7687530517578125 170.3000030517578125 177.6062469482421875 187.8562469482421875 197.5437469482421875 208.087493896484375 219.962493896484375 232.274993896484375 246.087493896484375 265.35626220703125 285.837493896484375 308.475006103515625 329.61248779296875 349.337493896484375 365.54998779296875 379.63751220703125 401.01251220703125 422.79998779296875 445.73748779296875 474.53125 507.725006103515625
145.693756103515625 141.5124969482421875 137.412506103515625 133.7937469482421875 130.7624969482421875 128.337493896484375 126.2375030517578125 125.6999969482421875 126.1750030517578125 128.8937530517578125 134.068756103515625 142.837493896484375 152.087493896484375 161.1062469482421875 167.243743896484375 171.4562530517578125 175.75 176.024993896484375 175.006256103515625 173.899993896484375 172.3249969482421875 169.5812530517578125 167.3125 170.068756103515625 174.21875 179.6374969482421875 187.9250030517578125 197.0812530517578125 206.287506103515625 218.850006103515625 232.625 247.1062469482421875 266.506256103515625 288.48748779296875 309.76873779296875 329.912506103515625 349.931243896484375 374.13751220703125 391.212493896484375 410.725006103515625 433.912506103515625 455.8125 484.412506103515625 516.46875
149.618743896484375 145.556243896484375 141.75 138.0437469482421875 134.9499969482421875 132.4499969482421875 130.0812530517578125 127.97499847412109375 127.31874847412109375 128.9812469482421875 135.0437469482421875 145.0812530517578125 156.625 167.71875 174.6062469482421875 181.274993896484375 185.8125 187.1750030517578125 187.46875 187.693756103515625 185.59375 181.131256103515625 177.618743896484375 178.6687469482421875 180.8625030517578125 184.0500030517578125 191.056243896484375 199.0500030517578125 207.3562469482421875 218.962493896484375 233.443756103515625 247.587493896484375 267.225006103515625 288.29376220703125 307.16876220703125 325.42498779296875 350.65625 373.8125 389.625 410.100006103515625 433.743743896484375 452.95001220703125 476.331268310546875 503.95001220703125
153.881256103515625 150.274993896484375 146.9250030517578125 143.6062469482421875 140.350006103515625 137.75 134.6687469482421875 131.6999969482421875 129.5749969482421875 128.399993896484375 136.068756103515625 151.09375 163.75 174.2375030517578125 182.4187469482421875 190.0437469482421875 195.806243896484375 197.6062469482421875 198.631256103515625 198.90625 196.1374969482421875 191.193756103515625 187.1125030517578125 186.3625030517578125 186.6374969482421875 188.7062530517578125 193.46875 200.587493896484375 207.243743896484375 219.4625091552734375 233.337493896484375 248.962493896484375 267.45001220703125 287.78125 305.75 324.868743896484375 348.381256103515625 371.412506103515625 388.318756103515625 404.556243896484375 424.412506103515625 440.45001220703125 460.07501220703125 483.98748779296875
159.2687530517578125 155.649993896484375 152.350006103515625 149.4562530517578125 146.3000030517578125 143.7937469482421875 141.056243896484375 138.1125030517578125 135.8562469482421875 133.5124969482421875 146.3249969482421875 163.037506103515625 173.3625030517578125 182.618743896484375 190.962493896484375 198.962493896484375 205.399993896484375 207.125 207.712493896484375 206.412506103515625 204.0187530517578125 199.7937469482421875 195.7937469482421875 192.9562530517578125 192 192.568756103515625 195.899993896484375 201.568756103515625 207.53125 220.287506103515625 231.6875 246.368743896484375 264.850006103515625 284.256256103515625 302.09375 321.881256103515625 344.51251220703125 365.350006103515625 384.0625 400.875 413.993743896484375 428.78125 441.67498779296875 457.837493896484375
