data/historical-monthly-weather-data/wc2.1_cruts4.09_10m_prec_1963-03.asc
ncols        51
nrows        45
xllcorner    -63.500000000000
yllcorner    -7.500000000000
cellsize     0.166666666667
NODATA_value -9999
[rows 0 to 19 of 45, columns 0 to 44 of 51]
153.3125 154.693756103515625 152.1750030517578125 153.5 153.09375 151.6875 147.4875030517578125 143.1750030517578125 139.3625030517578125 138.1999969482421875 139.9187469482421875 143.337493896484375 147.1374969482421875 149.2062530517578125 153.181243896484375 157.318756103515625 163.431243896484375 166.568756103515625 171.993743896484375 176.9375 181.4250030517578125 184.818756103515625 189.1062469482421875 192.75 198.5187530517578125 204.4187469482421875 211.1437530517578125 221.162506103515625 230.068756103515625 233.693756103515625 240.6999969482421875 245.1687469482421875 250.743743896484375 258.45623779296875 265.225006103515625 269.899993896484375 272.95001220703125 276.20001220703125 279.1875 280.5 281.96875 283.037506103515625 282.54998779296875 283.068756103515625 281.38751220703125
159.962493896484375 162.21875 164.118743896484375 166.5625 168.125 166.024993896484375 161.3312530517578125 157.5 155.46875 154.274993896484375 155.1062469482421875 157.1999969482421875 159.662506103515625 161.381256103515625 164.5625 168.4250030517578125 173.6687469482421875 179.193756103515625 184.9812469482421875 190.7312469482421875 194.84375 198.350006103515625 202.9187469482421875 207.337493896484375 212.462493896484375 218.3000030517578125 224.5749969482421875 234.412506103515625 242.3874969482421875 246.649993896484375 252.2937469482421875 259.225006103515625 264.193756103515625 273.73126220703125 279.28125 284.537506103515625 289.01251220703125 292.100006103515625 294.67498779296875 295.26873779296875 297.193756103515625 297.943756103515625 297.25 297.225006103515625 296.412506103515625
167.6687469482421875 171.6750030517578125 175.1750030517578125 178.506256103515625 179.96875 177.975006103515625 175.662506103515625 173.8312530517578125 172.443756103515625 171.837493896484375 170.53125 170.8187408447265625 172.3562469482421875 173.524993896484375 176.3625030517578125 180.756256103515625 185.462493896484375 190.8874969482421875 195.7375030517578125 200.78125 205.056243896484375 209.181243896484375 212.8000030517578125 218.443756103515625 224.6875 229.875 236.899993896484375 246.5749969482421875 253.875 257.9375 264.774993896484375 271.88751220703125 278.181243896484375 285.225006103515625 293.743743896484375 296.92498779296875 301.806243896484375 306.90625 308.96875 310.75 312.3125 312.04376220703125 310.625 309.149993896484375 309.712493896484375
174.15625 180.537506103515625 186.818756103515625 190.2937469482421875 192.3000030517578125 190.2624969482421875 189.15625 189 189.662506103515625 189.2687530517578125 186.59375 184.5437469482421875 183.75 183.84375 186.96875 191.1999969482421875 196.975006103515625 202.256256103515625 206.7375030517578125 210.6687469482421875 215.6437530517578125 218.8625030517578125 221.1437530517578125 227.3625030517578125 234.431243896484375 240.443756103515625 247.9562530517578125 255.681243896484375 263.08123779296875 268.712493896484375 274.443756103515625 283.70001220703125 289.725006103515625 296.524993896484375 304.375 309.931243896484375 315.631256103515625 321.32501220703125 325.10626220703125 326.41876220703125 326.1875 326.07501220703125 324.337493896484375 321.462493896484375 321.96875
186.21875 192.1374969482421875 196.193756103515625 200.850006103515625 203.399993896484375 201.818756103515625 200.2062530517578125 201.0812530517578125 204.03125 205.475006103515625 201.0625 196.1999969482421875 194.193756103515625 194.8249969482421875 197.1875 202.1062469482421875 207.5500030517578125 213.037506103515625 215.850006103515625 218.21875 223.3937530517578125 225.9499969482421875 229.287506103515625 236.6750030517578125 244.1437530517578125 251.1312408447265625 257.20623779296875 264.67498779296875 274.48748779296875 278.57501220703125 286 293.537506103515625 301.850006103515625 309.743743896484375 317.618743896484375 324.087493896484375 329.98126220703125 335.54998779296875 340.412506103515625 341.193756103515625 342.118743896484375 339.899993896484375 336.931243896484375 334.493743896484375 333.537506103515625
199.125 205.493743896484375 210.381256103515625 212.1999969482421875 211.462493896484375 209.8249969482421875 207.931243896484375 207.7375030517578125 211.037506103515625 213.7624969482421875 207.256256103515625 202.162506103515625 201.368743896484375 201.5124969482421875 204.4187469482421875 209.0749969482421875 214.475006103515625 218.8625030517578125 221.756256103515625 223.25 228.25 232.65625 237.3125 244.6374969482421875 252.5749969482421875 261.087493896484375 267.45623779296875 273.82501220703125 281.537506103515625 287.368743896484375 294.112518310546875 302.54376220703125 309.29376220703125 320.20623779296875 330.26873779296875 336.649993896484375 345.149993896484375 351.806243896484375 357.54376220703125 360.64373779296875 359.912506103515625 357.837493896484375 354.524993896484375 351.23126220703125 349.274993896484375
211.287506103515625 216.8625030517578125 220.2937469482421875 219.6125030517578125 216.368743896484375 213.118743896484375 210.1125030517578125 207.03125 205.850006103515625 204.8937530517578125 203.6999969482421875 202.899993896484375 204.09375 205.725006103515625 209.28125 213.78125 218.8125 221.462493896484375 223.1062469482421875 226.3312530517578125 231.6437530517578125 238.1750030517578125 243.8562469482421875 252.1437530517578125 261.17498779296875 269.54376220703125 276.13751220703125 281.90625 287.399993896484375 292.3125 301.931243896484375 310.34375 317.64373779296875 326.850006103515625 337.90625 346.962493896484375 355.625 363.975006103515625 374.225006103515625 376.681243896484375 373.350006103515625 371.65625 368.225006103515625 365.03125 365.375
220.5812530517578125 224.9187469482421875 225.8125 224.506256103515625 221.625 217.068756103515625 210.256256103515625 201.774993896484375 195.0124969482421875 193.71875 197.4187469482421875 201.3562469482421875 205.837493896484375 209.5625 213.2312469482421875 217.600006103515625 220.774993896484375 221.787506103515625 223.212493896484375 226.4187469482421875 233.993743896484375 242.28125 250.0749969482421875 258.82501220703125 269.975006103515625 277.82501220703125 282.91876220703125 288.04376220703125 291.943756103515625 296.89373779296875 305.056243896484375 316.51873779296875 323.381256103515625 332.66876220703125 343.774993896484375 353.375 363.306243896484375 372.524993896484375 382.45001220703125 385.118743896484375 383.58123779296875 381.931243896484375 378.76873779296875 375.475006103515625 374.84375
228.087493896484375 230.8562469482421875 231.506256103515625 230.0437469482421875 226.34375 220.931243896484375 213.037506103515625 202.600006103515625 191.118743896484375 187.3249969482421875 194.681243896484375 201.8125 208.7687530517578125 212.6374969482421875 216 219.537506103515625 221.6437530517578125 222.4875030517578125 225.1125030517578125 228.462493896484375 235.0749969482421875 245.5124969482421875 254.59375 268.04998779296875 279.662506103515625 286.743743896484375 288.98126220703125 291.649993896484375 296.09375 299.35626220703125 307.149993896484375 317.806243896484375 324.787506103515625 333.28125 343.056243896484375 354.100006103515625 366.506256103515625 376.225006103515625 386.475006103515625 390.037506103515625 390.006256103515625 388.63751220703125 386.600006103515625 383.462493896484375 379.84375
235.4499969482421875 236.631256103515625 236.318756103515625 234.524993896484375 231.40625 226.118743896484375 218.943756103515625 209.53125 200.7062530517578125 197.475006103515625 201.181243896484375 205.975006103515625 212.587493896484375 216.975006103515625 219.024993896484375 221.256256103515625 222.78125 223.568756103515625 225.649993896484375 228.943756103515625 236.4375 248.1750030517578125 260.89373779296875 277.600006103515625 288.068756103515625 294.787506103515625 296.181243896484375 297.09375 298.912506103515625 300.10626220703125 305.743743896484375 316.95001220703125 325.10626220703125 334.57501220703125 344.024993896484375 354.78125 366.83123779296875 378.20623779296875 389.61248779296875 395.85626220703125 398.20001220703125 398.03125 393.850006103515625 386.381256103515625 383.162506103515625
242.4812469482421875 242.5749969482421875 241.1437530517578125 239.375 237.100006103515625 233.03125 226.9375 218.3937530517578125 212.274993896484375 209.9499969482421875 210.818756103515625 214.28125 218.524993896484375 222.818756103515625 223.5 223.600006103515625 223.59375 224.3000030517578125 225.3249969482421875 228.4187469482421875 238.2062530517578125 251.25 267.57501220703125 283.53125 298.037506103515625 302.13751220703125 302.07501220703125 303.83123779296875 303.73748779296875 302.26873779296875 307.587493896484375 316.524993896484375 324.03125 333.26873779296875 343.256256103515625 353.59375 365.26251220703125 377.23748779296875 389.818756103515625 399.462493896484375 403.65625 402.23748779296875 396.25 387.73748779296875 383.26251220703125
247.6875 247.3874969482421875 245.868743896484375 244.8000030517578125 242.125 239.756256103515625 235.78125 229.1437530517578125 224.4875030517578125 221.9187469482421875 221.53125 222.8312530517578125 224.6875 227.21875 228.931243896484375 228.587493896484375 226.4875030517578125 226.225006103515625 226.975006103515625 229.28125 237.712493896484375 251.993743896484375 271.212493896484375 292.225006103515625 304.975006103515625 303.79998779296875 302.41876220703125 303.962493896484375 306.73748779296875 308.3125 310.037506103515625 315.90625 321.92498779296875 329.75 338.274993896484375 350.34375 363.1187744140625 375.33123779296875 387.475006103515625 399.149993896484375 405.26251220703125 402.16876220703125 392.118743896484375 377.056243896484375 367.35626220703125
252.5625 251.5187530517578125 250.4250030517578125 248.743743896484375 246.9250030517578125 245.8874969482421875 242.7312469482421875 238.337493896484375 234.59375 233.243743896484375 233.568756103515625 233.193756103515625 233.875 233.1875 233.71875 232.7375030517578125 229.8874969482421875 229.681243896484375 230.681243896484375 231.506256103515625 237.3562469482421875 251.25 269.975006103515625 288.287506103515625 294.90625 295.649993896484375 300.61248779296875 305.29998779296875 310.09375 312.556243896484375 314.13751220703125 316.100006103515625 319.48126220703125 325.806243896484375 333.36248779296875 344.131256103515625 357.13751220703125 370 384.118743896484375 398.125 407.100006103515625 401.837493896484375 382.943756103515625 363.98748779296875 349.931243896484375
256 255.0124969482421875 253.8249969482421875 252.306243896484375 251.381256103515625 249.787506103515625 248.524993896484375 246.881256103515625 245.6875 244.993743896484375 244.8874969482421875 243.6999969482421875 242.318756103515625 241.4875030517578125 238.4562530517578125 237.1125030517578125 233.806243896484375 232.9375 233.28125 234.71875 242.4562530517578125 254.1999969482421875 268.443756103515625 281.193756103515625 288 293.01873779296875 299.506256103515625 305.54998779296875 311.162506103515625 313.95623779296875 316.70001220703125 317.756256103515625 317.5 320.23126220703125 326.28125 337.943756103515625 352.162506103515625 364.837493896484375 378.57501220703125 391.82501220703125 400.29998779296875 388.98748779296875 372.649993896484375 358.16876220703125 345.899993896484375
257.48126220703125 255.5437469482421875 254.899993896484375 255.125 255.0812530517578125 254.2375030517578125 254.6875 254.8937530517578125 254.2312469482421875 254.056243896484375 254.71875 253.0812530517578125 251.193756103515625 249.375 244.4375 242.09375 238.3625030517578125 238.1374969482421875 237.712493896484375 238.7624969482421875 247.056243896484375 257.32501220703125 268.46875 279.15625 287.82501220703125 296.16876220703125 302.850006103515625 309.087493896484375 315.65625 319.037506103515625 319.04376220703125 318.462493896484375 317.96875 315.84375 318.274993896484375 332.068756103515625 348.4375 361.875 372.33123779296875 379.774993896484375 380.67498779296875 374.568756103515625 367.381256103515625 355.506256103515625 345.38751220703125
256.67498779296875 255.274993896484375 255.7687530517578125 256.806243896484375 257.84375 259.462493896484375 260.399993896484375 261.07501220703125 262.631256103515625 263.9375 264.08123779296875 262.90625 260.868743896484375 258.07501220703125 252.9875030517578125 248.006256103515625 243.431243896484375 243.100006103515625 242.2937469482421875 243.524993896484375 250.8625030517578125 259.625 269.21875 278.850006103515625 287.73748779296875 297.45623779296875 305.1875 312.90625 321.36248779296875 324.63751220703125 325.61248779296875 323.774993896484375 319.899993896484375 317.04998779296875 317.350006103515625 336.8125 351.41876220703125 357.63751220703125 363.556243896484375 368.79998779296875 369.587493896484375 366.07501220703125 360.53125 351.412506103515625 342.350006103515625
256.20001220703125 255.662506103515625 256.03125 258.181243896484375 260.75 263.243743896484375 266.375 268.28125 270.39373779296875 272.58123779296875 272.95623779296875 272.39373779296875 270.70623779296875 266.73126220703125 262.337493896484375 255.7562408447265625 248.243743896484375 246.1999969482421875 246.1312408447265625 246.8125 253.5187530517578125 261.79376220703125 270.899993896484375 279.95001220703125 289.399993896484375 297.6875 306.287506103515625 315.787506103515625 324.29376220703125 329.57501220703125 331.73748779296875 330.39373779296875 327.274993896484375 328.20623779296875 340.568756103515625 356.48748779296875 361.537506103515625 359.73748779296875 359.70623779296875 361.131256103515625 364.056243896484375 360.774993896484375 353.618743896484375 345.399993896484375 338.57501220703125
254.34375 254.399993896484375 256.53125 260.056243896484375 263.48126220703125 266.58123779296875 269.837493896484375 273.07501220703125 276.350006103515625 279.04376220703125 280.70001220703125 281.787506103515625 279.524993896484375 276.58123779296875 271.35626220703125 263.381256103515625 255.306243896484375 247.756256103515625 249.375 249.568756103515625 256.63751220703125 263.63751220703125 270.78125 278.975006103515625 287.850006103515625 298.04998779296875 305.818756103515625 316.943756103515625 327.92498779296875 333.931243896484375 335.381256103515625 329.34375 328.399993896484375 335.1875 353.73126220703125 378.89373779296875 372.212493896484375 361.29998779296875 356.1875 356.787506103515625 355.96875 352.475006103515625 347.118743896484375 339.975006103515625 333.118743896484375
251.7937469482421875 252.5812530517578125 255.3937530517578125 259.962493896484375 265.118743896484375 269.993743896484375 274.32501220703125 278.26251220703125 281.818756103515625 285.20623779296875 287.568756103515625 287.118743896484375 287.318756103515625 285.975006103515625 278.76873779296875 269.45623779296875 259.962493896484375 251.4375 248.59375 249.0124969482421875 256.91876220703125 264.524993896484375 267 275.225006103515625 284.837493896484375 295.850006103515625 305.568756103515625 315.725006103515625 327.881256103515625 336.087493896484375 339.46875 330.243743896484375 323.931243896484375 322.64373779296875 334.41876220703125 355.76873779296875 356.212493896484375 351.84375 351.20623779296875 350.193756103515625 349.5625 345.412506103515625 341.32501220703125 335.975006103515625 329.26873779296875
247.006256103515625 249.3874969482421875 253.21875 258.92498779296875 265.58123779296875 272.506256103515625 278.274993896484375 283.274993896484375 287.48126220703125 290.65625 292.82501220703125 292.41876220703125 293.943756103515625 294.64373779296875 284.681243896484375 271.100006103515625 258.51873779296875 253.475006103515625 248.912506103515625 247.975006103515625 252.53125 257.0625 262.600006103515625 269.86248779296875 279.15625 289.318756103515625 300.01873779296875 312.08123779296875 322.67498779296875 328.537506103515625 329.524993896484375 323.806243896484375 310.61248779296875 298.006256103515625 292.993743896484375 309.64373779296875 329.181243896484375 338.131256103515625 343.149993896484375 345.20623779296875 344.16876220703125 340.399993896484375 337.712493896484375 333.83123779296875 327.92498779296875
