data/historical-monthly-weather-data/wc2.1_cruts4.09_10m_prec_1976-06.asc
ncols        45
nrows        45
xllcorner    -63.500000000000
yllcorner    -7.500000000000
cellsize     0.166666666667
NODATA_value -9999
[rows 0 to 18 of 45, columns 0 to 43 of 45]
254.975006103515625 251.2375030517578125 251.2062530517578125 259.92498779296875 265.181243896484375 273.45001220703125 276.60626220703125 277.9375 274.14373779296875 279.6875 287.57501220703125 290.625 293.86248779296875 293.568756103515625 291.26873779296875 290.5 287.181243896484375 283.193756103515625 278.774993896484375 277.41876220703125 279.46875 272.681243896484375 267.39373779296875 258.350006103515625 251.3375091552734375 245.8125 243.90625 244.1062469482421875 237.3249969482421875 229.4250030517578125 216.743743896484375 210.649993896484375 208.9812469482421875 203.412506103515625 198.943756103515625 197.631256103515625 196.131256103515625 196.4187469482421875 193.75 193.5187530517578125 196.3312530517578125 203.837493896484375 204.212493896484375 207.056243896484375
248.5187530517578125 244.162506103515625 248.618743896484375 254.462493896484375 262.681243896484375 269.73748779296875 271.79376220703125 271.818756103515625 274.26873779296875 278.5625 282.524993896484375 282.743743896484375 277.850006103515625 274.89373779296875 270.73126220703125 268.15625 262.868743896484375 256.443756103515625 251.78125 251.756256103515625 251.625 245.8625030517578125 243.03125 238.3000030517578125 233.056243896484375 228.03125 227.868743896484375 226.78125 222.3125 212.306243896484375 205.1875 204.524993896484375 202.6125030517578125 200.693756103515625 199.5437469482421875 196.243743896484375 196.78125 196.681243896484375 194.618743896484375 195.1125030517578125 200.506256103515625 198.881256103515625 204.712493896484375 207.1125030517578125
238.6875 241.068756103515625 244.225006103515625 244.8249969482421875 252.087493896484375 260.256256103515625 263.61248779296875 269.774993896484375 272.21875 274.79376220703125 274.54998779296875 269.76251220703125 265.42498779296875 255.8125 249.506256103515625 245.2312469482421875 237.943756103515625 232.03125 227.712493896484375 225.375 225.5749969482421875 225.28125 221.9499969482421875 222.2062530517578125 215.1500091552734375 210.149993896484375 214.78125 213.0437469482421875 207.1062469482421875 204.181243896484375 196.693756103515625 193.6999969482421875 192.631256103515625 193.618743896484375 191.462493896484375 185.4812469482421875 188.9375 192.693756103515625 192.0812530517578125 193.850006103515625 201.399993896484375 202.412506103515625 205.3562469482421875 206.0437469482421875
227.8249969482421875 226.131256103515625 232.693756103515625 236.4875030517578125 239.1125030517578125 245.5625 252.350006103515625 258.9375 264.381256103515625 267.712493896484375 263.33123779296875 254.8062591552734375 245.7687530517578125 234.931243896484375 229.037506103515625 223.90625 213.962493896484375 209.256256103515625 205.1437530517578125 208.725006103515625 206.975006103515625 201.7624969482421875 200.3625030517578125 202.8874969482421875 196.9562530517578125 193.4499969482421875 196.375 193.96875 193.306243896484375 192.4187469482421875 188.3937530517578125 183.9250030517578125 183.618743896484375 181.1687469482421875 180.256256103515625 184.806243896484375 189.712493896484375 191.5625 191.0500030517578125 193.431243896484375 199.881256103515625 205.4499969482421875 207.75 207.3874969482421875
234.568756103515625 229.931243896484375 221.2375030517578125 225.568756103515625 232.8625030517578125 234.399993896484375 240.1374969482421875 249.8874969482421875 259.11248779296875 262.318756103515625 256.01251220703125 238.7937469482421875 228.7624969482421875 218.9187469482421875 209.912506103515625 203.649993896484375 196.0812530517578125 187.162506103515625 182.568756103515625 183.7687530517578125 182.068756103515625 180.5187530517578125 180.350006103515625 182.2062530517578125 177.9375 176.693756103515625 178.131256103515625 182.15625 183.15625 179.5749969482421875 179.5812530517578125 178.681243896484375 177.5625 177.837493896484375 180.8937530517578125 181.912506103515625 186.8874969482421875 192.46875 191.03125 191.556243896484375 198.8000030517578125 204.100006103515625 208.1437530517578125 211.8625030517578125
228.399993896484375 228.0500030517578125 220.837493896484375 209.9875030517578125 219.9250030517578125 230.5124969482421875 232.837493896484375 238.8937530517578125 250.5812530517578125 254.7375030517578125 243.1125030517578125 226.9375 217.3000030517578125 207.5437469482421875 196.4499969482421875 189.59375 180.71875 171.8000030517578125 168.943756103515625 167.4375 168.243743896484375 166.65625 165.9187469482421875 164.524993896484375 164.850006103515625 165.4375 165.774993896484375 170.1125030517578125 172.3874969482421875 170.4499969482421875 173.587493896484375 174.3249969482421875 177.3312530517578125 177.3249969482421875 176.881256103515625 185.225006103515625 187.6374969482421875 186.868743896484375 190.5749969482421875 198.1999969482421875 201.475006103515625 208.431243896484375 209.681243896484375 212.3625030517578125
227.631256103515625 224.7062530517578125 218.78125 212.368743896484375 207.806243896484375 208.5 210.6125030517578125 221.2312469482421875 224.3312530517578125 227.2312469482421875 221.5625 209.8312530517578125 203.8000030517578125 196.84375 186.71875 178.625 171.5437469482421875 162.5437469482421875 154.912506103515625 153.25 150.243743896484375 149.96875 148.975006103515625 150.943756103515625 155.53125 156.875 157.1750030517578125 159.6875 162.1999969482421875 167.6374969482421875 167.193756103515625 166.2312469482421875 168.774993896484375 174.125 180.5812530517578125 184.537506103515625 183.318756103515625 186.443756103515625 189.443756103515625 198.40625 201.84375 206.4375 210.9187469482421875 213.693756103515625
224.087493896484375 216.899993896484375 212.037506103515625 211.787506103515625 207.8874969482421875 210.625 201.850006103515625 194.556243896484375 189.024993896484375 194.6062469482421875 196.537506103515625 192.7062530517578125 189.8312530517578125 183.850006103515625 178.149993896484375 170.337493896484375 160.350006103515625 151.943756103515625 143.5625 136.6687469482421875 141.5625 139.600006103515625 138.087493896484375 140.0812530517578125 144.943756103515625 145.21875 147.03125 149.7687530517578125 152.8562469482421875 155.125 162.3562469482421875 162.0500030517578125 166.4875030517578125 171.0625 173.1687469482421875 176.649993896484375 179.8312530517578125 183.46875 182.6875 186.368743896484375 192.7375030517578125 201.399993896484375 200.9499969482421875 199.8249969482421875
218.1062469482421875 213.287506103515625 206.1062469482421875 203.4499969482421875 201.681243896484375 199.0124969482421875 197.9499969482421875 194.53125 182.0187530517578125 174.65625 174.306243896484375 174.8937530517578125 178.475006103515625 174.931243896484375 169.774993896484375 160.8000030517578125 156.3562469482421875 150.1750030517578125 143.568756103515625 134.537506103515625 130.25 134.3562469482421875 129.7937469482421875 135.9187469482421875 137.2937469482421875 138.5437469482421875 140.5812530517578125 145.149993896484375 151.818756103515625 153.806243896484375 161.8000030517578125 155.5625 153.8000030517578125 156.7687530517578125 163.8937530517578125 174.1374969482421875 181.024993896484375 187.7062530517578125 187.2937469482421875 186.5 187.931243896484375 187.9562530517578125 195.693756103515625 194.2312469482421875
212.5749969482421875 208.6125030517578125 202.34375 199.3937530517578125 196.8249969482421875 193.0812530517578125 190.7687530517578125 184.368743896484375 179.399993896484375 173.7375030517578125 167.9499969482421875 160.662506103515625 166.2062530517578125 166.2937469482421875 162.412506103515625 156.212493896484375 149.15625 148.0500030517578125 142.524993896484375 136.7624969482421875 130.1374969482421875 127.74375152587890625 122.3125 126.0124969482421875 126.40625 130.5187530517578125 133.53125 136.787506103515625 140.568756103515625 146.8874969482421875 152.65625 150.59375 153.3937530517578125 157.4875030517578125 160.6437530517578125 168.6999969482421875 178.4875030517578125 188.131256103515625 190.8874969482421875 197.0625 201.8625030517578125 201.1999969482421875 193.4875030517578125 183.6999969482421875
209.899993896484375 204.21875 197.8249969482421875 193.4250030517578125 188.837493896484375 187.631256103515625 181.03125 175.162506103515625 172.84375 169.5875091552734375 166.2687530517578125 160.0749969482421875 156.3937530517578125 157.399993896484375 153.0124969482421875 148.068756103515625 142.1125030517578125 138.037506103515625 136.3249969482421875 135.818756103515625 137.1750030517578125 131.0812530517578125 120.8000030517578125 112.44374847412109375 117.78749847412109375 128.100006103515625 132.618743896484375 133.4187469482421875 134.2375030517578125 138.8499908447265625 143.962493896484375 145.243743896484375 150.2062530517578125 155.568756103515625 160.506256103515625 165.381256103515625 175.34375 182.975006103515625 193.7937469482421875 198.087493896484375 201.6437530517578125 197.3249969482421875 194.318756103515625 178.4187469482421875
203.1437530517578125 198.506256103515625 195.1750030517578125 188.068756103515625 184.2312469482421875 179.875 178.162506103515625 174.100006103515625 171.0749969482421875 163.4499969482421875 162.5437469482421875 158.287506103515625 147.78125 147.8312530517578125 147.8562469482421875 142.399993896484375 136.743743896484375 134.256256103515625 134.3562469482421875 139.118743896484375 141.475006103515625 137.0187530517578125 125.65625 113.7312469482421875 114.3562469482421875 118.52500152587890625 120.9562530517578125 124.94374847412109375 129.6437530517578125 132.59375 132.118743896484375 137.243743896484375 143.274993896484375 146.0812530517578125 154.09375 164.4875030517578125 176.9812469482421875 186.4187469482421875 187.774993896484375 197.6750030517578125 202.3125 196.5 179.96875 155.162506103515625
200.399993896484375 194.462493896484375 189.506256103515625 182.743743896484375 179.931243896484375 174.087493896484375 171.162506103515625 167.868743896484375 162.850006103515625 158.5187530517578125 156.350006103515625 153.6437530517578125 147.8874969482421875 137.2624969482421875 134.28125 132.443756103515625 128.818756103515625 128.6875 125.0187530517578125 128.7375030517578125 133.743743896484375 130.46875 123.09375 114.36875152587890625 107.65000152587890625 109.52500152587890625 114.9250030517578125 120.125 126.17499542236328125 131.4187469482421875 130.068756103515625 130.0437469482421875 138.662506103515625 139.7937469482421875 146.75 159.0687408447265625 175.993743896484375 189.1062469482421875 202.993743896484375 206.725006103515625 201.975006103515625 192.881256103515625 167.75 147.649993896484375
195.65625 190.1374969482421875 183.975006103515625 177.975006103515625 172.068756103515625 168.037506103515625 163.5 161.8125 158.9375 153.556243896484375 150.5500030517578125 144.3687591552734375 140.024993896484375 132.7624969482421875 121.3874969482421875 122.3125 118.5500030517578125 116.8874969482421875 115.5500030517578125 118.03749847412109375 121.69374847412109375 119.52500152587890625 114.7375030517578125 111.74375152587890625 108.6875 106.9562530517578125 108.96875 112.1999969482421875 117.3625030517578125 121.6875 125.6999969482421875 127.66249847412109375 133.068756103515625 139.2062530517578125 142.4375 160.9187469482421875 182.806243896484375 202.318756103515625 217.3249969482421875 217.006256103515625 194.3937530517578125 176.743743896484375 169.774993896484375 169.8125
186.337493896484375 181.506256103515625 177.774993896484375 173.306243896484375 167.2375030517578125 163.0500030517578125 159.96875 156.462493896484375 153.0500030517578125 149 144.4812469482421875 138.850006103515625 133.53125 124.88124847412109375 112.375 111.75624847412109375 109.42499542236328125 110.3562469482421875 106.8312530517578125 107.9562530517578125 112.4375 111.8562469482421875 111.0625 111.1875 112.97499847412109375 112.6374969482421875 114.86875152587890625 117.0625 122.90000152587890625 122.63124847412109375 121.29999542236328125 125.84375 136.3625030517578125 137.243743896484375 135.96875 146.375 176.8000030517578125 209.0749969482421875 220.5625 214.9875030517578125 205.71875 197.3562469482421875 196.774993896484375 182.5124969482421875
179.5437469482421875 173.193756103515625 169.875 164.125 161.6875 158.5187530517578125 154.4562530517578125 149.8937530517578125 148.6999969482421875 147.65625 142.818756103515625 136.1125030517578125 130.3249969482421875 121.8874969482421875 111.13124847412109375 98.7062530517578125 99.1437530517578125 102.38124847412109375 99.46875 100.2062530517578125 103.56874847412109375 105.05625152587890625 107.4875030517578125 111.65625 114.47499847412109375 115.0749969482421875 115.66249847412109375 119.21250152587890625 122.86875152587890625 127.94374847412109375 128.90625 128.5812530517578125 127.5 126.03749847412109375 125.65000152587890625 153.2312469482421875 171.2312469482421875 195.337493896484375 214.4375 224.7624969482421875 228.774993896484375 221.837493896484375 206.899993896484375 185.181243896484375
171.2624969482421875 166.6875 161.5812530517578125 159.0812530517578125 156.412506103515625 154.212493896484375 150.2375030517578125 146.90625 142.475006103515625 139.9875030517578125 138.225006103515625 132.84375 124.8125 116.65625 110.49375152587890625 99.40000152587890625 87.43125152587890625 89.6875 91.4187469482421875 91.46250152587890625 93.5500030517578125 97.81874847412109375 101.28125 109.72499847412109375 113.1687469482421875 110.7312469482421875 111.7375030517578125 114.81874847412109375 122.72499847412109375 128.9812469482421875 133.524993896484375 136.774993896484375 135.8625030517578125 139.806243896484375 153.787506103515625 168.774993896484375 190.5437469482421875 211.162506103515625 229.693756103515625 227.318756103515625 231.3874969482421875 218.15625 197.0437469482421875 182.0625
161.256256103515625 157.868743896484375 155.9812469482421875 153.6437530517578125 151.587493896484375 151.056243896484375 146.350006103515625 142.3625030517578125 138.1374969482421875 133.2687530517578125 129.71875 126.85625457763671875 118.5500030517578125 111.71875 107.46875 99.24375152587890625 87.88124847412109375 78.28749847412109375 85.2312469482421875 82.6437530517578125 84.6999969482421875 88.9562530517578125 95.93125152587890625 103.5124969482421875 109.7375030517578125 107.91249847412109375 107.125 115.09999847412109375 122.3125 125.75624847412109375 124.19374847412109375 123.40625 145.243743896484375 154.6374969482421875 163.75 197.912506103515625 217.03125 219.556243896484375 227.506256103515625 228.1374969482421875 212.5 195.931243896484375 179.9499969482421875 170.34375
152.381256103515625 151.3312530517578125 149.6437530517578125 148.3000030517578125 147.15625 144.2937469482421875 140.5500030517578125 136.28125 133.631256103515625 130.625 126.15000152587890625 117.56874847412109375 110.97499847412109375 106.21250152587890625 100.41249847412109375 94.25 89.3125 78.0749969482421875 73.1750030517578125 72.3937530517578125 77.61875152587890625 84.88124847412109375 83.22499847412109375 93.28125 99.68125152587890625 106.78125 110.55625152587890625 112.84999847412109375 122.53125 125.65000152587890625 126.1687469482421875 132.006256103515625 145.943756103515625 153.318756103515625 168.5625 194.7312469482421875 205.381256103515625 205.90625 211.6750030517578125 205.53125 192.431243896484375 173.037506103515625 164.943756103515625 161.2375030517578125
