data/historical-monthly-weather-data/wc2.1_cruts4.09_10m_prec_1995-10.asc
ncols        45
nrows        45
xllcorner    -63.500000000000
yllcorner    -7.500000000000
cellsize     0.166666666667
NODATA_value -9999
[rows 0 to 18 of 45, columns 0 to 43 of 45]
123.6750030517578125 121.15000152587890625 118.5187530517578125 117.9375 116.44374847412109375 114.09999847412109375 110.16249847412109375 106.4875030517578125 103.40000152587890625 101.50624847412109375 101.0437469482421875 100.81874847412109375 100.1875 98.4187469482421875 97.90000152587890625 97.4250030517578125 96.9375 96.15000152587890625 96.0187530517578125 95.59999847412109375 94.53125 92.86875152587890625 91.4875030517578125 89.8874969482421875 88.5749969482421875 87.71250152587890625 87.5437469482421875 87.7312469482421875 87.9499969482421875 85.80625152587890625 83.53125 81.41249847412109375 79.88124847412109375 78.6374969482421875 77.72499847412109375 77.34375 76.96875 76.53749847412109375 76.66249847412109375 76.75 76.9375 77.5437469482421875 77.5625 76.90000152587890625
120.59999847412109375 118.7312469482421875 118.58750152587890625 120.49375152587890625 122.3249969482421875 119.53125 115.93125152587890625 113.38124847412109375 111.5625 109.625 108.0187530517578125 106.4499969482421875 104.6125030517578125 102.4562530517578125 101.15000152587890625 100.27500152587890625 98.7062530517578125 98.00624847412109375 97.75624847412109375 97.52500152587890625 95.6875 93.90000152587890625 92.2624969482421875 90.6437530517578125 89.15000152587890625 87.63750457763671875 87.75624847412109375 88.00624847412109375 87.875 84.86875152587890625 82.6999969482421875 80.9250030517578125 79.65000152587890625 78.80625152587890625 77.6062469482421875 76.8625030517578125 76.6374969482421875 76.0749969482421875 76.22499847412109375 76.1750030517578125 76.375 77.1437530517578125 77.33750152587890625 76.74375152587890625
114.6875 113.82500457763671875 114.3874969482421875 117.36875152587890625 120.2624969482421875 119.5749969482421875 118.83750152587890625 118.9875030517578125 118.8937530517578125 117.4812469482421875 115.0812530517578125 112.24375152587890625 109.30625152587890625 106.09999847412109375 104.15000152587890625 102.5749969482421875 101.03125 99.9187469482421875 99.11875152587890625 98.40625 96.1750030517578125 94.4812469482421875 92.5749969482421875 90.49375152587890625 88.5749969482421875 87.06874847412109375 86.9187469482421875 87.0749969482421875 86.18125152587890625 83.59999847412109375 81.68125152587890625 79.6062469482421875 78.28749847412109375 77.53749847412109375 76.53749847412109375 75.7624969482421875 75.1437530517578125 74.7375030517578125 74.9187469482421875 74.7937469482421875 74.88124847412109375 75.6125030517578125 75.9562530517578125 75.88124847412109375
107.74375152587890625 107.0812530517578125 109.2687530517578125 111.625 115.1875 116.84375 119.3937530517578125 122.7062530517578125 125.5625 125.43125152587890625 121.8562469482421875 117.3249969482421875 112.94374847412109375 109.03749847412109375 107.1374969482421875 105.00624847412109375 103.00624847412109375 101.75 100.6750030517578125 99.6687469482421875 97.25624847412109375 94.66249847412109375 91.9187469482421875 89.70000457763671875 87.40625 85.40000152587890625 85.0500030517578125 84.80625152587890625 83.97499847412109375 81.4250030517578125 79.52500152587890625 77.8562469482421875 76.06874847412109375 74.8249969482421875 73.46875 73.36875152587890625 73.05625152587890625 72.55625152587890625 72.83750152587890625 72.74375152587890625 72.2375030517578125 73.11875152587890625 73.69374847412109375 74.09375
105.8000030517578125 102.9499969482421875 102.63124847412109375 104.8562469482421875 109.40625 113.36875152587890625 118.0500030517578125 123.6687469482421875 130.162506103515625 133.1875 127.5437469482421875 120.3312530517578125 115.2687530517578125 111.56874847412109375 109.1875 106.7062530517578125 104.7624969482421875 102.52500152587890625 100.75 99.27500152587890625 97.03749847412109375 93.91249847412109375 90.78125 88.44374847412109375 85.8312530517578125 83.55625152587890625 82.5437469482421875 82.46250152587890625 81.99375152587890625 78.99375152587890625 76.94374847412109375 75.09375 73.6062469482421875 72.25624847412109375 71.1374969482421875 70.71250152587890625 70.38124847412109375 70.13124847412109375 70.0812530517578125 69.8125 69.15000152587890625 69.6687469482421875 70.6437530517578125 71.21875
104.0437469482421875 101.3874969482421875 98.94374847412109375 98.0187530517578125 103.21875 109 114.1062469482421875 119.84999847412109375 126.72499847412109375 131.993743896484375 125.38124847412109375 118.47499847412109375 114.66249847412109375 111.46250152587890625 109.24375152587890625 107.61875152587890625 105.4187469482421875 102.78125 100.7937469482421875 98.74375152587890625 96.2687530517578125 93.22499847412109375 90.15000152587890625 86.9250030517578125 84.05625152587890625 81.4375 80.06874847412109375 79.31874847412109375 78.96875 76 74 72.72499847412109375 71.03125 69.74375152587890625 68.61875152587890625 68.3249969482421875 68.02500152587890625 68.0812530517578125 68.5124969482421875 67.5812530517578125 65.7312469482421875 66.22499847412109375 66.9187469482421875 67.875
104.61875152587890625 101.7937469482421875 99.1437530517578125 97.44374847412109375 100.55625152587890625 104.3937530517578125 108.1750030517578125 111.46875 114.36875152587890625 115.46250152587890625 114.74375152587890625 113.02500152587890625 111.77500152587890625 110.41875457763671875 108.875 107.78749847412109375 106.1125030517578125 102.7687530517578125 99.91249847412109375 97.78749847412109375 95.40000152587890625 92.46250152587890625 89.11875152587890625 85.7375030517578125 82.5437469482421875 79.52500152587890625 78.0812530517578125 76.7687530517578125 75.5 73.1125030517578125 71.2062530517578125 69.6999969482421875 67.9562530517578125 66.80625152587890625 65.84375 65.1687469482421875 64.8249969482421875 64.80625152587890625 65.8000030517578125 63.862499237060546875 61.5 61.24375152587890625 61.918750762939453125 63.174999237060546875
106.0625 102.86875152587890625 101.2312469482421875 100.96250152587890625 102.05625152587890625 103.83124542236328125 103.875 102.05625152587890625 99.0625 99.2312469482421875 103.2375030517578125 106.05625152587890625 108.0625 108.64374542236328125 108.59999847412109375 107.875 106.49375152587890625 102.83750152587890625 99.56874847412109375 97.3312530517578125 94.9562530517578125 91.8312530517578125 88.36875152587890625 84.82500457763671875 81.2062530517578125 77.52500152587890625 75.49375152587890625 73.4812469482421875 71.77500152587890625 69.0187530517578125 67.43125152587890625 66.2624969482421875 64.7312469482421875 63.59999847412109375 62.356250762939453125 61.418750762939453125 60.331249237060546875 59.737499237060546875 59.293750762939453125 57.44374847412109375 55.0625 54.40625 54.44374847412109375 55.075000762939453125
108.40000152587890625 106.0500030517578125 105.3249969482421875 104.93125152587890625 105.43125152587890625 105.36875152587890625 103.75 99.08750152587890625 91.96250152587890625 89.71250152587890625 96.16249847412109375 101.49375152587890625 105.5625 107.28125 107.71250152587890625 107.43125152587890625 106.1999969482421875 103.6750030517578125 101.375 98.8249969482421875 95.9875030517578125 92.78125 88.30625152587890625 84.75624847412109375 80.30625152587890625 75.8000030517578125 72.83750152587890625 71.15625 69.28125 66.2937469482421875 64.7687530517578125 63.56874847412109375 61.706249237060546875 60.15625 58.543750762939453125 57.61875152587890625 56.518749237060546875 55.075000762939453125 53.59375 51.625 49.168750762939453125 47.856250762939453125 47.375 46.825000762939453125
111.31874847412109375 109.40000152587890625 108.6687469482421875 108.86875152587890625 109.56874847412109375 109.1125030517578125 106.7624969482421875 101.6875 95.9187469482421875 93.8125 96.61875152587890625 100.46875 104.6687469482421875 107.09375 107.59375 107.375 106.1687469482421875 104.6999969482421875 103.18125152587890625 101.8249969482421875 98.2687530517578125 94.16249847412109375 88.8562469482421875 83.9875030517578125 78.33750152587890625 73.40625 70.6437530517578125 68.3000030517578125 66.4375 63.706249237060546875 61.668750762939453125 60.50624847412109375 58.5625 57.02500152587890625 55.512500762939453125 54.30625152587890625 52.706249237060546875 50.78125 48.924999237060546875 46.375 43.65625 41.8937530517578125 40.393749237060546875 39.137500762939453125
114.46250152587890625 112.7375030517578125 111.97499847412109375 112.2375030517578125 113.1062469482421875 114.34999847412109375 112.56874847412109375 106.96875 101.9875030517578125 99.8125 100.47499847412109375 102.6999969482421875 105.2312469482421875 107.7312469482421875 107.9250030517578125 107.1062469482421875 106.2062530517578125 105.49375152587890625 104.97499847412109375 104.46875 101.6750030517578125 96.31874847412109375 89.68125152587890625 82.68125152587890625 77.0625 72.3000030517578125 69.5 67.00624847412109375 64.3937530517578125 61.72499847412109375 59.78749847412109375 58.393749237060546875 56.424999237060546875 54.606250762939453125 52.668750762939453125 50.981250762939453125 49.09999847412109375 46.612499237060546875 44.34999847412109375 41.518749237060546875 38.5625 36.46250152587890625 34.768749237060546875 32.84375
117.6374969482421875 115.8249969482421875 115.21875 115.88124847412109375 117.1437530517578125 118.9562530517578125 118.44374847412109375 112.28749847412109375 107.84375 105.1437530517578125 104.46875 105.40625 106.3625030517578125 107.9562530517578125 108.40000152587890625 107.5437469482421875 106.8625030517578125 106.38124847412109375 106.24375152587890625 106.7062530517578125 105.1875 99.21875 91.3312530517578125 83.30625152587890625 76.40000152587890625 70.66249847412109375 67.2937469482421875 65.2062530517578125 63.087497711181640625 60.768749237060546875 58.4375 56.831249237060546875 54.481250762939453125 52.450000762939453125 50.481250762939453125 48.487499237060546875 46.22499847412109375 43.77500152587890625 41.043750762939453125 38.05625152587890625 34.69374847412109375 32.375 30.4375 28.65625
120.1999969482421875 118.59999847412109375 118.0124969482421875 118.2375030517578125 119.2312469482421875 120.24375152587890625 118.6374969482421875 114.8874969482421875 111.40000152587890625 109.65625 108.75 108.0625 108.09375 107.6125030517578125 107.8125 107.6750030517578125 106.78749847412109375 106.71250152587890625 106.83750152587890625 106.9375 106.3000030517578125 100.5812530517578125 92.0812530517578125 83.75 74.25624847412109375 67.90000152587890625 66.08750152587890625 64.03749847412109375 62.24375152587890625 59.862499237060546875 57.456249237060546875 55.231250762939453125 52.875 50.41249847412109375 48.30625152587890625 46.30625152587890625 43.956249237060546875 41.637500762939453125 38.96875 35.299999237060546875 31.875 29.75 27.518749237060546875 24.318750381469726562
121.75 120.0500030517578125 119.5187530517578125 119.4375 119.59999847412109375 119.90000152587890625 118.49375152587890625 116.4187469482421875 114.40625 112.6999969482421875 111.4875030517578125 109.8562469482421875 108.59999847412109375 107.69374847412109375 106.6437530517578125 106.625 105.6437530517578125 105.1750030517578125 104.7624969482421875 104.3125 102.8000030517578125 97.69374847412109375 91.15000152587890625 83.86875152587890625 75.7624969482421875 69.65625 66.8625030517578125 64.15625 61.72499847412109375 58.706249237060546875 55.90625 53.68125152587890625 51.081249237060546875 48.575000762939453125 46.424999237060546875 44.549999237060546875 42.44374847412109375 40.450000762939453125 37.862499237060546875 34.450000762939453125 30.487499237060546875 27.393749237060546875 25.037500381469726562 22.818750381469726562
121.375 120.0625 119.15000152587890625 119.0625 119.0749969482421875 119.03125 118.8874969482421875 117.68125152587890625 115.68125152587890625 114.24375152587890625 113.08750152587890625 110.8125 108.78749847412109375 107.375 105.875 105.65000152587890625 104.1875 102.7624969482421875 101.4562530517578125 100.8562469482421875 99.16249847412109375 95.5812530517578125 91.1374969482421875 86.38124847412109375 80.77500152587890625 74.93125152587890625 70.28749847412109375 65.96875 62.106250762939453125 58.137500762939453125 54.762500762939453125 52.137500762939453125 49.5 47.3125 45.19374847412109375 43.168750762939453125 41.5625 40.53749847412109375 38.918750762939453125 35.293750762939453125 30.825000762939453125 27.631250381469726562 25.375 23.40625
119.84999847412109375 118.53749847412109375 118.00624847412109375 118.13124847412109375 118.1687469482421875 118.65625 118.68125152587890625 117.78749847412109375 116.38124847412109375 115.2687530517578125 113.47499847412109375 110.125 107.6437530517578125 105.9562530517578125 104.8625030517578125 103.80625152587890625 101.24375152587890625 99.3000030517578125 97.66249847412109375 96.53125 94.7375030517578125 92.9499969482421875 91.09999847412109375 89.6062469482421875 85.6374969482421875 79.6875 74.0124969482421875 68.2937469482421875 62.90000152587890625 57.69374847412109375 53.6875 50.44374847412109375 47.56874847412109375 45.424999237060546875 43.05625152587890625 40.831249237060546875 40.4375 40.05625152587890625 39.418750762939453125 36.293750762939453125 32.481250762939453125 29.293750762939453125 26.59375 24.174999237060546875
116.90000152587890625 116.0625 116.46875 117.16249847412109375 117.375 118.0749969482421875 118.4875030517578125 118.03749847412109375 116.9187469482421875 115.18125152587890625 113 109.05625152587890625 105.5 102.91875457763671875 101.34999847412109375 99.68125152587890625 96.2375030517578125 93.9187469482421875 92.4250030517578125 91.5437469482421875 90.09999847412109375 89.53749847412109375 90.18125152587890625 91.71875 90.21250152587890625 82.88124847412109375 76.53749847412109375 69.31874847412109375 62.52500152587890625 56.706249237060546875 52.5625 49.668750762939453125 45.75 42.40000152587890625 39.731250762939453125 38.84999847412109375 39.05625152587890625 40.981250762939453125 42.543750762939453125 38.75624847412109375 34.53749847412109375 31.081249237060546875 27.75 25.299999237060546875
112.59375 112.4375 113.68125152587890625 114.7375030517578125 115.4375 116.69374847412109375 117.3937530517578125 116.9812469482421875 115.90000152587890625 114.41875457763671875 112.30625152587890625 107.4812469482421875 103.03125 99.18125152587890625 96.69374847412109375 94.0812530517578125 90.6062469482421875 87.90625 86.9250030517578125 86.0625 85.0124969482421875 85.0124969482421875 86.50624847412109375 89.09375 88.6875 83.1750030517578125 77.94374847412109375 70.0749969482421875 62.112499237060546875 55.356250762939453125 50.793750762939453125 47.83750152587890625 44.99375152587890625 42.47499847412109375 38.71250152587890625 35.268749237060546875 37.487499237060546875 40.40000152587890625 41.356250762939453125 39.356250762939453125 35.637500762939453125 32.40000152587890625 29.162500381469726562 26.668750762939453125
107.3562469482421875 108.52500152587890625 110.46875 112.2937469482421875 113.8000030517578125 115.09375 115.83750152587890625 115.8249969482421875 115.4562530517578125 113.72499847412109375 110.68125152587890625 105.5500030517578125 100.0187530517578125 95.06874847412109375 91.90625 89.4499969482421875 86.03125 82.9812469482421875 81.96875 80.8937530517578125 79.91249847412109375 81.34375 81.46875 83.8125 83.83750152587890625 81.18125152587890625 76.3125 69.25624847412109375 62 54.556247711181640625 48.987499237060546875 47.80625152587890625 47.356250762939453125 44.418750762939453125 40.74375152587890625 37.99375152587890625 38.50624847412109375 39.637500762939453125 40 38.668750762939453125 35.956249237060546875 33.94374847412109375 30.649999618530273438 28.087499618530273438
