data/historical-monthly-weather-data/wc2.1_cruts4.09_10m_prec_1953-03.asc
ncols        51
nrows        45
xllcorner    -63.500000000000
yllcorner    -7.500000000000
cellsize     0.166666666667
NODATA_value -9999
[rows 20 to 39 of 45, columns 0 to 44 of 51]
233.1750030517578125 236.0124969482421875 240.34375 245.131256103515625 250.693756103515625 259.399993896484375 267.85626220703125 274.787506103515625 281.256256103515625 284.693756103515625 285.58123779296875 285.537506103515625 285.78125 287.4375 280.58123779296875 268.82501220703125 258.53125 252.3625030517578125 249.7062530517578125 247.462493896484375 248.1750030517578125 249.28125 250.3625030517578125 258.0625 267.48748779296875 277.79376220703125 289.48748779296875 301.274993896484375 312.6875 321.024993896484375 323.762481689453125 321.01251220703125 309.787506103515625 293.693756103515625 278.23748779296875 303.35626220703125 338.350006103515625 360.29998779296875 371.743743896484375 376.51251220703125 377.53125 375.48126220703125 371.225006103515625 368.01873779296875 365.568756103515625
227.693756103515625 231.3874969482421875 237.6999969482421875 243.5812530517578125 250.337493896484375 260.86248779296875 271.10626220703125 280.125 286.9375 287.59375 283.681243896484375 279.399993896484375 275.868743896484375 274.67498779296875 270.3125 263.631256103515625 257.625 252.118743896484375 248.131256103515625 244.5875091552734375 242.4375 241.4875030517578125 244.0187530517578125 251.2375030517578125 261.100006103515625 273.524993896484375 288.95001220703125 301.32501220703125 312.65625 320.15625 321.912506103515625 319.4375 311.212493896484375 302.118743896484375 299.13751220703125 316.14373779296875 343.86248779296875 365.056243896484375 376.181243896484375 379.162506103515625 378.600006103515625 376.48748779296875 373.125 370.3125 368.78125
225.1374969482421875 230.381256103515625 236.618743896484375 243.3000030517578125 250.256256103515625 260.75 271.45001220703125 283.8125 293.33123779296875 289.76251220703125 281.33123779296875 271.25 263.40625 261.75 261.16876220703125 258.35626220703125 254.1062469482421875 249.2062530517578125 244.475006103515625 240.193756103515625 236.993743896484375 233.9875030517578125 233.899993896484375 240.943756103515625 252.9187469482421875 267.59375 284.337493896484375 298.756256103515625 310.40625 317.21875 320.712493896484375 323.256256103515625 323.21875 322.118743896484375 328.71875 343.32501220703125 362.443756103515625 377.67498779296875 384.36248779296875 384.600006103515625 381.71875 378.70001220703125 375.587493896484375 371.9375 370.98126220703125
225.693756103515625 230.6999969482421875 236.84375 243.337493896484375 249.96875 259.743743896484375 271.26873779296875 283.318756103515625 291.15625 285.662506103515625 275.100006103515625 265.118743896484375 254.087493896484375 253.5500030517578125 255.3249969482421875 254.5 252.0124969482421875 247.625 241.3625030517578125 235.743743896484375 231.15625 226.600006103515625 224.7687530517578125 231.3937530517578125 242.087493896484375 256.681243896484375 274.368743896484375 291.66876220703125 306.26873779296875 316.90625 325.51251220703125 332.11248779296875 337.01873779296875 342.568756103515625 353.212493896484375 368.506256103515625 383.431243896484375 390.79998779296875 391.5625 389.25 385.412506103515625 380.40625 376.181243896484375 370.981231689453125 372.15625
231 234.337493896484375 237.9875030517578125 243.6750030517578125 250.6125030517578125 259.8125 268.73748779296875 277.35626220703125 281.75 279.024993896484375 272.59375 263.54998779296875 257.118743896484375 255.193756103515625 254.1125030517578125 253.6999969482421875 251.118743896484375 246.6750030517578125 240.475006103515625 232.6125030517578125 225.5124969482421875 219.1750030517578125 214.9499969482421875 219.131256103515625 230.618743896484375 248.25 266.26251220703125 286.64373779296875 303.85626220703125 319.64373779296875 331.46875 341.5625 350.875 360.006256103515625 370.899993896484375 380.33123779296875 391.506256103515625 397.306243896484375 395.86248779296875 394.162506103515625 389.681243896484375 382.98126220703125 375.41876220703125 371.84375 368.71875
239.587493896484375 242.368743896484375 242.6062469482421875 246.649993896484375 250.712493896484375 258.037506103515625 265.181243896484375 271.41876220703125 273.91876220703125 272.5625 268.850006103515625 264.462493896484375 260.85626220703125 258.48126220703125 256.387481689453125 255.4875030517578125 252.0437469482421875 247.618743896484375 241.431243896484375 231.4499969482421875 223.6125030517578125 213.8312530517578125 205.618743896484375 206.5625 219.975006103515625 240.712493896484375 262.8125 283.58123779296875 303.66876220703125 322.46875 338.3125 352.90625 365.53125 374.5 383.25 389.668731689453125 397.256256103515625 401.875 400.90625 398.01873779296875 393.725006103515625 384.912506103515625 373.162506103515625 367.462493896484375 365.54998779296875
247.8937530517578125 246.7937469482421875 247.0812530517578125 248.631256103515625 250.71875 256.32501220703125 261.1875 265.3125 267.28125 267.95623779296875 267.181243896484375 265.28125 263.668731689453125 262.64373779296875 261.03125 259.33123779296875 257.41876220703125 251.8625030517578125 244.600006103515625 235.6687469482421875 225.5187530517578125 214.131256103515625 201.8625030517578125 200.90625 217.693756103515625 238.4875030517578125 261.61248779296875 282.649993896484375 303.75 323.70001220703125 342.14373779296875 361.01251220703125 377.04376220703125 384.693756103515625 391.65625 397.58123779296875 404.681243896484375 408.625 408.03125 405.975006103515625 399.88751220703125 388.82501220703125 374.54998779296875 365.631256103515625 372.037506103515625
256.73126220703125 253.03125 252.0749969482421875 252.1437530517578125 251.649993896484375 255.03125 259.600006103515625 262.337493896484375 264.08123779296875 265.40625 265.243743896484375 265.068756103515625 265.63751220703125 266.243743896484375 265.1875 263.67498779296875 262.462493896484375 258.875 252.037506103515625 243.3874969482421875 233.318756103515625 221.350006103515625 213.006256103515625 214.0437469482421875 226.256256103515625 244.0812530517578125 265.131256103515625 286.3125 306.73748779296875 325.10626220703125 343.26251220703125 361.28125 377.79376220703125 387.03125 395.537506103515625 402.4375 407.925018310546875 413.8125 414.768768310546875 415.118743896484375 413.09375 399.537506103515625 379.98748779296875 369.350006103515625 386.212493896484375
264.774993896484375 259.42498779296875 257.131256103515625 255.024993896484375 254.75 256.1875 257.681243896484375 259.42498779296875 261.51873779296875 262.756256103515625 264.149993896484375 265.64373779296875 267.4375 269.79376220703125 270.45623779296875 270.743743896484375 271.5625 268.61248779296875 263.1875 255.53125 245.631256103515625 234.4499969482421875 227.5749969482421875 228.850006103515625 238.9812469482421875 252.7062530517578125 271.15625 291.04376220703125 310.46875 327.83123779296875 343.381256103515625 359.268768310546875 375.67498779296875 387.73126220703125 398.45001220703125 406.087493896484375 411.39373779296875 417.76873779296875 419.61248779296875 419.875 422.6875 408.506256103515625 388.662506103515625 386.662506103515625 406.774993896484375
273.54376220703125 267.01251220703125 263 259.512481689453125 257.618743896484375 256.462493896484375 256.756256103515625 257.412506103515625 259.443756103515625 260.70001220703125 262.58123779296875 266.21875 270.45001220703125 274.375 276.462493896484375 278.318756103515625 280.256256103515625 281.96875 278.42498779296875 268.82501220703125 258.287506103515625 248.037506103515625 240.962493896484375 243.056243896484375 250.6687469482421875 262.475006103515625 278.89373779296875 296.125 313.056243896484375 328.40625 343.21875 357.100006103515625 373 388.53125 401.5625 409.225006103515625 415.29998779296875 423.07501220703125 421.024993896484375 421.100006103515625 424.8125 421.743743896484375 412.70001220703125 417.337493896484375 428.13751220703125
280.024993896484375 272.481231689453125 267.28125 263.556243896484375 260.787506103515625 257.48748779296875 257.01873779296875 256.287506103515625 257.712493896484375 259.20001220703125 261.625 265.95623779296875 271.743743896484375 276.46875 280.475006103515625 284.73126220703125 290.21875 293.212493896484375 293.3125 283.34375 271.931243896484375 260.475006103515625 253.7937469482421875 255.4375 261.17498779296875 272.33123779296875 285.818756103515625 299.993743896484375 315.53125 329.40625 343.29998779296875 357.693756103515625 374.006256103515625 390.368743896484375 405.012481689453125 412.162506103515625 419.25 428.256256103515625 424.743743896484375 416.84375 423.568756103515625 432.98126220703125 436.962493896484375 444.11248779296875 455.3125
284.58123779296875 276.524993896484375 270.524993896484375 265.9375 262.75 258.46875 256.943756103515625 254.662506103515625 255.5749969482421875 257.0625 259.631256103515625 264.70001220703125 270.756256103515625 277.88751220703125 284.26873779296875 290.82501220703125 295.375 298.337493896484375 298.63751220703125 292.63751220703125 281.29376220703125 271.42498779296875 263.58123779296875 264.625 271.493743896484375 280.11248779296875 290.912506103515625 304.39373779296875 316.84375 330.631256103515625 344.5 358.625 374.38751220703125 391.4375 407.181243896484375 415.54998779296875 425.42498779296875 433.931243896484375 427.89373779296875 425.212493896484375 437.57501220703125 453.71875 464.54998779296875 480.274993896484375 496.04376220703125
289.087493896484375 281.85626220703125 275.368743896484375 270.193756103515625 265.48748779296875 261.70623779296875 258.46875 255.1062469482421875 254.318756103515625 255.8000030517578125 260.25 265.125 272.39373779296875 282.11248779296875 289.07501220703125 295.46875 299.70001220703125 302.881256103515625 302.14373779296875 297.806243896484375 289.4375 280.20001220703125 272.037506103515625 273.8125 278.9375 285.54998779296875 294.92498779296875 306.57501220703125 319.09375 332.26251220703125 346.01251220703125 360.287506103515625 377.587493896484375 395.443756103515625 410.993743896484375 423.20623779296875 434.537506103515625 442.993743896484375 440.943756103515625 449.881256103515625 464.48126220703125 481.78125 498.90625 518.98126220703125 548.29376220703125
293.256256103515625 286.5 281.13751220703125 275.71875 270.48126220703125 265.17498779296875 260.350006103515625 256.08123779296875 253.943756103515625 254.2687530517578125 258.056243896484375 265.73748779296875 274.375 283.068756103515625 290.1875 298.0625 304.48126220703125 306.95623779296875 305.13751220703125 301.568756103515625 295.26251220703125 286.76873779296875 279.98126220703125 280.056243896484375 283.868743896484375 288.32501220703125 297.45001220703125 307.57501220703125 320.58123779296875 333.431243896484375 346.431243896484375 362.29998779296875 381.306243896484375 399.743743896484375 418.181243896484375 431.806243896484375 443.66876220703125 452.98126220703125 460.5625 473.524993896484375 488.11248779296875 507.193756103515625 531.04998779296875 555.7562255859375 590.28125
297.518768310546875 292.04998779296875 286.993743896484375 280.96875 273.86248779296875 268.225006103515625 261.875 257.23126220703125 252.725006103515625 251.1875 255.493743896484375 265.42498779296875 276.36248779296875 285.82501220703125 294.618743896484375 301.60626220703125 308.32501220703125 310.350006103515625 308.774993896484375 305.41876220703125 300.212493896484375 291.931243896484375 285.04376220703125 283.975006103515625 286.89373779296875 290.693756103515625 298.26251220703125 308.5 319.475006103515625 333.475006103515625 348.48748779296875 364.943756103515625 384.36248779296875 404.57501220703125 423.149993896484375 436.70623779296875 449.806243896484375 466.45001220703125 478.912506103515625 493 509.274993896484375 527.33123779296875 551.79376220703125 578.5562744140625 608.39373779296875
303.08123779296875 297.39373779296875 291.84375 285.681243896484375 278.806243896484375 272.09375 265.76873779296875 258.806243896484375 252.212493896484375 250.15625 254.4875030517578125 265.6875 279.206268310546875 290.58123779296875 298.76251220703125 305.91876220703125 311.11248779296875 312.58123779296875 312.149993896484375 310.03125 304.318756103515625 295.875 288.21875 287.01251220703125 288.35626220703125 290.693756103515625 297.462493896484375 307.17498779296875 317.712493896484375 332.162506103515625 348.868743896484375 365.86248779296875 384.65625 406.29376220703125 425.399993896484375 438.975006103515625 455.899993896484375 473.14373779296875 484.475006103515625 500.28125 518.40625 535.8125 556.26251220703125 582.88751220703125 605.79998779296875
307.53125 302.71875 297.5 291.118743896484375 284.88751220703125 278.443756103515625 271.037506103515625 263.25 254.2312469482421875 247.8687591552734375 254.9562530517578125 271.875 286.03125 295.67498779296875 303.88751220703125 309.46875 313.13751220703125 314.118743896484375 314.34375 310.79998779296875 305.53125 297.41876220703125 290.15625 287.037506103515625 286.88751220703125 288.537506103515625 294.89373779296875 304.84375 314.743743896484375 330.75 348.09375 365.912506103515625 386.76873779296875 409.13751220703125 428.23748779296875 443.943756103515625 461.443756103515625 479.337493896484375 491.63751220703125 504.131256103515625 519.7125244140625 536.34375 556.38751220703125 580.39373779296875 600.57501220703125
312.91876220703125 309.07501220703125 303.53125 297.743743896484375 292.73748779296875 286.82501220703125 279.70001220703125 271.15625 263.274993896484375 254.725006103515625 269.35626220703125 286.91876220703125 296.462493896484375 303.67498779296875 308.943756103515625 313.26873779296875 314.42498779296875 314.462493896484375 313.29376220703125 308.83123779296875 302.16876220703125 294.875 289.5 285.48748779296875 284.57501220703125 286.03125 291.84375 301.912506103515625 312.274993896484375 328.850006103515625 346.068756103515625 364.32501220703125 385.84375 409.17498779296875 428.13751220703125 446.16876220703125 463.86248779296875 479.3125 493.524993896484375 507.32501220703125 518.8687744140625 535.61248779296875 551.63128662109375 567.28125 584.98126220703125
319.01251220703125 315.42498779296875 310.96875 306.13751220703125 301.75 295.649993896484375 290.75 284.850006103515625 282.42498779296875 288.04998779296875 304.79376220703125 309.131256103515625 310.618743896484375 313.45001220703125 316.350006103515625 317.9375 316.975006103515625 314.75 310.98126220703125 304.806243896484375 296.568756103515625 289.5625 284.51251220703125 281.506256103515625 281.09375 283.26251220703125 289.53125 298.337493896484375 308.57501220703125 324.54376220703125 342.125 358.45001220703125 377.73748779296875 399.66876220703125 421.787506103515625 437.524993896484375 453.03125 469.6875 480.875 491.28125 501.73126220703125 517.10626220703125 529.54998779296875 543.3499755859375 555.0875244140625
325.95623779296875 322.79998779296875 319.11248779296875 314.48126220703125 311.4375 308.36248779296875 303.899993896484375 302.649993896484375 303.57501220703125 308.73126220703125 317.131256103515625 322.38751220703125 323.975006103515625 324.024993896484375 325.0625 323.71875 320.53125 315.649993896484375 308.618743896484375 301.212493896484375 291.662506103515625 284.21875 278.024993896484375 275.40625 276.662506103515625 279.64373779296875 285.45001220703125 294.443756103515625 304.11248779296875 318.66876220703125 333.91876220703125 352.11248779296875 372.975006103515625 392.256256103515625 412.16876220703125 428 441.131256103515625 455.54376220703125 467.14373779296875 473.54998779296875 481.03125 493.78125 504.10626220703125 514.14373779296875 522.75
