data/historical-monthly-weather-data/wc2.1_cruts4.09_10m_prec_1985-02.asc
ncols        45
nrows        45
xllcorner    -63.500000000000
yllcorner    -7.500000000000
cellsize     0.166666666667
NODATA_value -9999
[rows 0 to 19 of 45, columns 0 to 44 of 45]
67.72499847412109375 64.69374847412109375 61.33750152587890625 59.19374847412109375 56.49375152587890625 55.862499237060546875 54.893749237060546875 53.299999237060546875 53.0625 54.03125 56.59375 60.268749237060546875 63.96250152587890625 65.6687469482421875 69.25 73.0500030517578125 77.15000152587890625 79.02500152587890625 82.84375 86.8874969482421875 90.2937469482421875 93.6687469482421875 98.40625 104.2062530517578125 110.93125152587890625 118.44374847412109375 126.6875 135.600006103515625 144.8125 150.443756103515625 156.3625030517578125 162.7937469482421875 167.943756103515625 173.568756103515625 180.0187530517578125 186.1687469482421875 190.6999969482421875 194.84375 200.1875 203.96875 208.9812469482421875 213.8562469482421875 217.0812530517578125 223.28125 226.506256103515625
71.15000152587890625 68.46250152587890625 66.33750152587890625 64.05625152587890625 62.33750152587890625 62.93125152587890625 62.78749847412109375 63.149997711181640625 64.8874969482421875 66.71250152587890625 69.1125030517578125 72.28125 75.375 77.7312469482421875 80.9375 84.0625 87.6374969482421875 91.44374847412109375 96.6062469482421875 101.72499847412109375 105.6062469482421875 110.09375 115.5625 121.71250152587890625 128.1999969482421875 136.068756103515625 143.537506103515625 152.131256103515625 160.587493896484375 166.9499969482421875 172.7687530517578125 180.8625030517578125 187.0625 194.256256103515625 200.875 207.5124969482421875 212.9375 217.2687530517578125 222.368743896484375 225.9375 230.368743896484375 234.2687530517578125 236.318756103515625 240.931243896484375 243.181243896484375
76.9187469482421875 74.84375 73.7624969482421875 72.9499969482421875 72.80625152587890625 74.33750152587890625 76.21250152587890625 78.8000030517578125 82.5 85.16249847412109375 87.21250152587890625 89.69374847412109375 91.8562469482421875 93.27500152587890625 95.46875 97.69374847412109375 100.18125152587890625 103.96250152587890625 108.52500152587890625 113.5 118.1687469482421875 124.43125152587890625 130.431243896484375 137.59375 146.4562530517578125 154.5124969482421875 162.0625 170.78125 178.181243896484375 184.225006103515625 191.6687469482421875 199.9375 207.868743896484375 214.9875030517578125 223.6999969482421875 230.131256103515625 237.03125 243.6999969482421875 248.193756103515625 251.962493896484375 255.975006103515625 258.16876220703125 259.04998779296875 260.206268310546875 262.78125
82.4499969482421875 81.15625 82.15000152587890625 83.25 85.90000152587890625 88.375 92.2375030517578125 97.36875152587890625 103.53125 107.9562530517578125 109.63124847412109375 110.22499847412109375 110.0812530517578125 109.90000152587890625 111.30625152587890625 112.59999847412109375 114.21875 116.1125030517578125 120.11875152587890625 126.03125 132.28125 139.0749969482421875 145.5437469482421875 154.3249969482421875 164.131256103515625 173.5625 181.9875030517578125 190.0500030517578125 197.006256103515625 204.0749969482421875 211.162506103515625 221.350006103515625 229.381256103515625 238.2375030517578125 247.100006103515625 255.9187469482421875 264.13751220703125 271.493743896484375 277.537506103515625 281.912506103515625 284.024993896484375 284.5 283.65625 282.137481689453125 283.66876220703125
90.4250030517578125 88.7312469482421875 90.13124847412109375 93.46875 98.3625030517578125 103 108.2624969482421875 116.3937530517578125 126.5 134.0812530517578125 133.09375 130.40625 129.15625 127.99375152587890625 127.7312469482421875 128.1062469482421875 128.90625 129.0749969482421875 132.993743896484375 139.087493896484375 146.8125 153.712493896484375 161.6125030517578125 171.9812469482421875 182.8000030517578125 193.75 200.3625030517578125 207.3562469482421875 216.375 224.4875030517578125 232.806243896484375 242.0437469482421875 252.6437530517578125 263.181243896484375 273.212493896484375 283.53125 294.274993896484375 303.699981689453125 310.40625 313.493743896484375 315.86248779296875 313.01873779296875 308.6875 305.087493896484375 303.45001220703125
99.1062469482421875 98.5437469482421875 99.7937469482421875 102.75 107.90000152587890625 114.1374969482421875 121.24375152587890625 130.462493896484375 142.4187469482421875 152.725006103515625 149.712493896484375 146 144.4812469482421875 143.46875 143.087493896484375 143.837493896484375 143.6437530517578125 143.837493896484375 148.2312469482421875 154.6999969482421875 162.3125 170.212493896484375 178.8125 189.037506103515625 199.4499969482421875 211.1687469482421875 218.2312469482421875 224.600006103515625 232.631256103515625 241.649993896484375 251.318756103515625 262 272.91876220703125 287.524993896484375 300.618743896484375 312.78125 326.006256103515625 337.64373779296875 346.556243896484375 350.149993896484375 349.756256103515625 344.725006103515625 338.64373779296875 332.83123779296875 326.181243896484375
108.8625030517578125 108.8937530517578125 110.65000152587890625 112.9187469482421875 117.7062530517578125 123.78749847412109375 131.1875 139.212493896484375 149.118743896484375 155.6750030517578125 157.6750030517578125 157.649993896484375 157.556243896484375 157.649993896484375 158.4437408447265625 159.631256103515625 161.1437530517578125 163.6125030517578125 167.75 172.0812530517578125 178.4250030517578125 186.850006103515625 194.8937530517578125 204.8625030517578125 217.493743896484375 228.59375 235.649993896484375 242.649993896484375 248.693756103515625 258.006256103515625 270.35626220703125 282.66876220703125 296.568756103515625 310.056243896484375 325.193756103515625 341.88751220703125 357.11248779296875 372.14373779296875 384.631256103515625 388.475006103515625 384.84375 378.42498779296875 371.23748779296875 363.17498779296875 352.912506103515625
118.75 118.69374847412109375 120.4812469482421875 123.9562530517578125 128.6875 133.84375 139.375 144.7062530517578125 150.306243896484375 156.1437530517578125 162.631256103515625 167.4187469482421875 170.256256103515625 171.28125 172.8625030517578125 175.1750030517578125 177.7937469482421875 182.556243896484375 187.912506103515625 189.2375030517578125 194.15625 202.2312469482421875 210.600006103515625 221.5 234.493743896484375 245.931243896484375 252.8562469482421875 258.774993896484375 265.78125 275.868743896484375 287.54998779296875 302.11248779296875 317.61248779296875 333.899993896484375 350.431243896484375 367.931243896484375 385.712493896484375 402.51873779296875 414.649993896484375 420.28125 419.337493896484375 413.5 405.756256103515625 395.14373779296875 385
128.7312469482421875 128.9875030517578125 130.712493896484375 134.243743896484375 138.350006103515625 142.15625 146.875 150.53125 153.3562469482421875 158.65625 167.3125 175.256256103515625 180.2687530517578125 182.8625030517578125 184.2062530517578125 186.818756103515625 189.25 193.7062530517578125 199.5500030517578125 200.3874969482421875 204.681243896484375 213.1875 222.7312469482421875 236.493743896484375 250.162506103515625 261.875 267.649993896484375 273.11248779296875 280.381256103515625 289.76873779296875 301.618743896484375 315.912506103515625 331.6875 347.943756103515625 365.100006103515625 385.04376220703125 404.84375 423.51873779296875 438.64373779296875 447.381256103515625 449.306243896484375 445.431243896484375 440.15625 431.59375 422.95001220703125
138.9562530517578125 139.4562530517578125 141.506256103515625 144.431243896484375 147.8249969482421875 151.1125030517578125 155.818756103515625 159.443756103515625 164.2062530517578125 170.1125030517578125 178.4875030517578125 185.1999969482421875 191.5625 194.2562408447265625 195.600006103515625 196.3874969482421875 197.431243896484375 200.993743896484375 203.71875 205.8000030517578125 212.2937469482421875 222.6374969482421875 234.7375030517578125 251.4562530517578125 266.006256103515625 277.712493896484375 283.725006103515625 287.6875 295.268768310546875 304.25 313.787506103515625 326.58123779296875 343.11248779296875 361.48748779296875 380.318756103515625 401.381256103515625 423.0625 442.32501220703125 459.48748779296875 472.96875 480.86248779296875 480.26251220703125 475.67498779296875 466.83123779296875 460.82501220703125
148.8625030517578125 149.5 151.493743896484375 154.1750030517578125 157.0124969482421875 160.368743896484375 164.9562530517578125 169.975006103515625 176.1437530517578125 183.212493896484375 192.0124969482421875 198.9875030517578125 204.162506103515625 206.46875 206.600006103515625 205.84375 204.78125 206.28125 207.5625 210.149993896484375 217.556243896484375 229.53125 245.65625 262.23748779296875 281.243743896484375 293.162506103515625 297.6875 302.39373779296875 308.09375 315.53125 325.07501220703125 336.71875 353.01873779296875 372.03125 393.51251220703125 416.850006103515625 438.11248779296875 460.625 479.993743896484375 495.39373779296875 507.16876220703125 508.368743896484375 506.38751220703125 499.931243896484375 493.287506103515625
158.287506103515625 158.631256103515625 160.25 163.1062469482421875 166.3562469482421875 170.1374969482421875 175.1999969482421875 181.9562530517578125 188.875 196.818756103515625 206.462493896484375 213.9375 217.2249908447265625 217.9812469482421875 217.625 215.4375 213.5500030517578125 213.2687530517578125 212.8125 213.8625030517578125 221.15625 235.0250091552734375 255.4812469482421875 276.693756103515625 295.46875 305.35626220703125 308.34375 312.118743896484375 317.618743896484375 325.493743896484375 334.08123779296875 343.70623779296875 359.756256103515625 377.850006103515625 398.45001220703125 422.1875 446.350006103515625 469.868743896484375 491.256256103515625 509.618743896484375 524.86248779296875 526.4625244140625 521.39373779296875 511.537506103515625 501.756256103515625
165.962493896484375 166.524993896484375 168.6875 171.568756103515625 175.712493896484375 180.4499969482421875 186.725006103515625 193.806243896484375 201.2312469482421875 210.7062530517578125 220.5749969482421875 227.818756103515625 230.212493896484375 228.5625 227.243743896484375 224.0625 221.4812469482421875 221.1875 220.875 220.6999969482421875 225.84375 241.443756103515625 264.51873779296875 285.368743896484375 301.09375 311.14373779296875 316.35626220703125 320.568756103515625 325.524993896484375 332.91876220703125 340.850006103515625 349.53125 363.15625 380.868743896484375 401.09375 423.899993896484375 447.837493896484375 474.41876220703125 498.9375 520.45001220703125 540.4000244140625 540.73748779296875 529.4312744140625 515.34375 500.712493896484375
172.75 173.412506103515625 175.9812469482421875 179.443756103515625 184.40625 189.931243896484375 197.600006103515625 205.600006103515625 213.931243896484375 223.243743896484375 232.46875 237.78125 239.462493896484375 238.787506103515625 235.774993896484375 233 229.5625 229.962493896484375 229.787506103515625 231.399993896484375 240.5124969482421875 256.006256103515625 276.03125 292.3125 306.056243896484375 316.35626220703125 322.618743896484375 327.01251220703125 332.5 337.76873779296875 344.82501220703125 351.931243896484375 364.32501220703125 381.287506103515625 400.149993896484375 423.524993896484375 449.993743896484375 478.350006103515625 507.056243896484375 530.98748779296875 548.3125 541.5562744140625 532.2125244140625 521.79998779296875 508.20001220703125
178.1125030517578125 178.712493896484375 182.087493896484375 187.1062469482421875 192.15625 199.118743896484375 208.243743896484375 216.8249969482421875 225.90625 235.2937469482421875 243.5124969482421875 248.943756103515625 250.875 250.5 247.96875 244.59375 241.806243896484375 242.0749969482421875 242.9187469482421875 246.318756103515625 257.39373779296875 271.89373779296875 289.556243896484375 302.67498779296875 313.556243896484375 324.10626220703125 330.04376220703125 333.58123779296875 338.08123779296875 342.9375 346.806243896484375 351.068756103515625 362.5625 376.787506103515625 394.63751220703125 416.92498779296875 446.08123779296875 478.118743896484375 507.756256103515625 529.71875 539.29376220703125 537.7125244140625 533.85626220703125 524.9000244140625 510.35626220703125
182.2624969482421875 183.0124969482421875 187.306243896484375 193.193756103515625 199.6999969482421875 207.78125 217.7624969482421875 226.806243896484375 236.756256103515625 247.3000030517578125 256.056243896484375 261.90625 264.53125 263.9375 261.287506103515625 256.193756103515625 254.6875 256.487518310546875 258.57501220703125 262.98748779296875 273.89373779296875 287.79998779296875 303.54998779296875 315.1875 322.899993896484375 330.337493896484375 334.64373779296875 338.85626220703125 344.006256103515625 347.912506103515625 350.850006103515625 351.443756103515625 357.29998779296875 367.649993896484375 381.225006103515625 404.35626220703125 435.79998779296875 472.381256103515625 506.51251220703125 528.14373779296875 535.875 533.6500244140625 529.89373779296875 522.54376220703125 506.45001220703125
184.631256103515625 186.59375 191.6125030517578125 198.462493896484375 206.3000030517578125 215.4875030517578125 226.3249969482421875 236.875 247.600006103515625 259.08123779296875 269.625 276.78125 280.712493896484375 280.9375 277.725006103515625 272.243743896484375 268.693756103515625 269.875 272.36248779296875 277.774993896484375 289.89373779296875 303.61248779296875 317.350006103515625 326.64373779296875 333.131256103515625 336.068756103515625 337.79998779296875 342.881256103515625 349.25 354.1875 355.1875 352.78125 353.399993896484375 354.868743896484375 365.04376220703125 387.13751220703125 419.287506103515625 463.91876220703125 509.068756103515625 523.60626220703125 524.6500244140625 523.0562744140625 518.48126220703125 512.4000244140625 499.46875
185.15625 188.1437530517578125 195 203.4812469482421875 212.381256103515625 222.5812530517578125 234.4812469482421875 246.149993896484375 257.662506103515625 269.64373779296875 281.98748779296875 292.5 300.04376220703125 301.63751220703125 298.850006103515625 293.38751220703125 286.16876220703125 282.85626220703125 286.79998779296875 292.006256103515625 305.375 317.33123779296875 327.037506103515625 332.54376220703125 337.11248779296875 339.54376220703125 339.73748779296875 346.09375 354.037506103515625 359.53125 358.45623779296875 347.5625 343.54376220703125 340.86248779296875 345.03125 361.618743896484375 399.443756103515625 444.193756103515625 486.01873779296875 505.33123779296875 507.78125 506.5 503.993743896484375 500.5625 490.037506103515625
184.818756103515625 189.068756103515625 197.0749969482421875 206.15625 216.506256103515625 228.7624969482421875 241.125 254.53125 267.587493896484375 280.09375 294.274993896484375 306.90625 318.381256103515625 325.53125 321.399993896484375 312.08123779296875 302.71875 296.21875 297.3125 303.33123779296875 317.0625 328.29998779296875 331.631256103515625 335.131256103515625 338.806243896484375 342.493743896484375 345.03125 351.024993896484375 359.837493896484375 366.59375 365.46875 350.08123779296875 338.54376220703125 326.381256103515625 322.35626220703125 339.912506103515625 377.243743896484375 419.08123779296875 456.524993896484375 477.774993896484375 486.837493896484375 486.29998779296875 487 486.774993896484375 478.79998779296875
184.7375030517578125 189.1875 198.181243896484375 208.4187469482421875 220.6125030517578125 234.2937469482421875 248.5187530517578125 262.08123779296875 275.693756103515625 289.07501220703125 303.29998779296875 318.149993896484375 334.600006103515625 349.04998779296875 341.875 325.32501220703125 311.63751220703125 306.15625 306.381256103515625 311.54998779296875 319.631256103515625 326.412506103515625 333.193756103515625 335.85626220703125 339.07501220703125 342.79376220703125 347.82501220703125 355.70623779296875 362.16876220703125 366.756256103515625 362.29376220703125 349.95001220703125 332.63751220703125 312.57501220703125 299.631256103515625 320.33123779296875 362.13751220703125 403.64373779296875 436.618743896484375 458.306243896484375 467.243743896484375 466.837493896484375 472.63751220703125 476.087493896484375 470.850006103515625
