data/historical-monthly-weather-data/wc2.1_cruts4.09_10m_prec_1976-04.asc
ncols        45
nrows        45
xllcorner    -63.500000000000
yllcorner    -7.500000000000
cellsize     0.166666666667
NODATA_value -9999
[rows 0 to 19 of 45, columns 0 to 44 of 45]
260.29376220703125 266.162506103515625 276.368743896484375 293.29376220703125 305.837493896484375 315.95623779296875 324.70623779296875 327.10626220703125 329.66876220703125 336.75 347.631256103515625 353.618743896484375 357.181243896484375 357.48126220703125 354.03125 350.931243896484375 349.556243896484375 343.818756103515625 341.86248779296875 340.45623779296875 341.475006103515625 344.662506103515625 345.95001220703125 344.66876220703125 339.76873779296875 337.63751220703125 331 325.58123779296875 319.71875 322.84375 328.14373779296875 333.881256103515625 338.818756103515625 346.01251220703125 353.006256103515625 361.1875 367.10626220703125 372.899993896484375 379.73126220703125 384.07501220703125 388.131256103515625 390.618743896484375 389.20623779296875 390.100006103515625 388.67498779296875
263.32501220703125 265.75 279.39373779296875 294.181243896484375 308.76873779296875 315.912506103515625 321.26251220703125 327.75 332.20623779296875 338.14373779296875 346.9375 349.712493896484375 351.71875 351.5625 346.381256103515625 344.40625 340.318756103515625 334.225006103515625 328.837493896484375 323.287506103515625 322.306243896484375 322.556243896484375 324.53125 323.21875 322.712493896484375 322.024993896484375 318.86248779296875 317.71875 313.82501220703125 315.4375 319.96875 326.087493896484375 332.837493896484375 342.73126220703125 350.34375 358.5 367.212493896484375 373.712493896484375 379.587493896484375 382.462493896484375 385.04998779296875 387.96875 386.931243896484375 385.287506103515625 382.756256103515625
266.88751220703125 270.899993896484375 280.28125 293.35626220703125 305.54376220703125 311.712493896484375 317.08123779296875 323.5 331.04376220703125 335.693756103515625 339.51251220703125 339.149993896484375 339.95001220703125 336.693756103515625 332 329.32501220703125 325.57501220703125 320.85626220703125 315.53125 311.96875 311.5625 312.13751220703125 311.787506103515625 310.20623779296875 310.16876220703125 309.61248779296875 310.09375 308.10626220703125 305.162506103515625 308.51251220703125 312.925018310546875 318.149993896484375 328.40625 338.45623779296875 345.787506103515625 353.912506103515625 365.375 374.98126220703125 380.0625 383.681243896484375 386.625 387.118743896484375 386.04376220703125 385.037506103515625 382.181243896484375
266.350006103515625 270.86248779296875 280.70623779296875 288.056243896484375 295.962493896484375 302.3125 307.53125 313.524993896484375 322.4375 328.40625 328.86248779296875 324.82501220703125 321.01251220703125 317.9375 313.26873779296875 310.962493896484375 308.818756103515625 305.600006103515625 302.318756103515625 300.82501220703125 301.475006103515625 301.39373779296875 299.068756103515625 297.881256103515625 296.8125 294.368743896484375 297.58123779296875 296.868743896484375 296.3125 302.162506103515625 307.1875 313.01873779296875 321.024993896484375 330.975006103515625 339.13751220703125 350.787506103515625 362.63751220703125 373.431243896484375 381.33123779296875 383.86248779296875 387.08123779296875 388.868743896484375 385.25 382.21875 380.693756103515625
278.48748779296875 278.25 277.568756103515625 281.4375 288.225006103515625 292.131256103515625 294.162506103515625 299.73748779296875 310.118743896484375 318.1875 314.193756103515625 304.73126220703125 300.25 297.48748779296875 293.412506103515625 291.368743896484375 289.26873779296875 288.212493896484375 286.850006103515625 286.60626220703125 287.95623779296875 286.699981689453125 284.493743896484375 284.375 280.54376220703125 278.11248779296875 281.33123779296875 286.381256103515625 290.29376220703125 294.9375 300.524993896484375 303.931243896484375 311.82501220703125 322.5 332.29998779296875 344.65625 356.5 368.875 378.04998779296875 381.86248779296875 387.068756103515625 384.61248779296875 381.85626220703125 380.66876220703125 377.106231689453125
282.45623779296875 283.631256103515625 282.837493896484375 279.98748779296875 285.0625 289.46875 290.931243896484375 295.693756103515625 304.57501220703125 313.475006103515625 305.475006103515625 296.23748779296875 292.087493896484375 289.274993896484375 284.66876220703125 282.85626220703125 278.88751220703125 276.98748779296875 276.95001220703125 276.850006103515625 276.475006103515625 275.03125 275.32501220703125 274.625 273.08123779296875 272.6875 276.41876220703125 281.71875 286.056243896484375 289.39373779296875 293.29998779296875 297.806243896484375 302.53125 311.693756103515625 322.399993896484375 333.9375 348.131256103515625 361 370.087493896484375 376.837493896484375 378.600006103515625 376.20623779296875 374.70623779296875 374.35626220703125 372.337493896484375
287.556243896484375 288.42498779296875 287.61248779296875 283.73748779296875 281.037506103515625 280.899993896484375 281.725006103515625 284.381256103515625 287.48126220703125 289.14373779296875 288.0625 285.193756103515625 284.76251220703125 281.58123779296875 277.787506103515625 276.54998779296875 272.70001220703125 267.125 264.287506103515625 264.337493896484375 265.068756103515625 265.100006103515625 265.40625 264.26251220703125 265.01873779296875 266.82501220703125 272.181243896484375 276.568756103515625 280.89373779296875 283.54998779296875 286.76251220703125 289.125 294.15625 299.90625 308.868743896484375 320.506256103515625 333.03125 346.943756103515625 359.056243896484375 365.70001220703125 364.61248779296875 363.5 363.212493896484375 363.181243896484375 363.23126220703125
293.36248779296875 291.9375 289.056243896484375 286.70623779296875 284.056243896484375 280.75 274.287506103515625 267.63751220703125 262.84375 262.95623779296875 268.881256103515625 273.41876220703125 275.600006103515625 274.899993896484375 272.568756103515625 269.92498779296875 265.45623779296875 258.8125 252.774993896484375 252.118743896484375 254.2687530517578125 255.4000091552734375 255.193756103515625 255.587493896484375 258.86248779296875 260.100006103515625 265.625 270.962493896484375 276.125 278.48126220703125 278.4375 279.524993896484375 283.51873779296875 288.431243896484375 295.17498779296875 303.743743896484375 316.10626220703125 328.462493896484375 338.318756103515625 343.89373779296875 345.975006103515625 347.17498779296875 346.993743896484375 346.024993896484375 344.318756103515625
297.29998779296875 295.993743896484375 292.51251220703125 288.431243896484375 285.243743896484375 279.931243896484375 273.806243896484375 265.33123779296875 254.962493896484375 250.6062469482421875 259.806243896484375 267.774993896484375 276.056243896484375 276.850006103515625 273.100006103515625 269.993743896484375 265.82501220703125 259.9375 255.28125 252.431243896484375 249.850006103515625 252.318756103515625 251.6750030517578125 254.15625 256.76873779296875 256.481231689453125 260.875 266.524993896484375 271.41876220703125 273.45001220703125 274.818756103515625 273.837493896484375 275.59375 277.32501220703125 282.79376220703125 290.899993896484375 302.149993896484375 311.350006103515625 320.243743896484375 325.162506103515625 328.01873779296875 328.11248779296875 329.5625 330.4375 325.193756103515625
300.73748779296875 297.54376220703125 294.57501220703125 290.70001220703125 286.274993896484375 281.45623779296875 276.274993896484375 268.42498779296875 263.131256103515625 262.53125 268.04376220703125 272.78125 279.024993896484375 280.212493896484375 276.95623779296875 271.70623779296875 266.743743896484375 261.875 257.23748779296875 256.13751220703125 252.9499969482421875 251.6437530517578125 250 253.3562469482421875 253.006256103515625 251.024993896484375 254.693756103515625 259.65625 265.225006103515625 269.287506103515625 268.475006103515625 266.212493896484375 266.362518310546875 267.181243896484375 270.53125 278.38751220703125 285.98748779296875 293.850006103515625 301.34375 307.899993896484375 312.66876220703125 313.34375 313.587493896484375 310.54376220703125 307.787506103515625
304.23126220703125 301.63751220703125 297.787506103515625 293.274993896484375 287.1875 283.14373779296875 279.01873779296875 273.03125 271.587493896484375 273.037506103515625 278.149993896484375 283.975006103515625 284.82501220703125 285.09375 278.9375 271.899993896484375 266.475006103515625 262.462493896484375 259.306243896484375 257.42498779296875 257.20623779296875 254.2375030517578125 249.59375 245.2375030517578125 247.4250030517578125 245.65625 247.181243896484375 251.09375 255.125 259.024993896484375 258.506256103515625 256.274993896484375 256.04998779296875 255.9250030517578125 257.98748779296875 262.26251220703125 268.29376220703125 275.26873779296875 283.006256103515625 289.76251220703125 294.212493896484375 294.85626220703125 297.306243896484375 296.756256103515625 293.14373779296875
305.556243896484375 302.08123779296875 297.899993896484375 296.337493896484375 291.774993896484375 286.493743896484375 284.337493896484375 281.587493896484375 282.493743896484375 284.98748779296875 290.03125 294.98748779296875 290.63751220703125 286.71875 279.618743896484375 272.70001220703125 266.506256103515625 262.443756103515625 259.79376220703125 258.431243896484375 257.11248779296875 253.618743896484375 248.9250030517578125 246.6999969482421875 242.806243896484375 237.1999969482421875 237.962493896484375 240.306243896484375 244.0500030517578125 246.118743896484375 246.2624969482421875 245.274993896484375 244.125 244.181243896484375 245.8125 250.53125 257.193756103515625 264.39373779296875 269.899993896484375 274.73748779296875 280.14373779296875 281.83123779296875 283.11248779296875 279.61248779296875 275.96875
307.600006103515625 303.67498779296875 299.83123779296875 297.20623779296875 294.274993896484375 292.787506103515625 289.743743896484375 286.975006103515625 288.0625 293.068756103515625 297.899993896484375 301.056243896484375 295.837493896484375 284.024993896484375 276.29998779296875 271.17498779296875 264.11248779296875 259.912506103515625 258.23748779296875 255.53125 253.7312469482421875 248.46875 241.1875 238.2312469482421875 229.256256103515625 222.46875 225.3937530517578125 227.5124969482421875 231.9250030517578125 233.4250030517578125 233.8562469482421875 233.024993896484375 231.774993896484375 231.8312530517578125 232.618743896484375 238.712493896484375 245.662506103515625 252.78125 259.399993896484375 264.537506103515625 265.90625 269.0625 267.95623779296875 265.024993896484375 264.73126220703125
308.41876220703125 304.28125 299.475006103515625 296.48126220703125 295.54998779296875 294.225006103515625 291.431243896484375 289.818756103515625 292.57501220703125 296.51251220703125 298.493743896484375 296.256256103515625 290.86248779296875 281.243743896484375 270.79376220703125 266.57501220703125 259.600006103515625 253.8249969482421875 252.3249969482421875 248.287506103515625 245 237.9187469482421875 231.0500030517578125 224.59375 217.568756103515625 212.0749969482421875 213.681243896484375 216.1125030517578125 219.256256103515625 221.3312530517578125 221.90625 222.03125 219.318756103515625 219.2062530517578125 220.837493896484375 227.600006103515625 234.587493896484375 242.96875 251.024993896484375 254.962493896484375 253.3937530517578125 251.5437469482421875 254.962493896484375 259.23748779296875 261.84375
307.193756103515625 303.42498779296875 299.475006103515625 297.0625 296.818756103515625 295.48126220703125 294.09375 292.600006103515625 293.42498779296875 295.04998779296875 295.743743896484375 292.34375 285.26251220703125 275.91876220703125 264.675018310546875 257.506256103515625 251.9499969482421875 249.28125 247.087493896484375 243.2312469482421875 237.7687530517578125 231.618743896484375 223.0749969482421875 216.53125 210.1062469482421875 205.943756103515625 206.7062530517578125 209.21875 212.2312469482421875 213.40625 212.524993896484375 210.4250030517578125 209.8312530517578125 208.4499969482421875 208.9187469482421875 214.78125 225.3625030517578125 236.46875 243.59375 244.8125 243.431243896484375 245.5187530517578125 253.087493896484375 255.3625030517578125 255.78125
304.04376220703125 300.1875 298.45001220703125 297.568756103515625 296.912506103515625 295.86248779296875 294.493743896484375 293.462493896484375 295.443756103515625 295.412506103515625 294.431243896484375 289.46875 281.98748779296875 271.15625 258.42498779296875 246.1062469482421875 244.006256103515625 244.743743896484375 241.662506103515625 238.306243896484375 232.506256103515625 224.587493896484375 215.381256103515625 209.399993896484375 203.243743896484375 200.1374969482421875 199.96875 202.725006103515625 205.40625 207.1374969482421875 207.9812469482421875 205.662506103515625 200.431243896484375 197.506256103515625 195.912506103515625 206.1437530517578125 216.625 228.0812530517578125 235.3937530517578125 239.743743896484375 240.21875 244.59375 249.3125 250.4875030517578125 249.600006103515625
299.381256103515625 297.08123779296875 296.881256103515625 297.006256103515625 296.29998779296875 295.48126220703125 296.050018310546875 295.212493896484375 295.100006103515625 295.01251220703125 292.70623779296875 287.09375 278.21875 267.4375 256.681243896484375 247.024993896484375 238.9812469482421875 237.7937469482421875 237.006256103515625 234.756256103515625 228.350006103515625 220.6999969482421875 211.1437530517578125 202.9812469482421875 197.243743896484375 193.5749969482421875 194.0812530517578125 196.4375 199.8562469482421875 202.6750030517578125 203.375 201.556243896484375 196.774993896484375 193.15625 195.274993896484375 202.4250030517578125 213.3000030517578125 225.40625 235.96875 238.6687469482421875 239.912506103515625 243.375 244.46875 245.443756103515625 243.587493896484375
292.943756103515625 293.0625 293.07501220703125 295.48748779296875 295.29998779296875 295.600006103515625 296.92498779296875 294.91876220703125 294.25 292.51873779296875 288.86248779296875 282.79376220703125 274.0625 265.149993896484375 255.53125 247.4375 239.1875 230.725006103515625 232.8249969482421875 231.4375 226.4812469482421875 217.8937530517578125 208.243743896484375 200.2937469482421875 195.2624969482421875 191.8312530517578125 190.3874969482421875 194.3312530517578125 198.4187469482421875 200.681243896484375 198.7687530517578125 192.118743896484375 191.662506103515625 191.15625 191.8000030517578125 201.118743896484375 211.5625 222.462493896484375 231.475006103515625 238.443756103515625 238.2375030517578125 240.2375030517578125 241.024993896484375 240.9812469482421875 239.84375
285.26873779296875 287.287506103515625 289.631256103515625 291.45623779296875 292.399993896484375 294.162506103515625 294.82501220703125 295.162506103515625 294.64373779296875 292.13751220703125 286.600006103515625 277.39373779296875 269.506256103515625 262.962493896484375 251.743743896484375 243.96875 236.943756103515625 229.931243896484375 226.287506103515625 225.3312530517578125 224.3625030517578125 217.7937469482421875 202.0500030517578125 197.3937530517578125 194.5124969482421875 193.193756103515625 193.912506103515625 196.2312469482421875 200.4812469482421875 201.7624969482421875 199.9187469482421875 194.350006103515625 190.2375030517578125 184.0749969482421875 183.65625 192.96875 203.943756103515625 214.15625 225.40625 231.6125030517578125 235.8312530517578125 237.78125 237.3249969482421875 236.850006103515625 236.256256103515625
277.29998779296875 281.3125 283.76251220703125 284.725006103515625 288.23126220703125 292.92498779296875 295.756256103515625 294.587493896484375 293.850006103515625 291.11248779296875 284.29998779296875 276.662506103515625 268.681243896484375 260.962493896484375 248.8312530517578125 236.6687469482421875 227.7937469482421875 226.5187530517578125 222.743743896484375 221.381256103515625 216.8000030517578125 208.5625 200.993743896484375 197.056243896484375 194.618743896484375 193.149993896484375 195.131256103515625 199.4499969482421875 201.71875 200.96875 197.21875 196.0812530517578125 188.5500030517578125 178.399993896484375 173.3125 182.0812530517578125 196.5625 209.96875 220.4187469482421875 228.0812530517578125 231.9812469482421875 233.693756103515625 233.4187469482421875 232.6687469482421875 230.4499969482421875
