data/historical-monthly-weather-data/wc2.1_cruts4.09_10m_prec_2018-10.asc
ncols        45
nrows        45
xllcorner    -63.500000000000
yllcorner    -7.500000000000
cellsize     0.166666666667
NODATA_value -9999
[rows 0 to 18 of 45, columns 0 to 43 of 45]
60.08750152587890625 55.268749237060546875 53.487499237060546875 53.106250762939453125 52.5625 53.143749237060546875 53.18125152587890625 53.331249237060546875 54.34375 55.96875 58.46875 61.75 64.8000030517578125 67.0749969482421875 70.47499847412109375 73.8249969482421875 76.84999847412109375 78.6750030517578125 80.75624847412109375 82.3249969482421875 82.2375030517578125 81.46250152587890625 80.97499847412109375 80.74375152587890625 80.8312530517578125 81.31874847412109375 82.52500152587890625 84.09375 85.9875030517578125 87.53125 89.3125 91.21250152587890625 93.3125 95.75 98.1875 97.84999847412109375 96.94374847412109375 95.52500152587890625 92.24375152587890625 88.4499969482421875 84.4562530517578125 79.80625152587890625 74.34999847412109375 68.53749847412109375
58.06874847412109375 53.27500152587890625 52.106250762939453125 52.25 52.6875 53.03125 53.27500152587890625 54.081249237060546875 55.90625 57.737499237060546875 59.793750762939453125 62.575000762939453125 65.15625 67.44374847412109375 70.59375 73.91249847412109375 76.4875030517578125 79.55625152587890625 82.72499847412109375 85.50624847412109375 85.1750030517578125 84.58750152587890625 84.125 83.75624847412109375 83.50624847412109375 83.1875 84.46250152587890625 85.8562469482421875 87.22499847412109375 88.15000152587890625 90.34375 93.0124969482421875 95.8874969482421875 99.4375 102.0124969482421875 100.9562530517578125 99.8249969482421875 97.75 93.72499847412109375 88.89374542236328125 84.03125 78.6687469482421875 72.49375152587890625 65.8937530517578125
56.456249237060546875 52.21250152587890625 50.97499847412109375 51.1875 51.637500762939453125 52.65625 54 55.90625 58.56874847412109375 60.69374847412109375 62.40625 64.58750152587890625 66.6125030517578125 68.3312530517578125 71.24375152587890625 74.24375152587890625 76.9499969482421875 79.50624847412109375 82.0749969482421875 84.31874847412109375 83.74375152587890625 83.375 82.80625152587890625 82.2937469482421875 81.9250030517578125 81.8874969482421875 82.97499847412109375 84.3249969482421875 85.05625152587890625 86.6125030517578125 89.3874969482421875 92.0124969482421875 95.28749847412109375 99.43125152587890625 102.7624969482421875 101.78125 100.16875457763671875 98.2624969482421875 93.8937530517578125 88.4499969482421875 82.9499969482421875 76.97499847412109375 70.4250030517578125 63.731250762939453125
54.50624847412109375 50.543750762939453125 49.737499237060546875 49.293750762939453125 49.65625 51.40000152587890625 53.96250152587890625 57.08750152587890625 61.081249237060546875 63.856250762939453125 64.97499847412109375 66.30625152587890625 67.5187530517578125 68.8625030517578125 71.96250152587890625 74.71875 77.1687469482421875 79.1875 81.08750152587890625 82.7375030517578125 82.08750152587890625 81.00624847412109375 79.875 79.56874847412109375 79.2062530517578125 79.0124969482421875 80.04375457763671875 81.13124847412109375 82.0437469482421875 83.86875152587890625 86.875 90.21875 93.3249969482421875 97.2937469482421875 100.55625152587890625 100.69374847412109375 99.63124847412109375 97.72499847412109375 93.1687469482421875 87.3312530517578125 80.6687469482421875 74.4250030517578125 67.61875152587890625 60.84375
55.06874847412109375 50.081249237060546875 47.84999847412109375 47.03749847412109375 47.549999237060546875 50.018749237060546875 53.27500152587890625 57.237499237060546875 62.825000762939453125 67.08750152587890625 67.09999847412109375 67.0187530517578125 67.86875152587890625 69.30625152587890625 72.1750030517578125 74.75624847412109375 77.21875 78.0437469482421875 78.88750457763671875 79.71250152587890625 79.22499847412109375 77.8249969482421875 76.50624847412109375 76.40000152587890625 76.09999847412109375 75.96250152587890625 76.53749847412109375 77.8937530517578125 79.2624969482421875 80.80625152587890625 83.81874847412109375 87.1437530517578125 90.94374847412109375 95.1875 99.2062530517578125 99.15000152587890625 98.3125 96.8937530517578125 91.6999969482421875 85.3125 78.0812530517578125 71.08750152587890625 64.27500152587890625 57.31874847412109375
55.893749237060546875 51.075000762939453125 47.731250762939453125 45.40625 46.21875 49.393749237060546875 52.71250152587890625 56.58750152587890625 62.206249237060546875 67.4250030517578125 66.7062530517578125 66.55625152587890625 67.93125152587890625 69.50624847412109375 72.03125 74.8000030517578125 76.68125152587890625 76.59375 76.63124847412109375 76.5812530517578125 76.03125 75.02500152587890625 74.0124969482421875 73.4250030517578125 73.15000152587890625 72.90625 73.2937469482421875 74.0812530517578125 75.61875152587890625 77.06874847412109375 79.8937530517578125 83.71875 87.40625 91.9499969482421875 96.27500152587890625 96.8874969482421875 96.65625 96.22499847412109375 91.78125 84.5124969482421875 75.8312530517578125 68.9499969482421875 62.043750762939453125 55.481250762939453125
58.05625152587890625 53.15625 49.575000762939453125 46.71875 46.56874847412109375 48.77500152587890625 51.34375 53.91249847412109375 57.331249237060546875 60.043750762939453125 61.99375152587890625 64.28749847412109375 66.8874969482421875 69.30625152587890625 71.77500152587890625 74.40000152587890625 76.18125152587890625 74.9250030517578125 73.6750030517578125 73.02500152587890625 72.7624969482421875 72.1374969482421875 71.2312469482421875 70.74375152587890625 70.44374847412109375 70.06874847412109375 70.4875030517578125 70.86875152587890625 71.5749969482421875 73.34375 76.05625152587890625 79.36875152587890625 83.1062469482421875 87.96875 92.71875 93.33750152587890625 93.6437530517578125 93.71875 90.3312530517578125 81.9187469482421875 72.78125 65.40000152587890625 58.86875152587890625 52.90625
60.737499237060546875 55.625 52.40000152587890625 50.11875152587890625 48.84375 50.02500152587890625 50.700000762939453125 50.58750152587890625 50.74375152587890625 52.612499237060546875 56.71250152587890625 61.19374847412109375 65.4375 68.7687530517578125 71.6125030517578125 73.8937530517578125 75.31874847412109375 73.25624847412109375 71.13124847412109375 69.97499847412109375 69.90000152587890625 69.43125152587890625 68.72499847412109375 68.3625030517578125 67.9250030517578125 67.18125152587890625 67.19374847412109375 67.0187530517578125 67.33750152587890625 68.52500152587890625 71.2312469482421875 74.59999847412109375 78.6062469482421875 83.5749969482421875 88.0500030517578125 88.75624847412109375 88.56874847412109375 88.36875152587890625 83.4499969482421875 75.59375 66.90000152587890625 59.700000762939453125 53.22499847412109375 47.418750762939453125
63.862499237060546875 59.13124847412109375 56.28749847412109375 53.831249237060546875 52.18125152587890625 52.387500762939453125 52.137500762939453125 50.46250152587890625 48.36875152587890625 48.831249237060546875 54.200000762939453125 60 65.3625030517578125 69.21875 71.3125 72.75624847412109375 73.375 72.05625152587890625 70.7062530517578125 69.4250030517578125 69.19374847412109375 68.8874969482421875 67.6062469482421875 67.38124847412109375 66.33750152587890625 64.97499847412109375 64.1999969482421875 64.3625030517578125 64.5187530517578125 65.2375030517578125 67.75 70.75624847412109375 74.21875 78.47499847412109375 82.28125 83.27500152587890625 83.44374847412109375 82.41249847412109375 76.53749847412109375 69.08750152587890625 60.93125152587890625 53.80625152587890625 47.71250152587890625 41.78125
67.375 62.81874847412109375 59.893749237060546875 57.668750762939453125 56.08750152587890625 55.96875 55.21875 53.200000762939453125 51.825000762939453125 52.456249237060546875 55.9375 60.918750762939453125 66.36875152587890625 70.5 71.5625 71.8125 71.4250030517578125 70.8625030517578125 70.27500152587890625 70.00624847412109375 69.5124969482421875 68.7937469482421875 67.09999847412109375 65.9250030517578125 63.96875 62.262500762939453125 61.69374847412109375 61.28125 61.41249847412109375 62.18125152587890625 63.83750152587890625 66.53125 69.71875 73.7375030517578125 77.5187530517578125 78.34375 78.1374969482421875 76.7312469482421875 70.77500152587890625 63.049999237060546875 55.168750762939453125 48.293750762939453125 41.9375 36.237499237060546875
71.2062530517578125 66.69374847412109375 63.674999237060546875 61.4375 59.88124847412109375 60.575000762939453125 59.97499847412109375 57.55625152587890625 56.66249847412109375 57.38124847412109375 59.75 63.75 68.08750152587890625 72.0500030517578125 71.93125152587890625 70.71875 69.6125030517578125 69.59375 69.8625030517578125 70.3937530517578125 70.6750030517578125 69.30625152587890625 66.8625030517578125 64.1687469482421875 62.262500762939453125 60.75 60.174999237060546875 59.6875 59.15000152587890625 59.793750762939453125 61.237499237060546875 63.456249237060546875 66.45624542236328125 69.9875030517578125 73.0187530517578125 73.3625030517578125 72.90625 70.88124847412109375 64.8249969482421875 57.268749237060546875 49.668750762939453125 43.081249237060546875 37.237499237060546875 31.581249237060546875
75.4499969482421875 70.79375457763671875 67.8312530517578125 65.7937469482421875 64.41249847412109375 65.3874969482421875 65.4562530517578125 62.625 62.081249237060546875 62.59999847412109375 64.19374847412109375 66.6062469482421875 69.0124969482421875 71.53125 71.46250152587890625 70.1687469482421875 69.19374847412109375 69.4875030517578125 70.16249847412109375 71.4875030517578125 72.77500152587890625 71.15000152587890625 67.94374847412109375 64.4812469482421875 61.55625152587890625 59.200000762939453125 58.19374847412109375 58.106250762939453125 58.03749847412109375 58.78749847412109375 59.612499237060546875 61.3125 63.668750762939453125 66.6750030517578125 69.3625030517578125 69 67.7624969482421875 65.6374969482421875 59.549999237060546875 52.63124847412109375 45.25624847412109375 39.03749847412109375 33.52500152587890625 28.537500381469726562
79.4375 74.88124847412109375 71.8937530517578125 69.56874847412109375 68.0437469482421875 68.59999847412109375 68.0124969482421875 66.41249847412109375 66.4250030517578125 67.6062469482421875 69.00624847412109375 69.4499969482421875 70.1437530517578125 70.3562469482421875 70.09375 69.4250030517578125 68.46875 69.15000152587890625 70.16249847412109375 71.40000152587890625 73.41249847412109375 72.05625152587890625 68.5 64.7937469482421875 59.762500762939453125 56.793750762939453125 57.18125152587890625 57.16249847412109375 57.40625 57.90625 58.375 59.18125152587890625 61.30625152587890625 63.55625152587890625 65.74375152587890625 65.08750152587890625 63.4375 61.356250762939453125 55.99375152587890625 48.81874847412109375 42.081249237060546875 36.53749847412109375 31.087499618530273438 25.075000762939453125
83.21250152587890625 78.55625152587890625 75.5749969482421875 73.06874847412109375 71.0749969482421875 71.1999969482421875 70.6437530517578125 69.9187469482421875 70.72499847412109375 71.81874847412109375 72.8312530517578125 71.6999969482421875 70.50624847412109375 69.5500030517578125 68.46250152587890625 68.0625 67.16249847412109375 67.74375152587890625 68.5437469482421875 69.50624847412109375 70.9187469482421875 70.00624847412109375 67.8874969482421875 64.9250030517578125 60.956249237060546875 58.237499237060546875 57.88124847412109375 57.418750762939453125 57.143749237060546875 56.825000762939453125 56.65000152587890625 57.1875 58.831249237060546875 60.78125 62.65000152587890625 61.84375 60.21875 58.424999237060546875 53.65000152587890625 47.487499237060546875 40.549999237060546875 34.206249237060546875 28.981250762939453125 24.318750381469726562
87.93125152587890625 83.38124847412109375 80.06874847412109375 77.5437469482421875 75.4375 75.2937469482421875 75.4187469482421875 74.96875 74.75624847412109375 74.97499847412109375 75.08750152587890625 73.00624847412109375 70.8937530517578125 69.2312469482421875 67.94374847412109375 67.5437469482421875 66.52500152587890625 66.5625 66.8562469482421875 67.7687530517578125 69 69.0625 68.41249847412109375 67.3312530517578125 65.36875152587890625 62.918750762939453125 61.1875 59.43125152587890625 57.956249237060546875 56.625 55.6875 55.59999847412109375 57.02500152587890625 59.18125152587890625 60.84375 59.25 57.61875152587890625 56.61875152587890625 53.46875 47.40000152587890625 40.231250762939453125 34.3125 29.700000762939453125 25.681249618530273438
92.1875 87.47499847412109375 84.40000152587890625 81.9499969482421875 79.84999847412109375 79.9875030517578125 80.11875152587890625 79.6125030517578125 78.6374969482421875 77.8000030517578125 76.4187469482421875 73.16875457763671875 70.43125152587890625 68.34375 67.40625 66.625 65.0500030517578125 64.84375 64.94374847412109375 65.53749847412109375 66.59375 67.81874847412109375 69.03749847412109375 70.41249847412109375 69.77500152587890625 67.3125 64.875 62.012500762939453125 59.18125152587890625 56.549999237060546875 54.831249237060546875 53.91249847412109375 54.88124847412109375 56.88124847412109375 57.950000762939453125 55.418750762939453125 54.700000762939453125 53.90625 52.25 47.30625152587890625 41.40000152587890625 36.049999237060546875 31.40625 27.274999618530273438
95.56874847412109375 91.1437530517578125 88.74375152587890625 86.72499847412109375 84.6750030517578125 84.8249969482421875 85.09999847412109375 84.59375 82.56874847412109375 80 77.1687469482421875 73.125 69.38124847412109375 66.49375152587890625 65.34999847412109375 64.33750152587890625 62.30625152587890625 61.856250762939453125 62.05625152587890625 62.8125 63.97499847412109375 65.9562530517578125 68.96250152587890625 72.65625 73.9875030517578125 70.43125152587890625 67.52500152587890625 63.456249237060546875 59.362499237060546875 55.981250762939453125 53.9375 53.22499847412109375 52.81874847412109375 53.075000762939453125 53.3125 52.0625 51.575000762939453125 53.274997711181640625 54.581249237060546875 49.05625152587890625 43.02500152587890625 37.862499237060546875 32.96875 29.137500762939453125
100.06874847412109375 96.1437530517578125 94.4499969482421875 92.78125 91.05625152587890625 91.21250152587890625 91.15625 89.93125152587890625 86.28749847412109375 82.1437530517578125 77.8874969482421875 72.96250152587890625 68.5812530517578125 64.8562469482421875 63.193752288818359375 61.606250762939453125 59.56874847412109375 58.737499237060546875 59.15000152587890625 59.75624847412109375 61.03125 63.25624847412109375 66.71875 71.15000152587890625 73.3000030517578125 71.2375030517578125 69.3625030517578125 64.7687530517578125 59.59375 55.11875152587890625 52.44374847412109375 51.38124847412109375 51.84375 52.75624847412109375 51.262500762939453125 46.612499237060546875 48.81874847412109375 51.78749847412109375 52.25 48.96875 43.56874847412109375 38.762500762939453125 34.03749847412109375 30.225000381469726562
103.69374847412109375 101 100.0812530517578125 99.1437530517578125 98.0812530517578125 97.78749847412109375 97.1875 95.4875030517578125 90.6687469482421875 84.4562530517578125 77.9875030517578125 72.63124847412109375 67.4812469482421875 63.049999237060546875 60.96250152587890625 59.5 57.5 56.3125 56.55625152587890625 56.84999847412109375 57.99375152587890625 61.08750152587890625 63.356250762939453125 67.4812469482421875 69.84999847412109375 70.0812530517578125 68.5124969482421875 64.65625 60.09999847412109375 54.793750762939453125 50.90625 51.5625 54.40000152587890625 54.63124847412109375 53.22499847412109375 49.518749237060546875 49.518749237060546875 50.231250762939453125 49.90000152587890625 47.41249847412109375 43.200000762939453125 39.78749847412109375 34.99375152587890625 31.193750381469726562
