data/historical-monthly-weather-data/wc2.1_cruts4.09_10m_prec_2020-07.asc
ncols        51
nrows        45
xllcorner    -63.500000000000
yllcorner    -7.500000000000
cellsize     0.166666666667
NODATA_value -9999
[rows 0 to 18 of 45, columns 0 to 42 of 51]
258.01873779296875 251.2687530517578125 245.65625 245.0749969482421875 241.0187530517578125 238.1374969482421875 235.1750030517578125 230.0500030517578125 230.03125 231.9625091552734375 229.75 227.5124969482421875 224.1812591552734375 224.3312530517578125 225.7062530517578125 224.743743896484375 223.3937530517578125 217.5 213.475006103515625 212.3625030517578125 211.5437469482421875 205.212493896484375 200.350006103515625 195.5812530517578125 193.09375 187.2062530517578125 184.337493896484375 181.9875030517578125 177.5124969482421875 176.46875 168.3562469482421875 164.59375 165.7937469482421875 163.5749969482421875 160.46875 152.6875 141.837493896484375 138.4187469482421875 127.54999542236328125 117.8125 112.4499969482421875 107.3312530517578125 98.8125
244.475006103515625 237.9875030517578125 233.256256103515625 233.9499969482421875 233 230.725006103515625 227.3000030517578125 223.993743896484375 223.9562530517578125 223.068756103515625 220.28125 216.4375 212.8874969482421875 210.75 208.8625030517578125 207.506256103515625 205.056243896484375 200.8000030517578125 198.625 196.8249969482421875 190.5124969482421875 188.068756103515625 184.993743896484375 184.087493896484375 177.181243896484375 172.6687469482421875 170.90625 169.662506103515625 164.5 160.462493896484375 156.9875030517578125 158.212493896484375 158.3937530517578125 159.524993896484375 157.3312530517578125 146.318756103515625 134.943756103515625 128.287506103515625 116.55625152587890625 107.7624969482421875 102.71250152587890625 95.0500030517578125 87.0749969482421875
218.3874969482421875 218.71875 220.243743896484375 219.881256103515625 217.943756103515625 214.1750030517578125 212.1687469482421875 212.725006103515625 213.3312530517578125 211.78125 208.5187530517578125 202.7062530517578125 200.7375030517578125 194.7624969482421875 191.4562530517578125 188.6125030517578125 186.618743896484375 182.2624969482421875 178.71875 177.9812469482421875 172.131256103515625 170.287506103515625 168.5 166.3874969482421875 161.7312469482421875 155.3874969482421875 158.28125 156.537506103515625 153.287506103515625 151.40625 149.1062469482421875 145.556243896484375 146.837493896484375 150.4375 143.837493896484375 132.2624969482421875 124.30625152587890625 119.13124847412109375 107.0500030517578125 98.56874847412109375 92.47499847412109375 85.6125030517578125 77.11875152587890625
195.65625 193.8249969482421875 200.0749969482421875 205.506256103515625 203.774993896484375 198.4499969482421875 195.3874969482421875 198.5625 201.881256103515625 201.4875030517578125 194.337493896484375 188.2937469482421875 184.53125 182.149993896484375 176.59375 171.399993896484375 167.3625030517578125 163.8312530517578125 162.3312530517578125 164.875 160.318756103515625 154.0749969482421875 151.475006103515625 150.774993896484375 147.587493896484375 143.037506103515625 143.1687469482421875 139.1750030517578125 139.256256103515625 142.3000030517578125 141.274993896484375 137.8937530517578125 135.149993896484375 133.2624969482421875 128.65625 124.2687530517578125 118.33750152587890625 108.30625152587890625 98.15625 89.08750152587890625 83.9562530517578125 78.33750152587890625 70.19374847412109375
194.149993896484375 185.381256103515625 178.943756103515625 185.125 191.09375 185.2874908447265625 184.21875 186.4499969482421875 188.1875 186.1999969482421875 183.78125 176.600006103515625 172.399993896484375 168.493743896484375 162.462493896484375 157.375 152.399993896484375 149.931243896484375 145.46875 146.2937469482421875 144.274993896484375 138.3249969482421875 134.59375 137.412506103515625 133.8562469482421875 129.2687530517578125 127.75 128.931243896484375 128.75 128.631256103515625 129.806243896484375 129.5437469482421875 129.3000030517578125 126.5500030517578125 122.1750030517578125 113.59999847412109375 107.59375 100.41249847412109375 89.77500152587890625 81.81874847412109375 75.86875152587890625 68.5749969482421875 62.5
180.8000030517578125 178.493743896484375 175.056243896484375 162.75 171.46875 178.4375 177.068756103515625 176.875 179.975006103515625 177.1875 172.6875 166.9562530517578125 163.318756103515625 155.662506103515625 152.118743896484375 147.2062530517578125 140.2687530517578125 134.8625030517578125 132.4499969482421875 133.524993896484375 131.03125 127.1374969482421875 125.38124847412109375 123.2937469482421875 122.34999847412109375 119.5437469482421875 118.47499847412109375 119 118 118.21875 119.4187469482421875 122.34999847412109375 120.75 120.6999969482421875 115.8312530517578125 109.31874847412109375 99.61875152587890625 93.40625 86.34999847412109375 79.9250030517578125 71.03125 65.30625152587890625 58.706249237060546875
170.5500030517578125 169.6875 168.193756103515625 164.8000030517578125 162.3000030517578125 158.412506103515625 162.3874969482421875 165.962493896484375 165.5749969482421875 164.7937469482421875 162.5812530517578125 154.5187530517578125 152.8062591552734375 147.100006103515625 141.0812530517578125 137.4875030517578125 132.8562469482421875 124.40625 118.15000152587890625 120.9499969482421875 118.3249969482421875 114.5812530517578125 111.91249847412109375 112.38124847412109375 111.1875 110.8625030517578125 112.5 109.8625030517578125 107.61875152587890625 110.97499847412109375 111.46250152587890625 110.75 109.7312469482421875 111.8249969482421875 111.06874847412109375 103.75624847412109375 94.74375152587890625 88 82.13124847412109375 76.59375 67.6437530517578125 60.83750152587890625 55.41249847412109375
163.5 160.725006103515625 161.59375 162.15625 162.931243896484375 164.8625030517578125 158.9375 148.7937469482421875 145.568756103515625 145.6999969482421875 145.1687469482421875 142.5500030517578125 140.4499969482421875 135.125 131.600006103515625 127.7375030517578125 122.1125030517578125 114.71250152587890625 109 105.7375030517578125 107.0625 105.9250030517578125 102.7687530517578125 102.9812469482421875 103.7624969482421875 100.8937530517578125 102.1062469482421875 99.08750152587890625 99.8125 100.3562469482421875 103.99375152587890625 103.71875 104.1062469482421875 103.91249847412109375 102.33750152587890625 94.68125152587890625 87.46250152587890625 81.91249847412109375 74.6750030517578125 67.6374969482421875 60.518749237060546875 55.53125 50.456249237060546875
157.2687530517578125 155.774993896484375 155.649993896484375 158.912506103515625 161.9187469482421875 160.443756103515625 156.787506103515625 151.681243896484375 143.912506103515625 135.8125 132.75 128.4562530517578125 131.149993896484375 126.34375 122.28749847412109375 117.875 114.25 110.375 108.59999847412109375 101.0749969482421875 98 99.6687469482421875 97.11875152587890625 98.72499847412109375 98.78749847412109375 93.875 92.6437530517578125 94.74375152587890625 96.125 96.03125 100.1750030517578125 97.74375152587890625 94.2687530517578125 92.77500152587890625 92.6062469482421875 90.03749847412109375 85.84999847412109375 81.7624969482421875 73.2937469482421875 64.86875152587890625 57.47499847412109375 52.33750152587890625 47.97499847412109375
149.2312469482421875 149.5749969482421875 151.5749969482421875 155.131256103515625 158.25 159.381256103515625 155.8562469482421875 151.412506103515625 145.662506103515625 140.5437469482421875 132.6374969482421875 123.4375 123.2375030517578125 120.25624847412109375 116.34999847412109375 112.78125 106.9499969482421875 106.34375 105.2624969482421875 101.3125 97.61875152587890625 93.28125 89.30625152587890625 90.84999847412109375 90.06874847412109375 89.03749847412109375 87.90000152587890625 89.08750152587890625 89.0812530517578125 89.83750152587890625 92.25 90.1437530517578125 89.06874847412109375 87.5500030517578125 86.3125 85.125 82.5187530517578125 79.40625 71.5812530517578125 65.06874847412109375 58.799999237060546875 52.762500762939453125 46.518749237060546875
144.5437469482421875 145.78125 147.2937469482421875 151.96875 154.6875 156.162506103515625 154.125 146.837493896484375 138.556243896484375 133.806243896484375 129.5625 122.96875 115.27500152587890625 113.68125152587890625 107.52500152587890625 103.25624847412109375 100.5625 100.21875 99.34375 100.0437469482421875 99.36875152587890625 93.80625152587890625 86.2375030517578125 80.77500152587890625 84.0437469482421875 87.7937469482421875 87.34375 86.63124847412109375 83.6125030517578125 84.2624969482421875 85.3562469482421875 85.97499847412109375 85.8625030517578125 83.875 84.0437469482421875 82.0749969482421875 80.08750152587890625 75.5124969482421875 71.53749847412109375 64.34999847412109375 56.793750762939453125 50.61875152587890625 45.94374847412109375
140.649993896484375 140.59375 142.6875 147.78125 151.587493896484375 153.287506103515625 152.837493896484375 146.318756103515625 136.225006103515625 127.61875152587890625 122.15000152587890625 118.61875152587890625 108.84999847412109375 104.53749847412109375 102.65625 96.875 94.3249969482421875 94.06874847412109375 93.94374847412109375 96.2312469482421875 98.94374847412109375 95.06874847412109375 90.5 83.3625030517578125 81.34999847412109375 78.3874969482421875 78.56874847412109375 80.1125030517578125 79.3000030517578125 79.40625 78.31874847412109375 78.96250152587890625 80.06874847412109375 80.20000457763671875 81.66249847412109375 81.0500030517578125 77.93125152587890625 76 68.0625 61.65000152587890625 54.44374847412109375 49.762500762939453125 43.28749847412109375
132.774993896484375 134.96875 138.5749969482421875 141.5500030517578125 143.8000030517578125 145.8562469482421875 143.975006103515625 137.0500030517578125 128.399993896484375 123.11875152587890625 118.9375 112.6125030517578125 107.3000030517578125 95.9562530517578125 91.16249847412109375 90.1687469482421875 87.9562530517578125 88.72499847412109375 89.0812530517578125 89.75624847412109375 90.78749847412109375 87.97499847412109375 85.7687530517578125 80.75 74.80625152587890625 72.16249847412109375 73.3562469482421875 75.4562530517578125 75.53125 74.90000152587890625 73.68125152587890625 72.125 74.7062530517578125 75.78125 77.05625152587890625 77.1875 77.15625 77.0124969482421875 72.34999847412109375 63.056247711181640625 53.81874847412109375 48.012500762939453125 40.362499237060546875
126.61875152587890625 128.368743896484375 132.037506103515625 134.149993896484375 135.350006103515625 135.375 133.0812530517578125 127.86875152587890625 123.8249969482421875 117.0625 112.43125152587890625 106.9187469482421875 99.09999847412109375 90.58750152587890625 80.7624969482421875 81.63124847412109375 79.16249847412109375 80.71875 80.36875152587890625 81.59999847412109375 81.7687530517578125 81.05625152587890625 79.625 76.52500152587890625 71.4375 68.15000152587890625 68.2312469482421875 68.25624847412109375 68.38124847412109375 68.16249847412109375 69.9875030517578125 69.7312469482421875 69.8625030517578125 71 72.7624969482421875 75.63124847412109375 78.6750030517578125 81.0625 77.91249847412109375 67.91249847412109375 53.52500152587890625 44.86875152587890625 41.125
123.2687530517578125 123.15625 125.13124847412109375 127.75 127.3874969482421875 126.11875152587890625 126.74375152587890625 121.8562469482421875 116.34999847412109375 109.90000152587890625 104.9499969482421875 98.3562469482421875 92.2375030517578125 85.66249847412109375 73.78749847412109375 72.0437469482421875 70.58750152587890625 71.58750152587890625 71.9562530517578125 73.7624969482421875 75.56874847412109375 74.9375 74.08750152587890625 73.65000152587890625 71.5187530517578125 69.46875 69.2062530517578125 68.09375 68.65625 69.19374847412109375 67.59375 68.15000152587890625 70.97499847412109375 70.8249969482421875 69.03125 70.6062469482421875 77.46250152587890625 83.86875152587890625 81.77500152587890625 71.2375030517578125 60.081249237060546875 52.325000762939453125 50.91249847412109375
117.30625152587890625 117.3249969482421875 119.5187530517578125 120.30625152587890625 120.5749969482421875 121.58750152587890625 118.31874847412109375 114.15000152587890625 109.24375152587890625 104.77500152587890625 98.5437469482421875 92.53125 86.8874969482421875 80.58750152587890625 71.25 60.65000152587890625 61.168750762939453125 63.456249237060546875 63.643749237060546875 65.88124847412109375 67.2375030517578125 68.68125152587890625 69.5124969482421875 72.93125152587890625 72.58750152587890625 70.5749969482421875 68.8625030517578125 66.2624969482421875 67.03749847412109375 67.97499847412109375 70.65000152587890625 68.4250030517578125 67.3937530517578125 66.28125 65.4250030517578125 72.7937469482421875 77.71250152587890625 82.4812469482421875 83.03749847412109375 78.65000152587890625 70.6875 62.875 56.68125152587890625
111.8125 111.8874969482421875 114.40000152587890625 116.1437530517578125 117.1062469482421875 114.7937469482421875 113.2687530517578125 109.5124969482421875 104.66249847412109375 100.02500152587890625 94.2937469482421875 87.3125 80.65000152587890625 75.8000030517578125 71.625 63.862499237060546875 56.262500762939453125 55.46875 58.737499237060546875 60.487499237060546875 61.5625 63.575000762939453125 66.8312530517578125 72.30625152587890625 74.7937469482421875 68.59999847412109375 64.36875152587890625 62.38124847412109375 64.6125030517578125 67.625 70.7312469482421875 72.97499847412109375 71.4250030517578125 70.8125 77.25 80.09375 86.15000152587890625 93.6437530517578125 96.2624969482421875 84.71875 74.72499847412109375 65.43125152587890625 56.52500152587890625
107.44374847412109375 108.96875 110.1125030517578125 112.75 113.3937530517578125 109.7375030517578125 107.1374969482421875 104.3874969482421875 99.38124847412109375 91.9812469482421875 86.59999847412109375 82.33750152587890625 76.4812469482421875 71.9375 69.5124969482421875 65.28125 58.737499237060546875 50.956249237060546875 55.0625 56.25 57.237499237060546875 58.893749237060546875 64.21250152587890625 69.08750152587890625 71.00624847412109375 65.22499847412109375 60.84375 60.38124847412109375 63.38124847412109375 64.97499847412109375 64.71250152587890625 66.0625 76.625 81.2687530517578125 81.47499847412109375 87.75624847412109375 95.7062530517578125 98.49375152587890625 96.7312469482421875 86.77500152587890625 72.49375152587890625 63.362499237060546875 55.00624847412109375
103.47499847412109375 104.84375 104.8125 106.32500457763671875 108.19374847412109375 105.7062530517578125 101.6374969482421875 99.65625 95.25 88.1875 82.4250030517578125 76.43125152587890625 71.96250152587890625 69.0749969482421875 64.6687469482421875 62.549999237060546875 58.799999237060546875 53.21250152587890625 49.56874847412109375 49.762500762939453125 53.25 59.131252288818359375 54.331249237060546875 60.075000762939453125 62.90625 62.77500152587890625 60.918750762939453125 59.549999237060546875 62.83750152587890625 65.41249847412109375 66.7312469482421875 69.6875 77.43125152587890625 79.8562469482421875 82.3874969482421875 86.9187469482421875 89.1875 89.46875 88.15625 77.7375030517578125 68.03125 58.80625152587890625 52.200000762939453125
