data/historical-monthly-weather-data/wc2.1_cruts4.09_10m_prec_1972-05.asc
ncols        51
nrows        45
xllcorner    -63.500000000000
yllcorner    -7.500000000000
cellsize     0.166666666667
NODATA_value -9999
[rows 0 to 18 of 45, columns 0 to 43 of 51]
409.087493896484375 420.600006103515625 418.07501220703125 420.79376220703125 418.637481689453125 407.42498779296875 390.01251220703125 375.368743896484375 360.92498779296875 349.556243896484375 336.45001220703125 322.681243896484375 311.399993896484375 301.475006103515625 293.42498779296875 287.73126220703125 281.212493896484375 275.33123779296875 272.11248779296875 271.0625 269.66876220703125 267.79998779296875 269.506256103515625 271.54998779296875 275.48126220703125 281.837493896484375 291.243743896484375 303.16876220703125 311.556243896484375 315.16876220703125 313.399993896484375 314.037506103515625 315.693756103515625 315.67498779296875 315.743743896484375 317.53125 317.86248779296875 315.48126220703125 313.39373779296875 313.04998779296875 310.149993896484375 308.056243896484375 303.212493896484375 302.58123779296875
403.26251220703125 416.04998779296875 422.837493896484375 432.506256103515625 440.524993896484375 432.243743896484375 415.84375 402.3125 389.39373779296875 373.91876220703125 360.006256103515625 344.35626220703125 329.42498779296875 315.76251220703125 304.32501220703125 294.29998779296875 285.28125 279.443756103515625 279.21875 279.8125 279.28125 279.28125 279.568756103515625 282.17498779296875 283.625 285.98748779296875 295.01873779296875 304.58123779296875 312.16876220703125 313.20001220703125 311.36248779296875 314.88751220703125 313.431243896484375 314.806243896484375 313.537506103515625 310.818756103515625 312.912506103515625 311.26873779296875 311.524993896484375 306.70001220703125 303.83123779296875 305.375 300.79998779296875 295.78125
380.04376220703125 396.63751220703125 410.4375 422.92498779296875 432.65625 430.368743896484375 423.65625 417.82501220703125 407.89373779296875 393.993743896484375 379.46875 361.318756103515625 343.5 325.39373779296875 312.350006103515625 301.59375 289.625 281.243743896484375 279.03125 278.806243896484375 277.90625 279.162506103515625 279.131256103515625 279.76251220703125 279.92498779296875 283.337493896484375 292.287506103515625 299 303.29376220703125 303.13751220703125 300.931243896484375 301.481231689453125 303.056243896484375 301.70623779296875 301.850006103515625 298.34375 298.574981689453125 297.868743896484375 296.33123779296875 293.78125 293.64373779296875 290.73748779296875 289.131256103515625 285.09375
351.09375 364.6875 388.537506103515625 404.15625 418.712493896484375 420.625 421.162506103515625 424.21875 423.13751220703125 413.42498779296875 396.931243896484375 376.40625 353.662506103515625 333.787506103515625 318.881256103515625 305.399993896484375 291.149993896484375 281.53125 277.118743896484375 277.431243896484375 279.912506103515625 279.0625 276.774993896484375 277.0625 276.3125 276.837493896484375 284.837493896484375 288.40625 291.14373779296875 292.48126220703125 290.068756103515625 289.16876220703125 288.306243896484375 285.899993896484375 283.13751220703125 284.568756103515625 285.850006103515625 284.681243896484375 283.51251220703125 281.78125 279.83123779296875 280.537506103515625 276.01873779296875 271.85626220703125
345.399993896484375 354.82501220703125 361.70001220703125 379.38751220703125 399.73748779296875 405.087493896484375 412.743743896484375 423.11248779296875 431.20623779296875 429.024993896484375 408.78125 382.1875 361.3687744140625 341.64373779296875 325.04998779296875 308.76873779296875 292.26251220703125 281.587493896484375 275.48126220703125 275.85626220703125 277.837493896484375 275.59375 271.54376220703125 273.912506103515625 270.95623779296875 270.225006103515625 272.100006103515625 277.618743896484375 280.356231689453125 279.493743896484375 278.118743896484375 274.912506103515625 272.618743896484375 272.475006103515625 270.962493896484375 269.975006103515625 272.10626220703125 272.899993896484375 272.63751220703125 270.274993896484375 269.76251220703125 267.381256103515625 264.125 262.087493896484375
336.399993896484375 346.21875 351.20623779296875 353.48126220703125 374.01251220703125 386.431243896484375 395.056243896484375 403.125 413.91876220703125 415.79998779296875 399.73126220703125 373.48748779296875 357.16876220703125 341.07501220703125 322.98126220703125 310.33123779296875 292.95001220703125 280.57501220703125 275.024993896484375 275.95001220703125 274.993743896484375 272.8125 270.20001220703125 266.29998779296875 263.087493896484375 260.92498779296875 262.524993896484375 265.375 268.943756103515625 268.57501220703125 267.07501220703125 265.462493896484375 262.618743896484375 261.3125 258.943756103515625 259.29998779296875 259.91876220703125 260.09375 263 261.07501220703125 257.95623779296875 256.29998779296875 252.4499969482421875 250.118743896484375
330.58123779296875 338.38751220703125 342.318756103515625 345.32501220703125 353.537506103515625 358.40625 365.493743896484375 372.84375 371.26251220703125 375.243743896484375 370.54998779296875 356.524993896484375 346.631256103515625 335.618743896484375 322 309.20001220703125 297.868743896484375 287.90625 280.524993896484375 280.33123779296875 275.23126220703125 269.475006103515625 262.162506103515625 258.95001220703125 255.4812469482421875 254.162506103515625 253.7624969482421875 255.256256103515625 255.412506103515625 255.5187530517578125 255.03125 251.7937469482421875 247.912506103515625 246.21875 244.7624969482421875 246.53125 246.125 246.381256103515625 249.662506103515625 250.1437530517578125 246.0187530517578125 242.3874969482421875 238.8249969482421875 237.90625
323.9375 330.1875 333.368743896484375 338.85626220703125 346.01251220703125 350.14373779296875 345.33123779296875 333.3125 322.350006103515625 330.33123779296875 340.95001220703125 338.95623779296875 337.618743896484375 330.287506103515625 320.868743896484375 312.287506103515625 302.868743896484375 295.5 287.743743896484375 281.693756103515625 276.993743896484375 267.66876220703125 258.625 250.5625 247.40625 240.34375 242.2062530517578125 242.193756103515625 242.475006103515625 242.7375030517578125 242.0749969482421875 238.9187469482421875 236.0749969482421875 232.21875 228.53125 228.9562530517578125 229.96875 231.818756103515625 232.7937469482421875 230.125 229.256256103515625 226.212493896484375 223.9812469482421875 221.068756103515625
319.29376220703125 325.03125 329.5625 332.84375 337.443756103515625 338.84375 333.9375 324.631256103515625 307.36248779296875 301.79376220703125 313.125 320.58123779296875 326.9375 322.57501220703125 315.649993896484375 310.70001220703125 303.912506103515625 298.66876220703125 293.98126220703125 281.76873779296875 269.17498779296875 261.61248779296875 248.087493896484375 245.350006103515625 236.96875 228.8874969482421875 228.006256103515625 231.0749969482421875 234.59375 233.556243896484375 234.71875 230.818756103515625 223.568756103515625 217.75 215.8312530517578125 217 218.46875 220.4499969482421875 222.681243896484375 219.1437530517578125 215.6125030517578125 212.443756103515625 212.4499969482421875 212.21875
313.9375 320.806243896484375 324.92498779296875 329.225006103515625 329.931243896484375 331.162506103515625 328.287506103515625 322.20623779296875 313.5 310.76873779296875 313.743743896484375 311.649993896484375 319.59375 316.350006103515625 312.881256103515625 306.506256103515625 300.61248779296875 295.475006103515625 291.625 284.056243896484375 267.70001220703125 252.100006103515625 238.9250030517578125 233.75 223.5500030517578125 215.8625030517578125 214.912506103515625 217.993743896484375 223.0437469482421875 225.3874969482421875 223.6062469482421875 219.162506103515625 214.5 209.4499969482421875 205.1437530517578125 205.712493896484375 206.28125 208.493743896484375 210.774993896484375 211.1437530517578125 210.5625 209.625 204.318756103515625 199.8562469482421875
308.59375 316.556243896484375 319.162506103515625 323.42498779296875 323.88751220703125 326.600006103515625 325.524993896484375 318.86248779296875 313.193756103515625 313.743743896484375 317.243743896484375 318.6875 313.318756103515625 312.58123779296875 306.90625 300.287506103515625 295.20001220703125 291.225006103515625 286.743743896484375 281.98748779296875 273.181243896484375 252.3625030517578125 233.475006103515625 215.71875 211.368743896484375 207.006256103515625 206.2312469482421875 208.8625030517578125 210.625 210.806243896484375 211.131256103515625 209 204.056243896484375 198.899993896484375 194.1125030517578125 192.6687469482421875 193.131256103515625 196.068756103515625 200.4875030517578125 202.475006103515625 202.993743896484375 200.6999969482421875 199.3625030517578125 192.412506103515625
306.256256103515625 312.1875 315.375 319.375 321.67498779296875 321.01873779296875 323.1875 321.35626220703125 319.225006103515625 315.725006103515625 318.1875 322.15625 310.806243896484375 306.79376220703125 303.17498779296875 294.287506103515625 288.67498779296875 284.381256103515625 280.868743896484375 279.58123779296875 273.38751220703125 256.51873779296875 235.3312530517578125 215.1437530517578125 201.5625 192.506256103515625 190.8312530517578125 193.693756103515625 197.7624969482421875 198.09375 196.15625 194.5187530517578125 190.350006103515625 185.7937469482421875 183.587493896484375 184.90625 187.131256103515625 188.9875030517578125 191.837493896484375 194.475006103515625 196.8000030517578125 194.681243896484375 189.756256103515625 177.25
304.95001220703125 307.95623779296875 310.16876220703125 314.20623779296875 315.806243896484375 317.86248779296875 317.5 315.149993896484375 314.65625 315.912506103515625 317.45623779296875 318.25 311.506256103515625 295.381256103515625 288.79376220703125 285.118743896484375 279.32501220703125 275.28125 271.412506103515625 269.875 266.53125 248.806243896484375 228.506256103515625 208.912506103515625 186.0500030517578125 174.6062469482421875 178.524993896484375 182.5 187.462493896484375 188.912506103515625 185.9375 181.756256103515625 177.3125 172.712493896484375 171.71875 175.537506103515625 179.3937530517578125 183.962493896484375 188.6125030517578125 190.9375 191.4499969482421875 189.5500030517578125 178.8562469482421875 168.8562469482421875
297.131256103515625 300.45623779296875 303.84375 307.125 310.35626220703125 310.73126220703125 309.73126220703125 308.96875 310.931243896484375 311.818756103515625 307.600006103515625 304.412506103515625 297.631256103515625 287.29998779296875 271.01873779296875 270.225006103515625 264.631256103515625 259.16876220703125 257.306243896484375 256.17498779296875 249.96875 234.65625 217.1687469482421875 201.631256103515625 183.375 171.03125 170.7687530517578125 171.881256103515625 175.5500030517578125 175.3249969482421875 175.4875030517578125 171.024993896484375 166.850006103515625 162.9812469482421875 161.375 167.5 174.6062469482421875 181.6437530517578125 187.399993896484375 187.6437530517578125 181.125 173.225006103515625 170.125 169.1999969482421875
288.712493896484375 293.75 298.056243896484375 300.787506103515625 303 303.875 305.95623779296875 307.149993896484375 306.17498779296875 302.975006103515625 297.38751220703125 291.85626220703125 282.15625 271.131256103515625 251.2687530517578125 248.65625 245.462493896484375 243.7624969482421875 241.9375 239.662506103515625 234.318756103515625 222.59375 209.6062469482421875 201.431243896484375 190.6875 180.837493896484375 176.5812530517578125 175.3062591552734375 175.09375 172.9375 167.431243896484375 162.2312469482421875 160.375 154.0625 149.381256103515625 153.774993896484375 167.818756103515625 179.212493896484375 183.681243896484375 181.40625 174.375 170.9250030517578125 172.8874969482421875 170.649993896484375
279.524993896484375 284.193756103515625 290.13751220703125 294.26873779296875 295.83123779296875 298.70001220703125 301.48126220703125 301.98748779296875 298.45001220703125 295.38751220703125 288.056243896484375 280.118743896484375 269.63751220703125 259.89373779296875 243.4187469482421875 226.600006103515625 227.0187530517578125 230.6750030517578125 226.899993896484375 224.59375 220.03125 214.2624969482421875 206.8625030517578125 203.837493896484375 195.96875 186.1687469482421875 180.5124969482421875 176.34375 174.4562530517578125 172.7062530517578125 169.6125030517578125 163.15625 153.71875 144.6374969482421875 139.1750030517578125 151.6437530517578125 161.212493896484375 171.1750030517578125 177.7375030517578125 179.806243896484375 176.59375 172.8249969482421875 171.087493896484375 165.068756103515625
271.96875 277.431243896484375 281.45001220703125 286.931243896484375 291.649993896484375 292.28125 293.243743896484375 292.75 290.881256103515625 287.037506103515625 280.881256103515625 273.881256103515625 262.193756103515625 250.6750030517578125 237.443756103515625 224.037506103515625 209.5437469482421875 211.71875 212.2375030517578125 211.1875 207.8937530517578125 203.53125 201.2062530517578125 203.943756103515625 201.443756103515625 186.96875 179.131256103515625 175.1125030517578125 172.837493896484375 170.912506103515625 168.850006103515625 165.318756103515625 156.9499969482421875 149.1374969482421875 151.2687530517578125 156.1437530517578125 165.287506103515625 174.806243896484375 184.443756103515625 182.024993896484375 177.587493896484375 171.631256103515625 164.943756103515625 161.1062469482421875
262.16876220703125 269.95001220703125 275.631256103515625 280.23126220703125 285.01251220703125 288.287506103515625 287.368743896484375 285.08123779296875 281.306243896484375 278.100006103515625 272.25 267.556243896484375 253.59375 243.8312530517578125 231.53125 219.8874969482421875 206.475006103515625 193.7937469482421875 201.6500091552734375 199.618743896484375 196.274993896484375 193.8562469482421875 192.8000030517578125 196.90625 196.84375 186.056243896484375 175.7375030517578125 173.5625 172.0999908447265625 167.881256103515625 160.5124969482421875 154.4250030517578125 158.7624969482421875 158.318756103515625 157.2624969482421875 168.2937469482421875 176.8125 179.743743896484375 183.7312469482421875 182.243743896484375 172.90625 166.5437469482421875 160.6374969482421875 157.774993896484375
252.3187408447265625 261.20623779296875 266.54998779296875 273.76251220703125 280.14373779296875 281.15625 281.03125 279.98748779296875 276.04376220703125 273.868743896484375 266.287506103515625 254.1999969482421875 242.556243896484375 233.881256103515625 222.6750030517578125 213.756256103515625 204.256256103515625 189.537506103515625 184.225006103515625 184.1374969482421875 182.712493896484375 184.1125030517578125 174.4875030517578125 180.631256103515625 182.03125 180.2624969482421875 176.0187530517578125 170.462493896484375 169.1125030517578125 165.068756103515625 160.25 159.068756103515625 161.8249969482421875 161.287506103515625 162.3000030517578125 170.100006103515625 173.2687530517578125 173.7375030517578125 177.4375 173.399993896484375 165.7624969482421875 159.149993896484375 156.2312469482421875 155.806243896484375
