data/historical-monthly-weather-data/wc2.1_cruts4.09_10m_prec_2020-02.asc
ncols        51
nrows        45
xllcorner    -63.500000000000
yllcorner    -7.500000000000
cellsize     0.166666666667
NODATA_value -9999
[rows 0 to 19 of 45, columns 0 to 44 of 51]
44.09375 40.737499237060546875 38.512500762939453125 37.237499237060546875 35.725002288818359375 36.174999237060546875 36.49375152587890625 36.43125152587890625 37.59999847412109375 39.65000152587890625 42.91249847412109375 47.40000152587890625 51.918750762939453125 54.91249847412109375 59.643749237060546875 64.55625152587890625 69.7062530517578125 72.75 77.55625152587890625 82.4499969482421875 86.0812530517578125 89.59375 94.2687530517578125 99.1750030517578125 104.84375 111.2312469482421875 118.6750030517578125 126.75 135.4812469482421875 142.8625030517578125 150.9875030517578125 159.5812530517578125 165.806243896484375 172.34375 178.84375 179.350006103515625 177.068756103515625 173.6875 167.8562469482421875 159.9562530517578125 152.662506103515625 144.2624969482421875 134.5374908447265625 126.8562469482421875 119.69374847412109375
45.793750762939453125 42.28125 40.53749847412109375 38.9375 37.825000762939453125 39.03749847412109375 39.97499847412109375 41.293750762939453125 44.018749237060546875 46.862499237060546875 50.21875 54.487499237060546875 58.78125 62.49375152587890625 67.2375030517578125 71.84375 76.8312530517578125 82.0625 88.50624847412109375 94.71875 98.6875 103.0437469482421875 108.16249847412109375 113.1687469482421875 118.33750152587890625 124.8249969482421875 131.6687469482421875 139.6750030517578125 147.71875 154.618743896484375 161.212493896484375 169.806243896484375 175.712493896484375 182.318756103515625 187.3000030517578125 185.6125030517578125 181.375 175.4875030517578125 167.399993896484375 157.506256103515625 147.96875 137.7312469482421875 126.3312530517578125 116.77500152587890625 108.8125
48.924999237060546875 45.41249847412109375 43.77500152587890625 42.50624847412109375 41.887500762939453125 43.88124847412109375 46.387500762939453125 49.46875 53.83750152587890625 57.63124847412109375 61.08750152587890625 65.31874847412109375 69.24375152587890625 72.625 76.9187469482421875 81.13124847412109375 85.43125152587890625 90.625 96.4562530517578125 102.375 106.5812530517578125 111.99375152587890625 117.01874542236328125 122.3562469482421875 129 135.068756103515625 141.8312530517578125 149.8312530517578125 156.6999969482421875 162.443756103515625 169.3937530517578125 176.90625 182.8625030517578125 187.8249969482421875 192.9875030517578125 189.287506103515625 184.475006103515625 178.662506103515625 168.4875030517578125 157.243743896484375 146.09375 134.443756103515625 122.2687530517578125 110.9187469482421875 103.47499847412109375
51.86875152587890625 48.46250152587890625 47.418750762939453125 46.606250762939453125 47.049999237060546875 49.856250762939453125 53.96875 59.05625152587890625 65.3625030517578125 70.7624969482421875 74.49375152587890625 77.8937530517578125 80.61875152587890625 83.21875 87.28125 91.11875152587890625 94.9499969482421875 98.40625 103.49375152587890625 109.94374847412109375 114.93125152587890625 120.09375 124.84999847412109375 130.8937530517578125 137.6687469482421875 144.28125 151.6062469482421875 158.9187469482421875 165.2062530517578125 170.881256103515625 176.475006103515625 184.3562469482421875 188.850006103515625 193.631256103515625 197.1437530517578125 193.6374969482421875 188.100006103515625 181.087493896484375 170.350006103515625 157.9375 144.475006103515625 131.65625 118.66249847412109375 106.28749847412109375 98.8874969482421875
56.25624847412109375 52.16249847412109375 50.793750762939453125 50.668750762939453125 51.831249237060546875 56.112499237060546875 61.4375 68.6750030517578125 77.7937469482421875 85.6875 88.2312469482421875 89.94374847412109375 92.38124847412109375 94.7062530517578125 97.875 101.34375 104.77500152587890625 106.5437469482421875 111.16249847412109375 117.31874847412109375 122.94374847412109375 127.4562530517578125 132.712493896484375 139.4499969482421875 146.399993896484375 153.7062530517578125 159.4250030517578125 165.7312469482421875 173.4812469482421875 179.03125 184.475006103515625 190.28125 195.2312469482421875 199.618743896484375 202.318756103515625 198.243743896484375 192.7624969482421875 185.4562530517578125 173.46875 158.8874969482421875 144.3562469482421875 129.806243896484375 115.4562530517578125 102.47499847412109375 94.625
60.6875 56.987499237060546875 55.549999237060546875 55.27500152587890625 56.643749237060546875 61.83750152587890625 68.2312469482421875 76.18125152587890625 86.61875152587890625 96.50624847412109375 98.1062469482421875 99.5 102.15625 104.9187469482421875 108.16249847412109375 112.0500030517578125 114.7312469482421875 115.99375152587890625 120.38124847412109375 126.1875 131.09375 135.899993896484375 141.2062530517578125 147.4187469482421875 153.725006103515625 161.306243896484375 167.162506103515625 172.8249969482421875 179.4562530517578125 184.625 189.912506103515625 195.5 199.318756103515625 205.2624969482421875 208.774993896484375 205.1687469482421875 200.6125030517578125 194.0187530517578125 182.306243896484375 167.056243896484375 150.6062469482421875 135.162506103515625 120.27500152587890625 106.80625152587890625 98.125
65.6750030517578125 62.018749237060546875 60.97499847412109375 60.512500762939453125 61.88124847412109375 66.99375152587890625 73.4875030517578125 80.66249847412109375 89.9187469482421875 97.5 102.3874969482421875 106.46875 110.3874969482421875 114.25 118.38124847412109375 122.65625 126.6374969482421875 129.068756103515625 132.431243896484375 135.693756103515625 139.0562591552734375 143.7687530517578125 148.1374969482421875 153.8937530517578125 161.5749969482421875 168.40625 174.0500030517578125 180.006256103515625 184.7687530517578125 189.087493896484375 195.03125 200.4812469482421875 205.087493896484375 208.8312530517578125 212.493743896484375 211.306243896484375 207.6125030517578125 202.59375 191.9499969482421875 176.125 157.8000030517578125 141.9499969482421875 126.84375 112.91875457763671875 103.91249847412109375
70.7375030517578125 66.75624847412109375 65.90000152587890625 66.2937469482421875 67.81874847412109375 72.44374847412109375 77.8562469482421875 83.41249847412109375 90.05625152587890625 97.1437530517578125 104.86875152587890625 112.2687530517578125 118.46875 123.2062530517578125 127.80625152587890625 132.7687530517578125 137.4187469482421875 140.899993896484375 144.34375 144.5124969482421875 146.256256103515625 150.212493896484375 154.431243896484375 160.59375 168.2687530517578125 175.0749969482421875 180.46875 185.475006103515625 190.6750030517578125 194.587493896484375 198.90625 204.756256103515625 209.2062530517578125 213.5437469482421875 216.943756103515625 215.8249969482421875 213.443756103515625 209.256256103515625 197.9250030517578125 182.524993896484375 165.118743896484375 149.618743896484375 134.506256103515625 120.0437469482421875 111.8562469482421875
76.2312469482421875 72.3562469482421875 71.59999847412109375 72.1875 73.5437469482421875 77.4812469482421875 82.4499969482421875 87.0187530517578125 92.1125030517578125 98.9375 108.125 117.75 125.63124847412109375 131.59375 135.181243896484375 139.4250030517578125 143.118743896484375 146.1999969482421875 149.912506103515625 149.662506103515625 150.618743896484375 154.53125 159.2375030517578125 167.1999969482421875 175.1125030517578125 181.943756103515625 186.59375 191.368743896484375 196.837493896484375 200.306243896484375 204.787506103515625 210.375 214.462493896484375 218.2062530517578125 221.462493896484375 221.600006103515625 220.3000030517578125 217.056243896484375 206.8562469482421875 192.4875030517578125 175.943756103515625 161.1374969482421875 146.8249969482421875 133 125.9562530517578125
81.90000152587890625 78.1687469482421875 77.7312469482421875 78.17499542236328125 79.28749847412109375 83.00624847412109375 87.9562530517578125 92.55625152587890625 99.0124969482421875 106.4250030517578125 115.72499847412109375 124.81874847412109375 133.90625 140.0625 142.587493896484375 144.243743896484375 145.899993896484375 148.2375030517578125 149.774993896484375 150.5625 152.8937530517578125 157.71875 163.8937530517578125 173.65625 181.9499969482421875 188.618743896484375 193.5749969482421875 197.4562530517578125 203.318756103515625 206.7312469482421875 209.899993896484375 214.693756103515625 218.8687591552734375 223.46875 227.3000030517578125 227.9375 227.625 224.6687469482421875 215.1999969482421875 202.681243896484375 188.2687530517578125 174.6437530517578125 160.5 146.59375 141.1875
87.5812530517578125 83.93125152587890625 83.63124847412109375 84.15000152587890625 85.1437530517578125 88.9499969482421875 93.86875152587890625 99.31874847412109375 106.84999847412109375 115.28749847412109375 125.13124847412109375 134.5437469482421875 142.96875 148.806243896484375 149.4499969482421875 148.881256103515625 148.0437469482421875 148.881256103515625 149.5625 150.837493896484375 153.5437469482421875 159.2062530517578125 167.7687530517578125 177.243743896484375 188.350006103515625 195.037506103515625 199.1750030517578125 203.806243896484375 208.556243896484375 211.2687530517578125 214.7687530517578125 219.0187530517578125 222.7687530517578125 227.3625030517578125 232.431243896484375 234.2937469482421875 233.8125 232.5812530517578125 224.03125 212.21875 199.318756103515625 186.4499969482421875 173.2937469482421875 160.306243896484375 155.5374908447265625
94.1687469482421875 90.4812469482421875 90.1750030517578125 90.99375152587890625 92.4499969482421875 96.59999847412109375 101.9375 108.5749969482421875 116.8562469482421875 126.13124847412109375 136.662506103515625 145.462493896484375 151.399993896484375 155.087493896484375 155.2687530517578125 153.725006103515625 152.350006103515625 152.0625 151.618743896484375 151.881256103515625 154.3312530517578125 161.006256103515625 172.2375030517578125 184.774993896484375 195.7624969482421875 201.243743896484375 204.7312469482421875 209.1750030517578125 214.2375030517578125 217.7062530517578125 221.03125 224.381256103515625 228.087493896484375 232.149993896484375 236.8312530517578125 239.100006103515625 240.3874969482421875 239.8937530517578125 232.75 222.712493896484375 211.6374969482421875 198.9250030517578125 184.618743896484375 170.506256103515625 164.993743896484375
99.9875030517578125 96.61875152587890625 96.83750152587890625 97.90625 100.0812530517578125 104.96250152587890625 111.18125152587890625 118.21875 127.0500030517578125 137.625 148.40625 155.7687530517578125 159.53125 160.2375030517578125 159.787506103515625 157.774993896484375 156.1687469482421875 156.024993896484375 155.84375 155.337493896484375 156.0812530517578125 163.65625 176.337493896484375 188.6750030517578125 197.75 203.5437469482421875 208.899993896484375 214.09375 219.2874908447265625 222.9250030517578125 226.368743896484375 229.568756103515625 231.912506103515625 235.9375 240.568756103515625 242.631256103515625 244.100006103515625 245.556243896484375 240.618743896484375 232.7312469482421875 224.193756103515625 211.03125 194.3499908447265625 178.8125 171.806243896484375
105.86875152587890625 102.81874847412109375 103.52500152587890625 105.2312469482421875 108.13124847412109375 113.6062469482421875 120.81874847412109375 128.568756103515625 138.0749969482421875 148.6875 158.96875 163.681243896484375 165.4250030517578125 165.493743896484375 163.8874969482421875 162.4124908447265625 160.4562530517578125 160.943756103515625 161.006256103515625 161.8000030517578125 164.9812469482421875 172.1062469482421875 182.412506103515625 191.774993896484375 199.693756103515625 205.8249969482421875 212.28125 217.993743896484375 223.9875030517578125 226.7375030517578125 230.149993896484375 232.850006103515625 234.618743896484375 238.3874969482421875 242.443756103515625 245.131256103515625 248.287506103515625 250.975006103515625 248.8249969482421875 242.78125 233.8187408447265625 217.993743896484375 202.2375030517578125 188.1062469482421875 181.5
114.2624969482421875 111.6750030517578125 113.27500152587890625 116.3125 119.6437530517578125 126.0437469482421875 134.181243896484375 142.2375030517578125 151.462493896484375 161.181243896484375 169.806243896484375 173.8937530517578125 175.100006103515625 174.7937469482421875 173.53125 171.75 170.28125 170.65625 171.350006103515625 173.34375 177.59375 183.71875 192.25 199.6687469482421875 205.943756103515625 212.4499969482421875 218.78125 224.0124969482421875 229.5124969482421875 232.5124969482421875 234.4187469482421875 235.787506103515625 237.15625 239.368743896484375 242.962493896484375 244.931243896484375 249.431243896484375 254 253.2312469482421875 247.306243896484375 235.8937530517578125 222.725006103515625 209.506256103515625 196.131256103515625 188.756256103515625
122.53125 120.6437530517578125 123.24375152587890625 127.27500152587890625 131.943756103515625 139.100006103515625 147.8562469482421875 156.0625 164.8625030517578125 174.1875 182.006256103515625 185.7687530517578125 186.850006103515625 185.875 184.524993896484375 181.6062469482421875 181.100006103515625 182.475006103515625 183.9875030517578125 186.5812530517578125 190.399993896484375 195.806243896484375 202.837493896484375 209.4875030517578125 213.899993896484375 218.5625 223.875 229.59375 235.5625 238.5500030517578125 240.475006103515625 239.899993896484375 237.662506103515625 237.5625 238.7375030517578125 241.2375030517578125 247 254.03125 256.66876220703125 251.7062530517578125 240.337493896484375 227.3625030517578125 214.6437530517578125 202.181243896484375 193.71875
130.1374969482421875 129.649993896484375 133.125 138.1875 144.1062469482421875 151.993743896484375 161.287506103515625 170.287506103515625 178.6687469482421875 187.4562530517578125 195.4000091552734375 199.5749969482421875 201.149993896484375 200.3312530517578125 198.600006103515625 195.475006103515625 193.6062469482421875 194.5187530517578125 196.3000030517578125 199.5437469482421875 203.9187469482421875 208.850006103515625 214.2687530517578125 219.399993896484375 223.0749969482421875 224.8312530517578125 228.375 234.6312408447265625 241.506256103515625 245.725006103515625 246.943756103515625 244.806243896484375 239.100006103515625 233.256256103515625 232.5187530517578125 234.662506103515625 241.0437469482421875 252.787506103515625 262.193756103515625 254.65625 240.9562530517578125 228.818756103515625 216.256256103515625 204.6062469482421875 197.006256103515625
139.399993896484375 140.087493896484375 144.8312530517578125 150.962493896484375 157.524993896484375 165.7375030517578125 175.368743896484375 184.6875 192.943756103515625 201.375 209.9812469482421875 216.912506103515625 221.524993896484375 222.024993896484375 220.8874969482421875 217.9875030517578125 213.6062469482421875 211.431243896484375 214.5812530517578125 217.9187469482421875 222.9250030517578125 226.193756103515625 228.368743896484375 230.09375 231.6374969482421875 232.1999969482421875 234.2375030517578125 241.056243896484375 248.806243896484375 253.7062530517578125 253.787506103515625 245.868743896484375 236.912506103515625 228.3249969482421875 223.9250030517578125 223.3125 234.03125 246.71875 254.9625091552734375 250.0625 237.118743896484375 225.34375 213.837493896484375 203.4250030517578125 196.756256103515625
148.256256103515625 150.350006103515625 155.8874969482421875 162.337493896484375 169.806243896484375 179.15625 188.600006103515625 198.693756103515625 207.493743896484375 215.59375 225.03125 234.0625 242.274993896484375 247.4875030517578125 245.6750030517578125 240.0812530517578125 234.181243896484375 229.7687530517578125 231.1125030517578125 235.399993896484375 240.524993896484375 242.9250030517578125 239.9812469482421875 239.368743896484375 239.243743896484375 239.75 242.881256103515625 249.068756103515625 257.20001220703125 263.293731689453125 263.618743896484375 252.5437469482421875 238.0500030517578125 222.8562469482421875 213.162506103515625 213.9499969482421875 225.3937530517578125 237.46875 243.96875 240.412506103515625 230.8312530517578125 219.6687469482421875 209.7624969482421875 200.8312530517578125 195.28125
156.712493896484375 159.3874969482421875 165.568756103515625 172.6687469482421875 181.3874969482421875 191.462493896484375 201.9499969482421875 211.6875 220.5 228.8125 237.9250030517578125 249.243743896484375 262.068756103515625 273.600006103515625 269.64373779296875 258.350006103515625 249.03125 245.4499969482421875 246.28125 250.1687469482421875 250.912506103515625 249.868743896484375 249.212493896484375 247.1875 245.875 245.5749969482421875 250.006256103515625 257.162506103515625 263.35626220703125 268.14373779296875 266.306243896484375 257.475006103515625 238.587493896484375 217.6687469482421875 202.0749969482421875 205.725006103515625 220.9250030517578125 233.65625 238.1062469482421875 234.962493896484375 225.399993896484375 214.4562530517578125 206.9812469482421875 199.618743896484375 195.15625
