data/historical-monthly-weather-data/wc2.1_cruts4.09_10m_prec_2019-09.asc
ncols        45
nrows        45
xllcorner    -63.500000000000
yllcorner    -7.500000000000
cellsize     0.166666666667
NODATA_value -9999
[rows 19 to 37 of 45, columns 0 to 43 of 45]
110.75 116.96250152587890625 124.8249969482421875 134.2687530517578125 143.8249969482421875 152.5124969482421875 159.3249969482421875 164.993743896484375 173.756256103515625 179.6374969482421875 183.2687530517578125 182.7937469482421875 179.6999969482421875 175.59375 171.1750030517578125 168.743743896484375 163.368743896484375 165.5 164.524993896484375 170.5 170.681243896484375 173.3874969482421875 182.868743896484375 184.818756103515625 182.1687469482421875 173.21875 159.975006103515625 146.9499969482421875 128.868743896484375 111.4499969482421875 99.09375 100.1437530517578125 100.16249847412109375 101.7375030517578125 99.0812530517578125 88.0124969482421875 76.6875 66.65625 55.40625 43.4375 32.012500762939453125 23.46875 18.306249618530273438 14.681249618530273438
106.90625 113.8625030517578125 122.19374847412109375 131.15625 140.1374969482421875 148.7062530517578125 157.587493896484375 165.6750030517578125 176.618743896484375 185.2687530517578125 190.0124969482421875 191.881256103515625 189.1687469482421875 183.056243896484375 179.6750030517578125 173.4499969482421875 167.9562530517578125 165.4250030517578125 169.225006103515625 169.399993896484375 174.3937530517578125 180.6374969482421875 185.6374969482421875 186.28125 185.3625030517578125 177.662506103515625 162.6125030517578125 146.212493896484375 131.0187530517578125 120.9875030517578125 112.5500030517578125 110.97499847412109375 111.1999969482421875 113.75624847412109375 115.9250030517578125 99.7624969482421875 80.81874847412109375 66.9375 54.018749237060546875 42.418750762939453125 32.387500762939453125 24.868749618530273438 19.306249618530273438 15.287500381469726562
104.1437530517578125 109.5749969482421875 117.1687469482421875 125.6125030517578125 135.3937530517578125 146.3937530517578125 156.5812530517578125 167.8625030517578125 180.3562469482421875 190.912506103515625 198 201.962493896484375 203.193756103515625 199.568756103515625 194.8874969482421875 186.3249969482421875 180.4562530517578125 176.4375 178.756256103515625 178.46875 176.568756103515625 180.381256103515625 184.03125 183.25 179.9250030517578125 174.056243896484375 165.118743896484375 150.318756103515625 139.381256103515625 130.6999969482421875 122.4187469482421875 117.45624542236328125 115.9250030517578125 115.9875030517578125 110.3937530517578125 96.75 79.4562530517578125 66.1125030517578125 53.28125 42.549999237060546875 33.518749237060546875 26.649999618530273438 21.181249618530273438 16.681249618530273438
101.7624969482421875 108.11875152587890625 114.3249969482421875 122.34999847412109375 131.587493896484375 143.5625 156.4375 169.787506103515625 185.3874969482421875 196.6125030517578125 208.475006103515625 215.443756103515625 222.287506103515625 221.3312530517578125 211.7062530517578125 201.8125 193 189.274993896484375 187.100006103515625 185.6999969482421875 182.899993896484375 184.0625 184.15625 179.5124969482421875 176.9250030517578125 171.212493896484375 162.125 153.537506103515625 143.087493896484375 133.75 126.89374542236328125 122.0124969482421875 117.44374847412109375 112.49375152587890625 103.50624847412109375 88.77500152587890625 75.3625030517578125 63.53749847412109375 52.40000152587890625 43.362499237060546875 35.50624847412109375 28.71875 22.899999618530273438 18.006250381469726562
100.09999847412109375 104.75624847412109375 111.74375152587890625 119.1875 127.6125030517578125 141.537506103515625 155.6999969482421875 169.6374969482421875 185.53125 198.6125030517578125 210.7687530517578125 223.2312469482421875 236.25 235.4250030517578125 223.243743896484375 211.6750030517578125 202.875 198.21875 195.212493896484375 191.4875030517578125 187.962493896484375 185.875 186.193756103515625 181.2624969482421875 176.243743896484375 168.2312469482421875 158.9499969482421875 150.4562530517578125 143.7062530517578125 135.631256103515625 128.21875 122.88124847412109375 116 108.8625030517578125 99.5749969482421875 84.90625 73.46250152587890625 63.90000152587890625 53.8125 45.768749237060546875 37.90000152587890625 31.056249618530273438 25.143749237060546875 19.975000381469726562
99.58750152587890625 103.13124847412109375 109.31874847412109375 116.46250152587890625 128.318756103515625 141.850006103515625 155.725006103515625 170.15625 185.5 200.306243896484375 214.056243896484375 224.368743896484375 234.2937469482421875 236.7937469482421875 228.743743896484375 218.399993896484375 210.7687530517578125 204.375 199.818756103515625 196.7687530517578125 193.09375 189.337493896484375 190.1062469482421875 184.537506103515625 175.2375030517578125 168.7937469482421875 159.243743896484375 151 143.8625030517578125 136.681243896484375 128.6999969482421875 121.91249847412109375 115.7937469482421875 107.86875152587890625 97.84999847412109375 85.0625 75.5437469482421875 66.6437530517578125 56.75 48.356250762939453125 40.36875152587890625 33.725002288818359375 27.543750762939453125 22.537500381469726562
101.125 105.51250457763671875 110.3125 118.55625152587890625 128.3000030517578125 141.4499969482421875 155.9812469482421875 170.274993896484375 185.1374969482421875 200.5625 212.412506103515625 222.5625 230.78125 233.462493896484375 228.8874969482421875 221.850006103515625 214.6437530517578125 209.381256103515625 204.118743896484375 200.0749969482421875 196.056243896484375 191.600006103515625 192.0250091552734375 186.212493896484375 176.993743896484375 168.006256103515625 160.587493896484375 153.6687469482421875 145.225006103515625 137.8562469482421875 129.631256103515625 122.96875 114.6750030517578125 106.5437469482421875 98.125 88.5625 78.71875 69.93125152587890625 60.84999847412109375 51.75 43.762500762939453125 36.59375 30.037500381469726562 24.887500762939453125
103.99375152587890625 106.63124847412109375 112.1750030517578125 120.3125 128.837493896484375 141.625 154.7062530517578125 167.2312469482421875 179.4875030517578125 193.868743896484375 207.149993896484375 216.725006103515625 223.100006103515625 226.837493896484375 224.131256103515625 219.024993896484375 215.306243896484375 209.1875 204.6687469482421875 200.818756103515625 197.6875 193.350006103515625 192.212493896484375 189.1750030517578125 179.0625 170.4812469482421875 162.6374969482421875 153.649993896484375 145.0812530517578125 137.225006103515625 128.9812469482421875 120.9250030517578125 114.74375152587890625 107.22499847412109375 98.5625 89.97499847412109375 81.18125152587890625 72.1437530517578125 62.97499847412109375 53.950000762939453125 45.28125 38.512500762939453125 32.331249237060546875 26.831249237060546875
106.7375030517578125 108.84999847412109375 115.0187530517578125 121.5749969482421875 130.1374969482421875 141.34375 153.59375 165.243743896484375 175.868743896484375 189.4250030517578125 201.21875 209.5124969482421875 215.59375 221.181243896484375 218.837493896484375 215.274993896484375 211.975006103515625 207.3000030517578125 203.4812469482421875 201.631256103515625 198.256256103515625 194.96875 193.649993896484375 189.2312469482421875 181.7937469482421875 172.462493896484375 163.4499969482421875 154.0749969482421875 145 137.75 128.3249969482421875 120.30625152587890625 114.875 107.5 99.84375 91.21250152587890625 83.625 75.15625 65.7062530517578125 56.22499847412109375 47.34375 40.83750152587890625 34.143749237060546875 29.112499237060546875
109.8625030517578125 110.9875030517578125 115.9250030517578125 121.81874847412109375 129.1750030517578125 138.9562530517578125 149.743743896484375 161.0749969482421875 171.7687530517578125 183.337493896484375 193.84375 200.7937469482421875 208.806243896484375 213.0124969482421875 211.40625 212.131256103515625 212.71875 204.4499969482421875 200.837493896484375 199.8937530517578125 198.087493896484375 196.375 195.75 191.3125 181.975006103515625 173.8937530517578125 164.3625030517578125 155.40625 147.2687530517578125 137.78125 127.6437530517578125 119.30625152587890625 113.2375030517578125 107.16249847412109375 101.46250152587890625 92.7062530517578125 85.6999969482421875 77.9562530517578125 68.65625 58.700000762939453125 48.299999237060546875 41.393749237060546875 35.88124847412109375 31.556249618530273438
112.65000152587890625 112.42499542236328125 114.5500030517578125 118.3312530517578125 123.5187530517578125 132.6875 142.712493896484375 152.9250030517578125 162.618743896484375 172.4250030517578125 181.7624969482421875 190.2687530517578125 197.8312530517578125 203.1875 205.162506103515625 205.03125 204.318756103515625 200.375 195.962493896484375 195.100006103515625 195.100006103515625 195.6812591552734375 194.068756103515625 188.243743896484375 181.59375 175.2624969482421875 164.693756103515625 154.28125 144.256256103515625 136.118743896484375 128.0437469482421875 120.28125 113.36875152587890625 107.02500152587890625 101.4375 93.3312530517578125 86.3000030517578125 79.46875 69.0625 60.4375 51.03749847412109375 44.34999847412109375 38.768749237060546875 34.93125152587890625
113.21875 111.9187469482421875 113.5812530517578125 114.5437469482421875 118.28749847412109375 126.8937530517578125 134.84375 143.712493896484375 153.1062469482421875 162.618743896484375 171.087493896484375 179.0625 189.931243896484375 195.2624969482421875 196.9250030517578125 197.4250030517578125 199.7062530517578125 196.9562530517578125 193.100006103515625 193.912506103515625 194.1062469482421875 195.9812469482421875 195.6374969482421875 188.774993896484375 181.118743896484375 174.9187469482421875 163.9375 152.8249969482421875 142.631256103515625 133.2062530517578125 126.84375 120.15625 112.8312530517578125 107.7687530517578125 101.88124847412109375 92.6374969482421875 85.49375152587890625 78.9812469482421875 70.4187469482421875 61.9375 52.8125 46.700000762939453125 41.768749237060546875 38.27500152587890625
114.16249847412109375 110.4187469482421875 110.2062530517578125 110.7687530517578125 114.05625152587890625 120.59375 127.9187469482421875 135.8000030517578125 144.8562469482421875 153.1437530517578125 161.693756103515625 169.381256103515625 177.1062469482421875 185.3874969482421875 190.0437469482421875 194.6875 196.368743896484375 194.881256103515625 194.1624908447265625 196.7937469482421875 197.931243896484375 196.2375030517578125 196.25 188.1125030517578125 182.9250030517578125 173.431243896484375 161.212493896484375 151.53125 141.0812530517578125 132.524993896484375 126.40625 118.8937530517578125 112.15000152587890625 106.4875030517578125 100.02500152587890625 90.8937530517578125 83.38124847412109375 75.93125152587890625 68.46875 61.075000762939453125 53.53749847412109375 48.55625152587890625 44.84375 41.831249237060546875
110.25 107.4562530517578125 106.4812469482421875 106.9250030517578125 109.2687530517578125 114.63124847412109375 120.9187469482421875 126.4875030517578125 134.412506103515625 141.53125 153.28125 159.693756103515625 168.350006103515625 179.9562530517578125 185.162506103515625 191.5749969482421875 195.368743896484375 197.556243896484375 197.8562469482421875 200.46875 199.5749969482421875 197.381256103515625 193.881256103515625 186.1062469482421875 179.962493896484375 169.899993896484375 158.037506103515625 147.868743896484375 137.7937469482421875 131.71875 125.125 118.49375152587890625 110.75624847412109375 104.55625152587890625 98.3562469482421875 89.34999847412109375 81.2312469482421875 72.9250030517578125 66.9812469482421875 61.81874847412109375 56 52.0625 49.13124847412109375 46.393749237060546875
104.8562469482421875 103.28749847412109375 103.2062530517578125 103.5 104.6125030517578125 108.4875030517578125 113.40000152587890625 117.6687469482421875 124.03749847412109375 131.9375 140.787506103515625 151.46875 160.725006103515625 169.587493896484375 178.024993896484375 185.5 193.6750030517578125 197.71875 200.625 203.443756103515625 201.53125 197.131256103515625 192.1062469482421875 182.5749969482421875 174.15625 164.475006103515625 153.0749969482421875 143.118743896484375 133.100006103515625 127.65000152587890625 122.75624847412109375 117.1437530517578125 109.4812469482421875 102.27500152587890625 95.68125152587890625 88.38124847412109375 79.24375152587890625 70.9375 66.5812530517578125 62.331249237060546875 57.987499237060546875 55.78749847412109375 53.950000762939453125 51.75
100.27500152587890625 99.18125152587890625 99.34375 100.18125152587890625 101.09999847412109375 103.04375457763671875 106.65000152587890625 109.72499847412109375 114.55625152587890625 121.9812469482421875 131.587493896484375 143.493743896484375 153.4562530517578125 163.1687469482421875 172.3312530517578125 181.78125 190.5437469482421875 194.725006103515625 201.5749969482421875 204.225006103515625 202.556243896484375 196.90625 188.631256103515625 177.7312469482421875 166.9875030517578125 158.975006103515625 148.8937530517578125 138.306243896484375 128.693756103515625 123.5437469482421875 119.38124847412109375 113.96250152587890625 106.6875 99.5 92.1687469482421875 84.22499847412109375 76.50624847412109375 70 66.3312530517578125 63.725002288818359375 59.918750762939453125 57.96875 57.356250762939453125 55.549999237060546875
94.9562530517578125 93.8249969482421875 94.5500030517578125 95.44374847412109375 96.3625030517578125 98.61875152587890625 100.74375152587890625 104.3625030517578125 109.18125152587890625 115.2312469482421875 124.33750152587890625 134.8125 145.875 156.412506103515625 165.6750030517578125 175.912506103515625 184.6999969482421875 190.84375 197.725006103515625 203.0500030517578125 198.381256103515625 191.65625 181.2937469482421875 169.493743896484375 159.993743896484375 151.8125 141.875 132.78125 124.44374847412109375 119.33750152587890625 115.6687469482421875 111.1750030517578125 103.5625 96.77500152587890625 89.8312530517578125 82.59999847412109375 77.41249847412109375 71.6374969482421875 68.5500030517578125 66.16249847412109375 63.75 61.78125 60.50624847412109375 59.25
89.6374969482421875 89.0625 89.5500030517578125 90.03749847412109375 91.77500152587890625 94 96.59375 99.63124847412109375 104.41249847412109375 108.7312469482421875 117.9875030517578125 131.3249969482421875 141.375 150.40625 160.125 169.181243896484375 178.6062469482421875 182.962493896484375 187.8937530517578125 191.8562469482421875 189.0812530517578125 179.8000030517578125 170.243743896484375 158.8562469482421875 150.25 143.368743896484375 134.131256103515625 125.74375152587890625 118.6875 114.65625 111.11875152587890625 107.38124847412109375 100.9812469482421875 94.6687469482421875 88.3125 83.00624847412109375 78.58750152587890625 74.53749847412109375 71.4250030517578125 68.8562469482421875 66.5749969482421875 64.5749969482421875 63.762500762939453125 62.96250152587890625
84.27500152587890625 84.4499969482421875 85.125 85.3625030517578125 87.2062530517578125 90.0187530517578125 92.96875 96.49375152587890625 101.4875030517578125 105.46875 120.28125 131.5437469482421875 138.3562469482421875 144.9250030517578125 153.6125030517578125 162.75 168.993743896484375 172.7375030517578125 174.4499969482421875 175.1999969482421875 173.181243896484375 165.3125 157.350006103515625 147.318756103515625 139.40625 133.024993896484375 126.27500152587890625 119.71875 113.84999847412109375 110.52500152587890625 105.8562469482421875 102.38124847412109375 97.0749969482421875 92.6687469482421875 87.52500152587890625 82.1437530517578125 78.96875 75.93125152587890625 74.46875 72.5749969482421875 69.5437469482421875 68.8000030517578125 66.75 65.47499847412109375
