data/historical-monthly-weather-data/wc2.1_cruts4.09_10m_prec_1972-10.asc
ncols        51
nrows        45
xllcorner    -63.500000000000
yllcorner    -7.500000000000
cellsize     0.166666666667
NODATA_value -9999
[rows 20 to 39 of 45, columns 0 to 43 of 51]
192.537506103515625 205.431243896484375 213.4875030517578125 219.9375 224.90625 224.306243896484375 222.3249969482421875 217.7687530517578125 209.693756103515625 198.28125 185.40625 172.2375030517578125 159.90625 147.6437530517578125 139.0625 131.4250030517578125 123.6750030517578125 117.9250030517578125 115.2312469482421875 112.19374847412109375 111.5437469482421875 112.28125 113.66249847412109375 118.25 122.46250152587890625 124.1062469482421875 122.8937530517578125 117.8562469482421875 112.3312530517578125 107.9499969482421875 105.33750152587890625 106.6999969482421875 109.5437469482421875 113.9187469482421875 118.75 115.9375 112.3874969482421875 111.875 111.74375152587890625 111.625 110.6125030517578125 107.06874847412109375 101.0812530517578125 95.00624847412109375
180.431243896484375 196.212493896484375 206.0500030517578125 214.006256103515625 220.7375030517578125 221.5812530517578125 220.225006103515625 217.056243896484375 210.75 199.1999969482421875 185.25 171.34375 158.649993896484375 147.568756103515625 138.431243896484375 130.9499969482421875 124.40625 119.06874847412109375 115.52500152587890625 112.80625152587890625 111.05625152587890625 111.3000030517578125 113.02500152587890625 116.56874847412109375 119.41249847412109375 121.08750152587890625 122.03749847412109375 120.18125152587890625 118.25 116.5437469482421875 115.6125030517578125 116.7937469482421875 119.1374969482421875 122.99375152587890625 125.3874969482421875 123.9250030517578125 120.1750030517578125 117.40000152587890625 115.75 115.03749847412109375 113.6125030517578125 110.1875 105.66249847412109375 100.0812530517578125
171.34375 189.8562469482421875 201.1437530517578125 210.0749969482421875 216.5500030517578125 217.850006103515625 217.537506103515625 216.3874969482421875 213.1062469482421875 200.287506103515625 185.412506103515625 170.4375 158.4499969482421875 148.5749969482421875 139.4499969482421875 131.7375030517578125 125.2687530517578125 120.69374847412109375 116.8000030517578125 113.56874847412109375 112.4562530517578125 111.8562469482421875 112.4875030517578125 115.49375152587890625 117.7062530517578125 118.1875 120.61875152587890625 122.5625 122.55625152587890625 123 124.40000152587890625 126.65000152587890625 128.1374969482421875 130.7687530517578125 132 130.125 126.5187530517578125 122.33750152587890625 120.02500152587890625 120.26250457763671875 119.28125 116.03125 111.71875 106.15625
164.2375030517578125 183.3249969482421875 196.868743896484375 205.3125 211.899993896484375 213.3937530517578125 212.9250030517578125 212.6125030517578125 209.2062530517578125 197.774993896484375 183.1437530517578125 169.96875 158.9875030517578125 149.75 141.587493896484375 134.243743896484375 128.287506103515625 123.66249847412109375 119.52500152587890625 115.9375 114.71250152587890625 114.1999969482421875 113.53125 115.58750152587890625 116.83750152587890625 116.21250152587890625 117.7062530517578125 121.96250152587890625 125.6875 128.350006103515625 131.0812530517578125 133.899993896484375 135.6062469482421875 137.34375 138.4250030517578125 137.6125030517578125 134.662506103515625 130.375 128.4250030517578125 127.85625457763671875 126.77500152587890625 123.5124969482421875 118.8625030517578125 112.8000030517578125
162.3000030517578125 179.3125 193.3937530517578125 200.6875 207.0625 208.037506103515625 206.9562530517578125 205.087493896484375 200.8000030517578125 192.3249969482421875 181.3625030517578125 170.1062469482421875 160.506256103515625 152.100006103515625 144.337493896484375 137.787506103515625 131.931243896484375 127.3562469482421875 123.09375 119.47499847412109375 117.7937469482421875 116 115.3874969482421875 116.71875 117.91249847412109375 118.96875 121.03749847412109375 125.1687469482421875 129.5437469482421875 133.0437469482421875 136.2375030517578125 138.7624969482421875 141.4812469482421875 143.100006103515625 144.5625 143.8125 142.712493896484375 141.006256103515625 138.8312530517578125 138.21875 136.8312530517578125 132.9562530517578125 127.7312469482421875 122.1875
162.9562530517578125 176.5187530517578125 186.568756103515625 195.2687530517578125 201.3312530517578125 201.6687469482421875 200.1437530517578125 197.75 194.0625 188.0812530517578125 178.3937530517578125 169.774993896484375 161.443756103515625 153.9562530517578125 147.462493896484375 141.318756103515625 136.087493896484375 131.25 127.08750152587890625 123.3000030517578125 121.28749847412109375 118.9875030517578125 117.8312530517578125 119.21875 120.84375 122.65000152587890625 125.8249969482421875 129.587493896484375 133.75 137.625 140.0625 143.681243896484375 147.0437469482421875 148.8249969482421875 151.118743896484375 151.2312469482421875 151.243743896484375 151.46875 150.225006103515625 149.65625 148.4187469482421875 144.368743896484375 138.5500030517578125 132.899993896484375
170.306243896484375 179.193756103515625 186.6125030517578125 192.9812469482421875 197.475006103515625 197.806243896484375 195.931243896484375 193.3874969482421875 189.375 183.5187530517578125 177.2312469482421875 170.556243896484375 163.881256103515625 157.631256103515625 151.4000091552734375 146.068756103515625 140.5062408447265625 136.056243896484375 131.5124969482421875 127.38124847412109375 125.02500152587890625 122.2312469482421875 120.4250030517578125 122.8249969482421875 124.27500152587890625 126.3562469482421875 129.6687469482421875 133.537506103515625 137.962493896484375 141.4812469482421875 144.9375 147.6750030517578125 151.818756103515625 154.756256103515625 157.131256103515625 158.743743896484375 160.306243896484375 161.8125 162.131256103515625 163.1875 162.8312530517578125 159.28125 153.75 147.6687469482421875
178.03125 184.131256103515625 188.587493896484375 192.475006103515625 194.8937530517578125 194.412506103515625 192.8937530517578125 189.756256103515625 185.806243896484375 181.3187408447265625 175.84375 170.806243896484375 166.2375030517578125 160.725006103515625 155.4250030517578125 150.5187530517578125 145.8312530517578125 140.6062469482421875 136.15625 132.2937469482421875 129 125.6875 124.0124969482421875 125.8249969482421875 127.5437469482421875 129.9812469482421875 133.9437408447265625 138.2312469482421875 141.90625 145.2312469482421875 148.087493896484375 151.375 156.056243896484375 159.6750030517578125 163.774993896484375 166.118743896484375 168.4812469482421875 172.3937530517578125 173.818756103515625 176.837493896484375 179.7062530517578125 175.90625 168.8249969482421875 163.8125
185.9812469482421875 190.037506103515625 191.181243896484375 192.875 193.375 191.462493896484375 188.8937530517578125 186.1062469482421875 182.8562469482421875 179.6687469482421875 175.8000030517578125 172.0749969482421875 168.412506103515625 163.8937530517578125 159.6062469482421875 155.1125030517578125 151.03125 145.787506103515625 140.9499969482421875 136.8874969482421875 132.881256103515625 129.350006103515625 127.1437530517578125 128.774993896484375 130.600006103515625 133.462493896484375 137.6687469482421875 142.0187530517578125 146.6750030517578125 149.4250030517578125 151.46875 154.681243896484375 159.90625 164.4187469482421875 169.318756103515625 173.193756103515625 176.806243896484375 181.1999969482421875 183.1875 187.2562408447265625 192.350006103515625 188.693756103515625 181.962493896484375 179.600006103515625
194.9812469482421875 197.431243896484375 196.4250030517578125 194.962493896484375 194.037506103515625 190.5500030517578125 187.71875 185.2312469482421875 183.056243896484375 179.84375 177.3125 174.006256103515625 171.5749969482421875 168.087493896484375 163.9875030517578125 160.34375 155.7937469482421875 151.225006103515625 146.0749969482421875 140.9250030517578125 137.006256103515625 133.2375030517578125 130.3312530517578125 131.4187469482421875 133.600006103515625 137.0187530517578125 141.1750030517578125 145.3625030517578125 149.399993896484375 152.2624969482421875 155.1125030517578125 158.431243896484375 163.9312591552734375 169.65625 174.9875030517578125 179.649993896484375 183.993743896484375 189.6687469482421875 190.318756103515625 193.193756103515625 197.975006103515625 198.8000030517578125 195.65625 196.5625
203.7687530517578125 204.3000030517578125 201.743743896484375 197.3625030517578125 194.962493896484375 191.975006103515625 188.462493896484375 185.600006103515625 183.2624969482421875 180.4499969482421875 178.912506103515625 176.9562530517578125 175.774993896484375 173.0749969482421875 168.787506103515625 165.381256103515625 161.6999969482421875 156.4375 151.006256103515625 145.912506103515625 141.118743896484375 137 133.7937469482421875 134.65625 136.818756103515625 139.756256103515625 143.931243896484375 148.1062469482421875 151.9375 154.9187469482421875 158.46875 162.15625 168.162506103515625 174.806243896484375 180.9562530517578125 185.625 191.118743896484375 197.568756103515625 197.3562469482421875 195.2624969482421875 200.7437591552734375 206.162506103515625 208.600006103515625 210.21875
210.8249969482421875 209.90625 204.931243896484375 200.4437408447265625 198.1125030517578125 193.0625 188.943756103515625 185.84375 183.6687469482421875 181.5500030517578125 180.21875 179.5812530517578125 178.600006103515625 177.100006103515625 174.181243896484375 170.962493896484375 166.6750030517578125 160.625 155.8874969482421875 150.631256103515625 145.368743896484375 140.681243896484375 137.162506103515625 137.625 139.78125 142.3000030517578125 146.368743896484375 150.600006103515625 154.306243896484375 157.9499969482421875 161.7312469482421875 165.3625030517578125 172.100006103515625 179.875 186.09375 191.818756103515625 198.287506103515625 205.125 203.8874969482421875 203.556243896484375 210.431243896484375 217.78125 221.712493896484375 225.8312530517578125
216.462493896484375 214.306243896484375 208.9875030517578125 204.8000030517578125 201.0124969482421875 195.625 190.774993896484375 186.84375 184.2375030517578125 182.4812469482421875 183.837493896484375 182.962493896484375 183.225006103515625 183.131256103515625 180.1062469482421875 176.2937469482421875 171.28125 165.4250030517578125 160.193756103515625 154.9187469482421875 149.4375 144.5625 140.587493896484375 141.1750030517578125 142.787506103515625 144.850006103515625 148.743743896484375 152.4875030517578125 156.2624969482421875 161 165.212493896484375 169.568756103515625 175.5187530517578125 183.9187469482421875 192.274993896484375 200.1687469482421875 206.850006103515625 212.712493896484375 213.6062469482421875 218.4812469482421875 226.318756103515625 233.1750030517578125 238.8249969482421875 243.881256103515625
220.1750030517578125 217.9187469482421875 213.2687530517578125 209.024993896484375 203.649993896484375 198.125 192.7375030517578125 188.34375 184.4812469482421875 182.9187469482421875 183.399993896484375 185.881256103515625 188.8125 187.868743896484375 185.506256103515625 181.274993896484375 176.1750030517578125 170.462493896484375 164.256256103515625 159.306243896484375 153.6437530517578125 148.4499969482421875 144.28125 143.9250030517578125 145.506256103515625 147.25 150.462493896484375 154.024993896484375 158.087493896484375 163.2312469482421875 168.587493896484375 174.0437469482421875 181.381256103515625 189.1437530517578125 198.8562469482421875 207.375 214.368743896484375 220.931243896484375 225.287506103515625 232.600006103515625 239.8562469482421875 247.4562530517578125 255.8874969482421875 263.08123779296875
223.2937469482421875 221.40625 215.943756103515625 211.712493896484375 206.024993896484375 200.0749969482421875 194.056243896484375 189.4375 183.875 181.931243896484375 183.556243896484375 188.03125 193.149993896484375 194.524993896484375 190.40625 185.899993896484375 180.8562469482421875 174.8874969482421875 168.787506103515625 163.024993896484375 157.5749969482421875 151.96875 147.631256103515625 146.6125030517578125 147.6687469482421875 149.0749969482421875 152.3562469482421875 156.2312469482421875 160.212493896484375 165.600006103515625 171.3125 177.8937530517578125 185.9499969482421875 195.15625 204.4499969482421875 212.4562530517578125 219.931243896484375 229.2687530517578125 235.5812530517578125 243.21875 251.368743896484375 258.743743896484375 268.38751220703125 276.618743896484375
223.3125 221.381256103515625 216.993743896484375 211.84375 206.443756103515625 200.75 194.03125 188.375 182.181243896484375 179.1062469482421875 182.15625 188.368743896484375 195.5 197.475006103515625 194.125 189.318756103515625 183.787506103515625 178.2937469482421875 172.5124969482421875 166.631256103515625 161.524993896484375 156.4187469482421875 151.243743896484375 150.0749969482421875 150.4562530517578125 151.056243896484375 153.837493896484375 157.431243896484375 161.2375030517578125 167.40625 173.524993896484375 180.443756103515625 188.818756103515625 198.993743896484375 207.5625 214.6062469482421875 224.625 233.1125030517578125 239.9875030517578125 247.556243896484375 256.45001220703125 264.3125 270.912506103515625 279.806243896484375
222.9812469482421875 221.287506103515625 217.125 212.3687591552734375 207.2624969482421875 201.056243896484375 194.0124969482421875 187.5187530517578125 180.1687469482421875 174.381256103515625 179.524993896484375 190.993743896484375 196.9875030517578125 197.90625 195.875 191.8249969482421875 186.0749969482421875 181.0500030517578125 175.181243896484375 169.28125 164.3312530517578125 159.2624969482421875 154.818756103515625 152.962493896484375 152.5124969482421875 152.84375 155.09375 158.4499969482421875 162.5124969482421875 168.931243896484375 175.8687591552734375 182.4875030517578125 192.3562469482421875 202.7312469482421875 210.3312530517578125 218.9312591552734375 228.0812530517578125 237.3625030517578125 244.125 250.9375 259.16876220703125 264.806243896484375 272.32501220703125 281.600006103515625
223.3125 221.8937530517578125 217.693756103515625 213.2375030517578125 208.6374969482421875 202.337493896484375 196.493743896484375 189.993743896484375 183.0500030517578125 175.318756103515625 186.21875 197.7687530517578125 200.625 200.6374969482421875 198.125 194.037506103515625 188.1062469482421875 183.15625 177.8000030517578125 171.725006103515625 166.6374969482421875 161.1437530517578125 156.806243896484375 154.5187530517578125 154.212493896484375 154.3249969482421875 155.9875030517578125 159.118743896484375 162.993743896484375 170.0500030517578125 176.5812530517578125 184.181243896484375 194.46875 204.3562469482421875 213.1750030517578125 220.5749969482421875 230.3312530517578125 238.5749969482421875 246.5812530517578125 253.962493896484375 259.274993896484375 265.76251220703125 271.11248779296875 278.23748779296875
227.350006103515625 225.0124969482421875 220.993743896484375 216.287506103515625 211.274993896484375 205.1062469482421875 199.5124969482421875 195.587493896484375 191.7375030517578125 194.0437469482421875 205.4250030517578125 206.6374969482421875 204.4812469482421875 202.556243896484375 200.256256103515625 196.40625 190.71875 185.5124969482421875 179.368743896484375 173.7624969482421875 167.75 162.162506103515625 158.087493896484375 155.7937469482421875 154.7062530517578125 155.162506103515625 157.243743896484375 160.46875 163.8874969482421875 170.2937469482421875 177.556243896484375 184.6125030517578125 193.2312469482421875 201.899993896484375 211.5749969482421875 219.943756103515625 227.318756103515625 235.25 242.556243896484375 246.350006103515625 251.9499969482421875 257.256256103515625 260.875 266.57501220703125
232.475006103515625 229.3874969482421875 225.243743896484375 220.5 214.8249969482421875 209.75 204.2312469482421875 201.8874969482421875 200.4187469482421875 203.243743896484375 207.84375 209.524993896484375 208.243743896484375 205.443756103515625 203.225006103515625 198.84375 193.556243896484375 188.2624969482421875 181.4875030517578125 174.7937469482421875 168.5625 162.725006103515625 158.243743896484375 155.975006103515625 155.6999969482421875 155.9250030517578125 157.9875030517578125 161.4250030517578125 164.9375 171.0124969482421875 177.256256103515625 184.6374969482421875 193.9187469482421875 201.681243896484375 210.806243896484375 217.46875 223.256256103515625 230.0749969482421875 236.71875 238.2937469482421875 241.8874969482421875 246.600006103515625 249.0812530517578125 253.118743896484375
