data/historical-monthly-weather-data/wc2.1_cruts4.09_10m_prec_1959-01.asc
ncols        51
nrows        45
xllcorner    -63.500000000000
yllcorner    -7.500000000000
cellsize     0.166666666667
NODATA_value -9999
[rows 20 to 39 of 45, columns 0 to 44 of 51]
204.725006103515625 206.8000030517578125 208.962493896484375 212.4000091552734375 216.1750030517578125 222.306243896484375 229.1374969482421875 234.28125 239 242.037506103515625 244.068756103515625 245.337493896484375 248.649993896484375 252.4875030517578125 243.381256103515625 226.962493896484375 215.0437469482421875 209.1875 208.556243896484375 208.9187469482421875 218.5812530517578125 228.381256103515625 237.431243896484375 248.787506103515625 261.1875 274.0625 285.67498779296875 297.912506103515625 309.306243896484375 317.556243896484375 318.381256103515625 313.693756103515625 301.649993896484375 288.506256103515625 276.943756103515625 292.600006103515625 317.743743896484375 334.29376220703125 335.98748779296875 325.881256103515625 308.28125 288.743743896484375 273.431243896484375 260.587493896484375 249.256256103515625
197.462493896484375 199.068756103515625 201.256256103515625 205.6374969482421875 211.2312469482421875 217.8625030517578125 224.6999969482421875 231.5187530517578125 236.412506103515625 236.256256103515625 234.09375 229.256256103515625 226.875 227.1374969482421875 223.59375 215.53125 209.6750030517578125 206.681243896484375 205.71875 206.7062530517578125 213.818756103515625 223.162506103515625 233.6125030517578125 246.5187530517578125 260.70623779296875 275.83123779296875 290.806243896484375 301.60626220703125 310.125 314.037506103515625 310.88751220703125 305.73126220703125 299.89373779296875 297.256256103515625 297.67498779296875 312.631256103515625 338.96875 359.71875 360.743743896484375 346.26873779296875 324.78125 302.71875 284.98748779296875 270.07501220703125 256.600006103515625
190.368743896484375 192.46875 193.46875 197.7375030517578125 204.59375 212.9499969482421875 220.2937469482421875 227.850006103515625 234.587493896484375 230.9375 222.625 211.5749969482421875 204.0812530517578125 203.8562469482421875 205.96875 205.274993896484375 202.712493896484375 201.9187469482421875 201.6750030517578125 202.625 209.806243896484375 218.0749969482421875 227.243743896484375 240.6999969482421875 257.70623779296875 276.350006103515625 293.0625 303.662506103515625 310.1875 309.73748779296875 305.11248779296875 301.51873779296875 305.58123779296875 311.29376220703125 320.92498779296875 335.743743896484375 362.82501220703125 393.350006103515625 390.868743896484375 365.3125 338.899993896484375 315.475006103515625 293.912506103515625 277.16876220703125 262.51251220703125
182.7312469482421875 183.71875 184.1750030517578125 189.3625030517578125 197.9562530517578125 206.4499969482421875 214.7937469482421875 222.475006103515625 227.65625 222.21875 212.03125 200.3562469482421875 187.53125 190.0500030517578125 196.40625 198.631256103515625 198.1875 198.431243896484375 198.7624969482421875 200.056243896484375 205.6999969482421875 212.7062530517578125 220.931243896484375 234.3000030517578125 252.787506103515625 272.162506103515625 290.693756103515625 301.01873779296875 307.631256103515625 309.681243896484375 308.524993896484375 309.25 317.087493896484375 327.4375 340.743743896484375 356.381256103515625 380.16876220703125 406.90625 402.76873779296875 376.57501220703125 348.71875 323.11248779296875 300.57501220703125 282.58123779296875 267.83123779296875
176.0625 176.5187530517578125 176.287506103515625 183.756256103515625 194.912506103515625 202.6437530517578125 209.443756103515625 215.431243896484375 217.6875 214.125 206.4562530517578125 197.53125 190.1125030517578125 190.5625 193.5625 195.850006103515625 196.381256103515625 197.625 197.5812530517578125 197.274993896484375 201.806243896484375 206.6750030517578125 213.350006103515625 226.2312469482421875 244.40625 265.5625 282.98126220703125 297.61248779296875 307.399993896484375 313.83123779296875 317.58123779296875 323.475006103515625 332.068756103515625 344.243743896484375 358.4375 370.70623779296875 388.649993896484375 401.024993896484375 395.45623779296875 376.79376220703125 351.818756103515625 326.931243896484375 304.649993896484375 287.774993896484375 269.86248779296875
173.774993896484375 176.3874969482421875 177.725006103515625 185.024993896484375 193.53125 200.21875 205.375 208.6437530517578125 209.649993896484375 207.25 203.131256103515625 198.9499969482421875 195.243743896484375 194.8937530517578125 195.1875 196.125 196.899993896484375 198.056243896484375 197.7687530517578125 196.4562530517578125 200.0124969482421875 201.9187469482421875 206.2937469482421875 217.100006103515625 236.100006103515625 258.92498779296875 279.34375 295.837493896484375 309.65625 317.162506103515625 327.149993896484375 337.33123779296875 348.83123779296875 359.88751220703125 373.54998779296875 382.54376220703125 393.48126220703125 398.57501220703125 390.743743896484375 373.993743896484375 352.431243896484375 327.98126220703125 304.76251220703125 288.537506103515625 273.45001220703125
175.3937530517578125 178.6875 182.375 188.350006103515625 194.475006103515625 199.568756103515625 203.6687469482421875 205.0812530517578125 205.6374969482421875 205.4562530517578125 203.90625 202.756256103515625 201.7937469482421875 202.243743896484375 201.368743896484375 201.5187530517578125 201.6750030517578125 202.2937469482421875 202.243743896484375 199.6374969482421875 200.5187530517578125 201.899993896484375 202.5812530517578125 211.881256103515625 232.9187469482421875 255.5500030517578125 276.13751220703125 294.4375 310.83123779296875 321.40625 334.5 346.962493896484375 361.98748779296875 374.225006103515625 385.78125 394.29376220703125 402.168731689453125 403.100006103515625 391.83123779296875 376.368743896484375 355.274993896484375 328.84375 305.243743896484375 288.90625 282.056243896484375
178.756256103515625 181.743743896484375 186.6750030517578125 192.100006103515625 197.2312469482421875 200.3000030517578125 202.6437530517578125 203.287506103515625 204.337493896484375 204.631256103515625 204.75 206.1687469482421875 207.0500030517578125 208.5500030517578125 207.59375 207.368743896484375 206.993743896484375 208.8625030517578125 207.131256103515625 204.975006103515625 206.1062469482421875 205.3625030517578125 208.4499969482421875 218.7375030517578125 236.7312469482421875 257.006256103515625 276.774993896484375 294.78125 312.29376220703125 326.20001220703125 339.100006103515625 352.48748779296875 368.79376220703125 382.118743896484375 395.33123779296875 403.568756103515625 408.899993896484375 410.131256103515625 399.287506103515625 382.20001220703125 362.45623779296875 335.48126220703125 308.67498779296875 292.76251220703125 298.51873779296875
181.618743896484375 185.125 190.21875 196.068756103515625 200.6125030517578125 201.993743896484375 201.84375 202.5437469482421875 203.3874969482421875 204.600006103515625 206.2312469482421875 208.9875030517578125 211.8000030517578125 215.693756103515625 215.3249969482421875 215.59375 216.90625 217.2312469482421875 215.806243896484375 213.350006103515625 213.1999969482421875 212.28125 215.193756103515625 226.5812530517578125 242.649993896484375 260.51251220703125 279.443756103515625 297.33123779296875 315.9375 330.36248779296875 342.568756103515625 355.743743896484375 372.975006103515625 389.568756103515625 405.0625 412.82501220703125 419.618743896484375 421.181243896484375 411.04376220703125 393.91876220703125 371.58123779296875 344.82501220703125 321.787506103515625 312.368743896484375 319.868743896484375
188.162506103515625 191.5437469482421875 197.2312469482421875 203.256256103515625 206.6437530517578125 205.618743896484375 203.712493896484375 203.712493896484375 204.6062469482421875 205.7624969482421875 208.65625 213.493743896484375 218.1999969482421875 223.375 224.975006103515625 225.8562469482421875 227.03125 228.1437530517578125 227.8249969482421875 224.243743896484375 222.8312530517578125 222.537506103515625 224.131256103515625 234.556243896484375 249.46875 266 283.32501220703125 300.3125 318.36248779296875 332.493743896484375 346.3125 360.26873779296875 377.36248779296875 396.51873779296875 413.024993896484375 423.0625 431 436.943756103515625 428.03125 414.4375 397.850006103515625 375.668731689453125 357.04376220703125 348.774993896484375 346.850006103515625
193.787506103515625 197.0500030517578125 201.09375 206.399993896484375 209.993743896484375 206.5812530517578125 204.600006103515625 203.743743896484375 204.9875030517578125 207.3000030517578125 211.493743896484375 217.7687530517578125 224.2687530517578125 230.1125030517578125 233.524993896484375 235.59375 238.256256103515625 240.131256103515625 239.931243896484375 236.3125 233.3874969482421875 231.4812469482421875 233.0437469482421875 242.4499969482421875 255.368743896484375 271.51873779296875 287.993743896484375 303.98126220703125 322.01873779296875 335.83123779296875 350.381256103515625 365.41876220703125 383.024993896484375 403.056243896484375 421.07501220703125 433.42498779296875 443.399993896484375 453.54376220703125 449.337493896484375 439.38751220703125 428.556243896484375 410.431243896484375 394.806243896484375 382.725006103515625 378.399993896484375
198.125 200.493743896484375 203.0500030517578125 206.006256103515625 207.2937469482421875 205.0749969482421875 204.4812469482421875 203.1875 205.1125030517578125 208.2312469482421875 213.193756103515625 220.756256103515625 228.9375 237.193756103515625 242.21875 245.4875030517578125 247.8125 249.225006103515625 247.8874969482421875 245.2375030517578125 241.5437469482421875 239.0124969482421875 240.21875 248.6999969482421875 261.712493896484375 276.118743896484375 291.13751220703125 307.131256103515625 323.256256103515625 339.024993896484375 354.21875 369.9375 389.08123779296875 410.16876220703125 429.83123779296875 443.524993896484375 458.462493896484375 468.70623779296875 466.13751220703125 461.5625 459.6875 446.100006103515625 433.29376220703125 425.85626220703125 421.58123779296875
204.375 206 207.787506103515625 209.1750030517578125 208.493743896484375 206.59375 205.0187530517578125 204.0187530517578125 205.131256103515625 209.756256103515625 216.837493896484375 225.806243896484375 236.8625030517578125 247.818756103515625 253.0187530517578125 256.59375 258.756256103515625 258.375 256.243743896484375 253.943756103515625 250.5625 248.006256103515625 248.2312469482421875 257.01873779296875 268.08123779296875 281.13751220703125 295.131256103515625 308.70623779296875 324.225006103515625 342.29376220703125 358.15625 373.506256103515625 394.375 417.32501220703125 437.306243896484375 453.693756103515625 469.225006103515625 481.443756103515625 480.26873779296875 484.899993896484375 486.95623779296875 479.38751220703125 473.350006103515625 472.48748779296875 477.85626220703125
210.318756103515625 211.34375 211.837493896484375 211.993743896484375 209.7062530517578125 207.7937469482421875 206.1875 204.59375 205.8249969482421875 209.681243896484375 217.693756103515625 230.931243896484375 245.3000030517578125 257.38751220703125 263.45623779296875 267.006256103515625 270.23748779296875 269.412506103515625 265.66876220703125 262.07501220703125 259.07501220703125 256.83123779296875 256.837493896484375 263.98126220703125 273.4375 284.15625 296.76873779296875 310.662506103515625 326.60626220703125 344.01251220703125 362.03125 379.09375 400.45001220703125 425.006256103515625 446.53125 463.787506103515625 479.256256103515625 490.88751220703125 496.375 504.274993896484375 509.23748779296875 508.368743896484375 509.537506103515625 514.70623779296875 524.0250244140625
217.537506103515625 217.149993896484375 216.5437469482421875 214.7624969482421875 212.100006103515625 210.037506103515625 207.2062530517578125 204.9562530517578125 204.306243896484375 208.625 219.1437530517578125 235.537506103515625 254.71875 269.743743896484375 275.875 278.6875 281.26251220703125 278.82501220703125 274.48748779296875 269.04998779296875 266.79376220703125 264.75 264.54376220703125 269.9375 277.89373779296875 285.725006103515625 298.462493896484375 312.5 327.806243896484375 345.287506103515625 364.4375 384.23126220703125 407.225006103515625 431.14373779296875 453.068756103515625 470.54376220703125 484.993743896484375 501.631256103515625 510.256256103515625 518.15625 526.4625244140625 528.5562744140625 534.5250244140625 542.54376220703125 549.6500244140625
226.875 225.4375 223.875 221.2687530517578125 218.068756103515625 214.350006103515625 211.037506103515625 206.962493896484375 204.6125030517578125 207.5124969482421875 219.756256103515625 240.59375 263.306243896484375 280.20001220703125 287.1875 290.45001220703125 291.787506103515625 288.40625 283.181243896484375 277.04998779296875 273.899993896484375 272.375 271.337493896484375 274.899993896484375 281.10626220703125 288.543731689453125 299.92498779296875 313.056243896484375 327.92498779296875 345.83123779296875 366.51873779296875 386.85626220703125 411.34375 435.881256103515625 457.475006103515625 472.03125 489.331268310546875 503.149993896484375 508.743743896484375 516.7562255859375 525.71875 530.7750244140625 537.10626220703125 546.625 551.60626220703125
236.53125 234.506256103515625 231.6062469482421875 228.4250030517578125 224.6999969482421875 220.71875 217.3312530517578125 211.8625030517578125 206.5500030517578125 204.350006103515625 220.681243896484375 250.475006103515625 274.26251220703125 288.9375 297.04376220703125 301.16876220703125 302.38751220703125 298.0625 291.850006103515625 284.618743896484375 281.475006103515625 278.3125 277.11248779296875 279.41876220703125 284.493743896484375 291.25 301.70001220703125 314.38751220703125 328.26873779296875 347.162506103515625 368.350006103515625 389.568756103515625 415.162506103515625 440.41876220703125 461.818756103515625 475.70623779296875 489.29376220703125 499.6875 505.4375 511.03125 516.67498779296875 522.9000244140625 532.79998779296875 542.4625244140625 547.125
245.756256103515625 243.100006103515625 239.53125 236.475006103515625 232.943756103515625 229.9562530517578125 226.2624969482421875 221.3249969482421875 216.693756103515625 212.462493896484375 241.125 272.350006103515625 289.75 300.48126220703125 307.993743896484375 311.837493896484375 312.149993896484375 307.84375 301.41876220703125 293.45623779296875 288.78125 284.04376220703125 281.618743896484375 282.95623779296875 286.9375 293.16876220703125 302.225006103515625 313.837493896484375 327.256256103515625 347.493743896484375 368.618743896484375 389.11248779296875 414.618743896484375 440.568756103515625 461.58123779296875 474.037506103515625 483.38751220703125 492.475006103515625 497.881256103515625 501.631256103515625 504.881256103515625 513.29376220703125 521.66876220703125 529.04376220703125 536.35626220703125
253.587493896484375 249.0187530517578125 246.131256103515625 243.212493896484375 240.462493896484375 238.350006103515625 235.837493896484375 235.53125 240.1374969482421875 256.13751220703125 290.975006103515625 301.743743896484375 307.693756103515625 314.28125 319.600006103515625 321.649993896484375 321.92498779296875 315.993743896484375 308.399993896484375 300.20623779296875 292.70001220703125 286.92498779296875 283.931243896484375 284.818756103515625 287.89373779296875 293.381256103515625 302.35626220703125 313.462493896484375 326.63751220703125 346.8125 366.243743896484375 384.79376220703125 406.26251220703125 426.5625 447.98126220703125 458.649993896484375 465.5625 473.51251220703125 476.8125 477.51251220703125 480.26251220703125 486.256256103515625 492.056243896484375 500.21875 506.625
261.53125 256.66876220703125 253.2937469482421875 249.7375030517578125 248.7687530517578125 248.59375 248.787506103515625 253.212493896484375 263.84375 282.23126220703125 303.818756103515625 317 323.01251220703125 328.29998779296875 331.318756103515625 332.79998779296875 332.037506103515625 325.787506103515625 315.899993896484375 306.01873779296875 294.84375 288.29376220703125 284.631256103515625 284.96875 288.23748779296875 293.04998779296875 301.943756103515625 313.212493896484375 325.36248779296875 343.443756103515625 360.625 378.962493896484375 398.649993896484375 415.21875 429.712493896484375 438.54998779296875 444.32501220703125 450.118743896484375 451.806243896484375 451.23126220703125 453.53125 457.743743896484375 461.07501220703125 467.07501220703125 473.006256103515625
