data/historical-monthly-weather-data/wc2.1_cruts4.09_10m_prec_1976-01.asc
ncols        45
nrows        45
xllcorner    -63.500000000000
yllcorner    -7.500000000000
cellsize     0.166666666667
NODATA_value -9999
[rows 0 to 19 of 45, columns 0 to 44 of 45]
140.381256103515625 137.1374969482421875 132.09375 129.1875 125.25624847412109375 125.36875152587890625 124.09999847412109375 120.9187469482421875 118.16875457763671875 117.05625152587890625 117.1125030517578125 117 115.8874969482421875 111.93125152587890625 109.46250152587890625 108.5187530517578125 107.7624969482421875 105.27500152587890625 107.58750152587890625 109.99375152587890625 113.7624969482421875 118.9187469482421875 124.1999969482421875 129.024993896484375 135.5 141.28125 147.6687469482421875 155.3000030517578125 163.993743896484375 172.631256103515625 182.181243896484375 192.15625 200.787506103515625 211.53125 220.84375 230.3562469482421875 236.8625030517578125 241.818756103515625 246.15625 249.7062530517578125 252.2062530517578125 254.631256103515625 255.7062530517578125 257.225006103515625 259.087493896484375
150.149993896484375 145.1125030517578125 140.256256103515625 136.006256103515625 132.8562469482421875 133.2937469482421875 132.2937469482421875 131.368743896484375 130.625 130.0625 128.7062530517578125 126.6437530517578125 123.66249847412109375 120.8562469482421875 117.83750152587890625 115.3937530517578125 113.19374847412109375 111.9562530517578125 113.3562469482421875 116.4875030517578125 121.3249969482421875 126.53749847412109375 132.5124969482421875 138.625 143.96875 149.34375 156.4499969482421875 163.9499969482421875 171.6999969482421875 180.368743896484375 188.5 196.475006103515625 204.462493896484375 215.875 224.1875 230.3937530517578125 238.6875 243.068756103515625 245.4562530517578125 247.618743896484375 249.96875 251.6062469482421875 250.78125 251.3562469482421875 251.90625
161.7687530517578125 156.625 150.875 146.0749969482421875 142.6750030517578125 143.0124969482421875 143.274993896484375 143.850006103515625 143.881256103515625 143.4812469482421875 141.71875 138.46875 135.0437469482421875 130.875 127.03125 122.96875 120.22499847412109375 119.2062530517578125 120.11875152587890625 124.22499847412109375 130.0124969482421875 136.875 143.225006103515625 148.6125030517578125 153.6125030517578125 158.587493896484375 165.725006103515625 173.03125 179.431243896484375 186.6687469482421875 195.618743896484375 204.118743896484375 213.662506103515625 221.274993896484375 231.287506103515625 237.2937469482421875 244.46875 250.15625 252.006256103515625 252.6125030517578125 254.9499969482421875 254.8125 253.4875030517578125 252.3874969482421875 250.337493896484375
172.7312469482421875 167.6687469482421875 163.274993896484375 157.8937530517578125 154.837493896484375 152.6062469482421875 154.0500030517578125 156.5187530517578125 158.443756103515625 159.2562408447265625 156.037506103515625 151.1687469482421875 146.34375 141.287506103515625 136.875 132.0124969482421875 127.69374847412109375 125.4250030517578125 127.13750457763671875 133.243743896484375 141.3312530517578125 148.8312530517578125 153.725006103515625 159.4562530517578125 164.631256103515625 169.5437469482421875 176.693756103515625 181.8625030517578125 187.649993896484375 195.037506103515625 203.243743896484375 213.037506103515625 221.7624969482421875 229.6125030517578125 237.59375 245.4562530517578125 251.368743896484375 257.318756103515625 259.45001220703125 260.92498779296875 260.46875 260.181243896484375 257.73126220703125 254.1687469482421875 251.243743896484375
189.868743896484375 181.881256103515625 174.7312469482421875 169.46875 165.3562469482421875 164.306243896484375 164.5500030517578125 167.9875030517578125 172.40625 174.8000030517578125 169.806243896484375 163.649993896484375 158.743743896484375 153.71875 148.5812530517578125 142.787506103515625 137.0625 132.4375 136.068756103515625 144.8062591552734375 154.5875091552734375 161.65625 166.681243896484375 171.5187530517578125 175.993743896484375 181.8125 185.9875030517578125 190.587493896484375 198.0500030517578125 204.6687469482421875 212.4375 218.7624969482421875 228.600006103515625 237.912506103515625 245.9562530517578125 253.118743896484375 260.29376220703125 263.86248779296875 265.82501220703125 266.337493896484375 267.537506103515625 264.75 261.63751220703125 256.23748779296875 252.0124969482421875
202.774993896484375 195.2687530517578125 187.5 180.3000030517578125 175.375 174.462493896484375 175.1125030517578125 177.3249969482421875 181.78125 185.3125 180.100006103515625 175.3937530517578125 170.912506103515625 166.8937530517578125 161.6125030517578125 157.9375 152.1125030517578125 147.243743896484375 152.8562469482421875 162.03125 170.21875 175.875 181.1999969482421875 184.4187469482421875 188.75 193.693756103515625 198.0625 201.975006103515625 208.15625 215.1125030517578125 221.0749969482421875 226.912506103515625 233.28125 241.774993896484375 251.462493896484375 257.29376220703125 263.068756103515625 267.21875 269.162506103515625 270.76873779296875 269.337493896484375 266.9375 262.60626220703125 257.26873779296875 252.65625
215.693756103515625 207.9375 200.212493896484375 191.0124969482421875 183.8312530517578125 180.818756103515625 180.625 181.381256103515625 183.375 184.149993896484375 184.6374969482421875 183.7312469482421875 183.0500030517578125 181.1374969482421875 178.1687469482421875 176.412506103515625 174.9375 176.350006103515625 181.6750030517578125 186.0749969482421875 187.9250030517578125 191.7312469482421875 193.806243896484375 196.756256103515625 201.3687591552734375 205.118743896484375 209.118743896484375 213.3312530517578125 217.7312469482421875 223.28125 229.9375 234.8937530517578125 239.350006103515625 245.087493896484375 252.03125 258.912506103515625 263.98126220703125 268.5625 272.65625 272.21875 269.57501220703125 266.65625 262.33123779296875 257.23748779296875 252.162506103515625
230.0749969482421875 219.056243896484375 210.287506103515625 201.4875030517578125 193.1999969482421875 189.881256103515625 186.7062530517578125 181.8874969482421875 179.524993896484375 182.7624969482421875 188.681243896484375 192.59375 195.5625 195.3249969482421875 195.4250030517578125 196.118743896484375 198.6750030517578125 204.493743896484375 212.7624969482421875 211.006256103515625 206.399993896484375 206.3000030517578125 206.774993896484375 209.6125030517578125 214.306243896484375 217.162506103515625 219.96875 223.337493896484375 228.649993896484375 233.7062530517578125 237.6999969482421875 241.8562469482421875 244.7312469482421875 248.587493896484375 253.337493896484375 259.08123779296875 264.01251220703125 268.306243896484375 271.125 272.225006103515625 270.88751220703125 268.07501220703125 264.024993896484375 258.431243896484375 254.71875
241.53125 229.931243896484375 221.193756103515625 211.2687530517578125 203.399993896484375 198.4375 194.0437469482421875 188.693756103515625 183.8874969482421875 185.181243896484375 196.2249908447265625 203.587493896484375 209.631256103515625 211.3249969482421875 212.59375 213.9562530517578125 216.7937469482421875 222.75 229.556243896484375 225.8000030517578125 218.40625 217.600006103515625 217.0812530517578125 222.149993896484375 226.1687469482421875 228.274993896484375 230.743743896484375 232.625 237.618743896484375 242.8125 247.1875 249.0625 251.0437469482421875 252.8312530517578125 255.850006103515625 259.70001220703125 264.600006103515625 268.131256103515625 270.64373779296875 272.068756103515625 270.59375 267.912506103515625 266.46875 263.26251220703125 259.381256103515625
252.5 240.4562530517578125 230.2937469482421875 220.993743896484375 213.493743896484375 209.0187530517578125 204.600006103515625 200.8625030517578125 199.75 204.0437469482421875 212.5500030517578125 219.9562530517578125 225.899993896484375 228.506256103515625 229.756256103515625 230.931243896484375 231.71875 233.65625 234.4375 231.625 225.587493896484375 224.9812469482421875 225.9562530517578125 233.0812530517578125 235.712493896484375 236.6687469482421875 238.774993896484375 241.024993896484375 244.493743896484375 249.09375 252.493743896484375 254.53125 256.13751220703125 257.51251220703125 259.54998779296875 261.493743896484375 264.35626220703125 267.26251220703125 269.32501220703125 270.6875 271.274993896484375 269.600006103515625 268.29998779296875 264.556243896484375 262.29998779296875
264.681243896484375 252.337493896484375 240.962493896484375 231.2062530517578125 222.975006103515625 219.4187469482421875 216.3125 215.631256103515625 217.7624969482421875 223.6437530517578125 233.3312530517578125 240.712493896484375 244.1687469482421875 245.587493896484375 245.5 244.837493896484375 242.850006103515625 240.71875 237.306243896484375 232.8125 229.8937530517578125 229.568756103515625 233.8062591552734375 239.368743896484375 245.03125 244.28125 245.2062530517578125 247.2062530517578125 250.0124969482421875 252.274993896484375 255.25 257.90625 259.5 260.54376220703125 261.368743896484375 263.23748779296875 264.63751220703125 265.36248779296875 268.07501220703125 270.20623779296875 270.88751220703125 268.59375 267.84375 265.20623779296875 263.524993896484375
273.60626220703125 260.943756103515625 250.243743896484375 241.9562530517578125 234.4187469482421875 230.6687469482421875 229.1125030517578125 231.5500030517578125 236.09375 242.725006103515625 253.38751220703125 263.162506103515625 264.175018310546875 262.96875 261.274993896484375 257.65625 254.0500030517578125 247.443756103515625 241.8000030517578125 234.681243896484375 230.3562469482421875 231.0625 238.274993896484375 248.1125030517578125 251.868743896484375 247.5437469482421875 247.881256103515625 249.368743896484375 252.568756103515625 256.212493896484375 259.037506103515625 260.912506103515625 262.431243896484375 263.28125 264.087493896484375 265.75 267.04998779296875 267.243743896484375 269.71875 272.38751220703125 273.181243896484375 270.625 266.63751220703125 262.21875 258.45623779296875
283.649993896484375 271.537506103515625 261.537506103515625 252.975006103515625 245.6374969482421875 244.2375030517578125 243.6687469482421875 245.65625 251.5999908447265625 259.887481689453125 270.725006103515625 280.943756103515625 282.381256103515625 277.318756103515625 274.243743896484375 269.649993896484375 263.67498779296875 256.8125 248.9250030517578125 239.5812530517578125 229.375 231.568756103515625 241.0812530517578125 248.1125030517578125 246.2375030517578125 243.006256103515625 247.3625030517578125 251.899993896484375 255.375 259.506256103515625 262.41876220703125 263.76251220703125 264.274993896484375 264.743743896484375 265.274993896484375 266.71875 267.318756103515625 267.29376220703125 269.125 271.587493896484375 273.63751220703125 269.96875 260.57501220703125 251.53125 246.131256103515625
291.61248779296875 280.649993896484375 271.09375 263.07501220703125 256.70623779296875 254.412506103515625 254.881256103515625 259.23748779296875 265.993743896484375 274.82501220703125 283.38751220703125 291.225006103515625 291.76873779296875 289.26873779296875 283.95001220703125 279.931243896484375 272.75 265.881256103515625 256.79376220703125 247.78125 240.0625 240.34375 243.993743896484375 247.75 245.15625 244.21875 248.6999969482421875 253.3000030517578125 258.600006103515625 262.337493896484375 265.13751220703125 266.318756103515625 265.83123779296875 264.931243896484375 265.556243896484375 266.26251220703125 266.975006103515625 267.587493896484375 267.931243896484375 268.17498779296875 266.88751220703125 256.29998779296875 248.2062530517578125 243.375 240.90625
298.70623779296875 287.91876220703125 279.412506103515625 271.84375 266.96875 265.818756103515625 267.78125 271.41876220703125 277.8125 285.16876220703125 293.59375 299.65625 301.256256103515625 299.893768310546875 294.26873779296875 289.143768310546875 281.71875 273.212493896484375 264.96875 258.1875 252.2375030517578125 249.1750030517578125 250.28125 251.0124969482421875 251.0437469482421875 251.068756103515625 254.2312469482421875 258.84375 263.11248779296875 267.25 268.962493896484375 268.125 268.16876220703125 265.88751220703125 264.98126220703125 264.29998779296875 265.32501220703125 266.67498779296875 265.274993896484375 257.368743896484375 246.493743896484375 240.6125030517578125 239.6687469482421875 238.6125030517578125 234.524993896484375
304.350006103515625 293.274993896484375 285.65625 278.774993896484375 274.806243896484375 274.54998779296875 277.28125 280.84375 286.3125 294.10626220703125 302.287506103515625 308.23748779296875 310.600006103515625 309.71875 304.96875 296.287506103515625 289.48126220703125 281.381256103515625 272.71875 266.681243896484375 263.368743896484375 260.375 259.274993896484375 258.45623779296875 257.631256103515625 257.39373779296875 259.149993896484375 264.35626220703125 269.306243896484375 273.79998779296875 274.95623779296875 272.456268310546875 268.087493896484375 264.45623779296875 261.662506103515625 262.79376220703125 263.943756103515625 263.662506103515625 259.63751220703125 247.806243896484375 232.256256103515625 228.8562469482421875 231.4187469482421875 230.9875030517578125 228.181243896484375
307.506256103515625 297.056243896484375 289.181243896484375 283.568756103515625 280.95001220703125 281.431243896484375 284.9375 288.64373779296875 294.36248779296875 301.268768310546875 309.95623779296875 317.006256103515625 319.850006103515625 319.38751220703125 314.962493896484375 306.806243896484375 293.712493896484375 285.193756103515625 278.981231689453125 275.95001220703125 272.73126220703125 270.54998779296875 268.381256103515625 265.631256103515625 264.962493896484375 263.11248779296875 263.48126220703125 268.318756103515625 274.9375 280.412506103515625 282.318756103515625 278.57501220703125 270.86248779296875 263.431243896484375 261.79376220703125 262.79376220703125 262.45001220703125 263.243743896484375 261.86248779296875 245.962493896484375 229.9499969482421875 225.59375 224.9875030517578125 224.8937530517578125 222.6437530517578125
310.90625 300.399993896484375 292.66876220703125 288.04998779296875 285.01873779296875 286.88751220703125 290.962493896484375 295.024993896484375 300.48748779296875 307.64373779296875 314.5 323.98126220703125 328.42498779296875 328.5625 323.54998779296875 313.5 299.71875 287.149993896484375 285.23748779296875 283.443756103515625 282.256256103515625 279.712493896484375 276.67498779296875 272.881256103515625 270.34375 268.42498779296875 266.537506103515625 272.75 281.58123779296875 288.51873779296875 288.556243896484375 277.38751220703125 268.11248779296875 261.6875 257.806243896484375 258.087493896484375 260.66876220703125 261.5625 257.3125 246.8625030517578125 231.625 224.4562530517578125 221.5437469482421875 220.46875 218.2624969482421875
310.65625 300.5625 293.756256103515625 290.475006103515625 288.59375 291.274993896484375 294.28125 299.693756103515625 305.75 312.71875 319.100006103515625 326.318756103515625 333.181243896484375 338.15625 331.21875 317.443756103515625 301.58123779296875 288.75 283.45001220703125 285.09375 287.868743896484375 287.79998779296875 279.631256103515625 277.38751220703125 274.73126220703125 273.556243896484375 274.28125 278.15625 286.91876220703125 294.412506103515625 295.17498779296875 279.82501220703125 266.25 253.399993896484375 246.787506103515625 249.9562530517578125 254.5187530517578125 255.3062591552734375 253.9375 245.287506103515625 232.662506103515625 223.568756103515625 218.65625 216.818756103515625 214.4562530517578125
309.162506103515625 299.068756103515625 292.98748779296875 288.82501220703125 288.10626220703125 293.23748779296875 297.66876220703125 302.20623779296875 308.01873779296875 314.54998779296875 319.875 327.431243896484375 337.98748779296875 348.10626220703125 336.225006103515625 315.381256103515625 296.8125 288.75 285.01873779296875 285.943756103515625 286.16876220703125 283.024993896484375 280.70623779296875 278.39373779296875 276.66876220703125 277.28125 278.118743896484375 282.181243896484375 286.28125 288.975006103515625 286.66876220703125 273.850006103515625 257.76251220703125 241.0625 231.8000030517578125 237.0187530517578125 247.5124969482421875 254.1687469482421875 254.037506103515625 247.0749969482421875 234.9187469482421875 223.0437469482421875 218.0625 215.0625 212.212493896484375
