data/historical-monthly-weather-data/wc2.1_cruts4.09_10m_prec_1998-06.asc
ncols        51
nrows        45
xllcorner    -63.500000000000
yllcorner    -7.500000000000
cellsize     0.166666666667
NODATA_value -9999
[rows 0 to 18 of 45, columns 0 to 43 of 51]
300.568756103515625 291.975006103515625 290.01873779296875 298.537506103515625 303.39373779296875 313.899993896484375 318.95001220703125 322.01251220703125 320 329.006256103515625 340.71875 346.050018310546875 351.60626220703125 352.568756103515625 349.193756103515625 347.368743896484375 342.243743896484375 334.9375 326.92498779296875 323.087493896484375 325.71875 318.506256103515625 312.73748779296875 301.056243896484375 291.54376220703125 283.306243896484375 276.318756103515625 271.21875 258.78125 247.681243896484375 231.9375 223.056243896484375 217.318756103515625 207.28125 198.493743896484375 192.9875030517578125 187.375 183.7062530517578125 178.475006103515625 175.7375030517578125 175.875 180.850006103515625 179.556243896484375 180.649993896484375
297.1875 287.418731689453125 290.25 295.006256103515625 303.006256103515625 312.84375 317.431243896484375 319.875 326.431243896484375 335.40625 343.850006103515625 346.743743896484375 343.100006103515625 341.41876220703125 335.78125 331.73748779296875 323.962493896484375 312.38751220703125 302.693756103515625 299.29998779296875 299.287506103515625 293.16876220703125 290.03125 282.037506103515625 273.087493896484375 264.181243896484375 258.618743896484375 251.6062469482421875 241.3000030517578125 227.306243896484375 216.8937530517578125 212.9875030517578125 205.431243896484375 197.6750030517578125 190.6999969482421875 182.006256103515625 177.056243896484375 171.931243896484375 167.3000030517578125 165.2687530517578125 167.53125 164.9187469482421875 168.6437530517578125 169.7937469482421875
292.443756103515625 291.225006103515625 293.57501220703125 293.243743896484375 301.318756103515625 313.3125 320.10626220703125 330.54376220703125 337.67498779296875 345.20623779296875 348.912506103515625 345.337493896484375 342.037506103515625 331.29998779296875 322.20001220703125 315.337493896484375 304.475006103515625 294.41876220703125 286.39373779296875 281.39373779296875 282.23748779296875 282.91876220703125 279.131256103515625 275.850006103515625 263.024993896484375 252.5124969482421875 251.1687469482421875 241.9187469482421875 228.587493896484375 221.40625 209.837493896484375 202.7624969482421875 195.0437469482421875 189.1374969482421875 180.225006103515625 167.931243896484375 164.4375 161.625 157.6999969482421875 156.2312469482421875 159.6687469482421875 159.46875 161.056243896484375 161.1999969482421875
286.350006103515625 280.79376220703125 288.649993896484375 293.681243896484375 297.59375 308.45623779296875 320.26873779296875 332.13751220703125 343.662506103515625 352.70623779296875 351.20001220703125 342.068756103515625 331.79376220703125 318.54376220703125 308.95623779296875 300.100006103515625 285.04998779296875 277.73126220703125 271.337493896484375 275.45001220703125 274.3125 268.774993896484375 267.431243896484375 266.0625 252.9187469482421875 242.7312469482421875 237.975006103515625 226.46875 217.787506103515625 212.100006103515625 203.556243896484375 194.2312469482421875 186.46875 176.287506103515625 167.8249969482421875 164.125 160.537506103515625 154.975006103515625 150.5187530517578125 148.943756103515625 150.806243896484375 154.3249969482421875 155.6875 155.381256103515625
302.100006103515625 293.225006103515625 283.01251220703125 289.962493896484375 301.21875 306.73748779296875 318.225006103515625 335.45623779296875 352.912506103515625 362.48748779296875 358.350006103515625 336.26873779296875 323.70001220703125 310.699981689453125 295.943756103515625 284.725006103515625 272.28125 260.17498779296875 254.462493896484375 256.90625 255.8937530517578125 255.3125 255.5625 252.46875 240.056243896484375 231.5625 223.7375030517578125 218.743743896484375 210.818756103515625 201.3625030517578125 196.59375 190.3874969482421875 180.8937530517578125 172.5124969482421875 166.8874969482421875 158.8562469482421875 154.256256103515625 150.71875 145.03125 141.5 143.412506103515625 146.6875 149.53125 152.46875
300.962493896484375 298.10626220703125 289.743743896484375 277.125 292.274993896484375 310.59375 318.41876220703125 331.537506103515625 352.931243896484375 364.01251220703125 351.96875 330.20623779296875 317.26251220703125 303.63751220703125 285.82501220703125 274.01873779296875 260.04998779296875 249.412506103515625 247.962493896484375 248.1125030517578125 250.1750030517578125 248.337493896484375 246.743743896484375 238.125 231.34375 224.600006103515625 214.9312591552734375 210.1374969482421875 203.443756103515625 194.9875030517578125 192.9000091552734375 187.6187591552734375 181.5812530517578125 172.2375030517578125 162.712493896484375 160.693756103515625 153.381256103515625 144.3937530517578125 142.1750030517578125 143.306243896484375 141.725006103515625 145.9437408447265625 146.6999969482421875 148.8312530517578125
306.66876220703125 300.912506103515625 294.1875 287.287506103515625 283.23748779296875 288.5625 296.42498779296875 316.59375 325.912506103515625 334.993743896484375 330.98126220703125 314.58123779296875 306.20623779296875 296.118743896484375 279.881256103515625 266.556243896484375 255.65625 246.40625 239.59375 241.131256103515625 236.381256103515625 235.2937469482421875 232.09375 227.8937530517578125 226.71875 220.3249969482421875 210.2312469482421875 202.9250030517578125 196.2937469482421875 195.712493896484375 188.65625 180.7375030517578125 173.818756103515625 169.3937530517578125 165.850006103515625 159.3375091552734375 148.774993896484375 142.693756103515625 139.4499969482421875 141.024993896484375 139.0625 141.431243896484375 144.256256103515625 146.3562469482421875
308.3125 297.118743896484375 291.79998779296875 293.287506103515625 290.17498779296875 298.993743896484375 291.975006103515625 286.53125 282.63751220703125 295.34375 302.181243896484375 297.04998779296875 292.787506103515625 283.725006103515625 274.774993896484375 262.5 247.8375091552734375 240.65625 233.9250030517578125 228 235.3562469482421875 230.256256103515625 225.068756103515625 220.3249969482421875 219.193756103515625 210.8000030517578125 202.649993896484375 195.6750030517578125 189.65625 184.7437591552734375 185.975006103515625 178.0187530517578125 172.6062469482421875 166.962493896484375 159.09375 152.212493896484375 145.306243896484375 139.506256103515625 133.21875 130.6750030517578125 130.59375 135.493743896484375 134.8249969482421875 134.131256103515625
304.79376220703125 297.32501220703125 288.86248779296875 287.10626220703125 286.95623779296875 287.83123779296875 291.48748779296875 291.48126220703125 276.631256103515625 269.087493896484375 271.65625 272.78125 278.087493896484375 272.66876220703125 266.96875 255.5 251.5187530517578125 247.818756103515625 243.506256103515625 233.4375 224.4187469482421875 228.9187469482421875 217.8125 219.53125 212.8937530517578125 205.875 198.09375 193.6437530517578125 192.125 186.337493896484375 188.0124969482421875 172.96875 161.2624969482421875 154.725006103515625 152.28125 151.649993896484375 147.787506103515625 144.193756103515625 137.6750030517578125 131.6062469482421875 127.80625152587890625 126.47499847412109375 130.8625030517578125 129.5187530517578125
301.443756103515625 295.67498779296875 288.53125 286.41876220703125 285.1875 284.15625 285.5 280.431243896484375 276.381256103515625 270.90625 264.59375 252.8625030517578125 260.837493896484375 261.068756103515625 260 255.8312530517578125 249.9499969482421875 254.4250030517578125 251.25 246.09375 231.8625030517578125 224.1750030517578125 210.649993896484375 208.5812530517578125 200.5812530517578125 198.2375030517578125 192.149993896484375 186.225006103515625 181.2624969482421875 180.9250030517578125 179.912506103515625 169.443756103515625 162.712493896484375 157.3874969482421875 151.181243896484375 148.774993896484375 147.5437469482421875 146.318756103515625 141.8312530517578125 140.256256103515625 138.1750030517578125 135.8000030517578125 129.3125 122.00624847412109375
301.60626220703125 293.83123779296875 286.59375 282.431243896484375 278.23126220703125 280.51251220703125 274.89373779296875 270.04998779296875 269.5 267.243743896484375 264.38751220703125 254.193756103515625 247.587493896484375 249.524993896484375 249.6374969482421875 249.7624969482421875 247.631256103515625 246.506256103515625 249.256256103515625 252.837493896484375 251.993743896484375 236.443756103515625 213.2624969482421875 190.3874969482421875 190.868743896484375 198.5124969482421875 194.556243896484375 185.03125 176.162506103515625 173.6125030517578125 171.8562469482421875 165.21875 161.1125030517578125 157.2937469482421875 152.993743896484375 147.743743896484375 146.8937530517578125 144.21875 145.6750030517578125 142.3937530517578125 139.1374969482421875 133.818756103515625 130.0187530517578125 118.24375152587890625
293.618743896484375 287.681243896484375 284.975006103515625 276.92498779296875 273.787506103515625 270.95623779296875 272.243743896484375 269.6875 267.51251220703125 257.83123779296875 258.537506103515625 253.3125 237.875 240.1750030517578125 247.6750030517578125 246.8937530517578125 245 246.068756103515625 251.4375 264.4375 264.818756103515625 251.318756103515625 225.162506103515625 195.40625 187.725006103515625 185.8000030517578125 179.2312469482421875 174.787506103515625 171.4499969482421875 166.9562530517578125 158.6750030517578125 156.96875 154.9187469482421875 149.256256103515625 148.743743896484375 149.1687469482421875 150.850006103515625 149.8249969482421875 143.8874969482421875 144.712493896484375 142.1374969482421875 135.34375 121.9250030517578125 103.78125
291 283.493743896484375 278.51251220703125 270.95623779296875 269.337493896484375 263.83123779296875 262.75 260.88751220703125 254.993743896484375 249.912506103515625 248.4375 247.774993896484375 242.375 229.100006103515625 231.212493896484375 235.899993896484375 236.850006103515625 241.4562530517578125 238.837493896484375 249.2062530517578125 254.4937591552734375 242.850006103515625 223.475006103515625 198.8562469482421875 178.7062530517578125 173.3812408447265625 171.75 169.256256103515625 167.8625030517578125 166.399993896484375 156.96875 149.5124969482421875 151.0187530517578125 144.2312469482421875 143.462493896484375 146.4875030517578125 152.743743896484375 155.0625 158.725006103515625 154.4562530517578125 144.618743896484375 135.0749969482421875 115.2624969482421875 99.875
285.59375 278.868743896484375 272.149993896484375 265.73126220703125 259.45001220703125 256.26251220703125 252.256256103515625 252.381256103515625 249.399993896484375 242.181243896484375 239.2375030517578125 234.7687530517578125 233.6125030517578125 227.4375 214.712493896484375 223.568756103515625 223.462493896484375 224.34375 225.2687530517578125 232.6062469482421875 235.287506103515625 225.631256103515625 210.868743896484375 196.4187469482421875 182.2375030517578125 170.806243896484375 164.056243896484375 159.087493896484375 157.006256103515625 154.7375030517578125 152.337493896484375 147.4187469482421875 145.8000030517578125 144.9250030517578125 140.837493896484375 150.225006103515625 161.256256103515625 168.9375 172.962493896484375 164.875 141.4812469482421875 125.5500030517578125 118.0625 116.02500152587890625
274.33123779296875 268.4375 265.14373779296875 260.850006103515625 254.09375 250.3874969482421875 248.34375 245.4250030517578125 241.6062469482421875 236.587493896484375 231.40625 228.587493896484375 226.568756103515625 218.53125 202.9375 208.431243896484375 210.2624969482421875 215.5625 211.6062469482421875 215.7624969482421875 219.875 212.962493896484375 205.318756103515625 196.100006103515625 189.693756103515625 179.8125 172.9000091552734375 165.962493896484375 164.3562469482421875 155.9562530517578125 146.962493896484375 145.162506103515625 149.6624908447265625 143.3125 135.0749969482421875 137.40625 156.9187469482421875 175.806243896484375 176.381256103515625 163.524993896484375 149.506256103515625 140.225006103515625 137.274993896484375 125.31874847412109375
266.774993896484375 258.399993896484375 255.506256103515625 249.006256103515625 247.524993896484375 245.1374969482421875 241.287506103515625 236.506256103515625 236.3125 236.243743896484375 230.837493896484375 226.8874969482421875 224.881256103515625 217.631256103515625 204.725006103515625 187.6125030517578125 193.9499969482421875 203.306243896484375 200.0625 202.9812469482421875 204.6875 201.5749969482421875 199.6687469482421875 197.412506103515625 192.2062530517578125 183.4562530517578125 173.8000030517578125 168.7624969482421875 164.1750030517578125 162.53125 155.993743896484375 148.28125 139.975006103515625 131.881256103515625 125.1687469482421875 144.475006103515625 152.8249969482421875 165.1437530517578125 171.818756103515625 170.725006103515625 165.475006103515625 157.34375 144.5749969482421875 127.71250152587890625
257.04376220703125 251.0812530517578125 245.274993896484375 243.600006103515625 241.6750030517578125 240.59375 236.7312469482421875 233.743743896484375 228.4250030517578125 226.149993896484375 225.806243896484375 224.4250030517578125 218.9187469482421875 212.350006103515625 207.5187530517578125 192.40625 174.056243896484375 181.024993896484375 186.662506103515625 187.84375 186.931243896484375 189.1437530517578125 189 194.4562530517578125 190.100006103515625 176.193756103515625 167.600006103515625 162.2687530517578125 163.75 163.6125030517578125 161.318756103515625 157.4562530517578125 149.15625 146.412506103515625 153.5500030517578125 159.6875 170.743743896484375 179.3125 184.4375 172.556243896484375 166.868743896484375 154.5437469482421875 137.8874969482421875 126.0124969482421875
245.7937469482421875 241.337493896484375 240.537506103515625 239.2687530517578125 238.475006103515625 240.375 235.6125030517578125 231.787506103515625 226.46875 219.875 216.1687469482421875 218.337493896484375 211.53125 206.5187530517578125 204.8312530517578125 194.837493896484375 177.375 160.3937530517578125 176.84375 172.5812530517578125 171.443756103515625 173.53125 179.881256103515625 183.818756103515625 184.1999969482421875 171.2375030517578125 160.0500030517578125 161.9499969482421875 162.431243896484375 158.787506103515625 149.3312530517578125 141.3625030517578125 158.6875 161.431243896484375 163.0812530517578125 186.75 194.1062469482421875 186.1062469482421875 182.662506103515625 173.618743896484375 153.8937530517578125 139.181243896484375 126 117.75624847412109375
236.006256103515625 235 234.681243896484375 235.162506103515625 236.068756103515625 234.618743896484375 231.7062530517578125 227.53125 224.5187530517578125 220.556243896484375 214.7937469482421875 206.2624969482421875 201.399993896484375 199.25 194.0437469482421875 187.5124969482421875 182.625 162.28125 154.318756103515625 153.8312530517578125 159.1750030517578125 167.274993896484375 156.78125 165.943756103515625 167.1687469482421875 168.868743896484375 164.587493896484375 158.0500030517578125 161.899993896484375 157.8000030517578125 150.8562469482421875 150.3625030517578125 158.6999969482421875 159.350006103515625 167.2687530517578125 183.162506103515625 183.037506103515625 173.962493896484375 169.9187469482421875 156.818756103515625 140.1437530517578125 123.31874847412109375 115.55625152587890625 111.2375030517578125
