data/historical-monthly-weather-data/wc2.1_cruts4.09_10m_tmax_2024-08.asc
ncols        45
nrows        45
xllcorner    -63.500000000000
yllcorner    -7.500000000000
cellsize     0.166666666667
NODATA_value -9999
32.0 32 32 32 32 32 32 32 32 32 32 32 32 32 32 32 32 32 32 32 32 32 32 32 32.0625 32.5 32.625 32.1875 32 32 32 32.8125 32.875 32.6875 32.5 32.875 33 33 33 33 33 33 33 32.625 33 
32 32 32 32 32 32 32 32 32 32 32 32 32 32 32 32 32 32 32 32 32 32 32 32 32.1875 32.875 32.875 32.0625 32 32.25 32.6875 32.8125 32.875 32.1875 32.75 32.1875 32.75 33 33 33 33 33 33 32.9375 33 
32 32 32 32 32 32 32 32 32 32 32 32 32 32 32 32 32 32 32 32 32 32 32 32 32 32.6875 32.75 32 32.1875 32.9375 32.75 33 33 32.6875 32.5625 33 33 33 33.1875 33.8125 33.625 33.375 33.3125 33 33 
32 32 32 32 32 32 32 32 32 32 32 32 32 32 32 32 32 32 32 32 32 32 32 32 32 32.6875 32.625 32.3125 32.9375 33 33 33 33 33.0625 33 33.3125 33.3125 33.0625 33.4375 34 33.875 33.6875 33.1875 33.25 33 
32 32 32 31.9375 32 32 32 32 32 32 32 32 32 32 32 32 32 32 32 32 32 32 32 32.0625 32.125 33 33 32.875 32.8125 33 33 33 33 33.4375 33.5 33.5625 33.875 33.4375 33.5625 34 33.8125 34 34 33.6875 33.25 
32 32 32 31.75 32 32 32 32 32 32 32 32 32 32 32 32 32 32 32 32 32 32 32.0625 32.5625 33 33 33 33 32.9375 33 33 33.0625 33.375 33 33.0625 33.5 33.0625 33.875 34 33.875 33.375 33.875 33.6875 33.75 33.9375 
32 32 32 32 32 32 32 32 32 32 32 32 32 32 32 32 32 32 32 32.625 32.5 32.1875 32.9375 33 33 33 33 33 33 33 33 33.0625 33.6875 33.375 33.0625 33.0625 33.625 34 34 33.875 34 34 34 33.875 33.9375 
32 32 32 32 32 32 32 32 32 32 32 32 32 32 32 32 32 32 32.0625 32.75 33 33 33 33 32.8125 33 33 33 33.375 33.6875 33.3125 33 33.8125 33.5625 33.625 33.6875 33.9375 34 34 34 34 34 34 34 34 
32 32 32 32 32 32 32 32 32 32 32 32 32 32 32 32 32 32.1875 32.9375 32.8125 33 33 33 32.9375 32.875 33 33 33 33.25 33.1875 33.1875 33.125 33.8125 34 34 34 34 34 34 34 34 34 34 34 34 
32 32 32 32 32 32 32 32 32 32 32 32 32 32 32 32 32.125 32.625 32.875 32.8125 33 33 33 33 33 33 33 33.0625 33.375 33.5625 33.9375 33.8125 34 34 34 34 34 34 34 34 34 34 34 34 34.0625 
32 32 32 32 32 32 32 32 32 32 32 32 32 32 32 32 32.625 32.9375 33 32.5 32.75 33 33 33 33 33 33 33 33.0625 34 34 34 34 34 34 34 34 34.0625 34.0625 34 34 34 34 34.5625 34.5 
32 32 32 32 32 32 32 32 32 32 32 32 32 32 32 32 32.5625 33 33 32.75 32.8125 32.4375 32.9375 33 33 33 33 33.1875 33.3125 33.9375 34 34 34 34 34 34 34 34 34.1875 34.25 34.375 34.3125 34.6875 35 34.6875 
32 32 32 32 32 32 32 32 32 32 32 32 32 32 32.125 32.625 32.625 33 33 33 33 33 33 33 33.0625 33.4375 33.375 33.9375 34 34 34 34 34 34 34 34 34 34.1875 34.125 34 34.8125 34.875 35 35 34.5 
32 32 32 32 32 32 32 32 32 32 32 32 32 32 32 32.875 33 33 33 33 33 33 33 33 33 33.75 34 34 34 34 34 34.0625 34 34 34 34 34.1875 34.125 34.0625 34.5 34.9375 35 34.75 34.4375 34.375 
32.4375 32.1875 32 32 32 32 32 32.25 32 32 32 32.0625 32.4375 32.4375 32.9375 33 33 33 33 33 33 33 33 33.0625 33.1875 33.125 33.875 34 34 34 34 34.25 34.5625 34.6875 34.625 35 34.75 34.75 35 35 35 35 34.5 34.6875 34 
32.75 32.5 32 32.0625 32 32 32.0625 32.5625 32.125 32.0625 32 32.5625 32.9375 33 33 33 33 33 33 33 33 33 33.125 33.125 34 33.9375 33.9375 34 34 34 34 34.375 35 35 35 35 35 35 35 35 35 34.875 34.4375 34 34 
33 33 33 32.9375 32.75 32.375 32.5625 32.9375 33 32.875 32.75 33 33 33 33 33 33 33 33 33 33 33 33.25 33.9375 34 34 34 34 34 34 34.1875 34.9375 35 35 35 35 35 35 35 35 35 34.75 34.125 34 34 
33 33 33 33 33 33 33 33 33 33 33 33 33 33 33 33 33 33 33 33 33.3125 33.25 33.5 33.9375 34 34 34 34 34 34.5 34.9375 35 35 35 35 35 35 35 35 35 35 35 34.5 34.125 34.125 
33 33 33 33 33 33 33 33 33 33 33 33 33 33 33 33 33 33 33 33.1875 33.75 34 34 34 34 34 34.25 34.1875 34.5 35 35 35 35 35 35 35 35 35 35 35 35 35 34.625 34.0625 34.1875 
33 33 33 33 33 33 33 33 33 33 33 33 33 33 33 33 33 33.3125 33.4375 33.625 34 33.9375 34 34 34.0625 34.125 34.3125 34.6875 35 35 35 35 35 35 35 35 35 35 35 35 35 35 34.8125 34.4375 34.6875 
33 33 33 33 33 33 33 33 33 33 33 33 33 33 33 33 33.0625 33.5625 33.875 34 34 34 34 34 34.4375 35 35 35 35 35 35 35 35 35 35 35 35 35 35 35 35 35 35 35 34.875 
33 33 33 33 33 33 33 33 33 33 33 33 33 33 33 33.125 33.8125 34 34 34 34 34 34 34.0625 34.5 35 35 35 35 35 35 35 35 35 35 35 35 35 35 35 35 35 35 35 34.875 
33 33 33 33 33 33 33 33 33 33 33 33 33 33.6875 33.9375 34 34 34 34 34 34 34 34 34.25 34.6875 35 35 35 35 35 35 35 35 35 35 35 35 35 35 35 35 35 35 35 34.9375 
33 33 33 33 33 33 33 33 33 33 33 33.125 33.1875 34 34 34 34 34 34 34 34 34 34.5625 35 35 35 35 35 35 35 35 35 35 35 35 35 35 35 35 35 35 35 35 35 35 
33 33 33 33 33 33 33 33 33 33 33.1875 33.5 33.9375 34 34 34 34 34 34 34 34.1875 34.3125 35 35 35 35 35 35 35 35 35 35 35 35 35 35 35 35 35 35 35 35 35 35 35.3125 
33 33 33 33 33 33 33 33 33 33 33.625 34 34 34 34 34 34 34 34 34.125 35 35 35 35 35 35 35 35 35 35 35 35.125 35.0625 35 35 35.1875 35 35 35 35 35 35 35 35.3125 36 
33 33 33 33 33 33 33 33 33 33.8125 34 34 34 34 34 34 34 34 34.3125 34.75 35 35 35 35 35 35 35 35 35 35 35.1875 35.75 35.3125 35.0625 35.625 35.875 35.25 35.0625 35.25 35 35 35 35 35.75 35.5625 
33 33 33 33 33 33 33 33.375 34 34 34 34 34 34 34 34 34.375 34.75 34.9375 35 35 35 35 35 35 35 35 35 35.0625 35.5 35.5 35.875 35.3125 35.5625 36 35.875 35.9375 35.25 35.25 35.1875 35.0625 35.25 35.1875 35.375 35.0625 
33 33 33.0625 33.3125 33.75 33.875 33.8125 33.875 34 34 34 34 34 34 34 34.375 35 35 35 35 35 35 35 35 35 35 35 35.1875 35.5 35.1875 35.6875 36 36 36 36 36 35.9375 35.1875 35.0625 35.5 35.875 35.9375 35.9375 35.625 35 
33.3125 33.3125 33.6875 34 34 34 33.9375 34 34 34 34 34 34 34 34.125 35 35 35 35 35 35 35 35 35 35 35.3125 35.0625 35.3125 35 35.6875 36 36 36 35.9375 36 35.9375 35.875 35.1875 35.4375 36 35.6875 35.6875 36 35.5 35.875 
34 34 34 34 34 34 34 34 34 34 34 34 34.0625 34.1875 34.875 35 35 35 35 35 35 35 35 35 35.125 35.625 35.25 35.3125 35.625 36 36 36 36 36 35.875 35.8125 36 35.25 35.375 36 36 36 35.9375 36 36 
34 34 34 34 34 34 34 34 34 34 34 34 34.0625 34.625 35 35 35 35 35 35 35 35 35 35.1875 35.8125 35.75 35.9375 35.9375 36 36 36 36 36 36 36 36 35.9375 35.375 36 36 36 36 36 35.875 36 
34 34 34 34 34 34 34 34 34 34 34.375 34 34.4375 35 35 35 35 35 35 35 35 35 35.5625 35.875 36 36 36 36 36 36 36 36 36 36 35.9375 35.6875 35.75 35.9375 36 36 36 35.9375 36 36 36 
34 34 34 34 34 34 34 34 34 34 34 34.3125 35 35 35 35 35 35 35 35 35.125 35.4375 35.8125 36 36 36 36 36 36 36 36 36 36 36 35.9375 35.875 36 36 36 36 36 36 35.625 35.9375 35.9375 
34 34 34 34 34 34 34 34 34 34 34 34.5625 35 35 35 35 35 35 35 35 35.6875 35.9375 36 36 36 36 36 36 36 36 36 36 36 36 36 36 36 36 36 36 36 36 35.9375 36 36 
34 34 34 34 34 34 34 34 34 34.0625 34.8125 35 35 35 35 35 35 35 35 35.4375 35.875 36 36 36 36 36 36 36 36 36 36 36 36 36 36 36 36 36 36 36 36 36 36 36 36 
34 34 34 34 34 34 34 34 34.1875 34.8125 35 35 35 35 35 35 35 35 35.3125 35.875 36 36 36 36 36 36 36 36 36 36 36 36 36 36 36 36 36 36 36 36 36 36 36 36 35.9375 
34 34 34 34 34 34 34 34 34.375 35 35 35 35 35 35 35 35 35.125 35.875 35.875 36 36 36 36 36 36 36 36 36 36 36 36 36 36.1875 36.25 36 36 36 36 35.875 36 36 36 36 36 
34 34 34 34 34 34 34 34 34.5 35 35 35 35 35 35 35 35.0625 35.5 36 36 36 36 36 36 36 36 36 36 36 36 36 36.1875 36.6875 36.0625 36 36 36.125 36 36 36 36 36 36 36 36 
34 34 34 34 34 34 34 34 34.625 35 35 35 35 35 35 35 35.125 35.875 36 36 36 36 36 36 36 36 36 36 36 36 36.1875 36 36 36.0625 36 36.0625 36.5625 36.4375 36 36 36 36 36 36 36.125 
34 34 34 34 34 34 34 34.0625 35 35 35 35 35 35 35 35 35.25 35.75 36 35.9375 36 36 36 36 36 36 36.1875 36 36 36 36.25 36 36 36.5625 36.5 36.375 36.875 36.6875 36 36.1875 36.1875 36.1875 36.1875 36.3125 36.3125 
34 34 34 34 34 34 34 34.125 35 35 35 35 35 35 35 35 35.125 35.625 35.75 35.75 36 36 36 36 36 36 36.1875 36.0625 36.125 36 36.375 36.0625 36 36.6875 36.9375 37 37 36.9375 36.25 36.625 36.5625 36.1875 36.4375 36.25 36.4375 
34 34 34 34 34 34 34 34.125 34.875 35 35 35 35 35 35 35 35.375 35.125 35.75 35.875 36 36 36 36 36 36 36.0625 37 36.75 36.3125 36.125 36.8125 36.8125 36.8125 36.875 37 37 36.9375 36.8125 37 36.875 36.1875 36.375 37 36.4375 
34 34 34 34 34 34 34 34.5 34.9375 35 35 35 35 35 35 35 35.0625 35.75 35.4375 35.1875 35.875 36 36 36 36 36 36.75 37 37 36.3125 37 37 37 37 37 37 37 36.9375 37 37 37 36.9375 37 37 36.8125 
34 34 34.125 34 34 34.1875 34 34.0625 34.3125 35 35 35 35 35 35 35 35.0625 35.9375 35.6875 35.375 35.25 35.6875 36 36 36 36 36.1875 36.8125 36.75 36.1875 36.875 37 37 37 37 37 36.8125 36.8125 37 37 37 37 37 37 37 
