data/historical-monthly-weather-data/wc2.1_cruts4.09_10m_prec_1966-10.asc
ncols        51
nrows        45
xllcorner    -63.500000000000
yllcorner    -7.500000000000
cellsize     0.166666666667
NODATA_value -9999
[rows 19 to 37 of 45, columns 0 to 43 of 51]
80.74375152587890625 80.18125152587890625 79.1374969482421875 77.9250030517578125 76.56874847412109375 75.5124969482421875 73.96875 72.1374969482421875 71.41249847412109375 70.33750152587890625 67.7062530517578125 61.31874847412109375 54.737499237060546875 48.80625152587890625 44.65625 41.200000762939453125 37.5 35.43125152587890625 33.831249237060546875 32.78749847412109375 32.737499237060546875 33.706249237060546875 35.950000762939453125 40.612499237060546875 44.90625 47.956249237060546875 50.831249237060546875 52.61875152587890625 52.03125 50.72499847412109375 50.63124847412109375 55.018749237060546875 58.80625152587890625 62.3125 65.1374969482421875 66.75624847412109375 70.0812530517578125 75.09375 79.59375 82.875 84.7062530517578125 83.53125 78.97499847412109375 74.3562469482421875
73.1875 73.53749847412109375 73.27500152587890625 72.46250152587890625 71.36875152587890625 70.34999847412109375 69.22499847412109375 67.65000152587890625 67.2312469482421875 66.0437469482421875 63.637500762939453125 57.737499237060546875 51.762500762939453125 46.0625 41.956249237060546875 38.262500762939453125 34.80625152587890625 32.83750152587890625 31.862499237060546875 31.018749237060546875 31.950000762939453125 33.53125 35.612499237060546875 40.25624847412109375 45.143749237060546875 49.21250152587890625 52.74375152587890625 54.331249237060546875 55.28749847412109375 56.956249237060546875 59.28749847412109375 63.418750762939453125 66.9812469482421875 71.28125 76.15000152587890625 77.24375152587890625 77.83750152587890625 80.34375 82.7937469482421875 85.19374847412109375 86.8000030517578125 85.7937469482421875 82.58750152587890625 79.1875
66.2624969482421875 67.46875 67.5 66.8625030517578125 66.0187530517578125 65.3312530517578125 64.3312530517578125 63.15625 63.31874847412109375 62.200000762939453125 59.706249237060546875 54.487499237060546875 49.31874847412109375 44.737499237060546875 40.543750762939453125 36.862499237060546875 33.72499847412109375 32.018749237060546875 30.96875 30.350000381469726562 31.318750381469726562 33.081249237060546875 35.612499237060546875 40.418750762939453125 45.28125 49.768749237060546875 54.325000762939453125 57.456249237060546875 60.356250762939453125 63.71875 67.40000152587890625 71.81874847412109375 75.0500030517578125 78.91249847412109375 82.05625152587890625 83.81874847412109375 84.1062469482421875 84.84375 86.06874847412109375 87.9250030517578125 89.09999847412109375 88.3000030517578125 86.44374847412109375 83.59999847412109375
60.71875 62.59999847412109375 62.72499847412109375 61.94374847412109375 60.581249237060546875 59.96250152587890625 59.24375152587890625 58.65625 59.6875 58.393749237060546875 55.9375 51.36875152587890625 47.41249847412109375 43.96250152587890625 39.793750762939453125 36.012500762939453125 32.86875152587890625 31.481250762939453125 30.5 29.924999237060546875 31.381250381469726562 33.21875 35.75 40.88124847412109375 45.987499237060546875 50.34999847412109375 55.6875 60.762500762939453125 64.8125 69.6374969482421875 75.0187530517578125 80.4875030517578125 83.0500030517578125 85.94374847412109375 88.11249542236328125 89.3562469482421875 89.45624542236328125 88.9250030517578125 89.5437469482421875 91.97499847412109375 93.46875 92.91249847412109375 91.38124847412109375 88.7624969482421875
56.52500152587890625 58.50624847412109375 58.66249847412109375 56.97499847412109375 55.03125 54.643749237060546875 54.25 54.24375152587890625 55.456249237060546875 54.799999237060546875 52.84375 49.918750762939453125 47.31874847412109375 44.90625 41.00624847412109375 37.174999237060546875 34.049999237060546875 32.68125152587890625 31.6875 31.087499618530273438 32.674999237060546875 34.706249237060546875 37.043750762939453125 42.28125 47.481250762939453125 51.71250152587890625 56.75624847412109375 63.0625 69.2375030517578125 75.4499969482421875 81.81874847412109375 87.8312530517578125 90.41249847412109375 92.53749847412109375 94.375 95.9375 96.09375 95.15625 95.91249847412109375 97.6750030517578125 98.9875030517578125 98.3874969482421875 96.59375 93.6374969482421875
54.18125152587890625 55.28125 54.831249237060546875 52.00624847412109375 49.356250762939453125 49.09999847412109375 49.03125 49.0625 50.24375152587890625 50.643749237060546875 50.13124847412109375 48.86875152587890625 47.825000762939453125 46.53125 42.71250152587890625 38.91249847412109375 35.668750762939453125 34.34999847412109375 33.36875152587890625 32.8125 34.418750762939453125 36.21875 38.72499847412109375 44.21250152587890625 49.856250762939453125 55.24375152587890625 60.862499237060546875 67.4562530517578125 74.2687530517578125 81.11875152587890625 87.9250030517578125 93.8562469482421875 96.93125152587890625 98.77500152587890625 100.6125030517578125 101.75624847412109375 102.78125 103.30625152587890625 103.7687530517578125 105.43125152587890625 106.4250030517578125 105.3125 102.99375152587890625 100.5625
52.27500152587890625 51.981250762939453125 49.799999237060546875 46.78749847412109375 43.643749237060546875 43.581249237060546875 43.862499237060546875 44.21875 45.84375 47.112499237060546875 47.356250762939453125 47.94374847412109375 48.424999237060546875 48.381252288818359375 44.924999237060546875 41.049999237060546875 37.825000762939453125 36.456249237060546875 35.49375152587890625 34.950000762939453125 36.58750152587890625 38.33750152587890625 40.88124847412109375 46.875 53.200000762939453125 59.4375 65.97499847412109375 72.7312469482421875 79.77500152587890625 86.9812469482421875 93.40625 100.11875152587890625 103.4499969482421875 105.1062469482421875 107.25624847412109375 108.5749969482421875 109.9375 111.47499847412109375 112.5124969482421875 114.1125030517578125 115.15625 113.875 111.0812530517578125 108.65625
50.481250762939453125 47.862499237060546875 45.33750152587890625 42.43125152587890625 39.643749237060546875 40.049999237060546875 40.737499237060546875 41.53125 43.46250152587890625 45.168750762939453125 46.8125 49.09375 51.331249237060546875 52.72499847412109375 49.424999237060546875 45.71875 42.293750762939453125 40.84999847412109375 39.65625 38.862499237060546875 40.393749237060546875 42.018749237060546875 44.387500762939453125 51.125 57.77500152587890625 64.5 71.4875030517578125 78.71250152587890625 86.2312469482421875 93.2375030517578125 100.24375152587890625 106.2062530517578125 109.6999969482421875 111.7312469482421875 113.50624847412109375 115.71250152587890625 118.00624847412109375 120.38124847412109375 122.4875030517578125 125.3125 127.03749847412109375 126.25624847412109375 123.8562469482421875 121.24375152587890625
48.174999237060546875 43.793750762939453125 41.11875152587890625 38.53125 36.174999237060546875 36.93125152587890625 38.125 39.24375152587890625 41.637500762939453125 44.08750152587890625 46.46875 50.424999237060546875 54.606250762939453125 57.33750152587890625 54.46875 50.856250762939453125 47.625 45.74375152587890625 44.36875152587890625 43.52500152587890625 44.731250762939453125 46.15625 48.65000152587890625 55.481250762939453125 62.575000762939453125 69.8125 77.58750152587890625 85.4812469482421875 92.8937530517578125 99.68125152587890625 106.11875152587890625 112.2687530517578125 115.6999969482421875 117.71875 120.3125 122.875 125.625 129.662506103515625 132.5500030517578125 136.84375 141.087493896484375 140.2624969482421875 136.8000030517578125 135.2624969482421875
46.143749237060546875 40.40000152587890625 37.5625 35.356250762939453125 33.487499237060546875 34.41249847412109375 35.80625152587890625 37.41249847412109375 40.34375 43.512500762939453125 46.831249237060546875 52.27500152587890625 57.97499847412109375 62.15000152587890625 59.86875152587890625 56.50624847412109375 53.518749237060546875 51.443752288818359375 49.737499237060546875 48.612499237060546875 49.543750762939453125 50.862499237060546875 53.1875 60.206249237060546875 67.6437530517578125 75.41249847412109375 83.71250152587890625 92 100.38124847412109375 106.6750030517578125 112.31874847412109375 118.19374847412109375 121.59375 123.83750152587890625 126.65625 130.149993896484375 133.712493896484375 137.9875030517578125 141.21875 146.25 152.212493896484375 151.59375 148.5500030517578125 149.318756103515625
47.5625 41.21250152587890625 38.331249237060546875 36.03125 34.362499237060546875 35.21250152587890625 36.71250152587890625 38.543750762939453125 42.049999237060546875 45.575000762939453125 49.637500762939453125 55.68125152587890625 62.325000762939453125 67.49375152587890625 66.21250152587890625 64.1125030517578125 61.74375152587890625 59.81874847412109375 57.72499847412109375 55.96875 56.68125152587890625 57.71875 59.59375 66.3625030517578125 73.99375152587890625 82.1750030517578125 90.65625 99.03749847412109375 107.0625 113.06874847412109375 118.81874847412109375 124.3562469482421875 128.068756103515625 131.3937530517578125 134.625 138.681243896484375 142.725006103515625 147.881256103515625 149.9187469482421875 153.868743896484375 159.462493896484375 162.3937530517578125 162.2687530517578125 165.8125
49.512500762939453125 42.606250762939453125 39.762500762939453125 37.34375 35.799999237060546875 36.90625 38.40625 40.3125 44.081249237060546875 48.06874847412109375 52.8125 59.674999237060546875 67.27500152587890625 73.34375 73.0812530517578125 72.2375030517578125 71.18125152587890625 68.8625030517578125 66.3937530517578125 64.40625 64.50624847412109375 65.15000152587890625 66.68125152587890625 73.28125 80.8937530517578125 88.8312530517578125 97.4499969482421875 105.96875 113.90000152587890625 119.5 125.28749847412109375 130.6437530517578125 134.899993896484375 139.181243896484375 143.25 147.2375030517578125 152.0749969482421875 157.756256103515625 158.8937530517578125 158.600006103515625 164.5812530517578125 171.2624969482421875 175.7624969482421875 179.912506103515625
51.768749237060546875 44.512500762939453125 41.52500152587890625 39.47499847412109375 38.299999237060546875 39.15000152587890625 40.58750152587890625 42.58750152587890625 46.69374847412109375 51.15625 56.3125 64 72.0812530517578125 79.2375030517578125 80.75 81.2687530517578125 80.9562530517578125 78.1687469482421875 75.7312469482421875 73.375 72.97499847412109375 73.09999847412109375 74.2624969482421875 80.53749847412109375 88.03125 95.65000152587890625 104.2687530517578125 112.93125152587890625 120.7937469482421875 126.46875 131.881256103515625 136.75 141.7687530517578125 147.256256103515625 151.59375 156.381256103515625 161.881256103515625 167.837493896484375 167.8625030517578125 168.7312469482421875 175.7312469482421875 184.056243896484375 189.837493896484375 196.1437530517578125
58.168750762939453125 51.00624847412109375 47.96875 46.012500762939453125 44.5625 45.30625152587890625 46.549999237060546875 48.3125 52.21250152587890625 56.78125 62.887500762939453125 70.71250152587890625 79.6125030517578125 87.94374847412109375 90.7312469482421875 92.34999847412109375 92.7937469482421875 90 87.09375 84.46250152587890625 83.56874847412109375 83.21250152587890625 83.7375030517578125 89.46250152587890625 96.06874847412109375 102.93125152587890625 111.4187469482421875 119.75624847412109375 127.64374542236328125 133.9187469482421875 139.3625030517578125 144.568756103515625 149.3249969482421875 155.8562469482421875 162.4250030517578125 169.1999969482421875 175.006256103515625 180.21875 181.71875 186.681243896484375 194.3562469482421875 202.28125 209.46875 216.4812469482421875
64.8000030517578125 58.16249847412109375 55.27500152587890625 53.25624847412109375 51.40000152587890625 51.99375152587890625 53.00624847412109375 54.549999237060546875 58.00624847412109375 62.575000762939453125 68.44374847412109375 77.69374847412109375 88.125 96.61875152587890625 101.13124847412109375 103.9875030517578125 105.5500030517578125 102.7687530517578125 99.0437469482421875 96.3562469482421875 94.8874969482421875 93.91249847412109375 93.90000152587890625 98.3125 104.2624969482421875 110.375 118.28749847412109375 126.4812469482421875 134.6062469482421875 140.943756103515625 147.006256103515625 152.962493896484375 159.318756103515625 165.84375 174.131256103515625 181.662506103515625 187.8937530517578125 193.78125 197.962493896484375 204.7937469482421875 211.75 220.193756103515625 229.712493896484375 238.4250030517578125
71.84999847412109375 65.84999847412109375 62.762500762939453125 60.6875 58.66249847412109375 59.00624847412109375 59.68125152587890625 61.03749847412109375 63.8125 68.19374847412109375 74.5437469482421875 84.8874969482421875 96.69374847412109375 106.96875 111.84375 115.94374847412109375 118.69374847412109375 115.6750030517578125 111.7062530517578125 108.2312469482421875 106.46875 104.75624847412109375 104.125 107.34999847412109375 112.25624847412109375 117.50624847412109375 125.34999847412109375 133.8000030517578125 141.7937469482421875 148.0812530517578125 154.1687469482421875 160.9562530517578125 168.3874969482421875 176.756256103515625 185.1875 192.4499969482421875 199.212493896484375 207.693756103515625 213.3625030517578125 220.2437591552734375 227.787506103515625 235.818756103515625 246.2312469482421875 255.6374969482421875
81.3937530517578125 75.83750152587890625 73.1374969482421875 70.7937469482421875 68.78749847412109375 68.96250152587890625 69.0812530517578125 69.8000030517578125 72.00624847412109375 75.75624847412109375 82.72499847412109375 93.8562469482421875 106.78125 117.46250152587890625 123.55625152587890625 128.318756103515625 131.412506103515625 128.6125030517578125 124.625 120.7624969482421875 118.74375152587890625 116.8562469482421875 115.0187530517578125 117.28749847412109375 120.875 124.7624969482421875 131.662506103515625 139.462493896484375 146.96875 153.975006103515625 160.4812469482421875 167.712493896484375 175.931243896484375 185.756256103515625 193.9875030517578125 200.493743896484375 209.725006103515625 217.5 223.7937469482421875 230.712493896484375 239.0625 247.5124969482421875 255.024993896484375 264.912506103515625
91.28749847412109375 86.27500152587890625 83.7312469482421875 81.5500030517578125 79.59375 79.2624969482421875 78.84999847412109375 78.8625030517578125 80.22499847412109375 82.4499969482421875 90.40000152587890625 104.31874847412109375 116.74375152587890625 126.8312530517578125 134.375 140.4250030517578125 143.975006103515625 141.4187469482421875 137.0812530517578125 132.875 130.443756103515625 128 126.13124847412109375 126.96250152587890625 129.03125 131.9000091552734375 137.818756103515625 144.875 152.2312469482421875 159.556243896484375 167.006256103515625 174.118743896484375 184.25 194.850006103515625 202.649993896484375 210.787506103515625 219.318756103515625 227.9875030517578125 234.306243896484375 240.6999969482421875 248.5625 254.850006103515625 263.056243896484375 273.181243896484375
100.06874847412109375 95.74375152587890625 93.4562530517578125 91.5625 89.91249847412109375 89.375 89.24375152587890625 89.03749847412109375 90.3625030517578125 91.4499969482421875 102.9375 117.43125152587890625 128.162506103515625 137.7062530517578125 145.506256103515625 152.1125030517578125 155.9499969482421875 153.3874969482421875 149.2687530517578125 144.649993896484375 141.5187530517578125 138.09375 135.649993896484375 135.3249969482421875 136.7312469482421875 138.693756103515625 143.4812469482421875 149.8249969482421875 156.600006103515625 164.568756103515625 171.712493896484375 179.9562530517578125 190.90625 201.53125 210.9250030517578125 218.0625 227.368743896484375 235.193756103515625 242.8874969482421875 249.9875030517578125 255.162506103515625 262.087493896484375 267.993743896484375 275.774993896484375
