data/historical-monthly-weather-data/wc2.1_cruts4.09_10m_prec_1957-03.asc
ncols        45
nrows        45
xllcorner    -63.500000000000
yllcorner    -7.500000000000
cellsize     0.166666666667
NODATA_value -9999
[rows 0 to 19 of 45, columns 0 to 44 of 45]
113.1999969482421875 110.71875 109.3312530517578125 111.36875152587890625 112.3562469482421875 114.13124847412109375 113.96875 113.61875152587890625 113.8562469482421875 116.1687469482421875 120.9375 127.11875152587890625 133.7062530517578125 138.75 145.318756103515625 152.0437469482421875 160.6750030517578125 165.881256103515625 173.3125 180.1999969482421875 186.056243896484375 190.75 196.149993896484375 199.399993896484375 204.5812530517578125 209.71875 214.649993896484375 222.6750030517578125 229.556243896484375 231.5437469482421875 236.881256103515625 239.712493896484375 243.96875 250.2937469482421875 255.9187469482421875 261.4375 265.76251220703125 270.568756103515625 276.399993896484375 280.875 285.70001220703125 290.63751220703125 294.118743896484375 298.431243896484375 298.76873779296875
116.6999969482421875 114.1750030517578125 115.31874847412109375 117.5437469482421875 119.4812469482421875 120.8249969482421875 120.5124969482421875 120.81874847412109375 123.02500152587890625 125.88124847412109375 130.3687591552734375 135.8562469482421875 141.7062530517578125 146.850006103515625 153.1374969482421875 160.0500030517578125 168.212493896484375 175.9812469482421875 183.9499969482421875 191.75 197.068756103515625 201.662506103515625 207.1374969482421875 210.850006103515625 215.037506103515625 219.774993896484375 224.3000030517578125 232.193756103515625 238.0437469482421875 239.71875 242.5187530517578125 246.59375 249.8312530517578125 257.493743896484375 261.693756103515625 267.806243896484375 273.61248779296875 278.36248779296875 283.743743896484375 287.48748779296875 292.66876220703125 297.024993896484375 300.024993896484375 303.48748779296875 304.29998779296875
121.0500030517578125 119.43125152587890625 121.53125 124.1875 125.9375 127.3874969482421875 128.912506103515625 130.84375 133.787506103515625 137.431243896484375 140.4875030517578125 144.806243896484375 150.1687469482421875 155.1875 161.4875030517578125 169.225006103515625 177.1687469482421875 185.0187530517578125 192.21875 199.412506103515625 204.681243896484375 209.6125030517578125 213.7624969482421875 218.1687469482421875 222.818756103515625 226.381256103515625 231.3312530517578125 238.7687530517578125 243.631256103515625 244.524993896484375 247.756256103515625 251.350006103515625 255.649993896484375 260.84375 267.712493896484375 272.14373779296875 278.66876220703125 285.649993896484375 290.743743896484375 295.818756103515625 300.818756103515625 304.09375 306.28125 308.10626220703125 310
124.4562530517578125 124.25 128.131256103515625 130.850006103515625 132.90625 134.2937469482421875 136.6875 139.9187469482421875 144.6062469482421875 148.6374969482421875 150.84375 153.5812530517578125 157.287506103515625 161.65625 168.524993896484375 176.3874969482421875 185.618743896484375 193.4499969482421875 200.443756103515625 206.681243896484375 212.3625030517578125 216.0500030517578125 218.524993896484375 222.868743896484375 227.6437530517578125 231.3874969482421875 236.493743896484375 241.7375030517578125 246.40625 248.2375030517578125 249.8562469482421875 254.818756103515625 258.756256103515625 263.649993896484375 269.837493896484375 276.70623779296875 284.350006103515625 292.23126220703125 299.181243896484375 304.07501220703125 307.58123779296875 310.962493896484375 312.71875 313.100006103515625 314.662506103515625
131.5124969482421875 130.712493896484375 132.993743896484375 136.462493896484375 138.8562469482421875 140.5812530517578125 142.6750030517578125 146.65625 153.1437530517578125 158.743743896484375 159.806243896484375 160.6125030517578125 163.600006103515625 168.712493896484375 175.181243896484375 183.943756103515625 193.0749969482421875 201.21875 206.7062530517578125 211.475006103515625 217.0437469482421875 219.743743896484375 222.8249969482421875 227.6999969482421875 232.25 236.3312530517578125 239.774993896484375 244.53125 251.1374969482421875 251.068756103515625 253.625 256.524993896484375 262.331268310546875 268.13751220703125 274.318756103515625 282.212493896484375 290.33123779296875 298.381256103515625 306.443756103515625 311.03125 315.75 317.04998779296875 317.57501220703125 318.23126220703125 318.14373779296875
137.6875 137.3249969482421875 140.431243896484375 142.212493896484375 142.71875 144.818756103515625 147.118743896484375 150.71875 157.6125030517578125 164.3249969482421875 163.9499969482421875 164.712493896484375 168.8312530517578125 173.618743896484375 180.625 189.1687469482421875 198.287506103515625 205.212493896484375 210.6125030517578125 214.2937469482421875 219.287506103515625 223.3000030517578125 227.256256103515625 231.7624969482421875 236.4812469482421875 241.7375030517578125 245.225006103515625 248.7312469482421875 253.1875 254.3249969482421875 255.899993896484375 259.23748779296875 263.73748779296875 272.225006103515625 280.33123779296875 288.100006103515625 298.32501220703125 307.20001220703125 315.64373779296875 321.962493896484375 324.881256103515625 326.068756103515625 326.0625 325.67498779296875 324.3125
142.912506103515625 142.274993896484375 144.71875 145.21875 144.368743896484375 145.8312530517578125 147.7687530517578125 149.6374969482421875 153.2624969482421875 157.0625 160.712493896484375 164.850006103515625 170.6062469482421875 176.681243896484375 184.1875 192.5437469482421875 201.2375030517578125 206.287506103515625 210.1999969482421875 215.243743896484375 220.037506103515625 225.6750030517578125 230.149993896484375 235.306243896484375 240.850006103515625 245.7624969482421875 249.243743896484375 251.993743896484375 254.2312469482421875 254.287506103515625 258.01251220703125 261.024993896484375 266.118743896484375 273.26873779296875 282.337493896484375 292.193756103515625 302.3125 312.381256103515625 324.23748779296875 329.48126220703125 329.675018310546875 330.850006103515625 330.46875 329.88751220703125 330.306243896484375
146.1437530517578125 145.100006103515625 146.1750030517578125 146.5812530517578125 146.3625030517578125 147.3312530517578125 147.006256103515625 145.2687530517578125 144.712493896484375 148.068756103515625 155.3562469482421875 163.1750030517578125 171.6125030517578125 179.493743896484375 186.9499969482421875 195.03125 201.8937530517578125 205.181243896484375 208.625 213.3937530517578125 219.9250030517578125 226.693756103515625 232.743743896484375 238.1062469482421875 245.3562469482421875 249.5812530517578125 251.5500030517578125 253.5562591552734375 254.2312469482421875 254.1437530517578125 256.475006103515625 261.931243896484375 266.743743896484375 274.11248779296875 283.28125 293.41876220703125 304.368743896484375 314.850006103515625 325.84375 330.71875 331.95623779296875 332.787506103515625 332.28125 331.26873779296875 330.475006103515625
149.056243896484375 147.556243896484375 148.725006103515625 149.1999969482421875 148.6125030517578125 149.1437530517578125 148.181243896484375 145.1687469482421875 141.2624969482421875 142.7937469482421875 152.90625 163.368743896484375 173.9875030517578125 182.068756103515625 188.818756103515625 195.649993896484375 201.1062469482421875 204.350006103515625 209.056243896484375 214.09375 219.524993896484375 228.068756103515625 235.0500030517578125 244.4250030517578125 251.774993896484375 255.006256103515625 254.2624969482421875 254.006256103515625 255.149993896484375 254.1687469482421875 256.774993896484375 262.15625 267.256256103515625 274.08123779296875 282.256256103515625 293.318756103515625 306.037506103515625 316.587493896484375 327.15625 332.006256103515625 333.8125 334.26251220703125 334.056243896484375 332.625 329.09375
152 150.09375 150.850006103515625 151.2687530517578125 151.193756103515625 151.8937530517578125 151.568756103515625 149.431243896484375 147.7687530517578125 150.09375 157.7312469482421875 166.568756103515625 177.125 185.8249969482421875 190.9187469482421875 196 200.4562530517578125 203.78125 208.2624969482421875 213.4187469482421875 219.556243896484375 229.068756103515625 239.149993896484375 251.118743896484375 257.07501220703125 259.693756103515625 258.07501220703125 256.16876220703125 255.037506103515625 253.03125 254.6437530517578125 261.1875 267.45623779296875 275.212493896484375 283.16876220703125 293.774993896484375 305.881256103515625 317.443756103515625 328.256256103515625 334.60626220703125 337.693756103515625 338.412506103515625 335.73126220703125 330 326.712493896484375
154.9375 152.943756103515625 153.181243896484375 153.756256103515625 154.375 155.9875030517578125 156.4875030517578125 155.149993896484375 155.837493896484375 159.256256103515625 165.0625 173.0625 181.868743896484375 190.493743896484375 194.03125 196.75 199.4187469482421875 202.850006103515625 206.6125030517578125 211.756256103515625 219.8937530517578125 230.4375 243.6437530517578125 254.587493896484375 263.787506103515625 263.82501220703125 260.79998779296875 259.556243896484375 256.806243896484375 253.212493896484375 255.3312530517578125 260.70001220703125 266.63751220703125 274.287506103515625 282.787506103515625 292.84375 304.381256103515625 316.100006103515625 327.25 335.756256103515625 339.66876220703125 338.693756103515625 333.818756103515625 326.6875 322.28125
158.524993896484375 156.59375 156.8625030517578125 157.9562530517578125 158.3312530517578125 161.09375 163.056243896484375 163.1687469482421875 165.1437530517578125 168.6374969482421875 173.6437530517578125 179.3249969482421875 185.3874969482421875 191.8874969482421875 196.337493896484375 198.868743896484375 199.90625 202.6750030517578125 206.381256103515625 210.975006103515625 218.087493896484375 229.96875 245.912506103515625 261.25 268.67498779296875 263.9375 259.756256103515625 258.3125 258.0625 257.537506103515625 257.25 260.63751220703125 265.54998779296875 272.225006103515625 279.65625 291.181243896484375 303.625 315.556243896484375 326.17498779296875 336.193756103515625 341.45001220703125 338.431243896484375 329.48126220703125 316.381256103515625 307.82501220703125
162.1999969482421875 160.0749969482421875 160.7062530517578125 161.412506103515625 162.399993896484375 166.0124969482421875 168.537506103515625 170.2375030517578125 173.0625 177.71875 183.3562469482421875 186.90625 191.131256103515625 194.131256103515625 197.725006103515625 200.0187530517578125 200.725006103515625 203.787506103515625 207.912506103515625 211.381256103515625 216.350006103515625 228.1687469482421875 243.881256103515625 256.76873779296875 258.73748779296875 255.725006103515625 257.037506103515625 258.26251220703125 259.774993896484375 260.48748779296875 260.681243896484375 261.36248779296875 264.3125 269.88751220703125 276.67498779296875 287.1875 299.88751220703125 312.368743896484375 324.568756103515625 336.45623779296875 343.91876220703125 338.475006103515625 321.45623779296875 304.631256103515625 292.725006103515625
164.774993896484375 162.9875030517578125 163.6374969482421875 164.506256103515625 166.125 169.3562469482421875 173.1500091552734375 176.8249969482421875 181.681243896484375 187 192.3874969482421875 194.4812469482421875 196.0749969482421875 198.212493896484375 198.9875030517578125 201.306243896484375 201.9499969482421875 204.6624908447265625 208.40625 212.6437530517578125 219.618743896484375 229.725006103515625 241.631256103515625 249.5500030517578125 251.7062530517578125 252.4562530517578125 255.100006103515625 257.46875 259.725006103515625 261.20623779296875 262.86248779296875 263.287506103515625 263.39373779296875 266.118743896484375 271.756256103515625 283.01873779296875 296.73126220703125 309.03125 320.725006103515625 331.71875 338.51873779296875 327.556243896484375 312.32501220703125 299.024993896484375 288.88751220703125
165.0500030517578125 162.931243896484375 164.149993896484375 166.350006103515625 168.7375030517578125 172.5625 177.6750030517578125 182.7312469482421875 187.899993896484375 193.53125 199.350006103515625 200.6437530517578125 201.274993896484375 202.1687469482421875 201.5124969482421875 203.1750030517578125 203.6750030517578125 207.1687469482421875 210.5 214.631256103515625 222.40625 231.475006103515625 240.875 247.1750030517578125 251.193756103515625 254.943756103515625 257.79998779296875 260.33123779296875 263.412506103515625 265.57501220703125 265.23748779296875 264.48126220703125 264.33123779296875 262.912506103515625 265.4375 278.20001220703125 293.4375 305.98126220703125 314.04998779296875 319.16876220703125 318.837493896484375 313.01873779296875 306.36248779296875 296.04376220703125 288.381256103515625
163.6875 162.21875 164.3625030517578125 167.306243896484375 170.625 176.243743896484375 181.8125 187.3312530517578125 193.9499969482421875 200.5187530517578125 205.75 206.9562530517578125 206.993743896484375 206.6999969482421875 206.1062469482421875 205.774993896484375 205.7624969482421875 209.3937530517578125 212.6437530517578125 217.21875 224.443756103515625 232.462493896484375 240.78125 246.3937530517578125 250.8312530517578125 256.01873779296875 259.8125 263.587493896484375 268.29998779296875 270.524993896484375 271.181243896484375 269.524993896484375 266.462493896484375 264.32501220703125 264.88751220703125 282.15625 295.600006103515625 301.625 304.95001220703125 307.26251220703125 306.149993896484375 303.274993896484375 299 291.899993896484375 285.774993896484375
162.306243896484375 161.625 163.9187469482421875 167.774993896484375 172.2687530517578125 178.59375 185.78125 192.274993896484375 199.2062530517578125 206.287506103515625 211.5500030517578125 212.837493896484375 212.6999969482421875 211.1062469482421875 211.2375030517578125 209.837493896484375 207.5500030517578125 209.96875 214.0812530517578125 218.3937530517578125 225.3874969482421875 233.368743896484375 241.6062469482421875 246.962493896484375 252.1062469482421875 256.26873779296875 260.85626220703125 266.181243896484375 270.943756103515625 275.04998779296875 276.84375 275.743743896484375 273.16876220703125 274.006256103515625 284.48748779296875 298.54376220703125 303.65625 302.568756103515625 300.193756103515625 298.60626220703125 298.76873779296875 296.6875 291.881256103515625 286.29376220703125 282.61248779296875
158.625 158.3874969482421875 161.8625030517578125 166.7062530517578125 171.8125 178.5124969482421875 185.7375030517578125 193.1875 201.149993896484375 208.8874969482421875 215.3874969482421875 218.024993896484375 217.5500030517578125 216.868743896484375 216.368743896484375 213.899993896484375 211.2375030517578125 209.181243896484375 214.8249969482421875 218.868743896484375 226.774993896484375 234.2312469482421875 241.287506103515625 246.2624969482421875 251.2687530517578125 257.375 261.33123779296875 268.087493896484375 275 279.725006103515625 280.98126220703125 275.912506103515625 274.85626220703125 280.23748779296875 295.48126220703125 316.85626220703125 311.70001220703125 302.64373779296875 296.36248779296875 294.58123779296875 292.08123779296875 289.79998779296875 286.39373779296875 281.6875 278.33123779296875
154.337493896484375 154.6062469482421875 158.53125 164.03125 170.3000030517578125 178.0812530517578125 185.96875 193.912506103515625 202.337493896484375 210.931243896484375 218.2624969482421875 219.931243896484375 221.506256103515625 222.21875 220.21875 216.6687469482421875 212.881256103515625 210.1374969482421875 212.0625 216.431243896484375 225.600006103515625 234.256256103515625 237.774993896484375 243.1875 249.2375030517578125 256.39373779296875 262.131256103515625 268.131256103515625 276.087493896484375 282.681243896484375 285.59375 277.79998779296875 271.89373779296875 270.100006103515625 279.32501220703125 297.04998779296875 297.350006103515625 293.45001220703125 291.46875 289.006256103515625 287.1875 284.29376220703125 281.706268310546875 278.350006103515625 275.443756103515625
148.90625 150.15625 154.7062530517578125 160.931243896484375 168.1687469482421875 177.193756103515625 185.9562530517578125 194.587493896484375 203.693756103515625 212.399993896484375 219.868743896484375 221.7687530517578125 224.587493896484375 227.0749969482421875 222.9375 215.993743896484375 209.6687469482421875 209.875 210.4499969482421875 213.787506103515625 220.537506103515625 227.0124969482421875 233.8000030517578125 238.7687530517578125 244.943756103515625 251.756256103515625 258.46875 266.193756103515625 272.88751220703125 277.58123779296875 278.475006103515625 273.524993896484375 261.48126220703125 249.875 244.756256103515625 258.162506103515625 274.01251220703125 280.90625 284.07501220703125 284.693756103515625 282.96875 280.287506103515625 278.71875 276.475006103515625 274.556243896484375
