data/historical-monthly-weather-data/wc2.1_cruts4.09_10m_prec_1991-01.asc
ncols        51
nrows        45
xllcorner    -63.500000000000
yllcorner    -7.500000000000
cellsize     0.166666666667
NODATA_value -9999
[rows 20 to 39 of 45, columns 0 to 44 of 51]
226.96875 242.1062469482421875 255.850006103515625 271.243743896484375 287.625 307.95623779296875 330.11248779296875 349.5625 362.65625 372.306243896484375 380.537506103515625 387.95623779296875 398.84375 410.48748779296875 399.07501220703125 375.01873779296875 358.26251220703125 352.23126220703125 354.9375 358.51873779296875 373.20623779296875 387.25 400.11248779296875 417.60626220703125 437 456.625 470.912506103515625 485.53125 498.506256103515625 504.85626220703125 499.20623779296875 487.068756103515625 474.212493896484375 460.73748779296875 449.29376220703125 483.8125 535.4749755859375 574.0562744140625 587.9625244140625 581.1500244140625 559.92498779296875 532.40625 511.75 494.78125 477.89373779296875
224.274993896484375 237.412506103515625 250.631256103515625 266.875 285.34375 305.79376220703125 327.3125 348.71875 362 366.693756103515625 368.162506103515625 365.23126220703125 366.100006103515625 371.04998779296875 368.45623779296875 358.10626220703125 351.28125 349.09375 350.337493896484375 354.25 364.70001220703125 378.350006103515625 393.78125 412.76251220703125 433.787506103515625 455.881256103515625 475.17498779296875 487.08123779296875 494.993743896484375 493.587493896484375 481.04376220703125 467.63751220703125 464.243743896484375 467.28125 475.21875 508.75 562.40625 608.375 622.38751220703125 609.5 582.8187255859375 551.8062744140625 527.5625 507.41876220703125 487.41876220703125
221.850006103515625 234.193756103515625 245.287506103515625 260.931243896484375 280.58123779296875 302.76251220703125 324.29998779296875 346.162506103515625 362.20001220703125 361.350006103515625 352.881256103515625 339.23748779296875 330.943756103515625 334.1875 340.70623779296875 342.51873779296875 341.10626220703125 341.82501220703125 343.36248779296875 346.40625 357.193756103515625 369.337493896484375 382.75 401.675018310546875 426.131256103515625 452.85626220703125 474.431243896484375 485.70623779296875 490.09375 481.17498779296875 465.8125 454.39373779296875 465.85626220703125 481.76251220703125 504.28125 537.9000244140625 592.98126220703125 655.5562744140625 665.13751220703125 634.97503662109375 601.17498779296875 568.83123779296875 538.41876220703125 515.67498779296875 494.350006103515625
219.8000030517578125 229.493743896484375 238.7062530517578125 254.3937530517578125 275.287506103515625 296.51251220703125 318.225006103515625 339.087493896484375 352.287506103515625 348.350006103515625 336.493743896484375 321.037506103515625 303.29376220703125 310.15625 323.556243896484375 330.237518310546875 332.381256103515625 334.381256103515625 336.29376220703125 339.42498779296875 347.649993896484375 357.82501220703125 369.65625 387.71875 413.774993896484375 440.84375 464.837493896484375 475.32501220703125 479.5625 474.399993896484375 464.17498779296875 459.01873779296875 475.91876220703125 498.66876220703125 526.7125244140625 562.25 612.4124755859375 669.04998779296875 676.9312744140625 647.1187744140625 612.21875 577.1624755859375 546.0875244140625 521.95623779296875 501.024993896484375
218.96875 226.818756103515625 233.881256103515625 251.5187530517578125 274.881256103515625 293.90625 312.125 329.068756103515625 337.306243896484375 335.90625 327.625 315.91876220703125 306.23748779296875 309.225006103515625 317.09375 324 327.837493896484375 331.08123779296875 331.85626220703125 331.88751220703125 338.26251220703125 344.9375 354.20001220703125 370.931243896484375 395.75 424.91876220703125 446.66876220703125 463.64373779296875 472.556243896484375 473.85626220703125 470.787506103515625 472.85626220703125 490.6875 515.9312744140625 545.125 576.01873779296875 617.34375 650.86248779296875 656.76873779296875 640.48126220703125 611.5625 578.8375244140625 549.2125244140625 527.98126220703125 501.649993896484375
223.306243896484375 232.9812469482421875 241.149993896484375 257.71875 276.46875 292.91876220703125 307.475006103515625 319.100006103515625 324.91876220703125 325 321.912506103515625 317.125 312.712493896484375 313.89373779296875 317.45623779296875 322.350006103515625 326.63751220703125 329.35626220703125 329.306243896484375 327.32501220703125 332.087493896484375 333.931243896484375 339.38751220703125 352.256256103515625 377.737518310546875 408.92498779296875 434.9375 454.318756103515625 469.037506103515625 471.75 477.631256103515625 485.625 507.61248779296875 531.0999755859375 559.40625 585.78125 616.3812255859375 638.4375 641.0062255859375 628.50628662109375 606.2437744140625 575.3187255859375 545.0374755859375 525.78125 505.149993896484375
230.3937530517578125 240.118743896484375 250.6374969482421875 264.524993896484375 278.912506103515625 292.162506103515625 304.16876220703125 311.899993896484375 316.51251220703125 319.568756103515625 320.131256103515625 319.36248779296875 318.568756103515625 320.33123779296875 322.03125 325.76873779296875 329.1875 331.0625 331.40625 327.32501220703125 327.587493896484375 328.462493896484375 327.71875 337.91876220703125 366.17498779296875 396.431243896484375 422.037506103515625 443.54998779296875 461.662506103515625 469.23126220703125 479.88751220703125 491.42498779296875 519.29998779296875 545.4000244140625 571.21875 596.25 621.08123779296875 635.5875244140625 632.60626220703125 622.5 601.6500244140625 569.13751220703125 539.9937744140625 522.20001220703125 517.4625244140625
239.6374969482421875 248.1687469482421875 259.45623779296875 271.63751220703125 283.600006103515625 292.96875 301.443756103515625 307.131256103515625 311.92498779296875 315.3125 317.98126220703125 320.399993896484375 321.662506103515625 324.32501220703125 325.98748779296875 329.256256103515625 331.90625 335.837493896484375 333.618743896484375 330.368743896484375 330.86248779296875 328.149993896484375 331.0625 342.40625 365.225006103515625 391.15625 414.73126220703125 435.131256103515625 454.368743896484375 467.01873779296875 477.75 491.10626220703125 521.66876220703125 550.3499755859375 579.2874755859375 603 622.7437744140625 636.625 634.4000244140625 622.04998779296875 604.17498779296875 572.70001220703125 540.0562744140625 524.82501220703125 543.8499755859375
248.056243896484375 256.36248779296875 266.881256103515625 278.537506103515625 288.60626220703125 294.681243896484375 298.5625 303.46875 307.462493896484375 311.76873779296875 316.287506103515625 320.01251220703125 323.45623779296875 329.09375 331.60626220703125 335.693756103515625 341.08123779296875 342.6875 341.07501220703125 337.5 335.774993896484375 332.581268310546875 334.943756103515625 347.5625 366.83123779296875 388.462493896484375 410.037506103515625 429.568756103515625 449.806243896484375 463.5625 473.868743896484375 487.58123779296875 520.2249755859375 554.39373779296875 587.16876220703125 609.35626220703125 630.15625 643.5374755859375 642.48126220703125 630.38751220703125 608.8812255859375 579.4937744140625 555.32501220703125 553.3687744140625 576.5374755859375
258.493743896484375 265.4375 275.568756103515625 286.26251220703125 293.5 295.70001220703125 296.66876220703125 300.168731689453125 303.681243896484375 307.36248779296875 313.23126220703125 319.71875 325.625 332.73126220703125 337.625 342.03125 346.631256103515625 349.51251220703125 349.9375 344.95623779296875 341.23126220703125 338.9375 339.118743896484375 349.92498779296875 366.962493896484375 386.04376220703125 404.743743896484375 422.48126220703125 441.63751220703125 456.1875 470.35626220703125 486.53125 519.0875244140625 556.60626220703125 590.51251220703125 614.98748779296875 636.21246337890625 654.9749755859375 654.7750244140625 647.375 634.7249755859375 613.5062255859375 597.6624755859375 598.2562255859375 605.3375244140625
267.13751220703125 272.67498779296875 279.243743896484375 287.587493896484375 293.875 292.26251220703125 292.85626220703125 294.78125 298.26251220703125 303.0625 310.26873779296875 318.48748779296875 326.67498779296875 334.350006103515625 341.181243896484375 346.556243896484375 352.681243896484375 356.76251220703125 357.681243896484375 353.024993896484375 347.03125 342.25 342.17498779296875 351.149993896484375 364.82501220703125 382.79376220703125 399.76873779296875 415.681243896484375 434.600006103515625 450.193756103515625 467.10626220703125 486.368743896484375 519.57501220703125 557.9749755859375 593.5562744140625 620.2562255859375 643.33123779296875 667.0625 672.6812744140625 669.89996337890625 665.46875 650.9937744140625 640.4375 634.89373779296875 638.48748779296875
274.256256103515625 277.362518310546875 280.556243896484375 284.318756103515625 286.15625 285.46875 287.350006103515625 287.993743896484375 291.98126220703125 297.443756103515625 305.25 314.92498779296875 325.13751220703125 335.787506103515625 344.131256103515625 350.36248779296875 355.243743896484375 358.71875 358.23748779296875 355.375 348.274993896484375 342.524993896484375 341.78125 349.131256103515625 362.53125 377.600006103515625 392.162506103515625 407.67498779296875 423.88751220703125 443.537506103515625 463.10626220703125 484.875 520.10626220703125 559.54998779296875 596.9749755859375 624.6624755859375 653.82501220703125 676.60626220703125 683.3125 687.25 695.32501220703125 687.60626220703125 681.4000244140625 683.1875 687.5625
285.42498779296875 286.60626220703125 287.6875 288.17498779296875 285.993743896484375 283.25 281.131256103515625 279.95623779296875 282.524993896484375 290.125 300.774993896484375 312.03125 325.79376220703125 339.64373779296875 347.14373779296875 352.73126220703125 356.48126220703125 357.350006103515625 355.90625 353.73748779296875 347.53125 342.11248779296875 340.23748779296875 348.0625 358.70001220703125 371.712493896484375 384.48748779296875 396.41876220703125 411.631256103515625 435.431243896484375 457.32501220703125 479.868743896484375 517.03125 558.32501220703125 595.5625 626.58123779296875 656.17498779296875 681.25 688.1875 703.625 715.53125 714.8125 716.75 726.5250244140625 745.29998779296875
296.36248779296875 295.850006103515625 294.15625 291.90625 286.23748779296875 280.84375 275.837493896484375 271.45623779296875 273.95623779296875 280.5 292.243743896484375 308.84375 326.46875 341.13751220703125 348.76873779296875 353.1875 357.45001220703125 357.725006103515625 354.29376220703125 350.631256103515625 345.36248779296875 340.73748779296875 338.8125 344.48126220703125 352.86248779296875 362.63751220703125 373.26251220703125 385.23748779296875 400.743743896484375 424.79998779296875 450.89373779296875 476.875 514.34375 557.09375 595.7874755859375 627.7437744140625 656.9937744140625 680.75 695.3125 713.1624755859375 727.04998779296875 733.5625 743.33123779296875 759.28125 782.3375244140625
309.181243896484375 306.03125 301.89373779296875 296.068756103515625 288.774993896484375 280.88751220703125 271.83123779296875 264.48126220703125 263.912506103515625 270.587493896484375 284.9375 304.881256103515625 327.88751220703125 345.48748779296875 352.15625 354.66876220703125 357.23748779296875 355.39373779296875 351.45623779296875 345.649993896484375 341.71875 337.6875 335.76251220703125 339.20001220703125 345.59375 351.57501220703125 362.09375 373.868743896484375 388.42498779296875 413.693756103515625 442.5 473.03125 512.17498779296875 553.39373779296875 592.01251220703125 623.92498779296875 651.54998779296875 681.6812744140625 698.92498779296875 714.84375 731.3499755859375 739.59375 753.42498779296875 770.5687255859375 788.34375
326.16876220703125 321.368743896484375 315.618743896484375 308.34375 299.98748779296875 289.149993896484375 278.75 268.024993896484375 262.537506103515625 264.28125 277.725006103515625 301.51873779296875 327.256256103515625 345.600006103515625 352.4375 354.84375 355.28125 352.274993896484375 347.35626220703125 340.98748779296875 336.29376220703125 333.32501220703125 330.712493896484375 332.306243896484375 336.868743896484375 342.65625 351.6875 362.506256103515625 376.61248779296875 402.78125 433.787506103515625 465.15625 505.32501220703125 546.29998779296875 583.61248779296875 611.2437744140625 642.3062744140625 668.33123779296875 681.07501220703125 696.66876220703125 713.38751220703125 724.2125244140625 736.73126220703125 753.76251220703125 765.1875
343.806243896484375 338.07501220703125 330.26251220703125 321.95623779296875 312.63751220703125 300.95001220703125 289.98748779296875 276.600006103515625 264.274993896484375 256.26873779296875 271.5 304.212493896484375 329.256256103515625 343.125 350.40625 353.17498779296875 352.98126220703125 348.89373779296875 342.95001220703125 335.506256103515625 331.23126220703125 326.71875 324.29376220703125 324.82501220703125 328.35626220703125 333.61248779296875 341.73748779296875 352.131256103515625 365.23748779296875 392.76251220703125 424.58123779296875 457.11248779296875 497.618743896484375 538.4000244140625 574.48126220703125 600.8375244140625 626.66876220703125 647.875 660.6812744140625 672.83123779296875 684.7249755859375 695.79376220703125 711.5374755859375 726.88751220703125 734.75
361.29998779296875 354.581268310546875 345.54998779296875 337.16876220703125 327.79998779296875 317.03125 305.07501220703125 291.51251220703125 277.212493896484375 263.64373779296875 290.48126220703125 322.381256103515625 337.649993896484375 345.03125 350.45623779296875 351.993743896484375 350.08123779296875 345.95623779296875 339.943756103515625 331.9375 326.25 320.36248779296875 316.881256103515625 316.65625 319.20623779296875 324.056243896484375 330.875 340.23748779296875 352.95001220703125 382.11248779296875 413.943756103515625 445.57501220703125 484.98126220703125 525.3499755859375 559.9437255859375 583.95001220703125 603.9437255859375 623.0625 635.2562255859375 644.85626220703125 653.33123779296875 666.2437744140625 678.7874755859375 689.65625 698.58123779296875
379.512481689453125 369.78125 361.29376220703125 352.67498779296875 343.962493896484375 333.88751220703125 323.03125 314.95623779296875 311.42498779296875 321.556243896484375 353.95001220703125 358.306243896484375 357.07501220703125 356.806243896484375 357.337493896484375 354.63751220703125 350.76873779296875 344.4375 336.91876220703125 328.600006103515625 320.162506103515625 313.462493896484375 309.681243896484375 309.26251220703125 311.15625 315.462493896484375 322.98126220703125 332.662506103515625 345.71875 374.037506103515625 403.118743896484375 431.66876220703125 465.28125 497.95001220703125 531.9625244140625 553.01251220703125 569.3187255859375 586.3125 595.58123779296875 601.16876220703125 608.83123779296875 618.51251220703125 627.60626220703125 639.39373779296875 647.07501220703125
398.53125 388.087493896484375 378.38751220703125 368.306243896484375 361.725006103515625 353.837493896484375 346.11248779296875 343.806243896484375 347.29998779296875 359.524993896484375 374.5625 379.149993896484375 374.85626220703125 369.943756103515625 365.29376220703125 359.399993896484375 352.181243896484375 344.98126220703125 334.85626220703125 324.65625 312.67498779296875 305.51251220703125 301.318756103515625 300.65625 302.95001220703125 306.875 315.125 325.881256103515625 338.506256103515625 363.681243896484375 389.13751220703125 416.28125 446.73748779296875 474.056243896484375 498.95623779296875 516.95001220703125 531.0875244140625 544.79376220703125 551.8062744140625 555.6312255859375 562.53125 570.04998779296875 576.1500244140625 585.2874755859375 592.5999755859375
