data/historical-monthly-weather-data/wc2.1_cruts4.09_10m_prec_1961-11.asc
ncols        51
nrows        45
xllcorner    -63.500000000000
yllcorner    -7.500000000000
cellsize     0.166666666667
NODATA_value -9999
[rows 0 to 18 of 45, columns 0 to 43 of 51]
118.75 114.2624969482421875 110.7624969482421875 110.1687469482421875 109.53749847412109375 110.7375030517578125 111.36875152587890625 112.09999847412109375 113.8937530517578125 115.19374847412109375 116.5812530517578125 117.27500152587890625 118.1875 117.28125 117.5187530517578125 117.3000030517578125 117.1875 115.3312530517578125 113.6437530517578125 112.4187469482421875 110.30625152587890625 108.00624847412109375 106.25 103.5437469482421875 101.41249847412109375 99.78125 99.02500152587890625 98.38124847412109375 97.2937469482421875 95.63124847412109375 94.2375030517578125 93.5812530517578125 93.0187530517578125 93.15625 93.0749969482421875 93.7687530517578125 94.78749847412109375 95.3937530517578125 95.5625 95.81874847412109375 95.25624847412109375 95.1750030517578125 93.9875030517578125 92.84999847412109375
120.90625 115.47499847412109375 113.21875 112.8937530517578125 113.59999847412109375 114.7687530517578125 115.1999969482421875 117.0749969482421875 119.05625152587890625 120.18125152587890625 121.34375 121.28749847412109375 120.8937530517578125 120.25 119.5437469482421875 119.78125 118.91249847412109375 117.84375 116.5 115.58750152587890625 113.1062469482421875 110.46250152587890625 108.5500030517578125 106.4812469482421875 103.25624847412109375 100.9562530517578125 100.03749847412109375 98.77500152587890625 97.5437469482421875 95.9562530517578125 94.83750152587890625 94.4250030517578125 93.41249847412109375 94.40625 95.03125 96.1687469482421875 97.6750030517578125 98.8625030517578125 99.13124847412109375 99.61875152587890625 99.84375 99.44374847412109375 98.7312469482421875 96.69374847412109375
124.125 119.25624847412109375 117.1374969482421875 116.40625 117.3937530517578125 118.5187530517578125 120.78125 122.86875152587890625 125.6125030517578125 126.8625030517578125 126.96250152587890625 125.96250152587890625 125.0187530517578125 123.5437469482421875 122.34375 121.56874847412109375 120.90000152587890625 119.96250152587890625 118.21250152587890625 117.03125 114.4250030517578125 111.5812530517578125 109.40625 107.30625152587890625 104.34375 101.58750152587890625 100.28125 99.03125 97.22499847412109375 95.22499847412109375 94.6125030517578125 93.8625030517578125 94.38124847412109375 95.09999847412109375 96.2312469482421875 97.3874969482421875 99.0749969482421875 101.61249542236328125 102.59375 103.85625457763671875 104.4187469482421875 103.71875 102.9875030517578125 101.5437469482421875
124.8562469482421875 120.15625 119.74375152587890625 119.0500030517578125 120.34375 121.94374847412109375 124.28749847412109375 127.81874847412109375 131.850006103515625 133.8249969482421875 132.9562530517578125 130.59375 128.524993896484375 126.22499847412109375 124.7624969482421875 123.8249969482421875 123.1875 121.5124969482421875 119.9250030517578125 119.1687469482421875 116.49375152587890625 113.19374847412109375 109.9562530517578125 107.22499847412109375 104.33750152587890625 101.6999969482421875 100.21250152587890625 97.8000030517578125 96.1875 94.81874847412109375 93.8562469482421875 93.53749847412109375 93.4562530517578125 94.3562469482421875 95.56874847412109375 98.33750152587890625 101.1437530517578125 103.9250030517578125 105.84375 107.55625152587890625 107.8312530517578125 108.0749969482421875 106.7624969482421875 105.18125152587890625
128.9375 122.71875 118.65625 119.25624847412109375 122.2062530517578125 124.50624847412109375 127.2937469482421875 131.8125 137.5062408447265625 141.0187530517578125 137.850006103515625 133.1750030517578125 130.2687530517578125 128.162506103515625 126.6687469482421875 126 124.9875030517578125 123.6125030517578125 121.7062530517578125 119.7687530517578125 117.7937469482421875 114.25 110.8125 108.4187469482421875 104.41249847412109375 101.3249969482421875 98.2375030517578125 96.59375 95.3625030517578125 93.1750030517578125 92.1374969482421875 91.84375 92.2687530517578125 93.6374969482421875 95.4250030517578125 98.7312469482421875 102.40000152587890625 106.1999969482421875 109.3562469482421875 110.5625 111.69374847412109375 111.24375152587890625 110.34999847412109375 109.0437469482421875
131.1750030517578125 125.7375030517578125 121.7375030517578125 118.52500152587890625 122.2937469482421875 127.00624847412109375 130.693756103515625 134.5 139.625 143.6875 139.6125030517578125 134.8000030517578125 132.368743896484375 130.28125 128.4812469482421875 127.21875 126.40000152587890625 124.8249969482421875 123.31874847412109375 120.75 118.1875 115.2062530517578125 111.83750152587890625 108.28749847412109375 104.8874969482421875 101.1374969482421875 98.0625 95.71250152587890625 93.9812469482421875 91.6875 89.93125152587890625 90.59375 91.21875 93.25624847412109375 95.40625 99.7937469482421875 104.3312530517578125 109.18125152587890625 113.53749847412109375 115.7062530517578125 115.0437469482421875 114.7375030517578125 113.7687530517578125 112.8000030517578125
134.65625 131.0500030517578125 127.13750457763671875 123.8000030517578125 124.8125 127.3312530517578125 130.662506103515625 133.6125030517578125 135.556243896484375 135.5437469482421875 135.1875 133.368743896484375 132.587493896484375 131.2937469482421875 130.2375030517578125 129.3562469482421875 128.2937469482421875 126.24375152587890625 123.5812530517578125 122.1875 119.47499847412109375 116.27500152587890625 112.8937530517578125 108.88124847412109375 105.09375 101.6999969482421875 97.96250152587890625 94.74375152587890625 91.53125 89.34375 88.125 88.25 89.7062530517578125 92.3562469482421875 95.53749847412109375 100.0124969482421875 104.83750152587890625 110.72499847412109375 117.4499969482421875 119.5124969482421875 118.3000030517578125 117.5 116.5500030517578125 115.34375
139.6437530517578125 136.162506103515625 133.193756103515625 131.912506103515625 132.475006103515625 132.743743896484375 131.6374969482421875 129.1999969482421875 126.65000152587890625 126.4187469482421875 129.506256103515625 131.131256103515625 131.96875 131.7687530517578125 131.2937469482421875 131.0749969482421875 129.8874969482421875 127.40000152587890625 124.9187469482421875 122.71875 121.21875 118.4187469482421875 114.28125 110 106.4875030517578125 101.40000152587890625 96.8937530517578125 92.7312469482421875 89.5124969482421875 86.6750030517578125 85.2937469482421875 86 88 90.84999847412109375 94.5 98.9499969482421875 104.59375 110.05625152587890625 115.00624847412109375 117.4562530517578125 117.50624847412109375 117.05625152587890625 116.1750030517578125 114.8125
144.3125 142.056243896484375 140.443756103515625 139.4875030517578125 139.34375 138.443756103515625 136.15625 132.087493896484375 125.08750152587890625 121.91249847412109375 126.40625 129.6374969482421875 131.931243896484375 132.5749969482421875 132.53125 132.006256103515625 130.8874969482421875 129.287506103515625 128.837493896484375 126.84375 123.75624847412109375 120.9812469482421875 116.2375030517578125 112.7312469482421875 107.94374847412109375 102.0124969482421875 96.44374847412109375 92.09375 88.4187469482421875 84.66249847412109375 83.65000152587890625 84.97499847412109375 86.5625 89.0812530517578125 92.31874847412109375 97.2312469482421875 102.5625 107.6125030517578125 111.78749847412109375 115.0625 115.90000152587890625 115.25624847412109375 115.05625152587890625 114.0124969482421875
149.5124969482421875 147.3249969482421875 146.225006103515625 145.868743896484375 146.1374969482421875 145.568756103515625 142.3874969482421875 137.3625030517578125 131.9499969482421875 129.3562469482421875 130.1875 130.962493896484375 133.287506103515625 133.96875 133.4812469482421875 132.8937530517578125 131.9250030517578125 131.837493896484375 132 131.84375 128.8000030517578125 125 119.3562469482421875 114.7687530517578125 108.6062469482421875 102.5124969482421875 97.18125152587890625 91.875 87.375 83.0124969482421875 81.8874969482421875 83.11875152587890625 84.8874969482421875 87.63124847412109375 90.9562530517578125 95.81874847412109375 101.1999969482421875 105.49375152587890625 109.5812530517578125 112.91249847412109375 114.77500152587890625 114.6062469482421875 113.7375030517578125 111.96875
155.1750030517578125 153.556243896484375 152.2937469482421875 152.0812530517578125 152.399993896484375 153.274993896484375 150.6125030517578125 144.681243896484375 139.337493896484375 136.0749969482421875 135.6875 135.256256103515625 135.6374969482421875 135.568756103515625 134.2062530517578125 132.931243896484375 132.28125 133.3937530517578125 134.962493896484375 136.6750030517578125 136.431243896484375 131.506256103515625 123.86875152587890625 115.66249847412109375 109.75624847412109375 104.46250152587890625 98.99375152587890625 93.5749969482421875 88.05625152587890625 83.46250152587890625 82.1875 82.93125152587890625 84.91249847412109375 87.40000152587890625 90.09375 94.19374847412109375 98.75 103.1062469482421875 108.1437530517578125 111.8000030517578125 113.74375152587890625 113.90625 113.3125 111.80625152587890625
160.2687530517578125 158.693756103515625 157.5500030517578125 158.100006103515625 158.618743896484375 159.587493896484375 157.975006103515625 151.837493896484375 146.306243896484375 142.568756103515625 140.5500030517578125 139.1750030517578125 136.8312530517578125 135.5 134.131256103515625 133.024993896484375 132.9187469482421875 134.4875030517578125 137.5124969482421875 141.625 143.368743896484375 138.537506103515625 129.3625030517578125 119.2687530517578125 111.6125030517578125 105.625 99.9562530517578125 94.86875152587890625 90.59375 86.27500152587890625 83.9187469482421875 83.44374847412109375 84.5625 86.40625 89.09375 93.03749847412109375 97.13124847412109375 101.68125152587890625 106.31874847412109375 110.3937530517578125 113.27500152587890625 113.34999847412109375 112.7937469482421875 111.44374847412109375
165.0625 164.0749969482421875 163.100006103515625 162.6875 162.40625 162.78125 160.5812530517578125 155.9250030517578125 151.006256103515625 147.625 144.774993896484375 142.4875030517578125 139.0812530517578125 134.2375030517578125 132.1125030517578125 131.4499969482421875 131.9250030517578125 135.1875 139.1062469482421875 143.5749969482421875 146.8562469482421875 142.493743896484375 132.625 123.0437469482421875 113.65000152587890625 106.2624969482421875 101.86875152587890625 97.05625152587890625 93.09375 89.03125 86.15625 84.6125030517578125 84.4250030517578125 85.4187469482421875 87.66249847412109375 91.3625030517578125 95.40625 99.75624847412109375 105.05625152587890625 108.59999847412109375 112.4187469482421875 113.19374847412109375 111.33750152587890625 105.4187469482421875
169.4312591552734375 167.568756103515625 166.443756103515625 165.625 165.1312408447265625 164.03125 161.9562530517578125 158.693756103515625 155.212493896484375 151.4875030517578125 148.056243896484375 143.068756103515625 138.5187530517578125 133.1875 128.6875 128.100006103515625 129.3249969482421875 132.725006103515625 136.7312469482421875 140.5749969482421875 142.5625 139.3249969482421875 132.1875 123.8312530517578125 115.8125 109.03749847412109375 105.1687469482421875 100.6750030517578125 96.25 91.6875 88.4562530517578125 86.0437469482421875 84.75 84.66249847412109375 86.7624969482421875 90.625 94.6125030517578125 99.9375 104.50624847412109375 109.21875 111.9187469482421875 109.3625030517578125 105.99375152587890625 104.0500030517578125
171.475006103515625 169.506256103515625 168.5 167.6750030517578125 166.881256103515625 165.462493896484375 163.962493896484375 161.193756103515625 157.4875030517578125 153.5437469482421875 149.4375 143.7937469482421875 137.9187469482421875 131.806243896484375 125.46250152587890625 124.25624847412109375 126.11875152587890625 129.931243896484375 134.100006103515625 137.625 138.6999969482421875 136.431243896484375 131.537506103515625 125.66249847412109375 120.1125030517578125 114.72499847412109375 110.4250030517578125 105.6125030517578125 100.78125 95.25 90.9250030517578125 87.41249847412109375 85.78125 85.1999969482421875 86.1750030517578125 89.71250152587890625 94.75 101.2687530517578125 106.8000030517578125 109.75 109.71250152587890625 108.4812469482421875 107.93125152587890625 107.2937469482421875
172.2937469482421875 170.256256103515625 169.90625 169.09375 168.40625 167.4187469482421875 165.350006103515625 162.78125 159.931243896484375 156.7687530517578125 151.9187469482421875 145.46875 138.868743896484375 131.28125 124.03749847412109375 119.75 123.2937469482421875 128.5812530517578125 132.6125030517578125 135.756256103515625 137.1062469482421875 135.743743896484375 131.975006103515625 127.84999847412109375 124.0124969482421875 120.8312530517578125 117.31874847412109375 112.16249847412109375 105.71875 98.75624847412109375 93.3874969482421875 89.3249969482421875 86.84375 86.24375152587890625 85.9250030517578125 90.46875 96.59999847412109375 100.83750152587890625 105.6125030517578125 108.3625030517578125 110.55625152587890625 110.7937469482421875 110.1750030517578125 106.90625
172.71875 171.537506103515625 170.818756103515625 170.1687469482421875 170.0500030517578125 169.024993896484375 167.8000030517578125 165.2937469482421875 162.7624969482421875 159.375 154.993743896484375 148.4375 141.056243896484375 133.337493896484375 126.5749969482421875 122.61875152587890625 122.8125 127.09999847412109375 131.868743896484375 135.524993896484375 136.90625 135.899993896484375 132.899993896484375 129.4187469482421875 127.25 126.6999969482421875 125.2375030517578125 118.49375152587890625 109.6125030517578125 101.8125 96.125 92.78749847412109375 89.5124969482421875 88 90.40000152587890625 96.6750030517578125 100.6062469482421875 105.5437469482421875 110.7937469482421875 112.38124847412109375 114.99375152587890625 115.0625 111.71875 109.59999847412109375
172.131256103515625 171.118743896484375 171.181243896484375 171.1687469482421875 170.850006103515625 171.149993896484375 170.556243896484375 168.381256103515625 166.1374969482421875 162.7937469482421875 158.506256103515625 152.15625 144.1062469482421875 137.21875 131.9562530517578125 128.118743896484375 126.66249847412109375 126.84999847412109375 132.5124969482421875 136.5812530517578125 138.837493896484375 136.912506103515625 133.806243896484375 131.8625030517578125 131.3000030517578125 131.6437530517578125 133.024993896484375 124.34999847412109375 112.8249969482421875 102.7062530517578125 96.1062469482421875 92.56874847412109375 92.4250030517578125 95.0124969482421875 98.40000152587890625 100.4187469482421875 105.15000152587890625 110.0500030517578125 112.33750152587890625 116.65625 118.34375 117.5124969482421875 115.125 113.0187530517578125
170.9187469482421875 170.84375 171.225006103515625 171.743743896484375 172.306243896484375 172.899993896484375 172.524993896484375 171.537506103515625 170.1125030517578125 167.84375 163.368743896484375 156.75 149 142.53125 136.9187469482421875 133.318756103515625 131.412506103515625 130.006256103515625 132.8125 137.068756103515625 140.943756103515625 141.34375 134.6374969482421875 133.5812530517578125 133.975006103515625 134.306243896484375 133.40625 126.01250457763671875 115.47499847412109375 104.125 95.8125 94.8125 99.15000152587890625 101.6062469482421875 103.18125152587890625 107.125 110.7062530517578125 114.2312469482421875 117.61875152587890625 120.61875152587890625 122.0437469482421875 122.78749847412109375 119.65000152587890625 116.9812469482421875
