data/historical-monthly-weather-data/wc2.1_cruts4.09_10m_prec_2007-05.asc
ncols        51
nrows        45
xllcorner    -63.500000000000
yllcorner    -7.500000000000
cellsize     0.166666666667
NODATA_value -9999
[rows 0 to 19 of 45, columns 0 to 43 of 51]
363.83123779296875 363.11248779296875 366 376.26251220703125 383.36248779296875 388.431243896484375 388.506256103515625 390.712493896484375 390.8125 393.899993896484375 394.149993896484375 387.95001220703125 383.625 379.91876220703125 372.756256103515625 367.64373779296875 361.21875 353.82501220703125 349.64373779296875 348.556243896484375 348.912506103515625 349.01251220703125 353.09375 353.07501220703125 354.66876220703125 358.225006103515625 358.90625 361.38751220703125 361.568756103515625 368.412506103515625 371.087493896484375 377.15625 387.625 396.73126220703125 406.0625 417.40625 427.10626220703125 432.54998779296875 434.73748779296875 438.71875 438.806243896484375 438.29998779296875 433.587493896484375 434.131256103515625
357.41876220703125 354.125 360.45623779296875 371.75 383.1875 388.98748779296875 388.8125 390.98126220703125 392.9375 392.04998779296875 391.84375 384.71875 377.20623779296875 370.16876220703125 361.11248779296875 352.85626220703125 344.868743896484375 335.91876220703125 332.92498779296875 331.45623779296875 331.96875 333.625 335.51251220703125 339.162506103515625 341.35626220703125 343.681243896484375 348.399993896484375 352.712493896484375 356.34375 362.818756103515625 367.78125 379.76873779296875 389.28125 403.10626220703125 413.524993896484375 420.399993896484375 433.63751220703125 441.118743896484375 446.40625 443.59375 443.29376220703125 447.712493896484375 442.912506103515625 436.618743896484375
341.5 341.20001220703125 349.5625 358.568756103515625 366.64373779296875 373.67498779296875 378.5625 384.46875 387.36248779296875 386.59375 384.51251220703125 375.11248779296875 365.118743896484375 353.76251220703125 344.350006103515625 336.76251220703125 327 317.243743896484375 313.806243896484375 313.08123779296875 314.350006103515625 318.587493896484375 321.46875 325.181243896484375 328.381256103515625 334.66876220703125 342.45623779296875 346.756256103515625 349.76873779296875 357.162506103515625 363.75 374.25 389.100006103515625 401.006256103515625 414.774993896484375 421.625 433.475006103515625 443.29998779296875 446.850006103515625 447.95623779296875 452.23126220703125 449.162506103515625 447.54376220703125 441.40625
321.04376220703125 318.57501220703125 332.087493896484375 339.29376220703125 346.82501220703125 353.16876220703125 360.13751220703125 369.806243896484375 378.14373779296875 379.287506103515625 373.88751220703125 362.618743896484375 348.381256103515625 335.96875 326.04998779296875 316.96875 306.40625 297.943756103515625 294.506256103515625 296.431243896484375 302.79998779296875 306.037506103515625 307.95001220703125 313.475006103515625 318.03125 323.39373779296875 333.04376220703125 336.725006103515625 340.912506103515625 352.16876220703125 360.587493896484375 371.368743896484375 384.45623779296875 396.08123779296875 407 421.86248779296875 436.431243896484375 446.662506103515625 451.71875 455 457.17498779296875 458.76873779296875 451.0625 443.1875
320.725006103515625 314.28125 310.10626220703125 315.537506103515625 324.131256103515625 329.725006103515625 338.899993896484375 350.962493896484375 364.443756103515625 370.07501220703125 360.056243896484375 343.66876220703125 331.8125 320.287506103515625 310.01251220703125 299.45001220703125 288.056243896484375 280.65625 277.45623779296875 281.056243896484375 288.10626220703125 291.1875 292.70001220703125 302.5625 306.95623779296875 313.26873779296875 318.45001220703125 327.1875 333.98748779296875 344.45001220703125 355.899993896484375 365.375 377.59375 393.381256103515625 407.08123779296875 419.350006103515625 436.34375 450.725006103515625 458.287506103515625 461.475006103515625 466.67498779296875 462.23748779296875 455.256256103515625 449.631256103515625
312.79998779296875 306.725006103515625 300.618743896484375 292.95001220703125 301.59375 312.087493896484375 321.07501220703125 330.212493896484375 344.431243896484375 352.024993896484375 344.41876220703125 327.76251220703125 319.381256103515625 310.712493896484375 298.975006103515625 291.82501220703125 279.70623779296875 270.98126220703125 268.537506103515625 272.95623779296875 278.48748779296875 283.537506103515625 288.568756103515625 293.88751220703125 300.26251220703125 307.162506103515625 313.4375 320.375 329.40625 340.725006103515625 352.162506103515625 363.84375 375.431243896484375 389.66876220703125 402.20623779296875 416.53125 431.1875 444.649993896484375 458.631256103515625 463.54376220703125 465.112518310546875 462.33123779296875 454.48748779296875 448.51251220703125
307.04376220703125 299.10626220703125 292.268768310546875 285.431243896484375 284.212493896484375 288.29376220703125 295.568756103515625 303.45623779296875 306.17498779296875 313.95623779296875 314.63751220703125 307.54998779296875 303.912506103515625 299.04998779296875 291.07501220703125 283.524993896484375 276.98126220703125 270.57501220703125 266.399993896484375 269.82501220703125 272.975006103515625 276.34375 278.462493896484375 286.618743896484375 294.98748779296875 305.14373779296875 310.29376220703125 316.693756103515625 322.399993896484375 334.318756103515625 346.8125 356.0625 365.681243896484375 379.04376220703125 392.65625 409.07501220703125 421.76251220703125 435.23748779296875 450.82501220703125 460.95623779296875 461.4375 455.60626220703125 448.76251220703125 445.75
300.32501220703125 291.11248779296875 283.85626220703125 279.375 277.41876220703125 280.587493896484375 277.89373779296875 269.61248779296875 263.59375 273.35626220703125 285.587493896484375 287.875 290.818756103515625 288.537506103515625 283.899993896484375 279.850006103515625 274.8125 270.92498779296875 266.524993896484375 264.625 269.89373779296875 271.6875 273.98126220703125 278.837493896484375 289.493743896484375 294.58123779296875 303.506256103515625 308.82501220703125 315.381256103515625 327.256256103515625 339.09375 347.89373779296875 358.649993896484375 368.20623779296875 377.73748779296875 391.45001220703125 406.037506103515625 422.07501220703125 434.15625 439.03125 446.09375 442.01251220703125 438.29376220703125 431.899993896484375
294.29376220703125 285.274993896484375 279.79376220703125 274.024993896484375 270.475006103515625 271.23748779296875 268.087493896484375 261.67498779296875 250.462493896484375 248.96875 261.5625 271.61248779296875 281.01251220703125 281.193756103515625 278.03125 276.40625 273.20001220703125 271.86248779296875 271.118743896484375 264.42498779296875 263.46875 268.381256103515625 267.1875 278.38751220703125 283.32501220703125 287.256256103515625 292.60626220703125 301.76251220703125 312.32501220703125 321.256256103515625 334.23126220703125 340.46875 343.475006103515625 348.73748779296875 359.850006103515625 374.149993896484375 388.9375 404.76873779296875 419.506256103515625 423.056243896484375 425.35626220703125 422.056243896484375 424.006256103515625 423.92498779296875
287.45623779296875 280.162506103515625 274.96875 270.67498779296875 264.51251220703125 264.91876220703125 263.04376220703125 258.943756103515625 254.8125 255.9250030517578125 261.818756103515625 263.993743896484375 274.90625 276.01873779296875 275.149993896484375 271.41876220703125 268.34375 267.78125 268.712493896484375 267.38751220703125 264.29998779296875 262.443756103515625 262.475006103515625 271.068756103515625 273.66876220703125 277.693756103515625 282.60626220703125 291.54376220703125 303.743743896484375 315.868743896484375 322.993743896484375 326.61248779296875 332.26251220703125 337.625 343.79998779296875 356.350006103515625 368.899993896484375 384.5625 399.54998779296875 410.975006103515625 419.618743896484375 421.98748779296875 414.51873779296875 406.98748779296875
280.76251220703125 275.212493896484375 269.368743896484375 265.66876220703125 259.79376220703125 261.1875 260.431243896484375 255.600006103515625 254.0812530517578125 258.024993896484375 264.587493896484375 269.85626220703125 269.506256103515625 272.65625 269.21875 264.524993896484375 261.67498779296875 262.756256103515625 263.98748779296875 266.26251220703125 272.056243896484375 266.568756103515625 261.649993896484375 255.725006103515625 264.76873779296875 272.76251220703125 277.618743896484375 285.75 293.056243896484375 300.73748779296875 309.056243896484375 314.33123779296875 318.318756103515625 322.287506103515625 326.48748779296875 334.73748779296875 346.287506103515625 362.568756103515625 381.587493896484375 396.35626220703125 407.64373779296875 408.368743896484375 410.087493896484375 398.337493896484375
277.76251220703125 271.25 266.36248779296875 262.78125 258.693756103515625 257.26251220703125 258.9375 257.86248779296875 259.26873779296875 260.0625 265.756256103515625 272.4375 266.07501220703125 265.65625 263.931243896484375 257.350006103515625 254.1750030517578125 255.5625 258.350006103515625 264.649993896484375 274.34375 274.48126220703125 268.48126220703125 259.58123779296875 256.88751220703125 257.82501220703125 260.868743896484375 268.8125 278.774993896484375 285.21875 288.649993896484375 293 296.600006103515625 300.012481689453125 306.98126220703125 318.73126220703125 332.225006103515625 345.51251220703125 361.23748779296875 377.09375 391.95623779296875 393.90625 389.28125 366.90625
275.84375 267.5625 262.287506103515625 259.131256103515625 254.7375030517578125 255.3937530517578125 254.899993896484375 253.274993896484375 256.01873779296875 260.756256103515625 265.631256103515625 268.70623779296875 265.193756103515625 253.5124969482421875 249.274993896484375 247.3874969482421875 244.2937469482421875 246.412506103515625 249.40625 256.068756103515625 269.475006103515625 269.649993896484375 265.287506103515625 256.5 240.943756103515625 237.443756103515625 247.537506103515625 256.600006103515625 267.35626220703125 274.15625 274.66876220703125 273.787506103515625 275.568756103515625 277.493743896484375 284.975006103515625 299.65625 314.70623779296875 331.712493896484375 350.53125 365.66876220703125 377.11248779296875 380.32501220703125 364.868743896484375 348.48748779296875
268.037506103515625 260.96875 257.16876220703125 253.75 251 250.2687530517578125 249.0999908447265625 248.6437530517578125 253.375 257.8125 257.71875 256.537506103515625 251.9812469482421875 244.412506103515625 231.899993896484375 232.649993896484375 229.9000091552734375 231.037506103515625 236.118743896484375 243.4875030517578125 254.4812469482421875 257.524993896484375 256.462493896484375 251.725006103515625 241.212493896484375 235.875 239.837493896484375 244.556243896484375 252.9875030517578125 256.212493896484375 260.04376220703125 257.481231689453125 258.5625 260.45623779296875 265.78125 283.212493896484375 302.76873779296875 323.212493896484375 343.84375 355.056243896484375 352.82501220703125 344.556243896484375 344.96875 347.85626220703125
259.756256103515625 254.65625 251.90625 248.337493896484375 245.006256103515625 244.7375030517578125 246.1125030517578125 247.225006103515625 249.3874969482421875 250.2312469482421875 248.725006103515625 245.056243896484375 237.524993896484375 228.943756103515625 213.462493896484375 212.65625 211.931243896484375 216.193756103515625 221.162506103515625 227.2937469482421875 239.2062530517578125 246.243743896484375 250.568756103515625 254.1687469482421875 252.787506103515625 250.6437530517578125 249.068756103515625 250.3625030517578125 253.0749969482421875 252.850006103515625 247.556243896484375 243.087493896484375 247.0124969482421875 244.462493896484375 244.0749969482421875 257.83123779296875 288.462493896484375 315.899993896484375 333.54376220703125 339.40625 335.556243896484375 336.106231689453125 346.993743896484375 347.712493896484375
250.818756103515625 245.8312530517578125 244.8125 242.681243896484375 239.0625 240.462493896484375 242.475006103515625 243.0500030517578125 242.9187469482421875 243.568756103515625 240.306243896484375 234.243743896484375 225.65625 217.8562469482421875 205.306243896484375 192.4875030517578125 194.8249969482421875 203.524993896484375 206.46875 212.375 225.09375 238.8000030517578125 250.1437530517578125 259.618743896484375 261.45001220703125 258.98126220703125 255.3125 252.412506103515625 252.587493896484375 252.337493896484375 249.975006103515625 243.1374969482421875 235.2312469482421875 227.8312530517578125 225.568756103515625 252.149993896484375 274.73126220703125 299.100006103515625 319.612518310546875 332.73126220703125 335.787506103515625 335.931243896484375 339.681243896484375 333.04998779296875
243.287506103515625 239.287506103515625 236.8937530517578125 236.1125030517578125 235.256256103515625 234.9250030517578125 235.493743896484375 235.3000030517578125 236.3249969482421875 236.125 233.59375 227.993743896484375 218.1125030517578125 208.587493896484375 198.8312530517578125 189.0187530517578125 178.662506103515625 185.712493896484375 192.118743896484375 198.868743896484375 212.84375 228.1937408447265625 245.725006103515625 261.875 270.125 260.70623779296875 253.7937469482421875 251.037506103515625 250.4250030517578125 249.3625030517578125 247.8874969482421875 244.8937530517578125 238.493743896484375 233.162506103515625 243.181243896484375 257.48748779296875 279.42498779296875 302.95001220703125 328.681243896484375 333.443756103515625 334 330.01251220703125 324.01251220703125 321.78125
233.287506103515625 231.2375030517578125 230.225006103515625 228.681243896484375 227.8625030517578125 229.6437530517578125 228.6999969482421875 227.1125030517578125 226.681243896484375 227.0625 224.8937530517578125 221.3249969482421875 209.6750030517578125 201.71875 192.712493896484375 184.375 174.899993896484375 168.568756103515625 180.649993896484375 185.7937469482421875 199.5 216.7375030517578125 235.5 252.568756103515625 263.23126220703125 258.25 247.787506103515625 247.600006103515625 248.1125030517578125 243.3125 233.662506103515625 226.4875030517578125 238.9499969482421875 245.2062530517578125 250.600006103515625 275.5 297.131256103515625 310.043731689453125 325.806243896484375 332.08123779296875 323.274993896484375 317.649993896484375 312.29376220703125 311.29376220703125
223.2312469482421875 222.0812530517578125 220.7375030517578125 221.28125 221.6437530517578125 221.600006103515625 221.287506103515625 220.6999969482421875 220.287506103515625 221.7125091552734375 218.3125 208.818756103515625 199.28125 192.34375 184.25 178.125 171.868743896484375 163.3562469482421875 163.1374969482421875 169.1125030517578125 184.181243896484375 204.7687530517578125 212.7312469482421875 231.125 242.399993896484375 248.774993896484375 246.693756103515625 241.774993896484375 242.3625030517578125 237.475006103515625 231.162506103515625 230.8562469482421875 241.0812530517578125 247.431243896484375 256.381256103515625 276.45001220703125 289.568756103515625 298.4375 313.287506103515625 314.5 308.368743896484375 301.3125 300.61248779296875 303.64373779296875
212.4812469482421875 212.318756103515625 212.0812530517578125 210.962493896484375 212.03125 215.5812530517578125 216.337493896484375 215.375 214.9875030517578125 213.9499969482421875 212.712493896484375 207.1875 200.78125 190.712493896484375 180.9375 168.274993896484375 158.1437530517578125 158.5124969482421875 156.993743896484375 160.306243896484375 169.462493896484375 185.7375030517578125 205.0749969482421875 216.8125 224.1062469482421875 226.3625030517578125 229.09375 233.28125 230.0625 223.475006103515625 223.0124969482421875 234.90625 240.899993896484375 244.993743896484375 256.462493896484375 272.006256103515625 283.48126220703125 292.068756103515625 298.23748779296875 300.581268310546875 292.01251220703125 285.493743896484375 290.04376220703125 293.95623779296875
