data/historical-monthly-weather-data/wc2.1_cruts4.09_10m_prec_1980-06.asc
ncols        51
nrows        45
xllcorner    -63.500000000000
yllcorner    -7.500000000000
cellsize     0.166666666667
NODATA_value -9999
[rows 0 to 18 of 45, columns 0 to 43 of 51]
305.318756103515625 301.493743896484375 300.29376220703125 309.23126220703125 313.850006103515625 321.068756103515625 322.10626220703125 321.13751220703125 314.806243896484375 319.287506103515625 326.41876220703125 328.024993896484375 329.86248779296875 327.625 322.71875 319.48126220703125 313.40625 306.368743896484375 298.868743896484375 295.07501220703125 296.53125 288.90625 282.89373779296875 273.106231689453125 265.51873779296875 259.412506103515625 256.681243896484375 256.118743896484375 248.600006103515625 242.3312530517578125 231.21875 226.850006103515625 226.212493896484375 221.2062530517578125 216.9499969482421875 213.943756103515625 210.399993896484375 208.53125 202.118743896484375 198.118743896484375 197.2062530517578125 200.625 196.912506103515625 195.681243896484375
297.79376220703125 294.337493896484375 299.70623779296875 306.493743896484375 315.90625 322.587493896484375 323.08123779296875 321.29998779296875 322.76873779296875 326.5 329.76251220703125 328.5 321.256256103515625 316.225006103515625 308.993743896484375 303.5 294.931243896484375 284.587493896484375 276.256256103515625 273.4375 272.774993896484375 266.39373779296875 263.149993896484375 257.600006103515625 251.4812469482421875 245.53125 244.131256103515625 241.625 235.9562530517578125 226.8312530517578125 221.0999908447265625 222.037506103515625 220.087493896484375 217.8937530517578125 216.1687469482421875 210.0500030517578125 207.7624969482421875 204.725006103515625 198.9375 195.7062530517578125 197.412506103515625 192.243743896484375 194.318756103515625 193.1437530517578125
284.51873779296875 289.73748779296875 295.556243896484375 298.23748779296875 308.73126220703125 318.256256103515625 321.58123779296875 328.28125 330.41876220703125 332.743743896484375 331.556243896484375 324.29376220703125 317.600006103515625 304.42498779296875 294.225006103515625 286.39373779296875 275.1875 265.79998779296875 258.40625 253.6875 253.912506103515625 253.90625 250.3375091552734375 250.03125 241.368743896484375 234.84375 238 233.8874969482421875 225.6875 223.5437469482421875 216.7624969482421875 214.53125 212.3000030517578125 212.037506103515625 207.9562530517578125 197.59375 197.056243896484375 196.7937469482421875 191.9562530517578125 189.524993896484375 192.8125 190.3312530517578125 189.75 187.256256103515625
269.8125 270.587493896484375 282.443756103515625 291.318756103515625 298.462493896484375 307.46875 316.462493896484375 325.13751220703125 331.881256103515625 335.89373779296875 330.037506103515625 317.91876220703125 305.131256103515625 290.068756103515625 279.756256103515625 270.41876220703125 255.6687469482421875 248.181243896484375 241.631256103515625 244.475006103515625 243 237.662506103515625 236.600006103515625 238.7312469482421875 230.7375030517578125 225.3249969482421875 225.868743896484375 220.056243896484375 216.8125 216.2624969482421875 212.712493896484375 208.1437530517578125 205.6999969482421875 200.40625 196.5812530517578125 196.181243896484375 195.662506103515625 192.1374969482421875 186.75 184.350006103515625 185.943756103515625 187.787506103515625 186.71875 183.443756103515625
276.35626220703125 274.28125 269.493743896484375 280.9375 295.918731689453125 300.162506103515625 309.26251220703125 323.48126220703125 336.125 340.83123779296875 332.818756103515625 309.131256103515625 294.66876220703125 280.29998779296875 265.61248779296875 254.4499969482421875 242.212493896484375 230.037506103515625 223.568756103515625 224.4499969482421875 223.2687530517578125 222.537506103515625 223.15625 224.3625030517578125 217.743743896484375 214.53125 212.618743896484375 213.4562530517578125 211.318756103515625 207.1125030517578125 207.4812469482421875 206.3312530517578125 201.75 198.3312530517578125 197.6374969482421875 192.056243896484375 190.28125 189.3000030517578125 182.46875 177.8000030517578125 179.6687469482421875 181.2375030517578125 181.8874969482421875 182.337493896484375
269.693756103515625 273.368743896484375 270.66876220703125 263.51251220703125 282.056243896484375 298.568756103515625 303.993743896484375 314.181243896484375 330.67498779296875 337.037506103515625 322.225006103515625 299.600006103515625 285.443756103515625 271.0625 253.9187469482421875 242.350006103515625 228.84375 217.6750030517578125 214.53125 213.1062469482421875 215.0437469482421875 213.9250030517578125 213.53125 210.1875 208.8000030517578125 207.4375 203.850006103515625 204.96875 204.056243896484375 200.899993896484375 204.1125030517578125 203.899993896484375 202.506256103515625 197.2062530517578125 191.1875 192.068756103515625 186.3562469482421875 178.1062469482421875 175.8937530517578125 177.412506103515625 175.318756103515625 178.3562469482421875 176.774993896484375 176.600006103515625
269.73126220703125 271.037506103515625 270.03125 268.431243896484375 268.600006103515625 272.625 278.125 294.86248779296875 300.36248779296875 305.381256103515625 298.600006103515625 281.6875 272.243743896484375 261.54376220703125 246.006256103515625 233.243743896484375 222.5124969482421875 212.274993896484375 204.125 203.625 200.287506103515625 200.4375 199.25 199.8874969482421875 203.631256103515625 202.8249969482421875 198.943756103515625 197.6750030517578125 196.8312530517578125 201.71875 199.850006103515625 196.6687469482421875 193.443756103515625 192.7375030517578125 192.774993896484375 187.662506103515625 177.318756103515625 172.037506103515625 168.850006103515625 171.25 169.0500030517578125 170.193756103515625 171.568756103515625 171.75
266.568756103515625 263.256256103515625 263.48748779296875 269.60626220703125 270.693756103515625 277.875 269.456268310546875 262.54376220703125 256.51873779296875 265.337493896484375 268.931243896484375 262.712493896484375 257.45623779296875 248.0812530517578125 239.0187530517578125 227.21875 213.1999969482421875 204.568756103515625 196.318756103515625 189.4375 196.7062530517578125 194.09375 191.75 192.1062469482421875 196.0187530517578125 193.4375 191.34375 190.3000030517578125 190.006256103515625 190.2937469482421875 196.90625 193.5625 191.25 188.3874969482421875 182.618743896484375 176.3249969482421875 169.712493896484375 164.21875 157.6062469482421875 155.34375 155.712493896484375 160.318756103515625 158.0187530517578125 155.475006103515625
261 260.78125 257.84375 260.568756103515625 264.03125 264.0625 265.88751220703125 264.256256103515625 248.5437469482421875 239.46875 239.649993896484375 239.3562469482421875 242.850006103515625 236.8625030517578125 230.1374969482421875 218.4499969482421875 213.21875 207.6875 201.681243896484375 191.662506103515625 185.8125 191.600006103515625 184.662506103515625 190.6999969482421875 189.8000030517578125 188.475006103515625 186.5437469482421875 187.725006103515625 191.681243896484375 190.600006103515625 197.03125 185.537506103515625 175.618743896484375 170.875 170.412506103515625 170.787506103515625 167.3562469482421875 164.1750030517578125 157.59375 151.412506103515625 147.65625 145.5625 149.868743896484375 147.318756103515625
255.9875030517578125 256.962493896484375 254.8562469482421875 256.83123779296875 258.962493896484375 257.51251220703125 257.618743896484375 251.8125 246.09375 239.1062469482421875 231.5812530517578125 220.3249969482421875 226.375 225.462493896484375 222.1374969482421875 216.068756103515625 208.7624969482421875 210.243743896484375 205.493743896484375 199.8249969482421875 190.2312469482421875 186.412506103515625 177.787506103515625 180.524993896484375 178.34375 181.09375 180.431243896484375 179.875 180.0437469482421875 183.5749969482421875 186.3125 178.943756103515625 173.756256103515625 169.7687530517578125 164.631256103515625 162.6437530517578125 161.774993896484375 160.9875030517578125 156.8562469482421875 156.006256103515625 154.4875030517578125 151.850006103515625 144.5 135.975006103515625
254.2312469482421875 253.21875 250.6999969482421875 250.4250030517578125 249.556243896484375 251.368743896484375 245.5687408447265625 240.34375 237.993743896484375 234.056243896484375 229.75 219.9875030517578125 213.475006103515625 214.131256103515625 211.399993896484375 208.4875030517578125 203.9187469482421875 201.0437469482421875 201.4875030517578125 203.225006103515625 205.09375 195.4250030517578125 179.2375030517578125 164.274993896484375 169.3000030517578125 180.975006103515625 182.181243896484375 178.056243896484375 174.100006103515625 174.7062530517578125 175.881256103515625 171.756256103515625 168.78125 165.8312530517578125 162.2062530517578125 156.8562469482421875 156.068756103515625 153.4562530517578125 155.837493896484375 153.2624969482421875 150.65625 145.475006103515625 141.899993896484375 129.2624969482421875
246.6374969482421875 246.756256103515625 247.8249969482421875 243.8249969482421875 243.649993896484375 241.024993896484375 241.6125030517578125 238.649993896484375 235.0999908447265625 224.899993896484375 223.8562469482421875 217.9875030517578125 203.4812469482421875 203.993743896484375 207.5437469482421875 203.9187469482421875 199.649993896484375 198.837493896484375 201.6875 211.1999969482421875 214.462493896484375 206.9499969482421875 188.7937469482421875 168.1687469482421875 166.149993896484375 169.006256103515625 167.21875 167.2937469482421875 168.193756103515625 166.28125 160.243743896484375 160.587493896484375 159.25 154.0124969482421875 153.975006103515625 154.3937530517578125 156 154.9250030517578125 149.5124969482421875 151.181243896484375 149.34375 143.15625 129.8937530517578125 111.1374969482421875
243.756256103515625 242.1437530517578125 240.931243896484375 237.100006103515625 237.9875030517578125 233.1374969482421875 231.818756103515625 229.6687469482421875 223.1374969482421875 217.2312469482421875 214.46875 212.068756103515625 205.625 192.5500030517578125 191.6999969482421875 192.8312530517578125 191.118743896484375 193.475006103515625 190.25 197.943756103515625 205.2062530517578125 199.3312530517578125 186.96875 170.787506103515625 157.8125 157.3562469482421875 159.600006103515625 161.0749969482421875 163.40625 163.9812469482421875 156.3874969482421875 150.4499969482421875 152.3562469482421875 145.6999969482421875 145.0749969482421875 147.868743896484375 153.837493896484375 155.962493896484375 160.2375030517578125 156.65625 147.556243896484375 139.149993896484375 119.9187469482421875 104.77500152587890625
238.5124969482421875 237.181243896484375 234.2062530517578125 231.131256103515625 227.693756103515625 225.0187530517578125 221.287506103515625 221.03125 217.25 209.743743896484375 205.84375 199.8125 196.5812530517578125 189.193756103515625 176.193756103515625 180.9562530517578125 178.631256103515625 178.287506103515625 178.193756103515625 183.6999969482421875 188.875 184.6437530517578125 176.068756103515625 168.375 160.5625 154.6062469482421875 151.8312530517578125 150.4812469482421875 151.59375 150.899993896484375 149.774993896484375 145.96875 144.4250030517578125 143.462493896484375 139.2687530517578125 148.118743896484375 158.4812469482421875 165.631256103515625 170.1999969482421875 163.0124969482421875 140.681243896484375 126.28125 120.2375030517578125 119.43125152587890625
228.0812530517578125 227.274993896484375 227.0625 225.6687469482421875 221.7937469482421875 218.693756103515625 216.71875 213.8562469482421875 209.4250030517578125 203.850006103515625 198.037506103515625 193.287506103515625 189.1937408447265625 180.181243896484375 165.0812530517578125 167.2624969482421875 166.6875 170.006256103515625 166.2375030517578125 169.3625030517578125 175.7375030517578125 173.818756103515625 171.21875 167.743743896484375 166.568756103515625 162.0187530517578125 158.962493896484375 155.6374969482421875 157.056243896484375 150.3249969482421875 142.6687469482421875 141.8249969482421875 146.162506103515625 139.78125 131.537506103515625 133.537506103515625 152.181243896484375 170.287506103515625 171.9499969482421875 160.71875 148.1875 140.256256103515625 138.587493896484375 127.56874847412109375
220.75 217.743743896484375 217.75 214.3562469482421875 214.943756103515625 213.006256103515625 209.5124969482421875 205.068756103515625 203.787506103515625 202.493743896484375 196.475006103515625 190.6125030517578125 186.34375 177.868743896484375 165.118743896484375 149.3125 152.53125 159.149993896484375 156.118743896484375 158.368743896484375 162.875 164.0812530517578125 166.3312530517578125 168.506256103515625 168.1687469482421875 164.4499969482421875 158.681243896484375 156.868743896484375 155.193756103515625 154.8625030517578125 149.556243896484375 142.943756103515625 134.881256103515625 126.81874847412109375 120.1437530517578125 138.5437469482421875 146.4250030517578125 158.318756103515625 166.399993896484375 167.337493896484375 164.0812530517578125 156.962493896484375 144.993743896484375 128.6687469482421875
211.6125030517578125 210.53125 207.9562530517578125 208.59375 208.725006103515625 207.912506103515625 204.399993896484375 201.5500030517578125 195.881256103515625 192.71875 191.024993896484375 187.287506103515625 180.0124969482421875 172.125 165.9875030517578125 151.90625 135.806243896484375 140.693756103515625 144.6125030517578125 145.618743896484375 148.0124969482421875 153.5124969482421875 157.1999969482421875 165.5187530517578125 165.618743896484375 157.0625 151.868743896484375 149.4375 153.100006103515625 154.0500030517578125 152.78125 149.8562469482421875 141.8125 138.881256103515625 145.3937530517578125 151.2312469482421875 161.756256103515625 170.243743896484375 177.399993896484375 168.5437469482421875 165.306243896484375 153.662506103515625 137.34375 125.69374847412109375
200.8000030517578125 201.0187530517578125 202.600006103515625 203.5 204.5187530517578125 206.087493896484375 201.649993896484375 197.9375 192.3562469482421875 185.662506103515625 181.225006103515625 180.649993896484375 172.5625 166.15625 162.6437530517578125 152.756256103515625 137.462493896484375 123.6687469482421875 135.8312530517578125 132.556243896484375 134.693756103515625 139.96875 148.9250030517578125 155.5500030517578125 159.2937469482421875 151.2312469482421875 143.587493896484375 147.4562530517578125 150.0124969482421875 147.693756103515625 139.7624969482421875 133.024993896484375 149.2062530517578125 151.5749969482421875 152.943756103515625 175.368743896484375 182.625 175.7062530517578125 174.600006103515625 168.3625030517578125 151.2624969482421875 137.306243896484375 124.5625 116.6062469482421875
191.2937469482421875 194.399993896484375 196.318756103515625 198.618743896484375 200.9812469482421875 199.493743896484375 196.4625091552734375 192.34375 188.7937469482421875 184.4250030517578125 178.443756103515625 169.181243896484375 162.9875030517578125 159.125 153.024993896484375 146.024993896484375 140.59375 124.18125152587890625 117.49375152587890625 117.00624847412109375 124.06874847412109375 133.9437408447265625 129.131256103515625 139.5500030517578125 143.431243896484375 147.725006103515625 146.0437469482421875 142.225006103515625 147.625 145.0124969482421875 139.5500030517578125 139.943756103515625 147.712493896484375 148.1875 155.46875 170.7062530517578125 171.1374969482421875 163.381256103515625 161.4250030517578125 150.90625 136.4875030517578125 120.6437530517578125 113.34999847412109375 109.375
