data/historical-monthly-weather-data/wc2.1_cruts4.09_10m_prec_2024-06.asc
ncols        45
nrows        45
xllcorner    -63.500000000000
yllcorner    -7.500000000000
cellsize     0.166666666667
NODATA_value -9999
[rows 19 to 37 of 45, columns 0 to 43 of 45]
162.881256103515625 167.40625 170.1125030517578125 170.7937469482421875 174.5 182.3249969482421875 185.09375 184.9562530517578125 189.056243896484375 189.84375 188.225006103515625 184.1750030517578125 177.2687530517578125 169.3000030517578125 161.5187530517578125 146.2062530517578125 136.71875 138.75 131.53125 133.087493896484375 125.84375 131.149993896484375 144.46875 148.3937530517578125 144.3562469482421875 140.9562530517578125 138.006256103515625 143.0374908447265625 136.8625030517578125 129.625 126.58750152587890625 136.631256103515625 137.443756103515625 134.806243896484375 133.90625 138.2937469482421875 138.375 130.0437469482421875 120.1687469482421875 108.8125 93.7062530517578125 79.59375 76.4812469482421875 73.78125
147.225006103515625 159.21875 166.40625 168.412506103515625 166.7312469482421875 170.9187469482421875 177.462493896484375 180.4250030517578125 182.743743896484375 182.131256103515625 182.8874969482421875 178.6687469482421875 171.9375 161.649993896484375 151.375 144.4250030517578125 134.4187469482421875 131.1437530517578125 134.712493896484375 132.9812469482421875 140.9187469482421875 147.2750091552734375 156.056243896484375 163.350006103515625 161.181243896484375 152.287506103515625 137.5437469482421875 134.1999969482421875 131.618743896484375 131.125 130.4499969482421875 134.9812469482421875 127.0437469482421875 123.4562530517578125 121.28125 125.1999969482421875 126.9875030517578125 122.40625 110.8249969482421875 99.6062469482421875 88.55625152587890625 77.4250030517578125 73.15625 71.16249847412109375
141.4562530517578125 145.3000030517578125 155.2624969482421875 162.193756103515625 163.350006103515625 164.962493896484375 169.725006103515625 172.2312469482421875 173.9250030517578125 177.3125 177.787506103515625 171.2937469482421875 164.4250030517578125 160.1125030517578125 155.037506103515625 143.712493896484375 146.5124969482421875 140.5500030517578125 144.4499969482421875 144.193756103515625 143.8125 155.34375 163.9562530517578125 161.7312469482421875 155.5812530517578125 148.2312469482421875 144.53125 135.412506103515625 136.2312469482421875 135.6374969482421875 129.993743896484375 123.58750152587890625 118.9187469482421875 119.02500152587890625 114.99375152587890625 114.24375152587890625 114.7062530517578125 113.49375152587890625 105.5500030517578125 96.2375030517578125 85.78125 77.3562469482421875 73.0124969482421875 71.40625
136.350006103515625 148.2062530517578125 157.375 163.2375030517578125 164.649993896484375 164.131256103515625 159.743743896484375 160.3874969482421875 167.899993896484375 170.5187530517578125 170.4562530517578125 169.7375030517578125 170.75 169.287506103515625 163.5187530517578125 156.024993896484375 148.2937469482421875 144.375 146.625 150.443756103515625 157.587493896484375 160.350006103515625 161.3937530517578125 160.1374969482421875 160.8249969482421875 153.125 143.100006103515625 136.96875 134.4250030517578125 126.9250030517578125 120.9250030517578125 117.52500152587890625 111.6437530517578125 107.59999847412109375 108.3249969482421875 104.4250030517578125 102.0812530517578125 101.8562469482421875 98.8562469482421875 92.71875 83.59375 76.90625 72.19374847412109375 68.99375152587890625
128.256256103515625 141.25 155.25 157.6125030517578125 157.412506103515625 156.774993896484375 160.056243896484375 160.056243896484375 159.868743896484375 158.8125 165.6437530517578125 172.306243896484375 170.756256103515625 172.587493896484375 163.162506103515625 156.837493896484375 151.631256103515625 153.287506103515625 154.337493896484375 155.96875 161.149993896484375 167.8874969482421875 166.899993896484375 170.993743896484375 164.4749908447265625 153.618743896484375 149.193756103515625 134.5812530517578125 126.27500152587890625 121 114.72499847412109375 110.56874847412109375 106.55625152587890625 100.7375030517578125 100 95.4812469482421875 94.96250152587890625 94.8937530517578125 91.11875152587890625 85.5500030517578125 79.02500152587890625 74.25 70.46250152587890625 68.09375
118.9499969482421875 133.506256103515625 145.3000030517578125 153.962493896484375 156.412506103515625 155.7375030517578125 156.40625 158.8125 157.662506103515625 161.600006103515625 163.381256103515625 165.6750030517578125 169.8625030517578125 165.881256103515625 157.96875 153.337493896484375 151.6999969482421875 150.8312530517578125 154.34375 160.125 164.850006103515625 167.6999969482421875 174.875 175.556243896484375 163.2624969482421875 152.3937530517578125 142.350006103515625 131.4812469482421875 121.6437530517578125 116.3562469482421875 106.77500152587890625 99.8312530517578125 95.90000152587890625 93.8874969482421875 91.80625152587890625 89.68125152587890625 88.4499969482421875 86.2687530517578125 84.8125 80.6687469482421875 75.41249847412109375 72.18125152587890625 69.8000030517578125 65.8562469482421875
114.91249847412109375 131.3562469482421875 136.256256103515625 144.818756103515625 146.9499969482421875 148.15625 147.8249969482421875 150.725006103515625 146.475006103515625 146.087493896484375 153.4749908447265625 156.350006103515625 160.1374969482421875 159.125 155.818756103515625 149 148.306243896484375 152.0124969482421875 156.462493896484375 157.7375030517578125 163.5187530517578125 168.3249969482421875 173.4562530517578125 171.181243896484375 163.4187469482421875 149.881256103515625 139.212493896484375 128.2687530517578125 115.5437469482421875 108.50624847412109375 99.2624969482421875 92.21875 88.46875 85.72499847412109375 83.5 83.84999847412109375 83.06874847412109375 79.83750152587890625 77.02500152587890625 75.49375152587890625 71.16249847412109375 64.78749847412109375 62.543750762939453125 61.4375
108.6125030517578125 116.38124847412109375 125.4250030517578125 131.7937469482421875 134.1750030517578125 136.431243896484375 137.2062530517578125 133.9187469482421875 133.3125 140.631256103515625 148.3625030517578125 150.975006103515625 151.6875 153.0625 152.3000030517578125 150.818756103515625 147.7937469482421875 146.5 152.21875 153.868743896484375 156.256256103515625 161.631256103515625 168.306243896484375 172.0124969482421875 158.100006103515625 145.412506103515625 135.100006103515625 122.27500152587890625 110.1687469482421875 101.90625 94.9562530517578125 85.65625 81.2687530517578125 79.0437469482421875 77.34375 76.59375 77.11875152587890625 74.3000030517578125 70.65625 70.1062469482421875 67.75624847412109375 63.22499847412109375 59.08750152587890625 57.09375
103.2624969482421875 106.0187530517578125 112.8000030517578125 115.75624847412109375 118.21250152587890625 122.65000152587890625 125.05625152587890625 123.96875 126.03749847412109375 133.381256103515625 138.306243896484375 142.162506103515625 142.6999969482421875 143.118743896484375 142.506256103515625 141.806243896484375 140.1374969482421875 142.6125030517578125 142.8562469482421875 147.537506103515625 151.7624969482421875 153.350006103515625 161.7312469482421875 159.6125030517578125 149.875 137.3249969482421875 127.24375152587890625 115.03749847412109375 106.58750152587890625 99.99375152587890625 91.77500152587890625 84.2375030517578125 78.53125 73.18125152587890625 73.15625 72.03749847412109375 72.36875152587890625 69.27500152587890625 67.2687530517578125 66.0625 64.16249847412109375 62.018749237060546875 55.643749237060546875 54.8125
95.66249847412109375 100.2312469482421875 100.875 101.78125 105.4812469482421875 105.84375 109.66249847412109375 113.8874969482421875 119.1687469482421875 123.5437469482421875 129.149993896484375 132.1374969482421875 135.131256103515625 136.7062530517578125 136.4812469482421875 136.5187530517578125 137.306243896484375 137.1374969482421875 140.3874969482421875 144.600006103515625 144.837493896484375 145.3249969482421875 148.037506103515625 145.024993896484375 137.6999969482421875 126.3312530517578125 120.09999847412109375 112.0437469482421875 102.75624847412109375 93.9375 85.47499847412109375 79.6437530517578125 73.78749847412109375 70.875 68.3562469482421875 66.8937530517578125 68.02500152587890625 63.90625 62.40625 60.53125 57.981250762939453125 55.19374847412109375 52.41249847412109375 53.299999237060546875
89.5812530517578125 91.05625152587890625 91.8125 91.56874847412109375 93.4250030517578125 96.71875 99.8125 106.53125 110.5187530517578125 115.8874969482421875 121.05625152587890625 125.46250152587890625 129.256256103515625 131.787506103515625 130.3937530517578125 128.806243896484375 128.4875030517578125 131.556243896484375 129.7375030517578125 128.837493896484375 132.881256103515625 134.181243896484375 136.1875 133.493743896484375 125.21875 119.93125152587890625 112.80625152587890625 104.4875030517578125 96.65000152587890625 87.8874969482421875 80.5749969482421875 74.58750152587890625 70.56874847412109375 67.93125152587890625 66.36875152587890625 63.40000152587890625 65.0437469482421875 61.16249847412109375 56.83750152587890625 57.49375152587890625 54.75624847412109375 52.081249237060546875 51.125 49.387500762939453125
85.2375030517578125 84.6750030517578125 83.9812469482421875 84.375 85.83750152587890625 88.5124969482421875 93.03125 98.0124969482421875 101.80625152587890625 108.06874847412109375 113.8562469482421875 116.7062530517578125 122.46875 120.09375 120.66249847412109375 123.77500152587890625 124.7312469482421875 123.50624847412109375 122.28749847412109375 122.71875 123.5 122.2687530517578125 123.875 122.36875152587890625 116.34999847412109375 112.125 104.9375 98.1062469482421875 90.4499969482421875 83.0187530517578125 78.75624847412109375 73.25624847412109375 68.2624969482421875 64.02500152587890625 61.987499237060546875 59.44374847412109375 59.80625152587890625 57.518749237060546875 53.799999237060546875 50.418750762939453125 49.43125152587890625 47.43125152587890625 46.49375152587890625 45.68125152587890625
80.46875 79.34999847412109375 77.43125152587890625 78.55625152587890625 81.6437530517578125 83.99375152587890625 87.1125030517578125 90.8562469482421875 95.41249847412109375 99.30625152587890625 102.4250030517578125 106.4875030517578125 108.56874847412109375 111.8562469482421875 114.6999969482421875 116.1875 113.84999847412109375 112.56874847412109375 112.3874969482421875 113.2062530517578125 113.27500152587890625 113.43125152587890625 111.77500152587890625 109.50624847412109375 107.2062530517578125 102.6125030517578125 97.63124847412109375 91.8000030517578125 84.7937469482421875 81.71875 76.1687469482421875 70.4812469482421875 66.21875 61.58750152587890625 58.6875 55.450000762939453125 54.200000762939453125 50.793750762939453125 49.05625152587890625 46.83750152587890625 46.24375152587890625 44.893749237060546875 43.5625 42.80625152587890625
76.50624847412109375 75.4875030517578125 75.25 76.24375152587890625 76.6062469482421875 78.93125152587890625 81.83750152587890625 85.58124542236328125 88.25 91.8562469482421875 98.0187530517578125 100.50624847412109375 103.40000152587890625 108.6437530517578125 111.4499969482421875 109.1687469482421875 106.31874847412109375 107.3562469482421875 106.90000152587890625 106.6437530517578125 104.0124969482421875 102.58750152587890625 102.5187530517578125 101.00624847412109375 98 94.8312530517578125 90.125 84.78125 80.09375 77.3937530517578125 73.2937469482421875 66.9187469482421875 63.168750762939453125 60.28125 56.44374847412109375 53.09375 50.09375 46.88124847412109375 45.34999847412109375 45.31874847412109375 44.700000762939453125 43.206249237060546875 41.15000152587890625 39.96250152587890625
72.49375152587890625 72.58750152587890625 74.08750152587890625 74.1875 73.77500152587890625 75.0500030517578125 78.2624969482421875 79.69374847412109375 81.56874847412109375 84.1062469482421875 89.875 95.3000030517578125 98.7624969482421875 101.09999847412109375 102.00624847412109375 103.03125 102.99375152587890625 101.3249969482421875 98.31874847412109375 97.8312530517578125 96.5812530517578125 94.43125152587890625 95.2937469482421875 92.0500030517578125 90.47499847412109375 86.40000152587890625 84.05625152587890625 79.78125 77.1125030517578125 74.0187530517578125 71.0437469482421875 66.78749847412109375 60.518749237060546875 56.581249237060546875 53.86875152587890625 50.69374847412109375 47.38124847412109375 44.11875152587890625 42.987499237060546875 42.362499237060546875 40.90000152587890625 40.53125 39.387500762939453125 36.34375
70.2312469482421875 68.94374847412109375 71.1750030517578125 72.7937469482421875 72.2375030517578125 71.1374969482421875 71.72499847412109375 73.83750152587890625 75.78749847412109375 77.94374847412109375 85.53125 91.6687469482421875 95.84375 101.6999969482421875 102.43125152587890625 100.53125 97.78125 93.3874969482421875 90.2375030517578125 86.25 87.97499847412109375 84.91249847412109375 84.03749847412109375 81.8249969482421875 83.1062469482421875 81.0187530517578125 78.28749847412109375 73.9187469482421875 71.1999969482421875 68.3125 66.40625 63.693752288818359375 57.31874847412109375 53.24375152587890625 49.53749847412109375 47.268749237060546875 43.356250762939453125 42.381252288818359375 40.24375152587890625 39.674999237060546875 38.4375 37.075000762939453125 36.424999237060546875 34.5625
68.59999847412109375 67.1875 68.21250152587890625 69.6437530517578125 69.90000152587890625 69.34999847412109375 69.56874847412109375 69.75 70.3937530517578125 71.97499847412109375 76.5500030517578125 86.4812469482421875 93.4499969482421875 97.6125030517578125 98.46250152587890625 96.8000030517578125 92.9562530517578125 86.5124969482421875 82.36875152587890625 77.66249847412109375 76.77500152587890625 77.5500030517578125 75.90625 74.21250152587890625 75.27500152587890625 73.6750030517578125 71.3562469482421875 68.05625152587890625 66.875 63.981250762939453125 61.106250762939453125 58.90625 54.41249847412109375 49.96875 45.625 43.80625152587890625 42.49375152587890625 39.83750152587890625 38.581249237060546875 38.33750152587890625 37.1875 35.4375 34.52500152587890625 33.83750152587890625
65.0187530517578125 66.1687469482421875 65.40625 66.875 68.1062469482421875 67.5187530517578125 67.15000152587890625 68.05625152587890625 67.9375 65.78749847412109375 72.6687469482421875 85 92.4562530517578125 93.93125152587890625 94.3249969482421875 92.15625 88.8249969482421875 83.4187469482421875 78.50624847412109375 71.5500030517578125 69.25624847412109375 70.5812530517578125 68.90000152587890625 68.1875 67.28125 66.40000152587890625 66.3937530517578125 63.706249237060546875 61.21250152587890625 57.799999237060546875 57 53.893749237060546875 50.700000762939453125 47.36875152587890625 43.375 41.668750762939453125 40.612499237060546875 39.43125152587890625 37.44374847412109375 36.049999237060546875 34.856250762939453125 34.293750762939453125 32.450000762939453125 33.987499237060546875
61.762500762939453125 63.13124847412109375 63.825000762939453125 65.8874969482421875 66.3312530517578125 66.2687530517578125 66.78749847412109375 67.27500152587890625 68.0187530517578125 65.3125 76.6374969482421875 87.63124847412109375 91.0124969482421875 92.72499847412109375 90.02500152587890625 87.2312469482421875 83.34375 79.03749847412109375 75.0749969482421875 69.58750152587890625 65.84999847412109375 64.8249969482421875 62.25624847412109375 61.99375152587890625 60.86875152587890625 61.575000762939453125 61.662502288818359375 59.299999237060546875 57.03125 53.31874847412109375 51.25 50.53125 48.13124847412109375 44.293750762939453125 40.97499847412109375 39.78749847412109375 38.65000152587890625 37.09999847412109375 37.418750762939453125 35.375 33.69374847412109375 33.512500762939453125 31.337499618530273438 30.700000762939453125
