data/historical-monthly-weather-data/wc2.1_cruts4.09_10m_prec_1994-04.asc
ncols        45
nrows        45
xllcorner    -63.500000000000
yllcorner    -7.500000000000
cellsize     0.166666666667
NODATA_value -9999
[rows 20 to 39 of 45, columns 0 to 44 of 45]
279.475006103515625 292.837493896484375 303.48126220703125 313.13751220703125 320.88751220703125 331.82501220703125 341.48126220703125 345.212493896484375 344.1875 338.3125 329.506256103515625 319.08123779296875 309.193756103515625 301.26251220703125 289.318756103515625 279.4375 271.85626220703125 268.21875 267.28125 264.943756103515625 262.681243896484375 257.51873779296875 251.15625 250.2687530517578125 253.287506103515625 256.10626220703125 259.399993896484375 262.4375 263.60626220703125 264.48748779296875 261.38751220703125 258.162506103515625 247.0187530517578125 233.53125 222.8937530517578125 238.40625 261.818756103515625 281.25 294.381256103515625 301.899993896484375 304.787506103515625 306.287506103515625 302.3125 300.274993896484375 296.09375
276.931243896484375 287.58123779296875 299.649993896484375 315.23126220703125 327.21875 336.399993896484375 346.524993896484375 353.475006103515625 352.78125 343.600006103515625 329.118743896484375 311.912506103515625 298.600006103515625 290.15625 284.25 276.95623779296875 273.193756103515625 268.33123779296875 266.006256103515625 262.350006103515625 255.243743896484375 249.9187469482421875 246.96875 247.4375 251.225006103515625 258.98126220703125 273.837493896484375 276.59375 276.662506103515625 276.837493896484375 272.587493896484375 266.84375 257.67498779296875 249.3249969482421875 246.225006103515625 254.837493896484375 272.631256103515625 289.01873779296875 298.20001220703125 302.85626220703125 304.993743896484375 304.57501220703125 300.375 297.068756103515625 292.306243896484375
275.58123779296875 292.26873779296875 306.274993896484375 321.70623779296875 334.625 344.01251220703125 351.14373779296875 360.443756103515625 366.29376220703125 350.23126220703125 327.83123779296875 304.8125 288.13751220703125 281.287506103515625 279.26251220703125 276.95001220703125 272.82501220703125 266.493743896484375 261.524993896484375 255.5999908447265625 249.21875 243.274993896484375 237.8625030517578125 239.524993896484375 246.8625030517578125 257.556243896484375 274.600006103515625 281.20623779296875 283.29998779296875 282.725006103515625 281.037506103515625 278.131256103515625 275.26251220703125 271.931243896484375 272.631256103515625 277.08123779296875 288.17498779296875 299.962493896484375 305.26251220703125 305.26251220703125 304.524993896484375 301.4375 296.86248779296875 292.818756103515625 288.54998779296875
277.600006103515625 294.556243896484375 311.35626220703125 325.20623779296875 337.8125 346.70001220703125 356.087493896484375 362.51251220703125 364.79376220703125 347.149993896484375 323.57501220703125 302.65625 280.38751220703125 276.899993896484375 276.65625 274.14373779296875 269.225006103515625 264.306243896484375 257.431243896484375 251.243743896484375 243.3625030517578125 234.7937469482421875 228.6437530517578125 232.03125 238.993743896484375 245.8937530517578125 260.037506103515625 273.75 281.88751220703125 287.912506103515625 291.662506103515625 295.524993896484375 296.15625 294.193756103515625 295.64373779296875 298.693756103515625 306.162506103515625 311.118743896484375 310.88751220703125 306.89373779296875 303.91876220703125 298.756256103515625 293.243743896484375 287.837493896484375 285.61248779296875
283.29376220703125 300.32501220703125 315.95623779296875 331.556243896484375 345.83123779296875 352.20001220703125 357.375 360.506256103515625 355.881256103515625 344.13751220703125 324.10626220703125 303.59375 289.787506103515625 280.23748779296875 276.20001220703125 272.524993896484375 269.318756103515625 263.375 255.84375 246.96875 237.225006103515625 227.4812469482421875 220.743743896484375 222.149993896484375 227.399993896484375 238.368743896484375 254.2624969482421875 269.100006103515625 282.40625 296.274993896484375 306.493743896484375 315.75 318.850006103515625 317.068756103515625 315.60626220703125 313.806243896484375 316.587493896484375 315.65625 313.04376220703125 309 303.899993896484375 296.931243896484375 291.64373779296875 284.59375 277.087493896484375
298.88751220703125 313.75 323.20623779296875 337.29998779296875 348.743743896484375 353.33123779296875 356.04998779296875 355.8125 346.868743896484375 334.54998779296875 321.29376220703125 308.243743896484375 296.14373779296875 287.625 280.10626220703125 276.59375 271.774993896484375 264.54376220703125 254.868743896484375 243.1750030517578125 234.068756103515625 222.09375 212.524993896484375 209.556243896484375 217.875 231.8000030517578125 252.2062530517578125 268.78125 286.943756103515625 302.8125 320.1875 336 341.475006103515625 336.131256103515625 329.493743896484375 325.08123779296875 323.431243896484375 320.20001220703125 315.074981689453125 309.79998779296875 304.41876220703125 295.737518310546875 288.100006103515625 279.21875 273.837493896484375
315.993743896484375 326.125 334.931243896484375 344.037506103515625 350.01873779296875 353.600006103515625 352.79998779296875 348.53125 339.78125 333.368743896484375 324.70623779296875 312.649993896484375 302.212493896484375 294.024993896484375 286.71875 281.524993896484375 275.493743896484375 266.14373779296875 256.98126220703125 246.1437530517578125 233.6374969482421875 220.162506103515625 207.537506103515625 203.806243896484375 214.9375 228.2312469482421875 249.78125 268.20001220703125 288.48126220703125 306.71875 327.90625 347.768768310546875 356.693756103515625 348.51873779296875 339.28125 332.40625 328.568756103515625 323.975006103515625 316.837493896484375 310.9375 303.61248779296875 296.1875 288.068756103515625 280.8125 281.03125
336.35626220703125 342.649993896484375 346.89373779296875 350.71875 354.100006103515625 353.243743896484375 351.54998779296875 344.243743896484375 338.100006103515625 332.787506103515625 323.17498779296875 314.6875 305.64373779296875 299.225006103515625 292.45623779296875 285.17498779296875 279.42498779296875 272.5 261.40625 251.3937530517578125 239.350006103515625 224.8249969482421875 216.243743896484375 213.1999969482421875 219.943756103515625 231.818756103515625 250.087493896484375 269.13751220703125 288.61248779296875 307.681243896484375 326.712493896484375 344.412506103515625 351.51251220703125 347.3125 342.149993896484375 334.96875 331.625 327.243743896484375 320.131256103515625 313.17498779296875 306.23748779296875 299.20623779296875 291.6875 286.850006103515625 295.100006103515625
353.149993896484375 357.618743896484375 356.6875 356.912506103515625 355.46875 350.037506103515625 345.59375 341.79998779296875 338.631256103515625 331.98126220703125 325.399993896484375 317.70001220703125 308.931243896484375 303.14373779296875 298.712493896484375 294.556243896484375 289.23126220703125 278.875 269.61248779296875 258.631256103515625 247.149993896484375 233.3312530517578125 225.243743896484375 224.287506103515625 228.2624969482421875 237.806243896484375 254.5 271.6875 289.53125 306.625 321.20623779296875 335.21875 339.0625 339.993743896484375 338.51873779296875 334.34375 332.662506103515625 329.78125 323.64373779296875 315.23748779296875 305.618743896484375 299.33123779296875 294.35626220703125 298.881256103515625 308.59375
361.53125 363.33123779296875 360.20001220703125 354.212493896484375 351.556243896484375 347.29998779296875 343.20623779296875 340.225006103515625 336.07501220703125 329.95623779296875 325.412506103515625 318.850006103515625 314.42498779296875 309.73748779296875 305.381256103515625 300.46875 295.212493896484375 288.774993896484375 278.537506103515625 265.70623779296875 252.4562530517578125 241.8249969482421875 235.256256103515625 233.0437469482421875 234.8625030517578125 242.3125 257.64373779296875 271.725006103515625 287.5 301.5625 313.912506103515625 323.63751220703125 328.15625 332.07501220703125 334.037506103515625 332.212493896484375 332.993743896484375 331.98748779296875 325.32501220703125 320.51873779296875 315.118743896484375 311.287506103515625 307.09375 312.212493896484375 316.39373779296875
365.32501220703125 363.943756103515625 358.681243896484375 352.76251220703125 349.75 344.40625 341.16876220703125 336.1875 332.131256103515625 328.46875 325.20001220703125 320.84375 319.41876220703125 313.82501220703125 310.743743896484375 306.725006103515625 303.568756103515625 297.57501220703125 288.774993896484375 276.975006103515625 263.28125 251 242.9250030517578125 238.6687469482421875 238.274993896484375 247.5625 258.587493896484375 271.91876220703125 285.11248779296875 295.29376220703125 305.96875 314.36248779296875 320.756256103515625 325.675018310546875 328.34375 329.15625 328.84375 329.66876220703125 328.07501220703125 325.23748779296875 321.993743896484375 318.881256103515625 317.75 319.29998779296875 324.38751220703125
364.64373779296875 361.225006103515625 355.39373779296875 351.70623779296875 347.3125 339.57501220703125 336.04376220703125 330.443756103515625 326.693756103515625 323.29376220703125 321.98126220703125 322.431243896484375 320.100006103515625 317.193756103515625 314.287506103515625 311.493743896484375 306.006256103515625 301.03125 292.40625 284.70623779296875 271.875 259.506256103515625 249.3625030517578125 245.3125 247.100006103515625 252.2062530517578125 260.256256103515625 272.10626220703125 281.92498779296875 291.212493896484375 300.899993896484375 308.350006103515625 312.712493896484375 318.056243896484375 322.14373779296875 323.743743896484375 325.92498779296875 325.868743896484375 325.225006103515625 323.774993896484375 326.3125 326.09375 325.46875 327.587493896484375 332.975006103515625
355.337493896484375 349.412506103515625 344.975006103515625 340.83123779296875 338.32501220703125 331.10626220703125 324.818756103515625 320.943756103515625 317.01251220703125 316.26873779296875 320.10626220703125 319.91876220703125 321.33123779296875 321.431243896484375 318.225006103515625 314.07501220703125 309.98126220703125 305.631256103515625 296.337493896484375 287.64373779296875 277.649993896484375 266.087493896484375 255.649993896484375 252.09375 253.743743896484375 255.0187530517578125 262.40625 270.524993896484375 278.806243896484375 287.875 294.98748779296875 300.38751220703125 304.42498779296875 310.39373779296875 315.350006103515625 319.04376220703125 321.35626220703125 322.962493896484375 321.10626220703125 326.38751220703125 328.16876220703125 328.4375 330.26251220703125 334.46875 340.76873779296875
342.756256103515625 338.193756103515625 335.01873779296875 331.056243896484375 327.487518310546875 322.82501220703125 317.20623779296875 311.318756103515625 307.587493896484375 307.54998779296875 310.4375 316.01251220703125 320.84375 320.29376220703125 318.556243896484375 313.82501220703125 310.524993896484375 306.20623779296875 298.431243896484375 290.20001220703125 280.806243896484375 270.58123779296875 261.225006103515625 255.4437408447265625 257.15625 257.40625 261.66876220703125 267.756256103515625 274.818756103515625 281.09375 287.15625 293.41876220703125 297.64373779296875 303.256256103515625 308.88751220703125 312.306243896484375 315.73748779296875 315.01251220703125 319.26251220703125 324.1875 325.568756103515625 328.506256103515625 332.48126220703125 338.28125 346.100006103515625
328.04376220703125 325.90625 324.83123779296875 319.993743896484375 316.09375 310.787506103515625 304.88751220703125 300.368743896484375 295.11248779296875 293.59375 300.40625 310.89373779296875 320.568756103515625 325.35626220703125 322.16876220703125 317.28125 311.45623779296875 304.61248779296875 299.631256103515625 290.193756103515625 283.28125 272.45623779296875 264.04376220703125 257.056243896484375 256.975006103515625 258.618743896484375 261.8125 264.868743896484375 270.57501220703125 277.10626220703125 281.5625 287.35626220703125 290.32501220703125 296.506256103515625 301.087493896484375 303.725006103515625 305.15625 312.09375 316.51873779296875 320.131256103515625 321.681243896484375 325.881256103515625 331.45623779296875 337.23126220703125 342.14373779296875
314.381256103515625 314.29376220703125 312.568756103515625 308.40625 303.79998779296875 297.287506103515625 292.118743896484375 286.337493896484375 278.70623779296875 275.881256103515625 281.806243896484375 296.625 312.54376220703125 319.9375 318.162506103515625 314.056243896484375 309.306243896484375 303.631256103515625 298.73748779296875 292.82501220703125 284.66876220703125 275.806243896484375 264.493743896484375 258.92498779296875 256.76251220703125 257.375 260.36248779296875 263.537506103515625 267.91876220703125 272.46875 276.5625 280.41876220703125 283.25 289.693756103515625 292.712493896484375 292.5625 299.20001220703125 305.90625 308.84375 312.993743896484375 317.04376220703125 320.51873779296875 324.568756103515625 330.375 332.83123779296875
301.61248779296875 303.20001220703125 300.693756103515625 297.40625 292.57501220703125 286.631256103515625 281.912506103515625 273.537506103515625 262.73126220703125 255.975006103515625 265.29998779296875 287.96875 302.51251220703125 308.54376220703125 310.54376220703125 308.381256103515625 302.64373779296875 298.66876220703125 295.375 288.337493896484375 281.73748779296875 273.087493896484375 262.899993896484375 258.181243896484375 254.875 254.8312530517578125 258.20001220703125 261.475006103515625 264.38751220703125 267.51873779296875 272.09375 276.34375 279.04376220703125 282.59375 284.63751220703125 287.04376220703125 293.39373779296875 300.681243896484375 305.618743896484375 306.85626220703125 310.66876220703125 313.39373779296875 318.318756103515625 322.76251220703125 325.875
293.162506103515625 292.70623779296875 289.26873779296875 286.962493896484375 282.5625 277.92498779296875 272.42498779296875 263.618743896484375 254.899993896484375 246.5 262.70623779296875 284.91876220703125 295.70001220703125 300.899993896484375 302.4375 301.39373779296875 295.568756103515625 293.193756103515625 287.60626220703125 280.36248779296875 274.524993896484375 266.39373779296875 259.606231689453125 255.1437530517578125 251.725006103515625 252.7687530517578125 253.493743896484375 257.875 261.181243896484375 264.67498779296875 266.712493896484375 270.774993896484375 274.943756103515625 277.131256103515625 276.63751220703125 282.850006103515625 288.73126220703125 293.568756103515625 300.26873779296875 302.399993896484375 303.725006103515625 306.83123779296875 308.631256103515625 310.9375 314.76873779296875
288.068756103515625 284.45001220703125 281.212493896484375 279.45623779296875 276.78125 270.693756103515625 265.96875 260.51873779296875 258.662506103515625 263.96875 280.23748779296875 288.618743896484375 290.48126220703125 294.068756103515625 295.381256103515625 292.806243896484375 288.462493896484375 285.262481689453125 277.70623779296875 272.5 266.45001220703125 258.912506103515625 253.2750091552734375 251.0500030517578125 249.0749969482421875 247.9250030517578125 249.40625 253.1125030517578125 255.9562530517578125 260.725006103515625 263.774993896484375 265.006256103515625 268.59375 272.274993896484375 277.118743896484375 280.04376220703125 283.21875 288.54376220703125 291.82501220703125 291.53125 293.3125 296.556243896484375 296.83123779296875 299.89373779296875 302.537506103515625
282.71875 279.36248779296875 276.462493896484375 274.83123779296875 272.256256103515625 267.993743896484375 262.10626220703125 261.5 263.04998779296875 268.21875 276.54376220703125 283.699981689453125 285.274993896484375 287.443756103515625 288.04998779296875 285.306243896484375 281.54376220703125 278.07501220703125 270.04376220703125 263.443756103515625 256.90625 252.6125030517578125 245.375 243.131256103515625 244.21875 244.1437530517578125 245.943756103515625 249.4375 252.2687530517578125 256.443756103515625 257.59375 263.45001220703125 269.34375 272.850006103515625 277.443756103515625 279.399993896484375 280.9375 284.63751220703125 285.443756103515625 282.375 282.368743896484375 284.76873779296875 283.462493896484375 285.3125 289.03125
