data/historical-monthly-weather-data/wc2.1_cruts4.09_10m_prec_1985-10.asc
ncols        51
nrows        45
xllcorner    -63.500000000000
yllcorner    -7.500000000000
cellsize     0.166666666667
NODATA_value -9999
[rows 0 to 19 of 45, columns 0 to 43 of 51]
173.21875 169.774993896484375 164.75 162.375 158.8312530517578125 154.443756103515625 148.037506103515625 142.056243896484375 136.9499969482421875 133.4562530517578125 131.7937469482421875 130.0812530517578125 127.8125 124.04375457763671875 121.24375152587890625 118.4875030517578125 115.71250152587890625 111.9562530517578125 109.0187530517578125 106.100006103515625 103.8312530517578125 101.21250152587890625 98.9812469482421875 96.78125 94.96250152587890625 93.5625 92.38124847412109375 91.5187530517578125 90.75624847412109375 87.8937530517578125 84.97499847412109375 82.22499847412109375 80.06874847412109375 78.1999969482421875 76.86875152587890625 77.5 78.4250030517578125 79.46875 81.88124847412109375 84.43125152587890625 86.99375152587890625 89.44374847412109375 91.1125030517578125 92.1062469482421875
173.1062469482421875 170.0187530517578125 168.181243896484375 168.975006103515625 169.7937469482421875 164.9812469482421875 159.3125 155.1062469482421875 151.9812469482421875 148.7062530517578125 145.818756103515625 142.40625 138.5500030517578125 134.212493896484375 130.1624908447265625 126.63124847412109375 122.27500152587890625 118.55625152587890625 115.4562530517578125 112.78125 110.03749847412109375 107.69374847412109375 105.46875 103.00624847412109375 100.6374969482421875 98.11875152587890625 96.68125152587890625 95.24375152587890625 93.5625 89.9375 87.34999847412109375 85.2312469482421875 83.74375152587890625 82.7624969482421875 81.6875 82.84375 84.93125152587890625 86.83750152587890625 90.0187530517578125 93.1125030517578125 96.375 99.21250152587890625 101.11875152587890625 102.1062469482421875
169.8000030517578125 167.806243896484375 166.774993896484375 168.993743896484375 171.193756103515625 169.7312469482421875 168.399993896484375 168.3312530517578125 167.8625030517578125 165.537506103515625 161.681243896484375 156.306243896484375 150.7312469482421875 144.712493896484375 139.3937530517578125 134.5437469482421875 129.8937530517578125 125.99375152587890625 122.6062469482421875 119.71250152587890625 116.69374847412109375 114.61875152587890625 112.15625 108.78125 105.49375152587890625 102.5812530517578125 100.2937469482421875 98.2312469482421875 95.24375152587890625 91.84375 89.41249847412109375 86.86875152587890625 85.5625 84.97499847412109375 84.4499969482421875 86.125 88.4499969482421875 91.21250152587890625 95.13124847412109375 98.77500152587890625 102.6125030517578125 105.88124847412109375 108.3874969482421875 110.3562469482421875
164.774993896484375 162.787506103515625 163.975006103515625 165.225006103515625 168.4375 170.6687469482421875 174.587493896484375 179.5437469482421875 183.725006103515625 183.4875030517578125 178.006256103515625 169.912506103515625 161.9562530517578125 154.6187591552734375 148.90625 142.8562469482421875 137.3312530517578125 133.662506103515625 130.3874969482421875 127.58750152587890625 124.5625 121.53749847412109375 118.1062469482421875 114.15625 109.9562530517578125 105.96875 102.93125152587890625 99.90000152587890625 96.50624847412109375 92.89374542236328125 90.2937469482421875 88.03749847412109375 86.4375 85.59375 84.9499969482421875 87.93125152587890625 91.2312469482421875 94.59375 99.3562469482421875 103.78125 107.4875030517578125 111.58750152587890625 114.9562530517578125 117.99375152587890625
166.931243896484375 161.1374969482421875 158.350006103515625 159.3249969482421875 164.0749969482421875 170.09375 177.631256103515625 186.587493896484375 196.6687469482421875 201.4875030517578125 192.9187469482421875 180.4375 171.1374969482421875 163.7687530517578125 157.0187530517578125 150.131256103515625 144.4499969482421875 139.993743896484375 136.4812469482421875 133.600006103515625 131.006256103515625 127.375 123.46875 118.9499969482421875 113.8937530517578125 109.09375 104.74375152587890625 101.46250152587890625 98.06874847412109375 93.71250152587890625 90.7687530517578125 88.2687530517578125 87.2937469482421875 86.71250152587890625 86.8000030517578125 89.96250152587890625 93.90625 98.33750152587890625 103.38124847412109375 108.28125 112.3937530517578125 116.4250030517578125 120.88124847412109375 124.6062469482421875
167.7375030517578125 161.7687530517578125 155.4562530517578125 151.506256103515625 157.3562469482421875 166.337493896484375 174.7062530517578125 184.09375 194.993743896484375 203.462493896484375 193.274993896484375 181 173.350006103515625 166.631256103515625 160.350006103515625 155 149.368743896484375 145.3000030517578125 142.475006103515625 139.681243896484375 136.53125 132.662506103515625 128.4375 122.3125 116.4812469482421875 110.875 105.84375 101.46250152587890625 98.08750152587890625 93.8562469482421875 91.18125152587890625 89.6437530517578125 89.15000152587890625 89.5500030517578125 90.5437469482421875 94.46875 99.0124969482421875 104.4875030517578125 110.5500030517578125 114.53125 116.65625 120.59375 124.58750152587890625 128.8874969482421875
172.15625 165.3625030517578125 158.4124908447265625 153.0437469482421875 155.6374969482421875 161.78125 168.243743896484375 173.9499969482421875 178.850006103515625 180.90625 179.806243896484375 175.46875 171.649993896484375 167.6062469482421875 162.774993896484375 158.662506103515625 154.25 150.287506103515625 147.368743896484375 145.381256103515625 142.1437530517578125 137.9875030517578125 132.9250030517578125 126.09999847412109375 119.4375 112.84999847412109375 107.44374847412109375 102.1687469482421875 97.50624847412109375 94.08750152587890625 91.7624969482421875 90.28125 90.53749847412109375 92.0437469482421875 94.2375030517578125 98.15625 103.1750030517578125 109.08750152587890625 116.3249969482421875 118.44374847412109375 119.33750152587890625 121.72499847412109375 125.53749847412109375 130.3125
177.8937530517578125 169.931243896484375 164.3249969482421875 161.0124969482421875 160.3000030517578125 163.2687530517578125 163.975006103515625 161.65625 157.2375030517578125 157.8125 164.1999969482421875 166.96875 168.2062530517578125 167.1374969482421875 165.2062530517578125 162.25 158.931243896484375 155.4562530517578125 152.975006103515625 151.6875 148.318756103515625 143.431243896484375 137.7624969482421875 130.2624969482421875 122.55625152587890625 114.65625 108.15000152587890625 101.7375030517578125 96.375 92.5749969482421875 90.81874847412109375 90.06874847412109375 91.2937469482421875 93.72499847412109375 96.33750152587890625 100.27500152587890625 104.44374847412109375 109.6875 114.2687530517578125 116.1687469482421875 116.5187530517578125 117.7312469482421875 119.96875 123.1999969482421875
183.4875030517578125 176.71875 172.618743896484375 169.1437530517578125 167.4875030517578125 167.4250030517578125 165.2125091552734375 158.0749969482421875 146.875 143.3937530517578125 153.5625 160.274993896484375 164.5749969482421875 165.412506103515625 165.712493896484375 165.181243896484375 163.524993896484375 161.8874969482421875 160.881256103515625 159.087493896484375 154.6999969482421875 149.40625 141.84375 134.1125030517578125 124.875 115.53749847412109375 107.5749969482421875 101.58750152587890625 95.9812469482421875 91.8312530517578125 90.2062530517578125 89.46875 90.4812469482421875 92.6125030517578125 94.9250030517578125 99 103.2312469482421875 106.9187469482421875 109.27500152587890625 110.4562530517578125 110.06874847412109375 109.40000152587890625 110.125 110.27500152587890625
189.8625030517578125 183.6875 179.65625 177.2312469482421875 175.9875030517578125 174.975006103515625 171.3000030517578125 163.1999969482421875 153.90625 150.4562530517578125 154.618743896484375 158.78125 163.1374969482421875 165.181243896484375 167.2624969482421875 168.7937469482421875 168.8249969482421875 168.9187469482421875 169 168.96875 163.181243896484375 156.1062469482421875 146.8000030517578125 136.7687530517578125 125.38124847412109375 115.1687469482421875 107.46250152587890625 100.5124969482421875 94.94374847412109375 91.06874847412109375 88.7062530517578125 87.9875030517578125 89.0812530517578125 91.33750152587890625 93.9562530517578125 97.61875152587890625 100.96875 103.63124847412109375 104.91249847412109375 104.3562469482421875 102.83750152587890625 100.65000152587890625 98.5 96.5
196.412506103515625 190.462493896484375 186.462493896484375 184.287506103515625 183.4187469482421875 184.912506103515625 181.7687530517578125 172.5 164.181243896484375 160.3874969482421875 160.9375 162.4875030517578125 164.21875 166.618743896484375 169.7687530517578125 172.1374969482421875 174.1999969482421875 175.600006103515625 177.15625 178.4250030517578125 173.6687469482421875 164.181243896484375 152.287506103515625 138.40625 126.8125 116.6875 108.8312530517578125 101.6062469482421875 94.84999847412109375 90.99375152587890625 88.6374969482421875 87.6062469482421875 88.71875 90.7062530517578125 92.6875 95.5 98.09375 99.3312530517578125 99.3874969482421875 97.7312469482421875 95.0625 91.625 88.55625152587890625 84.5
201.100006103515625 195.181243896484375 191.6374969482421875 190.274993896484375 190.118743896484375 192.28125 190.9562530517578125 180.53125 172.787506103515625 167.899993896484375 166.2375030517578125 167.0187530517578125 167.837493896484375 170.1750030517578125 174.125 176.5 179.0625 180.65625 182.681243896484375 185.4375 182.7375030517578125 171.9875030517578125 157.693756103515625 141.84375 127.9562530517578125 116.1437530517578125 107.4375 100.88124847412109375 94.9250030517578125 91.4250030517578125 88.3562469482421875 86.83750152587890625 87.1999969482421875 88.59999847412109375 90.22499847412109375 92.02500152587890625 93.36875152587890625 94.0500030517578125 92.80625152587890625 90.56874847412109375 86.58750152587890625 82.34375 78.45624542236328125 74.46875
204.40625 199.068756103515625 195.774993896484375 193.868743896484375 193.3937530517578125 194.0749969482421875 190.712493896484375 183.8937530517578125 177.4375 173.75 171.693756103515625 171.556243896484375 172.7375030517578125 173.4375 177.0812530517578125 180.53125 182.524993896484375 184.600006103515625 186.8125 188.7312469482421875 187.5124969482421875 176.975006103515625 161.3874969482421875 144.8312530517578125 126.41249847412109375 113.4562530517578125 107.44374847412109375 100.9875030517578125 95.55625152587890625 91.8125 88.3937530517578125 85.78125 85.8874969482421875 86.31874847412109375 87.3562469482421875 88.6437530517578125 89.2312469482421875 89.71250152587890625 88.4562530517578125 84.4375 80.08750152587890625 76.09999847412109375 71.29999542236328125 63.56874847412109375
206.212493896484375 200.943756103515625 197.8874969482421875 195.6687469482421875 193.975006103515625 193.28125 189.962493896484375 185.600006103515625 181.2687530517578125 177.431243896484375 174.912506103515625 174.806243896484375 175.774993896484375 177.3312530517578125 178.9812469482421875 182.5187530517578125 184.056243896484375 185.193756103515625 186.193756103515625 186.8562469482421875 183.975006103515625 174.368743896484375 162.0187530517578125 147.1500091552734375 130.9375 118.28749847412109375 110.56874847412109375 103.0749969482421875 96.6062469482421875 91.65000152587890625 87.43125152587890625 84.6125030517578125 84.08750152587890625 84.16249847412109375 84.7937469482421875 85.88124847412109375 86.47499847412109375 87.21250152587890625 85.90625 82.4250030517578125 76.61875152587890625 70.20000457763671875 65.0124969482421875 59.799999237060546875
206.4375 201.625 197.774993896484375 195.475006103515625 193.4499969482421875 192.03125 190.5749969482421875 187.493743896484375 183.28125 180.0187530517578125 177.850006103515625 177.493743896484375 178.100006103515625 179.5500030517578125 180.4375 183.3874969482421875 183.962493896484375 183.162506103515625 182.3187408447265625 182.475006103515625 179.0625 171.9812469482421875 163.149993896484375 152.6437530517578125 140.6437530517578125 128.25 117.3625030517578125 107.16249847412109375 98.44374847412109375 91.72499847412109375 86.28749847412109375 82.56874847412109375 81.7062530517578125 82.0500030517578125 82.44374847412109375 82.8874969482421875 84 86.2937469482421875 86.4375 81.86875152587890625 74.58750152587890625 68.625 64.53125 60.56874847412109375
204.96875 199.943756103515625 196.6062469482421875 194.4562530517578125 192.3312530517578125 191.618743896484375 190.306243896484375 187.59375 184.5500030517578125 182.03125 179.149993896484375 177.712493896484375 178.225006103515625 179.8000030517578125 181.2624969482421875 182.625 181.0187530517578125 179.0124969482421875 177.2937469482421875 176.2624969482421875 172.475006103515625 168.4250030517578125 164.1125030517578125 159.337493896484375 150.056243896484375 137.3375091552734375 124.6125030517578125 112.0812530517578125 100.84375 91.84375 85.13124847412109375 80.1374969482421875 78.61875152587890625 78.71875 78.3874969482421875 77.96875 80.9562530517578125 84.02500152587890625 85.33750152587890625 81.15000152587890625 75.09375 70.09999847412109375 65.8937530517578125 61.674999237060546875
201.3312530517578125 196.899993896484375 195.037506103515625 193.7624969482421875 191.78125 191.306243896484375 190.4875030517578125 188.4562530517578125 185.9875030517578125 182.662506103515625 179.375 177.4375 176.649993896484375 177.1374969482421875 177.6125030517578125 177.625 174.125 171.1750030517578125 169.46875 168.7062530517578125 165.3562469482421875 163.34375 163.3874969482421875 164.03125 159 143.7687530517578125 129.8625030517578125 114.84999847412109375 101.3000030517578125 90.9875030517578125 83.71875 79.03749847412109375 75.5749969482421875 73.3312530517578125 72.0187530517578125 73.59375 77.3625030517578125 84.6437530517578125 89.97499847412109375 83.7624969482421875 76.6062469482421875 71.94374847412109375 67.21250152587890625 63.59375
197.193756103515625 193.5749969482421875 193.1125030517578125 192.5187530517578125 191.4499969482421875 192.1750030517578125 192.118743896484375 190.2937469482421875 187.6062469482421875 184.381256103515625 180.837493896484375 177.1437530517578125 174.46875 172.3874969482421875 171.0625 169.1687469482421875 165.318756103515625 161.5812530517578125 160.787506103515625 159.881256103515625 157.15625 156.006256103515625 157.3874969482421875 159.9875030517578125 156.9875030517578125 144.943756103515625 132.8562469482421875 116.6875 101.1374969482421875 88.94374847412109375 80.68125152587890625 75.58750152587890625 73.7062530517578125 72.7062530517578125 69.2937469482421875 65.91249847412109375 73.18125152587890625 82.24375152587890625 86.4250030517578125 84.34999847412109375 78.52500152587890625 74.33750152587890625 69.74375152587890625 66.0625
191.537506103515625 189.90625 190.774993896484375 191.5437469482421875 191.975006103515625 193.1125030517578125 193.4812469482421875 192.5500030517578125 190.743743896484375 186.618743896484375 181.149993896484375 176.3874969482421875 171.350006103515625 166.7750091552734375 164.0124969482421875 162.1374969482421875 158.25 153.818756103515625 152.899993896484375 151.568756103515625 148.7375030517578125 150.0749969482421875 148.774993896484375 151.0749969482421875 148.993743896484375 142.037506103515625 130.6437530517578125 115.8000030517578125 101.2624969482421875 87.6750030517578125 77.5124969482421875 74.9875030517578125 76.7937469482421875 75.1062469482421875 71.9562530517578125 69.93125152587890625 74.0124969482421875 79.4812469482421875 82.7624969482421875 82.49375152587890625 79.28125 77.5187530517578125 72.5437469482421875 68.6437530517578125
184.912506103515625 185.368743896484375 187.3625030517578125 189.4875030517578125 191.506256103515625 194.337493896484375 196.1437530517578125 196.21875 194.0187530517578125 189.881256103515625 183.368743896484375 176.1999969482421875 169.0812530517578125 162.2937469482421875 158.5124969482421875 156.006256103515625 151.4250030517578125 149.412506103515625 148.5812530517578125 148.618743896484375 144.100006103515625 142.28125 143.962493896484375 145.181243896484375 142.8249969482421875 135.993743896484375 126.28125 115.1687469482421875 101.24375152587890625 88.8312530517578125 80.40000152587890625 80.1374969482421875 81.16249847412109375 82.0500030517578125 81.84999847412109375 79.41875457763671875 78.99375152587890625 80.47499847412109375 81.61875152587890625 81.44374847412109375 80.3312530517578125 79.02500152587890625 74.97499847412109375 70.9250030517578125
