data/historical-monthly-weather-data/wc2.1_cruts4.09_10m_prec_1960-07.asc
ncols        51
nrows        45
xllcorner    -63.500000000000
yllcorner    -7.500000000000
cellsize     0.166666666667
NODATA_value -9999
[rows 0 to 18 of 45, columns 0 to 42 of 51]
316.86248779296875 299.756256103515625 288.01251220703125 282.975006103515625 274.26873779296875 268.29376220703125 262.48748779296875 254.4499969482421875 252.318756103515625 252.3625030517578125 247.9562530517578125 243.7687530517578125 238.4562530517578125 236.8625030517578125 236.71875 234.1062469482421875 231.1125030517578125 223.568756103515625 218.037506103515625 215.59375 214.15625 207.256256103515625 201.9250030517578125 197.2062530517578125 194.837493896484375 189.09375 186.6062469482421875 184.65625 180.4437408447265625 178.9375 170.15625 165.8625030517578125 166.743743896484375 164.2312469482421875 161.5500030517578125 158.368743896484375 152.350006103515625 154.46875 149.774993896484375 146.40625 148.3937530517578125 151.087493896484375 149.0625
306.975006103515625 289.524993896484375 278.162506103515625 274.04376220703125 268.48126220703125 263.45623779296875 257.587493896484375 251.9250030517578125 250.100006103515625 247.3000030517578125 242.4875030517578125 236.6125030517578125 231.087493896484375 227.149993896484375 223.4187469482421875 220.287506103515625 216.0124969482421875 209.9875030517578125 206.1875 202.9562530517578125 196.006256103515625 193.1999969482421875 189.84375 189.193756103515625 182.4250030517578125 178.149993896484375 176.7062530517578125 175.7937469482421875 170.6374969482421875 165.6062469482421875 161 161.337493896484375 160.9812469482421875 161.6437530517578125 159.875 154.375 148.962493896484375 148.681243896484375 143.662506103515625 142.1437530517578125 145.5625 145.412506103515625 144.6750030517578125
279.587493896484375 270.431243896484375 265.41876220703125 258.625 250.8625030517578125 244.9499969482421875 241.7624969482421875 241.475006103515625 241.1125030517578125 238.350006103515625 233.6062469482421875 225.8249969482421875 222.28125 214.318756103515625 208.975006103515625 204.1999969482421875 200.3937530517578125 194.375 189.306243896484375 187.4250030517578125 181.125 179.243743896484375 177.46875 175.7312469482421875 171.350006103515625 165.1125030517578125 168.4375 166.787506103515625 163.306243896484375 159.993743896484375 156.068756103515625 150.9875030517578125 151.787506103515625 155.0749969482421875 148.756256103515625 142.5437469482421875 140.787506103515625 142.318756103515625 136.881256103515625 135.868743896484375 138.1374969482421875 139 136.9375
255.493743896484375 243.65625 243.4499969482421875 242.3249969482421875 233.71875 226.875 223.556243896484375 227.318756103515625 230.912506103515625 230.2312469482421875 221.7062530517578125 213.9187469482421875 208.6125030517578125 204.8625030517578125 196.9499969482421875 189.4250030517578125 183.412506103515625 178.4187469482421875 175.725006103515625 177.6125030517578125 172.9250030517578125 166.600006103515625 164.212493896484375 164.15625 161.4250030517578125 157.068756103515625 157.28125 152.90625 152.7750091552734375 154.287506103515625 151.15625 145.78125 142.3562469482421875 140.0374908447265625 135.756256103515625 137.056243896484375 137.537506103515625 133.381256103515625 130.1875 128.318756103515625 132.256256103515625 134.975006103515625 133.2375030517578125
258.17498779296875 236.618743896484375 219.75 218.6687469482421875 218.337493896484375 211.568756103515625 211.412506103515625 214.9499969482421875 217.5 215.6999969482421875 213.225006103515625 204.3312530517578125 198.78125 193.4499969482421875 184.943756103515625 177.4875030517578125 170.375 166.756256103515625 161.024993896484375 161.3625030517578125 159.662506103515625 153.806243896484375 150.375 154.3874969482421875 151.287506103515625 146.8312530517578125 145.024993896484375 146.1875 145.506256103515625 143.1875 142.09375 139.712493896484375 138.837493896484375 135.5437469482421875 131.381256103515625 127.9187469482421875 128.068756103515625 127.02500152587890625 123.03749847412109375 122.78749847412109375 125.4562530517578125 124.9250030517578125 126.3874969482421875
242.212493896484375 228.7375030517578125 215.2375030517578125 191.9375 195.0500030517578125 202.7687530517578125 202.1750030517578125 202.9375 207.4250030517578125 205.131256103515625 200.6437530517578125 193.75 189.15625 179.7624969482421875 174.5187530517578125 167.6500091552734375 158.712493896484375 152.318756103515625 149.475006103515625 150.681243896484375 148.5812530517578125 144.993743896484375 143.8562469482421875 142.287506103515625 142.03125 139.4250030517578125 138.006256103515625 138.2687530517578125 136.524993896484375 134.6687469482421875 133.6687469482421875 134.756256103515625 131.975006103515625 131.1062469482421875 125.86875152587890625 123.8000030517578125 118.6437530517578125 117.72499847412109375 118.02500152587890625 119.8562469482421875 117.68125152587890625 119.1875 118.84999847412109375
229.75 217.9875030517578125 206.7312469482421875 193.8562469482421875 183.743743896484375 178.993743896484375 184.21875 189.1062469482421875 189.8125 190.15625 188.6750030517578125 179.3874969482421875 177.3000030517578125 170.5 162.787506103515625 157.868743896484375 151.9562530517578125 142.6437530517578125 135.9499969482421875 139.7312469482421875 137.568756103515625 134.131256103515625 131.8937530517578125 133.2375030517578125 132.5625 132.7687530517578125 134.3937530517578125 130.78125 127.4499969482421875 129.350006103515625 127.6875 124.77500152587890625 122.18125152587890625 123.15000152587890625 121.8000030517578125 117.8312530517578125 112.4375 109.8562469482421875 111.25 113.81874847412109375 111.25 110.15625 111.1062469482421875
221.3312530517578125 206.868743896484375 198.5187530517578125 190.2624969482421875 183.662506103515625 185.225006103515625 179.087493896484375 168.2937469482421875 165.912506103515625 167.4812469482421875 168.1125030517578125 165.368743896484375 163.118743896484375 157.0124969482421875 152.631256103515625 147.8312530517578125 141.1875 133.524993896484375 127.86875152587890625 125.0437469482421875 127.6125030517578125 127.28125 124.4499969482421875 125.43125152587890625 127.08124542236328125 124.09375 125.1125030517578125 120.8125 120.9499969482421875 119.59999847412109375 121.7687530517578125 119.3562469482421875 117.91249847412109375 115.88124847412109375 113.06874847412109375 107.7062530517578125 103.2375030517578125 101.06874847412109375 99.90625 99.46875 98.5187530517578125 99.36875152587890625 99.74375152587890625
212.493743896484375 199.9875030517578125 190.8249969482421875 186.131256103515625 182.256256103515625 179.6875 175.6875 170.28125 162.806243896484375 154.9875030517578125 152.6687469482421875 148.09375 151.3937530517578125 146.0749969482421875 141.712493896484375 136.9562530517578125 133.225006103515625 129.7937469482421875 128.9375 121.19374847412109375 118.59375 121.74375152587890625 119.71875 122.4875030517578125 123.2937469482421875 117.66249847412109375 115.49375152587890625 117.28749847412109375 117.9499969482421875 115.7312469482421875 118.3874969482421875 113.28749847412109375 107.19374847412109375 103.47499847412109375 101.90000152587890625 101.4562530517578125 99.75624847412109375 98.75624847412109375 95.71875 92.90625 90.9375 90.66249847412109375 91.44374847412109375
201.03125 191.40625 185.34375 181.4375 177.9499969482421875 177.9499969482421875 173.6999969482421875 168.6687469482421875 163.46875 159.118743896484375 151.368743896484375 141.243743896484375 141.243743896484375 138.15625 134.6125030517578125 131.53125 125.75 126.31874847412109375 126.38124847412109375 122.9875030517578125 119.7937469482421875 115.71875 111.9250030517578125 114.69374847412109375 114.4875030517578125 113.72499847412109375 111.41249847412109375 111.8312530517578125 110.59375 109.28125 109.8125 105 101.41249847412109375 97.40625 94.40000152587890625 94.77500152587890625 94.2062530517578125 93.61875152587890625 91.0500030517578125 90.5437469482421875 90.0437469482421875 88.1062469482421875 85.06874847412109375
193.9812469482421875 185.899993896484375 179.625 177.4499969482421875 173.7687530517578125 173.8000030517578125 170.8125 162.3000030517578125 154.256256103515625 150.287506103515625 146.6875 139.65625 131.2312469482421875 129.875 124.22499847412109375 120.78749847412109375 119.13124847412109375 120.16249847412109375 120.5625 122.8937530517578125 123.5500030517578125 118.0500030517578125 109.8000030517578125 103.68125152587890625 108.66249847412109375 114.08750152587890625 112.375 110.06874847412109375 104.77500152587890625 103.25 102.15625 100.44374847412109375 97.7624969482421875 92.97499847412109375 91.1999969482421875 90.2062530517578125 89.71875 86.90625 88.5625 86.84999847412109375 84.0812530517578125 81.44374847412109375 80.5187530517578125
187.4875030517578125 178.4562530517578125 173.4187469482421875 172.118743896484375 169.993743896484375 170.0187530517578125 168.40625 160.475006103515625 150.368743896484375 141.993743896484375 136.9812469482421875 133.75 123.40625 119.2624969482421875 118.57500457763671875 113.41249847412109375 111.93125152587890625 113.125 114.4812469482421875 118.86875152587890625 123.8562469482421875 120.65625 116.3874969482421875 108.03749847412109375 106.15625 102.6687469482421875 101.43125152587890625 101.6687469482421875 98.84375 96.6062469482421875 92.93125152587890625 91.3312530517578125 90.08750152587890625 87.75624847412109375 87.34999847412109375 87.65625 85.81874847412109375 85.78749847412109375 82.27500152587890625 80.86249542236328125 77.75624847412109375 76.8562469482421875 72.5187530517578125
175.6687469482421875 170.4499969482421875 167.7687530517578125 164.462493896484375 160.962493896484375 161.2062530517578125 157.75 149.181243896484375 140.475006103515625 135.6999969482421875 132.0625 126.0812530517578125 121.18125152587890625 109.38124847412109375 105.28125 105.5625 104.4375 106.875 108.90000152587890625 111.36875152587890625 114.3249969482421875 112.47499847412109375 111.25 105.5 98.34999847412109375 95.1062469482421875 94.84999847412109375 95.41249847412109375 93.33124542236328125 90.1999969482421875 86.4375 82.3562469482421875 82.8874969482421875 81.66249847412109375 81.0749969482421875 82.0812530517578125 83.41249847412109375 85.2687530517578125 85.3874969482421875 80.1999969482421875 74.1125030517578125 71.2375030517578125 64.66249847412109375
166.0187530517578125 161.03125 159.0124969482421875 155.2375030517578125 151.0187530517578125 148.8562469482421875 144.8125 137.962493896484375 134.2312469482421875 127.76250457763671875 123.6687469482421875 118.8874969482421875 111.49375152587890625 103.1437530517578125 93.1999969482421875 95.5437469482421875 94 97.34375 98.46875 101.6062469482421875 103.50624847412109375 104.34999847412109375 104.0812530517578125 100.69374847412109375 94.49375152587890625 90.2375030517578125 88.2062530517578125 85.84375 83.68125152587890625 81.15000152587890625 81 78.4499969482421875 76.3000030517578125 75.21875 75.1999969482421875 78.9812469482421875 83.53749847412109375 88.06874847412109375 89.8249969482421875 83.8000030517578125 70.96250152587890625 63.825000762939453125 62.96875
158.743743896484375 152.0812530517578125 148.5187530517578125 145.84375 140.368743896484375 136.8625030517578125 135.96875 129.556243896484375 124.5749969482421875 118.8000030517578125 114.55625152587890625 108.6750030517578125 103.1999969482421875 97.11249542236328125 84.78749847412109375 83.99375152587890625 83.5 86.05625152587890625 87.93125152587890625 91.6875 95.6875 96.6999969482421875 97.21250152587890625 96.94374847412109375 94.21875 91.22499847412109375 88.44374847412109375 84.34375 82.43125152587890625 80.6875 76.53125 74.90625 75.75 73.30625152587890625 69.7062530517578125 72.2687530517578125 81.0124969482421875 89.9812469482421875 92.3000030517578125 85.1875 76.47499847412109375 71.26874542236328125 74.4875030517578125
148.09375 142.34375 139.5749969482421875 135.2937469482421875 130.9812469482421875 130.03125 124.9875030517578125 119.4812469482421875 115.43125152587890625 112.15625 106.80625152587890625 101.59375 96.66249847412109375 90.88124847412109375 81.4562530517578125 70.34375 72.0124969482421875 75.9499969482421875 77.4812469482421875 81.65625 85.0437469482421875 88.7375030517578125 91.4812469482421875 95.9187469482421875 95.09375 91.74375152587890625 86.7937469482421875 80.63124847412109375 78.84375 77.49375152587890625 78.125 73.3562469482421875 70.11875152587890625 66.8874969482421875 64.4250030517578125 72.96875 79.9875030517578125 87.4250030517578125 91.71875 90.9875030517578125 86.0749969482421875 81.77500152587890625 79.0500030517578125
138.131256103515625 133.087493896484375 131.09375 128.3125 125.06874847412109375 120.6875 117.5812530517578125 112.65000152587890625 109.0437469482421875 105.91249847412109375 101.4562530517578125 95.24375152587890625 89.19374847412109375 85.03125 81.46250152587890625 73.6687469482421875 65.875 66.05625152587890625 71.2062530517578125 74.6750030517578125 77.76250457763671875 82.18125152587890625 88.13124847412109375 94.8874969482421875 97.3249969482421875 88.1750030517578125 79.9375 74.5437469482421875 74.36875152587890625 75.3249969482421875 76.31874847412109375 76.2624969482421875 72.46875 69.6687469482421875 74.1875 78.6062469482421875 87.1875 97.875 103.96875 94.7312469482421875 87.1687469482421875 81.4375 75.3625030517578125
128.1750030517578125 125.36875152587890625 122.1437530517578125 120.6062469482421875 117.31874847412109375 111.90000152587890625 108.06874847412109375 104.59375 101.40625 96.0187530517578125 92.40625 89.19374847412109375 84.05625152587890625 80.22499847412109375 78.59999847412109375 74.88124847412109375 68.33750152587890625 60.293750762939453125 66.3000030517578125 68.93125152587890625 71.86875152587890625 75.84375 84.38124847412109375 90.0124969482421875 91.25624847412109375 82.40000152587890625 74.03749847412109375 70.5187530517578125 71.11875152587890625 70.52500152587890625 68.0124969482421875 67.2312469482421875 75.7624969482421875 78.13124847412109375 76.59375 84.3000030517578125 94.8125 100.8249969482421875 102.55625152587890625 95.5124969482421875 83.38124847412109375 77.4499969482421875 71.6374969482421875
118.95000457763671875 116.40000152587890625 112.25624847412109375 109.8125 108.09999847412109375 104.30625152587890625 99.41249847412109375 97.05625152587890625 95.0500030517578125 90.6750030517578125 87.18125152587890625 82.1999969482421875 78.56874847412109375 76.56874847412109375 72.6999969482421875 71.28749847412109375 67.97499847412109375 62.5 59.19374847412109375 60.481250762939453125 66.47499847412109375 75.7312469482421875 71.15625 77.61875152587890625 79.7624969482421875 77.84999847412109375 72.5749969482421875 67.90000152587890625 68.66249847412109375 69.1062469482421875 68.2312469482421875 69.0187530517578125 74.6687469482421875 75.0124969482421875 75.78749847412109375 81.6875 86.34999847412109375 89.53749847412109375 91.77500152587890625 84.5187530517578125 77.5812530517578125 70.88124847412109375 66.6374969482421875
