data/historical-monthly-weather-data/wc2.1_cruts4.09_10m_prec_1966-07.asc
ncols        51
nrows        45
xllcorner    -63.500000000000
yllcorner    -7.500000000000
cellsize     0.166666666667
NODATA_value -9999
[rows 0 to 18 of 45, columns 0 to 42 of 51]
427.287506103515625 415.443756103515625 402.15625 396.82501220703125 385.82501220703125 376.20001220703125 366.475006103515625 353.65625 348.787506103515625 346.85626220703125 338.606231689453125 329.61248779296875 318.993743896484375 313.100006103515625 307.67498779296875 298.743743896484375 289.40625 274.587493896484375 262.45001220703125 254.6999969482421875 251.0187530517578125 241.475006103515625 233.725006103515625 226.149993896484375 221.2125091552734375 212.462493896484375 206.912506103515625 201.9250030517578125 195.193756103515625 195.34375 188.100006103515625 185.600006103515625 188.4187469482421875 187.318756103515625 186.0437469482421875 184.4812469482421875 179.5812530517578125 184.256256103515625 181.1062469482421875 179.46875 184.3125 190.0625 189.8000030517578125
412.54998779296875 400.46875 388.975006103515625 386.29998779296875 380.98126220703125 373.381256103515625 364.125 355.149993896484375 351.337493896484375 346.149993896484375 337.92498779296875 326.931243896484375 316.306243896484375 307.625 297.61248779296875 288.20623779296875 277.25 263.162506103515625 251.9187469482421875 242.1687469482421875 231.96875 227.381256103515625 222.0625 219.125 209.0437469482421875 201.8874969482421875 197.381256103515625 193.4499969482421875 185.524993896484375 181.125 177.712493896484375 179.649993896484375 180.46875 182.350006103515625 181.59375 177.193756103515625 172.881256103515625 174.4812469482421875 170.8249969482421875 171.306243896484375 177.693756103515625 179.6875 180.9187469482421875
371.162506103515625 369.350006103515625 368.53125 364.45623779296875 358.14373779296875 350.399993896484375 345.92498779296875 345.5 344.443756103515625 339.82501220703125 332.131256103515625 318.618743896484375 310.95623779296875 296.899993896484375 284.75 273.23126220703125 263.09375 250.125 238.5749969482421875 231.7062530517578125 222.537506103515625 219.3000030517578125 215.96875 211.2687530517578125 203.2312469482421875 193.0187530517578125 193.3874969482421875 187.9250030517578125 181.0625 177.8874969482421875 174.5812530517578125 169.96875 171.975006103515625 176.837493896484375 170.8562469482421875 165.556243896484375 165.4375 169.1875 164.881256103515625 165.84375 170.756256103515625 173.6999969482421875 172.943756103515625
334.35626220703125 327.76873779296875 335.087493896484375 341.01873779296875 335.63751220703125 327.65625 323.9375 330.306243896484375 335.58123779296875 334.493743896484375 321.743743896484375 308.29376220703125 298.34375 290.29376220703125 274.48126220703125 259.131256103515625 246.3000030517578125 236.0187530517578125 229.024993896484375 228.3874969482421875 221.5 212.8000030517578125 208.837493896484375 205.774993896484375 199 190.212493896484375 186.2624969482421875 176.8874969482421875 173.1687469482421875 174.850006103515625 171.806243896484375 166.318756103515625 163.537506103515625 162.0812530517578125 158.381256103515625 161.850006103515625 164.431243896484375 161.4375 159.662506103515625 159.5124969482421875 166.475006103515625 171.4875030517578125 170.7375030517578125
333.350006103515625 313.725006103515625 299.79998779296875 307.287506103515625 315.199981689453125 308.26873779296875 309.975006103515625 316.925018310546875 321.26873779296875 318.98126220703125 315.38751220703125 300.40625 290.13751220703125 279.931243896484375 263.23748779296875 248.0187530517578125 233.9187469482421875 226.71875 216.9875030517578125 215.725006103515625 212.9375 204.8125 199.5 201.4499969482421875 193.587493896484375 183.9875030517578125 177.0124969482421875 173.631256103515625 168.662506103515625 165.4250030517578125 164.21875 161.681243896484375 161.868743896484375 159.350006103515625 155.8562469482421875 153.6687469482421875 155.8812408447265625 156.6374969482421875 153.6875 155.3874969482421875 160.71875 161.287506103515625 164.34375
310.100006103515625 301.16876220703125 292.162506103515625 268.92498779296875 281.443756103515625 295.975006103515625 297.67498779296875 301.100006103515625 308.606231689453125 305.78125 299.34375 287.375 278.5625 262.618743896484375 251.3249969482421875 237.7312469482421875 221.8874969482421875 212.1750030517578125 207.8249969482421875 209.0500030517578125 205.493743896484375 199.8625030517578125 197.15625 191.399993896484375 187.0124969482421875 179.4875030517578125 172.8125 168.25 161.8874969482421875 158.875 157.46875 158.71875 156.837493896484375 157.399993896484375 152.71875 152.0749969482421875 147.6125030517578125 148.256256103515625 150.243743896484375 154.2062530517578125 152.912506103515625 155.8625030517578125 156.3249969482421875
291.82501220703125 285.256256103515625 279.35626220703125 270.75 264.63751220703125 261.40625 272.01251220703125 281.943756103515625 284.04998779296875 285.306243896484375 283.506256103515625 267.96875 263 250.975006103515625 236.899993896484375 226.931243896484375 216.181243896484375 203.5 194.9562530517578125 201.1062469482421875 197.1437530517578125 191.0749969482421875 186.40625 184.493743896484375 179.3937530517578125 175.318756103515625 172.4875030517578125 162.931243896484375 154.5812530517578125 155.8625030517578125 153.375 149.6875 148.118743896484375 151.181243896484375 151.399993896484375 148.243743896484375 143.131256103515625 141.462493896484375 144.4250030517578125 148.912506103515625 146.6374969482421875 145.8874969482421875 147.8000030517578125
278.975006103515625 269.118743896484375 267.068756103515625 264.856231689453125 264.01251220703125 270.600006103515625 265.07501220703125 252.037506103515625 249.5749969482421875 252.7312469482421875 254.149993896484375 248.5500030517578125 243.4375 232.6500091552734375 224.306243896484375 215.46875 204.5187530517578125 195.037506103515625 188.8874969482421875 186.3125 189.0500030517578125 187.0500030517578125 181.006256103515625 178.493743896484375 176.5124969482421875 167.96875 164.4250030517578125 154.0124969482421875 149.962493896484375 147.15625 149.149993896484375 145.875 145.8562469482421875 145.4187469482421875 143.8874969482421875 138.693756103515625 134.475006103515625 133.0625 132.28125 132.3625030517578125 131.71875 133.256256103515625 134.15625
266.943756103515625 259.66876220703125 256.14373779296875 258.462493896484375 261.243743896484375 261.98126220703125 259.85626220703125 255.0625 244.8625030517578125 233.7624969482421875 230.618743896484375 222.28125 225.53125 216.125 209.4562530517578125 202.3937530517578125 197.09375 193.868743896484375 194.6999969482421875 184.5187530517578125 179.350006103515625 182.368743896484375 177.3000030517578125 177.3874969482421875 174.2312469482421875 162.0500030517578125 154.506256103515625 152.274993896484375 149.024993896484375 145.0812530517578125 147.7062530517578125 140.993743896484375 135.03125 132.2937469482421875 132.1999969482421875 133.0625 132.243743896484375 132.1437530517578125 128.5187530517578125 125.06874847412109375 122.6875 122.46250152587890625 123.625
251.8625030517578125 248.162506103515625 248.350006103515625 251.28125 254.28125 258.850006103515625 256.556243896484375 252.5124969482421875 245.662506103515625 239.6125030517578125 228.1125030517578125 211.399993896484375 209.6875 203.850006103515625 199.9562530517578125 197.1062469482421875 190.1437530517578125 192.881256103515625 194.8937530517578125 191.0812530517578125 184.59375 176.3625030517578125 168.4187469482421875 168.7687530517578125 164.3874969482421875 159.1750030517578125 151.6125030517578125 147.818756103515625 142.3625030517578125 139.5687408447265625 139.5812530517578125 133.1374969482421875 130.1875 126.9250030517578125 124.78125 126.5437469482421875 127 127.3000030517578125 123.9562530517578125 123.25 122.5749969482421875 119.78749847412109375 115.50624847412109375
242.2937469482421875 240.5437469482421875 240.1374969482421875 245 247.399993896484375 252.0812530517578125 251.78125 242.6125030517578125 231.350006103515625 225.743743896484375 220.381256103515625 208.431243896484375 194.3125 191.40625 185.625 183.537506103515625 183.899993896484375 187.306243896484375 189.5625 194.4375 193.662506103515625 182.8000030517578125 167.6999969482421875 154.774993896484375 158.3125 162.1062469482421875 155.375 147.975006103515625 137.28125 134.256256103515625 132.1999969482421875 129.6750030517578125 127.75624847412109375 123.3874969482421875 122.80625152587890625 122.63124847412109375 122.99375152587890625 120.02500152587890625 122.2062530517578125 119.5812530517578125 115.4812469482421875 111.49375152587890625 109.8249969482421875
233.2375030517578125 229.9250030517578125 230.774993896484375 236.4499969482421875 240.7375030517578125 245.1750030517578125 246.7687530517578125 238.475006103515625 223.9875030517578125 211.6437530517578125 204.1999969482421875 199.193756103515625 183.587493896484375 177.568756103515625 179.2937469482421875 174.5187530517578125 175.056243896484375 178.4812469482421875 181.962493896484375 189.8937530517578125 195.8562469482421875 188.3312530517578125 179.068756103515625 162.6687469482421875 156.056243896484375 147.25 141.7312469482421875 138.256256103515625 131.0875091552734375 127.2062530517578125 121.7687530517578125 119.3562469482421875 119.1750030517578125 117.84375 119 120.4875030517578125 118.9187469482421875 119.68125152587890625 114.5749969482421875 112.22499847412109375 107.5187530517578125 105.7312469482421875 99.22499847412109375
217.5749969482421875 218.556243896484375 222.09375 224.6999969482421875 226.5812530517578125 231.006256103515625 229.6062469482421875 220.0749969482421875 207.6125030517578125 200.462493896484375 195.1875 187.412506103515625 181.287506103515625 164.912506103515625 161.287506103515625 164.5187530517578125 165.34375 170.475006103515625 174.7312469482421875 179.34375 182.1437530517578125 176.75 172.2624969482421875 159.899993896484375 145.693756103515625 137.556243896484375 133.8125 131.1750030517578125 125.28749847412109375 120.1687469482421875 114.6125030517578125 108.8874969482421875 110.91875457763671875 110.8874969482421875 111.65000152587890625 114.0124969482421875 116.77500152587890625 120.13124847412109375 119.98125457763671875 112.1437530517578125 103.16249847412109375 98.44374847412109375 88.73125457763671875
204.78125 205.59375 209.53125 210.9812469482421875 211.40625 212.03125 209.40625 202.149993896484375 196.8562469482421875 187.1750030517578125 181.306243896484375 176.4187469482421875 167.7437591552734375 157.375 144.600006103515625 150.712493896484375 150.524993896484375 156.8625030517578125 159.412506103515625 164.90625 166.0437469482421875 165.0124969482421875 162.1125030517578125 153.618743896484375 140.9562530517578125 131.5625 125.58750152587890625 119.2687530517578125 113.6062469482421875 109.34375 108.6062469482421875 104.8874969482421875 103.1999969482421875 103.22499847412109375 104.6374969482421875 110.77500152587890625 118.02500152587890625 125.18125152587890625 127.1062469482421875 117.8937530517578125 99.21250152587890625 88.5 86.5749969482421875
195.5749969482421875 193.9499969482421875 195.3937530517578125 197.8312530517578125 195.975006103515625 194.350006103515625 195.931243896484375 189.087493896484375 182.0625 173.4875030517578125 167.59375 161.4499969482421875 156.024993896484375 149.375 132.5500030517578125 133.412506103515625 134.556243896484375 139.475006103515625 143.100006103515625 149.46875 153.962493896484375 153.212493896484375 151.5437469482421875 148.181243896484375 141.0187530517578125 133.6062469482421875 126.6750030517578125 118.0187530517578125 112.8312530517578125 109.53125 103.27500152587890625 100.6875 102.91249847412109375 100.9875030517578125 97.3125 101.625 114.63124847412109375 127.9187469482421875 130.2624969482421875 119.1374969482421875 105.9812469482421875 98.125 101.90000152587890625
182.3874969482421875 181.412506103515625 183.4250030517578125 183.2375030517578125 182.5 184.15625 179.5500030517578125 173.78125 168.2062530517578125 163.443756103515625 156.068756103515625 151.1687469482421875 146.8562469482421875 140.8125 128.243743896484375 112.46250152587890625 116.6999969482421875 123.71250152587890625 126.66249847412109375 133.600006103515625 137.212493896484375 140.818756103515625 142.65625 146.787506103515625 142.6999969482421875 134.8937530517578125 124.97499847412109375 113.61875152587890625 108.75624847412109375 105.9187469482421875 106.00624847412109375 99.0124969482421875 95.6125030517578125 92.4250030517578125 90.1437530517578125 102.74375152587890625 113.1687469482421875 124.08750152587890625 128.8125 126.08750152587890625 117.7624969482421875 111.4812469482421875 107.52500152587890625
170.0749969482421875 169.6062469482421875 172.2624969482421875 173.7062530517578125 174.162506103515625 170.7624969482421875 168.6875 163.5812530517578125 158.6875 154.25 148.2687530517578125 142.0812530517578125 136.162506103515625 132.725006103515625 129.1687469482421875 118.49375152587890625 107.3874969482421875 108.1687469482421875 116.9562530517578125 122.72499847412109375 125.8249969482421875 130.6062469482421875 137.5625 145.4812469482421875 146.46875 130.193756103515625 115.75624847412109375 105.71250152587890625 103.36875152587890625 103.6437530517578125 104.08750152587890625 103.3125 99.0812530517578125 96.4562530517578125 103.97499847412109375 110.71875 123.2937469482421875 138.6374969482421875 145.2312469482421875 130.0500030517578125 117.8000030517578125 109.93125152587890625 101.86875152587890625
158.1374969482421875 160.2624969482421875 161.21875 164.306243896484375 164.6062469482421875 159.712493896484375 156.524993896484375 153.4250030517578125 148.9812469482421875 141.006256103515625 135.993743896484375 133.850006103515625 128.9625091552734375 125.70624542236328125 125.0749969482421875 120.86875152587890625 111.72499847412109375 99.09375 109.38124847412109375 113.8312530517578125 116.7312469482421875 120.8562469482421875 131.975006103515625 138.3874969482421875 137.8937530517578125 122.25 107.7687530517578125 100.59999847412109375 99.4187469482421875 97.40000152587890625 92.86875152587890625 91 103.4499969482421875 107.9499969482421875 107.0437469482421875 118.25624847412109375 133.381256103515625 141.96875 142.600006103515625 130.8000030517578125 112.55625152587890625 104.41249847412109375 96.6875
147.1687469482421875 149.368743896484375 148.993743896484375 150.7375030517578125 153.1437530517578125 150.475006103515625 145.681243896484375 144.1875 141.25 134.53125 129.462493896484375 124.25 121.15625 120.36875152587890625 116.02500152587890625 115.4187469482421875 111.5 103.09999847412109375 98.09999847412109375 100.375 108.375 121.16249847412109375 111.55625152587890625 119.7312469482421875 121.00624847412109375 116.0812530517578125 106.24375152587890625 97.4187469482421875 96.53749847412109375 95.7687530517578125 93.25624847412109375 93.24375152587890625 101.65625 103.2937469482421875 105.49375152587890625 114.0124969482421875 120.71250152587890625 125.15625 126.97499847412109375 115.4875030517578125 104.77500152587890625 95.55625152587890625 89.81874847412109375
