data/historical-monthly-weather-data/wc2.1_cruts4.09_10m_prec_1960-12.asc
ncols        45
nrows        45
xllcorner    -63.500000000000
yllcorner    -7.500000000000
cellsize     0.166666666667
NODATA_value -9999
[rows 20 to 39 of 45, columns 0 to 44 of 45]
328.60626220703125 332.48126220703125 334.29376220703125 337.412506103515625 341.83123779296875 346.712493896484375 350.48748779296875 353.274993896484375 354.712493896484375 353.14373779296875 349.212493896484375 348.431243896484375 347.3125 343.17498779296875 334.78125 324.024993896484375 313.53125 304.98126220703125 300.20001220703125 296.9375 303.274993896484375 310.60626220703125 317.88751220703125 325.63751220703125 335.337493896484375 342.79998779296875 341.57501220703125 331.34375 315.6875 299.125 286.92498779296875 285.462493896484375 296.6875 312.524993896484375 330.20623779296875 352.118743896484375 379.79376220703125 409.23126220703125 432.350006103515625 445.375 447.962493896484375 441.90625 439.881256103515625 438.42498779296875 432.83123779296875
320.837493896484375 323.65625 327.412506103515625 333.693756103515625 339.84375 345.524993896484375 351.243743896484375 355.875 357.48748779296875 356.01873779296875 351.087493896484375 348.193756103515625 344.92498779296875 338.96875 331.54998779296875 322.39373779296875 313.399993896484375 305.931243896484375 300.20001220703125 296.29998779296875 299.54376220703125 306.537506103515625 315.59375 323.96875 334.931243896484375 347.48126220703125 353.5 346.17498779296875 332.92498779296875 319.32501220703125 308.34375 304.39373779296875 312.73748779296875 327.068756103515625 342.07501220703125 362.693756103515625 390.13751220703125 420.412506103515625 441.287506103515625 450.40625 453.649993896484375 449.46875 446.912506103515625 445.39373779296875 441.681243896484375
314.09375 319.100006103515625 322.381256103515625 328.725006103515625 336.5625 344.837493896484375 351.287506103515625 357.899993896484375 361.806243896484375 359.09375 353.068756103515625 346.98126220703125 342.600006103515625 336.04376220703125 328.8125 320.5 311.98126220703125 304.41876220703125 298.631256103515625 293.38751220703125 295.712493896484375 301.068756103515625 308.149993896484375 317.337493896484375 330.5 347.568756103515625 359.850006103515625 356.26873779296875 345.556243896484375 335.100006103515625 326.381256103515625 322.125 329.96875 340.625 352.806243896484375 368.912506103515625 397.01251220703125 434.368743896484375 454.67498779296875 460.29998779296875 461.6875 457.16876220703125 454.66876220703125 453.01873779296875 449.45623779296875
308.54998779296875 312.51251220703125 315.381256103515625 322.368743896484375 331.82501220703125 341.48126220703125 350.48126220703125 357.54376220703125 360.96875 357.475006103515625 351.399993896484375 345.65625 340.46875 334.21875 327.118743896484375 319.26873779296875 311.64373779296875 304.568756103515625 298.04376220703125 292.07501220703125 291.475006103515625 294.274993896484375 298.162506103515625 307.54998779296875 320.29376220703125 336.53125 349.0625 352.868743896484375 351.287506103515625 345.25 340.4375 336.60626220703125 345.743743896484375 355.493743896484375 366.54998779296875 379.431243896484375 406.23126220703125 443.29376220703125 463.90625 469.806243896484375 470.181243896484375 465.725006103515625 461.306243896484375 458.268768310546875 459.118743896484375
307.03125 309.01251220703125 310.537506103515625 320.51873779296875 332.57501220703125 341.71875 350.149993896484375 355.787506103515625 357.32501220703125 355.26251220703125 350.23748779296875 343.75 337.73748779296875 331.08123779296875 325.11248779296875 318.4375 311.41876220703125 304.66876220703125 297.65625 290.931243896484375 287.82501220703125 286.568756103515625 287.78125 295.368743896484375 308.35626220703125 325.475006103515625 339.006256103515625 347.84375 352.431243896484375 352.20001220703125 351.38751220703125 350 360.631256103515625 370.931243896484375 380.51873779296875 396.67498779296875 422.568756103515625 450.07501220703125 469.07501220703125 478.66876220703125 480.006256103515625 475.068756103515625 468.34375 467.018768310546875 465.38751220703125
312.08123779296875 316.92498779296875 318.48748779296875 327.04998779296875 335.381256103515625 343.16876220703125 349.45623779296875 353.71875 354.38751220703125 351.70623779296875 346.73748779296875 340.975006103515625 334.29998779296875 327.51251220703125 323.03125 317.60626220703125 310.92498779296875 304.431243896484375 297.35626220703125 289.975006103515625 286.16876220703125 280.837493896484375 277.14373779296875 281.350006103515625 296.76251220703125 315.95623779296875 332.3125 344.5 353.337493896484375 356.975006103515625 359.10626220703125 362.91876220703125 376.15625 386.03125 396.61248779296875 413.662506103515625 437.54376220703125 461.931243896484375 479.868743896484375 491.493743896484375 494.23748779296875 484.899993896484375 474.15625 469.225006103515625 471.850006103515625
317.506256103515625 323.087493896484375 328.3125 336.20623779296875 342.975006103515625 348.243743896484375 351 352.59375 350.78125 348.506256103515625 345.3125 339.33123779296875 331.881256103515625 325.42498779296875 321.76873779296875 317.875 312.48126220703125 306.38751220703125 299.537506103515625 291.193756103515625 285.524993896484375 278.1875 271.41876220703125 272.399993896484375 289.48748779296875 308.79998779296875 325.818756103515625 339.58123779296875 351.725006103515625 357.806243896484375 363.73126220703125 371.243743896484375 389.11248779296875 401.024993896484375 413.100006103515625 431.54998779296875 452.70001220703125 474.82501220703125 492.78125 506.95623779296875 512.0374755859375 499 481.5625 474.118743896484375 488.787506103515625
324.087493896484375 330.556243896484375 338.287506103515625 346.36248779296875 351.837493896484375 354.568756103515625 354.662506103515625 352.57501220703125 348.887481689453125 345.3125 341.20001220703125 335.20001220703125 329.287506103515625 323.45001220703125 320.82501220703125 317.45001220703125 313.818756103515625 307.9375 301.818756103515625 293.96875 287.875 280.806243896484375 276.431243896484375 279.431243896484375 291.75 307.91876220703125 322.70001220703125 335.774993896484375 348.10626220703125 355.899993896484375 362.962493896484375 371.337493896484375 391.199981689453125 408.86248779296875 425.13751220703125 444.681243896484375 466.26873779296875 488.63751220703125 509.15625 527.54998779296875 537.15625 523.0625 492.85626220703125 483.09375 516.0999755859375
328.600006103515625 336.568756103515625 346.90625 357.306243896484375 361.725006103515625 360.10626220703125 356.48126220703125 352.068756103515625 346.743743896484375 341.368743896484375 337.462493896484375 332.287506103515625 326.462493896484375 321.54998779296875 319.368743896484375 318.274993896484375 315.837493896484375 311.01873779296875 305.431243896484375 298.375 292.287506103515625 286.100006103515625 283.412506103515625 286.368743896484375 296.23126220703125 309.287506103515625 321.83123779296875 333.899993896484375 345.85626220703125 353.431243896484375 360.51251220703125 368.975006103515625 390.82501220703125 411.975006103515625 432.875 454.79998779296875 478.375 501.23748779296875 522.5687255859375 545.0625 562.76251220703125 546.3375244140625 517.2874755859375 516.8499755859375 551.59375
332.95001220703125 341.73748779296875 354.5 367.506256103515625 373.524993896484375 365.837493896484375 357.61248779296875 351.100006103515625 343.82501220703125 337.037506103515625 332.743743896484375 327.318756103515625 323.45001220703125 320.16876220703125 318.8125 317.38751220703125 315.931243896484375 314.04998779296875 309.649993896484375 302.899993896484375 296.368743896484375 290.743743896484375 287.243743896484375 290.399993896484375 298.5625 309.36248779296875 318.412506103515625 329.568756103515625 340.10626220703125 348.88751220703125 357.36248779296875 367.16876220703125 391.287506103515625 414.79376220703125 438.368743896484375 460.962493896484375 485.36248779296875 508.631256103515625 530.375 551.5062255859375 566.21875 562.8062744140625 548.8499755859375 553.0374755859375 571.2249755859375
334.21875 343.45623779296875 355.45001220703125 368.806243896484375 373.84375 363.5 353.96875 345.662506103515625 337.087493896484375 331.33123779296875 327.037506103515625 322.712493896484375 320.11248779296875 317.475006103515625 316.306243896484375 315.88751220703125 316.23748779296875 314.60626220703125 312.76873779296875 306.95623779296875 299.85626220703125 293.83123779296875 290.41876220703125 292.774993896484375 298.837493896484375 307.14373779296875 314.931243896484375 324.38751220703125 333.8125 344.5 354.5625 366.0625 390.79376220703125 416.83123779296875 441.98748779296875 466.037506103515625 491.70623779296875 515.8062744140625 536.13751220703125 553.48748779296875 570.1312255859375 576.45001220703125 576.5875244140625 578.07501220703125 590.32501220703125
333.100006103515625 340.41876220703125 349.649993896484375 356.756256103515625 357.85626220703125 351.59375 343.86248779296875 335.34375 327.86248779296875 322.0625 318.79998779296875 316.48126220703125 315.48748779296875 313.975006103515625 314.350006103515625 314.58123779296875 313.40625 312.15625 310.78125 306.537506103515625 300.587493896484375 294.756256103515625 290.5625 292.14373779296875 298.20001220703125 304.4375 310.350006103515625 318.556243896484375 327.4375 339.79376220703125 351.63751220703125 365.10626220703125 389.243743896484375 416.48126220703125 443.91876220703125 470.54376220703125 495.54998779296875 519.375 539.28125 557.3062744140625 579.46875 595.51873779296875 608.45623779296875 621.04998779296875 642.3062744140625
330.29376220703125 333.95001220703125 338.087493896484375 342.08123779296875 341.71875 335.9375 327.850006103515625 319.431243896484375 312.600006103515625 308.568756103515625 309.399993896484375 308.850006103515625 310.212493896484375 311.975006103515625 312.15625 311.287506103515625 309.04376220703125 308.88751220703125 306.04998779296875 302.725006103515625 297.83123779296875 293.318756103515625 289.54998779296875 290.131256103515625 294.70623779296875 300.33123779296875 305.287506103515625 310.89373779296875 319.4375 332.5 346.6875 361.931243896484375 387.04998779296875 414.787506103515625 443.17498779296875 470.243743896484375 496.64373779296875 521.9312744140625 541.1937255859375 565.17498779296875 588.23126220703125 610.2125244140625 635.59375 668.45001220703125 719.38751220703125
325.8125 326.475006103515625 328.024993896484375 328.181243896484375 324.850006103515625 318.625 311.13751220703125 302.912506103515625 296.506256103515625 293.51251220703125 295.350006103515625 300.0625 305.04998779296875 307.693756103515625 308.51251220703125 306.95623779296875 304.95001220703125 304.67498779296875 301.42498779296875 298.40625 294.256256103515625 289.9375 286.09375 286.26873779296875 289.087493896484375 293.29376220703125 298.087493896484375 303.306243896484375 311.462493896484375 325.068756103515625 340.662506103515625 358.28125 384.118743896484375 412.48748779296875 440.66876220703125 467.993743896484375 496.399993896484375 520.88751220703125 543.3125 568.46875 593.66876220703125 619.7249755859375 652.0374755859375 696.04376220703125 756.10626220703125
319.92498779296875 319.131256103515625 318.162506103515625 315.149993896484375 310.493743896484375 303.13751220703125 294.681243896484375 286.181243896484375 278.8125 276.86248779296875 281.6875 290.149993896484375 299.98126220703125 306.381256103515625 307.024993896484375 304.881256103515625 301.556243896484375 300.32501220703125 297.78125 293.46875 290.40625 285.57501220703125 282.73126220703125 281.70623779296875 282.693756103515625 285.787506103515625 289.79998779296875 294.912506103515625 302.350006103515625 317.26873779296875 334.587493896484375 353.631256103515625 380.28125 409.337493896484375 437.59375 464 491.34375 519.63751220703125 543.1937255859375 566.10626220703125 592.16876220703125 618.5250244140625 651.33123779296875 693.6875 743.78125
313.506256103515625 311.41876220703125 308.39373779296875 304 297.774993896484375 289.962493896484375 280.13751220703125 269.96875 261.068756103515625 257.131256103515625 264.381256103515625 278.493743896484375 293.725006103515625 302.818756103515625 304.4375 302.368743896484375 298.568756103515625 296.787506103515625 292.95001220703125 287.993743896484375 284.649993896484375 281.337493896484375 277.649993896484375 276.20001220703125 277.01873779296875 278.837493896484375 282.556243896484375 286.899993896484375 293.524993896484375 309.475006103515625 328.03125 347.15625 373.649993896484375 401.024993896484375 427.98126220703125 452.10626220703125 480.76251220703125 508.0625 530.42498779296875 553.64373779296875 579.2874755859375 605.8812255859375 634.23126220703125 669.75 704.1187744140625
306.537506103515625 303.693756103515625 299.756256103515625 294.899993896484375 288.568756103515625 280.5625 271.162506103515625 259.431243896484375 247.0187530517578125 237.1875 249.5124969482421875 274.318756103515625 291.037506103515625 299.76251220703125 301.73748779296875 299.59375 295.9375 292.98126220703125 289.04376220703125 283.61248779296875 279.58123779296875 275.61248779296875 271.881256103515625 270.01251220703125 269.712493896484375 271.131256103515625 273.85626220703125 278.568756103515625 285.38751220703125 302.01873779296875 320.84375 340.28125 365.71875 392.54376220703125 417.76251220703125 442.64373779296875 468.98748779296875 494.32501220703125 513.92498779296875 535.7562255859375 559.48126220703125 582.85626220703125 607.75 636.9375 657.98748779296875
299.475006103515625 296.67498779296875 292.931243896484375 287.92498779296875 282.48126220703125 274.524993896484375 266.51251220703125 256.17498779296875 244.8312530517578125 232.2874908447265625 257.681243896484375 284.568756103515625 295.3125 300.756256103515625 301.13751220703125 298.48126220703125 293.83123779296875 290.60626220703125 285.28125 279.70623779296875 274.01251220703125 269.25 265.681243896484375 263.21875 262.0625 262.78125 266.26873779296875 270.5625 276.98748779296875 294.412506103515625 312.92498779296875 332.84375 357.256256103515625 382.84375 406.84375 430.14373779296875 454.037506103515625 476.4375 495.524993896484375 514.96875 535.36248779296875 554.95001220703125 574.6812744140625 597.5875244140625 612.96875
294.73126220703125 291.837493896484375 288.76251220703125 284.85626220703125 279.774993896484375 273.29998779296875 267.26873779296875 261.98748779296875 259.66876220703125 268.524993896484375 297.98748779296875 302.818756103515625 302.962493896484375 304.350006103515625 303.25 300.29998779296875 295.643768310546875 290.493743896484375 284.15625 277.337493896484375 270.26251220703125 263.98748779296875 259.73748779296875 257.40625 256.625 257.368743896484375 260.556243896484375 265.318756103515625 271.818756103515625 288.287506103515625 306.4375 323.537506103515625 345.36248779296875 367.92498779296875 391.16876220703125 412.21875 433.149993896484375 453.34375 469.875 486.48126220703125 505.17498779296875 520.60626220703125 536.21875 553.6624755859375 564.6624755859375
291.787506103515625 288.837493896484375 286.08123779296875 282.82501220703125 278.993743896484375 275.149993896484375 272 271.65625 274.462493896484375 284.725006103515625 301.024993896484375 307.524993896484375 307.35626220703125 307.54376220703125 306.475006103515625 303.118743896484375 298.125 292.493743896484375 284.193756103515625 275.774993896484375 265.84375 257.5625 252.0625 249.3125 249.662506103515625 251.4375 255.7624969482421875 261.13751220703125 267.568756103515625 282.96875 298.681243896484375 315.28125 335.03125 354.54376220703125 374.01251220703125 391.381256103515625 410.462493896484375 427.83123779296875 442.01873779296875 455.60626220703125 470.243743896484375 483.337493896484375 496.88751220703125 510.774993896484375 520.0625
