data/historical-monthly-weather-data/wc2.1_cruts4.09_10m_prec_2019-11.asc
ncols        51
nrows        45
xllcorner    -63.500000000000
yllcorner    -7.500000000000
cellsize     0.166666666667
NODATA_value -9999
[rows 0 to 19 of 45, columns 0 to 43 of 51]
296.25 301.0625 298.29376220703125 301.524993896484375 303.85626220703125 307.40625 308.662506103515625 309.475006103515625 308.375 305.25 301.48748779296875 291.056243896484375 280.51251220703125 265.53125 250.375 234.28125 219.375 204.056243896484375 190.0625 178.1750030517578125 169.9499969482421875 162.40625 155.8249969482421875 147.6687469482421875 140.4875030517578125 134.087493896484375 128.3312530517578125 122.71250152587890625 116.93125152587890625 112.2937469482421875 108.34375 105.41249847412109375 103.81874847412109375 103.1875 102.0812530517578125 100.50624847412109375 98.9562530517578125 96.71250152587890625 92.65625 88.40625 83.375 78.43125152587890625 72.59999847412109375 67.09375
301.087493896484375 303.03125 303.381256103515625 307.26251220703125 313.10626220703125 316.125 316.33123779296875 319.693756103515625 318.368743896484375 313.98126220703125 308.868743896484375 295.82501220703125 281.58123779296875 266.78125 249.631256103515625 234.506256103515625 217.8312530517578125 201.1062469482421875 184.5812530517578125 170.600006103515625 161.537506103515625 153.6437530517578125 146.9499969482421875 140.2937469482421875 132.399993896484375 125.7937469482421875 120.84999847412109375 115.53125 110.65000152587890625 107.19374847412109375 104.5437469482421875 102.8562469482421875 101.6374969482421875 102.81874847412109375 103.1125030517578125 101.2937469482421875 99.28749847412109375 96.55625152587890625 91.5437469482421875 86.43125152587890625 81.0625 75.09999847412109375 68.9562530517578125 62.299999237060546875
301.587493896484375 303.96875 303.67498779296875 305.412506103515625 310.95001220703125 312.95623779296875 317.21875 320.368743896484375 320.568756103515625 316.350006103515625 308.45001220703125 293.649993896484375 278.71875 262.76873779296875 245.15625 228.6875 213.212493896484375 198.2687530517578125 182.712493896484375 169.6750030517578125 160.625 152.3937530517578125 145.2312469482421875 138.118743896484375 130.056243896484375 122.56874847412109375 117.4562530517578125 112.6125030517578125 107.59375 104.53749847412109375 103.34375 102.11875152587890625 102.75 103.6875 104.5812530517578125 102.27500152587890625 99.875 97.84375 92.55625152587890625 87.1437530517578125 81.08750152587890625 74.25624847412109375 67.55625152587890625 60.875
294.64373779296875 296.118743896484375 298.83123779296875 299.26873779296875 304.21875 306.38751220703125 309.79376220703125 315.46875 318.431243896484375 315.70623779296875 305.631256103515625 288.587493896484375 272.256256103515625 255.6125030517578125 238.40625 222.399993896484375 208.0187530517578125 194.34375 181.600006103515625 171.243743896484375 162.2937469482421875 153.3625030517578125 144.6374969482421875 136.0749969482421875 127.41249847412109375 119.53749847412109375 114.47499847412109375 108.6875 104.3562469482421875 102.8000030517578125 102.1687469482421875 102.1750030517578125 102.2312469482421875 103.3125 104.19374847412109375 103.2062530517578125 101.42499542236328125 99.00624847412109375 93.65000152587890625 87.59375 80.36875152587890625 73.6125030517578125 66.0187530517578125 58.91249847412109375
295.024993896484375 291.76251220703125 284.48748779296875 286.89373779296875 294.36248779296875 297.256256103515625 300.63751220703125 307.41876220703125 313.693756103515625 314.09375 299.225006103515625 278.431243896484375 261.67498779296875 246.662506103515625 230.506256103515625 216.0812530517578125 202.1875 191.443756103515625 180.8125 170.7687530517578125 163.024993896484375 153.649993896484375 144.4875030517578125 135.725006103515625 125.0749969482421875 116.25 109.66249847412109375 105.15000152587890625 101.65000152587890625 100.0124969482421875 100 100.71875 101.34999847412109375 102.86875152587890625 104.2937469482421875 103.53749847412109375 102.18125152587890625 100.21250152587890625 95.05625152587890625 87.5812530517578125 80.11875152587890625 72.33750152587890625 64.58750152587890625 57.34375
289 286.40625 279.07501220703125 272.36248779296875 281.162506103515625 289.1875 294.26873779296875 299.03125 303.86248779296875 305.59375 289.48748779296875 269.631256103515625 254.7937469482421875 240.806243896484375 225.7375030517578125 211.931243896484375 199.96875 190.59375 182.1624908447265625 172.5124969482421875 163.6875 154.625 145.131256103515625 134.8874969482421875 125.09375 115.6374969482421875 109.33750152587890625 104.40000152587890625 100.6437530517578125 98.7312469482421875 97.81874847412109375 99.3874969482421875 100.09375 102.16249847412109375 103.7624969482421875 104.21250152587890625 103.8312530517578125 102.88750457763671875 98.3937530517578125 91.16249847412109375 81.90625 74.06874847412109375 66.16249847412109375 59.075000762939453125
285.16876220703125 285.32501220703125 278.29376220703125 271.350006103515625 273.51873779296875 276.46875 280.587493896484375 283.368743896484375 281.625 275.368743896484375 268.03125 255.4375 244.712493896484375 233.2062530517578125 221.2687530517578125 209.837493896484375 199.100006103515625 190.587493896484375 181.9375 175.149993896484375 165.78125 155.875 145.962493896484375 135.21875 125.1062469482421875 116.25624847412109375 109.5187530517578125 103.9562530517578125 98.84375 96.8312530517578125 96.1687469482421875 96.8312530517578125 98.19374847412109375 100.7375030517578125 103.2687530517578125 103.96875 104.125 104.3625030517578125 101.7062530517578125 94.02500152587890625 83.9875030517578125 75.80625152587890625 67.94374847412109375 60.78125
284.337493896484375 283.60626220703125 278.48126220703125 275.95001220703125 276.89373779296875 274.85626220703125 269.556243896484375 261.39373779296875 251.1687469482421875 245.337493896484375 245.4562530517578125 240.40625 233.537506103515625 224.9375 215.868743896484375 207.3937530517578125 198.1687469482421875 190.4499969482421875 183.4499969482421875 176.5625 168.537506103515625 158.631256103515625 147.2687530517578125 136.2375030517578125 126.6125030517578125 115.9562530517578125 108.69374847412109375 102.3937530517578125 97.4875030517578125 94.50624847412109375 93.3125 94.3249969482421875 96.09375 98.625 101.52500152587890625 102.375 103.65000152587890625 103.7687530517578125 99.63124847412109375 92.34999847412109375 83.3874969482421875 75.65000152587890625 68.0749969482421875 61.05625152587890625
283.66876220703125 284.66876220703125 282.243743896484375 280.350006103515625 279.743743896484375 275.40625 267.993743896484375 256.875 238.5437469482421875 227.556243896484375 230.5625 229.0500030517578125 225.3562469482421875 219.0625 213.1750030517578125 206.806243896484375 199.912506103515625 193.850006103515625 189.8125 183.1062469482421875 172.5625 162.350006103515625 149.96875 139.837493896484375 128.631256103515625 117.00624847412109375 108.66249847412109375 102.30625152587890625 97 92.6875 91.5437469482421875 92.875 94.00624847412109375 95.9812469482421875 98.33750152587890625 99.96875 101.3000030517578125 101.46250152587890625 97.1374969482421875 91.0812530517578125 83.1750030517578125 75.6750030517578125 68.83750152587890625 62.33750152587890625
283.837493896484375 284.212493896484375 282.67498779296875 281.850006103515625 281.943756103515625 278.36248779296875 269.51251220703125 257.01251220703125 242.149993896484375 232.4562530517578125 228.6999969482421875 223.15625 219.931243896484375 214.4250030517578125 210.375 206.693756103515625 202.3312530517578125 198.681243896484375 195.2687530517578125 190.9375 180.125 168.1374969482421875 154.287506103515625 142.6875 129.78125 117.9812469482421875 110.0187530517578125 102.71250152587890625 96.5749969482421875 91.25 89.6062469482421875 90.50624847412109375 91.65000152587890625 93.71250152587890625 96.0500030517578125 97.875 99.625 99.4812469482421875 95.5625 90.0812530517578125 83.43125152587890625 76.58124542236328125 69.61875152587890625 63.00624847412109375
284.493743896484375 285.15625 283.181243896484375 282.524993896484375 282.568756103515625 281.712493896484375 274.131256103515625 260.368743896484375 246.0124969482421875 235.3125 229.5 222.4187469482421875 216.5 210.71875 207.46875 205.1125030517578125 203.318756103515625 201.5749969482421875 200.0187530517578125 198.162506103515625 190.931243896484375 177.0124969482421875 160.193756103515625 143.943756103515625 131.368743896484375 120.55625152587890625 112.5500030517578125 105.24375152587890625 97.9812469482421875 92.08750152587890625 89.9375 89.9812469482421875 91.16249847412109375 92.7937469482421875 94.31874847412109375 95.6062469482421875 96.84375 97.1374969482421875 94.59375 89.86875152587890625 83.75624847412109375 77.4375 70.9375 64.7375030517578125
284.39373779296875 284.90625 283.006256103515625 283.70001220703125 283.98126220703125 283.100006103515625 277.28125 263.381256103515625 248.8625030517578125 237.412506103515625 229.0812530517578125 222.181243896484375 213.881256103515625 207.837493896484375 204.9375 202.9250030517578125 201.993743896484375 200.9375 201.431243896484375 202.837493896484375 198.350006103515625 184.5437469482421875 165.743743896484375 147.4187469482421875 133.024993896484375 121.68125152587890625 113.69374847412109375 106.9499969482421875 101.21875 95.3937530517578125 91.83750152587890625 90.3312530517578125 90.4499969482421875 91.28125 92.7312469482421875 93.81874847412109375 94.6437530517578125 95.2375030517578125 92.97499847412109375 89.3625030517578125 84.69374847412109375 78.6687469482421875 72.47499847412109375 66.59999847412109375
283.462493896484375 284.774993896484375 283.13751220703125 282.037506103515625 280.8125 278.67498779296875 271.850006103515625 260.64373779296875 247.368743896484375 236.631256103515625 227.3312530517578125 220.962493896484375 213.2687530517578125 203.725006103515625 199.6875 198.100006103515625 197.7624969482421875 199.15625 200.8625030517578125 202.774993896484375 200.4812469482421875 187.46875 168.068756103515625 150.8125 134.7312469482421875 122.1437530517578125 115.86875152587890625 109.6062469482421875 104.33750152587890625 98.6125030517578125 94.21250152587890625 91.4187469482421875 90.00624847412109375 89.83750152587890625 90.75 91.55625152587890625 92.3249969482421875 92.80625152587890625 91.8000030517578125 88.5500030517578125 85.3125 80.18125152587890625 73.375 64.9499969482421875
281.60626220703125 281.212493896484375 279.28125 277.381256103515625 275.71875 270.975006103515625 264.337493896484375 255.59375 244.9499969482421875 233.899993896484375 224.1687469482421875 215.568756103515625 208.193756103515625 199.662506103515625 192.0500030517578125 190.3125 190.84375 192.4187469482421875 194.243743896484375 195.287506103515625 191.6875 180.8125 165.462493896484375 150.381256103515625 136.506256103515625 125.0500030517578125 119.56874847412109375 113.875 108.18125152587890625 101.71875 96.7624969482421875 92.7937469482421875 90.08750152587890625 88.69374847412109375 89.3625030517578125 90.28125 90.8874969482421875 92.28125 91.1062469482421875 89.41249847412109375 85.8625030517578125 78.7624969482421875 71.41249847412109375 65.93125152587890625
276.381256103515625 275.756256103515625 273.912506103515625 271.912506103515625 269.61248779296875 264.306243896484375 258.60626220703125 250.818756103515625 240.600006103515625 230.056243896484375 220.0812530517578125 211.15625 202.462493896484375 193.28125 182.90625 179.9187469482421875 181.1062469482421875 183.1875 185.2687530517578125 185.993743896484375 181.943756103515625 173.287506103515625 161.743743896484375 150.649993896484375 140.493743896484375 131.1875 125.38124847412109375 119.375 113.27500152587890625 105.6875 99.46875 94.2687530517578125 91.15625 89.1750030517578125 88.5812530517578125 88.9187469482421875 90.25624847412109375 92.4187469482421875 91.9562530517578125 88.7624969482421875 83.2937469482421875 77.9812469482421875 73.41249847412109375 69.34999847412109375
269.28125 268.45001220703125 267.51873779296875 265.4375 263.212493896484375 258.5625 252 244.681243896484375 236.59375 228.09375 217.8937530517578125 208.3000030517578125 198.9499969482421875 187.9562530517578125 176.243743896484375 168.6374969482421875 171.806243896484375 175.8874969482421875 177.725006103515625 178.0437469482421875 175.100006103515625 168.4812469482421875 159.243743896484375 151.181243896484375 143.9250030517578125 137.8125 133.024993896484375 126.6374969482421875 118.7624969482421875 109.5625 102.2062530517578125 96.38124847412109375 92.28125 90.2312469482421875 88.19374847412109375 89.21875 91.2062530517578125 90.875 89.66249847412109375 86.32500457763671875 82.7062530517578125 79.25624847412109375 75.47499847412109375 70.34375
261.45623779296875 261.90625 260.306243896484375 258.39373779296875 256.9375 252.2624969482421875 247.03125 239.9875030517578125 233.162506103515625 225.21875 216.4499969482421875 207.09375 196.993743896484375 186.100006103515625 175 167.625 165.8312530517578125 168.3874969482421875 171.193756103515625 172.25 170.0187530517578125 164.7687530517578125 157.381256103515625 150.993743896484375 146.475006103515625 144.068756103515625 141.7375030517578125 133.6374969482421875 123.0500030517578125 112.8874969482421875 105.15625 100.1374969482421875 95.08750152587890625 91.9812469482421875 92.6125030517578125 94.96875 94.28749847412109375 94.13124847412109375 92.96875 88.43125152587890625 85.0187530517578125 82.00624847412109375 76.9499969482421875 73.15000152587890625
251.6437530517578125 252.3937530517578125 252.03125 251.131256103515625 249.5 247.0812530517578125 243.1750030517578125 237.1062469482421875 231.212493896484375 223.975006103515625 215.7937469482421875 206.5187530517578125 195.287506103515625 185.40625 176.3000030517578125 168.931243896484375 164.6999969482421875 161.8312530517578125 165.6750030517578125 167.318756103515625 167.1437530517578125 162.0374908447265625 155.7375030517578125 151.975006103515625 150.024993896484375 149.21875 150.1437530517578125 139.84375 126.2687530517578125 113.59999847412109375 104.94374847412109375 99.75 98.0437469482421875 99.1687469482421875 100.65625 98.5187530517578125 98.46875 98.13124847412109375 94.3937530517578125 92 87.78125 83.7687530517578125 79.05625152587890625 75
240.9562530517578125 243.149993896484375 243.28125 243.162506103515625 242.899993896484375 241.2937469482421875 238.118743896484375 234.193756103515625 229.9875030517578125 224.7624969482421875 216.806243896484375 206.899993896484375 195.693756103515625 186.087493896484375 176.399993896484375 169.274993896484375 164.287506103515625 159.4187469482421875 159.587493896484375 161.556243896484375 164.318756103515625 163.225006103515625 154.0812530517578125 152.131256103515625 151.9562530517578125 151.725006103515625 150.125 141.274993896484375 128.8125 114.86875152587890625 104.41249847412109375 102.0187530517578125 104.99375152587890625 105.8562469482421875 105.3937530517578125 105.00624847412109375 103.71875 102.02500152587890625 99.13124847412109375 95.5749969482421875 90.99375152587890625 87.61875152587890625 81.81874847412109375 76.9562530517578125
229.806243896484375 232.868743896484375 233.2937469482421875 234.1687469482421875 234.78125 234.90625 233.6624908447265625 231.1750030517578125 228.9562530517578125 225.662506103515625 219.993743896484375 210.568756103515625 199.4499969482421875 188.068756103515625 178.181243896484375 169.375 161.1437530517578125 158.34375 157.0812530517578125 157.7937469482421875 158.5749969482421875 155.9250030517578125 152.84375 152.09375 151.7062530517578125 149.7062530517578125 146.100006103515625 140.75 130.0812530517578125 117.0812530517578125 108.66249847412109375 109.40625 110.9187469482421875 112.72499847412109375 113.25 111.74375152587890625 110.27500152587890625 108.6125030517578125 104.50624847412109375 99.65000152587890625 94.58750152587890625 90.30625152587890625 84.4562530517578125 79.61875152587890625
