data/historical-monthly-weather-data/wc2.1_cruts4.09_10m_prec_2003-10.asc
ncols        51
nrows        45
xllcorner    -63.500000000000
yllcorner    -7.500000000000
cellsize     0.166666666667
NODATA_value -9999
[rows 20 to 39 of 45, columns 0 to 43 of 51]
137.15625 142.287506103515625 147.412506103515625 152.0124969482421875 155.9562530517578125 158.368743896484375 160.287506103515625 160.4562530517578125 158.2624969482421875 153.46875 146.975006103515625 138.4812469482421875 130.1999969482421875 121.80625152587890625 116.65000152587890625 112.15000152587890625 107.40625 104.0749969482421875 103.34999847412109375 101.78125 99.03749847412109375 96.84375 94.99375152587890625 95.2062530517578125 94.9499969482421875 92.78749847412109375 89.36875152587890625 83.5749969482421875 77.8625030517578125 74.125 71.83750152587890625 72.05625152587890625 71.91249847412109375 72.49375152587890625 73.3312530517578125 69.9187469482421875 66.2312469482421875 64.4499969482421875 63.112499237060546875 61.799999237060546875 60.168750762939453125 58.0625 54.80625152587890625 51.78749847412109375
132.631256103515625 139.96875 146.631256103515625 152.5749969482421875 158.0500030517578125 161.6062469482421875 164.0625 165.2687530517578125 164.0749969482421875 158.6999969482421875 150.912506103515625 141.662506103515625 132.9812469482421875 125.47499847412109375 119.56874847412109375 114.9250030517578125 110.9562530517578125 107.66249847412109375 105.8937530517578125 104.33750152587890625 100.33750152587890625 97.58750152587890625 95.91249847412109375 95.05625152587890625 93.49375152587890625 91.19374847412109375 89.3000030517578125 85.6687469482421875 82.3562469482421875 80.53749847412109375 79.4875030517578125 79.61875152587890625 78.8249969482421875 78.69374847412109375 77.68125152587890625 74.875 70.86875152587890625 67.5749969482421875 65.2312469482421875 63.481250762939453125 61.50624847412109375 59.356250762939453125 56.75624847412109375 53.90625
130.21875 139.84375 147.837493896484375 154.7937469482421875 160.3125 164.256256103515625 167.53125 170.2624969482421875 171.15625 164.256256103515625 155.1750030517578125 144.8562469482421875 136.662506103515625 130.0749969482421875 123.84999847412109375 118.72499847412109375 114.5500030517578125 111.65000152587890625 109.28125 106.9562530517578125 103.34375 99.65625 96.8874969482421875 95.3874969482421875 93.13124847412109375 89.71250152587890625 88.8625030517578125 87.91249847412109375 85.83750152587890625 85.6062469482421875 86.2624969482421875 87.1750030517578125 85.44374847412109375 84.1437530517578125 82.0812530517578125 78.75 74.59999847412109375 70.3000030517578125 67.4250030517578125 66.06874847412109375 64.22499847412109375 62.03749847412109375 59.456249237060546875 56.575000762939453125
130.462493896484375 141.493743896484375 151.287506103515625 157.71875 163.0749969482421875 166.787506103515625 169.4812469482421875 172.4187469482421875 172.7312469482421875 166.3312530517578125 156.8562469482421875 147.6875 140.100006103515625 133.837493896484375 128.125 123.0124969482421875 119.0124969482421875 115.84375 113.0124969482421875 110.2062530517578125 106.58750152587890625 103.1687469482421875 99.40000152587890625 96.96875 93.81874847412109375 89.4812469482421875 87.86875152587890625 88.5500030517578125 89.04999542236328125 90.3625030517578125 91.97499847412109375 93.22499847412109375 91.2937469482421875 89.0500030517578125 86.5 83.33750152587890625 79.0812530517578125 74.2937469482421875 71.5 69.58750152587890625 67.5812530517578125 65.4250030517578125 62.72499847412109375 59.65000152587890625
135.1437530517578125 145.587493896484375 155.9187469482421875 161.1125030517578125 165.9187469482421875 168.725006103515625 170.337493896484375 171.3625030517578125 170.3937530517578125 165.837493896484375 158.8874969482421875 151.03125 144.399993896484375 138.6062469482421875 132.8937530517578125 128.149993896484375 123.9375 120.5749969482421875 117.43125152587890625 114.4499969482421875 110.55625152587890625 106.1999969482421875 102.68125152587890625 99.5187530517578125 96.1062469482421875 92.9250030517578125 91.59999847412109375 92.03125 92.9187469482421875 94.80625152587890625 96.75 97.7375030517578125 96.1999969482421875 93.4875030517578125 90.80625152587890625 87.1374969482421875 83.4250030517578125 79.6374969482421875 76.5187530517578125 74.4562530517578125 72.1750030517578125 69.75 66.83750152587890625 64.1374969482421875
141.837493896484375 150.34375 157.3562469482421875 163.4375 167.6125030517578125 169.3874969482421875 170.0437469482421875 170.006256103515625 169.056243896484375 166.0437469482421875 159.631256103515625 153.8000030517578125 147.993743896484375 142.8000030517578125 137.9250030517578125 133.225006103515625 129.287506103515625 125.4875030517578125 122.2375030517578125 118.94374847412109375 114.9812469482421875 110.38124847412109375 106.5812530517578125 103.30625152587890625 100.0749969482421875 97.27500152587890625 96.61875152587890625 96.6125030517578125 97.21875 99.33750152587890625 100.71250152587890625 102.43125152587890625 100.91249847412109375 97.86875152587890625 95.3125 91.59999847412109375 87.96250152587890625 84.75624847412109375 81.96875 79.8000030517578125 77.5 75.0625 71.94374847412109375 69.33750152587890625
151.3125 155.875 160.774993896484375 164.975006103515625 167.9250030517578125 169.4875030517578125 169.59375 169.1437530517578125 167.5124969482421875 164.256256103515625 160.493743896484375 156.1374969482421875 151.631256103515625 147.3562469482421875 142.506256103515625 138.350006103515625 133.931243896484375 130.4812469482421875 126.91249847412109375 123.3562469482421875 119.4562530517578125 114.86875152587890625 110.84375 108.46875 105.02500152587890625 102.34375 101.68125152587890625 101.625 102.28749847412109375 103.99375152587890625 105.9187469482421875 106.7312469482421875 105.09999847412109375 102.13124847412109375 98.90625 95.66249847412109375 92.48125457763671875 89.59375 87.5187530517578125 86.0625 84.1374969482421875 82.25 79.625 77.0749969482421875
160.7624969482421875 162.756256103515625 165.25 167.506256103515625 168.7687530517578125 169.5187530517578125 169.6999969482421875 168.5187530517578125 166.625 164.2375030517578125 160.875 157.75 154.9875030517578125 151.181243896484375 147.0124969482421875 143.0625 139.306243896484375 135.125 131.6999969482421875 128.5437469482421875 124.21875 119.6374969482421875 116.1999969482421875 113.2937469482421875 110.0124969482421875 107.6062469482421875 107.3312530517578125 107.4875030517578125 107.41249847412109375 108.75624847412109375 110.03749847412109375 110.9499969482421875 108.9562530517578125 105.63124847412109375 102.83750152587890625 99.53749847412109375 96.38124847412109375 94.44374847412109375 92.81874847412109375 92.25 91.9187469482421875 90.24375152587890625 87.22499847412109375 85.6125030517578125
169.806243896484375 169.8874969482421875 169.6062469482421875 170.1437530517578125 169.899993896484375 169.3249969482421875 168.4875030517578125 167.4375 165.8937530517578125 164.4250030517578125 162.274993896484375 160.15625 158.0500030517578125 155.0124969482421875 151.600006103515625 147.868743896484375 144.568756103515625 140.412506103515625 136.6750030517578125 133.412506103515625 128.90625 124.6437530517578125 121.1374969482421875 118.15625 114.97499847412109375 112.9250030517578125 112.72499847412109375 112.8000030517578125 113.375 113.99375152587890625 114.3562469482421875 114.88124847412109375 112.53749847412109375 109.1125030517578125 106.15000152587890625 103.28749847412109375 100.4375 98.375 96.875 96.7375030517578125 97.41249847412109375 96.15000152587890625 93.75624847412109375 93.8312530517578125
175.15625 173.850006103515625 172.0625 170.2624969482421875 169.274993896484375 167.6999969482421875 167.03125 166.6062469482421875 166.1374969482421875 164.693756103515625 163.837493896484375 162.1374969482421875 161.1999969482421875 159.2062530517578125 156.03125 153.181243896484375 149.4875030517578125 146 141.9250030517578125 137.6875 133.693756103515625 129.7062530517578125 126 122.77500152587890625 120.1750030517578125 118.84375 118.5812530517578125 118.43125152587890625 118.3937530517578125 118.53749847412109375 118.84999847412109375 118.81874847412109375 116.2687530517578125 113.25624847412109375 110.15000152587890625 107.3000030517578125 104.4187469482421875 102.625 100.1125030517578125 99.09375 99.4250030517578125 100.4812469482421875 100.0124969482421875 101.91249847412109375
179.337493896484375 176.493743896484375 173.84375 170.0812530517578125 168.28125 167.631256103515625 166.837493896484375 166.5124969482421875 166.0625 165.1125030517578125 165.287506103515625 164.912506103515625 165.2375030517578125 164.0500030517578125 160.8312530517578125 158.3249969482421875 155.568756103515625 151.3874969482421875 147.024993896484375 142.8937530517578125 138.5 134.6875 131.131256103515625 128.024993896484375 125.72499847412109375 124.2312469482421875 123.99375152587890625 123.80625152587890625 123.5 123.05625152587890625 123.1875 122.75624847412109375 120.1687469482421875 117.43125152587890625 114.4812469482421875 111.13124847412109375 108.43125152587890625 106.6125030517578125 103.36249542236328125 99.53749847412109375 100 103.3562469482421875 105.80625152587890625 108.1062469482421875
181.506256103515625 177.631256103515625 173.3937530517578125 170.0625 168.8312530517578125 166.84375 165.9499969482421875 165.837493896484375 165.7687530517578125 165.65625 166.243743896484375 167.2375030517578125 167.8874969482421875 168.0124969482421875 166.2062530517578125 164.0187530517578125 160.8000030517578125 155.818756103515625 152.125 147.875 143.431243896484375 139.5124969482421875 136.118743896484375 133.0187530517578125 131.0749969482421875 129.53125 129.225006103515625 129.087493896484375 128.5625 128.006256103515625 127.59999847412109375 126.41249847412109375 123.98125457763671875 121.72499847412109375 118.49375152587890625 115.34375 112.71875 110.7375030517578125 106.6374969482421875 103.4499969482421875 104.3937530517578125 108.6687469482421875 111.84375 115.40000152587890625
179.962493896484375 175.625 171.568756103515625 168.899993896484375 166.7687530517578125 164.7937469482421875 163.46875 162.8625030517578125 163.149993896484375 164.21875 168.0812530517578125 169.4875030517578125 171.931243896484375 173.931243896484375 172.225006103515625 169.587493896484375 165.78125 160.993743896484375 156.787506103515625 152.475006103515625 147.9250030517578125 143.90625 140.21875 137.8000030517578125 135.943756103515625 134.5187530517578125 134.287506103515625 133.931243896484375 133.5500030517578125 133.381256103515625 132.649993896484375 131.4812469482421875 128.193756103515625 126.22499847412109375 124.24375152587890625 122.125 119.3249969482421875 116.53125 113.40000152587890625 112.72499847412109375 113.99375152587890625 117.69374847412109375 121.3312530517578125 124.9375
176.40625 172.600006103515625 169.5500030517578125 167.1999969482421875 164.15625 162.274993896484375 160.6875 159.943756103515625 159.9562530517578125 162.1062469482421875 166.0437469482421875 171.1687469482421875 176.78125 178.6437530517578125 177.7937469482421875 174.8874969482421875 171.068756103515625 166.443756103515625 161.2375030517578125 157.243743896484375 152.5124969482421875 148.1812591552734375 144.462493896484375 141.7062530517578125 140.493743896484375 139.375 138.850006103515625 138.5625 138.5625 138.1999969482421875 137.8125 136.9375 134.40625 131.78125 130.524993896484375 128.537506103515625 125.66249847412109375 123.03125 121.59375 122.1062469482421875 122.90625 126.5500030517578125 131.0812530517578125 135.256256103515625
172.712493896484375 169.75 166.443756103515625 164.462493896484375 161.5124969482421875 159.5187530517578125 157.600006103515625 156.8874969482421875 156.1374969482421875 158.6687469482421875 164.337493896484375 171.90625 180.181243896484375 184.962493896484375 182.725006103515625 179.774993896484375 176.2062530517578125 171.287506103515625 166.1750030517578125 161.3312530517578125 156.84375 152.100006103515625 148.287506103515625 145.4812469482421875 144.4562530517578125 143.6062469482421875 143.46875 143.7687530517578125 143.8625030517578125 143.181243896484375 142.5124969482421875 142.0625 139.84375 138.131256103515625 136.4875030517578125 134 131.3125 130.15625 129.6750030517578125 130.25 131.4187469482421875 134.5 139.1312408447265625 143.3249969482421875
168.5437469482421875 165.787506103515625 163.475006103515625 160.9187469482421875 158.3312530517578125 156.6125030517578125 154.212493896484375 152.6875 151.506256103515625 153.037506103515625 159.9375 169.462493896484375 180.1750030517578125 186.243743896484375 185.524993896484375 183.037506103515625 179.6437530517578125 175.21875 170.3312530517578125 165.287506103515625 161.0124969482421875 156.712493896484375 151.9875030517578125 149.462493896484375 148.2312469482421875 147.0625 146.9187469482421875 147.412506103515625 147.6687469482421875 147.524993896484375 146.9187469482421875 146.59375 144.8249969482421875 144.0812530517578125 142.193756103515625 139.5625 138.90625 137.6374969482421875 137.5749969482421875 138.225006103515625 139.868743896484375 142.9812469482421875 145.7062530517578125 149.931243896484375
164.4562530517578125 162.100006103515625 160.0749969482421875 157.90625 155.618743896484375 153.5749969482421875 150.993743896484375 148.837493896484375 146.693756103515625 145.875 154.381256103515625 168.837493896484375 179.118743896484375 184.9187469482421875 186.2312469482421875 185.350006103515625 182.4875030517578125 178.537506103515625 173.4499969482421875 168.274993896484375 164.03125 159.625 155.568756103515625 152.78125 151.1750030517578125 150.1875 150.037506103515625 150.787506103515625 151.6875 151.65625 151.5749969482421875 150.84375 150.537506103515625 150.25 148.037506103515625 146.993743896484375 146.40625 146.125 146.1437530517578125 146.4812469482421875 147.8625030517578125 149.4499969482421875 152.3499908447265625 156.4562530517578125
160.3625030517578125 158.4812469482421875 156.631256103515625 154.8937530517578125 153.1687469482421875 151.2375030517578125 149.712493896484375 147.725006103515625 146.0749969482421875 143.774993896484375 157.1374969482421875 172.0625 180.149993896484375 185.7937469482421875 187.4187469482421875 187.287506103515625 184.9250030517578125 181.1125030517578125 176.475006103515625 171.0749969482421875 166.5500030517578125 161.5437469482421875 157.5437469482421875 154.6999969482421875 153.681243896484375 152.931243896484375 152.6875 153.7249908447265625 154.8874969482421875 155.4187469482421875 154.8937530517578125 155 155.443756103515625 155.2312469482421875 154.34375 153.087493896484375 153.53125 153.181243896484375 154.1750030517578125 154.96875 154.712493896484375 156.5 157.8187408447265625 160.412506103515625
155.6062469482421875 154.0124969482421875 153.068756103515625 151.912506103515625 150.625 149.4812469482421875 148.78125 149.40625 150.850006103515625 157.40625 171.8625030517578125 178.3874969482421875 182.256256103515625 186.2624969482421875 188.412506103515625 188.837493896484375 187.0437469482421875 183.2312469482421875 178.0437469482421875 173.287506103515625 167.6999969482421875 162.4812469482421875 158.662506103515625 156.0187530517578125 154.475006103515625 154.3249969482421875 154.8312530517578125 156.3375091552734375 157.4187469482421875 157.962493896484375 158.7375030517578125 158.962493896484375 158.962493896484375 158.75 159.3625030517578125 159.399993896484375 158.7624969482421875 158.712493896484375 159.506256103515625 158.1999969482421875 158.28125 159.46875 159.8000030517578125 161.6374969482421875
151.1125030517578125 150.0187530517578125 149.837493896484375 149.46875 148.568756103515625 148.90625 149.037506103515625 151.568756103515625 155.556243896484375 163.25 172.7312469482421875 179.7312469482421875 184.40625 187.662506103515625 190.1125030517578125 190.337493896484375 189.25 185.649993896484375 180.1125030517578125 174.4875030517578125 168.568756103515625 162.9375 158.59375 156.1687469482421875 155.6750030517578125 155.524993896484375 156.368743896484375 158.4250030517578125 159.9812469482421875 160.931243896484375 161.524993896484375 162.837493896484375 164.4875030517578125 164.5625 165.71875 165.0625 163.8312530517578125 163.5500030517578125 164.15625 161.475006103515625 160.4250030517578125 161.3937530517578125 161.0749969482421875 162.0374908447265625
