data/historical-monthly-weather-data/wc2.1_cruts4.09_10m_prec_2001-01.asc
ncols        45
nrows        45
xllcorner    -63.500000000000
yllcorner    -7.500000000000
cellsize     0.166666666667
NODATA_value -9999
[rows 0 to 19 of 45, columns 0 to 44 of 45]
127.91249847412109375 124.36875152587890625 117.44374847412109375 112.24375152587890625 106.27500152587890625 103.41249847412109375 99.4250030517578125 94.1999969482421875 90.34375 87.96875 86.6750030517578125 86.50624847412109375 85.8562469482421875 83.21875 82.6687469482421875 83.3625030517578125 84.1875 83.50624847412109375 86.61875152587890625 89.7687530517578125 93.53749847412109375 98.43125152587890625 103.72499847412109375 110.00624847412109375 118.125 126.1437530517578125 136.4875030517578125 148.649993896484375 162.412506103515625 176.8312530517578125 192.6062469482421875 209.1999969482421875 225.118743896484375 243.756256103515625 260.73126220703125 275.84375 287.118743896484375 296.212493896484375 302.475006103515625 307.40625 310.76873779296875 312.125 311.48126220703125 311 308.51251220703125
138.03125 133.743743896484375 127.7624969482421875 122.125 117.4187469482421875 115.21250152587890625 111.6999969482421875 108.4187469482421875 106.15000152587890625 104.18125152587890625 101.8312530517578125 100.15000152587890625 97.97499847412109375 96.0500030517578125 94.7312469482421875 93.96250152587890625 93.4875030517578125 94.3312530517578125 97.5500030517578125 102.21250152587890625 107.65000152587890625 113.3562469482421875 120.0625 128.524993896484375 136.75 145.375 156.4187469482421875 168.2624969482421875 181.1687469482421875 197.9875030517578125 215.1437530517578125 232.2937469482421875 248.881256103515625 269.95623779296875 287.28125 300.20623779296875 315.6875 325.806243896484375 330.681243896484375 334.806243896484375 338.86248779296875 339.375 336.17498779296875 334.4375 330.11248779296875
149.71875 145.8874969482421875 140.28125 135.381256103515625 131.600006103515625 130.024993896484375 128.1687469482421875 126.71250152587890625 125.28125 123.6062469482421875 120.9499969482421875 118.05625152587890625 115.1875 111.8312530517578125 109.4187469482421875 106.8874969482421875 105.55625152587890625 106.28125 108.8562469482421875 114.3874969482421875 121.47499847412109375 129.6750030517578125 137.90625 147.1750030517578125 156.7062530517578125 166.3625030517578125 177.850006103515625 189.6999969482421875 201.3000030517578125 217.100006103515625 235.756256103515625 254.274993896484375 273.60626220703125 290.75 311.10626220703125 324.84375 340.162506103515625 353.16876220703125 358.35626220703125 361.381256103515625 366.399993896484375 364.975006103515625 361.368743896484375 357.54998779296875 348.91876220703125
160.875 157.59375 154.71875 150.8625030517578125 148.8874969482421875 145.78125 145.806243896484375 146.875 147.5500030517578125 147.2312469482421875 143.287506103515625 138.600006103515625 134.0625 129.443756103515625 126.0437469482421875 122.2624969482421875 119.03125 118.00624847412109375 120.86875152587890625 128.09375 138.3125 148.3937530517578125 156.443756103515625 167.787506103515625 179.3125 190.618743896484375 202.6125030517578125 212.243743896484375 223.318756103515625 239.5124969482421875 257.5625 278.04998779296875 297.037506103515625 315.10626220703125 333.475006103515625 350.86248779296875 365.506256103515625 379.943756103515625 386.693756103515625 392.087493896484375 394.01873779296875 393 388.17498779296875 380.931243896484375 370.037506103515625
178.131256103515625 172.71875 168.6750030517578125 166.524993896484375 165.1062469482421875 164.0500030517578125 163.8125 166.681243896484375 170.3312530517578125 171.8937530517578125 166.28125 159.912506103515625 154.84375 149.7687530517578125 145.125 139.90625 134.743743896484375 130.850006103515625 135.149993896484375 144.931243896484375 158.006256103515625 168.9875030517578125 178.5812530517578125 190.725006103515625 203.3562469482421875 217.431243896484375 226.368743896484375 235.40625 248.6937408447265625 264.26873779296875 282.193756103515625 298.51873779296875 319.756256103515625 340.662506103515625 359.993743896484375 377.51873779296875 395.20001220703125 407.21875 414.837493896484375 419.850006103515625 425.4375 421.131256103515625 415.70001220703125 405.65625 391.70001220703125
193.256256103515625 188.850006103515625 184.6062469482421875 180.9562530517578125 179.1062469482421875 178.4250030517578125 178.912506103515625 180.899993896484375 184.84375 187.7937469482421875 181.9375 176.84375 172.0437469482421875 167.7687530517578125 162.693756103515625 159.3000030517578125 153.837493896484375 149.8000030517578125 156.5437469482421875 167.4250030517578125 180.162506103515625 191.0812530517578125 202.306243896484375 213.5749969482421875 226.899993896484375 240.7312469482421875 250.193756103515625 258.587493896484375 270.631256103515625 287.58123779296875 304.17498779296875 320.931243896484375 338.756256103515625 360.07501220703125 383.42498779296875 400.212493896484375 416.962493896484375 430.90625 439.587493896484375 447.40625 449.443756103515625 446.03125 438.649993896484375 428.493743896484375 412.931243896484375
209.0124969482421875 205.0187530517578125 201.0124969482421875 195.506256103515625 191.4812469482421875 188.837493896484375 188.600006103515625 189.3249969482421875 190.9812469482421875 191.3125 191.3625030517578125 190.1125030517578125 189.1125030517578125 186.90625 183.96875 182.34375 181.1687469482421875 184.024993896484375 191.256256103515625 198.0812530517578125 205.5812530517578125 215.931243896484375 224.850006103515625 236.5124969482421875 250.8125 263.693756103515625 273 281.943756103515625 292.01251220703125 308.162506103515625 326.925018310546875 343.82501220703125 360.58123779296875 379.58123779296875 400.59375 420.368743896484375 437.17498779296875 453.10626220703125 466.42498779296875 471.712493896484375 472.399993896484375 468.162506103515625 460.73748779296875 450.70623779296875 433.368743896484375
226.5625 219.975006103515625 215.118743896484375 210.1125030517578125 205.056243896484375 202.1875 199.006256103515625 193.993743896484375 191.162506103515625 194.287506103515625 200.25 204.0749969482421875 206.899993896484375 206.3562469482421875 206.475006103515625 207.2624969482421875 210.3000030517578125 218.4562530517578125 229.65625 230.7687530517578125 232.65625 240.087493896484375 248.4562530517578125 260.693756103515625 275.73126220703125 288.04376220703125 296 304.07501220703125 315.76251220703125 332.28125 348.524993896484375 365.506256103515625 381.48748779296875 399.40625 418.79998779296875 438.11248779296875 456.01873779296875 472.743743896484375 485.024993896484375 493.92498779296875 497.568756103515625 493.73126220703125 486.756256103515625 475.48126220703125 459.61248779296875
241.5500030517578125 234.681243896484375 229.837493896484375 223.568756103515625 218.931243896484375 214.381256103515625 209.899993896484375 204.3249969482421875 198.774993896484375 199.71875 211.1437530517578125 218.506256103515625 224.3874969482421875 225.71875 227.1875 228.868743896484375 232.4375 241.243743896484375 251.412506103515625 250.8125 250.556243896484375 258.33123779296875 266.556243896484375 282.318756103515625 297.225006103515625 309.23126220703125 317.149993896484375 323.618743896484375 335.26251220703125 352.14373779296875 369.08123779296875 382.88751220703125 398.5 414.318756103515625 432.100006103515625 449.58123779296875 468.83123779296875 485.631256103515625 498.537506103515625 509.09375 513.41876220703125 510.38751220703125 508.850006103515625 502.381256103515625 485.54998779296875
256.38751220703125 249.3125 242.9375 237.15625 232.8125 228.818756103515625 224.412506103515625 220.59375 218.84375 222.90625 231.493743896484375 238.6750030517578125 244.193756103515625 246.243743896484375 247.899993896484375 249.6500091552734375 251.274993896484375 256.131256103515625 260.068756103515625 260.850006103515625 262.86248779296875 271.875 282.82501220703125 301.95623779296875 315.787506103515625 326.73748779296875 334.649993896484375 342.01251220703125 351.95623779296875 367.881256103515625 383.106231689453125 397.04376220703125 412.956268310546875 429.20623779296875 446.5625 462.16876220703125 479.32501220703125 496.506256103515625 509.806243896484375 521.45623779296875 530.73748779296875 530.375 529.84375 522.73126220703125 508.5625
272.631256103515625 265.5625 257.787506103515625 251.3937530517578125 246.1062469482421875 243.21875 240.318756103515625 239.962493896484375 241.662506103515625 247.28125 257.03125 264.024993896484375 266.60626220703125 267.16876220703125 267.51873779296875 267.48748779296875 266.33123779296875 267.04376220703125 266.587493896484375 265.75 271.962493896484375 282.11248779296875 298.037506103515625 315.83123779296875 334.13751220703125 343.287506103515625 349.975006103515625 357.45001220703125 366.787506103515625 379.09375 393.318756103515625 407.962493896484375 424.556243896484375 441.212493896484375 457.524993896484375 474.21875 490.125 504.54376220703125 520.1937255859375 534.48748779296875 545.0625 544.20623779296875 545.46875 541.11248779296875 527.8812255859375
284.76251220703125 277.21875 270.118743896484375 265.256256103515625 260.743743896484375 257.756256103515625 256.725006103515625 260.01251220703125 264.287506103515625 270.65625 281.475006103515625 291.45623779296875 291.73748779296875 289.73748779296875 288.32501220703125 284.96875 281.95623779296875 277.806243896484375 274.92498779296875 271.16876220703125 276.068756103515625 287.86248779296875 308.100006103515625 331.787506103515625 347.868743896484375 352.131256103515625 358.45623779296875 365.774993896484375 376.20001220703125 390.26251220703125 403.899993896484375 416.91876220703125 433.337493896484375 449.618743896484375 465.88751220703125 482.26873779296875 497.98126220703125 511.45623779296875 526.90625 542.5562744140625 553.6812744140625 553.2562255859375 548.90625 541.73748779296875 525.11248779296875
298.0625 291.01873779296875 284.618743896484375 279.431243896484375 275.14373779296875 274.90625 275.212493896484375 278.118743896484375 283.96875 292.08123779296875 303.10626220703125 314.10626220703125 315.431243896484375 309.568756103515625 306.57501220703125 301.92498779296875 296.149993896484375 291.76251220703125 286.431243896484375 280.15625 278.381256103515625 292.350006103515625 315.9375 335.993743896484375 344.09375 349.61248779296875 362.14373779296875 374.506256103515625 385.88751220703125 400.45001220703125 413.756256103515625 425.506256103515625 440.01873779296875 455.42498779296875 470.95623779296875 486.64373779296875 500.73126220703125 513.51251220703125 527.70001220703125 542.90625 556.7874755859375 554.9000244140625 540.40625 524.4749755859375 505.65625
309.318756103515625 303.350006103515625 297.368743896484375 292.75 289.556243896484375 288.475006103515625 290.11248779296875 295.9375 302.631256103515625 311.33123779296875 319.818756103515625 328.75 329.65625 327.125 321.5 317.33123779296875 310.01873779296875 305.64373779296875 298.95623779296875 293.14373779296875 294.88751220703125 307.212493896484375 323.875 339.58123779296875 346.48126220703125 355.087493896484375 368.33123779296875 381.475006103515625 396.181243896484375 409.806243896484375 422.51873779296875 433.568756103515625 446.25 459.037506103515625 474.46875 488.54998779296875 502.60626220703125 516.4375 528.01873779296875 539.0999755859375 546.45623779296875 530.625 518.98748779296875 512.1937255859375 500.38751220703125
319.487518310546875 313.59375 308.756256103515625 304.67498779296875 303.243743896484375 303.54376220703125 307.0625 312.225006103515625 318.662506103515625 325.818756103515625 334.375 341.78125 344.40625 343.600006103515625 337.58123779296875 332.08123779296875 324.381256103515625 317.88751220703125 311.92498779296875 308.65625 312.993743896484375 321.693756103515625 335.48126220703125 347.14373779296875 357.67498779296875 367.774993896484375 379.65625 393.537506103515625 407.29376220703125 421.462493896484375 432.162506103515625 439.65625 453.243743896484375 463.79376220703125 476.59375 488.42498779296875 503.35626220703125 519.13751220703125 529.4000244140625 526.1875 514.9749755859375 506.59375 507.39373779296875 506.54998779296875 491.806243896484375
328.149993896484375 321.837493896484375 317.943756103515625 314.649993896484375 314.287506103515625 315.756256103515625 320.28125 325.51251220703125 331.068756103515625 338.9375 347.48748779296875 355.29998779296875 359.29998779296875 359.45623779296875 354.48748779296875 344.774993896484375 337.649993896484375 331.337493896484375 324.58123779296875 322.006256103515625 330 339.38751220703125 350.75 360.45623779296875 369.8125 379.67498779296875 390.07501220703125 405.54998779296875 420.98126220703125 435.662506103515625 445.26873779296875 449.82501220703125 456.131256103515625 464.40625 473.8125 489.287506103515625 504.83123779296875 518.1812744140625 525.4312744140625 516.4000244140625 496.48748779296875 490.912506103515625 496.368743896484375 494.631256103515625 482.9375
334.29998779296875 328.556243896484375 324.350006103515625 322.493743896484375 323.71875 326.1875 331.774993896484375 337.368743896484375 343.375 350.38751220703125 359.73748779296875 369.33123779296875 374.38751220703125 375.412506103515625 370.78125 361.625 346.975006103515625 339.806243896484375 335.59375 336.443756103515625 344.89373779296875 355.76873779296875 366.125 373.29376220703125 383 390.631256103515625 399.51251220703125 415.14373779296875 433.82501220703125 450.006256103515625 460.524993896484375 462.868743896484375 463.818756103515625 465.64373779296875 477.318756103515625 492.943756103515625 506.181243896484375 522.2874755859375 536.9749755859375 521.45001220703125 501.600006103515625 492.181243896484375 488.63751220703125 485.82501220703125 475.70623779296875
341.39373779296875 335.58123779296875 331.725006103515625 331.29376220703125 332.36248779296875 336.618743896484375 343.10626220703125 349.3125 355.006256103515625 362.274993896484375 369.475006103515625 382.01873779296875 389.07501220703125 390.88751220703125 385.600006103515625 374.13751220703125 358.48748779296875 345.95623779296875 346.39373779296875 348.32501220703125 359.20623779296875 369.649993896484375 378.86248779296875 384.850006103515625 392.17498779296875 400.037506103515625 406.10626220703125 424.51873779296875 447.287506103515625 465.66876220703125 472.82501220703125 462.537506103515625 461.118743896484375 465.11248779296875 473.125 487.86248779296875 507.225006103515625 523.9437255859375 531.6624755859375 526.1500244140625 506.993743896484375 492.225006103515625 484.79998779296875 480.82501220703125 471.243743896484375
344.587493896484375 339.25 336.66876220703125 338.01873779296875 340.756256103515625 346.212493896484375 351.65625 359.693756103515625 366.024993896484375 373 379.57501220703125 389.51251220703125 399.48126220703125 407.100006103515625 399.51873779296875 383.506256103515625 365.13751220703125 351.631256103515625 347.36248779296875 352.993743896484375 368.5625 381.912506103515625 384.07501220703125 392.36248779296875 399.743743896484375 409.056243896484375 419.725006103515625 435.29998779296875 458.66876220703125 477.725006103515625 485.675018310546875 468.068756103515625 459.787506103515625 452.712493896484375 455.83123779296875 476.243743896484375 499.774993896484375 516.3499755859375 528.2562255859375 524.48748779296875 509.556243896484375 491.875 481.631256103515625 477.506256103515625 467.962493896484375
346.493743896484375 341.125 339.51251220703125 340.125 344.48748779296875 353.068756103515625 360.42498779296875 367.54998779296875 373.5625 379.943756103515625 385.181243896484375 395.46875 409.931243896484375 423.79376220703125 410.181243896484375 385.41876220703125 363.5 355.23126220703125 352.274993896484375 356.51873779296875 368.181243896484375 376.875 386.23748779296875 394.537506103515625 403.506256103515625 415.82501220703125 427.23126220703125 443.806243896484375 460.256256103515625 471.11248779296875 473.256256103515625 459.15625 446.61248779296875 432.67498779296875 430.662506103515625 454.787506103515625 490.04376220703125 518.61248779296875 531.70001220703125 529.9937744140625 515.04376220703125 492.45623779296875 483.63751220703125 478.28125 468.0625
