data/historical-monthly-weather-data/wc2.1_cruts4.09_10m_prec_2021-08.asc
ncols        45
nrows        45
xllcorner    -63.500000000000
yllcorner    -7.500000000000
cellsize     0.166666666667
NODATA_value -9999
[rows 0 to 18 of 45, columns 0 to 43 of 45]
188.125 189.625 189.9875030517578125 195.125 201.5625 210.5625 213.868743896484375 219.899993896484375 227.443756103515625 232.681243896484375 230.9187469482421875 232.2937469482421875 236.34375 235.3937530517578125 234.1125030517578125 227.600006103515625 224.0625 217.4250030517578125 210.181243896484375 208.837493896484375 207.899993896484375 204.5437469482421875 201.4000091552734375 197.6750030517578125 191.9499969482421875 186.2687530517578125 182.118743896484375 179.806243896484375 169.1875 162.5 150.381256103515625 143.75 137.537506103515625 128.7624969482421875 122.38124847412109375 119.9187469482421875 116.5812530517578125 115.19374847412109375 116.91249847412109375 117.94374847412109375 119.74375152587890625 123.3000030517578125 124.1750030517578125 124.78125
179.068756103515625 179.9250030517578125 185.84375 193.212493896484375 203.0124969482421875 212.2624969482421875 214.3625030517578125 221.3562469482421875 231.9875030517578125 239.4375 241.943756103515625 246.40625 246.3937530517578125 243.5124969482421875 239.9499969482421875 237.625 230.8625030517578125 222.6062469482421875 215.5187530517578125 211.631256103515625 210.256256103515625 206.931243896484375 204.21875 203.162506103515625 197.899993896484375 191.306243896484375 190.3937530517578125 185.818756103515625 175.4875030517578125 166.2312469482421875 157.412506103515625 148.9250030517578125 141.100006103515625 133.59375 125.25 120.625 114.2375030517578125 113.6062469482421875 114.0500030517578125 115.06874847412109375 119.5500030517578125 121.66249847412109375 124.66249847412109375 126.8312530517578125
163.1999969482421875 167.381256103515625 177.25 189.7312469482421875 202.787506103515625 214.21875 222.4499969482421875 231.568756103515625 241.024993896484375 248.6437530517578125 255.6750030517578125 259.76873779296875 258.487518310546875 251.90625 246.212493896484375 241.462493896484375 235.662506103515625 227.6875 221.056243896484375 214.9187469482421875 217.2624969482421875 219.3625030517578125 218.649993896484375 220.0812530517578125 213.287506103515625 209.068756103515625 209.462493896484375 201 189.3000030517578125 179.6374969482421875 166.6437530517578125 156.4562530517578125 147.462493896484375 139.8125 128.7937469482421875 119.7624969482421875 113.80625152587890625 111.5 111.4812469482421875 114.71250152587890625 121.1125030517578125 125.0124969482421875 130.625 132.7624969482421875
148.399993896484375 151.0124969482421875 165.381256103515625 181.806243896484375 196.131256103515625 210.056243896484375 223.6875 236.9562530517578125 252.1437530517578125 261.125 265.65625 266.149993896484375 265.40625 258.350006103515625 251.068756103515625 243.96875 238.600006103515625 232.6374969482421875 227.368743896484375 228.350006103515625 230.9250030517578125 232.0749969482421875 232.287506103515625 235.2062530517578125 230.6999969482421875 226.306243896484375 224.181243896484375 210.46875 199.0500030517578125 188.431243896484375 174.881256103515625 161.056243896484375 148.5625 137.8249969482421875 127.11875152587890625 119.24375152587890625 114.78125 109.8562469482421875 108.9187469482421875 114.5124969482421875 120.1374969482421875 127.9375 134.475006103515625 140
148.368743896484375 147.337493896484375 154.256256103515625 169.40625 188.993743896484375 204.6875 219.65625 240.662506103515625 260.53125 270.98126220703125 273.51873779296875 271.58123779296875 269.5625 264.225006103515625 254.71875 247.4875030517578125 239.5187530517578125 233.162506103515625 229.3249969482421875 233.25 242.7312469482421875 242.0625 244.96875 252.1125030517578125 245.100006103515625 239.243743896484375 230.8625030517578125 222.756256103515625 210.274993896484375 193.462493896484375 182.399993896484375 165.850006103515625 153.6999969482421875 142.681243896484375 130.8874969482421875 120.19374847412109375 112.58750152587890625 107.09999847412109375 106.7624969482421875 111.15000152587890625 120.5500030517578125 129.125 139.8874969482421875 146.7375030517578125
144.6374969482421875 144.4187469482421875 151.6374969482421875 158.850006103515625 178.600006103515625 202.7312469482421875 220.6687469482421875 238.3625030517578125 258.86248779296875 269.162506103515625 267.60626220703125 265.40625 265.193756103515625 261.42498779296875 252.412506103515625 246.5500030517578125 237.3562469482421875 231.3125 232.868743896484375 238.850006103515625 249.0187530517578125 253.899993896484375 258.32501220703125 255.59375 253.368743896484375 249.0187530517578125 239.837493896484375 228.8562469482421875 217.618743896484375 198.3249969482421875 186.024993896484375 172.931243896484375 157.6125030517578125 146.46875 132.1125030517578125 123.63124847412109375 114.03749847412109375 105.96875 108.1875 115.64374542236328125 123.3125 134.0625 146.1437530517578125 157.7062530517578125
141.9250030517578125 144.162506103515625 154.256256103515625 165.1999969482421875 180.556243896484375 196.34375 212.662506103515625 229.2312469482421875 237.53125 248.0187530517578125 252.9562530517578125 254.3874969482421875 258.48126220703125 256.36248779296875 251.506256103515625 246.212493896484375 238.162506103515625 236.056243896484375 237.306243896484375 247.506256103515625 256.193756103515625 263.60626220703125 268.45623779296875 267.193756103515625 262.868743896484375 259.225006103515625 248.1125030517578125 234.375 217.7312469482421875 203.9250030517578125 189.1999969482421875 173.868743896484375 161.2125091552734375 149.03125 135.350006103515625 124.88124847412109375 113.71875 106.11875152587890625 110.16249847412109375 118.71250152587890625 126.9250030517578125 138.068756103515625 152.443756103515625 167.5124969482421875
140.506256103515625 142.256256103515625 157.28125 172.6875 191.6812591552734375 207.881256103515625 213.975006103515625 211.524993896484375 211.2937469482421875 221.556243896484375 237.725006103515625 242.9250030517578125 247.2937469482421875 248.4250030517578125 247.350006103515625 243.3937530517578125 239.381256103515625 239.8249969482421875 242.3625030517578125 251.774993896484375 264.39373779296875 273.100006103515625 275.412506103515625 272.40625 272.056243896484375 264.32501220703125 250.3937530517578125 237.087493896484375 222.03125 202.975006103515625 192.087493896484375 176.3249969482421875 161.162506103515625 150.006256103515625 133.9250030517578125 122.8625030517578125 112.09375 103.9250030517578125 107.125 114.40625 124.0625 136.4250030517578125 150.506256103515625 164.1437530517578125
141.6062469482421875 145.318756103515625 162.556243896484375 177.725006103515625 195.5500030517578125 208.3562469482421875 216.193756103515625 216.75 206.75 205.8312530517578125 218.462493896484375 225.162506103515625 236.381256103515625 238.818756103515625 240.3249969482421875 239.875 242.975006103515625 246.587493896484375 255.6999969482421875 259.850006103515625 268.98748779296875 279.337493896484375 280.368743896484375 284.78125 281.068756103515625 268.587493896484375 248.881256103515625 238.662506103515625 224.0500030517578125 205.4250030517578125 194.274993896484375 175.2312469482421875 157.618743896484375 141.9562530517578125 128.506256103515625 121.25624847412109375 113.13124847412109375 106.53749847412109375 108.72499847412109375 115.28125 123.1999969482421875 131.975006103515625 142.34375 152.7062530517578125
141.8249969482421875 147.537506103515625 164.34375 182.375 200.4875030517578125 212.75 224.475006103515625 225.0124969482421875 217.3125 219 223.037506103515625 221.274993896484375 229.806243896484375 233.943756103515625 235.1687469482421875 239.1999969482421875 242.59375 252.3312530517578125 262.181243896484375 270.98748779296875 279.59375 283.73126220703125 283.162506103515625 286.431243896484375 280.59375 267.5625 248.8000030517578125 235.881256103515625 218.3937530517578125 200.024993896484375 184.4187469482421875 168.037506103515625 155.1374969482421875 142.2375030517578125 130.412506103515625 123.2062530517578125 114.77500152587890625 108.15625 111.5124969482421875 117.08750152587890625 122.8249969482421875 127.81874847412109375 133.8562469482421875 137.96875
144.7062530517578125 151.7312469482421875 167.287506103515625 185.0187530517578125 204.912506103515625 220.90625 232.1374969482421875 229.6437530517578125 223.975006103515625 222.0749969482421875 226.9875030517578125 225.318756103515625 226.243743896484375 227.193756103515625 227.631256103515625 231.4250030517578125 238.681243896484375 252.1687469482421875 263.287506103515625 277.01873779296875 294.149993896484375 297.881256103515625 294.649993896484375 287.21875 287 274.59375 255.899993896484375 237.4375 214.3000030517578125 193.40625 181.118743896484375 166.274993896484375 156.350006103515625 144.1875 130.2062530517578125 122.3562469482421875 114.71250152587890625 110.02500152587890625 111.8000030517578125 115.05625152587890625 118.1750030517578125 121.625 127.06874847412109375 127.875
146.3249969482421875 154.9812469482421875 170.75 189.806243896484375 210.3312530517578125 225.8000030517578125 238.0812530517578125 237.899993896484375 230.2375030517578125 225.8874969482421875 227.25 225.931243896484375 223.0437469482421875 219.787506103515625 227.3874969482421875 231.056243896484375 236.256256103515625 245.943756103515625 260.53125 279.57501220703125 298.33123779296875 303.837493896484375 302.73126220703125 297.149993896484375 288.88751220703125 262.600006103515625 242.9312591552734375 227.34375 207.087493896484375 189.1687469482421875 175.087493896484375 164.6999969482421875 151.59375 139.5437469482421875 128.9250030517578125 124.4875030517578125 118.7624969482421875 113.5500030517578125 111.3562469482421875 110.15625 111.93125152587890625 114.3625030517578125 116.78749847412109375 111.63124847412109375
146.71875 154.537506103515625 171.068756103515625 187.8312530517578125 209.193756103515625 221.962493896484375 228.399993896484375 231.4875030517578125 224.431243896484375 221.4812469482421875 222.412506103515625 223.381256103515625 219.3874969482421875 212.274993896484375 214.5625 220.7062530517578125 224.21875 237.9187469482421875 251.743743896484375 266.243743896484375 287.23748779296875 295.51251220703125 296.712493896484375 283.32501220703125 260.86248779296875 239.5 229.118743896484375 216.5625 204.6999969482421875 188.756256103515625 173.4375 161.131256103515625 151.4499969482421875 135.962493896484375 127.02500152587890625 126.84999847412109375 127.75624847412109375 122.7062530517578125 121 113.68125152587890625 105.90625 109.66249847412109375 109.5625 102.375
145.5500030517578125 152.3249969482421875 167.118743896484375 185.2312469482421875 203.1687469482421875 212.4812469482421875 218.193756103515625 223.625 217.0625 214.337493896484375 212.4250030517578125 210.600006103515625 209.6999969482421875 205.0124969482421875 197.59375 205.6687469482421875 211.537506103515625 223.6374969482421875 230.21875 241.6999969482421875 261.78125 270.42498779296875 272.79376220703125 264.59375 248.962493896484375 234.0812530517578125 223.7687530517578125 213.181243896484375 201.9875030517578125 189.0437469482421875 176.756256103515625 161.2624969482421875 150.375 136.975006103515625 131.2312469482421875 136.337493896484375 139.96875 142.537506103515625 141.681243896484375 129.71875 108.8937530517578125 102.6062469482421875 106.80625152587890625 114.0625
142.0124969482421875 150.287506103515625 162.125 175.96875 192.162506103515625 199.662506103515625 204.118743896484375 206.4812469482421875 201.649993896484375 200.287506103515625 196.0124969482421875 196.8249969482421875 196.068756103515625 189.9375 181.975006103515625 182.78125 187.90625 195.087493896484375 202.8874969482421875 214.6687469482421875 232.7624969482421875 243.5812530517578125 249.756256103515625 251.40625 247.149993896484375 240.71875 228.1937408447265625 215.1875 201.4812469482421875 187.8249969482421875 173.3249969482421875 161.03125 150.8625030517578125 140.8937530517578125 133.3874969482421875 141.1750030517578125 151.9562530517578125 167.7937469482421875 171.193756103515625 154 139 130.712493896484375 133.6750030517578125 132.0500030517578125
136.256256103515625 145.037506103515625 156.431243896484375 168.225006103515625 180.28125 188.056243896484375 191.9875030517578125 190.6999969482421875 188.0749969482421875 186.59375 183.712493896484375 182.0812530517578125 179.431243896484375 174.556243896484375 168.1062469482421875 160.5812530517578125 163.8625030517578125 170.625 177.1125030517578125 188.881256103515625 204.756256103515625 219.09375 233.5749969482421875 245.412506103515625 249.243743896484375 245.4499969482421875 233.65625 217.1437530517578125 201.9812469482421875 189.524993896484375 177.8625030517578125 165.087493896484375 152.306243896484375 142.46875 137.587493896484375 156.881256103515625 174.75 192.9499969482421875 201.006256103515625 193.712493896484375 183.6999969482421875 170.78125 159.4375 147.131256103515625
133.100006103515625 141.818756103515625 150.6374969482421875 161.225006103515625 169.1750030517578125 176.46875 181.0437469482421875 181.4250030517578125 177.1062469482421875 176.9375 175.181243896484375 170.943756103515625 167.868743896484375 162.7937469482421875 155.8625030517578125 148.4562530517578125 141.0187530517578125 144.75 154.2937469482421875 166.5625 178 196.09375 217.399993896484375 241.6125030517578125 254.8000030517578125 251.15625 233.2062530517578125 217.3562469482421875 199.6374969482421875 185.75 178.1125030517578125 171.837493896484375 163.25 155.181243896484375 165.9187469482421875 186.9812469482421875 208.0437469482421875 236.0749969482421875 251.962493896484375 234.3000030517578125 215.243743896484375 192.8000030517578125 172.2937469482421875 160.337493896484375
125.19374847412109375 134.1687469482421875 142.6062469482421875 152.462493896484375 159.53125 166.3249969482421875 167.59375 168.756256103515625 166.9499969482421875 166.631256103515625 165.931243896484375 162.96875 156.1687469482421875 149.2312469482421875 142.556243896484375 134.8249969482421875 127.1437530517578125 122.1750030517578125 133.46875 140.9499969482421875 154.493743896484375 172.3625030517578125 197.3249969482421875 222.693756103515625 244.0500030517578125 246.6875 234.6125030517578125 218.087493896484375 198.087493896484375 181.6875 166.068756103515625 158.068756103515625 171.899993896484375 185.1437530517578125 191.5625 217.8625030517578125 245.71875 267.875 271.26873779296875 257.462493896484375 225.6062469482421875 203.868743896484375 183.7312469482421875 171.1750030517578125
117.25624847412109375 125.59999847412109375 133.7062530517578125 142.693756103515625 150.7312469482421875 155.28125 157.6875 158.2312469482421875 161.537506103515625 163.899993896484375 163.03125 154.399993896484375 147.8562469482421875 141.3874969482421875 131.618743896484375 125.78749847412109375 117.5625 110.15625 112.59999847412109375 121.22499847412109375 141.25 172.875 172.068756103515625 198.8249969482421875 221.4499969482421875 238.3874969482421875 233.600006103515625 216.53125 202.837493896484375 178.4875030517578125 161.09375 163.350006103515625 183.3625030517578125 195.212493896484375 207.556243896484375 234.118743896484375 252.618743896484375 262.09375 266.38751220703125 250.46875 229.53125 209.03125 189.818756103515625 175.037506103515625
