data/historical-monthly-weather-data/wc2.1_cruts4.09_10m_prec_2005-10.asc
ncols        45
nrows        45
xllcorner    -63.500000000000
yllcorner    -7.500000000000
cellsize     0.166666666667
NODATA_value -9999
[rows 0 to 18 of 45, columns 0 to 43 of 45]
150.2687530517578125 146.556243896484375 143.662506103515625 143.412506103515625 142.068756103515625 139.943756103515625 135.868743896484375 132.006256103515625 128.118743896484375 125.5749969482421875 124.69374847412109375 123.32500457763671875 121.34375 117.93125152587890625 115.4187469482421875 112.94374847412109375 110.49375152587890625 107.4250030517578125 105.18125152587890625 102.83750152587890625 100.4875030517578125 97.7312469482421875 95.34999847412109375 93.0625 91.1374969482421875 89.63124847412109375 88.4875030517578125 87.7062530517578125 86.86875152587890625 83.38124847412109375 79.7312469482421875 76.1374969482421875 72.7062530517578125 69.43125152587890625 66.5124969482421875 64.96875 63.53749847412109375 62.18125152587890625 62.03125 61.99375152587890625 62.09375 62.96250152587890625 63.40625 63.63124847412109375
147.9875030517578125 144.4250030517578125 143.84375 145.875 147.962493896484375 145.024993896484375 141.25 138.625 136.1875 133.506256103515625 131.15625 128.09375 124.625 120.77500152587890625 117.4187469482421875 114.5812530517578125 111.0187530517578125 108.3562469482421875 106.2624969482421875 104.3937530517578125 101.5812530517578125 99.02500152587890625 96.63124847412109375 94.1437530517578125 91.7624969482421875 89.34999847412109375 88.36875152587890625 87.4812469482421875 86.06874847412109375 81.1750030517578125 76.93125152587890625 73.0500030517578125 69.78749847412109375 66.88124847412109375 63.700000762939453125 61.737499237060546875 60.27500152587890625 58.643749237060546875 58.450000762939453125 58.25624847412109375 58.34375 59.387500762939453125 60.081249237060546875 60.46875
142.912506103515625 140.25 139.5625 141.837493896484375 144.0812530517578125 143.1875 142.368743896484375 142.568756103515625 142.037506103515625 139.899993896484375 136.4812469482421875 131.943756103515625 127.25 122.28125 118.40000152587890625 114.9499969482421875 111.625 108.8625030517578125 106.46875 104.33750152587890625 101.11875152587890625 98.58750152587890625 95.78749847412109375 92.55625152587890625 89.46875 86.8249969482421875 85.6062469482421875 84.6999969482421875 82.6687469482421875 78.1999969482421875 74.2312469482421875 70.1062469482421875 66.78125 63.893749237060546875 60.81874847412109375 58.71250152587890625 56.83750152587890625 55.206249237060546875 55.03749847412109375 54.78749847412109375 54.8125 55.950000762939453125 56.924999237060546875 57.893749237060546875
136.5187530517578125 133.8625030517578125 134.1999969482421875 134.6374969482421875 136.649993896484375 137.90625 140.493743896484375 143.881256103515625 146.59375 145.78125 140.912506103515625 134.506256103515625 128.3000030517578125 122.69374847412109375 119.06874847412109375 115.2624969482421875 111.6875 109.09999847412109375 106.74375152587890625 104.5437469482421875 101.06874847412109375 97.4562530517578125 93.63124847412109375 89.96250152587890625 86.19374847412109375 82.8125 81.4812469482421875 80.33750152587890625 78.50624847412109375 74.31874847412109375 70.49375152587890625 66.84375 63.13124847412109375 59.8125 56.393749237060546875 54.74375152587890625 52.943752288818359375 51.137500762939453125 50.981250762939453125 50.762500762939453125 50.41249847412109375 51.81874847412109375 53.15000152587890625 54.65625
136.125 130.3937530517578125 126.84999847412109375 126.25 128.6125030517578125 132.0437469482421875 136.5625 142.131256103515625 148.7375030517578125 151.3125 144.0500030517578125 134.7687530517578125 127.97499847412109375 122.75 118.8562469482421875 114.90000152587890625 111.61875152587890625 108.2937469482421875 105.5187530517578125 103.03749847412109375 99.6374969482421875 95.3249969482421875 90.96875 86.8937530517578125 82.5437469482421875 78.6875 76.84375 76 74.6687469482421875 70.22499847412109375 66.44374847412109375 62.793750762939453125 59.393749237060546875 56 52.75624847412109375 50.77500152587890625 48.893749237060546875 47.137500762939453125 46.768749237060546875 46.43125152587890625 46.00624847412109375 47.28749847412109375 49.02500152587890625 50.862499237060546875
134.600006103515625 128.8125 122.4562530517578125 117.96875 121.0437469482421875 126.3937530517578125 131.131256103515625 136.5500030517578125 143.375 148.3874969482421875 139.96875 131.09375 125.74375152587890625 121.1437530517578125 117.53125 114.6750030517578125 111.27500152587890625 107.59999847412109375 104.66249847412109375 101.6437530517578125 97.7937469482421875 93.3562469482421875 88.86875152587890625 83.88124847412109375 79.22499847412109375 75.05625152587890625 72.97499847412109375 71.59999847412109375 70.47499847412109375 66.27500152587890625 62.706249237060546875 59.737499237060546875 56.4375 53.38124847412109375 50.46250152587890625 48.90000152587890625 47.375 46.13124847412109375 46.1875 45.456249237060546875 44.268749237060546875 45.46875 46.924999237060546875 48.94374847412109375
135.89373779296875 129.537506103515625 122.7687530517578125 117.22499847412109375 117.77500152587890625 120.6750030517578125 123.6750030517578125 126.1125030517578125 128.3625030517578125 128.6125030517578125 126.8249969482421875 123.78749847412109375 121.28749847412109375 118.69374847412109375 115.9875030517578125 113.8125 111.0812530517578125 106.7624969482421875 102.9562530517578125 99.8625030517578125 95.88124847412109375 91.2937469482421875 86.34375 81.15625 76.24375152587890625 71.7062530517578125 69.61875152587890625 67.8562469482421875 66.00624847412109375 62.481250762939453125 59.206249237060546875 56.25624847412109375 53.25 50.65625 48.22499847412109375 46.768749237060546875 45.612499237060546875 44.74375152587890625 45.325000762939453125 44.012500762939453125 42.5 43.043750762939453125 44.356250762939453125 46.41249847412109375
138.1999969482421875 131.0187530517578125 125.3312530517578125 121.3937530517578125 119.3562469482421875 119.6374969482421875 118.1750030517578125 114.69374847412109375 110.3249969482421875 109.5749969482421875 113.0187530517578125 115 116.0749969482421875 115.61875152587890625 114.6437530517578125 112.97499847412109375 110.6437530517578125 106.02500152587890625 101.8312530517578125 98.5812530517578125 94.41249847412109375 89.40000152587890625 84.0749969482421875 78.72499847412109375 73.4187469482421875 68.33750152587890625 65.7937469482421875 63.53125 61.424999237060546875 57.799999237060546875 55.018749237060546875 52.61875152587890625 50.11875152587890625 47.91249847412109375 45.643749237060546875 44.38124847412109375 43.112499237060546875 42.231250762939453125 41.96250152587890625 40.799999237060546875 39.31874847412109375 39.424999237060546875 40.09375 41.46250152587890625
140.850006103515625 134.5749969482421875 130.0187530517578125 125.93125152587890625 123.1374969482421875 121.1687469482421875 117.6437530517578125 110.83750152587890625 101.90625 98.5437469482421875 104.6999969482421875 109.47499847412109375 112.8000030517578125 113.63124847412109375 113.2937469482421875 112.2375030517578125 110.2062530517578125 106.6374969482421875 103.30625152587890625 99.6062469482421875 94.6999969482421875 89.375 82.93125152587890625 77.46250152587890625 71.3874969482421875 65.59375 62.34375 60.46875 58.34999847412109375 54.856250762939453125 52.52500152587890625 50.456249237060546875 48.018749237060546875 45.862499237060546875 43.706249237060546875 42.825000762939453125 41.893749237060546875 40.768749237060546875 39.93125152587890625 38.799999237060546875 37.28749847412109375 36.71250152587890625 36.78749847412109375 37.00624847412109375
144.087493896484375 138.212493896484375 133.693756103515625 130.34375 127.81874847412109375 125.1999969482421875 120.65000152587890625 113.2937469482421875 105.8312530517578125 102.56874847412109375 104.6875 107.8562469482421875 111.34999847412109375 112.96250152587890625 112.8562469482421875 112.02500152587890625 110.11875152587890625 107.53749847412109375 104.8312530517578125 102.15000152587890625 96.28125 89.80625152587890625 82.34375 75.65625 68.4562530517578125 62.31874847412109375 59.356250762939453125 57.018749237060546875 55.0625 52.13124847412109375 49.80625152587890625 48.137500762939453125 45.987499237060546875 44.16249847412109375 42.43125152587890625 41.625 40.668750762939453125 39.49375152587890625 38.518749237060546875 37 35.3125 34.19374847412109375 33.206249237060546875 32.575000762939453125
147.4875030517578125 141.7624969482421875 137.212493896484375 134.006256103515625 131.71875 130.899993896484375 126.8000030517578125 118.68125152587890625 112.0124969482421875 108.6125030517578125 108.3562469482421875 109.77500152587890625 111.46875 113.22499847412109375 112.9187469482421875 111.6062469482421875 110.11875152587890625 108.18125152587890625 106.33750152587890625 104.3125 98.8874969482421875 90.93125152587890625 82.00624847412109375 73.3312530517578125 66.1999969482421875 60.22499847412109375 57.34375 55.012500762939453125 52.549999237060546875 50.03125 48.106250762939453125 46.63124847412109375 44.75624847412109375 43 41.25624847412109375 40.362499237060546875 39.40000152587890625 37.99375152587890625 36.80625152587890625 35.112499237060546875 33.206249237060546875 31.606250762939453125 30.243749618530273438 28.8125
150.40625 144.631256103515625 140.350006103515625 137.6750030517578125 135.8312530517578125 135.5437469482421875 132.8125 123.97499847412109375 117.8625030517578125 113.875 112.1437530517578125 112.3000030517578125 112.52500152587890625 113.40000152587890625 113.3874969482421875 111.9499969482421875 110.6437530517578125 108.86875152587890625 107.2937469482421875 106.09375 101.6687469482421875 92.8249969482421875 82.53749847412109375 73 64.8562469482421875 58.19374847412109375 55.03749847412109375 53.168750762939453125 51.28125 49.299999237060546875 47.31874847412109375 45.90000152587890625 43.90625 42.21875 40.63124847412109375 39.58750152587890625 38.44374847412109375 37.125 35.625 33.83750152587890625 31.568750381469726562 29.600000381469726562 27.887500762939453125 26.331249237060546875
152.4250030517578125 147.0062408447265625 142.8625030517578125 139.71875 137.6125030517578125 136.3937530517578125 132.3874969482421875 126.2062530517578125 121.1437530517578125 118.1750030517578125 116.1999969482421875 114.78749847412109375 114.18125152587890625 113.0812530517578125 112.72499847412109375 112.0500030517578125 110.4250030517578125 108.9562530517578125 107.52500152587890625 105.8625030517578125 102.05625152587890625 93.21250152587890625 82.1999969482421875 72.52500152587890625 62.362499237060546875 55.331249237060546875 53.643749237060546875 51.950000762939453125 50.49375152587890625 48.6875 46.862499237060546875 45.1875 43.36875152587890625 41.46875 39.93125152587890625 38.981250762939453125 37.793750762939453125 36.66249847412109375 35.268749237060546875 32.91249847412109375 30.518751144409179688 28.59375 26.443750381469726562 23.399999618530273438
153.225006103515625 147.8312530517578125 143.84375 140.399993896484375 137.443756103515625 135.3937530517578125 131.59375 127.2624969482421875 123.8249969482421875 120.88124847412109375 118.6125030517578125 116.34999847412109375 114.5749969482421875 113.1875 111.46875 110.86875152587890625 109.08750152587890625 107.15000152587890625 105.13124847412109375 102.8249969482421875 98.0625 89.6875 80.40625 71.78749847412109375 62.950000762939453125 56.28125 53.91249847412109375 51.856250762939453125 50.049999237060546875 47.93125152587890625 45.99375152587890625 44.53125 42.65625 40.856250762939453125 39.418750762939453125 38.63124847412109375 37.668750762939453125 36.862499237060546875 35.56874847412109375 33.481250762939453125 30.543750762939453125 27.556249618530273438 25.137500762939453125 22.887500762939453125
152.3937530517578125 147.4250030517578125 142.9187469482421875 139.506256103515625 136.3625030517578125 133.912506103515625 131.5187530517578125 128.1687469482421875 124.7624969482421875 122.16249847412109375 119.9562530517578125 117.0812530517578125 114.5625 112.65000152587890625 110.4875030517578125 109.58750152587890625 107.3249969482421875 104.40625 101.53125 99.1125030517578125 94.1374969482421875 87.15625 79.6999969482421875 73.4812469482421875 66.90625 60.581249237060546875 56.862499237060546875 53.625 50.78125 48.018749237060546875 45.75624847412109375 44.043750762939453125 42.18125152587890625 40.71875 39.33750152587890625 38.362499237060546875 37.793750762939453125 37.799999237060546875 37.33750152587890625 34.9375 31.412500381469726562 28.356250762939453125 26.112499237060546875 24.131250381469726562
150.243743896484375 145.2312469482421875 141.1999969482421875 137.993743896484375 134.837493896484375 133.024993896484375 130.818756103515625 127.78749847412109375 125.08750152587890625 122.8874969482421875 120.0749969482421875 116.09375 113.125 110.96250152587890625 109.18125152587890625 107.4250030517578125 104.0187530517578125 100.61875152587890625 97.46250152587890625 94.56874847412109375 89.5437469482421875 84.1999969482421875 79.02500152587890625 75.80625152587890625 70.8312530517578125 64.58750152587890625 60.19374847412109375 55.93125152587890625 51.9375 48.28749847412109375 45.581249237060546875 43.4375 41.393749237060546875 39.981250762939453125 38.41249847412109375 37.200000762939453125 37.612499237060546875 38.15000152587890625 38.5 36.46250152587890625 33.52500152587890625 30.543750762939453125 27.924999237060546875 25.543750762939453125
146.4375 141.975006103515625 139.0437469482421875 136.5 133.537506103515625 131.9375 130.162506103515625 127.6437530517578125 125.28749847412109375 122.44374847412109375 119.27500152587890625 114.68125152587890625 110.625 107.5749969482421875 105.28125 102.90000152587890625 98.6062469482421875 94.8937530517578125 91.97499847412109375 89.46250152587890625 84.80625152587890625 80.6062469482421875 77.66249847412109375 77.2687530517578125 74.6125030517578125 67.46250152587890625 62.65000152587890625 57.28749847412109375 52.21875 48.112499237060546875 45.362499237060546875 43.575000762939453125 40.637500762939453125 38.162502288818359375 36.28125 36.168750762939453125 37.143749237060546875 39.831249237060546875 42.33750152587890625 39.53749847412109375 36.125 32.9375 29.75 27.362499237060546875
141.600006103515625 137.837493896484375 135.837493896484375 133.649993896484375 131.2062530517578125 130.256256103515625 128.806243896484375 126.34375 123.99375152587890625 121.4187469482421875 118.28125 112.7937469482421875 107.75 103.3562469482421875 100.1750030517578125 96.83750152587890625 92.5437469482421875 88.65000152587890625 86.41249847412109375 84.05625152587890625 79.99375152587890625 76.53749847412109375 74.49375152587890625 75.36875152587890625 73.9562530517578125 68.6125030517578125 64.7687530517578125 58.86875152587890625 52.80625152587890625 47.875 44.700000762939453125 42.8125 40.856250762939453125 39.08750152587890625 36.168750762939453125 33.606250762939453125 36.49375152587890625 40.1875 42.03749847412109375 40.950000762939453125 37.918750762939453125 34.93125152587890625 31.768749237060546875 29.274999618530273438
135.681243896484375 133.4187469482421875 132.25 130.868743896484375 129.28125 128.368743896484375 127 124.96250152587890625 123.40000152587890625 120.46875 116.3625030517578125 110.50624847412109375 104.3249969482421875 98.77500152587890625 94.93125152587890625 91.7687530517578125 87.6125030517578125 83.50624847412109375 81.41249847412109375 79.01874542236328125 75.1999969482421875 73.25624847412109375 70.24375152587890625 71.2624969482421875 70.61875152587890625 67.93125152587890625 64.44374847412109375 59.206249237060546875 53.668750762939453125 48.08750152587890625 43.987499237060546875 43.6875 43.90625 41.75624847412109375 38.93125152587890625 37.02500152587890625 38.33750152587890625 40.362499237060546875 41.56874847412109375 41.0625 39.00624847412109375 37.21250152587890625 33.90625 31.3125
