data/historical-monthly-weather-data/wc2.1_cruts4.09_10m_prec_2003-08.asc
ncols        45
nrows        45
xllcorner    -63.500000000000
yllcorner    -7.500000000000
cellsize     0.166666666667
NODATA_value -9999
[rows 19 to 37 of 45, columns 0 to 43 of 45]
168.4812469482421875 174.193756103515625 176.868743896484375 180.7062530517578125 182.15625 181.649993896484375 178.787506103515625 174.4250030517578125 171.5187530517578125 165.2687530517578125 157.743743896484375 149.024993896484375 135.2687530517578125 121.3937530517578125 110.4375 99.3249969482421875 85.90000152587890625 82.8249969482421875 83.65000152587890625 89.41249847412109375 92.66249847412109375 100.96250152587890625 117.8312530517578125 135.4187469482421875 150.306243896484375 159.2624969482421875 162.024993896484375 158.9812469482421875 150.6125030517578125 134.0124969482421875 127.24375152587890625 142.6125030517578125 154.506256103515625 168.975006103515625 185.8125 203.274993896484375 218.3125 231.787506103515625 233.056243896484375 224.9375 207.693756103515625 193.024993896484375 182.1750030517578125 171.6999969482421875
152.5 161.975006103515625 168.243743896484375 172.71875 172.5749969482421875 172.256256103515625 171.8249969482421875 169.818756103515625 168.1687469482421875 162.631256103515625 156.9812469482421875 150.631256103515625 136.6750030517578125 122.2937469482421875 109.56874847412109375 98.4250030517578125 87.40000152587890625 81.125 83.77500152587890625 87.34375 96.0500030517578125 107.47499847412109375 121.1125030517578125 139.087493896484375 157.8625030517578125 164.4499969482421875 159.84375 156.5437469482421875 152.71875 147.837493896484375 146.868743896484375 154.693756103515625 160.774993896484375 169.4375 185.6875 201.506256103515625 219.6125030517578125 232.318756103515625 230.568756103515625 224 208.681243896484375 196.6875 186.9187469482421875 174.7687530517578125
142.25 149.274993896484375 156.65625 163.71875 166.7375030517578125 165.6125030517578125 167.3499908447265625 164.5124969482421875 164.5812530517578125 159.71875 157.850006103515625 156.5187530517578125 151.1875 137.7937469482421875 123.09375 107.27500152587890625 99.0187530517578125 93.3000030517578125 93.34999847412109375 96.2624969482421875 99.24375152587890625 108.30625152587890625 121.65000152587890625 137.662506103515625 151.9187469482421875 161.131256103515625 169.34375 165.600006103515625 164.225006103515625 159.03125 156.318756103515625 157.7062530517578125 162.5124969482421875 170.9499969482421875 178.5437469482421875 193.9499969482421875 214.96875 231.9499969482421875 232.3874969482421875 224.2687530517578125 210.25 197.8874969482421875 185.125 177.649993896484375
132.6999969482421875 143.9187469482421875 153 158.350006103515625 162.8125 162.649993896484375 160.375 157.431243896484375 160.225006103515625 161.90625 164.899993896484375 167.59375 167.9812469482421875 156.2750091552734375 137.912506103515625 120.5812530517578125 108.03749847412109375 102.2312469482421875 100.8625030517578125 101.4250030517578125 104.96875 113.25624847412109375 124.2312469482421875 132.7624969482421875 148.9375 162.7312469482421875 170.556243896484375 173.037506103515625 169.65625 160.899993896484375 156.8562469482421875 158.350006103515625 162.4562530517578125 166.1999969482421875 170.4812469482421875 177.337493896484375 197.25 223.5625 230.162506103515625 221 210.2062530517578125 196.162506103515625 183.837493896484375 175.59375
125.6999969482421875 137.9562530517578125 148.431243896484375 151.0187530517578125 154.0749969482421875 155.21875 156.3625030517578125 157.149993896484375 155.6687469482421875 160.03125 165.09375 174.837493896484375 179.087493896484375 166.337493896484375 148.462493896484375 131.6125030517578125 119.2624969482421875 112.1437530517578125 109 109.3312530517578125 112.5437469482421875 119.0437469482421875 125.9499969482421875 136.3125 148.462493896484375 157.8874969482421875 168.7312469482421875 167.4812469482421875 166.5749969482421875 161.09375 158.0625 157.462493896484375 161.4250030517578125 161.4187469482421875 163.818756103515625 166.8874969482421875 183.0625 208.4875030517578125 217.625 211.28125 201.5124969482421875 190.256256103515625 178.3937530517578125 169.0187530517578125
121.3874969482421875 132.1875 141.6999969482421875 147.868743896484375 152.2624969482421875 152.6374969482421875 152.537506103515625 154.1437530517578125 155.8312530517578125 160.337493896484375 163.6062469482421875 169.506256103515625 172.6750030517578125 164.212493896484375 150.806243896484375 137.96875 127.40000152587890625 119.8874969482421875 115.9250030517578125 115.61875152587890625 118.6125030517578125 122.80625152587890625 128.462493896484375 137.21875 144.9875030517578125 155.774993896484375 160.1624908447265625 160.443756103515625 160.3625030517578125 157.287506103515625 153.8874969482421875 152.431243896484375 156.71875 160.59375 162.6125030517578125 165.2062530517578125 178.9562530517578125 192.71875 199.9562530517578125 198.8312530517578125 191.899993896484375 184.0749969482421875 174.5500030517578125 166.993743896484375
120.5437469482421875 130.0124969482421875 135.475006103515625 143.5 146.149993896484375 147.09375 147.756256103515625 151.34375 150.96875 153 156.7375030517578125 160.837493896484375 162.46875 155.274993896484375 147.8312530517578125 137.600006103515625 129.881256103515625 124.36875152587890625 119.4375 119.86875152587890625 122.875 125.27500152587890625 130.8562469482421875 135.6062469482421875 141.2750091552734375 148.743743896484375 153.3312530517578125 154.006256103515625 155.212493896484375 153.7062530517578125 150.087493896484375 149.09375 152.243743896484375 156.225006103515625 158.9499969482421875 165.21875 174.743743896484375 181.84375 188.59375 185.9187469482421875 182.162506103515625 176 170.0500030517578125 165.2249908447265625
122.0749969482421875 127.9875030517578125 133.65625 138.850006103515625 141.4562530517578125 142.274993896484375 144.837493896484375 145.8625030517578125 144.3000030517578125 148.5187530517578125 152.71875 152.537506103515625 152.4562530517578125 148.1437530517578125 143.774993896484375 136.3249969482421875 130.9312591552734375 125.4812469482421875 122.3312530517578125 120.0812530517578125 120.3000030517578125 123.46250152587890625 126.43125152587890625 132.21875 136.625 139.2312469482421875 144.756256103515625 146.0749969482421875 146.243743896484375 143.931243896484375 143.0812530517578125 140.9812469482421875 146.2937469482421875 151.4812469482421875 153.931243896484375 160.2062530517578125 165.2937469482421875 171.993743896484375 174.53125 172.443756103515625 169.443756103515625 165.7624969482421875 165.225006103515625 159.53125
126.09375 125.9812469482421875 130.59375 134.712493896484375 137.59375 136.8937530517578125 138.7937469482421875 140.212493896484375 140.712493896484375 143.4875030517578125 144.162506103515625 143.4812469482421875 143.350006103515625 142.100006103515625 137.5437469482421875 133.100006103515625 130.21875 125.4875030517578125 122.49375152587890625 119.5625 119.59999847412109375 118.7375030517578125 122.94374847412109375 127.02500152587890625 129.462493896484375 129.943756103515625 134.537506103515625 137.068756103515625 138.181243896484375 136.8874969482421875 134.725006103515625 132.787506103515625 138.6875 143.25 149.712493896484375 153.5500030517578125 156.3874969482421875 161.350006103515625 164.8125 164.9875030517578125 162.125 161.46875 161.5625 162.6687469482421875
126.125 127.66249847412109375 128.875 131.4562530517578125 130.6062469482421875 130.2687530517578125 130.381256103515625 130.225006103515625 134.2375030517578125 135.1437530517578125 135.931243896484375 135.0625 134.7937469482421875 134.912506103515625 132.4375 129.381256103515625 128.587493896484375 125.19374847412109375 121.99375152587890625 119.55625152587890625 118.43125152587890625 117.0187530517578125 118.99375152587890625 120.43125152587890625 122.68125152587890625 121.66249847412109375 125.88124847412109375 127.46875 128.0187530517578125 127.19374847412109375 125.28749847412109375 124.96250152587890625 129.2687530517578125 133.5 140.787506103515625 147.5749969482421875 152.0625 156.943756103515625 160.337493896484375 158.975006103515625 153.774993896484375 154.306243896484375 157.2687530517578125 162.662506103515625
126.31874847412109375 127.65625 127.2312469482421875 125.5187530517578125 124.8000030517578125 124.6125030517578125 123.68125152587890625 125.25624847412109375 126.78749847412109375 126.66249847412109375 128.037506103515625 128.2687530517578125 127.96250152587890625 127.44374847412109375 126.0625 124.15000152587890625 122.50624847412109375 122.0437469482421875 121.8562469482421875 117.375 115.25624847412109375 115.09999847412109375 116.2062530517578125 115.78125 115.33750152587890625 115.94374847412109375 116.53125 117.05625152587890625 115.02500152587890625 114.5812530517578125 114.56874847412109375 115.97499847412109375 120.55625152587890625 126.25 133.631256103515625 138.75 147.587493896484375 154.1750030517578125 155.9812469482421875 158.9812469482421875 158.381256103515625 157.4812469482421875 155.274993896484375 157.806243896484375
126.125 125.0187530517578125 121.43125152587890625 120.6062469482421875 122.18125152587890625 120.5 119.78125 118.7687530517578125 118.8562469482421875 118.6374969482421875 118.75 121.47499847412109375 123.40000152587890625 122.9812469482421875 119.8874969482421875 118.46250152587890625 119.4562530517578125 119.53125 120.33750152587890625 117.6437530517578125 114.44374847412109375 110.5187530517578125 110.00624847412109375 108.80625152587890625 107.19374847412109375 107.53749847412109375 105.7937469482421875 106.21875 105.2687530517578125 105.9562530517578125 107.34375 108.4187469482421875 112.47499847412109375 118.75624847412109375 128.149993896484375 133.087493896484375 141.4187469482421875 148.8312530517578125 154.850006103515625 161.6374969482421875 161.774993896484375 155.2687530517578125 150.4375 154.5812530517578125
124.8125 123.0625 118.55625152587890625 116.43125152587890625 117.71875 115.75624847412109375 113.94374847412109375 111.19374847412109375 111.5 111.7624969482421875 111.84375 113.58750152587890625 114.1687469482421875 115.3625030517578125 114.1750030517578125 116.06874847412109375 116.13124847412109375 115.6437530517578125 114.8625030517578125 113.4812469482421875 110.71250152587890625 108.97499847412109375 105.6687469482421875 101.34375 99.6875 98.7312469482421875 96.8125 96.7312469482421875 95.1374969482421875 95.8312530517578125 98.58750152587890625 99.7624969482421875 104.53125 111.84375 117.7624969482421875 122.53749847412109375 130.912506103515625 139.4562530517578125 146.71875 153.806243896484375 154.493743896484375 148.2062530517578125 146.0562591552734375 145.662506103515625
120.0625 117.15000152587890625 113.75 112.4812469482421875 111.0625 108.44374847412109375 107.6750030517578125 105.8937530517578125 104.55625152587890625 105.18125152587890625 107.22499847412109375 106.83750152587890625 106.72499847412109375 109.1062469482421875 108.375 110.4375 110.5500030517578125 110.69374847412109375 109.36875152587890625 107.6999969482421875 104.75 102.1125030517578125 99.3312530517578125 97.69374847412109375 95.8125 93.1437530517578125 91.3125 88.2375030517578125 87.15625 87.19374847412109375 89.5124969482421875 90.31874847412109375 94.8937530517578125 100.90625 106.86875152587890625 111.625 119.2624969482421875 126.4250030517578125 132.806243896484375 138.993743896484375 139.1687469482421875 136.1875 134.1687469482421875 132.462493896484375
114.8625030517578125 113.3874969482421875 109.9499969482421875 109.6750030517578125 104.59375 103.02500152587890625 102.96875 101.2687530517578125 99.15000152587890625 98.19374847412109375 98.3874969482421875 99.3937530517578125 101.05625152587890625 99.8312530517578125 101.125 101.71250152587890625 103.5124969482421875 102.5187530517578125 100.72499847412109375 100.03749847412109375 97.9187469482421875 95.50624847412109375 93.625 91.16249847412109375 90.24375152587890625 88.3562469482421875 85.9187469482421875 82.15625 81.6750030517578125 81.84375 82.63124847412109375 82.5812530517578125 85.5500030517578125 89.7937469482421875 95.9375 100.58750152587890625 107.3874969482421875 113.1125030517578125 118.6125030517578125 121.875 125.28125 124.58750152587890625 122.46250152587890625 119.9499969482421875
111.02500152587890625 108.8249969482421875 106.34375 103.56874847412109375 100.53125 98.84999847412109375 97.9375 96.4187469482421875 92.34999847412109375 91.6875 91.24375152587890625 93.3249969482421875 93.43125152587890625 94.3874969482421875 95.28749847412109375 96.6687469482421875 97.8562469482421875 96.40625 94.5187530517578125 93.7062530517578125 92.03749847412109375 89.3312530517578125 86.59999847412109375 85.2687530517578125 83.7624969482421875 82.7375030517578125 80.06874847412109375 76.7062530517578125 76.18125152587890625 76.22499847412109375 74.9499969482421875 73.7062530517578125 76.4812469482421875 79.6999969482421875 84.4812469482421875 88.6875 93.1437530517578125 99.50624847412109375 104.6875 107.5437469482421875 109.13124847412109375 109.05625152587890625 109.09375 107.6687469482421875
106.71250152587890625 105.53749847412109375 102.5437469482421875 99.7687530517578125 97.6374969482421875 94.5 92.46250152587890625 89.59999847412109375 86.5124969482421875 86.05625152587890625 87.09375 87.71250152587890625 89.11875152587890625 89.6062469482421875 90.34999847412109375 91.8625030517578125 91.4562530517578125 90.9375 87.9250030517578125 86.49375152587890625 85.4375 84.75624847412109375 81.8562469482421875 80.59999847412109375 78.38124847412109375 76.3874969482421875 73.68125152587890625 72.7062530517578125 70.59999847412109375 69.1999969482421875 67.43125152587890625 65.9812469482421875 66.44374847412109375 69.99375152587890625 73.15000152587890625 75.4375 80.90000152587890625 86.4562530517578125 89.4375 93.3125 95.0812530517578125 97.15000152587890625 95.625 95.30625152587890625
99.59375 98.9499969482421875 96.4375 95.0500030517578125 93.59375 91.05625152587890625 88.83750152587890625 86.7687530517578125 82.7687530517578125 80.4375 83.8562469482421875 87.0187530517578125 88.25624847412109375 87.24375152587890625 87.9187469482421875 87 85.8562469482421875 84.3249969482421875 82.125 79.7062530517578125 78.8937530517578125 78.4499969482421875 76.40625 75.47499847412109375 73.8937530517578125 70.68125152587890625 69.05625152587890625 67.7312469482421875 64.5 62.700000762939453125 61.03125 58.625 59.393749237060546875 61.03125 63.40000152587890625 65.9250030517578125 70.5187530517578125 75.9375 78.22499847412109375 81.63124847412109375 82.91249847412109375 84.88124847412109375 83.78125 84.19374847412109375
94.5 94.6999969482421875 92 92.28125 91.7062530517578125 88.63124847412109375 86.18125152587890625 83.625 81.27500152587890625 78.5625 86.1687469482421875 89.27500152587890625 87.03749847412109375 86.3937530517578125 86.49375152587890625 84.21250152587890625 81.11875152587890625 78.2937469482421875 77.41249847412109375 74.83750152587890625 73.86875152587890625 72.52500152587890625 71 70.0625 68.69374847412109375 66.7062530517578125 65.3874969482421875 64.2375030517578125 61.862499237060546875 58.981250762939453125 55.78749847412109375 54.03749847412109375 55.00624847412109375 54.49375152587890625 55.36875152587890625 57 62.41249847412109375 67.7624969482421875 70.4499969482421875 73.4499969482421875 72.05625152587890625 72.28125 72.15000152587890625 72.29999542236328125
