data/historical-monthly-weather-data/wc2.1_cruts4.09_10m_prec_1951-10.asc
ncols        51
nrows        45
xllcorner    -63.500000000000
yllcorner    -7.500000000000
cellsize     0.166666666667
NODATA_value -9999
[rows 20 to 39 of 45, columns 0 to 43 of 51]
138.931243896484375 143.837493896484375 149.3937530517578125 154.5749969482421875 159.1687469482421875 162.6125030517578125 165.618743896484375 166.8062591552734375 165.5687408447265625 161.5250091552734375 155.6999969482421875 147.806243896484375 140.100006103515625 132.125 127.75624847412109375 124.0124969482421875 120.03749847412109375 118.28125 119.58750152587890625 120.63124847412109375 124.8625030517578125 130.8625030517578125 137.337493896484375 144.337493896484375 150.3625030517578125 152.962493896484375 150.8000030517578125 143.806243896484375 136.287506103515625 129.962493896484375 125.81874847412109375 126.53125 129.53125 134.4187469482421875 139.712493896484375 135.375 130.0812530517578125 128.3625030517578125 126.9250030517578125 125.47499847412109375 123.06874847412109375 118.1062469482421875 110.5500030517578125 103.15000152587890625
133.2062530517578125 140.3000030517578125 147.381256103515625 153.931243896484375 160.1062469482421875 164.787506103515625 168.462493896484375 170.8562469482421875 170.7375030517578125 166.1875 159.056243896484375 150.3812408447265625 142.1750030517578125 135.162506103515625 130.056243896484375 126.2624969482421875 123.22499847412109375 121.69374847412109375 121.90625 123.0437469482421875 125.40625 130.09375 136.25 142.056243896484375 146.568756103515625 149.4562530517578125 149.931243896484375 146.806243896484375 143.5812530517578125 140.34375 138 138.375 140.8312530517578125 145.212493896484375 147.712493896484375 144.9375 139.4250030517578125 135.09375 131.8937530517578125 129.787506103515625 126.91249847412109375 122.125 116.1437530517578125 109.2687530517578125
129.71875 139.0187530517578125 147.4187469482421875 154.943756103515625 161.15625 166.3125 170.912506103515625 175.006256103515625 177.100006103515625 171.0812530517578125 162.71875 152.8874969482421875 145.193756103515625 139.1999969482421875 133.850006103515625 129.6374969482421875 126.47499847412109375 125.53125 125.1750030517578125 125.50624847412109375 128.0187530517578125 131.0625 135.2624969482421875 140.53125 144.4812469482421875 146 148.34375 149.837493896484375 148.875 148.0812530517578125 148.381256103515625 149.881256103515625 151.399993896484375 154.4562530517578125 155.6999969482421875 152.475006103515625 147.1437530517578125 141.2062530517578125 137.2312469482421875 136.1750030517578125 133.818756103515625 129.1750030517578125 123.43125152587890625 116.5437469482421875
128.975006103515625 139.725006103515625 149.725006103515625 156.5187530517578125 162.40625 167.381256103515625 171.5437469482421875 175.9499969482421875 177.556243896484375 172.2062530517578125 163.537506103515625 155.03125 148.03125 142.412506103515625 137.7375030517578125 133.681243896484375 130.850006103515625 129.6125030517578125 128.837493896484375 128.537506103515625 130.7687530517578125 133.774993896484375 136.306243896484375 140.4499969482421875 143.34375 143.600006103515625 144.7062530517578125 148.943756103515625 152.443756103515625 154.25 156.056243896484375 158.1062469482421875 160.0124969482421875 162.1374969482421875 163.368743896484375 161.506256103515625 157.100006103515625 151.09375 147.506256103515625 145.4499969482421875 142.868743896484375 138.1125030517578125 131.881256103515625 124.31874847412109375
132.631256103515625 142.8312530517578125 153.15625 158.4875030517578125 163.625 167.787506103515625 170.9875030517578125 173.59375 173.993743896484375 170.6374969482421875 164.743743896484375 157.6374969482421875 151.7062530517578125 146.6750030517578125 142.1437530517578125 138.6374969482421875 135.725006103515625 134.3125 133.193756103515625 132.7062530517578125 134.337493896484375 135.78125 138.306243896484375 141.6875 144.600006103515625 146.9562530517578125 148.693756103515625 152.649993896484375 156.837493896484375 159.5625 161.818756103515625 163.443756103515625 166.693756103515625 168.850006103515625 170.693756103515625 169.0812530517578125 166.9812469482421875 164.1437530517578125 160.1875 158 154.9562530517578125 149.3249969482421875 142.3125 135.1374969482421875
137.96875 146.2687530517578125 153.212493896484375 159.243743896484375 163.65625 166.875 169.225006103515625 170.8874969482421875 171.399993896484375 169.78125 164.537506103515625 159.625 154.6374969482421875 150.306243896484375 146.78125 143.4812469482421875 141.0187530517578125 139.1875 137.9812469482421875 137.131256103515625 138.337493896484375 139.1687469482421875 141.037506103515625 144.5437469482421875 148.068756103515625 151.40625 154.40625 157.743743896484375 161.5812530517578125 164.649993896484375 165.9250030517578125 168.8312530517578125 172.9812469482421875 175.537506103515625 178.524993896484375 178.1374969482421875 177.53125 177.03125 174.125 171.8312530517578125 168.8312530517578125 162.875 154.96875 147.46875
144.431243896484375 148.618743896484375 153.693756103515625 158.2312469482421875 161.712493896484375 164.931243896484375 166.912506103515625 168.350006103515625 168.368743896484375 166.65625 164.350006103515625 161.0749969482421875 157.5625 154.3249969482421875 150.9562530517578125 148.3562469482421875 145.4437408447265625 144.037506103515625 142.53125 141.368743896484375 142.287506103515625 142.6374969482421875 143.7937469482421875 148.524993896484375 151.818756103515625 155.4562530517578125 158.46875 161.8125 165.8000030517578125 168.399993896484375 170.875 172.7937469482421875 178.21875 182.537506103515625 185.96875 187.556243896484375 188.899993896484375 190.0500030517578125 188.8312530517578125 188.3312530517578125 186.1750030517578125 180.5124969482421875 172.6374969482421875 164.337493896484375
150.443756103515625 151.8625030517578125 154.90625 157.9812469482421875 160.243743896484375 162.881256103515625 165.162506103515625 166.0500030517578125 165.9812469482421875 165.350006103515625 163.649993896484375 161.774993896484375 160.149993896484375 157.537506103515625 154.9937591552734375 152.725006103515625 150.6750030517578125 148.524993896484375 147.1999969482421875 146.46875 146.4499969482421875 146.318756103515625 147.7687530517578125 151.7312469482421875 155.2687530517578125 159.3000030517578125 162.9499969482421875 166.625 169.587493896484375 171.931243896484375 173.6999969482421875 176.3125 182.787506103515625 188.3562469482421875 194.274993896484375 196.90625 199.3125 203.4124908447265625 203.412506103515625 205.09375 206.5 200.1999969482421875 190.256256103515625 182.8249969482421875
156.149993896484375 155.4875030517578125 156.2375030517578125 158.03125 159.25 160.774993896484375 162.193756103515625 163.3874969482421875 163.8312530517578125 164.2687530517578125 163.9562530517578125 163.243743896484375 162.443756103515625 160.75 159.087493896484375 157.149993896484375 155.662506103515625 153.59375 151.9875030517578125 151.09375 150.3874969482421875 150.131256103515625 151.0437469482421875 154.743743896484375 158.3312530517578125 162.7687530517578125 166.568756103515625 170.1875 174.1812591552734375 175.8562469482421875 176.743743896484375 179.3874969482421875 186.8625030517578125 193.9250030517578125 201.193756103515625 205.8000030517578125 209.8937530517578125 214.725006103515625 215.40625 218.256256103515625 222.162506103515625 215.8562469482421875 205.9812469482421875 201.21875
160.131256103515625 158.1062469482421875 157.443756103515625 157.0749969482421875 157.537506103515625 158.056243896484375 159.5437469482421875 161.243743896484375 162.774993896484375 163.337493896484375 164.4250030517578125 164.25 164.8000030517578125 164.274993896484375 162.8874969482421875 161.8625030517578125 159.962493896484375 158.662506103515625 156.725006103515625 154.725006103515625 154.149993896484375 153.6687469482421875 153.7624969482421875 156.681243896484375 160.53125 165.506256103515625 169.149993896484375 172.4499969482421875 175.649993896484375 177.774993896484375 179.943756103515625 183.0625 191.0812530517578125 199.7375030517578125 207.712493896484375 213.5625 218.868743896484375 225.4812469482421875 224.875 226.631256103515625 230.524993896484375 229.4812469482421875 223.7624969482421875 222.6999969482421875
163.287506103515625 159.8312530517578125 158.2937469482421875 156.0437469482421875 155.649993896484375 156.931243896484375 158.1750030517578125 159.8937530517578125 161.46875 162.5749969482421875 164.743743896484375 166.037506103515625 168 168.475006103515625 167.006256103515625 166.306243896484375 165.375 163.3874969482421875 161.193756103515625 159.2937469482421875 157.78125 156.912506103515625 156.649993896484375 159.125 162.7937469482421875 167.0187530517578125 170.5749969482421875 173.78125 176.75 179.3562469482421875 182.7687530517578125 186.6999969482421875 195.506256103515625 205.399993896484375 214.475006103515625 220.6687469482421875 227.6687469482421875 235.6062469482421875 234.256256103515625 230.5187530517578125 235.600006103515625 240.149993896484375 241.024993896484375 240.875
165.03125 160.6062469482421875 157.524993896484375 155.5124969482421875 155.5124969482421875 155.4250030517578125 156.412506103515625 158.162506103515625 160.1062469482421875 162.024993896484375 164.618743896484375 167.3874969482421875 169.7937469482421875 171.681243896484375 171.6750030517578125 171.25 169.7937469482421875 166.9812469482421875 165.5500030517578125 163.46875 161.431243896484375 159.8874969482421875 159.243743896484375 161.1062469482421875 164.5437469482421875 168.0625 171.412506103515625 174.631256103515625 177.462493896484375 181.256256103515625 185.375 189.649993896484375 199.4812469482421875 210.84375 220.15625 227.9499969482421875 236.4375 245.1687469482421875 242.96875 241.65625 248.806243896484375 255.8625030517578125 258.625 261.568756103515625
166.0625 161.2375030517578125 157.9187469482421875 156.0437469482421875 154.78125 154.25 154.4562530517578125 155.368743896484375 157.3562469482421875 160.125 165.6999969482421875 168.8000030517578125 172.9499969482421875 176.7375030517578125 176.78125 175.8249969482421875 173.7062530517578125 171.0812530517578125 169.0749969482421875 166.8874969482421875 164.4562530517578125 162.5 161.118743896484375 162.8874969482421875 165.443756103515625 168.25 171.381256103515625 174.1062469482421875 177.1125030517578125 182.600006103515625 187.725006103515625 193.274993896484375 202.34375 214.493743896484375 226.4375 237.100006103515625 246.1374969482421875 253.993743896484375 254.90625 260.375 269.243743896484375 276.212493896484375 281.506256103515625 286.01251220703125
165.7062530517578125 161.4187469482421875 158.537506103515625 156.4499969482421875 153.8000030517578125 152.9250030517578125 152.4499969482421875 152.787506103515625 154.15625 157.65625 163.006256103515625 169.6437530517578125 176.8937530517578125 180.493743896484375 181.3000030517578125 180.037506103515625 177.875 175.3625030517578125 172.2687530517578125 170.3562469482421875 167.462493896484375 164.9250030517578125 163.149993896484375 163.53125 165.78125 167.96875 170.3937530517578125 172.975006103515625 176.4250030517578125 182.850006103515625 189.7937469482421875 197.0749969482421875 207.8874969482421875 219.399993896484375 233.0625 244.6999969482421875 254.4187469482421875 263.48126220703125 269.100006103515625 278.15625 287 295.375 304.57501220703125 312.131256103515625
165.256256103515625 161.78125 158.243743896484375 155.993743896484375 152.96875 151.556243896484375 150.318756103515625 150.25 150.59375 154.125 160.8249969482421875 169.71875 179.493743896484375 185.881256103515625 185.225006103515625 183.8000030517578125 181.8000030517578125 178.9562530517578125 175.8937530517578125 172.9875030517578125 170.100006103515625 166.84375 164.5812530517578125 163.993743896484375 165.350006103515625 166.899993896484375 169.4562530517578125 172.493743896484375 175.993743896484375 183.131256103515625 191 200.037506103515625 211.806243896484375 225.0812530517578125 238.337493896484375 249.6750030517578125 260.25 272.931243896484375 281.475006103515625 291.51873779296875 302.0625 310.71875 321.90625 331.26251220703125
164.5500030517578125 161.3125 158.568756103515625 155.618743896484375 152.71875 151.181243896484375 149.0625 147.84375 147.350006103515625 149.568756103515625 157.1125030517578125 167.587493896484375 179.4562530517578125 186.8000030517578125 187.375 186.1437530517578125 184.0625 181.5437469482421875 178.5437469482421875 175.256256103515625 172.381256103515625 169.3562469482421875 165.8249969482421875 164.837493896484375 165.243743896484375 165.774993896484375 167.868743896484375 170.7624969482421875 174.243743896484375 182.568756103515625 191.225006103515625 200.931243896484375 213.1750030517578125 227.5625 240.056243896484375 250.375 264.13751220703125 275.98126220703125 285.48126220703125 295.71875 307.443756103515625 317.10626220703125 325.100006103515625 335.743743896484375
163.931243896484375 161.0812530517578125 158.5124969482421875 155.8312530517578125 153.09375 150.84375 148.1374969482421875 145.912506103515625 144.100006103515625 143.618743896484375 152.3874969482421875 167.431243896484375 178.5187530517578125 185.193756103515625 187.475006103515625 187.5500030517578125 185.71875 183.443756103515625 180.0500030517578125 176.4375 173.3562469482421875 169.9562530517578125 166.899993896484375 164.962493896484375 164.2687530517578125 164.3125 165.962493896484375 168.71875 172.625 181.5687408447265625 191.462493896484375 201.125 215.09375 229.725006103515625 241.1687469482421875 253.475006103515625 266.33123779296875 279.318756103515625 288.85626220703125 298.42498779296875 309.59375 317.01873779296875 326.556243896484375 338.149993896484375
163.243743896484375 160.8874969482421875 158.3562469482421875 156 153.649993896484375 151.181243896484375 149.149993896484375 146.725006103515625 144.9875030517578125 142.693756103515625 155.975006103515625 171.2062530517578125 179.756256103515625 185.899993896484375 188.15625 188.65625 187.037506103515625 184.6437530517578125 181.5 177.4250030517578125 173.7937469482421875 169.5749969482421875 166.256256103515625 163.6687469482421875 162.9499969482421875 162.649993896484375 163.78125 166.4187469482421875 170.3249969482421875 180.15625 189.875 200.8625030517578125 215.287506103515625 229.350006103515625 242.2062530517578125 253.2062530517578125 266.881256103515625 278.76251220703125 289.975006103515625 300.4375 308.35626220703125 317.125 324.493743896484375 333.931243896484375
161.818756103515625 159.59375 157.912506103515625 155.975006103515625 153.96875 152.087493896484375 150.662506103515625 150.631256103515625 151.693756103515625 157.9375 172.118743896484375 178.712493896484375 182.7062530517578125 186.875 189.34375 190.0875091552734375 188.75 185.9812469482421875 181.8937530517578125 178.1437530517578125 173.1437530517578125 168.4375 165.0625 162.4812469482421875 161.0124969482421875 161.1374969482421875 162.90625 165.875 169.431243896484375 178.399993896484375 188.681243896484375 198.8125 211.2062530517578125 223.725006103515625 237.3562469482421875 249.381256103515625 260.274993896484375 271.75 282.125 288.35626220703125 296.61248779296875 303.96875 309.26251220703125 316.899993896484375
160.6125030517578125 158.725006103515625 157.71875 156.5 154.725006103515625 154.2062530517578125 153.4562530517578125 155.2437591552734375 158.5812530517578125 165.6999969482421875 174.625 181.381256103515625 185.850006103515625 188.881256103515625 191.3312530517578125 191.618743896484375 190.6437530517578125 187.6875 182.850006103515625 177.837493896484375 172.243743896484375 166.875 162.743743896484375 160.2624969482421875 159.7312469482421875 159.712493896484375 161.6750030517578125 165.068756103515625 168.837493896484375 177.1750030517578125 186.0625 196.2062530517578125 209.0124969482421875 220.318756103515625 233.118743896484375 243.1374969482421875 252.15625 262.23748779296875 271.83123779296875 275.48126220703125 281.34375 287.899993896484375 291.756256103515625 297.33123779296875
