data/historical-monthly-weather-data/wc2.1_cruts4.09_10m_prec_1983-12.asc
ncols        51
nrows        45
xllcorner    -63.500000000000
yllcorner    -7.500000000000
cellsize     0.166666666667
NODATA_value -9999
[rows 0 to 19 of 45, columns 0 to 44 of 51]
189.462493896484375 183.7937469482421875 175.056243896484375 168.662506103515625 160.9187469482421875 154.5625 147.662506103515625 140.056243896484375 134.431243896484375 129.6062469482421875 126.97499847412109375 124.6750030517578125 123.38124847412109375 120.78125 119 117.38124847412109375 116.18125152587890625 113.96875 112.97499847412109375 112.2375030517578125 113.3249969482421875 114.25624847412109375 115.15000152587890625 115.6999969482421875 116.125 116.24375152587890625 117.05625152587890625 117.96250152587890625 118.71875 118.2062530517578125 116.7687530517578125 115.9499969482421875 114.70000457763671875 113.0625 111.63124847412109375 114.24375152587890625 116.28125 118.5187530517578125 122.2062530517578125 126.56874847412109375 130.5500030517578125 133.9187469482421875 137.1374969482421875 139.399993896484375 142.5187530517578125
192.7375030517578125 187.2624969482421875 181.9250030517578125 177.59375 172.75 166.03125 158.412506103515625 152.9875030517578125 149.1687469482421875 145.225006103515625 142.131256103515625 138.837493896484375 136.9375 134.618743896484375 132.100006103515625 129.9812469482421875 128.274993896484375 126.3000030517578125 124.7937469482421875 124.65000152587890625 125.48125457763671875 126.2687530517578125 127.66249847412109375 127.8937530517578125 127.88124847412109375 127.6062469482421875 127.49375152587890625 127.19374847412109375 126.83750152587890625 126.33750152587890625 124.6875 123.77500152587890625 121.8000030517578125 120.34375 119.71875 121.6750030517578125 125.9562530517578125 129.6437530517578125 133.5187530517578125 138.1999969482421875 142.431243896484375 145.4499969482421875 148.287506103515625 148.8625030517578125 150.34375
191.5437469482421875 187.5124969482421875 184.412506103515625 181.75 178.9562530517578125 173.7687530517578125 169.2249908447265625 166.3125 164.0187530517578125 161.03125 157.6875 154.350006103515625 152.524993896484375 150.125 147.368743896484375 144.2937469482421875 142.4250030517578125 140.5500030517578125 139.59375 139.3562469482421875 140.2687530517578125 141.618743896484375 142.943756103515625 141.8562469482421875 140.5625 139.943756103515625 138.756256103515625 137.100006103515625 135.9375 133.71875 131.59375 129.993743896484375 129.162506103515625 126.8249969482421875 125.90625 129.618743896484375 133.8000030517578125 138.0437469482421875 143.350006103515625 148.7375030517578125 153.3249969482421875 156.1125030517578125 157.8499908447265625 159.4875030517578125 159.256256103515625
187.9250030517578125 186.1062469482421875 186.337493896484375 184.5500030517578125 184.162506103515625 181.681243896484375 180.0187530517578125 179.537506103515625 178.71875 177.8499908447265625 175.2312469482421875 172.100006103515625 169.431243896484375 167 163.4499969482421875 160.381256103515625 158.0124969482421875 155.59375 155.162506103515625 156.5749969482421875 157.8312530517578125 158.9499969482421875 158.9375 156.84375 153.743743896484375 152.118743896484375 149.8937530517578125 146.5 144.4375 141.993743896484375 138.725006103515625 135.537506103515625 134.9375 133.7375030517578125 132.5124969482421875 136.6374969482421875 141.006256103515625 146.243743896484375 153.162506103515625 159.162506103515625 163.6875 166.381256103515625 167.9250030517578125 169.7375030517578125 168.34375
192.5437469482421875 187.587493896484375 185.6750030517578125 186.931243896484375 189.0500030517578125 189.7312469482421875 190.125 191.7062530517578125 193.868743896484375 194.8937530517578125 192.4375 188.662506103515625 186.787506103515625 184.6875 180.587493896484375 176.975006103515625 173.9250030517578125 172.006256103515625 172.556243896484375 175.3125 176.649993896484375 176.368743896484375 175.5437469482421875 171.962493896484375 167.381256103515625 164.46875 159.7937469482421875 155.28125 152 149.21875 145.59375 141.399993896484375 140.4250030517578125 139.600006103515625 138.90625 144.131256103515625 150.1750030517578125 156.0187530517578125 163.693756103515625 170.149993896484375 174.9875030517578125 177.2624969482421875 178.96875 179.193756103515625 177.5437469482421875
196.568756103515625 192.75 189.8625030517578125 188.087493896484375 191.5 195.2312469482421875 197.8874969482421875 200.0812530517578125 202.4812469482421875 204.25 202.631256103515625 200.09375 199.5812530517578125 198.1750030517578125 196.037506103515625 193.3562469482421875 191.53125 189.8312530517578125 192.9187469482421875 195.5437469482421875 194.306243896484375 193.1750030517578125 190.53125 185.3125 179.40625 174.15625 169.7624969482421875 164.3937530517578125 159.5812530517578125 156.462493896484375 153.1750030517578125 150.0187530517578125 148.7624969482421875 148.381256103515625 150.6687469482421875 157.1125030517578125 163.84375 171.9812469482421875 179.912506103515625 184.78125 186.6875 188.1875 187.8125 188.0625 186.274993896484375
202.587493896484375 199.1125030517578125 196.7937469482421875 194.537506103515625 195.5124969482421875 198.75 202.7062530517578125 205.443756103515625 206.9499969482421875 207.3562469482421875 209.568756103515625 209.5500030517578125 211.59375 211.568756103515625 210.8937530517578125 210.306243896484375 211.2375030517578125 214.506256103515625 219.1062469482421875 220.1750030517578125 215.131256103515625 211.3249969482421875 205.850006103515625 198.125 191.3937530517578125 184.056243896484375 178.037506103515625 173.225006103515625 167.712493896484375 163.975006103515625 160.631256103515625 157.6437530517578125 158.59375 159.53125 162.3125 169.4499969482421875 178.006256103515625 187.024993896484375 196.8249969482421875 199.587493896484375 198.806243896484375 197.931243896484375 197.337493896484375 195.8562469482421875 192.0187530517578125
208.787506103515625 205.2687530517578125 203.725006103515625 203.7312469482421875 205.2624969482421875 207.2624969482421875 208.4812469482421875 208.006256103515625 206.96875 209.6687469482421875 215.8562469482421875 220.0187530517578125 223.068756103515625 226.125 226.756256103515625 228.350006103515625 231.0187530517578125 238.318756103515625 245.037506103515625 242.8625030517578125 234.524993896484375 226.65625 218.6999969482421875 208.756256103515625 201.3000030517578125 193.475006103515625 186.09375 180.118743896484375 175.4812469482421875 172.287506103515625 167.787506103515625 164.912506103515625 167.618743896484375 170.068756103515625 174.881256103515625 181.4250030517578125 190.5 199.2937469482421875 206.431243896484375 208.881256103515625 208.493743896484375 206.6125030517578125 205.0187530517578125 202.318756103515625 195.912506103515625
216.756256103515625 213.9187469482421875 213.4499969482421875 214.131256103515625 215.25 217.9375 219.0500030517578125 217.443756103515625 213.1062469482421875 213.943756103515625 222.5749969482421875 228.8874969482421875 233.493743896484375 236.8249969482421875 239.5749969482421875 242.993743896484375 247.4000091552734375 254.79376220703125 260.9375 257.287506103515625 244.9375 235.46875 226.8562469482421875 218.3312530517578125 209.3625030517578125 200.4187469482421875 192.681243896484375 186.743743896484375 181.225006103515625 177.8249969482421875 175.225006103515625 172.09375 175.318756103515625 179.6750030517578125 184.7062530517578125 192.09375 200.03125 207.4250030517578125 212.4875030517578125 215.212493896484375 214.006256103515625 211.693756103515625 210.28125 207.625 201.9187469482421875
223.4562530517578125 221.818756103515625 222.443756103515625 224.4875030517578125 226.056243896484375 229.0749969482421875 230.9187469482421875 230.681243896484375 229.7062530517578125 230.993743896484375 236.431243896484375 239.8000030517578125 245.037506103515625 247.181243896484375 252.1374969482421875 257.03125 261.818756103515625 265.79998779296875 268.3125 265.48126220703125 253.25 242.568756103515625 233.5437469482421875 225.4812469482421875 215.5812530517578125 205.90625 198.212493896484375 191.7624969482421875 186.6062469482421875 183.6750030517578125 180.625 178.21875 182.0500030517578125 186.725006103515625 193.0500030517578125 202.0124969482421875 209.5124969482421875 216.2375030517578125 218.881256103515625 220.399993896484375 219.8874969482421875 217.96875 214.6062469482421875 211.2937469482421875 206.1875
231.506256103515625 230.40625 231.0749969482421875 232.75 236.0437469482421875 241.006256103515625 244.1437530517578125 244.243743896484375 244.1062469482421875 246.475006103515625 251 254.212493896484375 257.168731689453125 259.51873779296875 264.40625 270.181243896484375 274.5 275.73748779296875 274.806243896484375 270.975006103515625 260.48126220703125 249.3937530517578125 240.0812530517578125 229.1374969482421875 222.068756103515625 212.337493896484375 203.618743896484375 195.537506103515625 188.7312469482421875 186.375 184.0812530517578125 183.087493896484375 187.8625030517578125 193.5500030517578125 200.28125 208.649993896484375 216.5124969482421875 223.287506103515625 226.600006103515625 226.9875030517578125 225.9812469482421875 222.943756103515625 219.850006103515625 216.600006103515625 210.431243896484375
238.287506103515625 237.256256103515625 238.6374969482421875 241.6875 245.34375 250.8000030517578125 255.40625 256.54998779296875 256.8125 260.20001220703125 264.98126220703125 269.60626220703125 271.04376220703125 272.975006103515625 277.693756103515625 281.350006103515625 284.26873779296875 282.0625 279.225006103515625 275.07501220703125 263.08123779296875 252.756256103515625 245.212493896484375 235.475006103515625 227.649993896484375 217.837493896484375 207.8937530517578125 198.493743896484375 190.4875030517578125 188.21875 186.1999969482421875 185.71875 190.65625 197 204.1875 212.6812591552734375 220.3249969482421875 227.350006103515625 229.8000030517578125 230.2312469482421875 229.100006103515625 225.59375 221.6687469482421875 217.3562469482421875 209.381256103515625
244.46875 244.3249969482421875 246.5500030517578125 249.4562530517578125 253.912506103515625 258.73748779296875 262.84375 265.787506103515625 267.068756103515625 271.306243896484375 276.774993896484375 282.70001220703125 285.243743896484375 285.806243896484375 290.118743896484375 292.59375 293.600006103515625 290.76251220703125 286.225006103515625 279.693756103515625 264.42498779296875 255.1374969482421875 249.96875 241.375 231.225006103515625 219.9250030517578125 209.931243896484375 200.725006103515625 192.649993896484375 189.056243896484375 187.006256103515625 186.3874969482421875 191.1750030517578125 198.03125 205.649993896484375 215.193756103515625 223.9187469482421875 231.118743896484375 233.2312469482421875 232.443756103515625 230.5 227.5500030517578125 221.6374969482421875 212.556243896484375 204.256256103515625
249.0500030517578125 249.3874969482421875 251.806243896484375 255.3562469482421875 259.399993896484375 264.11248779296875 268.212493896484375 273.118743896484375 276.693756103515625 280.28125 283.993743896484375 290.45001220703125 295.71875 298.48748779296875 300.412506103515625 303.91876220703125 303.83123779296875 298.962493896484375 293.11248779296875 286.006256103515625 272.243743896484375 261.881256103515625 254.53125 244.524993896484375 233.756256103515625 222.618743896484375 213.181243896484375 202.256256103515625 192.9375 188.7687530517578125 186.5437469482421875 185.4187469482421875 190.899993896484375 197.6437530517578125 206.337493896484375 216.2312469482421875 226.087493896484375 235.375 238.59375 239.131256103515625 233.5124969482421875 224.693756103515625 216.962493896484375 210.5124969482421875 204.40625
253.506256103515625 253.9812469482421875 257.287506103515625 260.881256103515625 265.40625 269.92498779296875 275.493743896484375 280.774993896484375 284.54376220703125 287.568756103515625 291.162506103515625 298.38751220703125 303.79998779296875 308.181243896484375 309.587493896484375 312.67498779296875 311.23748779296875 305.6875 299.41876220703125 294.17498779296875 280.41876220703125 268.84375 258.88751220703125 247.9375 237.287506103515625 225.975006103515625 215.9499969482421875 204.9187469482421875 194.537506103515625 188.03125 183.84375 182.6374969482421875 187.9812469482421875 195.2312469482421875 204.274993896484375 212.96875 224.4250030517578125 236.837493896484375 242.9812469482421875 241.1374969482421875 232.0187530517578125 223.46875 216.8125 211.2937469482421875 202.618743896484375
256.20623779296875 257.39373779296875 261.181243896484375 265.90625 270.681243896484375 275.881256103515625 281.54376220703125 285.881256103515625 289.9375 294.681243896484375 298.131256103515625 305.29376220703125 311.71875 316.618743896484375 318.725006103515625 318.662506103515625 316.95001220703125 312.75 306.493743896484375 300.818756103515625 288.087493896484375 274.88751220703125 263.5625 251.8312530517578125 241.368743896484375 231.5124969482421875 220.8249969482421875 208.806243896484375 196.475006103515625 187.0812530517578125 181.056243896484375 177.90625 181.4812469482421875 188.1875 196 205.493743896484375 219.118743896484375 234.993743896484375 244.1875 241.568756103515625 230.6374969482421875 222.1374969482421875 215.4499969482421875 207.4812469482421875 200.5812530517578125
258.056243896484375 260.13751220703125 263.04376220703125 268.76251220703125 274.76251220703125 279.59375 285.881256103515625 291.98126220703125 297.28125 301.350006103515625 305.118743896484375 311.881256103515625 318.70001220703125 324.03125 326.337493896484375 325.34375 320.79998779296875 316.8125 312.806243896484375 307.20001220703125 294.42498779296875 280.837493896484375 268.71875 256.39373779296875 246.34375 237.6875 227.5 213.4499969482421875 197.118743896484375 185.1062469482421875 177.162506103515625 173.5812530517578125 174.8874969482421875 177.399993896484375 182.5812530517578125 193.0187530517578125 210.09375 233.1875 252.1437530517578125 243.375 227.6374969482421875 218.6062469482421875 210.28125 204.84375 198.6125030517578125
258.662506103515625 261.618743896484375 265.524993896484375 272.337493896484375 279.287506103515625 286.08123779296875 292.78125 298.649993896484375 303.78125 309.100006103515625 313.600006103515625 319.85626220703125 324.975006103515625 329.774993896484375 331.125 329.493743896484375 325.056243896484375 317.087493896484375 316.66876220703125 312.01251220703125 300.618743896484375 287.07501220703125 274.25 262.756256103515625 253.087493896484375 245 236.243743896484375 218.34375 197.712493896484375 181.712493896484375 171.0250091552734375 166 168.1875 171.2624969482421875 172.1750030517578125 174.3937530517578125 197.837493896484375 224.787506103515625 239.943756103515625 237.03125 222.8812408447265625 214.125 207.8249969482421875 203.443756103515625 198.2062530517578125
257.6875 261.399993896484375 267.10626220703125 274.912506103515625 283.07501220703125 291.09375 298.51251220703125 306.46875 312.13751220703125 317.493743896484375 320.5 324.84375 330.40625 335.556243896484375 335.681243896484375 333.212493896484375 328.993743896484375 321.46875 316.600006103515625 313.837493896484375 305.068756103515625 294.899993896484375 278.631256103515625 268.51873779296875 260.3125 252.0749969482421875 241 223.1062469482421875 200.712493896484375 180.6687469482421875 165.649993896484375 164.0437469482421875 169.0124969482421875 171.1750030517578125 170.743743896484375 175.6437530517578125 193.875 213.506256103515625 225.587493896484375 224.693756103515625 215.712493896484375 208.931243896484375 204.037506103515625 201.25 198.600006103515625
255.3312530517578125 260.14373779296875 266.1875 275.100006103515625 284.993743896484375 295.04998779296875 304.48126220703125 313.5 320.118743896484375 323.993743896484375 327.45001220703125 333.07501220703125 338.399993896484375 341.274993896484375 339.26873779296875 334.162506103515625 328.65625 324.17498779296875 320.506256103515625 317.568756103515625 306.350006103515625 293.712493896484375 282.875 274.243743896484375 266.3125 257.63751220703125 245.40625 229.40625 208.0437469482421875 187.2687530517578125 173.4875030517578125 171.649993896484375 174.9499969482421875 178.475006103515625 181.8249969482421875 186.4499969482421875 197.7624969482421875 210.412506103515625 217.556243896484375 217.2937469482421875 210.6750030517578125 203.1687469482421875 201.03125 200.162506103515625 199.4187469482421875
