data/historical-monthly-weather-data/wc2.1_cruts4.09_10m_prec_1972-06.asc
ncols        45
nrows        45
xllcorner    -63.500000000000
yllcorner    -7.500000000000
cellsize     0.166666666667
NODATA_value -9999
[rows 0 to 19 of 45, columns 0 to 43 of 45]
188.65625 179.1687469482421875 172.9250030517578125 172.7687530517578125 170.3000030517578125 170.5500030517578125 167.78125 164.493743896484375 161.4499969482421875 164.412506103515625 169.3937530517578125 175.399993896484375 182.256256103515625 187.3874969482421875 194.0625 202.2062530517578125 208.0687408447265625 211.90625 214.90625 219.787506103515625 224.9562530517578125 222.600006103515625 221.537506103515625 218.568756103515625 217.2937469482421875 217.1624908447265625 220.6062469482421875 226.1062469482421875 224.212493896484375 215.8562469482421875 202.1750030517578125 194.5625 190.15625 182.09375 175.118743896484375 171.2375030517578125 167.25 165.0749969482421875 161.75 160.681243896484375 162.2062530517578125 167.962493896484375 167.868743896484375 169.9812469482421875
186.8249969482421875 178.6937408447265625 177.3125 176.84375 177.962493896484375 178.943756103515625 176.662506103515625 173.6875 175.25 178.431243896484375 182.006256103515625 186.8000030517578125 188.600006103515625 191.9250030517578125 196.25 201.8125 205.1999969482421875 208.149993896484375 212.2624969482421875 219.5 223.4187469482421875 221.75 222.4250030517578125 220.662506103515625 218.193756103515625 215.8874969482421875 217.9499969482421875 219.100006103515625 216.46875 205.399993896484375 196.693756103515625 193.8937530517578125 188.1374969482421875 182.1437530517578125 177.0625 171.162506103515625 168.850006103515625 166.3125 163.75 163.6437530517578125 167.6750030517578125 166.006256103515625 170.5749969482421875 172.4250030517578125
185.7062530517578125 184.1687469482421875 184.4562530517578125 182.962493896484375 186.3874969482421875 190.368743896484375 190.8249969482421875 193.662506103515625 196.056243896484375 198.9875030517578125 200.274993896484375 200.9499969482421875 202.243743896484375 199.4375 200.537506103515625 203.162506103515625 203.0124969482421875 204.556243896484375 207.3249969482421875 211.28125 215.3000030517578125 218.462493896484375 218.4375 220.5749969482421875 215.1750030517578125 211.493743896484375 216.2687530517578125 214.375 207.931243896484375 202.5187530517578125 192.274993896484375 186.28125 180.350006103515625 176.149993896484375 169.381256103515625 160.600006103515625 160.375 160.681243896484375 159.3249969482421875 160.28125 166.125 167.03125 169.6374969482421875 170.475006103515625
183.8249969482421875 180.5562591552734375 186.2937469482421875 190.337493896484375 193.2937469482421875 198.4937591552734375 203.8249969482421875 209.225006103515625 215.1750030517578125 219.693756103515625 218.125 214.6062469482421875 210.693756103515625 205.1999969482421875 204.712493896484375 204.774993896484375 200.15625 200.6750030517578125 201.5500030517578125 209.806243896484375 211.774993896484375 209.8249969482421875 211.475006103515625 215.4499969482421875 210.149993896484375 206.931243896484375 208.1062469482421875 203.3000030517578125 200.1687469482421875 195.5124969482421875 187.5625 179.056243896484375 173.0625 164.931243896484375 158.6437530517578125 158.5437469482421875 158.8874969482421875 157.1125030517578125 155.7624969482421875 157.1875 162.037506103515625 167.09375 169.618743896484375 170.03125
196.40625 191.9187469482421875 187.4375 194.46875 204.193756103515625 207.4499969482421875 214.2375030517578125 224.9250030517578125 235.8312530517578125 241.443756103515625 238.287506103515625 225.375 218.96875 212.5187530517578125 207.256256103515625 204.4375 200.1062469482421875 194.5124969482421875 193.306243896484375 198.068756103515625 199.5437469482421875 201.1687469482421875 203.912506103515625 206.649993896484375 202.024993896484375 200.274993896484375 198.1374969482421875 198.3562469482421875 195.2312469482421875 186.774993896484375 182.0187530517578125 176.1687469482421875 168.65625 162.399993896484375 159.03125 155.287506103515625 155.1875 156.037506103515625 153.8312530517578125 153.6062469482421875 159.024993896484375 164.087493896484375 168.375 172.4375
200.9375 200.8000030517578125 197.40625 191.068756103515625 203.537506103515625 216.056243896484375 220.837493896484375 229.25 243.475006103515625 250.53125 242.056243896484375 228.8312530517578125 221.8312530517578125 214.493743896484375 205.8562469482421875 201.3937530517578125 194.7062530517578125 188.78125 189.4250030517578125 191.337493896484375 195.1125030517578125 195.943756103515625 197.287506103515625 195.0625 194.524993896484375 193.756256103515625 189.53125 189.443756103515625 187.09375 180.2312469482421875 178.7375030517578125 174.537506103515625 171.1750030517578125 164.881256103515625 158.5749969482421875 160.9812469482421875 158.4250030517578125 153.712493896484375 155.162506103515625 160.181243896484375 161.8874969482421875 168.0500030517578125 169.931243896484375 172.993743896484375
210.4375 208.5749969482421875 205.943756103515625 203.1374969482421875 201.96875 205.5 210.506256103515625 224.3125 230.568756103515625 236.6875 233.8562469482421875 224 220 214.8312530517578125 206.1875 199.524993896484375 194.0749969482421875 188.0749969482421875 183.53125 185.631256103515625 184.1437530517578125 185.662506103515625 185.71875 186.506256103515625 190.006256103515625 189.068756103515625 184.1062469482421875 181.40625 178.881256103515625 179.9875030517578125 174.8312530517578125 169.068756103515625 165.756256103515625 165.0500030517578125 165.412506103515625 163.725006103515625 157.743743896484375 156.068756103515625 156.3937530517578125 161.9812469482421875 163.274993896484375 167.287506103515625 171.4812469482421875 174.431243896484375
216.931243896484375 211.399993896484375 209.3937530517578125 212.1750030517578125 211.337493896484375 217.5749969482421875 212.006256103515625 207.625 204.625 213.681243896484375 218.818756103515625 216.818756103515625 215.631256103515625 210.8625030517578125 206.5 199.5 190.1875 184.7687530517578125 179.4375 175.056243896484375 182.962493896484375 181.524993896484375 180.087493896484375 180.006256103515625 183.068756103515625 179.8874969482421875 176.2687530517578125 173.475006103515625 171.3312530517578125 169.1062469482421875 172.3625030517578125 167.375 166.3249969482421875 165.2687530517578125 161.9499969482421875 159.875 157.65625 156.274993896484375 153.0124969482421875 153.8125 157.118743896484375 164.15625 164.09375 163.5812530517578125
219.193756103515625 216.0625 211.4375 211.587493896484375 212.71875 213.149993896484375 215.4250030517578125 215.006256103515625 203.9187469482421875 198.225006103515625 200.21875 202.475006103515625 208.100006103515625 205.6125030517578125 202.25 194.3562469482421875 191.975006103515625 189.024993896484375 185.524993896484375 177.9562530517578125 173.3312530517578125 179.3874969482421875 173.337493896484375 178.3312530517578125 176.662506103515625 174.5124969482421875 171.131256103515625 170.5749969482421875 172.506256103515625 170.037506103515625 174.3125 163.1999969482421875 156.4250030517578125 154.618743896484375 156.8562469482421875 161.350006103515625 162.5437469482421875 163.8125 160.287506103515625 156.881256103515625 155.6687469482421875 155.25 161.493743896484375 160.274993896484375
221.274993896484375 219.100006103515625 215.118743896484375 214.7687530517578125 214.8625030517578125 213.881256103515625 214.46875 210.2937469482421875 207.0500030517578125 202.7937469482421875 198.1062469482421875 190.524993896484375 198 199.350006103515625 198.1125030517578125 194.3249969482421875 189.3125 192.4499969482421875 189.8625030517578125 186.15625 177.743743896484375 174.493743896484375 166.568756103515625 168.3312530517578125 165.337493896484375 166.875 164.912506103515625 162.9812469482421875 161.8562469482421875 164.631256103515625 166.8249969482421875 160.4250030517578125 158.756256103515625 158.493743896484375 157.256256103515625 159.9875030517578125 164.149993896484375 168.181243896484375 166.9812469482421875 168.9562530517578125 170.024993896484375 168.5 161.46875 152.9250030517578125
225.693756103515625 221.6750030517578125 217.3562469482421875 215.1999969482421875 212.84375 214.3874969482421875 209.725006103515625 205.71875 205.1062469482421875 203.225006103515625 201.0625 194.318756103515625 190.399993896484375 192.649993896484375 191.25 189.524993896484375 186.375 185.1999969482421875 187.125 190.068756103515625 192.0250091552734375 182.993743896484375 167.71875 152.806243896484375 156.4250030517578125 166.1125030517578125 166.03125 161.1062469482421875 156.625 157.6999969482421875 159.506256103515625 156.9812469482421875 158.0812530517578125 159.587493896484375 160.537506103515625 160.34375 164.962493896484375 167.3562469482421875 173.0500030517578125 172.912506103515625 172.4812469482421875 167.4187469482421875 163.850006103515625 149.7375030517578125
223.2375030517578125 220.2687530517578125 219.181243896484375 213.8249969482421875 212.15625 209.875 210.6875 208.524993896484375 206.774993896484375 199.225006103515625 199.7624969482421875 195.975006103515625 184.287506103515625 186.03125 190.2062530517578125 187.725006103515625 184.662506103515625 185.118743896484375 188.993743896484375 199.006256103515625 201.96875 194.5749969482421875 177.068756103515625 156.693756103515625 153.6374969482421875 155.2062530517578125 152.875 152.337493896484375 152.787506103515625 152.212493896484375 148.0625 150.149993896484375 152.912506103515625 152.1999969482421875 156.71875 162.3874969482421875 169.7062530517578125 173.912506103515625 170.693756103515625 175.1999969482421875 175.375 168.65625 153.2062530517578125 131.274993896484375
224.618743896484375 220.087493896484375 217.0437469482421875 211.881256103515625 211.274993896484375 207.037506103515625 206.149993896484375 204.65625 200.1125030517578125 196.1875 194.9875030517578125 193.8562469482421875 188.9499969482421875 177.837493896484375 177.868743896484375 179.774993896484375 179 182.125 179.975006103515625 188 194.443756103515625 188.2624969482421875 175.90625 159.462493896484375 146.162506103515625 144.712493896484375 146.556243896484375 147.806243896484375 150.100006103515625 152.431243896484375 147.3562469482421875 143.993743896484375 149.9499969482421875 147.806243896484375 151.6875 159.818756103515625 171.9499969482421875 179.84375 187.7624969482421875 186.0812530517578125 177.318756103515625 167.375 144.1687469482421875 125.9187469482421875
223.506256103515625 219.287506103515625 214.712493896484375 210.3000030517578125 205.875 203.5437469482421875 200.4875030517578125 200.725006103515625 198.5124969482421875 192.931243896484375 190.5562591552734375 185.6750030517578125 183.287506103515625 177.006256103515625 165.59375 170.8874969482421875 169.475006103515625 169.774993896484375 170.3249969482421875 176.0187530517578125 180.21875 175.2624969482421875 166.193756103515625 157.6437530517578125 149.09375 142.556243896484375 140.15625 139.2687530517578125 140.931243896484375 142.493743896484375 143.9187469482421875 142.96875 145.6999969482421875 149.2312469482421875 149.462493896484375 164.3312530517578125 181.787506103515625 195.9812469482421875 204.4375 198.3125 173.03125 155.181243896484375 147.34375 146.0187530517578125
216.5625 212.881256103515625 210.9812469482421875 208.2375030517578125 203.4375 200.787506103515625 199.375 197.2312469482421875 194.34375 190.4499969482421875 186.212493896484375 182.4499969482421875 179.2062530517578125 171.287506103515625 157.71875 160.6437530517578125 160.8562469482421875 164.5625 161.3249969482421875 164.568756103515625 169.537506103515625 166.3562469482421875 162.5625 158.1125030517578125 155.899993896484375 150.8000030517578125 148.5749969482421875 146.2937469482421875 148.693756103515625 144.78125 140.006256103515625 142.024993896484375 150.681243896484375 148.556243896484375 144.15625 151.193756103515625 177.9499969482421875 205.287506103515625 210.7624969482421875 199.90625 186.556243896484375 176.087493896484375 173.0124969482421875 158.5
212.2062530517578125 206.475006103515625 204.912506103515625 200.40625 199.881256103515625 198.3562469482421875 195.556243896484375 191.962493896484375 191.931243896484375 191.9812469482421875 187.4812469482421875 182.662506103515625 179.274993896484375 171.8625030517578125 160.412506103515625 145.8562469482421875 149.7375030517578125 156.6062469482421875 153.8874969482421875 156.131256103515625 159.006256103515625 158.4187469482421875 158.8937530517578125 159.96875 158.806243896484375 154.6999969482421875 150.287506103515625 149.875 149.7624969482421875 152.181243896484375 149.8874969482421875 146.306243896484375 142.024993896484375 137.649993896484375 134.475006103515625 159.96875 174.443756103515625 194.34375 208 212.6687469482421875 211.4875030517578125 201.3000030517578125 184.350006103515625 162.4875030517578125
205.931243896484375 202.0625 198.181243896484375 197.5749969482421875 196.725006103515625 196.274993896484375 193.506256103515625 191.4250030517578125 187.181243896484375 185.412506103515625 184.9562530517578125 182.181243896484375 175.912506103515625 168.9875030517578125 163.912506103515625 150.931243896484375 135.662506103515625 140.756256103515625 144.875 145.756256103515625 146.287506103515625 149.53125 151.149993896484375 158.3562469482421875 157.899993896484375 149.443756103515625 145.899993896484375 145.193756103515625 150.631256103515625 154.493743896484375 156.368743896484375 156.712493896484375 152.537506103515625 153.931243896484375 166.056243896484375 177.9250030517578125 196.193756103515625 212.5437469482421875 225.875 218.556243896484375 217.59375 200.9562530517578125 177.8000030517578125 161.40625
198.0437469482421875 195.3249969482421875 195.46875 195.2062530517578125 195.2624969482421875 197.1750030517578125 193.5812530517578125 190.6999969482421875 186.506256103515625 181.2312469482421875 178.087493896484375 178.4499969482421875 171.337493896484375 165.8625030517578125 163.3874969482421875 154.4250030517578125 139.7937469482421875 126.06874847412109375 138.712493896484375 135.274993896484375 135.3000030517578125 138.037506103515625 144.506256103515625 150.5 153.9812469482421875 146.3249969482421875 140.524993896484375 146.287506103515625 150.9875030517578125 151.46875 146.1687469482421875 142.0625 163.8625030517578125 171.162506103515625 177.774993896484375 209.6999969482421875 224.568756103515625 221.9562530517578125 224.6999969482421875 220.34375 200.837493896484375 181.725006103515625 163.84375 152.681243896484375
191.1875 191.1999969482421875 191.71875 192.8874969482421875 194.318756103515625 193.399993896484375 191.1750030517578125 187.90625 185.65625 182.631256103515625 177.90625 169.712493896484375 164.443756103515625 161.506256103515625 156.306243896484375 150.1687469482421875 145.5 128.943756103515625 122.3312530517578125 121.7937469482421875 126.6374969482421875 133.8562469482421875 126.5124969482421875 136.568756103515625 140.6374969482421875 145.4187469482421875 145.7624969482421875 144.1875 152.056243896484375 152.087493896484375 149.15625 152.59375 165.3874969482421875 170.4875030517578125 183.8625030517578125 207.2375030517578125 213.306243896484375 208.806243896484375 209.7062530517578125 199.006256103515625 182.3937530517578125 161.3312530517578125 151.431243896484375 146.087493896484375
187.3249969482421875 188 187.2312469482421875 184.399993896484375 184.8000030517578125 189.0625 188.0437469482421875 184.2937469482421875 185.818756103515625 184.2375030517578125 180.6687469482421875 176.3125 169.462493896484375 161.6374969482421875 154.274993896484375 139.7062530517578125 130.662506103515625 132.3125 125.08750152587890625 125.8125 115.7624969482421875 116.8937530517578125 125.58124542236328125 130.443756103515625 129.1374969482421875 128.6750030517578125 130.78125 141.225006103515625 140.850006103515625 138.8625030517578125 141.1999969482421875 158.9187469482421875 166.506256103515625 170.3125 176.5124969482421875 190.712493896484375 199.912506103515625 197.024993896484375 190.4250030517578125 180.5124969482421875 162.6374969482421875 142.4562530517578125 140.850006103515625 139.443756103515625
