data/historical-monthly-weather-data/wc2.1_cruts4.09_10m_prec_1961-10.asc
ncols        51
nrows        45
xllcorner    -63.500000000000
yllcorner    -7.500000000000
cellsize     0.166666666667
NODATA_value -9999
[rows 0 to 18 of 45, columns 0 to 43 of 51]
246.0625 242.756256103515625 235.8312530517578125 232.412506103515625 226.962493896484375 218.15625 206.1875 194.787506103515625 183.725006103515625 174.8125 168.350006103515625 161.625 154.274993896484375 145.350006103515625 138.0999908447265625 131.1750030517578125 124.52500152587890625 117.8937530517578125 112.4250030517578125 107.19374847412109375 103.375 99.375 95.96250152587890625 93.49375152587890625 91.55625152587890625 90.15000152587890625 89.71250152587890625 89.74375152587890625 89.76250457763671875 87.44374847412109375 85.0187530517578125 82.7062530517578125 80.8562469482421875 79.28125 78.03125 77.3562469482421875 76.68125152587890625 75.90000152587890625 75.5749969482421875 75.1875 74.7624969482421875 74.2687530517578125 73.13124847412109375 71.5749969482421875
243.8312530517578125 241.837493896484375 240.2750091552734375 242.2312469482421875 243.774993896484375 234.1999969482421875 222.975006103515625 213.6999969482421875 204.59375 195.181243896484375 186.368743896484375 176.875 167.1125030517578125 157.03125 148.03125 139.9499969482421875 131.3249969482421875 124.4875030517578125 118.58750152587890625 113.43125152587890625 109.1374969482421875 105.4499969482421875 102.1437530517578125 99.6999969482421875 97.50624847412109375 95.28125 94.71875 94.28749847412109375 93.5812530517578125 90.8625030517578125 89.16249847412109375 87.90625 86.93125152587890625 86.43125152587890625 85.5437469482421875 85.06874847412109375 85.16249847412109375 84.86875152587890625 85.03125 84.9250030517578125 84.93125152587890625 84.74375152587890625 83.7624969482421875 82.1687469482421875
231.274993896484375 230.5812530517578125 229.993743896484375 233.75 237.0625 232.75 228.2062530517578125 225.0749969482421875 219.7937469482421875 211.8874969482421875 202.1062469482421875 190.4875030517578125 178.899993896484375 167.1687469482421875 156.8562469482421875 147.399993896484375 138.5500030517578125 131.462493896484375 125.2062530517578125 119.75 115.22499847412109375 111.86875152587890625 108.34375 105.2375030517578125 102.3874969482421875 100.0187530517578125 98.9250030517578125 98.13124847412109375 96.38124847412109375 94.25 93.1374969482421875 91.7687530517578125 90.9187469482421875 90.6875 90.16249847412109375 89.86875152587890625 89.80625152587890625 89.9375 90.5124969482421875 90.6750030517578125 90.96250152587890625 91.0749969482421875 90.59375 89.75624847412109375
215.943756103515625 214.8625030517578125 216.962493896484375 218.962493896484375 223.274993896484375 224.625 227.806243896484375 231.96875 233.181243896484375 228.40625 217.1999969482421875 202.8125 188.943756103515625 176.1999969482421875 165.6687469482421875 155.056243896484375 145.3625030517578125 138.556243896484375 132.3874969482421875 126.9875030517578125 122.4875030517578125 118.1999969482421875 113.80625152587890625 110.3625030517578125 106.8625030517578125 103.68125152587890625 102.11875152587890625 100.66249847412109375 98.83750152587890625 96.8562469482421875 95.9375 95.25 93.90000152587890625 93.18125152587890625 92.31874847412109375 93.0812530517578125 93.58750152587890625 93.91249847412109375 95.0187530517578125 95.6687469482421875 95.58750152587890625 96.3562469482421875 96.5625 96.59999847412109375
210.337493896484375 204.1062469482421875 200.8625030517578125 202.21875 208.1875 214.8937530517578125 223.256256103515625 232.96875 241.993743896484375 243.962493896484375 229.78125 210.931243896484375 196.2062530517578125 184 172.625 161.368743896484375 151.7624969482421875 144.1750030517578125 137.756256103515625 132.318756103515625 128.274993896484375 123.46250152587890625 118.6875 114.90625 110.78749847412109375 107.06874847412109375 104.50624847412109375 103.03749847412109375 101.5187530517578125 99.08750152587890625 98.21875 97.5500030517578125 96.75624847412109375 96.06874847412109375 95.74375152587890625 96.3937530517578125 97.27500152587890625 98.3125 99.5 100.3562469482421875 100.52500152587890625 101.25 102.40000152587890625 103.0187530517578125
202.7624969482421875 196.28125 188.8874969482421875 184.2624969482421875 191.40625 201.6125030517578125 210.8874969482421875 221.024993896484375 231.306243896484375 238.1687469482421875 223.149993896484375 205.7062530517578125 193.8562469482421875 183.212493896484375 173.100006103515625 164.118743896484375 155.09375 148.1125030517578125 142.568756103515625 137.368743896484375 133 128.1750030517578125 123.28749847412109375 118.08750152587890625 113.36875152587890625 108.96875 105.875 103.52500152587890625 102.1875 99.99375152587890625 99.5 100.0187530517578125 99.5 99.61875152587890625 100.05625152587890625 101.53125 103.08750152587890625 105.3125 107.75624847412109375 108 106.56874847412109375 107.4375 108.375 109.6437530517578125
199.21875 191.818756103515625 184.037506103515625 178.0124969482421875 181.2062530517578125 187.8312530517578125 194.6687469482421875 200.4250030517578125 204.118743896484375 204.2937469482421875 200.875 193.568756103515625 186.9187469482421875 180.125 172.337493896484375 165.3874969482421875 158.256256103515625 151.631256103515625 146.193756103515625 141.962493896484375 137.756256103515625 132.875 127.38124847412109375 121.6687469482421875 116.24375152587890625 111.0437469482421875 107.75 104.6687469482421875 102.09999847412109375 100.90625 100.8874969482421875 101.44374847412109375 101.53749847412109375 102.59375 104.08750152587890625 105.65000152587890625 107.84375 110.75 114.7937469482421875 113.6750030517578125 111.5 111.18125152587890625 112.2624969482421875 114.21250152587890625
197.1374969482421875 188.4375 182.5187530517578125 179.1437530517578125 178.556243896484375 181.537506103515625 181.8249969482421875 178.7312469482421875 172.6374969482421875 171.9562530517578125 177.506256103515625 178.84375 178.443756103515625 175.5812530517578125 171.5500030517578125 166.46875 161.03125 155.1750030517578125 150.381256103515625 147.03125 142.962493896484375 137.618743896484375 131.7687530517578125 125.55625152587890625 119.2937469482421875 112.9250030517578125 108.71875 104.59999847412109375 101.4812469482421875 99.875 100.49375152587890625 101.86875152587890625 102.81874847412109375 104.6750030517578125 106.41249847412109375 108.1374969482421875 109.68125152587890625 112.1875 114.15625 113.36875152587890625 111.1437530517578125 110.1374969482421875 110.17499542236328125 111.125
196.337493896484375 189.100006103515625 184.931243896484375 181.4812469482421875 179.8874969482421875 179.618743896484375 176.993743896484375 169.0187530517578125 156.162506103515625 151.5437469482421875 161.3312530517578125 167.212493896484375 170.46875 170.0187530517578125 168.65625 166.3562469482421875 162.9187469482421875 159.2062530517578125 156.1687469482421875 152.618743896484375 147.90625 142.5687408447265625 135.25 129.0187530517578125 121.43125152587890625 113.8249969482421875 108.3562469482421875 104.86875152587890625 101.5812530517578125 99.53749847412109375 100.18125152587890625 101.43125152587890625 102.21875 103.78749847412109375 105.3312530517578125 107.4562530517578125 109.3562469482421875 110.61875152587890625 110.8312530517578125 109.84375 107.3937530517578125 105.0625 104.13124847412109375 102.75
196.256256103515625 189.756256103515625 185.7375030517578125 183.443756103515625 182.337493896484375 181.2624969482421875 177.381256103515625 168.850006103515625 158.587493896484375 154.2937469482421875 157.8562469482421875 161.3312530517578125 164.943756103515625 166.100006103515625 166.7624969482421875 166.743743896484375 165.2687530517578125 163.600006103515625 161.899993896484375 160.34375 154.7062530517578125 148.0812530517578125 139.5187530517578125 131.306243896484375 121.81874847412109375 113.49375152587890625 108.4562530517578125 104.1374969482421875 101 99.16249847412109375 98.8312530517578125 99.96250152587890625 100.8937530517578125 102.75 104.77500152587890625 106.6999969482421875 107.93125152587890625 108.4562530517578125 107.97499847412109375 105.68125152587890625 102.5500030517578125 99.1125030517578125 95.84375 92.8125
196.2062530517578125 190.0625 186.1437530517578125 184.125 183.399993896484375 184.975006103515625 181.962493896484375 172.7375030517578125 163.9375 159.662506103515625 159.7062530517578125 160.7687530517578125 162.006256103515625 163.787506103515625 165.7062530517578125 166.743743896484375 167.475006103515625 167.381256103515625 167.431243896484375 167.431243896484375 163.2062530517578125 154.7624969482421875 144.1999969482421875 132.556243896484375 123.0812530517578125 115.03749847412109375 110.09375 105.7062530517578125 101.49375152587890625 99.5812530517578125 99.15625 99.80625152587890625 100.8625030517578125 102.51874542236328125 103.95000457763671875 105.15625 105.8625030517578125 105.1687469482421875 103.7624969482421875 100.68125152587890625 96.6999969482421875 92.33750152587890625 88.46875 83.69374847412109375
195.881256103515625 189.993743896484375 186.5875091552734375 185.350006103515625 185.2687530517578125 187.475006103515625 186.2624969482421875 176.100006103515625 168.2375030517578125 163.1374969482421875 161.15625 161.40625 161.65625 163.3125 166.006256103515625 167.1437530517578125 168.443756103515625 168.912506103515625 169.743743896484375 171.5124969482421875 169.712493896484375 160.6437530517578125 148.350006103515625 135.3000030517578125 123.99375152587890625 114.61875152587890625 109.1062469482421875 105.69374847412109375 102.52500152587890625 101.0187530517578125 99.7375030517578125 99.84375 100.1062469482421875 101.2687530517578125 102.48125457763671875 102.7937469482421875 102.4499969482421875 101.4375 98.6374969482421875 94.90000152587890625 89.5500030517578125 84.59375 80.15625 75.66249847412109375
194.337493896484375 189.225006103515625 186.1125030517578125 184.337493896484375 183.943756103515625 184.568756103515625 181.381256103515625 174.8562469482421875 168.5124969482421875 164.8249969482421875 162.631256103515625 161.90625 162.399993896484375 162.3937530517578125 164.806243896484375 166.993743896484375 167.875 169.1374969482421875 170.5500030517578125 171.962493896484375 171.9812469482421875 163.7062530517578125 150.7687530517578125 137.5500030517578125 122.30625152587890625 112.11875152587890625 109.5812530517578125 106.5812530517578125 104.22499847412109375 102.4499969482421875 100.7624969482421875 99.59375 99.6750030517578125 99.83750152587890625 100.5437469482421875 100.56874847412109375 99.63750457763671875 98.6062469482421875 95.7375030517578125 89.96250152587890625 84.15625 79.6125030517578125 74.40625 66.15000152587890625
191.3125 186.53125 183.712493896484375 181.6125030517578125 180.03125 179.3125 176.1437530517578125 171.993743896484375 167.875 164.25 161.7687530517578125 161 161.15625 161.850006103515625 162.4499969482421875 164.725006103515625 165.3125 166.0749969482421875 166.8125 167.5 166.5 159.631256103515625 150.2687530517578125 139.15625 126.52500152587890625 117.1125030517578125 113.2937469482421875 109.5749969482421875 106.4499969482421875 103.34375 100.6875 99.2375030517578125 98.6999969482421875 98.58750152587890625 98.99375152587890625 99.03125 98.40000152587890625 97.90000152587890625 95.09999847412109375 89.90625 82.5187530517578125 75.3000030517578125 69.59375 63.84999847412109375
187.443756103515625 183.350006103515625 179.875 177.71875 175.8000030517578125 174.3312530517578125 172.7937469482421875 169.8062591552734375 165.8312530517578125 162.7312469482421875 160.5 159.3000030517578125 158.875 159.212493896484375 159.068756103515625 160.75 160.4812469482421875 159.818756103515625 159.256256103515625 159.850006103515625 159.0812530517578125 155.3312530517578125 150.03125 143.84375 136.03125 127.65625 121.21875 115.0625 109.75624847412109375 104.7624969482421875 100.75624847412109375 98.27500152587890625 97.5187530517578125 97.99375152587890625 98.38124847412109375 98.0749969482421875 98.46875 100.33750152587890625 100.5437469482421875 95.375 86.84375 78.7375030517578125 72.7062530517578125 67.09375
182.1687469482421875 178.1437530517578125 175.2062530517578125 173.2062530517578125 171.212493896484375 170.2937469482421875 168.7687530517578125 166.056243896484375 163.0749969482421875 160.600006103515625 157.6875 155.287506103515625 154.506256103515625 154.7062530517578125 154.9875030517578125 155.2062530517578125 153.1374969482421875 151.7375030517578125 150.725006103515625 150.6437530517578125 150.21875 149.931243896484375 149.600006103515625 149.5500030517578125 145.3562469482421875 137.53125 129.7687530517578125 121.56874847412109375 113.75 106.2687530517578125 100.75 96.7937469482421875 95.49375152587890625 95.90000152587890625 95.6687469482421875 94.7687530517578125 97.88124847412109375 101.3874969482421875 104.78125 101.6687469482421875 95.36875152587890625 86.52500152587890625 78.4187469482421875 70.96250152587890625
174.9499969482421875 171.7312469482421875 170.118743896484375 168.875 166.9875030517578125 166.1687469482421875 164.9812469482421875 162.787506103515625 160.2687530517578125 157.0749969482421875 153.787506103515625 150.7937469482421875 148.6687469482421875 147.756256103515625 147.15625 146.2375030517578125 142.662506103515625 140.7624969482421875 140.0124969482421875 140.412506103515625 141.0187530517578125 143.243743896484375 147.618743896484375 153.4499969482421875 154.256256103515625 144.8625030517578125 136.375 125.8312530517578125 115.61875152587890625 106.61875152587890625 100.47499847412109375 96.91249847412109375 93.4250030517578125 91.1687469482421875 89.97499847412109375 91.90000152587890625 96.4875030517578125 105.9875030517578125 116.13124847412109375 111.9562530517578125 105 94.8000030517578125 84.16249847412109375 75.9812469482421875
166.725006103515625 164.5625 164.100006103515625 163.3625030517578125 162.15625 162.131256103515625 161.381256103515625 159.2375030517578125 156.693756103515625 153.743743896484375 150.3937530517578125 145.9499969482421875 142.28125 139.1999969482421875 137.1374969482421875 134.6999969482421875 130.943756103515625 128.3562469482421875 128.243743896484375 128.5749969482421875 130.493743896484375 134.4499969482421875 140.975006103515625 149.2375030517578125 152.6062469482421875 147.024993896484375 140.7687530517578125 129.212493896484375 116.8312530517578125 105.625 98.19374847412109375 94.1374969482421875 92.8874969482421875 92.5187530517578125 88.9250030517578125 84.84999847412109375 94.4187469482421875 106.6750030517578125 114.8562469482421875 115.2687530517578125 109.4375 100.18125152587890625 90 81.86875152587890625
157.368743896484375 157.181243896484375 157.7312469482421875 158.0124969482421875 157.9250030517578125 157.9812469482421875 157.350006103515625 155.7937469482421875 154.1062469482421875 150.65625 145.943756103515625 140.7062530517578125 135.1750030517578125 130.225006103515625 127.05625152587890625 124.69374847412109375 120.96875 117.7937469482421875 117.4499969482421875 117.4250030517578125 120.06874847412109375 127 132.1125030517578125 140.4875030517578125 145.1687469482421875 145.0500030517578125 139.631256103515625 129.59375 118.4187469482421875 105.47499847412109375 95.6999969482421875 94.84999847412109375 98.65625 97.8249969482421875 94.93125152587890625 92.86875152587890625 98.80625152587890625 106.83750152587890625 112.9187469482421875 114.47499847412109375 111.2312469482421875 106.03749847412109375 96.13124847412109375 88.1999969482421875
