data/historical-monthly-weather-data/wc2.1_cruts4.09_10m_tmax_2015-09.asc
ncols        45
nrows        45
xllcorner    -63.500000000000
yllcorner    -7.500000000000
cellsize     0.166666666667
NODATA_value -9999
34.0 34 34 34 34 34 34 34 34 34 34 34 34 34 34 34 34.0625 34 34 34 34 34 34 34 34 34 33.875 33.1875 33 33 33 33.4375 33.5625 33 33 33 33 33 33 33 33 33 33 32.1875 33 
34 34 34 33.8125 33.375 34 34 34 34 34 34 34 34 34 34 34 34 34 34 34 34 33.875 33.8125 33.8125 33.9375 34 34 33.1875 33 33.0625 33.1875 33.3125 33.4375 33 33 32.6875 33 33 33 33 33 33 33 32.4375 33 
33.9375 34 34 33.25 33.5 34 34 34 34 34 34 34 34 34 34 34 34 34 34 34 34 33.8125 33.9375 33.9375 33.3125 34 33.875 33 33.1875 33.9375 33.1875 33.5 33.8125 33.4375 33 33 33 33 33 33.125 33.1875 33 33 33 33 
33.625 33.1875 33.625 33.4375 33.9375 34 34 34 34 34 34 34 34 34 34 34 34 34 34 34 33.3125 33.375 34 33.9375 33.8125 34 33.8125 33.4375 33.9375 34 33.9375 33.4375 33.9375 34 33.875 33.875 33.375 33 33 33.6875 33.0625 33 33 33 32.875 
34 34 33.1875 33.1875 34 34 34 34 34 34 34 34 34 34 34 34 34 34 34 34 33.8125 33.6875 34 33.9375 33.8125 34 34 33.875 33.625 34 34 33.9375 33.6875 33.75 34 33.9375 33.875 33.4375 33.125 33.625 33 33 33 33 33 
34 34 33.8125 33.125 33.3125 34 34 34 34 34 34 34 34 34 34 34 34 34 34 34 33.75 33.8125 33.9375 34 34 34 34 34 33.8125 34 34 34 33.8125 33.125 33.25 33.75 33.0625 33.875 33.875 33.375 33 33 33 33 33 
34 34 34 33.875 33.875 34 34 34 34 34 34 34 34 34 34 34 34 34 34 34 34 34 34 34 34 34 34 34 33.9375 34 34 34 34 33.75 33.375 33.0625 33.5 33.875 34 33.6875 33.6875 33.375 33.4375 33.25 33.125 
34 34 34 34 34 34 34 34 34 34 34 34 34 34 34 34 34 34 34 34 34 34 34 34 34 34 34 34 34 34 34 34 34 33.75 33.9375 33.6875 33.9375 34 34 34 34 34 33.9375 33.8125 33.6875 
34 34 34 34 34 34 34 34 34 34 34 34 34 34 34 34 34 34 34 34 34 34 34 34 34 34 34 34 34 34 34 33.9375 34 34 34 34 34 34 33.75 34 34 34 33.8125 33.1875 33.5 
34 34 34 34 34 34 34 34 34 34 34 34 34 34 34 34 34 34 34 34.1875 34.125 34 34 34 34 34 34 34 34 34 34 34 34 34 34 34 34 34 33.625 33.5 33.1875 33.125 33.0625 33.375 33.4375 
34 34 34 34 34 34 34 34 34 34 34 34 34 34 34 34 34 34 34 34.0625 34 34.1875 34.4375 34.625 34.3125 34 34 34 34 34.125 34.125 34 34 34 34 34 34 34 34 33.8125 33.625 33.3125 33.5 33.75 33.5625 
34 34 34 34 34 34 34 34 34 34 34 34 34 34 34 34 34 34.125 34 34 34 34 34.0625 34.375 34.4375 34 34 34.0625 34 34 34.375 34.4375 34 34 34 34 34 34 34 34 34 34 33.9375 34 34 
34 34 34 34 34 34 34 34 34 34.0625 34 34 34 34 34 34 34.0625 34 34 34 34 34 34 34 34.6875 34.8125 34.5625 34.5625 34.5625 34.1875 34 34.375 34.5 34 34 34 34 34 34 34 34 34 34.125 34 34 
34.375 34.5625 34.75 34.3125 34 34 34.1875 34.5 34.5 34.125 34.25 34.3125 34.25 34.1875 34 34.125 34.5625 34.25 34.3125 34.0625 34.125 34.1875 34.5 34.1875 34.5 35 35 35 35 35 35 34.6875 35 34.375 34 34 34 34 34 34 34.0625 34 34 33.875 33.625 
35 35 35 35 34.9375 34.875 35 35 35 34.625 34.5 34.625 35 34.4375 34.6875 34.5625 34.9375 34.75 34.5 34.6875 34.1875 34 34.4375 35 34.5 34.3125 34.8125 34.9375 35 34.9375 35 35 35 35 34.75 35 34.6875 34.375 34.75 34.6875 34.125 34 34 33.9375 33.3125 
35 35 35 35 35 35 35 35 35 34.9375 34.9375 35 35 35 35 35 35 35 35 34.875 34.4375 34.125 34.875 35 35 34.75 34.6875 34.875 34.9375 35 35 35 35 35 35 35 35 34.9375 34.6875 34.25 34.25 34 34 33.125 33 
35 35 35 35 35 35 35 35 35 35 35 35 35 35 35 35 35 35 35 35 35 34.875 35 35 35 35 35 35 35 35 35 35 35 35 35 35 35 35 35 34.8125 34.375 34 33.875 33.0625 33 
35 35 35 35 35 35 35 35 35 35 35 35 35 35 35 35 35 35 35 35 35 35 35 35 35 35 35 35 35 35 35 35 35 35 35 35 35 35 34.6875 34.75 34.25 34.0625 33.8125 33.125 33 
35 35 35 35 35 35 35 35 35 35 35 35 35 35 35 35 35 35 35 35 35.125 35.3125 35 35 35 35 35.0625 35 35 35 35.25 35 35 35 35 35 35 35 34.6875 34.625 34 34 34 33.375 33 
35 35 35 35 35 35 35 35 35 35 35 35 35 35 35 35 35 35 35 35 35 35 35 35.125 35.3125 35.4375 35.25 35.0625 35.125 35 35 35 35 35 35 35 35 35 35 34.4375 34 34 34 33.5 33.0625 
35 35 35 35 35 35 35 35 35 35 35 35 35 35 35 35 35 35 35 35 35 35 35 35 35.5 36 36 36 35.5625 35.6875 35.375 35.125 35 35 35 35 35 35 35 35 34.25 34 34 33.875 33 
35 35 35 35 35 35 35 35 35 35 35 35 35 35 35 35 35 35 35 35.0625 35 35 35.0625 35.4375 35.75 36 36 36 36 35.9375 35 35.0625 35 35 35 35 35 35 35 35 34.3125 34 34 33.9375 33 
35 35 35 35 35 35 35 35 35 35 35 35 35 35 35 35 35.1875 35.0625 35.1875 35.125 35 35.0625 35.875 36 35.8125 36 36 36 36 36 35.6875 35 35 35 35 35 35 35 35 34.8125 34.4375 34 34 34 33.0625 
35 35 35 35 35 35 35 35 35 35 35 35 35 35 35 35.125 35.75 35.3125 35.5 35.5 35.625 35.875 36 36 36 36 36 36 36 36 36 35.1875 35 35 35 35 35 35 35 34.8125 34.0625 34 34 34 33.6875 
35 35 35 35 35 35 35 35 35 35 35.125 35.0625 35 35.125 35.75 35.9375 36 35.9375 36 36 36 36 36 36 36 36 36 36 36 36 36 35.8125 35.75 35.125 35 35 35 35 35 34.9375 34 34 34 34 34 
35 35 35 35 35 35 35.0625 35.25 35.9375 36 35.6875 35.25 35.5 35.9375 36 36 36 36 36 36 36 36 36 36 36 36 36 36 36 36 36 36 36 35.5 35 35 35 35 35 34.9375 34 34 34 34 34.5625 
35 35 35 35 35 35.0625 35.4375 35.875 35.875 36 35.8125 36 36 36 36 36 36 36 36 36 36 36 36 36 36 36 36 36 36 36 36 36 35.9375 35.0625 35.125 35.1875 35 35 35 34.8125 34.0625 34 34 34.3125 34.0625 
35 35 35 35 35.4375 35.9375 36 36 36 36 36 36 36 36 36 36 36 36 36 36 36 36 36 36 36 36 36 36 36 36 36 36 35.25 35.25 35.5625 35 35 35 35 34.6875 34.0625 34 34 34 34 
35.125 35.125 35.25 35.625 36 36 36 36 36 36 36 36 36 36 36 36 36 36 36 36 36 36 36 36 36 36 36 36 36 36 36 35.9375 35.25 35.625 35.0625 35 35.0625 35 34.8125 34.8125 34.8125 34.25 34.0625 34 33.875 
35.625 35.8125 36 36 36 36 36 36 36 36 36 36 36 36 36 36 36 36 36 36 36 36 36 36 36 36 36 36 36 36 36 36 35.75 35.375 35 35 35 34.75 34.75 34.9375 34.25 34 34.0625 34 33.875 
36 36 36 36 36 36 36 36 36 36 36 36 36 36 36 36 36 36 36 36 36 36 36 36 36 36 36 36 36 36 36 35.875 35.5625 35 35 35 35 34.4375 34.5 34.875 34.4375 34 34 34 34 
36 36 36 36 36 36 36 36 36 36 36 36 36 36 36 36 36 36 36 36 36 36 36 36 36 36 36 36 36 36 36 35.6875 35.125 35.0625 35 35 35 34.625 35 34.75 34.375 34 34 33.9375 34 
36 36 36 36 36 36 36 36 36 36 36.0625 36 36 36.0625 36 36 36 36 36 36 36 36 36 36 36 36 36 36 36 36 35.8125 35.1875 35 35.0625 35 35 34.9375 34.9375 35 34.75 34.25 34 34 34 34 
36 36 36 36 36 36 36 36 36 36 36 36 36 36 36 36 36 36 36 36 36 36 36 36 36 36 36 36 36 36 35.5 35 35 35 35 35 35 35 34.9375 34.25 34.375 34.0625 33.8125 34 33.9375 
36 36 36 36 36 36 36 36 36 36 36 36 36 36.125 36 36 36 36 36 36 36 36 36 36 36 36 36 36 35.9375 35.6875 35.0625 35 35 35 35 35 35 34.8125 34.875 34.3125 34 34 33.9375 34 34 
36 36 36 36 36 36 36 36 36 36 36 36 36 36.125 36 36 36 36 36 36 36 36 36 36 36 36 36 36 35.6875 35.5 35 35 35 35 35 35 35 34.8125 34.9375 34.625 34.0625 34 34 34 33.9375 
36 36 36 36 36 36 36 36 36 36 36 36 36 36 36 36 36 36 36 36 36 36 36 36 36 36 36 35.625 35.5 35 35 35 35 35 35 35 35 34.625 34.0625 34.25 34 34 34 33.9375 33.5 
36 36 36 36 36 36 36 36 36 36 36 36 36 36 36 36 36 36 36 36 36 36 36 36 36 36 36 35.5 35.1875 35 35 35 35 35 35 35 35 35 34 34 34 34 34 34 34 
36 36 36 36 36 36 36 36 36 36 36 36 36 36 36 36 36 36 36 36 36 36 36 36 35.9375 36 36 35.3125 35 35 35 35 35.125 35 35 35 35 34.375 34 34 34 33.875 33.875 34 33.875 
36 36 36 36 36 36 36 36 36 36 36 36 36 36 36 36 36 36 36 36 36 36 36 36 35.4375 35.5625 36 35.125 35 35 35 35 35 35 34.9375 35 35 34.625 34 34 34 33.6875 33.625 34 34 
36 36 36 36 36 36 36 36 36 36 36 36 36 36 36 36 36 36 36 36 36 35.8125 35.5625 35.8125 35.0625 35.0625 35.9375 35.125 35 35 35 34.75 34.75 35 34.875 34.75 35 34.25 34 34 34 33.75 34 34 34 
35.5 36 36 36 36 36 36 36 36 36 36 36 36 36 36 36 36 36 36 36 36 35.75 35.1875 35.125 35 35.0625 35.5 35 35 35 35 34.75 34.25 34.75 34.8125 34.9375 35 34.3125 34 34 34 34 34 34 34 
35 36 36 36 36 36 36 36 36 36 36 36 36 36 36 36 36 36 36 35.9375 35.6875 36 35.625 35.1875 35 35 35 35 35 35 35 35 35 34.5625 34.4375 34.1875 34.1875 34.125 34 34 34 33.9375 34 34 34 
34.875 35.9375 36 36 36 36 36 36 36 36 36 36 36 36 36 36 36 36 35.6875 35.0625 35 35.75 35.375 35.125 35 35 35 35 35 35 35 35 35 34.875 34.125 34.0625 34.125 34 34.0625 34 34 34 34 34 34 
34.8125 35.875 36 36 36 36 36 36 36 36 36 36 36 36 36 36 36 36 35.4375 35 35 35 35 35 35 35 35 35 35 35 35 35 35 35 34.6875 34.3125 34 34 34 34 34 34 34 34 34 
