data/historical-monthly-weather-data/wc2.1_cruts4.09_10m_prec_1969-10.asc
ncols        45
nrows        45
xllcorner    -63.500000000000
yllcorner    -7.500000000000
cellsize     0.166666666667
NODATA_value -9999
[rows 0 to 18 of 45, columns 0 to 43 of 45]
65.42499542236328125 58.706249237060546875 55.825000762939453125 54.53125 53.13124847412109375 53.112499237060546875 52.61875152587890625 52.34999847412109375 53.25624847412109375 54.825000762939453125 57.262500762939453125 60.71875 63.99375152587890625 66.47499847412109375 70.13124847412109375 73.69374847412109375 76.94374847412109375 78.80625152587890625 80.9250030517578125 82.53125 82.49375152587890625 81.7687530517578125 81.2937469482421875 80.7937469482421875 80.58750152587890625 80.7375030517578125 81.3625030517578125 82.30625152587890625 83.0437469482421875 80.00624847412109375 76.59999847412109375 73.35625457763671875 70.81874847412109375 68.5625 66.66249847412109375 65.96250152587890625 65.375 64.7687530517578125 64.90000152587890625 65.03125 65.1374969482421875 65.00624847412109375 64.2937469482421875 63.231250762939453125
64.40000152587890625 57.94374847412109375 55.84375 55.237499237060546875 54.9375 54.72499847412109375 54.456249237060546875 54.825000762939453125 56.59999847412109375 58.43125152587890625 60.53125 63.53749847412109375 66.36875152587890625 68.8562469482421875 72.15000152587890625 75.5749969482421875 78.2312469482421875 81.2624969482421875 84.43125152587890625 87.19374847412109375 86.84375 86.2624969482421875 85.71875 84.75624847412109375 83.84375 82.84999847412109375 83.24375152587890625 83.72499847412109375 83.6437530517578125 79.8874969482421875 76.71875 74.00624847412109375 72.00624847412109375 70.4812469482421875 68.7062530517578125 68.2624969482421875 68.4250030517578125 68.3249969482421875 69.00624847412109375 69.52500152587890625 70.125 70.24375152587890625 69.68125152587890625 68.6125030517578125
64.6062469482421875 59.24375152587890625 57.606250762939453125 57.637500762939453125 57.88124847412109375 58.356250762939453125 59.15625 60.581249237060546875 63.087497711181640625 65.1062469482421875 66.65000152587890625 68.8000030517578125 70.78125 72.4375 75.25624847412109375 78.1437530517578125 80.7624969482421875 83.24375152587890625 85.7375030517578125 87.90000152587890625 87.15625 86.65000152587890625 85.7624969482421875 84.2375030517578125 82.75 81.6374969482421875 81.5437469482421875 81.7312469482421875 80.7375030517578125 77.15625 74.0187530517578125 70.74375152587890625 68.63124847412109375 67.0625 65.38750457763671875 65.1062469482421875 65.19374847412109375 65.5437469482421875 66.625 67.4875030517578125 68.41249847412109375 69.06874847412109375 69.25624847412109375 69.1437530517578125
64.46875 59.856250762939453125 59.33750152587890625 59.262500762939453125 60.043750762939453125 61.387500762939453125 63.50624847412109375 66.2624969482421875 70.18125152587890625 72.6875 73.3125 74.1437530517578125 74.9375 75.86875152587890625 78.6125030517578125 81.03125 83.16249847412109375 85.0749969482421875 86.88124847412109375 88.4187469482421875 87.40000152587890625 85.9250030517578125 84.2375030517578125 82.46250152587890625 80.53125 78.8312530517578125 78.41249847412109375 78.0749969482421875 76.97499847412109375 73.1875 69.71250152587890625 66.49375152587890625 63.78749847412109375 61.612499237060546875 59.49375152587890625 59.893749237060546875 60.375 60.856250762939453125 62.34375 63.65625 64.52500152587890625 66.03749847412109375 67.16249847412109375 68.1125030517578125
67.13124847412109375 61.66249847412109375 59.86875152587890625 59.90625 61.450000762939453125 63.83750152587890625 66.875 70.6999969482421875 76.53125 80.6750030517578125 79.68125152587890625 78.46875 78.44374847412109375 79.16249847412109375 81.40625 83.3937530517578125 85.3937530517578125 85.99375152587890625 86.72499847412109375 87.41249847412109375 86.375 84.3625030517578125 82.19374847412109375 80.21250152587890625 77.88124847412109375 75.8125 74.66249847412109375 74.3312530517578125 73.4499969482421875 69.0124969482421875 65.1437530517578125 61.5625 58.99375152587890625 56.606250762939453125 54.606250762939453125 54.825000762939453125 55.456249237060546875 56.28125 57.831249237060546875 59.31874847412109375 60.493747711181640625 62.3125 64.46875 66.19374847412109375
69.71875 64.68125152587890625 61.625 59.84999847412109375 61.96875 65.50624847412109375 68.83750152587890625 72.8000030517578125 78.74375152587890625 84.05625152587890625 81.94374847412109375 80.34999847412109375 80.66249847412109375 81.3000030517578125 83.08124542236328125 85.21875 86.5 86.2687530517578125 86.3000030517578125 86.11875152587890625 84.68125152587890625 82.6437530517578125 80.4562530517578125 77.58750152587890625 74.93125152587890625 72.4875030517578125 70.9812469482421875 69.98125457763671875 69.1374969482421875 64.84375 61.16249847412109375 58.21875 55.88124847412109375 54.043750762939453125 52.49375152587890625 53.049999237060546875 53.9375 55.25 57.237499237060546875 58.200000762939453125 58.3125 60.043750762939453125 61.90625 63.875
73.9187469482421875 69.02500152587890625 65.75 63.40625 64.3562469482421875 66.7937469482421875 69.3874969482421875 71.83750152587890625 75.0500030517578125 77.2937469482421875 78.4499969482421875 79.71250152587890625 81.34999847412109375 82.8249969482421875 84.49375152587890625 86.4499969482421875 87.59999847412109375 86.27500152587890625 85.0812530517578125 84.38124847412109375 82.8937530517578125 80.8000030517578125 78.28749847412109375 75.18125152587890625 72.1999969482421875 69.3249969482421875 67.6750030517578125 66.125 64.46250152587890625 60.83750152587890625 57.450000762939453125 54.5625 52.731250762939453125 51.543750762939453125 50.6875 51.200000762939453125 52.27500152587890625 53.75624847412109375 56.21875 56.24375152587890625 55.793750762939453125 56.65000152587890625 58.268749237060546875 60.293750762939453125
78.8312530517578125 73.8312530517578125 71.18125152587890625 69.6999969482421875 69.33750152587890625 70.4499969482421875 70.58750152587890625 69.5749969482421875 68.44374847412109375 69.63124847412109375 73.71250152587890625 77.6999969482421875 81.27500152587890625 83.77500152587890625 85.9812469482421875 87.58750152587890625 88.4187469482421875 86.31874847412109375 84.34375 83.13124847412109375 81.49375152587890625 79.11875152587890625 76.375 73.01874542236328125 69.59999847412109375 66.125 63.90625 61.737499237060546875 59.706249237060546875 56.049999237060546875 53.206249237060546875 50.91249847412109375 49.731250762939453125 49.125 48.59375 49.16249847412109375 49.84999847412109375 51.00624847412109375 52.15625 52.075000762939453125 51.40000152587890625 51.61875152587890625 52.375 53.5625
83.8000030517578125 79.5749969482421875 77.5 75.9375 75.1374969482421875 74.9499969482421875 73.7687530517578125 70.53749847412109375 66.27500152587890625 65.5500030517578125 71.3000030517578125 76.9812469482421875 81.90625 85.00624847412109375 86.84999847412109375 88.0187530517578125 88.33750152587890625 86.9250030517578125 85.6062469482421875 84.00624847412109375 81.74375152587890625 79.13124847412109375 75.3625030517578125 71.94374847412109375 67.7312469482421875 63.518749237060546875 60.59375 58.799999237060546875 56.78125 53.46875 51.31874847412109375 49.587497711181640625 48.643749237060546875 48.18125152587890625 47.80625152587890625 48.606250762939453125 49.47499847412109375 50.043750762939453125 50.09375 49.575000762939453125 48.46875 47.674999237060546875 47.59999847412109375 47.30625152587890625
89.3125 85.49375152587890625 83.46875 82.30625152587890625 81.68125152587890625 81.0437469482421875 79.15000152587890625 75.38124847412109375 71.8937530517578125 71.1875 74.27500152587890625 78.7624969482421875 83.6875 87.1437530517578125 88.30625152587890625 88.7624969482421875 88.3874969482421875 87.6687469482421875 86.93125152587890625 86.1999969482421875 83.15625 79.53125 74.875 70.28125 65.0187530517578125 60.41249847412109375 57.762500762939453125 55.518749237060546875 53.6875 51.206249237060546875 49.299999237060546875 48.24375152587890625 47.68125152587890625 47.618747711181640625 47.706249237060546875 48.481250762939453125 49.081249237060546875 49.28749847412109375 48.74375152587890625 47.356250762939453125 45.63124847412109375 44.02500152587890625 42.537502288818359375 41.21250152587890625
95.16249847412109375 91.5812530517578125 89.50624847412109375 88.44374847412109375 87.9812469482421875 88.53125 86.88124847412109375 82.46250152587890625 79.36875152587890625 78.53125 79.97499847412109375 83.09999847412109375 86.53749847412109375 89.8125 90.09375 89.38124847412109375 88.65000152587890625 88.38124847412109375 88.34375 88.2062530517578125 85.5625 80.6687469482421875 74.6999969482421875 68.24375152587890625 62.956249237060546875 58.487499237060546875 55.918750762939453125 53.6875 51.41249847412109375 49.5625 48.331249237060546875 47.68125152587890625 47.46875 47.5625 47.63124847412109375 48.143749237060546875 48.53125 48.1875 47.012500762939453125 45.018749237060546875 42.6875 40.41249847412109375 38.418750762939453125 36.112499237060546875
100.625 96.9812469482421875 95.0437469482421875 94.28125 94.1437530517578125 95.21250152587890625 94.5812530517578125 89.5749969482421875 86.80625152587890625 85.53125 85.83750152587890625 87.50624847412109375 89.22499847412109375 91.3249969482421875 91.7312469482421875 90.8874969482421875 90.25 90.0437469482421875 90.16249847412109375 90.6875 88.8312530517578125 83.1437530517578125 75.8625030517578125 68.43125152587890625 62.03125 56.78125 54.00624847412109375 52.34375 50.75624847412109375 49.59999847412109375 48.512500762939453125 48.09375 47.75 47.831249237060546875 47.99375152587890625 48.262500762939453125 48.299999237060546875 47.88124847412109375 45.987499237060546875 43.575000762939453125 40.46250152587890625 37.71250152587890625 35.268749237060546875 32.91249847412109375
105.61875152587890625 102.1125030517578125 100.21875 99.09999847412109375 98.7687530517578125 99.3000030517578125 97.8249969482421875 94.6875 92.6125030517578125 92.05625152587890625 92.11875152587890625 91.97499847412109375 92.3625030517578125 92.27500152587890625 92.4499969482421875 92.25 91.44374847412109375 91.4187469482421875 91.56874847412109375 91.6125030517578125 90.2624969482421875 84.4375 76.40000152587890625 68.625 60.06874847412109375 54.28749847412109375 53.043750762939453125 51.668750762939453125 50.65625 49.83750152587890625 49.075000762939453125 48.487499237060546875 48.293750762939453125 48.06874847412109375 48.206249237060546875 48.47499847412109375 48.362499237060546875 48.0625 46.03749847412109375 42.512500762939453125 39.06874847412109375 36.30625152587890625 33.31874847412109375 29.174999237060546875
109.69374847412109375 106.13124847412109375 104.2624969482421875 102.91249847412109375 101.9562530517578125 101.96875 100.66249847412109375 98.91249847412109375 98.0187530517578125 97.4562530517578125 97.15000152587890625 95.7687530517578125 94.5812530517578125 93.72499847412109375 92.7624969482421875 92.75624847412109375 91.84375 91.3562469482421875 90.88124847412109375 90.25624847412109375 87.875 82.29375457763671875 75.61875152587890625 68.61875152587890625 61.13124847412109375 55.5625 53.768749237060546875 52.206249237060546875 50.924999237060546875 49.93125152587890625 49.174999237060546875 48.887500762939453125 48.5625 48.375 48.52500152587890625 48.924999237060546875 49.02500152587890625 49.0625 47.012500762939453125 43.65000152587890625 39.325000762939453125 35.125 31.743749618530273438 28.5625
111.5187530517578125 108.1875 105.9875030517578125 104.7375030517578125 103.7062530517578125 103.5437469482421875 103.40625 102.4875030517578125 101.5 101.1062469482421875 100.77500152587890625 98.75624847412109375 96.8125 95.43125152587890625 94.1437530517578125 94.0187530517578125 92.7375030517578125 91.30625152587890625 89.9499969482421875 89.03749847412109375 86.15000152587890625 81.4499969482421875 76.15000152587890625 71.2687530517578125 65.86875152587890625 60.543750762939453125 57.5625 54.94374847412109375 52.731250762939453125 51.081249237060546875 49.90625 49.299999237060546875 48.956249237060546875 49.081249237060546875 49.25624847412109375 49.450000762939453125 50.081249237060546875 51.33750152587890625 50.831249237060546875 47.518749237060546875 42.56874847412109375 37.74375152587890625 34.00624847412109375 30.706249237060546875
112.1999969482421875 108.74375152587890625 106.94374847412109375 105.9250030517578125 105 105.41249847412109375 105.5500030517578125 104.9562530517578125 104.46250152587890625 104.2624969482421875 103.3312530517578125 100.2687530517578125 97.90000152587890625 96.3000030517578125 95.4375 94.63124847412109375 92.40625 90.3874969482421875 88.6062469482421875 87.1062469482421875 83.77500152587890625 80.22499847412109375 76.78125 74.6687469482421875 70.74375152587890625 65.41249847412109375 61.893749237060546875 58.34999847412109375 55.03125 52.393749237060546875 50.69374847412109375 49.512500762939453125 48.88124847412109375 49 48.83750152587890625 48.706249237060546875 50.71875 52.78749847412109375 54.05625152587890625 51.84375 47.987499237060546875 42.549999237060546875 37.549999237060546875 33.19374847412109375
111.53749847412109375 108.38124847412109375 107.49375152587890625 107.08750152587890625 106.36875152587890625 107.06874847412109375 107.65000152587890625 107.5500030517578125 107.25624847412109375 106.4375 105.09999847412109375 101.46250152587890625 98.06874847412109375 95.68125152587890625 94.4187469482421875 93.1062469482421875 90.08750152587890625 87.61875152587890625 85.8874969482421875 84.5187530517578125 81.1875 78.34999847412109375 76.7062530517578125 77.2937469482421875 75.5749969482421875 69.27500152587890625 65.4375 60.868747711181640625 56.456249237060546875 53.237499237060546875 51.375 50.543750762939453125 48.75624847412109375 47.50624847412109375 46.84375 48.106250762939453125 50.825000762939453125 56.08750152587890625 60.96250152587890625 58.22499847412109375 54 47.66249847412109375 41.21250152587890625 36.34999847412109375
109.80625152587890625 106.8874969482421875 106.743743896484375 106.6687469482421875 106.44374847412109375 107.75 108.71875 108.71875 108.4499969482421875 107.83750152587890625 106.5124969482421875 102.1374969482421875 98.0187530517578125 94.5187530517578125 92.46250152587890625 90.2624969482421875 87.15625 84.3874969482421875 83.1999969482421875 81.8312530517578125 78.5625 75.88124847412109375 74.69374847412109375 76.5 76.09375 71.61875152587890625 68.875 63.8125 58.33750152587890625 54.00624847412109375 51.518749237060546875 50.40000152587890625 49.706249237060546875 49.325000762939453125 47.25624847412109375 45.1875 50.44374847412109375 57.075000762939453125 60.94374847412109375 60.56874847412109375 56.893749237060546875 51.174999237060546875 45.049999237060546875 40.293750762939453125
107.06874847412109375 105.05625152587890625 105.54999542236328125 106.21250152587890625 106.75624847412109375 108.2062530517578125 109.30625152587890625 109.77500152587890625 110.19374847412109375 109.3000030517578125 107.06874847412109375 102.46250152587890625 97.40625 92.8937530517578125 90.19374847412109375 88.1062469482421875 85.0500030517578125 81.96875 80.8249969482421875 79.28125 75.78749847412109375 74.1062469482421875 71.44374847412109375 73.3937530517578125 73.7687530517578125 72.05625152587890625 69.7687530517578125 65.43125152587890625 60.518749237060546875 55.28125 51.487499237060546875 52.143749237060546875 54.112499237060546875 53.325000762939453125 51.46875 50.28125 53.46875 57.700000762939453125 60.456249237060546875 60.69374847412109375 58.362499237060546875 54.956249237060546875 49.15625 44.606250762939453125
