data/historical-monthly-weather-data/wc2.1_cruts4.09_10m_prec_2008-10.asc
ncols        45
nrows        45
xllcorner    -63.500000000000
yllcorner    -7.500000000000
cellsize     0.166666666667
NODATA_value -9999
[rows 0 to 18 of 45, columns 0 to 43 of 45]
185.712493896484375 183.181243896484375 180.6125030517578125 181.1999969482421875 180.4250030517578125 178.65625 174.3874969482421875 170.2687530517578125 166.0437469482421875 163.5 162.9562530517578125 160.90625 157.943756103515625 152.962493896484375 148.1374969482421875 143.2937469482421875 138.493743896484375 132.693756103515625 127.96875 123.4250030517578125 120.3625030517578125 117.03125 114.15000152587890625 111.4187469482421875 109.1437530517578125 107.27500152587890625 105.3625030517578125 103.7687530517578125 102.72499847412109375 102.1125030517578125 101.90000152587890625 101.8937530517578125 102.5500030517578125 103.6750030517578125 105.27500152587890625 107.3625030517578125 109.5 111.4562530517578125 113.1062469482421875 114.54375457763671875 115.90000152587890625 116.6437530517578125 116.28749847412109375 115.09375
182.6875 180.09375 180.53125 184.09375 187.806243896484375 185.431243896484375 181.9562530517578125 179.9250030517578125 178.149993896484375 176.024993896484375 174.087493896484375 170.09375 165.4187469482421875 159.9625091552734375 154.0187530517578125 148.6374969482421875 142.225006103515625 136.09375 130.65625 126.00624847412109375 122.40625 119.44374847412109375 116.72499847412109375 114.1750030517578125 111.80625152587890625 109.25624847412109375 107.7687530517578125 106.2937469482421875 104.94374847412109375 103.97499847412109375 104.66249847412109375 105.88124847412109375 107.5124969482421875 109.875 111.78125 113.9375 116.90000152587890625 119.25624847412109375 121.25 122.72499847412109375 124.3625030517578125 125.3562469482421875 125.21875 123.9375
174.9187469482421875 173.181243896484375 173.8874969482421875 178.3249969482421875 182.850006103515625 183.7937469482421875 184.8874969482421875 187.287506103515625 188.568756103515625 187.65625 184.7624969482421875 178.9562530517578125 172.7312469482421875 165.8312530517578125 158.9187469482421875 152.475006103515625 146.2312469482421875 140.375 135.068756103515625 130.600006103515625 127.09375 124.83750152587890625 122.19374847412109375 119.1062469482421875 116.18125152587890625 113.61875152587890625 111.625 109.84999847412109375 107.4375 107.0749969482421875 108.34375 109.43125152587890625 111.4375 114.43125152587890625 117.125 119.58750152587890625 122.36875152587890625 125.34999847412109375 127.53749847412109375 128.899993896484375 130.40625 131.2624969482421875 131.181243896484375 130.618743896484375
165.4250030517578125 163.4375 165.84375 168.556243896484375 173.399993896484375 177.8000030517578125 184.0812530517578125 191.4875030517578125 197.743743896484375 199.225006103515625 194.78125 186.5437469482421875 178.2687530517578125 170.493743896484375 163.6750030517578125 156.3874969482421875 149.662506103515625 144.75 140.2624969482421875 136.46875 133.4250030517578125 130.5 127.21875 123.9875030517578125 120.53125 117.24375152587890625 114.7687530517578125 112.2375030517578125 109.7062530517578125 109.4499969482421875 110.84999847412109375 112.6750030517578125 114.3937530517578125 117.0812530517578125 119.6750030517578125 123.59375 127.27500152587890625 130.5437469482421875 133.024993896484375 134.493743896484375 134.899993896484375 135.9875030517578125 136.1437530517578125 136.25
163.243743896484375 157.306243896484375 155.3312530517578125 157.181243896484375 162.931243896484375 170.743743896484375 180.2937469482421875 191.412506103515625 203.5749969482421875 210.337493896484375 203.0187530517578125 190.8000030517578125 181.71875 174.4499969482421875 167.037506103515625 159.350006103515625 152.9812469482421875 147.8312530517578125 143.693756103515625 140.40625 138.2562408447265625 135.1374969482421875 131.774993896484375 128.3874969482421875 124.4875030517578125 120.7375030517578125 117.1437530517578125 114.6374969482421875 112.4499969482421875 111.5187530517578125 112.78125 114.47499847412109375 116.93125152587890625 119.84999847412109375 123.28125 127.03749847412109375 131.118743896484375 135.274993896484375 137.306243896484375 138.493743896484375 138.600006103515625 138.8562469482421875 139.662506103515625 140.024993896484375
159.28125 153.149993896484375 147.881256103515625 144.9875030517578125 151.631256103515625 162.2624969482421875 172.6374969482421875 184.1374969482421875 196.975006103515625 207.4499969482421875 198.7687530517578125 187.1687469482421875 180.193756103515625 173.912506103515625 167.412506103515625 161.7375030517578125 155.7687530517578125 151.399993896484375 148.3249969482421875 145.4499969482421875 143.1999969482421875 140.337493896484375 137.1437530517578125 132.4812469482421875 128.1437530517578125 123.88124847412109375 119.70000457763671875 116.1437530517578125 114.0124969482421875 112.77500152587890625 113.6999969482421875 115.97499847412109375 117.9812469482421875 121.0124969482421875 124.4499969482421875 128.40625 132.4875030517578125 137.2062530517578125 140.125 139.787506103515625 137.21875 137.3562469482421875 137.5500030517578125 138.6687469482421875
158.524993896484375 151.631256103515625 145.993743896484375 141.9812469482421875 145.5500030517578125 153.5 162.0625 169.9562530517578125 176.6750030517578125 180.5437469482421875 181.1374969482421875 177.881256103515625 175.0437469482421875 171.8000030517578125 167.1875 163.1437530517578125 158.8125 154.8625030517578125 151.9812469482421875 150.2312469482421875 148.3874969482421875 145.71875 142.15625 137.225006103515625 132.40625 127.49375152587890625 123.05625152587890625 118.5812530517578125 114.98749542236328125 114.08750152587890625 114.7312469482421875 116.19374847412109375 117.96250152587890625 121.09375 124.72499847412109375 127.80625152587890625 131.6125030517578125 136.0812530517578125 140.024993896484375 137.3312530517578125 133.368743896484375 131.850006103515625 132.0124969482421875 133.787506103515625
158.943756103515625 151 146.8125 144.90625 145.53125 150.7312469482421875 154.006256103515625 154.3125 151.9187469482421875 154.212493896484375 162.1374969482421875 166.0749969482421875 168.4562530517578125 168.4499969482421875 167.0812530517578125 164.5749969482421875 161.693756103515625 158.587493896484375 156.46875 155.7624969482421875 154.28125 151.3937530517578125 147.6750030517578125 142.475006103515625 136.96875 130.912506103515625 125.36875152587890625 119.6750030517578125 115.24375152587890625 113.2062530517578125 113.8249969482421875 115.38124847412109375 117.2312469482421875 120.25 123.13124847412109375 125.4499969482421875 127.46875 130.3874969482421875 131.024993896484375 128.212493896484375 123.8249969482421875 121.4250030517578125 120.2375030517578125 120.8125
160.1062469482421875 153.368743896484375 150.681243896484375 148.806243896484375 148.6875 151.243743896484375 152 147.931243896484375 139.2937469482421875 137.725006103515625 149.243743896484375 157.1437530517578125 162.693756103515625 164.787506103515625 165.8874969482421875 166.0187530517578125 165.068756103515625 164.2375030517578125 164.024993896484375 163.256256103515625 161.2375030517578125 158.4812469482421875 153.2375030517578125 147.9875030517578125 140.9499969482421875 133.350006103515625 126.1125030517578125 120.8937530517578125 116.0124969482421875 112.9875030517578125 113.08750152587890625 113.90625 114.74375152587890625 116.55625152587890625 118.2062530517578125 120.03749847412109375 121.5187530517578125 122.0437469482421875 120.13124847412109375 116.6750030517578125 111.84375 107.96875 105.7375030517578125 103.7937469482421875
161.8874969482421875 155.818756103515625 153.350006103515625 152.5437469482421875 152.943756103515625 154.8249969482421875 154.462493896484375 149.774993896484375 143.350006103515625 142.100006103515625 147.96875 153.53125 159.318756103515625 162.78125 165.84375 168.2312469482421875 169.212493896484375 170.5437469482421875 171.9250030517578125 173.4375 170.5625 166.5187530517578125 159.90625 152.3249969482421875 142.962493896484375 134.40625 127.40625 120.9562530517578125 115.9812469482421875 112.69374847412109375 111.18125152587890625 111.36875152587890625 111.58750152587890625 112.88124847412109375 114.25 114.99375152587890625 114.91249847412109375 113.83750152587890625 110.75 105.6999969482421875 100.0124969482421875 95.1437530517578125 90.6750030517578125 87.21875
163.8125 158.1062469482421875 155.8125 155.34375 156.181243896484375 160.381256103515625 160.6999969482421875 155.350006103515625 150.212493896484375 149.024993896484375 151.712493896484375 154.9562530517578125 158.3625030517578125 162.350006103515625 166.631256103515625 170.0374908447265625 173.2687530517578125 176.34375 179.71875 183.09375 181.9499969482421875 176.024993896484375 167.162506103515625 155.5 145.96875 137.556243896484375 130.318756103515625 123.49375152587890625 116.97499847412109375 113.15625 111.03749847412109375 110.2312469482421875 109.90625 110.25 110.28125 109.6125030517578125 108.31874847412109375 105.4875030517578125 101.2062530517578125 95.27500152587890625 88.8249969482421875 83.2312469482421875 78.38124847412109375 73.46875
165.46875 159.9875030517578125 158.1687469482421875 158.4375 159.9000091552734375 164.625 166.5500030517578125 160.3000030517578125 155.962493896484375 153.962493896484375 154.6999969482421875 157.2062530517578125 159.631256103515625 163.4875030517578125 168.618743896484375 172.21875 176.09375 179.8000030517578125 184.0437469482421875 189.412506103515625 191.1750030517578125 184.693756103515625 173.8874969482421875 160.1750030517578125 148.0749969482421875 137.6687469482421875 129.3000030517578125 123.1687469482421875 117.4875030517578125 113.72499847412109375 110.3312530517578125 108.55625152587890625 107.125 106.6687469482421875 106.1750030517578125 104.41249847412109375 101.8874969482421875 98.63124847412109375 93.13124847412109375 86.78125 79.31874847412109375 73.31874847412109375 68.06874847412109375 63.53125
166.149993896484375 161.368743896484375 159.8125 159.649993896484375 160.8687591552734375 164.181243896484375 164.2312469482421875 161.087493896484375 158.03125 157.287506103515625 157.787506103515625 159.3249969482421875 161.9875030517578125 164.1687469482421875 169.1062469482421875 173.868743896484375 177.381256103515625 181.931243896484375 186.7937469482421875 191.8000030517578125 195.75 190.2312469482421875 178.649993896484375 164.2937469482421875 146.962493896484375 135.1374969482421875 129.868743896484375 123.75 118.5437469482421875 114.18125152587890625 110.00624847412109375 106.5437469482421875 104.71875 103.0500030517578125 101.8625030517578125 99.6875 96.5437469482421875 93.2312469482421875 87.7687530517578125 79.78749847412109375 72.1750030517578125 66.61875152587890625 60.825000762939453125 53.325000762939453125
165.5124969482421875 161.024993896484375 159.7624969482421875 159.3562469482421875 159.568756103515625 161.5812530517578125 161.506256103515625 160.4375 159.318756103515625 158.5 158.6875 160.162506103515625 162.462493896484375 165.337493896484375 168.4812469482421875 173.412506103515625 176.649993896484375 180.59375 184.6374969482421875 188.75 191.5 187.524993896484375 179.9499969482421875 167.5749969482421875 152.84375 141.475006103515625 134.087493896484375 126.625 120.08750152587890625 113.8874969482421875 108.3874969482421875 104.4187469482421875 101.78125 99.65625 98.0500030517578125 95.78749847412109375 92.8249969482421875 89.9499969482421875 84.52500152587890625 77.11875152587890625 68.2687530517578125 60.700000762939453125 54.71250152587890625 49.43125152587890625
163.4812469482421875 159.6374969482421875 157.8562469482421875 157.4875030517578125 157.462493896484375 158.8000030517578125 160.2062530517578125 160.1687469482421875 159.118743896484375 158.78125 159.131256103515625 160.243743896484375 162.0124969482421875 164.6374969482421875 167.0500030517578125 171.462493896484375 173.8000030517578125 176.0625 178.4562530517578125 182.21875 184.962493896484375 184.34375 181.274993896484375 173.96875 164.243743896484375 153.3625030517578125 142.212493896484375 131.443756103515625 122.0437469482421875 113.56874847412109375 106.47499847412109375 101.2937469482421875 98.34999847412109375 96.6750030517578125 94.90625 92.16249847412109375 90.0437469482421875 89.0749969482421875 85.6374969482421875 77.63124847412109375 67.69374847412109375 60.168750762939453125 54.700000762939453125 50.168750762939453125
160.1062469482421875 156.375 155.118743896484375 154.9562530517578125 154.931243896484375 156.787506103515625 158.21875 158.4187469482421875 158.25 158.4375 158.0812530517578125 158.006256103515625 159.5187530517578125 162.037506103515625 164.975006103515625 167.868743896484375 168.243743896484375 169.4562530517578125 171.118743896484375 173.868743896484375 176.681243896484375 179.7937469482421875 182.306243896484375 181.5437469482421875 175.181243896484375 164.1125030517578125 150.774993896484375 137.15625 124.63124847412109375 113.2687530517578125 104.5187530517578125 97.75 94.1437530517578125 92.3312530517578125 89.875 86.5124969482421875 86.71875 86.8937530517578125 85.38124847412109375 78.40625 69.8625030517578125 62.625 56.481250762939453125 51.27500152587890625
154.9499969482421875 151.9499969482421875 151.943756103515625 152.537506103515625 152.693756103515625 154.681243896484375 156.4375 157.162506103515625 157.381256103515625 156.8000030517578125 155.9875030517578125 155.337493896484375 155.4812469482421875 156.881256103515625 158.8625030517578125 160.506256103515625 159.1062469482421875 159.475006103515625 161.131256103515625 164.15625 167.787506103515625 173.524993896484375 181.337493896484375 186.8000030517578125 185.431243896484375 171.53125 156.8125 140.1374969482421875 124.7375030517578125 111.71875 102.2624969482421875 95.86249542236328125 90.03749847412109375 85.63124847412109375 82.28749847412109375 81.49375152587890625 82.84375 87.72499847412109375 90.77500152587890625 82.2687530517578125 72.8625030517578125 65.38124847412109375 58.231250762939453125 53.137500762939453125
148.65625 146.537506103515625 147.6687469482421875 148.868743896484375 149.78125 152.625 154.931243896484375 155.806243896484375 155.9875030517578125 155.5749969482421875 154.681243896484375 152.493743896484375 150.96875 150.0187530517578125 150.3249969482421875 150.1125030517578125 148.34375 147.725006103515625 149.875 152.5187530517578125 157.056243896484375 164.118743896484375 173.756256103515625 181.337493896484375 182.131256103515625 171.9812469482421875 159.4875030517578125 141.475006103515625 123.6875 108.46875 97.88124847412109375 91.0749969482421875 87.38124847412109375 84.6437530517578125 79.09375 72.97499847412109375 78.43125152587890625 85.3249969482421875 87.1875 82.7062530517578125 74.5812530517578125 67.75 60.86875152587890625 55.78749847412109375
141.243743896484375 140.8249969482421875 143.0124969482421875 145.2687530517578125 147.368743896484375 150.462493896484375 153.037506103515625 154.6125030517578125 155.631256103515625 154.693756103515625 152.318756103515625 149.243743896484375 145.6687469482421875 142.5625 141.537506103515625 141.28125 139.318756103515625 137.8312530517578125 139.5437469482421875 141.524993896484375 146.243743896484375 156.15625 163.2624969482421875 170.2687530517578125 171.8562469482421875 167.506256103515625 155.78125 139.412506103515625 122.93125152587890625 106.1374969482421875 93.38124847412109375 89.74375152587890625 90.59999847412109375 87.1875 82.03749847412109375 77.4375 79.38124847412109375 82.56874847412109375 83.3937530517578125 80.5812530517578125 74.84999847412109375 70.625 63.737499237060546875 58.625
