data/historical-monthly-weather-data/wc2.1_cruts4.09_10m_prec_2002-12.asc
ncols        45
nrows        45
xllcorner    -63.500000000000
yllcorner    -7.500000000000
cellsize     0.166666666667
NODATA_value -9999
[rows 0 to 19 of 45, columns 0 to 44 of 45]
106.15625 98.1687469482421875 93 89.78749847412109375 86.18125152587890625 85.27500152587890625 84.21875 82.66249847412109375 82.6374969482421875 83.00624847412109375 84.7062530517578125 86.6875 89.34375 91.06874847412109375 93.31874847412109375 95.69374847412109375 98.3312530517578125 99.47499847412109375 101.59375 103.8000030517578125 106.6875 109.30625152587890625 111.9187469482421875 114.3125 116.65000152587890625 118.65000152587890625 120.8312530517578125 123.09999847412109375 125.53749847412109375 128.3687591552734375 130.631256103515625 133.6437530517578125 135.631256103515625 137.1875 138.4812469482421875 141.087493896484375 142.34375 143.3062591552734375 143.100006103515625 143.1875 142.774993896484375 141.3625030517578125 139.8312530517578125 137.524993896484375 136.712493896484375
108.97499847412109375 100.25624847412109375 95.9375 92.8874969482421875 90.03125 88.8562469482421875 87.46250152587890625 87.25624847412109375 88.6750030517578125 90.0500030517578125 91.8625030517578125 93.5749969482421875 96.2062530517578125 98.50624847412109375 100.6687469482421875 103.1062469482421875 105.78749847412109375 107.7375030517578125 110.0124969482421875 113.3000030517578125 116.09999847412109375 118.6750030517578125 121.8874969482421875 124.3937530517578125 126.77500152587890625 128.875 130.712493896484375 132.34375 134.2375030517578125 137.475006103515625 139.9187469482421875 143.149993896484375 144.256256103515625 145.8937530517578125 147.912506103515625 148.556243896484375 151.2437591552734375 152.649993896484375 151.756256103515625 151.399993896484375 150.6062469482421875 148.806243896484375 146.9499969482421875 143.162506103515625 141.162506103515625
113.66249847412109375 105.8874969482421875 102.28749847412109375 99.5749969482421875 97.24375152587890625 96.15625 95.7062530517578125 96.3125 98.3000030517578125 99.96875 101.375 103.05625152587890625 105.7312469482421875 107.96875 110.21875 112.1875 114.96875 117.0625 119.83750152587890625 123.1062469482421875 126.3562469482421875 129.84375 133.53125 135.774993896484375 138.037506103515625 140.912506103515625 142.4562530517578125 143.4250030517578125 145.25 147.3312530517578125 149.9375 153.087493896484375 155.6062469482421875 156.21875 157.75 159.506256103515625 160.837493896484375 161.65625 161.100006103515625 160.1875 158.6125030517578125 155.9812469482421875 152.600006103515625 149.524993896484375 146.068756103515625
117.7062530517578125 111.5749969482421875 109.50624847412109375 106.75624847412109375 105.2375030517578125 104.7375030517578125 105.06874847412109375 106.2624969482421875 108.58750152587890625 111.1062469482421875 112.56874847412109375 114.22499847412109375 116.2062530517578125 118.41249847412109375 120.25 122.49375152587890625 125.0812530517578125 126.70624542236328125 129.7937469482421875 134.3937530517578125 138.4250030517578125 142.2750091552734375 145.399993896484375 147.899993896484375 149.7375030517578125 152.9187469482421875 154.25 154.28125 155.9875030517578125 158.6437530517578125 160.774993896484375 162.8249969482421875 165.818756103515625 167.78125 168.818756103515625 170 170.243743896484375 170.90625 170.6875 169 166.024993896484375 162.600006103515625 158.5 155.1687469482421875 150.84375
127.0437469482421875 119.1125030517578125 115.34375 113.9187469482421875 113.3874969482421875 113.90625 114.53749847412109375 116.1687469482421875 119.74375152587890625 122.9499969482421875 124.02500152587890625 125.02500152587890625 127.375 129.6750030517578125 131.243743896484375 133.225006103515625 135.4250030517578125 137.3249969482421875 141.024993896484375 146.6437530517578125 151.274993896484375 154.59375 157.774993896484375 160.1374969482421875 161.96875 165.212493896484375 164.943756103515625 164.6125030517578125 165.875 168.850006103515625 171.287506103515625 172.78125 175.193756103515625 177.431243896484375 178.6687469482421875 180.037506103515625 180.9562530517578125 180.943756103515625 180.1374969482421875 177.5187530517578125 173.6374969482421875 169.1875 164.787506103515625 159.71875 155.3937530517578125
136.0500030517578125 129 124.3125 120.7312469482421875 120.84375 122.9499969482421875 124.6875 126.3562469482421875 129.7062530517578125 132.9187469482421875 134.0812530517578125 135.5 138.412506103515625 140.8000030517578125 143.3625030517578125 145.6125030517578125 148.3562469482421875 150.0749969482421875 155.412506103515625 160.681243896484375 163.9812469482421875 167.662506103515625 170.2687530517578125 172.256256103515625 173.9375 175.96875 176.5437469482421875 175.818756103515625 175.868743896484375 178.381256103515625 181.006256103515625 183.34375 183.931243896484375 184.881256103515625 188.118743896484375 189.6875 190.1999969482421875 191.649993896484375 190.587493896484375 185.943756103515625 178.931243896484375 173.84375 167.649993896484375 162.818756103515625 158.943756103515625
146.9312591552734375 140.1750030517578125 135.59375 131.381256103515625 129.7375030517578125 131.3312530517578125 133.681243896484375 135.475006103515625 137.774993896484375 139.5812530517578125 142.774993896484375 145.399993896484375 149.662506103515625 152.5749969482421875 155.600006103515625 158.806243896484375 163.068756103515625 168.2312469482421875 174.3000030517578125 178.0625 179.287506103515625 181.975006103515625 183.318756103515625 184.131256103515625 186.1750030517578125 187.193756103515625 186.6125030517578125 186.962493896484375 186.618743896484375 188.181243896484375 190.3562469482421875 192.2375030517578125 193.631256103515625 194.131256103515625 195.8312530517578125 196.931243896484375 198.3937530517578125 199.7375030517578125 200.21875 193.375 183.837493896484375 176.8000030517578125 170.6875 164.6437530517578125 159.693756103515625
158.243743896484375 151.5562591552734375 147.287506103515625 144.3562469482421875 142.868743896484375 143.350006103515625 143.568756103515625 142.84375 142.9250030517578125 145.7937469482421875 151.287506103515625 156.3874969482421875 160.931243896484375 165.600006103515625 168.912506103515625 173.0187530517578125 177.899993896484375 185.6875 192.9875030517578125 193.899993896484375 193.537506103515625 193.9812469482421875 194.412506103515625 194.193756103515625 196.5625 198.125 196.600006103515625 196.056243896484375 197.0187530517578125 198.818756103515625 199.0625 200.34375 201.962493896484375 202.118743896484375 204.225006103515625 203.4250030517578125 204.337493896484375 204.5124969482421875 202.1875 195.243743896484375 186.3312530517578125 178.712493896484375 172.087493896484375 165.3562469482421875 159.0124969482421875
169.899993896484375 163.725006103515625 160.131256103515625 157.59375 155.6750030517578125 156.4250030517578125 156.2687530517578125 154.4499969482421875 151.962493896484375 153.350006103515625 160.5124969482421875 167 172.5124969482421875 177.1125030517578125 181.0625 185.5187530517578125 190.8000030517578125 198.65625 205.618743896484375 205.587493896484375 202.6687469482421875 202.5124969482421875 203.037506103515625 204.6374969482421875 206.037506103515625 206.899993896484375 205.0749969482421875 204.618743896484375 204.506256103515625 205.1437530517578125 206.5187530517578125 206.337493896484375 207.125 208.118743896484375 209.024993896484375 208.2624969482421875 207.162506103515625 205.3312530517578125 201.1750030517578125 194.8874969482421875 185.6875 178.274993896484375 172.28125 166.0625 160.9375
180.7624969482421875 175.5812530517578125 172.78125 171.212493896484375 169.556243896484375 170.28125 170.375 169.2062530517578125 168.931243896484375 170.5500030517578125 175.381256103515625 179.6374969482421875 185.506256103515625 188.943756103515625 193.5 197.84375 202.34375 207.5812530517578125 211.90625 212.756256103515625 210.46875 209.9562530517578125 210.7312469482421875 213.087493896484375 213.943756103515625 214.350006103515625 212.524993896484375 211.412506103515625 211.475006103515625 211.618743896484375 211.2687530517578125 210.631256103515625 210.8562469482421875 210.850006103515625 211.96875 212.1374969482421875 209.899993896484375 206.9250030517578125 200.6875 193.6687469482421875 185.524993896484375 178.9499969482421875 171.837493896484375 165.5749969482421875 161.537506103515625
193.037506103515625 188.28125 185.4812469482421875 183.6062469482421875 183.243743896484375 185.2312469482421875 186.037506103515625 184.8000030517578125 184.9875030517578125 187.3249969482421875 191.4187469482421875 195.3874969482421875 199.2937469482421875 202.4812469482421875 205.912506103515625 209.7312469482421875 212.84375 215.9812469482421875 217.774993896484375 218.024993896484375 217.6437530517578125 217.381256103515625 218.462493896484375 218.4187469482421875 222.1875 222.7687530517578125 219.806243896484375 216.7312469482421875 214.5812530517578125 214.3562469482421875 213.6437530517578125 213.4375 213.5625 213.5625 214.056243896484375 212.993743896484375 210.6875 207.3937530517578125 201.9812469482421875 194.243743896484375 185.9499969482421875 178.9250030517578125 172.475006103515625 166.649993896484375 162.3625030517578125
203.5124969482421875 198.6999969482421875 196.40625 195.625 195.5187530517578125 197.962493896484375 199.9375 199.5 199.9375 203.0749969482421875 207.3874969482421875 211.8249969482421875 213.837493896484375 216.006256103515625 219.03125 221.03125 222.899993896484375 223.3249969482421875 223.625 223.6374969482421875 222.1875 222.787506103515625 225.7375030517578125 226.600006103515625 229.5 229.725006103515625 225.125 220.2375030517578125 216.256256103515625 215.287506103515625 214.037506103515625 213.587493896484375 213.600006103515625 214.056243896484375 214.8312530517578125 213.8937530517578125 211.4562530517578125 208.4499969482421875 202.3312530517578125 194.7062530517578125 186.4187469482421875 179.3562469482421875 172.5812530517578125 166.243743896484375 160.6750030517578125
213.587493896484375 209.3937530517578125 207.7687530517578125 206.818756103515625 207.3874969482421875 209.5 211.193756103515625 212.256256103515625 213.5124969482421875 217.412506103515625 222.2062530517578125 226.9499969482421875 228.8874969482421875 229.1125030517578125 231.6750030517578125 232.7062530517578125 233.0374908447265625 232.96875 231.8874969482421875 229.975006103515625 225.90625 227.556243896484375 232.8249969482421875 234.5437469482421875 234.787506103515625 233.068756103515625 227.912506103515625 222.756256103515625 218.212493896484375 214.96875 212.8874969482421875 211.556243896484375 211.243743896484375 212.243743896484375 213.4187469482421875 213.743743896484375 212.506256103515625 209.8125 203.4250030517578125 194.756256103515625 185.8937530517578125 179.6062469482421875 171.625 161.962493896484375 156.125
222.4187469482421875 218.5124969482421875 217.0437469482421875 216.6374969482421875 216.9375 219.118743896484375 221 223.8000030517578125 226.962493896484375 230.399993896484375 233.7375030517578125 238.1687469482421875 241.3625030517578125 242.5500030517578125 243.0749969482421875 244.899993896484375 244.318756103515625 242.59375 240.399993896484375 237.975006103515625 235.3874969482421875 236.3937530517578125 239.881256103515625 239.875 238.96875 236.837493896484375 231.8625030517578125 224.3562469482421875 217.8874969482421875 213.3625030517578125 210.34375 207.8499908447265625 208.2687530517578125 209.1687469482421875 211.5 212.412506103515625 212.53125 211.931243896484375 206.649993896484375 199.1875 187.40625 176.6374969482421875 167.475006103515625 159.9812469482421875 155.787506103515625
230.350006103515625 226.34375 225.6374969482421875 225.3312530517578125 226.0749969482421875 228.274993896484375 231.631256103515625 234.9499969482421875 238.3625030517578125 241.3562469482421875 244.631256103515625 249.556243896484375 252.7375030517578125 255.1125030517578125 255.2624969482421875 256.850006103515625 255.15625 252.631256103515625 249.8312530517578125 248.7312469482421875 246.100006103515625 246.0437469482421875 247.0187530517578125 245.2687530517578125 243.462493896484375 240.2312469482421875 234.118743896484375 226.149993896484375 218.1437530517578125 210.7624969482421875 205.399993896484375 202.6999969482421875 203.256256103515625 205.0749969482421875 208.1687469482421875 208.443756103515625 210.6999969482421875 213.5500030517578125 211.975006103515625 203.587493896484375 189.6374969482421875 178.34375 169.125 161.5500030517578125 154.8000030517578125
236.7375030517578125 233.0812530517578125 232.8312530517578125 233.5749969482421875 234.6125030517578125 237.649993896484375 241.3312530517578125 244.068756103515625 247.8125 252.3000030517578125 255.4749908447265625 260.368743896484375 264.38751220703125 267.20001220703125 267.993743896484375 267.037506103515625 265.11248779296875 263.443756103515625 260.34375 258.61248779296875 256.73748779296875 255.125 254.625 251.149993896484375 248.4562530517578125 245.712493896484375 238.5 229.0812530517578125 218.59375 207.8937530517578125 200.431243896484375 195.5812530517578125 194.662506103515625 196.399993896484375 198.75 200.662506103515625 205.7375030517578125 212.568756103515625 215.1437530517578125 207.4499969482421875 192.8249969482421875 180.600006103515625 170.256256103515625 159.84375 153.75
242.443756103515625 239.381256103515625 238.3249969482421875 240.03125 242.2375030517578125 245.212493896484375 249.71875 254.256256103515625 259.131256103515625 263.125 266.600006103515625 271.20001220703125 275.587493896484375 278.774993896484375 279.82501220703125 278.15625 273.85626220703125 272.0625 270.51251220703125 268.568756103515625 266.34375 264.16876220703125 262.58123779296875 257.524993896484375 254.125 251.6750030517578125 244.568756103515625 232.6687469482421875 217.5187530517578125 203.90625 194.3249969482421875 189.0625 186.118743896484375 184.0124969482421875 184.3312530517578125 188.118743896484375 197.375 211.649993896484375 224.1687469482421875 212.2312469482421875 194.1875 180.725006103515625 168.1437530517578125 158.9875030517578125 152.7312469482421875
247.34375 244.681243896484375 244.4250030517578125 247.056243896484375 250.1062469482421875 254.9937591552734375 260.11248779296875 264.63751220703125 269.524993896484375 274.743743896484375 278.993743896484375 283.51873779296875 286.78125 289.83123779296875 290.212493896484375 288.04376220703125 283.756256103515625 278.125 279.337493896484375 277.743743896484375 275.837493896484375 272.65625 269.393768310546875 264.193756103515625 260.21875 257.443756103515625 251.6750030517578125 235.6062469482421875 215.787506103515625 198.1062469482421875 185.8312530517578125 179.2937469482421875 177.9250030517578125 177 173.631256103515625 170.1875 186.506256103515625 205.15625 214.212493896484375 207.225006103515625 190.368743896484375 177.4499969482421875 166.9250030517578125 158.774993896484375 152.8000030517578125
250.8562469482421875 248.46875 249.756256103515625 253.243743896484375 257.36248779296875 263.537506103515625 269.51873779296875 276.131256103515625 281.649993896484375 287.100006103515625 290.23126220703125 293.431243896484375 297.54998779296875 301.32501220703125 300.73748779296875 297.875 293.75 288.0625 284.91876220703125 284.493743896484375 283.82501220703125 282.60626220703125 274.868743896484375 270.006256103515625 266.506256103515625 262.71875 254.2624969482421875 238.181243896484375 216.5625 194.8874969482421875 178.2687530517578125 175.71875 177.7312469482421875 176.34375 172.087493896484375 171.7375030517578125 183.5812530517578125 196 202.0812530517578125 196.493743896484375 183.899993896484375 173.1999969482421875 164.40625 157.8874969482421875 153.46875
253.162506103515625 251.506256103515625 253.0124969482421875 257.5 263.225006103515625 271.48126220703125 279.5 287.318756103515625 293.837493896484375 298.04376220703125 301.712493896484375 306.475006103515625 310.806243896484375 312.89373779296875 310.462493896484375 305.181243896484375 299.76873779296875 296.34375 293.83123779296875 292.725006103515625 288.51873779296875 283.61248779296875 279.8125 275.412506103515625 271.26251220703125 266.13751220703125 256.36248779296875 242.2687530517578125 221.90625 199.8312530517578125 184.8937530517578125 182.34375 182.9375 183.318756103515625 183.1999969482421875 182.725006103515625 188.1750030517578125 194.431243896484375 195.756256103515625 190.34375 179.568756103515625 168.6750030517578125 162.625 157.912506103515625 154.493743896484375
