data/historical-monthly-weather-data/wc2.1_cruts4.09_10m_prec_1998-01.asc
ncols        45
nrows        45
xllcorner    -63.500000000000
yllcorner    -7.500000000000
cellsize     0.166666666667
NODATA_value -9999
[rows 20 to 39 of 45, columns 0 to 44 of 45]
200.087493896484375 197.625 199.162506103515625 202.568756103515625 206.712493896484375 215.443756103515625 225.493743896484375 234.100006103515625 242.7062530517578125 249.75 255.806243896484375 261.118743896484375 268.743743896484375 277.23748779296875 272.20623779296875 258.662506103515625 249.693756103515625 247.431243896484375 251.131256103515625 255.6437530517578125 269.26873779296875 282.6875 293.881256103515625 300.399993896484375 306.79998779296875 313.20623779296875 315.63751220703125 318.118743896484375 319.96875 320.743743896484375 314.475006103515625 303.57501220703125 288.649993896484375 273.399993896484375 260.21875 274.38751220703125 297.693756103515625 313.11248779296875 315.743743896484375 307.443756103515625 292.493743896484375 278.23126220703125 268.13751220703125 260.34375 254.8562469482421875
192.90625 189.524993896484375 191.1750030517578125 195.618743896484375 201.65625 211.1125030517578125 221.4000091552734375 231.912506103515625 240.6687469482421875 244.318756103515625 245.8249969482421875 244.3312530517578125 245.3625030517578125 249.3874969482421875 250.03125 245.6062469482421875 243.4562530517578125 244.59375 248.03125 253.368743896484375 263.40625 275.73748779296875 288.17498779296875 295.881256103515625 303.70623779296875 312.01251220703125 317.631256103515625 318.068756103515625 316.51251220703125 312.71875 302.54998779296875 291.225006103515625 281.837493896484375 276 273.45001220703125 286.42498779296875 310.131256103515625 328.949981689453125 331.381256103515625 319.756256103515625 301.9375 285.756256103515625 273.64373779296875 264.04998779296875 257.01873779296875
186.100006103515625 182.8625030517578125 183.318756103515625 187.693756103515625 194.912506103515625 206.212493896484375 217.21875 228.6875 239.287506103515625 239.256256103515625 234.1875 225.7062530517578125 220.7687530517578125 223.7312469482421875 230.212493896484375 233.787506103515625 235.306243896484375 239.0437469482421875 243.4499969482421875 248.712493896484375 258.475006103515625 269 279.38751220703125 287.225006103515625 297.78125 309.5 316.51251220703125 316.35626220703125 312.45001220703125 304.206268310546875 292.66876220703125 282.85626220703125 282.17498779296875 283.32501220703125 288.39373779296875 300.649993896484375 324.306243896484375 351.23748779296875 350.931243896484375 330.162506103515625 308.693756103515625 291.756256103515625 276.35626220703125 265.35626220703125 257.774993896484375
179.774993896484375 175.9499969482421875 175.34375 179.818756103515625 188.006256103515625 199.3249969482421875 211.3312530517578125 222.9499969482421875 231.912506103515625 229.9562530517578125 222.7937469482421875 213.412506103515625 202.4499969482421875 208.0187530517578125 218.9875030517578125 225.743743896484375 229.6125030517578125 234.625 239.78125 245.53125 253.306243896484375 262.181243896484375 271.23748779296875 278.524993896484375 290.28125 302.28125 311.006256103515625 310.3125 306.318756103515625 300.587493896484375 292.399993896484375 286.5 288.462493896484375 292.8125 300.10626220703125 312.16876220703125 331.725006103515625 354.20623779296875 352.75 332.350006103515625 310.45623779296875 292.26873779296875 276.65625 265.087493896484375 258.38751220703125
174.556243896484375 170.806243896484375 168.8625030517578125 174.65625 184.46875 194.9812469482421875 205.524993896484375 215.4250030517578125 221.350006103515625 221.225006103515625 216.587493896484375 209.993743896484375 204.7062530517578125 207.9875030517578125 215.21875 222 227.0124969482421875 233.306243896484375 238.1374969482421875 242.024993896484375 248.375 254.5625 261.61248779296875 267.98126220703125 279.006256103515625 292.600006103515625 299.95623779296875 303.618743896484375 302.681243896484375 301.14373779296875 297.54998779296875 296.09375 297.756256103515625 302.600006103515625 309.537506103515625 317.70623779296875 331.13751220703125 340.32501220703125 337.85626220703125 324.6875 306.125 289.26251220703125 274.51251220703125 264.587493896484375 255.8874969482421875
172.693756103515625 171.412506103515625 170.475006103515625 175.4250030517578125 182.100006103515625 191.625 200.649993896484375 207.9187469482421875 212.537506103515625 213.5875091552734375 212.6062469482421875 210.9562530517578125 209.5625 211.943756103515625 216.28125 221.6437530517578125 226.96875 233.287506103515625 237.962493896484375 240.7687530517578125 245.975006103515625 248.524993896484375 252.725006103515625 256.34375 267.98748779296875 283.181243896484375 293.524993896484375 298.84375 301.631256103515625 301.006256103515625 303.11248779296875 305.23748779296875 308.39373779296875 311.01251220703125 316.287506103515625 320.70623779296875 327.212493896484375 329.54998779296875 325.399993896484375 314.40625 299.45001220703125 283.725006103515625 268.850006103515625 260.100006103515625 254.818756103515625
168.5625 167.6750030517578125 169.712493896484375 174.2375030517578125 179.53125 187.9812469482421875 196.34375 202.0812530517578125 206.506256103515625 210.0500030517578125 211.96875 213.59375 215.243743896484375 218.5187530517578125 221.649993896484375 226.1875 230.9250030517578125 236.8000030517578125 241.931243896484375 243.412506103515625 245.756256103515625 248.118743896484375 248.125 249.8125 263.631256103515625 278.287506103515625 288.48126220703125 295.26873779296875 300.17498779296875 302.40625 307.26873779296875 311.087493896484375 315.89373779296875 317.88751220703125 319.787506103515625 322.462493896484375 325.100006103515625 322.98748779296875 316.10626220703125 306.57501220703125 292.662506103515625 276.76251220703125 263.056243896484375 255.399993896484375 257.66876220703125
164.6750030517578125 163.0625 167.1875 172.475006103515625 178.0500030517578125 185.193756103515625 192.3562469482421875 197.774993896484375 203.006256103515625 207.3312530517578125 211.2624969482421875 215.6437530517578125 219.306243896484375 223.7687530517578125 226.943756103515625 231.1062469482421875 235.3000030517578125 242.774993896484375 246.1687469482421875 248.4312591552734375 251.625 251.9375 255.256256103515625 257.631256103515625 267.318756103515625 278.84375 287.59375 293.58123779296875 299.1875 304.39373779296875 308.962493896484375 313.33123779296875 317.76251220703125 319.07501220703125 320.8125 321.899993896484375 321.212493896484375 318.38751220703125 311.95623779296875 301.524993896484375 289.36248779296875 274.600006103515625 259.85626220703125 253.84375 267.26251220703125
159.7562408447265625 158.21875 163.5124969482421875 170.4000091552734375 176.712493896484375 183.037506103515625 188.375 194.34375 199.693756103515625 205.2624969482421875 211.0437469482421875 216.9375 222.7312469482421875 229.8000030517578125 233.6687469482421875 238.4812469482421875 244.65625 250.631256103515625 254.6374969482421875 256.89373779296875 259.07501220703125 259.76251220703125 263.29376220703125 266.45623779296875 273.34375 281.662506103515625 288.95001220703125 294.274993896484375 300.375 305.84375 309.587493896484375 313.399993896484375 317.26873779296875 319.787506103515625 321.912506103515625 321.256256103515625 320.42498779296875 316.78125 310.86248779296875 300.625 286.91876220703125 273.712493896484375 263.5625 264.25 279.149993896484375
157.306243896484375 156.0187530517578125 162.399993896484375 170.15625 176.25 181.337493896484375 185.9187469482421875 191.9562530517578125 197.7937469482421875 203.6687469482421875 211.056243896484375 219.368743896484375 227.4250030517578125 236.09375 242.006256103515625 247.381256103515625 253.3000030517578125 260.225006103515625 265.725006103515625 266.89373779296875 268.25 270.475006103515625 273.006256103515625 274.962493896484375 280.29998779296875 286.9375 292.21875 296.306243896484375 301.54998779296875 306.006256103515625 310.462493896484375 314.118743896484375 316.631256103515625 320.0625 321.67498779296875 321.056243896484375 319.3125 317.356231689453125 311.33123779296875 302.90625 293.068756103515625 283.79998779296875 277.73126220703125 279.537506103515625 286.118743896484375
153.712493896484375 152.868743896484375 158.5 166.225006103515625 173.1437530517578125 177.037506103515625 182.368743896484375 188.3625030517578125 194.962493896484375 202.3125 211.350006103515625 221.4375 231.625 241.2624969482421875 248.993743896484375 255.46875 262.86248779296875 270.70623779296875 276.45001220703125 277.868743896484375 278.20623779296875 279.287506103515625 282.431243896484375 283.193756103515625 286.1875 292.3125 296.36248779296875 299.162506103515625 304.024993896484375 307.368743896484375 311.568756103515625 315.28125 317.01251220703125 319.925018310546875 321.456268310546875 320.8125 318.8125 318.17498779296875 314.243743896484375 307.431243896484375 300.89373779296875 294.70001220703125 291.07501220703125 289.90625 294.212493896484375
149.475006103515625 148.568756103515625 153.4375 159.6750030517578125 165.149993896484375 170.59375 177.649993896484375 183.8000030517578125 191.46875 200.006256103515625 210.225006103515625 221.9187469482421875 234.181243896484375 246.618743896484375 255.9499969482421875 263.506256103515625 270.33123779296875 277.63751220703125 282.149993896484375 284.806243896484375 284.875 285.92498779296875 289.287506103515625 289.15625 292.375 296.649993896484375 298.95623779296875 301.5625 304.337493896484375 308.649993896484375 312.51873779296875 315.85626220703125 317.675018310546875 320.20623779296875 321.743743896484375 320.412506103515625 320.274993896484375 318.09375 314.03125 309.743743896484375 308.26873779296875 304.9375 303.087493896484375 304.975006103515625 308.975006103515625
150.131256103515625 149.1999969482421875 153.0625 157.4375 160.774993896484375 165.962493896484375 171.7375030517578125 177.8125 185.4499969482421875 196.25 209.337493896484375 223.181243896484375 239.118743896484375 255.0749969482421875 264.48748779296875 272.15625 278.625 283.787506103515625 287.243743896484375 290.225006103515625 290.84375 292.0625 294.524993896484375 295.70623779296875 297.681243896484375 301.26251220703125 302.6875 302.98748779296875 305.181243896484375 310.631256103515625 313.95001220703125 315.83123779296875 317.899993896484375 320.70623779296875 321.28125 320.73748779296875 319.881256103515625 317.92498779296875 313.40625 313.73748779296875 313.287506103515625 312.20001220703125 313.068756103515625 317.57501220703125 327.29998779296875
151.1750030517578125 150.34375 152.65625 155.350006103515625 156.7062530517578125 161.243743896484375 166.350006103515625 171.4812469482421875 179.90625 190.850006103515625 205.5812530517578125 224.28125 244.318756103515625 262.212493896484375 272.46875 279.875 287.23126220703125 291.79998779296875 293.35626220703125 294.806243896484375 295.875 297.524993896484375 299.95623779296875 300.318756103515625 301.649993896484375 303.693756103515625 304 304.875 307.48126220703125 311.29376220703125 315.337493896484375 317.475006103515625 318.70623779296875 321.493743896484375 322.024993896484375 321.01873779296875 319.08123779296875 315.73748779296875 314.09375 314.931243896484375 314.70623779296875 315.787506103515625 318.98748779296875 325.0875244140625 335.88751220703125
153.625 152.306243896484375 153.3125 153.90625 154.3312530517578125 158.1125030517578125 161.625 165.774993896484375 173.03125 184.868743896484375 202.368743896484375 224.6437530517578125 250.1062469482421875 271.71875 282.11248779296875 288.725006103515625 295.25 297.899993896484375 298.65625 297.899993896484375 299.731231689453125 301.5625 303.881256103515625 303.41876220703125 304.318756103515625 304.381256103515625 305.32501220703125 306.71875 308.931243896484375 311.8125 315.66876220703125 318.993743896484375 320.35626220703125 321.51251220703125 321.337493896484375 319.61248779296875 316.26873779296875 315.29998779296875 314.32501220703125 313.743743896484375 314.100006103515625 314.96875 318.8125 324.36248779296875 332.14373779296875
160.725006103515625 158.681243896484375 158.818756103515625 158.5625 158.287506103515625 160.125 162.537506103515625 164.5124969482421875 169.7312469482421875 179.587493896484375 197.8312530517578125 224.2312469482421875 253.368743896484375 277.375 289.23748779296875 296.9375 302.70623779296875 304.07501220703125 303.46875 301.5625 301.91876220703125 303.85626220703125 305.01251220703125 303.768768310546875 304.25 305.29376220703125 306.15625 307.9375 310.631256103515625 313.149993896484375 317.318756103515625 320.0625 322.04998779296875 323.13751220703125 322.274993896484375 318.82501220703125 317.712493896484375 315.20001220703125 311.899993896484375 310.868743896484375 310.95623779296875 312.087493896484375 314.493743896484375 319.13751220703125 323.70001220703125
168.5749969482421875 166.056243896484375 165.068756103515625 164.243743896484375 163.3125 164.2687530517578125 165.9187469482421875 166.1062469482421875 168.21875 172.9375 193.7937469482421875 228.09375 258.5625 280.91876220703125 294.600006103515625 303.89373779296875 310.162506103515625 310.243743896484375 308.13751220703125 304.631256103515625 304.431243896484375 303.993743896484375 304.662506103515625 303.368743896484375 304.100006103515625 305.90625 307.25 310.006256103515625 312.89373779296875 315.46875 318.98126220703125 321.48748779296875 323.824981689453125 325.012481689453125 323.681243896484375 320.20623779296875 317.212493896484375 312.962493896484375 309.51251220703125 306.631256103515625 304.26873779296875 304.75 307.6875 310.82501220703125 313.350006103515625
175.1437530517578125 172.3000030517578125 170.818756103515625 170.0500030517578125 169.1999969482421875 170.4499969482421875 171.368743896484375 171.568756103515625 173.84375 176.46875 207.3312530517578125 243.09375 268.20001220703125 287.40625 301.125 310.850006103515625 316.76873779296875 316.54376220703125 313.82501220703125 309.16876220703125 306.76873779296875 304.04998779296875 303.037506103515625 301.91876220703125 302.875 305.54998779296875 306.993743896484375 310.16876220703125 313.8125 317.25 319.962493896484375 321.26873779296875 323.46875 325.14373779296875 323.568756103515625 319.681243896484375 314.48748779296875 309.89373779296875 306.01251220703125 301.693756103515625 297.51873779296875 298.162506103515625 299.01873779296875 299.59375 302.181243896484375
174.7687530517578125 171.631256103515625 171.625 171.90625 172.53125 175.181243896484375 177.7062530517578125 182.118743896484375 192.25 212.3625030517578125 249.506256103515625 267.899993896484375 282.54376220703125 297.61248779296875 309.350006103515625 317.57501220703125 323.631256103515625 321.54376220703125 317.306243896484375 312.09375 306.193756103515625 301.76251220703125 299.73126220703125 298.881256103515625 299.875 302.743743896484375 305.70623779296875 310.056243896484375 315.100006103515625 319.98126220703125 322.66876220703125 323.79998779296875 324.681243896484375 324.04376220703125 324.53125 319.96875 313.5 308.462493896484375 303.131256103515625 296.76251220703125 292.193756103515625 291.53125 291.056243896484375 292.306243896484375 294.71875
173.34375 171.243743896484375 172.1125030517578125 173.1062469482421875 176.0749969482421875 181.087493896484375 186.568756103515625 195.568756103515625 211.212493896484375 234.087493896484375 260.57501220703125 280.6875 294.82501220703125 308.1875 317.806243896484375 325.618743896484375 330.76251220703125 328.17498779296875 321.38751220703125 314.16876220703125 303.899993896484375 298.07501220703125 294.91876220703125 294.20001220703125 296.17498779296875 299.29998779296875 303.76873779296875 309.993743896484375 315.76873779296875 320.64373779296875 323.243743896484375 326.131256103515625 327.875 326.51873779296875 323.837493896484375 318.568756103515625 311.64373779296875 305.48126220703125 298.98126220703125 291.61248779296875 286.693756103515625 285.256256103515625 283.61248779296875 284.024993896484375 286.75
