data/historical-monthly-weather-data/wc2.1_cruts4.09_10m_prec_1980-01.asc
ncols        51
nrows        45
xllcorner    -63.500000000000
yllcorner    -7.500000000000
cellsize     0.166666666667
NODATA_value -9999
[rows 0 to 19 of 45, columns 0 to 43 of 51]
66.3937530517578125 61.28125 57.168750762939453125 54.34999847412109375 51.28125 50.643749237060546875 49.575000762939453125 47.93125152587890625 47.481250762939453125 47.84999847412109375 48.887500762939453125 51.19374847412109375 53.27500152587890625 54.174999237060546875 56.831249237060546875 60.40000152587890625 63.981250762939453125 66.19374847412109375 71.375 76.52500152587890625 80.88124847412109375 86.03749847412109375 91.52500152587890625 97.52500152587890625 105.0749969482421875 112.4499969482421875 121.08750152587890625 131.212493896484375 141.568756103515625 145.8000030517578125 149.618743896484375 153.537506103515625 156.4812469482421875 160.8937530517578125 164.1875 168.631256103515625 170.943756103515625 172.3562469482421875 174.90625 177.149993896484375 178.787506103515625 181.006256103515625 182.3874969482421875 184.256256103515625
70.8249969482421875 65.11249542236328125 61.21250152587890625 57.918750762939453125 55.28125 54.856250762939453125 53.981250762939453125 53.293750762939453125 53.731250762939453125 54.387500762939453125 54.96250152587890625 56.59375 57.981250762939453125 59.53749847412109375 62.043750762939453125 64.9250030517578125 67.91249847412109375 72.08750152587890625 78.15625 85.2062530517578125 90.8125 96.375 102.6999969482421875 109.6750030517578125 116.2624969482421875 123.1687469482421875 131.993743896484375 141.475006103515625 150.5812530517578125 155.375 158.693756103515625 161.712493896484375 164.6750030517578125 170.1875 173.306243896484375 176.068756103515625 180.59375 182.337493896484375 184.0124969482421875 185.75 187.71875 189.40625 189.3000030517578125 190.412506103515625
76.56874847412109375 71.0749969482421875 67.13750457763671875 63.956249237060546875 61.518749237060546875 61.293750762939453125 61.181247711181640625 61.356250762939453125 62.21875 63.0625 63.549999237060546875 64.74375152587890625 65.96250152587890625 66.86875152587890625 69.0749969482421875 71.1687469482421875 73.8000030517578125 77.74375152587890625 83 90.27500152587890625 96.4812469482421875 103.2062530517578125 109.8562469482421875 116.61875152587890625 123.4375 130.412506103515625 139.399993896484375 148.8125 156.806243896484375 160.506256103515625 164.65625 168.256256103515625 172.587493896484375 175.2375030517578125 179.818756103515625 182.693756103515625 186.631256103515625 189.631256103515625 191.125 191.9250030517578125 194.09375 194.7624969482421875 194.59375 194.75
82.15625 76.97499847412109375 74.1125030517578125 71.16249847412109375 69.2937469482421875 68.3000030517578125 68.99375152587890625 70.3000030517578125 72.2062530517578125 73.78125 73.6875 74.1125030517578125 74.61875152587890625 75.05625152587890625 77.0437469482421875 78.75 80.40000152587890625 82.68125152587890625 87.5124969482421875 95.28749847412109375 102.92499542236328125 110.0124969482421875 115.50624847412109375 123.03749847412109375 130.6062469482421875 138.125 147.40625 155.225006103515625 162.8874969482421875 166.7624969482421875 170.3249969482421875 175.037506103515625 178.7687530517578125 181.65625 184.787506103515625 189.243743896484375 192.40625 195.7687530517578125 197.6999969482421875 199.3125 199.5437469482421875 200.537506103515625 199.9375 198.524993896484375
90.7624969482421875 84.46875 80.8312530517578125 78.41249847412109375 76.6062469482421875 76.44374847412109375 76.9375 79.03749847412109375 82.375 84.8937530517578125 84.02500152587890625 83.78749847412109375 84.21875 84.6687469482421875 86.3125 87.53125 88.20000457763671875 88.03749847412109375 93.09999847412109375 101.7624969482421875 110.3625030517578125 117.03749847412109375 122.65625 130.006256103515625 137.649993896484375 146.506256103515625 153.625 161.15625 170.4562530517578125 173.8125 177.1437530517578125 179.131256103515625 183.931243896484375 188.149993896484375 191.506256103515625 195.649993896484375 200.0187530517578125 201.8125 203.774993896484375 204.8249969482421875 206.5625 206.006256103515625 205.2687530517578125 202.756256103515625
97.7937469482421875 92 88.21875 85.0437469482421875 82.96875 83.03749847412109375 83.90625 85.625 89.18125152587890625 92.4375 91.5812530517578125 92.19374847412109375 92.99375152587890625 94.0812530517578125 95.4562530517578125 97.75624847412109375 98.15000152587890625 97.15625 102.7937469482421875 110.9499969482421875 118.5437469482421875 124.4875030517578125 130.618743896484375 137.037506103515625 144.78125 153.131256103515625 160.506256103515625 167.6125030517578125 176 180.2687530517578125 182.8000030517578125 185.09375 187.65625 191.78125 196.96875 200.59375 204.412506103515625 207.1312408447265625 209.3125 211.4375 211.2624969482421875 211.0437469482421875 209.3125 206.818756103515625
104.9812469482421875 99.40000152587890625 95.7312469482421875 91.68125152587890625 88.61875152587890625 87.7937469482421875 88.3874969482421875 89.5812530517578125 92.05625152587890625 94.03125 96.13124847412109375 98.8249969482421875 101.8625030517578125 104.27500152587890625 106.7312469482421875 109.9499969482421875 112.875 115.21875 119.7687530517578125 123.9562530517578125 127.4875030517578125 132.5812530517578125 136.8312530517578125 143.21875 151.2687530517578125 158.7687530517578125 165.9875030517578125 173.3937530517578125 180.462493896484375 184.350006103515625 188.350006103515625 190.850006103515625 192.53125 195.1062469482421875 198.837493896484375 203.90625 207.8000030517578125 211.462493896484375 215.600006103515625 216.28125 215.3000030517578125 214.556243896484375 212.725006103515625 210.3312530517578125
113.0437469482421875 106.2375030517578125 102.1750030517578125 98.375 94.8562469482421875 94.0124969482421875 93.25624847412109375 91.7624969482421875 92.1062469482421875 95.46250152587890625 100.53125 105.9562530517578125 111.22499847412109375 114.75624847412109375 118.55625152587890625 122.7687530517578125 127.76874542236328125 132.037506103515625 137.443756103515625 136.743743896484375 136.4499969482421875 139.412506103515625 143.024993896484375 149.493743896484375 157.6875 164.625 170.9812469482421875 177.78125 185.7062530517578125 189.9187469482421875 192.649993896484375 195.3937530517578125 196.475006103515625 198.212493896484375 200.899993896484375 205.7624969482421875 210.212493896484375 214.3000030517578125 217.756256103515625 219.9375 220.1875 219.5124969482421875 217.7937469482421875 214.850006103515625
120.15625 113.2375030517578125 109.22499847412109375 104.86875152587890625 101.56874847412109375 99.96875 98.65625 96.9812469482421875 96.1687469482421875 98.66249847412109375 106.6687469482421875 114.25624847412109375 121.5625 126.3000030517578125 129.506256103515625 132.568756103515625 136.318756103515625 140.462493896484375 144.899993896484375 143.068756103515625 141.431243896484375 144.381256103515625 147.6875 155.8874969482421875 163.7312469482421875 170.2062530517578125 176.2062530517578125 181.712493896484375 189.21875 193.6687469482421875 196.8937530517578125 198.0500030517578125 198.8000030517578125 199.306243896484375 201.0500030517578125 205.1374969482421875 210.337493896484375 214.587493896484375 218.5187530517578125 221.6125030517578125 222.350006103515625 221.8625030517578125 222.350006103515625 221.443756103515625
127.21875 120.2687530517578125 115.55625152587890625 111.49375152587890625 108.38124847412109375 107.0812530517578125 105.84999847412109375 105.0749969482421875 106.3937530517578125 110.78125 117.80625152587890625 125.80625152587890625 133.5 138.84375 140.3249969482421875 141.2624969482421875 141.9562530517578125 143.5500030517578125 144.4375 143.5625 143.2062530517578125 146.649993896484375 151.287506103515625 160.9875030517578125 167.943756103515625 173.631256103515625 179.181243896484375 184.725006103515625 190.850006103515625 194.837493896484375 197.3937530517578125 198.818756103515625 199.600006103515625 200.149993896484375 201.53125 204.8562469482421875 209.3000030517578125 213.881256103515625 218.2312469482421875 222.0500030517578125 225.1437530517578125 225.681243896484375 226.375 225
135.1999969482421875 128.243743896484375 122.9499969482421875 118.625 115.13124847412109375 114.39374542236328125 113.93125152587890625 114.8937530517578125 118.2375030517578125 123.8312530517578125 131.931243896484375 140.212493896484375 146.631256103515625 151.1062469482421875 150.037506103515625 147.8249969482421875 145.1750030517578125 144.3000030517578125 142.962493896484375 141.375 143.28125 147.243743896484375 154.306243896484375 162.96875 171.96875 176.443756103515625 180.9187469482421875 186 191.3125 193.5124969482421875 195.8125 197.875 198.899993896484375 199.5 200.3125 204.243743896484375 208.274993896484375 211.8562469482421875 217.46875 222.7312469482421875 226.631256103515625 226.7937469482421875 228.0187530517578125 227.6125030517578125
142.524993896484375 135.337493896484375 130.306243896484375 126.6999969482421875 123.5500030517578125 122.90000152587890625 123.4812469482421875 126.41249847412109375 131.4312591552734375 137.8937530517578125 146.818756103515625 155.3625030517578125 158.806243896484375 160.318756103515625 157.8937530517578125 153.756256103515625 150.037506103515625 146.71875 144.3000030517578125 141.4187469482421875 142.6750030517578125 147.5 156.631256103515625 167.931243896484375 175.399993896484375 177.0812530517578125 180.65625 184.8874969482421875 190.087493896484375 193.274993896484375 195.4875030517578125 196.931243896484375 197.837493896484375 198.162506103515625 198.875 202.6374969482421875 206.6062469482421875 209.8874969482421875 215.8562469482421875 222.193756103515625 226.756256103515625 226.993743896484375 225.6687469482421875 223.875
150.8249969482421875 143.806243896484375 139.0437469482421875 135.21875 132.193756103515625 133.0124969482421875 134.412506103515625 137.431243896484375 143.6687469482421875 151.556243896484375 160.84375 167.9562530517578125 169.5437469482421875 166.90625 163.5500030517578125 159.0187530517578125 154.118743896484375 150.962493896484375 147.5187530517578125 143.5500030517578125 141.5 147.399993896484375 158.131256103515625 167.212493896484375 170.34375 172.2937469482421875 178.212493896484375 184.125 189.0437469482421875 192.5500030517578125 194.806243896484375 195.8312530517578125 195.8312530517578125 195.7375030517578125 196.068756103515625 199.5437469482421875 202.806243896484375 205.912506103515625 211.84375 218.568756103515625 224.756256103515625 224.3000030517578125 218.6687469482421875 213.0749969482421875
157.9562530517578125 151.4250030517578125 146.881256103515625 143.350006103515625 140.84375 141.4250030517578125 143.725006103515625 148.4187469482421875 155.5 164.131256103515625 172.193756103515625 176.15625 175.0500030517578125 172.087493896484375 167.34375 163.399993896484375 158.0500030517578125 155.181243896484375 151.3125 147.818756103515625 147.618743896484375 152.65625 159.8000030517578125 166.350006103515625 168.568756103515625 171.618743896484375 177.125 182.5500030517578125 188.3312530517578125 191.4499969482421875 193.631256103515625 194.5437469482421875 193.6687469482421875 192.399993896484375 192.65625 195.3874969482421875 198.600006103515625 202.0749969482421875 207.1750030517578125 212.493743896484375 216.28125 210.443756103515625 206.181243896484375 204.368743896484375
162.9875030517578125 156.693756103515625 152.875 149.78125 148.3000030517578125 149.818756103515625 153.3125 157.96875 164.875 172.625 180.46875 182.524993896484375 181.1125030517578125 178.006256103515625 173.162506103515625 168.806243896484375 163.53125 159.837493896484375 156.5437469482421875 154.506256103515625 155.6062469482421875 158.818756103515625 164.443756103515625 168.5187530517578125 171.9250030517578125 175.1374969482421875 179.256256103515625 184.2687530517578125 188.90625 192.3000030517578125 193.774993896484375 193.28125 192.6687469482421875 190.256256103515625 189.2062530517578125 190.6750030517578125 193.774993896484375 197.381256103515625 200.193756103515625 198.193756103515625 193.65625 192.5187530517578125 195.193756103515625 197.431243896484375
167.03125 160.725006103515625 157.59375 155.087493896484375 154.3625030517578125 156.712493896484375 160.993743896484375 165.912506103515625 172.243743896484375 180.131256103515625 187.618743896484375 188.931243896484375 187.1687469482421875 183.7062530517578125 179.5124969482421875 173.3125 168.625 165.243743896484375 161.7937469482421875 160.274993896484375 163.212493896484375 166.712493896484375 171.037506103515625 173.6062469482421875 175.818756103515625 178.287506103515625 180.9625091552734375 185.912506103515625 190.6374969482421875 194.287506103515625 195.462493896484375 193.881256103515625 190 186.475006103515625 183.9187469482421875 186.3562469482421875 189.1999969482421875 191.1687469482421875 190.8562469482421875 184.8000030517578125 175.993743896484375 177.75 184.3125 188.087493896484375
169.475006103515625 163.65625 160.568756103515625 158.9812469482421875 159.243743896484375 162.2687530517578125 167.318756103515625 172.618743896484375 179.037506103515625 186.3000030517578125 193.943756103515625 195.3937530517578125 193.25 189.475006103515625 185.59375 179.9562530517578125 171.7937469482421875 168.212493896484375 166.2375030517578125 166.59375 169.7687530517578125 173.9499969482421875 177.6750030517578125 178.412506103515625 180.15625 180.90625 182.181243896484375 186.399993896484375 191.8874969482421875 196.2624969482421875 198.0812530517578125 195.7687530517578125 189.40625 183.09375 181.181243896484375 183.2062530517578125 184.6999969482421875 187.024993896484375 187.6999969482421875 177.875 168.3625030517578125 170.2624969482421875 175.287506103515625 180.0812530517578125
170.631256103515625 164.818756103515625 161.875 160.912506103515625 160.993743896484375 164.743743896484375 170.0124969482421875 175.493743896484375 182.03125 189.787506103515625 196.625 199.9562530517578125 199.15625 196.0625 191.96875 185.2874908447265625 176.7312469482421875 170.649993896484375 171.09375 172.100006103515625 176.399993896484375 180.28125 183.2937469482421875 182.868743896484375 182.8125 183.03125 182.475006103515625 187.337493896484375 194.1062469482421875 199.6437530517578125 200.475006103515625 193.2375030517578125 185.65625 179.8249969482421875 176.1374969482421875 177.493743896484375 180.881256103515625 183.181243896484375 182.125 176.6437530517578125 168 167.337493896484375 170.006256103515625 173.506256103515625
169.524993896484375 163.975006103515625 161.5749969482421875 161.368743896484375 162.09375 166.181243896484375 170.65625 176.806243896484375 184.024993896484375 192.056243896484375 199.0437469482421875 201.5250091552734375 202.84375 203.1687469482421875 198.0625 189.1875 179.3874969482421875 172.943756103515625 171.1750030517578125 174.1062469482421875 180.618743896484375 185.875 185.306243896484375 185.40625 184.71875 184.912506103515625 185.868743896484375 188.875 195.3312530517578125 201.5 203.15625 193.350006103515625 182.649993896484375 172.2062530517578125 166.462493896484375 169.6687469482421875 174.225006103515625 176.375 177.8312530517578125 174.2375030517578125 167.868743896484375 165.1125030517578125 165.368743896484375 167.5437469482421875
168.024993896484375 162.46875 160.475006103515625 159.7937469482421875 161.181243896484375 166.462493896484375 171.600006103515625 177.0749969482421875 184.381256103515625 192.431243896484375 199.0812530517578125 202.3874969482421875 206.649993896484375 210.6875 202.6875 189.524993896484375 178.0749969482421875 174.3000030517578125 173.2937469482421875 175.5812530517578125 180.1750030517578125 183.068756103515625 185.868743896484375 185.4375 184.8562469482421875 185.78125 186.5500030517578125 189.462493896484375 192.5625 195.6875 195.59375 187.8625030517578125 175.3187408447265625 162.1374969482421875 154.4812469482421875 158.837493896484375 167.1875 173.274993896484375 175.9812469482421875 174.162506103515625 168.493743896484375 163.0749969482421875 162.5187530517578125 163.15625
