data/historical-monthly-weather-data/wc2.1_cruts4.09_10m_prec_2005-12.asc
ncols        45
nrows        45
xllcorner    -63.500000000000
yllcorner    -7.500000000000
cellsize     0.166666666667
NODATA_value -9999
[rows 20 to 39 of 45, columns 0 to 44 of 45]
352.10626220703125 357.587493896484375 359.693756103515625 363 367.53125 371.59375 374.26251220703125 375.78125 375.568756103515625 372.131256103515625 366.25 364.34375 362.131256103515625 356.774993896484375 346.76251220703125 334.274993896484375 322.17498779296875 312.21875 306.181243896484375 302.037506103515625 309.48748779296875 318.25 326.899993896484375 335.899993896484375 346.9375 355.58123779296875 355.024993896484375 344.993743896484375 329.07501220703125 311.087493896484375 297.524993896484375 294.75 302.70001220703125 314.9375 328.54376220703125 344.04376220703125 364.42498779296875 386.15625 401.96875 408.399993896484375 405.41876220703125 394.987518310546875 388.40625 382.85626220703125 375.475006103515625
343.71875 348.100006103515625 352.193756103515625 358.8125 365.149993896484375 369.993743896484375 374.649993896484375 378.056243896484375 378.074981689453125 374.774993896484375 367.899993896484375 363.70001220703125 359.16876220703125 351.875 342.912506103515625 332.15625 321.6875 312.82501220703125 305.806243896484375 300.975006103515625 305.14373779296875 313.36248779296875 323.649993896484375 333.21875 345.412506103515625 359.26873779296875 366.20623779296875 359.26873779296875 345.98748779296875 331.26873779296875 319.149993896484375 313.962493896484375 319.29998779296875 330.41876220703125 341.774993896484375 356.14373779296875 376.518768310546875 399.28125 412.91876220703125 415.625 413.14373779296875 404.26251220703125 397.125 391.35626220703125 384.9375
336.412506103515625 343.087493896484375 346.64373779296875 353.28125 361.368743896484375 368.92498779296875 374.274993896484375 379.73748779296875 382.20001220703125 377.64373779296875 369.65625 362.056243896484375 356.318756103515625 348.331268310546875 339.58123779296875 329.806243896484375 319.86248779296875 310.90625 303.82501220703125 297.58123779296875 300.631256103515625 307.01251220703125 315.11248779296875 325.39373779296875 339.70623779296875 358.118743896484375 371.54376220703125 368.53125 357.98126220703125 346.73748779296875 337.16876220703125 331.88751220703125 337.149993896484375 345.006256103515625 353.993743896484375 364.125 385.462493896484375 415.29376220703125 428.274993896484375 427.524993896484375 423.131256103515625 413.79376220703125 406.568756103515625 400.462493896484375 393.41876220703125
330.181243896484375 335.493743896484375 338.649993896484375 346.07501220703125 355.993743896484375 365.037506103515625 373.15625 379.087493896484375 381.0625 375.693756103515625 367.67498779296875 360.399993896484375 353.75 346.01251220703125 337.475006103515625 328.23126220703125 319.25 310.73126220703125 302.84375 295.8125 295.66876220703125 299.1875 303.787506103515625 314.125 327.943756103515625 345.337493896484375 358.98126220703125 363.66876220703125 362.662506103515625 356.243743896484375 350.962493896484375 346.399993896484375 353.45623779296875 360.943756103515625 369.287506103515625 376.537506103515625 396.993743896484375 427.01251220703125 440.15625 439.318756103515625 433.693756103515625 424.09375 414.875 407.193756103515625 402.95623779296875
328.212493896484375 331.100006103515625 332.89373779296875 343.67498779296875 356.475006103515625 365 372.51873779296875 376.962493896484375 376.975006103515625 373.15625 366.243743896484375 358.13751220703125 350.568756103515625 342.399993896484375 335.056243896484375 327.0625 318.725006103515625 310.53125 302.087493896484375 294.23748779296875 291.29376220703125 290.45623779296875 292.118743896484375 300.462493896484375 314.368743896484375 332.556243896484375 347.1875 357.118743896484375 362.556243896484375 362.38751220703125 361.462493896484375 359.75 368.931243896484375 377.568756103515625 384.98748779296875 395.774993896484375 415.75 436.89373779296875 448.32501220703125 450.681243896484375 445.600006103515625 435.212493896484375 423.600006103515625 417.04998779296875 409.46875
333.475006103515625 339.243743896484375 341.10626220703125 350.42498779296875 359.306243896484375 366.381256103515625 371.58123779296875 374.587493896484375 373.6875 369.243743896484375 362.45001220703125 355.006256103515625 346.681243896484375 338.33123779296875 332.556243896484375 325.881256103515625 317.9375 309.962493896484375 301.431243896484375 292.850006103515625 288.98748779296875 283.73748779296875 280.225006103515625 285.043731689453125 301.287506103515625 321.40625 338.91876220703125 352.29998779296875 362.16876220703125 366.193756103515625 368.58123779296875 372.506256103515625 384.98126220703125 393.881256103515625 402.92498779296875 415 433.375 451.89373779296875 462.087493896484375 466 461.83123779296875 446.875 431.10626220703125 420.818756103515625 415.98748779296875
340.787506103515625 347.41876220703125 352.96875 361.29376220703125 368.1875 372.41876220703125 373.725006103515625 373.76251220703125 370.17498779296875 366.100006103515625 361.09375 353.29998779296875 344.068756103515625 335.95001220703125 331.068756103515625 326.006256103515625 319.40625 311.79376220703125 303.4375 293.79376220703125 287.76873779296875 280.20623779296875 273.318756103515625 274.818756103515625 292.64373779296875 312.78125 330.9375 345.931243896484375 359.21875 365.85626220703125 372.274993896484375 380.17498779296875 398 409.64373779296875 420.875 435.100006103515625 451.53125 468.493743896484375 478.51873779296875 484.53125 481.98748779296875 462.162506103515625 438.881256103515625 425.20623779296875 430.48126220703125
349.725006103515625 357.48126220703125 365.45001220703125 373.556243896484375 378.67498779296875 379.962493896484375 378.243743896484375 374.225006103515625 368.5625 363.01251220703125 356.96875 349.08123779296875 341.29998779296875 333.73748779296875 329.90625 325.4375 320.649993896484375 313.23126220703125 305.59375 296.368743896484375 289.58123779296875 281.943756103515625 277.225006103515625 280.649993896484375 293.60626220703125 310.493743896484375 326.39373779296875 340.681243896484375 354.193756103515625 362.65625 370.318756103515625 379.29376220703125 399.83123779296875 418.07501220703125 434.32501220703125 450.54998779296875 468.33123779296875 486.287506103515625 498.649993896484375 508.318756103515625 509.412506103515625 486.774993896484375 450.0625 432.92498779296875 453.88751220703125
356.493743896484375 366.024993896484375 376.537506103515625 386.76873779296875 390.35626220703125 386.725006103515625 380.83123779296875 374.1875 366.70001220703125 359.181243896484375 353.318756103515625 346.131256103515625 338.35626220703125 331.625 328.25 326.118743896484375 322.57501220703125 316.20623779296875 309.056243896484375 300.556243896484375 293.45623779296875 286.39373779296875 283.024993896484375 286.381256103515625 296.787506103515625 310.462493896484375 324.11248779296875 337.399993896484375 350.556243896484375 358.875 366.65625 375.899993896484375 399.04376220703125 421.506256103515625 443.193756103515625 462.85626220703125 483.67498779296875 503.01873779296875 516.1500244140625 529.6500244140625 538.0250244140625 511.431243896484375 473.88751220703125 463.65625 485.25
362.631256103515625 372.993743896484375 386.056243896484375 399.056243896484375 404.28125 393.89373779296875 382.9375 373.9375 364.23126220703125 355.149993896484375 348.743743896484375 341.23748779296875 335.39373779296875 330.243743896484375 327.63751220703125 325.04376220703125 322.412506103515625 319.04998779296875 313.131256103515625 304.91876220703125 297.16876220703125 290.4375 286.056243896484375 289.46875 298.03125 309.337493896484375 319.4375 331.818756103515625 343.506256103515625 353.10626220703125 362.32501220703125 373.01251220703125 398.65625 423.71875 448.46875 469.90625 492.881256103515625 513.82501220703125 528.36248779296875 541.4749755859375 547.73748779296875 533.0250244140625 508.60626220703125 501.6875 507.75
365.36248779296875 376.118743896484375 388.36248779296875 401.693756103515625 405.787506103515625 392.45623779296875 380 368.95623779296875 357.78125 349.693756103515625 343.212493896484375 336.743743896484375 332.100006103515625 327.53125 324.98748779296875 323.337493896484375 322.475006103515625 319.38751220703125 316.037506103515625 308.76873779296875 300.26251220703125 292.90625 288.45001220703125 290.89373779296875 297.225006103515625 305.912506103515625 314.71875 325.337493896484375 335.92498779296875 347.48126220703125 358.38751220703125 370.83123779296875 397.16876220703125 424.9375 451.57501220703125 475.712493896484375 501.274993896484375 524.4124755859375 538.7562255859375 549.3125 558.48748779296875 553.01873779296875 541.2874755859375 531.2562255859375 531.20001220703125
365.274993896484375 373.82501220703125 383.03125 389.60626220703125 389.48748779296875 380.53125 369.98748779296875 358.70623779296875 348.66876220703125 340.42498779296875 334.962493896484375 330.53125 327.48126220703125 323.96875 322.918731689453125 321.85626220703125 319.33123779296875 316.631256103515625 313.8125 308.131256103515625 300.60626220703125 293.29376220703125 287.85626220703125 289.381256103515625 295.5625 302.04376220703125 308.96875 318.29376220703125 328.29998779296875 341.54998779296875 354.28125 368.76251220703125 394.556243896484375 423.61248779296875 452.79376220703125 480.64373779296875 506.78125 530.8687744140625 546.13751220703125 558.6875 574.46875 578.6875 578.875 578.66876220703125 585.76873779296875
361.65625 366.100006103515625 369.931243896484375 373.38751220703125 372 363.868743896484375 353.20001220703125 342.243743896484375 332.89373779296875 326.54376220703125 325.375 322.73126220703125 322.068756103515625 321.83123779296875 320.506256103515625 318.20623779296875 314.506256103515625 312.95623779296875 308.725006103515625 304.050018310546875 297.681243896484375 291.712493896484375 286.743743896484375 287.1875 291.76873779296875 297.54376220703125 303.35626220703125 309.95001220703125 319.45623779296875 333.3125 348.287506103515625 364.45001220703125 391.03125 420.368743896484375 450.36248779296875 478.91876220703125 506.76251220703125 532.85626220703125 549.01873779296875 569.28125 587.70001220703125 599.51873779296875 613.4124755859375 633.67498779296875 668.26251220703125
355.95623779296875 357.006256103515625 358.274993896484375 357.88751220703125 353.54998779296875 345.28125 335.556243896484375 325.08123779296875 316.212493896484375 310.975006103515625 310.868743896484375 313.725006103515625 316.71875 317.337493896484375 316.61248779296875 313.46875 309.931243896484375 308.33123779296875 303.76873779296875 299.462493896484375 293.96875 288.29376220703125 283.3125 283.274993896484375 286 290.225006103515625 295.693756103515625 301.73748779296875 310.70001220703125 324.95623779296875 341.20623779296875 359.58123779296875 386.66876220703125 416.38751220703125 445.975006103515625 474.85626220703125 504.88751220703125 530.51873779296875 551.59375 574.95623779296875 597.46875 615.70001220703125 638.8125 672.17498779296875 716.57501220703125
348.58123779296875 347.962493896484375 346.712493896484375 343.14373779296875 337.63751220703125 328.443756103515625 318.006256103515625 307.45001220703125 297.63751220703125 293.556243896484375 296.66876220703125 303.45001220703125 311.475006103515625 315.88751220703125 314.850006103515625 311.01873779296875 306.0625 303.537506103515625 299.787506103515625 294.26251220703125 289.95001220703125 283.89373779296875 280 278.712493896484375 279.54998779296875 282.5625 287.09375 292.84375 300.89373779296875 316.33123779296875 334.125 353.76873779296875 381.40625 411.556243896484375 440.993743896484375 468.962493896484375 497.95001220703125 527.76251220703125 551.45623779296875 574.26873779296875 599.5687255859375 620.60626220703125 646.9749755859375 681.59375 718.625
339.79998779296875 337.806243896484375 334.39373779296875 329.45001220703125 322.40625 312.993743896484375 301.33123779296875 289.318756103515625 278.162506103515625 272.26251220703125 278.193756103515625 291.006256103515625 304.73748779296875 311.943756103515625 311.83123779296875 308.01251220703125 302.5 299.506256103515625 294.568756103515625 288.53125 284.131256103515625 279.78125 275.20623779296875 273.568756103515625 274.306243896484375 276.10626220703125 280.21875 285.03125 292.09375 308.29376220703125 327.056243896484375 346.462493896484375 373.600006103515625 401.71875 429.5 454.818756103515625 484.73126220703125 513.21875 535.8187255859375 559.14373779296875 584.36248779296875 607.3062744140625 631.25 661.45001220703125 686.82501220703125
330.337493896484375 327.54998779296875 323.225006103515625 317.83123779296875 310.787506103515625 301.4375 290.54376220703125 277.118743896484375 262.524993896484375 250.6875 262.20001220703125 286.337493896484375 301.618743896484375 308.48126220703125 308.681243896484375 304.6875 299.274993896484375 295.193756103515625 290.274993896484375 283.90625 279.01251220703125 274.212493896484375 269.774993896484375 267.818756103515625 267.53125 269.006256103515625 271.98748779296875 277.037506103515625 284.087493896484375 300.67498779296875 319.412506103515625 338.818756103515625 364.556243896484375 391.73748779296875 417.40625 442.993743896484375 470.13751220703125 496.1875 515.88751220703125 537.73126220703125 561.17498779296875 582.4749755859375 604.9000244140625 631.10626220703125 647.1937255859375
321.024993896484375 318.32501220703125 314.212493896484375 308.71875 302.6875 293.587493896484375 284.399993896484375 272.70001220703125 259.4375 244.9562530517578125 270.318756103515625 296.556243896484375 305.625 309.10626220703125 307.61248779296875 303.050018310546875 296.568756103515625 292.33123779296875 286.13751220703125 279.73748779296875 273.39373779296875 268.037506103515625 263.92498779296875 261.493743896484375 260.42498779296875 261.256256103515625 264.89373779296875 269.32501220703125 275.84375 292.993743896484375 311.149993896484375 330.73748779296875 355.125 380.71875 404.79376220703125 428.368743896484375 452.600006103515625 475.29998779296875 494.33123779296875 513.71246337890625 533.9437255859375 552.88751220703125 571.82501220703125 593.79376220703125 607.60626220703125
315.875 312.82501220703125 309.25 304.725006103515625 298.91876220703125 291.28125 284.09375 277.6875 273.9375 281.837493896484375 311.20623779296875 314.287506103515625 312.45001220703125 311.90625 309.01251220703125 304.28125 297.975006103515625 291.88751220703125 284.79998779296875 277.29376220703125 269.73748779296875 263.03125 258.41876220703125 256.162506103515625 255.443756103515625 256.274993896484375 259.54998779296875 264.412506103515625 270.962493896484375 287.118743896484375 304.912506103515625 321.662506103515625 343.33123779296875 365.756256103515625 388.86248779296875 409.918731689453125 430.899993896484375 451.11248779296875 467.524993896484375 483.962493896484375 502.45623779296875 517.4749755859375 532.6187744140625 549.57501220703125 559.8125
312.86248779296875 309.54376220703125 306.07501220703125 302.01251220703125 297.306243896484375 292.287506103515625 287.98126220703125 286.587493896484375 288.14373779296875 297.36248779296875 312.70623779296875 317.70623779296875 315.70623779296875 314.149993896484375 311.48748779296875 306.524993896484375 300.056243896484375 293.59375 284.662506103515625 275.631256103515625 265.431243896484375 256.912506103515625 251.2312469482421875 248.5187530517578125 248.931243896484375 250.75 255.125 260.5625 266.98748779296875 282.11248779296875 297.51251220703125 313.774993896484375 333.25 352.48126220703125 371.70001220703125 388.85626220703125 407.693756103515625 424.837493896484375 438.8125 452.149993896484375 466.53125 479.32501220703125 492.48748779296875 506.01251220703125 514.90625
