data/historical-monthly-weather-data/wc2.1_cruts4.09_10m_prec_1964-08.asc
ncols        51
nrows        45
xllcorner    -63.500000000000
yllcorner    -7.500000000000
cellsize     0.166666666667
NODATA_value -9999
[rows 0 to 18 of 45, columns 0 to 42 of 51]
164.09375 165.3249969482421875 165.8625030517578125 170.6374969482421875 176.600006103515625 185.256256103515625 188.9812469482421875 194.912506103515625 200.84375 204.537506103515625 202.09375 202.287506103515625 204.818756103515625 203.1687469482421875 201.9875030517578125 196.399993896484375 193.568756103515625 188.9562530517578125 183.9187469482421875 183.6875 182.087493896484375 178.087493896484375 174.1125030517578125 168.15625 160.4375 153.056243896484375 147.631256103515625 143.850006103515625 133.756256103515625 128.431243896484375 119.1125030517578125 114.15000152587890625 109.8312530517578125 103.44374847412109375 98.9187469482421875 97.15000152587890625 94.59375 93.47499847412109375 94.125 94.05625152587890625 94.55625152587890625 96.44374847412109375 96.1437530517578125
159.068756103515625 158.4562530517578125 162.4499969482421875 167.681243896484375 175.0437469482421875 182.4812469482421875 183.881256103515625 189.2687530517578125 196.53125 200.875 201.162506103515625 203.4187469482421875 202.118743896484375 198.725006103515625 195.962493896484375 194.368743896484375 189.337493896484375 184.2062530517578125 180.118743896484375 178.256256103515625 175.993743896484375 171.743743896484375 167.8000030517578125 163.46875 155.756256103515625 147.3562469482421875 144.3312530517578125 138.7312469482421875 129.2312469482421875 122.6750030517578125 116.74375152587890625 111.19374847412109375 106.8249969482421875 102.8625030517578125 98.05625152587890625 95.5 91.4187469482421875 91.71250152587890625 91.53125 91.59375 94.33750152587890625 95.1062469482421875 96.50624847412109375
151.712493896484375 153.6187591552734375 159.1125030517578125 166.381256103515625 173.868743896484375 180.5749969482421875 184.662506103515625 189.40625 194.2375030517578125 197.6062469482421875 200.6999969482421875 202.4562530517578125 200.212493896484375 194.21875 190.3874969482421875 187.462493896484375 183.7249908447265625 178.600006103515625 174.506256103515625 170.243743896484375 169.756256103515625 168.6624908447265625 165.21875 161.7312469482421875 152.243743896484375 145.256256103515625 143.068756103515625 135.21875 125.75 120.25 112.90000152587890625 107.41249847412109375 103.0749969482421875 99.63124847412109375 93.68125152587890625 88.5625 85.5749969482421875 84.96875 84.125 85.3125 88.8562469482421875 90.68125152587890625 93.74375152587890625
144.993743896484375 145.0749969482421875 152.90625 161.431243896484375 167.587493896484375 173.9562530517578125 180.037506103515625 185.818756103515625 193.806243896484375 197.149993896484375 197.493743896484375 196.4562530517578125 194.787506103515625 188.850006103515625 184.399993896484375 180.2687530517578125 177.287506103515625 173.381256103515625 169.899993896484375 170.4375 168.8312530517578125 165.756256103515625 161.9375 158.4875030517578125 150.0500030517578125 142.53125 138.837493896484375 128.3249969482421875 119.93125152587890625 114.9875030517578125 108.6687469482421875 102.03749847412109375 95.93125152587890625 90.8312530517578125 85.61875152587890625 81.86875152587890625 80.44374847412109375 78.2687530517578125 76.41249847412109375 78.65000152587890625 80.8249969482421875 84.97499847412109375 88.27500152587890625
151.8000030517578125 147.631256103515625 146.3874969482421875 151.75 160.4562530517578125 166.4375 171.787506103515625 181.743743896484375 192.118743896484375 195.712493896484375 194.03125 191.25 188.78125 184.381256103515625 178.7937469482421875 174.9875030517578125 170.4187469482421875 165.881256103515625 162.9499969482421875 164.9499969482421875 167.125 161.8937530517578125 159.024993896484375 157.4562530517578125 147.100006103515625 138.4562530517578125 131.2687530517578125 124.7375030517578125 116.41249847412109375 108.83750152587890625 104.93125152587890625 97.6374969482421875 92.3000030517578125 87.47499847412109375 82.06874847412109375 76.84375 73.50624847412109375 71.08750152587890625 69.24375152587890625 69.94374847412109375 73.71250152587890625 77.80625152587890625 83.25
153.03125 148.443756103515625 145.006256103515625 140.8625030517578125 147.9562530517578125 160.4499969482421875 167.868743896484375 175.0812530517578125 185.7687530517578125 189.3249969482421875 184.993743896484375 182.25 181.243743896484375 178.068756103515625 172.6750030517578125 169.6062469482421875 163.899993896484375 158.65625 158.462493896484375 160.756256103515625 162.6374969482421875 160.587493896484375 158.1999969482421875 150.5 143.2937469482421875 135.75 128.3874969482421875 120.625 113.3562469482421875 104.8874969482421875 100.5500030517578125 95.61875152587890625 88.88124847412109375 84.30625152587890625 77.74375152587890625 73.74375152587890625 68.94374847412109375 64.5625 63.318752288818359375 64.4812469482421875 65.75 70.0812530517578125 75.2312469482421875
154.8937530517578125 151.4562530517578125 148.100006103515625 144.618743896484375 145.756256103515625 151.3125 157.712493896484375 164.2624969482421875 166.537506103515625 170.6062469482421875 171.1687469482421875 171.125 173.1437530517578125 171.193756103515625 168.368743896484375 165.368743896484375 160.1125030517578125 156.6750030517578125 155.212493896484375 159.21875 159.4499969482421875 158.46875 156.006256103515625 149.21875 141.0437469482421875 134.1125030517578125 125.99375152587890625 117.1062469482421875 107.4812469482421875 102.09375 96.68125152587890625 90.74375152587890625 85.80625152587890625 81.0187530517578125 75.09999847412109375 69.74375152587890625 63.78749847412109375 59.27500152587890625 58.09999847412109375 58.55625152587890625 58.831249237060546875 62.393749237060546875 67.5500030517578125
157.4875030517578125 152.125 151.25 149.2624969482421875 151.225006103515625 156.399993896484375 155 148.162506103515625 145 149.3625030517578125 157.8000030517578125 160.431243896484375 162.75 163.0124969482421875 162.3312530517578125 159.8249969482421875 156.8562469482421875 154.318756103515625 152.899993896484375 155.5 157.5625 156.9562530517578125 152.693756103515625 145.118743896484375 139.2624969482421875 130.431243896484375 121.24375152587890625 112.90000152587890625 104.38124847412109375 96.68125152587890625 93.2312469482421875 87.30625152587890625 81.3125 77.27500152587890625 70.3937530517578125 64.4562530517578125 58.4375 53.28125 51.012500762939453125 50.05625152587890625 50.137500762939453125 53.46250152587890625 57.63124847412109375
159.4187469482421875 154.4812469482421875 154.631256103515625 151.4875030517578125 151.7312469482421875 153.9375 153.537506103515625 148.7312469482421875 139.3000030517578125 136.587493896484375 143.1437530517578125 147.0500030517578125 154.1374969482421875 155.381256103515625 155.53125 154.3125 155.118743896484375 154.381256103515625 156.8562469482421875 155.9250030517578125 155.59375 155.649993896484375 150.524993896484375 146.837493896484375 139.225006103515625 128.1687469482421875 116.4250030517578125 109.6687469482421875 101.5 94.03749847412109375 90.3625030517578125 82.91249847412109375 75.90000152587890625 69.7375030517578125 64.2312469482421875 59.825000762939453125 54.674999237060546875 49.84999847412109375 46.731250762939453125 45.03125 44 45.424999237060546875 47.63124847412109375
159.787506103515625 155.412506103515625 154.3625030517578125 153.2687530517578125 153.2624969482421875 154.5749969482421875 156.537506103515625 151.4250030517578125 143.96875 143.3125 144.475006103515625 143.1437530517578125 148.71875 151.181243896484375 150.2687530517578125 150.9562530517578125 151.0812530517578125 153.9812469482421875 156.7375030517578125 158.412506103515625 157.46875 153.774993896484375 147.774993896484375 143.4875030517578125 134.90625 123.8562469482421875 112.7687530517578125 104.9187469482421875 95.6062469482421875 88.24375152587890625 82.4187469482421875 76.1374969482421875 71.47499847412109375 66.7687530517578125 62.174999237060546875 57.33750152587890625 51.606250762939453125 46.418750762939453125 43.53125 41.125 39.049999237060546875 38.90000152587890625 39.375
162.90625 158.212493896484375 155.2624969482421875 153.46875 154.4875030517578125 158.1750030517578125 159.34375 152.0500030517578125 146.287506103515625 143.649993896484375 145.662506103515625 144.568756103515625 145.34375 145.743743896484375 143.681243896484375 143.493743896484375 145.412506103515625 150.431243896484375 153.8249969482421875 158.21875 161.7375030517578125 157.462493896484375 149.837493896484375 140.09375 134.3249969482421875 123.65000152587890625 112.69374847412109375 102.4875030517578125 90.93125152587890625 82.47499847412109375 77.9812469482421875 72.375 69.1062469482421875 64.90000152587890625 59.362499237060546875 53.91249847412109375 48.206249237060546875 43.5625 39.918750762939453125 36.668750762939453125 33.75 33.03749847412109375 33.18125152587890625
163.1374969482421875 159.1687469482421875 156.2687530517578125 155.6125030517578125 157.0687408447265625 160.5 162.5124969482421875 156.931243896484375 150.149993896484375 146.21875 146.1374969482421875 144.662506103515625 142.287506103515625 139.4187469482421875 141.8874969482421875 141.631256103515625 142.28125 144.912506103515625 150.1750030517578125 157.412506103515625 161.5625 158.03125 151.337493896484375 142.462493896484375 132.8125 116.125 104.93125152587890625 96.1125030517578125 85.9250030517578125 78.6750030517578125 73.30625152587890625 69.4875030517578125 64.86875152587890625 60.706249237060546875 56.65000152587890625 52.31874847412109375 47.043750762939453125 41.918750762939453125 36.96875 32.543750762939453125 29.53125 28.5625 27.924999237060546875
161.756256103515625 156.1999969482421875 154.40625 152.306243896484375 154.8625030517578125 156.806243896484375 155.318756103515625 152.4375 146.4562530517578125 143.7624969482421875 143.5437469482421875 142.8874969482421875 139 133.131256103515625 132.375 133.912506103515625 133.756256103515625 138.725006103515625 143.493743896484375 148.0812530517578125 153.475006103515625 151.524993896484375 146.100006103515625 133.743743896484375 118.05625152587890625 104.1437530517578125 97.2312469482421875 89.8312530517578125 83.1750030517578125 76.6875 70.7062530517578125 66 62.837497711181640625 57.25 53.88124847412109375 50.96250152587890625 47.887500762939453125 42.450000762939453125 37.549999237060546875 31.362501144409179688 26.024999618530273438 25.443750381469726562 24.21875
158.868743896484375 151.8312530517578125 149.131256103515625 149.03125 149.6999969482421875 149.787506103515625 148.399993896484375 147.556243896484375 142.1125030517578125 139.8000030517578125 137.818756103515625 134.787506103515625 132.318756103515625 127.53125 120.91249847412109375 123.88124847412109375 125.3249969482421875 129.475006103515625 130.1687469482421875 133.2312469482421875 138.4812469482421875 137.1687469482421875 132.7312469482421875 123.33750152587890625 111.125 100.30625152587890625 93.4499969482421875 86.8874969482421875 80.53125 75.15625 70.28125 64.25 60.581249237060546875 55.950000762939453125 53.83750152587890625 52.53125 49.793750762939453125 46.418750762939453125 41.31874847412109375 33.581249237060546875 25.037500381469726562 22.149999618530273438 21.90625
153.975006103515625 148.90625 145.0500030517578125 143.1062469482421875 144.006256103515625 143.6750030517578125 142.131256103515625 139.756256103515625 134.96875 132.96875 128.962493896484375 127.4375 124.8937530517578125 119.08750152587890625 112.3000030517578125 111.0812530517578125 112.36875152587890625 114.03125 115.8562469482421875 119.53749847412109375 124.30625152587890625 124.5812530517578125 122.40000152587890625 117.5812530517578125 110.2375030517578125 102.6999969482421875 94.59999847412109375 86.83750152587890625 79.3125 73.55625152587890625 67.7375030517578125 62.90000152587890625 59.456249237060546875 56.22499847412109375 53.325000762939453125 52.52500152587890625 51.700000762939453125 51.799999237060546875 47.21875 37.5625 30.006250381469726562 26.556249618530273438 25.862499237060546875
146.8874969482421875 143.0124969482421875 140.587493896484375 138.662506103515625 137.912506103515625 138.693756103515625 137.4562530517578125 132.962493896484375 129.1062469482421875 126.36875152587890625 122.75624847412109375 119.46875 115.6437530517578125 110.61875152587890625 104.86875152587890625 98.7062530517578125 99.1750030517578125 100.96875 102.4499969482421875 106.5500030517578125 110.72499847412109375 113.38124847412109375 115.6374969482421875 115.4812469482421875 111.3874969482421875 104.43125152587890625 96.3312530517578125 86.8937530517578125 78.59999847412109375 73.1999969482421875 68.3874969482421875 63.268749237060546875 58.831249237060546875 55.63124847412109375 53.643749237060546875 56.362499237060546875 56.94374847412109375 56.581249237060546875 52.47499847412109375 44.606250762939453125 37.262500762939453125 32.737499237060546875 29.243749618530273438
142.96875 139.6062469482421875 136.3874969482421875 135 132.46875 133.6999969482421875 133.587493896484375 130.59375 124.8874969482421875 122.40625 118.9562530517578125 113.7624969482421875 109.5625 104.3625030517578125 98.4187469482421875 92.40625 86.46875 86.81874847412109375 90.55625152587890625 95.375 97.65000152587890625 102.84999847412109375 108.9562530517578125 114.6374969482421875 114.34999847412109375 106.8312530517578125 95.80625152587890625 86.40000152587890625 76.9250030517578125 70.84999847412109375 67.4499969482421875 64.7062530517578125 61.793750762939453125 59.200000762939453125 62.918750762939453125 64.9499969482421875 64.96250152587890625 65.9187469482421875 62.53749847412109375 51.15625 41.30625152587890625 35.03749847412109375 30.043750762939453125
135.806243896484375 134.0187530517578125 132.181243896484375 131.8874969482421875 129.9499969482421875 131.4625091552734375 129.225006103515625 127.0124969482421875 122.1999969482421875 118.71250152587890625 115.22499847412109375 110.68125152587890625 103.9250030517578125 97.44374847412109375 91.72499847412109375 85.5749969482421875 79.57500457763671875 74.96875 80.25624847412109375 82.875 87.0124969482421875 92.80625152587890625 101.42499542236328125 108.0749969482421875 111.5812530517578125 106.53749847412109375 97.38124847412109375 87.1062469482421875 76.2937469482421875 69.0124969482421875 62.4375 58.84375 63.799999237060546875 68.59375 69.9562530517578125 72.5 73.4187469482421875 71.5500030517578125 64.6437530517578125 54.34999847412109375 42.11875152587890625 36 31.049999237060546875
128.7062530517578125 127.6374969482421875 127.28125 127.88124847412109375 128.118743896484375 128.381256103515625 127.4375 124.86875152587890625 122.9499969482421875 120.34999847412109375 115.8625030517578125 107.1125030517578125 100.3937530517578125 94.15000152587890625 86.3937530517578125 81.49375152587890625 75.18125152587890625 69.22499847412109375 69.53749847412109375 73.36249542236328125 81.8125 95.8625030517578125 90.90625 98.9187469482421875 103.46875 104.8125 98.1999969482421875 87.0625 78.1687469482421875 67.6062469482421875 60.206249237060546875 60.16249847412109375 66.75624847412109375 70.19374847412109375 72.7687530517578125 74.7062530517578125 72.24375152587890625 66.8937530517578125 61.05625152587890625 51.22499847412109375 41.875 36.049999237060546875 31.225000381469726562
