data/historical-monthly-weather-data/wc2.1_cruts4.09_10m_prec_1971-12.asc
ncols        45
nrows        45
xllcorner    -63.500000000000
yllcorner    -7.500000000000
cellsize     0.166666666667
NODATA_value -9999
[rows 0 to 18 of 45, columns 0 to 43 of 45]
64.94374847412109375 60.83750152587890625 56.84999847412109375 53.856250762939453125 50.575000762939453125 48.200000762939453125 45.768749237060546875 43.25624847412109375 42.18125152587890625 41.481250762939453125 41.668750762939453125 43.3125 45.5 47.456249237060546875 51.05625152587890625 55 59.106250762939453125 62.55625152587890625 66.6750030517578125 70.56874847412109375 73.1999969482421875 75.3249969482421875 77.6999969482421875 81.13124847412109375 84.8249969482421875 88.59375 94.31874847412109375 100.59999847412109375 106.5 108.2375030517578125 108.68125152587890625 109.7937469482421875 110.52500152587890625 110.96250152587890625 111.0812530517578125 111.75624847412109375 111.21250152587890625 110.3562469482421875 108.25 106.2937469482421875 104 100.96875 97.8874969482421875 94.40625
65.15625 61.40000152587890625 58.68125152587890625 56.450000762939453125 54.16249847412109375 51.59375 48.81874847412109375 46.88124847412109375 46.24375152587890625 45.668750762939453125 45.58750152587890625 46.924999237060546875 48.950000762939453125 51.043750762939453125 54.543750762939453125 58.46250152587890625 62.71250152587890625 67.88124847412109375 73.4812469482421875 79.3874969482421875 82.15625 84.2937469482421875 87.0749969482421875 90.2687530517578125 93.6062469482421875 97.06874847412109375 102.27500152587890625 107.8000030517578125 113.0187530517578125 115.33750152587890625 116.24375152587890625 117.84999847412109375 118.19374847412109375 119.0749969482421875 120.16249847412109375 119.6750030517578125 120.7062530517578125 120.59999847412109375 118.1750030517578125 116.05625152587890625 113.59999847412109375 110.1875 106.75 102.1125030517578125
65.14374542236328125 62.106250762939453125 60.112499237060546875 58.450000762939453125 56.78125 54.581249237060546875 52.65625 51.387500762939453125 51.09999847412109375 50.71875 50.46250152587890625 51.77500152587890625 53.8125 55.918750762939453125 59.59999847412109375 63.399997711181640625 67.75 72.44374847412109375 77.6875 82.88124847412109375 85.46875 87.8125 90.4875030517578125 93.5500030517578125 96.86875152587890625 100.9875030517578125 106.25 111.55625152587890625 116.9375 118.22499847412109375 119.16249847412109375 120.5500030517578125 121.9187469482421875 121.81874847412109375 122.36875152587890625 122.76874542236328125 122.7312469482421875 122.2062530517578125 120.16249847412109375 117.8312530517578125 114.9875030517578125 111.3312530517578125 107.15000152587890625 103.34999847412109375
64.55625152587890625 62.46875 61.606250762939453125 60.16249847412109375 59.25 57.78749847412109375 56.668750762939453125 56.03125 56.08750152587890625 56.262500762939453125 56.143749237060546875 57.5 59.231250762939453125 61.356250762939453125 64.9812469482421875 69.11875152587890625 73.3874969482421875 76.7687530517578125 81.00624847412109375 85.8874969482421875 88.3562469482421875 90.3125 92.1374969482421875 95.47499847412109375 98.75624847412109375 103.28125 108.6999969482421875 113.7062530517578125 119.28749847412109375 120.90000152587890625 121.26874542236328125 121.61875152587890625 123.02500152587890625 123.74375152587890625 123.68125152587890625 123.5187530517578125 122.5749969482421875 121.8874969482421875 120.25624847412109375 117.5500030517578125 113.9562530517578125 110.19374847412109375 106.0749969482421875 102.50624847412109375
66.88124847412109375 63.862499237060546875 62.268749237060546875 61.825000762939453125 61.674999237060546875 61.125 60.518749237060546875 60.424999237060546875 61.299999237060546875 61.94374847412109375 61.75624847412109375 62.887500762939453125 64.84999847412109375 67.1062469482421875 70.7375030517578125 74.86875152587890625 78.83750152587890625 81.2624969482421875 84.53749847412109375 88.7312469482421875 90.88124847412109375 91.9812469482421875 93.3937530517578125 96.77500152587890625 100.2937469482421875 105.05625152587890625 109.71250152587890625 114.81874847412109375 120.3125 122.03125 122.47499847412109375 122.24375152587890625 122.91249847412109375 123.44374847412109375 123.24375152587890625 123.03125 122.46875 121.2062530517578125 119.3125 116.1999969482421875 112.34999847412109375 108.46875 104.6999969482421875 100.47499847412109375
69.4812469482421875 66.90625 64.91249847412109375 63.36875152587890625 63.59999847412109375 63.893749237060546875 63.81874847412109375 63.75624847412109375 64.6125030517578125 65.4375 65.4875030517578125 67.0625 69.6125030517578125 72.1374969482421875 76.1374969482421875 80.1875 84.1437530517578125 85.22499847412109375 88.0187530517578125 90.6750030517578125 91.84999847412109375 93.1750030517578125 94.3000030517578125 97.5187530517578125 101.03125 105.1062469482421875 110.4875030517578125 115.49375152587890625 120.3125 121.7624969482421875 122.3562469482421875 122.6875 121.51874542236328125 120.50624847412109375 120.96875 120.52500152587890625 119.43125152587890625 118.93125152587890625 117.28125 113.52500152587890625 108.375 104.5812530517578125 100.21875 96.59375
72.91249847412109375 70.5187530517578125 68.6374969482421875 66.84999847412109375 66.1750030517578125 66.09999847412109375 66.25624847412109375 66.18125152587890625 66.6750030517578125 66.9875030517578125 68.22499847412109375 70.71250152587890625 74.25624847412109375 77.3000030517578125 81.27500152587890625 85.5124969482421875 89.81874847412109375 91.41249847412109375 92.93125152587890625 93.31874847412109375 93.31874847412109375 94.21250152587890625 94.8312530517578125 97.5187530517578125 101.25624847412109375 104.8312530517578125 109.6062469482421875 115.4187469482421875 120.11875152587890625 121.00624847412109375 121.41249847412109375 121.44374847412109375 120.16249847412109375 118.1125030517578125 116.80625152587890625 115.72499847412109375 114.8874969482421875 114.0437469482421875 113.75624847412109375 109.4187469482421875 103.6125030517578125 99.25 95.3937530517578125 91.53125
76.5437469482421875 74.1750030517578125 72.4812469482421875 71.375 70.787506103515625 70.100006103515625 69.1125030517578125 67.8125 67.4250030517578125 68.4375 70.94374847412109375 74.90625 78.9375 83.125 86.75624847412109375 90.8625030517578125 94.7624969482421875 96.25 96.72499847412109375 94.36875152587890625 93.625 93.59999847412109375 93.9812469482421875 96.24375152587890625 100.1687469482421875 104.0625 108.40000152587890625 113.75624847412109375 119.31874847412109375 120.46250152587890625 119.8312530517578125 119.52500152587890625 117.76250457763671875 114.78749847412109375 112.98125457763671875 110.4499969482421875 108.97499847412109375 107.27500152587890625 105.8125 102.1687469482421875 97.4875030517578125 93.36875152587890625 89.7624969482421875 86.03749847412109375
81.02500152587890625 78.76874542236328125 77.34999847412109375 76.35625457763671875 75.51250457763671875 75.02500152587890625 73.97499847412109375 72.25624847412109375 70.86875152587890625 71.3874969482421875 74.84999847412109375 79.7687530517578125 84.59375 88.77500152587890625 91.09375 93.4250030517578125 95.75624847412109375 96.77500152587890625 96.81874847412109375 93.9499969482421875 92.28125 92.2375030517578125 92.8562469482421875 96.0749969482421875 99.5749969482421875 103.16249847412109375 107.3874969482421875 112.71875 117.63124847412109375 118.28749847412109375 118.55625152587890625 117.5625 115 112.0749969482421875 109.22499847412109375 106.5124969482421875 103.78125 100.9375 98.75624847412109375 95.84999847412109375 91.4875030517578125 88.0749969482421875 85.36875152587890625 82.40625
85.18125152587890625 83.1999969482421875 82.0812530517578125 81.4812469482421875 80.68125152587890625 80.28749847412109375 79.48125457763671875 78.22499847412109375 78.0625 78.90625 81.5124969482421875 85.7062530517578125 91.05625152587890625 94.68125152587890625 95.3312530517578125 95.2375030517578125 95.0812530517578125 94.56874847412109375 93.5124969482421875 91.34999847412109375 90.25624847412109375 90.3312530517578125 91.28125 94.8937530517578125 98.1687469482421875 101.5437469482421875 105.7375030517578125 110.6750030517578125 115.61875152587890625 116.18125152587890625 115.75 114.7312469482421875 111.5749969482421875 107.83750152587890625 104.7624969482421875 102.34999847412109375 98.90625 95.4250030517578125 92.49375152587890625 89.55625152587890625 86.09999847412109375 83.6437530517578125 80.94374847412109375 78.47499847412109375
90.13124847412109375 88.1750030517578125 86.93125152587890625 86.06874847412109375 85.83750152587890625 86.15000152587890625 85.81874847412109375 84.6875 84.99375152587890625 86.40000152587890625 88.91249847412109375 93.09375 97.5812530517578125 100.875 99.0437469482421875 96.50624847412109375 93.81874847412109375 92.2062530517578125 90.25 88.125 88.13124847412109375 88.5437469482421875 89.83124542236328125 92.43125152587890625 96.97499847412109375 100.4499969482421875 104.05625152587890625 107.9375 111.59999847412109375 112.1750030517578125 111.8312530517578125 111.25 107.875 103.8937530517578125 100.2687530517578125 97.1125030517578125 93.5749969482421875 89.9499969482421875 87.58750152587890625 84.59375 81.43125152587890625 79.2624969482421875 77.36875152587890625 75.5625
95.65625 93.40000152587890625 92.2687530517578125 91.7937469482421875 91.63124847412109375 92.3125 92.71875 92.16249847412109375 92.8874969482421875 95.0124969482421875 97.71875 100.61875152587890625 102.40625 103.5749969482421875 101.0437469482421875 97.375 93.94374847412109375 91.4187469482421875 89.15000152587890625 87.2062530517578125 86.9562530517578125 87.84999847412109375 89.9499969482421875 92.9187469482421875 97.03125 100.3125 103.03125 105.84999847412109375 108.4250030517578125 108.84375 108.50624847412109375 108.06874847412109375 104.71250152587890625 101.0124969482421875 97.55625152587890625 94.5625 91.06874847412109375 87.6750030517578125 85.1687469482421875 82.38124847412109375 79.4250030517578125 77.5500030517578125 75.8874969482421875 74.13124847412109375
101.28749847412109375 99.05625152587890625 98.07500457763671875 97.4375 97.5 98.18125152587890625 98.69374847412109375 99.05625152587890625 100.52500152587890625 103.38124847412109375 106.3937530517578125 107.4375 106.8625030517578125 105.09375 102.11875152587890625 98.11875152587890625 94.1875 91.74375152587890625 89.25624847412109375 86.86875152587890625 85.78125 87.1750030517578125 90.2375030517578125 93.5 96.4562530517578125 98.8125 101.0812530517578125 103.5187530517578125 105.6437530517578125 105.15625 104.71250152587890625 104.09999847412109375 100.7624969482421875 97.4250030517578125 94.29999542236328125 92 89.14374542236328125 86.03749847412109375 83.55625152587890625 80.47499847412109375 77.4499969482421875 76.2062530517578125 74.30625152587890625 71.375
106.09999847412109375 103.7937469482421875 102.7937469482421875 102.31874847412109375 102.1875 103.09999847412109375 103.94374847412109375 105.375 108.03125 111.03125 113.33750152587890625 112.25624847412109375 109.9375 106.63124847412109375 102.5437469482421875 99.02500152587890625 94.8937530517578125 92.11875152587890625 89.51874542236328125 87.2312469482421875 86.88124847412109375 88.1687469482421875 90.6125030517578125 93.1374969482421875 95.5437469482421875 97.66249847412109375 99.78749847412109375 100.94374847412109375 101.9875030517578125 101.125 100.52500152587890625 99.6437530517578125 96.8000030517578125 93.59375 91.1125030517578125 89.2062530517578125 87.09375 84.9875030517578125 83.1125030517578125 80.72499847412109375 76.6999969482421875 73.80625152587890625 71.58750152587890625 69.77500152587890625
109.0437469482421875 106.78749847412109375 106.28125 105.9562530517578125 106.1875 107.31874847412109375 109.03125 110.8625030517578125 113.53125 116.13124847412109375 118.1125030517578125 116.1687469482421875 112.61875152587890625 108.80625152587890625 104.53125 101.03125 96.6374969482421875 93.78749847412109375 91.15625 89.5749969482421875 89.43125152587890625 90.53125 92.1750030517578125 94 95.9812469482421875 97.52500152587890625 98.9375 99.61875152587890625 99.78125 97.9187469482421875 96.59375 95.91249847412109375 93.38124847412109375 90.75624847412109375 88.7624969482421875 86.84375 85.8937530517578125 85.44374847412109375 85.45624542236328125 83.11875152587890625 78.5187530517578125 75.0812530517578125 72.48749542236328125 70.3249969482421875
110.93125152587890625 109.0625 108.91249847412109375 109.2687530517578125 109.8000030517578125 111.5187530517578125 113.6062469482421875 115.3000030517578125 117.9187469482421875 120.96250152587890625 122.49375152587890625 119.5625 115.31874847412109375 110.78749847412109375 106.7937469482421875 102.4375 98.1750030517578125 95.8312530517578125 93.3249969482421875 91.69374847412109375 92.0500030517578125 92.81874847412109375 94.09999847412109375 95.21250152587890625 96.75 98.40000152587890625 99.1437530517578125 98.96875 97.8625030517578125 94.84375 92.90625 91.55625152587890625 88.5625 86.1437530517578125 84.125 83.1687469482421875 83.6750030517578125 85.1374969482421875 87.27500152587890625 85.72499847412109375 81.1437530517578125 76.9375 73.36875152587890625 69.55625152587890625
112.19374847412109375 110.8125 110.43125152587890625 111.3562469482421875 112.53749847412109375 114.38124847412109375 116.96875 119.61875152587890625 122.6125030517578125 125.2062530517578125 126.59999847412109375 122.6687469482421875 117.69374847412109375 112.55625152587890625 108.69374847412109375 104.25624847412109375 99.2687530517578125 97.09375 95.3312530517578125 93.8125 94.28125 95.0500030517578125 96.13124847412109375 96.6062469482421875 97.80625152587890625 99.46875 100.06874847412109375 98.69374847412109375 95.44374847412109375 91.46875 88.94374847412109375 87.71875 84.03125 80.15625 77.56874847412109375 77.69374847412109375 80.19374847412109375 84.96250152587890625 91.52500152587890625 88.6374969482421875 82.86875152587890625 77.7375030517578125 72.7624969482421875 69.1374969482421875
111.3625030517578125 110.3625030517578125 110.27500152587890625 111.46875 112.8625030517578125 115.24375152587890625 117.7624969482421875 120.1374969482421875 123.34375 126.8312530517578125 128.9187469482421875 125.18125152587890625 119.97499847412109375 115.03125 110.97499847412109375 106.3874969482421875 101.50624847412109375 97.9250030517578125 97.11875152587890625 95.7375030517578125 96.53749847412109375 97.25624847412109375 97.9499969482421875 98.3625030517578125 99.2937469482421875 100.77500152587890625 101.9187469482421875 98.81874847412109375 93.59375 88.24375152587890625 84.91249847412109375 83.4187469482421875 80.65625 77.46250152587890625 73.4375 70.77500152587890625 76.4187469482421875 83.1374969482421875 88.06874847412109375 86.86875152587890625 81.3000030517578125 76.2937469482421875 72.125 68.8562469482421875
109.59999847412109375 108.9250030517578125 109.40625 110.7624969482421875 112.38124847412109375 114.91249847412109375 117.3625030517578125 120.28749847412109375 124.0749969482421875 128.09375 130.09375 126.30625152587890625 121.9499969482421875 117.7375030517578125 113.4187469482421875 108.6062469482421875 103.8249969482421875 100.2062530517578125 97.8249969482421875 96.81874847412109375 98.28125 99.9499969482421875 99.30625152587890625 99.83750152587890625 100.8937530517578125 101.96875 102 98.8874969482421875 93.02500152587890625 86.3625030517578125 81.4562530517578125 82.15625 81.03749847412109375 77.68125152587890625 73.30625152587890625 72.02500152587890625 75.99375152587890625 80.2937469482421875 83.7062530517578125 82.6125030517578125 78.4375 74.3000030517578125 70.83750152587890625 68.25
