data/historical-monthly-weather-data/wc2.1_cruts4.09_10m_prec_1993-08.asc
ncols        51
nrows        45
xllcorner    -63.500000000000
yllcorner    -7.500000000000
cellsize     0.166666666667
NODATA_value -9999
[rows 19 to 37 of 45, columns 0 to 43 of 51]
94.3874969482421875 94.6125030517578125 94.32500457763671875 94.86875152587890625 94.34375 94 92.6437530517578125 90.63124847412109375 90.15000152587890625 87.97499847412109375 84.77500152587890625 79.2375030517578125 70.90625 62.75624847412109375 56.518749237060546875 50.34375 43.18125152587890625 41.61875152587890625 42.075000762939453125 45.28125 48.9375 55.831249237060546875 67.65625 78.4375 87.3874969482421875 93 95.2624969482421875 94.1062469482421875 89.86875152587890625 81.1875 78.38124847412109375 89.47499847412109375 99.68125152587890625 112.3562469482421875 126.36875152587890625 135.368743896484375 141.5437469482421875 146.743743896484375 145.318756103515625 138.399993896484375 126.05625152587890625 115.09375 106.7062530517578125 98.9375
87.7624969482421875 90.27500152587890625 92.20000457763671875 93.3000030517578125 92.0812530517578125 91.81874847412109375 91.6437530517578125 90.75 90.6999969482421875 88.6437530517578125 86.25624847412109375 82.09999847412109375 73.6750030517578125 65.21875 57.799999237060546875 51.38124847412109375 45.18125152587890625 41.831249237060546875 43.112499237060546875 45.08750152587890625 51.24375152587890625 59.46875 69.16249847412109375 80.31874847412109375 91.86875152587890625 96.36875152587890625 94.30625152587890625 92.93125152587890625 91.3125 89.68125152587890625 90.4562530517578125 96.83750152587890625 102.9499969482421875 111.06874847412109375 123.78749847412109375 131.818756103515625 140.2375030517578125 145.212493896484375 142.21875 136.5812530517578125 125.77500152587890625 116.78125 109.2937469482421875 100.78125
84.25624847412109375 85.5625 88.38124847412109375 91.1999969482421875 91.86249542236328125 91.0812530517578125 92.0124969482421875 90.53125 91.19374847412109375 89.22499847412109375 88.71250152587890625 87.4562530517578125 83.8000030517578125 75.75 66.90000152587890625 57.59999847412109375 52.58750152587890625 49.25624847412109375 49.018749237060546875 50.50624847412109375 53.34999847412109375 59.799999237060546875 68.84375 79.06874847412109375 88.3625030517578125 94.7375030517578125 100.28125 98.68125152587890625 98.52500152587890625 96.6687469482421875 96.38124847412109375 98.6437530517578125 103.375 110.56874847412109375 116.8249969482421875 124.71250152587890625 135.34375 143.3000030517578125 142 135.756256103515625 126.07500457763671875 117.1999969482421875 108.25624847412109375 102.6125030517578125
81.0749969482421875 85.08750152587890625 89.125 91.19374847412109375 92.78749847412109375 92.44374847412109375 91 89.27500152587890625 91.25624847412109375 92.71250152587890625 94.8249969482421875 95.9875030517578125 95.6999969482421875 88.49375152587890625 77.1437530517578125 66.53125 58.84999847412109375 55.19374847412109375 54.018749237060546875 54.06874847412109375 56.83750152587890625 62.44374847412109375 69.74375152587890625 75.8937530517578125 86.6125030517578125 96.03125 101.41249847412109375 103.5187530517578125 102.18125152587890625 98.1062469482421875 96.9250030517578125 99.1062469482421875 102.7687530517578125 106.2375030517578125 109.6374969482421875 112.22499847412109375 122.59375 136.7062530517578125 139.53125 133 125.5500030517578125 116 107.59375 101.71250152587890625
80.5437469482421875 86.0124969482421875 91.0625 91.31874847412109375 92.00624847412109375 92.0812530517578125 92.2687530517578125 92.3125 91.53749847412109375 94.2937469482421875 97.3937530517578125 102.69374847412109375 104.69374847412109375 96.65000152587890625 85.0625 74.24375152587890625 66.3125 61.612499237060546875 59.22499847412109375 58.91249847412109375 61.33750152587890625 65.77500152587890625 70.6437530517578125 77.93125152587890625 86.46875 93.47499847412109375 100.8312530517578125 100.8937530517578125 101.1999969482421875 99.15000152587890625 98.6374969482421875 99.47499847412109375 102.3937530517578125 102.66249847412109375 104.21875 104.7624969482421875 113.25 127.3000030517578125 131.9250030517578125 127.30625152587890625 120.65000152587890625 112.93125152587890625 104.96875 98.5
81.78749847412109375 87.22499847412109375 91.83750152587890625 94.20000457763671875 95.4499969482421875 94.6875 93.7062530517578125 93.875 94.66249847412109375 97.27500152587890625 99.0749969482421875 102.19374847412109375 103.55625152587890625 97.81874847412109375 88.4562530517578125 79.54375457763671875 72.21250152587890625 66.96875 63.8125 62.924999237060546875 65.0437469482421875 68.05625152587890625 72.06874847412109375 78.5 84.63124847412109375 92.53125 96.25624847412109375 97.40000152587890625 98.3562469482421875 97.84999847412109375 97.13124847412109375 97.3562469482421875 99.80625152587890625 101.75624847412109375 102.46250152587890625 103 110.33750152587890625 117.6687469482421875 121.375 120.09375 115.3000030517578125 109.78749847412109375 103.3249969482421875 97.96250152587890625
85.11875152587890625 90.4187469482421875 92.4187469482421875 95.9875030517578125 95.9562530517578125 95.22499847412109375 94.3937530517578125 95.46875 94.69374847412109375 95.5 97.3562469482421875 99.3312530517578125 99.7312469482421875 94.61875152587890625 88.56874847412109375 80.90625 74.9562530517578125 70.5749969482421875 66.625 65.94374847412109375 67.8937530517578125 69.72499847412109375 73.53125 77.7624969482421875 82.71875 88.7687530517578125 92.75624847412109375 94.3249969482421875 96.25 96.73125457763671875 95.8874969482421875 96.33750152587890625 97.46250152587890625 98.78749847412109375 99.40000152587890625 102.4499969482421875 107.5187530517578125 111.1125030517578125 114.69374847412109375 112.6125030517578125 109.8625030517578125 105.46875 101.21250152587890625 97.4875030517578125
88.4375 91.49375152587890625 93.90625 95.8125 95.93125152587890625 95.13124847412109375 95.50624847412109375 94.9250030517578125 93.03125 94.8562469482421875 96.6437530517578125 95.53125 94.46875 90.7312469482421875 86.5437469482421875 80.5812530517578125 76.03749847412109375 71.8249969482421875 69.0500030517578125 67.0124969482421875 67.3625030517578125 69.5500030517578125 71.80625152587890625 76.58750152587890625 80.8125 83.96250152587890625 88.6687469482421875 90.78749847412109375 92.15625 92.0500030517578125 92.8249969482421875 92.40625 94.63124847412109375 96.4562530517578125 96.68125152587890625 99.7624969482421875 102.1875 105.6125030517578125 106.71250152587890625 105 102.69374847412109375 99.72499847412109375 98.6062469482421875 94.31874847412109375
93.33124542236328125 92.1875 94.15000152587890625 95.59999847412109375 96.18125152587890625 94.3625030517578125 94.375 94.06874847412109375 93.1374969482421875 93.7062530517578125 92.8625030517578125 90.96250152587890625 89.4187469482421875 87.1999969482421875 82.99375152587890625 78.9187469482421875 75.94374847412109375 72.40000152587890625 69.96250152587890625 67.71875 67.94374847412109375 67.78125 70.69374847412109375 74.47499847412109375 77.50624847412109375 79.3000030517578125 83.59999847412109375 86.61875152587890625 88.7062530517578125 89.11875152587890625 88.8625030517578125 88.3625030517578125 90.8000030517578125 92.03749847412109375 94.6125030517578125 96.18125152587890625 97.2312469482421875 99.66249847412109375 101.33750152587890625 101.0500030517578125 98.8249969482421875 97.52500152587890625 96.65625 96.25624847412109375
95.34375 95.55625152587890625 95.24375152587890625 95.8625030517578125 94 92.50624847412109375 91.3000030517578125 89.90625 91.1374969482421875 90.16249847412109375 89.1062469482421875 86.6999969482421875 84.71250152587890625 83.0437469482421875 80.1125030517578125 76.96250152587890625 75.3000030517578125 72.7312469482421875 70.4250030517578125 68.65000152587890625 68.1875 67.6437530517578125 69.2312469482421875 71.47499847412109375 74.34999847412109375 75.2312469482421875 79.4375 82.03125 83.84375 84.3874969482421875 84.0749969482421875 84.4562530517578125 85.6687469482421875 86.5500030517578125 89.5749969482421875 93.03125 95.1687469482421875 97.56874847412109375 99.21250152587890625 97.9562530517578125 94.2937469482421875 93.63124847412109375 94.375 96.46250152587890625
97.49375152587890625 97.55625152587890625 96.0625 93.55625152587890625 91.7937469482421875 90.34375 88.30625152587890625 88.0749969482421875 87.53749847412109375 85.8312530517578125 85.1125030517578125 83.375 81.27500152587890625 79.15000152587890625 76.8249969482421875 74.27500152587890625 72.03125 71.15625 70.5625 67.55625152587890625 66.56874847412109375 66.78125 67.9562530517578125 69.33750152587890625 70.83750152587890625 72.97499847412109375 75.1125030517578125 77.1875 77.36875152587890625 77.8000030517578125 78.3562469482421875 79.55625152587890625 80.8937530517578125 82.74375152587890625 85.84999847412109375 88.31874847412109375 93.27500152587890625 96.80625152587890625 97.47499847412109375 98.94374847412109375 98.0625 96.47499847412109375 94.00624847412109375 94.36875152587890625
99.30625152587890625 97.53125 93.59375 91.78749847412109375 91.74375152587890625 89.0500030517578125 87.0625 84.8937530517578125 83.33750152587890625 81.59375 80.03125 79.96875 79.28125 77.16249847412109375 73.65625 71.2937469482421875 70.5124969482421875 69.8874969482421875 69.7937469482421875 67.78749847412109375 66.1999969482421875 64.2937469482421875 64.59375 65.7312469482421875 66.77500152587890625 68.99375152587890625 69.78749847412109375 71.93125152587890625 72.91249847412109375 73.7624969482421875 74.8937530517578125 75.5187530517578125 76.46875 78.71250152587890625 83.1750030517578125 85.5749969482421875 90.3125 94.44374847412109375 97.8125 101.66249847412109375 101.2312469482421875 96.0812530517578125 91.96875 93.31874847412109375
100.3874969482421875 98.09375 93.40000152587890625 90.6062469482421875 90.3562469482421875 87.33750152587890625 84.43125152587890625 80.90625 79.52500152587890625 78.1125030517578125 76.53125 75.80625152587890625 74.2375030517578125 73.1062469482421875 70.75624847412109375 70.31874847412109375 68.8937530517578125 67.8874969482421875 66.81874847412109375 65.55625152587890625 64.25624847412109375 63.662502288818359375 62.375 61.80625152587890625 62.96250152587890625 64.5 65.3000030517578125 67.21875 67.8125 68.40000152587890625 70.2062530517578125 70.625 72.06874847412109375 75.06874847412109375 77.27500152587890625 79.66249847412109375 84.5124969482421875 89.47499847412109375 93.6687469482421875 97.77500152587890625 97.7062530517578125 92.6687469482421875 90.1875 88.8312530517578125
99.68125152587890625 96.3874969482421875 92.4812469482421875 90.2687530517578125 87.8874969482421875 84.2375030517578125 82.03749847412109375 79.0812530517578125 76.47499847412109375 75.2937469482421875 75.05625152587890625 72.66249847412109375 70.44374847412109375 69.8937530517578125 67.84999847412109375 67.63124847412109375 66.34375 65.75 64.40625 62.99375152587890625 61.5625 60.4375 59.40000152587890625 60.24375152587890625 61.049999237060546875 61.31874847412109375 62.168750762939453125 62.106250762939453125 63.0625 63.325000762939453125 65.0124969482421875 65.3000030517578125 66.7062530517578125 68.8874969482421875 71.1875 73.5749969482421875 77.99375152587890625 82.08750152587890625 85.77500152587890625 89.34375 88.9812469482421875 86.1437530517578125 83.91249847412109375 81.88124847412109375
98.49375152587890625 96.34375 92.27500152587890625 90.8249969482421875 85.3625030517578125 82.4499969482421875 80.69374847412109375 77.6875 74.43125152587890625 72.1062469482421875 70.5437469482421875 68.9812469482421875 67.71875 64.6750030517578125 64.00624847412109375 63.00624847412109375 62.875 61.68125152587890625 60.137500762939453125 59.34999847412109375 58.40000152587890625 57.356250762939453125 56.80625152587890625 56.856250762939453125 57.97499847412109375 58.518749237060546875 58.956249237060546875 58.418750762939453125 59.875 60.456249237060546875 61.24375152587890625 61.08750152587890625 61.399997711181640625 62.44374847412109375 64.96250152587890625 67.3000030517578125 71.1875 74.38124847412109375 77.5437469482421875 79.2687530517578125 81.00624847412109375 79.78749847412109375 77.65625 75.28125
98.1687469482421875 95.38124847412109375 92.02500152587890625 88.4250030517578125 84.58750152587890625 81.53125 79.03749847412109375 76.09375 71.3000030517578125 69.22499847412109375 67.21250152587890625 66.3312530517578125 63.856250762939453125 62.143749237060546875 61.262500762939453125 60.80625152587890625 60.33750152587890625 58.90625 57.33750152587890625 56.543750762939453125 55.84375 54.59999847412109375 53.44374847412109375 53.94374847412109375 54.41249847412109375 55.268749237060546875 55.518749237060546875 55.21250152587890625 56.66249847412109375 57.3125 56.762500762939453125 55.875 56.143749237060546875 56.543750762939453125 58.231250762939453125 60.299999237060546875 62.637500762939453125 66.28125 69.2937469482421875 70.7937469482421875 71.40000152587890625 70.75 70.1437530517578125 68.625
97.09999847412109375 95.2312469482421875 91.4812469482421875 87.9499969482421875 84.94374847412109375 80.7937469482421875 77.55625152587890625 73.7062530517578125 69.71250152587890625 67.8562469482421875 67.0500030517578125 65.25 63.84999847412109375 61.80625152587890625 60.52500152587890625 59.799999237060546875 57.99375152587890625 57.137500762939453125 54.91249847412109375 53.762500762939453125 53.4375 53.44374847412109375 52.137500762939453125 52.556247711181640625 52.41249847412109375 52.418750762939453125 52.33750152587890625 53.487499237060546875 53.56874847412109375 53.268749237060546875 52.487499237060546875 51.575000762939453125 50.19374847412109375 50.981250762939453125 51.637500762939453125 52.33750152587890625 55.362499237060546875 58.43125152587890625 59.981250762939453125 62.13124847412109375 62.88124847412109375 63.762500762939453125 62.268749237060546875 61.581249237060546875
93.15625 91.8312530517578125 88.59999847412109375 86.39374542236328125 84.06874847412109375 80.6125030517578125 77.4187469482421875 74.40000152587890625 69.6062469482421875 66.27500152587890625 67.55625152587890625 67.88124847412109375 66.46875 63.30625152587890625 61.637500762939453125 58.856250762939453125 56.15625 54.65000152587890625 52.956249237060546875 51.22499847412109375 51.05625152587890625 51.231250762939453125 50.424999237060546875 50.918750762939453125 51.049999237060546875 50.049999237060546875 50.450000762939453125 51.043750762939453125 50.012500762939453125 49.5 48.9375 47.375 46.28125 45.731250762939453125 45.950000762939453125 46.78749847412109375 49.1875 52.15000152587890625 53.19374847412109375 55.03125 55.418750762939453125 56.38124847412109375 55.27500152587890625 55.200000762939453125
90.75624847412109375 90.2937469482421875 86.8874969482421875 86.3000030517578125 84.90625 81.06874847412109375 77.8249969482421875 74.49375152587890625 71.1374969482421875 67.5187530517578125 72.52500152587890625 72.9250030517578125 68.78125 65.9499969482421875 63.53125 59.33750152587890625 54.950000762939453125 52.518749237060546875 51.706249237060546875 49.83750152587890625 49.5625 49.125 48.63124847412109375 48.99375152587890625 49.143749237060546875 48.856250762939453125 49.21875 49.674999237060546875 49.09375 47.799999237060546875 46.106250762939453125 45.143749237060546875 44.268749237060546875 42.081249237060546875 41.27500152587890625 41.456249237060546875 44.44374847412109375 47.34999847412109375 48.6875 50.21875 48.8125 48.66249847412109375 48.3125 48.18125152587890625
