data/historical-monthly-weather-data/wc2.1_cruts4.09_10m_prec_2006-07.asc
ncols        45
nrows        45
xllcorner    -63.500000000000
yllcorner    -7.500000000000
cellsize     0.166666666667
NODATA_value -9999
[rows 19 to 37 of 45, columns 0 to 43 of 45]
143.5124969482421875 145.462493896484375 143.6812591552734375 141.6687469482421875 138.6125030517578125 138.78125 132.056243896484375 128.3937530517578125 124.7687530517578125 117.75624847412109375 112.06874847412109375 110.4375 105.6374969482421875 100.7312469482421875 92.46875 83.2937469482421875 77.4499969482421875 82.6437530517578125 77.0500030517578125 74.45624542236328125 71.375 77.4375 87.2687530517578125 94.30625152587890625 97.49375152587890625 95.31874847412109375 95.71875 100.34999847412109375 101.1062469482421875 100.625 106.61875152587890625 120.08750152587890625 126.8625030517578125 133.4375 142.193756103515625 155.125 164 169.3125 171.943756103515625 167.006256103515625 154.193756103515625 141.6750030517578125 137.28125 130.125
129.2375030517578125 138.6750030517578125 142.6437530517578125 137.8249969482421875 132.5500030517578125 132.5 128.212493896484375 125.25624847412109375 120.71875 115.4250030517578125 108.78749847412109375 107.05625152587890625 103.88124847412109375 98.15625 90.36875152587890625 83.0437469482421875 78.59999847412109375 77.59999847412109375 78.30625152587890625 73.1437530517578125 77.59999847412109375 83.1374969482421875 90.2062530517578125 98.22499847412109375 100.9375 97.44374847412109375 92.36875152587890625 95.80625152587890625 100.34375 102.56874847412109375 110.78749847412109375 119.65000152587890625 121.1750030517578125 128.4749908447265625 137.1687469482421875 147.2687530517578125 155.912506103515625 157.7687530517578125 156.25 151 143.65625 137.6062469482421875 130.899993896484375 125.47499847412109375
124.75624847412109375 126.11875152587890625 131.818756103515625 131.9187469482421875 129.7624969482421875 124.6750030517578125 121.46250152587890625 118.7937469482421875 116.00624847412109375 111.44374847412109375 107.3625030517578125 102.4499969482421875 98.1750030517578125 97.1125030517578125 93.40625 86.31874847412109375 84.3312530517578125 81.38124847412109375 80.24375152587890625 78.2062530517578125 78.1687469482421875 82.77500152587890625 89.3937530517578125 92.28749847412109375 92.31874847412109375 90.9812469482421875 94.50624847412109375 94.18125152587890625 101.75 107.93125152587890625 111.5124969482421875 114.90000152587890625 117.18125152587890625 121.84375 126.38124847412109375 137.1125030517578125 144.6875 147.1875 146.3937530517578125 143.118743896484375 137.9499969482421875 133.6687469482421875 128.96875 123.6687469482421875
120.0625 127.0625 129.7312469482421875 127.97499847412109375 124.90625 121.68125152587890625 112.78749847412109375 110.21250152587890625 109.4812469482421875 110.0625 107.65000152587890625 102.9499969482421875 101.1374969482421875 98.375 96.65625 93.21250152587890625 87.47499847412109375 82.46250152587890625 79.9375 79.71875 83.8000030517578125 85.0437469482421875 87.86875152587890625 89.86875152587890625 92.78749847412109375 90.1687469482421875 90.00624847412109375 93.8625030517578125 97.72499847412109375 101.0812530517578125 104.3125 108.95624542236328125 110.1875 111.5 117.16249847412109375 122.44374847412109375 131.0500030517578125 132.2624969482421875 135.3562469482421875 135.806243896484375 132.931243896484375 126.96250152587890625 123.46875 118.65000152587890625
111.6437530517578125 121.46250152587890625 127.3937530517578125 124.81874847412109375 121.5437469482421875 116.1374969482421875 113.59375 109.03749847412109375 105.2312469482421875 102.25 101.30625152587890625 103.58750152587890625 101.8874969482421875 100.8000030517578125 96.40000152587890625 92.96250152587890625 86.78749847412109375 84.88124847412109375 81.7375030517578125 82.875 83.59375 87.2937469482421875 89.1062469482421875 93.46875 94.9562530517578125 91.3562469482421875 93.0500030517578125 91.3312530517578125 92.8937530517578125 95.08750152587890625 98.1374969482421875 101.1875 100.31874847412109375 99.6687469482421875 107.11875152587890625 109.4250030517578125 118.19374847412109375 123.71875 126.7937469482421875 126.8625030517578125 125.9875030517578125 121.2312469482421875 118.81874847412109375 113.77500152587890625
106.78749847412109375 117.46250152587890625 124.9875030517578125 123.8000030517578125 121.2937469482421875 114.2062530517578125 110.75 106.71250152587890625 103.1062469482421875 102.5437469482421875 101.7062530517578125 98.41249847412109375 100.6999969482421875 98.9250030517578125 94.2312469482421875 88.97499847412109375 85.4875030517578125 84.6374969482421875 83.21875 82.8874969482421875 85 87.2062530517578125 92.5500030517578125 94.16249847412109375 92.41249847412109375 93.53749847412109375 89.84375 87.93125152587890625 87.16249847412109375 88.6875 87.34999847412109375 87.27500152587890625 89.58750152587890625 90.1875 93.0124969482421875 98.6125030517578125 107.5749969482421875 111.9375 116.5124969482421875 118.70000457763671875 117 115.2062530517578125 113.84999847412109375 108.8125
108.18125152587890625 118.15625 119.2624969482421875 119.9812469482421875 117.3125 111.7937469482421875 107.9375 103.6437530517578125 99.1687469482421875 94.8249969482421875 98.4562530517578125 97.50624847412109375 95 94.2062530517578125 91.1687469482421875 87.6437530517578125 83.78749847412109375 82.96250152587890625 82.59375 81.49375152587890625 85.7375030517578125 88.4499969482421875 93.00624847412109375 94.5 91.8937530517578125 89.5437469482421875 87.4250030517578125 83.80625152587890625 80.59999847412109375 79.02500152587890625 77.21250152587890625 75.58750152587890625 76.05625152587890625 78.3874969482421875 83.8000030517578125 89.75 97.38124847412109375 103.90000152587890625 108.0187530517578125 110.46875 112.5187530517578125 108.8000030517578125 106.5812530517578125 101.75
104.44374847412109375 109.78125 113.75624847412109375 115.1437530517578125 112.46250152587890625 108.61875152587890625 105.6750030517578125 100.88124847412109375 94.75 95.75624847412109375 97.36875152587890625 96.25624847412109375 94.30625152587890625 91.15625 87.52500152587890625 86.36875152587890625 83.0124969482421875 80.59375 80.9187469482421875 81.1437530517578125 82.5124969482421875 85.30625152587890625 90.4187469482421875 93.90625 89.3312530517578125 83.8312530517578125 81.18125152587890625 78.5625 75.75 71.15000152587890625 69.93125152587890625 65.7375030517578125 65.5500030517578125 71.4187469482421875 75.53125 82.6374969482421875 87.15000152587890625 93.30625152587890625 98.29375457763671875 102.3000030517578125 106.5500030517578125 104.59999847412109375 101.1999969482421875 96.08750152587890625
101.1999969482421875 102.3625030517578125 105.6437530517578125 109.0124969482421875 107.09375 104.28125 101.5812530517578125 97.03125 93.9250030517578125 93.59375 93.4187469482421875 90.96875 89.52500152587890625 87.2624969482421875 83.53125 81.43125152587890625 79.41249847412109375 78.0749969482421875 76.11875152587890625 77.125 80.40625 81.69374847412109375 82.6374969482421875 85.34999847412109375 83.46250152587890625 78.9375 76.125 73.5187530517578125 70.68125152587890625 67.90625 65.15000152587890625 62.768749237060546875 62.700000762939453125 64.83750152587890625 69.1062469482421875 75.03125 79.02500152587890625 85.0124969482421875 90.59375 96.9375 100.83750152587890625 102.5124969482421875 97.16249847412109375 93.375
96.46875 97.5187530517578125 101.5187530517578125 99.99375152587890625 100.1687469482421875 96.3312530517578125 93.40625 91.78749847412109375 89.1750030517578125 89.6999969482421875 88.8125 86.56874847412109375 85.4875030517578125 84.40625 81.2624969482421875 78.90000152587890625 77.9375 74.4562530517578125 73.5812530517578125 74.1875 75.66249847412109375 76.3312530517578125 77.6062469482421875 78.0500030517578125 76.66249847412109375 73.47499847412109375 70.9562530517578125 68.5437469482421875 67.7937469482421875 65.22499847412109375 61.78125 59.78125 59.19374847412109375 60.237499237060546875 63.66249847412109375 68.6687469482421875 72.61875152587890625 77.875 82.84375 86.53749847412109375 92.55625152587890625 91.6750030517578125 89.46250152587890625 86.40625
89.625 93.1687469482421875 95.1750030517578125 94.03749847412109375 92.09375 89.9187469482421875 86.8000030517578125 87.1999969482421875 86.5437469482421875 85.46875 84.72499847412109375 84.43125152587890625 83.1875 80.6999969482421875 78.02500152587890625 75.88124847412109375 73.52500152587890625 71.8874969482421875 69.84999847412109375 69.25624847412109375 70.9375 70.91249847412109375 71.7687530517578125 70.5625 69.71875 67.71250152587890625 65.19374847412109375 63.612499237060546875 63.09999847412109375 60.581249237060546875 58.237499237060546875 56.05625152587890625 55.293750762939453125 56.393749237060546875 58.393749237060546875 61.90000152587890625 67.28125 70.41249847412109375 72.59375 76.1687469482421875 81.90000152587890625 82.18125152587890625 80.3562469482421875 76.90625
84.6374969482421875 87.30625152587890625 85.5437469482421875 87.40625 87.3125 86.30625152587890625 83.55625152587890625 82.46875 82.09999847412109375 81.71875 81.78125 80.5812530517578125 81.33750152587890625 77.25 73.96250152587890625 72.53749847412109375 72.1374969482421875 68.1437530517578125 64.7375030517578125 65.55625152587890625 67.0749969482421875 66.6687469482421875 66.15625 63.831249237060546875 62.174999237060546875 62.424999237060546875 60.46875 58.125 56.46875 55.47499847412109375 53.956249237060546875 53.00624847412109375 52.768749237060546875 53.88124847412109375 55.16249847412109375 56.875 60.27500152587890625 64.4187469482421875 64.7312469482421875 65.16249847412109375 68.78125 71.1437530517578125 70.17499542236328125 66.8312530517578125
79.49375152587890625 78.53749847412109375 77.08750152587890625 77.3937530517578125 79.00624847412109375 79.50624847412109375 79.2624969482421875 77.9875030517578125 78.4562530517578125 77.0749969482421875 77.58750152587890625 78.25624847412109375 77.0437469482421875 76.1125030517578125 73.33750152587890625 71.1750030517578125 69.31874847412109375 65.4375 61.41249847412109375 62.168750762939453125 61.66249847412109375 61.393749237060546875 59.9375 57.706249237060546875 57.38124847412109375 56.09999847412109375 54.768749237060546875 53.9375 51.43125152587890625 50.90625 50.793750762939453125 50.02500152587890625 49.40625 50.262500762939453125 51.78125 52.481250762939453125 55.450000762939453125 55.74375152587890625 56.106250762939453125 58.081249237060546875 60.65625 61 60.09375 59.61875152587890625
72.8312530517578125 71.1374969482421875 68.86875152587890625 68.6999969482421875 70.3249969482421875 70.9187469482421875 71.80625152587890625 71.7937469482421875 70.6875 72.38124847412109375 74.66249847412109375 73.59999847412109375 73.58750152587890625 74.15625 72.09999847412109375 68.46250152587890625 64.96875 63.543750762939453125 61.018749237060546875 60.75 59.28749847412109375 57.331249237060546875 54.875 53.56874847412109375 53.637500762939453125 51.99375152587890625 51.53125 49.793750762939453125 48.674999237060546875 47.53125 47.11875152587890625 46.21250152587890625 45.02500152587890625 45.831249237060546875 47.80625152587890625 49.418750762939453125 49.450000762939453125 49.47499847412109375 49.924999237060546875 52.706249237060546875 54.543750762939453125 55.143749237060546875 52.643749237060546875 52.71875
66.3625030517578125 64.90000152587890625 64.0187530517578125 63.88124847412109375 63.825000762939453125 62.65000152587890625 63.293750762939453125 62.34375 64.375 64.97499847412109375 67.69374847412109375 69.22499847412109375 70.69374847412109375 70.27500152587890625 68.34999847412109375 64.47499847412109375 62.137500762939453125 60.27500152587890625 58.02500152587890625 57.11875152587890625 56.28125 53.112499237060546875 51.81874847412109375 50.75 49.24375152587890625 47.487499237060546875 46.950000762939453125 46.4375 45.34375 44.581249237060546875 44.081249237060546875 42.91249847412109375 41.762500762939453125 42.84999847412109375 44.168750762939453125 44.637500762939453125 43.75 44.018749237060546875 45.487499237060546875 46.88124847412109375 48.625 49.6875 49.47499847412109375 48.393749237060546875
61.075000762939453125 57.987499237060546875 58.706249237060546875 58.21875 58.737499237060546875 57.78125 56.862499237060546875 56.08750152587890625 55.918750762939453125 57.231250762939453125 60.887500762939453125 64.6750030517578125 68.97499847412109375 69.96875 66.16249847412109375 62.58750152587890625 59.72499847412109375 57.3125 56.02500152587890625 53.981250762939453125 52.88124847412109375 51.3125 49.19374847412109375 47.75 46.02500152587890625 43.987499237060546875 43.518749237060546875 43.018749237060546875 41.918750762939453125 39.387500762939453125 39.03749847412109375 39.418750762939453125 39.0625 39.575000762939453125 39.625 39.799999237060546875 39.793750762939453125 40.78749847412109375 41.19374847412109375 41.393749237060546875 42.075000762939453125 42.0625 43.78749847412109375 43.487499237060546875
55.08750152587890625 53.47499847412109375 54.625 53.16249847412109375 53.168750762939453125 51.90000152587890625 51.231250762939453125 50.30625152587890625 49.875 50.112499237060546875 53.33750152587890625 58.43125152587890625 64.6687469482421875 64.4499969482421875 62.71875 59.862499237060546875 57.63124847412109375 54.80625152587890625 52.36875152587890625 50.77500152587890625 47.706249237060546875 47.487499237060546875 45.106250762939453125 43.4375 41.22499847412109375 40.88124847412109375 40.43125152587890625 39.918750762939453125 38.799999237060546875 36.674999237060546875 36.15000152587890625 36.7375030517578125 36.16249847412109375 36.637500762939453125 36.69374847412109375 36.09375 36.418750762939453125 36.78749847412109375 37.90625 38.106250762939453125 37.5625 37.96875 37.65000152587890625 37.77500152587890625
49.03125 48.893749237060546875 49.325000762939453125 47.75 47.668750762939453125 47.46875 46.731250762939453125 45.66249847412109375 44.43125152587890625 42.862499237060546875 46.44374847412109375 52.50624847412109375 57.49375152587890625 58.24375152587890625 58.00624847412109375 56.299999237060546875 54.018749237060546875 50.84375 48.4375 47.081249237060546875 44.106250762939453125 42.36875152587890625 40.65625 39.875 37.96875 37.25624847412109375 36.950000762939453125 36.174999237060546875 35.231250762939453125 34.40000152587890625 33.606250762939453125 33.225002288818359375 32.59375 32.956249237060546875 32.981250762939453125 32.049999237060546875 32.081249237060546875 33.512500762939453125 34.799999237060546875 34.375 33.4375 33.668750762939453125 33.21250152587890625 34.08750152587890625
42.862499237060546875 43.61875152587890625 42.99375152587890625 43.174999237060546875 43.143749237060546875 42.91249847412109375 42.4375 41.456249237060546875 40.487499237060546875 38.40625 44.487499237060546875 49.75 52.293750762939453125 53.49375152587890625 54.03749847412109375 52.90625 49.575000762939453125 48.15625 45.174999237060546875 43.606250762939453125 41.549999237060546875 39.46875 37.143749237060546875 36.543750762939453125 35.53125 34.69374847412109375 34.00624847412109375 33.325000762939453125 32.549999237060546875 31.337499618530273438 29.368749618530273438 29.487499237060546875 28.943750381469726562 29.462499618530273438 28.743749618530273438 27.662500381469726562 28.881250381469726562 29.774999618530273438 30.762500762939453125 30.662500381469726562 30.024999618530273438 30.931249618530273438 30.28125 28.581249237060546875
