data/historical-monthly-weather-data/wc2.1_cruts4.09_10m_prec_1973-11.asc
ncols        45
nrows        45
xllcorner    -63.500000000000
yllcorner    -7.500000000000
cellsize     0.166666666667
NODATA_value -9999
[rows 20 to 39 of 45, columns 0 to 43 of 45]
234.899993896484375 240.5 247.6875 255.03125 261.48748779296875 269.51251220703125 277.375 283.318756103515625 286.14373779296875 285.86248779296875 283.837493896484375 280.993743896484375 275.95623779296875 267.48748779296875 261.8125 255.4499969482421875 250.28125 249.4812469482421875 254.7375030517578125 258.131256103515625 258.09375 253.962493896484375 246.1437530517578125 236.53125 226.6062469482421875 214.28125 198.65625 179.631256103515625 160.6687469482421875 147.537506103515625 137.162506103515625 132.899993896484375 133.0749969482421875 134.84375 136.712493896484375 139.287506103515625 140.337493896484375 141.381256103515625 140.600006103515625 139.693756103515625 138.024993896484375 137.9499969482421875 137.006256103515625 135.4375
234.506256103515625 238.9812469482421875 247.71875 256.66876220703125 265.34375 274.59375 284.78125 292.806243896484375 298.88751220703125 301.20623779296875 300.943756103515625 300.431243896484375 296.58123779296875 287.70001220703125 279.73748779296875 271.58123779296875 266.3125 262.368743896484375 262.29998779296875 263.46875 257.85626220703125 251.8625030517578125 245.5749969482421875 235.274993896484375 223.975006103515625 211.8187408447265625 199.024993896484375 182.399993896484375 166.9812469482421875 155.787506103515625 145.193756103515625 139.71875 138.90625 141.131256103515625 143.662506103515625 145.6062469482421875 146.28125 146.368743896484375 144.0625 142.5500030517578125 140.2937469482421875 139.524993896484375 138.537506103515625 137.587493896484375
234.4499969482421875 240.6875 249.8000030517578125 259.71875 269.818756103515625 279.649993896484375 289.79376220703125 301.243743896484375 310.368743896484375 314.462493896484375 317.54376220703125 318.993743896484375 321.15625 313.13751220703125 299.48126220703125 287.506256103515625 279.51873779296875 273.70623779296875 269.89373779296875 267.21875 259.9375 252 243.8937530517578125 232.9562530517578125 222.6999969482421875 211.5625 198.9499969482421875 185.462493896484375 171.25 160.7687530517578125 151.962493896484375 146.0500030517578125 145.9000091552734375 147.837493896484375 149.537506103515625 151.4812469482421875 151.899993896484375 150.0749969482421875 146.931243896484375 144.693756103515625 142.625 141.256256103515625 139.9499969482421875 138.868743896484375
235.431243896484375 241.8812408447265625 251.5187530517578125 260.78125 271.600006103515625 282.774993896484375 293.66876220703125 305.837493896484375 314.07501220703125 319.649993896484375 324.26873779296875 331.600006103515625 337.70623779296875 327.84375 311.256256103515625 297.98126220703125 288.54998779296875 281.493743896484375 275.29998779296875 269.35626220703125 261.07501220703125 252.243743896484375 242.5625 231.475006103515625 221.1750030517578125 209.993743896484375 200.8937530517578125 186.8625030517578125 174.837493896484375 165.46875 158.46875 153.068756103515625 152.1687469482421875 152.787506103515625 154.037506103515625 156.4187469482421875 156.34375 152.493743896484375 149.15625 146.3562469482421875 143.8249969482421875 142.625 141.600006103515625 140.7624969482421875
240.0437469482421875 245.0812530517578125 254.53125 264.149993896484375 276.01873779296875 285.73748779296875 295.38751220703125 306.21875 314.806243896484375 320.837493896484375 326.70001220703125 330.350006103515625 333.181243896484375 326.33123779296875 314.3125 302.850006103515625 293.75 285.162506103515625 278.29998779296875 271.25 261.5 250.6062469482421875 241.5500030517578125 229.712493896484375 218.4437408447265625 209.6125030517578125 200.375 189.100006103515625 177.5187530517578125 170.381256103515625 163.5 158.3249969482421875 156.587493896484375 156.1062469482421875 155.59375 156.0500030517578125 155.493743896484375 151.725006103515625 148.96875 146.875 144.2562408447265625 143.40625 143.600006103515625 144.274993896484375
248.625 253.462493896484375 258.899993896484375 268.818756103515625 278.33123779296875 286.39373779296875 294.375 303.618743896484375 311.193756103515625 317.29376220703125 322.256256103515625 324.73748779296875 323.86248779296875 318.4375 311.26873779296875 303.48748779296875 296.5625 288.287506103515625 281.03125 273.83123779296875 262.9375 251.4187469482421875 240.4250030517578125 226.6750030517578125 216.6437530517578125 209 201.3249969482421875 191.65625 181.443756103515625 174.912506103515625 168.1374969482421875 162.618743896484375 160.0124969482421875 157.2375030517578125 155.2312469482421875 154.1374969482421875 152.3125 149.4187469482421875 148.118743896484375 146.443756103515625 144.712493896484375 144.4562530517578125 144.0437469482421875 146.1750030517578125
258.368743896484375 259.91876220703125 263.712493896484375 269.875 275.95001220703125 282.04376220703125 290.681243896484375 298.100006103515625 302.712493896484375 308.35626220703125 314.318756103515625 315.76251220703125 313.84375 309.46875 304.90625 298.45623779296875 293.40625 287.006256103515625 280.89373779296875 273.39373779296875 262.78125 251.568756103515625 240.125 226.774993896484375 218.4187469482421875 210.743743896484375 202.837493896484375 193.649993896484375 184.662506103515625 177.431243896484375 171.431243896484375 165.681243896484375 162.118743896484375 157.9375 153.337493896484375 150.75 147.837493896484375 144.162506103515625 144.118743896484375 143.6374969482421875 142.96875 143.743743896484375 144.743743896484375 147.118743896484375
268.462493896484375 266.61248779296875 267.5625 269.693756103515625 273.09375 277.17498779296875 284.03125 291.068756103515625 295.88751220703125 300.818756103515625 304.45001220703125 305.256256103515625 303.01873779296875 299.01251220703125 296.899993896484375 292.818756103515625 288.681243896484375 284.662506103515625 279.568756103515625 273.600006103515625 264.75 254.28125 246.056243896484375 234.1312408447265625 224.0124969482421875 214.6437530517578125 205.506256103515625 196.3874969482421875 186.8937530517578125 179.6687469482421875 172.837493896484375 166.943756103515625 162.068756103515625 155.8625030517578125 150.5749969482421875 146.725006103515625 142.6125030517578125 139.1062469482421875 138.8000030517578125 140.3937530517578125 141.818756103515625 144.381256103515625 144.4187469482421875 147.3000030517578125
277.931243896484375 272.73748779296875 269.14373779296875 268.125 268.73126220703125 271.26873779296875 276.493743896484375 282.524993896484375 288.318756103515625 292.48748779296875 295.76251220703125 295.1875 293.337493896484375 289.475006103515625 288.350006103515625 287.45001220703125 286.131256103515625 282.20001220703125 278.40625 274 267.32501220703125 259.04376220703125 252.7062530517578125 241.9499969482421875 230.6062469482421875 219.725006103515625 210.162506103515625 199.462493896484375 189.537506103515625 181.193756103515625 174.0812530517578125 167.2624969482421875 160.3125 153.0625 147.0500030517578125 142.0187530517578125 137.09375 132.524993896484375 132.5437469482421875 133.837493896484375 136.9187469482421875 140.25 143.162506103515625 150.193756103515625
283.70623779296875 275.45623779296875 269.11248779296875 263.100006103515625 262.08123779296875 264.26873779296875 268.5625 273.90625 278.931243896484375 281.83123779296875 284.88751220703125 285.149993896484375 284.15625 282.368743896484375 281.95623779296875 281.67498779296875 279.350006103515625 278.068756103515625 274.95001220703125 271.8125 266.98126220703125 262.931243896484375 258.475006103515625 246.881256103515625 235.3562469482421875 224.6687469482421875 214.0812530517578125 202.2312469482421875 191.056243896484375 182.931243896484375 175.21875 167.6999969482421875 159.59375 151.818756103515625 144.4187469482421875 137.15625 130.1062469482421875 124.81874847412109375 123.0187530517578125 123.0812530517578125 125.24375152587890625 133.0749969482421875 139.8000030517578125 149.25
287.024993896484375 276.524993896484375 268.13751220703125 260.350006103515625 256.212493896484375 258.73748779296875 262.1875 266.006256103515625 268.95001220703125 272.61248779296875 275.84375 276.725006103515625 277.34375 275.056243896484375 275.48748779296875 275.837493896484375 275.59375 274.26873779296875 271.26251220703125 271.54998779296875 269.51251220703125 267.45001220703125 264.493743896484375 252.931243896484375 240.21875 229.53125 217.337493896484375 204.943756103515625 192.7312469482421875 183.8312530517578125 175.962493896484375 168.287506103515625 158.9375 150.78125 141.600006103515625 132.4562530517578125 123.96875 117.71875 114.6374969482421875 111.0124969482421875 113.2312469482421875 124.0437469482421875 134.28125 144.5687408447265625
288.64373779296875 277.300018310546875 267.631256103515625 260.125 255.881256103515625 254.6875 256.506256103515625 258.350006103515625 260.568756103515625 263.29376220703125 266.506256103515625 268.51251220703125 269.381256103515625 269.1875 271.29998779296875 272.412506103515625 272.51251220703125 272.01251220703125 271.537506103515625 273.23748779296875 272.943756103515625 271.756256103515625 269.381256103515625 257.54998779296875 245.7312469482421875 233.8562469482421875 220.25 206.8937530517578125 193.65625 184.962493896484375 176.84375 168.3000030517578125 158.337493896484375 148.6437530517578125 139.375 128.8625030517578125 118.8937530517578125 110.4562530517578125 106.09999847412109375 103.4375 106.50624847412109375 118.3874969482421875 130.4250030517578125 144.068756103515625
286.20001220703125 276.337493896484375 266.95001220703125 259.818756103515625 254.681243896484375 251.243743896484375 250.6062469482421875 250.6750030517578125 251.399993896484375 253.3249969482421875 258.037506103515625 259.85626220703125 262.40625 265.618743896484375 267.381256103515625 268.98748779296875 268.75 271.399993896484375 273.193756103515625 275.5 275.587493896484375 273.67498779296875 270.14373779296875 258.88751220703125 247.78125 236.056243896484375 222.100006103515625 208 195.243743896484375 186.1374969482421875 177.743743896484375 168.868743896484375 158.1687469482421875 147.506256103515625 138.037506103515625 127.28125 117.1374969482421875 107.55625152587890625 102.77500152587890625 102.15625 104.18125152587890625 114.52500152587890625 126.8562469482421875 141.5625
282.29998779296875 274.399993896484375 265.693756103515625 259.149993896484375 252.8000030517578125 247.962493896484375 244.212493896484375 242.7687530517578125 242.506256103515625 243.318756103515625 247.037506103515625 251.7375030517578125 256.71875 260.131256103515625 262.54376220703125 264.67498779296875 266.29998779296875 270.243743896484375 273.73126220703125 277.162506103515625 276.662506103515625 274.45001220703125 270.70001220703125 259.57501220703125 248.8625030517578125 237.225006103515625 223.6062469482421875 208.975006103515625 196.0625 186.662506103515625 178.131256103515625 169.712493896484375 158.431243896484375 147.1875 137.1750030517578125 126.38124847412109375 115.1999969482421875 104.5187530517578125 100.84375 100.18125152587890625 100.6875 109.5124969482421875 121.55625152587890625 135.7687530517578125
279.42498779296875 273.04998779296875 264.962493896484375 257.54998779296875 251.0437469482421875 244.4812469482421875 238.4250030517578125 235.131256103515625 232.03125 232.806243896484375 237.274993896484375 244.3937530517578125 251.1875 257.287506103515625 260.82501220703125 261.61248779296875 263.875 268.90625 273.42498779296875 277.306243896484375 277.17498779296875 274.618743896484375 270.149993896484375 258.60626220703125 247.46875 237.181243896484375 223.006256103515625 209.28125 196.1374969482421875 186.774993896484375 178.6999969482421875 170.0437469482421875 158.1437530517578125 147.03125 135.7624969482421875 124.09999847412109375 112.6374969482421875 103.7312469482421875 99.90625 97.66249847412109375 97.2062530517578125 103.7062530517578125 113.21875 124.49375152587890625
276.13751220703125 270.36248779296875 262.95001220703125 255.4499969482421875 248.8249969482421875 241.787506103515625 234.90625 228.34375 222.881256103515625 221.28125 226.6125030517578125 235.306243896484375 245.193756103515625 253.7375030517578125 256.61248779296875 259.068756103515625 259.881256103515625 265.64373779296875 271.600006103515625 277.03125 276.149993896484375 271.23126220703125 265.631256103515625 254.9499969482421875 244.537506103515625 234.556243896484375 221.78125 209.4499969482421875 197.5500030517578125 187.287506103515625 179.537506103515625 170.556243896484375 159.118743896484375 147.818756103515625 135.90625 125 116.8000030517578125 108.65000152587890625 104.49375152587890625 102.38124847412109375 101.6750030517578125 105.7312469482421875 111.78125 119.4875030517578125
272.83123779296875 268.243743896484375 261.82501220703125 255.1125030517578125 248.25 240.743743896484375 232.337493896484375 224.03125 215.725006103515625 209.037506103515625 216.1937408447265625 232.0124969482421875 242.71875 249.3874969482421875 252.3937530517578125 254.2375030517578125 254.975006103515625 260.443756103515625 266.662506103515625 271.48126220703125 269.61248779296875 264.26873779296875 258.57501220703125 248.693756103515625 239.1875 231.0187530517578125 218.8625030517578125 208.681243896484375 197.556243896484375 188.087493896484375 179.6999969482421875 171.743743896484375 160.0437469482421875 148.899993896484375 137.21875 128.3312530517578125 121.34999847412109375 114.6875 111.0812530517578125 107.875 106.1125030517578125 107.50624847412109375 110.34999847412109375 114.7062530517578125
273.399993896484375 268.82501220703125 262.350006103515625 256.256256103515625 249.375 241.6062469482421875 233.2937469482421875 224.5749969482421875 215.5749969482421875 206.4812469482421875 220.21875 237.1624908447265625 243.4375 247.4375 249.09375 249.8125 249.9312591552734375 254.3249969482421875 259.03125 261.068756103515625 259.618743896484375 255.381256103515625 250.375 240.962493896484375 233.131256103515625 226.256256103515625 215.8312530517578125 207.1999969482421875 198.037506103515625 189.4375 179.212493896484375 170.9812469482421875 160.3562469482421875 149.712493896484375 138.975006103515625 132.2312469482421875 126.80625152587890625 121.03749847412109375 118.25624847412109375 115.27500152587890625 111.5437469482421875 110.90625 110.08750152587890625 110.49375152587890625
279.17498779296875 274.03125 267.89373779296875 261.212493896484375 253.6062469482421875 245.6687469482421875 238.0500030517578125 230.6125030517578125 226.2312469482421875 229.287506103515625 244.243743896484375 246.3937530517578125 246.5625 248.087493896484375 248.0749969482421875 247.506256103515625 247.068756103515625 249.912506103515625 251.912506103515625 253.087493896484375 250.4562530517578125 245.9812469482421875 242.024993896484375 234.7062530517578125 227.0812530517578125 221.5124969482421875 213.2937469482421875 206.28125 199.193756103515625 191.2312469482421875 182.75 174.9562530517578125 165.6999969482421875 156.4562530517578125 149.243743896484375 143.8125 138.0812530517578125 133.6750030517578125 130.381256103515625 125.36875152587890625 121.02500152587890625 120.0437469482421875 117.65625 117.3562469482421875
285.89373779296875 280.537506103515625 273.79376220703125 266.36248779296875 259.73126220703125 252.681243896484375 245.1750030517578125 240.131256103515625 238.1437530517578125 240.274993896484375 245.7687530517578125 248.306243896484375 247.90625 247.9875030517578125 247.3562469482421875 245.837493896484375 245.399993896484375 246.1437530517578125 246.2687530517578125 245.9875030517578125 241.943756103515625 237.34375 232.5749969482421875 226.162506103515625 221.15625 216.28125 210.0625 205.34375 200.0625 192.8874969482421875 185.274993896484375 180.9875030517578125 175.212493896484375 168.006256103515625 162.7062530517578125 157.274993896484375 151.4812469482421875 146.4562530517578125 143.1125030517578125 136.725006103515625 131.631256103515625 129.8562469482421875 127.04375457763671875 125.1062469482421875
