data/historical-monthly-weather-data/wc2.1_cruts4.09_10m_prec_1957-07.asc
ncols        45
nrows        45
xllcorner    -63.500000000000
yllcorner    -7.500000000000
cellsize     0.166666666667
NODATA_value -9999
[rows 0 to 18 of 45, columns 0 to 42 of 45]
180.493743896484375 178.993743896484375 176.78125 177.868743896484375 176.337493896484375 175.40625 174.3312530517578125 171.625 172.7437591552734375 175.34375 174.9250030517578125 175.056243896484375 174.350006103515625 176.537506103515625 180.7312469482421875 183.2062530517578125 185.412506103515625 183.90625 183.881256103515625 185.8937530517578125 186.1875 181.2687530517578125 177.712493896484375 174.84375 174.0187530517578125 170.212493896484375 169.681243896484375 169.6687469482421875 167.0437469482421875 164.100006103515625 154.0812530517578125 148.40625 148.212493896484375 145.0812530517578125 142.162506103515625 140.556243896484375 136.649993896484375 140.037506103515625 137.368743896484375 135.850006103515625 139.2375030517578125 143.1999969482421875 142.6374969482421875
170.2375030517578125 168.3000030517578125 166.193756103515625 167.681243896484375 167.912506103515625 166.7375030517578125 164.681243896484375 162.662506103515625 163.1125030517578125 162.9562530517578125 161.4875030517578125 160.09375 158.9875030517578125 159.09375 160.65625 162.7937469482421875 164.1374969482421875 164.818756103515625 167.225006103515625 169.40625 164.899993896484375 163.225006103515625 161.1374969482421875 161.6687469482421875 156.962493896484375 154.46875 155.181243896484375 156.5 153.368743896484375 146.899993896484375 140.306243896484375 138.3312530517578125 137.46875 137.806243896484375 136.375 133.75 131.350006103515625 133.3312530517578125 130.6125030517578125 130.9375 135.774993896484375 137.0625 137.756256103515625
154.725006103515625 157.0437469482421875 158.1687469482421875 157.59375 155.8312530517578125 152.475006103515625 150.350006103515625 150.09375 150.21875 148.8562469482421875 146.5437469482421875 143.4749908447265625 143.2687530517578125 140.4437408447265625 140.943756103515625 142.0124969482421875 143.65625 143.5500030517578125 143.962493896484375 146.15625 141.8625030517578125 140.5 139.3937530517578125 139.2062530517578125 137.0500030517578125 133.5500030517578125 138.96875 140.46875 139.7312469482421875 135.3000030517578125 129.7937469482421875 123.78125 124.3874969482421875 127.36875152587890625 122.79375457763671875 120.2937469482421875 121.7624969482421875 125.9562530517578125 123.2624969482421875 124.33750152587890625 128.34375 130.5625 129.9187469482421875
141.693756103515625 141.943756103515625 145.306243896484375 147.587493896484375 144.71875 139.1687469482421875 135.256256103515625 135.756256103515625 136.943756103515625 135.6750030517578125 130.149993896484375 126.7687530517578125 125.15000152587890625 124.71250152587890625 123.8249969482421875 123.3000030517578125 123.3125 122.93125152587890625 123.9250030517578125 127.71250152587890625 124.2624969482421875 119.22499847412109375 117.33750152587890625 118.625 118.2375030517578125 116.8874969482421875 120.5124969482421875 120.7062530517578125 123.50624847412109375 123.68125152587890625 119.5124969482421875 113.94374847412109375 111.66249847412109375 110.5124969482421875 108.18125152587890625 112.52500152587890625 116.5500030517578125 116.41249847412109375 116.05625152587890625 116.66249847412109375 122.4375 126.375 125.9375
144.024993896484375 138.78125 131.8249969482421875 133.631256103515625 135.243743896484375 128.399993896484375 124.90000152587890625 123.71875 123.0625 120.125 117.18125152587890625 112.9812469482421875 110.9187469482421875 109.3625030517578125 108.2312469482421875 107.83750152587890625 107.1062469482421875 106.65000152587890625 104.5437469482421875 105.9812469482421875 104.25624847412109375 99.50624847412109375 96.71875 100.8249969482421875 100.59999847412109375 99.78749847412109375 102.55625152587890625 107.66249847412109375 110.71250152587890625 108.4499969482421875 106.4562530517578125 103.8000030517578125 104.0124969482421875 102.6687469482421875 100.9875030517578125 102.06874847412109375 106.2624969482421875 109.25624847412109375 108.5437469482421875 110.8874969482421875 115.7375030517578125 116.56874847412109375 119.08750152587890625
138.868743896484375 138.006256103515625 132.693756103515625 120.3937530517578125 123.75 125.3249969482421875 120.8874969482421875 117.36875152587890625 117.1062469482421875 113.1687469482421875 108.4875030517578125 104.97499847412109375 103.0437469482421875 98.83124542236328125 98.6437530517578125 97.6687469482421875 94.8874969482421875 91.24375152587890625 89.34375 89.8312530517578125 87.9250030517578125 85.0749969482421875 84.0812530517578125 84.9250030517578125 86.88124847412109375 87.68125152587890625 90.9562530517578125 95.6062469482421875 98.1125030517578125 96.72499847412109375 95.40000152587890625 95.80625152587890625 94.99375152587890625 95.80625152587890625 93.7312469482421875 96.21250152587890625 96.46875 99.75624847412109375 103.02500152587890625 107.5437469482421875 108.21250152587890625 110.94374847412109375 111.7687530517578125
135.9875030517578125 135.84375 131.5500030517578125 125.40000152587890625 120.0625 113.34375 112.1750030517578125 110.75 107.8000030517578125 104.78125 101.2312469482421875 96 95.0749969482421875 91.83750152587890625 89.33750152587890625 88.4499969482421875 86.43125152587890625 79.7375030517578125 74.2375030517578125 74.6437530517578125 72.93125152587890625 70.7312469482421875 69.5124969482421875 72.21250152587890625 74.20000457763671875 76.9875030517578125 82.3125 84.59999847412109375 86.2312469482421875 87.91249847412109375 86.61875152587890625 84.7062530517578125 84.34999847412109375 86.6687469482421875 87.71875 89.1125030517578125 89.44374847412109375 91.59375 96.0124969482421875 101.3937530517578125 101.96875 102.3125 104.3000030517578125
135.225006103515625 133.125 130.3249969482421875 126.78125 123.4187469482421875 120.21250152587890625 111.30625152587890625 100.03749847412109375 95.05625152587890625 92.50624847412109375 89.83750152587890625 87.84375 86.4875030517578125 83.2312469482421875 81.47499847412109375 79.58750152587890625 76.1750030517578125 69.3562469482421875 63.331249237060546875 59.293750762939453125 60.02500152587890625 59.72499847412109375 58.625 61.28749847412109375 64.65625 65.9499969482421875 70.88124847412109375 72.83750152587890625 76.78749847412109375 76.71250152587890625 78.33750152587890625 77.2624969482421875 77.94374847412109375 78.4375 78.71250152587890625 79.16249847412109375 80.28125 82.8312530517578125 85.1687469482421875 87.94374847412109375 89.99375152587890625 92.0749969482421875 93.4562530517578125
133.9499969482421875 132.2937469482421875 128.443756103515625 126.90625 125.0625 119.1875 111.71875 103.75624847412109375 95.58750152587890625 87.69374847412109375 83.5437469482421875 80.41249847412109375 81.97499847412109375 78.7312469482421875 75.2937469482421875 71.5749969482421875 68.1875 63.34375 59.53125 53.106250762939453125 51.5 52.74375152587890625 52.0625 55.5 58.450000762939453125 58.49375152587890625 61.46875 66.71250152587890625 70.93125152587890625 70.6687469482421875 72.97499847412109375 70.65625 68.4875030517578125 67.8874969482421875 68.9875030517578125 72.80625152587890625 76.0625 79.63124847412109375 80.6374969482421875 81.5 82.6999969482421875 83.78125 85.5625
130.7687530517578125 130.09375 127.83750152587890625 126.4187469482421875 124.5500030517578125 120.6125030517578125 113.15625 105.5187530517578125 98.625 92.5500030517578125 85.1750030517578125 78.8125 78.51874542236328125 76.15625 71.43125152587890625 66.7375030517578125 60.81874847412109375 57.731250762939453125 54.33750152587890625 49.893749237060546875 48.05625152587890625 46.331249237060546875 45.00624847412109375 48.21875 50.5 52.768749237060546875 55.56874847412109375 59.875 62.83750152587890625 63.4375 64.7687530517578125 63 62.575000762939453125 61.90000152587890625 62.09375 66.375 70.33750152587890625 74.20624542236328125 75.7687530517578125 78.78749847412109375 81.53749847412109375 81.1875 79.4812469482421875
130.21875 129.7624969482421875 126.90625 126.35625457763671875 124.0625 120.40000152587890625 114.0500030517578125 104.3625030517578125 95.72499847412109375 90.00624847412109375 85.02500152587890625 80.09999847412109375 74.7312469482421875 72.9375 65.7624969482421875 59.549999237060546875 54.49375152587890625 51.49375152587890625 48.28749847412109375 46.16249847412109375 45.80625152587890625 43.63124847412109375 40.731250762939453125 40.387500762939453125 44.59999847412109375 49.424999237060546875 52.512500762939453125 55.38124847412109375 56.174999237060546875 56.924999237060546875 57.581249237060546875 57.956249237060546875 58.174999237060546875 57.16249847412109375 58.237499237060546875 61.549999237060546875 65.50624847412109375 67.63124847412109375 72.71250152587890625 74.94374847412109375 75.78125 74.84375 75.1125030517578125
129.34375 127.3562469482421875 125.02500152587890625 124.86875152587890625 123.5500030517578125 120.28749847412109375 115.3625030517578125 106.30625152587890625 96.47499847412109375 88.1875 82.44374847412109375 78.6437530517578125 70.99375152587890625 66.6750030517578125 62.13124847412109375 55.018749237060546875 50.081249237060546875 47.25 44.53749847412109375 43.21875 44.237499237060546875 42.706249237060546875 41.15000152587890625 40.049999237060546875 41.543750762939453125 42.456249237060546875 45.331249237060546875 48.981250762939453125 50.84375 51.34999847412109375 50.793750762939453125 51.34375 52.325000762939453125 52.69374847412109375 54.543750762939453125 58.58750152587890625 61.512500762939453125 65.6687469482421875 66.74375152587890625 69.25624847412109375 69.77500152587890625 70.43125152587890625 67.50624847412109375
124.49375152587890625 124.2687530517578125 123.34375 121.4812469482421875 119.0187530517578125 116.47499847412109375 110.8312530517578125 101.83750152587890625 93.2312469482421875 87.5 82.625 76.0187530517578125 70.22499847412109375 60.66249847412109375 54.44374847412109375 50.49375152587890625 45.956249237060546875 43.793750762939453125 41.456249237060546875 39.49375152587890625 39.59375 38.356250762939453125 37.68125152587890625 37.424999237060546875 36.831249237060546875 37.674999237060546875 40.581249237060546875 44.075000762939453125 46.09375 46.25624847412109375 45.825000762939453125 45.13124847412109375 46.981250762939453125 47.90000152587890625 49.487499237060546875 53.71875 58.63124847412109375 64.1687469482421875 68.4187469482421875 68.1062469482421875 66.1999969482421875 65.03125 60.0625
120.6687469482421875 119.83750152587890625 119.1062469482421875 116.69374847412109375 113.59999847412109375 109.7624969482421875 104.2937469482421875 96.95624542236328125 91.96250152587890625 85.31874847412109375 80.21250152587890625 73.4187469482421875 65.18125152587890625 56.799999237060546875 47.737499237060546875 45.15000152587890625 40.80625152587890625 39.268749237060546875 36.8125 35.28749847412109375 34.875 34.33750152587890625 33.8125 34.25 33.90000152587890625 34.21250152587890625 36.143749237060546875 37.981250762939453125 39.66249847412109375 40.143749237060546875 41.668750762939453125 41.90625 42.21875 43.08750152587890625 44.84999847412109375 50.581249237060546875 57.549999237060546875 65.08750152587890625 71 70.4875030517578125 62.987499237060546875 58.024997711181640625 58.3125
117.16249847412109375 114.75624847412109375 112.7687530517578125 111.15000152587890625 107.06874847412109375 102.59999847412109375 99.8125 93.0437469482421875 87.27500152587890625 81.1374969482421875 76.00624847412109375 68.41249847412109375 61.174999237060546875 53.93125152587890625 43.831249237060546875 40.056247711181640625 36.63124847412109375 35.09375 33.24375152587890625 32.16249847412109375 32.356250762939453125 31.71875 31.243749618530273438 32.456249237060546875 33.137500762939453125 33.831249237060546875 35.3125 36.30625152587890625 37.987499237060546875 39 38.68125152587890625 39.52500152587890625 41.36875152587890625 41.418750762939453125 41.012500762939453125 45.643749237060546875 55.03125 65.49375152587890625 71.8249969482421875 70.6125030517578125 67.03125 64.2375030517578125 68.6125030517578125
110.84999847412109375 108.78749847412109375 107.34999847412109375 104.46250152587890625 101.2687530517578125 99.0187530517578125 93.4375 87.56874847412109375 82.59375 78.24375152587890625 72.36249542236328125 65.11875152587890625 58.137500762939453125 51.06874847412109375 42.606250762939453125 34.02500152587890625 32.075000762939453125 31.46875 29.78125 29.100000381469726562 29.037500381469726562 29.168750762939453125 29.206249237060546875 31.762500762939453125 32.93125152587890625 33.325000762939453125 33.84375 33.8125 35.36875152587890625 36.65625 38.856250762939453125 38.25624847412109375 37.856250762939453125 37.34375 37.41249847412109375 45.450000762939453125 53.481250762939453125 62.637500762939453125 70.15000152587890625 74.1062469482421875 74.27500152587890625 72.90625 72.36875152587890625
104.80625152587890625 103.0187530517578125 102.125 100.375 97.9875030517578125 93.27500152587890625 89.3937530517578125 84.125 79.5 75.3125 70.0625 62.15000152587890625 54.49375152587890625 48.387500762939453125 43.200000762939453125 36.24375152587890625 29.912500381469726562 27.862499237060546875 27.875 27.137500762939453125 26.856250762939453125 27.118749618530273438 28.024999618530273438 31.081249237060546875 33.18125152587890625 31.393749237060546875 30.456249237060546875 30.456249237060546875 32.5 34.893749237060546875 37.393749237060546875 39.387500762939453125 38.731250762939453125 38.46250152587890625 42.575000762939453125 48.268749237060546875 57.481250762939453125 69.0749969482421875 78.18125152587890625 75.80625152587890625 74.0124969482421875 71.8249969482421875 68.55625152587890625
98.3625030517578125 98.19374847412109375 96.2312469482421875 95.34999847412109375 92.81874847412109375 87.25624847412109375 82.78749847412109375 78.6062469482421875 74.46250152587890625 68.8125 64.38124847412109375 58.918750762939453125 52.200000762939453125 46.612499237060546875 42.68125152587890625 37.831249237060546875 31.987499237060546875 26.274999618530273438 26.831249237060546875 25.881250381469726562 25.443750381469726562 25.34375 26.90625 29.368749618530273438 30.799999237060546875 28.893749237060546875 27.762500762939453125 28.387500762939453125 30.637500762939453125 32.418750762939453125 33.28125 34.856250762939453125 40.59375 43.125 43.83750152587890625 51.65000152587890625 62.34375 70.9499969482421875 76.9875030517578125 76.2937469482421875 70.6374969482421875 68.1687469482421875 65.0749969482421875
92.3000030517578125 92.2312469482421875 89.4187469482421875 87.72499847412109375 86.375 82.00624847412109375 76.625 73.28125 70.15000152587890625 65.375 61.206249237060546875 54.9375 49.637500762939453125 45.53749847412109375 40.512500762939453125 37.06874847412109375 32.88124847412109375 28.21875 24.850000381469726562 23.543750762939453125 24.106250762939453125 25.756250381469726562 22.774999618530273438 25.243749618530273438 26.674999237060546875 26.931249618530273438 26.825000762939453125 26.956249237060546875 29.237499237060546875 31.581249237060546875 33.418750762939453125 35.981250762939453125 40.174999237060546875 41.450000762939453125 43.356250762939453125 49.981250762939453125 56.69374847412109375 62.94374847412109375 68.8874969482421875 67.56874847412109375 65.7312469482421875 62.34999847412109375 60.46250152587890625
