data/historical-monthly-weather-data/wc2.1_cruts4.09_10m_prec_1979-01.asc
ncols        45
nrows        45
xllcorner    -63.500000000000
yllcorner    -7.500000000000
cellsize     0.166666666667
NODATA_value -9999
[rows 20 to 39 of 45, columns 0 to 44 of 45]
172.3000030517578125 174.9562530517578125 181.693756103515625 190.368743896484375 199.693756103515625 211.7937469482421875 225.1062469482421875 236.899993896484375 247.0625 255.3625030517578125 262.681243896484375 269.243743896484375 278.21875 288.131256103515625 283.95623779296875 270.82501220703125 262.149993896484375 259.118743896484375 262.087493896484375 264.725006103515625 269.475006103515625 272.70001220703125 274.3125 274.462493896484375 274.899993896484375 275.587493896484375 274.743743896484375 274.21875 273.350006103515625 273.162506103515625 267.25 257.0625 241.4375 225.5187530517578125 211.5250091552734375 219.318756103515625 233.8249969482421875 241.568756103515625 239.1875 228.568756103515625 213.53125 200.71875 191.3312530517578125 183.9812469482421875 180.0625
169.9250030517578125 171.8562469482421875 178.9250030517578125 188.912506103515625 200.381256103515625 213.15625 226.568756103515625 240.149993896484375 250.3000030517578125 254.8625030517578125 257.1875 256.42498779296875 258.29376220703125 263.337493896484375 264.831268310546875 260.88751220703125 259.10626220703125 259.20001220703125 261.537506103515625 264.76251220703125 266.29998779296875 269.087493896484375 272.33123779296875 273.375 274.756256103515625 276.84375 278.662506103515625 276.274993896484375 272.40625 268.381256103515625 259.20623779296875 248.65625 237.625 229.375 223.881256103515625 230.5124969482421875 245.212493896484375 255.399993896484375 252.4375 238.850006103515625 221.287506103515625 206.71875 195.59375 186.7687530517578125 181.6437530517578125
167.7937469482421875 169.90625 176.1374969482421875 186.4250030517578125 199.4562530517578125 213.975006103515625 227.90625 242.2624969482421875 254.2062530517578125 254.53125 249.53125 240.975006103515625 236.181243896484375 239.850006103515625 247.3562469482421875 251.7312469482421875 253.600006103515625 256.13751220703125 259.131256103515625 262.087493896484375 263.85626220703125 265.51251220703125 267.33123779296875 268.40625 272.10626220703125 277.01873779296875 280.006256103515625 276.96875 270.975006103515625 263.13751220703125 252.787506103515625 243.53125 239.8312530517578125 237.256256103515625 237.818756103515625 243.6125030517578125 258.01251220703125 274.28125 268.725006103515625 247.743743896484375 227.087493896484375 211.681243896484375 197.9375 187.9187469482421875 182.3312530517578125
166.3625030517578125 167.475006103515625 173.037506103515625 184.0749969482421875 198.756256103515625 212.9875030517578125 227.368743896484375 241.274993896484375 251.0500030517578125 248.84375 240.993743896484375 230.837493896484375 218.9875030517578125 225.056243896484375 237.1437530517578125 244.6875 248.90625 252.71875 256.42498779296875 259.90625 260.41876220703125 261.287506103515625 262.61248779296875 263.29998779296875 268.225006103515625 273.493743896484375 277.96875 274.35626220703125 268.162506103515625 262.35626220703125 254.75 248.75 247.1125030517578125 247.0500030517578125 249.181243896484375 254.443756103515625 265.162506103515625 277.568756103515625 270.9375 250.0187530517578125 228.9250030517578125 212.662506103515625 198.8249969482421875 188.443756103515625 183.4875030517578125
165.875 166.600006103515625 171.274993896484375 184.46875 201.7062530517578125 214.65625 226.78125 238.1062469482421875 244.15625 243.4312591552734375 237.7375030517578125 229.9875030517578125 223.71875 226.84375 234.6374969482421875 242.03125 247.2062530517578125 252.34375 255.65625 257.243743896484375 257.024993896484375 256.09375 256.26873779296875 256.32501220703125 260.756256103515625 267.681243896484375 270.943756103515625 271.181243896484375 267.537506103515625 265.26873779296875 261.51873779296875 259.20001220703125 257.087493896484375 257.21875 258.83123779296875 260.4375 265.89373779296875 267.5625 260.181243896484375 244.8562469482421875 226.1999969482421875 211.03125 197.9812469482421875 188.881256103515625 182.5625
169.1999969482421875 172.0749969482421875 178.2062530517578125 191.2937469482421875 205.806243896484375 217.2375030517578125 226.9375 234.59375 238.75 238.818756103515625 236.631256103515625 233.712493896484375 231.1125030517578125 232.787506103515625 237.181243896484375 242.7687530517578125 248.087493896484375 253.193756103515625 256.26873779296875 256.743743896484375 256.07501220703125 252.28125 250.3937530517578125 248.0437469482421875 253.34375 261.975006103515625 268.04376220703125 269.693756103515625 269.26251220703125 267.67498779296875 268.79998779296875 269.46875 268.36248779296875 266.256256103515625 266.17498779296875 264.337493896484375 263.84375 259.899993896484375 251.274993896484375 237.6875 221.8125 207.649993896484375 194.6374969482421875 186.5625 182.6999969482421875
173.943756103515625 177.600006103515625 185.7062530517578125 197 208.53125 218.0625 226.443756103515625 231.725006103515625 235.1125030517578125 237.443756103515625 237.975006103515625 238.0124969482421875 238.0749969482421875 240.15625 242.9937591552734375 247.506256103515625 252.024993896484375 256.65625 260.3125 259.51873779296875 256.63751220703125 253.5 248.1750030517578125 244.3000030517578125 252.056243896484375 260.54376220703125 266.600006103515625 269.600006103515625 271.0625 271.787506103515625 275.162506103515625 277.087493896484375 276.875 273.631256103515625 270.14373779296875 266.631256103515625 262.893768310546875 255.3874969482421875 244.8125 232.5 217.59375 203.5749969482421875 191.6999969482421875 184.631256103515625 186.3312530517578125
180.212493896484375 183.6750030517578125 192.5625 202.7062530517578125 212.59375 219.756256103515625 226.1125030517578125 230.3937530517578125 234.118743896484375 236.8312530517578125 239.024993896484375 241.4499969482421875 243.0749969482421875 245.84375 248.4562530517578125 252.399993896484375 256.193756103515625 262.61248779296875 264.462493896484375 264.6875 263.431243896484375 258.95623779296875 257.64373779296875 254.568756103515625 258.493743896484375 264.25 269.01251220703125 271.274993896484375 273.350006103515625 276.600006103515625 279.462493896484375 281.587493896484375 280.51873779296875 276.0625 271.912506103515625 266.943756103515625 260.45623779296875 252.3937530517578125 242.28125 229.4187469482421875 215.975006103515625 203.0625 190.693756103515625 185.0625 195.0124969482421875
185.618743896484375 189.6875 198.21875 208.15625 216.850006103515625 222.068756103515625 225.5500030517578125 229.78125 233.125 236.693756103515625 240.4499969482421875 243.9499969482421875 247.25 252.337493896484375 255.4499969482421875 259.868743896484375 265.63751220703125 270.45001220703125 273.01251220703125 273.38751220703125 271.787506103515625 268.41876220703125 267.975006103515625 265.899993896484375 267.212493896484375 270.10626220703125 273.51873779296875 275.181243896484375 277.70001220703125 280.95001220703125 282.8125 284.149993896484375 282.08123779296875 278.1875 273.88751220703125 267.29376220703125 260.600006103515625 251.8562469482421875 242.25 229.65625 215.1437530517578125 203.65625 194.9250030517578125 194.462493896484375 205.7375030517578125
191.6125030517578125 195.2375030517578125 203.943756103515625 213.568756103515625 220.6062469482421875 223.368743896484375 225.1062469482421875 228.693756103515625 232.131256103515625 235.6437530517578125 240.837493896484375 246.7624969482421875 252.25 258.70001220703125 263.756256103515625 268.45623779296875 273.66876220703125 279.493743896484375 283.64373779296875 283 281.068756103515625 279.931243896484375 278.98748779296875 276.16876220703125 276.48748779296875 278.225006103515625 279.83123779296875 280.375 282.09375 284.100006103515625 286.20001220703125 287.006256103515625 283.57501220703125 280.350006103515625 275.46875 268.737518310546875 261.15625 253.625 244.0812530517578125 233.03125 221.5749969482421875 213.3125 207.9250030517578125 208.6437530517578125 214.024993896484375
196.056243896484375 199.2312469482421875 205.756256103515625 214.09375 220.8874969482421875 221.2312469482421875 223.0812530517578125 225.899993896484375 229.787506103515625 234.618743896484375 241.350006103515625 248.9562530517578125 256.57501220703125 263.806243896484375 270.475006103515625 276.037506103515625 282.53125 289.26251220703125 293.75 293.45001220703125 291.024993896484375 289.33123779296875 289.631256103515625 286.149993896484375 284.71875 286.51251220703125 287.056243896484375 286.4375 287.806243896484375 288.381256103515625 289.82501220703125 290.256256103515625 286.006256103515625 282.26873779296875 277.212493896484375 270.29376220703125 262.29376220703125 255.7062530517578125 247.975006103515625 238.3249969482421875 229.5187530517578125 223.9187469482421875 220.7687530517578125 219.6374969482421875 223.5812530517578125
199.0812530517578125 201.056243896484375 205.53125 210.8625030517578125 214.7624969482421875 216.3249969482421875 219.725006103515625 222.125 226.850006103515625 232.649993896484375 240.318756103515625 249.4499969482421875 259.04376220703125 269.037506103515625 277.068756103515625 283.42498779296875 288.98748779296875 295.14373779296875 298.337493896484375 299.493743896484375 297.368743896484375 296.26873779296875 297.41876220703125 293.67498779296875 293.149993896484375 293.70001220703125 292.71875 292.024993896484375 291.45623779296875 292.64373779296875 293.33123779296875 293.0625 288.83123779296875 284.70001220703125 279.600006103515625 271.943756103515625 265.35626220703125 257.375 249.7312469482421875 242.2937469482421875 237.631256103515625 234.568756103515625 233.1687469482421875 234.756256103515625 238.7937469482421875
203.5500030517578125 204.681243896484375 207.881256103515625 211.0187530517578125 212.3312530517578125 213.743743896484375 215.6374969482421875 217.9875030517578125 221.9812469482421875 229.71875 239.9875030517578125 250.9562530517578125 264.024993896484375 277.23748779296875 284.90625 290.975006103515625 295.79376220703125 299.67498779296875 301.850006103515625 303.45001220703125 302.17498779296875 301.51251220703125 302.04998779296875 300.39373779296875 299.39373779296875 300.024993896484375 298.524993896484375 295.9375 295.125 297.35626220703125 297.4375 295.70623779296875 291.881256103515625 288.23126220703125 282.48126220703125 275.618743896484375 268.4375 260.774993896484375 253.1062469482421875 249.7312469482421875 246.21875 245.068756103515625 245.9187469482421875 249.78125 258.618743896484375
207.6374969482421875 208.118743896484375 209.556243896484375 210.875 210.006256103515625 210.8562469482421875 212.1999969482421875 213.4812469482421875 217.806243896484375 224.9499969482421875 236.4000091552734375 252.28125 269.287506103515625 283.899993896484375 292.006256103515625 297.381256103515625 302.76873779296875 306.04998779296875 306.274993896484375 306.40625 305.806243896484375 305.806243896484375 306.60626220703125 304.88751220703125 304.100006103515625 303.993743896484375 301.86248779296875 300.23126220703125 300.1875 300.84375 301.54998779296875 300.0625 295.65625 292.25 286.6875 279.51251220703125 271.524993896484375 262.82501220703125 257.9375 255.46875 252.5625 253.256256103515625 256.131256103515625 261.493743896484375 271.587493896484375
213.024993896484375 212.131256103515625 212.0437469482421875 210.962493896484375 209.243743896484375 209.4187469482421875 208.993743896484375 209.2062530517578125 211.600006103515625 219.350006103515625 233.5 252.899993896484375 275.274993896484375 293.212493896484375 300.912506103515625 304.89373779296875 309.04998779296875 310.318756103515625 309.850006103515625 307.806243896484375 308.225006103515625 308.625 309.58123779296875 307.774993896484375 307.375 306.01251220703125 305 304.29376220703125 304.20001220703125 304.03125 304.600006103515625 304.256256103515625 300.25 295.67498779296875 289.76251220703125 282.1875 273.181243896484375 266.75 262.85626220703125 259.71875 257.712493896484375 258.36248779296875 261.90625 266.98126220703125 274.899993896484375
220.9875030517578125 219.1374969482421875 217.9499969482421875 215.912506103515625 213.4562530517578125 211.524993896484375 210.1062469482421875 207.9562530517578125 208.1999969482421875 213.899993896484375 229.2062530517578125 253.09375 279.10626220703125 299.03125 307.524993896484375 311.85626220703125 314.53125 314.5 312.743743896484375 309.70623779296875 308.84375 309.600006103515625 309.587493896484375 307.39373779296875 306.943756103515625 306.993743896484375 306.26251220703125 306.350006103515625 307.181243896484375 306.962493896484375 308.149993896484375 307.631256103515625 304.8125 300.818756103515625 294.91876220703125 286.537506103515625 280.28125 273.162506103515625 267.631256103515625 264.41876220703125 262.5 263.29376220703125 265.5 269.743743896484375 274.899993896484375
229.350006103515625 226.9375 224.399993896484375 221.693756103515625 218.556243896484375 215.8874969482421875 213.899993896484375 209.912506103515625 206.725006103515625 206.6750030517578125 225.475006103515625 258.20623779296875 285.181243896484375 302.71875 312.29376220703125 317.462493896484375 319.9375 318.60626220703125 315.5 310.98126220703125 309.78125 308.368743896484375 308.118743896484375 306.162506103515625 306.287506103515625 307.399993896484375 307.556243896484375 309.006256103515625 310.41876220703125 310.681243896484375 311.63751220703125 311.337493896484375 309.53125 306.306243896484375 300.681243896484375 293.100006103515625 286.03125 278.162506103515625 272.82501220703125 268.32501220703125 264.51251220703125 264.60626220703125 267.087493896484375 269.88751220703125 273.11248779296875
237.131256103515625 234.2312469482421875 230.9812469482421875 228.3249969482421875 225.28125 223.1999969482421875 220.4812469482421875 216.6374969482421875 213.7624969482421875 211.3312530517578125 241.837493896484375 275.662506103515625 295.98748779296875 309.45623779296875 318.28125 323.14373779296875 324.60626220703125 322.98748779296875 319.375 313.8125 310.600006103515625 307.131256103515625 305.443756103515625 303.912506103515625 304.58123779296875 306.850006103515625 307.45001220703125 309.725006103515625 312.274993896484375 313.75 314.350006103515625 313.318756103515625 312.09375 310.068756103515625 304.95001220703125 297.8125 289.5625 282.149993896484375 276.756256103515625 271.20001220703125 265.993743896484375 266.10626220703125 266.568756103515625 266.9375 269.98748779296875
242.9187469482421875 238.3937530517578125 235.943756103515625 233.59375 231.399993896484375 230.2062530517578125 228.65625 229.306243896484375 235.3562469482421875 252.7750091552734375 289.181243896484375 302.212493896484375 310.59375 319.48126220703125 326.10626220703125 329.23748779296875 330.71875 327.037506103515625 321.712493896484375 315.46875 308.91876220703125 303.95001220703125 301.443756103515625 300.350006103515625 301.118743896484375 303.70623779296875 306.037506103515625 309.70001220703125 313.868743896484375 317.087493896484375 317.89373779296875 317.037506103515625 315.149993896484375 311.631256103515625 309.14373779296875 302.01873779296875 293.15625 285.88751220703125 279.32501220703125 272.037506103515625 266.54376220703125 265.399993896484375 264.59375 265.45623779296875 268.118743896484375
248.6875 244.0749969482421875 241.375 238.600006103515625 238.318756103515625 239.0500030517578125 240.1937408447265625 245.4875030517578125 257.26251220703125 276.8125 299.70623779296875 314.66876220703125 322.618743896484375 329.78125 334.149993896484375 336.806243896484375 337.350006103515625 332.881256103515625 324.725006103515625 316.34375 305.600006103515625 299.475006103515625 296.04376220703125 295.149993896484375 297.01251220703125 299.931243896484375 303.92498779296875 309.64373779296875 314.756256103515625 318.1875 319.212493896484375 320.381256103515625 319.96875 316.40625 311.587493896484375 304.375 295.64373779296875 287.818756103515625 280.29998779296875 272.14373779296875 266.431243896484375 264.5 262.5 262.506256103515625 265.243743896484375
