data/historical-monthly-weather-data/wc2.1_cruts4.09_10m_prec_2007-04.asc
ncols        51
nrows        45
xllcorner    -63.500000000000
yllcorner    -7.500000000000
cellsize     0.166666666667
NODATA_value -9999
[rows 0 to 19 of 45, columns 0 to 44 of 51]
252.4875030517578125 249.0437469482421875 247.2624969482421875 250.8937530517578125 250.46875 247.8562469482421875 244.3937530517578125 237.03125 232.7375030517578125 232.1875 234.837493896484375 237.787506103515625 239.712493896484375 239.962493896484375 240.899993896484375 242.6125030517578125 245.5124969482421875 245.193756103515625 247.493743896484375 249.975006103515625 252.631256103515625 256.5625 260.01873779296875 266.88751220703125 272.04376220703125 280.3125 289.162506103515625 300.48126220703125 311.306243896484375 326.10626220703125 342.61248779296875 359.993743896484375 376.29376220703125 395.368743896484375 413.774993896484375 428.787506103515625 440.318756103515625 451.337493896484375 460.76251220703125 466.681243896484375 471.949981689453125 473.51251220703125 470.006256103515625 468.71875 461.556243896484375
262.5625 258.10626220703125 261.92498779296875 265.95623779296875 269.256256103515625 265.287506103515625 260.056243896484375 256.475006103515625 253.662506103515625 252.4499969482421875 254.0187530517578125 254.9375 255.9187469482421875 255.774993896484375 254.6687469482421875 256.3125 256.837493896484375 258.225006103515625 260.587493896484375 262.38751220703125 264.9375 268.056243896484375 273.23748779296875 279.568756103515625 287.4375 295.90625 305.018768310546875 317.10626220703125 327.081268310546875 343.225006103515625 363.11248779296875 384.76873779296875 403.100006103515625 424.85626220703125 443.5 459.29376220703125 475.29376220703125 488.0625 496.875 501.25 504.90625 506.78125 503.20001220703125 498.1875 488.6875
270.181243896484375 268.40625 271.037506103515625 276.806243896484375 281.23126220703125 279.53125 277.125 275.9375 277.024993896484375 275.943756103515625 274.73126220703125 273.225006103515625 273.21875 270.318756103515625 268.61248779296875 268.84375 268.587493896484375 269.912506103515625 271.20001220703125 273.84375 278.125 283.181243896484375 288.056243896484375 295.931243896484375 306.25 316.306243896484375 327.42498779296875 336.243743896484375 344.625 362.34375 382.149993896484375 402.837493896484375 425.662506103515625 447.90625 466.225006103515625 482.087493896484375 502.068756103515625 519.16876220703125 527.13751220703125 532.6624755859375 536.78125 535.04376220703125 530.73748779296875 525.86248779296875 514.38751220703125
273.16876220703125 272.875 279.225006103515625 283.15625 287.42498779296875 289.92498779296875 291.29376220703125 293.34375 298.09375 300.04998779296875 297.26251220703125 292.38751220703125 288.006256103515625 284.73126220703125 281.76251220703125 281.193756103515625 281.04376220703125 281.73748779296875 282.681243896484375 285.537506103515625 292.16876220703125 298.48126220703125 303.399993896484375 314.100006103515625 326.006256103515625 336.17498779296875 348.51873779296875 355.806243896484375 364.04376220703125 383.756256103515625 403.59375 424.287506103515625 444.36248779296875 466.76251220703125 486.26251220703125 507.09375 527.67498779296875 546.46875 558.6937255859375 562.64373779296875 567.14373779296875 566.7562255859375 558.0250244140625 549.41876220703125 538.26873779296875
289.26251220703125 284.850006103515625 283.5 287.350006103515625 294.26873779296875 298.48126220703125 300.82501220703125 306.59375 315.86248779296875 322.506256103515625 316.931243896484375 306.274993896484375 300.818756103515625 297.26251220703125 293.54376220703125 292.01251220703125 290.60626220703125 291.462493896484375 292.20623779296875 294.79376220703125 303.643768310546875 310.64373779296875 317.568756103515625 331.78125 342.91876220703125 354.70001220703125 364.943756103515625 376.225006103515625 387.08123779296875 404.306243896484375 424.13751220703125 440.70001220703125 460.64373779296875 484.375 506.40625 528.32501220703125 548.8812255859375 570.01251220703125 584.3687744140625 590.1187744140625 597.53125 590.21875 582.04998779296875 575.4000244140625 559.7125244140625
296.84375 294.524993896484375 293.65625 291.225006103515625 297.193756103515625 303.21875 306.368743896484375 312.818756103515625 322.46875 331.9375 323.46875 313.431243896484375 308.725006103515625 305.54998779296875 301.149993896484375 299.83123779296875 296.51251220703125 297.274993896484375 300.39373779296875 304.29376220703125 312.66876220703125 320.90625 331.962493896484375 345.48126220703125 358.96875 372.83123779296875 382.537506103515625 392.8125 402.975006103515625 418.824981689453125 437.006256103515625 455.868743896484375 471.806243896484375 494.25 518.625 539.25 563.3375244140625 585.1500244140625 599.5562744140625 609.95623779296875 611.8125 604.41876220703125 598.1187744140625 592.625 578.3687744140625
305.725006103515625 303.6875 302.98748779296875 299.60626220703125 297.681243896484375 299.681243896484375 302.95001220703125 308.1875 313.21875 316.61248779296875 316.881256103515625 314.46875 314.587493896484375 311.712493896484375 308.368743896484375 307.868743896484375 304.95623779296875 303.024993896484375 304.662506103515625 310.412506103515625 321.54998779296875 332.98748779296875 345.28125 357.51251220703125 372.962493896484375 388.64373779296875 399.51251220703125 407.225006103515625 416.35626220703125 431.899993896484375 450.11248779296875 466.67498779296875 484.024993896484375 502.056243896484375 524.66876220703125 545.48748779296875 566.66876220703125 590.13751220703125 609.76251220703125 619.95623779296875 616.6875 611.36248779296875 607.125 602.2249755859375 590.57501220703125
315.381256103515625 311.48748779296875 308.8125 307.1875 305.51251220703125 304.78125 300.850006103515625 296.625 294.0625 296.98126220703125 306.40625 313.16876220703125 317.100006103515625 317.70001220703125 316.40625 314.706268310546875 311.5 309.612518310546875 308.96875 315.5625 330.037506103515625 344.38751220703125 357.26873779296875 370.850006103515625 388.975006103515625 402.693756103515625 412.681243896484375 420.60626220703125 429.95001220703125 445.475006103515625 459.16876220703125 474.337493896484375 490.787506103515625 508.33123779296875 528.0250244140625 543.46875 564.4375 585.26873779296875 601.1875 609.4437255859375 611.3187255859375 610.1875 606.375 600.03125 585.1312255859375
322.57501220703125 319.38751220703125 316.243743896484375 312.84375 310.66876220703125 307.73748779296875 304.118743896484375 297.76873779296875 288.88751220703125 286.712493896484375 299.89373779296875 310.59375 321.45001220703125 323.868743896484375 321.98126220703125 321.01251220703125 319.32501220703125 319.100006103515625 320.90625 325.756256103515625 335.45623779296875 353.068756103515625 366.75 383.86248779296875 401.42498779296875 412.95001220703125 421.20623779296875 429.61248779296875 438.368743896484375 451.98748779296875 466.306243896484375 476.375 488.975006103515625 501.149993896484375 518.98126220703125 534.20001220703125 553.9749755859375 569.82501220703125 584.65625 592.11248779296875 595.6312255859375 593.26873779296875 593.17498779296875 590.8062744140625 570.04376220703125
329.181243896484375 324.524993896484375 322.100006103515625 319.01251220703125 315.57501220703125 313.056243896484375 310.3125 304.506256103515625 301.212493896484375 303.25 312.20623779296875 318.91876220703125 327.21875 330.04376220703125 329.975006103515625 327.90625 326.64373779296875 328.36248779296875 330.912506103515625 338.899993896484375 349.306243896484375 363.39373779296875 376.95001220703125 396.274993896484375 409.79998779296875 418.9375 426.137481689453125 433.662506103515625 443.524993896484375 458.71875 467.10626220703125 472.837493896484375 482.35626220703125 492.98126220703125 507.23126220703125 522.7437744140625 536.6500244140625 550.88751220703125 563.7125244140625 574.66876220703125 582.23126220703125 581.63751220703125 580.24371337890625 571.48748779296875 555.53125
335.79998779296875 332.318756103515625 329.087493896484375 325.41876220703125 320.193756103515625 318.39373779296875 316.70623779296875 312.818756103515625 313.83123779296875 318.15625 326.65625 334.60626220703125 336.537506103515625 338.337493896484375 335.993743896484375 333.0625 332.443756103515625 335.95001220703125 341.024993896484375 348.875 364.868743896484375 378.399993896484375 388.9375 396.693756103515625 414.537506103515625 424.149993896484375 427.868743896484375 433.79376220703125 440.9375 454.024993896484375 460.5 464.068756103515625 472.524993896484375 481.35626220703125 493.212493896484375 502.556243896484375 514.1187744140625 527.4000244140625 541.17498779296875 552.92498779296875 560.2874755859375 560.4625244140625 564.01873779296875 560.5687255859375 543.45001220703125
339.100006103515625 335.01251220703125 331.506256103515625 331.225006103515625 327.743743896484375 324.431243896484375 324.875 324.568756103515625 328.11248779296875 333.53125 341.95001220703125 349.91876220703125 346.79998779296875 344.649993896484375 341.45001220703125 338.850006103515625 337.41876220703125 341.14373779296875 347.212493896484375 356.256256103515625 371.975006103515625 385.95623779296875 397.60626220703125 408.78125 416.318756103515625 418.76251220703125 421.13751220703125 424.48126220703125 431.07501220703125 439.20001220703125 444.6875 448.506256103515625 454.162506103515625 462.350006103515625 472.54376220703125 482.412506103515625 494.95623779296875 508.368743896484375 517.6812744140625 525.5 534.61248779296875 537.6312255859375 540.07501220703125 532.04998779296875 516.2125244140625
343.07501220703125 338.774993896484375 335.8125 334.40625 332.8125 333.681243896484375 332.975006103515625 332.53125 336.07501220703125 344.20623779296875 352.34375 359.418731689453125 356.63751220703125 346.09375 342.181243896484375 341.725006103515625 339.13751220703125 342.837493896484375 350.381256103515625 357.89373779296875 373.86248779296875 386.15625 394.3125 403.73748779296875 401.5 400.818756103515625 407.07501220703125 410.17498779296875 417.868743896484375 423.368743896484375 427.412506103515625 429.587493896484375 433.868743896484375 441.024993896484375 448.600006103515625 460.662506103515625 473.399993896484375 486.306243896484375 497.38751220703125 505.475006103515625 506.70623779296875 513.40625 512.2750244140625 506.36248779296875 498.04376220703125
345.76251220703125 341.475006103515625 337.53125 335.76251220703125 336.46875 337.462493896484375 336.88751220703125 337.618743896484375 342.91876220703125 349.5625 354.34375 356.04376220703125 354.243743896484375 347.34375 340.04998779296875 340.568756103515625 337.993743896484375 339.556243896484375 347.368743896484375 353.056243896484375 367.29998779296875 377.23126220703125 386.212493896484375 388.787506103515625 388.73126220703125 389.36248779296875 393.256256103515625 397.068756103515625 402.46875 407.48748779296875 410.006256103515625 412.3125 412.82501220703125 418.712493896484375 427.14373779296875 440.193756103515625 452.78125 467.91876220703125 481.743743896484375 487.48748779296875 483.16876220703125 480.806243896484375 488.806243896484375 497.337493896484375 495.412506103515625
346.38751220703125 342.51873779296875 339.506256103515625 338.42498779296875 339.962493896484375 340.90625 341.9375 342.774993896484375 345.912506103515625 349.98126220703125 353.33123779296875 354.25 351.03125 344.89373779296875 336.45001220703125 332.98748779296875 331.962493896484375 337.26873779296875 343.8125 349.462493896484375 360.712493896484375 372.225006103515625 378.368743896484375 379.712493896484375 379.41876220703125 381.431243896484375 383.850006103515625 388.100006103515625 393.350006103515625 395.75 394.431243896484375 391.506256103515625 395.462493896484375 398.64373779296875 404.51251220703125 416.212493896484375 436.26873779296875 457.368743896484375 471.07501220703125 473.412506103515625 470.693756103515625 474.41876220703125 488.61248779296875 491.725006103515625 485.88751220703125
344.806243896484375 340.837493896484375 340.3125 341.006256103515625 342.0625 343.337493896484375 344.35626220703125 345.73126220703125 350.38751220703125 352.618743896484375 354.21875 353.76251220703125 350.59375 343.01251220703125 332.475006103515625 322.03125 325.23126220703125 334.743743896484375 339.649993896484375 345.67498779296875 356.51251220703125 365.375 370.225006103515625 371.412506103515625 370.36248779296875 373.25 374.07501220703125 379.07501220703125 383.875 386.42498779296875 387.256256103515625 382.993743896484375 378.01251220703125 377.943756103515625 379.649993896484375 400.225006103515625 420.725006103515625 443.3125 459.3125 469.75 472.087493896484375 478.5625 485.024993896484375 484.068756103515625 475.92498779296875
341.618743896484375 339.375 340.66876220703125 342.53125 343.587493896484375 345.13751220703125 348.45001220703125 350.118743896484375 352.381256103515625 354.649993896484375 354.818756103515625 353.943756103515625 349.493743896484375 342.26873779296875 334.08123779296875 326.96875 322.149993896484375 328.64373779296875 336.3125 343.524993896484375 353.618743896484375 363.081268310546875 367.33123779296875 363.6875 362.26873779296875 363.225006103515625 365.35626220703125 369.881256103515625 376.14373779296875 379.92498779296875 379.493743896484375 375.29998779296875 371.04376220703125 369.625 378.60626220703125 393.6875 415.493743896484375 440.125 464.100006103515625 473.03125 478.09375 481.33123779296875 478.86248779296875 475.98126220703125 466.17498779296875
336.943756103515625 337.45001220703125 339.13751220703125 343.9375 345.84375 349.068756103515625 353.662506103515625 354.26251220703125 355.79376220703125 355.9375 354.243743896484375 352.59375 348.006256103515625 342.868743896484375 336.024993896484375 330.875 325.61248779296875 321.5625 332.568756103515625 340.41876220703125 352.29998779296875 359.975006103515625 363.66876220703125 359.75 358.95001220703125 359.84375 358.34375 365.98748779296875 373.556243896484375 375.506256103515625 369.350006103515625 355.568756103515625 359.587493896484375 364.53125 371.07501220703125 391.03125 412.693756103515625 435.53125 456.04376220703125 472.90625 474.64373779296875 475.41876220703125 472.98126220703125 468.70623779296875 460.5625
330.85626220703125 333.51251220703125 338.162506103515625 342.524993896484375 346.087493896484375 351.41876220703125 355.67498779296875 359.431243896484375 361.08123779296875 360.07501220703125 355.818756103515625 349.89373779296875 345.95623779296875 343.506256103515625 334.32501220703125 329.45623779296875 325.65625 323.01873779296875 325.225006103515625 332.912506103515625 350.350006103515625 360.774993896484375 353.6875 354.95623779296875 357.493743896484375 361.912506103515625 364.5 369.23748779296875 377.0625 376.40625 369.51873779296875 357.14373779296875 354.8125 349.54998779296875 354.462493896484375 374.912506103515625 398.25 420.23126220703125 444.42498779296875 458.76873779296875 468.618743896484375 470.0625 466.193756103515625 461.96875 455.1875
324.20623779296875 329.225006103515625 334.20623779296875 337.881256103515625 344.774993896484375 354.024993896484375 361.32501220703125 363.631256103515625 364.899993896484375 363.41876220703125 357.32501220703125 352.931243896484375 348.46875 344.131256103515625 333.556243896484375 322.556243896484375 315.868743896484375 320.587493896484375 322 328.45623779296875 339.45001220703125 346.212493896484375 352.037506103515625 354.20001220703125 357.212493896484375 361.056243896484375 366.0625 374.600006103515625 378.70001220703125 373.431243896484375 362.23126220703125 357.381256103515625 349.243743896484375 337.01873779296875 333.399993896484375 353.20001220703125 383.931243896484375 412.637481689453125 434.75 451.225006103515625 459.899993896484375 461.73126220703125 459.14373779296875 455.212493896484375 445.63751220703125
