data/historical-monthly-weather-data/wc2.1_cruts4.09_10m_prec_1959-06.asc
ncols        45
nrows        45
xllcorner    -63.500000000000
yllcorner    -7.500000000000
cellsize     0.166666666667
NODATA_value -9999
[rows 20 to 39 of 45, columns 0 to 43 of 45]
156.193756103515625 165.4625091552734375 168.0124969482421875 165.056243896484375 158.618743896484375 157.4375 158.3625030517578125 156.337493896484375 155.3562469482421875 152.193756103515625 150.3625030517578125 145.09375 138 128.3312530517578125 119.2062530517578125 112.8562469482421875 104.3874969482421875 101.96875 105.00624847412109375 104.5437469482421875 115.68125152587890625 126.5812530517578125 139.9250030517578125 151.9187469482421875 155.412506103515625 152.100006103515625 141.774993896484375 142.8249969482421875 144.59375 147.9187469482421875 151.0500030517578125 160.7687530517578125 156.9562530517578125 158.556243896484375 162.2937469482421875 176.4499969482421875 188.962493896484375 192.662506103515625 185.3312530517578125 177.3874969482421875 167.78125 153.8249969482421875 152.162506103515625 154.274993896484375
146.7624969482421875 147.7687530517578125 153.318756103515625 155.3000030517578125 151.6812591552734375 148.475006103515625 148.1687469482421875 146.125 144.90625 145.3625030517578125 143.537506103515625 136.6374969482421875 129.6999969482421875 124.93125152587890625 120.0500030517578125 110.4812469482421875 111.96250152587890625 107.72499847412109375 111.16249847412109375 112.06874847412109375 116.625 131.7937469482421875 145.0124969482421875 148.7375030517578125 148.8249969482421875 147.318756103515625 148.368743896484375 143.600006103515625 149.2312469482421875 152.3562469482421875 149.662506103515625 146.181243896484375 145.9499969482421875 151.8937530517578125 152.9187469482421875 160.149993896484375 169.8562469482421875 177.78125 175.8312530517578125 170.743743896484375 161.962493896484375 153.162506103515625 151.28125 154.1875
138.256256103515625 147.3625030517578125 151.8125 152.5 149.0625 144.1999969482421875 136.350006103515625 133.256256103515625 137.149993896484375 137.181243896484375 135.2062530517578125 133.087493896484375 132.412506103515625 129.9499969482421875 124.63124847412109375 118.09999847412109375 111.6750030517578125 109.2062530517578125 111.5437469482421875 115.6875 126.29375457763671875 134.162506103515625 140.7375030517578125 145.618743896484375 152.537506103515625 151.28125 146.243743896484375 144.6437530517578125 146.712493896484375 141.8937530517578125 138.375 138.0437469482421875 136.0500030517578125 136.4562530517578125 143.2062530517578125 145.537506103515625 150.3937530517578125 158.912506103515625 164.0187530517578125 163.96875 157.3249969482421875 151.7375030517578125 149.0812530517578125 148.443756103515625
126.4812469482421875 136.7687530517578125 145.712493896484375 143.162506103515625 138.4875030517578125 134.350006103515625 133.75 130.662506103515625 128.568756103515625 126.03125 129.7375030517578125 133.65625 131.243743896484375 131.524993896484375 123.53749847412109375 118.0437469482421875 113.6062469482421875 115.4187469482421875 116.93125152587890625 119.4499969482421875 128.256256103515625 139.15625 143.8249969482421875 153.756256103515625 154.3937530517578125 150.40625 151.1750030517578125 141.087493896484375 136.9562530517578125 134.3562469482421875 130.337493896484375 128.868743896484375 128.931243896484375 126.90625 131.5124969482421875 132.4812469482421875 139.46875 147.6437530517578125 150.8625030517578125 150.962493896484375 148.4375 146.2624969482421875 145.225006103515625 146.2624969482421875
113.97499847412109375 125.6062469482421875 132.4875030517578125 135.712493896484375 133.59375 130.03125 127.96250152587890625 127.4499969482421875 124.90000152587890625 126.50624847412109375 126.5 127.28125 129.568756103515625 125.6374969482421875 119.0124969482421875 114.9250030517578125 113.2937469482421875 113.21250152587890625 116.59999847412109375 122.2624969482421875 130.375 137.662506103515625 148.9375 156.024993896484375 151.6062469482421875 147.75 142.96875 136.71875 130.9250030517578125 128.2375030517578125 120.375 115.44374847412109375 115.2312469482421875 117.5437469482421875 120.08750152587890625 123.94374847412109375 129.412506103515625 133.9375 140.1374969482421875 142.100006103515625 141.381256103515625 141.931243896484375 143.625 141.15625
106.75 119.96250152587890625 120.58124542236328125 123.90000152587890625 121.8562469482421875 120.6062469482421875 118.44374847412109375 118.99375152587890625 114.40000152587890625 112.96875 117.59375 119.1125030517578125 121.36875152587890625 120 116.9875030517578125 111.38124847412109375 110.5500030517578125 113.9250030517578125 118.02500152587890625 120.18125152587890625 128.6062469482421875 137.006256103515625 146.068756103515625 150.4375 150.1875 143.8812408447265625 138.5187530517578125 132.274993896484375 123.40625 118.72499847412109375 111.02500152587890625 105.8000030517578125 105.55625152587890625 106.6875 108.6875 115.44374847412109375 121.21250152587890625 123.6875 127.03749847412109375 132.787506103515625 133.1500091552734375 127.18125152587890625 128.46875 131.4499969482421875
97.3562469482421875 102.55625152587890625 107.59999847412109375 109.96250152587890625 109.0749969482421875 109.3562469482421875 108.65625 104.84375 103.4812469482421875 108.3125 113.49375152587890625 115.1374969482421875 115.3937530517578125 116.15625 115.125 113.5749969482421875 111.0187530517578125 110.5625 115.5437469482421875 117.8562469482421875 123.03749847412109375 131.1062469482421875 140.7375030517578125 149.90625 143.9499969482421875 138.225006103515625 133.125 124.91249847412109375 116.61875152587890625 110.5749969482421875 105.43125152587890625 97.58750152587890625 96.43125152587890625 97.9499969482421875 100.4562530517578125 105.2375030517578125 112.4375 115.03749847412109375 116.58750152587890625 123.3625030517578125 126.88124847412109375 124.03125 121.1437530517578125 121.72499847412109375
89.1374969482421875 89.8562469482421875 93.6750030517578125 94.18125152587890625 94.3562469482421875 96.9250030517578125 97.96875 96.34999847412109375 97.36875152587890625 102.47499847412109375 105.78125 108.71875 109.15000152587890625 109.47499847412109375 108.66249847412109375 107.74375152587890625 106.24375152587890625 108.53125 109.28749847412109375 113.7375030517578125 119.75624847412109375 124.09375 134.399993896484375 138.03125 135.2375030517578125 129.1999969482421875 124.15625 116.41249847412109375 111.81874847412109375 107.5749969482421875 101.1062469482421875 95.3249969482421875 92.65625 90.3625030517578125 94.84999847412109375 98.8625030517578125 105.40625 107.3312530517578125 111.0812530517578125 116.34375 120.25624847412109375 121.59999847412109375 113.80625152587890625 116.4562530517578125
79.56874847412109375 81.8249969482421875 81.20624542236328125 80.84375 82.78125 82.59375 85.1125030517578125 88.00624847412109375 91.75 94.8312530517578125 98.90000152587890625 101.4250030517578125 104.0500030517578125 105.5 105.0812530517578125 104.78125 105.15000152587890625 105.36875152587890625 108.33750152587890625 112.28125 114.6437530517578125 117.4812469482421875 122.3937530517578125 124.5500030517578125 123.2062530517578125 117.78125 116.0749969482421875 112.30625152587890625 106.8000030517578125 100.2062530517578125 93.4562530517578125 89.53749847412109375 86.5749969482421875 87.19374847412109375 88.41249847412109375 91.65625 99.00624847412109375 98.9250030517578125 103.0187530517578125 106.56874847412109375 108.53749847412109375 107.93125152587890625 106.7062530517578125 112.4499969482421875
73.15625 73.2062530517578125 73.0812530517578125 72.25 73.15000152587890625 75.4875030517578125 77.66249847412109375 82.71250152587890625 85.65625 89.71875 93.69374847412109375 97.43125152587890625 100.78125 103.0749969482421875 101.88124847412109375 100.44374847412109375 100.0749969482421875 102.75624847412109375 101.68125152587890625 101.50624847412109375 106.36875152587890625 109.25624847412109375 113.03749847412109375 114.69374847412109375 111.71875 111.13124847412109375 108.24375152587890625 103.90625 99.5749969482421875 93.0187530517578125 87.5500030517578125 83.4250030517578125 82.5 83.31874847412109375 85.69374847412109375 86.6437530517578125 94.3937530517578125 94.3125 93.21875 100.24375152587890625 101.2062530517578125 100.11875152587890625 101.8562469482421875 101.46875
68.58750152587890625 67.28749847412109375 66.3312530517578125 66.33750152587890625 67.2062530517578125 69.22499847412109375 72.71875 76.58750152587890625 79.59375 84.5437469482421875 89.18125152587890625 91.81874847412109375 96.80625152587890625 95.28749847412109375 95.7375030517578125 98.1374969482421875 98.8937530517578125 98.125 97.4875030517578125 98.2312469482421875 100.09999847412109375 100.4562530517578125 103.39374542236328125 105.28749847412109375 103.56874847412109375 103.3125 99.9812469482421875 96.78749847412109375 92.38124847412109375 87.2062530517578125 85.03125 81.5500030517578125 79.46250152587890625 78.30625152587890625 79.8562469482421875 81 86.4562530517578125 88.30625152587890625 87.4562530517578125 86.8312530517578125 89.93125152587890625 89.2624969482421875 90.1687469482421875 91.05625152587890625
63.924999237060546875 62.456249237060546875 60.831249237060546875 61.643749237060546875 64.00624847412109375 65.9250030517578125 68.48125457763671875 71.53125 75.28125 78.5625 81.2624969482421875 84.93125152587890625 87.06874847412109375 90.125 92.5187530517578125 93.75 91.9187469482421875 91.0749969482421875 91.16249847412109375 92.1437530517578125 93.05625152587890625 94.1437530517578125 93.90625 94.5187530517578125 95.36875152587890625 94.11875152587890625 92.47499847412109375 89.91249847412109375 85.91249847412109375 85.1999969482421875 81.75624847412109375 78.0812530517578125 76.7312469482421875 75.00624847412109375 75.34999847412109375 75.2062530517578125 77.93125152587890625 77.46250152587890625 78.8937530517578125 79.4499969482421875 82.46875 82.38124847412109375 81.94374847412109375 82.3249969482421875
61.05625152587890625 59.825000762939453125 59.575000762939453125 60.33750152587890625 60.625 62.56874847412109375 65.0124969482421875 68.15625 70.5500030517578125 73.71875 78.98125457763671875 81.5500030517578125 84.4187469482421875 89.21250152587890625 91.74375152587890625 90.05625152587890625 87.8562469482421875 88.90000152587890625 88.6875 88.7375030517578125 87.2312469482421875 86.75624847412109375 87.58750152587890625 88.2687530517578125 87.80625152587890625 87.2375030517578125 85.3562469482421875 82.78125 80.7062530517578125 80.1999969482421875 78.16249847412109375 73.6374969482421875 72.6687469482421875 72.78749847412109375 71.7624969482421875 71.1687469482421875 70.96250152587890625 70.25624847412109375 71.1437530517578125 74.28749847412109375 76.4375 75.6374969482421875 73.5625 72.84375
58.25 58.06874847412109375 59.21250152587890625 59.299999237060546875 58.99375152587890625 60.15625 62.88124847412109375 64.25 66.09999847412109375 68.50624847412109375 73.625 78.68125152587890625 82.15000152587890625 84.6875 85.78125 86.91249847412109375 87.15625 85.8937530517578125 83.4875030517578125 83.28125 82.75 81.47499847412109375 82.94374847412109375 81.55625152587890625 81.80625152587890625 79.80625152587890625 79.68125152587890625 77.7375030517578125 77.3125 76.2375030517578125 75.2687530517578125 72.99375152587890625 69.0437469482421875 67.6750030517578125 67.75 67.03749847412109375 65.99375152587890625 64.77500152587890625 65.50624847412109375 66.8000030517578125 66.69374847412109375 67.3562469482421875 66.4875030517578125 62.375
56.893749237060546875 55.6875 57.481250762939453125 58.80625152587890625 58.418750762939453125 57.674999237060546875 58.362499237060546875 60.28749847412109375 62.27500152587890625 64.4875030517578125 71.25624847412109375 77.0437469482421875 81.2624969482421875 86.9250030517578125 88 86.78749847412109375 84.74375152587890625 81.0749969482421875 78.4375 75.125 77.03125 74.7687530517578125 74.5124969482421875 73.56874847412109375 75.8937530517578125 75.1875 74.3249969482421875 71.93125152587890625 71.0625 69.99375152587890625 69.9375 69.09999847412109375 64.78125 62.99375152587890625 61.50624847412109375 61.50624847412109375 59.268749237060546875 60.77500152587890625 59.34375 60.012500762939453125 59.52500152587890625 58.237499237060546875 57.956249237060546875 55.66249847412109375
56.487499237060546875 55.16249847412109375 56.012500762939453125 57.237499237060546875 57.50624847412109375 57.24375152587890625 57.61875152587890625 58.00624847412109375 58.93125152587890625 60.68125152587890625 65 74.1374969482421875 80.8625030517578125 85.19374847412109375 86.49375152587890625 85.55625152587890625 82.58750152587890625 76.9812469482421875 73.3625030517578125 69.25 68.78749847412109375 69.8125 68.6999969482421875 67.90625 69.6999969482421875 69.1125030517578125 68.28125 66.5187530517578125 66.78125 65.41249847412109375 64.0437469482421875 63.44374847412109375 60.81874847412109375 58.1875 55.5 55.46875 56.08750152587890625 54.793750762939453125 54.356250762939453125 55.15000152587890625 54.606250762939453125 52.625 51.75 51.231250762939453125
54.41249847412109375 55.25 54.631252288818359375 55.887500762939453125 57 56.737499237060546875 56.643749237060546875 57.65625 57.94374847412109375 56.52500152587890625 62.943752288818359375 74.33750152587890625 81.65000152587890625 83.7375030517578125 84.72499847412109375 83.38124847412109375 80.8937530517578125 76.06874847412109375 71.6437530517578125 65.36875152587890625 63.5 64.96875 63.700000762939453125 63.543750762939453125 63.237499237060546875 63.043750762939453125 64.0749969482421875 62.5625 61.231250762939453125 59.00624847412109375 59.5 57.637500762939453125 56.012500762939453125 54.25 51.59375 51.25624847412109375 51.731250762939453125 51.9375 50.27500152587890625 49.28749847412109375 48.487499237060546875 48.075000762939453125 45.91249847412109375 48.36875152587890625
52.40000152587890625 53.43125152587890625 54.081249237060546875 55.90000152587890625 56.375 56.581249237060546875 57.268749237060546875 57.987499237060546875 59.06874847412109375 57.174999237060546875 67.6687469482421875 78.15000152587890625 81.9875030517578125 84.3625030517578125 82.625 80.75 77.71250152587890625 73.7937469482421875 70.13124847412109375 65.0625 61.731250762939453125 60.987499237060546875 58.737499237060546875 58.8125 58.05625152587890625 59.15000152587890625 59.987499237060546875 58.49375152587890625 57.125 54.362499237060546875 53.268749237060546875 53.65625 52.53125 49.88124847412109375 47.625 47.518749237060546875 47.43125152587890625 46.762500762939453125 47.9375 46 44.46875 44.46875 41.80625152587890625 41.106250762939453125
50.862499237060546875 50.981250762939453125 52.200000762939453125 53.78125 55.03749847412109375 56.97499847412109375 57.65625 59.731250762939453125 62.83750152587890625 71.1875 84.36875152587890625 85.63124847412109375 82.9187469482421875 81.59375 79.34999847412109375 76.15625 74.28125 70.52500152587890625 66.7937469482421875 63.33750152587890625 59.24375152587890625 57.15000152587890625 55.143749237060546875 54.6437530517578125 54.4375 56.00624847412109375 55.674999237060546875 53.91249847412109375 52.72499847412109375 51.706249237060546875 51.1875 50.08750152587890625 48.38124847412109375 47.05625152587890625 46.74375152587890625 45.200000762939453125 44.91249847412109375 44 42.36875152587890625 40.90000152587890625 41.28749847412109375 41.53125 40.143749237060546875 39.456249237060546875
47.90625 49.018749237060546875 50.793750762939453125 51.65000152587890625 54.612499237060546875 57.5 57.71875 62.15625 66.88124847412109375 74.4875030517578125 79.84999847412109375 83.0625 81.5 79.66249847412109375 77.5437469482421875 75.90625 72.1999969482421875 68.0124969482421875 63.69374847412109375 60.606250762939453125 57 54.862499237060546875 51.112499237060546875 51.15625 49.912502288818359375 50.03125 50.77500152587890625 49.6875 48.487499237060546875 47.018749237060546875 46.09999847412109375 46 43.90625 44.06874847412109375 42.27500152587890625 41.59999847412109375 41.081249237060546875 41.19374847412109375 39.80625152587890625 38.625 39.36875152587890625 39.13124847412109375 37.03749847412109375 35.84999847412109375
