data/historical-monthly-weather-data/wc2.1_cruts4.09_10m_prec_2000-10.asc
ncols        51
nrows        45
xllcorner    -63.500000000000
yllcorner    -7.500000000000
cellsize     0.166666666667
NODATA_value -9999
[rows 0 to 18 of 45, columns 0 to 43 of 51]
168.03125 170.0812530517578125 168.4562530517578125 169.125 168.212493896484375 164.4187469482421875 158.1062469482421875 152.006256103515625 145.6437530517578125 140.8249969482421875 137.899993896484375 134.381256103515625 130.2312469482421875 124.68125152587890625 120.375 116.22499847412109375 112.2624969482421875 108.11875152587890625 104.9562530517578125 101.78125 98.90000152587890625 95.6750030517578125 93.02500152587890625 91.59375 90.61875152587890625 90.25 91.15000152587890625 92.5500030517578125 94.30625152587890625 95.4499969482421875 96.84375 98.5437469482421875 101.4499969482421875 104.90000152587890625 108.875 112.6750030517578125 116.4562530517578125 119.9875030517578125 122.11875152587890625 123.8562469482421875 125.41249847412109375 126.14374542236328125 125.63124847412109375 124.13124847412109375
163.5749969482421875 166.2312469482421875 168.0625 172.274993896484375 176.1437530517578125 171.4187469482421875 165.318756103515625 160.5437469482421875 155.506256103515625 150.1750030517578125 145.225006103515625 139.59375 133.631256103515625 127.36875152587890625 122.06874847412109375 117.4499969482421875 112.24375152587890625 108.46875 105.40000152587890625 102.6687469482421875 99.46875 96.56874847412109375 94.0500030517578125 92.80625152587890625 91.8312530517578125 90.94374847412109375 92.3249969482421875 93.9375 95.4875030517578125 96.2312469482421875 98.3312530517578125 101.1374969482421875 105.3000030517578125 110.4499969482421875 115.1999969482421875 119.6750030517578125 124.99375152587890625 129.5437469482421875 132.3249969482421875 134.287506103515625 136.3937530517578125 137.40625 137.087493896484375 135.475006103515625
153.7937469482421875 157.0812530517578125 159.0812530517578125 163.943756103515625 168.412506103515625 166.4812469482421875 164.1999969482421875 162.9562530517578125 160.1687469482421875 155.4812469482421875 149.443756103515625 142.2624969482421875 135.068756103515625 127.7687530517578125 121.9375 116.75624847412109375 111.8625030517578125 107.9812469482421875 104.61875152587890625 101.6374969482421875 98.3625030517578125 95.8625030517578125 93.3874969482421875 92.07500457763671875 91.1125030517578125 90.6374969482421875 92.0500030517578125 93.89374542236328125 94.92499542236328125 96.41249847412109375 99.15000152587890625 101.9250030517578125 106.65000152587890625 112.61875152587890625 118.4875030517578125 124.0625 130.0812530517578125 136.2624969482421875 140.3249969482421875 143.3249969482421875 146.318756103515625 147.5500030517578125 147.5374908447265625 146.806243896484375
142.4875030517578125 145.2687530517578125 148.556243896484375 151.524993896484375 155.9562530517578125 156.9250030517578125 158.9375 161.618743896484375 162.662506103515625 159.5812530517578125 152.1374969482421875 143.15625 134.556243896484375 126.78125 121.375 115.90000152587890625 110.84375 107.1374969482421875 103.7624969482421875 100.78125 97.625 94.46875 91.44374847412109375 90.49375152587890625 89.59999847412109375 89.0625 90.65625 92.3874969482421875 93.80625152587890625 95.5812530517578125 98.5500030517578125 102.125 106.72499847412109375 112.58750152587890625 118.53749847412109375 126.36249542236328125 134.256256103515625 141.8249969482421875 147.506256103515625 152.0187530517578125 155.100006103515625 156.9875030517578125 157.556243896484375 157.75
137.850006103515625 137.056243896484375 136.21875 138.2375030517578125 143.15625 146.850006103515625 151.287506103515625 156.6750030517578125 162.1374969482421875 162.9499969482421875 153.1750030517578125 141.3874969482421875 132.443756103515625 125.3000030517578125 119.7624969482421875 114.27500152587890625 109.625 105.21875 101.43125152587890625 98.2375030517578125 95.55625152587890625 92.2062530517578125 89.15625 88.49375152587890625 87.78749847412109375 87.41249847412109375 88.6374969482421875 90.90000152587890625 93.01874542236328125 94.4250030517578125 97.40625 100.97499847412109375 106.40625 112.6125030517578125 119.66249847412109375 128.056243896484375 137.3125 146.881256103515625 153.53125 159.2624969482421875 163.3874969482421875 164.9187469482421875 166.568756103515625 167.287506103515625
133.0749969482421875 131.9562530517578125 128.1875 125.93125152587890625 131.46875 137.212493896484375 141.8874969482421875 147.087493896484375 152.868743896484375 156.4250030517578125 145.8312530517578125 134.993743896484375 127.91249847412109375 121.7624969482421875 116.77500152587890625 112.6125030517578125 108.03749847412109375 103.375 99.4875030517578125 95.90625 93.40000152587890625 90.65625 88.13124847412109375 87.03749847412109375 86.4562530517578125 86.09375 87.1875 88.84999847412109375 91.24375152587890625 92.625 95.5124969482421875 99.7687530517578125 104.9499969482421875 111.41249847412109375 118.6875 127.91249847412109375 137.9375 149.1125030517578125 158.4250030517578125 164.3125 167.0187530517578125 169.2624969482421875 170.975006103515625 173.181243896484375
131.149993896484375 129.337493896484375 125.22499847412109375 121.94374847412109375 124.65000152587890625 127.6875 130.462493896484375 132.475006103515625 133.5812530517578125 132.475006103515625 129.2312469482421875 124.8562469482421875 121.1125030517578125 117.3312530517578125 113.49375152587890625 110.2624969482421875 106.5437469482421875 101.34375 96.68125152587890625 93.1374969482421875 91.2312469482421875 89.125 86.84375 86.03125 85.55625152587890625 85.125 86.30625152587890625 87.5500030517578125 89.00624847412109375 90.90625 93.8125 97.5437469482421875 102.6374969482421875 109.28125 116.8937530517578125 125.84375 136.28125 148.03125 160.1999969482421875 165.131256103515625 167.8312530517578125 168.8937530517578125 171.3625030517578125 175.100006103515625
130.225006103515625 127.4812469482421875 124.53125 123 123.0124969482421875 123.30625152587890625 121.43125152587890625 117.41249847412109375 112 110.1999969482421875 112.6062469482421875 113.6125030517578125 113.75624847412109375 112.375 110.46250152587890625 107.90000152587890625 104.75 99.3937530517578125 94.4375 90.90625 89.52500152587890625 87.7687530517578125 85.8874969482421875 85.34999847412109375 84.8562469482421875 84.0749969482421875 84.8000030517578125 85.36875152587890625 86.38124847412109375 87.6374969482421875 90.6437530517578125 94.61875152587890625 99.90000152587890625 106.53125 113.58750152587890625 122.21250152587890625 131.34375 142.0437469482421875 151.6062469482421875 157.649993896484375 160.899993896484375 161.524993896484375 162.9250030517578125 165.6374969482421875
130.4562530517578125 128.3937530517578125 126.50624847412109375 124.78125 123.9875030517578125 122.1062469482421875 118.3312530517578125 111.1875 101.4375 97.2375030517578125 102.4499969482421875 106.40000152587890625 108.8874969482421875 108.91249847412109375 107.59999847412109375 105.5625 102.6750030517578125 98.5625 94.71250152587890625 91.13124847412109375 89.74375152587890625 88.40625 86.05625152587890625 85.80625152587890625 84.6750030517578125 83.2312469482421875 83.0500030517578125 84.09999847412109375 84.97499847412109375 85.74375152587890625 88.61875152587890625 92.2687530517578125 96.7624969482421875 102.3562469482421875 108.3249969482421875 116.5500030517578125 125.1437530517578125 133.368743896484375 140.337493896484375 145.8625030517578125 148.7687530517578125 148.0749969482421875 148.7375030517578125 148.5625
131.2375030517578125 129.337493896484375 127.38124847412109375 126.3000030517578125 125.7312469482421875 123.33124542236328125 118.8000030517578125 111.3625030517578125 103.31874847412109375 99.375 100.6687469482421875 103.1374969482421875 105.94374847412109375 106.84999847412109375 105.6125030517578125 103.6374969482421875 100.78125 97.8874969482421875 95.0124969482421875 92.72499847412109375 91.2375030517578125 89.59375 86.90625 85.6437530517578125 83.46250152587890625 81.65625 81.7937469482421875 82.1750030517578125 83.0749969482421875 83.9499969482421875 85.8937530517578125 89.25 93.2937469482421875 98.44374847412109375 104.15625 111.3562469482421875 118.3562469482421875 124.81874847412109375 130.587493896484375 134.181243896484375 136.0437469482421875 134.3937530517578125 132.3312530517578125 130.3312530517578125
132.1750030517578125 130.15625 128.0749969482421875 127.02500152587890625 126.5812530517578125 126.0812530517578125 122.22499847412109375 114.3625030517578125 107.28749847412109375 103.3312530517578125 102.40625 103.28125 104.46875 105.5749969482421875 104.0437469482421875 101.4812469482421875 98.8874969482421875 96.9250030517578125 95.18125152587890625 93.9562530517578125 93.6875 91.48125457763671875 88.03125 84.8874969482421875 82.91249847412109375 81.49375152587890625 81.71875 82.0812530517578125 82.1374969482421875 82.93125152587890625 84.72499847412109375 87.5187530517578125 91.22499847412109375 95.625 100.15000152587890625 105.94374847412109375 111.65000152587890625 116.0500030517578125 120.41249847412109375 122.81874847412109375 123.41249847412109375 120.94374847412109375 118.5625 114.5124969482421875
133.3000030517578125 131.0749969482421875 129.1687469482421875 128.5500030517578125 128.475006103515625 128.5437469482421875 126.0500030517578125 117.65625 111.27500152587890625 106.84375 104.5812530517578125 104.1437530517578125 103.75 103.90625 102.55625152587890625 99.8625030517578125 97.4875030517578125 95.96875 94.8562469482421875 94.8125 96.1687469482421875 93.90000152587890625 89.71875 85.875 82.77500152587890625 80.41249847412109375 80.1750030517578125 81.15625 81.96250152587890625 83.03749847412109375 84.1062469482421875 86.31874847412109375 89.11875152587890625 92.7937469482421875 96.77500152587890625 101.3125 105.41249847412109375 108.96875 111.55625152587890625 113 111.7375030517578125 108.6374969482421875 105.6062469482421875 102.03125
133.712493896484375 131.625 129.756256103515625 128.6062469482421875 128.243743896484375 127.44374847412109375 123.8000030517578125 118.0500030517578125 112.8000030517578125 109.44374847412109375 107 104.9187469482421875 103.5124969482421875 101.6125030517578125 99.96250152587890625 97.93125152587890625 95.3312530517578125 94.4499969482421875 93.88124847412109375 93.8312530517578125 96.4250030517578125 94.8312530517578125 90.49375152587890625 86.63124847412109375 80.97499847412109375 77.9812469482421875 79.78749847412109375 80.9812469482421875 82.3625030517578125 83.2375030517578125 83.91249847412109375 84.99375152587890625 87.46250152587890625 90.0437469482421875 93.2937469482421875 97.15000152587890625 100.2937469482421875 103.46250152587890625 105.84999847412109375 104.875 102.9812469482421875 100.5500030517578125 96.6374969482421875 88.15625
132.975006103515625 130.7375030517578125 128.90625 127.4499969482421875 126.1999969482421875 124.6437530517578125 121.24375152587890625 117.28749847412109375 113.6875 110.46250152587890625 107.80625152587890625 104.7312469482421875 102.03749847412109375 99.625 96.78125 94.8249969482421875 92.1687469482421875 91.1999969482421875 90.46875 90.25624847412109375 92.33750152587890625 91.69374847412109375 89.56874847412109375 87.07500457763671875 83.19374847412109375 80.78749847412109375 81.7375030517578125 82.44374847412109375 83.19374847412109375 83.00624847412109375 82.8625030517578125 83.65000152587890625 85.4499969482421875 87.6125030517578125 90.3937530517578125 93.96875 97.03749847412109375 100.46875 102.8937530517578125 102.66249847412109375 99 93.4562530517578125 89.0500030517578125 84.0124969482421875
130.662506103515625 128.8249969482421875 126.55625152587890625 125.0812530517578125 123.625 121.6875 119.59999847412109375 116.5437469482421875 112.9812469482421875 110.08750152587890625 107.46250152587890625 103.65625 100.0812530517578125 97.0500030517578125 93.75624847412109375 91.5500030517578125 88.52500152587890625 86.875 85.5749969482421875 85.41249847412109375 87.75 88.94374847412109375 89.31874847412109375 89.84999847412109375 89.1875 87.69374847412109375 86.9187469482421875 85.93125152587890625 85.02500152587890625 83.40000152587890625 82.18125152587890625 82.1125030517578125 83.625 86.15625 88.8312530517578125 91.96250152587890625 95.9187469482421875 101.59999847412109375 107.0187530517578125 106.6999969482421875 101.75 95.58750152587890625 91.3000030517578125 86.91249847412109375
127.21250152587890625 125.3874969482421875 123.50624847412109375 122.1687469482421875 120.7312469482421875 119.33750152587890625 117.4187469482421875 114.68125152587890625 111.7375030517578125 109.16249847412109375 105.96250152587890625 101.0187530517578125 96.8562469482421875 93.4375 90.4499969482421875 87.53749847412109375 83.63124847412109375 81.7062530517578125 80.2687530517578125 79.86875152587890625 82.4499969482421875 85.6750030517578125 89.0500030517578125 93.38124847412109375 95.09999847412109375 94.1062469482421875 92.55625152587890625 90.1750030517578125 87.41249847412109375 83.88124847412109375 81.5437469482421875 80.2312469482421875 81.19374847412109375 83.56874847412109375 85.53749847412109375 87.9562530517578125 94.3125 101.46250152587890625 109.8562469482421875 111.58750152587890625 109.24375152587890625 102.81874847412109375 96.625 90.43125152587890625
122.2687530517578125 120.97499847412109375 120.05625152587890625 119.28749847412109375 117.9562530517578125 116.7312469482421875 115.16249847412109375 112.8625030517578125 110.2062530517578125 107.09999847412109375 103.5500030517578125 97.96875 92.71250152587890625 88.41249847412109375 85.0437469482421875 81.66249847412109375 77.1437530517578125 75.0500030517578125 73.86875152587890625 73.80625152587890625 76.96250152587890625 81.6374969482421875 87.8125 95.6875 100.66249847412109375 98.69374847412109375 96.75 92.69374847412109375 88.15000152587890625 83.53749847412109375 80.69374847412109375 79.74375152587890625 78.8000030517578125 78.77500152587890625 79.72499847412109375 84.50624847412109375 92.09999847412109375 105 120.19374847412109375 120.90625 118.0124969482421875 110.5437469482421875 101.88124847412109375 95.30625152587890625
116.03125 115.4812469482421875 115.3249969482421875 114.8125 113.8937530517578125 113.0749969482421875 111.6687469482421875 109.3125 106.75 103.9499969482421875 100.53125 94.21875 88.25 82.9250030517578125 78.8874969482421875 74.8249969482421875 70.38124847412109375 67.9187469482421875 66.99375152587890625 66.8312530517578125 70.68125152587890625 76.2687530517578125 83.625 92.75 99.1437530517578125 99.59999847412109375 99.24375152587890625 94.5500030517578125 88.4812469482421875 82.2624969482421875 78.5124969482421875 77.15000152587890625 78.03125 79.58750152587890625 78.4250030517578125 77.6875 89.8312530517578125 105.3625030517578125 118.3937530517578125 123.8562469482421875 122.25 115.7375030517578125 107.53125 100.9499969482421875
108.93125152587890625 109.7624969482421875 110.2312469482421875 110.3562469482421875 110.06874847412109375 109.15625 107.6374969482421875 105.52500152587890625 103.69374847412109375 100.7375030517578125 96.625 90.14374542236328125 83.3562469482421875 77.24375152587890625 72.7687530517578125 68.94374847412109375 64.6687469482421875 61.84375 60.72499847412109375 60.293750762939453125 64.50624847412109375 71.6750030517578125 78.09999847412109375 86.9875030517578125 93.8625030517578125 97.65000152587890625 97.83750152587890625 94.25624847412109375 89.13124847412109375 81.71875 76.18125152587890625 77.47499847412109375 82.59375 83.8312530517578125 83.40000152587890625 84.7624969482421875 93.7375030517578125 105.28749847412109375 116.05625152587890625 122.6062469482421875 123.7687530517578125 121.53125 113.3937530517578125 106.90000152587890625
