data/historical-monthly-weather-data/wc2.1_cruts4.09_10m_prec_2009-08.asc
ncols        45
nrows        45
xllcorner    -63.500000000000
yllcorner    -7.500000000000
cellsize     0.166666666667
NODATA_value -9999
[rows 0 to 18 of 45, columns 0 to 43 of 45]
260.337493896484375 267.493743896484375 266.287506103515625 270.58123779296875 275.40625 276.54998779296875 268.774993896484375 263.58123779296875 255.649993896484375 244.431243896484375 226.712493896484375 213.8000030517578125 203.96875 190.8562469482421875 181.375 168.8312530517578125 159.6687469482421875 152.068756103515625 144.8125 141.375 136.28125 129.4499969482421875 123.34375 118.91249847412109375 113.69374847412109375 109.33750152587890625 110.1374969482421875 112.6687469482421875 109.34999847412109375 105.6687469482421875 98.03749847412109375 94 90.3125 84.875 80.9562530517578125 79.27500152587890625 76.94374847412109375 75.84375 76.4250030517578125 76.47499847412109375 77.1437530517578125 79.875 81.02500152587890625 82.18125152587890625
249.6062469482421875 256.28125 263.5625 271.66876220703125 281.45001220703125 280.86248779296875 269.25 262.943756103515625 255.2312469482421875 243.1062469482421875 226.818756103515625 214.8937530517578125 200.0124969482421875 184.5124969482421875 173.1374969482421875 163.7687530517578125 152.631256103515625 145.59375 140.181243896484375 136.34375 131.037506103515625 124.1687469482421875 118.15625 114.2687530517578125 108.4562530517578125 102.81874847412109375 104.7624969482421875 105.40000152587890625 102 96.22499847412109375 90.19374847412109375 84.6374969482421875 80.7687530517578125 77.40625 73.41249847412109375 71.2937469482421875 68.0437469482421875 68.0812530517578125 67.88124847412109375 67.8625030517578125 69.9875030517578125 71.65000152587890625 73.97499847412109375 76.03749847412109375
225.8874969482421875 235.725006103515625 244.756256103515625 255.462493896484375 264.993743896484375 264.006256103515625 257.45623779296875 251.125 241.162506103515625 229.056243896484375 217.1062469482421875 205.556243896484375 190.8312530517578125 173.9875030517578125 162.5749969482421875 152.9187469482421875 143.4875030517578125 135.931243896484375 129.787506103515625 123.52500152587890625 118.8562469482421875 113.69374847412109375 107.47499847412109375 103.8562469482421875 96.8562469482421875 92.2312469482421875 94.78125 94.1999969482421875 91.375 86.6687469482421875 79.9499969482421875 74.78749847412109375 71.40625 68.7687530517578125 64.49375152587890625 61.206249237060546875 59.387500762939453125 59.268749237060546875 58.90000152587890625 59.90625 62.69374847412109375 64.90000152587890625 68.15625 69.91249847412109375
203.350006103515625 209.40625 220.8125 232.0437469482421875 238.5749969482421875 238.1062469482421875 235.7312469482421875 232.024993896484375 227.337493896484375 216.6374969482421875 203.2687530517578125 190.368743896484375 177.725006103515625 162.4562530517578125 151.649993896484375 141.9812469482421875 133.8312530517578125 126.5187530517578125 119.9187469482421875 116.125 109.78749847412109375 102.5500030517578125 95.53749847412109375 91.6687469482421875 85.44374847412109375 80.6125030517578125 82.4250030517578125 80.6374969482421875 79.06874847412109375 75.21875 69.8000030517578125 64.4250030517578125 60.33750152587890625 57.043750762939453125 53.78749847412109375 52.00624847412109375 51.831249237060546875 51.15625 50.44374847412109375 52.38124847412109375 54.331249237060546875 57.893749237060546875 60.97499847412109375 63.975002288818359375
200.96875 200.756256103515625 198.5625 204.462493896484375 213.6937408447265625 213.4250030517578125 211.09375 213.375 212.5625 203.475006103515625 189.5187530517578125 176.46875 164.5749969482421875 152.0812530517578125 141.3312530517578125 132.8312530517578125 124.125 115.7624969482421875 108.8000030517578125 105.13124847412109375 100.5500030517578125 91.5187530517578125 84.6374969482421875 81.5 74.3562469482421875 69.0500030517578125 69.1687469482421875 70.1374969482421875 69.08124542236328125 64.15000152587890625 60.700000762939453125 55.47499847412109375 52.28125 49.55625152587890625 46.58750152587890625 44.47499847412109375 43.575000762939453125 43.16249847412109375 42.768749237060546875 43.887500762939453125 47.00624847412109375 50.262500762939453125 54.43125152587890625 57.512500762939453125
192.212493896484375 191.243743896484375 186.34375 179.662506103515625 186.3562469482421875 193.875 193.556243896484375 192.256256103515625 192.462493896484375 184.693756103515625 169.90625 158.787506103515625 149.9187469482421875 139.9499969482421875 130.287506103515625 123.0124969482421875 113.99375152587890625 104.6374969482421875 98.7375030517578125 94.4499969482421875 89.52500152587890625 82.46250152587890625 75.90000152587890625 69.78749847412109375 64.5 59.94374847412109375 60.112499237060546875 60.59999847412109375 60.38124847412109375 55.625 52.43125152587890625 49.08750152587890625 45.456249237060546875 43.043750762939453125 39.774997711181640625 38.78749847412109375 37.543750762939453125 36.418750762939453125 36.793750762939453125 38.575000762939453125 40.4375 43.8125 47.71250152587890625 51.84375
184.681243896484375 185.0500030517578125 180.40625 174.7937469482421875 173.84375 172.4187469482421875 170.600006103515625 168.4499969482421875 161.2312469482421875 155.7375030517578125 147.3499908447265625 140.3937530517578125 135.568756103515625 127.9812469482421875 121 114.3312530517578125 106.0625 97.28125 89.8312530517578125 85.66249847412109375 79.7687530517578125 73.4250030517578125 67.00624847412109375 61.46875 55.96875 51.893749237060546875 51.90000152587890625 52.05625152587890625 50.90625 48.28125 45.112499237060546875 41.80625152587890625 39.325000762939453125 36.99375152587890625 34.31874847412109375 33.02500152587890625 31.581249237060546875 30.787500381469726562 31.5625 33.22499847412109375 34.83750152587890625 37.74375152587890625 41.625 46.0625
178.600006103515625 176.5625 174.9375 171.21875 171.0124969482421875 168.2624969482421875 157.506256103515625 142.131256103515625 131.4499969482421875 127.8000030517578125 127.6062469482421875 124.1999969482421875 120.83750152587890625 116.03749847412109375 111.1062469482421875 105.15000152587890625 98.65625 89.9812469482421875 81.91249847412109375 76.40000152587890625 71.33750152587890625 65.2687530517578125 58.237499237060546875 52.65000152587890625 48.231250762939453125 43.72499847412109375 43.49375152587890625 44.00624847412109375 43.59999847412109375 40.518749237060546875 38.700000762939453125 35.918750762939453125 33.21250152587890625 31.34375 28.543750762939453125 27.268749237060546875 26.137500762939453125 25.306249618530273438 25.706249237060546875 26.806249618530273438 28.481250762939453125 31.206249237060546875 34.40000152587890625 37.84999847412109375
173.84375 171.9375 171.1125030517578125 165.9250030517578125 163.5749969482421875 157.9812469482421875 149 136.381256103515625 120.78749847412109375 111.83750152587890625 110.97499847412109375 109.4812469482421875 110.3874969482421875 106.88124847412109375 101.97499847412109375 96.25 91.53749847412109375 83.9812469482421875 77.9812469482421875 70.6125030517578125 64.4812469482421875 58.6875 51.52500152587890625 47.49375152587890625 42.799999237060546875 37.918750762939453125 37.06874847412109375 38.200000762939453125 38.13124847412109375 35.674999237060546875 34.268749237060546875 31.368749618530273438 28.512500762939453125 25.993749618530273438 23.881250381469726562 23.318750381469726562 22.618749618530273438 22.049999237060546875 22.193750381469726562 23.056249618530273438 24.21875 25.899999618530273438 27.96875 30.299999237060546875
167.8312530517578125 166.0749969482421875 163.6687469482421875 160.462493896484375 157.5812530517578125 151.524993896484375 145.4250030517578125 133.15625 119.83750152587890625 112.83750152587890625 107.7624969482421875 102.78749847412109375 103.00624847412109375 100.66249847412109375 94.43125152587890625 89.05625152587890625 83.30625152587890625 77.8249969482421875 72.05625152587890625 65.91249847412109375 59.5 52.31874847412109375 45.143749237060546875 41.168750762939453125 36.5 32.09999847412109375 31.649999618530273438 32.424999237060546875 32.08750152587890625 30.206249237060546875 28.443750381469726562 26.487499237060546875 24.700000762939453125 22.850000381469726562 21.237499237060546875 20.587499618530273438 19.768749237060546875 19.106250762939453125 19.462499618530273438 20.112499237060546875 20.825000762939453125 21.693750381469726562 22.793750762939453125 23.75
164.9875030517578125 162.556243896484375 157.875 153.7375030517578125 151.7375030517578125 148.3312530517578125 141.9562530517578125 128.5 117.2062530517578125 108.96875 104.7937469482421875 100.28125 97.40625 93.93125152587890625 86.53749847412109375 80.1875 75.03125 70.78749847412109375 65.49375152587890625 60.575000762939453125 55.6875 48.231250762939453125 40.581249237060546875 35.34999847412109375 31.756250381469726562 27.831249237060546875 27.643749237060546875 27.950000762939453125 27.149999618530273438 25.368749618530273438 24.462499618530273438 23.09375 21.931249618530273438 20.387500762939453125 18.59375 17.8125 17.056249618530273438 16.662500381469726562 16.799999237060546875 17.087499618530273438 17.393749237060546875 17.987499237060546875 18.90625 19.268749237060546875
160.65625 158.6624908447265625 153.9187469482421875 150.806243896484375 149.1374969482421875 145.875 140.7312469482421875 129.306243896484375 117.7062530517578125 108.9250030517578125 103.50624847412109375 98.2312469482421875 92.7375030517578125 86.8125 82.33750152587890625 76.0749969482421875 70.40000152587890625 65.28749847412109375 61.08750152587890625 57.34999847412109375 52.36875152587890625 44.831249237060546875 37.25624847412109375 32.53125 28.381250381469726562 23.631250381469726562 23.4375 24.037500381469726562 23.681249618530273438 22.5625 21.65625 21.100000381469726562 19.618749618530273438 18.15625 16.893749237060546875 16.481250762939453125 15.90625 15.337499618530273438 14.962499618530273438 14.699999809265136719 14.856249809265136719 15.287500381469726562 15.737500190734863281 15.28125
155.09375 151.28125 147.5812530517578125 143.024993896484375 142.3562469482421875 138.381256103515625 131 122.75624847412109375 112.6125030517578125 105.5 100.4187469482421875 95.2375030517578125 88.19374847412109375 80.05625152587890625 74.06874847412109375 69.2937469482421875 63.71250152587890625 60.06874847412109375 56.081249237060546875 51.6875 46.99375152587890625 39.90000152587890625 32.65625 27.649999618530273438 22.84375 19.162500381469726562 19.787500381469726562 20.618749618530273438 21.212499618530273438 20.556249618530273438 19.762500762939453125 19.143749237060546875 18.15625 16.381250381469726562 15.381250381469726562 15.399999618530273438 15.537500381469726562 14.943750381469726562 14.675000190734863281 13.75 12.806249618530273438 13.393750190734863281 13.506250381469726562 12.8125
148.412506103515625 142.9875030517578125 138.462493896484375 135.850006103515625 133.5437469482421875 128.556243896484375 122.1062469482421875 116.3249969482421875 107.36875152587890625 101.16249847412109375 95.31874847412109375 88.2937469482421875 81.84375 74.2624969482421875 65.43125152587890625 61.956249237060546875 57.668750762939453125 54.18125152587890625 49.112499237060546875 44.78749847412109375 40.375 33.75 27.100000381469726562 23.168750762939453125 19.5 16.737499237060546875 17.356250762939453125 18.3125 19 18.84375 18.600000381469726562 17.84375 16.818750381469726562 15.368749618530273438 14.756250381469726562 15.256250381469726562 15.556249618530273438 15.768750190734863281 15.675000190734863281 14.356249809265136719 12.087499618530273438 11.524999618530273438 12.137499809265136719 13.168749809265136719
140.9250030517578125 137.4562530517578125 132.100006103515625 128.0437469482421875 126.25624847412109375 121.43125152587890625 115.40000152587890625 108.96875 101.00624847412109375 95.47499847412109375 88.6062469482421875 82.71875 76.3312530517578125 68.34999847412109375 59.962497711181640625 54.93125152587890625 51.268749237060546875 47.5625 43.84375 40.56874847412109375 36.56874847412109375 30.768749237060546875 24.931249618530273438 21.962499618530273438 19.168750762939453125 16.881250381469726562 17.106250762939453125 17.625 17.924999237060546875 17.856250762939453125 17.575000762939453125 17.293750762939453125 16.381250381469726562 15.318750381469726562 14.506250381469726562 15.162500381469726562 16.0625 17.53125 17.962499618530273438 16.262498855590820312 14.774999618530273438 14.024999618530273438 14.493749618530273438 14.524999618530273438
131.8249969482421875 129.556243896484375 125.78125 122.0437469482421875 119.1062469482421875 115.65625 110.375 102.6750030517578125 95.84375 90.1125030517578125 83.84999847412109375 76.96875 70.0187530517578125 62.77500152587890625 55.456249237060546875 48.47499847412109375 45.03749847412109375 42.19374847412109375 39.13124847412109375 36.77500152587890625 33.143749237060546875 28.475000381469726562 23.887500762939453125 21.806249618530273438 19.462499618530273438 17.131250381469726562 17.118749618530273438 17.125 17.087499618530273438 17.287500381469726562 17.481250762939453125 17.325000762939453125 16.137500762939453125 15.112500190734863281 14.550000190734863281 16.262500762939453125 17.681249618530273438 19.1875 20.149999618530273438 19.643749237060546875 18.831249237060546875 17.668750762939453125 16.606250762939453125 15.518750190734863281
125.93125152587890625 124.21875 119.99375152587890625 116.9812469482421875 112.7375030517578125 110.02500152587890625 106.02500152587890625 99.8625030517578125 91.93125152587890625 86.65625 80.7624969482421875 72.77500152587890625 65.75624847412109375 58.66249847412109375 51.643749237060546875 45.168750762939453125 39.231250762939453125 36.4375 35 33.59375 29.9375 26.537500381469726562 23.174999237060546875 22.262500762939453125 20.481250762939453125 17.793750762939453125 17.012500762939453125 16.725000381469726562 16.256250381469726562 16.393749237060546875 17.106250762939453125 17.71875 16.981250762939453125 16.125 17.118749618530273438 18.774999618530273438 20.268749237060546875 22.481250762939453125 24.256250381469726562 22.924999237060546875 21.362499237060546875 19.268749237060546875 17.325000762939453125 16.268749237060546875
117.84375 117.8625030517578125 114.9499969482421875 112.93125152587890625 109.2312469482421875 106.77500152587890625 101.11875152587890625 95.71875 88.72499847412109375 83.01874542236328125 77.4187469482421875 70.27500152587890625 62.112499237060546875 54.74375152587890625 48.293750762939453125 42.15000152587890625 36.59999847412109375 32.15625 31.975000381469726562 30.450000762939453125 28.40625 26.225000381469726562 24.481250762939453125 23.837499618530273438 22.537500381469726562 19.8125 18.793750762939453125 17.837499618530273438 16.681249618530273438 16.475000381469726562 16.3125 16.600000381469726562 18.0625 19.231250762939453125 19.581249237060546875 21.568750381469726562 23.5625 25.043750762939453125 25.631250381469726562 24.6875 21.918750762939453125 19.981250762939453125 18.15625 17.09375
110.13124847412109375 111.0812530517578125 109.52500152587890625 108.2687530517578125 106.41249847412109375 102.9250030517578125 98.31874847412109375 92.66249847412109375 88.02500152587890625 83.1125030517578125 76.99375152587890625 67.51250457763671875 59.793750762939453125 52.9375 45.737499237060546875 40.53749847412109375 35.106250762939453125 30.387500762939453125 28.600000381469726562 28.162500381469726562 28.387500762939453125 29.806249618530273438 24.818750381469726562 24.731250762939453125 23.587499618530273438 21.831249237060546875 20.756250381469726562 19.0625 17.875 16.774999618530273438 16.306249618530273438 17.59375 19.543750762939453125 20.318750381469726562 21.03125 22.931249618530273438 23.931249618530273438 24.168750762939453125 24.768749237060546875 23.581249237060546875 21.887500762939453125 20.143749237060546875 18.481250762939453125 17.274999618530273438
