data/historical-monthly-weather-data/wc2.1_cruts4.09_10m_prec_1967-08.asc
ncols        45
nrows        45
xllcorner    -63.500000000000
yllcorner    -7.500000000000
cellsize     0.166666666667
NODATA_value -9999
[rows 19 to 37 of 45, columns 0 to 42 of 45]
44.66249847412109375 44.668750762939453125 43.65000152587890625 42.86875152587890625 41.637500762939453125 40.61875152587890625 39.206249237060546875 37.6875 37.799999237060546875 37.36875152587890625 36.106250762939453125 31.931249618530273438 26.631250381469726562 21.887500762939453125 18.5 15.425000190734863281 12.381250381469726562 11.287500381469726562 10.800000190734863281 10.956250190734863281 10.912500381469726562 11.449999809265136719 12.818750381469726562 13.987500190734863281 14.706250190734863281 14.943750381469726562 15.612500190734863281 15.856249809265136719 15.643750190734863281 15.143750190734863281 15.681250572204589844 18.725000381469726562 19.4375 19.9375 20.450000762939453125 21.037500381469726562 21.212499618530273438 21.350000381469726562 21.100000381469726562 20.112499237060546875 18.375 16.950000762939453125 15.887499809265136719
39.875 41.049999237060546875 40.96875 40.325000762939453125 38.71875 37.72499847412109375 36.83750152587890625 35.81874847412109375 36.143749237060546875 35.825000762939453125 35.049999237060546875 31.887500762939453125 27.03125 22.543750762939453125 18.84375 15.71875 12.981249809265136719 11.487500190734863281 11.34375 11.318750381469726562 12.068750381469726562 13.125 14.331250190734863281 15.618749618530273438 16.793750762939453125 16.768749237060546875 16.568750381469726562 16.618749618530273438 16.768749237060546875 17.71875 19.287500381469726562 21.668750762939453125 21.418750762939453125 20.975000381469726562 21.225000381469726562 21.568750381469726562 22.049999237060546875 22.043750762939453125 21.3125 20.306249618530273438 18.5625 17.3125 16.274999618530273438
36.793750762939453125 37.518749237060546875 37.762500762939453125 37.74375152587890625 36.83750152587890625 35.65625 35.21250152587890625 34 34.59375 34.325000762939453125 34.387500762939453125 32.80625152587890625 30.15625 26.087499618530273438 21.825000762939453125 17.681249618530273438 15.193750381469726562 13.756250381469726562 13.28125 13.21875 13.331250190734863281 14.268750190734863281 15.637499809265136719 16.84375 17.606250762939453125 17.875 18.924999237060546875 18.787500381469726562 19.100000381469726562 20.274999618530273438 21.924999237060546875 23.65625 23 22.256250381469726562 21.28125 21.53125 22.368749618530273438 22.71875 22.037500381469726562 20.6875 18.887500762939453125 17.493749618530273438 16.137500762939453125
34.05625152587890625 36 36.65000152587890625 36.168750762939453125 35.53749847412109375 34.55625152587890625 33.262500762939453125 32.02500152587890625 33.0625 34.09375 35.200000762939453125 34.924999237060546875 33.950000762939453125 30.506250381469726562 25.299999237060546875 20.625 17.262500762939453125 15.774999618530273438 15.118749618530273438 14.793749809265136719 15.074999809265136719 16.075000762939453125 17.293750762939453125 17.649999618530273438 18.818750381469726562 19.681249618530273438 20.625 21.056249618530273438 21.049999237060546875 21.924999237060546875 23.537500381469726562 25.412500381469726562 24.4375 22.743749618530273438 21.1875 20.443750381469726562 21.193750381469726562 22.512500762939453125 22.274999618530273438 20.662500381469726562 19.024999618530273438 17.399999618530273438 16.006250381469726562
32.61875152587890625 35.125 36.137500762939453125 35 34.0625 33.393749237060546875 32.83750152587890625 32.38124847412109375 32.50624847412109375 34.03749847412109375 35.625 37.28749847412109375 37.59375 34.168750762939453125 28.862499237060546875 24.018749237060546875 20.443750381469726562 18.59375 17.59375 17.181249618530273438 17.46875 18.299999237060546875 19.0625 19.84375 20.731250762939453125 21.256250381469726562 22.712499618530273438 22.668750762939453125 22.9375 24.193750381469726562 25.993749618530273438 27.512500762939453125 26.149999618530273438 23.556249618530273438 21.431249618530273438 20.012500762939453125 20.137500762939453125 21.168750762939453125 21.162500381469726562 19.787500381469726562 18.21875 16.868749618530273438 15.574999809265136719
31.962499618530273438 34.393749237060546875 35.231250762939453125 34.924999237060546875 34.24375152587890625 33.393749237060546875 32.61875152587890625 32.34375 33.09999847412109375 34.643749237060546875 35.887500762939453125 37.168750762939453125 37.75624847412109375 35.59375 31.15625 26.893749237060546875 23.487499237060546875 21.412500381469726562 20.143749237060546875 19.587499618530273438 19.862499237060546875 20.393749237060546875 21.081249237060546875 21.837499618530273438 22.3125 23.293750762939453125 23.993749618530273438 24.149999618530273438 24.543750762939453125 26.087499618530273438 27.731250762939453125 29.006250381469726562 27.331249237060546875 24.9375 22.393749237060546875 20.556249618530273438 20.137500762939453125 19.706249237060546875 19.450000762939453125 18.575000762939453125 17.287500381469726562 16.325000762939453125 15.28125
32.174999237060546875 34.512500762939453125 34.375 34.56874847412109375 33.549999237060546875 32.86875152587890625 32.28749847412109375 32.456249237060546875 32.706249237060546875 33.637500762939453125 34.93125152587890625 36.13124847412109375 36.768749237060546875 35.143749237060546875 32.09999847412109375 28.393749237060546875 25.524999618530273438 23.762500762939453125 22.256250381469726562 21.837499618530273438 22.200000762939453125 22.518749237060546875 23.318750381469726562 23.606250762939453125 23.993749618530273438 24.743749618530273438 25.5625 25.806249618530273438 26.443750381469726562 28.137500762939453125 29.631250381469726562 30.856250762939453125 28.543750762939453125 25.743749618530273438 22.924999237060546875 21.28125 20.087499618530273438 18.712499618530273438 18.412500381469726562 17.418750762939453125 16.399999618530273438 15.625 14.925000190734863281
32.53125 33.96250152587890625 34.274997711181640625 34.24375152587890625 33.59375 33.08750152587890625 33.05625152587890625 32.74375152587890625 32.40000152587890625 33.4375 34.44374847412109375 34.325000762939453125 34.206249237060546875 33.012500762939453125 31.0625 28.443750381469726562 26.424999237060546875 25.106250762939453125 24.350000381469726562 23.818750381469726562 23.918750762939453125 24.631250381469726562 25.25 25.987499237060546875 26.362499237060546875 26.5 27.693750381469726562 28.193750381469726562 28.65625 29.875 31.53125 32.08750152587890625 29.606250762939453125 26.393749237060546875 22.981250762939453125 21.193750381469726562 19.431249618530273438 18.018749237060546875 17.299999237060546875 16.356250762939453125 15.4375 14.84375 14.587499618530273438
33.456249237060546875 33.31874847412109375 33.8125 34.012500762939453125 33.924999237060546875 33.21250152587890625 33.200000762939453125 33.075000762939453125 32.825000762939453125 33.106250762939453125 32.881252288818359375 32.21875 31.631250381469726562 30.84375 29.318750381469726562 27.856250762939453125 26.862499237060546875 26.1875 25.975000381469726562 25.762500762939453125 26.112499237060546875 26.262500762939453125 27.456249237060546875 28.112499237060546875 28.306249618530273438 28.168748855590820312 29.431249618530273438 30.325000762939453125 31.043750762939453125 32.13124847412109375 33.09999847412109375 33.21250152587890625 30.262500762939453125 26.331249237060546875 23.081249237060546875 20.856250762939453125 18.799999237060546875 17.212499618530273438 16.618749618530273438 15.899999618530273438 14.975000381469726562 14.612500190734863281 14.34375
33.40000152587890625 33.75 33.74375152587890625 34.049999237060546875 33.46875 32.99375152587890625 32.668750762939453125 32.206249237060546875 32.512500762939453125 32.00624847412109375 31.450000762939453125 30.362499237060546875 29.450000762939453125 28.6875 27.962499618530273438 27.212499618530273438 27.068750381469726562 27.125 27.306249618530273438 27.612499237060546875 28 28.274999618530273438 29.299999237060546875 29.649999618530273438 30.106250762939453125 29.856250762939453125 31.299999237060546875 32.18125152587890625 32.856250762939453125 33.59375 34.09375 34.15625 30.34375 25.9375 22.512500762939453125 20.681249618530273438 18.774999618530273438 17.149999618530273438 16.512500762939453125 15.625 14.4375 14.137499809265136719 14.100000381469726562
33.768749237060546875 34.25 34.15625 33.706249237060546875 33.46875 33.03125 32.34375 32.293750762939453125 31.868749618530273438 30.956249237060546875 30.412500381469726562 29.606250762939453125 28.65625 27.774999618530273438 27.193750381469726562 26.618749618530273438 26.21875 26.825000762939453125 27.643749237060546875 27.475000381469726562 27.956249237060546875 28.875 30.131250381469726562 30.743749618530273438 31.318750381469726562 32.18125152587890625 33.1875 34.200000762939453125 34.33750152587890625 34.393749237060546875 34.518749237060546875 34.262500762939453125 30.425001144409179688 26.293750762939453125 22.862499237060546875 20.712499618530273438 19.331249237060546875 17.774999618530273438 16.856250762939453125 16.287500381469726562 15.40625 14.856249809265136719 14.262499809265136719
34.0625 34.143749237060546875 33.5 33.59999847412109375 34.27500152587890625 33.40000152587890625 32.706249237060546875 31.856250762939453125 30.975000381469726562 29.950000762939453125 29.037500381469726562 28.856250762939453125 28.5 27.649999618530273438 26.587499618530273438 25.949998855590820312 25.975000381469726562 26.581249237060546875 27.493749618530273438 27.668750762939453125 28.181249618530273438 28.543750762939453125 29.774999618530273438 30.956251144409179688 31.993749618530273438 33.55625152587890625 34.299999237060546875 35.700000762939453125 36.36875152587890625 36 35.637500762939453125 34.518749237060546875 30.443750381469726562 26.524999618530273438 23.524999618530273438 21.25 19.712499618530273438 18.1875 17.600000381469726562 17.306249618530273438 16.337499618530273438 15.143750190734863281 14.193750381469726562
34.168750762939453125 34.25 33.581249237060546875 33.55625152587890625 34.36875152587890625 33.387500762939453125 32.299999237060546875 30.924999237060546875 30.0625 29.137500762939453125 28.181249618530273438 27.850000381469726562 27.231250762939453125 26.825000762939453125 26.081249237060546875 26.081249237060546875 25.793750762939453125 26.162500381469726562 26.5625 26.975000381469726562 27.84375 29.049999237060546875 29.868749618530273438 30.768749237060546875 32.40000152587890625 34.174999237060546875 35.21250152587890625 36.8125 37.387500762939453125 36.424999237060546875 35.924999237060546875 34.27500152587890625 30.418750762939453125 26.856250762939453125 23.274999618530273438 20.96875 19.5 18.100000381469726562 17.631250381469726562 17.293750762939453125 16.293750762939453125 15.012499809265136719 14.243749618530273438
33.9375 33.668750762939453125 33.13124847412109375 33.18125152587890625 33.06874847412109375 31.818750381469726562 31.024999618530273438 29.918750762939453125 28.856250762939453125 28.318750381469726562 28.143749237060546875 27.393749237060546875 26.725000381469726562 26.674999237060546875 26.049999237060546875 26.09375 25.825000762939453125 26.325000762939453125 26.59375 26.9375 27.693750381469726562 28.618749618530273438 29.53125 31.137500762939453125 32.66249847412109375 33.8125 35.056247711181640625 35.66249847412109375 36.59999847412109375 35.75 35.5 34.03125 30.424999237060546875 26.793750762939453125 23.443750381469726562 21.15625 19.556249618530273438 17.993749618530273438 17.4375 16.975000381469726562 15.881250381469726562 14.862500190734863281 14.068750381469726562
33.5625 33.69374847412109375 32.93125152587890625 33.03749847412109375 31.618749618530273438 30.65625 30.03125 28.962499618530273438 27.943750381469726562 27.287500381469726562 26.9375 26.681249618530273438 26.59375 25.743749618530273438 25.631250381469726562 25.362499237060546875 25.537500381469726562 25.762500762939453125 25.893749237060546875 26.4375 27.337499618530273438 28.225000381469726562 29.287500381469726562 30.424999237060546875 32.075000762939453125 33.33750152587890625 34.4375 34.887500762939453125 36.27500152587890625 35.956249237060546875 35.56874847412109375 34.168750762939453125 30.231250762939453125 26.356250762939453125 23.362499237060546875 21.09375 19.431249618530273438 17.6875 17.056249618530273438 16.237499237060546875 15.512499809265136719 14.71875 13.868749618530273438
33.59999847412109375 33.4375 32.69374847412109375 31.78125 30.731250762939453125 29.71875 28.856250762939453125 27.887500762939453125 26.543750762939453125 26.25 25.96875 26.200000762939453125 25.799999237060546875 25.65625 25.53125 25.512500762939453125 25.612499237060546875 25.712499618530273438 25.831249237060546875 26.34375 27.262500762939453125 27.975000381469726562 28.643749237060546875 29.962499618530273438 31.212499618530273438 32.65000152587890625 33.700000762939453125 34.3125 35.8125 35.862499237060546875 35.018749237060546875 33.487499237060546875 29.762500762939453125 25.856250762939453125 22.799999237060546875 20.612499237060546875 18.600000381469726562 17.143749237060546875 16.524999618530273438 15.706250190734863281 14.737500190734863281 14.03125 13.418749809265136719
34.13124847412109375 33.66249847412109375 32.18125152587890625 30.743749618530273438 29.543750762939453125 28.162500381469726562 27.149999618530273438 25.962499618530273438 25.106250762939453125 25.09375 25.462499618530273438 25.549999237060546875 25.837499618530273438 25.862499237060546875 25.993749618530273438 26.375 26.293750762939453125 26.75 26.556249618530273438 26.90625 27.924999237060546875 29.137500762939453125 29.637500762939453125 30.912500381469726562 31.799999237060546875 32.71250152587890625 33.40625 34.825000762939453125 35.418750762939453125 35.174999237060546875 34.543750762939453125 33.299999237060546875 28.887500762939453125 25.5 22.356250762939453125 19.881250381469726562 18.368749618530273438 16.950000762939453125 16.087499618530273438 15.512499809265136719 14.618749618530273438 14.243749618530273438 13.412500381469726562
33.6875 32.768749237060546875 30.875 29.356250762939453125 27.918750762939453125 26.8125 25.931249618530273438 25.162500381469726562 24.225000381469726562 23.825000762939453125 25.112499237060546875 26.28125 26.831249237060546875 26.725000381469726562 27.200000762939453125 27.193750381469726562 27.193750381469726562 27.418750762939453125 27.5 27.512500762939453125 28.53125 29.737499237060546875 30.375 31.712499618530273438 32.768749237060546875 33.018749237060546875 33.862499237060546875 34.77500152587890625 34.53749847412109375 34.4375 34.299999237060546875 32.90000152587890625 28.856250762939453125 24.981250762939453125 21.881250381469726562 19.674999237060546875 18.174999237060546875 16.956249237060546875 16.03125 15.456250190734863281 14.537500381469726562 14.175000190734863281 13.387499809265136719
33.424999237060546875 32.40625 30.006250381469726562 28.575000762939453125 27.068750381469726562 25.887500762939453125 25.049999237060546875 24.262500762939453125 23.962499618530273438 23.631250381469726562 26.418750762939453125 27.893749237060546875 27.71875 28.0625 28.737499237060546875 28.643749237060546875 28.293750762939453125 28.137500762939453125 28.725000381469726562 28.693750381469726562 29.549999237060546875 30.293750762939453125 30.993749618530273438 32.25 33.31874847412109375 33.99375152587890625 34.737499237060546875 35.456249237060546875 35.44374847412109375 35.03125 34.268749237060546875 33.49375152587890625 29.725000381469726562 24.975000381469726562 21.556249618530273438 19.243749618530273438 18.268749237060546875 17.225000381469726562 16.46875 15.868749618530273438 14.418749809265136719 13.787500381469726562 13.181249618530273438
