data/historical-monthly-weather-data/wc2.1_cruts4.09_10m_prec_2024-03.asc
ncols        51
nrows        45
xllcorner    -63.500000000000
yllcorner    -7.500000000000
cellsize     0.166666666667
NODATA_value -9999
[rows 0 to 19 of 45, columns 0 to 44 of 51]
200.1062469482421875 202.15625 197.587493896484375 197.774993896484375 195.600006103515625 191.587493896484375 184.03125 176.462493896484375 169.8249969482421875 166.46875 166.5625 168.4812469482421875 170.7375030517578125 170.850006103515625 172.5124969482421875 174.2062530517578125 178.0812530517578125 179.1999969482421875 182.787506103515625 186.149993896484375 190.8874969482421875 194.837493896484375 199.568756103515625 202.7062530517578125 207.868743896484375 213.1374969482421875 218.9875030517578125 228.1437530517578125 236.3625030517578125 240.587493896484375 248.5749969482421875 253.75 258.58123779296875 265.306243896484375 271.16876220703125 275.96875 279.350006103515625 283.0625 287.20623779296875 289.78125 292.537506103515625 294.568756103515625 294.9375 296.193756103515625 294.01251220703125
208.212493896484375 212.100006103515625 214.725006103515625 217.975006103515625 219.962493896484375 216.6750030517578125 209.912506103515625 204.2624969482421875 200.725006103515625 198.1999969482421875 198.193756103515625 199.0625 200.2375030517578125 200.256256103515625 200.8562469482421875 202.0625 204.774993896484375 207.443756103515625 210.2375030517578125 213.3937530517578125 217.3249969482421875 221.068756103515625 225.78125 229.0749969482421875 232.881256103515625 237.3874969482421875 242.149993896484375 250.5812530517578125 257.07501220703125 260.431243896484375 265.318756103515625 271.243743896484375 273.38751220703125 279.756256103515625 282.193756103515625 286.568756103515625 290.493743896484375 293.16876220703125 296.23748779296875 297.51873779296875 300.09375 301.118743896484375 300.60626220703125 300.61248779296875 298.818756103515625
210.8312530517578125 217.493743896484375 224.243743896484375 230.9812469482421875 235.256256103515625 234.243743896484375 232.712493896484375 231.65625 230.274993896484375 229.8125 228.1875 227.5124969482421875 228.2624969482421875 228.2937469482421875 228.787506103515625 231.037506103515625 233.6062469482421875 236.9124908447265625 239.4499969482421875 242.4812469482421875 246.6875 251 254.274993896484375 257.54998779296875 261.07501220703125 263.26251220703125 267.193756103515625 273.95623779296875 277.9375 278.931243896484375 282.89373779296875 286.774993896484375 288.631256103515625 290.76251220703125 294.662506103515625 296.368743896484375 300.287506103515625 304.493743896484375 306.39373779296875 308.10626220703125 309.600006103515625 309.26873779296875 307.79998779296875 306.087493896484375 305.26251220703125
210.21875 220.3625030517578125 232.787506103515625 242.3937530517578125 250.09375 251.5749969482421875 254.068756103515625 257.600006103515625 260.70001220703125 262.09375 260.006256103515625 256.98748779296875 255.475006103515625 254.8562469482421875 256.29376220703125 258.85626220703125 263.58123779296875 268.04998779296875 271.5 274.39373779296875 279.51251220703125 282.506256103515625 283.63751220703125 285.962493896484375 288.54998779296875 289.712493896484375 292.26251220703125 294.837493896484375 296.95001220703125 297.28125 297.618743896484375 301.4375 301.350006103515625 301.65625 303.32501220703125 306.90625 311.3125 315.66876220703125 318.51251220703125 318.943756103515625 317.931243896484375 317.462493896484375 315.5 312.23126220703125 310.98748779296875
215.3562469482421875 225.743743896484375 237.837493896484375 251.6437530517578125 262.89373779296875 267.631256103515625 272.10626220703125 279.54998779296875 287.756256103515625 293.51873779296875 290.48748779296875 284.42498779296875 282.09375 283.20623779296875 284.225006103515625 288.48748779296875 293.662506103515625 300.024993896484375 302.8125 304.868743896484375 310.225006103515625 311.79998779296875 313.54998779296875 315.45623779296875 316.4375 316.6875 315.475006103515625 315.774993896484375 318.618743896484375 314.837493896484375 314.58123779296875 314.20001220703125 314.89373779296875 314.725006103515625 314.88751220703125 318.85626220703125 323.0625 326.83123779296875 329.875 328.881256103515625 328.125 325.29998779296875 321.931243896484375 318.850006103515625 315.86248779296875
219.068756103515625 232.03125 247.34375 259.993743896484375 269.48748779296875 276.51251220703125 282.9375 291.212493896484375 301.6875 311.068756103515625 306.48126220703125 301.15625 301.76251220703125 303.28125 306.41876220703125 311.73126220703125 318.337493896484375 324.79376220703125 329.25 331.10626220703125 334.90625 337.225006103515625 338.912506103515625 338.899993896484375 338.6875 339.15625 336.975006103515625 334.725006103515625 333.912506103515625 330.51251220703125 327.787506103515625 326.756256103515625 324.818756103515625 326.82501220703125 328.20623779296875 331.568756103515625 337.86248779296875 342.131256103515625 344.91876220703125 344.98126220703125 341.524993896484375 338.17498779296875 333.899993896484375 329.462493896484375 325.20623779296875
220.743743896484375 235.25 251.056243896484375 262.95623779296875 271.524993896484375 278.67498779296875 285.78125 292.037506103515625 297.66876220703125 303.01873779296875 307.54376220703125 309.787506103515625 314.568756103515625 319.625 325.274993896484375 332.006256103515625 339.76873779296875 345.26873779296875 349.556243896484375 355.20623779296875 357.78125 361.149993896484375 362.15625 361.61248779296875 361.04998779296875 359.556243896484375 356.475006103515625 352.399993896484375 347.806243896484375 341.76873779296875 340.774993896484375 338.212493896484375 335.96875 335.381256103515625 336.98748779296875 342.506256103515625 348.48126220703125 353.79998779296875 359.83123779296875 357.98748779296875 350.899993896484375 347.16876220703125 342.16876220703125 337.243743896484375 334.79376220703125
219.1875 234.8937530517578125 249.8937530517578125 263.006256103515625 274.04376220703125 281.73126220703125 285.78125 286.21875 284.86248779296875 290.63751220703125 303.51873779296875 314.0625 325.04376220703125 334.65625 342.16876220703125 350.524993896484375 357.181243896484375 361.649993896484375 367.056243896484375 373.875 378.506256103515625 382.462493896484375 384.58123779296875 382.9375 383.70623779296875 379.774993896484375 373.59375 367.681243896484375 360.118743896484375 352.712493896484375 348.681243896484375 348.287506103515625 344.75 343.54998779296875 344.493743896484375 350.07501220703125 356.806243896484375 362.40625 367.0625 364.26251220703125 357.743743896484375 353.26251220703125 347.79376220703125 342.13751220703125 338.54376220703125
218.4499969482421875 235.6062469482421875 251.6125030517578125 265.61248779296875 276.818756103515625 284.98126220703125 289.15625 288.125 280.29998779296875 282.48126220703125 301.087493896484375 316.837493896484375 332.068756103515625 342.48748779296875 351.58123779296875 360.98126220703125 368 372.431243896484375 379.76873779296875 386.70623779296875 388.743743896484375 395.13751220703125 398.16876220703125 402.993743896484375 403.70623779296875 397.95623779296875 387.412506103515625 378 370.8125 361.068756103515625 356.287506103515625 354.787506103515625 351.125 348.85626220703125 348.28125 354.793731689453125 363.45001220703125 368.881256103515625 373.09375 370.28125 364.28125 358.962493896484375 353.36248779296875 346.85626220703125 340.53125
217.774993896484375 236.568756103515625 252.774993896484375 267.225006103515625 280.07501220703125 289.95001220703125 296.75 298.64373779296875 295.23126220703125 298.78125 312.3125 324.681243896484375 339.618743896484375 351.40625 360.543731689453125 370.306243896484375 378.618743896484375 382.95623779296875 389.068756103515625 395.54376220703125 398.193756103515625 405.756256103515625 413.662506103515625 422.993743896484375 421.46875 414.6875 402.58123779296875 390.51251220703125 379.774993896484375 367.34375 360.056243896484375 359.212493896484375 356.71875 355.381256103515625 354.225006103515625 359.943756103515625 367.6875 374.118743896484375 378.725006103515625 377.725006103515625 373.068756103515625 367.625 358.818756103515625 347.368743896484375 341.443756103515625
217.056243896484375 237.8937530517578125 254.1062469482421875 269.412506103515625 284.212493896484375 297.13751220703125 307.03125 311.73748779296875 312.90625 318.40625 328.17498779296875 338.931243896484375 350.59375 362.82501220703125 371.76251220703125 380.337493896484375 388.04376220703125 392.21875 396.14373779296875 401.774993896484375 407.59375 416.475006103515625 429.39373779296875 437.15625 441.36248779296875 430.28125 415.743743896484375 404.506256103515625 391.006256103515625 375.056243896484375 367.32501220703125 363.91876220703125 360.63751220703125 359.01251220703125 358.33123779296875 363.21875 370.100006103515625 376.60626220703125 381.774993896484375 383.36248779296875 379.649993896484375 371.91876220703125 360.274993896484375 346.98748779296875 340.006256103515625
217.5187530517578125 239.9812469482421875 256.83123779296875 273.462493896484375 288.39373779296875 304.29376220703125 317.98126220703125 326.381256103515625 330.125 335.524993896484375 343.8125 352.48126220703125 361.66876220703125 372.381256103515625 383.45001220703125 391.568756103515625 395.881256103515625 398.006256103515625 401.087493896484375 404.98748779296875 408.15625 418.9375 436.375 452.26873779296875 453.95623779296875 435.3125 418.818756103515625 407.181243896484375 397.350006103515625 385.412506103515625 373.556243896484375 366.912506103515625 362.256256103515625 359.431243896484375 357.587493896484375 364.38751220703125 372.412506103515625 379.17498779296875 383.787506103515625 387.149993896484375 384.931243896484375 374.712493896484375 358.443756103515625 338.54376220703125 327.16876220703125
218.09375 241.693756103515625 259.618743896484375 276.037506103515625 292.46875 310.693756103515625 326.287506103515625 338.57501220703125 343.89373779296875 351.35626220703125 361.118743896484375 368.631256103515625 377.70623779296875 384.66876220703125 393.962493896484375 400.912506103515625 403.75 405.662506103515625 408.75 409.64373779296875 408.131256103515625 418.181243896484375 434.85626220703125 447.26873779296875 440.618743896484375 425.75 418.4375 411 403.712493896484375 393.193756103515625 381.5 370.625 363.25 359.17498779296875 356.743743896484375 362.39373779296875 370.806243896484375 378.381256103515625 384.962493896484375 390.537506103515625 390.76251220703125 377.65625 352.287506103515625 328.33123779296875 313.306243896484375
217.7937469482421875 243.037506103515625 261.40625 278.350006103515625 296.17498779296875 314.29376220703125 332.95623779296875 349.756256103515625 359.04998779296875 367.693756103515625 377.1875 384.82501220703125 392.23126220703125 400.443756103515625 403.899993896484375 410.09375 411.98126220703125 412.381256103515625 413.96875 415.63751220703125 417.0625 423.20001220703125 432.54376220703125 436.962493896484375 431.568756103515625 423.75 418.73748779296875 413.149993896484375 406.96875 397.243743896484375 387.40625 375.78125 364.45001220703125 356.73748779296875 353.087493896484375 359.92498779296875 369.84375 377.318756103515625 383.306243896484375 387.86248779296875 387.3125 368.006256103515625 344.60626220703125 324.412506103515625 311.243743896484375
218.318756103515625 243.1374969482421875 262.01873779296875 280.75 299.6875 318.9375 340.243743896484375 359.98748779296875 370.256256103515625 379.84375 390.70001220703125 398.15625 405.243743896484375 412.274993896484375 412.36248779296875 416.543731689453125 417.375 418.868743896484375 419.10626220703125 420.087493896484375 422.45001220703125 426.07501220703125 430.537506103515625 432.42498779296875 430.693756103515625 428.35626220703125 423.70623779296875 418.337493896484375 413.39373779296875 404.58123779296875 391.568756103515625 378.243743896484375 366.712493896484375 353.65625 346.35626220703125 355.70623779296875 368.14373779296875 376.40625 377.618743896484375 374.806243896484375 365.806243896484375 352.66876220703125 339.181243896484375 322.42498779296875 311.79376220703125
217.3000030517578125 242.7624969482421875 262.63751220703125 282.11248779296875 302.20001220703125 324.66876220703125 346.85626220703125 367.587493896484375 381.162506103515625 393.09375 403.38751220703125 411.84375 419.11248779296875 424.83123779296875 424.51251220703125 423.837493896484375 422.912506103515625 424.20001220703125 423.868743896484375 425.212493896484375 425.9375 427.09375 429.287506103515625 430.243743896484375 429.631256103515625 429.993743896484375 426.98126220703125 423.67498779296875 421.274993896484375 412.38751220703125 400.66876220703125 385.88751220703125 370.38751220703125 356.51251220703125 346.92498779296875 362.54998779296875 373.225006103515625 373.79998779296875 368.79998779296875 362.14373779296875 351.88751220703125 342.399993896484375 331.912506103515625 318.95001220703125 309.92498779296875
216.743743896484375 243.1125030517578125 262.73126220703125 283.274993896484375 305 328.631256103515625 353.868743896484375 376.600006103515625 391.08123779296875 404.375 415.162506103515625 424.787506103515625 432.86248779296875 436.84375 437.48748779296875 433.86248779296875 427.60626220703125 426.01873779296875 427.09375 427.59375 427.41876220703125 427.98126220703125 429.70623779296875 430.381256103515625 431.243743896484375 430.14373779296875 428.506256103515625 427.725006103515625 425.381256103515625 419.26873779296875 409.11248779296875 394.98748779296875 380.274993896484375 370.493743896484375 373.962493896484375 385.506256103515625 385.78125 377.60626220703125 365.11248779296875 353.26873779296875 344.162506103515625 335.75 324.86248779296875 313.712493896484375 307.34375
215.8312530517578125 242.506256103515625 263.70623779296875 285.67498779296875 308.368743896484375 332.57501220703125 357.83123779296875 382.256256103515625 398.26251220703125 412.20623779296875 424.818756103515625 436.57501220703125 443.368743896484375 448.662506103515625 447.743743896484375 441.66876220703125 434.45623779296875 423.837493896484375 428.20001220703125 428.3125 429.568756103515625 428.95623779296875 428.3125 428.1875 428.693756103515625 430.73126220703125 427.881256103515625 429.162506103515625 429.95001220703125 424.662506103515625 413.625 393.943756103515625 382.193756103515625 379.51251220703125 390.01251220703125 411.100006103515625 398.01251220703125 379.712493896484375 362.32501220703125 350.25 337.96875 329.01251220703125 319.33123779296875 308.82501220703125 302.79998779296875
214.475006103515625 241.46875 263.100006103515625 286 310.600006103515625 336.6875 363.125 388.431243896484375 404.712493896484375 419.537506103515625 432.931243896484375 441.837493896484375 451.79376220703125 459.10626220703125 454.818756103515625 446.39373779296875 436.76873779296875 425.01873779296875 422.20623779296875 423.26251220703125 426.912506103515625 428.399993896484375 421.306243896484375 421.85626220703125 424.03125 427.65625 427.537506103515625 427.36248779296875 429.600006103515625 427.162506103515625 418.556243896484375 395.100006103515625 377.5 366.34375 370.1875 387.16876220703125 381.506256103515625 370.03125 358.149993896484375 345.381256103515625 333.943756103515625 323.82501220703125 314.625 305.193756103515625 299.63751220703125
211.087493896484375 238.9375 261.26873779296875 285.118743896484375 311.23126220703125 339.412506103515625 367.42498779296875 393.92498779296875 410.993743896484375 425.33123779296875 438.29998779296875 446.67498779296875 458.11248779296875 468.08123779296875 459.212493896484375 443.787506103515625 429 423.59375 418.412506103515625 417.712493896484375 416.98126220703125 414.725006103515625 413.8125 413.41876220703125 415.625 418.493743896484375 419.850006103515625 422.3125 422.5 417.318756103515625 406.08123779296875 387.29376220703125 362.368743896484375 339.21875 325.54998779296875 337.89373779296875 353.10626220703125 355.85626220703125 350.73126220703125 341.86248779296875 330.58123779296875 320.36248779296875 311.79998779296875 303.225006103515625 298.73126220703125
