data/historical-monthly-weather-data/wc2.1_cruts4.09_10m_prec_2007-07.asc
ncols        45
nrows        45
xllcorner    -63.500000000000
yllcorner    -7.500000000000
cellsize     0.166666666667
NODATA_value -9999
[rows 0 to 18 of 45, columns 0 to 43 of 45]
285.125 275.95001220703125 267.67498779296875 264.931243896484375 258.712493896484375 255.1750030517578125 251.7624969482421875 246.256256103515625 247.350006103515625 250.712493896484375 249.631256103515625 248.5625 246.3125 247.65625 249.6687469482421875 248.899993896484375 247.524993896484375 240.0812530517578125 234.5437469482421875 232.4812469482421875 232.2687530517578125 226.212493896484375 221.649993896484375 216.78125 214.3125 207.931243896484375 203.6875 199.8249969482421875 194.0187530517578125 193.587493896484375 185.6374969482421875 182.412506103515625 184.3312530517578125 182.4375 180.1999969482421875 176.6437530517578125 169.818756103515625 172.09375 166.8312530517578125 163.100006103515625 165.274993896484375 167.9812469482421875 165.40625 165.2624969482421875
274.6875 265.08123779296875 257.51873779296875 256.024993896484375 253.149993896484375 250.975006103515625 247.943756103515625 245.2062530517578125 247.2937469482421875 248.6374969482421875 247.8312530517578125 245.431243896484375 243.287506103515625 242.4812469482421875 240.681243896484375 239.3125 236.4562530517578125 230.0812530517578125 225.899993896484375 222.5500030517578125 216.2062530517578125 214.625 212.2375030517578125 212.024993896484375 204.806243896484375 200.1125030517578125 196.90625 194.0625 187.118743896484375 183.2624969482421875 180.3249969482421875 182.649993896484375 182.9812469482421875 184.1999969482421875 182.5124969482421875 175.850006103515625 169.1999969482421875 168.475006103515625 162.743743896484375 161.0437469482421875 164.875 164.4499969482421875 163.287506103515625 160.256256103515625
250.6062469482421875 248.2624969482421875 247.9375 245.587493896484375 242.0500030517578125 239.3562469482421875 239.1125030517578125 241.875 245.5187530517578125 246.875 245.962493896484375 241.21875 240.78125 235.243743896484375 231.225006103515625 227.6062469482421875 224.806243896484375 218.725006103515625 213.5 212.1062469482421875 206.818756103515625 206.649993896484375 206.3874969482421875 205.0437469482421875 200.4187469482421875 193.2125091552734375 195.118743896484375 190.8874969482421875 185.118743896484375 182.837493896484375 180.3000030517578125 176.131256103515625 177.462493896484375 181.524993896484375 174.25 166.462493896484375 163.8125 165.024993896484375 158.631256103515625 157.399993896484375 159.943756103515625 160.725006103515625 158.1062469482421875 156.912506103515625
229.6687469482421875 224.5500030517578125 229.9812469482421875 234.681243896484375 231.818756103515625 228.4875030517578125 228.25 235.318756103515625 243.037506103515625 246.399993896484375 241.2062530517578125 235.8312530517578125 232.9812469482421875 231.5500030517578125 224.0749969482421875 216.743743896484375 211.024993896484375 206.412506103515625 204.4124908447265625 207.962493896484375 204.899993896484375 199.912506103515625 199.3000030517578125 200.1062469482421875 197.306243896484375 192.118743896484375 189.90625 181.850006103515625 179.4562530517578125 182.3312530517578125 180.1687469482421875 175.131256103515625 171.21875 168.4875030517578125 163.2624969482421875 164.193756103515625 164.037506103515625 158.431243896484375 154.462493896484375 152.1999969482421875 156.7624969482421875 159.7624969482421875 157.4812469482421875 155.5812530517578125
233.162506103515625 219.256256103515625 210.1125030517578125 216.024993896484375 222.5124969482421875 219.4562530517578125 222.681243896484375 229.9124908447265625 236.53125 238.462493896484375 239.493743896484375 232.350006103515625 228.6687469482421875 224.9187469482421875 216.1687469482421875 208.3562469482421875 201 198.350006103515625 193.2062530517578125 195.475006103515625 196.225006103515625 191.9499969482421875 190.287506103515625 196.318756103515625 193 187.412506103515625 182.2937469482421875 180.5 176.975006103515625 174.8249969482421875 174.6999969482421875 172.8249969482421875 171.8562469482421875 167.662506103515625 162.3312530517578125 157.3625030517578125 156.806243896484375 154.8562469482421875 149.7312469482421875 149.274993896484375 152.3625030517578125 151.5437469482421875 153.1374969482421875 153.725006103515625
221.7937469482421875 215.21875 209.212493896484375 193.0437469482421875 202.6875 215.03125 218.306243896484375 222.9562530517578125 231.662506103515625 232.8000030517578125 231.1812591552734375 225.6875 222.556243896484375 213.537506103515625 208.34375 201.068756103515625 191.431243896484375 185.9875030517578125 184.96875 188.9875030517578125 189.2375030517578125 187.5749969482421875 188.6875 187.40625 187.5625 184.1687469482421875 179.34375 176.28125 171.2624969482421875 169.34375 169.0124969482421875 171.2312469482421875 168.0749969482421875 167.2687530517578125 160.756256103515625 157.625 150.524993896484375 148.787506103515625 148.78125 150.6750030517578125 147.568756103515625 149.1437530517578125 148.443756103515625 146.9875030517578125
213.774993896484375 208.7062530517578125 204.5812530517578125 198.556243896484375 194.5749969482421875 193.8937530517578125 203.7062530517578125 213.274993896484375 217.59375 221.4187469482421875 222.8874969482421875 213.899993896484375 213.193756103515625 206.649993896484375 198.375 193.318756103515625 187.2937469482421875 178.7375030517578125 173.493743896484375 181.46875 181.4812469482421875 179.649993896484375 179.09375 181.5500030517578125 180.975006103515625 181.1374969482421875 180.2687530517578125 171.96875 164.75 167.40625 165.931243896484375 162.84375 160.15625 162.1999969482421875 161.03125 155.600006103515625 148.118743896484375 144.3562469482421875 145.537506103515625 148.2687530517578125 144.3125 142.4499969482421875 143.256256103515625 141.3125
209.350006103515625 201.587493896484375 200.056243896484375 198.4812469482421875 198.1500091552734375 204.96875 202.8125 194.743743896484375 195.0625 199.8562469482421875 203.3625030517578125 201.631256103515625 200.212493896484375 194.024993896484375 189.71875 184.8312530517578125 177.8937530517578125 171.662506103515625 168.15625 167.943756103515625 174.1125030517578125 176.287506103515625 174.631256103515625 176.556243896484375 179.100006103515625 174.631256103515625 172.993743896484375 163.6875 160.993743896484375 159.2375030517578125 162.631256103515625 160.0062408447265625 159.149993896484375 157.5625 154.712493896484375 147.4499969482421875 141.256256103515625 138.131256103515625 135.7937469482421875 134.3874969482421875 132.3312530517578125 132.8874969482421875 132.84375 130.149993896484375
204.3312530517578125 198.25 195.53125 197.3625030517578125 199.774993896484375 202.0500030517578125 202.2624969482421875 200.399993896484375 194.5500030517578125 187.8249969482421875 187.3562469482421875 182.899993896484375 187.9875030517578125 182.4562530517578125 178.818756103515625 174.65625 171.943756103515625 171.1125030517578125 173.8249969482421875 166.8625030517578125 165.899993896484375 172.78125 172.15625 176.5812530517578125 177.850006103515625 169.4499969482421875 163.59375 162.90625 161.1374969482421875 158.2125091552734375 162.381256103515625 156.0187530517578125 148.962493896484375 145.193756103515625 144.2624969482421875 143.818756103515625 141.4562530517578125 139.8937530517578125 134.7375030517578125 129.8125 126.125 125.00624847412109375 125.34375 121.28125
196.59375 193.0437469482421875 193.149993896484375 195.506256103515625 198.118743896484375 203.225006103515625 203.1374969482421875 201.65625 198.28125 195.493743896484375 188.162506103515625 176.431243896484375 177.15625 174.2312469482421875 172.2937469482421875 171.068756103515625 166.337493896484375 170.712493896484375 174.5999908447265625 173.4812469482421875 171.5437469482421875 168.0812530517578125 164.5812530517578125 169.037506103515625 168.8312530517578125 167.4187469482421875 161.4812469482421875 159.1875 155.03125 153.350006103515625 154.725006103515625 148.693756103515625 145.225006103515625 141.193756103515625 138.318756103515625 139.149993896484375 138.4187469482421875 137.537506103515625 132.78125 130.899993896484375 129.068756103515625 125.2937469482421875 120.0437469482421875 112.9562530517578125
192.9250030517578125 190.6750030517578125 190.287506103515625 194.21875 196.40625 201.506256103515625 202.7937469482421875 196.943756103515625 189.7375030517578125 187.0812530517578125 184.5437469482421875 176.4875030517578125 166.368743896484375 165.556243896484375 161.3625030517578125 160.2375030517578125 161.375 166.3000030517578125 170.443756103515625 177.2937469482421875 180.8937530517578125 175.25 164.9812469482421875 156.0437469482421875 163.556243896484375 171.4250030517578125 166.4812469482421875 160.40625 150.587493896484375 148.693756103515625 147.8312530517578125 146.1999969482421875 144.1875 139.15625 138.3125 137.243743896484375 136.6999969482421875 132.4250030517578125 133.8000030517578125 129.912506103515625 124.5 119.43125152587890625 116.91249847412109375 106.9499969482421875
188.837493896484375 185.225006103515625 185.8000030517578125 190.4499969482421875 194.118743896484375 199.0437469482421875 201.818756103515625 196.4812469482421875 186.399993896484375 177.931243896484375 173.399993896484375 170.662506103515625 158.6687469482421875 154.743743896484375 156.943756103515625 153.368743896484375 154.600006103515625 159.475006103515625 164.681243896484375 174.306243896484375 184.25 181.9812469482421875 177.6374969482421875 165.1687469482421875 162.2312469482421875 156.5749969482421875 152.899993896484375 151.162506103515625 145.28125 142.431243896484375 137.743743896484375 136.274993896484375 136.399993896484375 134.9875030517578125 136.34375 137.3937530517578125 134.8312530517578125 134.875 128.0187530517578125 124.28749847412109375 118.0812530517578125 115.47499847412109375 107.7624969482421875 96.6125030517578125
179.1062469482421875 178.875 181.6750030517578125 183.8125 185.5437469482421875 190.412506103515625 190.65625 184.087493896484375 175.3562469482421875 171 168.087493896484375 162.46875 158.1187591552734375 144.681243896484375 142.118743896484375 145.5625 147.0187530517578125 153.3625030517578125 159.225006103515625 165.725006103515625 172.618743896484375 172.149993896484375 172.3249969482421875 163.59375 152.40625 147.0812530517578125 145.350006103515625 144.6750030517578125 140.3125 136.118743896484375 131.2687530517578125 126.00624847412109375 128.8125 129.118743896484375 130.225006103515625 132.524993896484375 135.1437530517578125 138.337493896484375 136.881256103515625 126.6750030517578125 115.36875152587890625 109.50624847412109375 98.25 90.3312530517578125
171.2687530517578125 170.899993896484375 174.006256103515625 175.25 175.774993896484375 177.4375 176.53125 171.6687469482421875 168.774993896484375 162.03125 158.3312530517578125 154.75 147.7062530517578125 139.0812530517578125 128.3249969482421875 134.3249969482421875 134.850006103515625 142.1750030517578125 146.3125 153.493743896484375 158.59375 162.03125 163.53125 158.318756103515625 148.4187469482421875 141.475006103515625 137.412506103515625 132.7312469482421875 128.618743896484375 125.33750152587890625 125.99375152587890625 123.0625 121.71250152587890625 122.22499847412109375 124.2937469482421875 131.3625030517578125 139.5812530517578125 147.462493896484375 148.3874969482421875 136.2624969482421875 113.56874847412109375 100.7312469482421875 98.0437469482421875 102.4562530517578125
165.3687591552734375 162.975006103515625 164.1125030517578125 166.274993896484375 164.9375 164.681243896484375 167.2624969482421875 162.6437530517578125 158.0625 152.0625 148.131256103515625 143.274993896484375 138.881256103515625 133.3874969482421875 118.8874969482421875 120.2062530517578125 121.88124847412109375 127.7687530517578125 132.65625 140.462493896484375 148.40625 151.7624969482421875 154.1687469482421875 153.9562530517578125 149.587493896484375 144.756256103515625 139.8000030517578125 132.75 129.3562469482421875 127.2624969482421875 121.53125 119.9812469482421875 123.4250030517578125 121.81874847412109375 117.9499969482421875 123.21875 138.8562469482421875 154.837493896484375 157.5812530517578125 144.0437469482421875 127.79999542236328125 116.84375 119.5437469482421875 114.0437469482421875
155.8000030517578125 154.024993896484375 155.743743896484375 155.75 155.4250030517578125 157.931243896484375 155.1750030517578125 151.3625030517578125 147.868743896484375 145 139.631256103515625 135.725006103515625 132.212493896484375 127.15625 116.3312530517578125 102.5 106.9875030517578125 114.63124847412109375 118.69374847412109375 126.81874847412109375 133.537506103515625 140.725006103515625 146.318756103515625 153.712493896484375 152.556243896484375 147.256256103515625 139.1875 129.1999969482421875 126.28749847412109375 124.80625152587890625 126.65000152587890625 119.90000152587890625 116.69374847412109375 113.63124847412109375 111.6374969482421875 127.5187530517578125 140.7062530517578125 154.71875 162.1999969482421875 160.537506103515625 151.0625 139.8125 131.1750030517578125 119.3125
146.787506103515625 145.475006103515625 147.8312530517578125 149.318756103515625 150.056243896484375 148.212493896484375 147.5812530517578125 144.2687530517578125 141.225006103515625 138.537506103515625 134.243743896484375 129.087493896484375 124.03749847412109375 121.21875 118.55625152587890625 109.35625457763671875 99.65625 101.41249847412109375 110.8312530517578125 117.7312469482421875 123.6125030517578125 131.693756103515625 142.21875 153.53125 157.7687530517578125 143.212493896484375 130.1125030517578125 121.5749969482421875 121.625 123.84999847412109375 126.2312469482421875 127.16249847412109375 123.1374969482421875 121.00624847412109375 131.618743896484375 140.7562408447265625 157.399993896484375 178.1125030517578125 190.2312469482421875 174.256256103515625 160.3625030517578125 144.975006103515625 129.2375030517578125 120.0124969482421875
137.8312530517578125 138.7062530517578125 139.649993896484375 142.59375 143.2624969482421875 140.0625 138.3937530517578125 136.7624969482421875 134.056243896484375 128.056243896484375 124.53749847412109375 123.0500030517578125 118.9250030517578125 116.3125 116.3312530517578125 113.0124969482421875 105.1062469482421875 94.08750152587890625 104.90625 110.41249847412109375 115.8125 122.77500152587890625 137.243743896484375 146.9499969482421875 149.5625 135.587493896484375 122.3312530517578125 117.03749847412109375 118.5625 118.05625152587890625 114.34999847412109375 113.8312530517578125 130.962493896484375 138.1750030517578125 138.53125 154.037506103515625 174.681243896484375 187.2312469482421875 191.118743896484375 178.5374908447265625 155.6125030517578125 140.4875030517578125 125.8249969482421875 116.83750152587890625
129.4875030517578125 130.4499969482421875 130.243743896484375 132.0625 134.5812530517578125 133.287506103515625 130.15625 129.899993896484375 128.4875030517578125 123.5124969482421875 119.8874969482421875 115.59375 113.19374847412109375 112.8874969482421875 109.375 109.41875457763671875 106.3312530517578125 99.21875 95.2687530517578125 98.4875030517578125 108.5749969482421875 123.875 116.6062469482421875 127.90000152587890625 132.1875 129.8125 121.80625152587890625 114.6750030517578125 116.71875 117.8000030517578125 116.625 118.6125030517578125 131.1125030517578125 135.0437469482421875 139.7937469482421875 152.256256103515625 162.3625030517578125 169.618743896484375 173.8249969482421875 159.8125 146.006256103515625 130.493743896484375 119.6999969482421875 111.6125030517578125
