data/historical-monthly-weather-data/wc2.1_cruts4.09_10m_prec_1995-02.asc
ncols        51
nrows        45
xllcorner    -63.500000000000
yllcorner    -7.500000000000
cellsize     0.166666666667
NODATA_value -9999
[rows 20 to 39 of 45, columns 0 to 43 of 51]
154.34375 158.712493896484375 164.462493896484375 170.850006103515625 179.006256103515625 185.774993896484375 192.9187469482421875 200.193756103515625 207.15625 213.3937530517578125 218.350006103515625 222.131256103515625 226.1437530517578125 228.975006103515625 217.6062469482421875 200.506256103515625 185.818756103515625 173.9812469482421875 167.0625 160.8625030517578125 155.912506103515625 150.5437469482421875 145.337493896484375 145.0124969482421875 145.7937469482421875 147.6125030517578125 153.693756103515625 160.4875030517578125 168.162506103515625 176.8125 181.7375030517578125 181.524993896484375 170.7062530517578125 156.056243896484375 142.9875030517578125 155.7687530517578125 178.493743896484375 198.3125 213.5124969482421875 223.8312530517578125 229.4187469482421875 231.90625 234.587493896484375 236.693756103515625
150.84375 156.28125 163.0437469482421875 171.4187469482421875 179.899993896484375 187.274993896484375 194.6374969482421875 202.0812530517578125 208.7687530517578125 213.03125 215.2375030517578125 215.556243896484375 215.806243896484375 214.5749969482421875 208.037506103515625 196.84375 185.375 174.9499969482421875 166.725006103515625 159.899993896484375 153.287506103515625 147.5749969482421875 143.7375030517578125 143.5500030517578125 144.8312530517578125 147.693756103515625 154.899993896484375 162.5812530517578125 171.4812469482421875 181.7687530517578125 189.53125 190.6875 181.46875 170.78125 164.2375030517578125 173.5187530517578125 190.787506103515625 206.181243896484375 217.2937469482421875 224.7937469482421875 229.818756103515625 232.568756103515625 234.587493896484375 235.931243896484375
149.71875 156.3249969482421875 163.2312469482421875 172.2062530517578125 181.087493896484375 189.287506103515625 195.837493896484375 203.4875030517578125 210.2687530517578125 211.625 210.21875 206.8249969482421875 203.3125 201.5437469482421875 198.587493896484375 191.8625030517578125 183.0500030517578125 174.0124969482421875 165.2937469482421875 157.125 150.6062469482421875 144.5437469482421875 140.1999969482421875 140.243743896484375 142.600006103515625 146.6437530517578125 154.5437469482421875 163.368743896484375 173.818756103515625 186.100006103515625 196.993743896484375 203.1750030517578125 195.587493896484375 188.5812530517578125 188.2312469482421875 197.725006103515625 209.3125 218.618743896484375 224.712493896484375 227.6062469482421875 230.431243896484375 232.5812530517578125 234.024993896484375 235.1875
151.681243896484375 158.2624969482421875 165.5 173.5812530517578125 182.618743896484375 190.537506103515625 197.524993896484375 203.75 209.2937469482421875 208.7375030517578125 205.962493896484375 201.087493896484375 193.931243896484375 193.75 192.568756103515625 187.556243896484375 180.3562469482421875 172.6875 164.09375 155.46875 148.3312530517578125 141.806243896484375 136.975006103515625 137.40625 140.4375 144.350006103515625 153.78125 164.243743896484375 175.375 188.9875030517578125 201.71875 210.0500030517578125 206.2624969482421875 203.212493896484375 206.1374969482421875 216.662506103515625 224.787506103515625 227.443756103515625 229.0749969482421875 229.5812530517578125 231.0124969482421875 231.8937530517578125 233.162506103515625 234.931243896484375
156.787506103515625 162.28125 168.96875 177.1750030517578125 186.587493896484375 192.6437530517578125 198.475006103515625 203.25 206.0812530517578125 205.9187469482421875 203.5124969482421875 199.40625 195.306243896484375 193.6374969482421875 190.243743896484375 185.693756103515625 179.7687530517578125 172.181243896484375 163.5749969482421875 154.618743896484375 147.149993896484375 139.59375 133.6750030517578125 133.8000030517578125 136.850006103515625 143.287506103515625 153.068756103515625 164.84375 176.618743896484375 190.193756103515625 202.681243896484375 211.6875 212.0187530517578125 212.1374969482421875 215.600006103515625 221.9875030517578125 227.274993896484375 228.4187469482421875 228.90625 229.0187530517578125 229.850006103515625 230.381256103515625 231.962493896484375 235.2312469482421875
166.225006103515625 170.90625 175.868743896484375 183.0625 191.2375030517578125 196.21875 199.787506103515625 202.975006103515625 204.6062469482421875 204.40625 202.493743896484375 199.9250030517578125 197.8249969482421875 195.2312469482421875 191.1875 185.84375 179.881256103515625 172.3249969482421875 164.2312469482421875 155.118743896484375 146.8874969482421875 138.0500030517578125 130.6750030517578125 129.662506103515625 134.5500030517578125 142.318756103515625 154.21875 165.868743896484375 178.2312469482421875 190.881256103515625 202.806243896484375 212.506256103515625 214.6437530517578125 216.25 219.28125 223.09375 226.1125030517578125 227.100006103515625 226.399993896484375 226.618743896484375 227.462493896484375 228.2687530517578125 229.5187530517578125 233.193756103515625
178.806243896484375 182.0812530517578125 185.0625 190.5437469482421875 195.8125 198.5812530517578125 201.256256103515625 202.4250030517578125 203.375 203.5812530517578125 202.6125030517578125 200.2937469482421875 198.40625 196 191.537506103515625 186.7687530517578125 180.84375 174.0812530517578125 166.3562469482421875 157.600006103515625 149.0749969482421875 140.2375030517578125 131.6875 129.8312530517578125 136.649993896484375 145.1875 157.2062530517578125 169.34375 181.193756103515625 193.3000030517578125 205.1187591552734375 213.8874969482421875 216.03125 218.899993896484375 220.1062469482421875 223.100006103515625 225.3874969482421875 225.493743896484375 225.4875030517578125 225.399993896484375 225.806243896484375 226.3625030517578125 227.5187530517578125 230.9499969482421875
192.6999969482421875 193.899993896484375 195.337493896484375 197.899993896484375 200.2062530517578125 200.8562469482421875 202.618743896484375 203.9499969482421875 204.149993896484375 204.34375 202.975006103515625 200.59375 198.181243896484375 195.4375 191.53125 187.381256103515625 181.837493896484375 176.7624969482421875 169.7312469482421875 162.118743896484375 154.4250030517578125 146.0124969482421875 139.5812530517578125 138.7937469482421875 143.243743896484375 150.881256103515625 162.399993896484375 174.381256103515625 185.881256103515625 197.46875 208.5625 217.5812530517578125 220.274993896484375 220.568756103515625 220.625 223.0187530517578125 223.850006103515625 224.631256103515625 224.193756103515625 223.53125 223.7312469482421875 224.9499969482421875 226.3312530517578125 230.787506103515625
205.2624969482421875 205.412506103515625 204.337493896484375 204.40625 204.693756103515625 204.0812530517578125 204.71875 205.0749969482421875 205.2062530517578125 205.2312469482421875 203.78125 200.9812469482421875 197.837493896484375 195.5124969482421875 192.2624969482421875 189.125 184.8874969482421875 179.993743896484375 174.7624969482421875 167.7687530517578125 161.056243896484375 153.40625 148.6999969482421875 148.9312591552734375 151.943756103515625 158.024993896484375 169.2375030517578125 180.837493896484375 192.8375091552734375 203.618743896484375 213.1875 222.1125030517578125 223.149993896484375 222.493743896484375 222.21875 223.1437530517578125 224.40625 225.0500030517578125 225.475006103515625 223.7937469482421875 221.806243896484375 222.556243896484375 226.287506103515625 233.625
213.0749969482421875 211.2062530517578125 209.0500030517578125 207.4875030517578125 207.1999969482421875 206.2687530517578125 205.8312530517578125 205.662506103515625 205.087493896484375 205.193756103515625 204.2687530517578125 202.1875 199.475006103515625 197.431243896484375 194.6125030517578125 190.65625 186.9562530517578125 183.618743896484375 178.7375030517578125 171.600006103515625 165.0812530517578125 159.024993896484375 155.3312530517578125 156.6999969482421875 160.3000030517578125 166.7062530517578125 177.681243896484375 189.037506103515625 200.7062530517578125 209.912506103515625 219.056243896484375 227.0437469482421875 227.2624969482421875 226.818756103515625 225.9562530517578125 227.15625 227.5500030517578125 228.6125030517578125 227.693756103515625 225.8249969482421875 226.4499969482421875 228.96875 232.5437469482421875 240.693756103515625
218.2687530517578125 215.256256103515625 211.375 209.256256103515625 207.7062530517578125 206.9562530517578125 206.3312530517578125 206.131256103515625 205.4562530517578125 205.1125030517578125 205.5437469482421875 204.2624969482421875 202.46875 199.625 196.2062530517578125 192.787506103515625 189.3000030517578125 186.462493896484375 182.4562530517578125 175.21875 169.068756103515625 163.46875 160.28125 163.0812530517578125 168 175.40625 186.3562469482421875 198.03125 209.475006103515625 217.3625030517578125 225.087493896484375 232.09375 233.1875 233.0500030517578125 232.5625 232.25 232.7312469482421875 234.1437530517578125 232.712493896484375 230.0749969482421875 231.412506103515625 236.25 240.9187469482421875 246.3562469482421875
219.6437530517578125 216.056243896484375 212.087493896484375 209.6999969482421875 207.350006103515625 206.100006103515625 205.756256103515625 204.78125 204.118743896484375 204.78125 205.443756103515625 204.9250030517578125 203.806243896484375 201.8000030517578125 198.2937469482421875 195.2062530517578125 190.087493896484375 186.600006103515625 182.3312530517578125 176.350006103515625 171.3874969482421875 167.1062469482421875 164.1750030517578125 168.6374969482421875 175.287506103515625 183.375 194.3562469482421875 206.287506103515625 217.90625 225.5812530517578125 232.381256103515625 238.181243896484375 239.4375 239.337493896484375 239.287506103515625 239.024993896484375 239.5187530517578125 240.037506103515625 238 237.8125 241.193756103515625 246.368743896484375 251.1062469482421875 257.193756103515625
215.087493896484375 211.943756103515625 208.8000030517578125 206.212493896484375 203.4187469482421875 202.1374969482421875 201.006256103515625 200.4250030517578125 200.993743896484375 202.8937530517578125 205.7624969482421875 205.5124969482421875 205.4812469482421875 204.2062530517578125 200.9250030517578125 196.6062469482421875 191.1374969482421875 187.649993896484375 182.337493896484375 176.743743896484375 172.96875 169.006256103515625 166.5625 171.2062530517578125 178.2687530517578125 186.5749969482421875 197.975006103515625 211.056243896484375 223.4187469482421875 231.3125 239.225006103515625 245.443756103515625 246.7312469482421875 247.8249969482421875 248.881256103515625 249.712493896484375 250.149993896484375 249.5187530517578125 247.6374969482421875 250.243743896484375 253.693756103515625 258.85626220703125 264.91876220703125 272.5625
210.118743896484375 206.681243896484375 203.787506103515625 201.7750091552734375 199.0500030517578125 197.1062469482421875 195.9562530517578125 195.6125030517578125 195.9499969482421875 198.9812469482421875 203.46875 205.3000030517578125 206.868743896484375 205.8625030517578125 202.6687469482421875 198.125 192.443756103515625 188.1750030517578125 182.6374969482421875 177.056243896484375 173.274993896484375 169.4875030517578125 167.6437530517578125 172.4562530517578125 179.712493896484375 188.149993896484375 200.4562530517578125 214.037506103515625 227.681243896484375 237.1750030517578125 246.225006103515625 253.662506103515625 256.45001220703125 257.931243896484375 258.70001220703125 260.243743896484375 260.681243896484375 260.412506103515625 259.73126220703125 262.04376220703125 264.65625 270.431243896484375 278.9375 288.024993896484375
204.868743896484375 201.962493896484375 199.243743896484375 196.34375 194.024993896484375 192.068756103515625 189.9250030517578125 188.8874969482421875 189.100006103515625 192.46875 199.2624969482421875 204.368743896484375 208.3249969482421875 208.4187469482421875 204.65625 199.6812591552734375 193.21875 188.100006103515625 182.8562469482421875 176.818756103515625 173.78125 169.8874969482421875 168 172.625 180.25 188.4875030517578125 202.0500030517578125 216.9812469482421875 231.6312408447265625 242.693756103515625 252.4499969482421875 262.381256103515625 265.79998779296875 268.274993896484375 269.581268310546875 270.399993896484375 270.39373779296875 272.57501220703125 272.6875 272.850006103515625 275.056243896484375 279.88751220703125 287.9375 297.193756103515625
199.78125 196.75 193.1125030517578125 189.006256103515625 185.4375 183.4812469482421875 180.818756103515625 178.6437530517578125 177.90625 180.6875 188.875 197.506256103515625 205.4187469482421875 208.6125030517578125 205.443756103515625 200.5 194.6750030517578125 189.0625 182.5124969482421875 176.899993896484375 173.943756103515625 171.1875 169.225006103515625 174.3874969482421875 181.337493896484375 189.618743896484375 203.4375 219.587493896484375 234.75 246.8874969482421875 259.04998779296875 270.63751220703125 275.58123779296875 279.01873779296875 280 279.96875 282.23126220703125 282.774993896484375 282.01251220703125 283.09375 285.91876220703125 289.32501220703125 294.95001220703125 303.625
195.625 191.9875030517578125 186.868743896484375 182.8562469482421875 178.1875 175.618743896484375 172.6125030517578125 169.600006103515625 167.34375 166.056243896484375 177.475006103515625 192.787506103515625 202.4375 206.6687469482421875 204.993743896484375 200.506256103515625 195.09375 189.1750030517578125 183 176.6437530517578125 173.6999969482421875 171.0749969482421875 169.681243896484375 174.8874969482421875 181.625 190.2062530517578125 204.337493896484375 220.4250030517578125 236.7687530517578125 250.556243896484375 264.61248779296875 277.86248779296875 284.58123779296875 288.9375 291.337493896484375 292.774993896484375 293.056243896484375 293.0625 292.17498779296875 292.09375 293.11248779296875 296.212493896484375 300.943756103515625 307.73748779296875
191.243743896484375 187.3874969482421875 181.7312469482421875 176.537506103515625 171.662506103515625 168.7312469482421875 165.962493896484375 163.2624969482421875 162.28125 159.993743896484375 177.5749969482421875 194.8562469482421875 202.087493896484375 205.25 203.850006103515625 199.8562469482421875 194.056243896484375 188.350006103515625 181.524993896484375 174.78125 172.381256103515625 169.9812469482421875 169.4187469482421875 174.6437530517578125 181.725006103515625 190.4749908447265625 204.6125030517578125 221.2062530517578125 238.131256103515625 254.2937469482421875 269.11248779296875 284.26251220703125 291.925018310546875 297.83123779296875 300.837493896484375 302.693756103515625 302.78125 302.70623779296875 301.34375 299.993743896484375 299.20623779296875 301.524993896484375 304.0625 308.42498779296875
186.037506103515625 182.712493896484375 176.5812530517578125 171.493743896484375 165.993743896484375 163.2062530517578125 161.4375 160.4187469482421875 162.9187469482421875 172.024993896484375 190.65625 195.625 197.3874969482421875 199.100006103515625 198.3874969482421875 195.037506103515625 190.9812469482421875 185.78125 179.34375 173.53125 171.118743896484375 169.3562469482421875 170.0749969482421875 175.193756103515625 182.375 191.9499969482421875 205.962493896484375 222.28125 239.40625 255.787506103515625 272.45623779296875 287.587493896484375 295.243743896484375 301.60626220703125 307.625 309.07501220703125 308.225006103515625 308.600006103515625 306.20623779296875 302.48748779296875 301.337493896484375 302.09375 304.04998779296875 307.16876220703125
180.631256103515625 178.493743896484375 172.368743896484375 166.1875 160.4875030517578125 157.9875030517578125 156.212493896484375 156.756256103515625 161.024993896484375 169.8249969482421875 180.0749969482421875 186.0437469482421875 189.5187530517578125 191.4499969482421875 191.6875 190.493743896484375 188.0437469482421875 183.618743896484375 177.725006103515625 172.868743896484375 169.71875 168.337493896484375 169.1999969482421875 174.631256103515625 183.087493896484375 192.881256103515625 207.0625 223.2375030517578125 240.462493896484375 257.07501220703125 273.41876220703125 290.73748779296875 301 307.537506103515625 312.38751220703125 313.837493896484375 312.41876220703125 311.11248779296875 308.75 303.850006103515625 301.45623779296875 301.818756103515625 302.65625 303.649993896484375
