data/historical-monthly-weather-data/wc2.1_cruts4.09_10m_prec_2024-10.asc
ncols        45
nrows        45
xllcorner    -63.500000000000
yllcorner    -7.500000000000
cellsize     0.166666666667
NODATA_value -9999
[rows 19 to 37 of 45, columns 0 to 43 of 45]
118.53125 133.8625030517578125 139.3125 143.0500030517578125 146.2624969482421875 147.118743896484375 146.693756103515625 144.7562408447265625 139.8125 133.3562469482421875 125.5187530517578125 117.7312469482421875 110.30625152587890625 103.4562530517578125 99.25624847412109375 96.02500152587890625 91.7375030517578125 89.7624969482421875 88.6125030517578125 88.36875152587890625 87.875 89.5 93.72499847412109375 99.36875152587890625 103.06874847412109375 103.6125030517578125 102.3937530517578125 99.4812469482421875 92.8249969482421875 84.7375030517578125 79.5187530517578125 81.84375 83.7687530517578125 85.2624969482421875 85.31874847412109375 81.38124847412109375 79.21250152587890625 78.88124847412109375 77.7687530517578125 75.3125 71.8874969482421875 67.84375 61.59999847412109375 55.86875152587890625
115.61875152587890625 131.7687530517578125 138.6374969482421875 143.4375 147.4375 148.462493896484375 148.7687530517578125 147.2375030517578125 142.524993896484375 135.399993896484375 127.21875 118.61875152587890625 110.5500030517578125 102.59999847412109375 98.0124969482421875 94.08750152587890625 90.05625152587890625 87.75624847412109375 87.71875 87.36875152587890625 88.3562469482421875 90.375 92.90625 97.2624969482421875 101.25 103.11875152587890625 102.9187469482421875 99.46875 95.47499847412109375 92.21875 90.4250030517578125 91.8125 93.22499847412109375 95.6687469482421875 98.2624969482421875 93.38124847412109375 87.8625030517578125 84.78749847412109375 81.58750152587890625 78.3249969482421875 74.6374969482421875 70.36875152587890625 64.77500152587890625 59.55625152587890625
113.03125 130.1750030517578125 137.9562530517578125 143.524993896484375 148.4562530517578125 150.306243896484375 150.850006103515625 150.087493896484375 146.337493896484375 138.774993896484375 129.5 120.25 111.7624969482421875 104.5 99.34375 95.3625030517578125 92.0500030517578125 89.9187469482421875 89.13124847412109375 88.88124847412109375 88.75624847412109375 90.15625 92.6999969482421875 96.2937469482421875 99.1999969482421875 101.1999969482421875 102.7312469482421875 101.875 100.9250030517578125 100.09375 99.8937530517578125 101.25624847412109375 102.09999847412109375 104 104.43125152587890625 100.6125030517578125 94.9250030517578125 90.08750152587890625 85.625 81.84375 77.7687530517578125 73.25624847412109375 68.25 63.0625
112.16249847412109375 130.625 139.1687469482421875 145.1750030517578125 149.65625 151.618743896484375 152.6999969482421875 153.100006103515625 151.21875 142.412506103515625 132.15625 121.9187469482421875 113.7937469482421875 107.27500152587890625 101.8874969482421875 97.5749969482421875 94.1374969482421875 92.46250152587890625 91.3000030517578125 90.4875030517578125 90.6999969482421875 91.1750030517578125 92.61875152587890625 95.81874847412109375 98.28749847412109375 99.3125 102.05625152587890625 104.3874969482421875 105.0437469482421875 106.1875 108.15625 110.5749969482421875 110.58750152587890625 111.31874847412109375 110.68125152587890625 106.53749847412109375 100.96250152587890625 95.03125 89.96875 86.78125 82.875 78.13124847412109375 72.90000152587890625 67.36875152587890625
113.6875 132.78125 142.493743896484375 147.5124969482421875 151.337493896484375 152.962493896484375 153.475006103515625 154.0437469482421875 151.7687530517578125 143.59375 133.1125030517578125 123.90625 116.2937469482421875 110.0187530517578125 105.1062469482421875 100.80625152587890625 97.56874847412109375 95.69374847412109375 94.21875 93.03125 93.1437530517578125 93.71875 94.125 96.52500152587890625 98.2312469482421875 98.3249969482421875 100.2062530517578125 104.4562530517578125 108.2624969482421875 111.4187469482421875 114.65625 117.69374847412109375 117.90000152587890625 117.8625030517578125 117.1125030517578125 113.8625030517578125 108.83750152587890625 102.75624847412109375 97.94374847412109375 94.1062469482421875 90.0124969482421875 84.94374847412109375 79.13124847412109375 72.96875
119.1062469482421875 137.225006103515625 146.962493896484375 150.256256103515625 153.0812530517578125 153.78125 153.3125 152.2062530517578125 148.9875030517578125 142.631256103515625 134.475006103515625 126.4187469482421875 119.5812530517578125 113.71875 108.80625152587890625 104.8625030517578125 101.43125152587890625 99.4812469482421875 97.7937469482421875 96.49375152587890625 96.25624847412109375 95.8625030517578125 96.3562469482421875 98.1875 99.81874847412109375 101.3125 103.65625 107.77500152587890625 112.1437530517578125 116.1374969482421875 119.9187469482421875 122.78125 123.9187469482421875 123.8000030517578125 123.43125152587890625 120.27500152587890625 116.8000030517578125 112.8125 107.7062530517578125 103.75 99.3125 93.46875 86.8312530517578125 80.63124847412109375
126.1999969482421875 142.03125 148.193756103515625 151.90625 153.8000030517578125 153.5124969482421875 152.2437591552734375 150.225006103515625 147.2062530517578125 142.40625 134.899993896484375 128.5500030517578125 122.4499969482421875 117.0500030517578125 112.8625030517578125 108.9499969482421875 105.78749847412109375 103.49375152587890625 101.7624969482421875 100.24375152587890625 99.81874847412109375 99.0749969482421875 99.1999969482421875 101.0812530517578125 103.0812530517578125 105.19374847412109375 108.4875030517578125 112.21875 116.44374847412109375 120.8249969482421875 124.0437469482421875 127.96875 129.71875 129.787506103515625 130.149993896484375 127.7937469482421875 125.2937469482421875 122.88124847412109375 118.47499847412109375 114.49375152587890625 110.05625152587890625 103.72499847412109375 96.30625152587890625 89.65625
134.618743896484375 145.725006103515625 149.9812469482421875 152.3000030517578125 153.375 153.1374969482421875 151.524993896484375 149.368743896484375 146 141.243743896484375 136.1875 131.1750030517578125 126.18125152587890625 121.59375 117.375 113.8937530517578125 110.3000030517578125 108.27500152587890625 106.2312469482421875 104.4187469482421875 103.88124847412109375 102.91249847412109375 102.625 105.375 107.21250152587890625 109.53749847412109375 112.8625030517578125 116.6750030517578125 121.0500030517578125 125.0749969482421875 129.162506103515625 132.3000030517578125 134.78125 135.8874969482421875 136.40625 135.5 134.431243896484375 133.1999969482421875 130.0749969482421875 127.35625457763671875 123.5500030517578125 117.6125030517578125 110.31874847412109375 103.21875
142.806243896484375 150.3125 152.506256103515625 153.4875030517578125 153.4875030517578125 152.756256103515625 151.4375 148.837493896484375 145.493743896484375 141.725006103515625 137.2312469482421875 133.34375 129.850006103515625 125.68125152587890625 122 118.65625 115.5812530517578125 112.8937530517578125 110.94374847412109375 109.40625 108.27500152587890625 107.05625152587890625 107.09999847412109375 109.31874847412109375 111.3312530517578125 113.94374847412109375 117.7687530517578125 121.88124847412109375 125.5187530517578125 129.3249969482421875 132.8000030517578125 136.350006103515625 139.3562469482421875 141.15625 143.287506103515625 143.162506103515625 142.9499969482421875 143.9187469482421875 141.7624969482421875 140.65625 139.368743896484375 133.3562469482421875 125.00624847412109375 118.68125152587890625
150.75 155.193756103515625 155.024993896484375 154.8937530517578125 154.006256103515625 152.3000030517578125 150.2624969482421875 148.0124969482421875 145.25 142.5124969482421875 139.2312469482421875 136.3000030517578125 133.4499969482421875 129.9562530517578125 126.88124847412109375 123.68125152587890625 120.94374847412109375 118.2312469482421875 115.94374847412109375 114.25 112.6999969482421875 111.5187530517578125 111.25 113.33750152587890625 115.40000152587890625 118.3249969482421875 122.30625152587890625 126.3937530517578125 130.8249969482421875 134.006256103515625 136.681243896484375 140.0749969482421875 143.625 146.256256103515625 149.162506103515625 150.5749969482421875 151.65625 153.256256103515625 151.71875 151.600006103515625 152.243743896484375 146.618743896484375 138.71875 134.4875030517578125
156.1437530517578125 157.975006103515625 156.618743896484375 154.8562469482421875 153.693756103515625 151.306243896484375 149.6374969482421875 148.1750030517578125 146.5625 144.1125030517578125 142.1875 139.6999969482421875 137.899993896484375 135.3000030517578125 132.375 129.8249969482421875 126.6750030517578125 124.4499969482421875 121.84375 119.2312469482421875 117.8625030517578125 116.59375 115.8562469482421875 117.4250030517578125 119.7687530517578125 123.1875 127.03125 130.868743896484375 134.6374969482421875 137.681243896484375 140.75 144.037506103515625 147.806243896484375 151.568756103515625 154.9250030517578125 157.25 159.28125 162.225006103515625 159.787506103515625 158.9562530517578125 159.7062530517578125 157.818756103515625 152.84375 151.2062530517578125
160.6875 159.6687469482421875 157.725006103515625 154.6125030517578125 153.118743896484375 151.8125 150.2312469482421875 149.0625 147.7437591552734375 145.96875 145.1687469482421875 143.943756103515625 143.28125 141.443756103515625 138.368743896484375 136.0437469482421875 133.6125030517578125 130.743743896484375 127.81874847412109375 125.19374847412109375 123.18125152587890625 121.75 120.8249969482421875 122.18125152587890625 124.46875 127.4250030517578125 131.1999969482421875 134.9187469482421875 138.3937530517578125 141.256256103515625 144.649993896484375 147.962493896484375 152.1999969482421875 156.774993896484375 160.899993896484375 163.506256103515625 166.8249969482421875 170.8000030517578125 167.7937469482421875 163.0812530517578125 164.725006103515625 166.850006103515625 166.506256103515625 165.5812530517578125
162.71875 159.4812469482421875 156.3874969482421875 154.1437530517578125 153.6374969482421875 151.493743896484375 150.162506103515625 149.5187530517578125 148.774993896484375 147.962493896484375 147.7312469482421875 147.8312530517578125 147.5812530517578125 146.9375 145.0500030517578125 142.9187469482421875 139.9812469482421875 136.34375 133.9375 131.1125030517578125 128.7624969482421875 126.90625 125.81874847412109375 126.78749847412109375 129.024993896484375 131.537506103515625 135.131256103515625 138.8125 142.03125 145.1999969482421875 148.5 151.4812469482421875 156.306243896484375 161.9375 166.149993896484375 169.912506103515625 174.34375 178.9250030517578125 175.2624969482421875 172.243743896484375 175.399993896484375 179.34375 180.40625 181.662506103515625
156.943756103515625 153.5437469482421875 151.225006103515625 150.225006103515625 149.6125030517578125 148.7375030517578125 148.399993896484375 148.493743896484375 148.21875 148.399993896484375 151.1437530517578125 151.8000030517578125 153.3625030517578125 154.5812530517578125 152.787506103515625 150.1999969482421875 146.7062530517578125 143.149993896484375 140.2062530517578125 137.2375030517578125 134.568756103515625 132.4250030517578125 130.774993896484375 131.8312530517578125 133.5500030517578125 135.65625 139.0500030517578125 142.256256103515625 145.4375 149.337493896484375 152.7062530517578125 156.0437469482421875 160.03125 166.118743896484375 172.1374969482421875 177.806243896484375 182.375 186.0812530517578125 184.693756103515625 186.556243896484375 190.943756103515625 194.693756103515625 197.3249969482421875 199.5500030517578125
148.631256103515625 146.2062530517578125 145.4187469482421875 145.3937530517578125 144.7312469482421875 145.3937530517578125 146.3312530517578125 147.59375 147.1437530517578125 148.256256103515625 151.0749969482421875 155.28125 160.006256103515625 161.3249969482421875 160.2937469482421875 157.4375 153.899993896484375 150.375 146.4562530517578125 143.6750030517578125 140.625 138.024993896484375 136.0812530517578125 136.181243896484375 137.881256103515625 139.65625 142.40625 145.412506103515625 148.8000030517578125 152.8000030517578125 156.875 160.931243896484375 165.9875030517578125 171.34375 178.506256103515625 184.587493896484375 189.3562469482421875 193.6875 195.712493896484375 200.212493896484375 204.6125030517578125 209.181243896484375 214.350006103515625 218.475006103515625
139.8562469482421875 138.5749969482421875 138.2624969482421875 139.181243896484375 139.3249969482421875 141.1437530517578125 143.09375 145.5437469482421875 144.756256103515625 146.4250030517578125 151.037506103515625 157.8000030517578125 165.337493896484375 169.6125030517578125 167.3312530517578125 164.431243896484375 161.056243896484375 157.2062530517578125 153.256256103515625 149.587493896484375 146.556243896484375 143.337493896484375 141.03125 140.462493896484375 141.662506103515625 143.100006103515625 145.8937530517578125 149.1999969482421875 152.4812469482421875 156.3625030517578125 160.462493896484375 165.2687530517578125 170.8312530517578125 177.368743896484375 184 189.5437469482421875 194.65625 201.4187469482421875 205.5437469482421875 210.818756103515625 216.4812469482421875 221.087493896484375 227.46875 232.6750030517578125
128.662506103515625 127.9187469482421875 128.7375030517578125 129.431243896484375 130.193756103515625 132.681243896484375 134.6125030517578125 136.875 137.318756103515625 139.90625 147.337493896484375 156.693756103515625 167.118743896484375 173.181243896484375 172.4875030517578125 170.0625 166.8874969482421875 163.3937530517578125 159.5187530517578125 155.53125 152.493743896484375 149.4187469482421875 146 145.193756103515625 145.6687469482421875 146.2937469482421875 148.6437530517578125 151.774993896484375 154.899993896484375 159.3312530517578125 163.537506103515625 168.4499969482421875 174.181243896484375 181.493743896484375 187.350006103515625 191.962493896484375 199.2687530517578125 205.21875 209.9375 215.243743896484375 221.693756103515625 227.03125 231.1750030517578125 237.34375
117.28125 117.1750030517578125 118.4375 119.69374847412109375 120.9375 123.4562530517578125 125.53749847412109375 127.71875 129.2062530517578125 131.6687469482421875 142.368743896484375 157.1062469482421875 167.850006103515625 174.306243896484375 175.712493896484375 174.868743896484375 172.2312469482421875 169.0812530517578125 164.90625 160.6437530517578125 157.3874969482421875 153.9499969482421875 150.912506103515625 149.337493896484375 148.9375 149.225006103515625 151.1687469482421875 154.125 157.556243896484375 162.037506103515625 166.806243896484375 171.212493896484375 178.193756103515625 185.556243896484375 190.4375 196.368743896484375 202.8249969482421875 209.40625 214.0500030517578125 218.7687530517578125 224.6999969482421875 228.4562530517578125 233.7687530517578125 240.649993896484375
106.16249847412109375 106.65625 108.24375152587890625 110.0187530517578125 111.9187469482421875 114.8249969482421875 118.0812530517578125 120.91249847412109375 124.5187530517578125 127.47499847412109375 144.243743896484375 160.3125 169.8000030517578125 176.875 178.9375 179.0749969482421875 177.1374969482421875 174.0187530517578125 170.131256103515625 165.5 161.725006103515625 157.475006103515625 154.1999969482421875 152.0812530517578125 151.774993896484375 151.850006103515625 153.2624969482421875 156.0749969482421875 159.40625 164.350006103515625 168.556243896484375 173.71875 181.006256103515625 187.881256103515625 193.78125 198.587493896484375 205.4812469482421875 211.1062469482421875 216.8937530517578125 222.1687469482421875 225.65625 230.412506103515625 234.225006103515625 239.6187591552734375
