data/historical-monthly-weather-data/wc2.1_cruts4.09_10m_prec_1992-07.asc
ncols        51
nrows        45
xllcorner    -63.500000000000
yllcorner    -7.500000000000
cellsize     0.166666666667
NODATA_value -9999
[rows 19 to 37 of 45, columns 0 to 43 of 51]
225.0124969482421875 230.368743896484375 228.6437530517578125 226.3312530517578125 222.0500030517578125 221.5 209.662506103515625 202.600006103515625 194.287506103515625 180.6687469482421875 169.7062530517578125 167.1999969482421875 160.2937469482421875 153.0749969482421875 140.068756103515625 125.65000152587890625 116.09999847412109375 121.7062530517578125 111.2062530517578125 104.22499847412109375 91.50624847412109375 89.40625 91.46250152587890625 94.27500152587890625 93.75624847412109375 88.46250152587890625 87.49375152587890625 90.7062530517578125 90.46250152587890625 89.49375152587890625 94.31874847412109375 105.50624847412109375 109.68125152587890625 113.31874847412109375 118.5124969482421875 126.2937469482421875 130.287506103515625 131.2062530517578125 129.725006103515625 122.6437530517578125 110.28125 98.9499969482421875 93.6875 86.97499847412109375
205.493743896484375 222.6999969482421875 230.181243896484375 223.34375 215.412506103515625 214.53125 206.537506103515625 200.506256103515625 190.78125 179.837493896484375 167.3000030517578125 164.3000030517578125 159.3874969482421875 150.5 138.149993896484375 126.50624847412109375 119.06874847412109375 115.46250152587890625 114.15000152587890625 103.4187469482421875 100.91249847412109375 98.18125152587890625 97.05625152587890625 100.52500152587890625 98.96875 91.91249847412109375 85.7375030517578125 87.8562469482421875 91.03125 92.4875030517578125 99.4187469482421875 106.63124847412109375 106.24375152587890625 110.6374969482421875 115.94374847412109375 121.53125 125.53749847412109375 123.875 119.3874969482421875 112.22499847412109375 103.9375 97.34999847412109375 90.6125030517578125 85.15625
201.1437530517578125 205.3249969482421875 215.6750030517578125 216.7624969482421875 213.9187469482421875 204.712493896484375 198.381256103515625 192.78125 185.962493896484375 176.2125091552734375 167.625 159.2624969482421875 152.1999969482421875 150.09375 143.962493896484375 132.6374969482421875 128.9375 122.125 117.83750152587890625 111.47499847412109375 103.1374969482421875 99.93125152587890625 99.0124969482421875 96.96250152587890625 92.4875030517578125 87.2312469482421875 89.05625152587890625 87.63124847412109375 93.59375 98.69374847412109375 101.46250152587890625 103.84375 104.2062530517578125 106.43125152587890625 108.3125 114.71250152587890625 118.0749969482421875 117.13124847412109375 113.2937469482421875 107.6999969482421875 101.03125 95.78125 90.46250152587890625 85.09375
196.1875 209.600006103515625 215.1374969482421875 213.212493896484375 208.837493896484375 202.5749969482421875 186.712493896484375 181.2312469482421875 177.875 176.462493896484375 170.475006103515625 161.9812469482421875 158.25 153.1374969482421875 150.0124969482421875 144.306243896484375 134.7687530517578125 124.66249847412109375 118.19374847412109375 114.4375 112.0625 104.93125152587890625 100.0625 96.875 94.96250152587890625 87.9499969482421875 86.15000152587890625 88.6750030517578125 91.1750030517578125 93.7375030517578125 96.25 99.84999847412109375 99.3562469482421875 98.74375152587890625 101.84375 103.86875152587890625 108.41249847412109375 106.6750030517578125 106.0812530517578125 103.4499969482421875 98.52500152587890625 92.1062469482421875 87.7687530517578125 82.77500152587890625
184.8874969482421875 202.7062530517578125 213.8937530517578125 210.78125 206.1999969482421875 196.0187530517578125 190.4250030517578125 181.3625030517578125 172.8625030517578125 165.725006103515625 162.024993896484375 164.1062469482421875 159.9375 156.9562530517578125 149.618743896484375 143.9187469482421875 133.743743896484375 128.462493896484375 121.1374969482421875 119.4250030517578125 112.88124847412109375 109.43125152587890625 103.7937469482421875 102.9375 99.1437530517578125 90.7624969482421875 90.59999847412109375 87.61875152587890625 87.90000152587890625 89.3562469482421875 91.69374847412109375 93.8625030517578125 91.59999847412109375 89.4250030517578125 94.3874969482421875 94.05625152587890625 98.96875 100.94374847412109375 100.5 97.68125152587890625 94.3625030517578125 88.9250030517578125 85.4250030517578125 80.2937469482421875
179.1062469482421875 198.2375030517578125 212.381256103515625 211.9250030517578125 208.7312469482421875 195.3312530517578125 187.8874969482421875 179.412506103515625 171.125 167.806243896484375 164.149993896484375 156.8562469482421875 158.506256103515625 153.931243896484375 146.09375 137.6062469482421875 131.618743896484375 128.1062469482421875 123.5187530517578125 119.86875152587890625 115.8249969482421875 111.0625 110.1062469482421875 105.9499969482421875 98.46250152587890625 94.68125152587890625 89.0187530517578125 85.6687469482421875 83.68125152587890625 84.44374847412109375 82.63124847412109375 81.91249847412109375 82.80625152587890625 81.9812469482421875 83.05625152587890625 85.84375 91.19374847412109375 92.3562469482421875 93.3937530517578125 92.3874969482421875 88.5437469482421875 85.40625 82.75624847412109375 77.6750030517578125
184.0749969482421875 202.006256103515625 205.3687591552734375 208.2312469482421875 204.743743896484375 193.75 185.3249969482421875 176.125 166.225006103515625 156.65625 160.212493896484375 156.21875 149.787506103515625 146.3249969482421875 141.0124969482421875 135.2312469482421875 128.7062530517578125 125.4250030517578125 122.6062469482421875 118.06874847412109375 117.71875 114.2312469482421875 112.84375 108.5437469482421875 99.84375 92.34999847412109375 88.09999847412109375 82.9562530517578125 78.47499847412109375 76.25624847412109375 73.96250152587890625 71.77500152587890625 71.1437530517578125 72.18125152587890625 75.83750152587890625 79.1374969482421875 83.5812530517578125 86.75624847412109375 87.56874847412109375 86.9187469482421875 86.0749969482421875 81.5437469482421875 78.34375 73.4499969482421875
181.9875030517578125 192.399993896484375 200.2375030517578125 203.462493896484375 199.1437530517578125 190.662506103515625 183.431243896484375 173.0500030517578125 160.0812530517578125 159.181243896484375 159.1687469482421875 154.318756103515625 148.1062469482421875 140.4875030517578125 134.181243896484375 132.0437469482421875 126.30625152587890625 120.7375030517578125 119.125 116.7937469482421875 113.15625 110.71875 110.90000152587890625 109.24375152587890625 98.4875030517578125 87.8000030517578125 83.06874847412109375 78.8874969482421875 74.74375152587890625 69.51250457763671875 67.73749542236328125 63.081249237060546875 61.97499847412109375 66.49375152587890625 69.13124847412109375 73.75624847412109375 75.7687530517578125 78.9499969482421875 80.75624847412109375 81.58750152587890625 82.6062469482421875 79.44374847412109375 75.34375 70.21250152587890625
180.7687530517578125 184.212493896484375 190.21875 196.1750030517578125 192.3562469482421875 185.2937469482421875 178.256256103515625 167.9812469482421875 159.9187469482421875 156.5625 153.306243896484375 145.806243896484375 139.9250030517578125 133.2312469482421875 126.7312469482421875 123.11875152587890625 119.4250030517578125 115.74375152587890625 110.9812469482421875 110.1062469482421875 109.99375152587890625 106.4499969482421875 102.3562469482421875 100.4499969482421875 93.3000030517578125 83.9499969482421875 79.0625 74.8625030517578125 70.69374847412109375 67.1687469482421875 63.818752288818359375 60.84999847412109375 59.90625 61.018749237060546875 63.97499847412109375 67.78125 69.56874847412109375 72.94374847412109375 75.4812469482421875 78.40625 79.28749847412109375 78.8937530517578125 73.27500152587890625 69.0625
176.056243896484375 179.5187530517578125 186.4375 182.8249969482421875 182.125 173.0124969482421875 165.4499969482421875 160.2062530517578125 152.8312530517578125 150.7937469482421875 146.21875 138.65625 132.943756103515625 127.71250152587890625 121.9812469482421875 117.88124847412109375 115.75624847412109375 109.0812530517578125 106.09999847412109375 104.93125152587890625 103.0500030517578125 99.65625 96.8625030517578125 92.81874847412109375 86.74375152587890625 79.28125 74.7375030517578125 70.7687530517578125 68.71250152587890625 65.30625152587890625 61.200000762939453125 58.55625152587890625 57.15625 57.3125 59.59375 62.80625152587890625 64.80625152587890625 67.78749847412109375 70.0812530517578125 71.0749969482421875 73.93125152587890625 71.66249847412109375 68.5 64.88124847412109375
164.462493896484375 172.381256103515625 175.53125 172.5437469482421875 167.8874969482421875 161.899993896484375 154.0625 152.4375 148.3937530517578125 143.53125 139.118743896484375 134.662506103515625 128.568756103515625 121.06874847412109375 115.7062530517578125 111.5749969482421875 107.1437530517578125 103.25 98.8125 96.18125152587890625 95.2375030517578125 91.66249847412109375 89.13124847412109375 83.91249847412109375 79.2624969482421875 73.7312469482421875 69.3562469482421875 66.33750152587890625 64.58750152587890625 61.243747711181640625 58.22499847412109375 55.40000152587890625 53.90625 54.21875 55.30625152587890625 57.38124847412109375 60.987499237060546875 62.38124847412109375 62.643749237060546875 63.97499847412109375 67.0625 66.0187530517578125 63.418750762939453125 59.65000152587890625
155.725006103515625 161.8874969482421875 158.0437469482421875 160.5749969482421875 159.381256103515625 155.5500030517578125 148.4187469482421875 144.2312469482421875 140.71875 136.9812469482421875 133.868743896484375 127.90625 124.90000152587890625 114.8874969482421875 108.3249969482421875 104.86875152587890625 102.9250030517578125 95.84375 89.68125152587890625 89.2312469482421875 88.59999847412109375 85.1750030517578125 81.58750152587890625 75.75 70.93125152587890625 68.56874847412109375 64.94374847412109375 61.200000762939453125 58.34375 56.612499237060546875 54.424999237060546875 52.88124847412109375 51.96875 52.356250762939453125 52.856250762939453125 53.46875 55.53125 58.137500762939453125 57.0625 56.075000762939453125 57.825000762939453125 58.86875152587890625 57.21250152587890625 53.71250152587890625
146.193756103515625 145.475006103515625 142.2312469482421875 142.0187530517578125 144.0500030517578125 143.03125 140.6062469482421875 136.243743896484375 134.1125030517578125 128.78125 126.41249847412109375 123.49375152587890625 117.4187469482421875 112.09375 105.93125152587890625 101.0437469482421875 96.7312469482421875 89.96250152587890625 83.1750030517578125 82.7687530517578125 79.9875030517578125 77.36875152587890625 73.25 68.22499847412109375 65.55625152587890625 62.018749237060546875 59.293750762939453125 57.25624847412109375 53.61875152587890625 52.418750762939453125 51.700000762939453125 50.356250762939453125 49.13124847412109375 49.36875152587890625 50.206249237060546875 50.043750762939453125 51.93125152587890625 51.293750762939453125 50.543750762939453125 51.25624847412109375 52.46875 52.081249237060546875 50.72499847412109375 49.75624847412109375
131.100006103515625 128.962493896484375 124.53749847412109375 123.75624847412109375 126.03749847412109375 125.59375 125.5124969482421875 123.71250152587890625 119.2624969482421875 119.3625030517578125 120.15000152587890625 114.58750152587890625 110.59375 107.5625 102.1437530517578125 94.8625030517578125 88.0625 84.8000030517578125 80.2312469482421875 78.5625 74.81874847412109375 70.43125152587890625 65.53125 62.28125 60.6875 57.293750762939453125 55.75 52.93125152587890625 50.924999237060546875 49.200000762939453125 48.3125 46.9375 45.25 45.55625152587890625 46.981250762939453125 47.84999847412109375 47.16249847412109375 46.46875 46.143749237060546875 47.9375 48.88124847412109375 48.9375 46.331249237060546875 46
116.3312530517578125 114.5187530517578125 112.8874969482421875 112.49375152587890625 112.0500030517578125 108.88124847412109375 108.72499847412109375 105.69374847412109375 106.90000152587890625 105.55625152587890625 107.3312530517578125 106.21250152587890625 104.625 100.3125 94.8562469482421875 87.0812530517578125 81.68125152587890625 77.9812469482421875 73.9499969482421875 71.625 68.9499969482421875 63.424999237060546875 60.30625152587890625 57.862499237060546875 55.0625 52.075000762939453125 50.66249847412109375 49.375 47.512500762939453125 46.331249237060546875 45.49375152587890625 43.956249237060546875 42.40000152587890625 43.112499237060546875 43.99375152587890625 43.924999237060546875 42.47499847412109375 42.200000762939453125 43.143749237060546875 44.03125 45.200000762939453125 45.918750762939453125 45.46250152587890625 44.25624847412109375
103.8249969482421875 99.21875 100.61875152587890625 99.8562469482421875 100.65625 98.1750030517578125 95.63750457763671875 93.24375152587890625 91.1687469482421875 91.3249969482421875 94.9499969482421875 97.5500030517578125 100.31874847412109375 98.0625 89.78125 82.22499847412109375 76.0187530517578125 71.7624969482421875 69.1437530517578125 65.58750152587890625 62.856250762939453125 59.56874847412109375 55.77500152587890625 53.40000152587890625 50.81874847412109375 47.950000762939453125 46.81874847412109375 45.6875 44 41.08750152587890625 40.518749237060546875 40.71250152587890625 40.0625 40.28125 40 39.762500762939453125 39.36875152587890625 39.956249237060546875 40.11875152587890625 40.09999847412109375 40.55625152587890625 40.4375 41.97499847412109375 41.58750152587890625
89.56874847412109375 87.58750152587890625 89.69374847412109375 87.43125152587890625 87.4875030517578125 84.7624969482421875 82.9562530517578125 80.6374969482421875 78.4875030517578125 77.3125 80.46875 85.34375 91.21875 87.75 82.53749847412109375 76.0625 70.80625152587890625 66.25 62.46250152587890625 59.66249847412109375 55.00624847412109375 53.637500762939453125 49.90000152587890625 47.55625152587890625 44.72499847412109375 43.950000762939453125 43 42.02500152587890625 40.4375 38.125 37.549999237060546875 38.075000762939453125 37.325000762939453125 37.6062469482421875 37.5 36.612499237060546875 36.6750030517578125 36.799999237060546875 37.799999237060546875 37.875 37.262500762939453125 37.625 37.299999237060546875 37.40000152587890625
75.80625152587890625 76.1750030517578125 77.09375 74.80625152587890625 74.7312469482421875 74.0124969482421875 72.3874969482421875 70.1437530517578125 67.11875152587890625 63.55625152587890625 67.4375 73.9562530517578125 78.36875152587890625 76.72499847412109375 73.75 69.00624847412109375 63.9375 59.27500152587890625 55.74375152587890625 53.49375152587890625 49.28125 46.52500152587890625 43.893749237060546875 42.74375152587890625 40.456249237060546875 39.456249237060546875 38.81874847412109375 37.68125152587890625 36.450000762939453125 35.61875152587890625 34.84375 34.518749237060546875 33.825000762939453125 34.137500762939453125 34.09999847412109375 33.00624847412109375 32.893749237060546875 34.231250762939453125 35.518749237060546875 35.068752288818359375 34.08750152587890625 34.375 33.956249237060546875 34.91249847412109375
62.90625 64.5812530517578125 63.837497711181640625 64.2624969482421875 64.3249969482421875 63.731250762939453125 62.700000762939453125 60.856250762939453125 58.52500152587890625 54.53749847412109375 61.924999237060546875 67.33750152587890625 68.6687469482421875 68.0437469482421875 66.30625152587890625 62.52500152587890625 56.524997711181640625 54.11875152587890625 50.21250152587890625 47.90000152587890625 45.018749237060546875 42.168750762939453125 39.16249847412109375 38.387500762939453125 37.200000762939453125 36.200000762939453125 35.293750762939453125 34.38124847412109375 33.43125152587890625 32.318752288818359375 30.450000762939453125 30.700000762939453125 30.200000762939453125 30.71875 29.975000381469726562 28.850000381469726562 30.100000381469726562 31.037500381469726562 32.075000762939453125 32.012500762939453125 31.387500762939453125 32.450000762939453125 31.868749618530273438 30.174999237060546875
