data/historical-monthly-weather-data/wc2.1_cruts4.09_10m_prec_1984-01.asc
ncols        51
nrows        45
xllcorner    -63.500000000000
yllcorner    -7.500000000000
cellsize     0.166666666667
NODATA_value -9999
[rows 20 to 39 of 45, columns 0 to 44 of 51]
285.9375 289.393768310546875 293.475006103515625 299.42498779296875 305.6875 313.631256103515625 322.28125 328.13751220703125 331.48748779296875 332.100006103515625 331.83123779296875 333.95001220703125 339.46875 345.631256103515625 333.493743896484375 311.16876220703125 294.556243896484375 283.41876220703125 278.95001220703125 273.875 269.36248779296875 262.9375 256.056243896484375 254.3125 253.881256103515625 254.125 255.399993896484375 257.45623779296875 259.149993896484375 260.912506103515625 257.08123779296875 248.8562469482421875 234.131256103515625 218.9000091552734375 205.5625 213.5437469482421875 228.162506103515625 236.3125 234.712493896484375 225.0625 210.8874969482421875 198.131256103515625 188.662506103515625 181.15625 176.46875
281.51251220703125 283.64373779296875 287.71875 295.13751220703125 304.11248779296875 312.868743896484375 321.58123779296875 329.90625 333.60626220703125 329.79376220703125 323.70001220703125 316.649993896484375 313.46875 313.96875 309.3125 298.431243896484375 290.068756103515625 282.51873779296875 277.34375 273.03125 266.0625 260.1875 255.6374969482421875 254.4250030517578125 254.431243896484375 255.5124969482421875 259.318756103515625 259.70623779296875 258.65625 256.92498779296875 250.1125030517578125 241.649993896484375 231.4812469482421875 223.806243896484375 218.8312530517578125 225.78125 240.7375030517578125 251.3499908447265625 249.087493896484375 236.399993896484375 219.587493896484375 205.037506103515625 193.806243896484375 184.7375030517578125 178.7624969482421875
277.35626220703125 279.59375 281.837493896484375 289.131256103515625 299.98126220703125 311.368743896484375 320.84375 330.274993896484375 336.693756103515625 327.88751220703125 312.975006103515625 296.34375 285.14373779296875 284.212493896484375 287.34375 286.681243896484375 282.875 278.225006103515625 273.84375 269.462493896484375 263.48126220703125 257.39373779296875 252.2062530517578125 250.8125 252.5749969482421875 255.9375 260.8125 260.70623779296875 257.71875 252.5 244.662506103515625 237.5812530517578125 234.6750030517578125 232.693756103515625 233.7687530517578125 240.03125 254.8312530517578125 271.568756103515625 266.67498779296875 246.4562530517578125 226.40625 210.943756103515625 197.056243896484375 186.7624969482421875 180.1437530517578125
273.41876220703125 273.51251220703125 274.506256103515625 282.84375 296.07501220703125 307.40625 318.08123779296875 327.399993896484375 331.350006103515625 319.625 301.587493896484375 283 263.243743896484375 265.28125 274.212493896484375 277.59375 276.756256103515625 273.75 270.368743896484375 266.756256103515625 259.90625 253.475006103515625 248.225006103515625 246.4250030517578125 249.2312469482421875 252.850006103515625 259.149993896484375 258.57501220703125 255.475006103515625 252.3125 247.25 243.46875 242.7937469482421875 243.4812469482421875 246.3562469482421875 252.2062530517578125 263.53125 276.57501220703125 270.524993896484375 250.162506103515625 229.462493896484375 212.962493896484375 198.8125 188.037506103515625 181.8562469482421875
270.95623779296875 269.75 269.1875 280.70623779296875 297.51873779296875 307.381256103515625 315.412506103515625 321.806243896484375 321.20001220703125 311.88751220703125 296.90625 281.08123779296875 267.76251220703125 266.006256103515625 270.056243896484375 273.493743896484375 274.03125 272.631256103515625 268.993743896484375 263.587493896484375 256.368743896484375 248.5812530517578125 242.5749969482421875 240.1999969482421875 242.506256103515625 247.6125030517578125 252.84375 255.912506103515625 255.3187408447265625 255.6750030517578125 254.4875030517578125 254.53125 253.6125030517578125 254.7375030517578125 257.318756103515625 259.70623779296875 265.881256103515625 268.29998779296875 261.399993896484375 246.4187469482421875 227.9812469482421875 212.4124908447265625 198.868743896484375 189.2312469482421875 181.4375
275.193756103515625 276.943756103515625 278.26251220703125 289.11248779296875 301.556243896484375 309.381256103515625 314.399993896484375 316.274993896484375 313.48126220703125 305.506256103515625 295.13751220703125 284.92498779296875 275.59375 271.6875 271.8125 273.36248779296875 274.20001220703125 272.84375 269.100006103515625 262.706268310546875 255.25 244.8874969482421875 237.2312469482421875 232.6500091552734375 235.7687530517578125 242.46875 250.350006103515625 254.8562469482421875 257.42498779296875 258.54998779296875 262.26251220703125 265.42498779296875 265.774993896484375 264.962493896484375 266.14373779296875 265.17498779296875 265.54998779296875 262.35626220703125 254.0812530517578125 240.693756103515625 224.8312530517578125 210.056243896484375 196.4187469482421875 187.59375 182.1125030517578125
284.76251220703125 288.26873779296875 292.6875 300.73126220703125 308.6875 313.42498779296875 316.20001220703125 314.5 310.41876220703125 305.087493896484375 297.725006103515625 290.493743896484375 283.59375 279.51251220703125 277.70623779296875 278.024993896484375 277.95001220703125 276.10626220703125 272.85626220703125 265.100006103515625 255.368743896484375 245.65625 234.743743896484375 228.899993896484375 234.5 241.25 249.25 255.21875 259.78125 263.17498779296875 269.14373779296875 273.631256103515625 275.16876220703125 273.58123779296875 271.6875 269.318756103515625 266.65625 260.056243896484375 249.649993896484375 237.375 222.2687530517578125 207.2062530517578125 194.2937469482421875 186.2062530517578125 186.2375030517578125
297.412506103515625 301.35626220703125 307.131256103515625 313.399993896484375 318.850006103515625 319.59375 318.91876220703125 315.29998779296875 311.23126220703125 305.899993896484375 300.1875 295.1875 289.38751220703125 285.412506103515625 283.243743896484375 282.912506103515625 282.006256103515625 281.98126220703125 276.743743896484375 269.95001220703125 261.618743896484375 250.4250030517578125 243.2062530517578125 238.1999969482421875 240.368743896484375 244.725006103515625 251.787506103515625 257.274993896484375 262.60626220703125 268.48748779296875 274.006256103515625 278.75 279.76251220703125 277.33123779296875 275.118743896484375 271.51873779296875 266.29376220703125 259.29998779296875 249.2624969482421875 236.225006103515625 222.350006103515625 208.0124969482421875 194.1374969482421875 187.1437530517578125 195.4375
308.243743896484375 314 319.568756103515625 325.75 329.45623779296875 326.743743896484375 321.381256103515625 317.21875 312.131256103515625 307.506256103515625 303.243743896484375 298.79998779296875 294.29376220703125 292.318756103515625 290.53125 290.625 291.768768310546875 289.787506103515625 285.16876220703125 278.350006103515625 269.4375 259.068756103515625 252.475006103515625 248.537506103515625 248.375 250.3125 256.33123779296875 261.475006103515625 267.431243896484375 273.39373779296875 277.943756103515625 281.98748779296875 282.29376220703125 280.756256103515625 278.73126220703125 273.774993896484375 268.625 261.118743896484375 251.506256103515625 238.5812530517578125 223.431243896484375 210.087493896484375 199.53125 197.443756103515625 207
316.51251220703125 322.65625 329.65625 336.631256103515625 338.86248779296875 332.375 324.3125 319.14373779296875 313.681243896484375 308.475006103515625 305.54376220703125 303.45001220703125 300.818756103515625 299.743743896484375 299.59375 299.45001220703125 299.487518310546875 298.48748779296875 295.51251220703125 287.556243896484375 278.13751220703125 269.73748779296875 262.53125 258.037506103515625 257.26251220703125 258.35626220703125 262.868743896484375 267.125 272.443756103515625 277.23126220703125 282.037506103515625 285.600006103515625 284.79376220703125 284.193756103515625 281.88751220703125 277.26251220703125 271.65625 265.850006103515625 256.399993896484375 245.100006103515625 233.0749969482421875 222.806243896484375 215.350006103515625 214.212493896484375 217.787506103515625
321.5625 328.037506103515625 333.03125 339.60626220703125 342.90625 332.91876220703125 325.056243896484375 318.756256103515625 313.48748779296875 309.58123779296875 308.07501220703125 307.48126220703125 306.6875 305.79376220703125 306.88751220703125 307.04376220703125 307.962493896484375 307.943756103515625 305.23126220703125 297.57501220703125 287.462493896484375 278.337493896484375 272.20001220703125 267.368743896484375 265.26251220703125 266.66876220703125 270.350006103515625 273.64373779296875 278.76873779296875 282.20623779296875 286.350006103515625 289.587493896484375 288.21875 287.375 285.20001220703125 280.881256103515625 275.399993896484375 271.0625 263.649993896484375 253.8874969482421875 244.7062530517578125 236.9562530517578125 231.5 228.2312469482421875 230.3125
322.975006103515625 328.51251220703125 331.78125 335.28125 335.67498779296875 328.20623779296875 322.993743896484375 316.33123779296875 311.98748779296875 309.04376220703125 308.42498779296875 309.212493896484375 310.23126220703125 311.89373779296875 313.90625 314.33123779296875 313.6875 312.975006103515625 309.04998779296875 303.0625 293.225006103515625 284.649993896484375 279.3125 274.506256103515625 273.537506103515625 274.11248779296875 276.5 279.83123779296875 283.181243896484375 287.1875 290.63751220703125 293.225006103515625 292.068756103515625 291.100006103515625 289.20001220703125 284.600006103515625 281.07501220703125 275.73748779296875 268.58123779296875 261.28125 256.625 251.381256103515625 247.568756103515625 246.962493896484375 249.0999908447265625
319.306243896484375 323.79376220703125 326.61248779296875 328.506256103515625 326.756256103515625 320.681243896484375 314.82501220703125 309.45623779296875 304.82501220703125 304.98126220703125 308.087493896484375 310.98126220703125 315.89373779296875 320.837493896484375 321.76873779296875 321.168731689453125 319.16876220703125 316.162506103515625 311.42498779296875 306.14373779296875 297.5625 289.76873779296875 284.225006103515625 281.681243896484375 280.61248779296875 281.524993896484375 283.46875 284.881256103515625 287.931243896484375 292.931243896484375 295.70001220703125 296.818756103515625 296.25 295.993743896484375 293.618743896484375 290.068756103515625 286.225006103515625 281.42498779296875 274.506256103515625 271.84375 268.70623779296875 265.818756103515625 264.743743896484375 266.868743896484375 274.149993896484375
313.95623779296875 317.631256103515625 319.28125 320.212493896484375 317 311.89373779296875 306.850006103515625 301.51251220703125 298.118743896484375 298.118743896484375 303.29376220703125 312.36248779296875 321.725006103515625 327.89373779296875 328.649993896484375 326.59375 324.6875 321.149993896484375 314.681243896484375 308.15625 300.76873779296875 294.11248779296875 289.193756103515625 286.95623779296875 286.399993896484375 286.931243896484375 288.20001220703125 290.42498779296875 294.09375 297.493743896484375 300.85626220703125 302.17498779296875 301.17498779296875 301.39373779296875 299.412506103515625 295.79376220703125 291.28125 285.600006103515625 281.9375 280.54376220703125 278.32501220703125 277.95001220703125 279.524993896484375 283.67498779296875 292.524993896484375
310.225006103515625 312.01251220703125 312.70001220703125 311.600006103515625 308.756256103515625 304.287506103515625 298.35626220703125 292.95001220703125 287.79998779296875 289.368743896484375 298.693756103515625 312.225006103515625 327.912506103515625 337.61248779296875 337.243743896484375 333.03125 329.274993896484375 323.856231689453125 316.975006103515625 308.65625 302.837493896484375 297.131256103515625 292.88751220703125 290.868743896484375 291.006256103515625 290.618743896484375 292.831268310546875 295.806243896484375 299.28125 301.78125 304.95001220703125 307.399993896484375 306.96875 306.13751220703125 303.975006103515625 300.04376220703125 294.54998779296875 291.462493896484375 289.11248779296875 287.212493896484375 286.23748779296875 286.29376220703125 289.149993896484375 293.537506103515625 300.34375
307.362518310546875 307.59375 307.03125 304.931243896484375 301.625 295.556243896484375 289.78125 282.681243896484375 276.087493896484375 276.306243896484375 288.256256103515625 308.04376220703125 328.66876220703125 341.16876220703125 341.649993896484375 337.712493896484375 332.36248779296875 326.11248779296875 318.53125 309.875 303.66876220703125 299.162506103515625 294.78125 292.631256103515625 292.868743896484375 293.88751220703125 296.08123779296875 299.425018310546875 303.45623779296875 305.86248779296875 309.64373779296875 311.88751220703125 312.63751220703125 312.375 310.14373779296875 305.01873779296875 302.0625 297.89373779296875 293.70623779296875 291.756256103515625 290.993743896484375 291.71875 293.76873779296875 297.91876220703125 302.36248779296875
304.45623779296875 303.818756103515625 301.53125 298.73748779296875 294.943756103515625 289.28125 284.1875 276.100006103515625 266.506256103515625 260.756256103515625 278.08123779296875 309.28125 331.54998779296875 341.868743896484375 343.681243896484375 340.66876220703125 335.23126220703125 328.21875 319.91876220703125 310.475006103515625 304.86248779296875 299.225006103515625 295.443756103515625 293.73126220703125 294.64373779296875 296.76873779296875 299.45623779296875 303.712493896484375 307.943756103515625 310.76251220703125 314.28125 316.71875 318.46875 318.95001220703125 316.86248779296875 312.149993896484375 307.85626220703125 302.418731689453125 298.375 294.975006103515625 292.1875 292.712493896484375 295.712493896484375 298.962493896484375 302
301.868743896484375 300.36248779296875 297.1875 294.5625 291.15625 287.337493896484375 282.48748779296875 275.78125 267.75 260.037506103515625 291.98748779296875 324.475006103515625 339.256256103515625 345.568756103515625 346.743743896484375 343.54376220703125 337.306243896484375 330.631256103515625 322.493743896484375 312.70623779296875 306.03125 299.34375 294.98126220703125 293.868743896484375 295.39373779296875 298.64373779296875 301.399993896484375 306.006256103515625 310.95623779296875 314.899993896484375 318.006256103515625 319.63751220703125 321.837493896484375 323.41876220703125 321.681243896484375 317 310.931243896484375 305.5625 301.368743896484375 296.83123779296875 292.54998779296875 293.556243896484375 294.91876220703125 296.01873779296875 299.475006103515625
303.149993896484375 298.85626220703125 296.056243896484375 293.14373779296875 290.225006103515625 287.15625 283.4375 282.131256103515625 285.20001220703125 301.29376220703125 338.96875 346.568756103515625 348.25 350.399993896484375 350.15625 346.20623779296875 341.024993896484375 333.01873779296875 323.912506103515625 314.193756103515625 305.181243896484375 297.98748779296875 293.66876220703125 292.89373779296875 294.368743896484375 297.743743896484375 301.70623779296875 307.16876220703125 313.25 318.618743896484375 321.71875 323.25 324.26873779296875 323.75 324.256256103515625 319.25 312.29998779296875 306.837493896484375 301.375 294.96875 290.381256103515625 290.087493896484375 290.01251220703125 291.70001220703125 294.76251220703125
305.287506103515625 300.181243896484375 296.26251220703125 292.056243896484375 290.725006103515625 289.41876220703125 288.381256103515625 292.024993896484375 301.54376220703125 319.45001220703125 340.506256103515625 351.11248779296875 353.45001220703125 354.837493896484375 353.399993896484375 350.212493896484375 345.243743896484375 337.287506103515625 326.068756103515625 314.962493896484375 302.76873779296875 295.39373779296875 290.95623779296875 290.337493896484375 292.63751220703125 296.125 301.25 308.20623779296875 314.70001220703125 320.01251220703125 323.037506103515625 326.306243896484375 328.29376220703125 327.15625 324.631256103515625 319.274993896484375 312.23126220703125 305.943756103515625 299.493743896484375 292.1875 287.33123779296875 286.118743896484375 284.73748779296875 285.431243896484375 288.5
