data/historical-monthly-weather-data/wc2.1_cruts4.09_10m_prec_1974-10.asc
ncols        45
nrows        45
xllcorner    -63.500000000000
yllcorner    -7.500000000000
cellsize     0.166666666667
NODATA_value -9999
[rows 0 to 18 of 45, columns 0 to 43 of 45]
153.306243896484375 147.0187530517578125 142.46875 140.6999969482421875 137.8125 133.8312530517578125 128.0124969482421875 122.46875 117.03125 112.88124847412109375 110.38124847412109375 108.09375 105.375 101.59375 99.43125152587890625 97.40625 95.47499847412109375 93.3249969482421875 91.92499542236328125 90.3312530517578125 88.15000152587890625 85.5812530517578125 83.4812469482421875 82.43125152587890625 81.84999847412109375 81.8249969482421875 83.16249847412109375 85.00624847412109375 86.83750152587890625 86.21875 85.4875030517578125 85.0124969482421875 85.68125152587890625 86.84999847412109375 88.69374847412109375 92.56874847412109375 96.88124847412109375 101.38124847412109375 107.1374969482421875 113.00624847412109375 118.97499847412109375 124.75 129.4187469482421875 132.9375
151.912506103515625 146.381256103515625 144.5 145.2687530517578125 145.9250030517578125 140.84375 134.8625030517578125 130.0749969482421875 125.40000152587890625 120.5500030517578125 116.18125152587890625 112.05625152587890625 107.7624969482421875 103.33750152587890625 100.3249969482421875 97.875 94.96250152587890625 93.5812530517578125 92.7687530517578125 91.96875 89.49375152587890625 87.0625 84.9562530517578125 83.7375030517578125 82.74375152587890625 81.8625030517578125 83.40000152587890625 85.1875 86.59999847412109375 85.34999847412109375 84.96250152587890625 85.18125152587890625 87.00624847412109375 89.65000152587890625 92.3249969482421875 97.43125152587890625 103.7624969482421875 109.86875152587890625 116.65625 123.1687469482421875 129.993743896484375 136.1999969482421875 141.1687469482421875 144.6437530517578125
148.8625030517578125 144.975006103515625 143.34375 144.7375030517578125 145.818756103515625 142.118743896484375 138.274993896484375 135.3937530517578125 131.8312530517578125 126.7937469482421875 120.8249969482421875 115 109.3125 103.65000152587890625 100.11875152587890625 97.125 94.375 92.61875152587890625 91.2624969482421875 89.9875030517578125 87.1374969482421875 84.80625152587890625 82.4562530517578125 80.9187469482421875 79.66249847412109375 78.9375 80.4375 82.3562469482421875 83.25 82.5625 82.5749969482421875 82.77500152587890625 85.71875 89.83750152587890625 94.3312530517578125 101.52500152587890625 109.7624969482421875 118.5500030517578125 127.1687469482421875 135.212493896484375 143.4250030517578125 150.0749969482421875 155.5187530517578125 160.0124969482421875
144.4812469482421875 141.3249969482421875 141.1875 141.056243896484375 142.193756103515625 140.1437530517578125 138.931243896484375 138.3249969482421875 137.149993896484375 132.625 124.7062530517578125 116.78125 109.4187469482421875 102.93125152587890625 99.59999847412109375 96.30625152587890625 93.28125 91.25624847412109375 89.47499847412109375 87.75 84.68125152587890625 81.4562530517578125 78.33750152587890625 76.84999847412109375 75.4499969482421875 74.47499847412109375 76.0625 77.86875152587890625 79.09375 78.59375 78.72499847412109375 79.59999847412109375 83.2375030517578125 88.2375030517578125 93.84999847412109375 104.21250152587890625 115.46875 126.88124847412109375 137.712493896484375 147.8312530517578125 156.662506103515625 164.193756103515625 170.375 176.006256103515625
146.65625 140.837493896484375 136.8937530517578125 136.0187530517578125 137.818756103515625 137.625 137.743743896484375 138.6062469482421875 140.5437469482421875 138.443756103515625 127.6437530517578125 116.75 108.5 102.05625152587890625 98.3874969482421875 94.93125152587890625 92.0124969482421875 88.93125152587890625 86.28125 83.9187469482421875 80.93125152587890625 77.2062530517578125 73.7687530517578125 72.3249969482421875 70.8874969482421875 69.90625 71.1687469482421875 73.3874969482421875 75.1875 74.4375 74.56874847412109375 75.5124969482421875 80.6875 86.9812469482421875 94.59375 106.8000030517578125 120.7375030517578125 135.4375 147.8625030517578125 159.681243896484375 170 177.2312469482421875 184.600006103515625 190.8125
149.2375030517578125 143.9875030517578125 136.9375 131.8125 134.5500030517578125 136.1687469482421875 136.118743896484375 136.3874969482421875 138.1875 137.931243896484375 125.5 114.5500030517578125 107.21875 100.96875 97.06874847412109375 94 90.53125 86.5 83.0500030517578125 79.7624969482421875 76.6437530517578125 73.1999969482421875 70.03125 68.1875 66.78749847412109375 65.7624969482421875 66.93125152587890625 68.71250152587890625 70.75624847412109375 70.34375 70.8125 72.80625152587890625 78.9187469482421875 86.68125152587890625 95.8249969482421875 110.2375030517578125 126.4812469482421875 144.2312469482421875 159.6125030517578125 171.631256103515625 180.28125 187.806243896484375 194.6875 202.0187530517578125
155.3312530517578125 150.09375 142.506256103515625 136.0500030517578125 135.9812469482421875 134.5749969482421875 132.3249969482421875 129.2624969482421875 126.4812469482421875 121.71875 115.2937469482421875 109.3312530517578125 104.22499847412109375 99.38124847412109375 95.6437530517578125 92.61875152587890625 89.11875152587890625 83.8625030517578125 79.0124969482421875 75.0749969482421875 72.1687469482421875 69.0812530517578125 65.9812469482421875 64.27500152587890625 62.93125152587890625 61.84999847412109375 63.125 64.6125030517578125 66.00624847412109375 66.4499969482421875 67.375 69.5812530517578125 76.7375030517578125 85.96875 96.78749847412109375 112.38124847412109375 130.5437469482421875 150.34375 168.8562469482421875 179.631256103515625 187.7687530517578125 193.2937469482421875 200.3125 208.7062530517578125
162.75 157.131256103515625 150.725006103515625 146 142.8000030517578125 137.9499969482421875 130.3312530517578125 120.71875 111.21875 105.7062530517578125 104.34375 102.84999847412109375 100.75624847412109375 97.4250030517578125 94.54999542236328125 91.32500457763671875 87.5437469482421875 81.3874969482421875 75.5500030517578125 70.9375 68.13124847412109375 65.09375 62.125 60.581249237060546875 59.21250152587890625 57.90625 58.90000152587890625 59.956249237060546875 61.125 61.55625152587890625 63.08750152587890625 66.0187530517578125 74.3249969482421875 84.65625 96.2062530517578125 112.71250152587890625 130.818756103515625 150.6125030517578125 166.337493896484375 177.774993896484375 185.931243896484375 190.0500030517578125 194.90625 201.131256103515625
170.256256103515625 165.8625030517578125 160.5749969482421875 155.350006103515625 151.006256103515625 143.318756103515625 133.2375030517578125 119.9562530517578125 105.5625 97.50624847412109375 99.03125 100.1125030517578125 99.84999847412109375 97.38124847412109375 94.2937469482421875 90.6999969482421875 86.31874847412109375 80.53749847412109375 74.9875030517578125 69.72499847412109375 66.4375 63.293750762939453125 59.63124847412109375 58.237499237060546875 56.46250152587890625 54.762500762939453125 55.18125152587890625 56.606250762939453125 57.77500152587890625 58.362499237060546875 60.331249237060546875 63.518749237060546875 71.68125152587890625 81.59375 92.56874847412109375 109.03125 126.96875 144.46875 157.3937530517578125 168.212493896484375 175.693756103515625 177.287506103515625 180.2062530517578125 181.881256103515625
178.6750030517578125 174.8562469482421875 169.3000030517578125 164.649993896484375 160.368743896484375 151.6875 140.243743896484375 126.03125 112.625 104.25 101.58750152587890625 100.9875030517578125 100.7312469482421875 98.68125152587890625 94.94374847412109375 90.5625 85.38124847412109375 79.96250152587890625 74.52500152587890625 69.6437530517578125 65.7312469482421875 61.84999847412109375 57.581249237060546875 55.5 53.06874847412109375 51.21875 51.918750762939453125 52.918750762939453125 54.200000762939453125 55.393749237060546875 57.27500152587890625 60.768749237060546875 68.84375 78.625 89.6062469482421875 105.38124847412109375 121.8874969482421875 137.6062469482421875 149.256256103515625 157.8312530517578125 163.818756103515625 163.40625 162.087493896484375 160.5625
187.306243896484375 183.693756103515625 177.806243896484375 173.056243896484375 168.7937469482421875 162.1875 150.993743896484375 135.5 122.31874847412109375 113.25 107.81874847412109375 105.22499847412109375 103.0625 100.7937469482421875 96.125 90.4562530517578125 84.7687530517578125 79.4499969482421875 74.25624847412109375 69.46875 65.8125 60.9375 55.74375152587890625 52.46250152587890625 50.24375152587890625 48.68125152587890625 49.49375152587890625 50.549999237060546875 51.424999237060546875 53.049999237060546875 55.331249237060546875 58.90625 67 76.36875152587890625 86.53749847412109375 101.09375 116.25624847412109375 129.6437530517578125 139.693756103515625 146.787506103515625 151.0812530517578125 148.9375 146.381256103515625 141.631256103515625
193.693756103515625 189.7937469482421875 184.0812530517578125 179.8249969482421875 176 170.212493896484375 160.743743896484375 144.256256103515625 131.40625 121.40625 114.27500152587890625 110.21875 106.41875457763671875 103.13124847412109375 98.3874969482421875 92.2687530517578125 86.34999847412109375 80.84375 75.58124542236328125 71.0124969482421875 67.58750152587890625 61.762500762939453125 55.356250762939453125 51.5 48.59375 46.49375152587890625 47.018749237060546875 48.418750762939453125 49.78749847412109375 51.90000152587890625 54.049999237060546875 57.50624847412109375 64.8125 73.3625030517578125 82.7624969482421875 95.5812530517578125 108.50624847412109375 120.41249847412109375 128.53125 134.662506103515625 136.756256103515625 133.3874969482421875 129.631256103515625 125.0812530517578125
198.71875 195.006256103515625 189.274993896484375 184.2687530517578125 180.0437469482421875 173.318756103515625 162.5812530517578125 149.46875 137.75 128.712493896484375 121.1875 115.3562469482421875 110.5187530517578125 105.1374969482421875 99.8562469482421875 94.1125030517578125 87.7062530517578125 82.1999969482421875 76.74375152587890625 71.5812530517578125 68.1062469482421875 61.80625152587890625 54.512500762939453125 50.5625 46.18125152587890625 43.72499847412109375 45.375 46.862499237060546875 48.58750152587890625 50.875 53.125 56.05625152587890625 62.90000152587890625 70.33750152587890625 78.7375030517578125 90.34375 101.66249847412109375 112.56874847412109375 120.6437530517578125 124.18125152587890625 125.61875152587890625 122.77500152587890625 117.59375 106.84999847412109375
202.3000030517578125 198.274993896484375 192.5500030517578125 187.0124969482421875 181.5500030517578125 174.087493896484375 163.9499969482421875 153.306243896484375 143.4812469482421875 134.4375 126.52500152587890625 119.65625 113.50624847412109375 107.65000152587890625 100.94374847412109375 95.11875152587890625 88.3625030517578125 82.3249969482421875 76.2687530517578125 70.46875 65.90000152587890625 59.387500762939453125 52.83750152587890625 49.512500762939453125 46.11875152587890625 43.96250152587890625 45.137500762939453125 46.331249237060546875 47.72499847412109375 49.643749237060546875 51.668750762939453125 54.581249237060546875 60.75624847412109375 67.53125 75.19374847412109375 85.9562530517578125 96.63124847412109375 107.33750152587890625 115.40625 119.90625 119.3312530517578125 112.74375152587890625 107.0187530517578125 100.53749847412109375
204.087493896484375 200.212493896484375 193.537506103515625 187.8312530517578125 181.96875 174.131256103515625 165.9562530517578125 156.6437530517578125 146.943756103515625 138.399993896484375 130.681243896484375 123.2687530517578125 116.47499847412109375 110.2312469482421875 103.0437469482421875 96.96875 89.78749847412109375 82.84375 76.05625152587890625 70.05625152587890625 64.8312530517578125 58.643749237060546875 52.71875 50.78125 48.91249847412109375 47.018749237060546875 47.206249237060546875 47.5 47.94374847412109375 49.143749237060546875 50.5625 52.918750762939453125 58.55625152587890625 65.22499847412109375 72.30625152587890625 81.8625030517578125 92.4812469482421875 104.55625152587890625 114.4187469482421875 117.63124847412109375 115.0812530517578125 109.5812530517578125 105.8937530517578125 101.75624847412109375
204.15625 199.75 193.46875 187.7937469482421875 181.818756103515625 174.9375 167.1750030517578125 158.412506103515625 149.7312469482421875 141.7687530517578125 133.5124969482421875 125.11875152587890625 118.05625152587890625 111.7687530517578125 105.0187530517578125 98.2062530517578125 90.05625152587890625 82.63124847412109375 75.5500030517578125 69.13124847412109375 63.38124847412109375 57.75624847412109375 52.793750762939453125 52.612499237060546875 51.737499237060546875 49.831249237060546875 49.59999847412109375 49.106250762939453125 48.543750762939453125 48.74375152587890625 49.543750762939453125 51.08750152587890625 55.956249237060546875 62.012500762939453125 68.02500152587890625 76.03125 87.80625152587890625 100.2062530517578125 111.21875 115.0124969482421875 114.6687469482421875 111.1750030517578125 107.72499847412109375 103.4187469482421875
202.100006103515625 197.993743896484375 193.0437469482421875 188.1125030517578125 182.193756103515625 175.71875 168.6687469482421875 160.6374969482421875 152.5187530517578125 143.962493896484375 135.40625 126.53749847412109375 118.53125 111.5500030517578125 104.4499969482421875 97.18125152587890625 88.375 80.6999969482421875 73.84999847412109375 67.71875 61.80625152587890625 56.43125152587890625 52.40000152587890625 53.856250762939453125 54.40000152587890625 51.69374847412109375 51.206249237060546875 49.84375 48.30625152587890625 47.9375 48.481250762939453125 50.200000762939453125 53.456249237060546875 57.325000762939453125 61.93125152587890625 70.90000152587890625 82.80625152587890625 99.58750152587890625 115.65000152587890625 117.21875 115.83750152587890625 113.38124847412109375 109.47499847412109375 106.47499847412109375
199.743743896484375 196.4375 192.6750030517578125 188.162506103515625 182.837493896484375 177.25 170.662506103515625 162.65625 154.3937530517578125 145.96875 137.337493896484375 127.50624847412109375 118.6062469482421875 110.40000152587890625 102.6374969482421875 94.75 86.2375030517578125 78.5 72.43125152587890625 66.5124969482421875 60.418750762939453125 54.90000152587890625 50.825000762939453125 52.706249237060546875 53.77500152587890625 52.075000762939453125 52.356250762939453125 50.637500762939453125 48.25624847412109375 46.97499847412109375 46.93125152587890625 48.237499237060546875 52.22499847412109375 56.737499237060546875 59.34999847412109375 63.331249237060546875 78.28125 96.75624847412109375 111.0500030517578125 117.93125152587890625 118.52500152587890625 116.97499847412109375 113.49375152587890625 110.5437469482421875
195.8125 194.5500030517578125 191.9187469482421875 188.4499969482421875 184.2687530517578125 178.8249969482421875 172.318756103515625 164.850006103515625 157.350006103515625 148.25 138.2312469482421875 128.03125 117.96875 108.65625 100.44374847412109375 93.02500152587890625 84.84999847412109375 77.0437469482421875 71.24375152587890625 65.34999847412109375 58.91249847412109375 53.86875152587890625 48.456249237060546875 49.981250762939453125 51.168750762939453125 51.0625 51.53749847412109375 50.331249237060546875 48.44374847412109375 46.47499847412109375 45.33750152587890625 48.168750762939453125 54.55625152587890625 58.59375 61.50624847412109375 67.1062469482421875 79.16249847412109375 93.6875 106.5749969482421875 115.53125 119.59999847412109375 121.84375 117.9375 114.81874847412109375
