data/historical-monthly-weather-data/wc2.1_cruts4.09_10m_prec_1987-01.asc
ncols        51
nrows        45
xllcorner    -63.500000000000
yllcorner    -7.500000000000
cellsize     0.166666666667
NODATA_value -9999
[rows 0 to 19 of 45, columns 0 to 44 of 51]
67.9562530517578125 66.18125152587890625 65.1687469482421875 65.3874969482421875 65.1437530517578125 67.875 69.9812469482421875 70.94374847412109375 72.53125 75.08750152587890625 78.4375 81.78749847412109375 84.4562530517578125 84.9562530517578125 86.3937530517578125 88.96875 91.56874847412109375 92.11875152587890625 96.8312530517578125 101.5749969482421875 106.68125152587890625 113.0437469482421875 119.5437469482421875 124.9375 131.8312530517578125 137.9375 143.3125 149.59375 156.3249969482421875 159.899993896484375 163.5812530517578125 167.443756103515625 170.4375 175.0749969482421875 178.625 184.256256103515625 187.7687530517578125 190.1999969482421875 193.6125030517578125 196.625 198.837493896484375 201.09375 202.2937469482421875 203.9875030517578125 206.7624969482421875
70.47499847412109375 67.6875 66.58750152587890625 66 66.0625 68.96875 71.2937469482421875 73.69374847412109375 76.91249847412109375 80.31874847412109375 83.21875 85.74375152587890625 87.53749847412109375 89.3000030517578125 90.78749847412109375 92.56874847412109375 94.3937530517578125 96.56874847412109375 101.03749847412109375 106.93125152587890625 113.125 119.5500030517578125 126.7062530517578125 133.53125 139.5812530517578125 145.524993896484375 151.65625 157.8562469482421875 163.78125 167.8562469482421875 170.806243896484375 173.462493896484375 176.631256103515625 182.618743896484375 186.131256103515625 189.8625030517578125 195.6062469482421875 198.34375 200.6999969482421875 203.0625 205.6125030517578125 207.3625030517578125 207.068756103515625 208.0812530517578125 209.96875
75.875 73.3125 72.2375030517578125 71.8249969482421875 72.1750030517578125 74.8562469482421875 77.59375 80.66249847412109375 84.33750152587890625 87.8625030517578125 90.5749969482421875 92.5124969482421875 94.2312469482421875 95.22499847412109375 96.4187469482421875 97.25 98.8562469482421875 101.25624847412109375 105.21875 111.9250030517578125 119 126.96875 134.6125030517578125 141.056243896484375 147.1999969482421875 153.125 159.662506103515625 166.068756103515625 171.0999908447265625 174.21875 178.2624969482421875 181.774993896484375 186.462493896484375 189.431243896484375 194.5749969482421875 198.2687530517578125 203.306243896484375 207.274993896484375 209.3625030517578125 210.649993896484375 213.368743896484375 213.9812469482421875 213.568756103515625 213.5 213.2624969482421875
81.3562469482421875 79.1999969482421875 79.3625030517578125 79.34375 80.4375 81.5625 84.5749969482421875 88.40000152587890625 93.00624847412109375 97.1875 98.93125152587890625 99.96250152587890625 100.84999847412109375 101.3625030517578125 102.46250152587890625 103.01250457763671875 103.5812530517578125 104.8312530517578125 109.28749847412109375 117.53749847412109375 126.6750030517578125 135.3125 141.725006103515625 148.881256103515625 155.662506103515625 162.0187530517578125 169.024993896484375 173.8625030517578125 178.8312530517578125 182.462493896484375 186.2062530517578125 191.243743896484375 195.34375 198.5625 202.1125030517578125 207.46875 211.506256103515625 215.7375030517578125 218.2062530517578125 220.34375 220.850006103515625 221.7375030517578125 220.806243896484375 218.9499969482421875 218.0124969482421875
90.0124969482421875 86.90625 86.34999847412109375 87.0625 88.21250152587890625 89.75624847412109375 91.8312530517578125 95.8874969482421875 101.75 106.6999969482421875 107.22499847412109375 107.49375152587890625 108.40000152587890625 109.0812530517578125 109.9562530517578125 110.09375 109.8000030517578125 109 114.8312530517578125 125.0500030517578125 135.7375030517578125 144.1062469482421875 150.84375 157.618743896484375 164.256256103515625 171.96875 176.6750030517578125 181.5 188.59375 191.9562530517578125 195.7624969482421875 198.087493896484375 203.4812469482421875 208.25 212.100006103515625 217 222.225006103515625 224.5500030517578125 226.9812469482421875 228.399993896484375 230.5 229.5749969482421875 228.3937530517578125 225.1875 223.118743896484375
98.2312469482421875 95.8312530517578125 95.28749847412109375 95.33750152587890625 96.34375 98.22499847412109375 100.77500152587890625 104.3874969482421875 110.21250152587890625 115.74375152587890625 115.91249847412109375 116.9562530517578125 118.0812530517578125 119.36875152587890625 120 121.6687469482421875 121.22499847412109375 120.06874847412109375 127.28749847412109375 137.625 147.1750030517578125 154.693756103515625 162.100006103515625 167.8000030517578125 174.6875 182.0124969482421875 187.125 191.556243896484375 197.787506103515625 202.2375030517578125 205.2375030517578125 208.03125 211.337493896484375 216.431243896484375 222.7375030517578125 227.1437530517578125 231.693756103515625 235 237.4499969482421875 239.7687530517578125 239.4375 238.6875 236.1999969482421875 232.787506103515625 230.149993896484375
106.9562530517578125 104.9812469482421875 104.73749542236328125 103.96250152587890625 104 104.99375152587890625 107.35625457763671875 110.38124847412109375 114.5437469482421875 118.0500030517578125 121.53125 124.81874847412109375 128.3625030517578125 131.03125 133.1062469482421875 136.0437469482421875 138.8874969482421875 142.600006103515625 149.368743896484375 155.5500030517578125 160.1374969482421875 166.524993896484375 171.5437469482421875 177.4562530517578125 184.962493896484375 191.537506103515625 196.5812530517578125 201.4875030517578125 206.34375 210.412506103515625 215.1125030517578125 218.2062530517578125 220.975006103515625 224.881256103515625 230.024993896484375 236.131256103515625 240.756256103515625 245.087493896484375 249.4562530517578125 249.818756103515625 248.2062530517578125 246.618743896484375 243.7937469482421875 240.21875 236.8562469482421875
116.6999969482421875 113.6750030517578125 113.11875152587890625 112.7624969482421875 112.3874969482421875 113.49375152587890625 114.40000152587890625 114.21250152587890625 115.38124847412109375 120.1750030517578125 126.9812469482421875 133.3249969482421875 139.274993896484375 142.993743896484375 146.975006103515625 151.399993896484375 157.1125030517578125 164.0812530517578125 172.9187469482421875 173.8562469482421875 173.587493896484375 177.2062530517578125 181.350006103515625 187.53125 195.493743896484375 201.631256103515625 205.75 210.1374969482421875 216.15625 220.6999969482421875 224.0124969482421875 227.493743896484375 230.0500030517578125 233.5749969482421875 238.03125 243.9812469482421875 249.274993896484375 253.962493896484375 257.29998779296875 258.96875 258.36248779296875 256.587493896484375 253.59375 249.131256103515625 246.7687530517578125
125.6750030517578125 122.6125030517578125 122.1750030517578125 121.21250152587890625 121.13124847412109375 121.4375 121.8000030517578125 121.4250030517578125 121.03125 124.6062469482421875 135 143.8562469482421875 152.149993896484375 157.318756103515625 161.4499969482421875 165.53125 170.725006103515625 177.8874969482421875 185.7375030517578125 185.318756103515625 183.0812530517578125 186.4812469482421875 190.0749969482421875 198.3937530517578125 205.8874969482421875 211.4499969482421875 215.3000030517578125 218.3249969482421875 224.1374969482421875 229.3249969482421875 233.6437530517578125 235.681243896484375 238.399993896484375 241.0187530517578125 244.9499969482421875 250.1125030517578125 256.412506103515625 261.34375 264.79376220703125 267.08123779296875 266.506256103515625 264.54376220703125 263.75 261.25 258.318756103515625
134.774993896484375 131.7375030517578125 130.5437469482421875 129.881256103515625 130.03125 130.818756103515625 131.40625 132.2687530517578125 134.4875030517578125 140.3625030517578125 149.4250030517578125 158.618743896484375 167.15625 173.087493896484375 176.25 179.0812530517578125 181.7062530517578125 185.806243896484375 189.0812530517578125 189.649993896484375 188.8125 192.6687469482421875 197.787506103515625 207.975006103515625 214.28125 218.7687530517578125 222.318756103515625 225.6687469482421875 230.125 235.2687530517578125 239.193756103515625 242.056243896484375 245.3874969482421875 248.71875 252.787506103515625 257.1875 262.60626220703125 267.993743896484375 271.53125 274.162506103515625 275.88751220703125 274.67498779296875 273.693756103515625 270.23748779296875 268.48126220703125
144.8937530517578125 141.9499969482421875 140.068756103515625 139.09375 138.8125 140.381256103515625 142.03125 145.2375030517578125 149.9187469482421875 157.2375030517578125 167.5500030517578125 177.006256103515625 183.875 188.8625030517578125 190.03125 190.3249969482421875 189.818756103515625 190.7937469482421875 190.9375 190.3625030517578125 192.287506103515625 196.5812530517578125 204.743743896484375 213.5812530517578125 222.5124969482421875 225.4499969482421875 227.9375 231.0500030517578125 234.9187469482421875 238.3562469482421875 242.4875030517578125 246.556243896484375 250.8000030517578125 254.806243896484375 258.712493896484375 264.056243896484375 269.11248779296875 273.225006103515625 277.912506103515625 281.774993896484375 283.92498779296875 281.774993896484375 280.98748779296875 278.3125 276.756256103515625
153.850006103515625 150.5812530517578125 149.03125 148.912506103515625 149.09375 150.7937469482421875 153.774993896484375 159.4562530517578125 166.1687469482421875 174.4250030517578125 185.7937469482421875 196.475006103515625 200.7312469482421875 202.9749908447265625 202.8249969482421875 200.8375091552734375 199.087493896484375 196.6687469482421875 195.149993896484375 192.53125 193.412506103515625 198.7312469482421875 209.631256103515625 222.087493896484375 229.1687469482421875 228.618743896484375 230.568756103515625 233.350006103515625 237.78125 242.875 247.28125 251.006256103515625 255.493743896484375 259.600006103515625 263.76873779296875 269.225006103515625 274.40625 278.28125 282.931243896484375 287.58123779296875 289.993743896484375 287.493743896484375 283.193756103515625 278.48126220703125 274.5625
163.787506103515625 160.6687469482421875 159.4812469482421875 159.2062530517578125 159.568756103515625 163.0749969482421875 167.100006103515625 172.8625030517578125 180.9812469482421875 190.8249969482421875 202.6437530517578125 212.8000030517578125 216.1999969482421875 214.4375 213.28125 210.7375030517578125 207.350006103515625 204.881256103515625 201.6875 197.3625030517578125 193.506256103515625 200.193756103515625 213.21875 222.9499969482421875 224.5500030517578125 224.65625 230.3874969482421875 236.118743896484375 240.9875030517578125 246.9187469482421875 251.806243896484375 255.399993896484375 259.11248779296875 263.006256103515625 267.08123779296875 272.41876220703125 277.024993896484375 280.774993896484375 284.899993896484375 289.45623779296875 293.33123779296875 289.568756103515625 279.4375 269.649993896484375 263.85626220703125
172.524993896484375 169.8937530517578125 168.9562530517578125 169.0500030517578125 170.1062469482421875 173.306243896484375 178.3874969482421875 186.2624969482421875 195.287506103515625 205.943756103515625 216.25 223.6999969482421875 225.162506103515625 224.287506103515625 221.4375 219.5749969482421875 215.443756103515625 213.100006103515625 209.0437469482421875 205.0812530517578125 203.537506103515625 208.8937530517578125 217 223.556243896484375 224.1374969482421875 226.0500030517578125 232 237.95623779296875 244.7375030517578125 250.625 255.787506103515625 259.59375 262.51873779296875 265.16876220703125 269.475006103515625 274.16876220703125 278.993743896484375 283.53125 286.287506103515625 288.631256103515625 289.087493896484375 277.70001220703125 268.756256103515625 263.38751220703125 260.600006103515625
179.0187530517578125 176.6437530517578125 176.59375 177.25 179.5812530517578125 183.931243896484375 190.4875030517578125 198.2937469482421875 207.2062530517578125 216.8625030517578125 227.100006103515625 232.8562469482421875 234.71875 234.399993896484375 231.431243896484375 228.90625 224.743743896484375 221.068756103515625 217.6687469482421875 215.556243896484375 215.5437469482421875 218.125 224.03125 227.7375030517578125 230.493743896484375 233.1750030517578125 238.0500030517578125 244.2687530517578125 250.3249969482421875 256.84375 261.21875 263.25 266.78125 268.13751220703125 270.9375 274.23126220703125 279.381256103515625 284.768768310546875 286.137481689453125 280.16876220703125 270.4375 263.712493896484375 262.068756103515625 260.3125 255.662506103515625
184.399993896484375 182.0625 182.78125 184.1750030517578125 187.4749908447265625 192.8000030517578125 200.306243896484375 208.443756103515625 216.7375030517578125 226.743743896484375 236.7687530517578125 242.243743896484375 244.40625 244.212493896484375 242.0812530517578125 236.9499969482421875 233.4375 230.0625 226.2312469482421875 224.6750030517578125 226.9375 229.6437530517578125 233.618743896484375 235.7937469482421875 237.618743896484375 239.9375 243.6999969482421875 250.6999969482421875 257.66876220703125 264.76873779296875 268.875 269.462493896484375 268.6875 268.71875 269.58123779296875 274.756256103515625 280.03125 283.78125 282.756256103515625 272.98126220703125 258.32501220703125 253.84375 255.5124969482421875 254.006256103515625 250.662506103515625
188.1374969482421875 186.34375 187.162506103515625 189.65625 194.162506103515625 200.3249969482421875 208.7687530517578125 217.3625030517578125 225.912506103515625 235.256256103515625 245.681243896484375 251.875 254.193756103515625 254.162506103515625 252.4499969482421875 247.9562530517578125 239.493743896484375 235.65625 233.7375030517578125 234.6687469482421875 236.9812469482421875 240.381256103515625 243.3562469482421875 243.6687469482421875 245.5187530517578125 246.225006103515625 248.8562469482421875 255.78125 264.625 272.95001220703125 277.98126220703125 277.58123779296875 273.524993896484375 269.725006103515625 271.818756103515625 276.83123779296875 280.556243896484375 285.524993896484375 287.850006103515625 273.962493896484375 258.962493896484375 253.0812530517578125 250.8125 249.34375 246.5124969482421875
190.875 189.25 190.4375 193.931243896484375 198.5187530517578125 205.8000030517578125 214.78125 223.8000030517578125 232.3937530517578125 242.193756103515625 251.4187469482421875 259.89373779296875 263.85626220703125 264.58123779296875 262.54376220703125 256.54376220703125 247.4812469482421875 240.1687469482421875 241.75 243.625 247.399993896484375 250.2062530517578125 252.15625 251.5124969482421875 251.7312469482421875 252.4812469482421875 253.225006103515625 261.762481689453125 273.018768310546875 282.98126220703125 286.3125 278.556243896484375 272.89373779296875 270.07501220703125 269.79376220703125 273.98748779296875 280.774993896484375 285.774993896484375 284.631256103515625 276.4375 262.037506103515625 253.350006103515625 249.006256103515625 246.818756103515625 243.975006103515625
191.1750030517578125 189.9562530517578125 192.0124969482421875 196.681243896484375 202.381256103515625 210.3625030517578125 218.6437530517578125 228.756256103515625 238.037506103515625 248 257.17498779296875 264.26873779296875 270.59375 275.631256103515625 272.15625 263.087493896484375 252.225006103515625 244.46875 243.024993896484375 247.6999969482421875 254.556243896484375 259.100006103515625 256.068756103515625 256.899993896484375 257.07501220703125 258.67498779296875 262.17498779296875 268.806243896484375 280.35626220703125 291.037506103515625 295.212493896484375 283.23748779296875 273.13751220703125 263.5625 260.29998779296875 267.443756103515625 276.25 280.962493896484375 282.57501220703125 275.868743896484375 264.0625 253.7062530517578125 247.649993896484375 245.149993896484375 242.056243896484375
190.96875 189.8625030517578125 192.618743896484375 196.975006103515625 203.7312469482421875 213.475006103515625 222.806243896484375 232.3000030517578125 241.5749969482421875 251.3312530517578125 259.868743896484375 267.618743896484375 277.48126220703125 287.16876220703125 279.649993896484375 264.59375 251.274993896484375 247.350006103515625 247.0500030517578125 250.943756103515625 255.0812530517578125 256.38751220703125 258.162506103515625 258.96875 260.15625 263.61248779296875 267.46875 274.61248779296875 281.899993896484375 287.90625 288.962493896484375 279.36248779296875 266.51251220703125 252.71875 246.40625 255.556243896484375 270.649993896484375 281.693756103515625 284.3125 279.100006103515625 267.524993896484375 254.4250030517578125 248.8937530517578125 245.524993896484375 241.837493896484375
