data/historical-monthly-weather-data/wc2.1_cruts4.09_10m_prec_1999-08.asc
ncols        45
nrows        45
xllcorner    -63.500000000000
yllcorner    -7.500000000000
cellsize     0.166666666667
NODATA_value -9999
[rows 0 to 18 of 45, columns 0 to 42 of 45]
173.899993896484375 177.84375 180.96875 188.725006103515625 197.5749969482421875 207.162506103515625 210.868743896484375 216.6875 220.7312469482421875 222.03125 216.6374969482421875 213.475006103515625 212.7437591552734375 207.8312530517578125 203.7624969482421875 195.443756103515625 190.25 184.5187530517578125 178.649993896484375 177.4375 174.587493896484375 169.4499969482421875 164.600006103515625 159.2312469482421875 152.3937530517578125 146 142.34375 140.3874969482421875 132.03125 127.5500030517578125 118.93125152587890625 114.71875 111.5124969482421875 106.22499847412109375 102.75624847412109375 101.9875030517578125 100.38124847412109375 100.25624847412109375 101.7312469482421875 102.4250030517578125 103.8125 107.05625152587890625 108.01874542236328125
164.1687469482421875 166.40625 173.4187469482421875 181.8625030517578125 192.28125 199.756256103515625 200.1374969482421875 204.5187530517578125 208.943756103515625 209.943756103515625 206.6999969482421875 205.21875 200.1875 193.506256103515625 188.243743896484375 184.350006103515625 177.506256103515625 171.725006103515625 167.118743896484375 164.5437469482421875 161.1062469482421875 155.774993896484375 151.024993896484375 147.181243896484375 140.5124969482421875 133.399993896484375 132.587493896484375 129.6437530517578125 122.6687469482421875 117.22499847412109375 112.1062469482421875 107.4499969482421875 104.55625152587890625 102.16249847412109375 98.84375 97.50624847412109375 94.5124969482421875 95.9875030517578125 96.4375 97.09375 100.6687469482421875 102.5812530517578125 105.2687530517578125
148.537506103515625 152.712493896484375 160.118743896484375 169.4250030517578125 178.7375030517578125 184.774993896484375 187.6374969482421875 190.8937530517578125 192.6687469482421875 192.725006103515625 192.556243896484375 191.068756103515625 185.96875 177.71875 172.375 168.09375 163.25 157.662506103515625 153.068756103515625 148.3249969482421875 146.337493896484375 143.806243896484375 139.53125 136.7312469482421875 129.0437469482421875 123.78125 124.2937469482421875 120.13124847412109375 114.09375 110.18125152587890625 104.33750152587890625 100.28125 98.03125 96.71250152587890625 92.90625 89.65000152587890625 88.4250030517578125 89.59375 89.68125152587890625 91.86875152587890625 96.5812530517578125 99.4875030517578125 103.77500152587890625
134.0500030517578125 135.868743896484375 144.2624969482421875 153.225006103515625 159.7687530517578125 164.7937469482421875 169.225006103515625 173.1374969482421875 177.78125 178 175.649993896484375 172.381256103515625 168.693756103515625 161.631256103515625 156.725006103515625 152.287506103515625 148.8312530517578125 144.399993896484375 140.375 139.587493896484375 136.493743896484375 132.2062530517578125 127.68125152587890625 125.1999969482421875 119.02500152587890625 113.8937530517578125 113.75 108.1125030517578125 103.8000030517578125 100.9499969482421875 96.59375 92.03749847412109375 88.6750030517578125 86.25624847412109375 83.6875 82.3874969482421875 83.4562530517578125 83.63124847412109375 83.03749847412109375 86.7375030517578125 90.40625 95.7312469482421875 100.0812530517578125
132.7062530517578125 130.3625030517578125 129.506256103515625 134.4499969482421875 142.09375 146.181243896484375 149.506256103515625 156.5812530517578125 163.118743896484375 163.6750030517578125 160 156.037506103515625 152.537506103515625 147.693756103515625 142.6875 139.306243896484375 135.193756103515625 130.3937530517578125 126.75624847412109375 126.94374847412109375 126.71875 120.80625152587890625 117.1125030517578125 116.31874847412109375 109.25624847412109375 103.78125 101.4250030517578125 99.71250152587890625 96.11875152587890625 91.5437469482421875 89.7062530517578125 85.05625152587890625 82.8562469482421875 81.1875 78.90625 76.77500152587890625 76.5 76.96250152587890625 76.74375152587890625 79.15000152587890625 85.0437469482421875 90.3249969482421875 97.00624847412109375
126.49375152587890625 123.65000152587890625 121.0625 117.71875 123.60625457763671875 132.881256103515625 137.662506103515625 142.149993896484375 148.8562469482421875 149.725006103515625 144.524993896484375 141.306243896484375 139.5749969482421875 136.350006103515625 131.943756103515625 129.3874969482421875 124.61875152587890625 118.97499847412109375 116.9875030517578125 116.89374542236328125 116.59999847412109375 113.50624847412109375 110.5500030517578125 105.7624969482421875 101.55625152587890625 97.34375 95.13124847412109375 92.72499847412109375 90.2062530517578125 85.16249847412109375 83.125 80.6687469482421875 77.4375 76.11249542236328125 72.9875030517578125 72.56874847412109375 71.3874969482421875 70.3562469482421875 71.3562469482421875 74.9499969482421875 78.63124847412109375 84.5187530517578125 91.19374847412109375
121 119.0124969482421875 116.65000152587890625 114.13124847412109375 115.0749969482421875 118.46250152587890625 122.27500152587890625 126.08750152587890625 126.375 127.9812469482421875 127.0812530517578125 126.46875 127.5625 125.75 123.52500152587890625 121.1999969482421875 116.94374847412109375 112.2375030517578125 108.81874847412109375 109.34999847412109375 108.1062469482421875 106.21250152587890625 103.6374969482421875 99.98125457763671875 95.5812530517578125 92.2624969482421875 89.72499847412109375 86.69374847412109375 82.5187530517578125 80.09375 77.29999542236328125 74.15000152587890625 72.52500152587890625 71.08750152587890625 68.72499847412109375 67.47499847412109375 65.6374969482421875 64.9875030517578125 66.5812530517578125 69.9875030517578125 73.1374969482421875 78.50624847412109375 85.65625
116.49375152587890625 112.97499847412109375 112.6437530517578125 111.4499969482421875 113.0500030517578125 115.9375 113.74375152587890625 107.71875 104.40000152587890625 106.53125 111.63124847412109375 113.33750152587890625 114.96250152587890625 115.125 114.4812469482421875 112.5625 109.96875 105.63124847412109375 101.84999847412109375 101.0749969482421875 101.2375030517578125 99.9375 96.6062469482421875 92.8562469482421875 90.375 86.15000152587890625 83.09375 80.5812530517578125 77.40625 73.3562469482421875 72.21875 69.22499847412109375 66.77500152587890625 65.9875030517578125 62.84999847412109375 61.325000762939453125 59.737499237060546875 58.700000762939453125 59.387500762939453125 61.5 64.85625457763671875 70.28125 76.56874847412109375
113.0187530517578125 109.80625152587890625 110.1437530517578125 108.125 108.41249847412109375 109.24375152587890625 108.15625 103.96875 96.6687469482421875 94.13124847412109375 98.13124847412109375 101.0437469482421875 106.2624969482421875 107.3125 106.6750030517578125 104.96875 104.4187469482421875 101.4812469482421875 100.53749847412109375 97.6750030517578125 96.58750152587890625 95.94374847412109375 92.38124847412109375 91.22499847412109375 87.8249969482421875 82.3625030517578125 77.68125152587890625 76.25 73.40000152587890625 69.74375152587890625 68.6062469482421875 64.58750152587890625 61.299999237060546875 58.625 56.49375152587890625 56.237499237060546875 55.40625 54.66249847412109375 54.63124847412109375 56.11875152587890625 58.31874847412109375 61.5625 65.56874847412109375
108.77500152587890625 105.90000152587890625 105.3625030517578125 104.74375152587890625 104.7937469482421875 105.2375030517578125 106.03125 102.06874847412109375 96.6062469482421875 95.78749847412109375 96.3125 95.96875 100.3874969482421875 102.4250030517578125 100.40000152587890625 99.18125152587890625 97.56874847412109375 97.27500152587890625 96.8125 95.8937530517578125 94.6687469482421875 92.02500152587890625 88.25 86.8249969482421875 82.9187469482421875 77.59999847412109375 73.3874969482421875 71.16249847412109375 67.46875 64.05625152587890625 61.424999237060546875 58.40625 56.893749237060546875 55.31874847412109375 53.93125152587890625 53.27500152587890625 51.825000762939453125 50.612499237060546875 50.99375152587890625 51.887500762939453125 52.91249847412109375 54.268749237060546875 56.125
106.71875 103.61875152587890625 101.74375152587890625 100.65000152587890625 101.3562469482421875 103.50624847412109375 104.00624847412109375 99.00624847412109375 95.1125030517578125 93.25 94.5500030517578125 94.5625 95.90000152587890625 96.61875152587890625 93.34375 91.05625152587890625 90.1437530517578125 91.38124847412109375 91.63124847412109375 92.625 94.3000030517578125 91.58750152587890625 87.16249847412109375 82.65625 80.56874847412109375 75.61875152587890625 71.6062469482421875 67.9187469482421875 62.75 58.69374847412109375 57.137500762939453125 54.731250762939453125 54.25624847412109375 53.0625 50.875 49.55625152587890625 47.987499237060546875 47.21250152587890625 46.83750152587890625 46.75 46.706249237060546875 47.36875152587890625 48.887500762939453125
104.49375152587890625 101.83750152587890625 99.99375152587890625 99.5749969482421875 100.52500152587890625 102.5500030517578125 103.6875 100 95.71250152587890625 93.30625152587890625 93.3249969482421875 92.46250152587890625 91.02500152587890625 89.02500152587890625 88.71875 86.49375152587890625 84.97499847412109375 85.0625 86.7624969482421875 89.6875 91.9187469482421875 89.9499969482421875 86.38124847412109375 82.5812530517578125 78.3625030517578125 69.96875 65.77500152587890625 62.893749237060546875 58.643749237060546875 55.481250762939453125 53.356250762939453125 52.31874847412109375 50.69374847412109375 49.4375 48.34999847412109375 47.83750152587890625 46.50624847412109375 45.075000762939453125 43.19374847412109375 41.5 41.08750152587890625 41.375 41.78749847412109375
101.5625 97.9250030517578125 96.75 95.3874969482421875 96.9375 98.0812530517578125 97.06874847412109375 95.2312469482421875 91.74375152587890625 90.33750152587890625 90.33750152587890625 89.25624847412109375 86.1125030517578125 81.61875152587890625 79.53125 78.6687469482421875 76.9875030517578125 78.74375152587890625 80.47499847412109375 82.1875 85.30625152587890625 84.50624847412109375 81.90625 76.27500152587890625 68.65625 61.96250152587890625 60.22499847412109375 58.15000152587890625 56.262500762939453125 53.700000762939453125 51.21250152587890625 49.53749847412109375 48.97499847412109375 46.481250762939453125 45.83750152587890625 46.393749237060546875 47.0625 45.30625152587890625 43.643749237060546875 39.918750762939453125 36.30625152587890625 37.11875152587890625 36.674999237060546875
97.71875 93.21875 91.4812469482421875 91.34999847412109375 91.70624542236328125 91.7312469482421875 90.88124847412109375 90.40625 87.4562530517578125 86.43125152587890625 85.38124847412109375 82.24375152587890625 79.28125 75.0500030517578125 69.71250152587890625 69.9812469482421875 69.46875 71.03125 70.7937469482421875 71.9499969482421875 75.1437530517578125 74.91249847412109375 73.09999847412109375 69.2375030517578125 63.72499847412109375 58.96875 57.262500762939453125 55.71875 54.012500762939453125 52.28125 50.700000762939453125 48.137500762939453125 47.15625 45.356250762939453125 45.72499847412109375 47.68125152587890625 48.71875 49.25 47.84375 42.74375152587890625 35.075000762939453125 32.643749237060546875 33.612499237060546875
92.49375152587890625 89.4250030517578125 87.1062469482421875 85.94374847412109375 86.4812469482421875 86.31874847412109375 85.40625 84.03125 81.4250030517578125 80.5187530517578125 78.1125030517578125 75.59375 72.31874847412109375 67.3312530517578125 62.21250152587890625 60.3125 59.918750762939453125 60.30625152587890625 60.88124847412109375 62.55625152587890625 65.6875 66.59999847412109375 66.30625152587890625 65.2312469482421875 62.768749237060546875 60.18125152587890625 57.84999847412109375 55.612499237060546875 53.18125152587890625 51.237499237060546875 49.043750762939453125 47.356250762939453125 46.543750762939453125 45.83750152587890625 45.53125 47.90000152587890625 50.77500152587890625 55.15000152587890625 55.03749847412109375 48.38124847412109375 42.768749237060546875 39.768749237060546875 40.299999237060546875
86.125 83.99375152587890625 82.625 81.5812530517578125 81.22499847412109375 81.72499847412109375 81.05625152587890625 78.44374847412109375 76.33750152587890625 74.8937530517578125 72.58750152587890625 68.84375 64.6687469482421875 60.11875152587890625 55.799999237060546875 51.481250762939453125 50.84375 51.4375 51.97499847412109375 53.97499847412109375 56.93125152587890625 59.3125 61.643749237060546875 63.362499237060546875 63.012500762939453125 61.08750152587890625 58.856250762939453125 55.61875152587890625 52.737499237060546875 51.11875152587890625 49.72499847412109375 47.94374847412109375 46.362499237060546875 45.65625 46.13124847412109375 51.75 56.21250152587890625 60.55625152587890625 61.71875 58.28125 54.22499847412109375 49.918750762939453125 46.28749847412109375
81.6750030517578125 80.0500030517578125 78.3562469482421875 77.6875 76.34999847412109375 77.09999847412109375 77.0812530517578125 75.3874969482421875 72.1687469482421875 70.8125 68.58750152587890625 63.625 59.18125152587890625 54.518749237060546875 50.31874847412109375 46.331249237060546875 42.625 42.625 44.325000762939453125 46.737499237060546875 48.83750152587890625 52.643749237060546875 57.15625 62.1875 64.27500152587890625 62.375 58.50624847412109375 55.31874847412109375 51.668750762939453125 49.637500762939453125 49.31874847412109375 49.393749237060546875 49.075000762939453125 48.99375152587890625 54.581249237060546875 60.0625 64.59999847412109375 71.05625152587890625 74.25624847412109375 67.75624847412109375 61.1875 54.387500762939453125 48.28749847412109375
74.8937530517578125 74.3874969482421875 73.46875 73.34375 72.2937469482421875 73 71.6437530517578125 70.3249969482421875 67.8125 66.0749969482421875 64.0124969482421875 59.706249237060546875 54.19374847412109375 49.1875 45.31874847412109375 41.46250152587890625 37.887500762939453125 35.549999237060546875 37.96875 39.268749237060546875 42.325000762939453125 46.456249237060546875 52.34375 57.956249237060546875 62.325000762939453125 62.08750152587890625 59.481250762939453125 55.887500762939453125 51.46250152587890625 48.706249237060546875 46.09375 45.481250762939453125 51.375 57.575000762939453125 61.518749237060546875 68.1437530517578125 74.28125 78.47499847412109375 77.91875457763671875 72.71875 62.72499847412109375 56.325000762939453125 50.50624847412109375
68.3625030517578125 68.43125152587890625 68.2937469482421875 68.5749969482421875 68.59999847412109375 68.46875 67.65625 66.06874847412109375 65.3125 64.27500152587890625 61.90625 55.68125152587890625 50.53749847412109375 45.97499847412109375 41.293750762939453125 38.1875 34.612499237060546875 31.725000381469726562 31.768749237060546875 33.58750152587890625 38.662502288818359375 46.887500762939453125 46.15000152587890625 52.43125152587890625 57.41249847412109375 60.96250152587890625 59.99375152587890625 56.012500762939453125 53.012500762939453125 48.081249237060546875 44.9375 47.16249847412109375 54.5 59.81874847412109375 65.03749847412109375 71.4499969482421875 74.5 74.9250030517578125 74.8000030517578125 69.25624847412109375 62.59999847412109375 56.71250152587890625 51.299999237060546875
