data/historical-monthly-weather-data/wc2.1_cruts4.09_10m_prec_1992-04.asc
ncols        45
nrows        45
xllcorner    -63.500000000000
yllcorner    -7.500000000000
cellsize     0.166666666667
NODATA_value -9999
[rows 20 to 39 of 45, columns 0 to 44 of 45]
226.3937530517578125 237.7624969482421875 246.100006103515625 253.46875 259.25 267.60626220703125 274.912506103515625 277.63751220703125 277.70001220703125 274.07501220703125 267.71875 258.212493896484375 248.943756103515625 241.318756103515625 230.8000030517578125 222.0124969482421875 215.2624969482421875 212.6437530517578125 212.3125 211.3625030517578125 213.350006103515625 213.59375 212.5437469482421875 214.475006103515625 219.4812469482421875 224.212493896484375 228.475006103515625 232.34375 234.5 236.068756103515625 234.0187530517578125 231.3812408447265625 219.1687469482421875 204.7687530517578125 193.0625 203.75 220.806243896484375 234.087493896484375 241.8874969482421875 244.9187469482421875 244.1374969482421875 242 235.5625 230.6062469482421875 223.4875030517578125
220.0562591552734375 229.15625 238.40625 250.21875 259.1875 265.962493896484375 273.493743896484375 278.65625 279.068756103515625 272.962493896484375 262.32501220703125 248.068756103515625 236.743743896484375 229.306243896484375 223.7624969482421875 217.1437530517578125 213.5187530517578125 210.2375030517578125 209.162506103515625 207.475006103515625 205.662506103515625 205.7375030517578125 207.5812530517578125 210.975006103515625 217.0500030517578125 226.4250030517578125 241 244.78125 246.1374969482421875 247.4187469482421875 244.6875 240.100006103515625 229.6999969482421875 219.774993896484375 214.5812530517578125 219.25 231.5500030517578125 242.350006103515625 246.8625030517578125 247.5437469482421875 246.149993896484375 242.59375 236.1062469482421875 230.25 222.4375
214.78125 228.5 239.0187530517578125 250.375 259.79998779296875 266.625 271.712493896484375 278.71875 284.256256103515625 273.04998779296875 256.568756103515625 238.5124969482421875 225.2312469482421875 219.5749969482421875 217.225006103515625 214.59375 210.774993896484375 206.662506103515625 203.837493896484375 200.631256103515625 199.431243896484375 198.943756103515625 198.725006103515625 203.3249969482421875 212.681243896484375 224.912506103515625 241.53125 248.818756103515625 252.131256103515625 253.0812530517578125 252.9562530517578125 251.225006103515625 246.53125 240.9875030517578125 239.0437469482421875 239.9562530517578125 246.4250030517578125 253.287506103515625 254.506256103515625 251.318756103515625 247.556243896484375 241.962493896484375 235.318756103515625 228.943756103515625 221.25
211.6875 225.318756103515625 237.712493896484375 247.600006103515625 256.60626220703125 263.29376220703125 270.462493896484375 275.5625 278.65625 266.65625 249.837493896484375 234.287506103515625 217.5625 215.1687469482421875 214.3937530517578125 211.712493896484375 207.412506103515625 204.5625 200.4187469482421875 197.131256103515625 194.5437469482421875 191.681243896484375 190.568756103515625 196.6437530517578125 205.774993896484375 214.78125 228.90625 242.5437469482421875 251.3125 258.36248779296875 263.375 267.98126220703125 266.5 262.21875 260.88751220703125 260.29376220703125 263.399993896484375 264.28125 260.73748779296875 254.131256103515625 248.53125 241.3625030517578125 234.0625 226.662506103515625 220
211.3937530517578125 224.662506103515625 235.90625 246.912506103515625 257.024993896484375 262.09375 266.506256103515625 269.53125 267.70623779296875 260.618743896484375 247.0749969482421875 232.774993896484375 223.4375 217.0749969482421875 213.5437469482421875 210.056243896484375 207.1750030517578125 203.6875 199.193756103515625 193.912506103515625 189.6374969482421875 185.506256103515625 183.6687469482421875 188.068756103515625 195.7312469482421875 208.306243896484375 224.0500030517578125 238.7624969482421875 252.274993896484375 266.54998779296875 277.67498779296875 287.4375 288.274993896484375 284.1875 280.28125 275.15625 273.96875 269.625 264.006256103515625 257.324981689453125 249.931243896484375 241.350006103515625 234.318756103515625 225.6062469482421875 214.350006103515625
218.274993896484375 229.6062469482421875 236.125 245.8874969482421875 253.84375 257.975006103515625 260.943756103515625 261.899993896484375 257.225006103515625 250.0500030517578125 242.118743896484375 234.34375 227.1999969482421875 222.3625030517578125 216.3249969482421875 213.0749969482421875 209.068756103515625 204.725006103515625 198.681243896484375 191.274993896484375 187.287506103515625 181.1062469482421875 176.649993896484375 177.3249969482421875 187.600006103515625 202.75 222.5625 238.9187469482421875 256.90625 273.193756103515625 291.043731689453125 307.04376220703125 310.11248779296875 302.86248779296875 294.350006103515625 286.75 281.524993896484375 275.087493896484375 267.21875 259.462493896484375 251.774993896484375 241.78125 232.868743896484375 222.631256103515625 212.65625
226.087493896484375 233.4562530517578125 239.774993896484375 246.2687530517578125 250.712493896484375 254.475006103515625 255.287506103515625 253.7624969482421875 249.6374969482421875 247.3000030517578125 243.34375 237.2624969482421875 232.3249969482421875 228.5812530517578125 222.9312591552734375 218.4749908447265625 213.6374969482421875 207.6062469482421875 201.881256103515625 195.0625 188.181243896484375 180.5 173.2937469482421875 173.181243896484375 185.78125 200.3937530517578125 221.306243896484375 239.4250030517578125 259.45001220703125 277.89373779296875 299.26251220703125 319.01873779296875 325.225006103515625 315.26873779296875 304.375 294.67498779296875 287.66876220703125 280.162506103515625 270.51251220703125 262.07501220703125 252.618743896484375 243.21875 233.4250030517578125 224.131256103515625 218.71875
235.96875 240.1374969482421875 243.524993896484375 246.7687530517578125 249.868743896484375 250.8562469482421875 251.4187469482421875 248.0812530517578125 246.3249969482421875 245.274993896484375 241.15625 238.618743896484375 235.71875 234.212493896484375 229.1750030517578125 223.2375030517578125 218.7062530517578125 214.5124969482421875 207.193756103515625 200.899993896484375 194.1875 185.4812469482421875 181.493743896484375 182.03125 190.96875 204.3874969482421875 222.53125 241.350006103515625 260.78125 279.993743896484375 299.381256103515625 317.125 321.70001220703125 315.38751220703125 308.149993896484375 298.35626220703125 292.03125 284.868743896484375 275.118743896484375 265.64373779296875 256.32501220703125 246.6875 236.8000030517578125 228.975006103515625 230.1437530517578125
244.037506103515625 246.475006103515625 246.5812530517578125 247.6750030517578125 247.7624969482421875 245.8625030517578125 244.78125 244.2624969482421875 245.0625 243.40625 242.024993896484375 240.9250030517578125 239.1062469482421875 238.8874969482421875 236 232.6875 228.65625 221.725006103515625 215.774993896484375 208.631256103515625 202.2062530517578125 193.912506103515625 190.212493896484375 192.5812530517578125 199.1999969482421875 210.681243896484375 227.537506103515625 244.850006103515625 262.91876220703125 280.3125 295.506256103515625 309.78125 311.42498779296875 309.881256103515625 306.03125 299.225006103515625 294.63751220703125 289.01251220703125 280.04376220703125 269.21875 257.475006103515625 248.0500030517578125 239.7375030517578125 239.037506103515625 241.59375
251.5437469482421875 251.8000030517578125 250.1437530517578125 246.756256103515625 245.8000030517578125 244.4875030517578125 243.399993896484375 243.3249969482421875 243.5062408447265625 242.4875030517578125 242.8125 242.912506103515625 244.8249969482421875 245.962493896484375 243.756256103515625 240.5124969482421875 237.0749969482421875 233.225006103515625 226.375 217.53125 209.4875030517578125 203.6374969482421875 201.1062469482421875 202.2687530517578125 206.8874969482421875 216.4250030517578125 232.149993896484375 246.7312469482421875 262.9375 277.243743896484375 289.993743896484375 299.943756103515625 302.25 303.587493896484375 303.068756103515625 298.818756103515625 296.92498779296875 293.35626220703125 284.08123779296875 276.462493896484375 268.36248779296875 260.86248779296875 253.037506103515625 252.837493896484375 251.28125
256.79376220703125 254.46875 251.037506103515625 247.3562469482421875 245.875 243.475006103515625 242.725006103515625 240.96875 241.318756103515625 242.25 243.693756103515625 245.725006103515625 250.318756103515625 251.1374969482421875 250.65625 248.881256103515625 247.774993896484375 244.3000030517578125 238.4812469482421875 230.3249969482421875 221.6875 214.3000030517578125 210.3249969482421875 209.524993896484375 212.006256103515625 223.0437469482421875 234.9187469482421875 248.868743896484375 262.662506103515625 273.04376220703125 283.82501220703125 292.125 296.256256103515625 298.63751220703125 298.92498779296875 297.53125 295.181243896484375 293.73126220703125 289.15625 283.40625 277.243743896484375 270.42498779296875 265.14373779296875 262.09375 261.67498779296875
259.743743896484375 255.618743896484375 251.4499969482421875 249.024993896484375 246.2062530517578125 241.837493896484375 240.5437469482421875 238.0812530517578125 238.618743896484375 239.71875 242.71875 248.5437469482421875 252.662506103515625 255.9312591552734375 256.318756103515625 256.3125 253.9562530517578125 251.3249969482421875 245.475006103515625 240.5749969482421875 232.46875 224.756256103515625 218.8312530517578125 217.9562530517578125 222.149993896484375 229.2687530517578125 238.431243896484375 251.0437469482421875 261.693756103515625 270.88751220703125 280.32501220703125 287.35626220703125 289.662506103515625 292.54998779296875 294.337493896484375 294.09375 294.40625 292.58123779296875 289.15625 284.912506103515625 284.037506103515625 279.79376220703125 275.0625 272.649993896484375 272.881256103515625
261.368743896484375 255.28125 251.5812530517578125 248.3125 246.381256103515625 241.9187469482421875 238.2375030517578125 236.5812530517578125 236.3125 238.712493896484375 244.96875 250.0500030517578125 256.86248779296875 262.493743896484375 263.337493896484375 263.068756103515625 262.61248779296875 260.51251220703125 253.9812469482421875 248.0749969482421875 242.100006103515625 234.806243896484375 228.3125 227.4499969482421875 231.1750030517578125 234.475006103515625 242.975006103515625 252.0812530517578125 261.20623779296875 269.82501220703125 276.399993896484375 281.131256103515625 283.13751220703125 286.662506103515625 289.306243896484375 291.11248779296875 291.743743896484375 291.631256103515625 287.66876220703125 289.9375 288.9375 285.681243896484375 283.58123779296875 283.493743896484375 284.92498779296875
261.13751220703125 255.8874969482421875 252.6062469482421875 248.8937530517578125 245.6750030517578125 242.6062469482421875 239.006256103515625 235.350006103515625 234.4875030517578125 236.6687469482421875 241.537506103515625 250.6750030517578125 259.912506103515625 264.850006103515625 267.60626220703125 267.649993896484375 268.587493896484375 266.57501220703125 261.16876220703125 255.5187530517578125 249.7687530517578125 243.3249969482421875 237.46875 234.118743896484375 237.475006103515625 239.431243896484375 244.8874969482421875 252.024993896484375 259.88751220703125 265.51873779296875 270.67498779296875 275.82501220703125 277.993743896484375 281.25 284.54376220703125 286.225006103515625 288 285.931243896484375 288.01251220703125 290.618743896484375 289.86248779296875 289.600006103515625 290.04376220703125 291.962493896484375 295.26251220703125
259.01873779296875 255.53125 253.443756103515625 248.5 244.5187530517578125 240.5 236.212493896484375 233.1374969482421875 230.40625 230.75 238.0812530517578125 250.75 263.61248779296875 272.79376220703125 274.943756103515625 275.59375 274.993743896484375 270.73126220703125 267.66876220703125 260.73126220703125 256.875 249.524993896484375 244.1437530517578125 239.1750030517578125 240.431243896484375 243.287506103515625 247.625 251.818756103515625 258.23748779296875 263.756256103515625 267.01873779296875 271.39373779296875 272.33123779296875 276.181243896484375 278.5625 279.61248779296875 279.649993896484375 284.725006103515625 287.45001220703125 289.38751220703125 289.33123779296875 290.83123779296875 293.368743896484375 295.962493896484375 297.38751220703125
258.39373779296875 256.625 253.9187469482421875 249.3312530517578125 244.568756103515625 239.15625 235.0124969482421875 230.506256103515625 225.375 224.274993896484375 230.65625 246.3625030517578125 263.806243896484375 274.475006103515625 277.64373779296875 278.83123779296875 279.006256103515625 275.618743896484375 272.46875 268.5 263.087493896484375 257.024993896484375 248.475006103515625 244.4250030517578125 243.40625 245.024993896484375 248.9375 253.087493896484375 258.07501220703125 261.4375 264.087493896484375 266.42498779296875 267.25 271.40625 272.412506103515625 270.82501220703125 275.618743896484375 280.45001220703125 281.899993896484375 284.443756103515625 286.84375 288.28125 290.149993896484375 293.48126220703125 293.662506103515625
258.28125 258 254.59375 250.618743896484375 245.46875 240.0749969482421875 235.8249969482421875 228.662506103515625 220.3874969482421875 215.6125030517578125 224.6875 246.6999969482421875 262.39373779296875 271.193756103515625 277.287506103515625 279.88751220703125 278.837493896484375 276.8125 274.975006103515625 269.71875 265.212493896484375 258.82501220703125 250.7687530517578125 247.118743896484375 244.725006103515625 245.40625 249.537506103515625 253.5749969482421875 256.98748779296875 258.774993896484375 261.649993896484375 264.162506103515625 264.84375 266.350006103515625 266.5 267.225006103515625 271.675018310546875 277.01251220703125 280.318756103515625 280.25 282.54998779296875 283.850006103515625 287.118743896484375 289.96875 291.60626220703125
261.118743896484375 259.16876220703125 254.881256103515625 251.6875 246.75 242.0500030517578125 236.681243896484375 228.681243896484375 221.65625 215.0124969482421875 230.125 251.631256103515625 263.568756103515625 270.9375 276.26251220703125 279.48748779296875 277.9375 277.149993896484375 272.98126220703125 267.1875 262.899993896484375 256.42498779296875 251.068756103515625 247.368743896484375 244.5437469482421875 246.068756103515625 247.4499969482421875 252.412506103515625 256.037506103515625 257.98126220703125 258.23126220703125 260.41876220703125 262.5625 262.818756103515625 260.600006103515625 264.868743896484375 268.84375 271.850006103515625 276.850006103515625 277.64373779296875 277.78125 279.88751220703125 280.850006103515625 282.318756103515625 285.40625
263.98748779296875 259.274993896484375 255.306243896484375 252.774993896484375 249.4499969482421875 243.4812469482421875 238.8312530517578125 233.649993896484375 232.537506103515625 238.006256103515625 253.506256103515625 262.8125 266.40625 271.850006103515625 276.125 276.91876220703125 275.774993896484375 273.868743896484375 267.475006103515625 263.3125 258.35626220703125 251.9499969482421875 247.306243896484375 245.556243896484375 243.9812469482421875 243.21875 245.131256103515625 249.1999969482421875 252.2062530517578125 255.556243896484375 256.96875 256.556243896484375 258.300018310546875 260.112518310546875 263.037506103515625 264.256256103515625 265.70623779296875 269.256256103515625 271.131256103515625 269.71875 270.318756103515625 272.65625 272.337493896484375 274.600006103515625 276.79376220703125
266.0625 261.681243896484375 258.149993896484375 255.9250030517578125 252.8687591552734375 248.662506103515625 243.006256103515625 242.3625030517578125 244.3625030517578125 249.8249969482421875 258.36248779296875 266.350006103515625 269.26251220703125 272.82501220703125 275.5 275.08123779296875 273.45001220703125 270.88751220703125 263.681243896484375 257.82501220703125 251.96875 248.2624969482421875 241.625 239.693756103515625 241.068756103515625 241.25 243.2375030517578125 246.899993896484375 249.7312469482421875 252.6687469482421875 252.4499969482421875 256.76251220703125 260.88751220703125 262.631256103515625 265.412506103515625 265.756256103515625 265.712493896484375 267.76251220703125 267.375 263.38751220703125 262.34375 263.98126220703125 262.20001220703125 263.40625 266.70001220703125
