data/historical-monthly-weather-data/wc2.1_cruts4.09_10m_prec_2002-04.asc
ncols        45
nrows        45
xllcorner    -63.500000000000
yllcorner    -7.500000000000
cellsize     0.166666666667
NODATA_value -9999
[rows 0 to 19 of 45, columns 0 to 44 of 45]
277.712493896484375 280.600006103515625 283.59375 292.587493896484375 296.73748779296875 296.98748779296875 295.931243896484375 289.8125 286.225006103515625 287.024993896484375 291.475006103515625 294.568756103515625 296.01873779296875 295.125 293.32501220703125 292.149993896484375 292.35626220703125 288.75 288.25 288.20001220703125 289.95623779296875 293.48126220703125 296.23748779296875 301.587493896484375 304.681243896484375 310.875 315.556243896484375 322.32501220703125 328.618743896484375 340.712493896484375 354.818756103515625 369.8125 384.556243896484375 402.23748779296875 419.375 434.100006103515625 445.51251220703125 456.41876220703125 465.91876220703125 471.899993896484375 477.21875 478.774993896484375 475.20001220703125 473.90625 467.03125
284.15625 286.29376220703125 295.875 305.693756103515625 314.59375 313.149993896484375 309.756256103515625 308.100006103515625 306.41876220703125 306.48126220703125 309.60626220703125 310.14373779296875 310.462493896484375 309.14373779296875 305.04998779296875 304.04998779296875 301.45001220703125 298.58123779296875 296.587493896484375 294.375 295.54376220703125 297.73748779296875 302.0625 306.756256103515625 312.95001220703125 319.443756103515625 325.225006103515625 333.743743896484375 340.131256103515625 354.46875 372.86248779296875 393.125 410.66876220703125 431.79998779296875 449.79376220703125 465.48126220703125 481.475006103515625 494.20623779296875 503.056243896484375 507.431243896484375 511.087493896484375 512.9375 509.256256103515625 504.274993896484375 495.506256103515625
286.86248779296875 292.037506103515625 301.037506103515625 313.600006103515625 324.524993896484375 325.33123779296875 324.78125 325.48748779296875 328.13751220703125 328.07501220703125 327.568756103515625 325.1875 324.306243896484375 319.76251220703125 315.14373779296875 312.63751220703125 309.41876220703125 307.149993896484375 304.66876220703125 304.006256103515625 307.125 311.39373779296875 315.26251220703125 321.28125 329.712493896484375 337.64373779296875 345.818756103515625 351.29998779296875 356.54376220703125 373.09375 392.01873779296875 411.88751220703125 434.32501220703125 456.21875 474.07501220703125 489.681243896484375 509.51251220703125 526.36248779296875 534.07501220703125 539.3187255859375 543.15625 541.20623779296875 536.7125244140625 531.89373779296875 522.03125
284.399993896484375 291.20001220703125 304.92498779296875 316.28125 327.67498779296875 332.8125 335.931243896484375 339.78125 346.162506103515625 349.20623779296875 346.54998779296875 340.225006103515625 334.287506103515625 329.4375 323.600006103515625 320.36248779296875 317.59375 315.649993896484375 313.962493896484375 314.58123779296875 320.38751220703125 326 329.86248779296875 338.51251220703125 348.1875 355.875 365.58123779296875 369.837493896484375 375.318756103515625 394.506256103515625 414.100006103515625 434.537506103515625 454.38751220703125 476.631256103515625 495.86248779296875 516.29998779296875 536.42498779296875 554.73126220703125 566.375 569.65625 573.54376220703125 572.83123779296875 563.73748779296875 555.2125244140625 546.61248779296875
295.868743896484375 298.743743896484375 304.90625 316.912506103515625 331.83123779296875 338.41876220703125 342 349.431243896484375 360.35626220703125 368.256256103515625 362.024993896484375 349.13751220703125 342.068756103515625 337 330.600006103515625 326.5 322.693756103515625 321.962493896484375 321.25 322.587493896484375 330.91876220703125 337.26873779296875 343.243743896484375 355.33123779296875 363.79376220703125 372.899993896484375 380.71875 389.54376220703125 398.162506103515625 415.256256103515625 435.40625 452.100006103515625 472.024993896484375 495.787506103515625 517.70623779296875 539.0250244140625 558.8125 579.1875 592.61248779296875 597.3125 603.78125 595.9000244140625 587.2874755859375 580.76251220703125 568.54998779296875
301.28125 306.85626220703125 313.881256103515625 319.32501220703125 333.29998779296875 342 346.51873779296875 354.693756103515625 365.712493896484375 376.368743896484375 366.587493896484375 354.26251220703125 347.899993896484375 343.149993896484375 336.20001220703125 332.587493896484375 326.92498779296875 326.65625 329.118743896484375 332.318756103515625 340.09375 347.625 357.88751220703125 369.33123779296875 380.462493896484375 391.91876220703125 399.41876220703125 407.46875 415.63751220703125 431.34375 449.774993896484375 468.806243896484375 484.51251220703125 506.837493896484375 531.0250244140625 550.7249755859375 573.84375 594.53125 607.5062255859375 616.375 616.76251220703125 608.60626220703125 601.6937255859375 596.33123779296875 586.3499755859375
308.42498779296875 314.90625 322.412506103515625 327.01251220703125 332.36248779296875 336.65625 341.4375 348.318756103515625 353.79998779296875 357.225006103515625 357.037506103515625 353.15625 351.993743896484375 347.4375 341.875 339.431243896484375 334.475006103515625 331.70001220703125 332.98748779296875 338.65625 349.29998779296875 360.04376220703125 371.57501220703125 381.82501220703125 395.25 408.912506103515625 417.881256103515625 423.556243896484375 430.90625 446.23748779296875 464.53125 481.100006103515625 498.100006103515625 515.7437744140625 537.9437255859375 557.5687255859375 577.40625 599.4124755859375 617.1937255859375 625.32501220703125 620.0562744140625 613.7874755859375 608.7750244140625 603.95623779296875 597.3812255859375
316.537506103515625 321.693756103515625 327.256256103515625 333.88751220703125 339.64373779296875 341.03125 337.931243896484375 334.23126220703125 330.95001220703125 333.568756103515625 343.412506103515625 349.618743896484375 352.524993896484375 351.70623779296875 348.67498779296875 345.212493896484375 340.29376220703125 337.9375 337.13751220703125 344.0625 358.225006103515625 371.962493896484375 383.90625 395.8125 412.3125 424.118743896484375 432.412506103515625 438.568756103515625 446.337493896484375 461.600006103515625 475.09375 490.068756103515625 506.01873779296875 522.9937744140625 542.04376220703125 555.89996337890625 575.23126220703125 594.28125 607.875 613.6187744140625 613.1312255859375 610.875 606.1312255859375 599.79998779296875 590.48748779296875
323.649993896484375 329.70623779296875 334.59375 338.98748779296875 343.912506103515625 343.07501220703125 340.63751220703125 334.787506103515625 324.381256103515625 321.23748779296875 335.20623779296875 345.76251220703125 356.32501220703125 357.53125 354.475006103515625 352.506256103515625 349.856231689453125 349.33123779296875 351.149993896484375 356.0625 364.83123779296875 381.92498779296875 394.54998779296875 410.225006103515625 426.149993896484375 435.73126220703125 442.225006103515625 448.931243896484375 456.10626220703125 469.212493896484375 483.162506103515625 492.64373779296875 504.45623779296875 515.82501220703125 532.8125 546.34375 564.2874755859375 578.125 590.3812255859375 595.0687255859375 596.04376220703125 592.3187255859375 591.11248779296875 588.5999755859375 573.4937744140625
330.48126220703125 335.037506103515625 340.33123779296875 344.668731689453125 347.899993896484375 347.756256103515625 346.60626220703125 341.66876220703125 337.537506103515625 339.04376220703125 348.20623779296875 354.243743896484375 361.88751220703125 363.568756103515625 363.20623779296875 360.82501220703125 359.28125 360.875 363.34375 371.53125 380.818756103515625 393.806243896484375 406.10626220703125 424.118743896484375 435.787506103515625 442.83123779296875 448.28125 454.07501220703125 462.399993896484375 476.975006103515625 484.537506103515625 489.34375 497.868743896484375 507.51251220703125 520.7125244140625 534.4375 546.3125 558.41876220703125 568.48126220703125 576.51251220703125 581.3125 579.1500244140625 576.4312744140625 567.4000244140625 557.1187744140625
337.28125 343.10626220703125 347.28125 350.61248779296875 351.60626220703125 352.45001220703125 352.768768310546875 350.26251220703125 350.95001220703125 354.931243896484375 363.45001220703125 370.85626220703125 371.443756103515625 372.125 369.881256103515625 367.25 367.01873779296875 370.5 375.600006103515625 383.475006103515625 398.64373779296875 410.73748779296875 419.57501220703125 425.15625 441.48126220703125 449.100006103515625 450.875 455.037506103515625 460.54376220703125 472.75 478.149993896484375 480.53125 487.85626220703125 495.53125 506.225006103515625 513.61248779296875 523.07501220703125 534.1312255859375 545.01251220703125 553.70623779296875 558.16876220703125 556.6312255859375 558.64373779296875 554.73748779296875 543.28125
340.76873779296875 345.662506103515625 349.274993896484375 355.993743896484375 358.6875 357.98126220703125 360.75 362.34375 365.78125 370.92498779296875 379.3125 387.20001220703125 382.79376220703125 379.65625 376.54998779296875 374.29998779296875 373.1875 376.82501220703125 382.89373779296875 391.9375 406.625 419.07501220703125 428.96875 438.243743896484375 443.587493896484375 443.649993896484375 444.04998779296875 445.524993896484375 450.431243896484375 457.41876220703125 461.70623779296875 464.243743896484375 468.649993896484375 475.681243896484375 484.63751220703125 492.568756103515625 503.100006103515625 514.33123779296875 520.7125244140625 525.46875 531.65625 532.8499755859375 533.6312255859375 525.0687255859375 514.4000244140625
344.943756103515625 349.3125 353.23748779296875 358.5625 363.131256103515625 367.006256103515625 368.61248779296875 370.07501220703125 373.48748779296875 381.493743896484375 389.60626220703125 397.100006103515625 393.774993896484375 382.006256103515625 378.125 378.15625 375.6875 379.149993896484375 386.73126220703125 393.95623779296875 408.818756103515625 419.34375 425.337493896484375 432.84375 427.943756103515625 424.881256103515625 429.412506103515625 430.649993896484375 436.78125 440.943756103515625 443.643768310546875 444.45001220703125 447.40625 453.362518310546875 459.631256103515625 469.89373779296875 480.70001220703125 491.48126220703125 499.6875 504.725006103515625 503.08123779296875 507.8125 505.006256103515625 498.399993896484375 494.6875
347.806243896484375 351.85626220703125 354.543731689453125 359.225006103515625 366.07501220703125 370.0625 371.83123779296875 374.63751220703125 379.95001220703125 386.274993896484375 390.6875 392.806243896484375 391.26251220703125 384.07501220703125 376.431243896484375 377.475006103515625 374.88751220703125 375.899993896484375 383.681243896484375 388.806243896484375 401.70001220703125 409.61248779296875 416.568756103515625 416.83123779296875 414.399993896484375 412.850006103515625 414.943756103515625 416.98748779296875 420.73126220703125 424.35626220703125 425.45001220703125 426.306243896484375 425.381256103515625 430.006256103515625 437.17498779296875 448.53125 459.256256103515625 472.337493896484375 483.274993896484375 485.962493896484375 478.83123779296875 474.58123779296875 480.743743896484375 488.256256103515625 490.537506103515625
348.45001220703125 352.83123779296875 356.399993896484375 361.693756103515625 369.36248779296875 373.256256103515625 376.71875 379.631256103515625 382.5625 386.08123779296875 389.04376220703125 390.524993896484375 387.70001220703125 381.556243896484375 372.61248779296875 369.125 368.20001220703125 373.35626220703125 379.681243896484375 384.78125 394.337493896484375 403.91876220703125 407.75 406.8125 404.25 404.25 404.82501220703125 407.32501220703125 410.92498779296875 411.78125 408.837493896484375 404.29376220703125 406.912506103515625 408.787506103515625 413.35626220703125 423.36248779296875 441.693756103515625 460.76873779296875 471.48748779296875 470.6875 465.11248779296875 467.08123779296875 479.537506103515625 481.818756103515625 479.787506103515625
346.88751220703125 351.068756103515625 357.07501220703125 364.149993896484375 371.23126220703125 375.41876220703125 378.79376220703125 382.21875 386.881256103515625 388.462493896484375 389.5625 389.76873779296875 387.162506103515625 379.618743896484375 368.28125 356.98748779296875 360.649993896484375 370.45623779296875 374.975006103515625 380.462493896484375 389.524993896484375 396.17498779296875 398.631256103515625 397.600006103515625 394.34375 395.35626220703125 394.26251220703125 397.5625 400.70001220703125 401.693756103515625 400.91876220703125 394.931243896484375 388.375 386.931243896484375 387.256256103515625 406.337493896484375 425.087493896484375 445.64373779296875 458.568756103515625 465.725006103515625 465.056243896484375 469.95001220703125 475.01873779296875 473.46875 468.70623779296875
343.681243896484375 349.54998779296875 357.33123779296875 365.60626220703125 372.631256103515625 377.024993896484375 382.85626220703125 386.54998779296875 388.60626220703125 390.26873779296875 389.85626220703125 389.76251220703125 385.92498779296875 378.868743896484375 370.118743896484375 362.41876220703125 357.14373779296875 363.58123779296875 371.20001220703125 377.98748779296875 386.16876220703125 393.41876220703125 395.162506103515625 389.037506103515625 385.493743896484375 384.51873779296875 384.837493896484375 387.63751220703125 392.306243896484375 394.506256103515625 392.38751220703125 386.4375 380.61248779296875 377.774993896484375 385.48748779296875 398.91876220703125 418.931243896484375 441.46875 462.225006103515625 467.73126220703125 469.6875 471.5625 468.10626220703125 464.8125 457.9375
338.962493896484375 347.82501220703125 356.162506103515625 367.63751220703125 375.71875 381.89373779296875 389.08123779296875 391.53125 392.71875 391.975006103515625 389.443756103515625 388.337493896484375 384.193756103515625 379.33123779296875 372.024993896484375 366.48748779296875 360.70623779296875 355.556243896484375 366.92498779296875 374.5 384.66876220703125 389.96875 391.07501220703125 384.631256103515625 381.70623779296875 380.631256103515625 377.056243896484375 383.100006103515625 389.04998779296875 389.306243896484375 381.225006103515625 365.431243896484375 368.13751220703125 371.79376220703125 377.024993896484375 395.287506103515625 415.04998779296875 435.725006103515625 453.25 466.881256103515625 465.82501220703125 465.337493896484375 461.98126220703125 457.29998779296875 451.60626220703125
332.78125 344.0625 355.600006103515625 366.76251220703125 376.756256103515625 385.193756103515625 391.962493896484375 397.82501220703125 399.056243896484375 396.943756103515625 391.45623779296875 385.45623779296875 381.85626220703125 379.774993896484375 369.868743896484375 364.631256103515625 360.462493896484375 356.962493896484375 358.712493896484375 366.181243896484375 382.45623779296875 390.75 380.26873779296875 379.350006103515625 379.91876220703125 382.493743896484375 383.14373779296875 385.98748779296875 392.118743896484375 389.600006103515625 380.73748779296875 366.350006103515625 362.506256103515625 355.75 359.3125 378.087493896484375 399.46875 419.274993896484375 440.79376220703125 452.32501220703125 459.54376220703125 459.79998779296875 455.056243896484375 450.375 445.5625
326.08123779296875 339.943756103515625 351.91876220703125 362.41876220703125 376.087493896484375 388.787506103515625 398.818756103515625 402.993743896484375 403.71875 401 393.36248779296875 388.899993896484375 384.51251220703125 380.212493896484375 368.71875 356.725006103515625 349.36248779296875 354.08123779296875 355.01873779296875 361.21875 370.51873779296875 374.92498779296875 378.443756103515625 378.399993896484375 379.41876220703125 381.306243896484375 384.33123779296875 391.087493896484375 393.212493896484375 385.868743896484375 372.54376220703125 365.86248779296875 356.0625 342.256256103515625 337.20001220703125 355.3125 384.118743896484375 410.649993896484375 430.32501220703125 444.28125 450.67498779296875 451.34375 447.88751220703125 443.46875 435.5
