data/historical-monthly-weather-data/wc2.1_cruts4.09_10m_prec_1961-11.asc
ncols        51
nrows        45
xllcorner    -63.500000000000
yllcorner    -7.500000000000
cellsize     0.166666666667
NODATA_value -9999
[rows 19 to 37 of 45, columns 0 to 43 of 51]
169.3125 169.931243896484375 170.493743896484375 171.6750030517578125 172.8249969482421875 174.3625030517578125 175.056243896484375 174.7687530517578125 174.46875 173.3125 170.28125 164.2687530517578125 156.8312530517578125 149.25 143.5 138.631256103515625 134.1125030517578125 134.3125 135.881256103515625 138.9562530517578125 140.25 138.21875 135.71875 135.0749969482421875 134.7062530517578125 132.9812469482421875 130.2624969482421875 126 117.02500152587890625 106.4562530517578125 99.9562530517578125 101.86875152587890625 104.90625 108.34999847412109375 111.02500152587890625 114 117.5500030517578125 121.2687530517578125 123.4375 125 126.0187530517578125 126.2062530517578125 123.7624969482421875 121.7937469482421875
167.412506103515625 169.21875 171.037506103515625 172.743743896484375 173.868743896484375 176.2312469482421875 178.5 179.7375030517578125 180.75 180.0749969482421875 177.9375 173.15625 166.84375 158.65625 152.212493896484375 145.59375 139.9875030517578125 137.5812530517578125 138.649993896484375 139.09375 140.100006103515625 139.3125 137.037506103515625 136.78125 136.8000030517578125 135.3125 132.4375 126.7062530517578125 119.8312530517578125 114.96250152587890625 111.46875 112.1999969482421875 113.9250030517578125 116.56874847412109375 119.4375 123.33750152587890625 126.0187530517578125 128.7687530517578125 129.9375 131.006256103515625 131.0124969482421875 130.40625 128.6687469482421875 126.19374847412109375
166.5749969482421875 167.4812469482421875 170.149993896484375 172.649993896484375 174.975006103515625 177.96875 181.5625 183.9499969482421875 186.8625030517578125 187.75 186.712493896484375 183.881256103515625 178.8000030517578125 170.78125 162.837493896484375 154.962493896484375 149.09375 144.725006103515625 142.6999969482421875 141.78125 139.7937469482421875 138.0124969482421875 136.618743896484375 136.368743896484375 135.943756103515625 134.96875 134.181243896484375 130.443756103515625 126.6062469482421875 123.81874847412109375 120.78749847412109375 121.1999969482421875 122.58750152587890625 126.125 130.037506103515625 133.600006103515625 136.0500030517578125 137.90625 137.3562469482421875 137.524993896484375 136.631256103515625 135.375 133.6125030517578125 131.649993896484375
166.0437469482421875 168.056243896484375 170.7062530517578125 173.5500030517578125 176.4812469482421875 179.7375030517578125 183.162506103515625 187.6062469482421875 192.318756103515625 194.2062530517578125 195.256256103515625 194.1500091552734375 193.3000030517578125 186.1875 174.7062530517578125 164.350006103515625 156.71875 151.118743896484375 146.818756103515625 143.6999969482421875 140.8000030517578125 137.9499969482421875 135.587493896484375 135.287506103515625 135.912506103515625 135.9812469482421875 135.6374969482421875 134.4562530517578125 131.975006103515625 130.2687530517578125 129.3187408447265625 130.118743896484375 132.649993896484375 136.587493896484375 140.34375 144.0749969482421875 146.3937530517578125 146.4250030517578125 144.725006103515625 143.756256103515625 142.693756103515625 140.712493896484375 138.587493896484375 136.381256103515625
166.6062469482421875 168.6062469482421875 171.243743896484375 173.306243896484375 176.4250030517578125 180.6687469482421875 184.7624969482421875 189.787506103515625 194 196.787506103515625 198.881256103515625 201.96875 204.162506103515625 196.443756103515625 182.899993896484375 171.4499969482421875 162.712493896484375 156.100006103515625 150.2312469482421875 145.118743896484375 141.5437469482421875 138.100006103515625 134.806243896484375 134.725006103515625 135.6875 136.0812530517578125 138.4562530517578125 137.2624969482421875 136.8937530517578125 136.5124969482421875 137.631256103515625 139.5437469482421875 142.1437530517578125 145.6875 149.806243896484375 154.350006103515625 156.443756103515625 154.5812530517578125 152.2624969482421875 150.306243896484375 148.3312530517578125 145.9875030517578125 143.6125030517578125 141.0812530517578125
169.78125 170.5625 172.7375030517578125 174.625 178.09375 181.5437469482421875 185.100006103515625 189.524993896484375 193.9875030517578125 197.09375 200.0812530517578125 201.5812530517578125 202.5500030517578125 197.212493896484375 186.212493896484375 175.524993896484375 166.6750030517578125 158.90625 152.4187469482421875 146.475006103515625 141.9499969482421875 137.2375030517578125 134.1875 133.96875 134.6875 136.931243896484375 139.5437469482421875 140.743743896484375 141.193756103515625 143.0812530517578125 144.8562469482421875 147.5749969482421875 150.25 153.631256103515625 156.8874969482421875 159.9187469482421875 161.7312469482421875 159.9375 157.8125 156.1437530517578125 153.5812530517578125 150.9250030517578125 149.1374969482421875 147.5
175.7312469482421875 176.131256103515625 175.2312469482421875 176.9812469482421875 178.6999969482421875 181.2687530517578125 183.9812469482421875 187.6437530517578125 191.537506103515625 194.75 197.2937469482421875 198.7375030517578125 198.2062530517578125 194.318756103515625 186.1437530517578125 177.381256103515625 169.5500030517578125 161.6687469482421875 154.71875 148.4499969482421875 143.118743896484375 137.8562469482421875 133.631256103515625 132.5500030517578125 134.3000030517578125 137.649993896484375 141.71875 144.5500030517578125 146.6125030517578125 149.5187530517578125 151.8625030517578125 154.9250030517578125 157.681243896484375 159.7937469482421875 162.4375 164.3062591552734375 165.087493896484375 164.350006103515625 163.3874969482421875 161.65625 159.4499969482421875 156.6125030517578125 153.34375 152.4187469482421875
182.125 180.1374969482421875 178.4187469482421875 178.100006103515625 177.96875 179.431243896484375 182.6999969482421875 185.337493896484375 187.4562530517578125 190.4187469482421875 193.7062530517578125 195.15625 194.681243896484375 192.0187530517578125 185.4499969482421875 177.381256103515625 170.5187530517578125 163.4562530517578125 156.8562469482421875 150.181243896484375 144.5625 139.0500030517578125 134.212493896484375 133.4812469482421875 136.462493896484375 140.09375 144.4499969482421875 148.181243896484375 151.787506103515625 154.34375 157.600006103515625 160.8249969482421875 163.8312530517578125 165.868743896484375 167.1125030517578125 168.3937530517578125 168.90625 167.9875030517578125 168.037506103515625 167.0999908447265625 165.381256103515625 162 158.475006103515625 156.3562469482421875
188.649993896484375 184.256256103515625 181.024993896484375 178.5625 177.212493896484375 177.5124969482421875 179.756256103515625 182.28125 184.5749969482421875 187.125 189.100006103515625 190.743743896484375 190.7375030517578125 188.8937530517578125 183.9187469482421875 177.2375030517578125 170.8125 164.912506103515625 158.631256103515625 152.5187530517578125 147.412506103515625 141.806243896484375 138.4375 138.7687530517578125 141.0812530517578125 144.0187530517578125 148.09375 152.5124969482421875 156.3125 159.0500030517578125 161.65625 165.0124969482421875 167.9187469482421875 169.2125091552734375 171.125 172.100006103515625 172.3312530517578125 172.443756103515625 171.8562469482421875 172.850006103515625 172.850006103515625 169.4812469482421875 162.774993896484375 159.5437469482421875
194.631256103515625 187.9375 182.131256103515625 178.131256103515625 175.46875 174.9812469482421875 176.34375 178.3562469482421875 181.3562469482421875 183.493743896484375 185.3625030517578125 186.649993896484375 187.475006103515625 186.212493896484375 182.0437469482421875 177.40625 172.681243896484375 166.618743896484375 160.84375 155.34375 150.943756103515625 146.087493896484375 143.3874969482421875 144.65625 146.631256103515625 148.943756103515625 153.337493896484375 157.1999969482421875 161.2937469482421875 163.212493896484375 165.693756103515625 168.375 170.34375 171.8687591552734375 174.3125 175.1687469482421875 175.693756103515625 175.537506103515625 175.1374969482421875 175.431243896484375 176.943756103515625 172.743743896484375 167.399993896484375 167.162506103515625
197.2062530517578125 189.1062469482421875 182.1687469482421875 175.6125030517578125 172.5749969482421875 172.2624969482421875 173.3625030517578125 175.2937469482421875 178.0187530517578125 179.5124969482421875 181.443756103515625 183.3625030517578125 184.8125 185.0437469482421875 182 178.475006103515625 173.649993896484375 169.1374969482421875 163.59375 158.556243896484375 154.7375030517578125 151.712493896484375 149.65625 150.412506103515625 152.2375030517578125 154.7937469482421875 158.7624969482421875 162.1062469482421875 165.443756103515625 167.774993896484375 169.8312530517578125 172.125 173.975006103515625 176.1999969482421875 178.4250030517578125 178.6374969482421875 178.59375 179.53125 177.4812469482421875 176.8625030517578125 177.8937530517578125 179.1437530517578125 177.537506103515625 179.475006103515625
197.931243896484375 189.0812530517578125 181.59375 174.5812530517578125 170.2062530517578125 170.506256103515625 171.4250030517578125 172.743743896484375 174.337493896484375 176.5187530517578125 178.7312469482421875 181.131256103515625 183.6374969482421875 183.6750030517578125 181.993743896484375 179.6999969482421875 176.881256103515625 172.2687530517578125 166.6062469482421875 163.412506103515625 160.6750030517578125 158.225006103515625 156.600006103515625 157.25 158.3312530517578125 160.8562469482421875 163.943756103515625 167.162506103515625 169.837493896484375 171.6437530517578125 173.7312469482421875 176.1687469482421875 177.7937469482421875 180.8625030517578125 182.412506103515625 182.4812469482421875 182.9250030517578125 184.975006103515625 182.03125 176.5187530517578125 178.7624969482421875 184.5625 187.3125 189.9187469482421875
197.4250030517578125 188.7937469482421875 181.225006103515625 175.1750030517578125 171.3562469482421875 169.6125030517578125 169.8562469482421875 170.2312469482421875 171.59375 173.4375 175.8249969482421875 179.0500030517578125 181.8125 183.4250030517578125 183.6750030517578125 182.75 180.850006103515625 176.756256103515625 172.4812469482421875 169.943756103515625 167.7624969482421875 165.3562469482421875 163.53125 163.837493896484375 165.3125 166.9250030517578125 169.15625 171.78125 173.7375030517578125 175.912506103515625 177.943756103515625 179.75 181.8187408447265625 184.3312530517578125 187.243743896484375 187.725006103515625 188.556243896484375 189.6999969482421875 185.7687530517578125 182.8625030517578125 187.90625 195.9562530517578125 201.3937530517578125 208.618743896484375
194.1125030517578125 186.881256103515625 180.131256103515625 174.9562530517578125 171.125 168.4562530517578125 167.6750030517578125 167.4562530517578125 168.318756103515625 170.125 174.037506103515625 177.3937530517578125 181.5625 185.875 186.850006103515625 187.274993896484375 185.993743896484375 184.087493896484375 181.212493896484375 179.0124969482421875 176.868743896484375 173.75 170.975006103515625 170.881256103515625 172.0062408447265625 172.9375 174.6374969482421875 176.443756103515625 178.631256103515625 180.618743896484375 182.600006103515625 184.4499969482421875 186.587493896484375 189.0812530517578125 192.912506103515625 194.5187530517578125 196.7937469482421875 197.881256103515625 195.181243896484375 198.2937469482421875 204.431243896484375 212.8937530517578125 221.7937469482421875 233.4812469482421875
189.8249969482421875 184.2375030517578125 178.5500030517578125 174.375 170.3375091552734375 167.318756103515625 165.0500030517578125 164.3937530517578125 165.1374969482421875 166.693756103515625 170.462493896484375 176.125 182.3249969482421875 187.2624969482421875 189.693756103515625 191.6437530517578125 192.618743896484375 191.7937469482421875 190.068756103515625 188.587493896484375 185.943756103515625 182.4562530517578125 179.2062530517578125 178.2937469482421875 178.6374969482421875 178.662506103515625 180.256256103515625 181.2687530517578125 183.024993896484375 184.881256103515625 186.9812469482421875 189.600006103515625 192.1125030517578125 194.993743896484375 199.381256103515625 202.4499969482421875 204.681243896484375 205.4812469482421875 207.5749969482421875 213.912506103515625 220.625 230.375 243.431243896484375 258.8125
186.59375 182.274993896484375 177.53125 173.2937469482421875 169.662506103515625 166.068756103515625 162.818756103515625 161.493743896484375 160.7312469482421875 162.7312469482421875 167.5500030517578125 175.306243896484375 183.21875 190.631256103515625 195.0187530517578125 197.1437530517578125 199.693756103515625 199.9250030517578125 199.0437469482421875 197.9187469482421875 195.443756103515625 191.537506103515625 187.506256103515625 185.2062530517578125 184.056243896484375 183.9375 184.46875 185.6875 186.75 188.756256103515625 191.556243896484375 194.225006103515625 196.912506103515625 201.0124969482421875 204.693756103515625 207.4499969482421875 210.193756103515625 215.9499969482421875 220.53125 226.8249969482421875 235.287506103515625 245.024993896484375 258.51873779296875 273.975006103515625
185.068756103515625 181.0812530517578125 176.881256103515625 172.6875 169.1437530517578125 165.649993896484375 162.256256103515625 159.0812530517578125 157.100006103515625 157.881256103515625 163.8125 173.2312469482421875 183.9812469482421875 193.90625 198.8874969482421875 203.53125 206.068756103515625 207.399993896484375 207.9562530517578125 208.3312530517578125 205.4250030517578125 199.837493896484375 194.8125 191.9250030517578125 189.943756103515625 188.7687530517578125 189.100006103515625 190.2312469482421875 191.2687530517578125 192.506256103515625 195.9375 198.524993896484375 201.9875030517578125 206.1125030517578125 208.818756103515625 211.3625030517578125 218.3687591552734375 224.350006103515625 228.7937469482421875 236.2937469482421875 245.7562408447265625 254.587493896484375 265.95623779296875 279.84375
183.84375 180.5500030517578125 177.0187530517578125 173.4250030517578125 169.7937469482421875 166.399993896484375 162.368743896484375 158.3937530517578125 154.787506103515625 152.2624969482421875 160.056243896484375 175.3562469482421875 187.443756103515625 196.7624969482421875 203.0124969482421875 208.4187469482421875 212.125 213.8625030517578125 215.1437530517578125 215.5 212.056243896484375 206.1999969482421875 200.9562530517578125 197.3000030517578125 194.537506103515625 193.34375 192.625 194.068756103515625 194.475006103515625 196.524993896484375 199.587493896484375 203.6374969482421875 206.90625 211.3000030517578125 214.193756103515625 218.3937530517578125 225.5 232.5437469482421875 238.256256103515625 243.8562469482421875 251.806243896484375 259.38751220703125 269.28125 281.868743896484375
184.431243896484375 181.1500091552734375 177.7375030517578125 174.71875 171.3000030517578125 168.181243896484375 164.743743896484375 160.943756103515625 157.3125 153.556243896484375 167.037506103515625 184.100006103515625 193.53125 201.5625 207.8125 213.506256103515625 217.8000030517578125 219.350006103515625 220.087493896484375 218.743743896484375 215.8937530517578125 211.03125 206.2062530517578125 201.4812469482421875 198.5749969482421875 196.993743896484375 196.0500030517578125 197.2062530517578125 197.943756103515625 200.8000030517578125 201.931243896484375 205.631256103515625 209.881256103515625 214.5625 218.274993896484375 224.212493896484375 232.0500030517578125 238.850006103515625 246.368743896484375 252.899993896484375 257.33123779296875 264.58123779296875 270.90625 279.493743896484375
