data/historical-monthly-weather-data/wc2.1_cruts4.09_10m_prec_1952-06.asc
ncols        51
nrows        45
xllcorner    -63.500000000000
yllcorner    -7.500000000000
cellsize     0.166666666667
NODATA_value -9999
[rows 0 to 18 of 45, columns 0 to 43 of 51]
150.556243896484375 148.2375030517578125 150.59375 158.649993896484375 164.9875030517578125 175.3562469482421875 182.8625030517578125 189.274993896484375 193.3937530517578125 204.2375030517578125 217.0749969482421875 227.0749969482421875 237.443756103515625 244.931243896484375 250.631256103515625 257.58123779296875 261.79376220703125 263.73748779296875 264.8125 268.431243896484375 273.837493896484375 270.318756103515625 267.975006103515625 260.943756103515625 255.7062530517578125 251.631256103515625 249.3625030517578125 248.975006103515625 241.3625030517578125 232.0749969482421875 217.962493896484375 210.412506103515625 206.7312469482421875 199.087493896484375 192.8125 190.743743896484375 188.725006103515625 188.493743896484375 185.943756103515625 185.818756103515625 188.537506103515625 195.6062469482421875 195.756256103515625 198.15625
144.149993896484375 141.0812530517578125 145.443756103515625 151.0812530517578125 158.600006103515625 167.9250030517578125 174.556243896484375 180.1125030517578125 189.0374908447265625 199.556243896484375 210.0187530517578125 218.381256103515625 222.6750030517578125 228.1750030517578125 232.399993896484375 237.693756103515625 240.068756103515625 239.9875030517578125 241.068756103515625 246.1374969482421875 249.162506103515625 246.225006103515625 245.850006103515625 241.787506103515625 236.850006103515625 231.96875 230.8625030517578125 228.6437530517578125 222.7937469482421875 210.318756103515625 200.6374969482421875 197.2375030517578125 192.2687530517578125 187.3562469482421875 183.4250030517578125 179.3249969482421875 178.9812469482421875 178.2375030517578125 176.587493896484375 177.350006103515625 182.556243896484375 181.3562469482421875 186.9375 189.3249969482421875
140.5124969482421875 141.875 146.162506103515625 149.306243896484375 156.8125 166.1875 172.7937469482421875 181.662506103515625 190.131256103515625 199.0437469482421875 206.006256103515625 210.118743896484375 214.3625030517578125 213.8562469482421875 215.78125 219.0437469482421875 218.9875030517578125 218.875 219.818756103515625 222.2125091552734375 225.2937469482421875 227.600006103515625 226.462493896484375 226.90625 219.524993896484375 214.0625 217.1125030517578125 213.53125 205.6062469482421875 199.6374969482421875 189.125 183.037506103515625 178.40625 175.693756103515625 170.462493896484375 163.5 165.2312469482421875 167.3874969482421875 166.725006103515625 168.3000030517578125 174.993743896484375 176.212493896484375 179.149993896484375 180.1125030517578125
136.837493896484375 136.375 143.46875 149.506256103515625 154.868743896484375 162.4812469482421875 170.443756103515625 178.7687530517578125 188.5500030517578125 197.337493896484375 200.4875030517578125 201.0500030517578125 200.774993896484375 198.4499969482421875 200.0500030517578125 201.9375 198.787506103515625 199.193756103515625 199.7937469482421875 207.5749969482421875 208.5500030517578125 205.6875 206.28125 208.6750030517578125 201.96875 197.5749969482421875 198.2937469482421875 193.412506103515625 190.193756103515625 185.8937530517578125 178.475006103515625 170.6999969482421875 166.4562530517578125 160.3000030517578125 155.912506103515625 157.7312469482421875 160.024993896484375 159.9812469482421875 159.0999908447265625 160.7937469482421875 165.9499969482421875 171 173.3937530517578125 173.5437469482421875
143.975006103515625 142.3625030517578125 140.78125 147.8874969482421875 157.0500030517578125 160.931243896484375 167.5500030517578125 177.524993896484375 189.443756103515625 197.524993896484375 198.5 191.46875 189.5812530517578125 187.274993896484375 185.5625 185.7312469482421875 184.0999908447265625 179.9562530517578125 179.5625 184.524993896484375 185.2062530517578125 185.837493896484375 187.443756103515625 188.8125 183.4499969482421875 180.975006103515625 179.6750030517578125 180.7312469482421875 178.6875 171.46875 167.600006103515625 162.868743896484375 157.53125 153.475006103515625 152.118743896484375 150.368743896484375 152.1374969482421875 154.6062469482421875 152.6875 152.5187530517578125 157.875 162.4812469482421875 166.25 169.75
145.25 146.912506103515625 146.25 143.3000030517578125 154.381256103515625 164.868743896484375 169.3874969482421875 176.9812469482421875 190.4499969482421875 198.7062530517578125 194.6875 187.28125 184.6999969482421875 181.5 176.9250030517578125 175.5812530517578125 171.8562469482421875 167.2062530517578125 168.09375 170.037506103515625 172.931243896484375 173.09375 173.743743896484375 171.4375 170.587493896484375 169.7687530517578125 167.149993896484375 168.350006103515625 167.399993896484375 161.4562530517578125 160.21875 156.631256103515625 154.381256103515625 149.556243896484375 144.743743896484375 148.34375 147.375 144.2624969482421875 145.993743896484375 150.931243896484375 152.71875 158.368743896484375 159.868743896484375 162.4812469482421875
150.15625 150.75 150.8874969482421875 150.818756103515625 151.774993896484375 155.287506103515625 159.756256103515625 171.0749969482421875 177.5187530517578125 184.024993896484375 183.7375030517578125 178.600006103515625 178.006256103515625 176.28125 171.5625 168.212493896484375 165.3937530517578125 160.243743896484375 156.100006103515625 157.5749969482421875 156.125 157.193756103515625 157.1437530517578125 158.131256103515625 161.5187530517578125 161.243743896484375 158.4375 157.7062530517578125 156.8249969482421875 157.6125030517578125 152.693756103515625 147.2687530517578125 144.274993896484375 143.568756103515625 143.868743896484375 143.256256103515625 138.9499969482421875 138.412506103515625 139.21875 144.65625 146.1999969482421875 149.8562469482421875 153.649993896484375 156.2624969482421875
153.09375 151.1875 151.9375 156.1750030517578125 157.556243896484375 162.9875030517578125 159.3874969482421875 156.712493896484375 155.431243896484375 163.4187469482421875 168.5625 169.100006103515625 170.318756103515625 168.600006103515625 167.024993896484375 163.1374969482421875 156.837493896484375 151.8312530517578125 146.618743896484375 142.399993896484375 148.806243896484375 147.756256103515625 146.78125 147.5749969482421875 151.056243896484375 149.524993896484375 148.1687469482421875 147.5812530517578125 147.181243896484375 144.7937469482421875 146.75 141.6875 139.931243896484375 138.1750030517578125 134.71875 133.3562469482421875 132.0437469482421875 131.4250030517578125 129.243743896484375 130.4875030517578125 133.837493896484375 140.1125030517578125 140.25 140
153.9562530517578125 153.78125 152.5625 154.78125 157.53125 158.75 161.149993896484375 161.59375 154.2687530517578125 150.993743896484375 153.65625 157.34375 163.837493896484375 163.7624969482421875 162.0749969482421875 156.5437469482421875 155.1999969482421875 152.21875 148.6437530517578125 142.0187530517578125 138.4187469482421875 143.431243896484375 138.8625030517578125 143.850006103515625 143.53125 142.868743896484375 141.6125030517578125 142.6875 145.600006103515625 142.8125 145.337493896484375 135.0500030517578125 128.162506103515625 125.38124847412109375 126.06874847412109375 129.625 130.743743896484375 131.9250030517578125 129.6437530517578125 127.44374847412109375 127.0124969482421875 127.08750152587890625 132.6437530517578125 132.0250091552734375
154.881256103515625 155.337493896484375 154.506256103515625 156.25 158.162506103515625 158.462493896484375 159.774993896484375 157.5749969482421875 156.28125 154.2062530517578125 151.8874969482421875 147.9812469482421875 155.899993896484375 158.75 157.84375 154.600006103515625 150.3625030517578125 152.3000030517578125 149.6687469482421875 146.3000030517578125 139.84375 137.568756103515625 131.7062530517578125 133.9812469482421875 132.53125 134.78125 134.4499969482421875 134.149993896484375 134.2375030517578125 135.7062530517578125 136.34375 129.90625 126.84999847412109375 124.94374847412109375 122.46875 124.1750030517578125 127.15000152587890625 130.118743896484375 129.6687469482421875 131.7687530517578125 133.2062530517578125 132.618743896484375 127.625 121.40000152587890625
157.6374969482421875 156.725006103515625 155.556243896484375 155.899993896484375 155.9499969482421875 158.2062530517578125 155.774993896484375 153.8125 154.5812530517578125 154.40625 154.087493896484375 150.837493896484375 149.787506103515625 153.125 151.337493896484375 148.9875030517578125 145.568756103515625 144.1687469482421875 145.2375030517578125 147.2375030517578125 149.068756103515625 142.431243896484375 130.9562530517578125 120.11875152587890625 123.83750152587890625 132.431243896484375 133.431243896484375 130.506256103515625 127.65625 127.5812530517578125 127.83750152587890625 124.46875 123.3874969482421875 122.50624847412109375 121.3874969482421875 120.53125 123.4187469482421875 124.8125 129.524993896484375 129.993743896484375 130.2937469482421875 127.15625 125.18125152587890625 115.03749847412109375
156.625 156.1999969482421875 157.2062530517578125 155.118743896484375 155.5500030517578125 155.0812530517578125 156.806243896484375 156.350006103515625 156.350006103515625 151.96875 153.662506103515625 151.931243896484375 143.962493896484375 146.1687469482421875 148.7062530517578125 145.75 142.4875030517578125 142.506256103515625 145.243743896484375 152.7937469482421875 155.4812469482421875 150.306243896484375 137.2687530517578125 122.16249847412109375 120.56874847412109375 122.5437469482421875 121.3937530517578125 121.61875152587890625 122.42499542236328125 121 116.5437469482421875 116.90625 117.15000152587890625 114.65625 116.28125 119.72499847412109375 124.5187530517578125 127.15000152587890625 125.3125 129.306243896484375 130.0812530517578125 125.81874847412109375 114.94374847412109375 99.02500152587890625
158.4499969482421875 156.6687469482421875 156.118743896484375 154.0437469482421875 155.1374969482421875 153.3000030517578125 153.84375 153.9562530517578125 151.90625 150.3000030517578125 150.618743896484375 150.087493896484375 146.493743896484375 137.931243896484375 137.28125 137.899993896484375 136.59375 138.8000030517578125 137.087493896484375 143.193756103515625 148.625 144.46875 135.5437469482421875 123.49375152587890625 113.7937469482421875 113.20624542236328125 115.0187530517578125 116.3000030517578125 118.2687530517578125 119.06874847412109375 113.9562530517578125 110.15625 112.8874969482421875 109.3937530517578125 110.625 115.7937469482421875 123.9875030517578125 129.25 135.5812530517578125 135.162506103515625 129.587493896484375 123.0124969482421875 106.53749847412109375 93.5437469482421875
158.3312530517578125 156.556243896484375 154.774993896484375 153.118743896484375 151.34375 150.9499969482421875 149.9499969482421875 151.399993896484375 151.181243896484375 148.350006103515625 147.649993896484375 143.5124969482421875 141.056243896484375 135.6437530517578125 126.25 129.625 127.99375152587890625 128.181243896484375 128.631256103515625 133.068756103515625 136.8249969482421875 133.6750030517578125 127.34375 121.3000030517578125 115.1687469482421875 110.5 108.71250152587890625 108.05625152587890625 109.21875 109.4499969482421875 109.43125152587890625 107.52500152587890625 107.8312530517578125 108.65000152587890625 107.1999969482421875 117.09375 128.8937530517578125 138.506256103515625 145.1875 141.693756103515625 124.38124847412109375 112.22499847412109375 107.1750030517578125 106.8125
153.1750030517578125 151.8000030517578125 151.9812469482421875 151.5187530517578125 149.5187530517578125 148.9250030517578125 149.1999969482421875 148.9375 148.03125 146.350006103515625 144.037506103515625 140.4250030517578125 136.9812469482421875 130.0625 119.2062530517578125 120.8625030517578125 120.59375 123.3937530517578125 121.1062469482421875 123.75 128.149993896484375 126.43125152587890625 124.1999969482421875 121.08750152587890625 119.63124847412109375 115.8874969482421875 113.9875030517578125 111.99375152587890625 113.49375152587890625 109.5437469482421875 104.93125152587890625 105.36875152587890625 110.0437469482421875 106.71875 102.02500152587890625 106.25 124.41249847412109375 142.881256103515625 146.8562469482421875 139.5749969482421875 130.6687469482421875 124.46250152587890625 123.5187530517578125 114.27500152587890625
149.75 146.9812469482421875 147.3874969482421875 145.65625 146.7874908447265625 147.087493896484375 146.3874969482421875 145.037506103515625 146.1750030517578125 147.350006103515625 144.6687469482421875 139.975006103515625 136.15625 129.431243896484375 120.2687530517578125 108.96875 111.5124969482421875 116.74375152587890625 114.8874969482421875 116.83750152587890625 119.6999969482421875 120.03125 121.0812530517578125 122 121.0749969482421875 117.86875152587890625 114.08750152587890625 113.25624847412109375 112.625 113.5 110.83750152587890625 107.1374969482421875 102.40000152587890625 97.625 93.9250030517578125 110.9250030517578125 120.2312469482421875 133.193756103515625 142.1687469482421875 145.006256103515625 144.100006103515625 138.8874969482421875 129.15625 115.4187469482421875
144.850006103515625 143.462493896484375 142.212493896484375 143.306243896484375 144.212493896484375 145.350006103515625 144.725006103515625 144.5 142.337493896484375 141.962493896484375 142.274993896484375 138.962493896484375 132.756256103515625 126.30625152587890625 122.00624847412109375 111.99375152587890625 100.40625 104.34375 107.61875152587890625 108.5625 109.6875 112.96875 114.90000152587890625 120.2687530517578125 119.61875152587890625 112.91249847412109375 109.5812530517578125 108.34999847412109375 111.6687469482421875 113.65000152587890625 114.11875152587890625 113.38124847412109375 108.65625 107.8312530517578125 114.53125 121.78125 133.3937530517578125 143.587493896484375 151.618743896484375 145.774993896484375 144.693756103515625 135.712493896484375 122.31874847412109375 112.96875
137.993743896484375 137.5500030517578125 139.125 140.4375 141.962493896484375 144.75 143.443756103515625 142.5812530517578125 140.556243896484375 137.662506103515625 135.962493896484375 135.212493896484375 128.5812530517578125 123.3625030517578125 121.0437469482421875 114.09999847412109375 103.03749847412109375 93.0437469482421875 102.5812530517578125 100.30625152587890625 101.0500030517578125 103.9375 109.5500030517578125 113.75624847412109375 115.8937530517578125 109.5749969482421875 104.4875030517578125 107.9375 110.52500152587890625 110.1687469482421875 105.65000152587890625 101.8937530517578125 115.625 118.76874542236328125 121.39374542236328125 142.0437469482421875 151.09375 148.381256103515625 149.462493896484375 145.875 132.65625 121.61875152587890625 111.40000152587890625 105.3312530517578125
131.868743896484375 133.412506103515625 135.2375030517578125 137.53125 139.9812469482421875 140.600006103515625 140.1999969482421875 139.0187530517578125 138.556243896484375 137.4499969482421875 134.7375030517578125 127.71250152587890625 122.7062530517578125 119.59375 115.3249969482421875 110.5 106.8312530517578125 94.78749847412109375 90.09375 89.93125152587890625 94.24375152587890625 100.46250152587890625 95.6374969482421875 102.75624847412109375 105.1437530517578125 107.9812469482421875 107.3000030517578125 105.19374847412109375 109.9875030517578125 109.46250152587890625 106.8249969482421875 108.5812530517578125 115.75624847412109375 117.24375152587890625 124.34999847412109375 138.9875030517578125 142.037506103515625 138.1750030517578125 138.381256103515625 131.0625 120.06874847412109375 107.27500152587890625 101.84999847412109375 99.33750152587890625
