data/historical-monthly-weather-data/wc2.1_cruts4.09_10m_prec_1982-10.asc
ncols        51
nrows        45
xllcorner    -63.500000000000
yllcorner    -7.500000000000
cellsize     0.166666666667
NODATA_value -9999
[rows 19 to 37 of 45, columns 0 to 43 of 51]
132.0437469482421875 130.8312530517578125 129.375 127.6999969482421875 125.9375 125.0124969482421875 123.44374847412109375 121.0124969482421875 118.49375152587890625 115.0500030517578125 109.8625030517578125 102.08750152587890625 94.3562469482421875 87.18125152587890625 81.96875 77.625 72.52500152587890625 69.30625152587890625 66.78749847412109375 64.7062530517578125 60.950000762939453125 58.31874847412109375 57.325000762939453125 57.950000762939453125 57.47499847412109375 55.40625 53.293750762939453125 50.58750152587890625 46.262500762939453125 41.956249237060546875 39.231250762939453125 39.86875152587890625 38.1875 35.84999847412109375 33.02500152587890625 29.743749618530273438 27.293750762939453125 25.631250381469726562 24.481250762939453125 23.03125 21.356250762939453125 19.950000762939453125 17.987499237060546875 16.168750762939453125
128.4875030517578125 129.462493896484375 129.899993896484375 129.59375 128.806243896484375 128.2312469482421875 127.44374847412109375 125.4562530517578125 123.03125 118.8000030517578125 113.15000152587890625 104.91249847412109375 96.8562469482421875 88.9187469482421875 83.33750152587890625 78.34375 73.3249969482421875 69.58750152587890625 67.65000152587890625 65.22499847412109375 62.268749237060546875 59.643749237060546875 57.325000762939453125 56.72499847412109375 55.918750762939453125 54.15000152587890625 52.53749847412109375 49.58750152587890625 46.706249237060546875 45.137500762939453125 44.418750762939453125 44.81874847412109375 42.637500762939453125 40.387500762939453125 38.231250762939453125 34.28749847412109375 30.424999237060546875 27.625 25.681249618530273438 23.850000381469726562 21.96875 20.362499237060546875 18.456249237060546875 16.662500381469726562
125.2687530517578125 128.618743896484375 130.4875030517578125 131.28125 131.662506103515625 132.0124969482421875 131.65625 130.4562530517578125 128.6687469482421875 123.80625152587890625 117.00624847412109375 108.38124847412109375 100.22499847412109375 93.0437469482421875 86.81874847412109375 81.6125030517578125 76.97499847412109375 72.99375152587890625 70.09375 67.3874969482421875 63.393749237060546875 60.19374847412109375 57.71875 56.18125152587890625 54.30625152587890625 52.206249237060546875 51.46250152587890625 49.90000152587890625 48.5625 48.518749237060546875 48.97499847412109375 49.65000152587890625 46.96250152587890625 44.16249847412109375 40.91249847412109375 37.1875 33.0625 29.518749237060546875 27.024999618530273438 24.875 22.725000381469726562 20.875 18.96875 17.049999237060546875
124.02500152587890625 129.8625030517578125 132.9250030517578125 134.4875030517578125 134.7687530517578125 135.4250030517578125 135.743743896484375 135.7312469482421875 135.4187469482421875 129.1750030517578125 121.21875 111.90000152587890625 104.2937469482421875 97.96250152587890625 91.375 85.6374969482421875 80.71250152587890625 76.69374847412109375 73.06874847412109375 69.55625152587890625 65.5500030517578125 61.543750762939453125 58.143749237060546875 55.956249237060546875 53.41249847412109375 50.46250152587890625 50.331249237060546875 50.356250762939453125 49.856250762939453125 51.13124847412109375 53.03125 54.549999237060546875 51.21875 47.61875152587890625 43.643749237060546875 39.56874847412109375 35.27500152587890625 31.174999237060546875 28.318750381469726562 26.206249237060546875 23.956249237060546875 21.893749237060546875 19.799999237060546875 17.618749618530273438
125.2937469482421875 133.2062530517578125 137.881256103515625 138.7624969482421875 138.75 139.1999969482421875 139.087493896484375 139.25 138.3249969482421875 132.2687530517578125 123.8000030517578125 115.46250152587890625 108.43125152587890625 102.3625030517578125 95.9187469482421875 89.91249847412109375 84.84999847412109375 80.3125 76.0812530517578125 71.9875030517578125 67.75624847412109375 63.700000762939453125 59.53749847412109375 56.63124847412109375 53.40625 49.856250762939453125 49.40000152587890625 50.487499237060546875 51.606250762939453125 54.08750152587890625 56.862499237060546875 58.862499237060546875 55.331249237060546875 51.049999237060546875 46.700000762939453125 42.34999847412109375 37.63124847412109375 32.96250152587890625 30.006250381469726562 27.568750381469726562 25.168750762939453125 23.143749237060546875 21.037500381469726562 18.774999618530273438
130.875 138.9812469482421875 144.087493896484375 143.5749969482421875 142.837493896484375 142.5749969482421875 141.6062469482421875 140.2375030517578125 138.181243896484375 133.399993896484375 126.75 119.49375152587890625 113.28125 107.6125030517578125 100.90000152587890625 94.875 89.33750152587890625 84.3625030517578125 79.5812530517578125 75.0437469482421875 70.40625 65.56874847412109375 61.36875152587890625 57.88124847412109375 54.40625 51.387500762939453125 51.21875 52.325000762939453125 53.84999847412109375 56.918750762939453125 60.22499847412109375 62.299999237060546875 58.94374847412109375 54.293750762939453125 49.75624847412109375 44.768749237060546875 39.90000152587890625 35.262500762939453125 32.018749237060546875 29.412500381469726562 26.8125 24.756250381469726562 22.625 20.46875
138.1750030517578125 145.162506103515625 147.1999969482421875 147.443756103515625 146.131256103515625 145 143.2624969482421875 141.037506103515625 138.850006103515625 135.149993896484375 128.75 123.16249847412109375 117.71875 112.55625152587890625 106.1999969482421875 99.9250030517578125 94.27500152587890625 88.65000152587890625 83.46250152587890625 78.41249847412109375 73.46250152587890625 68.25624847412109375 63.674999237060546875 60 56.47499847412109375 53.59375 53.9375 54.950000762939453125 56.512500762939453125 59.97499847412109375 63.1875 65.9499969482421875 62.518749237060546875 57.50624847412109375 52.793750762939453125 47.424999237060546875 42.168750762939453125 37.424999237060546875 34.168750762939453125 31.381250381469726562 28.681249618530273438 26.625 24.512500762939453125 22.34375
146.46875 150.212493896484375 151.09375 150.5749969482421875 149.006256103515625 147.725006103515625 145.3874969482421875 142.6875 139.743743896484375 135.587493896484375 131.1750030517578125 126.78749847412109375 122.4250030517578125 118.0187530517578125 111.50624847412109375 105.41249847412109375 99.19374847412109375 93.5749969482421875 87.9250030517578125 82.46250152587890625 77.2937469482421875 71.83124542236328125 66.8937530517578125 63.71250152587890625 60.043750762939453125 57.24375152587890625 57.74375152587890625 58.96250152587890625 60.737499237060546875 64.0187530517578125 67.61875152587890625 69.74375152587890625 65.69374847412109375 60.081249237060546875 54.450000762939453125 49.13124847412109375 43.96875 39.21250152587890625 36.16249847412109375 33.56874847412109375 30.856250762939453125 28.850000381469726562 26.706249237060546875 24.418750762939453125
154.375 156.274993896484375 155.806243896484375 154.5812530517578125 152.443756103515625 150.493743896484375 148.0812530517578125 144.5500030517578125 141.1750030517578125 137.5437469482421875 133.2375030517578125 129.90625 127 122.97499847412109375 116.84999847412109375 110.7375030517578125 104.81874847412109375 98.4187469482421875 92.65000152587890625 87.21875 81.4875030517578125 75.7375030517578125 70.9250030517578125 67.3937530517578125 63.831249237060546875 61.206249237060546875 62.143749237060546875 63.69374847412109375 65.25 68.3249969482421875 71.47499847412109375 73.56874847412109375 68.6687469482421875 62.137500762939453125 56.081249237060546875 50.61875152587890625 45.38124847412109375 40.956249237060546875 38 35.66249847412109375 33.40625 31.243749618530273438 28.743749618530273438 26.549999237060546875
161.8625030517578125 162.59375 160.443756103515625 158.6374969482421875 156.068756103515625 152.9250030517578125 149.4875030517578125 145.9562530517578125 142.7375030517578125 139.65625 136.2062530517578125 133.71875 131.40625 128.0124969482421875 122.3937530517578125 116.3249969482421875 110.59999847412109375 104.0124969482421875 97.7687530517578125 92.0437469482421875 85.90625 80.09375 75.03749847412109375 71.4250030517578125 67.93125152587890625 65.5749969482421875 66.75 68.46875 70.58750152587890625 73.1374969482421875 75.58750152587890625 77.1999969482421875 71.49375152587890625 64.1999969482421875 57.456249237060546875 52.05625152587890625 46.88124847412109375 42.28125 39.31874847412109375 37.049999237060546875 35.049999237060546875 32.8125 30.299999237060546875 28.443750381469726562
166.193756103515625 166.3249969482421875 163.4562530517578125 160.2062530517578125 157.587493896484375 153.6750030517578125 150.4375 147.53125 145.15625 142.0437469482421875 139.600006103515625 137.3562469482421875 135.943756103515625 133.337493896484375 128.1062469482421875 122.9375 117.0625 110.8625030517578125 104.25 97.7062530517578125 91.7624969482421875 85.96875 80.6750030517578125 76.99375152587890625 73.9499969482421875 72.1437530517578125 73.40000152587890625 75.08750152587890625 76.8125 78.375 80.00624847412109375 80.55625152587890625 74.2624969482421875 66.84375 59.65000152587890625 54 48.5625 43.856250762939453125 40.262500762939453125 37.46250152587890625 35.13124847412109375 33.518749237060546875 31.431249618530273438 29.912500381469726562
169.443756103515625 168.8687591552734375 165.875 161.431243896484375 158.65625 155.7375030517578125 152.475006103515625 149.7312469482421875 147.3312530517578125 144.556243896484375 142.912506103515625 141.725006103515625 141.256256103515625 139.3000030517578125 134.243743896484375 129.6437530517578125 124.71875 117.9250030517578125 110.9562530517578125 104.3625030517578125 97.99375152587890625 92.1999969482421875 86.90000152587890625 83.3937530517578125 80.65625 78.875 80.21250152587890625 81.94374847412109375 83.43125152587890625 83.8249969482421875 84.4250030517578125 83.8874969482421875 77.11875152587890625 69.53125 62.106250762939453125 55.90625 50.3125 45.36875152587890625 41.21875 37.137500762939453125 34.69374847412109375 33.674999237060546875 32.27500152587890625 30.668750762939453125
170.7750091552734375 169.8937530517578125 166.0437469482421875 162.625 160.9562530517578125 156.975006103515625 153.75 151.2937469482421875 149.256256103515625 147.212493896484375 145.9250030517578125 145.8249969482421875 145.568756103515625 144.65625 141.09375 137.056243896484375 131.9875030517578125 124.4812469482421875 117.96875 111.16249847412109375 104.6374969482421875 98.68125152587890625 93.4499969482421875 90.0124969482421875 87.6374969482421875 85.94374847412109375 87.2937469482421875 89.11875152587890625 90.3562469482421875 89.8249969482421875 89.1062469482421875 87.16249847412109375 80.1125030517578125 72.46875 64.53125 58.143749237060546875 52.293750762939453125 46.99375152587890625 42.24375152587890625 38.168750762939453125 35.674999237060546875 34.700000762939453125 33.30625152587890625 31.84375
168.774993896484375 167.4375 164.0812530517578125 161.6999969482421875 159.5500030517578125 156.006256103515625 152.84375 150.412506103515625 148.943756103515625 148.1687469482421875 149.962493896484375 150.28125 151.568756103515625 152.3562469482421875 149.181243896484375 145.118743896484375 139.84375 132.5187530517578125 125.5625 118.71875 112.22499847412109375 106.30625152587890625 100.9812469482421875 98.2062530517578125 96.08750152587890625 94.61875152587890625 95.96875 97.5 98.56874847412109375 97.34375 95.3000030517578125 92.3312530517578125 84.25 76.46250152587890625 68.86875152587890625 62.53749847412109375 56.03749847412109375 49.887500762939453125 45.137500762939453125 41.625 38.81874847412109375 37.44374847412109375 35.96875 34.36875152587890625
164.875 163.9250030517578125 161.8125 160.0437469482421875 157.375 154.4499969482421875 151.59375 149.506256103515625 148.037506103515625 148.493743896484375 150.625 154.3249969482421875 158.493743896484375 159.212493896484375 157.1437530517578125 153.225006103515625 148.2624969482421875 141.100006103515625 133.3000030517578125 126.7312469482421875 120.21875 114.2624969482421875 109.0812530517578125 106.21250152587890625 104.78125 103.6687469482421875 104.6875 106.1062469482421875 107.18125152587890625 104.7937469482421875 101.8312530517578125 98.01250457763671875 89.91249847412109375 81.28125 73.71875 66.8937530517578125 59.84999847412109375 53.231250762939453125 48.72499847412109375 45.200000762939453125 41.8125 40.200000762939453125 38.81874847412109375 37.24375152587890625
160.8937530517578125 160.568756103515625 158.46875 157.318756103515625 155.037506103515625 152.46875 149.8000030517578125 148.225006103515625 146.3249969482421875 147.4187469482421875 151.4187469482421875 157.5 164.1999969482421875 167.6374969482421875 164.681243896484375 161.1062469482421875 156.6999969482421875 149.34375 141.631256103515625 134.412506103515625 128.2624969482421875 122.1437530517578125 117.08750152587890625 114.34999847412109375 113.25624847412109375 112.53749847412109375 113.71875 115.40000152587890625 116.2687530517578125 112.61875152587890625 108.30625152587890625 103.7312469482421875 95.3562469482421875 86.92499542236328125 78.7375030517578125 71.16249847412109375 63.700000762939453125 57.27500152587890625 52.71250152587890625 48.78125 45.137500762939453125 43.16249847412109375 41.668750762939453125 40.018749237060546875
156.7375030517578125 156.1875 154.912506103515625 153.1999969482421875 151.28125 149.3937530517578125 146.71875 144.8312530517578125 142.931243896484375 143.537506103515625 149.1687469482421875 157.399993896484375 166.681243896484375 171.625 170.4250030517578125 167.625 163.693756103515625 157 149.662506103515625 142.462493896484375 136.712493896484375 131.1187591552734375 125.50624847412109375 123.2062530517578125 122.21250152587890625 121.43125152587890625 122.40000152587890625 124.0625 124.77500152587890625 120.78125 115.6437530517578125 110.3937530517578125 102.02500152587890625 94.03125 85.5 77.5500030517578125 70.86875152587890625 64.1062469482421875 59.356250762939453125 55.11875152587890625 51.362499237060546875 49.268749237060546875 47.13124847412109375 45.52500152587890625
152.6750030517578125 152.037506103515625 150.8937530517578125 149.4562530517578125 147.8249969482421875 146.03125 143.631256103515625 141.600006103515625 139.2375030517578125 138.024993896484375 145.65625 158.931243896484375 168.193756103515625 173.2375030517578125 174.318756103515625 173.34375 170.1999969482421875 164.2062530517578125 156.9562530517578125 149.837493896484375 144.3249969482421875 138.8562469482421875 134.0124969482421875 131.7062530517578125 130.662506103515625 130.2375030517578125 131.0437469482421875 132.7125091552734375 133.7062530517578125 129.0187530517578125 123.50624847412109375 117.16249847412109375 109.5749969482421875 101.72499847412109375 92.7312469482421875 85.4562530517578125 78.5625 71.97499847412109375 66.9499969482421875 62.200000762939453125 58.043750762939453125 55.28125 53.137500762939453125 51.543750762939453125
148.4250030517578125 147.818756103515625 146.7375030517578125 145.649993896484375 144.5500030517578125 143.25 142.28125 140.837493896484375 139.318756103515625 137.125 149.8625030517578125 163.96875 171.5124969482421875 176.7624969482421875 178.493743896484375 178.5500030517578125 176.181243896484375 170.6125030517578125 164.037506103515625 156.96875 151.4250030517578125 145.6437530517578125 141.056243896484375 138.8874969482421875 138.59375 138.524993896484375 139.0749969482421875 140.78125 141.743743896484375 136.962493896484375 130.381256103515625 124.16875457763671875 117.00624847412109375 109.1125030517578125 100.8937530517578125 93.27500152587890625 86.78749847412109375 80.0187530517578125 75.13124847412109375 70.28749847412109375 65.1750030517578125 62.393749237060546875 59.61875152587890625 57.5625
