data/historical-monthly-weather-data/wc2.1_cruts4.09_10m_prec_1984-11.asc
ncols        45
nrows        45
xllcorner    -63.500000000000
yllcorner    -7.500000000000
cellsize     0.166666666667
NODATA_value -9999
[rows 19 to 37 of 45, columns 0 to 43 of 45]
134.943756103515625 136.7687530517578125 137.193756103515625 137.912506103515625 138.4562530517578125 138.8000030517578125 138.3249969482421875 137.1999969482421875 136.7375030517578125 135.681243896484375 132.912506103515625 126.34999847412109375 118.59999847412109375 110.94374847412109375 105.13124847412109375 100.0749969482421875 95.4812469482421875 94.8249969482421875 95.21875 96.99375152587890625 99.7375030517578125 100.49375152587890625 100.78125 101.66249847412109375 102.6125030517578125 102.4562530517578125 101.25624847412109375 98.73125457763671875 92.40000152587890625 84.5625 79.8312530517578125 81.47499847412109375 82.19374847412109375 82.875 82.7937469482421875 82.4875030517578125 82.4375 82.46250152587890625 81.78125 80.7062530517578125 79.30625152587890625 77.4562530517578125 74.0437469482421875 71.31874847412109375
129.2312469482421875 132.0749969482421875 133.3874969482421875 134.3249969482421875 134.7062530517578125 135.600006103515625 136.287506103515625 136.318756103515625 136.9187469482421875 136.3874969482421875 134.5 129.28125 122.78125 115.0625 108.8312530517578125 102.58750152587890625 97.2937469482421875 94.97499847412109375 95.2062530517578125 95.3562469482421875 98.0812530517578125 99.9562530517578125 100.63124847412109375 102.03125 103.46250152587890625 103.68125152587890625 102.43125152587890625 98.83750152587890625 94.25624847412109375 91.1437530517578125 89.05625152587890625 90.0187530517578125 89.71250152587890625 89.7687530517578125 89.84375 90.19374847412109375 89.5187530517578125 88.8625030517578125 87.3000030517578125 85.7312469482421875 83.4875030517578125 80.97499847412109375 77.8249969482421875 74.61875152587890625
124.3874969482421875 126.6437530517578125 128.4437408447265625 129.8000030517578125 130.9562530517578125 132.21875 133.8125 134.6437530517578125 136.7312469482421875 137.462493896484375 136.6062469482421875 133.25 128.162506103515625 121.0187530517578125 113.8125 106.7687530517578125 101.3562469482421875 97.9562530517578125 96.3125 95.7624969482421875 96.55625152587890625 97.84999847412109375 99.25624847412109375 100.80625152587890625 102.0812530517578125 102.81874847412109375 103.2937469482421875 101.3000030517578125 99.2375030517578125 98.02500152587890625 96.61875152587890625 97.5437469482421875 97.0500030517578125 97.81874847412109375 98.75 98.8000030517578125 97.90625 96.58750152587890625 93.6750030517578125 91.3000030517578125 88.2687530517578125 85.1125030517578125 81.70000457763671875 78.5625
119.7937469482421875 122.90000152587890625 124.5437469482421875 126 127.4499969482421875 128.84375 130.2624969482421875 132.53125 135.931243896484375 137.5124969482421875 138.34375 136.7312469482421875 135.1687469482421875 129.181243896484375 119.63124847412109375 110.96875 104.4812469482421875 100.5 97.5749969482421875 95.7937469482421875 96.11875152587890625 96.7375030517578125 97.5500030517578125 99.2062530517578125 101.4187469482421875 103.06874847412109375 103.94374847412109375 104.04375457763671875 103.125 103.0812530517578125 103.59999847412109375 105.1062469482421875 105.56874847412109375 106.69374847412109375 107.50624847412109375 107.71875 106.69374847412109375 104.02500152587890625 100.08750152587890625 96.75 93.40625 89.55625152587890625 85.72499847412109375 82.18125152587890625
115.3625030517578125 118.25624847412109375 119.95624542236328125 120.9499969482421875 122.65625 124.9875030517578125 127.15000152587890625 130.100006103515625 133.3625030517578125 135.8125 137.712493896484375 139.7312469482421875 141.0749969482421875 135.3312530517578125 124.53749847412109375 115.1687469482421875 107.9875030517578125 103.4875030517578125 99.6875 96.6687469482421875 96.4250030517578125 96.50624847412109375 96.5187530517578125 98.3874969482421875 100.9250030517578125 102.90625 105.9499969482421875 106.1875 107.0625 108.24375152587890625 110.65625 113.25624847412109375 113.84375 114.7312469482421875 115.83750152587890625 116.5625 115.22499847412109375 111.00624847412109375 106.47499847412109375 102.3125 98.24375152587890625 94.1125030517578125 90.0625 86.1999969482421875
112.65000152587890625 114.4875030517578125 115.93125152587890625 116.9562530517578125 119.03749847412109375 121.125 123.25624847412109375 126.11875152587890625 129.7937469482421875 132.71875 135.5625 137.243743896484375 138.5500030517578125 135.212493896484375 126.36875152587890625 117.6062469482421875 110.41249847412109375 105.2937469482421875 101.1875 97.7062530517578125 96.6875 95.68125152587890625 95.7062530517578125 97.5187530517578125 99.90000152587890625 103.3625030517578125 106.72499847412109375 108.9187469482421875 110.58750152587890625 113.7624969482421875 116.90625 120.375 121.1125030517578125 121.9187469482421875 122.44374847412109375 121.9250030517578125 120.30625152587890625 116.02500152587890625 111.53125 107.4375 102.8562469482421875 98.53749847412109375 94.8562469482421875 91.43125152587890625
111.83750152587890625 113.2312469482421875 112.7687530517578125 113.88124847412109375 114.9499969482421875 116.77500152587890625 118.71250152587890625 121.36875152587890625 124.9250030517578125 128.149993896484375 131.024993896484375 133.4187469482421875 134.493743896484375 132.943756103515625 126.21250152587890625 118.84375 112.41249847412109375 107.3125 102.9812469482421875 99.3562469482421875 97.63124847412109375 96.0749969482421875 95.09999847412109375 96.28749847412109375 99.4812469482421875 103.84375 108.41249847412109375 112.0124969482421875 115.08750152587890625 119.2624969482421875 123.0749969482421875 127.02500152587890625 127.88124847412109375 127.72499847412109375 127.78125 126.34999847412109375 123.93125152587890625 120.36875152587890625 116.6437530517578125 112.43125152587890625 108.02500152587890625 103.47499847412109375 98.8000030517578125 95.7062530517578125
112.46250152587890625 112.16249847412109375 111.3937530517578125 111.4250030517578125 111.58750152587890625 112.97499847412109375 115.53125 117.8125 120.5124969482421875 123.90000152587890625 127.65625 130.8562469482421875 132.868743896484375 132.881256103515625 127.4812469482421875 120.65000152587890625 114.9187469482421875 110.25 106.0625 101.99375152587890625 99.8625030517578125 97.86875152587890625 96.2687530517578125 97.65000152587890625 101.74375152587890625 106.31874847412109375 111.2624969482421875 115.7062530517578125 120.125 124.03125 128.59375 132.631256103515625 133.493743896484375 132.9562530517578125 131.75 130.03125 127.61875152587890625 124.15000152587890625 121.2375030517578125 117.5625 113.40000152587890625 108.11875152587890625 102.8625030517578125 98.59375
113.24375152587890625 111.2687530517578125 109.84999847412109375 108.83124542236328125 108.52500152587890625 109.4250030517578125 111.5812530517578125 114.0625 117.1750030517578125 120.6374969482421875 123.9187469482421875 128.03125 131.1999969482421875 132.5124969482421875 128.4187469482421875 122.65625 117.27500152587890625 113.24375152587890625 109.11875152587890625 105.2687530517578125 103.25 100.96250152587890625 100.21875 102.34375 105.97499847412109375 110.05625152587890625 114.92499542236328125 120.0812530517578125 124.79999542236328125 128.850006103515625 132.850006103515625 136.9250030517578125 137.381256103515625 135.993743896484375 135.0749969482421875 133.3249969482421875 130.9812469482421875 128.5500030517578125 125.21250152587890625 122.97499847412109375 119.93125152587890625 114.18125152587890625 106.2937469482421875 100.8625030517578125
114.1374969482421875 110.625 107.8562469482421875 106.18125152587890625 105.3125 105.96250152587890625 107.7937469482421875 110.1999969482421875 113.99375152587890625 117.4875030517578125 121.05625152587890625 125.59375 130.0437469482421875 132.4312591552734375 129.15625 124.99375152587890625 120.8937530517578125 116.6374969482421875 112.71875 109.125 107.38124847412109375 105.375 104.94374847412109375 107.78125 111.15625 114.8000030517578125 120.03749847412109375 124.9499969482421875 130 133.34375 137.118743896484375 140.5 139.9375 138.4499969482421875 137.78125 136.1750030517578125 134.3249969482421875 131.931243896484375 128.881256103515625 126.1999969482421875 124.2687530517578125 117.59999847412109375 110.1750030517578125 106.2687530517578125
116.8000030517578125 112.08750152587890625 108.5 105.1374969482421875 103.9499969482421875 104.68125152587890625 106.375 108.75 112.55625152587890625 115.81874847412109375 119.6062469482421875 124.78749847412109375 129.8937530517578125 133.6125030517578125 131.6875 128.8625030517578125 125.18125152587890625 121.9375 118.00624847412109375 114.6125030517578125 113.0437469482421875 112.2062530517578125 112.0749969482421875 114.4499969482421875 117.66249847412109375 121.44374847412109375 126.4375 130.962493896484375 135.3874969482421875 138.6312408447265625 141.587493896484375 144.225006103515625 143.3874969482421875 142.34375 141.399993896484375 139.40625 137.3312530517578125 135.9499969482421875 131.899993896484375 128.850006103515625 126.8625030517578125 124.0500030517578125 119.0749969482421875 116.4499969482421875
119.05625152587890625 113.47499847412109375 109.28125 105.47499847412109375 103.2624969482421875 104.3625030517578125 105.93125152587890625 107.91249847412109375 111.1750030517578125 115.03125 119.1750030517578125 124.7937469482421875 130.837493896484375 134.6374969482421875 134.2937469482421875 133.006256103515625 131.2687530517578125 127.9375 123.75624847412109375 121.56874847412109375 120.65625 120.0812530517578125 120.125 122.34999847412109375 124.91249847412109375 128.587493896484375 132.90625 137.34375 141.1999969482421875 143.506256103515625 145.943756103515625 148.1875 146.9812469482421875 146.524993896484375 144.9812469482421875 142.943756103515625 141.3874969482421875 141.0500030517578125 136.568756103515625 130.2062530517578125 129.4250030517578125 130.03125 128.087493896484375 125.8937530517578125
121.06874847412109375 115.16249847412109375 110.6750030517578125 107.18125152587890625 105.16249847412109375 104.9499969482421875 106.0749969482421875 107.46875 110.66249847412109375 114.40000152587890625 118.7937469482421875 125.1062469482421875 131.4250030517578125 136.587493896484375 138.287506103515625 138.693756103515625 138.1999969482421875 135.1875 131.943756103515625 130.149993896484375 129.5 128.8000030517578125 128.59375 130.40625 133.15625 136.0500030517578125 139.649993896484375 143.6062469482421875 146.7624969482421875 148.881256103515625 150.65625 151.850006103515625 150.8312530517578125 149.8249969482421875 149.306243896484375 147.6875 146.5124969482421875 145.5812530517578125 140.5812530517578125 136.368743896484375 137.912506103515625 140.2687530517578125 140.2687530517578125 141.2312469482421875
124.06874847412109375 118.6437530517578125 114.28749847412109375 111.02500152587890625 108.71250152587890625 107.80625152587890625 108.1999969482421875 109.1374969482421875 111.8125 115.3312530517578125 120.5625 126.90000152587890625 134.1875 141.4250030517578125 144.34375 146.524993896484375 147.131256103515625 145.8625030517578125 143.59375 142.024993896484375 141.34375 140 138.912506103515625 140.181243896484375 142.4562530517578125 144.568756103515625 147.6437530517578125 150.8312530517578125 154.024993896484375 155.3562469482421875 156.4375 157.0500030517578125 155.8562469482421875 154.681243896484375 154.75 153.850006103515625 153.6437530517578125 152.524993896484375 148.537506103515625 148.96875 151.462493896484375 154.53125 157.4875030517578125 161.993743896484375
126.80625152587890625 122.11249542236328125 118.00624847412109375 115.0812530517578125 112.34999847412109375 111.0500030517578125 110.3562469482421875 110.875 113.21875 116.31874847412109375 121.25624847412109375 129.125 137.8562469482421875 145.6125030517578125 150.3312530517578125 154.5124969482421875 157.631256103515625 157.287506103515625 155.90625 154.84375 153.6875 151.993743896484375 150.4499969482421875 150.7687530517578125 152.118743896484375 153.25 156.0812530517578125 158.4562530517578125 161.0812530517578125 161.6750030517578125 162.1125030517578125 162.7624969482421875 161.6374969482421875 160.59375 160.962493896484375 160.9875030517578125 160.506256103515625 158.975006103515625 158.725006103515625 161.7375030517578125 164.8312530517578125 169.3874969482421875 176.006256103515625 183.8312530517578125
130.337493896484375 126.2062530517578125 122.4187469482421875 119.09999847412109375 116.375 114.49375152587890625 112.9499969482421875 112.8562469482421875 113.9375 117.1062469482421875 122.58750152587890625 131.90625 141.881256103515625 151.6687469482421875 158.587493896484375 163.649993896484375 168.756256103515625 169.412506103515625 168.6750030517578125 167.9187469482421875 166.837493896484375 164.662506103515625 162.3125 161.193756103515625 160.993743896484375 161.743743896484375 163.5124969482421875 165.9187469482421875 167.71875 167.7687530517578125 168.1437530517578125 168.1999969482421875 166.9812469482421875 166.787506103515625 166.40625 165.96875 165.662506103515625 167.850006103515625 169.556243896484375 172.6062469482421875 177.1999969482421875 182.3000030517578125 189.943756103515625 198.631256103515625
136.306243896484375 132.2375030517578125 128.618743896484375 125.1374969482421875 122.27500152587890625 120.2062530517578125 118.31874847412109375 116.6875 116.66249847412109375 118.77500152587890625 125.0625 135.475006103515625 147.53125 159.212493896484375 166.9250030517578125 174.4562530517578125 179.850006103515625 181.506256103515625 182.0500030517578125 182.568756103515625 180.9499969482421875 177.0500030517578125 173.568756103515625 171.7312469482421875 170.662506103515625 170.3000030517578125 171.6750030517578125 173.7937469482421875 175.3625030517578125 174.212493896484375 174.6062469482421875 174.1125030517578125 173.3874969482421875 173.100006103515625 171.787506103515625 170.9812469482421875 173.8874969482421875 176.03125 177.462493896484375 181.337493896484375 186.6062469482421875 191.28125 197.75 205.837493896484375
142.631256103515625 138.9499969482421875 135.6750030517578125 132.4562530517578125 129.3562469482421875 127.1125030517578125 124.4562530517578125 121.9375 120.4250030517578125 119.84375 127.5812530517578125 142.6687469482421875 155.7125091552734375 166.806243896484375 175.7937469482421875 184.28125 190.912506103515625 193.0187530517578125 194.2624969482421875 194.774993896484375 192.4250030517578125 187.962493896484375 183.993743896484375 181.2624969482421875 179.318756103515625 178.850006103515625 179.0437469482421875 181.256256103515625 181.962493896484375 181.056243896484375 180.6125030517578125 180.9499969482421875 179.875 179.712493896484375 178.412506103515625 178.7624969482421875 181.5500030517578125 184.274993896484375 186.53125 188.725006103515625 192.7312469482421875 196.71875 202.412506103515625 210.068756103515625
149.8562469482421875 146.131256103515625 142.8625030517578125 139.9875030517578125 136.9375 134.6750030517578125 132.25 129.65625 127.96250152587890625 126.1875 138.8125 155.5500030517578125 166.350006103515625 176.2312469482421875 185.399993896484375 194.2937469482421875 201.59375 203.625 204.40625 203.350006103515625 201.3000030517578125 197.4250030517578125 193.5437469482421875 189.649993896484375 187.4562530517578125 186.462493896484375 186.2062530517578125 187.962493896484375 188.7375030517578125 188.1875 185.5 185.193756103515625 184.8874969482421875 184.931243896484375 184.2624969482421875 185.868743896484375 189.1125030517578125 191.493743896484375 194.9875030517578125 197.7375030517578125 198.9000091552734375 202.818756103515625 206.118743896484375 211.1999969482421875
