data/historical-monthly-weather-data/wc2.1_cruts4.09_10m_prec_1995-02.asc
ncols        51
nrows        45
xllcorner    -63.500000000000
yllcorner    -7.500000000000
cellsize     0.166666666667
NODATA_value -9999
[rows 0 to 19 of 45, columns 0 to 43 of 51]
65.59375 61.50624847412109375 58.53749847412109375 56.93125152587890625 54.6875 54.112499237060546875 53.125 51.47499847412109375 50.75 51.106250762939453125 52.97499847412109375 55.88124847412109375 58.75 59.90625 63.049999237060546875 66.4375 70.21250152587890625 72.3125 76.2624969482421875 80.31874847412109375 83.1125030517578125 85.76874542236328125 89.5625 93.96875 99.09375 105.03749847412109375 112.7624969482421875 121.25 129.912506103515625 134.3000030517578125 138.7312469482421875 143.506256103515625 146.9187469482421875 150.6125030517578125 155.0749969482421875 159.875 163.3874969482421875 166.537506103515625 170.375 172.850006103515625 176.3125 179.4187469482421875 181.1062469482421875 185.256256103515625
67.625 64.0812530517578125 62.34375 60.643749237060546875 59.34999847412109375 59.581249237060546875 59.02500152587890625 58.84375 59.47499847412109375 60.11875152587890625 61.28125 63.356250762939453125 65.43125152587890625 66.96250152587890625 69.81874847412109375 72.68125152587890625 76.0812530517578125 80.3000030517578125 85.80625152587890625 91.0749969482421875 94.0625 97.4187469482421875 101.53125 105.7937469482421875 110.2375030517578125 116.02500152587890625 122.9562530517578125 131.1437530517578125 138.806243896484375 141.8249969482421875 143.78125 147.625 150.84375 154.90625 158.625 163.4812469482421875 167.556243896484375 170.725006103515625 174.475006103515625 176.975006103515625 180.1374969482421875 182.75 183.912506103515625 187.1125030517578125
71.31874847412109375 68.6062469482421875 67.74375152587890625 67.2624969482421875 67.2375030517578125 67.74375152587890625 68.34999847412109375 69.50624847412109375 71.2624969482421875 72.06874847412109375 72.3937530517578125 73.69374847412109375 74.81874847412109375 75.53749847412109375 77.7937469482421875 80.1750030517578125 82.78749847412109375 86.8125 91.5 96.28125 99.15625 103.08750152587890625 106.68125152587890625 110.9250030517578125 116.40625 121.53125 128.3874969482421875 136.625 143.2375030517578125 145.056243896484375 147.15625 149.8874969482421875 153.5625 156.712493896484375 161.212493896484375 165.662506103515625 170.7062530517578125 175.59375 178.9375 181.8000030517578125 184.8312530517578125 186.5749969482421875 187.3562469482421875 188.3874969482421875
74.5812530517578125 72.91249847412109375 73.78125 74.8312530517578125 77.0437469482421875 77.69374847412109375 79.1999969482421875 81.6437530517578125 84.69374847412109375 86.1999969482421875 85.6687469482421875 85.2937469482421875 84.55625152587890625 84.0437469482421875 85.9562530517578125 87.94374847412109375 90.03749847412109375 92.1687469482421875 95.9250030517578125 100.84375 104 107.1750030517578125 110.00624847412109375 114.5625 119.8125 125.16249847412109375 132.5812530517578125 140.318756103515625 146.53125 148.34375 149.2312469482421875 152.3249969482421875 155.212493896484375 158.8125 162.625 168.5187530517578125 174.399993896484375 179.743743896484375 184.3312530517578125 187.837493896484375 189.8562469482421875 190.8937530517578125 191.068756103515625 190.78125
80.0500030517578125 78.3562469482421875 79.50624847412109375 82.3874969482421875 86.30625152587890625 88.0437469482421875 89.8562469482421875 93.78125 99.11875152587890625 102.25 99.0437469482421875 96.09375 94.47499847412109375 93.24375152587890625 94.16249847412109375 95.71250152587890625 97.3562469482421875 97.6437530517578125 100.58750152587890625 104.8249969482421875 107.9875030517578125 110.06874847412109375 112.8625030517578125 117.6687469482421875 122.75624847412109375 128.462493896484375 134.59375 141.6062469482421875 149.2687530517578125 151.037506103515625 151.850006103515625 153.3312530517578125 157.1062469482421875 160.9499969482421875 164.8125 171.4375 178.8125 185.4875030517578125 190.65625 193.662506103515625 196.2375030517578125 195.712493896484375 194.2375030517578125 193.1999969482421875
87.0500030517578125 86.8562469482421875 87.97499847412109375 90.5500030517578125 94.625 97.21250152587890625 99.8625030517578125 103.9499969482421875 110.1125030517578125 114.6875 109.49375152587890625 105.6062469482421875 103.68125152587890625 102.38124847412109375 102.9187469482421875 104.4250030517578125 104.9499969482421875 104.13124847412109375 106.125 109.2937469482421875 111.4562530517578125 113.46875 116 120.1999969482421875 124.6374969482421875 130.381256103515625 136.712493896484375 143.2624969482421875 150.0500030517578125 151.9812469482421875 153.1999969482421875 154.993743896484375 158.256256103515625 163.756256103515625 168.649993896484375 175.9562530517578125 184.3937530517578125 192.0749969482421875 198.7062530517578125 202.3562469482421875 203.681243896484375 202.2062530517578125 200.0124969482421875 198.0124969482421875
95.1125030517578125 96.0187530517578125 97.6999969482421875 99.7312469482421875 103.4875030517578125 105.4187469482421875 107.6875 110.1999969482421875 114.33750152587890625 115.71875 113.95000457763671875 112.5625 111.4812469482421875 110.7937469482421875 111.66249847412109375 112.9875030517578125 114.11875152587890625 113.46875 113.55625152587890625 113.625 114.1437530517578125 115.8125 117.375 121.09999847412109375 126.47499847412109375 131.5500030517578125 137.743743896484375 144.6125030517578125 150.03125 151.78125 154.193756103515625 156.5437469482421875 160.8312530517578125 164.9562530517578125 170.3249969482421875 179.649993896484375 188.7687530517578125 197.9625091552734375 206.6687469482421875 210.868743896484375 210.9375 209 206.53125 203.6374969482421875
103.3562469482421875 104.7312469482421875 106.55625152587890625 109.6875 113.3562469482421875 113.99375152587890625 114.1687469482421875 114.08750152587890625 114.6062469482421875 115.24375152587890625 116.5500030517578125 118.44374847412109375 119.28125 118.9812469482421875 119.6999969482421875 121.03749847412109375 122.0625 121.3312530517578125 120.4187469482421875 116.9499969482421875 115.83750152587890625 116.68125152587890625 117.9375 121.84999847412109375 127.09375 132.037506103515625 138.0812530517578125 144.243743896484375 150.1374969482421875 152.193756103515625 154.03125 157.381256103515625 161.9562530517578125 166.962493896484375 172.5 181.7937469482421875 191.868743896484375 201.662506103515625 210.25 215.71875 217.6875 216.399993896484375 213.9375 210.03125
112.3000030517578125 114.1125030517578125 115.78749847412109375 118.7937469482421875 121.77500152587890625 121.16249847412109375 120.6750030517578125 119.3000030517578125 117.69374847412109375 117.9499969482421875 120.86875152587890625 125 127.3125 127.8000030517578125 126.78749847412109375 126.57500457763671875 125.84999847412109375 123.9875030517578125 122.5749969482421875 118.15625 116.1125030517578125 116.65625 118.03125 123.15625 128.46875 133.3249969482421875 138.743743896484375 144.625 150.7312469482421875 153.03125 155.681243896484375 159.5 164.15625 168.9812469482421875 174.65625 184.7937469482421875 195.4499969482421875 205.818756103515625 215.65625 222.6125030517578125 226.03125 225.8562469482421875 224.8000030517578125 222.25
121.5625 123.78125 125.5500030517578125 127.8000030517578125 129.943756103515625 128.931243896484375 128.5187530517578125 127.1750030517578125 127 127.60625457763671875 130.225006103515625 133.4499969482421875 136.681243896484375 136.943756103515625 134.09375 130.5437469482421875 127.0187530517578125 123.86875152587890625 120.06874847412109375 116.03749847412109375 114.8000030517578125 115.75 117.9187469482421875 124.21875 129.6437530517578125 134.306243896484375 139.837493896484375 145.006256103515625 151.3562469482421875 154.25 156.681243896484375 160.568756103515625 165.6750030517578125 171.443756103515625 177.774993896484375 188.100006103515625 199.274993896484375 209.53125 220.1062469482421875 229.1687469482421875 235.4499969482421875 236.9562530517578125 236.337493896484375 233.8249969482421875
130.631256103515625 133.0500030517578125 134.587493896484375 136.3937530517578125 137.8625030517578125 136.9499969482421875 136.5500030517578125 136.40625 137.2687530517578125 138.693756103515625 141.493743896484375 144.7312469482421875 146.8874969482421875 146.4187469482421875 140.9562530517578125 134.4250030517578125 127.7937469482421875 122.7062530517578125 117.7312469482421875 113.65625 112.4499969482421875 113.7062530517578125 117.28125 123.13124847412109375 130.40625 134.9499969482421875 139.787506103515625 145.381256103515625 150.899993896484375 153.9187469482421875 157.3562469482421875 161.5749969482421875 166.681243896484375 172.71875 180.25 191.368743896484375 202.03125 213.5124969482421875 224.899993896484375 234.712493896484375 242.75 245.1062469482421875 245.7937469482421875 244.568756103515625
139.506256103515625 141.53125 142.5187530517578125 144.274993896484375 145.931243896484375 145.4562530517578125 145.587493896484375 146.9937591552734375 148.556243896484375 150.7375030517578125 154.162506103515625 156.6750030517578125 156.1875 153.4375 147.0812530517578125 139.1999969482421875 131.6875 125.21875 118.93125152587890625 113.7312469482421875 111.88124847412109375 113.33750152587890625 118.22499847412109375 125.91249847412109375 132.8562469482421875 136.381256103515625 140.5749969482421875 145.7937469482421875 151.368743896484375 155.412506103515625 159.306243896484375 163.3937530517578125 168.712493896484375 174.587493896484375 181.9499969482421875 193.40625 205.556243896484375 217.662506103515625 230.0437469482421875 241.3000030517578125 251.006256103515625 253.350006103515625 252.337493896484375 249.318756103515625
146.8937530517578125 148.9562530517578125 150.21875 151.756256103515625 154.0187530517578125 154.4875030517578125 155.7687530517578125 157.59375 159.71875 163.256256103515625 166.8562469482421875 167.912506103515625 165.193756103515625 159.368743896484375 152.0749969482421875 143.443756103515625 135.4250030517578125 128.618743896484375 122.125 115.93125152587890625 112.28125 113.78749847412109375 119.06874847412109375 126.28749847412109375 131.693756103515625 135.193756103515625 140.431243896484375 145.90625 151.4187469482421875 156 160.5187530517578125 165.0500030517578125 169.6062469482421875 175.625 183.125 194.375 206.6374969482421875 220.381256103515625 234.3125 247.131256103515625 259.118743896484375 260.64373779296875 256.33123779296875 251.0124969482421875
153.399993896484375 155.3249969482421875 156.7375030517578125 158.5500030517578125 161.3312530517578125 162.587493896484375 165.1999969482421875 167.9499969482421875 170.9499969482421875 174.5625 177.65625 176.0749969482421875 171.431243896484375 165 156.3125 147.9375 139.318756103515625 132.7062530517578125 126 120.3625030517578125 117.78749847412109375 118.25624847412109375 121.2375030517578125 126.15625 130.537506103515625 134.0812530517578125 139.7687530517578125 145.3562469482421875 151.2375030517578125 155.662506103515625 160.681243896484375 165.3125 169.662506103515625 175.6374969482421875 182.850006103515625 194.5437469482421875 208.1750030517578125 222.9250030517578125 238.9250030517578125 252.9875030517578125 263.725006103515625 261.57501220703125 257.9375 254.1437530517578125
157.943756103515625 159.46875 161.28125 164.15625 166.774993896484375 169.256256103515625 173.09375 176.3312530517578125 179.9250030517578125 183.5749969482421875 185.818756103515625 183.6999969482421875 178.556243896484375 171.7624969482421875 163.4187469482421875 154.756256103515625 146.5812530517578125 139.868743896484375 133.625 128.725006103515625 126.21875 125.16249847412109375 126.19374847412109375 129.556243896484375 132.662506103515625 136.2624969482421875 141.818756103515625 147.024993896484375 152.556243896484375 157.368743896484375 161.6437530517578125 165.556243896484375 169.712493896484375 174.600006103515625 181.4875030517578125 192.756256103515625 207.681243896484375 224.2312469482421875 240.712493896484375 253.881256103515625 260.868743896484375 261.04998779296875 259.837493896484375 256.587493896484375
161.274993896484375 162.5749969482421875 164.8937530517578125 168.2312469482421875 171.818756103515625 175.1999969482421875 179.787506103515625 183.431243896484375 187.693756103515625 192.212493896484375 194.756256103515625 192.4187469482421875 187.149993896484375 179.6999969482421875 171.3000030517578125 161.65625 154.399993896484375 148.5625 142.9499969482421875 138.381256103515625 134.7624969482421875 132.375 131.662506103515625 134.1999969482421875 135.8874969482421875 138.125 142.962493896484375 148.462493896484375 154.3312530517578125 159.3625030517578125 163.8625030517578125 166.662506103515625 168.34375 171.556243896484375 176.59375 188.2937469482421875 204.337493896484375 223.056243896484375 241.743743896484375 254.7687530517578125 260.850006103515625 260.524993896484375 259.175018310546875 256.53125
162.8249969482421875 164.818756103515625 167.462493896484375 171.287506103515625 175.71875 180.006256103515625 185.306243896484375 190.131256103515625 195.006256103515625 200.243743896484375 204.068756103515625 202.193756103515625 197.2937469482421875 189.8937530517578125 181.056243896484375 171.212493896484375 162.7375030517578125 156.53125 151.125 146.899993896484375 143.037506103515625 139.5812530517578125 137.1437530517578125 138.524993896484375 139.6750030517578125 139.9812469482421875 143.7375030517578125 149.5812530517578125 156.0749969482421875 162.162506103515625 166.5 168.475006103515625 167.8125 166.9375 170.5 181.6875 198.0625 220.6374969482421875 244.6374969482421875 254.21875 256.95623779296875 256.806243896484375 254.8874969482421875 252.71875
161.493743896484375 164.0187530517578125 167.881256103515625 172.7062530517578125 177.6062469482421875 182.4375 188.256256103515625 193.725006103515625 199.243743896484375 204.9812469482421875 210.274993896484375 210.9187469482421875 208.5625 202.0625 193.2624969482421875 183.131256103515625 172.193756103515625 163.1750030517578125 158.443756103515625 153.931243896484375 150.5812530517578125 146.087493896484375 141.743743896484375 141.556243896484375 141.975006103515625 142.162506103515625 145.350006103515625 151.875 159.28125 166.225006103515625 170.25 168.6125030517578125 165.6125030517578125 162.631256103515625 163.2687530517578125 171.7312469482421875 190.6437530517578125 213.1750030517578125 235.274993896484375 246.787506103515625 249.899993896484375 249.9812469482421875 249.2687530517578125 248.53125
159.2375030517578125 162.4812469482421875 166.9499969482421875 171.899993896484375 177.6062469482421875 183.75 189.5500030517578125 196.068756103515625 202.8312530517578125 209.100006103515625 215.9187469482421875 218.25 218.806243896484375 216.1125030517578125 206.1374969482421875 193.318756103515625 180.850006103515625 169.806243896484375 163.3562469482421875 159.21875 156.1374969482421875 151.4250030517578125 144.274993896484375 143.350006103515625 143.5124969482421875 144.3562469482421875 148.6687469482421875 155.193756103515625 163.2312469482421875 171.431243896484375 176.100006103515625 172.78125 165.931243896484375 158.1125030517578125 154.6750030517578125 163.40625 182.0187530517578125 202.9812469482421875 222.6687469482421875 234.7062530517578125 240.693756103515625 241.3000030517578125 242.3937530517578125 243.40625
157.2312469482421875 160.2937469482421875 165.21875 170.756256103515625 177.568756103515625 184.5124969482421875 191.431243896484375 197.75 204.993743896484375 212.024993896484375 219.024993896484375 223.1750030517578125 227.4187469482421875 229.725006103515625 217.524993896484375 199.9562530517578125 184.8125 174.3249969482421875 167.3125 162.71875 157.212493896484375 150.8125 145.6125030517578125 144.4812469482421875 144.5812530517578125 145.5437469482421875 151.0625 158.5812530517578125 165.8312530517578125 173.6437530517578125 177.337493896484375 175.899993896484375 165.9187469482421875 153.899993896484375 145.9375 156.0437469482421875 176.7375030517578125 197.4562530517578125 214.681243896484375 226.53125 232.09375 232.850006103515625 236.662506103515625 239.6437530517578125
