data/historical-monthly-weather-data/wc2.1_cruts4.09_10m_prec_1975-09.asc
ncols        51
nrows        45
xllcorner    -63.500000000000
yllcorner    -7.500000000000
cellsize     0.166666666667
NODATA_value -9999
[rows 19 to 37 of 45, columns 0 to 43 of 51]
165.8625030517578125 163.5625 158.28125 154.21875 150.4250030517578125 146.8125 141.412506103515625 134.9562530517578125 130.274993896484375 123.56874847412109375 116.0187530517578125 107.2687530517578125 97.94374847412109375 88.96250152587890625 80.46250152587890625 73.59999847412109375 66.0812530517578125 62.137500762939453125 57.268749237060546875 55 51.31874847412109375 48.418750762939453125 47.91249847412109375 48.9375 49.43125152587890625 48.4375 47.693752288818359375 47.06874847412109375 44.50624847412109375 42.174999237060546875 41.31874847412109375 46.06874847412109375 50.22499847412109375 55.6875 59.59999847412109375 59.206249237060546875 58.08750152587890625 57.40000152587890625 56.424999237060546875 53.52500152587890625 48.643749237060546875 43.4375 42.293750762939453125 42.737499237060546875
154.881256103515625 154.1750030517578125 150.8000030517578125 147.3249969482421875 143.681243896484375 139.4250030517578125 135.3625030517578125 130.40625 127.15000152587890625 122.2062530517578125 115.22499847412109375 107.8249969482421875 98.7375030517578125 88.84999847412109375 81.0437469482421875 72.69374847412109375 65.40000152587890625 59.956249237060546875 57.081249237060546875 53.16249847412109375 51.43125152587890625 50.043750762939453125 48.674999237060546875 49.456249237060546875 50.4375 49.83750152587890625 48.74375152587890625 47.1875 45.72499847412109375 46.34375 47.575000762939453125 51.75624847412109375 56.18125152587890625 62.268749237060546875 69.24375152587890625 66.40625 60.52500152587890625 56.924999237060546875 54.34999847412109375 51.71875 48.8125 45.75 44.47499847412109375 44.56874847412109375
146.1750030517578125 143.8625030517578125 140.9187469482421875 138.0812530517578125 136.125 133.6687469482421875 129.96875 126.8625030517578125 124.46875 120.6687469482421875 115.03125 108.7312469482421875 101.625 92.84375 84.40625 75.125 67.71875 61.862499237060546875 58.50624847412109375 54.5625 51.21250152587890625 49.66249847412109375 48.424999237060546875 48.84999847412109375 49.125 49.012500762939453125 49.768749237060546875 48.893749237060546875 49.13124847412109375 50.706249237060546875 52.487499237060546875 55.59375 59.068752288818359375 63.55625152587890625 65.4875030517578125 63.887500762939453125 58.875 55.549999237060546875 52.981250762939453125 51.27500152587890625 49.91249847412109375 48.56874847412109375 48.46875 48.59999847412109375
138.6374969482421875 137.90625 134.024993896484375 131.556243896484375 129.5500030517578125 127.5500030517578125 125.49375152587890625 123.375 122.84999847412109375 119.2937469482421875 116.25624847412109375 111.40000152587890625 106.7937469482421875 99.00624847412109375 88.34375 78.53125 70.0812530517578125 64.4187469482421875 59.637500762939453125 55.52500152587890625 52.325000762939453125 50.450000762939453125 48.65000152587890625 48.09375 48.518749237060546875 48.40625 49.1875 50.393749237060546875 51.037502288818359375 52.61875152587890625 55.293750762939453125 58.706249237060546875 60.46250152587890625 61.762500762939453125 61.106250762939453125 58.174999237060546875 55.3125 52.8125 51.47499847412109375 51.606250762939453125 52.22499847412109375 51.77500152587890625 52.012500762939453125 52.30625152587890625
133.5812530517578125 130.9499969482421875 128.0500030517578125 124.91249847412109375 122.0500030517578125 121.96250152587890625 121.02500152587890625 119.3625030517578125 119.0625 116.7312469482421875 113.88124847412109375 112.03749847412109375 110.43125152587890625 102.71875 91.18125152587890625 80.90625 72.58750152587890625 66.78749847412109375 61.90000152587890625 57.206249237060546875 53.862499237060546875 51.16249847412109375 49.55625152587890625 48.9375 48.71875 48.018749237060546875 48.84375 50.21875 52.31874847412109375 54.549999237060546875 57.200000762939453125 60.53749847412109375 60.8125 60.47499847412109375 59.09999847412109375 55.674999237060546875 53.74375152587890625 52.75 52.4375 53.94374847412109375 55.03125 55.27500152587890625 56.362499237060546875 57.262500762939453125
130.34375 126.49375152587890625 122.53125 118.80625152587890625 119.09375 118.5 117.33750152587890625 116.1687469482421875 115.47499847412109375 114.19374847412109375 112.28125 109.5437469482421875 106.8312530517578125 101.0437469482421875 91.68125152587890625 82.22499847412109375 74.56874847412109375 68.41249847412109375 63.24375152587890625 58.9375 55.59999847412109375 52.44374847412109375 50.97499847412109375 50.24375152587890625 48.90000152587890625 48.662502288818359375 49.63124847412109375 51.331249237060546875 53.549999237060546875 56.293750762939453125 58.856250762939453125 61.612499237060546875 61.950000762939453125 60.77500152587890625 58.50624847412109375 55.924999237060546875 55.137500762939453125 54.637500762939453125 54.83750152587890625 56.38124847412109375 57.84375 59.206249237060546875 60.893749237060546875 63.65625
130.0124969482421875 127.22499847412109375 121.1687469482421875 118.16249847412109375 115.9499969482421875 115.0187530517578125 114.4562530517578125 113.2624969482421875 112.3625030517578125 111.5437469482421875 108.78125 106.3125 103.22499847412109375 97.9812469482421875 90.5437469482421875 82.7375030517578125 75.4812469482421875 69.9375 64.7687530517578125 60.28125 56.86875152587890625 53.53749847412109375 51.981250762939453125 51.231250762939453125 49.96875 49.075000762939453125 50.90000152587890625 53.33750152587890625 55.418750762939453125 58.27500152587890625 60.90625 63.856250762939453125 62.674999237060546875 60.918750762939453125 59.15625 58.424999237060546875 57.424999237060546875 57.106250762939453125 58.49375152587890625 59.90000152587890625 62.112499237060546875 63.52500152587890625 65.5500030517578125 69.21875
132.5749969482421875 128.1687469482421875 122.8562469482421875 119.6437530517578125 116.25624847412109375 115.1437530517578125 113.6437530517578125 111.5124969482421875 109.36875152587890625 108.375 106.78749847412109375 104.6062469482421875 101.19374847412109375 96.875 90.4812469482421875 83.5500030517578125 77.6374969482421875 71.6875 66.59999847412109375 62.081249237060546875 58.762500762939453125 55.299999237060546875 53.21875 53.331249237060546875 51.918750762939453125 51.28749847412109375 53.299999237060546875 55.387500762939453125 57.71875 60.40000152587890625 62.96250152587890625 65.0625 64.58750152587890625 62.637500762939453125 60.293750762939453125 60.09999847412109375 59.9375 59.637500762939453125 61.34375 63.362499237060546875 65.2375030517578125 67.4187469482421875 70.2687530517578125 73.03125
135.162506103515625 130.71875 125.99375152587890625 121.0187530517578125 117.74375152587890625 115.3874969482421875 113.4499969482421875 110.9375 108.08750152587890625 107.00624847412109375 105.0187530517578125 102.71250152587890625 99.71250152587890625 96.6687469482421875 90.625 84.4499969482421875 78.77500152587890625 73.21250152587890625 68.19374847412109375 64.1374969482421875 60.575000762939453125 57.21250152587890625 54.956249237060546875 54.793750762939453125 54.231250762939453125 53.53749847412109375 55.549999237060546875 57.875 60.34375 63.30625152587890625 65.2312469482421875 67.21875 66.65000152587890625 64.2624969482421875 62.081249237060546875 61.81874847412109375 62.63124847412109375 63.112499237060546875 65.0749969482421875 67.2687530517578125 69.5437469482421875 72.33750152587890625 73.9562530517578125 77.53749847412109375
138.3312530517578125 133.3937530517578125 127.4375 121.9875030517578125 117.9375 114.6750030517578125 111.97499847412109375 109.625 107.1875 105.3125 103.00624847412109375 100.53125 98.9250030517578125 95.6374969482421875 90.15625 85.91249847412109375 81.7687530517578125 74.6687469482421875 69.59375 65.6999969482421875 62.46250152587890625 59.40000152587890625 57.21875 57.137500762939453125 56.15625 55.99375152587890625 58.137500762939453125 61.012500762939453125 64.2312469482421875 66.19374847412109375 67.625 69.21250152587890625 67.8312530517578125 65.6999969482421875 64.34999847412109375 64 65.375 66.69374847412109375 69.3125 71.59375 72.28125 73.9187469482421875 77.09999847412109375 81.5625
141.806243896484375 136.681243896484375 129.0625 123.02500152587890625 118.38124847412109375 115.2937469482421875 112.52500152587890625 109.8937530517578125 107.2062530517578125 104.68125152587890625 102.09375 100.5500030517578125 98.7312469482421875 95.99375152587890625 92.11875152587890625 87.50624847412109375 82.875 77.28125 71.7062530517578125 67.7687530517578125 65.03749847412109375 62.58750152587890625 60.018749237060546875 59.66249847412109375 59.625 60.18125152587890625 62.137500762939453125 64.625 67.03125 69.06874847412109375 70.94374847412109375 72.3562469482421875 70.46250152587890625 68.25624847412109375 67 67.00624847412109375 68.38124847412109375 70.4875030517578125 71.7624969482421875 75.1999969482421875 76.96875 77.9562530517578125 79.6125030517578125 83.43125152587890625
142.625 137.8312530517578125 131.6687469482421875 124.41249847412109375 119.9375 117.0187530517578125 113.0749969482421875 109.9562530517578125 107.5124969482421875 105.1875 102.3937530517578125 100.5812530517578125 100.4812469482421875 97.5749969482421875 93.53125 89.2062530517578125 85.81874847412109375 80.5124969482421875 74.9562530517578125 71.50624847412109375 68.6875 66.5749969482421875 64.30625152587890625 63.71875 63.53125 64.2937469482421875 66.19374847412109375 68.4499969482421875 70.7687530517578125 71.4812469482421875 73.55625152587890625 74.9562530517578125 72.84375 71.68125152587890625 70.4375 69.50624847412109375 70.72499847412109375 73.06874847412109375 75.59375 78.6062469482421875 80.05625152587890625 80.4499969482421875 81.3937530517578125 83.93125152587890625
144.1062469482421875 137.8312530517578125 131.3874969482421875 125.50624847412109375 122.25624847412109375 118.1437530517578125 114.28749847412109375 111.0187530517578125 108.78749847412109375 105.9499969482421875 103.4812469482421875 101.50624847412109375 99.69374847412109375 98.3125 95.78749847412109375 93.4375 89.68125152587890625 84.7312469482421875 80.22499847412109375 77.2937469482421875 74.6750030517578125 71.13124847412109375 68.8874969482421875 67.96250152587890625 68.8000030517578125 68.46875 69.8874969482421875 72.80625152587890625 74.90000152587890625 75.4187469482421875 76.8625030517578125 77.1125030517578125 75.3874969482421875 74.03749847412109375 72.5625 71.47499847412109375 72.1875 73.36875152587890625 75.8249969482421875 78.7312469482421875 80.8625030517578125 81.1750030517578125 82.24375152587890625 83.78125
140.6750030517578125 136.03125 129.8562469482421875 125.1750030517578125 122.18125152587890625 118.75 115.78749847412109375 112.02500152587890625 109.59375 106.40000152587890625 106.59999847412109375 103.649993896484375 102.20624542236328125 102.6062469482421875 100.46875 99.0812530517578125 96.34375 92.90000152587890625 88.59999847412109375 85.55625152587890625 82.0749969482421875 78.3125 74.78125 73.9250030517578125 74.40625 73.71875 75.0187530517578125 77.5124969482421875 79.49375152587890625 80.5812530517578125 80.8312530517578125 80.80625152587890625 78.3874969482421875 76.8000030517578125 75.625 74.21875 73.8625030517578125 73.4250030517578125 75.11875152587890625 77.9250030517578125 79.5437469482421875 79.96250152587890625 81.0749969482421875 81.96250152587890625
135.506256103515625 132.6750030517578125 128.787506103515625 125.0437469482421875 121.9812469482421875 119.03125 116.8125 113.69374847412109375 110.53749847412109375 108.47499847412109375 107.11875152587890625 107.0500030517578125 105.78749847412109375 104.46250152587890625 104.375 103.83750152587890625 103.5625 100.99375152587890625 97.78125 94.7312469482421875 90.78125 85.99375152587890625 81.8125 80.05625152587890625 79.4375 78.63124847412109375 79.8125 82.0749969482421875 83.5812530517578125 84.11875152587890625 84.43125152587890625 84.15625 81.75624847412109375 79.5749969482421875 78.15000152587890625 77.65000152587890625 75.8249969482421875 74.4562530517578125 75.41249847412109375 76.27500152587890625 76.83750152587890625 78.1875 79.6875 80.5
131.399993896484375 129.40625 126.9187469482421875 124.9875030517578125 122.84375 119.65625 118.1062469482421875 115.44374847412109375 111.53749847412109375 109.7375030517578125 109.6125030517578125 110.6750030517578125 109.86875152587890625 109.0625 109.6374969482421875 110.53749847412109375 110.7937469482421875 108.3562469482421875 107.27500152587890625 104.09999847412109375 100.21875 94.74375152587890625 88.8874969482421875 86.1999969482421875 84.13124847412109375 83.8125 85.2375030517578125 86.6999969482421875 87.9250030517578125 87.68125152587890625 87.4562530517578125 86.36875152587890625 84.0812530517578125 81.9875030517578125 79.90000152587890625 78.125 76.6750030517578125 76.09375 75.5 75.625 74.21875 74.44374847412109375 76.28749847412109375 76.55625152587890625
126.6374969482421875 124.56874847412109375 123.28749847412109375 122.02500152587890625 120.5 118.5500030517578125 116.2062530517578125 115.1437530517578125 112.3562469482421875 110.41875457763671875 111.1875 112.4562530517578125 113.75 114.46875 115.375 116.88124847412109375 117.3249969482421875 116.40625 115.7937469482421875 114.4187469482421875 109.0500030517578125 102.9499969482421875 95.7687530517578125 92.0437469482421875 89.96875 89 89.59375 91.0749969482421875 92.1750030517578125 91.13124847412109375 90.47499847412109375 89.28125 86.2624969482421875 84.05625152587890625 81.7375030517578125 79.23125457763671875 78.74375152587890625 77.3625030517578125 76.3312530517578125 75.63124847412109375 74.8562469482421875 74.2375030517578125 74.34375 74.4499969482421875
121.84375 120.46250152587890625 119.2937469482421875 117.99375152587890625 118.00624847412109375 116.75624847412109375 115.66249847412109375 114.7375030517578125 113.15625 110.8000030517578125 113.24375152587890625 118.75 120.6687469482421875 121.36875152587890625 122.75624847412109375 123.43125152587890625 124.41249847412109375 122.78125 121.6125030517578125 120.0187530517578125 115.9187469482421875 108.2312469482421875 101.21250152587890625 96.8125 94.52500152587890625 93.5749969482421875 93.53125 94.30625152587890625 95.2687530517578125 94.19374847412109375 92.7937469482421875 91.40625 88.875 86.55625152587890625 84.09375 81.97499847412109375 80.6687469482421875 79.4875030517578125 77.5749969482421875 75.9562530517578125 74.59999847412109375 73.1687469482421875 73.05625152587890625 72.94374847412109375
117.03749847412109375 116.625 116.0625 114.8249969482421875 115.4375 115.56874847412109375 115.59375 115.9875030517578125 115.8562469482421875 114.28125 123.8937530517578125 128.9250030517578125 129.1687469482421875 128.912506103515625 129.681243896484375 130.53125 129.25 127.74375152587890625 124.94374847412109375 121.8000030517578125 118.4499969482421875 111.53749847412109375 105.21250152587890625 100.6687469482421875 97.90625 96.40625 96.8562469482421875 97.80625152587890625 98.5187530517578125 97.2375030517578125 94.06874847412109375 92.15625 89.90000152587890625 88.74375152587890625 86.71250152587890625 83.1437530517578125 81.5625 79.9812469482421875 79.0749969482421875 77.5812530517578125 74.7687530517578125 74.1374969482421875 72.0437469482421875 70.74375152587890625
