data/historical-monthly-weather-data/wc2.1_cruts4.09_10m_prec_2008-05.asc
ncols        51
nrows        45
xllcorner    -63.500000000000
yllcorner    -7.500000000000
cellsize     0.166666666667
NODATA_value -9999
[rows 20 to 39 of 45, columns 0 to 43 of 51]
239.6374969482421875 250.506256103515625 256.40625 257.73748779296875 258.875 268.01251220703125 273.693756103515625 275.662506103515625 275.70001220703125 272.068756103515625 269.412506103515625 266.54998779296875 258.86248779296875 250.618743896484375 239.118743896484375 230.1687469482421875 217.9875030517578125 215.131256103515625 219.068756103515625 220.2937469482421875 236.4375 252.243743896484375 266.26251220703125 273.618743896484375 277.85626220703125 274.943756103515625 264.42498779296875 260.243743896484375 256.78125 252.9187469482421875 252.3000030517578125 255.556243896484375 253.0625 253.7937469482421875 260.0625 270.506256103515625 278.98126220703125 283.662506103515625 282.75 277.912506103515625 273.10626220703125 265.943756103515625 263.306243896484375 267.20623779296875
227.462493896484375 230.524993896484375 240.149993896484375 248.118743896484375 250.225006103515625 256.1875 264.45623779296875 270.256256103515625 271.61248779296875 269.29998779296875 265.774993896484375 260.23748779296875 252.3874969482421875 243.681243896484375 237.381256103515625 226.681243896484375 226.375 221.96875 224.78125 224.5437469482421875 230.9375 244.506256103515625 257.82501220703125 260.98126220703125 260.181243896484375 262.48748779296875 263.39373779296875 259.10626220703125 262.118743896484375 260.39373779296875 255.212493896484375 250.975006103515625 253.03125 257.03125 258.181243896484375 263.506256103515625 271.82501220703125 276.29376220703125 275.20623779296875 271.443756103515625 268.71875 263.037506103515625 260.14373779296875 261.568756103515625
215.9499969482421875 226 233.7687530517578125 241.149993896484375 243.1999969482421875 248.193756103515625 248.6999969482421875 256.193756103515625 264.506256103515625 263.993743896484375 259.006256103515625 253.0625 249.8000030517578125 242.3562469482421875 236.3874969482421875 228.850006103515625 224.600006103515625 222.9375 223.149993896484375 223.9187469482421875 232.1875 238.274993896484375 248.131256103515625 250.350006103515625 254.9562530517578125 256.15625 253.5749969482421875 256.29998779296875 260.087493896484375 257.256256103515625 250.7375030517578125 250.256256103515625 255.431243896484375 257.868743896484375 260.631256103515625 257.8125 260.975006103515625 267.70623779296875 271.899993896484375 268.41876220703125 263.875 259.631256103515625 256.350006103515625 256.73748779296875
201.337493896484375 213.4187469482421875 223.7687530517578125 228.649993896484375 230.037506103515625 233.1374969482421875 242.899993896484375 248.756256103515625 251.59375 250.931243896484375 249.6687469482421875 250.4562530517578125 246.8625030517578125 243.100006103515625 235.6999969482421875 228.743743896484375 224.4812469482421875 225.006256103515625 226.475006103515625 228.556243896484375 231.818756103515625 237.8000030517578125 243.306243896484375 249.4499969482421875 250.6437530517578125 247.7062530517578125 248.4250030517578125 251.912506103515625 257.66876220703125 260.5 260.925018310546875 261.90625 267.056243896484375 267.5625 267.631256103515625 260.21875 265.693756103515625 268.45001220703125 269.037506103515625 266.51873779296875 260.96875 258.70623779296875 256.54998779296875 253.96875
191.71875 204.1374969482421875 212.118743896484375 219.7375030517578125 222.9499969482421875 227.881256103515625 231.462493896484375 238.1687469482421875 240.506256103515625 242.5124969482421875 241.649993896484375 241.1374969482421875 242.287506103515625 239.193756103515625 232.15625 227.875 226.96875 227.024993896484375 227.0500030517578125 229.21875 234.693756103515625 237.537506103515625 243.850006103515625 247.5437469482421875 248.1125030517578125 252.431243896484375 253.037506103515625 257.381256103515625 262.20001220703125 269.5625 271.493743896484375 278.881256103515625 282.35626220703125 281.29998779296875 274.368743896484375 268.86248779296875 270.337493896484375 266.587493896484375 265.5625 263.243743896484375 259.46875 255.3937530517578125 253.21875 248.056243896484375
186.9499969482421875 200.0500030517578125 202.3000030517578125 208.181243896484375 208.53125 213.03125 216.875 223.2062530517578125 223.712493896484375 223.7937469482421875 230.15625 233.443756103515625 232.787506103515625 232.03125 231.256256103515625 227.7937469482421875 227.475006103515625 227.96875 228.131256103515625 229.131256103515625 234.2062530517578125 236.7062530517578125 242.337493896484375 243.087493896484375 247.381256103515625 251.1750030517578125 258.318756103515625 262.875 267.100006103515625 275.40625 283.743743896484375 298.956268310546875 303.14373779296875 293.45623779296875 282.89373779296875 277.60626220703125 272.34375 268.46875 261.01251220703125 257.625 255.0749969482421875 249.037506103515625 243.975006103515625 241.962493896484375
178.7937469482421875 184.0124969482421875 189.3562469482421875 193.631256103515625 194.743743896484375 199.7125091552734375 203.5437469482421875 206.587493896484375 209.5187530517578125 216.9812469482421875 222.25 223.943756103515625 227.0437469482421875 229.056243896484375 228.8625030517578125 228.3312530517578125 226.524993896484375 225.5625 230.3562469482421875 230.5625 232.681243896484375 236.006256103515625 240.9187469482421875 245.7375030517578125 249.693756103515625 254.1062469482421875 260.631256103515625 265.17498779296875 270.78125 276.60626220703125 289.40625 304.75 314.40625 299.67498779296875 285.125 277.23748779296875 274.79376220703125 267.26251220703125 259.681243896484375 255.9250030517578125 251.818756103515625 245.9562530517578125 241.0625 236.131256103515625
171.46875 172.1062469482421875 176.03125 178.0124969482421875 180.912506103515625 187.0749969482421875 192.0500030517578125 194.006256103515625 199.34375 206.931243896484375 211.8625030517578125 214.850006103515625 219.568756103515625 222.65625 225.0124969482421875 223.0437469482421875 224.693756103515625 228.493743896484375 233.149993896484375 234.5437469482421875 236.0625 236.993743896484375 243.8000030517578125 247.006256103515625 251.537506103515625 254.131256103515625 260.88751220703125 265.23126220703125 271.54376220703125 278.15625 288.33123779296875 299.76873779296875 304.38751220703125 294.212493896484375 285.493743896484375 277.681243896484375 271.443756103515625 267.375 262.024993896484375 254.71875 248.3625030517578125 244.881256103515625 240.274993896484375 236.662506103515625
161.7687530517578125 160.78125 162.5187530517578125 165.006256103515625 167.931243896484375 170.8625030517578125 174.743743896484375 181.2312469482421875 190.256256103515625 195.7312469482421875 201.75 207.537506103515625 212.6875 219.4250030517578125 224.28125 226.9499969482421875 228.837493896484375 230.975006103515625 234.1125030517578125 236.3000030517578125 237.943756103515625 238.149993896484375 242.4562530517578125 245.125 248.9187469482421875 249.2062530517578125 256.056243896484375 262.79998779296875 268.649993896484375 273.225006103515625 281.33123779296875 286.89373779296875 288.21875 283 280.40625 274.193756103515625 269.61248779296875 263.506256103515625 258.3125 251.0437469482421875 241.024993896484375 235.21875 235.662506103515625 237.75
156.931243896484375 154.09375 153.524993896484375 153 154.568756103515625 159.9562530517578125 164.5500030517578125 172.84375 180.40625 185.125 192.625 199.8874969482421875 207.056243896484375 215.6125030517578125 221.350006103515625 225.4562530517578125 228.225006103515625 234.1875 236.03125 235.587493896484375 237.193756103515625 239.274993896484375 242.1750030517578125 242.78125 242.693756103515625 247.5812530517578125 250.193756103515625 252.193756103515625 257.162506103515625 262.01251220703125 268.95001220703125 271.725006103515625 273.0625 272.493743896484375 271.96875 265.48748779296875 266.79376220703125 262.493743896484375 256.024993896484375 254.3937530517578125 248.806243896484375 241.5749969482421875 236.5625 233.7375030517578125
152.53125 147.8312530517578125 145.3562469482421875 145.5187530517578125 147.193756103515625 151.8312530517578125 158.2687530517578125 164.1437530517578125 171.662506103515625 178.350006103515625 185.875 192.65625 203.3125 209.8000030517578125 216.5187530517578125 223.53125 228.9499969482421875 232.818756103515625 236.243743896484375 238.368743896484375 236.568756103515625 236.524993896484375 238.9187469482421875 236.5437469482421875 235.931243896484375 241.993743896484375 242.6437530517578125 242.412506103515625 246.537506103515625 249.625 256.42498779296875 256.774993896484375 258.243743896484375 259.806243896484375 259.85626220703125 254.3562469482421875 256.10626220703125 257.11248779296875 255.787506103515625 252.7375030517578125 252.243743896484375 244.3249969482421875 238.1374969482421875 231.2687530517578125
145.443756103515625 139.806243896484375 137.8625030517578125 138.462493896484375 140.899993896484375 144.2937469482421875 152.1437530517578125 155.7687530517578125 162.756256103515625 169.131256103515625 176.631256103515625 183.287506103515625 193.7375030517578125 204.056243896484375 211.125 219.931243896484375 223.1750030517578125 226.5999908447265625 230.21875 233.1999969482421875 230.4499969482421875 230.6750030517578125 231.662506103515625 230.493743896484375 233.193756103515625 234.649993896484375 234.850006103515625 232.6875 232.625 236.625 238.3125 240.412506103515625 241.399993896484375 243.662506103515625 246.34375 243.625 244.8562469482421875 247.90625 246.8625030517578125 250.318756103515625 250.287506103515625 244.649993896484375 239.568756103515625 236.875
141.0625 136.75 134.537506103515625 135.537506103515625 135.8874969482421875 138.625 144.431243896484375 148.462493896484375 154.9875030517578125 162.5500030517578125 172.8874969482421875 180.1125030517578125 190.006256103515625 201.5 207.806243896484375 213.34375 217.21875 223.0749969482421875 223.774993896484375 226.024993896484375 222.712493896484375 223.850006103515625 223.0500030517578125 223.649993896484375 224.8625030517578125 226.3874969482421875 224.181243896484375 222.3874969482421875 219.7125091552734375 221.443756103515625 223.71875 224.3937530517578125 223.9812469482421875 229.8312530517578125 231.899993896484375 234.056243896484375 232.962493896484375 236.4499969482421875 236.3125 242.75 242.9187469482421875 241.412506103515625 238.53125 238.7687530517578125
137.5124969482421875 133.2375030517578125 132.7312469482421875 132.8312530517578125 133.7375030517578125 135 138.399993896484375 141.087493896484375 146.649993896484375 153.837493896484375 163.225006103515625 174.100006103515625 183.274993896484375 192.71875 200.837493896484375 208.65625 213.8249969482421875 217.8249969482421875 216.3874969482421875 216.1125030517578125 215.943756103515625 217.1125030517578125 216.212493896484375 214.225006103515625 215.131256103515625 214.53125 211.2312469482421875 208.2937469482421875 207.375 208.1062469482421875 209.46875 209.556243896484375 210.59375 213.181243896484375 217.0500030517578125 218.7624969482421875 220.9250030517578125 221.024993896484375 224.993743896484375 229.443756103515625 230.2687530517578125 233.068756103515625 235.631256103515625 237.506256103515625
133.28125 129.90625 129.8937530517578125 130.712493896484375 131.4375 132.03125 132.149993896484375 134.4250030517578125 137.225006103515625 144.4562530517578125 154.7312469482421875 166.149993896484375 178.8874969482421875 190.8000030517578125 198.087493896484375 204.5500030517578125 208.743743896484375 211.9562530517578125 210.3625030517578125 207.15625 206.8625030517578125 205.9375 206.506256103515625 203.931243896484375 203.243743896484375 202.1812591552734375 201.1999969482421875 199.0187530517578125 197.1374969482421875 197.96875 197.193756103515625 196.5437469482421875 195.475006103515625 198.6687469482421875 196.943756103515625 200.375 200.9250030517578125 207.975006103515625 211.8000030517578125 214.662506103515625 216.6062469482421875 217.6999969482421875 221.25 226.3625030517578125
133.006256103515625 130.9875030517578125 129.7312469482421875 129.649993896484375 129.318756103515625 129.2062530517578125 128.1062469482421875 129.837493896484375 132.287506103515625 136.4499969482421875 144.9187469482421875 159.756256103515625 175.1750030517578125 186.0749969482421875 194.381256103515625 199.625 203.1062469482421875 202.837493896484375 202.875 199.068756103515625 198.524993896484375 197.431243896484375 196.7687530517578125 194.818756103515625 192.8125 190.662506103515625 191.875 190.412506103515625 186.381256103515625 186.1062469482421875 185.743743896484375 184.568756103515625 182.90625 181.524993896484375 181.1062469482421875 182.943756103515625 189.9250030517578125 191.818756103515625 195.693756103515625 201.9875030517578125 203.274993896484375 207.493743896484375 209.2937469482421875 213.9250030517578125
133.7062530517578125 132.7062530517578125 131.0625 130.493743896484375 130.4375 128.6875 127.4187469482421875 126.40000152587890625 127.34375 127.1750030517578125 140.100006103515625 161.556243896484375 175.399993896484375 184.443756103515625 190.875 195.1687469482421875 196.3937530517578125 194.818756103515625 194.0500030517578125 188.8625030517578125 188.837493896484375 187.8625030517578125 185.4875030517578125 183.337493896484375 181.600006103515625 181.3874969482421875 180.9375 179.056243896484375 175.681243896484375 175.8000030517578125 176.0124969482421875 175.537506103515625 172.7937469482421875 168.662506103515625 168.506256103515625 172.46875 176.962493896484375 180.881256103515625 183.15625 186.4375 187.8937530517578125 189.618743896484375 196.2312469482421875 201.756256103515625
134.993743896484375 133.8125 133.462493896484375 132.225006103515625 132.65625 131.15625 129.5124969482421875 127.18125152587890625 127.66249847412109375 126.94374847412109375 148.1500091552734375 169.7375030517578125 179.118743896484375 186.243743896484375 189.962493896484375 192.28125 191.875 190.3312530517578125 186.618743896484375 182.84375 179.4375 178.03125 175.693756103515625 173.2687530517578125 171.2312469482421875 170.306243896484375 168.125 170.1062469482421875 168.4812469482421875 166.78125 165.34375 164.8000030517578125 163.1374969482421875 157.9187469482421875 154.7624969482421875 158.71875 164.7687530517578125 167.899993896484375 172.9875030517578125 174.006256103515625 175.96875 178.3874969482421875 179.149993896484375 181.256256103515625
136.006256103515625 134.8312530517578125 134.4499969482421875 134.25 132.8125 132.2375030517578125 132.756256103515625 134.225006103515625 139.6125030517578125 152.0437469482421875 176.6687469482421875 184.037506103515625 184.681243896484375 188.4499969482421875 190.162506103515625 190.7937469482421875 190.149993896484375 187.056243896484375 183.100006103515625 177.375 171.46875 167.09375 165.5187530517578125 164.6812591552734375 161.5500030517578125 160.2312469482421875 160.8625030517578125 162.6875 160.0749969482421875 160.193756103515625 157.0562591552734375 152.71875 152.318756103515625 150.96875 151.7687530517578125 154.006256103515625 156.743743896484375 161.787506103515625 162.25 161.1062469482421875 164.899993896484375 166.3937530517578125 165.46875 168.806243896484375
139.125 137.2937469482421875 137.7937469482421875 137.493743896484375 137.212493896484375 137.1374969482421875 137.3125 143.21875 151.537506103515625 163.7937469482421875 176.6374969482421875 185.306243896484375 186.0187530517578125 187.306243896484375 190.0437469482421875 188.1999969482421875 185.59375 181.2937469482421875 175.712493896484375 170.774993896484375 163.037506103515625 158.431243896484375 153.8125 152.8000030517578125 151.78125 151.743743896484375 151.837493896484375 153.024993896484375 151.5625 151.399993896484375 150.4312591552734375 149.850006103515625 148.8874969482421875 148.90625 149.59375 150.3249969482421875 151.556243896484375 155.3874969482421875 155.1062469482421875 151.0749969482421875 152.524993896484375 153.6750030517578125 151.3874969482421875 151.40625
