data/historical-monthly-weather-data/wc2.1_cruts4.09_10m_prec_2009-10.asc
ncols        51
nrows        45
xllcorner    -63.500000000000
yllcorner    -7.500000000000
cellsize     0.166666666667
NODATA_value -9999
[rows 20 to 39 of 45, columns 0 to 42 of 51]
154.7312469482421875 158.5124969482421875 160.162506103515625 160.6750030517578125 160.2624969482421875 157.875 154.837493896484375 150.2062530517578125 144.4375 136.5812530517578125 127.46250152587890625 116.6062469482421875 106.30625152587890625 96.21875 88.50624847412109375 81.4812469482421875 74.5812530517578125 69.31874847412109375 65.91249847412109375 62.46250152587890625 61.28749847412109375 60.96875 61.168750762939453125 63.875 66.5437469482421875 67.99375152587890625 68.90000152587890625 67.66249847412109375 65.95624542236328125 64.90625 64.78749847412109375 66.7937469482421875 68.2375030517578125 70.34999847412109375 72.9812469482421875 72.40625 71.53125 72.63124847412109375 74.6999969482421875 76.8937530517578125 78.3874969482421875 77.8312530517578125 75.3312530517578125
150.350006103515625 156.6374969482421875 159.75 161.3874969482421875 162.21875 160.8125 158.125 154.3249969482421875 149.4250030517578125 141.037506103515625 130.756256103515625 119.4375 108.97499847412109375 99.72499847412109375 91.3874969482421875 84.21250152587890625 77.77500152587890625 72.19374847412109375 67.7687530517578125 64 61.649997711181640625 60.56874847412109375 60.40000152587890625 62.137500762939453125 63.65625 64.8000030517578125 66.90000152587890625 67.5812530517578125 68.15625 69.1125030517578125 70.46875 72.7375030517578125 73.74375152587890625 75.34999847412109375 76.3249969482421875 76.53749847412109375 75.5500030517578125 75.21250152587890625 76.3125 78.1125030517578125 79.3562469482421875 78.9187469482421875 77.53125
148.2937469482421875 157.181243896484375 161.53125 163.881256103515625 164.3937530517578125 163.2624969482421875 161.2687530517578125 158.7375030517578125 155.6687469482421875 145.850006103515625 134.431243896484375 122.3625030517578125 112.46875 104.0625 95.40000152587890625 87.71875 81.00624847412109375 75.3562469482421875 70.16249847412109375 65.5437469482421875 63.00624847412109375 60.918750762939453125 59.66249847412109375 60.737499237060546875 61.58750152587890625 61.81874847412109375 64.7312469482421875 67.58750152587890625 69.4187469482421875 72.03749847412109375 75.24375152587890625 78.5500030517578125 78.8937530517578125 79.55625152587890625 79.63124847412109375 79.5187530517578125 78.5437469482421875 77.27500152587890625 77.97499847412109375 80.4562530517578125 82.06874847412109375 81.8312530517578125 80.7062530517578125
149.2062530517578125 159.556243896484375 165.681243896484375 167.193756103515625 167.306243896484375 166 163.5812530517578125 161.3562469482421875 157.75 148.337493896484375 136.506256103515625 125.5187530517578125 116.21250152587890625 108.09375 99.625 91.71250152587890625 84.8625030517578125 78.6062469482421875 72.68125152587890625 67.3125 64.2937469482421875 61.862499237060546875 59.53749847412109375 59.924999237060546875 60.106250762939453125 59.668750762939453125 62.206249237060546875 66.4812469482421875 70.61875152587890625 74.8312530517578125 79.1999969482421875 83.15000152587890625 83.46250152587890625 83.3125 83.0437469482421875 83.2624969482421875 82.3937530517578125 80.86875152587890625 81.8874969482421875 83.93125152587890625 85.5749969482421875 85.52500152587890625 84.3312530517578125
155.1999969482421875 164.6750030517578125 171.1125030517578125 170.9875030517578125 170.318756103515625 168.2375030517578125 164.9499969482421875 161.1374969482421875 156.40625 148.6437530517578125 139.0187530517578125 129.21875 120.77500152587890625 113.0124969482421875 104.30625152587890625 96.40625 89.09375 82.21875 75.59999847412109375 69.63124847412109375 65.9499969482421875 62.43125152587890625 59.831249237060546875 59.643749237060546875 59.63124847412109375 59.987499237060546875 63.03125 67.5437469482421875 72.28749847412109375 77.3312530517578125 82.3312530517578125 86.36875152587890625 87.1062469482421875 86.61875152587890625 86.3125 86.18125152587890625 86.0749969482421875 85.84375 86.8125 89.00624847412109375 90.60625457763671875 90.31874847412109375 88.99375152587890625
163.712493896484375 170.806243896484375 173.350006103515625 174.0500030517578125 172.6062469482421875 169.587493896484375 165.5437469482421875 160.8874969482421875 156.1687469482421875 149.756256103515625 140.537506103515625 132.5625 124.8874969482421875 117.65000152587890625 109.36875152587890625 101.22499847412109375 93.8000030517578125 86.1374969482421875 78.9250030517578125 72.30625152587890625 67.9812469482421875 63.762500762939453125 60.50624847412109375 60.168750762939453125 60.25624847412109375 60.90000152587890625 64.80625152587890625 69.41249847412109375 74.38124847412109375 79.90625 84.7687530517578125 89.71250152587890625 90.58750152587890625 89.84999847412109375 89.7062530517578125 89.68125152587890625 89.8562469482421875 90.4812469482421875 92.13124847412109375 94.47499847412109375 96.33750152587890625 96.19374847412109375 94.72499847412109375
176.399993896484375 179.25 179.693756103515625 178.587493896484375 176.03125 172.725006103515625 167.8937530517578125 162.6374969482421875 157.087493896484375 150.21875 143.1125030517578125 136.3625030517578125 129.75 123.1999969482421875 114.75 106.8125 98.7687530517578125 90.9875030517578125 83.21250152587890625 75.9875030517578125 70.96875 65.96875 61.93125152587890625 62.081249237060546875 62.13124847412109375 62.956249237060546875 67.2375030517578125 72.25624847412109375 77.6437530517578125 83.09375 88.63124847412109375 93.0124969482421875 93.71875 92.93125152587890625 92.15000152587890625 92.71250152587890625 93.49375152587890625 94.65000152587890625 97.22499847412109375 100.65000152587890625 103.18125152587890625 103.6437530517578125 102.69374847412109375
189.375 189.568756103515625 187.506256103515625 184.5625 180.431243896484375 176.09375 171.118743896484375 164.8249969482421875 158.756256103515625 152.412506103515625 145.4499969482421875 139.712493896484375 134.5625 128.3312530517578125 120.24375152587890625 112.2937469482421875 104.5 95.84375 87.78749847412109375 80.38124847412109375 74.2937469482421875 68.4562530517578125 64.03749847412109375 63.86875152587890625 64.0812530517578125 65.18125152587890625 70.13124847412109375 75.75 81.05625152587890625 86.44374847412109375 91.625 96.2375030517578125 96.53749847412109375 95.33750152587890625 94.8562469482421875 95.4812469482421875 96.44374847412109375 98.72499847412109375 101.9375 106.55625152587890625 111.18125152587890625 111.7062530517578125 110.09999847412109375
202.225006103515625 200.462493896484375 195.412506103515625 190.8000030517578125 185.243743896484375 179.287506103515625 173 166.6125030517578125 160.662506103515625 154.9375 148.8000030517578125 143.8874969482421875 139.25 133.568756103515625 125.99375152587890625 118.06874847412109375 110.4499969482421875 101.4499969482421875 92.8125 84.91249847412109375 77.90000152587890625 71.4250030517578125 66.2624969482421875 65.9812469482421875 66.30625152587890625 67.71875 73.1125030517578125 79.09375 85.24375152587890625 90.2624969482421875 94.8562469482421875 99.1999969482421875 99.11875152587890625 97.68125152587890625 96.96250152587890625 98.0749969482421875 99.4499969482421875 101.6875 105.06874847412109375 110.18125152587890625 116.0187530517578125 116.71875 115.49375152587890625
211.975006103515625 208.8937530517578125 202.225006103515625 195.125 188.9250030517578125 181.649993896484375 175.3000030517578125 169.337493896484375 164.193756103515625 158.225006103515625 153.037506103515625 148.243743896484375 144.375 139.34375 132.087493896484375 124.9875030517578125 117.1374969482421875 108.49375152587890625 99.4187469482421875 90.65000152587890625 83.40625 76.46250152587890625 70.66249847412109375 70.1125030517578125 70.6999969482421875 72.5 78.0187530517578125 84.0749969482421875 89.88124847412109375 94.27500152587890625 98.50624847412109375 102.18125152587890625 101.78125 100.65000152587890625 99.74375152587890625 100.8125 102.125 104.5625 106.59999847412109375 110.31874847412109375 115.2375030517578125 118.02500152587890625 118.56874847412109375
220.6999969482421875 216.0749969482421875 208.5124969482421875 199.225006103515625 192.2062530517578125 185.7624969482421875 178.9812469482421875 172.8562469482421875 167.5187530517578125 161.78125 157.3312530517578125 153.46875 150.4187469482421875 145.837493896484375 138.618743896484375 132.0187530517578125 125.05625152587890625 115.7687530517578125 106.3625030517578125 97.44374847412109375 89.36249542236328125 81.9499969482421875 75.7062530517578125 75.0500030517578125 75.6750030517578125 77.31874847412109375 82.96250152587890625 89.1437530517578125 94.81874847412109375 98.4187469482421875 102.1374969482421875 105.1062469482421875 104.5625 103.625 102.8000030517578125 103.3562469482421875 104.7687530517578125 107.0812530517578125 107.9875030517578125 108.21875 112.65625 117.3249969482421875 120.4499969482421875
227.131256103515625 221.5 212.2062530517578125 203.6062469482421875 197.412506103515625 189.2375030517578125 182.131256103515625 176.0124969482421875 170.78125 165.6687469482421875 161.3125 158.4562530517578125 155.399993896484375 151.725006103515625 145.9375 139.78125 132.568756103515625 122.6062469482421875 113.6062469482421875 104.44374847412109375 95.8000030517578125 87.81874847412109375 81.25624847412109375 80.3874969482421875 81.1125030517578125 82.59999847412109375 88.2624969482421875 94.50624847412109375 100 103.125 105.9250030517578125 107.8874969482421875 107.33750152587890625 106.71250152587890625 105.5187530517578125 106.1374969482421875 107.5124969482421875 109.4562530517578125 109.11875152587890625 109.56874847412109375 113.97499847412109375 118.8874969482421875 122.03749847412109375
229.318756103515625 223.0875091552734375 214.475006103515625 207.2375030517578125 200.506256103515625 192.375 184.8562469482421875 178.2375030517578125 173.056243896484375 168.6750030517578125 167.15625 164.25 162.4187469482421875 160.056243896484375 154.506256103515625 148.2062530517578125 140.7062530517578125 130.912506103515625 121.55625152587890625 112.40000152587890625 103.78125 95.84999847412109375 89.1687469482421875 88.53749847412109375 89.0625 90.3937530517578125 95.78125 101.50624847412109375 106.6875 109.375 111.18125152587890625 112.40625 110.7937469482421875 110.125 109.7375030517578125 110.93125152587890625 111.75624847412109375 112.44374847412109375 112.2062530517578125 114.34375 118.06874847412109375 121.6750030517578125 124.6999969482421875
229.037506103515625 223.4250030517578125 216.5749969482421875 210.368743896484375 203.0187530517578125 195.15625 187.3937530517578125 180.6875 174.78125 171.100006103515625 169.3125 169.6750030517578125 170.462493896484375 167.5437469482421875 162.943756103515625 156.681243896484375 149.40625 139.806243896484375 129.693756103515625 120.84999847412109375 112.30625152587890625 104.4250030517578125 97.86875152587890625 96.75624847412109375 97.46250152587890625 98.7062530517578125 103.43125152587890625 108.75 113.74375152587890625 115.4499969482421875 116.65625 117.34999847412109375 116.0187530517578125 114.5 114.41249847412109375 115.25 115.5437469482421875 115.83750152587890625 116.25624847412109375 118.375 120.53125 123.46875 126.84999847412109375
228.15625 223.6062469482421875 216.9499969482421875 211.787506103515625 205.0500030517578125 197.193756103515625 189.1875 182.6437530517578125 175.59375 172.0124969482421875 171.7624969482421875 174.337493896484375 177.375 176.8249969482421875 171.0437469482421875 164.9499969482421875 158.087493896484375 148.381256103515625 138.4124908447265625 129.0500030517578125 120.9499969482421875 113.00624847412109375 106.625 105.27500152587890625 105.84375 106.9875030517578125 111.5437469482421875 116.8312530517578125 121.3312530517578125 121.94374847412109375 122.0124969482421875 122.25 120.75624847412109375 119.66249847412109375 118.8312530517578125 118.6999969482421875 118.5749969482421875 119.58750152587890625 119.88124847412109375 120.94374847412109375 122.3625030517578125 124.19374847412109375 127.1750030517578125
224.2624969482421875 220.2062530517578125 215.193756103515625 209.662506103515625 203.806243896484375 196.9375 189.024993896484375 182.125 174.7687530517578125 170.3937530517578125 171.8312530517578125 176.431243896484375 181.7624969482421875 182.2062530517578125 177.756256103515625 171.9875030517578125 165.2312469482421875 156.3125 146.90625 137.756256103515625 130.3125 123.11875152587890625 116.3937530517578125 115.1999969482421875 115.59999847412109375 116.3874969482421875 120.28125 125.05625152587890625 128.993743896484375 129.21875 128.4562530517578125 127.9250030517578125 126.21250152587890625 125.3625030517578125 123.7375030517578125 122.46250152587890625 123.1125030517578125 123.0437469482421875 122.9499969482421875 123.31874847412109375 124.41249847412109375 125.91249847412109375 126.88124847412109375
220.0749969482421875 216.725006103515625 212.431243896484375 207.7937469482421875 202.7375030517578125 196.15625 188.7375030517578125 181.774993896484375 173.5749969482421875 166.806243896484375 170.506256103515625 180.4875030517578125 185.2312469482421875 185.1687469482421875 182.6125030517578125 178.2312469482421875 171.868743896484375 163.78125 154.6875 145.881256103515625 138.9499969482421875 132.1875 126.4187469482421875 124.9812469482421875 125.08750152587890625 125.9187469482421875 129.149993896484375 133.3937530517578125 137.1875 136.6062469482421875 135.412506103515625 133.65625 132.556243896484375 131.5 128.8625030517578125 127.8937530517578125 127.4375 127.13124847412109375 126.3562469482421875 125.7312469482421875 125.9250030517578125 125.84375 126.7312469482421875
215.8874969482421875 213.3125 209.506256103515625 205.6999969482421875 201.6750030517578125 195.837493896484375 190.368743896484375 184.15625 176.6812591552734375 168.3312530517578125 177.9437408447265625 188.431243896484375 190.6374969482421875 190.1750030517578125 187.78125 183.975006103515625 177.993743896484375 170.475006103515625 162.3000030517578125 153.743743896484375 147.087493896484375 140.350006103515625 135.0250091552734375 133.5187530517578125 134.0500030517578125 134.96875 137.4250030517578125 141.1999969482421875 144.524993896484375 143.65625 141.2687530517578125 139.524993896484375 138.4250030517578125 136.850006103515625 134.712493896484375 132.53125 131.8625030517578125 130.4375 129.8000030517578125 128.9187469482421875 127.1437530517578125 127.02500152587890625 126.50624847412109375
210.931243896484375 208.4250030517578125 205.568756103515625 202.287506103515625 198.662506103515625 193.8562469482421875 189.524993896484375 186.662506103515625 183.2375030517578125 185.59375 196.6125030517578125 197.78125 195.681243896484375 193.868743896484375 191.868743896484375 188.3874969482421875 182.8249969482421875 175.8000030517578125 167.631256103515625 160.2062530517578125 153.1875 146.774993896484375 142.0500030517578125 140.4812469482421875 140.2312469482421875 141.34375 143.7687530517578125 147.225006103515625 149.837493896484375 148.975006103515625 147.8125 146.1750030517578125 144.4562530517578125 142.5625 141.412506103515625 139.8625030517578125 137.71875 136.0749969482421875 135.056243896484375 132.2312469482421875 130.6125030517578125 130.1374969482421875 128.975006103515625
206.337493896484375 204.087493896484375 201.9250030517578125 199.350006103515625 195.90625 193.0187530517578125 189.6875 189.243743896484375 189.274993896484375 193.368743896484375 199.131256103515625 201.337493896484375 200.631256103515625 198.3874969482421875 196.556243896484375 192.649993896484375 187.6125030517578125 181.243743896484375 173.306243896484375 165.587493896484375 158.8499908447265625 152.5749969482421875 147.8125 146.15625 146.5187530517578125 147.2687530517578125 149.3000030517578125 152.537506103515625 154.993743896484375 154.618743896484375 153.53125 153.087493896484375 152.662506103515625 150.712493896484375 149.75 147.149993896484375 144.0187530517578125 141.774993896484375 140.46875 136.350006103515625 133.7375030517578125 133.25 131.7937469482421875
